2020-07-05 15:52:25

Books with rating >= 9.0 and votes >= 1000. 
Total number: 1739 

ID, rating, votes, title
04913064, 9.4, 496363, 活着
01007305, 9.6, 291042, 红楼梦
01084336, 9.0, 576391, 小王子
03259440, 9.1, 460123, 白夜行
06082808, 9.2, 294332, 百年孤独
03066477, 9.3, 222488, 三体Ⅱ
10554308, 9.1, 271828, 白夜行
05363767, 9.2, 214933, 三体Ⅲ
27614904, 9.2, 192306, 房思琪的初恋乐园
01068920, 9.3, 158188, 飘
04820710, 9.3, 147726, 1984
01200840, 9.0, 251222, 平凡的世界（全三部）
01082154, 9.1, 190767, 活着
01019568, 9.3, 121930, 三国演义（全二册）
01041007, 9.1, 170746, 哈利·波特与魔法石
01361264, 9.0, 186346, 撒哈拉的故事
10594787, 9.0, 184150, 霍乱时期的爱情
25985021, 9.1, 131475, 人类简史
01858513, 9.0, 134897, 月亮和六便士
01071241, 9.0, 131691, 哈利·波特与阿兹卡班的囚徒
01040211, 9.2, 92010, 福尔摩斯探案全集（上中下）
04908885, 9.0, 129108, 局外人
02035179, 9.2, 90861, 动物农场
01046209, 9.2, 88812, 安徒生童话故事集
01009257, 9.0, 125995, 哈利·波特与火焰杯
01255625, 9.1, 102565, 天龙八部
01054685, 9.1, 100616, 沉默的大多数
01060068, 9.2, 79280, 撒哈拉的故事
06781808, 9.2, 77065, 杀死一只知更鸟
03674537, 9.1, 87603, 明朝那些事儿（1-9）
01061118, 9.1, 86497, 活着
01829226, 9.1, 85254, 肖申克的救赎
02295163, 9.0, 100618, 哈利·波特与死亡圣器
01085860, 9.0, 100504, 基督山伯爵
01254588, 9.0, 100293, 城南旧事
01827374, 9.0, 96591, 东方快车谋杀案
06518605, 9.4, 49302, 三体全集
01002299, 9.0, 88383, 笑傲江湖（全四册）
01474773, 9.5, 38590, 海贼王
11524204, 9.3, 51846, 围城
06710437, 9.3, 50243, 撒哈拉的故事
01209899, 9.1, 59102, 我与地坛
01043008, 9.0, 69436, 格林童话全集
01044547, 9.0, 64600, 射雕英雄传（全四册）
24531956, 9.7, 21874, 哈利•波特
01204889, 9.5, 28536, 机器猫哆啦A梦23
10564071, 9.2, 45127, 白鹿原
01221515, 9.5, 28453, 灌篮高手31
01003479, 9.2, 42965, 中国历代政治得失
01082387, 9.3, 35127, 一九八四·动物农场
02035162, 9.0, 54949, 刀锋
25924253, 9.0, 53682, 嫌疑人X的献身
01336330, 9.3, 32523, 冰与火之歌（卷一）
01002898, 9.2, 37767, 父与子全集
01858576, 9.3, 31332, 一九八四
01795079, 9.2, 36542, 乡土中国
01205054, 9.0, 49758, 悲惨世界（上中下）
04760224, 9.0, 46909, 许三观卖血记
04117922, 9.0, 46237, 嫌疑人X的献身
26986954, 9.0, 45426, 新名字的故事
04123116, 9.1, 38113, 月亮和六便士
03808982, 9.3, 27241, 动物庄园
10517238, 9.0, 42252, 平凡的世界
30172069, 9.1, 35609, 失踪的孩子
05414391, 9.0, 41446, 寻路中国
20424526, 9.2, 29771, 邓小平时代
01203426, 9.0, 39975, 人间词话
20440644, 9.1, 33942, 文学回忆录（全2册）
19958089, 9.0, 39719, 我们仨
03523041, 9.1, 32234, 平凡的世界（全三册）
05299764, 9.4, 20462, 1984
07060185, 9.0, 37365, 江城
03239549, 9.2, 26736, 夹边沟记事
01027191, 9.0, 36494, 历史深处的忧虑
03576486, 9.1, 31019, 小狗钱钱
03162991, 9.6, 14952, 艺术的故事
01389960, 9.3, 22830, 七龍珠 34
01077847, 9.5, 16866, 史记（全十册）
26672693, 9.0, 34586, 一个叫欧维的男人决定去死
01014578, 9.1, 28785, 我的精神家园
26879778, 9.3, 20694, 杀死一只知更鸟
01855364, 9.2, 23984, 围城
01401841, 9.0, 32396, 傲慢与偏见
01883245, 9.4, 17398, 诗经
01092335, 9.0, 31543, 教父
01467022, 9.2, 22463, 上帝掷骰子吗
07163250, 9.2, 21814, 明朝那些事儿
01102403, 9.7, 10583, 机器猫哆啦A梦（共45册）
01069848, 9.0, 27895, 围城
05350303, 9.3, 17511, 活着
01856494, 9.4, 14922, 卡拉马佐夫兄弟
06789605, 9.1, 23032, 树上的男爵
06709783, 9.0, 26417, 浪潮之巅
03815131, 9.4, 14553, 一九八四
01013267, 9.4, 14446, 唐诗三百首
24257229, 9.1, 22274, 鼠疫
01213945, 9.6, 10842, 红楼梦
05910656, 9.2, 18797, 我与地坛
03406401, 9.0, 25394, 悉达多
01464203, 9.4, 14006, 冰与火之歌（卷二）
21371175, 9.2, 18567, 罗杰疑案
26576861, 9.0, 25105, 最好的告别
04188697, 9.0, 24790, 子不语 1-2
01986291, 9.5, 12005, 冰与火之歌（卷三）
01018136, 9.1, 21044, 动物庄园
01337297, 9.6, 10344, 篮球飞人
10543300, 9.3, 15531, 月刊少女野崎くん 01
03183775, 9.3, 15289, 四世同堂
25829693, 9.0, 23589, 永恒的终结
03604517, 9.3, 14971, 撒哈拉的故事
01059258, 9.4, 12584, 道德经精义
01981042, 9.1, 19312, 万历十五年（增订本）
03261600, 9.2, 16395, 人生的智慧
23008971, 9.1, 18807, 平如美棠
26953606, 9.1, 18790, 人类简史
03410718, 9.2, 16135, 美的历程
04908879, 9.4, 12153, 动物农场
01915958, 9.4, 11914, 野草
11622283, 9.2, 15210, 滚蛋吧!肿瘤君
01474842, 9.1, 17583, NANA（1-13）
01052990, 9.0, 20374, 草房子
20470917, 9.1, 17372, 深夜食堂 01
02035171, 9.0, 19998, 人生的枷锁
04934332, 9.2, 14838, 子不语3
25762009, 9.1, 16798, 教父
10471333, 9.0, 19491, 叫魂
01760432, 9.3, 12579, 受戒
01483894, 9.4, 10924, 三国演义
03665874, 9.0, 19293, 星空
01858410, 9.0, 19288, 万历十五年
02068211, 9.3, 12326, 撒哈拉的故事
05038409, 9.0, 18880, 金色梦乡
01046492, 9.3, 12141, 國史大綱（上下）
24257486, 9.1, 15983, 局外人
01119839, 9.1, 15864, 王尔德童话
01433640, 9.3, 11920, 猜猜我有多爱你
25826936, 9.5, 9098, 冰与火之歌
24380577, 9.1, 15733, 平凡的世界
01028409, 9.4, 10262, 中国少年儿童百科全书（全四册）
05337254, 9.1, 15615, 孽子
01789837, 9.0, 18068, 射雕英雄传
10522856, 9.0, 17872, 冬牧场
01028842, 9.1, 15399, 经济学原理（上下）
02068249, 9.1, 15377, 温柔的夜
01258490, 9.2, 13199, 基地
01476651, 9.0, 17645, 社会心理学
01922216, 9.2, 13061, 全球通史(上)
10555509, 9.0, 17458, 看不见的城市
26276775, 9.0, 17370, 异乡人
04881639, 9.0, 17339, 傲慢与偏见
03719533, 9.4, 9781, 经济学原理
03693974, 9.4, 9536, 小王子
01003078, 9.2, 12311, 小王子
26362836, 9.0, 16319, 献给阿尔吉侬的花束
01803022, 9.0, 15958, 圣经
01014561, 9.1, 13711, 古文观止
24745649, 9.2, 11886, 围城
01880831, 9.2, 11738, 基督山伯爵（上下册）
01253310, 9.0, 15520, 人间草木
03057333, 9.1, 13365, 城南旧事
03578470, 9.0, 15399, 德米安
01949420, 9.4, 8761, 孙子兵法
03518332, 9.0, 15184, 绿毛水怪
01088711, 9.1, 12921, 霸王别姬
01964774, 9.1, 12791, 论语
10757938, 9.1, 12667, 半生缘
03883991, 9.3, 9579, 动物农场
01776683, 9.0, 14345, 沉默的大多数
01139360, 9.3, 9371, 毛泽东选集 第一卷
02361768, 9.3, 9335, 爷爷变成了幽灵
01036613, 9.0, 14142, 茶馆
01858568, 9.1, 12192, 罪与罚
25884880, 9.0, 14058, 我不知道该说什么，关于死亡还是爱情
20428302, 9.1, 12109, 失明症漫记
20381804, 9.4, 8037, 冰与火之歌·卷五·魔龙的狂舞（全三册）
27064488, 9.4, 8001, 活着
25976544, 9.2, 10313, 故事
27110861, 9.4, 7885, 銀魂#01
06861664, 9.0, 13604, 白鹿原
04881850, 9.1, 11571, 阿勒泰的角落
01257365, 9.0, 13333, 活了100万次的猫
27204805, 9.2, 9921, 那不勒斯故事四部曲
01062343, 9.2, 9835, 昨日的世界
01014825, 9.0, 13030, 我也有一个梦想
02160226, 9.2, 9794, 快乐王子
02046236, 9.4, 7501, 庄子
03311253, 9.0, 12967, 额尔古纳河右岸
02253380, 9.2, 9725, 安娜·卡列尼娜
03210843, 9.2, 9722, 冰与火之歌·卷四·群鸦的盛宴（全两册）
01021615, 9.1, 11161, 小王子（中英文对照本）
01941301, 9.3, 8454, 365夜故事（上下）
02025999, 9.8, 4547, 灌篮高手（全31卷）
26757680, 9.0, 12688, 面纱
26980487, 9.4, 7292, 悉达多
01474688, 9.1, 10880, 機器娃娃(1)
01559310, 9.0, 12539, 鹿鼎记
01083474, 9.2, 9429, 飘（全二册）
06964050, 9.4, 7209, 冰与火之歌·卷一·权力的游戏（全三册）
05437113, 9.1, 10731, 窗边的小豆豆
01440468, 9.0, 12361, 漩涡
01675478, 9.1, 10683, 天朝的崩溃
25818441, 9.4, 7121, 1984
10583099, 9.1, 10610, 全球通史
10488620, 9.5, 6246, 冰与火之歌·卷二·列王的纷争（全三册）
01986590, 9.1, 10567, 小王子
05952488, 9.0, 12161, 亲密关系
03054821, 9.2, 9155, 渴望生活
27002046, 9.1, 10506, 美丽新世界
01937357, 9.4, 6989, 萤火之森
03610681, 9.2, 9096, 海子诗全集
01765512, 9.1, 10365, 海的女儿
01007928, 9.1, 10314, 美国纽约摄影学院摄影教材（上）
01440972, 9.2, 8944, 博尔赫斯小说集
02160556, 9.1, 10182, 十万个为什么
26734559, 9.2, 8840, 棋王·树王·孩子王
01922246, 9.2, 8772, 全球通史(下)
01084165, 9.0, 11422, 平凡的世界
25887924, 9.7, 4570, 卡拉马佐夫兄弟
30445437, 9.5, 5813, DEPART
26357614, 9.1, 9766, 海风中失落的血色馈赠
20470916, 9.1, 9736, 深夜食堂 02
01102715, 9.1, 9665, 从一到无穷大
26210487, 9.0, 11118, 强风吹拂
02158463, 9.2, 8360, 小王子
01424314, 9.4, 6416, 1984
10608468, 9.6, 4998, 冰与火之歌·卷三·冰雨的风暴（全三册）
26803714, 9.2, 8310, 人性的枷锁
01291204, 9.4, 6395, 哥德尔、艾舍尔、巴赫
01418297, 9.2, 8258, 蜂蜜與四葉草 1
07065521, 9.0, 10798, 银河帝国：基地
01061803, 9.2, 8157, 西游记
01017749, 9.4, 6215, 乱世佳人(上、下)
03673671, 9.1, 9229, 梦里花落知多少
27054340, 9.2, 8040, 一个叫欧维的男人决定去死
30471298, 9.2, 8015, 2001：太空漫游
01364773, 9.0, 10564, 鋼之鍊金術師 1
01476213, 9.4, 6171, 中國近代史（上冊）
02046909, 9.2, 7960, 故事新编
03131626, 9.0, 10391, 荒原狼
01915170, 9.2, 7854, 小王子
01064841, 9.1, 8976, 绿山墙的安妮
06558707, 9.0, 10214, 梦里花落知多少
10434849, 9.3, 6767, 中国历代政治得失
04071859, 9.4, 5920, 我在伊朗长大
06964047, 9.4, 5895, 冰与火之歌（卷一）
26641665, 9.1, 8725, 切尔诺贝利的悲鸣
01263399, 9.0, 9915, 无人生还
01036684, 9.3, 6600, 现代汉语词典（修订本）
01258489, 9.3, 6586, 第二基地
02158684, 9.1, 8588, 象棋的故事
26389895, 9.5, 5056, 银河帝国：基地七部曲
20501147, 9.3, 6493, 中国哲学简史
02328458, 9.1, 8440, 社会性动物
02039931, 9.1, 8358, 小王子
26695174, 9.1, 8338, 灯塔
25737043, 9.1, 8253, 霸王别姬
01214416, 9.4, 5574, 福尔摩斯探案全集
02218216, 9.5, 4918, 金庸作品集
03283983, 9.3, 6311, 乡土中国
01073708, 9.0, 9436, 牡丹亭
03465080, 9.0, 9435, 好妈妈胜过好老师
20507206, 9.1, 8199, 众病之王
02046807, 9.5, 4881, 飘
20470913, 9.1, 8143, 深夜食堂 03
01791390, 9.2, 7066, Hunter X Hunter
01001896, 9.2, 7049, 新华字典（1998年修订本）
11229072, 9.4, 5441, 中国历代政治得失
01261560, 9.0, 9204, 国富论
01041385, 9.2, 6975, 论美国的民主
01045926, 9.1, 7964, 傲慢与偏见
01419841, 9.0, 9133, 神秘的魔法石
01459623, 9.4, 5376, 20世紀少年01
02076623, 9.5, 4751, 金刚经
04230237, 9.1, 7873, 设计中的设计 | 全本
01026035, 9.1, 7779, 你看起来好像很好吃
01180108, 9.1, 7775, 恐怖宠物店1
01071794, 9.0, 8869, 魔戒（第三部）
01258491, 9.2, 6696, 基地与帝国
01452610, 9.2, 6664, 蟲師 (1)  アフタヌーンKC (255)
01836555, 9.5, 4564, 史记
03151596, 9.2, 6601, 活着
01424313, 9.3, 5792, Animal Farm
01464989, 9.1, 7461, 围城
26657570, 9.0, 8529, 活着为了讲述
10549934, 9.1, 7434, 悉达多
01370274, 9.3, 5695, Level E
10774752, 9.0, 8487, 毛姆短篇小说精选集
01442720, 9.5, 4432, 鲁迅全集（2005最新修订版）
03091368, 9.1, 7366, 白鹿原
27107109, 9.4, 4980, 百年孤独
26253699, 9.1, 7324, 台北人
01922977, 9.4, 4974, 父与子
01340758, 9.3, 5634, Harry Potter and the Sorcerer&#39;s Stone
06434486, 9.2, 6395, 上帝掷骰子吗？
25897657, 9.5, 4379, 悲惨世界
01082582, 9.0, 8325, 天龙八部（全五册）
27154246, 9.9, 2764, 助张继科成就大满贯
30137806, 9.9, 2758, 红楼梦
23774518, 9.3, 5545, 1984
10604915, 9.2, 6277, 银河帝国3：第二基地
01004088, 9.0, 8159, 长袜子皮皮
01012307, 9.2, 6229, 规训与惩罚
20470914, 9.1, 7088, 深夜食堂 04
01419736, 9.4, 4810, MONSTER-怪物-02
01059112, 9.1, 7027, 百年孤独
01760548, 9.2, 6126, 三毛作品集
02042982, 9.5, 4179, 七龙珠
01883991, 9.4, 4702, 王小波全集
01950809, 9.6, 3699, 红楼梦
27133274, 9.0, 7883, 孩子们的诗
03673672, 9.1, 6839, 温柔的夜
30473909, 9.1, 6819, OPUS 作品
26854318, 9.1, 6790, 现代艺术150年
06313461, 9.1, 6771, 月亮和六便士
25961458, 9.3, 5220, 大问题
01144185, 9.1, 6735, 美国宪政历程
25709685, 9.6, 3591, 守望者（上）
04826530, 9.1, 6676, 我亲爱的甜橙树
01139336, 9.4, 4549, C程序设计语言
02340609, 9.1, 6662, 2001太空漫游
26697350, 9.1, 6632, 极简宇宙史
01115748, 9.2, 5812, 故事
03697494, 9.1, 6551, 洞穴奇案
03095638, 9.2, 5719, 同級生
01784153, 9.4, 4438, 安徒生童话
27184303, 9.0, 7416, 遥远的向日葵地
01885170, 9.3, 4993, 算法导论（原书第2版）
26685994, 9.0, 7391, 给青年诗人的信
02065597, 9.4, 4401, 浪客行 (Vol. 01)
03719531, 9.3, 4976, 经济学原理
25752955, 9.0, 7360, 来自新世界 （上下）
10758290, 9.4, 4373, 东晋门阀政治
04275017, 9.1, 6376, 骆驼祥子
06009029, 9.3, 4920, 三體 Ⅱ
27053166, 9.7, 3050, 红楼梦
01136881, 9.3, 4886, 悲惨世界
01418999, 9.2, 5543, 银河英雄传说
01255500, 9.2, 5540, 动物农场
04238162, 9.4, 4307, 昨日的世界
02334065, 9.4, 4306, 塔希里亚故事集
26585065, 9.4, 4299, 亲密关系
01483522, 9.3, 4843, 365夜
01830445, 9.1, 6251, 阿城精选集
21979017, 9.5, 3783, 魔戒
26344078, 9.0, 7110, 夜莺与玫瑰
26997048, 9.1, 6203, 撒哈拉的故事
20440053, 9.5, 3766, 南京大屠杀
03532347, 9.6, 3350, 金庸全集
02258034, 9.3, 4776, 乡土中国
26627837, 9.2, 5415, 罗生门
03901880, 9.0, 7041, 沉默的大多数
01187842, 9.0, 7034, 你一生的故事
02043313, 9.2, 5388, 妖怪連絡簿 1
04759840, 9.7, 2953, Merriam-Webster&#39;s Vocabulary Builder
04237548, 9.3, 4723, 平凡的世界（全三册）
01431870, 9.0, 6972, 源泉
01005358, 9.3, 4704, 寻找家园
01004699, 9.0, 6896, 作为意志和表象的世界
01014914, 9.5, 3664, 英语魔法师之语法俱乐部
02360269, 9.4, 4122, タッチ 完全版（1）
26435510, 9.5, 3622, 雕刻时光
01212910, 9.3, 4605, 笑傲江湖（全四册）
03297466, 9.3, 4599, 我的团长我的团（上部）
06152040, 9.1, 5937, 维特根斯坦传
03544376, 9.1, 5806, 顾城的诗 顾城的画
26706730, 9.0, 6594, 肠子的小心思
20395476, 9.2, 5064, 乡土中国
07065529, 9.0, 6574, 银河帝国2：基地与帝国
04908883, 9.0, 6564, 荒原狼
01369777, 9.0, 6551, NANA 12
11628196, 9.4, 3936, 冰与火之歌·卷四·群鸦的盛宴（全三册）
26901114, 9.2, 5033, 中国国家治理的制度逻辑
03228668, 9.3, 4433, 上帝掷骰子吗
27070488, 9.3, 4429, 围城
27112607, 9.0, 6455, 白夜行
01006639, 9.3, 4382, 蜡笔小新（全32册）
06531656, 9.3, 4341, 麒麟之与子同袍
01053088, 9.3, 4331, 陶庵梦忆 西湖梦寻
02253381, 9.3, 4326, 战争与和平（全四册）
21570668, 9.3, 4309, 会饮篇
01883992, 9.0, 6337, 黄金时代
01066165, 9.3, 4306, 卡尔维诺文集（第三卷）
03511129, 9.4, 3792, 我的团长我的团（下部）
04745950, 9.3, 4259, 第二性Ⅱ
02263077, 9.4, 3767, 福尔摩斯探案集（一）
01014763, 9.3, 4234, 三国志（全五册）
25941890, 9.1, 5442, 海伯利安
05408882, 9.0, 6195, 公正
01072295, 9.4, 3718, 資治通鑑（全二十冊）
26598807, 9.0, 6102, 人鼠之间
25907864, 9.6, 2920, 守望者（下）
03025618, 9.4, 3678, 我们的祖先
01000534, 9.2, 4695, 中国少年儿童百科全书
03270617, 9.3, 4145, 我与地坛
26413154, 9.2, 4673, 李光耀观天下
01021990, 9.3, 4126, 唐诗鉴赏辞典
01482200, 9.0, 6041, 我的精神家园
03698398, 9.0, 6035, 万水千山走遍
01084080, 9.1, 5286, 平凡的世界（全三册）
01009789, 9.5, 3236, 道德经
01091203, 9.2, 4644, 少年凯歌
10759466, 9.2, 4636, 地下室手记
25935941, 9.4, 3625, 天朝的崩溃（修订版）
01438816, 9.1, 5254, 给青年诗人的信
26907961, 9.4, 3613, Born a Crime
06878068, 9.2, 4611, 深夜食堂 01
25897884, 9.1, 5221, 13 67
05333562, 9.7, 2545, 深入理解计算机系统（原书第2版）
04878745, 9.3, 4034, 动物农场
25798623, 9.3, 4027, 1984
01081422, 9.0, 5902, 卡夫卡小说全集（全三册）
26666533, 9.5, 3173, 梵高手稿
01418058, 9.1, 5164, 小径分岔的花园
25893465, 9.1, 5160, 万历十五年
21346636, 9.5, 3140, 三毛典藏全集
26861418, 9.5, 3119, 奥斯维辛
01815640, 9.1, 5067, 王小波全集（第一卷 杂文）
02026211, 9.0, 5774, 士兵突击
06313496, 9.5, 3107, 卡拉马佐夫兄弟
02376570, 9.3, 3935, 浪漫的逃亡
26418475, 9.2, 4452, 逃避自由
01455812, 9.2, 4433, Pride and Prejudice
01292409, 9.1, 5024, 人生的智慧
01147193, 9.1, 5020, 世说新语
25796049, 9.0, 5721, 沙之书
05993310, 9.1, 5011, 直捣蜂窝的女孩
25717151, 9.2, 4411, 基督山伯爵（上下）
02136133, 9.0, 5695, 万水千山走遍
01427538, 9.4, 3440, 《父与子》全集
01467519, 9.9, 1984, 世界童话名著连环画
01212908, 9.1, 4978, 神雕侠侣（全四册）
02251434, 9.0, 5674, 被爱路过
04275058, 9.2, 4382, 茶馆
01477390, 9.3, 3857, 代码大全（第2版）
27180479, 9.2, 4327, 奥古斯都
10779650, 9.2, 4322, 追忆似水年华
03034480, 9.4, 3380, 圣经
01767741, 9.2, 4300, C++ Primer 中文版（第 4 版）
01325507, 9.0, 5554, 江村经济
01470625, 9.2, 4288, 西游记（全三册）
01010464, 9.0, 5544, 古汉语常用字字典
06397522, 9.3, 3785, 论自由
25891318, 9.0, 5490, 1453
02669319, 9.1, 4795, Flipped
30330181, 9.0, 5459, 棋王
04714015, 9.0, 5438, 万物既伟大又渺小
10529412, 9.2, 4201, 深夜食堂 06
01762527, 9.1, 4758, 飞鸟集
04038673, 9.0, 5416, 络新妇之理（下）
30163860, 9.1, 4753, 绿毛水怪
01030200, 9.0, 5382, 失落的一角遇见大圆满
01370897, 9.2, 4153, The Little Prince
03013624, 9.1, 4709, 棋王.樹王.孩子王
02067269, 9.4, 3249, MONSTER-怪物-01
06952036, 9.1, 4679, 对伪心理学说不
25867570, 9.4, 3235, 人生的智慧
23780875, 9.1, 4657, 深夜食堂 05
01310228, 9.2, 4100, 乡土中国 生育制度
26435630, 9.6, 2545, 经济学原理(第7版)
01878265, 9.1, 4602, 安徒生童话
03111270, 9.4, 3182, 一九八四
04186113, 9.5, 2828, 卒業生−春−  ＥＤＧＥＣＯＭＩＸ
04238144, 9.2, 4004, 岁朝清供
01040382, 9.0, 5168, 人间词话手稿本全编
25742211, 9.2, 3991, 上帝掷骰子吗?
01073744, 9.0, 5146, 四世同堂（上下）
20441569, 9.3, 3512, 被淹没和被拯救的
01135537, 9.1, 4490, 福尔摩斯探案集
11525217, 9.1, 4471, 银河帝国4：基地前奏
01005660, 9.1, 4465, 雕刻时光
01230413, 9.5, 2760, 深入理解计算机系统
02165063, 9.2, 3924, 纳尔齐斯与歌尔德蒙
26253695, 9.1, 4444, 孽子
10794792, 9.3, 3468, 受戒
01456831, 9.0, 5043, GTO Vol. 1
30125030, 9.1, 4363, 天生有罪
01823349, 9.0, 4943, Happy Birth Day
01540211, 9.5, 2685, 丁丁历险记（共22本）
01015864, 9.0, 4920, 惶然录
26863404, 9.1, 4313, 美丽新世界
06969074, 9.4, 2978, 天龙八部
04186109, 9.5, 2635, 卒業生−冬− ＥＤＧＥＣＯＭＩＸ
02029680, 9.5, 2629, 资治通鉴
01039389, 9.0, 4794, 新概念英语（3）
01468602, 9.2, 3718, 围城
03003032, 9.3, 3286, 浪漫主义的根源
02212371, 9.1, 4184, 先知
01337303, 9.0, 4743, 笑傲江湖
03990022, 9.2, 3669, 美国纽约摄影学院摄影教材（上册）
01291197, 9.3, 3248, Harry Potter and the Philosopher&#39;s Stone
01473895, 9.1, 4128, 白夜行
26989242, 9.1, 4122, 有匪2
03673771, 9.0, 4669, 项塔兰
03448867, 9.0, 4666, 采桑子
02278402, 9.3, 3213, 小王子
25887912, 9.3, 3205, 罪与罚
02052049, 9.0, 4641, 海伯利安
01039427, 9.0, 4629, 围城
06712407, 9.0, 4615, 巴黎评论·作家访谈Ⅰ
01006967, 9.4, 2827, 宋词三百首
01337171, 9.6, 2254, 五月天之素人自拍
01467239, 9.1, 4038, 铳梦
25796122, 9.3, 3163, 阿莱夫
03597031, 9.1, 4019, 杀死一只反舌鸟
02253402, 9.1, 4015, 罪与罚
01017149, 9.5, 2495, 红楼梦（上下）
30236335, 9.0, 4534, 切尔诺贝利的祭祷
01595910, 9.5, 2479, 机器猫哆啦A梦1
01996678, 9.4, 2776, 乱世佳人
26292535, 9.0, 4501, 帷幕
02240120, 9.8, 1790, 灌籃高手完全版 1
01083433, 9.3, 3099, 悲惨世界（全三册）
11528306, 9.1, 3947, 银河帝国5：迈向基地
03043562, 9.4, 2748, 飘
26888402, 9.1, 3921, 城南旧事
01542939, 9.8, 1770, 哈尔罗杰历险记(全套共14册)
25900384, 9.1, 3904, 不能承受的生命之轻
05332948, 9.0, 4431, 這些人，那些事
05248516, 9.2, 3432, 改变心理学的40项研究
10759773, 9.2, 3430, 深夜食堂 07
25902942, 9.0, 4400, 文明之光（第一册）
04099464, 9.3, 3033, 一九八四
04049269, 9.5, 2412, 狐狸的窗户
01484655, 9.2, 3409, Happy.Birth.Day
01312997, 9.0, 4374, 香初上舞·终上
06964051, 9.5, 2403, 冰与火之歌（卷一）
03930318, 9.1, 3847, 超越时空
06973805, 9.4, 2686, 冰与火之歌（卷一）
04201317, 9.6, 2146, 美语音标
01361263, 9.0, 4356, 哭泣的駱駝
02031604, 9.0, 4339, 离婚
02130190, 9.1, 3816, Java编程思想 （第4版）
04832584, 9.3, 2984, 笑傲江湖
01059503, 9.1, 3802, 爱心树
07059682, 9.2, 3356, 深夜食堂 05
01082271, 9.1, 3794, 射雕英雄传（全四册）
06114392, 9.2, 3353, 奈良美智横滨手稿
02062557, 9.3, 2973, 地狱变
01982427, 9.1, 3785, 大明王朝1566
01148282, 9.5, 2359, 计算机程序的构造和解释(原书第2版)
01287865, 9.5, 2359, 老子
01393218, 9.2, 3326, 大明宫词
07064370, 9.2, 3323, 罗马人的故事2
01059969, 9.5, 2347, 艺术的故事
01536907, 9.2, 3318, 金刚葫芦娃
06511362, 9.0, 4250, 我们时代的神经症人格
01270150, 9.3, 2933, 风与树的歌
01216737, 9.0, 4235, 纯粹理性批判
01121460, 9.3, 2926, 基督山伯爵(上下)
04822685, 9.2, 3285, 编码
02129427, 9.0, 4197, 三毛从军记全集
25796061, 9.1, 3697, 杜撰集
02213272, 9.4, 2578, 1984
01416964, 9.3, 2891, H2 好逑雙物語 32
25773575, 9.2, 3249, 哈姆雷特
04882023, 9.2, 3235, 万物既聪慧又奇妙
01320282, 9.1, 3649, 什么是数学
01880986, 9.2, 3228, 悲惨世界（上下）
02032964, 9.2, 3225, 正红旗下
06730371, 9.4, 2550, 麒麟之生死與共
01793807, 9.0, 4129, 火盃的考驗
10945834, 9.4, 2548, 蝙蝠侠：黑暗骑士归来
06018916, 9.0, 4126, 许三观卖血记
01122105, 9.4, 2544, 飘（上下）
02032141, 9.0, 4121, 陈寅恪魏晋南北朝史讲演录
01234963, 9.1, 3628, 傲慢与偏见（英文本）
07007241, 9.3, 2850, 2001：太空漫游
04012128, 9.0, 4087, 星空
06079389, 9.2, 3181, 我与地坛
01840859, 9.6, 2019, 心经
25837845, 9.5, 2244, 战争与和平
01341752, 9.2, 3168, Harry Potter And The Chamber Of Secrets
06534897, 9.3, 2806, 寻找家园（增订版）
01071227, 9.0, 4032, 大问题
26848740, 9.3, 2788, 认识电影：全彩插图第12版
24738302, 9.2, 3134, 浪潮之巅（第2版）（套装上下册）
01276930, 9.0, 3998, 香初上舞·再上
25746578, 9.2, 3120, 大英博物馆世界简史（全3册）
02243615, 9.2, 3109, Head First 设计模式（中文版）
01818426, 9.3, 2762, 教父
01608298, 9.6, 1971, 灌篮高手1
01926289, 9.3, 2751, 三国志
26855315, 9.4, 2449, 冒险小虎队
01077492, 9.0, 3949, 大师和玛格丽特
02148992, 9.2, 3084, 亮剑
01851955, 9.3, 2738, 唐诗三百首
04832665, 9.2, 3070, 草房子
06878070, 9.3, 2716, 深夜食堂 02
01351678, 9.0, 3908, 夏宇詩集／Salsa
01076330, 9.1, 3426, 奥狄浦斯王
01048610, 9.0, 3876, 小王子
11528307, 9.0, 3876, 银河帝国6：基地边缘
20376604, 9.1, 3407, 源泉
26061406, 9.1, 3401, 小狗钱钱
25883305, 9.1, 3400, 阿拉伯的劳伦斯
06890451, 9.3, 2675, 外天楼
04843456, 9.4, 2383, 金刚经·心经
02215160, 9.2, 2985, 神秘岛（全三册）
01534951, 9.0, 3817, 逃避自由
11530078, 9.6, 1898, 经济学原理
03114952, 9.1, 3360, 漩渦2
02161700, 9.4, 2356, 乱世佳人
01001924, 9.3, 2640, 三国演义
25957852, 9.4, 2351, 精灵宝钻
01774227, 9.6, 1889, 脂砚斋重评石头记庚辰校本
01393447, 9.1, 3335, 忧郁的热带
03114953, 9.2, 2951, 漩渦3
25912076, 9.2, 2943, 叫魂
01036397, 9.1, 3319, 全本新注聊斋志异（全三册）
01009273, 9.2, 2934, 三毛流浪记（全集）
25982252, 9.0, 3745, 蝙蝠侠：致命玩笑
03284547, 9.1, 3305, 文心
01072316, 9.2, 2923, 古代汉语（第一册）
01082578, 9.0, 3734, 理想国与哲人王
01823751, 9.0, 3734, 中国近代史
01255326, 9.0, 3729, 新月集·飞鸟集
01007952, 9.4, 2313, 蓝熊船长的13条半命
05406563, 9.3, 2590, 一九八四
30218241, 9.1, 3282, 建筑师
06533042, 9.2, 2907, 南明史
26728835, 9.4, 2305, 动物农场
25810506, 9.1, 3277, 史蒂夫·乔布斯传（修订版）
30116399, 9.5, 2054, 跨越边界的社区（修订版）
05038752, 9.2, 2890, 谈美
01108762, 9.3, 2563, 诗经
03003477, 9.2, 2876, 虚构集
25982198, 9.4, 2282, 社会心理学
26418524, 9.0, 3669, 万历十五年
25953676, 9.3, 2551, 草房子
02213061, 9.0, 3663, My Way 2
01788421, 9.4, 2275, UNIX环境高级编程
01082147, 9.0, 3658, 热爱生命
03810699, 9.0, 3657, 水浒传
01461583, 9.3, 2544, 火鳳燎原 1
27156306, 9.2, 2855, 现实不似你所见
05327690, 9.0, 3632, 浮生六记
02213059, 9.0, 3631, My Way 1
26427703, 9.2, 2832, 三体2
26879324, 9.1, 3194, 怦然心动
01039460, 9.0, 3616, 美国纽约摄影学院摄影教材（下）
02747765, 9.0, 3612, 中国古代文化常识
02005705, 9.1, 3190, 唐宋词十七讲
06313524, 9.0, 3611, 人生的枷锁
21360827, 9.0, 3600, 朱生豪情书全集
01150503, 9.2, 2817, 资本论（第一卷）
01869144, 9.1, 3173, 经济学原理（第4版）
01436713, 9.0, 3584, 青铜时代
27150656, 9.1, 3156, Call Me by Your Name
11601199, 9.1, 3144, 人间词话
04240543, 9.5, 1983, 一九八四
30277179, 9.1, 3135, 打开一颗心
26710670, 9.4, 2209, 呐喊
03048059, 9.7, 1602, 龙珠(全42册)
01398441, 9.2, 2778, 汪曾祺散文
01417385, 9.0, 3543, 博尔赫斯诗选
03200760, 9.5, 1975, 悲惨世界
02141139, 9.0, 3530, 欧亨利短篇小说精选
01045466, 9.3, 2455, 一九八四
23780881, 9.1, 3108, 深夜食堂 08
26829016, 9.1, 3102, Python编程
26826605, 9.1, 3101, 加缪手记
01433477, 9.4, 2182, 史记
26304954, 9.6, 1757, 存在主义心理治疗
06730832, 9.4, 2176, 麒麟之快意人生
27140237, 9.5, 1946, 四世同堂
06896252, 9.5, 1943, 麒麟之兵天血地
01756614, 9.4, 2165, Word Power Made Easy
01769765, 9.2, 2722, 我在伊朗长大1
01393724, 9.1, 3066, 楚辞
01761759, 9.0, 3460, 超越死亡
01089049, 9.4, 2151, 莎士比亚全集（全8册）
11602265, 9.1, 3048, 羊道·前山夏牧场
03044579, 9.1, 3045, Call Me by Your Name
04889838, 9.1, 3043, 鸟哥的Linux私房菜
06558202, 9.0, 3439, 容忍与自由
01125026, 9.3, 2395, 毛泽东选集 第二卷
01812215, 9.1, 3030, 银河英雄传说VOL.1 黎明篇
10546125, 9.3, 2379, JavaScript高级程序设计（第3版）
26647054, 9.3, 2373, 小王子（纯美珍藏绘本）
01822857, 9.0, 3396, 王小波全集（第二卷 杂文）
01050465, 9.0, 3395, 浮生六记
01068337, 9.7, 1538, 红楼梦
02381748, 9.2, 2657, 金刚经 心经 坛经
01473278, 9.3, 2364, 福尔摩斯探案全集（上中下）
01076378, 9.1, 2988, 传统十论
26285194, 9.3, 2357, 故事新编
25898626, 9.7, 1530, 鲁迅全集
25737822, 9.3, 2349, 银河帝国12：机器人与帝国
01041993, 9.2, 2635, 中国少年儿童百科全书
01810785, 9.4, 2096, 唐诗三百首
03410709, 9.2, 2632, 中国哲学简史
01916451, 9.2, 2630, 金瓶梅
05913472, 9.3, 2336, 蒋勋细说红楼梦
01344161, 9.3, 2335, Harry Potter and the Goblet of Fire
01851058, 9.1, 2949, 约翰·克利斯朵夫（共四册）
04132801, 9.1, 2948, 城南旧事
01485731, 9.6, 1679, 原动画基础教程
01083089, 9.4, 2082, 博尔赫斯全集
01139980, 9.3, 2322, 四書章句集注
27008303, 9.1, 2933, 不成问题的问题
03054373, 9.2, 2600, 荷西 我爱你
11602263, 9.1, 2927, 羊道·深山夏牧场
06110110, 9.2, 2598, 社会契约论
03007268, 9.3, 2312, 传习录
01937228, 9.3, 2309, 百年孤独
01123663, 9.1, 2914, 傲慢与偏见
04908886, 9.1, 2912, 金蔷薇
26717137, 9.2, 2581, 故事
03723829, 9.4, 2048, 福尔摩斯探案全集
04864832, 9.3, 2285, 为什么学生不喜欢上学?
21349346, 9.1, 2878, 坂本ですが? 1
01005354, 9.2, 2555, 逻辑哲学论
27598133, 9.0, 3245, 以你的名字呼喚我
01055128, 9.1, 2863, 传奇(上下)
25891321, 9.0, 3225, 海洋帝国
26377063, 9.5, 1810, 魏晋之际的政治权力与家族网络
02008724, 9.1, 2847, 百年孤独
01441326, 9.5, 1800, A Game of Thrones
27141102, 9.2, 2516, 许三观卖血记
03339812, 9.3, 2239, 木心作品八种
01961808, 9.3, 2234, 呐喊
33396515, 9.0, 3189, 罗生门
27093935, 9.2, 2506, 慢煮生活
01287864, 9.4, 1994, 庄子
03464389, 9.1, 2808, 大淖记事
03643270, 9.2, 2493, 新千年文学备忘录
02350079, 9.1, 2806, 婆娑罗
01818583, 9.1, 2805, 斯·茨威格中短篇小说选
01050870, 9.3, 2220, 三毛经典作品（上下）
04120475, 9.3, 2216, 加缪全集 （小说卷）
04893870, 9.5, 1775, 飘（上下）
03143537, 9.4, 1978, 津巴多普通心理学
26939269, 9.0, 3154, 只是孩子
06435891, 9.7, 1439, 飘
26925171, 9.3, 2203, 大明王朝1566
05332713, 9.0, 3142, 人间是剧场
03089661, 9.1, 2779, 永远永远爱你
03714244, 9.6, 1584, 十日后
01963325, 9.2, 2457, 教父
02379322, 9.4, 1959, 福尔摩斯探案集（三）
01277275, 9.2, 2453, 学术与政治
01311280, 9.0, 3118, 灵魂的事
01440553, 9.1, 2754, 淘氣小親親01
01433835, 9.2, 2439, The Elements of Style
01436586, 9.1, 2735, 你真好
01092168, 9.1, 2727, 追忆似水年华（上下册）
03774884, 9.1, 2721, 子猫絮语
02146279, 9.0, 3070, 心灵的焦灼
01032431, 9.0, 3068, 卡尔维诺文集（第五卷）
10553760, 9.0, 3067, 时光电影院
01291201, 9.3, 2152, Harry Potter and the Prisoner of Azkaban
01132550, 9.4, 1919, 宋词鉴赏辞典
03024282, 9.1, 2701, 傲慢与偏见
03163104, 9.3, 2139, 变化社会中的政治秩序
25712811, 9.4, 1910, 世界电影史（第二版）
02791877, 9.2, 2393, One Billion Customers
01444077, 9.3, 2129, 汪曾祺小说经典
01102876, 9.0, 3030, 草房子
04098263, 9.2, 2382, 论语译注
01454687, 9.0, 3024, 政府论（下篇）
25757313, 9.8, 1255, 红楼梦脂评汇校本
03719342, 9.3, 2111, 乡土中国
07067916, 9.2, 2362, 施瓦辛格健身全书
27065388, 9.3, 2101, 陆犯焉识
25769962, 9.1, 2645, 春雪
01024062, 9.6, 1518, 卡拉马佐夫兄弟
20390695, 9.0, 2984, 银河帝国8：我，机器人
01437852, 9.5, 1682, 费恩曼物理学讲义（第1卷）
26469245, 9.6, 1510, 松风
11639625, 9.1, 2620, 深夜食堂 09
02295912, 9.0, 2955, 佩德罗·巴拉莫
26738729, 9.2, 2326, 沉默的大多数
05336428, 9.1, 2614, 吉祥纹莲花楼终篇之青龙·白虎
01066558, 9.4, 1853, 卡拉马佐夫兄弟（上下）
01436716, 9.1, 2606, 黄金时代 白银时代
06952772, 9.2, 2316, 深夜食堂 03
01047751, 9.3, 2066, 牛津高阶英汉双解词典(第四版)
25887933, 9.5, 1659, 白痴
02042633, 9.0, 2934, 金蔷薇
01181379, 9.5, 1658, 牛津高阶英汉双解词典 （第六版）
03202110, 9.0, 2925, 世界一初恋    ~小野寺律の場合~
01060383, 9.2, 2301, 中国少年儿童百科全书
01357483, 9.2, 2299, 空之境界（上）
20395460, 9.2, 2299, 江村经济
01965464, 9.2, 2298, 毛毛
01008729, 9.1, 2583, 朋友刀刀
01052241, 9.0, 2907, 设计模式
01051943, 9.2, 2288, 尼各马可伦理学
01344160, 9.4, 1825, Harry Potter and the Prisoner of Azkaban
25756725, 9.0, 2893, 月亮與六便士
02043396, 9.0, 2881, 超合金社团（1、2）
02045811, 9.0, 2880, 张国荣的时光
01891870, 9.0, 2878, 蹦蹦跳跳的仙太郎(1)
02245468, 9.3, 2023, 南京浩劫
20503529, 9.2, 2264, 古拉格：一部历史
01319910, 9.2, 2263, 华夏意匠
20390101, 9.1, 2543, 深夜食堂 10
01024468, 9.1, 2542, 金锁记
34879050, 9.1, 2540, 清明上河图密码6
02084893, 9.2, 2257, 舒克和贝塔历险记
03289274, 9.1, 2531, 万历十五年
06003067, 9.5, 1616, 未来ちゃん
01322358, 9.0, 2849, 费马大定理
02025235, 9.1, 2521, 顾准文集
10466059, 9.1, 2516, 射雕英雄传（全4册）
26602467, 9.0, 2836, 我是女兵，也是女人
06125543, 9.1, 2513, 北方的空地
27194720, 9.2, 2233, 追寻逝去的时光·第一卷：去斯万家那边
01310673, 9.3, 1988, 遥远的野玫瑰村
01317857, 9.1, 2497, 牡丹亭
01559296, 9.1, 2496, 成功者的肖像
02165076, 9.0, 2814, 玻璃球游戏
01034922, 9.0, 2805, 莎士比亚喜剧悲剧集
01051919, 9.3, 1968, 庄子今注今译（全三册）
01180105, 9.3, 1964, 恐怖宠物店(2)
25708312, 9.4, 1756, C++ Primer 中文版（第 5 版）
06792270, 9.0, 2778, 佩德罗·巴拉莫
01777678, 9.4, 1753, 笑傲江湖
27615361, 9.5, 1573, 昨日的世界
27172839, 9.0, 2768, 苏菲的世界
01033163, 9.2, 2184, 老子注译及评介
04097161, 9.1, 2450, 肖申克的救赎
01036446, 9.0, 2759, 诗学
25745773, 9.5, 1564, 呐喊
20494401, 9.2, 2174, 费马大定理
01420734, 9.2, 2172, 飲水詞箋校
02066374, 9.2, 2170, 返璞归真
01258488, 9.0, 2735, 基地前传2·迈向基地（上下）
03108835, 9.0, 2734, 让爱点亮
03016590, 9.3, 1928, 大众传播理论
01408193, 9.2, 2153, To Kill a Mockingbird
01410555, 9.4, 1721, 20世紀少年18
02015357, 9.1, 2413, 王小波全集（第六卷）
11614508, 9.0, 2717, 流言
04903265, 9.1, 2404, 亲爱的提奥
01088418, 9.1, 2396, 死屋手记
02137767, 9.2, 2133, 霸王别姬
30288379, 9.1, 2388, 有呀有呀书店
04127574, 9.1, 2386, 受戒
01013457, 9.1, 2385, 给一个青年诗人的十封信
20279673, 9.4, 1700, 福尔摩斯探案全集（全七册）
05355492, 9.0, 2685, 蒋勋说红楼梦（第二辑）
01848193, 9.3, 1894, PLUTO 001
01048930, 9.0, 2683, 联邦党人文集
22883503, 9.1, 2378, 夜航西飞
01088054, 9.2, 2116, TCP/IP详解 卷1：协议
25935944, 9.2, 2116, 查拉图斯特拉如是说
25897707, 9.1, 2362, 沈从文的后半生
26908211, 9.1, 2362, 鼠疫
01205076, 9.2, 2094, 悲惨世界（上中下）
01261842, 9.2, 2093, 基督山伯爵
26394018, 9.3, 1868, 生活与命运
01970845, 9.4, 1666, 野草
26974262, 9.4, 1665, 小王子
05395162, 9.0, 2620, 天人五衰
03154624, 9.3, 1848, 一九八四 动物农场
25867057, 9.2, 2067, 安娜·卡列尼娜
01474343, 9.1, 2320, 手绢上的花田
23780880, 9.1, 2318, 深夜食堂 07
27140882, 9.2, 2063, 伊凡·伊里奇之死
01089991, 9.1, 2315, 期货市场技术分析
27662713, 9.3, 1843, 舆论
01081144, 9.3, 1841, 古詩源
01357739, 9.3, 1840, 空之境界（下）
02379314, 9.4, 1647, 福尔摩斯探案集（二）
01399992, 9.0, 2596, 天渊
04903692, 9.1, 2302, 东京梦华录
02148363, 9.4, 1644, 烙印戰士 1
06533041, 9.3, 1832, 纳尔齐斯和歌尔德蒙
01863010, 9.2, 2047, 银河英雄传说VOL.2 野望篇
01015104, 9.4, 1641, 陶渊明集
01582541, 9.3, 1828, 樱桃小丸子（全20册）
06073019, 9.0, 2582, 斐多
01136074, 9.0, 2581, 呼兰河传
01262979, 9.2, 2040, 基度山伯爵（上下）
01017795, 9.6, 1325, 隋唐制度渊源略论稿 唐代政治史述论稿
01055304, 9.6, 1325, 中国历史地图集（全八册）
01292412, 9.1, 2281, 叔本华思想随笔
01315213, 9.0, 2568, 中国文化要义
03091122, 9.1, 2278, 百鬼夜行抄1 [東立]
25822104, 9.2, 2028, 第二性（合卷本）
01828090, 9.2, 2026, River Town
20366368, 9.1, 2263, 公正
03337017, 9.4, 1616, 塔希里亚故事集Ⅱ
26912767, 9.8, 1077, 深入理解计算机系统（原书第3版）
26775078, 9.0, 2543, 非人哉
01769767, 9.3, 1797, 我在伊朗长大2
01180106, 9.3, 1796, 恐怖宠物店(3)
26658395, 9.2, 2008, 政治学通识
24882289, 9.1, 2253, 机器人短篇全集
04131380, 9.1, 2252, 忧郁的热带
01019817, 9.3, 1794, 战争与和平（上下）
01236999, 9.6, 1305, The  C Programming Language
04082434, 9.3, 1788, 穿墙透壁
02002914, 9.2, 1999, 皮皮鲁和鲁西西全传
26323163, 9.3, 1784, 共产党宣言
19974161, 9.5, 1440, 月刊少女野崎くん 02
26354440, 9.0, 2515, 野蛮大陆
01082182, 9.0, 2514, 魔戒（第三部）
05410174, 9.1, 2232, 万物刹那又永恒
10529543, 9.1, 2227, 蝙蝠侠：第一年
03003258, 9.2, 1983, 阿莱夫
03260831, 9.0, 2498, 上学记
11533585, 9.5, 1427, 动物庄园
05030403, 9.1, 2215, 子不語 2
26275572, 9.2, 1973, 奥克诺斯
01912993, 9.2, 1972, 海蒂
01257217, 9.1, 2210, 时间简史
02377310, 9.2, 1967, C专家编程
01949485, 9.0, 2483, 消失中的江城
03111269, 9.2, 1966, 动物农场
01873569, 9.3, 1758, 郑渊洁童话全集(33卷)
04987594, 9.2, 1963, 小王子
05372471, 9.2, 1963, 党员、党权与党争
01152495, 9.3, 1751, 白鹦鹉的森林
20395185, 9.3, 1750, 一九八四
01000888, 9.0, 2467, 論語譯註
01919644, 9.3, 1747, Ｊの総て　１
34451656, 9.2, 1952, 呼兰河传
03132477, 9.1, 2188, 城南旧事
26324832, 9.1, 2179, 西线无战事
02076577, 9.3, 1733, 聊斋志异
03854850, 9.5, 1398, 阿拉蕾全集
01174701, 9.5, 1395, 红楼梦
01224279, 9.2, 1929, 中国法律与中国社会
02123287, 9.4, 1549, 小熊宝宝绘本（全15册）
02267648, 9.2, 1928, 天堂之吻
01929825, 9.4, 1546, 农民进城防骗手册
01849409, 9.1, 2158, 易经
10808988, 9.0, 2424, 重返狼群
26874446, 9.1, 2152, 社会学的想象力
24715669, 9.0, 2421, 少数派报告
01032967, 9.2, 1916, 说文解字
01433572, 9.3, 1712, 随风而来的玛丽阿姨
04237837, 9.0, 2414, 月亮忘记了
01156424, 9.0, 2411, 罐头小人
02003111, 9.2, 1910, 格林童话
06712512, 9.8, 1025, 脂砚斋评石头记（上下）
03717819, 9.0, 2403, 明朝那些事兒 肆
01271510, 9.5, 1378, 棒球英豪（21-26）
26278433, 9.1, 2132, 遍地风流
06310946, 9.1, 2130, 公正
02343288, 9.4, 1524, 中国少年儿童百科全书（文化艺术）
03904329, 9.4, 1524, 基督山伯爵
01003694, 9.1, 2125, 中国少年儿童百科全书
26616226, 9.3, 1696, 小王子
01015547, 9.1, 2119, 平凡的世界(全三册)
01002375, 9.5, 1364, 红楼梦
01748848, 9.5, 1364, 飘
02334419, 9.0, 2376, 葫芦兄弟
20433554, 9.2, 1883, 关山夺路
02069606, 9.2, 1881, 皮皮鲁和鲁西西
27619602, 9.2, 1879, 娜塔莎之舞
26545308, 9.4, 1508, 南京大屠杀
02343270, 9.3, 1674, 中国少年儿童百科全书（科学技术）
10519369, 9.3, 1674, 万物生光辉
26698223, 9.2, 1869, 永恒的时光之旅
05062697, 9.2, 1868, 基督山伯爵（上、下）
01315844, 9.2, 1867, 古拉格群岛（上中下）
03227098, 9.1, 2087, 编程珠玑
01180100, 9.3, 1666, 恐怖宠物店(5)
10590165, 9.4, 1492, 聆听音乐
01034066, 9.1, 2079, 加缪文集
10439392, 9.1, 2079, 风沙星辰
10541074, 9.2, 1852, 罗马人的故事5
01030503, 9.2, 1851, 东晋门阀政治
06952773, 9.2, 1850, 深夜食堂 04
01393884, 9.5, 1340, Sherlock Holmes
25777432, 9.1, 2071, 罗马人的故事（礼品装，全15册）
05958737, 9.1, 2067, 尤利西斯
01053009, 9.3, 1651, 游叙弗伦 苏格拉底的申辩 克力同
27186298, 9.1, 2065, 平凡的世界
11629131, 9.2, 1842, 李鸿章传
01767310, 9.0, 2321, 黄金时代 黑铁时代
02061116, 9.5, 1334, Pattern Recognition and Machine Learning
10781730, 9.1, 2062, 深夜食堂 08
05253759, 9.2, 1836, 中国哲学简史
01457542, 9.3, 1641, 芥川龙之介全集
05344534, 9.0, 2309, 额尔古纳河右岸
01812011, 9.0, 2308, 佛教的见地与修道
26771878, 9.2, 1831, 中国通史
04737478, 9.3, 1639, 银河英雄传说-全十册
01014903, 9.5, 1326, 脂砚斋重评石头记甲戌校本
01024846, 9.2, 1824, 所罗门王的指环
01424693, 9.5, 1322, 下課後，怪獸家點名
26390937, 9.0, 2297, 猎魔人2：宿命之剑
26774038, 9.3, 1632, 1984
01439441, 9.0, 2296, 伯罗奔尼撒战争史
25897678, 9.0, 2287, 包法利夫人
01082233, 9.1, 2033, 平凡的世界
01072126, 9.1, 2030, 我是霸王龙
01044994, 9.3, 1622, 鲁迅全集(1)
10608472, 9.6, 1185, 冰与火之歌·卷三·冰雨的风暴（中）
04212367, 9.7, 1074, 灌篮高手十日后画册
20283570, 9.2, 1807, 所罗门王的指环
02281861, 9.1, 2024, 世说新语
01491317, 9.1, 2023, 皮皮鲁和罐头小人
23780878, 9.0, 2273, 深夜食堂 06
01252057, 9.0, 2271, 1844年经济学哲学手稿
04714156, 9.2, 1802, 夜莺与玫瑰
26919445, 9.2, 1801, 骆驼祥子
01152745, 9.1, 2017, 花香小镇
01474736, 9.0, 2267, 鲁迅杂文全集
10488617, 9.3, 1608, 冰与火之歌·卷二·列王的纷争（上）
01064223, 9.0, 2259, 夹边沟记事
01769769, 9.2, 1792, 我在伊朗长大3
26126183, 9.2, 1791, 哈利·波特与魔法石（纪念版）
01436862, 9.4, 1440, バガボンド (20)
26427705, 9.0, 2244, 三体3
03908903, 9.3, 1595, Fate/Zero Vol.4 [炼狱之炎]
26292550, 9.0, 2239, 悉达多
04016689, 9.1, 1992, 王小波全集（第一卷 杂文）
01088805, 9.1, 1987, 中国古典园林分析
01199026, 9.0, 2231, 小王子
03015357, 9.1, 1985, 美しいこと 上
01016845, 9.2, 1772, 史努比黄金50年
01091904, 9.2, 1771, 丰饶之海（上下）
27071421, 9.0, 2228, 爱你就像爱生命（精装全彩珍藏）
25711628, 9.0, 2223, 棋王 树王 孩子王
26388289, 9.6, 1159, 经济学原理(第7版)
06749832, 9.0, 2220, 复杂
02379319, 9.4, 1420, 福尔摩斯探案集（四）
06311230, 9.4, 1419, 秦汉魏晋史探微
04075203, 9.2, 1760, 鼠族（一、二部）
10608470, 9.5, 1277, 冰与火之歌·卷三·冰雨的风暴（上）
03908784, 9.1, 1966, Fate/Zero Vol.1 [第四次圣杯战争秘话]
02009191, 9.2, 1755, Harry Potter and the Deathly Hallows
02969420, 9.5, 1274, 抵岸
01917417, 9.2, 1754, 银河英雄传说VOL.3 雌伏篇
03717808, 9.1, 1964, 明朝那些事兒 參
03898484, 9.3, 1570, 哈利·波特与阿兹卡班囚徒
02209776, 9.5, 1270, 竹光侍 1
02255873, 9.1, 1957, 局外人 鼠疫
03338216, 9.4, 1406, 猜猜我有多爱你
27054715, 9.5, 1267, 荒野之歌
03245212, 9.4, 1405, 叔本华思想随笔
01873723, 9.1, 1953, 傲慢与偏见
04766921, 9.0, 2192, 解体概要
01055347, 9.1, 1948, 中国史纲
02170983, 9.1, 1948, 苏格拉底的申辩
10488616, 9.4, 1401, 冰与火之歌·卷二·列王的纷争（中）
01088164, 9.0, 2186, 傲慢与偏见
01457778, 9.1, 1943, 人性的枷锁
01877969, 9.1, 1942, 经济学原理（第4版）
06003716, 9.0, 2179, 蒋勋说红楼梦（第三辑）
01254942, 9.2, 1732, 黄帝内经
26915894, 9.1, 1939, 双城记
02042338, 9.3, 1550, 银河英雄传说VOL.5 风云篇
04219728, 9.5, 1255, 塔希里亚故事集Ⅲ
11632564, 9.0, 2172, 蝙蝠侠：缄默
01039079, 9.0, 2168, 写在人生边上 写在人生边上的边上 石语
01920550, 9.3, 1539, 圣经
26021455, 9.5, 1246, 中国古代文化常识（插图修订第4版）
26304087, 9.1, 1918, 孩子：挑战
03323311, 9.0, 2153, 从文自传
01769773, 9.2, 1712, 我在伊朗长大4
01891015, 9.5, 1244, 三国演义（共两册）
02983683, 9.3, 1533, 经济学
02065208, 9.2, 1710, 女神的圣斗士
02973081, 9.2, 1707, 浪漫的逃亡
10590856, 9.0, 2142, 统计学习方法
01091224, 9.3, 1524, 基度山恩仇记
02986026, 9.0, 2134, 沉默的大多数
26389897, 9.6, 1116, 银河帝国：机器人五部曲
06509455, 9.3, 1520, 动物庄园
01762096, 9.4, 1365, 百年孤独
01467587, 9.0, 2128, UNIX编程艺术
01433192, 9.1, 1894, 普通语言学教程
01418053, 9.2, 1691, 思考少年1
26796536, 9.0, 2123, 身体从未忘记
01999519, 9.2, 1689, 三毛全集
01499186, 9.4, 1360, MONSTER-怪物-18
01119204, 9.3, 1509, 撒哈拉的故事
01793990, 9.0, 2110, 早晨从中午开始
10608473, 9.6, 1103, 冰与火之歌·卷三·冰雨的风暴（下）
03393172, 9.5, 1217, 哈利.波特-(珍藏版)(全七册)
04146127, 9.6, 1101, 春秋左传注（全四册）
01180099, 9.3, 1497, 恐怖宠物店(4)
01700474, 9.3, 1496, The Little Prince
03908880, 9.3, 1496, Fate/Zero Vol.3 [凋零的战士们]
01014385, 9.0, 2096, 新概念英语（4）
26699448, 9.0, 2096, When Breath Becomes Air
01009739, 9.3, 1494, 海子诗全编
02361442, 9.1, 1864, 骨の音
20416178, 9.5, 1212, 囀る鳥は羽ばたかない 1
01240002, 9.1, 1861, C Primer Plus
04736014, 9.1, 1860, 快乐王子
01099975, 9.3, 1489, 小王子
20258505, 9.4, 1338, 规训与惩罚(修订译本)(第4版)
01006781, 9.0, 2083, 七缀集
01410157, 9.4, 1337, 现代汉语词典（第5版）
06391328, 9.0, 2081, 踮脚张望2
03590768, 9.1, 1853, JavaScript语言精粹
01921597, 9.0, 2079, 大学·中庸
10282439, 9.0, 2078, 白鹿原
30438790, 9.5, 1204, 罪与罚
03908795, 9.2, 1654, Fate/Zero Vol.2 [王者们的狂宴]
26587232, 9.4, 1334, 动物庄园
02080914, 9.4, 1333, 银河英雄传说VOL.8 乱离篇
01125283, 9.0, 2074, 莎士比亚悲剧集
03191229, 9.0, 2072, 金瓶梅词话（全两册）
01229923, 9.0, 2071, 重构
02043828, 9.4, 1330, 银河英雄传说
26710671, 9.4, 1328, 彷徨
25912106, 9.3, 1474, 万尼亚舅舅·三姊妹·樱桃园
06872620, 9.5, 1195, 孔乙己
03612285, 9.3, 1471, 憂鬱な朝 (1)
01449957, 9.2, 1640, 烙印勇士1
01933479, 9.0, 2055, 小灵通漫游未来
26602756, 9.3, 1466, 读
01485961, 9.6, 1076, 红楼梦
01451270, 9.1, 1825, 纪伯伦诗集
33455762, 9.6, 1075, 你好小朋友复刻版
25733467, 9.1, 1818, V字仇杀队
24862771, 9.2, 1625, 熔炉
01974029, 9.4, 1310, 坟
10488618, 9.4, 1310, 冰与火之歌·卷二·列王的纷争（下）
01107841, 9.1, 1814, 战国策
02143016, 9.1, 1814, 我，机器人
05214656, 9.3, 1452, 1984
01769237, 9.6, 1067, Verbal Advantage
01003079, 9.5, 1175, 红楼梦
01203363, 9.1, 1798, 中国小说史略
27091427, 9.3, 1442, 樱桃的滋味
02971668, 9.2, 1604, 平凡的世界（全本）
03787127, 9.2, 1601, 人间词话
26905337, 9.0, 2008, 檀香刑
01315199, 9.1, 1789, 历史研究
01842426, 9.5, 1164, Effective C++
01082593, 9.1, 1784, 经济学
01219090, 9.1, 1783, 沙与沫
04282178, 9.2, 1593, あなたのためならどこまでも
10877051, 9.1, 1780, 顾城哲思录
26394876, 9.1, 1780, 小说机杼
01894695, 9.0, 1997, 营销管理
01002513, 9.3, 1428, 詩經注析（全二冊）
01016911, 9.0, 1993, 大师与玛格丽特
01967817, 9.2, 1586, 银河英雄传说VOL.4：策谋篇
01626532, 9.5, 1155, 地藏菩萨本愿经
01115397, 9.1, 1770, 我要做好孩子
06879356, 9.5, 1154, 孙子兵法
01919647, 9.4, 1278, Ｊの総て ２
26906378, 9.2, 1582, 切尔诺贝利之春
03178741, 9.3, 1415, 来自民间的叛逆
03830557, 9.3, 1414, 恐怖寵物店(01)
01370150, 9.3, 1410, 十二國記·圖南之翼
06953459, 9.2, 1570, 动物农庄
01146536, 9.5, 1145, 唐诗三百首
03399073, 9.1, 1750, 創造發明的思路
26761291, 9.1, 1747, 人间草木
02266490, 9.1, 1744, 白夜行（上）
26120130, 9.1, 1744, 天才的编辑
25960141, 9.1, 1743, 地图（人文版）
06903227, 9.5, 1137, 魔戒（插图珍藏版）
01041893, 9.2, 1558, 南京大屠杀
03059083, 9.1, 1741, LIAR.GAMEⅠ
03829245, 9.1, 1739, 城南旧事
01187107, 9.5, 1133, Gone with the Wind
19952400, 9.4, 1254, 算法（第4版）
01424330, 9.3, 1392, NANA (Vol. 13)
02101774, 9.0, 1942, 金枝
26429140, 9.2, 1547, ONE-PUNCH MAN 一拳超人 01
03395979, 9.5, 1129, 钢之炼金术师1-5
01024570, 9.3, 1384, 编码的奥秘
30147567, 9.4, 1246, 杀死一只知更鸟
10956248, 9.0, 1929, 蒋勋说红楼梦
02257902, 9.0, 1924, 只想告訴你01
01772158, 9.0, 1923, The Kite Runner
20379254, 9.1, 1713, 霍比特人
01083054, 9.1, 1709, 现代性与大屠杀
01351677, 9.1, 1708, 夏宇詩集／腹語術
03395865, 9.1, 1708, 北極熊 café
04060362, 9.1, 1708, 猫城小事
30396677, 9.0, 1914, 谜宫·如意琳琅图集
03332517, 9.5, 1113, 海底的秘密
01463767, 9.0, 1909, 画夜
26603439, 9.1, 1701, 黑猫侦探 2：极寒之国
03715335, 9.3, 1366, 俎上の鯉は二度跳ねる
10605859, 9.2, 1521, 精灵宝钻
01152564, 9.2, 1520, 黄昏海的故事
24257192, 9.3, 1363, 卡利古拉
26354318, 9.1, 1695, 梵高传
02063579, 9.3, 1362, 古拉格群岛（上中下）
01082446, 9.2, 1516, 南怀瑾选集（第一卷）
01394534, 9.3, 1359, 勒·柯布西耶全集
06797919, 9.3, 1356, 人生的智慧
02075822, 9.4, 1221, JOJO的奇妙冒險STEEL BALL RUN飆馬野郎(01)
01924903, 9.1, 1683, 老子
25966785, 9.2, 1502, 与社会学同游
04827219, 9.1, 1677, 彼得·林奇的成功投资
02214034, 9.2, 1501, 窮鼠はチーズの夢を見る
21247886, 9.1, 1676, 嫌疑犯X的獻身
01049463, 9.3, 1345, 宠物小精灵特别篇（全7册）
10555538, 9.2, 1497, 美国讲稿
04262627, 9.0, 1874, 重构
26893454, 9.3, 1343, 竹林中
01489401, 9.2, 1493, 安徒生童话
05406568, 9.0, 1868, 道连·葛雷的画像
01129216, 9.0, 1865, 天真的人类学家
26271420, 9.0, 1864, 一个陌生女人的来信
30427430, 9.1, 1663, 月亮与六便士
02074051, 9.5, 1088, 獵人01
01899006, 9.1, 1661, 我想去看海
10199132, 9.0, 1859, 黄金时代
03360807, 9.1, 1658, Effective java 中文版（第2版）
01830621, 9.1, 1657, 呐喊
01029723, 9.3, 1332, 汉书（全十二册）
25912108, 9.4, 1196, 伊凡诺夫·海鸥
27069925, 9.0, 1846, 不可思议的朋友
25751763, 9.3, 1324, 语言与沉默
01844449, 9.1, 1643, 日出処の天子 1
06902319, 9.1, 1642, 夜行记
26787273, 9.5, 1073, 罪与罚
01437488, 9.3, 1315, 群魔
04811917, 9.4, 1185, 一九八四
03015359, 9.1, 1633, 美しいこと 下
27091035, 9.1, 1630, 魔灯
01013488, 9.1, 1629, 论犯罪与刑罚
01507170, 9.0, 1825, 外部空间设计
01036787, 9.2, 1458, 昨日的世界
01457226, 9.2, 1457, ROUGH
02068527, 9.1, 1626, 蠟筆小新1
01734830, 9.3, 1302, 汪曾祺精选集
01643566, 9.2, 1448, 基督山伯爵
05332932, 9.2, 1446, 佛教的见地与修道
03104870, 9.0, 1808, 新闻理论十讲
01146537, 9.5, 1055, 古文观止（上下）
04264564, 9.5, 1054, 石头记
01988414, 9.0, 1800, 二十世纪西方文学理论
26384735, 9.1, 1606, 致未来的诗人
03334382, 9.0, 1799, 世界第一的初恋
20381805, 9.3, 1291, 冰与火之歌·卷五·魔龙的狂舞（上）
10875954, 9.2, 1436, 魔戒
02266498, 9.2, 1434, 白夜行（下）
02142602, 9.3, 1287, 银河英雄传说VOL.10 落日篇
26792439, 9.2, 1428, 浪潮之巅（第三版）（上下册）
06398002, 9.0, 1785, 蒋勋说红楼梦（第四辑）
02343276, 9.4, 1156, 中国少年儿童百科全书（人类社会）
01389535, 9.0, 1784, 百鬼夜行抄12
01441931, 9.3, 1281, 福尔摩斯探案集(五)
01785397, 9.3, 1279, 基度山伯爵（全四册）
25887930, 9.3, 1279, 被伤害与侮辱的人们
26331659, 9.0, 1778, 道林格雷的画像
26286031, 9.3, 1274, 心理学与生活（第19版）
03300145, 9.2, 1417, 论犯罪与刑罚
01257294, 9.2, 1416, 传奇
01422079, 9.0, 1770, 十二國記：月之影·影之海（上）
33404221, 9.5, 1037, DEPART 平装版
25754589, 9.1, 1578, 革命之路
01041366, 9.3, 1270, 管锥编（全五册）
01203523, 9.5, 1032, 唐宋词鉴赏辞典(唐五代北宋)
30203254, 9.2, 1408, 窗边的小豆豆
02328178, 9.0, 1759, 态度改变与社会影响
33400679, 9.0, 1750, 死屋
25764905, 9.3, 1256, 鳴鳥不飛(01)
01396491, 9.1, 1559, 第三帝国的兴亡（全三册）
01139359, 9.1, 1558, 毛泽东选集 第四卷
01291202, 9.2, 1396, Harry Potter and the Goblet of Fire
01874782, 9.2, 1394, 苍井优 - Travel Sand
25756955, 9.0, 1738, 爱与黑暗的故事
01595893, 9.3, 1250, 超长篇机器猫哆啦A梦5
02054916, 9.2, 1390, 银河英雄传说VOL.6 飞翔篇
30276984, 9.1, 1551, 女性主义
01027280, 9.2, 1389, 柏拉图的《会饮》
26747700, 9.0, 1735, 撒马尔罕的金桃
26642650, 9.3, 1248, 蝙蝠侠：漫长的万圣节
04151599, 9.3, 1246, 花は咲くか 1
07058064, 9.3, 1246, 銀之匙 01
01077621, 9.0, 1729, 毛泽东选集 第三卷
26952487, 9.2, 1384, BEASTARS 1
34617780, 9.2, 1384, 鸟瞰古文明
03395241, 9.1, 1543, 豆汁记
02135416, 9.3, 1243, 银河英雄传说VOL.9 回天篇
01070410, 9.0, 1725, 柏拉图对话集
02128416, 9.4, 1117, 父与子全集
26992884, 9.3, 1238, 冰雪王国
20258504, 9.1, 1536, 疯癫与文明
01203622, 9.0, 1719, 莎乐美 道林・格雷的画像
20435633, 9.2, 1375, 小艾，爸爸特别特别地想你！
01852700, 9.0, 1717, 神经外科的黑色喜剧
03037562, 9.3, 1236, 汇编语言（第2版）
01042011, 9.1, 1530, 古代汉语（第二册）
03810698, 9.5, 1006, 三国演义
20376550, 9.1, 1528, 科学革命的结构
33477229, 9.0, 1710, 上帝掷骰子吗？
03242948, 9.0, 1707, 無頭騎士異聞錄 DuRaRaRa!! 01
24722612, 9.0, 1704, 深入理解Java虚拟机（第2版）
01346936, 9.1, 1522, Harry Potter and the Half-Blood Prince
27108971, 9.1, 1522, 游隼
03081341, 9.0, 1702, 飞鸟集
11505704, 9.1, 1520, The Ph.D. Grind
01215310, 9.0, 1700, 罗杰・艾克罗伊德谋杀案
01490045, 9.2, 1359, 小王子
03523063, 9.1, 1515, 围城
01839492, 9.2, 1358, 傲慢与偏见
03545614, 9.1, 1514, 爆漫王。(01)
03002766, 9.4, 1098, 英语词根与单词的说文解字
03172176, 9.3, 1215, 異獸魔都(01)
04834737, 9.4, 1096, 最後的問題 : 西方短篇科幻小說精選
27015443, 9.4, 1096, 西南联大英文课
26586889, 9.0, 1686, 阿城精选集
02344128, 9.2, 1350, 21世纪少年上
01006624, 9.0, 1683, 孟子譯注
04247000, 9.0, 1681, 欲望号街车
03831258, 9.1, 1501, ダブルミンツ
01825593, 9.4, 1092, 小学生十万个为什么
06006299, 9.3, 1210, What Every Man Thinks about Apart from Sex
03409620, 9.1, 1498, 东周列国志
01961670, 9.3, 1208, 叶嘉莹说汉魏六朝诗
23155678, 9.2, 1342, 1984
01768642, 9.2, 1338, 博尔赫斯短篇小说集
26783041, 9.0, 1669, 睡魔1：前奏与夜曲
01428018, 9.1, 1491, The Picture of Dorian Gray
01547860, 9.3, 1202, 基督山伯爵（上下）
03002857, 9.2, 1332, 寄生獸 (完全版) (Vol. 8)
01178089, 9.1, 1485, 给心理治疗师的礼物
01181370, 9.3, 1197, 文心雕龙注(上下)
01192706, 9.2, 1330, 大盗贼
19982771, 9.3, 1196, 白鹿原
20499504, 9.4, 1079, 麒麟·戰爭之王·浴血南珈
01493350, 9.4, 1078, 哈农钢琴练指法
04066045, 9.3, 1194, 超合金社团5
01029940, 9.2, 1326, 锦灰堆
01290911, 9.2, 1324, 银孔雀
01401231, 9.1, 1476, 鹿鼎记
01204878, 9.1, 1475, 超长篇机器猫哆啦A梦1
02365418, 9.0, 1649, 小説・秒速5センチメートル
01449421, 9.2, 1319, 古文观止
04053575, 9.2, 1319, 射雕英雄传（套装共4册）
02070068, 9.2, 1316, 银河英雄传说VOL.7 怒涛篇
05908654, 9.1, 1465, 给青年诗人的信
03218539, 9.4, 1066, 小王子
20279665, 9.2, 1312, “太空漫游”四部曲
01683754, 9.1, 1460, 神雕侠侣（全四册）
05939751, 9.2, 1307, 货币金融学
01152971, 9.1, 1454, DOOM启世录
06100919, 9.2, 1303, 治史三书
01096469, 9.4, 1058, 飘
25881958, 9.0, 1624, 人间词话七讲
06004630, 9.3, 1172, 国史大纲（上下册）
03272411, 9.2, 1300, 追忆似水年华（全三册）
01091086, 9.1, 1448, 深度探索C++对象模型
03095037, 9.1, 1447, 听音乐（插图第6版）
01608873, 9.3, 1168, 山海經
01253292, 9.2, 1297, 老子今注今译
27116878, 9.4, 1053, 羊道三部曲(共3册)
01409305, 9.4, 1052, 唐诗鉴赏辞典
33420947, 9.4, 1052, 三体全集
03990023, 9.0, 1612, 美国纽约摄影学院摄影教材（下册）
01348667, 9.2, 1293, 活著
26761399, 9.2, 1292, 正红旗下
03463292, 9.2, 1290, 叔本华美学随笔
02126665, 9.3, 1160, 乡土中国
03266617, 9.0, 1602, 电影是什么？
02274697, 9.0, 1601, 江村经济
03764960, 9.2, 1282, セブンデイズ
20499500, 9.4, 1041, 麒麟·戰爭之王·劫後重生
01927748, 9.0, 1594, 新世紀福音戰士01
27608078, 9.3, 1150, 图说敦煌二五四窟
26352388, 9.2, 1277, 约翰·克里斯朵夫
01558547, 9.2, 1273, 鲁迅小说全集
26298597, 9.0, 1586, 我们赖以生存的隐喻
30320887, 9.0, 1585, 我的世界观
02247913, 9.2, 1272, 建构文化研究
26093161, 9.2, 1270, Being Mortal
26285184, 9.0, 1581, 朝花夕拾
03410759, 9.0, 1578, 隔江山色
04917220, 9.3, 1139, 楚辞
11232671, 9.2, 1265, 悲剧的诞生
01753922, 9.3, 1137, 超长篇机器猫哆啦A梦14
34897038, 9.1, 1407, 地球上最孤单的动物
01467492, 9.1, 1405, Blame! 1
01029370, 9.1, 1404, 记忆与印象
03079969, 9.0, 1569, 金瓶梅
10560097, 9.3, 1133, 不一样的卡梅拉（1-10册）
26697791, 9.3, 1131, 鲁迅杂文集
27187557, 9.3, 1131, 动物农场
30269311, 9.1, 1398, 以色列
04835660, 9.4, 1018, 神雕侠侣（套装共4册）
10605850, 9.1, 1393, 海浪
04020853, 9.3, 1125, 那个黑色的下午
01863619, 9.3, 1123, 与他共度61世
03368865, 9.3, 1123, 老子道德经注校释
01003419, 9.1, 1389, 动物农庄
01016930, 9.0, 1551, 论法的精神（上）
01344965, 9.3, 1121, 十二國記：風之萬里·黎明之空（上）
20499503, 9.4, 1012, 麒麟·戰爭之王·海外護航
03032690, 9.3, 1119, 被人遗忘的人：中国精神病人生存状况
04898797, 9.1, 1381, 阿狸·梦之城堡
26270304, 9.1, 1381, 七夜
02981358, 9.3, 1116, 深夜食堂 1
06436046, 9.3, 1116, 新教伦理与资本主义精神
01821476, 9.1, 1379, 十二國記：月之影·影之海（下）
03797322, 9.1, 1379, 悲惨世界
26671805, 9.0, 1540, 另一个，同一个
35003415, 9.0, 1537, 将进酒
01479851, 9.4, 1004, NANA (Vol. 14)
03332661, 9.2, 1233, 中国景色
03717799, 9.1, 1373, 明朝那些事兒 貳
01819816, 9.3, 1110, 风的旱冰鞋
06784859, 9.3, 1109, KYLOOE·忧郁的蜻蜓
01467368, 9.0, 1532, 霍乱时期的爱情
02122992, 9.0, 1531, 故道白云
05918942, 9.0, 1530, 孽子
04243276, 9.3, 1107, 田园诗与狂想曲
27116287, 9.3, 1107, 平如美棠
01201835, 9.4, 1000, 文字学概要
01470742, 9.2, 1229, 撒哈拉的故事
02147370, 9.0, 1529, 人间词话
01322336, 9.0, 1526, 控制论与科学方法论
01457752, 9.3, 1104, Nana
04054726, 9.3, 1102, 围城 / 人·兽·鬼
25900696, 9.2, 1220, 银河英雄传说（全10册）
04740002, 9.1, 1357, On Writing Well
26427101, 9.3, 1097, 历史三调
01231590, 9.1, 1355, Effective C++中文版
01436656, 9.1, 1355, 寄生獸 (完全版) (Vol. 2)
26383997, 9.1, 1354, 天国降临
10443588, 9.3, 1095, the climber
01919635, 9.1, 1353, コペルニクスの呼吸1
01794403, 9.3, 1093, 百年孤独
01439246, 9.2, 1211, 寄生獸 (完全版) (Vol. 6)
01082573, 9.1, 1345, 英雄志·第二部（全三册）
05378433, 9.1, 1345, 绿山墙的安妮
01854151, 9.2, 1207, 金圣叹批评本水浒传
01003650, 9.1, 1343, 罪与罚
01736652, 9.2, 1206, 哈利•波特(共6册) (精装)
25900284, 9.3, 1083, 天人五衰
04908877, 9.1, 1335, 静静的顿河
03928269, 9.1, 1334, 世界一初恋 ~小野寺律の場合2~
01391510, 9.2, 1198, 机器人短篇全集（上下）
01424501, 9.3, 1079, 四葉妹妹
03122531, 9.0, 1488, 銃夢01
01008459, 9.1, 1329, 毛毛
01921589, 9.0, 1482, 周易
27168013, 9.2, 1191, Killing stalking: 1 杀戮跟踪
05354510, 9.0, 1480, 花のみぞ知る 1
03843961, 9.3, 1072, 唐诗三百首
01315184, 9.0, 1479, 哲学研究
03288908, 9.0, 1479, 集体智慧编程
30418935, 9.0, 1479, 月亮与六便士
01084169, 9.1, 1324, 城南旧事
01489164, 9.1, 1324, 直到花豆煮熟
27590675, 9.0, 1478, 你是你吃出来的
03191214, 9.3, 1070, 约翰·克利斯朵夫（共四册）
26758080, 9.3, 1069, 父与子
06800763, 9.0, 1474, 蒋勋说红楼梦（第五辑）
01277319, 9.2, 1183, 超长篇机器猫哆啦A梦3
01689108, 9.2, 1182, 名侦探柯南原画全集
01438738, 9.0, 1468, 奇诺之旅I
34431806, 9.0, 1467, 失败者的春秋
01349295, 9.3, 1062, 空之境界（上下集合售）
24371382, 9.2, 1178, 动物庄园
01088632, 9.0, 1464, 超长篇机器猫哆啦A梦15
03213367, 9.0, 1462, 昨日的美食 01
03012360, 9.0, 1458, C和指针
26828226, 9.2, 1173, 加缪手记
26773323, 9.0, 1456, 莫泊桑短篇小说精选
24768136, 9.0, 1453, The Martian
01337302, 9.1, 1301, 天龍八部
26389894, 9.3, 1050, 银河帝国3 ：第二基地
01784790, 9.0, 1447, 傅山的世界
26889848, 9.0, 1447, 山海经全译
01770157, 9.2, 1164, 撤哈拉的故事
01203631, 9.0, 1444, 城南旧事
01337448, 9.0, 1444, 简明中国历史地图集
01091964, 9.2, 1162, 路易·波拿巴的雾月十八日
26603137, 9.1, 1293, 危机与重构
01595892, 9.3, 1047, 超长篇机器猫哆啦A梦4
02975917, 9.3, 1044, MAGIC
19962341, 9.1, 1286, 非理性的人
01081064, 9.1, 1285, 野草
02066941, 9.2, 1151, PLUTO~冥王~01
01436655, 9.1, 1276, 寄生獸 (完全版) (Vol. 3)
02150432, 9.1, 1276, 韦伯作品集Ⅻ:新教伦理与资本主义精神
01204884, 9.2, 1144, 超长篇机器猫哆啦A梦9
04039903, 9.2, 1143, 王小波全集（第六卷 中篇小说）
20432061, 9.3, 1030, 算法导论（原书第3版）
03151603, 9.2, 1142, 先知
04053593, 9.1, 1270, 鹿鼎记
01140457, 9.0, 1417, 敏捷软件开发
03381387, 9.1, 1268, 论持久战
25759044, 9.2, 1139, 乡土中国
03030892, 9.1, 1267, 傲慢与偏见
11524927, 9.1, 1267, 月亮和六便士
03007640, 9.0, 1414, 聊斋志异
01872739, 9.2, 1138, 歷史之眼(01)
03830729, 9.1, 1265, Country Driving
01494940, 9.1, 1264, 围城
01018925, 9.2, 1136, 玫瑰圣经
34835082, 9.1, 1263, 一间只属于自己的房间
01949105, 9.1, 1262, 柴王(06)
26926849, 9.2, 1132, 长歌行 11
26895508, 9.3, 1019, 睡魔2：玩偶之家
01085366, 9.2, 1129, 组织社会学十讲
10455982, 9.3, 1017, 什么是数学
01116338, 9.0, 1398, 叔本华论说文集
25773660, 9.3, 1015, 动物农场
06436972, 9.1, 1250, 中国文化要义
03124589, 9.0, 1394, 人间词话
25899957, 9.0, 1393, 诗艺
02274454, 9.1, 1246, 我的爸爸叫焦尼
33395266, 9.1, 1244, 愤怒的葡萄
25956992, 9.0, 1388, 博尔赫斯，口述
01210057, 9.2, 1118, 一九八四 上来透口气
25819842, 9.0, 1387, 佛陀传
04843454, 9.3, 1007, 坛经
26678576, 9.3, 1006, 人性的枷锁
26987895, 9.3, 1006, 我在伊朗长大
01436653, 9.0, 1384, 寄生獸 (完全版) (Vol. 5)
01079309, 9.1, 1240, 人间词话
01985973, 9.1, 1238, 備忘錄
27127895, 9.2, 1113, 明朝那些事儿(增补版)(套装共9册)
25701102, 9.0, 1380, 深夜食堂  11
01448768, 9.0, 1378, 平凡的世界（全三部）
26900287, 9.0, 1378, 这么多年
01056867, 9.1, 1234, 政治学
26287433, 9.1, 1234, 心若菩提
04830263, 9.2, 1108, 追忆似水年华（第一卷）
01728725, 9.0, 1374, 股市真规则
27018918, 9.2, 1107, 当尼采哭泣
03431988, 9.0, 1373, 人的境况
25876750, 9.0, 1373, 看不见的森林
26177190, 9.0, 1373, 全职高手15·决战嘉世
04201728, 9.1, 1229, 给青年的十二封信
04097264, 9.0, 1371, 小兔彼得和他的朋友们（全3册）
01961815, 9.2, 1102, 彷徨
04820029, 9.0, 1367, 顾城诗全集
01661440, 9.0, 1366, 生育制度
06780545, 9.0, 1366, 中国哲学史
10485026, 9.1, 1224, 特朗斯特罗姆诗歌全集
03717825, 9.0, 1364, 明朝那些事兒 伍
25726725, 9.0, 1363, 奥赛罗
27072515, 9.2, 1097, 猎魔人6：雨燕之塔
07053242, 9.0, 1360, 蒋勋说红楼梦（第六辑）
26857911, 9.1, 1216, 叶之震颤
01436654, 9.1, 1215, 寄生獸 (完全版) (Vol. 4)
03812771, 9.0, 1355, 新月集·飞鸟集
01093078, 9.2, 1092, 古龙作品全集（全53卷）
27024106, 9.0, 1354, 阿加莎·克里斯蒂自传
01753923, 9.2, 1090, 超长篇机器猫哆啦A梦11
10796035, 9.1, 1211, 中国古典诗词感发
01006406, 9.0, 1350, 渴望生活-凡高的故事
03279031, 9.0, 1346, 文學少女（05）
26353666, 9.2, 1085, 量子物理史話
25784280, 9.2, 1084, 偶像的黄昏
26290041, 9.0, 1344, 喧哗与骚动
01410359, 9.1, 1205, 乡土中国
01918707, 9.2, 1083, BASARA 15
21267489, 9.2, 1082, 加德纳艺术通史
25886360, 9.2, 1082, 春雪
30284738, 9.1, 1198, 罗马元老院与人民
01424955, 9.0, 1335, 卓有成效的管理者 （中英文双语典藏版）
03418938, 9.0, 1335, 被遗忘的士兵
01488794, 9.0, 1334, 荒野的呼唤
02970121, 9.0, 1334, 幾米創作10年精選
10435425, 9.0, 1334, 王小波全集 第七卷
01595897, 9.2, 1076, 超长篇机器猫哆啦A梦12
03176553, 9.2, 1075, 賭博默示錄(01)
03016270, 9.0, 1329, 黄金时代
05906321, 9.2, 1072, 开放中的变迁
27030867, 9.1, 1191, 我这一辈子
24092345, 9.1, 1190, 证券分析
01870320, 9.1, 1189, 霍乱时期的爱情
05406578, 9.1, 1189, 罪与罚
01034470, 9.0, 1323, 柳如是别传（全三册）
01394254, 9.1, 1184, Animal Farm
26907740, 9.1, 1184, 猎魔人5：火之洗礼
01204881, 9.2, 1065, 超长篇机器猫哆啦A梦2
01814118, 9.2, 1065, 月亮和六便士
01083265, 9.0, 1319, 西线无战事
20435411, 9.2, 1064, 上学记
02066962, 9.1, 1182, 麻辣教師GTO(01)
01788132, 9.2, 1063, ノアの宇宙船―清水玲子傑作集
03002838, 9.2, 1062, 寄生獸 (完全版) (Vol. 7)
06068432, 9.2, 1062, 自由及其背叛
03259619, 9.1, 1175, 我的精神家园
01804960, 9.2, 1057, 社会与政治运动讲义
10764363, 9.1, 1174, 是，大臣
04204555, 9.2, 1053, j的故事
03117247, 9.0, 1304, 中国古代思想史论
01137244, 9.1, 1169, 判断力批判
01512245, 9.2, 1049, 海底两万里
30471297, 9.2, 1049, 2010：太空漫游
33383582, 9.2, 1049, 审判
01966617, 9.0, 1299, 檻の外
01036095, 9.2, 1048, 张爱玲文集
01022914, 9.2, 1047, 谈艺录
03827354, 9.0, 1296, 未成年（6、7）
03215997, 9.2, 1046, 饥饿艺术家
01439706, 9.1, 1161, 和合本紅字版聖經
04238875, 9.0, 1292, 中国建筑史
02018527, 9.0, 1289, 王小波全集(第八卷)
03684193, 9.0, 1287, 叔本华的治疗
04860448, 9.0, 1287, 经济解释卷一： 科学说需求 （神州增订版）
01124895, 9.1, 1152, 中国古代建筑史
26631867, 9.1, 1152, 现实与欲望
01092614, 9.2, 1035, 蔡志忠古典漫画（全八册）
01220098, 9.0, 1281, 羊脂球
26683297, 9.0, 1279, 进化心理学(第4版)
30294357, 9.0, 1277, 倾城之恋
01831065, 9.2, 1031, 超长篇机器猫哆啦A梦7
01792758, 9.0, 1276, The Moon and Sixpence
26628964, 9.0, 1276, 长歌行 09
01001605, 9.0, 1274, 呐喊
04121627, 9.2, 1029, 世界一初恋 ~小野寺律の場合3~
24700640, 9.2, 1023, 象棋的故事
01029696, 9.0, 1265, 绿山墙的安妮
04741308, 9.0, 1264, 浮生六记
10484692, 9.0, 1262, Java并发编程实战
06746290, 9.0, 1258, 奥丽芙·基特里奇
01595898, 9.2, 1014, 超长篇机器猫哆啦A梦13
01218321, 9.1, 1126, 个人形成论
02058479, 9.1, 1124, 史铁生散文
25961497, 9.0, 1248, 中国古代物质文化
01064880, 9.2, 1008, 麦兜·微小小说
30345416, 9.1, 1118, 铁浆
11628194, 9.2, 1006, 冰与火之歌·卷四·群鸦的盛宴（上）
06425901, 9.2, 1005, 务虚笔记
06736428, 9.2, 1005, 西线无战事
26905155, 9.0, 1242, 九故事
01961810, 9.1, 1114, 故事新编
03420144, 9.1, 1114, Pro Git
01770652, 9.2, 1003, 顾随诗词讲记
01109479, 9.1, 1113, 福尔摩斯探案全集2
26780588, 9.1, 1113, 长歌行10
03313342, 9.0, 1238, 3月的獅子(01)
01779132, 9.1, 1111, 涼宮春日的消失
03779302, 9.1, 1111, 白鹿原
02244267, 9.2, 1000, 少年同盟 1
10571368, 9.1, 1110, 空と原
02109239, 9.0, 1233, 论人与人之间不平等的起因和基础
10563025, 9.0, 1233, 蒋勋说红楼梦（第七辑）
03025619, 9.0, 1230, 美国讲稿
06060476, 9.1, 1104, 迈向神境的作家（下）
30133852, 9.0, 1228, 坏狐狸
25879527, 9.1, 1101, 平如美棠
24863163, 9.0, 1224, 恩宠与勇气：超越死亡
01377736, 9.0, 1221, Murder on the Orient Express
01803624, 9.1, 1096, 傲慢与偏见
26186541, 9.0, 1218, 蝙蝠侠：猫头鹰法庭
10564097, 9.0, 1216, 蒋勋说红楼梦（第八辑）
01536776, 9.1, 1091, 拜厄钢琴基本教程
03114410, 9.0, 1213, 世界名著百部
01085477, 9.0, 1209, 伊利亚特
01212507, 9.1, 1085, 麦兜·尿水遥遥
01043252, 9.0, 1206, 未来千年文学备忘录
01394285, 9.1, 1081, Fingersmith
01270551, 9.0, 1203, 八十忆双亲 师友杂忆
04011322, 9.0, 1203, 重屏
02221115, 9.0, 1200, 庄子諵譁（下）
01005813, 9.1, 1077, 自由秩序原理
33440237, 9.0, 1196, 强风吹拂
01100783, 9.1, 1074, 约翰·克里斯托夫
01389027, 9.1, 1072, 十二國記：東之海神·西之滄海
26267263, 9.0, 1192, 八月之光
02156992, 9.1, 1069, 课时达标练与测:数学(1年级)(下)(配北师)
19956866, 9.1, 1069, 苏菲的世界
34870012, 9.0, 1188, 游戏
25912873, 9.1, 1063, The Little World of Liz Climo
25860389, 9.1, 1062, 顾城的诗顾城的画
01070380, 9.1, 1061, 古代汉语（第三册）
01443887, 9.1, 1061, 中国哲学简史
04036180, 9.0, 1180, 营销管理
01828307, 9.1, 1059, The Miraculous Journey of Edward Tulane
30353124, 9.1, 1059, 冬牧场
26262050, 9.1, 1058, 肖申克的救赎
01807562, 9.1, 1055, 加西亚·马尔克斯中短篇小说集
26877595, 9.0, 1171, 佩德罗·巴拉莫
01044979, 9.0, 1170, 天朝的崩溃
05063130, 9.0, 1169, 血色浪漫
01974041, 9.0, 1168, 朝花夕拾
01010122, 9.1, 1048, 浮生六记
26877993, 9.1, 1047, 不能承受的生命之轻
26390189, 9.0, 1165, 如何看懂印象派
02258369, 9.0, 1164, 小公主
04116115, 9.0, 1164, 神鵰俠侶
30167142, 9.1, 1044, 绿野仙踪
01084999, 9.0, 1156, 野性的呼唤
26794876, 9.1, 1038, 一日谈
02977158, 9.0, 1150, 化物語 上
03910883, 9.0, 1150, 观呼吸
34799583, 9.1, 1033, 马可瓦尔多
26792804, 9.0, 1149, 魔兽世界编年史
03449341, 9.1, 1032, 向着明亮那方
26941639, 9.1, 1032, 网络是怎样连接的
01051314, 9.1, 1030, 钢琴师
01595895, 9.1, 1030, 超长篇机器猫哆啦A梦8
19977858, 9.0, 1146, 朱光潜谈美
02331656, 9.1, 1026, 邋遢大王奇遇记
01066133, 9.0, 1140, 怪老头儿
01966610, 9.0, 1136, 箱の中 (Holly Novels)
01655362, 9.1, 1020, 小王子
02131426, 9.0, 1132, 涅朵奇卡·涅茨瓦诺娃
30276134, 9.0, 1132, 邦查女孩
03340939, 9.1, 1011, 建筑：形式、空间和秩序
01559300, 9.1, 1010, 坟
01441901, 9.0, 1121, 万历十五年
26845199, 9.0, 1120, 大都会艺术博物馆指南
02027043, 9.0, 1119, 君に届け 1
21371502, 9.0, 1119, 局外人·鼠疫
01017788, 9.1, 1006, 古代汉语（第四册）
01456203, 9.0, 1118, 銀河鐵道999 （1）
02775787, 9.1, 1003, 叶嘉莹说杜甫诗
20428702, 9.1, 1003, 踮脚张望4
01424307, 9.1, 1001, The Unbearable Lightness of Being
27047454, 9.1, 1001, 白鹿原
02059670, 9.0, 1109, 蛇王淘金
01007577, 9.0, 1105, 唐诗杂论
01257360, 9.0, 1101, 孟子
01471703, 9.0, 1099, 哭泣的骆驼
02212064, 9.0, 1093, 小房子
03794633, 9.0, 1091, 明朝那些事兒 柒
03402988, 9.0, 1090, 海浪
01162773, 9.0, 1089, 地狱一季
06510519, 9.0, 1083, 正见
01883993, 9.0, 1078, 青铜时代
03646976, 9.0, 1074, 菜根谭
04920005, 9.0, 1074, 终极往事
01085002, 9.0, 1072, 哈扎尔辞典
05299857, 9.0, 1072, 国家记忆
03176893, 9.0, 1069, 劍豪生死鬥(01)
04137173, 9.0, 1065, 股市真规则
27156834, 9.0, 1064, 我的精神家园
03689168, 9.0, 1057, 社会学（第五版）
26389896, 9.0, 1055, 银河帝国2：基地与帝国
01416289, 9.0, 1050, 晴天有时下猪
26789604, 9.0, 1046, 茶馆之殇
26839167, 9.0, 1046, 一人之下
04285240, 9.0, 1036, 过于喧嚣的孤独
01417552, 9.0, 1034, 刀锋
26820598, 9.0, 1017, 恋人絮语
02279232, 9.0, 1016, 蒼井優「ダンデライオン」
27156016, 9.0, 1015, 失焦
01276297, 9.0, 1011, 顾城诗全编
01431742, 9.0, 1007, 東京BABYLON (Vol. 3)
01506566, 9.0, 1007, 福尔摩斯探案全集
02226178, 9.0, 1006, 城南旧事
04035904, 9.0, 1004, 王小波全集（第二卷 杂文）
