2020-07-05 15:59:52

number of books, tag name
685, 80后

ID, rating, votes, title
01071241, 9.0, 131713, 哈利·波特与阿兹卡班的囚徒
01009257, 9.0, 126014, 哈利·波特与火焰杯
02295163, 9.0, 100634, 哈利·波特与死亡圣器
01046265, 8.0, 317931, 挪威的森林
01389960, 9.3, 22831, 七龍珠 34
24754316, 8.7, 56070, 最好的我们
01022060, 8.2, 146119, 狼图腾
01003000, 8.3, 112845, 悟空传
04742918, 8.3, 111154, 1Q84 BOOK 1
04188697, 9.0, 24791, 子不语 1-2
03014576, 8.3, 64402, 陪安东尼度过漫长岁月
04714734, 8.3, 60224, 这些都是你给我的爱
04231381, 8.4, 48887, 那些回不去的年少时光
01020459, 8.4, 46999, 此间的少年
01082398, 8.8, 22112, 梦里花落知多少
01529893, 8.0, 90410, 莲花
01461903, 7.8, 138117, 何以笙箫默
01431836, 8.6, 27000, 我的路
03879301, 7.9, 95234, 微微一笑很倾城
01919201, 8.4, 32757, 七夜雪
04732378, 8.7, 19509, 那些回不去的年少时光·终场
02256039, 7.8, 92458, 杜拉拉升职记
02567919, 8.2, 39776, 匆匆那年（上下）
01958227, 8.2, 39113, 那些年，我们一起追的女孩
02131415, 8.8, 13972, 我的路2
05327697, 8.2, 37791, 橙
04874131, 8.1, 44955, 东霓
01963310, 8.2, 36978, 大地之灯
02067299, 8.8, 12853, 我的路4
01819974, 8.7, 14612, 我的路3
03598313, 7.9, 55931, 西决
04238754, 8.0, 40774, 失恋33天
01030052, 7.9, 47083, 清醒纪
02256438, 7.8, 55994, 素年锦时
02250587, 7.6, 82962, 一个人的好天气
01065970, 7.8, 51148, 彼岸花
01063190, 8.0, 32199, 蔷薇岛屿
01962929, 7.9, 38765, 佳期如梦
01917972, 7.8, 45236, 在路上
01026425, 7.4, 108283, 三重门
01581547, 8.6, 10041, 聖闘士星矢 1
03860856, 8.1, 22173, 可爱的洪水猛兽
01049219, 7.4, 81902, 长安乱
01312333, 8.2, 16342, 蔷薇岛屿
01016300, 7.1, 161989, 梦里花落知多少
01018153, 7.8, 31681, 水仙已乘鲤鱼去
02339950, 7.7, 37705, 被窝是青春的坟墓
01058234, 7.7, 37343, 二三事
03394338, 7.5, 55637, 他的国
02331434, 7.6, 44726, 原来你还在这里
02082194, 8.2, 14360, 小时候
01926700, 7.7, 35875, 关于莉莉周的一切
01029159, 7.5, 51462, 八月未央
01227838, 7.6, 41229, 年华是无效信
01453210, 7.4, 59053, 一座城池
01049189, 7.3, 73925, 1995-2005夏至未至
06902639, 7.8, 24876, 青春
01024217, 7.4, 55654, 第一次的亲密接触
05290564, 8.3, 9918, 青春
05292912, 8.0, 16163, 1988：我想和这个世界谈谈
01016523, 7.5, 40378, 告别薇安
03009033, 7.8, 21727, 杂的文
04172417, 8.2, 10606, 匆匆那年
01321018, 8.2, 10579, 九州·羽传说
03778004, 8.2, 9731, 致我们终将逝去的青春
01485495, 8.0, 13386, 楼下的房客
01012203, 7.7, 22770, 檞寄生
25747921, 7.0, 106905, 从你的全世界路过
03406518, 8.5, 5804, 追随她的旅程
04866987, 8.7, 4383, 如果·宅
01059406, 7.0, 101836, 幻城
01948502, 7.7, 20593, 1995-2005夏至未至
03103080, 7.6, 24547, 须臾
20425053, 7.6, 24201, 我所理解的生活
05686369, 7.7, 19284, 何以笙箫默
04241870, 7.6, 23160, 我在回忆里等你
01063245, 7.6, 22606, 通稿2003
02233893, 8.1, 9218, 彼岸花
04289265, 8.5, 4832, 如果声音不记得
01009160, 7.3, 40043, 像少年啦飞驰
01006004, 7.5, 25662, 樱桃之远
01748232, 8.0, 10010, 忽而今夏
03061282, 7.6, 20503, 山月不知心底事
01856285, 7.2, 47608, 人生若只如初见
02980812, 7.8, 13922, 踮脚张望的时光
01478487, 7.8, 13493, 曼珠沙华
04818929, 7.6, 19506, 夏至未至
01914572, 7.6, 19345, 誓鸟
01023500, 7.6, 18591, 告别薇安
01313156, 8.0, 8809, 帝都赋
02065208, 9.2, 1710, 女神的圣斗士
03730731, 7.9, 10225, 许我向你看（终结篇）
04746554, 7.9, 10035, 年华是无效信
01034108, 7.2, 38502, 零下一度
03777123, 7.8, 11516, 告别天堂
04115227, 7.4, 23914, 岁月是朵两生花
01863163, 8.4, 4187, 异兽志
03323987, 7.3, 27776, 杜拉拉2华年似水
01925218, 7.4, 22377, 翻译官
01436348, 7.7, 12147, 八月未央（修订版）
01914078, 7.6, 13705, 三重门
04143274, 8.1, 5837, 忽而今夏
01021056, 7.1, 37959, 谁动了我的奶酪？
03825658, 7.8, 9385, 全世爱Ⅱ·丝婚四年
06088152, 7.9, 7865, 千秋
01420368, 7.5, 16012, 裂锦
10343062, 8.2, 4757, 暗恋
03056892, 7.3, 22535, 幻城
05264779, 7.4, 17983, 背包十年
01006073, 7.5, 14660, 七月与安生
01318431, 8.0, 6122, 幽灵旗
02160037, 8.2, 4404, 我是你儿子
03016219, 8.0, 5869, 二三事
01074841, 7.5, 13715, 葵花走失在1890
01007334, 7.1, 31166, 草样年华
03146656, 8.4, 3179, 五月女王
20424609, 8.0, 5691, 妩媚航班
01822793, 7.6, 11143, 长安乱
05403007, 7.6, 11125, 剩者为王
01087758, 7.3, 19657, 花季雨季
03279284, 7.7, 9154, 像少年啦飞驰
03033668, 7.8, 7621, 闪开，让我歌唱八十年代
01083257, 7.3, 19027, 烈火如歌
04197740, 7.9, 6309, 告别天堂
06511745, 8.0, 5195, 万象
02345727, 7.4, 14000, 蜗居
02340955, 7.5, 11126, 暖暖
01796596, 7.2, 19686, 左耳
01331571, 7.6, 9044, 地下室
07059909, 7.4, 12841, 南音 （上）
01596305, 6.8, 47421, 泡沫之夏
03290010, 7.0, 28565, 澜本嫁衣
02149169, 8.1, 3688, 水仙已乘鲤鱼去
03246230, 7.6, 8146, 鲤·嫉妒
04175252, 7.8, 5769, 初恋爱
01012802, 7.2, 17175, 十爱
02032666, 7.6, 7936, 零下一度
01190868, 7.4, 11419, 烈火如歌
01426214, 8.1, 3547, 少林寺第八铜人
03678694, 7.4, 10533, 窗灯
03995799, 7.8, 5141, 蚁族
02004509, 7.5, 8490, 梦回大清
01855343, 7.0, 22989, 泡沫之夏Ⅱ
01433700, 7.4, 10072, 孔雀森林
02133556, 6.9, 28659, 光荣日（第一季）
25852518, 7.5, 8362, 南方有令秧
24876497, 8.0, 3625, 匆匆那年
03373490, 7.7, 5606, 鲤·谎言
04161848, 7.8, 4693, 鲤·逃避
03921405, 7.6, 6529, 芙蓉如面柳如眉
01440101, 7.2, 13441, 就这么漂来漂去
01088472, 8.1, 2912, 首届全国新概念作文大赛获奖作品选（全二册）
03191328, 6.5, 69879, 小时代1.0折纸时代
01006881, 6.7, 40651, 左手倒影，右手年华。
01079475, 8.3, 2173, 那多三国事件簿之桃园三结义
01046385, 7.1, 15888, 毒
01036243, 7.4, 8640, 夜玫瑰
01055643, 8.9, 1031, 我就是刀刀
10466438, 8.0, 3186, 上课记
10555465, 9.1, 814, 紅
01291760, 6.6, 48030, 会有天使替我爱你
03800892, 7.7, 4882, 草样年华3
10527304, 8.1, 2627, 好想回到小时候
01194465, 7.8, 4088, 我们无处安放的青春
03666600, 7.5, 6476, 光荣日 第一季
03091349, 7.3, 9147, 鲤·孤独
07067934, 7.7, 4323, 打工旅行
04727980, 7.6, 5076, 鲤·上瘾
03279233, 7.7, 4295, 一座城池
06017128, 7.7, 4272, 芙蓉如面柳如眉
03992737, 7.7, 4252, 鲤·因爱之名
06087472, 7.2, 10258, 浮世浮城
02008972, 6.8, 24022, 沙漏
03610550, 7.4, 6902, 鲤·暧昧
01033714, 7.7, 4105, 凶心人
01062326, 6.9, 18186, 爱尔兰咖啡
05992037, 8.0, 2466, 为他准备的谋杀
03770726, 7.6, 4546, 草
03891452, 7.6, 4363, 纸婚
01002073, 7.8, 3134, 维以不永伤
02062200, 6.2, 100679, 悲伤逆流成河
02278790, 7.8, 3108, 草木芳华
01060779, 7.4, 5970, 圈里圈外
06896040, 8.1, 1996, 好小猫
01006646, 7.2, 8435, 幻城
01028916, 6.9, 14750, 雨衣
01262171, 8.7, 892, 西安1460
01080812, 7.1, 9420, 红鞋
02150989, 7.8, 2725, 樱桃之远
01033848, 7.8, 2587, 第二届全国新概念作文大赛获奖作品选
02270239, 8.3, 1313, 怀念小龙女
04920036, 7.0, 10447, 临界·爵迹 Ⅱ
05293030, 7.2, 7033, 那些有伤的年轻人
02360485, 7.0, 10356, 沙漏Ⅲ
05259293, 7.6, 3447, 蔷薇求救讯号
01043201, 6.8, 15347, 毕业那天我们一起失恋
01908517, 7.0, 9970, 思无邪
03561559, 8.6, 890, 黑背书系第三辑（全两册）
03088496, 7.5, 3915, HANA
01069428, 8.4, 1095, 那多三国事件簿之汜水关三英战吕布
02081286, 6.9, 11876, 沙漏II
01026674, 6.8, 14726, 狼的诱惑
01019431, 6.8, 14693, 荒村公寓
01012242, 6.7, 17160, 地狱的第19层
01034898, 8.0, 1708, 十七岁不哭
01041550, 6.6, 21468, 爱与痛的边缘
01917193, 8.8, 648, 从此尽情飞翔
04240403, 7.1, 7072, 最好的女子
02359688, 7.6, 2919, 镜之国
05275385, 7.4, 3982, 鲤·荷尔蒙
01083375, 7.2, 5645, 活不明白
04174098, 8.2, 1222, 那一场呼啸而过的青春
01082515, 7.5, 3299, 理工大风流往事
05912889, 7.6, 2795, 鲤·来不及
04038164, 6.3, 42157, 小时代2.0虚铜时代
05341136, 8.0, 1565, 水仙已乘鲤鱼去
03816859, 7.4, 3831, 四重音
01425086, 7.5, 3231, 岛（Vol.05）
03521168, 7.0, 7863, 谢谢你离开我
01459494, 7.5, 3123, 岛（Vol.6）
23186549, 7.8, 1964, 我们家
01031818, 7.4, 3581, 我爱阳光
01036067, 6.5, 22184, 那小子真帅
03809809, 8.6, 698, 黑背第四辑（全两册）
01421004, 7.4, 3461, 神的密码
01033790, 6.9, 8647, 狼的诱惑
01882547, 7.4, 3408, 寒·十八禁
02295079, 7.7, 2048, 三重门
02146035, 7.6, 2267, 昼若夜房间
02187388, 7.9, 1470, 活不明白
01055401, 7.0, 6295, 小妖的金色城堡
01818170, 7.8, 1627, 草样年华
03032883, 8.2, 964, 滴答
03024352, 7.0, 5867, 离歌（Ⅰ）
01494098, 7.7, 1811, 往南方岁月去
01058943, 7.4, 2850, 岛（Vol.4）
03667783, 6.9, 7012, 月
03012712, 8.0, 1186, 胖子
01262344, 7.7, 1779, 盛夏的樱花树
01021597, 6.6, 13177, 一光年的距离有多远
01262580, 7.7, 1752, 像邦妮一样爱你
01796294, 7.1, 4489, 旋转门
04715794, 7.8, 1471, 纸婚2
01071495, 7.1, 4459, 一杯热奶茶的等待
01902601, 7.3, 3086, 岛（Vol.8）
01409771, 6.8, 7748, 荒村归来
01022492, 7.0, 5199, 是你来检阅我的忧伤了吗
05338238, 7.8, 1422, 跟谁较劲
01069628, 6.7, 9446, 那小子真帅2
01808767, 7.3, 2913, 岛（VOL.7）
05918501, 7.5, 2075, 他的国
04194622, 7.4, 2425, 收纳空白
01463013, 6.8, 7084, 玛格丽特的秘密
06393733, 7.3, 2773, 当我们聊起日本时
05355303, 7.5, 2001, 杂的文
01484597, 7.5, 1980, 毒2
01034479, 6.5, 13033, 我为歌狂
02042966, 6.9, 5419, 双生水莽
02311695, 7.2, 3094, 岛（Vol.09）
26870462, 7.8, 1238, 细民盛宴
04501999, 7.4, 2209, 日界线
01902593, 7.1, 3638, 最小说（第一辑）
01196690, 7.9, 1061, 关河
06434488, 7.4, 2094, 全世爱Ⅲ
01845119, 7.2, 2830, 朝三暮四
03014715, 7.1, 3359, 岛（Vol.10）
04263132, 7.8, 1146, 青春白恼会1
01069071, 6.9, 4778, 岛
02277517, 6.7, 7124, 冷月如霜
01062508, 7.2, 2723, 岛
01364204, 7.7, 1265, 夢裡花落知多少.
02179956, 6.9, 4629, 左手倒影.右手年华
02069604, 7.4, 1929, 成全了自己的碧海蓝天
05912249, 7.3, 2185, 生于一九九叉
01036290, 6.5, 10074, 校服的裙摆
03772797, 7.8, 1039, 李雷和韩梅梅
06828611, 6.2, 20879, 小时代3.0：刺金时代
01003420, 7.1, 2779, 岛・陆眼（Vol.02)
02342023, 7.2, 2268, 最小说·第十四辑
03142174, 7.8, 931, 草样年华
02993977, 7.9, 810, 天空晴朗晴朗
01983931, 7.3, 1823, 最小说（第五辑）
01336837, 8.0, 698, 長安亂
01877722, 6.7, 5276, 十年
01451550, 8.5, 400, 水仙已乘鯉魚去
03001863, 8.5, 395, Wolf Totem
02266643, 6.5, 7628, 甜酸
04737152, 6.9, 3307, 时光机
04027815, 7.1, 2285, 当我们混在上海
01034928, 7.3, 1621, 粉红四年
01671453, 7.0, 2648, 郭敬明音乐小说迷藏(CD)
01431059, 7.5, 1200, 良辰
10564563, 7.1, 2220, 闺蜜
03010895, 8.0, 615, 我们无处安放的青春
03889951, 7.4, 1334, 我就乐意这样寂寞了
01774213, 7.7, 870, 绝杀
02239124, 7.2, 1756, 恋爱习题
02239127, 7.2, 1755, 假面舞会
01368781, 8.7, 286, 那多三國事件簿之桃園三結義.
01082845, 7.1, 2028, 一梦三四年
01924450, 7.2, 1723, 最小说（第二期）
01082820, 6.5, 6243, 无往而不胜的童话
02057508, 7.2, 1668, 最小说（第七辑）
04198794, 6.9, 2763, 小时代2.0
01800610, 7.8, 719, 芙蓉如面柳如眉
10789216, 7.2, 1664, 又冷又明亮
02288311, 8.1, 503, 草样年华
02157753, 7.3, 1418, 最小说 第十辑
02034998, 7.2, 1642, 最小说（第六辑）
01051010, 7.2, 1594, 斑马森林
02081758, 7.2, 1580, 最小说(2007.06 第八辑)
01060939, 6.8, 3122, 喜欢你
01168774, 7.4, 1165, 流浪歌手的情人
01947159, 7.1, 1836, 最小说（第三辑）
01038639, 6.5, 5664, 冬日最灿烂的阳光
02297693, 7.3, 1298, 最小说第13辑
01322227, 7.5, 927, 七曜日
26236436, 7.2, 1404, 我们夜里在美术馆谈恋爱
01082373, 7.6, 774, 刀子和刀子
01767554, 7.6, 773, 杜撰记
01037862, 7.3, 1171, 第三届全国新概念作文大赛获奖作品选（全两册）
02052355, 8.1, 426, 《糖果》杂志第4期
01467299, 7.7, 662, 破碎之花
03725096, 7.6, 744, OZ奥兹·狂欢
02229412, 7.3, 1114, 最小说（2007.09 第十一辑）
04114025, 7.0, 1743, 白色群像
03584719, 6.3, 6835, 景年知几时
03551814, 7.5, 817, 奋斗（下）
27592240, 8.9, 188, 缺失空间
02298304, 7.4, 926, 最小说 第13辑
02154515, 7.5, 793, 寂寞的撒旦
01309276, 6.7, 2817, 爱人的头颅
01056973, 6.5, 4189, 心的1/2
03016869, 7.3, 1037, 最小说(2008.03)
23765239, 8.1, 380, 世界停在我吻你的时候
06833961, 7.3, 1017, 像邦妮一样爱你
02063076, 8.0, 418, 跟踪8
01036753, 6.5, 3983, 爱上爱情
01415306, 7.3, 986, 珍珠饭店
02335335, 8.8, 190, 温顺的女性
01490270, 6.7, 2574, 肉香
02853567, 8.8, 187, 一公升の眼泪
01008469, 7.9, 439, 十六岁到美国
02128011, 6.6, 2859, 惜春纪
01078128, 7.1, 1196, 何乐不为
03069730, 7.3, 887, 乐小米.天已微凉
01449981, 6.2, 6669, 无极
01288476, 7.5, 671, 十七月葬
03561771, 8.1, 334, 那些过去的和将要到来的
03747036, 7.4, 758, 长大不成人
24704186, 7.4, 757, 荒芜城
02134993, 7.2, 988, 我的雪人
01799942, 7.2, 956, 那些事，那些人
01263240, 8.0, 351, 曲终人散
04638931, 6.6, 2452, 小时代1.5·青木时代VOL.1
04929860, 7.1, 1029, 婚房
24699085, 7.7, 460, 不允许哭泣的场合
04237782, 8.1, 296, 春江花月夜
02251755, 8.0, 303, 浮
05341141, 7.4, 608, 葵花走失在1890
01292069, 7.4, 588, 离
01262446, 7.4, 587, 复兴公园
02329258, 7.6, 454, 桃乐镇的春天
01031585, 6.9, 1171, 倦怠阴天
05341137, 7.5, 497, 十爱
01288894, 7.8, 338, 动物饼干
01310160, 8.6, 150, 自由18岁
02990759, 6.8, 1212, 甜酸
04908844, 6.9, 1027, 明朝一哥王阳明
02239126, 6.9, 1025, 假如换来不止黑暗
02266462, 7.6, 389, 二十五岁前
03080493, 6.8, 1155, 21岁当总裁
01212495, 6.5, 1957, 爱上爱情
02060051, 7.8, 297, 为不高兴的欢乐
01052549, 7.0, 801, 赤道划破城市的脸
05037461, 8.0, 230, 爱情心灵安全岛
19950063, 8.8, 114, 猫兔疯1
01264344, 7.6, 340, 怅然年华
01431560, 7.6, 332, 四城
01034136, 6.7, 1140, 天下
01812864, 7.3, 469, 学人街教父
03192735, 7.2, 515, 云和山的彼端
01082844, 6.8, 872, 猜火车
03176268, 6.2, 2599, 七喜
01048962, 7.0, 634, “中华杯”第四届全国新概念作文大赛获奖作品选（全二册）
03986520, 7.5, 329, 十年花开
01867799, 7.0, 620, 淡蓝时光
01001415, 7.0, 601, 十七岁开始苍老
01054627, 6.8, 804, 长达半天的欢乐
01063232, 8.0, 183, 我的微微，我的天堂
01822769, 7.4, 343, 蔷薇花园2
01214366, 7.1, 492, 陶城里的武士四四
03596531, 7.8, 216, 关河
02973992, 6.8, 751, 魅惑·法埃东
02329228, 7.7, 236, 撒谎精的时光宝盒
05029426, 8.3, 134, 我爱阳光
03209008, 7.1, 480, 离歌
01060642, 7.8, 209, 关于爱，关于药
02004350, 6.9, 618, 饶雪漫全集之青春奇幻小说
01431176, 7.3, 361, 十年九夏
01075684, 7.2, 406, 赎
01034820, 8.1, 154, 全国新概念作文大赛获奖作品精选
03015041, 6.8, 696, 校服的裙摆
01254289, 7.3, 348, 沿着我荒凉的额
01256265, 8.1, 148, 天黑了
01962083, 6.7, 750, 红孩子
04837840, 6.9, 552, 光年
24705197, 9.1, 67, 猫兔疯2
07007781, 8.4, 110, 一只鸟的选择
06516763, 7.9, 163, 再见，老男孩
03026745, 7.6, 219, 10年新概念
01058958, 7.1, 386, 第六届全国新概念作文大赛获奖作品选(AB卷)
02978491, 6.9, 505, 没有如果的事
01158957, 8.6, 88, 两色烟火
02129983, 7.4, 257, 葵花朵朵
03024889, 6.9, 468, 花糖纸
03805693, 7.2, 316, 朝三暮四
02241268, 6.7, 622, 契丹王妃
05908551, 7.8, 163, 种在时光里的向日葵
02973661, 7.3, 275, 细雨湿流光
02973760, 7.0, 399, 毕业后 结婚前
04090843, 8.3, 104, 我们的广州
02043062, 7.4, 236, 像小强一样活着
01740520, 7.1, 332, 春树四年文集
06793572, 7.4, 231, 草样年华·叁
01911050, 7.6, 178, 法律系女生的秘密回忆
30448940, 7.3, 244, 童年兽
04860322, 7.6, 176, 你能行
01262988, 6.9, 398, 只在梅雨天爱你
03622856, 6.9, 396, 寂寞是青春的墓志铭
01690498, 6.8, 447, 一起沉默
01278073, 7.1, 295, 我打电话的地方
01415325, 7.4, 208, 我的秀秀姐
01043533, 7.3, 232, 少年（绘图本）
01512382, 7.3, 232, 马尔马拉的璎朵
01164711, 7.5, 185, 光之暗面
01429800, 7.3, 229, 才华是通行证
05402598, 7.1, 290, 蚁族Ⅱ
01064054, 6.7, 497, 第五届全国新概念作文大赛获奖作品选（AB）
01431185, 6.9, 369, 晴天
02343041, 6.9, 368, 二十几岁决定男人的一生
04002711, 7.9, 123, 职场达人志
06965548, 7.1, 278, 公主坟
02016725, 8.1, 101, 感觉刹那
04304923, 8.3, 85, 美德·梦想志
01065290, 6.3, 877, 一杯热奶茶的等待2
01320413, 6.8, 397, 没有人像我一样
01270559, 7.8, 125, 放飞美国
01309259, 7.6, 151, 在天堂边疯长
05029379, 6.9, 331, 毕业后，我们裸婚
01319826, 8.8, 57, Fe2O3星球上的羽毛
01082977, 6.5, 576, 飞一般的忧伤
01185473, 6.2, 952, 郭敬明成长日记
01163689, 7.0, 276, 女妖的眼睛
01705860, 6.3, 774, 庄周梦蝶
03103032, 8.6, 63, 霹雳贝贝
02979831, 7.1, 241, 锦地繁花
02982433, 8.0, 98, 二十岁的巴黎
03085310, 7.0, 271, 兔八七的小时代
01065235, 8.1, 89, 被当作鬼的人
01067004, 6.7, 392, 捌零志VOL01
01398647, 6.5, 527, 琥珀
01399467, 7.1, 227, 第七届全国新概念作文大赛获奖作品选A.B
05503522, 8.0, 93, 80后集体回忆
01072193, 6.7, 376, 两个人的下雪天
02284025, 6.7, 359, 契丹王妃2
01936363, 6.7, 355, 盛开（AB卷）
01040990, 8.0, 88, 租一条船漫游江南
01283334, 7.0, 236, 亲爱的小孩
01908727, 8.0, 86, 青春禁忌游戏
04874130, 7.0, 223, 像恋爱一样去工作
01058154, 7.4, 141, 高3史记
01179137, 6.7, 315, 抬头望见北斗星
04739516, 9.6, 30, 水浒传
01223770, 7.0, 214, 激情万丈
01124983, 7.4, 138, 只爱陌生人
01254347, 7.2, 170, 2005夏至未至
01064416, 6.9, 232, 16MM的抚摩
01807984, 6.8, 259, 给我一刹那宠爱
03245110, 7.2, 159, 江暖·隔壁房间的性感
04019625, 7.9, 82, 高橋留美子奇想世界3
02993552, 7.5, 115, 从黄昏起飞
04822998, 7.2, 155, 无法独活
01080261, 7.8, 87, 蓝指甲
03018278, 7.6, 103, 简单·爱
04864368, 7.2, 150, 沙漏2
01914337, 7.5, 109, 乱世之殇
01868028, 7.0, 181, 亚当的苹果
04040834, 6.4, 401, 悲伤逆流成河
01191464, 8.0, 70, 一个人跳舞
01481925, 7.1, 159, 逃之夭夭
26528476, 6.9, 200, 80后，怎么办
01961814, 7.2, 140, 有多少爱可以胡来
01221049, 7.5, 104, 舌头的战争
02251758, 7.3, 125, 胡桃夹子夜未眠1
06519061, 7.3, 123, 谁理你的梦想
04864371, 7.1, 145, 校服的裙摆
30264179, 8.7, 40, 折叠术
03723766, 8.4, 48, 汉语春秋
30400605, 7.1, 139, 保龄球的意识流
01776816, 6.9, 172, 阿耳的海豚音
04264709, 8.1, 56, 入城式
01796919, 7.5, 89, 冒牌男友
01178415, 7.8, 69, 昙花之内时间之外
03018341, 6.4, 314, 北京娃娃
01613367, 6.9, 162, 教室朝南没有风筝
04928523, 6.7, 201, 80后命运书
01109353, 7.0, 138, 我的秃头老师
01319913, 8.1, 52, 洞
01163787, 7.1, 121, 再见萤火虫
01313035, 7.3, 99, 字母的童话
03105744, 6.9, 150, 赏心只有三两枝
06839101, 7.4, 89, 离爱
01186807, 6.6, 209, 生如夏花
01444032, 6.7, 183, 去年冬天我们都在干什么
04845783, 6.9, 143, 80’S
01830207, 8.9, 30, 大学无故事
01734205, 7.5, 73, 9:61分
05422974, 6.9, 131, 李雷和韩梅梅的失败与伟大
02269675, 7.3, 87, 美术馆旁边的动物园
03396964, 7.8, 57, 谁能与共
01082270, 7.2, 95, 月光花园
04169559, 7.2, 94, 越界男女之谁动了我的老公
01082269, 6.9, 128, 学长
02152674, 9.3, 23, 米老鼠大侦探
05350212, 7.5, 71, 睡梦中的瓦西里
01292317, 6.4, 232, 纸上的青春
02272925, 7.3, 83, 如果的事
01313402, 6.6, 171, 黄了青梅
02309298, 6.9, 120, 逃离伊甸园
01262201, 7.8, 53, 几乎被拯救
02111983, 7.3, 79, 京沪爱情列车
06822309, 7.2, 85, 怀念小龙女
04936893, 7.0, 102, 三十能立
01420358, 6.6, 158, 春末夏初
01393891, 6.4, 202, 左倾45度
01072389, 7.9, 46, 柠檬树
06042756, 7.0, 98, 在那西天取经的路上
04846576, 6.7, 134, 咱们小时候
20258281, 8.0, 42, 纸婚（全新修订珍藏版）
02243419, 5.7, 596, 空事
02995412, 6.9, 104, 盛开十年（A卷）
01265739, 7.8, 47, 脏
01740521, 6.8, 115, 李傻傻三年文集
04245674, 7.4, 64, 这是谁的90
01035512, 7.1, 83, 1983
01999349, 6.9, 101, 紫微星的契约
01392507, 8.0, 40, 时光转角处的二十六瞥
04241827, 6.8, 109, 女人不狠 江山不稳
01429804, 6.6, 135, 年华，恍然
01037039, 6.8, 107, 那年春天我要离开
01505542, 6.6, 134, 蚂蚁
02329223, 7.1, 78, 福海
26629252, 7.3, 65, 听盐生长的声音
01045942, 7.3, 63, 白衣飘飘的年代
03176740, 8.4, 29, 混世
01288529, 6.0, 291, 爱是寂寞撒的谎
01321692, 7.6, 49, 隔着栅栏的爱情
07154319, 6.2, 208, 你简单，世界就对你简单
03390063, 8.7, 24, 像素屁
25858141, 7.7, 44, 斑斓
01036837, 7.0, 79, 布老虎青春文学 第一辑
01319916, 8.2, 31, 指尖流水
01050834, 6.9, 84, 我打电话的地方
01082771, 6.7, 103, 新概念作文大赛获奖者小说精选
01256184, 6.7, 99, 痛经
01079171, 7.3, 55, 穿越郭敬明
01071903, 8.4, 26, 难为情
01683759, 5.4, 751, 青春散场
02262250, 7.3, 53, 盛开：左岸流年花事了（A卷）
01292318, 6.3, 147, 朝丝暮雪
26652672, 7.5, 44, 我想要的一天
01424825, 5.8, 308, 索眼校园
03544574, 7.2, 55, 80后的小时候
02974596, 6.5, 110, 80后的理财快车
01315067, 7.2, 53, 阿布
03006631, 7.0, 60, 盛开十年烟火劫（B卷）
03691347, 6.9, 64, 破罐子
02242660, 8.7, 19, 红楼梦故事
03315691, 6.5, 95, 结婚只要九块钱
01319914, 7.8, 31, 半旗
01961274, 6.5, 92, 盛于繁花（萌芽新生代作品精华本）
01429797, 7.1, 50, 我们都寂寞
10483274, 6.9, 59, 中国80后是日本经济的救世主
06139729, 8.1, 24, 疯
03038845, 6.7, 69, 婚迷不醒
02006492, 6.8, 62, 80后亿万富翁
01705352, 7.1, 47, 我给纯真一耳光
02274430, 6.8, 61, 兰花小馆
03318621, 6.0, 150, 盛世荒年
01263293, 6.8, 59, 爱了散了
05390087, 7.1, 45, 囧青春
20409204, 9.5, 12, 圣斗士星矢（全28册）
02023822, 6.9, 51, 中国式房奴
03669338, 7.0, 46, 你是我的人
01846008, 5.7, 217, 骑彩虹者
01874098, 6.9, 50, 惘然记
01023918, 6.0, 136, 遗失的美好
05287222, 7.6, 29, 甲女丁男
05974467, 7.3, 34, 云端三公尺
27031444, 5.9, 144, 这世界正在遗忘不改变的人
04934731, 7.9, 22, 下一站
06000331, 6.8, 47, 中国八零后调查
04249300, 7.5, 27, 小人儿难养
10443120, 6.8, 46, 我在讲台上看你
03596527, 7.8, 22, 我们催枯拉朽的爱
07004317, 6.8, 45, 亲爱的，你一直很孤单吧？
05996621, 7.1, 35, 8090向前冲
04252451, 5.9, 122, 蚁居
01796599, 7.4, 28, 找呀找呀找工作
03197572, 6.8, 44, 走过水木年华
01392918, 6.6, 51, 早上八点地铁站
06531060, 7.6, 23, 八十後的生存與生活
04926470, 6.7, 45, 考上公务员
01427103, 7.5, 24, 无厘头啊
02161664, 6.9, 37, 一池水葫芦
01425012, 6.6, 48, 葵花生
01288962, 6.6, 47, 倒数三秒我们一起跑
01059685, 6.4, 57, 穿过岁月忧伤的女孩
01220292, 5.9, 100, 那么红
03426769, 6.4, 52, 80后小夫妻2
01420525, 7.8, 18, 有关爱以及流年似水
01961273, 6.9, 32, 盛于繁花
03201775, 7.7, 18, 大爱无声
01014998, 6.3, 50, 重金属
01022178, 6.3, 50, 咖啡店女孩
03462747, 6.4, 45, 80后的那些事儿
01908728, 7.4, 20, 遗失在春天的CD和心情
01318592, 6.8, 30, 烟花烫
03227666, 5.8, 84, 独生
03215968, 5.6, 111, 299美金飞遍东南亚
04871376, 6.0, 64, 80后集体奔三
04198104, 5.9, 71, 80后围城
04830739, 6.7, 31, 男人三十
06528100, 6.3, 44, 如果爱情多一点
01175869, 6.3, 41, 我们，我们（上下册）
03924458, 7.0, 23, 双山
02348459, 6.0, 55, 月亮的孩子
01429262, 6.8, 26, 镜子的另一边
05384923, 7.2, 19, 80后小夫妻
06118083, 6.6, 29, 我们的未来
01420765, 6.9, 23, 那些花儿那些青春
01272270, 7.3, 17, 钥匙在窗栏的阳光下
23741245, 5.6, 78, 有一天我遇见了世界
05398308, 7.6, 14, 80后的小半辈子
04012251, 6.5, 28, 同居后又住进来一个美女
06845195, 6.5, 28, 一百年前的80后
01318591, 7.3, 16, 百合长出翅膀飞了
06533180, 7.1, 18, 我们要的幸福
01420837, 6.2, 35, 逆时钟
01028340, 6.0, 42, 80&#39;人的火车
01077954, 6.6, 24, 生于80年代
03465891, 7.0, 18, 夏花烬
01464844, 6.9, 19, UP势力
04248147, 6.1, 36, 木婚
06516096, 5.6, 57, 来不及
01031431, 6.0, 35, 成名?
05247889, 6.3, 26, 80后，你为30岁准备好了吗？
05906906, 6.4, 23, 80后的迷思与出路
01160695, 6.8, 17, 80年代.他视觉
02998239, 6.0, 32, 爱近杀
05936075, 6.0, 30, 逃离北京
02261193, 6.0, 28, 今天你要嫁给谁
04852329, 6.8, 15, 我们都是80后
02017526, 6.1, 25, 80后惹谁了
03110141, 6.4, 18, 别拿80后说事
04828603, 7.2, 11, 中国80后诗全集
01929965, 5.8, 28, 80后心灵史
01410452, 5.2, 56, 我不是人渣
03515924, 6.4, 16, 80后作家访谈录
01791886, 6.4, 14, 彼岸爱情花开
01065575, 5.5, 30, 清华园的故事
05353897, 5.7, 17, 这一代人的怕与爱
25876629, 4.8, 45, 读心博士
01275419, 5.6, 15, 我们相爱的时候
02099496, 4.7, 22, 相恋时我们一起走过
03517872, 0.0, 11, 德行
04710192, 0.0, 11, 婚姻那么长
02125854, 0.0, 12, 青春X游戏
06430165, 0.0, 12, 绯闻女孩
25853089, 0.0, 14, 年轻派营销
04931887, 0.0, 15, 80后婚姻全景日记
19987169, 0.0, 17, 我们那些傻乐傻乐的小青春
25800807, 0.0, 36, 脱光的青春
25926968, 0.0, 54, 南田
