2020-07-05 15:59:52

number of books, tag name
106, QQ

ID, rating, votes, title
01082387, 9.3, 35131, 一九八四·动物农场
01205054, 9.0, 49786, 悲惨世界（上中下）
01088065, 8.7, 71892, 阿Q正传
03576486, 9.1, 31087, 小狗钱钱
01034282, 8.8, 46649, 时间简史
01013208, 8.4, 63346, 如何阅读一本书
01970428, 8.8, 28882, 激荡三十年（上）
01786387, 8.6, 39605, 影响力
01433640, 9.3, 11921, 猜猜我有多爱你
20381804, 9.4, 8037, 冰与火之歌·卷五·魔龙的狂舞（全三册）
05437113, 9.1, 10733, 窗边的小豆豆
01004088, 9.0, 8173, 长袜子皮皮
01427538, 9.4, 3440, 《父与子》全集
01758767, 8.2, 14872, 人气绘本天后高木直子作品典藏（全6册）
02117875, 8.8, 4096, 我爸爸
02117871, 8.8, 4081, 大卫，不可以
02121010, 8.8, 3932, 我妈妈
26929955, 7.8, 14297, 腾讯传
02123287, 9.4, 1550, 小熊宝宝绘本（全15册）
03338216, 9.4, 1406, 猜猜我有多爱你
24107596, 8.1, 6506, 神经漫游者
03095037, 9.1, 1447, 听音乐（插图第6版）
10560097, 9.3, 1133, 不一样的卡梅拉（1-10册）
03288908, 9.0, 1479, 集体智慧编程
01289908, 9.5, 786, 加菲猫全集
01027814, 8.3, 3029, 鲁滨孙飘流记
25808738, 8.9, 1313, 阴阳师典藏合集
01186703, 8.6, 1699, 妞妞：一个父亲的札记
04736118, 7.9, 3460, 结网
01032764, 7.7, 3739, 小时候就在想的事
03910853, 9.3, 539, 可爱的鼠小弟(全12册)
03621942, 8.3, 1563, 了不起的狐狸爸爸
01000134, 9.0, 699, 三毛流浪记全集
02119272, 9.1, 596, 忙忙碌碌镇
05376384, 8.1, 1585, 结网
03354744, 8.9, 606, 逃家小兔
03651087, 9.0, 542, 噼里啪啦系列（共7册）
02119381, 9.3, 406, 轱辘轱辘转
02174873, 8.3, 1028, 玄想
02344105, 8.0, 1291, 把妹達人之謎男方法
04943558, 9.3, 303, 青蛙弗洛格的成长故事-全12册
03545807, 8.7, 386, 母鸡萝丝去散步
02130688, 8.3, 569, 我喜欢书
01447704, 9.4, 198, 法布尔昆虫记
01734002, 8.1, 661, 你不知道的自己
20556208, 7.5, 1283, 故国人民有所思
01315045, 7.7, 883, 7月7日晴
10459904, 9.3, 177, 神奇校车-穿越飓风
04718495, 7.8, 711, 英语思维是这样炼成的
10460408, 9.2, 173, 揭秘汽车
02119364, 8.7, 236, 斯凯瑞最受欢迎的故事
03042990, 7.4, 866, 郎朗 千里之行：我的故事
02974038, 8.1, 356, 迟子建散文
01036823, 9.2, 131, 汉语诗律学
20278327, 5.8, 18892, 谁的青春不迷茫
02056608, 8.7, 175, 会讲故事的单词书
10460412, 9.1, 125, 揭秘机场
10460411, 9.1, 109, 看里面低幼版-揭秘农场
03290333, 6.9, 806, 誓不为妃·下
01489175, 8.4, 130, 宝葫芦的秘密
06048882, 7.7, 208, 坐设计
01444220, 6.1, 2204, 她死在QQ上
01437042, 8.4, 85, 天工开物
10552827, 6.4, 814, 如若有你，一生何求
19980221, 8.0, 103, 米小圈上学记
19980219, 6.7, 417, 米小圈上学记
19980218, 7.7, 111, 米小圈上学记
01735239, 8.5, 57, 给我一个班，我就心满意足了
01479072, 8.1, 76, 消费者行为学
03803825, 9.4, 33, 揭秘科学
04184775, 6.6, 340, 企鹅凶猛
03270017, 8.2, 66, 没头脑和不高兴
01627317, 6.9, 190, 安全驾驶从这里开始
25736439, 7.2, 134, 每个故乡都在消逝
10569809, 9.0, 33, 目覚める前に
01986803, 6.8, 196, 等等灵魂
06778782, 6.7, 192, 我是你的守护星
04091880, 8.5, 38, 上学一二三
19980220, 7.5, 62, 耗子是条狗-米小圈上学记
04143498, 8.3, 35, 冰冷症与吼叫杯-冒险小王子-5
01955476, 9.0, 21, 小玻在哪里
01957034, 9.2, 18, 小玻去散步
03365670, 8.0, 30, 兔子小白系列（全10册）
26941567, 7.4, 39, 茶事未了
10807373, 7.8, 25, 狼群中的朱莉
01128813, 6.2, 71, QQ情缘
04008888, 6.0, 88, 六朝纪事之我主沉浮
01801900, 7.7, 19, 凝露无声
03129039, 7.8, 16, 民间股神
06728682, 7.9, 15, 书的故事
10344704, 6.7, 29, 植物大战僵尸武器秘密故事1
10570571, 7.2, 19, 夢心地
01236802, 7.7, 14, MFC深入浅出
26963595, 6.9, 21, 不要在人多的地方放屁
01801893, 6.9, 16, 无色
01955478, 0.0, 10, 小玻去公园
03988304, 0.0, 10, 老鼠 老鼠
01341245, 0.0, 11, 蚱蜢旅遊記 
10571405, 0.0, 13, 星と月に託して
05348086, 0.0, 14, 电子技术自学指南
10877058, 0.0, 15, 魔法少女在人间-魔术师物语-III
01162017, 0.0, 23, 性知识必读
20445154, 0.0, 23, 蝠星東來5·妖怪の修學旅行
01672778, 0.0, 55, 百位人体模特摄影造型艺术
21757982, 0.0, 78, 微微一吻到天荒
24529593, 0.0, 118, DNF领主
