2020-07-05 15:59:53

number of books, tag name
492, 三毛

ID, rating, votes, title
01084336, 9.0, 576739, 小王子
01770782, 8.9, 647916, 追风筝的人
01200840, 9.0, 251376, 平凡的世界（全三部）
01082154, 9.1, 190795, 活着
01361264, 9.0, 186394, 撒哈拉的故事
01083428, 8.9, 186585, 傲慢与偏见
01060068, 9.2, 79438, 撒哈拉的故事
03674537, 9.1, 87784, 明朝那些事儿（1-9）
01085860, 9.0, 100574, 基督山伯爵
03995526, 8.6, 185200, 目送
06710437, 9.3, 50258, 撒哈拉的故事
01449352, 8.8, 85154, 朝花夕拾
01090043, 8.5, 146978, 倾城之恋
02070844, 8.8, 76289, 梦里花落知多少
01767945, 8.8, 67475, 一只特立独行的猪
01786670, 8.9, 52345, 百年孤独
04242172, 8.1, 230386, 天才在左 疯子在右
06388661, 8.8, 56130, 这些人，那些事
01029111, 8.9, 44654, 哭泣的骆驼
01389960, 9.3, 22831, 七龍珠 34
01066462, 8.4, 103237, 向左走·向右走
01963684, 8.6, 69829, 半生缘
01022060, 8.2, 146119, 狼图腾
01036490, 8.8, 34553, 万水千山走遍
02136140, 8.7, 40388, 雨季不再来
03604517, 9.3, 14974, 撒哈拉的故事
01086249, 8.6, 44973, 荆棘鸟
02068211, 9.3, 12326, 撒哈拉的故事
02068249, 9.1, 15388, 温柔的夜
01418686, 8.7, 27666, 红拂夜奔
03693974, 9.4, 9537, 小王子
01082398, 8.8, 22112, 梦里花落知多少
01056733, 8.3, 50627, 地下铁
01853785, 8.8, 19037, 天是红河岸
03311253, 9.0, 12976, 额尔古纳河右岸
01083762, 8.7, 20481, 人类的群星闪耀时
01056315, 8.8, 17437, 总统是靠不住的
03607117, 8.9, 14584, 稻草人手记
01812439, 8.1, 53774, 步步惊心
03673671, 9.1, 9231, 梦里花落知多少
06558707, 9.0, 10216, 梦里花落知多少
03426869, 7.8, 80127, 三生三世 十里桃花
04074636, 7.6, 121323, 放学后
01082518, 7.9, 59966, 麦田里的守望者
01794844, 8.5, 19466, 有一天啊，宝宝……
01026035, 9.1, 7781, 你看起来好像很好吃
01420862, 8.9, 10068, 孩子你慢慢来
01050339, 7.7, 77672, 文化苦旅
01760548, 9.2, 6126, 三毛作品集
10757939, 8.7, 12338, 红玫瑰与白玫瑰
03673672, 9.1, 6839, 温柔的夜
01125186, 8.5, 16404, 半生缘
01039752, 7.8, 57364, 且听风吟
04238162, 9.4, 4307, 昨日的世界
03604520, 8.7, 10955, 雨季不再来
26997048, 9.1, 6213, 撒哈拉的故事
03713237, 8.8, 9138, 亲爱的三毛
20431965, 8.5, 12989, 只有医生知道!
03608235, 8.5, 12866, 失物之书
03642673, 8.0, 30126, 我执
01082399, 8.6, 10918, 闹学记
03987362, 8.9, 6948, 春雪
03698398, 9.0, 6036, 万水千山走遍
01065239, 8.6, 10522, 我的宝贝
01045352, 8.8, 7786, 二十首情诗与绝望的歌
21346636, 9.5, 3141, 三毛典藏全集
02136133, 9.0, 5695, 万水千山走遍
06558708, 8.9, 6003, 稻草人手记
06558706, 8.9, 5973, 温柔的夜
03698390, 8.6, 8729, 送你一匹马
01016300, 7.1, 161990, 梦里花落知多少
03616310, 7.6, 47493, 小团圆
03432304, 8.9, 5314, 大江东去（共三部）
01064682, 8.8, 6023, 稻草人手记
01361263, 9.0, 4357, 哭泣的駱駝
06558705, 8.5, 8598, 雨季不再来
02129427, 9.0, 4197, 三毛从军记全集
04012128, 9.0, 4088, 星空
06558709, 8.6, 6987, 万水千山走遍
01851955, 9.3, 2738, 唐诗三百首
01049189, 7.3, 73925, 1995-2005夏至未至
01009273, 9.2, 2935, 三毛流浪记（全集）
03723589, 8.5, 7394, 滚滚红尘
20370889, 8.6, 6333, 霍比特人
03561591, 7.9, 19288, 凤囚凰（上中）
03054373, 9.2, 2600, 荷西 我爱你
01013801, 8.8, 4219, 倾城
01050870, 9.3, 2220, 三毛经典作品（上下）
03143537, 9.4, 1978, 津巴多普通心理学
03735576, 8.6, 5112, 我的宝贝
01049348, 8.9, 3289, 万历十五年
03698217, 8.5, 5358, 花田半亩
03905366, 7.8, 16450, 迟到的间隔年
01382836, 8.7, 3858, 傾城
01471701, 8.8, 3369, 梦里花落知多少
01382829, 8.6, 4388, 萬水千山走遍
01082416, 8.9, 2848, 温柔的夜
03927199, 8.1, 8569, 后宫·甄嬛传VII
01382838, 8.3, 6252, 雨季不再來
01382840, 8.7, 3520, 背影
01856285, 7.2, 47608, 人生若只如初见
03740431, 8.4, 5306, 灵魂只能独行
01025243, 8.4, 5208, 雨季不再来
06815826, 8.6, 3754, 亲爱的三毛
03621542, 8.4, 4933, 蓝房子
03759808, 8.7, 3183, 流星雨
01489494, 8.5, 4022, 人与永恒
01999519, 9.2, 1689, 三毛全集
20257843, 8.3, 5335, 蛙
01119204, 9.3, 1509, 撒哈拉的故事
01441707, 8.2, 5919, 小蝴蝶小披风
01128376, 8.8, 2535, 背影
01626532, 9.5, 1157, 地藏菩萨本愿经
01382842, 8.8, 2486, 夢裡花落知多少
01382844, 8.7, 2769, 鬧學記
01037716, 8.7, 2737, 我的灵魂骑在纸背上
01382834, 8.6, 2965, 溫柔的夜
01731521, 8.2, 5134, 生死桥
01082417, 8.5, 3244, 送你一匹马
06815824, 8.3, 4219, 送你一匹马
01082369, 8.4, 3547, 滚滚红尘
01434435, 8.3, 4072, 春琴抄
01470742, 9.2, 1229, 撒哈拉的故事
01047066, 8.6, 2461, 亲爱的三毛
06815827, 8.3, 3525, 我的宝贝
06815828, 8.4, 3050, 流星雨
06820477, 8.2, 3970, 滚滚红尘
01061572, 8.5, 2588, 随想
01382833, 8.3, 3316, 送你一匹馬
01471705, 8.7, 1815, 送你一匹马
01788967, 8.6, 2046, 我们这一代
11614293, 7.5, 10702, 人生需要揭穿
03018322, 7.5, 10443, 活着活着就老了
01033347, 8.7, 1713, 高原的百合花
01471703, 9.0, 1099, 哭泣的骆驼
03223552, 7.8, 5261, 转山
02137719, 9.1, 917, 撒哈拉的故事
03816834, 7.7, 5637, 兰因·璧月（上、下）
19965972, 7.5, 7844, 我读书少，你可别骗我
01389906, 8.6, 1536, 我的寶貝
03877113, 9.1, 870, 異鄉人
02301377, 9.2, 781, 玛法达
01471687, 8.9, 1046, 背影
01046385, 7.1, 15888, 毒
03726316, 9.8, 429, 郎雀
01082414, 8.6, 1390, 我的快乐天堂
01082415, 8.2, 2283, 谈心
03359739, 7.6, 5564, 格子间女人
25803923, 7.8, 3999, 你是我不及的梦
01398394, 8.6, 1114, 倾城之恋
01000134, 9.0, 699, 三毛流浪记全集
26997078, 8.6, 1049, 梦里花落知多少
05417810, 8.1, 1943, 三毛1943-1991
01471704, 8.8, 831, 稻草人手记
06974199, 8.7, 916, 小毛驴与我
05976294, 9.1, 590, 撒哈拉歲月
03902723, 8.5, 1106, 谢谢你毛毛兔
20394952, 7.9, 2350, 九篇雪
01471691, 8.8, 764, 倾城
01603984, 8.0, 1879, 希腊神话故事
26995850, 8.4, 1125, 雨季不再来
01053752, 9.3, 442, 玛法达的世界  全集A
01005121, 9.2, 479, 三毛流浪记
01251857, 8.9, 632, 梦里花落知多少
34785038, 9.1, 482, 楚辞
03290169, 9.2, 439, 哭泣的骆驼
26997095, 8.8, 642, 温柔的夜
03662614, 7.9, 1732, 淡江记
01118325, 8.4, 879, 雨季不再来
01382830, 8.6, 701, 高原的百合花
01039572, 9.6, 276, 季诺漫画全集
30266095, 8.0, 1333, 一个刑警的日子
03407873, 9.5, 284, 撒哈拉的故事
01471706, 8.5, 728, 我的宝贝
34709934, 7.9, 1479, 奇葩说：爱情需要反复讨论
01822810, 8.2, 987, 浮躁
26995854, 8.5, 679, 稻草人手记
19987957, 7.4, 2918, 寡人有疾
26997185, 8.8, 482, 亲爱的三毛
01134432, 8.8, 463, 稻草人手记
03144439, 8.9, 411, 闹学记
19899834, 7.1, 4280, 只愿你曾被这世界温柔相待
04130055, 7.0, 5115, 跨过千年来爱你
01808767, 7.3, 2913, 岛（VOL.7）
03891438, 9.5, 235, 三毛流浪记
01228765, 8.8, 426, 倾城
01792257, 9.4, 248, 三毛流浪记
03041317, 8.8, 416, 我的靈魂騎在紙背上
02137722, 8.7, 456, 梦里花落知多少
30370935, 7.6, 1693, 海胆
19951341, 7.6, 1667, 完美无缺的名侦探
02134985, 9.1, 287, 闹学记
02137685, 9.1, 284, 稻草人手记
33422386, 7.2, 2725, 世界尽头的咖啡馆
01015275, 9.2, 254, 三毛从军记
02125321, 9.1, 265, 现当代名家精品书系 三毛作品集
02031530, 9.0, 275, 万水千山走遍
03247224, 8.8, 327, 昆虫记
02137682, 8.7, 326, 温柔的夜
03332786, 9.6, 152, 三毛流浪记选集
02995375, 8.3, 467, 天狗
26995855, 8.2, 508, 万水千山走遍
30251600, 8.2, 508, 书店女孩
03078944, 8.2, 488, “坏”女人有人爱
26997134, 8.6, 320, 送你一匹马
02137721, 8.5, 351, 送你一匹马
20471312, 8.4, 378, 大自然的艺术
01068437, 9.4, 157, 玛法达的世界：娃娃看天下(B卷3册)
26416549, 8.1, 491, 兰屿之歌 清泉故事
03594808, 9.1, 192, 萧红十年集
01289000, 8.3, 393, 滚滚红尘
26997307, 8.7, 267, 流星雨
01471700, 8.3, 383, 随想
30264897, 9.0, 199, 浮生六记
03223252, 9.3, 157, 百年孤寂
03094686, 7.6, 799, 銀座媽媽桑說話術
01011375, 9.0, 186, 三毛从军记
02137632, 9.0, 185, 天堂之鸟
05299768, 8.7, 236, 希腊左巴
27614881, 7.5, 864, 咔嚓！老田就爱高丽丽
05501097, 7.5, 849, 三毛的最后一封信
02137720, 8.2, 359, 雨季不再来
26997273, 8.5, 267, 我的宝贝
01748847, 8.0, 438, 少年维特之烦恼
04922599, 9.1, 150, 撒哈拉故事
26608213, 8.6, 226, 刹那时光
30203909, 9.2, 139, 此间风雅
27609614, 9.6, 104, 爱丽丝漫游奇境 双语版
30395156, 8.8, 184, 苗疆道事3：热血年代
01090115, 8.1, 351, 送你一匹马
03172425, 9.1, 140, 倾城
01027659, 7.4, 757, 海岩文集--你的生命如此多情
06962656, 9.1, 137, 三毛流浪记
01856942, 9.2, 121, 三毛经典作品集——月落乌啼
03290157, 9.1, 130, 温柔的夜
01723594, 9.4, 103, 三毛作品选（台湾文学丛书）
33390411, 9.5, 96, 做一个特立独行的女子：三毛传
19946758, 7.9, 352, 古書堂事件手帖 02
03598751, 9.0, 129, 梦里花落知多少
27038949, 8.0, 310, 人情之美
30299151, 8.1, 278, 只要群星依然闪耀
02137631, 8.6, 174, 滚滚红尘
02137735, 8.4, 197, 我的宝贝
30186355, 8.3, 211, 奥吉和我
10429593, 9.6, 79, 三毛全集-全11册
30153077, 9.1, 109, 一九八四
20472036, 7.1, 825, 众声喧哗
02268814, 8.7, 145, 倾城
30359044, 8.6, 151, 三言二拍
03657207, 9.1, 102, 撒哈拉的故事
03041280, 8.8, 127, 随想
30216318, 8.8, 126, 亲爱的，去生活
34432038, 7.7, 348, 选准赛道再奔跑
30324826, 7.8, 292, 心碎博物馆
03932742, 8.8, 118, 三毛经典作品集
03243026, 9.3, 82, 稻草人手记
03053817, 9.0, 100, 背影
01351537, 9.3, 79, 娃娃看天下（全集2）
30166774, 7.0, 731, 只在此刻的拥抱
03144474, 9.3, 78, 万水千山走遍
07063979, 6.9, 832, 小学教材全解-四年级语文下
30224133, 8.5, 136, 我们内心的冲突
25927547, 8.3, 155, 三毛流浪记
26997278, 7.9, 223, 滚滚红尘
20411579, 6.6, 1230, 你是锦瑟 我为流年
30259299, 7.4, 383, 侣行3
01103404, 8.9, 95, 名家名著经典文集
03041300, 8.4, 139, 我的宝贝
30170720, 7.1, 556, 月下美人来（全二册）
03041293, 8.8, 101, 三毛说书（有声书）
03361748, 6.4, 1702, 倾世皇妃
22187393, 8.5, 120, 思念的長河
06820506, 8.7, 101, 撒哈拉的故事
01948777, 8.3, 135, 雨季不再来
30446566, 7.9, 194, 怎样写故事
03657210, 9.1, 73, 哭泣的骆驼
01069753, 8.8, 88, 走进生物王国/三毛大世界
03121395, 7.6, 251, 三毛传
03290179, 8.7, 94, 梦里花落知多少
30384254, 8.7, 92, 大明帝局
33390408, 8.9, 79, 不讨好，不将就，做喜欢的自己
03447902, 8.8, 78, 三毛从军记
02269110, 9.7, 45, 三毛从军记
03244227, 8.8, 76, 夏日烟愁
20472859, 7.3, 294, 我看到的世界和你们不一样
03313320, 8.9, 69, 雨季不再来
27620829, 7.7, 182, 长此以忘
30196434, 8.0, 135, 你的气质里，藏着曾走过的路
34918470, 8.3, 102, 世界上有一个你，只有我知道
30411500, 8.1, 120, 汪曾祺书信集
02348568, 7.5, 211, 二三毛——三毛传记
05350892, 9.6, 43, 奔走在日光大道
20502196, 7.5, 207, 越二越单纯
30282316, 6.4, 902, 格雷巴旅馆
01856940, 9.0, 59, 三毛经典作品集续编——走出寂寞
27069153, 6.1, 1471, 人生效率手册
30194898, 8.7, 68, 金陵十三钗
10864433, 8.7, 67, 三毛作品集
30301898, 8.7, 66, 一个普林斯顿妈妈的女儿经
21328167, 7.3, 222, 温暖躯壳
06028321, 9.1, 50, 稻草人的微笑
01792258, 9.5, 39, 三毛从军记
33383834, 8.8, 58, 原谅我有点笨拙的少女心
06559166, 6.7, 436, 三毛台北地图
30177016, 8.2, 88, 名门
33419568, 7.1, 250, 私募投资新时代 私募股权投资策略 趋势及热点分析
06748307, 8.7, 60, 夢中的橄欖樹
33436463, 7.5, 159, 那不勒斯的黎明
30371905, 7.7, 128, 三毛传：你松开手，我便落入茫茫宇宙
20387103, 8.5, 67, 珞珈路
30486358, 7.4, 169, 《断网生活》
30217643, 7.9, 102, 恶之花
01209015, 8.7, 55, 三毛从军记全集
01044331, 9.8, 30, 三毛流浪记
30426440, 8.1, 82, 无岸的海
01450271, 8.3, 70, 凄美的欢颜
25723522, 8.3, 69, 烟花易冷：三毛与荷西
03040310, 8.8, 49, 兰屿之歌
34658288, 8.0, 86, 漫画区块链
19930309, 7.0, 217, 最远的旅行，是从自己的身体到自己的心
30187315, 7.7, 104, 成为弗洛伊德
04013637, 9.6, 30, 稻草人手記
27041619, 7.4, 129, 特别敢，又特别美
30271955, 9.1, 36, 台湾论学
02368750, 8.7, 44, 背影
03030295, 6.5, 350, 情倾天下Ⅲ大结局
24323298, 7.9, 75, 情若入画
02137715, 7.9, 74, 谈心
03041304, 8.7, 42, 流星雨（有声书）
04273410, 9.0, 35, 撒哈拉的故事
01197693, 7.2, 134, 中国才女的红尘旧梦
27665263, 7.0, 166, 佳期如梦之今生今世
01108636, 8.5, 46, 世界名画欣赏(第2辑共10册)
30459063, 7.9, 70, 天下商帮
01030810, 8.3, 52, 三毛迎解放
34451205, 8.8, 38, 慢崛起
03144458, 8.4, 48, 谈心
27118356, 7.7, 79, 刻意练习的精准话术
33404599, 9.1, 31, 幽默的生活家
01542079, 7.7, 78, 懒得哭
26286030, 8.3, 49, 玛法达的世界（全十册）
30215075, 8.0, 60, 七盲
01657539, 7.6, 82, 为了忘却的纪念
30206490, 7.3, 105, 甜甜甜甜的小时光
27104109, 8.3, 47, 书法课：临帖九讲
30223945, 7.2, 114, 吸引
30226470, 8.1, 52, 男男女女
23714005, 6.7, 191, 因为懂得
03919410, 7.9, 59, 林语堂散文
06827886, 9.1, 28, 快樂鬧學去
26253881, 8.2, 46, 听说
05348239, 8.3, 43, 把快樂當傳染病
27100841, 10.0, 18, 三毛典藏全集(共14册)
30248370, 6.6, 189, 世味余年
30289526, 6.3, 280, 冬至
27609638, 7.1, 105, 豆瓣电影日历2018（套装版）
03178404, 8.2, 42, 三毛散文遗作·名篇·精言欣赏
03240019, 8.6, 32, 随想
30222644, 6.3, 250, 深度成长
30221842, 8.5, 33, 玩绘本，学英语
03348317, 7.0, 104, 诸子百家看金庸Ⅰ
02378017, 8.2, 39, 清泉故事
26279283, 7.1, 92, 你是锦瑟 我为流年
26364784, 7.0, 100, 三毛
01488107, 8.2, 36, 三毛新生记
03172426, 9.4, 19, 万水千山走遍
01142614, 7.4, 61, 三毛传奇
06946661, 9.1, 21, 心裏的夢田
03014692, 9.3, 19, 台湾名家名作丛书
01427247, 7.6, 50, 上海Memory：张乐平画笔下的三十年代
30236922, 8.2, 33, 总有一天会长大
30155727, 6.2, 218, 环太平洋2
30264521, 6.9, 86, 蝴蝶之刃
30348594, 5.5, 677, 我们最好的十年
06946662, 8.5, 26, 永遠的寶貝
27620314, 7.8, 39, 三毛传
27140273, 7.2, 62, 螺丝在拧紧
01438218, 7.3, 56, 在西撒哈拉踏寻三毛的足迹
30173562, 7.3, 56, 同门(精)
27114897, 7.7, 41, 给孩子的音乐
30365483, 8.8, 21, 最是诗经惹情扉：典藏版
01097612, 7.1, 63, 实用人体模特摄影.坐姿篇
01451560, 7.3, 53, 三毛传(永远流浪)/侠情小说名家传记
30193377, 6.5, 116, 路人甲
26304334, 7.0, 67, 永远的红尘追梦人
30373073, 7.7, 38, 拒绝之书：365种方法说不
20444211, 6.1, 190, 撒哈拉的眼泪
01286204, 8.1, 29, 打开世界之窗/三毛大世界
30275754, 8.3, 25, 失恋这件小事
01098952, 8.0, 29, 三毛解放记/精装
30278333, 6.7, 81, 后来，我们交换了青春
06730599, 7.5, 40, 送你一匹马
30219027, 8.1, 26, 心是孤独的猎手
25845862, 7.5, 38, 世间曾有三毛
03095688, 6.8, 66, 钟
03313324, 8.4, 21, 谈心
27077119, 7.4, 39, 梦里花落，泪尽撒哈拉 : 三毛传
25844049, 7.7, 31, 請代我問候
25763134, 7.2, 43, 许我一生流浪，陪你地老天荒：三毛的今生今世
03087424, 7.5, 34, The Book of Illusions
01432577, 7.3, 39, 佛灭
27141672, 7.3, 39, 预见
01076513, 9.3, 13, 张乐平漫画选
01929896, 8.3, 20, 我的漫画生活
01488106, 8.2, 21, 三毛解放记
03186273, 7.5, 32, 兰屿之歌
03538059, 6.1, 121, 听三毛讲远行
01059987, 6.3, 94, 三毛，你为什么失约
27038450, 6.9, 50, 夏七酱的简笔画教程
25783592, 5.6, 256, 撒哈拉不哭泣：三毛传
30222198, 6.6, 66, 区块风波
27096442, 7.0, 45, 短片剧本写作
10472905, 8.5, 16, 三毛作品集
30229891, 7.1, 37, 细雨慢煎一湖春
27136942, 6.5, 59, 我不能恋爱的女朋友
01150782, 7.5, 26, 河北第一秘
30199415, 8.0, 19, 三毛：选择一种姿态，活成无可取代
01027041, 8.2, 17, 张乐平连环漫画全集（全二册）
33445300, 7.8, 21, 百万英镑
27097459, 5.8, 130, 人生电影院
06730551, 8.4, 15, 温柔的夜
26782105, 7.3, 27, 我是凡尘一粒沙
30286885, 5.6, 164, 怎样管精力，就怎样过一生
04733970, 8.3, 15, 三毛物语
04121709, 7.5, 23, From Goddess to Mortal
02828384, 7.1, 30, Erotic Manga: Draw Like the Experts(黄色漫画：像高手一样画)
30271032, 7.3, 26, 三毛传 给流浪的心灵找归属
30460127, 7.9, 18, 第84封情书
30361662, 5.6, 146, 青梅竹马是你，新郎还是你
06831179, 8.7, 12, 流浪的終站
30152953, 7.0, 30, 甘えるなら真夜中に
30223224, 7.0, 28, 四季庭园
01849335, 6.9, 30, 从川端康成到三毛
27153913, 5.5, 136, 热爱点什么，才能与世界相爱
25863697, 7.5, 19, 三毛
01911577, 7.8, 16, 永远珍藏的三毛（全十册）
05413108, 7.6, 17, 三毛傳
30316209, 6.5, 35, 三毛传
30205642, 5.9, 60, 极度调查
01440837, 7.0, 22, 徽商
10443156, 7.6, 15, 三毛的回声
10784996, 6.3, 34, 每想你一次，天空飘落一粒沙
30193380, 6.6, 26, 提问的逻辑
34817076, 7.2, 17, 三毛传：你松开手，我就落入茫茫宇宙
30426695, 7.3, 16, 你是锦瑟 我为流年：三毛的万水千山
30194694, 7.4, 14, 猛虎工作法
30414178, 4.8, 219, 苦难英雄任正非
20396724, 6.5, 22, 你若盛开 清风自来-世间曾有三毛
31479339, 7.0, 15, 流浪的面包树（新版）
26674144, 6.3, 24, 三毛传
27604884, 6.9, 15, 致命真相
03243018, 7.0, 14, 随想
10528483, 7.2, 12, 三毛最後一封信
01053772, 5.3, 53, 哭泣的百合
03773311, 7.1, 11, 三毛三毛
24380227, 5.8, 25, 梦里花落惜别离
26341815, 5.9, 17, 狂流
07060984, 5.3, 28, 万水千山
20380315, 4.8, 30, 流光不负 岁月静好
24502107, 5.4, 13, 谁家的女儿在天涯
27078226, 4.3, 45, 地铁异事簿
25856492, 4.4, 35, 来不及好好告别
01459525, 3.7, 272, 三毛真相
02146499, 0.0, 10, 谈心
02227411, 0.0, 10, 三毛——才女遗情佚事（光盘+书） (平装)
03436401, 0.0, 10, 我的寶貝
04006354, 0.0, 10, 弘一大师传
20280773, 0.0, 10, 第一次出门
01021957, 0.0, 11, 三毛翻身记
26860891, 0.0, 11, 课外侦探组系列校园探案小说1
27070106, 0.0, 11, 喀纳斯谎言2
30185241, 0.0, 11, 亲爱的爱丽丝
30370355, 0.0, 11, 胡桃夹子和四个王国（迪士尼经典官方小说）
19985946, 0.0, 12, 我的第一套动物行为体验书
02269132, 0.0, 13, 三毛爱科学
06845247, 0.0, 13, 临时急需一句话·日语
01093238, 0.0, 14, 麻将赢家36招
03165324, 0.0, 14, 术书
04079506, 0.0, 14, 三毛的生死簿
11579749, 0.0, 15, 小甘作文·高中作文万能素材
03005137, 0.0, 16, 发现隐形的翅膀
27124320, 0.0, 18, 别让不会拒绝害了你
03051266, 0.0, 20, 理想的风筝 语文六年级下册 同步阅读
33454615, 0.0, 21, 细品最美唐诗
33143777, 0.0, 22, 45号的怪邻居
03123887, 0.0, 23, 三毛的世界
34852779, 0.0, 33, 五极之遗传
30205693, 0.0, 36, 乔小姐，我是你的沈先生
30351323, 0.0, 49, 植物大战僵尸2·恐龙漫画 恐龙之王
06772432, 0.0, 58, 最幸福的距离
26606183, 0.0, 59, 一笙相惜
20513683, 0.0, 77, 2013年春季·七彩课堂4年级语文下册
