2020-07-05 15:59:53

number of books, tag name
178, 上古

ID, rating, votes, title
03426869, 7.8, 80127, 三生三世 十里桃花
03079029, 8.7, 12314, 大秦帝国
01060025, 8.8, 5888, 中国近代史
10740021, 7.6, 24021, 三生三世 枕上书
01400048, 8.5, 5253, 搜神记Ⅰ-神农使者
01185908, 8.6, 4418, 东周列国志（上下）
03707886, 8.9, 2872, 中国通史
01224279, 9.2, 1932, 中国法律与中国社会
01823533, 8.7, 3413, 山海经
01007196, 8.6, 3701, 闲情偶寄
01203363, 9.1, 1799, 中国小说史略
01400049, 8.6, 3053, 搜神记Ⅱ·大荒惊变
24714201, 8.2, 5331, 长相思2
01436959, 8.7, 2554, 搜神记Ⅵ·似是故人来
03903387, 7.5, 15677, 香蜜沉沉烬如霜
01426673, 8.6, 2682, 搜神记Ⅲ·灵山十巫
01608873, 9.3, 1168, 山海經
01426674, 8.6, 2592, 搜神记Ⅳ·太乙火真
01436958, 8.6, 2582, 搜神记Ⅴ·三生石
01921589, 9.0, 1482, 周易
01905742, 8.8, 1837, 金枝（上下册）
01878819, 8.5, 2268, 蛮荒记1·鲲鹏
24877203, 7.9, 5299, 长相思3
03330173, 8.7, 1581, 蛮荒记Ⅵ·刹那芳华
01007577, 9.0, 1106, 唐诗杂论
25735699, 7.5, 8286, 三生三世 枕上书·终篇
02111238, 8.7, 1334, 蛮荒记3·蜃楼志
01921433, 8.6, 1492, 蛮荒记2·青帝
04231732, 9.1, 832, 历史研究（上下卷）
03674734, 8.1, 2758, 涿鹿
05038750, 9.1, 793, 读书指南
03330160, 8.6, 1324, 蛮荒记Ⅳ·天元
02226332, 9.4, 544, 稼轩词编年笺注(增订本)
01322081, 8.8, 826, 诗论
02244881, 8.4, 1265, 宝珠鬼话之锁麒麟
02049866, 9.0, 631, 山海经校注
03423098, 8.6, 941, 波峰与波谷
01002262, 9.1, 560, 宋元戏曲史
03335787, 8.6, 882, 蛮荒记Ⅲ·蜃楼志
10749611, 7.5, 3770, 上古
24522663, 7.5, 3160, 易中天中华史：祖先
01322186, 8.8, 565, 秦汉的方士与儒生
01596488, 8.1, 1200, 鲁滨逊漂流记
01168976, 9.2, 363, 納蘭詞箋注
01811507, 8.6, 597, 历史哲学
02984029, 9.6, 241, 王右丞集箋注
26782702, 8.3, 798, 何以中国
03423150, 9.2, 316, 二晏词笺注
01518339, 9.4, 266, 李清照集笺注
01211051, 8.6, 535, 罗马帝国衰亡史（下册）
01032341, 9.1, 330, 帛书老子校注
02310478, 9.4, 252, 玉谿生詩集箋注
02376738, 8.5, 504, 阅微草堂笔记
01052829, 9.0, 309, 士大夫政治演生史稿
03989542, 8.4, 523, 宝珠诡话之翡翠小人
01015541, 8.5, 430, 诗经译注
25850080, 8.0, 739, 何以中国
03527769, 9.1, 233, 神秘岛（上、下）
03993370, 9.2, 209, 品位与职位
01083255, 7.8, 826, 天舞·青梅
02006842, 8.9, 255, 失落的天书
20516973, 7.5, 1171, 从神话到历史：神话时代、夏王朝
03706510, 9.4, 159, 中国文化思想史九种
03794074, 8.6, 302, 经典常谈
01069473, 9.2, 176, 中国古史的传说时代
03618192, 8.7, 263, 海底两万里
03991955, 8.2, 390, 最早的中国
02285534, 9.1, 163, 震川先生集（上下）
01760849, 9.3, 140, 陶淵明集校箋
02336299, 9.4, 129, 樊川文集
04209085, 8.4, 266, 国学常识
01714304, 9.6, 102, 李白集校注（全四冊）
01203446, 8.7, 194, 文心雕龙札记
01082500, 7.5, 674, 天舞·失落帝都的记忆
01797080, 8.5, 226, 上古神话演义(共四卷)
27149515, 8.5, 216, 中国考古学
01289199, 8.7, 179, 左传译文
26437087, 8.3, 243, 国史讲话：上古
01530269, 9.4, 101, 山谷诗集注（上下）
04238851, 8.2, 210, 从混沌到秩序
01742044, 8.9, 113, 孟浩然诗集笺注
01927927, 9.0, 105, 中国近三百年学术史论
01275271, 8.8, 120, 顾曲麈谈 中国戏曲概论
01273744, 9.4, 75, 全唐诗（全二册）
01424859, 7.5, 374, 神殇·倾天
01021229, 8.6, 125, 论中国学术思想变迁之大势
01083877, 7.1, 555, 天舞·瑶英
01659271, 8.8, 98, 山海经校注（增补修订本）
01979372, 8.8, 97, 伏羲考
01864476, 8.5, 120, 古代城市
01203502, 7.9, 203, 失落的文明：巴比伦
01729000, 7.4, 342, 神殇·永离
01593005, 7.6, 267, 道教史
04209092, 8.2, 132, 中国书画浅说
26415059, 9.1, 66, 彩绘全注全译全解山海经
11520891, 8.7, 84, 宣室志·裴铏传奇
01592981, 8.9, 72, 吴梅村全集（全三册）
01393505, 8.5, 90, 山海经
26837234, 8.4, 89, 中国上古史导论
01734372, 7.6, 155, 清史大纲
01677212, 8.1, 96, 中国思想小史
01926504, 8.4, 76, 求古编
01071937, 8.2, 84, 西洋文化史纲要
01290337, 8.7, 58, 唐前志怪小说史
04583070, 8.6, 60, 周予同经学史论
02248585, 9.0, 45, 古代社會與國家
01914126, 8.3, 68, 儒林外史
02310672, 7.2, 172, 诸神的起源
04219644, 7.1, 188, 古代中国与其强邻
26321302, 9.7, 28, 红楼梦研究
03546468, 8.8, 45, 周禮注疏
03017585, 7.6, 110, 道教
01186708, 8.1, 71, 中亚古国史
02006253, 8.8, 44, 小倉山房詩文集（全四冊）
03034477, 8.2, 65, 中国上古史实揭秘
03082300, 8.2, 64, 老残游记
01092848, 8.2, 60, 日出东方
26276637, 7.2, 143, 先秦古国志
05979764, 8.1, 59, 山谷词校注
11532748, 6.7, 212, 《史记·五帝本纪》讲稿
03093422, 9.1, 30, 吴梅村词笺注
03325396, 8.1, 54, 历史（上下）
01018773, 9.2, 28, 日本学者研究中国史论著选译(第三卷--上古秦汉)
01817724, 7.9, 60, 当代中国史学
01910881, 8.3, 43, 中国古代思想与学术十论
03287942, 8.3, 41, 青铜时代的蕨类战争
01060200, 8.6, 33, 上古汉语的辅音系统
01663358, 8.7, 31, 希腊罗马古代社会研究
26270262, 9.1, 25, 石林词笺注
01014709, 7.7, 57, 中国戏剧史/蓬莱阁丛书
01954589, 9.2, 22, 上海古籍出版社五十年图书总目
01330105, 7.7, 53, 中亚文明史（第1卷）
03041529, 7.8, 49, 中国民间宗教教派研究
01801851, 7.4, 58, 中国上古史演义
01710404, 8.4, 29, 夏商周青铜器研究
01921765, 7.2, 67, 诸神的起源
25758941, 8.9, 21, 孟浩然诗集笺注（修订本）
01813110, 7.8, 38, 中国通史
03095122, 9.0, 19, 汉语
03859936, 8.3, 27, 汉代婚丧礼俗考
01005752, 9.3, 15, 陶渊明全集(附谢灵运集)
03104637, 9.2, 15, 路史
03782710, 8.4, 21, 牧齋初學集（全三冊）
01055579, 7.1, 45, 中国绘画变迁史纲
20429214, 9.5, 12, 张先集编年校注
02375758, 8.4, 19, 古本竹书纪年译注
11520970, 7.5, 32, 唐摭言
02268159, 8.5, 17, 塞种史研究
03037218, 8.2, 19, 原始汉语与汉藏语
01058818, 7.5, 26, 赫梯文明与外来文化
06893737, 7.5, 26, 中国早期国家史话
01507193, 7.6, 24, 黑色春秋
19896429, 8.2, 17, 萍洲可谈 老学庵笔记
04289660, 8.3, 16, 追寻五帝
01722434, 7.7, 22, 周易古史观
02075863, 7.9, 17, 上古汉语同源词意义系统研究
01069959, 8.8, 11, 杜牧全集
03992730, 7.4, 21, 揚雄集校註
02301827, 8.0, 15, 春秋霸主
02270847, 7.9, 15, 安雅堂全集
04230614, 7.1, 23, 邪马台国
11520857, 7.1, 22, 鸡肋编·贵耳集
03055981, 8.4, 11, 中国历史故事－上古、西周
06116255, 7.3, 18, 击壤歌——帝尧时代
02121178, 8.4, 10, 古印度吠陀时代和列国时代史料选辑
02424377, 7.6, 14, 梵学集
06116263, 7.3, 14, 大洪水
25963659, 8.0, 10, 高适集校注（修订本）
02046852, 7.4, 13, 饶宗颐二十世纪学术文集
01057332, 6.3, 24, 神秘的苏美尔人
01929957, 5.5, 28, 中国传统思想总批判
03419541, 5.3, 23, 一口气读完上古史
02301826, 0.0, 10, 战国巨星
02301828, 0.0, 10, 乱世奇才
03264065, 0.0, 10, 巴比伦古文化探研
04191927, 0.0, 10, 栾城集（全三册）
06116262, 0.0, 11, 鼎九州
06851621, 0.0, 11, 王令集
