2020-07-05 15:59:53

number of books, tag name
865, 世界史

ID, rating, votes, title
25985021, 9.1, 131599, 人类简史
01922216, 9.2, 13065, 全球通史(上)
26957760, 8.8, 19763, 世界的凛冬
10583099, 9.1, 10627, 全球通史
05366248, 8.2, 44291, 你一定爱读的极简欧洲史
01922246, 9.2, 8774, 全球通史(下)
01225977, 8.9, 12731, 全球通史（第7版 上册）
25891318, 9.0, 5494, 1453
07055441, 8.8, 5599, 罗马人的故事1
07064370, 9.2, 3325, 罗马人的故事2
25746578, 9.2, 3121, 大英博物馆世界简史（全3册）
25883305, 9.1, 3407, 阿拉伯的劳伦斯
01025643, 8.8, 4788, 全球通史
02326273, 8.9, 3274, 欧洲中世纪史
26314954, 8.7, 3965, 光荣与梦想（套装共4册）
26853835, 8.3, 6765, 丝绸之路
26354440, 9.0, 2517, 野蛮大陆
10541074, 9.2, 1852, 罗马人的故事5
25777432, 9.1, 2073, 罗马人的故事（礼品装，全15册）
26296352, 8.9, 2628, 财富之城
01439441, 9.0, 2299, 伯罗奔尼撒战争史
26276743, 8.6, 3415, 金雀花王朝
25971624, 8.7, 2912, 政治秩序的起源
01315199, 9.1, 1790, 历史研究
01040481, 8.8, 2532, 全球通史
26292964, 8.6, 3161, 世界小史
26588758, 8.9, 2038, 全球通史
33400679, 9.0, 1760, 死屋
34617780, 9.2, 1387, 鸟瞰古文明
10485699, 8.7, 2439, 罗马人的故事3
01125731, 8.8, 2122, 第三帝国的兴亡（上中下）
01036478, 8.9, 1772, 大外交
26298832, 8.7, 2223, 零年：1945
30191803, 7.5, 13782, 半小时漫画世界史
26279878, 8.3, 3668, 历史的教训
26700104, 8.5, 2548, 穿越百年中东
03206270, 8.9, 1547, 拥抱战败
26451505, 8.9, 1541, 伯罗奔尼撒战争
30284738, 9.1, 1200, 罗马元老院与人民
01065142, 8.5, 2412, 欧洲文明十五讲
01063736, 8.4, 2729, 人类的故事
01057653, 8.7, 1856, 草原帝国
22806583, 8.7, 1839, 国家的常识
25904521, 8.9, 1445, Sapiens
34501169, 8.4, 2598, 简读中国史
21325858, 8.8, 1556, 文明的冲突
30411849, 8.6, 1916, 棉花帝国
25899496, 8.8, 1447, 1453：君士坦丁堡的陷落
10762726, 8.7, 1519, 罗马人的故事6
01270509, 8.9, 1168, 中国史学名著
10435653, 9.1, 904, 第三帝国的兴亡（上下册）
25886351, 7.5, 7895, 耶路撒冷三千年
03610090, 8.9, 1086, 第二次世界大战战史
26901940, 8.7, 1311, 征服者
04231732, 9.1, 832, 历史研究（上下卷）
01427023, 9.0, 914, 希罗多德历史（上下）
27084077, 9.0, 907, 利奥波德国王的鬼魂
30221537, 8.7, 1259, 奥斯曼帝国六百年
33408126, 9.2, 704, 征服与革命中的阿拉伯人
26782506, 8.7, 1179, 伊莎贝拉
06428078, 9.1, 767, 罗马帝国衰亡史（套装共6册）
30258604, 8.9, 934, 八月炮火
11589948, 8.6, 1303, 罗马人的故事7
34925415, 9.5, 514, 当权的第三帝国
27172829, 8.6, 1269, 无敌舰队
26825933, 9.0, 817, 不含传说的普鲁士
34928222, 9.4, 542, 第三帝国的到来
01047370, 8.5, 1393, 拉丁美洲被切开的血管
34204669, 8.2, 2000, 日本人为何选择了战争
26834726, 9.2, 636, 大英博物馆世界简史（精装典藏版）
26907972, 8.6, 1139, 现代日本史
27121473, 9.0, 725, 大英博物馆世界简史
27021578, 8.1, 2035, 大国的崩溃
05376976, 8.7, 948, 德意志的另一行泪
27046300, 8.9, 765, 命运攸关的抉择
01197950, 9.2, 552, 希腊罗马名人传
34896921, 9.2, 550, 父权制与资本主义
04822144, 7.6, 3975, 历史是个什么玩意儿3
01915375, 8.7, 865, 西方的没落（全二卷）
26816981, 8.4, 1210, 十二幅地图中的世界史
01421923, 8.2, 1549, 大国的兴衰
26869694, 8.5, 1059, 奥斯曼帝国的衰亡
24744709, 8.8, 747, 罗马人的故事 15
27184989, 9.1, 552, 企鹅欧洲史·地狱之行
01958740, 7.7, 2959, 大国崛起
26905142, 8.9, 648, 罗马帝国的陨落
01058889, 9.1, 524, 西洋世界军事史（全三卷）
25869117, 8.5, 962, 失败的帝国
01421333, 8.6, 852, 世界历史地图集
26592899, 8.6, 851, 政治秩序与政治衰败
20507209, 8.6, 841, 罗马人的故事11
27055137, 8.9, 610, 地中海史诗三部曲
01001356, 9.3, 414, 世界文明史(全24册)
26767261, 8.7, 740, 海都物语
22495539, 8.6, 824, 罗马人的故事12
27025729, 9.0, 536, 天生幸存者
01084604, 8.5, 902, 人类的故事
26826782, 8.5, 881, 恺撒
30297216, 9.0, 518, 克里米亚战争
26639302, 9.0, 497, 世界的演变
25795770, 8.6, 726, 革命的年代：1789～1848
24307334, 8.5, 789, 罗马人的故事13
03555039, 9.0, 467, 现代世界史
25795767, 8.7, 624, 极端的年代：1914～1991
01853552, 8.5, 770, 中世纪的城市
30348068, 8.5, 759, 无规则游戏
20389611, 8.2, 1075, 世界史
01212800, 8.9, 498, 从黎明到衰落
24671185, 8.5, 753, 罗马人的故事 14
01422210, 9.3, 344, A Little History of the World
30226265, 8.7, 595, 教宗与墨索里尼
04852805, 8.7, 590, 希利尔讲世界史
01789833, 8.9, 482, 希腊城邦制度
01020329, 8.5, 726, 世界史纲
30262204, 8.0, 1247, 20世纪简史
26997145, 8.7, 534, 印加帝国的末日
26802226, 8.7, 530, 拿破仑大帝
20406640, 8.8, 473, 英国通史
26827546, 8.4, 706, 大历史
30335758, 8.2, 886, 拉丁美洲被切开的血管
26991064, 8.1, 999, 青年斯大林
02244551, 8.6, 561, 新全球史
27000152, 8.1, 986, 海洋与文明
27081056, 8.1, 981, 世界历史上的蒙古征服
34432198, 8.5, 618, 伊斯坦布尔三城记
26702850, 9.0, 375, 大博弈
34984693, 8.1, 956, 剧变
03031072, 9.1, 337, 历史
26929967, 8.0, 1049, 拜占庭帝国
30234331, 8.4, 654, 你一定爱读的极简欧洲史（增订纪念版）
27008294, 8.7, 473, 事实改变之后
27155983, 8.1, 902, 贸易打造的世界
27001534, 9.4, 247, 十五至十八世纪的物质文明、经济和资本主义
24541892, 9.5, 228, 地中海与菲利普二世时代的地中海世界（全二卷）
27108717, 8.3, 693, 维米尔的帽子
30258601, 8.5, 552, 世界简史
30337300, 8.3, 685, 希腊人的故事
27116331, 7.7, 1446, 瘟疫与人
27598734, 8.7, 446, 审问欧洲
27144820, 9.2, 282, 人类的群星闪耀时
25924103, 8.5, 544, 《战后欧洲史》套装（全四卷）
27665420, 8.8, 401, 美国的故事(共7册)
02998637, 8.6, 487, 俄罗斯史
01031956, 8.9, 360, 美国自由的故事
27078977, 8.4, 590, 十字军的故事（全四册）
26581246, 8.8, 389, 摩登时代
04934524, 9.4, 231, 泰晤士世界历史地图集
03320907, 8.2, 701, 追踪1789法国大革命
27115938, 7.9, 1005, 罗曼诺夫皇朝
30354900, 9.5, 206, 德国
26912644, 8.2, 689, 冷战
26754615, 7.3, 2321, 极简人类史
24859453, 7.4, 1956, 这个历史挺靠谱
01116343, 8.4, 541, 蒙古帝国史
01097745, 8.2, 671, 中国转向内在
25919531, 8.7, 395, 日本史
01254597, 9.2, 251, 15至18世纪的物质文明、经济和资本主义（第一卷）
25746662, 8.7, 390, 基督教与西方文化
27624429, 9.2, 249, 历史
25795769, 8.6, 428, 资本的年代：1848～1875
27194530, 9.3, 229, 人类简史
30426749, 8.8, 349, 皇帝圆舞曲
27593864, 8.6, 421, 马其顿的亚历山大
24699353, 8.1, 721, 现代世界的诞生
01413045, 8.8, 345, 西方文明史
25857922, 8.0, 805, 罗马灭亡后的地中海世界（上下册）
03924546, 8.5, 453, 写给大家的简明世界史
26916427, 8.5, 453, 为你，耶路撒冷
26801839, 8.4, 499, 1493
26902009, 8.1, 695, BBC世界史
06990290, 8.5, 447, 西欧中世纪史
26262128, 8.9, 303, 圣巴托罗缪大屠杀
26640805, 8.1, 671, 午夜将至
01116356, 8.5, 428, 阿古利可拉传 日耳曼尼亚志
26959626, 8.9, 293, 战争的余烬
25895035, 9.0, 266, 罗马史研究入门
01316549, 8.7, 348, 极端的年代
33446823, 8.5, 421, 民族的重建
27026379, 7.8, 922, 黎明破晓的世界
06800122, 9.0, 260, 泰晤士世界历史
25901133, 9.1, 238, 古拉格
03921409, 8.1, 631, 一个大国的崛起与崩溃（共三册）
04863597, 8.9, 280, 世界文明史
27106738, 9.2, 217, 霍布斯鲍姆年代四部曲（套装共4册）
26708248, 8.4, 450, 奠基者
27600526, 8.8, 293, 金与铁
26443903, 8.4, 424, 卢比孔河
27031979, 9.4, 175, 极端的年代：1914—1991
04920107, 8.1, 580, 奥斯曼帝国闲史
19978001, 8.0, 650, 镜子
27672664, 8.7, 312, 阿尔比恩的种子
30322990, 9.2, 202, 拜占庭帝国史
26764853, 7.6, 1065, 迦太基必须毁灭
26663098, 8.3, 459, 第二次世界大战在亚洲及太平洋的起源
26258900, 8.4, 413, 俄国与拿破仑的决战
27116725, 8.3, 446, 亚洲史概说
03146377, 8.3, 436, 阿拉伯通史(第十版)(上下册)
27050198, 8.7, 294, 向加泰罗尼亚致敬
03990439, 8.5, 354, 希腊史研究入门
26545443, 8.0, 601, 自由的基因
04733982, 8.3, 423, 轴心时代
34432189, 8.5, 340, 罗马的命运
26975985, 8.2, 462, 时间地图
26275182, 8.4, 368, 马丁·盖尔归来（第二版）
26780643, 8.7, 273, 时间线
25841470, 8.4, 360, 1491
30318729, 8.9, 227, 文明的故事
07051892, 7.7, 785, 文明
02149199, 8.7, 264, 世界历史沉思录
25910407, 9.1, 187, 统治史（卷一）：古代的王权和帝国——从苏美尔到罗马（修订版）
26489131, 8.2, 426, 西方那一块土
27031872, 8.4, 346, 这就是奥斯维辛
30362495, 8.7, 258, 企鹅欧洲史·追逐荣耀
27952695, 7.4, 1120, 国家是怎样炼成的
25845900, 8.1, 464, 文明史
30264414, 9.4, 145, 16和17世纪英格兰大众信仰研究
04196798, 8.6, 278, 世界：一部历史
27093323, 8.1, 454, 百年战争简史
30347176, 8.7, 250, 企鹅欧洲史·竞逐权力
30121217, 8.2, 405, 佩拉宫的午夜
25927671, 8.9, 210, 新全球史（第五版）
01130172, 8.6, 272, 塔西佗历史
34872741, 8.2, 403, 印尼 Etc.
01070147, 7.7, 717, 大分流
30475747, 8.7, 248, 自由的声音
34393750, 8.5, 295, 波兰史
04189775, 8.8, 223, 西方文明简史
03288544, 8.7, 242, 希腊人和希腊文明
01160154, 8.1, 430, 亚历山大远征记
27034274, 8.2, 378, 安第斯山脉的生与死
26657357, 7.3, 1145, 世界简史
01002574, 8.8, 213, 资本主义的动力
01128207, 8.8, 211, 英国文化模式溯源
26679372, 8.2, 365, 1968
10546525, 9.6, 114, 不含傳說的普魯士
03149697, 7.7, 641, 日本史
26433342, 8.1, 403, 波斯战火
06559258, 7.9, 501, 西方将主宰多久
30420866, 9.4, 129, DK大历史
30312128, 7.7, 631, 企鹅欧洲史·古典欧洲的诞生
01434309, 8.3, 323, 佛教征服中国
26968875, 7.3, 1056, 用地图看懂世界格局
27186786, 8.7, 219, 缔造和平
30194494, 8.7, 219, 欧洲与没有历史的人
01025390, 8.5, 262, 中世纪的知识分子
26929841, 7.6, 695, 诺曼风云
30165631, 9.1, 157, 越南
33440223, 8.0, 424, 文字的力量
26435504, 8.4, 280, 罗马史
24739620, 9.3, 131, 古埃及圣书字导读
26921758, 7.5, 755, 地理与世界霸权
01492247, 8.6, 227, 蒙古秘史
26983915, 8.2, 331, 欧洲之门
07051898, 7.8, 509, 帝国
01448236, 8.1, 364, 欧洲文明史
26831765, 8.4, 268, 远方之镜
26419441, 8.9, 173, 第三帝国的兴亡（上下册精装）
22993936, 8.6, 222, 现代世界史
30438868, 9.0, 159, 1848
27058898, 8.5, 241, 伯罗奔尼撒战争史
30272669, 8.8, 185, 威权式法治
26043606, 9.3, 126, 美国人
01006020, 7.4, 821, 白银资本
04882056, 7.8, 492, 为什么是欧洲？
26612175, 8.7, 200, 史迪威与美国在中国的经验（1911-1945）
20480829, 8.3, 288, 大国的兴衰（上）
26834908, 9.1, 144, 古代世界历史地图集
06744666, 8.8, 182, 纳粹德国
34857216, 8.7, 196, 传统的发明
01029600, 8.3, 282, 人类与大地母亲
01058291, 8.2, 311, 文明史纲
01449787, 8.7, 195, 绝对主义国家的系谱
34911695, 8.6, 209, 丝绸之路与唐帝国
01037070, 7.0, 1380, 欧洲史
10589345, 9.0, 149, 世界通史
34663162, 8.9, 161, 零年
30262775, 8.2, 299, 春之祭
01223956, 8.2, 298, 古代埃及史
27091014, 8.4, 245, 忠实的刽子手
27025722, 8.1, 327, 最后的十字军东征
20452305, 8.2, 295, 罗马帝国的崛起
01157383, 8.5, 221, 世界文明史
01275318, 8.4, 241, 革命的年代
33387414, 8.6, 201, 奥斯曼帝国
26751893, 7.6, 566, 哈布斯堡的灭亡
26702291, 9.1, 134, 欧洲现代史
06847782, 8.1, 321, 德国的浩劫
26911121, 8.4, 239, 那年夏天
30254388, 8.1, 318, 两个世界的战争
27197930, 9.5, 100, 伯罗奔尼撒战争史
27197932, 8.8, 166, 拜占庭的新生
04218900, 8.8, 165, 美国人的历史
25748806, 8.7, 179, 俄罗斯史
25832876, 9.3, 113, 美国史(1492-1997)(第10版)(彩色插图版)
34785084, 8.4, 231, 亚历山大的征服与神话
27625548, 9.0, 139, 全球史是什么
27139943, 8.5, 209, 雅尔塔
20406641, 7.9, 377, 法国通史
05450668, 8.8, 159, 在传统与变革之间
30259504, 8.2, 271, 伟大的海
25761749, 9.1, 126, 东南亚的贸易时代 1450-1680年 （第一卷）
05380385, 8.3, 245, 两次世界大战之间的国际关系
30312125, 8.3, 245, 企鹅欧洲史·基督教欧洲的巨变
25965978, 8.6, 180, 一战史
30401299, 7.8, 393, 德国极简史
33417161, 8.3, 232, 企鹅欧洲史·罗马帝国的遗产
30398015, 9.3, 104, 全球通史
24705266, 7.2, 821, 忽必烈的挑战
04174167, 9.2, 110, 世界五千年（一）
27044555, 7.9, 333, 哈布斯堡王朝
01311733, 8.7, 157, 帝国的年代
03870856, 9.0, 124, 古希腊政治、社会和文化史
06805252, 8.8, 143, 法国大革命中的政治、文化和阶级
04737314, 8.2, 241, 瘟疫与人
33393515, 7.8, 360, 布达佩斯往事
25927676, 8.8, 141, 新全球史（第五版）
27117513, 8.5, 180, 神祇、陵墓与学者
30370330, 7.5, 508, 埃及四千年
21268040, 8.8, 140, 竞逐富强
27001535, 9.4, 91, 十五至十八世纪的物质文明、经济和资本主义
25953929, 7.4, 573, 一战简史
30319490, 7.6, 446, 国家是怎样炼成的2
30394112, 7.9, 317, 破碎大地
30253367, 8.2, 234, 图说神圣罗马帝国简史
24533463, 7.8, 352, 拜占庭帝国通史
01807777, 8.3, 211, 世界史纲(上下)
34937365, 7.9, 311, 日本的世界观
26390881, 8.5, 175, 中东史
05924297, 8.9, 125, 美国革命的激进主义
25815071, 8.7, 146, 理解早期文明
26355378, 8.2, 224, 制造路易十四
01253917, 8.2, 221, 中国社会史
27019662, 8.9, 122, 地中海与菲利普二世时代的地中海世界
27182225, 8.4, 182, 重释内亚史
26585046, 7.6, 406, 蒙古帝国的兴亡（上下）
25845605, 7.5, 457, 西方将主宰多久
01065579, 7.8, 323, 黄帝
06858528, 8.6, 150, 非洲国
27603635, 8.5, 162, 人类的故事
20480824, 8.3, 193, 大国的兴衰（下）
27001536, 9.3, 88, 十五至十八世纪的物质文明、经济和资本主义
27098943, 8.4, 173, 剑桥美国史
27141016, 8.3, 189, 黑羊与灰鹰
34446247, 8.3, 188, 北方以北
30319982, 7.9, 270, 圣经与利剑
10453202, 8.8, 121, 穆罕默德和查理曼
10781496, 8.5, 152, 全球冷战
01017064, 8.5, 150, 现代世界体系(第一卷)
26587298, 9.6, 69, 大国外交
01052451, 9.3, 83, 德意志史（第一卷 上下）
02047854, 9.3, 83, 国际事务概览.第二次世界大战（全11卷）
26835575, 8.2, 193, 十字军史
02195542, 9.2, 87, 蒙古入侵时期的突厥斯坦
25761765, 9.3, 81, 东南亚的贸易时代 1450-1680年 （第二卷）
26935561, 7.6, 349, 祖先
27024170, 8.5, 145, 一七六六年的卢梭
25927674, 8.8, 114, 新全球史（第五版）
34797388, 8.0, 225, 近代朝鲜与日本
27031977, 8.3, 170, 见识丛书·革命的年代：1789—1848
01790854, 8.8, 113, 发现者
01983155, 7.9, 247, 德国人
26772714, 8.5, 142, 尼赫鲁世界史
27034335, 9.1, 90, 《凡尔赛和约》的经济后果
30264052, 9.4, 74, 西方通史 第一卷
26637794, 8.2, 183, 希腊史
01116324, 8.5, 141, 征服新西班牙信史（全二册）
26831608, 8.5, 140, 1491
11542537, 8.1, 198, 历史的历史
34870279, 8.5, 138, 大征服
01314083, 8.4, 150, 资本的年代
25763756, 9.0, 94, 现代世界体系（四卷本）
30253082, 8.7, 117, 休战
26830154, 8.1, 194, 迷信与暴力
30438786, 7.7, 290, 季风帝国
26596754, 8.3, 160, 欧洲民族大迁徙史话（修订版）
30288944, 7.6, 321, 巴尔干两千年
25902636, 8.7, 115, 希腊人
03645474, 9.4, 71, 近现代世界史（上册）
27157960, 7.8, 256, 古代世界
01278616, 8.3, 157, 国富国穷
30462986, 8.8, 105, 世界宗教（第11版）
01982647, 8.7, 113, 世界史纲
27074730, 8.5, 132, 欧亚皇家狩猎史
30329248, 8.4, 143, “爱国的”独裁者
05950390, 8.8, 104, 美国的奠基时代
25659948, 8.6, 120, 试谈另一个中世纪
34661989, 8.7, 111, 共有的习惯
20393629, 8.5, 129, 美国学生世界历史（上下册）
26847734, 8.2, 166, 苏格兰
26717715, 8.5, 127, 通往工业革命的漫长道路
27044855, 7.9, 216, 阿拉伯人眼中的十字军东征
01022803, 7.2, 467, 世界史:古代史编 上卷
26293216, 7.2, 463, 二战简史
25943355, 7.8, 231, 梦游者
34873200, 8.8, 97, 罗马的复辟
33395089, 8.3, 143, 欧罗巴一千年
30141455, 8.7, 103, 通往权力之路
04202408, 8.1, 169, 法国史
25849011, 8.7, 102, 现代法国的起源：旧制度
26440293, 9.5, 60, 希特勒
34940789, 8.5, 118, 应仁之乱
02057245, 8.0, 182, 钱袋与永生
33376541, 8.6, 109, 梅特涅：帝国与世界
30262589, 8.7, 101, 屠猫狂欢
33408810, 7.6, 271, 国家是怎样炼成的3
26419610, 8.1, 164, 阿拉伯通史（第10版）
06049323, 8.3, 137, 世界史
30402349, 8.3, 137, 西西里史
01934188, 8.9, 86, 全球分裂
26791743, 8.3, 136, 信息图中的世界史
26303797, 8.1, 162, 新世界史（第1卷）
30253366, 7.6, 266, 图说中世纪生活史
34983206, 8.6, 106, 人类大瘟疫
06559326, 7.9, 193, 人类之网
25841472, 7.8, 213, 航海图的世界史
03264894, 8.3, 132, 早期希腊
03219205, 8.5, 112, 第二次世界大战的起源
10576053, 7.6, 257, 德国通史
05252169, 9.8, 48, Iron Kingdom
27069794, 8.8, 87, 全球分裂
30258939, 8.1, 150, 王的归程
29957463, 8.3, 126, 启蒙运动
30147020, 8.0, 164, 城堡的故事
26667847, 7.7, 219, 地中海的衰落
34869428, 8.4, 115, 讲谈社·兴亡的世界史
03041824, 8.8, 85, 中外历史年表
27061706, 7.3, 338, 哈布斯堡王朝
26873429, 8.8, 84, 世界文明史
27084074, 8.8, 84, 世界史前史（插图第8版）
01029388, 8.0, 160, 世界文明史(上下)
02370351, 8.9, 78, 争夺欧洲霸权的斗争
33161209, 8.5, 104, 为什么是英国
34834204, 8.5, 104, 东印度公司与亚洲之海
30284752, 7.8, 192, 江户开幕
11519499, 8.5, 103, 人类与大地母亲
04202374, 8.4, 111, 英国史（上册）
27038525, 7.2, 369, 土耳其简史
27046181, 7.8, 187, 1913
26994853, 7.9, 169, 德意志帝国
27119174, 8.0, 153, 哥伦布大交换
30466183, 8.0, 152, 雅典的胜利
30216915, 7.4, 281, 四夷居中国
26745881, 8.8, 79, 全球通史：从史前到21世纪（上册）
26990451, 9.0, 69, 中斷的天命
27095945, 8.2, 125, 九月的十三天
26766852, 7.3, 309, 杀戮与文化
01885313, 7.5, 245, 世界上下五千年
26275825, 7.4, 272, 泰国通史
26141487, 8.4, 105, 拷问法国大革命
34834428, 8.2, 122, 血夏
30121264, 8.6, 89, 无情之战
04854007, 8.0, 145, 波斯帝国史
26983926, 8.6, 88, 英国人
05423049, 8.2, 120, 如何学习研究世界史
10750408, 9.1, 62, 强权与富足
24733453, 8.6, 86, 人文通识课1：古典时代
27031978, 8.7, 80, 见识丛书·帝国的年代：1875—1914
30372353, 8.0, 139, 自由与毁灭
27089758, 7.6, 203, 日俄战争
26313697, 8.4, 98, 照片里的20世纪全球史：1910年代 蔓延的战争
03077636, 8.3, 105, 古埃及
26806810, 8.6, 82, 绝对主义国家的系谱
26390018, 8.5, 88, 从东方到西方
30266483, 8.2, 111, 古希腊人
26615787, 8.3, 102, 牛津法国大革命史
25837360, 8.0, 131, 柬埔寨
34866949, 7.9, 143, 独霸中东
27106877, 8.2, 110, 美国创世记
34441055, 8.8, 70, 维多利亚女王
30337700, 7.2, 296, 中世纪人
30222822, 7.9, 141, 地图中的历史
01178209, 9.0, 61, 蒙古与教廷
01918878, 8.1, 118, 当代史学主要趋势
27070164, 8.2, 107, 文明史
26877230, 7.6, 185, 英国史（全三卷）
26059042, 8.4, 91, 中世纪的衰落
34978585, 9.3, 50, 战争的试炼
27070163, 8.8, 68, 西方的兴起
27156274, 8.2, 106, 德国人
30449528, 8.2, 106, 托马斯·克伦威尔
01000803, 7.6, 183, 中国现代思想中的唯科学主义
10781491, 8.0, 123, 东亚史
19935184, 9.1, 55, 照片中的世界史
27155944, 8.0, 122, 世界经济简史
26150493, 7.8, 146, 西方的兴起：人类共同体史
27069801, 8.3, 95, 全球史纲
34796954, 7.6, 176, 新食货志
30257744, 8.4, 87, 人类简史
01509491, 7.0, 349, 世界史·近代史编上卷
04863652, 9.2, 51, 宗教改革（上下）
34873198, 7.4, 215, 吃
26268520, 7.4, 213, 大正文化
02129926, 7.0, 342, 彩色欧洲史(全三册)
35006321, 8.2, 100, 条顿骑士团
34830074, 8.3, 92, 沿坟墓而行
26586649, 8.2, 99, 文明的解析
34456273, 7.8, 138, 医疗与帝国
04856969, 8.3, 90, 启蒙到大革命
27136860, 7.6, 165, 中东两千年
19897923, 8.1, 104, 世界史的构造
26838167, 8.6, 71, 新世界史（第2卷）
01245514, 7.1, 284, 查理大帝传
06119874, 8.7, 66, 世界文明史（全11卷）
03662220, 8.3, 88, 剑桥中世纪政治思想史（上、下）
26981524, 6.9, 364, 巴尔干五百年
27611890, 7.7, 146, 餐桌上的世界史
34396190, 7.9, 121, 敌人与邻居
30238533, 8.1, 100, 历史与记忆中的第三帝国
26882520, 7.7, 142, 亚洲的去魔化
26862973, 7.6, 156, 犹太人千年史
30247918, 7.9, 117, 帝国的十字路口：从哥伦布到今天的加勒比史
01056902, 6.9, 345, 世界史
30177161, 7.4, 189, 企鹅欧洲史·中世纪盛期的欧洲
03603416, 7.8, 127, 什么是全球史
24533469, 7.6, 153, 俄罗斯通史(1917-1991)
26612262, 8.2, 90, 世界秩序与文明等级
03602712, 8.9, 55, 希腊史
34978375, 8.9, 55, 普法战争
02452042, 9.5, 39, A People&#39;s Tragedy
26597119, 9.3, 43, 第三共和国的崩溃
03734575, 7.8, 124, 世界历史中的中国
30273295, 7.7, 134, 纳粹的孩子们
34672131, 7.7, 133, 大西洋的故事
34432453, 7.8, 121, 巴比伦
34846908, 8.6, 64, 角斗场外的绅士
26831766, 7.5, 159, 愚政进行曲
30840415, 7.8, 119, 大围攻
34869429, 8.1, 92, 奥斯曼帝国
26942162, 7.5, 158, 全球通史
26983920, 9.1, 46, 英国革命
34432197, 8.1, 91, 女王与苏丹
26855908, 6.9, 311, 欧洲王室另类史
34887403, 9.3, 41, 亚历山大继业者战争
34809822, 7.9, 107, 海上丝绸之路
27095944, 9.0, 48, 雅典帝国的覆亡
01089379, 8.6, 61, 史集（第一卷 第一分册）
34869430, 8.0, 94, 俄罗斯
01577632, 7.6, 133, 一六四〇年英国革命史
34908427, 8.0, 92, 维京人的世界
06119888, 7.6, 131, 波兰史
26810556, 8.5, 63, 从古代到封建主义的过渡
35045199, 8.7, 55, 中世纪的英雄与奇观
24251863, 8.1, 84, 法兰西风格
34895563, 8.3, 72, 轴心时代
01116323, 8.6, 58, 十八世纪产业革命
27119414, 9.2, 40, 英国通史
26613420, 8.6, 57, 大国外交
26810663, 8.9, 47, 人类与大地母亲
01509570, 6.9, 269, 世界史·近代史编(下卷)第二版
34843511, 9.0, 44, 全球通史: 从史前到21世纪（下册）
01442279, 7.6, 124, 喧嚣时代
01376723, 8.5, 60, Communism
06758675, 8.5, 60, 古代罗马史
30391755, 8.3, 69, 草原王權的誕生
01490480, 8.1, 80, 中亚简史
34461204, 7.9, 94, 1789年大恐慌
01557180, 8.7, 52, 英国政治制度史
34802599, 7.4, 147, 波斯笔记
25858692, 8.0, 85, 罗马人（插图第4版）
03398027, 7.4, 145, 大航海时代
34970434, 9.1, 40, 拜占庭的巅峰
06429290, 7.9, 90, 地中海史
25659947, 7.0, 217, 穆斯林发现欧洲
26304580, 7.7, 105, 伟大的博物学家
30395789, 9.3, 35, 加德纳艺术通史
34399201, 9.6, 30, 权力优势
27623526, 8.2, 69, 東印度公司與亞洲的海洋
34970437, 9.4, 33, 拜占庭的衰亡
26828744, 8.8, 46, 文明的历史
27015796, 8.0, 80, 累赘
27072707, 8.2, 68, 冷战1947-1991
01545859, 8.7, 48, 克拉维约东使记
03392049, 8.7, 48, 北魏政治史（一）
30255674, 7.2, 161, 文明的崩塌
01186708, 8.1, 71, 中亚古国史
33446820, 9.3, 33, 日德兰1916
02146289, 8.4, 56, 世界史
04747141, 8.3, 60, 法国革命史
01019401, 7.6, 105, 法老的国度
26994851, 7.8, 88, 美国革命
30286941, 8.1, 69, 行者诡道
03085040, 8.8, 43, 剑桥世界人类疾病史
26673183, 7.3, 138, 人类的演变
26244052, 9.0, 38, 英国海上主导权的兴衰
27606760, 7.7, 94, 大萧条与罗斯福新政
34826220, 9.3, 32, 5000年文明启示录
03312488, 8.8, 42, 世界史便览
30484697, 8.8, 42, 单一民族神话的起源
33402238, 7.7, 91, 法国大革命
27167657, 8.0, 71, 世界征服者
06821245, 8.5, 49, 当代史导论
27083619, 7.2, 143, 大英帝国的崩溃与美国的诞生
34460923, 8.4, 52, 中国与世界社会
04150297, 7.4, 116, 西方文明的东方起源
34618234, 8.9, 38, 无畏的雄心
33386006, 9.1, 34, 世界简史
27619571, 6.9, 197, 一粒砂糖里的世界史
34873566, 8.2, 59, 耶路撒冷三千年（全新增订版）
21871073, 8.5, 48, 悄悄的自杀
30334628, 6.9, 196, 饥饿帝国
26905279, 6.5, 330, 大人物的世界史
30317406, 7.6, 94, 日耳曼尼亚
34446574, 8.2, 58, 气候改变世界
01089377, 8.3, 54, 史集（第一卷 第二分册）
34902086, 7.9, 72, 藏着
30435830, 8.3, 53, 极简人类史
27060598, 8.1, 61, 大食东部历史地理研究
25903853, 8.2, 55, 1660～1832年的英国社会
26284539, 8.5, 45, 欧洲史
26284666, 7.3, 116, 伊斯兰世界帝国
30469079, 8.3, 51, 遏制战略
30420997, 8.9, 35, 东亚古代的诸民族与国家
05325494, 7.4, 103, 苏联真相
24899303, 8.3, 50, 罗芒狂欢节
27176334, 8.3, 50, 美国历史
30354892, 9.9, 21, 西方科学的起源
26695132, 8.2, 52, 世界土地所有制变迁史
26919543, 8.8, 35, 甘地与丘吉尔
26602619, 8.7, 37, 世界史导论
26420786, 7.9, 63, 世界史纲
26772505, 7.6, 80, 人类的历史
27624442, 7.6, 80, 全球史与跨国史
34845955, 7.3, 105, 地中海世界与罗马帝国
27202226, 8.4, 44, 走私如何威胁政府
26990934, 7.6, 79, 麦克尼尔全球史
27058903, 6.6, 225, 白银资本
26811066, 6.4, 297, 全球通史
10572133, 8.4, 43, 西方文明史
20279666, 8.4, 43, 罗马新史
34620651, 8.4, 43, 国歌：欧洲民族国家在音乐中的形成
33447946, 7.2, 111, 圣彼得堡
23167570, 7.4, 91, 东南亚史
30325324, 7.3, 99, 梦幻之地
26854303, 8.4, 42, 地图的文明史
33384254, 7.2, 109, 无论如何都想告诉你的世界史
27189893, 7.6, 75, 黑白镜头里的世界史（1850~1979）
30284735, 8.3, 44, 古典时代的终结
10527661, 7.1, 118, 剑桥德国史
34887406, 8.0, 54, 两次世界大战之间的日本陆军
30436202, 6.5, 241, 胡椒的全球史
35024023, 8.7, 34, 西方史纲
30136343, 8.0, 53, 万国一邦
25752074, 8.3, 43, 巴比伦与亚述文明
24738846, 7.3, 93, 神圣罗马帝国，1495—1806
30286919, 8.0, 52, 路易十六出逃记
34900552, 8.0, 52, 历史的隐秘角落
03227936, 8.7, 33, 欧洲大学史（第一卷）
33423720, 7.6, 70, 掘墓人
30591935, 6.9, 137, 日俄战争
26574386, 8.4, 39, 五十年战争
25815225, 8.9, 29, 资本主义起源新论
02375628, 7.2, 98, 中世纪骑士制度探究
05995286, 7.0, 119, 世界史.古代史编.下卷
27074602, 8.4, 38, 社会的恶与善
26427663, 7.5, 73, 希腊的遗产
30296447, 8.8, 30, 文明的接触
30484722, 8.9, 28, 巴巴罗萨脱轨
34867159, 9.1, 25, 恺撒（上/下）
27120552, 8.1, 44, 大历史
30124789, 8.1, 44, 堕落之海
02271986, 7.5, 69, 西方帝国简史
34826141, 7.6, 63, 拜占庭一千年
05948753, 7.9, 50, 苏联流行笑话与幽默
27044861, 8.9, 27, 崩塌的世界
01108596, 8.1, 43, 地理大发现研究
34441052, 9.3, 22, 争夺欧洲霸权的斗争
26616417, 7.2, 87, 牛津拜占庭史
34969872, 8.4, 35, 宫廷社会
26265305, 7.3, 79, 古代波斯诸帝国
24920343, 8.6, 31, 帝俄时代生活史
30466187, 8.0, 45, 公司与将军
27050282, 8.0, 44, 麦克阿瑟回忆录
04102182, 6.9, 113, 泰国史
27600496, 7.8, 50, 文艺复兴时期的历史意识
03831998, 9.2, 22, 俄国史教程（第五卷）
34833920, 7.6, 58, 游牧民的世界史
30466207, 8.0, 43, 军事革命？
30246933, 7.0, 99, 黄金时代
30384543, 7.9, 46, 丈量世界
34845956, 7.1, 87, 东南亚
01057668, 7.3, 72, 祭司与王制・凯尔特人的爱尔兰
26981889, 8.3, 34, 另一个古代世界
33451971, 8.3, 34, 萨拉热窝100年
30196190, 8.7, 27, 史達林
34996964, 8.2, 36, 纳粹掌权
35005066, 7.1, 84, 菊花王朝
30448930, 9.3, 20, 西方通史 第二卷
25936013, 8.1, 38, 在大英博物馆读古希腊
34986453, 8.9, 24, 菊纹大和绘
35015188, 7.5, 58, 简明日本史
26820796, 7.4, 63, 西方的没落
34869431, 6.8, 112, 蒙古帝国与其漫长的后世
33474410, 8.8, 25, 从航海图到世界史
26616456, 7.9, 42, 牛津古罗马史
34685943, 8.1, 36, 中世纪早期的语言与权力
26585491, 8.9, 23, 大分离
05285064, 8.4, 30, 人类的故事
06779149, 7.6, 51, 亚洲史
26895444, 7.7, 47, 世界史
01420396, 8.0, 38, 突厥世系
01008361, 7.2, 70, 墨索里尼
27623527, 8.1, 35, 搖擺於歐亞間的沙皇們
25944496, 9.0, 21, 美国军事史
01942000, 7.9, 39, 从雅尔塔到板门店
04860555, 8.1, 34, 图说世界史(古代卷）——最初的伟大帝国、古典文明以及新兴宗教
30376574, 8.1, 34, 犹太文明
30241454, 9.2, 19, 西方古代的天下观
02371612, 8.0, 36, 奥地利史
26662813, 8.0, 36, 变革与习俗
26934233, 8.0, 36, 英语民族史
02041079, 7.8, 41, 韩国史新论
34833909, 7.7, 44, 西方的困局
26702940, 8.4, 28, 旧世界的相遇
02998912, 9.3, 18, 欧洲历史大辞典（全2册）
34889907, 7.9, 38, 巨兽
27101994, 7.4, 55, 世界帝国史
26872481, 8.2, 31, 欧洲财政国家的兴起
26616414, 7.3, 59, 牛津古希腊史
26272566, 7.8, 40, 十八世纪英国的大众政治
34834205, 7.2, 64, 近代欧洲的霸权
27099500, 8.3, 29, 卢旺达危机
30139956, 8.3, 29, 葡萄牙海洋帝国史（1415—1825）
27084068, 7.2, 63, 拜占庭帝国史
27038783, 7.5, 49, 战败者见闻录
26970557, 7.6, 45, 十字军骑士
27603906, 8.1, 32, 剑桥现代印度史
30347171, 8.2, 30, 世界史的故事·从文明诞生到罗马帝国崛起
26974678, 6.5, 126, 上帝与黄金
30424321, 8.5, 25, 西班牙摩尔人和地中海巴巴里海盗的故事
26703203, 8.2, 29, 世界文明史（上、下）第二版
32582989, 8.9, 20, 英帝国史（全八卷）
30251279, 8.6, 23, 大英帝國的經驗
02991106, 7.4, 49, 世界上古史讲义
34996408, 8.0, 32, 亚洲与一战
05988631, 7.7, 39, 世界史百科
27112086, 8.4, 25, 中外历史年表
03153554, 9.2, 17, 苏联出现在拉丁美洲
30266270, 7.5, 44, 葡萄牙帝国在亚洲
30482254, 7.5, 44, 帝国边缘（帝国往事三部曲）
30157677, 8.7, 21, 列宁格勒战役
26838835, 5.9, 249, 一个人的世界史
26721617, 6.1, 183, 海洋帝国
33391912, 8.4, 24, 社会学家笔下的基督教史
33436186, 7.8, 34, 古代狂想曲
26845226, 7.3, 49, 如何豢養一隻奴隸
26702942, 7.1, 58, 波斯帝国史
01098212, 7.4, 45, 英国封建王权论稿
33413586, 7.0, 62, 德意志公敌
30421950, 6.9, 68, 金犀牛
27089749, 7.4, 44, 日本发现欧洲，1720-1830
30162798, 7.4, 44, 观沧海
25732699, 8.0, 29, 波罗的海史
26872551, 8.0, 29, 古代美索不达米亚社会生活
25878743, 7.0, 61, 流动的权力
26803991, 7.2, 51, 一生家国
25863865, 8.3, 24, 两河流域
05993244, 7.4, 43, 世界史.现代史编.上卷
26286370, 7.0, 60, 世界历史上的消费主义
26602097, 7.6, 37, The Silk Roads
30353942, 8.2, 25, 刚果
01245519, 9.1, 16, 中世纪经济社会史（下）
30276306, 9.1, 16, How to Hide an Empire
25816575, 8.6, 20, 欧洲文明的经济与社会基础
02195533, 8.4, 22, 欧洲视野中的荷兰文化
01033571, 7.1, 52, 意大利简史
04891109, 7.1, 51, 后帖木儿时代
03629816, 7.4, 40, 莫卧儿帝国
26292018, 7.5, 37, 中世纪的人们
33479236, 7.5, 37, 审判王后
25985409, 8.6, 19, 雷海宗世界史文集
34840573, 8.6, 19, 太平洋地缘政治学
26998589, 6.9, 58, 欧洲何以征服世界？
30374807, 8.8, 17, 简明新全球史
27000940, 6.8, 62, 欧洲的陨落
33439369, 8.9, 16, 从闪电战到沙漠风暴
04849977, 8.0, 25, 全球通史2
30958848, 7.8, 28, 迈尔斯教授讲世界历史(全6册)
10743120, 7.5, 34, 世界文化地理
30200152, 8.2, 22, 19世纪大转型
27186084, 7.1, 46, 现代世界的起源
30180065, 7.9, 26, 海洋上的美国霸权
27082391, 8.1, 23, 帝国主义
30270237, 8.1, 23, 东南亚的印度化国家
34826179, 7.7, 29, 君主与承包商
02993600, 9.3, 13, 漫画世界历史大事典
30126861, 9.3, 13, 牛津历史著作史（第一卷）
26879863, 8.2, 21, Energy and Civilization
30464976, 8.2, 21, 库尔斯克会战
02439777, 8.1, 22, Everyday Stalinism
01197122, 7.8, 26, 殖民主义史（总论卷）
30218269, 6.6, 65, 韩国现代史
30154536, 7.6, 28, 地中海世界與羅馬帝國
30313604, 7.2, 37, 承袭的权力
04849971, 7.1, 39, 全球通史
33436176, 7.1, 39, 千年帝国史
26718384, 9.2, 12, The Holy Roman Empire
33435145, 6.7, 52, 世界简史
33436264, 8.1, 19, 第一次世界大战的起源
26788306, 7.6, 25, 日清、日俄戰爭
27095889, 8.4, 16, 世界史的构造
34873178, 8.4, 16, 决胜波罗的海
33432841, 8.5, 15, 工业革命
33435198, 8.5, 15, 西方博物学文化
30218886, 6.5, 57, 东洋的理想
27085700, 7.3, 29, 阿莱克修斯传
30211831, 9.0, 12, 黑土：大屠殺為何發生?
26855543, 8.6, 14, Vietnam
33423769, 7.5, 25, 鄂圖曼帝國五百年的和平
34900052, 8.3, 16, 塞尔维亚史
35021128, 9.2, 11, 明治日本建构史
30482255, 6.8, 41, 皇位之争：奥朗则布和他的时代Ⅰ（上下册）
34939915, 8.8, 12, 帝国时期（岩波日本史 第八卷）
30349087, 8.6, 13, 世界史的故事·从三国鼎立到诺曼征服
30408771, 9.0, 11, 古希腊贸易与政治
26247465, 8.0, 17, 苏格拉底传
30259572, 8.4, 14, 十字軍聖戰
06439356, 7.3, 25, 宗教改革与德国近代化的道路
05993245, 7.2, 26, 世界史.古代史编.上卷
34971260, 7.4, 22, 重新发现欧洲：西班牙何以成为西班牙
26987942, 7.6, 18, 怪奇地圖
26411631, 8.9, 10, 信仰与生活
27009452, 5.6, 111, 蒙古帝国中亚征服史
05264079, 7.6, 17, 图说世界史（现代卷）
34837899, 7.7, 16, 被人类改变和改变人类的10万年
34661930, 7.8, 15, 第一次世界大战
30424134, 6.5, 35, 大历史与人类的未来
30285663, 8.6, 10, 西方通史 第四卷
30436159, 8.6, 10, 近代西方国家的危机政府
26819223, 8.3, 11, 爸爸尼赫鲁写给我的世界史（精装珍藏版）
04849973, 7.2, 19, 全球通史
03031077, 7.6, 15, 纽约地标
30138462, 6.3, 35, 世界帝国史话：波斯帝国
26436270, 6.9, 21, 晚期奥斯曼帝国研究（1792-1918）
27099789, 7.5, 14, 剑桥插图中世纪史
10543789, 7.8, 12, 侵华日军通览1931-1945
26361267, 6.3, 32, 世界帝国史话：奥斯曼帝国
26312706, 7.6, 13, 刚果史
34443593, 7.6, 13, 第二次世界大战
30454170, 6.6, 24, 義大利‧海洋城市的精神
27193393, 6.4, 27, 金属，文化与资本主义
34900100, 7.5, 13, 中东史（全三册）
34816430, 7.5, 12, 大人物的世界史
30279625, 7.8, 10, 王賡武談世界史
34954826, 7.8, 10, 诺门罕1939
34953572, 6.9, 15, 希腊史
34398612, 6.3, 23, 千年文明史
26871172, 7.1, 13, 东方剑桥世界历史文库：伊朗史
26061028, 7.2, 12, 政治学说史（修订版）
34914803, 7.2, 11, 海洋文明小史
30443110, 6.2, 21, 一看就停不下来的世界史
34865918, 6.5, 16, 间谍、施虐狂和巫师
27173108, 7.2, 10, 创业简史：塑造世界的开拓者
30187937, 5.0, 29, 德国简史
30441532, 0.0, 10, 世界政治中的战争与变革
34970035, 0.0, 10, 大屠杀
35025847, 0.0, 10, 地图上的全景世界史（精装全2册，画给孩子的世界历史绘本，适合6-15岁阅读，附赠音频历史课程）
04252023, 0.0, 11, Major Problems in American Foreign Relations
33658177, 0.0, 11, 黑色雅典娜：古典文明的亚非之根（第一卷）
34096159, 0.0, 11, 空中帝國‧美國的二十世紀
34457307, 0.0, 11, 人類該往何處去?
34867984, 0.0, 12, 法兰西的特性
35045104, 0.0, 12, 漫画史前艺术
34840590, 0.0, 19, 桅杆上的征服者
30389686, 0.0, 23, 恺撒之死
35005083, 0.0, 25, 第三帝国的兴亡（增订版）
