2020-07-05 15:59:53

number of books, tag name
485, 世界

ID, rating, votes, title
01084336, 9.0, 576739, 小王子
06082808, 9.2, 294566, 百年孤独
04820710, 9.3, 147859, 1984
01082154, 9.1, 190795, 活着
01041007, 9.1, 170784, 哈利·波特与魔法石
25985021, 9.1, 131599, 人类简史
01083428, 8.9, 186585, 傲慢与偏见
01071241, 9.0, 131714, 哈利·波特与阿兹卡班的囚徒
04908885, 9.0, 129258, 局外人
01039487, 8.9, 126753, 哈利·波特与密室
01017143, 8.5, 200885, 不能承受的生命之轻
01432596, 8.8, 109944, 哈利·波特与混血王子
04238362, 8.6, 126792, 送你一颗子弹
26698660, 8.9, 66327, 巨人的陨落
01205054, 9.0, 49786, 悲惨世界（上中下）
03608208, 8.5, 120383, 牧羊少年奇幻之旅
01040771, 8.2, 206805, 达·芬奇密码
01080370, 8.6, 86190, 情书
05414391, 9.0, 41467, 寻路中国
20440644, 9.1, 33976, 文学回忆录（全2册）
01077847, 9.5, 16880, 史记（全十册）
03813669, 8.6, 69120, 民主的细节
03136271, 8.7, 47431, 罗生门
02284311, 8.8, 37673, 苏菲的世界
01035848, 8.7, 44555, 一千零一夜
01401425, 8.3, 84771, 兄弟（上）
04885241, 8.4, 62833, 1Q84 BOOK 2
01970428, 8.8, 28882, 激荡三十年（上）
01291809, 8.6, 37091, 世界尽头与冷酷仙境
01316648, 8.3, 58850, 查令十字街84号
10522856, 9.0, 17892, 冬牧场
01062193, 8.5, 34988, 娱乐至死
01321789, 8.7, 21100, 美丽新世界
01062343, 9.2, 9839, 昨日的世界
01083762, 8.7, 20481, 人类的群星闪耀时
01084165, 9.0, 11422, 平凡的世界
01225977, 8.9, 12731, 全球通史（第7版 上册）
03131626, 9.0, 10401, 荒原狼
03344676, 8.1, 42993, 常识
01040104, 8.8, 12752, 魔戒（第一部）
01077528, 8.8, 12561, 通往奴役之路
06265745, 8.7, 13977, 银河系搭车客指南
01071794, 9.0, 8870, 魔戒（第三部）
01452610, 9.2, 6664, 蟲師 (1)  アフタヌーンKC (255)
01464989, 9.1, 7462, 围城
03091368, 9.1, 7369, 白鹿原
01144185, 9.1, 6743, 美国宪政历程
04238162, 9.4, 4307, 昨日的世界
01394253, 8.7, 10778, デスノート 5
03228668, 9.3, 4435, 上帝掷骰子吗
01056461, 8.3, 18401, 旅行的艺术
03757732, 8.9, 7248, 人类的群星闪耀时（增订版）
04010196, 8.1, 25031, 世界因你不同
26413154, 9.2, 4679, 李光耀观天下
01084080, 9.1, 5290, 平凡的世界（全三册）
01467519, 9.9, 1984, 世界童话名著连环画
01083477, 8.1, 22173, 包法利夫人
01070711, 8.8, 7230, 城记
25891318, 9.0, 5494, 1453
01442869, 8.9, 6175, 献给阿尔吉侬的花束
01056868, 8.5, 9930, 河童旅行素描本
01065977, 8.7, 7183, 共产党宣言
01032645, 8.6, 7939, 窥视印度
01072319, 8.5, 9013, 长腿叔叔
02042063, 8.4, 10349, 伊斯坦布尔
01020959, 8.2, 14215, 斯普特尼克恋人
07055441, 8.8, 5599, 罗马人的故事1
01287865, 9.5, 2359, 老子
07064370, 9.2, 3325, 罗马人的故事2
01083435, 8.8, 5405, 契诃夫短篇小说选
25746578, 9.2, 3121, 大英博物馆世界简史（全3册）
03223711, 8.1, 14880, 怪诞行为学
03266345, 8.1, 14080, 三杯茶
25920202, 8.6, 6431, 泛若不系之舟
06892579, 8.4, 8649, 美国种族简史
26772731, 8.3, 9956, 七堂极简物理课
01025643, 8.8, 4788, 全球通史
01075538, 8.2, 11561, 普罗旺斯的一年
04202004, 8.6, 5987, 文明的冲突与世界秩序的重建
25747921, 7.0, 106906, 从你的全世界路过
01454687, 9.0, 3024, 政府论（下篇）
02326273, 8.9, 3274, 欧洲中世纪史
02165076, 9.0, 2815, 玻璃球游戏
03905366, 7.8, 16450, 迟到的间隔年
01020241, 7.6, 23825, 千年一叹
26394018, 9.3, 1869, 生活与命运
26853835, 8.3, 6765, 丝绸之路
04159088, 7.8, 14892, 理想的下午
01082182, 9.0, 2514, 魔戒（第三部）
06097966, 8.0, 10277, 发条橙
01072334, 8.5, 4560, 魔戒前传
01440345, 7.8, 13869, 燕尾蝶
01070007, 8.8, 2953, 致命的自负
01042168, 8.4, 5075, 李尔王
02081876, 7.2, 43595, 货币战争
06749832, 9.0, 2221, 复杂
03101021, 8.7, 3194, 极权主义的起源
01315199, 9.1, 1790, 历史研究
01040481, 8.8, 2532, 全球通史
01962409, 8.3, 4893, 不去会死！
25960141, 9.1, 1743, 地图（人文版）
01070685, 8.1, 6566, 永远的普罗旺斯
26292964, 8.6, 3161, 世界小史
01060531, 8.5, 3396, 忏悔录
01867642, 7.6, 14224, 世界是平的
33400679, 9.0, 1760, 死屋
01041414, 8.6, 2739, 威尼斯日记
01076426, 8.8, 2108, 世界美术名作二十讲
05264779, 7.4, 17983, 背包十年
26298832, 8.7, 2223, 零年：1945
01344965, 9.3, 1121, 十二國記：風之萬里·黎明之空（上）
01434071, 7.9, 6634, 我们
10485696, 7.6, 10123, 我就是想停下来，看看这个世界
04579688, 8.5, 2527, 丑的历史
01283273, 7.3, 17771, 天黑以后
01277259, 8.6, 2137, 社会学的想像力
01065142, 8.5, 2412, 欧洲文明十五讲
01083265, 9.0, 1319, 西线无战事
01063736, 8.4, 2729, 人类的故事
01312558, 8.9, 1435, 文学讲稿
01075371, 8.7, 1765, 马丁·伊登
30411849, 8.6, 1916, 棉花帝国
01467930, 9.3, 872, JOJO的奇妙冒險(12)
01077196, 8.6, 1849, 蒙田随笔全集（全三册）
10828002, 7.9, 4849, 游戏改变世界
25986748, 8.2, 3088, 我的应许之地
05422665, 8.0, 3951, 大设计
01471703, 9.0, 1099, 哭泣的骆驼
01084435, 8.4, 2177, 策略思维
01065335, 9.1, 920, 朱熹的历史世界
06913343, 8.3, 2302, 理性乐观派
25886351, 7.5, 7895, 耶路撒冷三千年
01393374, 8.6, 1542, 第二十二条军规
01467931, 9.4, 643, JOJO的奇妙冒險(37)
01394250, 8.9, 1040, 荒原
01438461, 7.8, 4393, 窥视日本
03126411, 9.0, 931, 与社会学同游
04231732, 9.1, 832, 历史研究（上下卷）
07060184, 8.4, 1804, 落脚城市
06965746, 8.2, 2236, 科技想要什么
01072363, 8.8, 1053, 人类群星闪耀时
25730239, 8.1, 2383, 李光耀论中国与世界
21964791, 8.4, 1585, 两次全球大危机的比较研究
01181216, 9.3, 580, A Global History
06802371, 8.0, 2580, 一个游荡者的世界
01438669, 8.6, 1180, 这个动荡的世界
01318427, 7.7, 3910, 蓝海战略
01437162, 8.2, 1802, 随想录
27046300, 8.9, 765, 命运攸关的抉择
04822144, 7.6, 3975, 历史是个什么玩意儿3
01433760, 9.4, 451, 火鳥(12)
06084703, 7.3, 6153, 独立，从一个人旅行开始
05992743, 7.8, 2653, 看懂世界格局的第一本书
01079871, 8.8, 759, 当世界年纪还小的时候
01073535, 9.1, 559, 人与自我
01000531, 8.7, 818, 第二次世界大战回忆录（全六卷）
01958740, 7.7, 2959, 大国崛起
01421333, 8.6, 852, 世界历史地图集
03836277, 7.2, 6165, 货币战争2:金权天下
20375477, 8.6, 828, 这世间所有的白
01084020, 8.6, 820, 宝石
01400888, 8.5, 913, 法律与宗教
01084604, 8.5, 902, 人类的故事
01080223, 9.2, 443, 人与国家
26919519, 8.1, 1440, 晓松奇谈·世界卷
05299807, 8.7, 698, 当世界还不存在的时候
02155525, 8.4, 953, 尼泊尔
26639302, 9.0, 497, 世界的演变
03555039, 9.0, 467, 现代世界史
01083161, 8.4, 859, 风险投资家环球游记
20258503, 8.4, 853, 土摩托看世界
04189598, 8.8, 524, 战后欧洲史
01070899, 8.5, 715, 浮生悠悠
01057092, 8.5, 693, 世界电影史
01009188, 7.6, 2134, 水知道答案2
25804649, 7.5, 2389, 无知的游历
01042814, 9.3, 302, 人与世界
06556332, 7.8, 1494, 旅行，人生最有价值的投资
26827546, 8.4, 706, 大历史
02244551, 8.6, 561, 新全球史
20326946, 9.2, 318, 理解全球冲突与合作
01400697, 7.8, 1449, 古兰经
03144439, 8.9, 411, 闹学记
34984693, 8.1, 956, 剧变
01316628, 8.6, 534, 法国革命史
27155983, 8.1, 902, 贸易打造的世界
01084010, 8.7, 465, 岩石与矿物
01439253, 9.0, 348, 国家精英
01069723, 8.7, 455, 人类的故事
30258601, 8.5, 552, 世界简史
01361273, 9.1, 309, The God of Small Things
04836688, 7.4, 2243, 最危险的厕所和最美丽的星空
03340092, 7.1, 3434, 30而励
01074682, 8.6, 459, 莫泊桑短篇小说精选
03093253, 8.7, 400, To Kill A Mockingbird
02253663, 7.9, 921, 没有我们的世界
24699353, 8.1, 721, 现代世界的诞生
04849378, 8.7, 370, 世界
26801839, 8.4, 499, 1493
01309255, 7.7, 1139, 一年好时光
04011286, 8.0, 772, 1968
01056224, 7.6, 1284, 阅读城市
02301436, 7.9, 835, 不顾诸神
01039585, 8.1, 633, 罗马十二帝王传
03402992, 8.0, 703, 历史大脉络
01084021, 8.7, 331, 贝壳
30354245, 7.6, 1145, 注定一战
01420745, 9.1, 227, 西方宗教文化
06794362, 8.9, 263, 伯罗奔尼撒战争史
03144396, 9.1, 222, 稻草人手记
26764853, 7.6, 1065, 迦太基必须毁灭
01432054, 8.3, 457, 现代诗100首（蓝卷）
01083447, 8.4, 407, 人类群星闪耀的时刻
03146377, 8.3, 436, 阿拉伯通史(第十版)(上下册)
10742716, 8.9, 242, 忏悔录
01139763, 8.1, 521, 世界大战中的宣传技巧
01313069, 8.3, 411, 我们是谁
27203334, 8.7, 271, 文明的冲突
01020715, 9.0, 206, 白牙
01041015, 8.5, 321, 战争与和平
01020668, 8.5, 309, 漫画英国
01956018, 9.0, 197, 世界哲学史
02149710, 7.5, 961, 再见了，马拉卡纳
04196798, 8.6, 278, 世界：一部历史
01432053, 8.2, 390, 现代诗100首（红卷）
01463225, 8.2, 388, 快乐之道-游戏设计的黄金法则
27061755, 8.7, 234, DK伟大的世界地图
01075836, 7.1, 1524, 一口气读完世界历史
01084542, 8.5, 275, 呼啸山庄
01362212, 9.1, 164, 來自遠方的拷問
06559258, 7.9, 501, 西方将主宰多久
26942841, 8.9, 188, 文明之光（全四册精华本）
30241444, 8.5, 249, 俯瞰地球
03734719, 8.6, 223, 环游世界做苹果派
01082917, 7.9, 434, 让每天的生活更有品位100ideas
02362932, 9.6, 101, 楞严经
01029600, 8.3, 282, 人类与大地母亲
01500117, 9.3, 119, 世界地图集
01358404, 7.5, 663, 穿KENZO的女人
25720192, 8.6, 198, 世界就是一个游戏，灵魂如何才不迷失？
01361149, 7.8, 429, 声音与愤怒：摇滚乐可能改变世界吗
01861805, 7.3, 803, 世界是平的
03766443, 7.6, 536, 芬兰教育全球第一的秘密
34869664, 8.2, 275, 从“天下”国家到民族国家
26737948, 7.9, 370, 小城市空间的社会生活
30259504, 8.2, 271, 伟大的海
01326012, 7.4, 676, 你应该读懂的100幅世界名画
01075443, 8.1, 291, 植物的欲望
02026200, 8.2, 255, 图说天下
27038809, 6.8, 1532, 世界是红的：看懂中国经济格局的一本书
01459060, 8.7, 160, 秘鲁征服史
01431446, 8.6, 167, 英国采风录
01076994, 7.6, 443, 圣经的故事
02075748, 8.5, 172, 重构我们的世界图景
01068485, 8.1, 248, 培根随笔集
01393426, 8.1, 240, 编辑人的世界
23782062, 8.1, 238, 当世界只剩下猫
26108431, 8.1, 237, 世界是我念过最好的大学
27603635, 8.5, 162, 人类的故事
01447303, 7.5, 440, 激荡的百年史
03149536, 8.3, 190, 北欧
04871292, 8.3, 190, 计算机与人脑
11537699, 7.0, 821, 印度，去十次都不够
25903009, 8.9, 111, 光辉岁月
04208782, 8.3, 180, 当代比较政治学
01071974, 8.3, 172, 剑桥艺术史(二)
30423837, 7.0, 715, 日本的细节
34870279, 8.5, 138, 大征服
01322130, 7.5, 368, 行走的刘索拉
25763756, 9.0, 94, 现代世界体系（四卷本）
01337874, 7.6, 326, 圣经的故事
30438786, 7.7, 290, 季风帝国
01278616, 8.3, 157, 国富国穷
27045643, 8.2, 170, 博物馆里的巅峰对决
01328662, 8.1, 185, 圆桌武士
34842532, 8.6, 120, 与神作战
02132630, 8.2, 163, 深奥的简洁
30207663, 8.3, 148, 茶的真实历史
01312718, 7.5, 303, 帕格尼尼
01067244, 9.0, 79, 杰克伦敦文集(上下)
01321912, 6.8, 694, 东亚三国的近现代史
01320244, 7.7, 223, 东香纪
26838121, 8.1, 148, 中西文明的对照
02364253, 9.4, 57, 外国童话选
01069964, 7.8, 192, 东京日和
27038525, 7.2, 369, 土耳其简史
02112914, 8.6, 95, 从存在到演化
01466742, 7.3, 310, 基督教史
06855383, 8.0, 149, 在世界边缘的沉思
01322807, 7.9, 163, 伊斯坦布尔，苏丹王身后飘来咖啡香
06851644, 8.2, 123, 世界史前史
02212348, 8.6, 87, 世界简史
01458016, 8.2, 115, 锅匠、裁缝、士兵、间谍
26678736, 7.8, 164, 欧洲
01451275, 8.9, 68, 大学英语语法讲座与测试
26791114, 8.2, 112, 现代文明的成坏
06510691, 8.4, 95, 繁荣的背后
01365991, 8.2, 111, Lonely Planet Vietnam
10733301, 8.7, 75, 大国兴衰
27070164, 8.2, 107, 文明史
02125884, 8.1, 116, 费孝通游记-初访美国 访美掠影 重访英伦(“四海之内-从东方到西方”系列丛书)
26926101, 7.5, 195, 我的第一本地理启蒙书
01340399, 8.4, 87, 如果世界是100人村
01074840, 7.8, 144, 文化版图：英伦地标
01473198, 7.7, 158, 人生设计在童年
34830074, 8.3, 92, 沿坟墓而行
26311289, 9.2, 50, 美国《国家地理》125年
03081778, 7.1, 298, 德国
26653096, 8.7, 65, 文学大纲
26665573, 7.5, 170, 茶：嗜好、开拓与帝国
01072795, 8.2, 89, 劫后英雄传
01380950, 8.3, 79, 改變中國 
02274563, 7.4, 171, 世界文明史讲稿
25931960, 8.3, 77, 世界24小时
01337740, 8.5, 66, 傅雷谈音乐
27132859, 9.1, 45, 草冠(上)
01400374, 9.1, 44, 高级编译器设计与实现
30203787, 9.7, 32, 华丽的地图
01683890, 7.1, 224, 世界十大建筑鬼才
03100695, 8.2, 77, 世界名诗欣赏
27058877, 7.6, 123, 全球简史
26308680, 8.5, 54, 人的展开
05948535, 7.2, 161, 美国大学原来是这样的
01036439, 8.1, 71, 剑桥医学史
01227671, 7.6, 107, 闪击波兰
01037246, 7.8, 89, 生活的智慧
26719570, 7.8, 89, 虞美人草
01041373, 8.4, 56, 现代世界体系（第二卷）
26349691, 8.6, 49, 手绘旅行:43位艺术家的创意速写簿
27132860, 9.0, 38, 草冠(下)
04925230, 8.4, 55, 当代国际诗坛4
26902807, 6.4, 413, 绿色黄金
01041507, 8.3, 57, 西方文学的故事
01359133, 7.3, 130, 未曾发生的历史
33386006, 9.1, 34, 世界简史
03642460, 8.8, 40, 论中国海权
01319897, 6.7, 252, 1421：中国发现世界
03149496, 7.5, 101, 图解世界战争战法/中世纪时期
03149439, 7.6, 92, 图解世界战争战法/近代早期
01843800, 8.2, 57, 最动人的世界史
01440516, 7.8, 76, 大师的轨迹
34986545, 8.1, 59, 史诗之城
26686515, 8.2, 54, 去全世界打打杂
10767809, 9.0, 33, Accelerated C++中文版通过示例进行编程实践
01443263, 7.9, 67, 走遍美国
01041101, 9.3, 28, 新编剑桥世界近代史（第11卷）
26427547, 8.8, 36, 这就是美国史（修订版）
24523291, 8.7, 38, 宇宙的精灵
03082255, 8.1, 56, 图说天下·地理三全球最神秘的100探险地
06574633, 8.5, 42, Fall of Giants
20505468, 7.0, 145, 完美的群体
03081829, 6.9, 153, 美国
04605534, 6.9, 153, 茶叶与鸦片
26733404, 8.7, 35, 爱因斯坦相对论100年
01355091, 8.1, 50, Globalization and Its Discontents
01323577, 8.1, 49, 危险
01220948, 7.8, 60, 英格兰沙拉
30296447, 8.8, 30, 文明的接触
25851465, 8.7, 31, 20世纪物理学(第1卷)
34934132, 9.7, 19, 7个孩子的一天
34869746, 8.2, 41, 边境
02007180, 9.3, 22, 前進杜拜
01489682, 7.9, 49, 世界史纲
26934234, 8.3, 37, 英语民族史
01283172, 6.7, 146, 尼采与后现代主义
01023958, 7.0, 103, 名摄影师眼中的世界（彩色卷）
03081777, 7.0, 101, 图说天下·地理三全球最美的100人类奇观
03833902, 9.3, 21, 吳哥
30364706, 7.7, 53, 世界政治的终极目标
30448930, 9.3, 20, 西方通史 第二卷
03081781, 7.9, 43, 全球最美的100国家公园
06109772, 8.3, 33, 美国的崛起
01429651, 7.9, 41, 与伟人谈心
01445629, 7.7, 47, 电影在场
11613936, 8.0, 38, 鱼价引爆经济学
10754806, 8.3, 31, What Chinese Want
03729168, 6.7, 113, 我所知道的普林斯顿
01323345, 8.3, 30, 世界电影鉴赏辞典(续编)
26934233, 8.0, 36, 英语民族史
01337197, 7.9, 38, 李敖快意恩仇錄
26830229, 8.5, 26, 美丽的地球：非洲
05984379, 7.2, 63, 3天读懂世界史
30347171, 8.2, 30, 世界史的故事·从文明诞生到罗马帝国崛起
26433100, 6.9, 80, 当代维京文化
01926320, 8.4, 26, 世界体系与国家兴衰
11524432, 7.8, 35, 失去灵魂的卓越
26934232, 7.8, 35, 英语民族史
06075041, 7.6, 38, 美国的逻辑
25704613, 7.6, 38, Unity3D手机游戏开发
03642444, 7.4, 44, 30岁.请痴迷于梦想
01083168, 7.5, 40, 胜负手
03894832, 7.4, 43, 全球族
01420610, 7.4, 42, 惟我独赢
01825833, 7.6, 36, 世界大历史
01000877, 8.1, 26, 窥探魔桶内的秘密
04211445, 8.4, 22, 国家地理世界卷
01469350, 9.4, 14, 世界文明史 第三卷
01448834, 7.2, 48, 十年环球情满66国
24841338, 8.6, 19, 近代中国茶业之发展
05908399, 6.7, 68, 看见未来
21327185, 7.8, 28, 看透日本
25879595, 7.2, 42, 印度，改变一生的旅行
01373768, 8.8, 16, Landscape Design
01435839, 7.3, 38, 石油的终结
03080431, 7.3, 38, 世界七大奇迹史
01062610, 7.2, 41, 现代世界体系的混沌与治理
01023069, 8.2, 21, 走出蒙昧
10808726, 6.4, 85, 全球最美的100个地方
01290584, 6.6, 68, 骑兵军日记
01327539, 7.4, 34, 信息时代的世界地图
03105757, 6.7, 61, 世界性博物馆巡礼
03666649, 6.5, 72, 人一生要去的100个地方
05340551, 7.1, 41, 男人绅士 女子优雅
06978536, 7.4, 31, 芳香图书馆
05329533, 8.7, 15, 最好的小小说大全集
01061800, 7.3, 33, 从非洲到禅
24704576, 8.3, 18, 论无限、宇宙和诸世界
01552906, 8.4, 17, 世界古代史
04043987, 7.2, 35, 王阳明的五百年
26830225, 7.6, 26, 美丽的地球：亚洲
33396525, 7.1, 36, 茶叶帝国
02075161, 6.9, 42, 知道点世界文化
26171498, 6.9, 42, 看得见的世界史（上下）
03121290, 7.6, 24, 天使的名字
24279970, 6.2, 79, 去伦敦做个陌生人
01042057, 8.2, 17, 彩色图解世界发明史
26938668, 8.6, 14, 与全世界做生意
25845502, 8.3, 16, 舌尖上的风景
10429567, 6.9, 38, 跟着电影去旅行
01316483, 6.5, 54, 爱上你的忧郁
01339436, 6.7, 44, 1421:中國發現世界
10556677, 7.8, 20, TCP/IP入门经典
05312888, 7.2, 29, 世界，為什麼是現在這樣子?
01102923, 7.7, 20, 三个火枪手――纸生态书系・外国文学典藏
01034795, 6.2, 67, 犹太人之谜
01075451, 7.0, 31, 以色列2000年
01084523, 6.8, 36, 游遍世界
06873388, 8.5, 13, 走进童话奇境
04174630, 7.2, 26, 那些年，那些诗
27120488, 6.8, 33, 我只是想看看： 世界其他角落的人们是如何生活的
24806803, 8.3, 13, 鏡子
26293061, 8.1, 14, 書店時光 III
01428519, 7.6, 18, 力量转移
03675426, 5.6, 100, 纯艺术：黑色电影
02267376, 8.6, 10, 世界文字发展史
01315270, 7.1, 21, 驯服全球化
06975923, 7.8, 14, 德国百年行迹
02381463, 7.9, 13, 说说你们国家的故事
06146411, 6.7, 27, 世界阴谋史
02367563, 6.8, 25, 世界悬案100年
01442434, 7.5, 15, 世界文化与自然遗产
04222608, 6.7, 25, 2025年世界将发生什么
23741245, 5.6, 78, 有一天我遇见了世界
03076911, 6.5, 29, 世界美食地图
10745912, 7.3, 16, 犹太人的大梦想
02072968, 6.1, 39, 知道点世界历史
01077922, 6.8, 21, 世界美术全集-彩图版(全四卷)
01090581, 6.1, 37, 上帝选择了犹太人
03192474, 7.1, 16, 2℃改变世界
01096970, 7.2, 15, 文化的冲突与共融
01910780, 6.2, 31, 足迹
26894748, 7.6, 10, 互联网治理全球博弈
27158000, 5.2, 77, 培生艺术史：史前和古代艺术
02075159, 6.2, 21, 知道点世界文学
02182390, 6.6, 15, 世界通史
03076969, 6.6, 15, 世界国名的由来
30296464, 5.1, 65, 培生艺术史： 20世纪至今的艺术
03675467, 6.6, 14, 多情爱因斯坦
05339445, 6.2, 18, 思考印度
04917880, 5.3, 41, 历史就这样被改写
30435308, 6.0, 19, 世界的眼睛
06856457, 6.4, 14, 世界建筑一本通
24381390, 6.7, 11, 第三次工業革命
20271924, 6.4, 12, 美国是个大公司
02075162, 5.7, 13, 知道点世界名人
01144563, 0.0, 10, 世界历史未解之谜
01186472, 0.0, 10, 世界文化与自然遗产(上中下)(精装)(附光盘) (精装)
01286823, 0.0, 10, 世界文学史纲
01765654, 0.0, 10, When Cultures Collide
11444484, 0.0, 10, 世界著名酒店集团比较研究
24748682, 0.0, 10, 世界变了.你再不变就晚了
35006164, 0.0, 10, 星际迷航经济学
01469351, 0.0, 11, 世界文明史 第四卷
02347553, 0.0, 11, 新史学.第八辑
03216658, 0.0, 12, 实用世界地图集
