2020-07-05 15:59:53

number of books, tag name
606, 世界名著

ID, rating, votes, title
01007305, 9.6, 291284, 红楼梦
01770782, 8.9, 647916, 追风筝的人
04820710, 9.3, 147859, 1984
01200840, 9.0, 251377, 平凡的世界（全三部）
01019568, 9.3, 122041, 三国演义（全二册）
01040211, 9.2, 92084, 福尔摩斯探案全集（上中下）
04908885, 9.0, 129258, 局外人
01046209, 9.2, 88881, 安徒生童话故事集
06781808, 9.2, 77175, 杀死一只知更鸟
26954760, 8.8, 149118, 月亮与六便士
01017143, 8.5, 200885, 不能承受的生命之轻
01449351, 8.9, 90232, 呐喊
02154960, 8.7, 107017, 一个陌生女人的来信
02035162, 9.0, 54996, 刀锋
01858576, 9.3, 31339, 一九八四
01205054, 9.0, 49787, 悲惨世界（上中下）
03608208, 8.5, 120383, 牧羊少年奇幻之旅
01046265, 8.0, 317931, 挪威的森林
04123116, 9.1, 38126, 月亮和六便士
01045818, 8.5, 105805, 苏菲的世界
05299764, 9.4, 20464, 1984
01034282, 8.8, 46650, 时间简史
01024197, 8.4, 90708, 巴黎圣母院
01092335, 9.0, 31551, 教父
01008357, 8.6, 57728, 水浒传（全二册）
01082334, 8.1, 144823, 穆斯林的葬礼
01856494, 9.4, 14943, 卡拉马佐夫兄弟
01400705, 8.1, 134113, 情人
01013380, 8.2, 107430, 茶花女
01205370, 8.2, 86294, 羊脂球
02035171, 9.0, 20027, 人生的枷锁
01865089, 8.4, 51684, 瓦尔登湖
01006197, 8.6, 35738, 哈姆莱特
04881639, 9.0, 17360, 傲慢与偏见
01803022, 9.0, 15958, 圣经
01880831, 9.2, 11740, 基督山伯爵（上下册）
01213546, 8.4, 40967, 变形记
01258498, 8.4, 40249, 项链
01004821, 8.7, 22709, 理想国
02053249, 8.1, 62225, 麦田里的守望者
02160226, 9.2, 9797, 快乐王子
01021615, 9.1, 11161, 小王子（中英文对照本）
01007433, 8.2, 47495, 红与黑
01005521, 8.2, 46591, 伊豆的舞女
02253379, 8.6, 20969, 简爱
01017749, 9.4, 6215, 乱世佳人(上、下)
01885224, 8.9, 11919, 傲慢与偏见
02039931, 9.1, 8363, 小王子
02046807, 9.5, 4883, 飘
01045926, 9.1, 7964, 傲慢与偏见
27107109, 9.4, 4987, 百年孤独
03136255, 8.8, 11208, 一个陌生女人的来信
04908882, 8.8, 10720, 罗生门
01203251, 8.1, 33315, 雾都孤儿
01883353, 8.8, 10340, 野性的呼唤
06313461, 9.1, 6772, 月亮和六便士
01856025, 8.9, 8842, 道连·葛雷的画像
01465324, 7.7, 67776, 洛丽塔
01136881, 9.3, 4889, 悲惨世界
01255500, 9.2, 5540, 动物农场
01860750, 8.4, 17416, 了不起的盖茨比
01254731, 8.8, 8914, 欧·亨利短篇小说选
02253381, 9.3, 4330, 战争与和平（全四册）
26707295, 8.7, 9675, 月亮和六便士
05406559, 8.8, 8054, 鼠疫
24736899, 8.0, 29791, 雪国
01082584, 8.7, 9283, 追忆似水年华 Ⅰ
01033997, 8.6, 10444, 呼啸山庄
01083477, 8.1, 22173, 包法利夫人
01878265, 9.1, 4604, 安徒生童话
01859108, 8.9, 5906, 白痴
01135537, 9.1, 4491, 福尔摩斯探案集
01010472, 8.5, 10146, 安娜·卡列尼娜（上下）
01084973, 8.9, 5673, 基督山伯爵（上下）
01255288, 8.1, 19263, 复活
01212488, 8.3, 13283, 罗密欧与朱丽叶（名著名译插图本）
01031741, 7.8, 30925, 欧也妮·葛朗台
02253402, 9.1, 4016, 罪与罚
01851385, 7.9, 25133, 我的名字叫红
01996678, 9.4, 2777, 乱世佳人
01083433, 9.3, 3100, 悲惨世界（全三册）
03043562, 9.4, 2748, 飘
01040397, 8.1, 16343, 假如给我三天光明
01880829, 8.6, 7230, 呼啸山庄
01083435, 8.8, 5405, 契诃夫短篇小说选
01005918, 8.0, 17663, 堂吉诃德
01203244, 8.3, 10546, 三个火枪手
02161700, 9.4, 2356, 乱世佳人
05406563, 9.3, 2592, 一九八四
01894745, 8.4, 8457, 简·爱
03200760, 9.5, 1976, 悲惨世界
01045466, 9.3, 2455, 一九八四
01089049, 9.4, 2151, 莎士比亚全集（全8册）
01889128, 8.4, 7785, 茶花女
20443559, 7.7, 25863, 小王子
01275907, 8.3, 8888, 八十天环游地球
01430530, 8.3, 8831, 汤姆叔叔的小屋
01000856, 7.9, 17162, 我是猫
02063329, 8.5, 6448, 包法利夫人
01880823, 8.8, 4180, 格林童话
01077778, 8.1, 11798, 爱的教育
06435891, 9.7, 1441, 飘
01119528, 8.0, 13528, 高老头
01894742, 8.5, 6074, 红与黑
01874411, 8.4, 6983, 乞力马扎罗的雪
02042629, 8.8, 3949, 九三年
05063806, 8.6, 5174, 茶花女
03024282, 9.1, 2702, 傲慢与偏见
01873900, 8.7, 4487, 变形记
01085021, 8.3, 7717, 蝴蝶梦
02253413, 8.9, 3289, 巴黎圣母院
01880987, 8.6, 4783, 安娜·卡列尼娜
01083429, 8.8, 3645, 爱伦·坡短篇小说集
01014144, 8.3, 7145, 大卫·科波菲尔（上下）
01055234, 8.6, 4560, 神曲（全三册）
01088418, 9.1, 2398, 死屋手记
01205076, 9.2, 2094, 悲惨世界（上中下）
01880991, 8.7, 3879, 堂吉诃德
25867057, 9.2, 2070, 安娜·卡列尼娜
01019817, 9.3, 1794, 战争与和平（上下）
02193876, 8.8, 3198, 浮士德
01860757, 8.1, 8613, 少年维特的烦恼
01051714, 8.3, 6260, 等待戈多
01030469, 8.3, 6246, 青鸟
04898521, 8.5, 4590, 呼啸山庄
03904329, 9.4, 1525, 基督山伯爵
01885214, 8.6, 3955, 双城记
26279019, 8.0, 9670, 恋情的终结
01091904, 9.2, 1772, 丰饶之海（上下）
01091224, 9.3, 1525, 基度山恩仇记
01040632, 8.5, 4001, 木偶奇遇记
26897469, 8.6, 3376, 红与黑
01885213, 8.4, 4430, 三个火枪手
01885215, 8.2, 5538, 雾都孤儿
05378434, 8.9, 2127, 罗生门
01048173, 8.1, 6289, 忏悔录
01011228, 8.4, 3958, 远大前程
01203258, 8.4, 3942, 巴黎圣母院
01017841, 8.4, 3937, 老人与海
01643566, 9.2, 1448, 基督山伯爵
01010898, 7.7, 11779, 格列佛游记
01038196, 8.4, 3756, 尤利西斯
01021056, 7.1, 37959, 谁动了我的奶酪？
06313476, 8.8, 2189, 远大前程
01122914, 8.5, 3210, 鲁滨逊漂流记
01839492, 9.2, 1358, 傲慢与偏见
01152701, 7.8, 9084, 漂亮朋友
01547860, 9.3, 1202, 基督山伯爵（上下）
01007045, 8.4, 3496, 茶花女
01880990, 8.3, 3972, 复活
03272411, 9.2, 1300, 追忆似水年华（全三册）
04894485, 7.8, 8639, 麦田里的守望者
01205394, 8.2, 4464, 红与黑
01092246, 8.1, 5135, 百万英镑
01092264, 8.6, 2417, 格兰特船长的儿女
01397467, 7.9, 6305, 理智与情感
01033148, 8.7, 2020, 白夜
01894740, 8.6, 2258, 猎人笔记
01021623, 8.9, 1556, 安娜·卡列宁娜（上下）
01186350, 7.8, 7146, 红字
02295122, 8.4, 2877, 卡门
01120648, 8.8, 1690, 呼啸山庄
25852235, 8.3, 3190, 查泰莱夫人的情人
05063805, 8.7, 1841, 傲慢与偏见
02193881, 8.2, 3543, 汤姆·索亚历险记
01097052, 8.4, 2673, 包法利夫人
01220098, 9.0, 1281, 羊脂球
01880827, 8.5, 2300, 远大前程
03127268, 8.5, 2274, 简爱
01888031, 7.8, 6185, 格列佛游记
01100783, 9.1, 1074, 约翰·克里斯托夫
01087036, 8.3, 2767, 鲁宾逊漂流记
05407295, 9.3, 854, 悲惨世界（上下）
01026547, 8.2, 3067, 一生
02050779, 8.3, 2651, 魔山
01070759, 8.4, 2269, 高老头
01427281, 8.2, 2887, 羊脂球
01203212, 8.8, 1339, 呼啸山庄
02050777, 8.2, 2835, 小妇人
02171661, 8.7, 1489, 老人与海
02174410, 8.3, 2456, 名利场
01748849, 8.9, 1159, 傲慢与偏见
01009536, 8.9, 1150, 九三年
02193879, 8.5, 1824, 神曲
01031354, 8.1, 3115, 死魂灵
02221902, 8.1, 3104, 少年维特之烦恼
01121443, 8.7, 1412, 简·爱
27139975, 9.0, 998, 月亮和六便士
01491855, 8.6, 1559, 羊脂球
01841531, 8.3, 2276, 鲁滨孙漂流记
01039840, 7.6, 6526, 查特莱夫人的情人
02170030, 8.1, 2974, 白鲸
01005801, 9.2, 800, 静静的顿河（全四册）
01093098, 7.8, 4652, 爱玛
01858585, 8.3, 2232, 欧叶妮·格朗台 高老头
07000672, 9.4, 641, 约翰·克利斯朵夫
02377488, 9.3, 703, 老妇还乡
02253392, 8.6, 1486, 包法利夫人
05275747, 8.7, 1313, 红与黑
02240591, 8.8, 1143, 小妇人
03268582, 8.9, 1009, Pride and Prejudice
05406569, 8.8, 1112, 羊脂球
01885229, 8.2, 2225, 爱的教育
02042631, 7.9, 3365, 弗兰肯斯坦
01885223, 7.9, 3328, 理智与情感
01083170, 8.4, 1670, 老人与海
30346652, 9.7, 436, 基督山伯爵
10744282, 9.4, 552, 简·爱
01987987, 8.4, 1596, 欧也妮·葛朗台
04881636, 8.7, 1115, 巴黎圣母院
01083473, 8.4, 1571, 德伯家的苔丝
01916661, 8.7, 1099, 堂吉诃德（上下）
01917962, 7.9, 2964, 金银岛
01512884, 8.7, 1056, 麦琪的礼物
01084974, 8.5, 1314, 三个火枪手
01201947, 8.2, 1914, 哈克贝里·费恩历险记
02364762, 8.7, 1038, 唐璜（上下册）
01263747, 9.2, 608, 海的女儿
01914223, 8.3, 1611, 哈克贝里·芬历险记
01023781, 8.7, 979, 简・爱
01085902, 8.7, 965, 牛虻
01027786, 8.6, 1058, 大卫.科波菲尔（上下）
05446438, 9.1, 617, 变色龙
02253375, 8.3, 1393, 红与黑
01083032, 8.1, 1767, 气球上的五星期
01083804, 8.3, 1356, 永别了，武器
02042967, 8.3, 1346, 木偶奇遇记
02032178, 8.7, 840, 包法利夫人
01103082, 8.3, 1330, 地心游记
01511533, 8.4, 1157, 蝴蝶梦
01019642, 7.9, 2216, 理智与情感
03310808, 9.2, 488, 九三年
01449947, 8.5, 1003, 小妇人
03144827, 8.5, 980, 羊脂球
04881633, 8.1, 1597, 少年维特的烦恼
01657783, 8.5, 970, 呼啸山庄
01069405, 7.7, 2768, 我的大学
06536641, 9.2, 449, 飞鸟集
01063627, 8.7, 728, 安妮的日记
03354936, 7.9, 1907, 假如给我三天光明
01065264, 7.7, 2519, 格列佛游记
01205775, 8.3, 1118, 汤姆叔叔的小屋
01271250, 9.2, 435, 悲惨世界
01263707, 8.7, 705, 怪异故事集
02032280, 8.5, 875, 伊索寓言
01019308, 8.0, 1615, 圣经的故事
01105272, 8.4, 973, 羊脂球
03076985, 9.1, 461, 安娜·卡列尼娜
02036573, 7.7, 2347, 儿子与情人
01466999, 8.2, 1161, 上尉的女儿
01086333, 8.4, 897, 鲁滨逊漂流记
01519058, 7.8, 1901, 母亲
01858493, 7.9, 1637, 虹
26878417, 9.0, 458, 茶花女
01023295, 8.0, 1395, 雾都孤儿
01083430, 7.8, 1766, 十日谈
34990839, 9.4, 310, 地下室手记
01136277, 7.4, 3165, 嘉莉妹妹
01204231, 8.4, 806, 羊脂球(莫泊桑中短篇小说选)
01060444, 8.4, 797, 羊脂球
01017941, 8.3, 889, 卡门
25799790, 9.4, 299, 安娜·卡列尼娜
06152974, 8.5, 701, 茶花女
01907894, 8.6, 629, 复活
01201946, 8.0, 1245, 父与子
01022767, 8.9, 456, 悲惨世界
02323320, 8.5, 680, 老人与海
01703952, 8.3, 850, 海底两万里
01672101, 8.6, 604, 牛虻
01123597, 8.1, 1062, 钢铁是怎样炼成的
01750624, 9.1, 364, 莎士比亚悲剧集
02044034, 7.8, 1523, 爱玛
25897692, 8.5, 638, 红与黑
01920894, 8.8, 445, 三个火枪手（上下册）
04199233, 9.1, 336, 人间喜剧
02027999, 8.7, 488, 布拉热洛纳子爵
06152978, 8.4, 667, 白鲸
25897685, 8.8, 439, 茶花女
01935037, 8.4, 638, 红与黑
01049411, 8.6, 495, 八十天环游地球
26912760, 9.3, 261, 战争与和平
26284409, 7.6, 1628, 一个被出卖的杀手
01122063, 8.1, 841, 雾都孤儿
01027507, 8.5, 527, 海底两万里
11441808, 9.4, 228, 小王子
06728688, 8.5, 504, 大卫·科波菲尔（上下）
01657778, 8.6, 453, 双城记
01168760, 8.5, 498, 永别了，武器
01040970, 8.1, 764, 汤姆叔叔的小屋
01051960, 8.0, 861, 鲁滨孙飘流记
05063807, 8.3, 607, 漂亮朋友
01011709, 8.9, 332, 战争与和平
01091905, 8.2, 677, 汤姆·索亚历险记
01477793, 8.1, 746, 卡门
05285281, 8.6, 427, 蝴蝶梦
01641470, 8.0, 826, 十日谈
02161690, 8.7, 383, 二十年后
02036576, 7.4, 1795, 看得见风景的房间
03024278, 7.7, 1164, 曼斯菲尔德庄园
01084884, 8.2, 621, 二十年后
01272868, 8.0, 782, 童年 在人间 我的大学
26820873, 9.3, 215, 哈姆莱特
01834419, 9.1, 249, 泰戈尔诗选
02176695, 8.0, 744, 春琴抄
24852889, 9.0, 268, 三剑客
01105259, 8.5, 427, 都柏林人 一个青年艺术家的肖像
01088029, 8.3, 520, 奥德赛
01885227, 7.7, 1038, 嘉莉妹妹
20273266, 8.1, 632, 假如给我三天光明
01048826, 7.6, 1166, 钢铁是怎样炼成的
26787243, 9.3, 199, 神曲
01017699, 9.0, 253, 草原和群山的故事
02149302, 8.5, 398, 大卫.科波菲尔-(全译本)(上.下)
01636447, 8.3, 483, 爱的教育
01101543, 7.9, 762, 远离尘嚣
02048297, 8.6, 342, 安娜.卡列尼娜-世界文学名著典藏（上.下）
01657776, 8.3, 443, 茶花女
26830611, 8.5, 352, 一九八四
01052622, 8.9, 242, 傲慢与偏见
03181284, 8.1, 528, 雾都孤儿
03795756, 8.9, 239, 了不起的盖茨比
01090631, 8.2, 465, 爱丽丝漫游奇境记
30203758, 9.4, 158, 基督山伯爵
01039943, 8.7, 279, 老人与海
04024336, 9.4, 157, 傲慢与偏见
25897693, 9.6, 136, 高老头 欧也妮·葛朗台
01042783, 8.1, 494, 黑桃皇后
03024283, 7.4, 1196, 诺桑觉寺
25886232, 9.0, 206, 飘
01044038, 8.0, 536, 前夜 父与子
25897682, 9.1, 185, 基度山伯爵
01084554, 8.3, 377, 王子与贫儿
01671128, 9.5, 136, 悲惨世界（上下）
01086317, 7.8, 657, 会飞的教室
01397967, 9.3, 157, 福尔摩斯探案集（上下册）――世界文学名著宝库
34834120, 9.4, 143, 双城记
01885226, 7.5, 922, 娜娜
01079505, 8.4, 325, 雾都孤儿
05406564, 7.9, 552, 红字
01909973, 8.3, 354, 好兵帅克
01020582, 9.0, 185, 孤星血泪
01105797, 8.9, 195, 神奇的花园
24851615, 7.2, 1296, 瓦尔登湖
01748847, 8.0, 438, 少年维特之烦恼
03797414, 8.6, 239, 飘
01637430, 8.5, 254, 百万英镑
01981483, 8.7, 212, 复活
01047417, 7.8, 521, 洛丽塔
01740639, 7.7, 583, 德拉库拉
26435352, 9.0, 158, 动物农场
10582342, 8.8, 184, 巴黎圣母院
01203645, 7.9, 423, 格列佛游记
05920572, 9.6, 99, 飘（上下卷）
01199614, 8.1, 337, 呼啸山庄
01085466, 8.7, 191, 战争与和平
01210796, 7.8, 458, 一生
06435874, 9.2, 126, 安娜.卡列尼娜
01091895, 8.4, 242, 孤星血泪
01253339, 7.9, 402, 复活
01636483, 8.3, 264, 简．爱
04018798, 9.5, 99, 乱世佳人
01100264, 7.9, 384, 欧叶妮・葛朗台 高老头
01063870, 8.2, 277, 巴黎圣母院
25811162, 8.3, 247, 三个火枪手
01145497, 8.0, 325, 伊索寓言
01095828, 7.8, 404, 斯巴达克思
01264336, 8.8, 155, 爱的教育
26830625, 8.8, 153, 忏悔录
01264225, 8.1, 279, 猎人笔记
01092569, 8.1, 275, 童年  在人间  我的大学
01704801, 8.4, 205, 爱丽丝梦游仙境
26986052, 9.3, 101, 约翰·克利斯朵夫
30162953, 8.1, 268, 人类群星闪耀时
01695811, 8.2, 242, 贝姨
25973242, 8.8, 143, 复活
01208806, 8.4, 199, 爱丽丝漫游奇境记
01010072, 8.2, 237, 苦儿流浪记
03797394, 9.1, 112, 福尔摩斯探案集
01006433, 8.0, 278, 茶花女
01044217, 8.0, 278, 欧也妮·葛朗台
01955028, 8.3, 206, 套中人
01004874, 8.2, 226, 八十天环游世界－世界名著之旅
01053248, 8.1, 246, 高老头
01042691, 7.9, 297, 高老头 欧叶妮・格郎台
26693997, 8.5, 166, 罗密欧与朱丽叶
02274570, 8.5, 165, 汤姆叔叔的小屋
01592768, 8.0, 259, 童年·在人间·我的大学
01084975, 8.1, 232, 巴黎圣母院
26144578, 8.9, 115, 基督山伯爵
03137192, 8.0, 247, 我是猫
01753104, 7.6, 380, 钢铁是怎样炼成的
01030541, 8.1, 223, 王子复仇记
01545836, 9.0, 103, 莫泊桑中短篇小说选
03202857, 8.5, 151, 牛虻
01085549, 8.0, 235, 欧叶妮·格朗台
01086332, 8.0, 233, 茶花女
01164734, 7.5, 400, 嘉丽妹妹
19995894, 9.0, 99, 九三年
03863456, 8.3, 171, 浮华世家
01052908, 8.2, 187, 爱丽丝漫游奇境记
03181281, 8.6, 132, 汤姆叔叔的小屋
26702676, 8.8, 111, 局外人
04106716, 8.8, 108, 战争与和平-上下册-全译本
01437891, 8.4, 148, 红与黑
01186367, 9.2, 81, 托尔斯泰中短篇小说选
01221602, 7.6, 318, 钢铁是怎样炼成的
02339505, 9.2, 80, 洋葱头历险记-青少版
02274572, 8.4, 144, 格兰特船长的儿女
03243093, 7.9, 225, 时间机器
10540005, 8.1, 185, 金银岛·化身博士
06435890, 8.1, 184, 茶花女
01739732, 8.7, 109, 神秘岛
06124278, 9.2, 75, 茶花女
03797417, 8.7, 103, 哈姆莱特
02059068, 8.4, 130, 安妮日记
01109974, 7.8, 225, 昆虫记
04045331, 9.3, 68, 战争与和平（共四册）
01151847, 8.2, 152, 雅典的泰门
01201875, 7.5, 306, 美国的悲剧
19961142, 7.7, 243, 红字
01527067, 8.6, 107, 尼尔斯骑鹅历险记
01592762, 8.8, 92, 红与黑
03094123, 8.5, 114, 三剑客
01258504, 8.0, 175, 二十年后
06861488, 8.9, 83, 悲惨世界
01185654, 8.1, 152, 弃儿汤姆·琼斯的历史（上下）
02364639, 8.1, 152, 莫班小姐
01750621, 8.7, 93, 堂吉诃德（上下）
01010601, 8.7, 92, 漫画世界文学名著(1):红与黑(平)
01853935, 8.2, 136, 蒙梭罗夫人（上下）
01665732, 8.7, 91, 苔丝
01664925, 8.0, 159, 少年维特的烦恼
03071919, 8.9, 77, 福尔摩斯探案集
03144760, 8.7, 88, 一生 两兄弟
01054987, 7.4, 287, 娜娜
01078609, 8.1, 141, 欧文短篇小说选
24371683, 9.0, 71, 一九八四
01165182, 8.1, 134, 简爱（中英二册含二张VCD）
02066434, 8.8, 76, 傲慢与偏见
01361340, 8.7, 81, 死靈魂
06958064, 8.7, 81, 复活
06515861, 9.8, 41, 傅译巴尔扎克代表作3
01265895, 7.7, 183, 最后一课
01279045, 8.3, 106, 包法利夫人
03483450, 9.0, 64, SELECTED STORIES CHEKHOW契科夫精选小说
01215193, 8.4, 97, 鲁滨孙飘流记
01592773, 8.3, 104, 莎士比亚喜剧集
26641288, 9.8, 40, 1984
01103035, 8.9, 67, 安娜.卡列宁娜(上下)
01043232, 7.5, 214, 黑郁金香
01265892, 7.8, 157, 孤星血泪
01001831, 7.6, 189, 高老头
01201616, 9.2, 54, 老人与海（中英对照）
01264786, 7.8, 153, 巨人传
01010403, 9.0, 59, 漫画世界文学名（7）著:呼啸山庄(平)
01019214, 8.2, 104, 漫画世界文学名著(8):莎乐美(平)
01097050, 7.5, 199, 金银岛
01739807, 8.5, 81, 羊脂球
01109970, 8.4, 87, 安娜·卡列宁娜
01093244, 8.0, 120, 卓娅和舒拉的故事
01036764, 8.4, 86, 漫画世界文学名著(4):卡门(平)
01077433, 8.3, 92, 神曲
03762270, 8.3, 91, 堂吉诃德
01047705, 8.1, 106, 天方夜谭
01093399, 8.3, 90, 斯巴达克思
01505434, 7.7, 151, 大街
02194889, 9.3, 46, 飘(上下)-世界文学名著典藏-全译本
06879002, 8.3, 88, 傲慢与偏见
03144758, 8.3, 86, 泰利埃公馆
30379270, 9.6, 38, 卡拉马佐夫兄弟
26830623, 9.4, 42, 基督山伯爵
06534799, 7.6, 154, 红与黑
01086340, 8.1, 98, 三剑客
21971619, 8.9, 55, 浮士德-全2册
01534109, 7.9, 115, 爱玛
01197839, 8.2, 88, 少年维特的烦恼
02364761, 7.6, 149, 亚瑟王之死（上下册）
01265894, 7.5, 164, 嘉莉妹妹
01933694, 7.6, 147, 钦差大臣
02015927, 8.5, 69, 安娜·卡列尼娜
30200850, 9.2, 44, 浮士德
01034736, 7.6, 144, 普希金诗选
26144686, 8.5, 68, 漂亮朋友
20443556, 5.6, 3501, 老人与海
01885412, 8.7, 55, 海上劳工
01027194, 8.0, 91, 鲁滨逊飘流记
02243517, 8.3, 71, 红与黑
03200785, 8.7, 53, 死魂灵
02305132, 8.2, 75, 伊索寓言
10765079, 8.5, 60, 有闲阶级论
01109969, 8.0, 87, 海的女儿
01136855, 7.9, 93, 王子与贫儿
03181294, 8.1, 78, 名人传
01117339, 7.9, 90, 伊索寓言
01592751, 8.7, 50, 猎人笔记
02329286, 8.9, 44, 格兰特船长的儿女们
01263680, 7.2, 172, 克莱芙王妃
27184357, 9.0, 41, 茶花女
30283615, 8.3, 64, 枕草子
01558358, 9.1, 37, 赛查·皮罗托盛衰记 纽沁根银行
01104504, 8.7, 44, 基度山伯爵（上下）
06435897, 8.2, 61, 欧也妮.葛朗台
06989958, 8.4, 53, 莫泊桑短篇小说选-全译本
01004974, 8.8, 41, 施密特漫画（上下册）
01522101, 9.3, 31, 卡拉马佐夫兄弟
01085139, 8.3, 54, 双城记
03171933, 8.1, 62, 雾都孤儿
02364816, 7.1, 152, 怎么办？
02048625, 8.8, 39, 茶花女
02971563, 8.2, 57, 卡夫卡小说精选
03395420, 8.4, 49, 少年维特的烦恼 亲合力
03479112, 8.6, 43, DAVID COPPERFIELD 大卫科波菲尔
05906982, 9.5, 26, 飘
01105673, 8.3, 49, 松迪亚塔
01107933, 8.0, 59, 少年维特之烦恼
03930160, 8.8, 34, 假如给我三天光明
02308418, 8.7, 35, 悲惨世界（上下）
01062176, 7.4, 89, 英雄凯撒
02176750, 7.9, 57, 名人传
30200861, 8.4, 40, 傲慢与偏见
01056555, 7.7, 64, 东线战场（图文本）
02370435, 8.7, 31, 奇婚记
01044014, 8.0, 47, 约翰·克利斯朵夫（青少年版）
01101829, 7.4, 75, 最后的莫希干人
03115765, 8.6, 32, 复活
26876404, 9.2, 23, 莎士比亚十大经典戏剧（上、下册）
03246306, 8.1, 42, 包法利夫人
30287366, 9.0, 25, 马丁·伊登
01949582, 8.4, 34, 吉姆爷 黑暗深处 水仙花号上的黑水手
02226603, 8.6, 30, 戈拉
02025626, 7.8, 50, 好兵帅克
10760905, 9.4, 20, 乱世佳人（上、下）
30331240, 7.8, 49, 红与黑
26363009, 7.4, 67, 老古玩店
03574250, 8.4, 32, 侦探对侦探
01425693, 9.0, 23, 傲慢与偏见-英文原版注释本
03764783, 8.1, 38, 普希金诗选
24745419, 7.3, 69, 一战全史-超值白金版
01657797, 7.6, 50, 普希金诗选
01659786, 8.3, 30, 罗亭 贵族之家
01101551, 7.7, 44, 阿格尼丝.格雷
34862610, 9.3, 18, 夏洛克·福尔摩斯
06435888, 7.3, 60, 呼啸山庄
01885219, 7.9, 38, 还乡
05353682, 7.8, 40, 苦儿流浪记
01742014, 7.5, 49, 美国的悲剧-青少版
26877014, 8.7, 23, 小王子
02332761, 7.9, 36, 娜娜
26695493, 8.2, 29, 巨人传
02297214, 8.9, 20, 一千零一夜
03483595, 7.9, 34, JANE EYER简 爱
02296841, 7.5, 45, 阿芒得骑士
05977131, 7.8, 36, 假如给我三天光明
03590475, 8.4, 25, 死囚末日记
05989027, 9.2, 16, 罪与罚
01958305, 7.2, 52, 红磨坊
27096781, 8.9, 18, 红与黑
01022254, 9.0, 17, 绿野仙踪-世界名著之旅
03781855, 7.8, 32, 一千零一夜
02059180, 8.0, 28, 小飞侠彼得·潘
01409884, 6.7, 73, 红色的英勇标志
07058728, 8.4, 21, 格列佛游记
26943674, 9.3, 14, 名人传
05922497, 6.4, 97, 钢铁是怎样炼成的
01638617, 8.0, 25, 复活
02129380, 9.0, 15, 马丁·伊登
01742338, 8.1, 23, 老顽固
10760902, 8.1, 22, 红与黑
01185819, 8.0, 22, 马亚一家
01592772, 7.1, 39, 罪与罚
01087039, 7.4, 31, 苔丝
01085478, 7.6, 27, 庭长夫人
33385451, 8.1, 20, 虹
02274437, 8.0, 21, 十五岁的小船长
01054819, 7.8, 23, 维加戏剧选
01055176, 7.6, 26, 特莱庇姑娘
07163460, 8.6, 15, 海底两万里
02702424, 8.2, 18, 父与子
26785928, 9.0, 12, 战争与和平
03013375, 7.8, 21, 欧也妮·葛朗台
10727772, 7.6, 23, 欧也妮.葛朗台
26383349, 7.6, 23, 偷书贼
01084939, 7.5, 24, 匹克威克外传
01082803, 8.0, 17, 飘
01102923, 7.7, 20, 三个火枪手――纸生态书系・外国文学典藏
01475195, 7.3, 25, 铁面人
02074975, 7.2, 26, 福尔摩斯探案选集(青少版) (平装)
02179404, 8.8, 11, 汤姆·索亚历险记
02075281, 7.9, 16, 钢铁是怎样炼成的
03764798, 6.9, 29, 青年近卫军
01047921, 7.4, 20, 戈洛夫廖夫老爷们
03000832, 7.6, 17, 领航人
01924281, 7.9, 14, 打鹿将
25848482, 4.6, 883, 微表情心理学
26312238, 8.4, 11, 少年维特的烦恼
01084967, 7.6, 16, 钢铁是怎样炼成的
10355214, 7.4, 15, 双城记
01512835, 6.5, 26, 铁蹄
02302854, 7.6, 11, 欧美古典作家论现实主义和浪漫主义（二）
01031848, 0.0, 10, 莎士比亚与《哈姆雷特》
02209509, 0.0, 10, 一千零一夜（共10册）
03078778, 0.0, 10, 雾都孤儿
03764825, 0.0, 10, 吉尔·布拉斯
35064956, 0.0, 10, 我爱读经典：彼得·潘
04902667, 0.0, 11, 名人传
01272571, 0.0, 14, 欧也妮·葛朗台
