2020-07-05 15:59:54

number of books, tag name
108, 世纪人文

ID, rating, votes, title
01813841, 8.7, 32089, 枪炮、病菌与钢铁
02258034, 9.3, 4776, 乡土中国
03930318, 9.1, 3847, 超越时空
01315190, 8.8, 4907, 想象的共同体
01322358, 9.0, 2851, 费马大定理
01315213, 9.0, 2569, 中国文化要义
02274697, 9.0, 1601, 江村经济
01315184, 9.0, 1480, 哲学研究
01437687, 8.8, 1806, 性经验史
03431988, 9.0, 1374, 人的境况
02259198, 8.9, 1405, 合作的进化
01809150, 8.4, 2364, 公众舆论
04231732, 9.1, 832, 历史研究（上下卷）
01810944, 8.7, 1052, 启蒙辩证法
01035600, 8.6, 1133, 福柯的生死爱欲
03072490, 8.5, 1214, 功利主义
01315167, 9.0, 619, 历史的用途与滥用
01315172, 9.1, 491, 道德形而上学原理
03069173, 8.2, 1210, 单向度的人
06772248, 8.7, 617, 想象的共同体（增订版）
06822344, 8.3, 794, 崩溃
01315187, 8.1, 997, 植物的欲望
02124111, 8.9, 403, 世界科学技术通史
01899787, 8.6, 405, 希尔伯特
01784328, 8.8, 302, 诗学
01315260, 8.7, 248, 时代的精神状况
02068710, 8.2, 397, 国家的兴衰
01315269, 8.3, 341, 心灵、自我与社会
03662479, 8.5, 266, 文化与抵抗
02298747, 8.9, 185, 现代世界中的数学
01313462, 8.4, 271, 我的大脑敞开了
01315265, 8.3, 281, 从混沌到有序
01883148, 9.0, 150, 现代君主论
01818083, 8.9, 159, 经典常谈
01315074, 8.1, 250, 不论
01315266, 8.4, 186, 协同学
26293336, 9.1, 106, 素数之恋
01810352, 8.1, 236, 灵魂机器的时代
01899804, 8.0, 253, 涌现
03121168, 8.3, 189, 细胞叛逆者
03094759, 8.5, 152, 合作的复杂性
02062913, 8.1, 209, 批判的社会学导论
03121171, 8.3, 163, 混沌七鉴
01315243, 7.8, 256, 希腊罗马神话
01881556, 8.4, 125, 人工智能哲学
01034222, 8.2, 148, 历史哲学
01841561, 8.2, 143, 天地有大美
02315855, 8.2, 136, 宇宙的最后三分钟
03104604, 8.2, 129, 所有可能的世界
01836229, 8.1, 136, 爱因斯坦·毕加索
01323571, 7.9, 143, 机遇与混沌
20492357, 8.4, 93, 历史的逻辑
01882929, 7.8, 149, 希腊罗马神话与传说中的恋爱故事
03420220, 8.3, 92, 六个数
01900205, 8.2, 98, 原子舞者
01445709, 7.9, 119, 上帝的方程式
01858239, 7.9, 118, 大众传播与美利坚帝国
03902644, 8.0, 105, 无之书
02273757, 8.3, 81, 数学与自然科学之哲学
01442141, 7.6, 144, 不确定的科学与不确定的世界
11520724, 8.6, 63, 政权与斗争剧目
04053335, 8.5, 63, 大自然的基本力
01315195, 8.0, 83, 恶的象征
02063516, 8.1, 75, 解构的共通体
05417231, 8.6, 47, 玻恩-爱因斯坦书信集 (1916-1955)
01072147, 7.6, 94, 灵魂机器的时代：当计算机超过人类智能时
25059884, 8.3, 52, 烛幽之光
01323570, 7.5, 93, 伊托邦
01884435, 7.6, 81, 数字密码
01315127, 7.5, 86, 真实地带：十大科学争论
04025012, 7.9, 60, 如何切蛋糕
03463229, 8.3, 44, 多元文化公民权
06797945, 8.7, 34, 亚原子世界探秘
01860178, 7.5, 78, 从前有个数
01873519, 6.9, 135, 科学是怎样败给迷信的
03859930, 8.1, 46, 中国思想小史
01886051, 7.6, 66, 还原论的局限
02126739, 8.4, 34, 爱因斯坦奇迹年
01500043, 7.9, 47, 自由主义的民族主义
01445585, 7.7, 54, 未来是定数吗？
03803280, 7.8, 50, 承诺的策略
04225862, 7.8, 50, 话语，图形
05241973, 7.6, 57, 双螺旋探秘
19941274, 8.0, 42, 千年难题
01809771, 7.2, 76, 大自然的常数
02273766, 7.8, 45, 科学技术学导论
03929119, 7.7, 44, 何为科学真理
02273301, 8.0, 34, 通往斯德哥尔摩之路
11519521, 8.6, 23, 权力的批判
02273677, 7.3, 53, 复杂性
06837565, 7.9, 30, 大爆炸探秘
01315231, 6.5, 89, 法国史图说
25716947, 7.9, 27, 群体冲突的逻辑
01315210, 7.6, 32, 道德哲学原理
01313451, 7.6, 31, 权力
02115204, 8.3, 19, 真实与惟一的天堂
04011309, 7.1, 39, 政治思想与政治思想家
02256346, 6.9, 46, 想象的马克思主义
03650965, 7.1, 36, 社群主义的说服力
02256787, 8.0, 17, 全球化时代的民主
01799731, 6.7, 39, 斑杂的世界
01449121, 7.7, 19, 宪政之谜
01318194, 7.0, 27, 第五元素
25663383, 6.9, 27, 在自然主义与宗教之间
07067442, 7.2, 17, 突破维数障碍
01015619, 7.3, 11, 资本主义文明的衰亡
25804557, 7.4, 10, 霸王龙和陨星坑
01476911, 6.4, 15, 作为现代化之代价的道德
