2020-07-05 15:59:54

number of books, tag name
58, 业余

ID, rating, votes, title
01046209, 9.2, 88881, 安徒生童话故事集
27002046, 9.1, 10537, 美丽新世界
01056295, 8.2, 39845, 人性的弱点全集
01056461, 8.3, 18401, 旅行的艺术
03990022, 9.2, 3670, 美国纽约摄影学院摄影教材（上册）
01907739, 8.6, 6910, 当世界年纪还小的时候
26061406, 9.1, 3409, 小狗钱钱
01002513, 9.3, 1429, 詩經注析（全二冊）
01193621, 8.5, 3390, 决策与判断
01874488, 8.1, 6012, 别做正常的傻瓜
25863621, 8.0, 6894, 异类
03095037, 9.1, 1447, 听音乐（插图第6版）
01105890, 8.1, 3711, 生命的重建
03057936, 8.6, 1805, 马未都说收藏·陶瓷篇（上）
21966353, 7.6, 6791, 贫穷的本质
01041622, 9.2, 808, 后汉书（全十二册）
03544984, 8.8, 1069, 瞬间的背后
03148105, 8.6, 1282, 马未都说收藏·陶瓷篇（下）
04216944, 8.8, 960, 卖轮子
01080586, 8.8, 844, 世说新语
06519779, 8.7, 810, TEA FOR TWO
01892291, 7.5, 3730, 十日谈
01059690, 8.5, 600, 辛丰年音乐笔记
20279547, 8.0, 950, 花之绘 38种花的色铅笔图绘
01082178, 8.9, 358, 幸福之路
02159830, 8.5, 354, 离开微软 改变世界
01021809, 8.2, 440, 诗经植物图鉴
01418774, 7.4, 1033, 生生世世
01391743, 8.2, 385, 四维旅行
01443707, 7.9, 516, 做最好的自己
01803967, 9.0, 155, 物理世界奇遇记
01033831, 8.9, 165, 左传
02265341, 7.1, 1127, 维基经济学
01012558, 9.0, 118, 数
03206941, 7.9, 256, 美国摄影用光教程
04275054, 6.9, 797, 网民的狂欢
10753773, 7.7, 285, 图穷对话录
06722886, 6.8, 891, 设计准则
01225971, 7.4, 383, 谁在操纵你？
01446895, 8.8, 76, 电子设计从零开始
01041238, 7.1, 365, 张曼玉画传
06803275, 7.3, 186, 不抱怨的世界
01016473, 7.3, 169, 清史十五讲
01223803, 7.3, 140, 到古代中国去旅行
01000041, 8.7, 45, 游泳技巧图解
01031993, 7.7, 81, 左传译注(上、下)
02176748, 7.5, 90, 从惊讶到思考
19957780, 8.2, 49, 色铅笔的故事
01053337, 7.2, 71, 红马
11444702, 7.1, 65, 迷药
01436190, 6.3, 129, 原来诗经可以这样读
03705285, 8.3, 23, 从零起步学电子
24856644, 7.2, 41, 水色四季花之绘
01425012, 6.6, 48, 葵花生
06816437, 6.9, 36, 好时光
10822093, 7.6, 20, 步步莲花
20504904, 7.2, 15, 静物靓照一学即会
01491212, 6.7, 13, 影视评论学初探
