2020-07-05 15:59:54

number of books, tag name
983, 个人管理

ID, rating, votes, title
33440205, 8.9, 60916, 你当像鸟飞往你的山
03576486, 9.1, 31087, 小狗钱钱
01775691, 8.4, 81346, 少有人走的路
01013208, 8.4, 63346, 如何阅读一本书
03261600, 9.2, 16419, 人生的智慧
01786387, 8.6, 39605, 影响力
01033778, 8.3, 58347, 富爸爸，穷爸爸
01476651, 9.0, 17667, 社会心理学
26369699, 8.6, 26241, 被讨厌的勇气
03533221, 8.4, 35529, 非暴力沟通
03609132, 8.4, 35480, 把时间当作朋友
02340100, 8.0, 73634, 遇见未知的自己
10786473, 8.2, 45623, 自控力
01056295, 8.2, 39845, 人性的弱点全集
27608239, 8.4, 22260, 原则
01322025, 8.7, 13300, 卓有成效的管理者
01048007, 8.2, 26141, 高效能人士的七个习惯（精华版）
01095634, 8.7, 11111, 小狗钱钱
06709809, 8.4, 14209, 暗时间
04180711, 8.2, 16359, 拖延心理学
05325618, 8.4, 11281, 高效能人士的七个习惯
04953695, 7.8, 31692, 拆掉思维里的墙
01005576, 8.9, 5249, 影响力
26831789, 8.7, 6450, 穷查理宝典
34659228, 8.7, 6410, 你想活出怎样的人生
10785583, 8.2, 13618, 思考，快与慢
24753751, 8.1, 14701, 向前一步
02363651, 8.1, 14544, 十四堂人生创意课
20428922, 8.3, 10345, 学会提问
10747883, 8.0, 15268, 怦然心动的人生整理魔法
25717097, 8.6, 5682, 囚徒健身
34836531, 8.8, 4253, 了不起的我
01115353, 8.3, 8674, 奇特的一生
07059662, 8.1, 11221, 考拉小巫的英语学习日记
03413836, 8.4, 6563, 当下的力量
01269900, 8.1, 10335, 活法
27094706, 8.7, 4182, 财富自由之路
25749845, 8.4, 6278, 把时间当作朋友（第3版）
26895993, 7.9, 13596, 刻意练习
03558629, 8.4, 5942, 小强升职记
26275861, 8.5, 5082, 沟通的艺术（插图修订第14版）
01313124, 8.2, 7381, 赢
24749465, 7.4, 31521, 断舍离
01313181, 8.4, 5379, 富兰克林自传
01433346, 8.7, 3516, 旁观者
27186106, 8.3, 6155, 心流
25782902, 8.1, 8360, 反脆弱
05980113, 8.9, 2488, 伯恩斯新情绪疗法
20507212, 8.0, 8158, 习惯的力量
25852981, 8.7, 2944, 小强升职记
01020644, 8.1, 6844, 金字塔原理
02345548, 8.2, 5627, 学习之道（第2版）
33385402, 8.1, 6413, 事实
01161817, 8.6, 3112, 洛克菲勒留给儿子的38封信
01193621, 8.5, 3390, 决策与判断
04051739, 8.7, 2601, 第五项修炼
10586741, 8.3, 4375, 关键对话
25863621, 8.0, 6894, 异类
01021056, 7.1, 37959, 谁动了我的奶酪？
26761696, 7.5, 16125, 精进
22994632, 8.9, 1928, 成功，动机与目标
26863797, 8.5, 3162, 逃离
24758481, 8.6, 2708, 当下的力量（珍藏版）
05916234, 7.6, 12697, 番茄工作法图解
04882120, 8.1, 5218, 金字塔原理
25816940, 8.5, 2823, 富爸爸穷爸爸（最新修订版）
25985683, 7.7, 9325, 人性的弱点
34326931, 8.6, 2413, 掌控习惯
01837006, 8.0, 5441, 人性的弱点
25870384, 8.3, 3401, 你的生命有什么可能
03318174, 8.1, 4435, 这书能让你戒烟
04726852, 8.5, 2478, 正念的奇迹
01424955, 9.0, 1335, 卓有成效的管理者 （中英文双语典藏版）
27056409, 7.7, 8058, 深度工作
20492550, 7.7, 8029, 清醒思考的艺术
01059769, 8.0, 4900, 从优秀到卓越
30356081, 8.1, 4165, 奈飞文化手册
01135754, 8.1, 4120, 你的灯亮着吗?
06854525, 7.9, 5593, 黑天鹅
35009826, 8.8, 1623, 一生的旅程
04249967, 8.0, 4749, 财务自由之路
11608712, 8.6, 2059, 无器械健身
25858916, 8.2, 3489, 感谢自己的不完美
01464593, 8.7, 1806, 目标
04020857, 8.8, 1590, 卓有成效的管理者
27167992, 8.1, 3911, 见识
03682204, 7.6, 8686, 佐藤可士和的超整理术
26363229, 7.7, 6970, 亲密关系：通往灵魂的桥梁
10739290, 7.8, 5896, 30岁前别结婚
04849382, 8.3, 2777, 搞定
10773358, 8.1, 3629, 意志力
26728136, 8.4, 2323, 非暴力沟通
26877306, 7.7, 6184, 微习惯
27117578, 9.1, 939, 沟通的艺术（插图修订第15版）
26359758, 7.8, 4991, 硬派健身
26895988, 8.0, 3574, 学习之道
25783654, 7.4, 9514, 如何高效学习
11528220, 8.3, 2258, 系统之美
03622904, 7.2, 13723, 不抱怨的世界
26952718, 7.7, 5486, 好好学习
26789567, 7.3, 11192, 如何有效阅读一本书
27078435, 7.8, 4607, 跃迁
03006742, 8.6, 1521, 改变
25742296, 8.3, 2166, 有限与无限的游戏
05321463, 8.2, 2460, 沟通的艺术
25858068, 7.4, 8625, 100个基本
27154533, 7.6, 5878, 终身成长
30188003, 7.9, 3622, 为什么精英都是时间控
26178426, 7.5, 6939, 稀缺
26799348, 8.1, 2681, 演讲的力量
01788302, 8.4, 1756, 重塑心灵
03116096, 8.2, 2279, 象与骑象人
27153484, 8.4, 1742, 富爸爸穷爸爸
02980795, 7.7, 4725, 内向者优势
27170672, 8.6, 1340, 财富自由之路
25911978, 7.6, 5371, 知行合一王阳明（1472—1529）
20434430, 8.0, 2834, 你要如何衡量你的人生
26284789, 8.6, 1294, 高效能人士的七个习惯
30353486, 7.8, 3736, 认知天性
34952676, 8.3, 1838, 苏世民：我的经验与教训
02212128, 8.5, 1372, 奇特的一生
03138847, 7.9, 3013, 思考的技术
01085660, 8.0, 2587, 尽管去做
26936065, 8.1, 2124, 请停止无效努力
01436707, 7.5, 5177, 如何掌控自己的时间和生活
04010185, 8.0, 2353, 哪来的天才？
10565381, 7.9, 2567, 活法
25767534, 8.5, 1170, 少有人走的路1
24083865, 7.7, 3435, 女人明白要趁早之三观易碎
27023900, 7.4, 5640, 睡眠革命
24754537, 7.4, 5586, 简单的逻辑学
05344908, 7.9, 2492, 别独自用餐
34864919, 8.8, 815, 写作7堂课
01958120, 8.6, 1012, 格鲁夫给经理人的第一课
01427920, 8.7, 900, The 7 Habits of Highly Effective People
07001106, 7.4, 5357, 时间管理
11601993, 8.1, 1802, 安静
27601521, 8.4, 1226, 只管去做
26605978, 8.2, 1545, 超越智商
27039296, 8.3, 1354, 幸福的勇气
04726323, 7.4, 4931, 一万小时天才理论
04929897, 7.6, 3509, 情商
06404010, 7.8, 2573, 不懂项目管理，还敢拼职场
34870933, 7.7, 2992, 人生十二法则
26171593, 7.4, 4880, 今天也要用心过生活
07043452, 8.9, 663, The Willpower Instinct
26693418, 7.4, 4805, 按自己的意愿过一生
26925607, 8.2, 1451, 不如去闯
30235060, 8.2, 1428, 情感勒索
24697776, 8.1, 1601, 批判性思维工具（原书第3版）
26807400, 8.5, 977, 成功心理学
30244461, 8.1, 1567, 规模
27609489, 7.7, 2756, 远见
26606009, 7.7, 2753, 精力管理
20389192, 7.1, 7626, 30岁前的每一天
26761859, 7.7, 2696, 精要主义
26771587, 8.0, 1738, 坚持，一种可以养成的习惯
01100470, 7.5, 3591, 现在，发现你的优势
25775696, 7.6, 3055, 金字塔原理
03691437, 7.3, 5044, 思维导图
24739109, 7.7, 2617, 奇特的一生
26253561, 9.4, 376, 给青年的十二封信
04846035, 7.5, 3563, 干法
20260640, 8.1, 1471, 象与骑象人
21359609, 8.3, 1139, 高效演讲
26948148, 7.0, 8653, 好好说话
01984347, 8.2, 1281, Power Sleep
01908685, 8.2, 1277, 精神焦虑症的自救（病理分析卷）
06519759, 7.5, 3459, 记事本圆梦计划
27081766, 8.0, 1639, 如何学习
25823036, 8.8, 636, The Hard Thing About Hard Things
30355759, 8.8, 620, Atomic Habits
26704143, 8.6, 757, 把时间当作朋友(罗辑思维独家定制版)
05325852, 7.9, 1776, 思考的技术
27132072, 7.4, 3801, OKR工作法
02054246, 8.0, 1526, 你的误区
03006483, 7.7, 2320, 每周工作4小时
01082601, 7.5, 3159, 羊皮卷
26663916, 8.0, 1518, 沟通圣经
01482317, 8.3, 1038, 自卑与超越
11620497, 8.1, 1309, 简单的艺术
30147418, 8.5, 793, 经营者养成笔记
26590889, 8.0, 1448, 情绪急救
27045965, 8.1, 1258, 有钱人和你想的不一样
06971390, 7.3, 4130, 小狗钱钱2
26590267, 7.3, 4110, 工作前5年，决定你一生的财富
10431236, 8.3, 978, The Power of Habit
04075835, 8.2, 1077, 从优秀到卓越
02984241, 8.7, 612, 思维改变生活
26781120, 8.0, 1371, 优秀到不能被忽视
20386249, 8.0, 1370, 人性的弱点
01019917, 8.4, 838, 杰出青少年的七个习惯
25717380, 8.1, 1198, 赤裸裸的统计学
25828158, 8.2, 1019, 瞬变
30161884, 7.6, 2299, 贫穷的本质
24878420, 7.7, 1945, 明智行动的艺术
25852589, 8.2, 999, 少有人走的路2
30395230, 7.4, 3079, 子弹笔记
26774272, 8.0, 1266, 一平米健身：硬派健身
26835090, 8.0, 1243, 软技能
26628313, 8.2, 967, 柴犬绅士
01454393, 8.6, 613, 21世纪的管理挑战
24745639, 7.6, 2149, 麦肯锡教我的写作武器
27101562, 7.9, 1396, 高手
26260187, 7.6, 2131, 零秒思考
25817021, 8.3, 845, 20岁，光阴不再来
01491590, 7.9, 1381, 人性的优点
06064502, 7.9, 1359, 超级快速阅读
25843908, 7.5, 2380, 怦然心动的人生整理魔法2
24307336, 7.3, 3262, 跟巴黎名媛学到的事
03149514, 8.0, 1153, 战胜拖拉
25750714, 7.6, 1997, 爱上跑步的13周
03744041, 7.1, 4522, 晨间日记的奇迹
01019959, 7.8, 1481, 精力管理
02158889, 8.3, 788, 权力的48条法则
25747597, 7.3, 3158, 不能不去爱的两件事
22993496, 7.5, 2274, 女人明白要趁早
03518087, 8.6, 560, 给研究生的学术建议
27125070, 7.5, 2251, 高敏感是种天赋
06710983, 8.1, 983, 我最想要的记忆魔法书
26641761, 7.9, 1246, 横向领导力
01082725, 7.8, 1423, 一分钟经理人
27046682, 8.2, 854, 关键对话：如何高效能沟通（原书第2版）（珍藏版）
04912165, 8.7, 495, 销售巨人
27047949, 8.4, 660, 学习之道
01423818, 7.9, 1194, 如何在大学里脱颖而出
26989781, 8.0, 1045, 自卑与超越(完整全译本)
05906066, 8.2, 811, 请理解我
27601926, 7.8, 1344, 斯坦福大学人生设计课
26648884, 7.5, 2000, 干法
03729173, 7.5, 1993, 时间投资法
04238931, 7.3, 2710, 麦肯锡方法
30489331, 7.7, 1465, 能力陷阱
06761669, 8.8, 409, Willpower
11603298, 8.0, 979, Learn More
01015133, 7.9, 1112, 首先，打破一切常规
01021977, 7.7, 1453, 思考致富
27115000, 7.8, 1263, 高效能阅读
04086725, 7.3, 2573, 不持有的生活
21364188, 7.2, 3038, 书都不会读，你还想成功
26145094, 7.7, 1399, 结构思考力
02033803, 7.7, 1397, 記事本圓夢計畫
02180696, 9.1, 300, 德鲁克管理思想精要
05361804, 8.3, 655, 焦虑的意义
27049500, 8.1, 825, 秘书工作手记
26612471, 8.2, 732, 搞定Ⅰ
27591449, 7.6, 1584, 这样读书就够了
25891495, 8.2, 725, 自控力
01028372, 8.0, 914, 要事第一
26651253, 8.3, 641, 人生的智慧
26586771, 7.4, 2093, 神奇手账
30310659, 8.5, 515, 幸福的陷阱
26656532, 7.3, 2444, 最重要的事，只有一件
26288194, 9.0, 313, 权力与领导（第5版）
26826152, 9.4, 224, 曾国藩家书
26312476, 7.5, 1729, 你的身体，是一切美好的开始
04630664, 7.2, 2779, 你的知识需要管理
26816874, 8.1, 776, 理解未来的7个原则
04229525, 7.3, 2308, 筆記女王的手帳活用術
34442149, 8.2, 672, 清醒思考的策略
26733302, 7.6, 1442, 自控力：和压力做朋友
26911425, 7.7, 1249, 练习的心态
34650267, 9.0, 300, 稻盛和夫的人生哲学
21264215, 8.2, 658, 高绩效教练
26319791, 8.7, 388, 自我
01050510, 7.3, 2185, 六顶思考帽
03374562, 8.3, 575, 营养圣经
24737118, 7.9, 920, 不要等到毕业以后
26851515, 7.4, 1837, 细节
03822285, 8.6, 416, 自我导向行为
26779688, 8.0, 798, 做出好决定
02253513, 8.2, 631, 时间管理
26628237, 7.5, 1549, 哪有没时间这回事
27119594, 7.5, 1538, 实用性阅读指南
01128313, 8.6, 409, 个人的管理
26838695, 7.8, 1000, 12个工作的基本
30273559, 7.6, 1306, 掌控：开启不疲惫、不焦虑的人生
30245089, 7.6, 1298, 百岁人生：长寿时代的生活和工作
24736458, 7.8, 974, 松浦彌太郎的100個基本
26872634, 8.1, 668, 思辨与立场
27130739, 7.7, 1099, 吃掉那只青蛙
34799998, 7.9, 846, 格局
25882638, 6.8, 4724, 轻断食
27077719, 8.0, 744, 黑匣子思维
10786476, 7.8, 936, 每周工作4小时
03371227, 8.1, 642, Mindset
04159753, 9.2, 222, Your Brain at Work
30257497, 7.4, 1602, 时间看得见
25755874, 7.5, 1366, 运动改造大脑
10796954, 7.7, 1022, 商业模式新生代（个人篇）
26663954, 7.5, 1335, 吉田医生哈佛求学记
03354670, 8.3, 491, 卡内基沟通与人际关系
33536171, 9.1, 231, 原子習慣
10484712, 7.6, 1136, 驱动力
34863179, 7.9, 767, 好好思考
26968788, 8.1, 602, 自卑与超越
27021786, 7.6, 1108, 靠谱
01727293, 7.2, 2010, 晨間日記的奇蹟
10788371, 6.9, 3371, 清单革命
26839427, 7.7, 965, 慢思考：大脑超载时代的思考学
25779342, 7.5, 1270, 麦肯锡教我的思考武器
26649613, 8.2, 526, Deep Work
26829485, 7.3, 1699, 奇特的一生
34451688, 8.2, 525, 人生护城河
21346249, 7.6, 1085, 选择的悖论
34852768, 8.7, 313, 高效学习7堂课
27045616, 8.2, 518, 习惯的力量
25855770, 7.9, 728, 就因為「沒時間」，才什麼都能辦到
30396635, 7.5, 1230, 这就是OKR
26992478, 8.3, 456, 《穷查理宝典》（珍藏版）
26278795, 7.8, 812, 批判性思维（原书第10版）
24530336, 7.7, 920, 至关重要的关系
34803015, 8.1, 561, 人生模式
01779404, 8.8, 277, Seven Habits of Highly Effective People
06509801, 8.4, 401, 当下的幸福
25731751, 7.7, 897, 99%的新人，没用心做好的50件事
07155725, 8.5, 362, How Will You Measure Your Life?
27598664, 7.3, 1571, 可复制的领导力
06801742, 7.4, 1351, 人生定位
27062574, 7.8, 784, 坚毅
24318966, 8.1, 548, 我在哈佛的最后一堂课
03772058, 7.4, 1344, 吸引力法则
04243207, 7.9, 681, 悠游度过一天的24小时
19945741, 7.9, 680, 趋势的力量
26377453, 7.1, 2114, 谷物大脑
10826987, 8.2, 482, 小狗钱钱的爸爸教你实现财务自由
26798857, 7.6, 994, 让未来现在就来
30325730, 8.3, 427, 新生——七年就是一辈子
30256364, 7.7, 852, 精准表达
26683846, 8.1, 526, 如何学习
05907290, 8.6, 314, 业力管理
30415402, 7.3, 1484, 断舍离（2019年新版）
30443490, 8.0, 578, 情绪
06077688, 6.8, 3360, 别告诉我你会记笔记
30784282, 8.1, 506, 解读基金——我的投资观与实践（修订版）
27032526, 7.1, 1939, 快速阅读术
26794518, 7.4, 1197, 25岁，如何规划你的人生
26892353, 7.8, 697, 蜥蜴脑法则
30400712, 7.8, 697, 巨人的工具
33444642, 7.4, 1170, 麦肯锡精英高效阅读法
05377234, 7.6, 884, 情商2
33420594, 6.8, 3104, 成事
11445551, 7.7, 765, 谈判力
03674397, 8.7, 262, Procrastination
04920383, 7.3, 1327, 这辈子，只能这样吗？
06437896, 7.6, 868, 六项精进
26701308, 7.4, 1144, 自卑与超越
20281425, 7.2, 1539, 自卑与超越
03532299, 7.9, 593, 一分钟经理人
26285299, 7.9, 587, 创造力
30180458, 8.2, 419, 5分钟商学院•商业篇
30459025, 7.9, 583, 一问一世界
05063384, 7.5, 969, 思考的艺术
26782094, 7.7, 737, 解决冲突的关键技巧
01221482, 8.6, 277, 发展心理学
25744065, 8.0, 509, 决断力
34858308, 7.1, 1723, 读懂一本书：樊登读书法
25827340, 7.7, 727, 战胜拖延症
03253861, 8.7, 251, 管理成就生活
26890882, 7.1, 1706, 我决定简单地生活
05246820, 7.4, 1081, 津巴多时间心理学
07001105, 7.3, 1247, 毅力
25815819, 7.0, 2000, 断舍离（心灵篇）
25905227, 7.4, 1074, 你的生存本能正在杀死你
04737015, 6.6, 4174, 30年后，你拿什么养活自己？
27177909, 7.9, 560, 单核工作法图解
10603541, 8.5, 297, 洛克菲勒留给儿子的38封信
02144785, 9.3, 152, Nonviolent Communication
26262143, 7.7, 707, 女人明白要趁早之米字路口问答
10799765, 7.5, 917, 盖洛普优势识别器2.0
26596182, 8.9, 205, 我们内心的冲突
25743907, 7.0, 1932, 断舍离
05934941, 9.0, 188, Succeed
30761952, 8.6, 265, 非暴力沟通
06516304, 7.7, 696, 分心不是我的错
04087655, 7.7, 693, 注意力曲线
06098128, 7.6, 782, 简单生活的艺术
30240074, 7.1, 1604, 我每天只工作3小时
30209866, 7.4, 1019, 每一天梦想练习
26704096, 7.5, 884, 我的情绪为何总被他人左右
34678463, 7.7, 667, 重来也不会好过现在
24325339, 7.4, 988, 全新思维
26853123, 7.0, 1820, 深阅读
01461005, 8.6, 249, Mastery
25867744, 8.1, 406, 简单冥想术：激活你的潜在创造力
33440045, 7.4, 955, 高效休息法
10441244, 6.8, 2485, 整理的艺术
03441145, 8.6, 247, 自尊的6大支柱
04826033, 7.9, 503, 全力以赴
25925226, 8.0, 448, 强势
26099295, 7.6, 720, 番茄工作法图解
30476828, 7.7, 633, 为什么我们总是在逃避
34432673, 8.8, 205, 自学是门手艺
26642422, 8.4, 291, 自我发现与重塑
34864918, 8.5, 263, 时间管理7堂课
26815948, 8.0, 436, 当下的力量（白金版）
27125748, 8.0, 433, 意志力：关于自控、专注和效率的心理学
27041515, 7.8, 542, 本能减脂
34815766, 7.2, 1191, 内向高敏者
26677905, 7.7, 599, 打破自我的标签
26743071, 7.2, 1181, 学会学习
26827314, 7.5, 771, 逆向管理
26388790, 7.9, 470, 交办的技术
26434719, 6.5, 4048, 你一年的8760小时
24744992, 8.0, 412, 人生创意课
30458408, 7.2, 1145, 逆商
28551589, 7.6, 655, 有效学习
26866955, 8.5, 246, 最小阻力之路
30447816, 9.0, 161, 克服低自尊（第二版）
30422818, 9.2, 136, 高效能人士的七个习惯（30周年纪念版）
25894861, 6.5, 3711, 跟任何人都聊得来
26590171, 7.1, 1268, 做事的常识
30133649, 8.4, 262, 第五项修炼①
20493300, 8.2, 318, 高效能人士的执行4原则
27081224, 7.8, 491, 学会提问
01908684, 7.9, 436, 精神焦虑症的自救 演讲访谈卷
26818259, 7.8, 487, 精准拉伸
27125194, 6.9, 1719, 新100个基本
27093280, 6.8, 2038, 认知突围：做复杂时代的明白人
26430928, 7.3, 915, 如何独处
27055728, 6.8, 1995, 如何成为一个有趣的人
24697576, 7.5, 677, 第3选择
26870352, 7.4, 773, 内向性格的竞争力
25858882, 8.0, 371, 天生敏感
05322646, 7.3, 867, 专业主义
03852697, 7.5, 659, 少的力量
26848745, 7.7, 495, 转行
06894790, 8.1, 315, 拖延心理學
25805226, 7.3, 821, 控制焦虑
30216218, 7.4, 713, 终身学习
01220597, 7.6, 548, 高效能人士的第八个习惯
10770543, 8.4, 232, 职场竞争力
25873066, 6.9, 1483, 麦肯锡工作法
03761236, 7.4, 697, 启动大脑
06718052, 8.1, 306, 从“为什么”开始
26936260, 6.7, 2050, 斜杠青年
26703717, 7.4, 687, 我決定簡單的生活
26809387, 7.0, 1227, 印象笔记留给你的空间
30310710, 8.2, 269, 七堂思维成长课
34894376, 8.2, 269, 华为团队工作法
33395626, 7.4, 665, 优雅，从姿势开始
26895197, 7.1, 1011, The Subtle Art of Not Giving a F*ck
34888157, 8.0, 325, 十分钟冥想
27040433, 6.4, 3442, 极简主义
26430442, 6.8, 1607, 秋叶：如何高效读懂一本书
26878635, 7.0, 1155, 改变你的服装，改变你的生活
10740449, 8.0, 318, 关键冲突
26126225, 7.4, 636, 你的降落伞是什么颜色
26747812, 7.6, 491, 戒律：全球恋爱约会圣经
30267664, 7.5, 555, 深度思维
26192379, 7.9, 347, The Life-Changing Magic of Tidying Up
30309385, 7.7, 432, 为什么精英这样用脑不会累
26657426, 8.4, 210, 高效能人士的7个习惯（人际关系篇）
24700181, 7.5, 549, 别让猴子跳回背上
01055881, 7.4, 618, 你的降落伞是什么颜色？
33442605, 7.9, 338, 人类木马程序
34977252, 9.0, 126, 会走路的钱（上）
02516411, 8.3, 225, How to Become a Straight-A Student
26351085, 7.5, 532, 自在力
27194818, 7.4, 604, 请停止无效社交
26828557, 7.3, 690, 从行动开始
26379069, 7.1, 912, 麦肯锡入职培训第一课
30328453, 7.5, 527, 财务自由之路. Ⅱ
30348435, 7.5, 526, 如何想到又做到
34915110, 9.1, 115, 敢行动，梦想才生动：梦想清单训练手册
26439804, 8.4, 201, 权力
33452604, 7.3, 674, 当你又忙又美，何惧患得患失
26309534, 7.9, 323, 沃顿商学院最受欢迎的成功课
27040292, 7.7, 403, 平均的终结：如何在崇尚标准化的世界中胜出
26897699, 6.7, 1676, 极简：在你拥有的一切之下，发现你想要的生活
24298931, 7.0, 1010, 专注力
04157223, 7.1, 861, 效率提升10倍的google化知性生产技巧
27156385, 7.4, 568, 极简思考
27613063, 7.2, 742, 读书是一辈子的事
25819483, 8.1, 256, 成功这件小事
11523251, 6.7, 1622, 超级时间整理术
26413204, 6.2, 4319, 聪明人用方格笔记本
24844990, 7.8, 345, 说话的力量
26674196, 8.3, 208, 知道做到
04812990, 9.0, 116, 成长
26631269, 8.6, 158, 洛克菲勒写给儿子的38封信
26699117, 7.6, 426, 自律力
27021991, 7.5, 479, 领导力21法则
24700106, 7.8, 337, 硅谷最受欢迎的情商课
35060315, 7.4, 541, 向上生长
26935479, 7.6, 421, 在对的时间做对的事
01969064, 8.3, 203, 如何赢得朋友及影响他人
27609277, 7.7, 373, 最富足的投资
30488568, 8.1, 244, 绩效使能：超越OKR
10801087, 8.3, 201, 项目计划、进度与控制
30253066, 6.7, 1507, 洋葱阅读法
25902032, 7.8, 329, 只有偏执狂才能生存
34793488, 7.4, 527, 认知红利
27667053, 7.7, 367, 禅与极简生活艺术
26944900, 7.3, 598, 零秒工作
26694945, 7.5, 462, 抗压力
30141707, 7.2, 675, 如何戒掉坏习惯
06828163, 6.4, 2564, 4点起床
03371165, 7.1, 774, 吃掉那只青蛙
26692612, 7.5, 450, 思考的要诀
26787167, 6.9, 1035, 每天最重要的2小时
24531573, 7.2, 656, 自制力
26646848, 8.3, 189, 零售的哲学7-Eleven便利店创始人自述+零售业100个创意促销方案
26703731, 7.1, 727, 超效率手册
30435330, 6.7, 1346, 基本穿搭
26894686, 7.9, 270, 棉花糖实验
30247737, 7.0, 815, 加速：从拖延到高效，过三倍速度人生
30210444, 7.6, 365, 高维度思考法
06509804, 7.7, 323, 专注的快乐
11622053, 8.7, 127, 你要如何衡量你的人生?
30229586, 8.1, 213, 上班妈妈的生活管理术
27026937, 6.8, 1063, 你自以为的极限，只是别人的起点
04020869, 8.7, 125, 21世纪的管理挑战
25984823, 7.2, 582, 你的时间有限，不要为别人而活
26412672, 7.6, 349, 你可以拥有你想要的生活
33439323, 6.8, 1036, 精进2
30423363, 7.7, 311, 怪诞脑科学
01785409, 8.6, 133, The Effective Executive
11160553, 7.1, 654, 你的第一本思维导图操作书
27014998, 7.5, 388, 高效的秘密
34455896, 7.3, 494, 从受欢迎到被需要：高情商决定你的社交价值
27028523, 6.2, 3069, 好的孤独
26360716, 9.1, 90, The Effective Engineer
34454455, 8.5, 141, 改变你的作息，改变你的生活
30244208, 7.6, 337, 5分钟商学院•个人篇
26419762, 8.0, 220, 成为技术领导者
26665995, 8.8, 110, 潜力量
30216624, 8.9, 102, How to Take Smart Notes
26478367, 8.1, 197, 家事的抚慰（上册）
30354703, 7.7, 295, 学习力：颠覆职场学习的高效方法
06970804, 7.4, 417, 活用一輩子的筆記術
26825644, 8.6, 127, 菜根谭
34820460, 7.3, 470, 番茄工作法
06717149, 8.0, 214, 分心也有好人生
30326144, 8.1, 194, 多样性红利
26677431, 8.2, 176, 清醒地活
26695301, 7.0, 693, 你一年的8760小时（升级版）
26936242, 7.1, 585, 内向者沟通圣经
06731605, 7.3, 446, 思维导图使用手册
03466066, 7.9, 226, 毕业不失业职业生涯步步高
02046213, 6.9, 766, 世界上最神奇的24堂课
03296364, 8.1, 183, Zen To Done
26836278, 7.9, 220, 和秋叶一起学职场技能
26921601, 6.8, 869, 人生的84000种可能
26933946, 6.9, 744, 如何才能不焦虑
33452654, 6.9, 730, 学会写作
26236962, 8.0, 194, 改变提问，改变人生（原书第2版）
25961421, 8.4, 134, 情绪自控力
10485205, 7.6, 288, 搞定Ⅲ
25830853, 7.2, 466, 如何把事情做到最好
30218245, 8.1, 172, 你要如何衡量你的人生
07065290, 7.1, 520, 我把一切告诉你1
25795617, 7.2, 448, 控制愤怒
30419083, 7.6, 277, 创造时间
26319346, 7.9, 202, 松浦彌太郎說：假如我現在25歲，最想做的50件事
03798470, 8.6, 109, 世界上最神奇的24堂课(原版经典全译本)
27009783, 7.3, 384, 学习做一个会老的人
26832523, 7.9, 197, 完全图解超实用思考术
26289139, 7.3, 376, 你远比想象中强大
01034572, 7.4, 333, 一分钟的你自己
01153026, 7.6, 265, 麦肯锡卓越工作方法
26596465, 7.6, 264, 向上管理
34822813, 7.5, 295, 规划最好的一年
01003943, 9.1, 74, 菜根谭――为人处世大全
26381384, 8.2, 144, 让大脑自由（经典版）
04817621, 6.9, 625, 丢掉50样东西，找回100分人生
30351542, 6.5, 1182, 斯坦福高效睡眠法
34439350, 7.5, 283, 小逻辑
25916832, 6.8, 707, 麦肯锡问题分析与解决技巧
10726537, 8.2, 141, 魏斯曼演讲圣经3
30295288, 9.3, 63, 21世紀的21堂課
26662195, 7.3, 354, 每天怦然心动的整理魔法
25880948, 7.3, 351, 脆弱的力量
27118759, 6.9, 596, 高效15法则
26878394, 8.1, 151, Designing Your Life
30331613, 8.6, 100, 写作提高一点点
26700719, 8.0, 164, 洛克菲勒自传
26429719, 6.9, 586, 麦肯锡工作法
27001637, 7.6, 244, 零秒思考
30155780, 8.0, 163, 活出生命的意义（新版）
05415037, 8.5, 105, HBR&#39;s 10 Must Reads on Managing Yourself
27157288, 8.9, 78, 钱从哪里来？
10956245, 7.2, 376, 正能量
26417277, 7.2, 376, 思考力：潮爆东京大学的思维公开课
26869120, 7.8, 189, 走路健身法
11583939, 9.4, 56, 行动科学
27168564, 7.0, 479, 清单革命
26666735, 7.0, 478, 像我这样轻松地生活
25857796, 7.6, 231, Show Your Work!
20386245, 6.7, 738, 情商
05246819, 8.0, 154, 伯恩斯情绪疗法
27074269, 6.8, 627, 女神进化论
26435358, 7.0, 465, 麦肯锡精英的48个工作习惯
25804417, 7.9, 167, Essentialism
27596974, 7.6, 225, 哪有没时间这回事II
27077115, 8.7, 86, 自醒：从被动努力到主动进步的转变
27095914, 7.0, 461, 极简工作法则
30330693, 6.5, 990, 写作是最好的自我投资
26728940, 7.9, 165, 上任第一年1：从业务骨干到团队管理者的成功转型
30205294, 7.3, 312, 有序
26752847, 6.5, 981, 整理情绪的力量
26803289, 7.8, 180, 决策的艺术
05326292, 8.0, 149, 第五项修炼·心灵篇
34429817, 7.1, 394, 存在主义救了我
25860768, 8.2, 124, 理想的簡單生活
27114634, 7.2, 344, 每天最重要的3件事
26846606, 7.3, 303, 品格之路
25806793, 7.1, 388, 提问的艺术
34884817, 8.5, 96, 引爆自律力
06742459, 7.9, 159, 让你少奋斗10年的工作经验
26874593, 6.6, 791, 技巧
30248063, 7.6, 213, 5分钟商学院•工具篇
27034322, 7.1, 381, 一页纸工作整理术
10767610, 7.5, 236, 零雜物
30288748, 7.1, 378, 可爱的手账
25765450, 7.0, 430, 如何控制自己的情绪
25981248, 7.5, 234, 程序员健康指南
26319259, 6.5, 914, 思维导图
24708172, 7.2, 330, 自控力2
30446527, 7.3, 289, 独立，从财富开始：水湄物语的理财20课
26790125, 7.8, 169, 注意力
26774358, 7.2, 325, 阅读的力量
26785693, 7.0, 420, 过目不忘的读书法
26932297, 8.5, 92, The Headspace Guide to Meditation and Mindfulness
26881984, 7.2, 320, 简单思考
27148348, 6.3, 1254, 只过必要生活
27192171, 6.9, 470, 麦肯锡笔记思考法
26761558, 6.5, 864, 日常生活中的思维导图
30405067, 7.0, 407, 高能量姿势
35020169, 8.4, 97, 战胜考试焦虑
03347618, 7.3, 274, 高绩效人士的五项管理
30270040, 7.8, 161, 少有人走的路：心智成熟的旅程
26747779, 7.5, 217, 在办公室外思考：活用另外8小时，做自由空间里的高产者
30280416, 7.2, 305, 时机管理
03350290, 8.0, 132, 大思想的神奇
02076634, 8.8, 71, 决策是如何产生的
05259532, 7.3, 269, 把时间留给最重要的事
03422747, 7.0, 388, 别为小事抓狂
34448862, 8.1, 120, 如何达成目标
11577301, 7.6, 189, 专业与美丽
21248826, 8.0, 129, “升职超人”教你旋风成长法则
30190513, 7.3, 262, 乐业
25916484, 8.1, 117, 想法与干法：年轻公务员成长笔记
25743892, 7.8, 153, 战胜拖拉（升级版）
30482007, 7.3, 258, 懂选择的女人更幸福
02253794, 8.0, 127, The War of Art
30289874, 6.5, 779, 早起魔法
26910621, 7.0, 371, 六顶思考帽
25881590, 7.9, 138, 拆出你的沟通力I
27002242, 8.8, 68, Radical Candor
30487729, 8.6, 78, 战拖行动
26865075, 7.3, 252, 直觉
33395539, 8.9, 63, 卓有成效的管理者
02971368, 8.7, 72, 改变
25843833, 8.2, 104, 世界上最伟大的推销员（平装）
34784111, 7.3, 247, 用一年时间重生
30216368, 8.5, 81, 注意力商人
04774243, 7.1, 307, 瘦子房间的秘密
03223458, 8.6, 75, 如何阅读一本书
34838349, 7.9, 131, 复盘思维 用经验提升能力的有效方法
27071913, 6.3, 1015, 刻意学习
27069153, 6.1, 1471, 人生效率手册
30247013, 8.0, 118, 自控力
34883941, 7.7, 154, 暗理性
26292238, 6.3, 975, 我的第一本思维导图入门书
33476637, 7.2, 261, 轻断食：正在横扫全球的瘦身革命
30325723, 7.5, 186, 突破天性
03696652, 7.7, 150, 如何掌控自己的时间和生活
06892012, 7.2, 253, 时间，会用才能身价倍增
27059526, 7.5, 181, 生命向前
26769282, 7.5, 178, 如何作出正确决策
26414593, 7.7, 143, 家有两个孩子的收纳术
02099620, 8.1, 100, 如何成为尖子生
26156662, 7.1, 270, 放弃的艺术
05395411, 7.5, 171, 习得性无助
19998874, 8.4, 78, Decisive
30374975, 7.6, 153, Digital Minimalism
27185418, 6.8, 385, 精准努力
26647330, 7.1, 261, 从三分钟热度到一万个小时
30140005, 6.3, 828, 早起的奇迹
26896977, 8.8, 57, 学问
26703405, 6.9, 326, 少做一点不会死
26425298, 7.3, 201, 与自我和解
26364597, 7.2, 225, 博赞学习技巧
26605932, 7.1, 252, 终结拖延症
30166808, 7.2, 221, 高效PDCA工作术
25844039, 7.5, 159, 創作者的日常生活
26844051, 6.5, 561, 高效人士用超级笔记术
26762231, 7.5, 157, 给人好印象的秘诀
33958540, 8.6, 63, 内向的力量
34928407, 8.2, 84, 写给年轻人的中国智慧（套装共4册）
01080019, 7.8, 117, 生命中最重要的
26928995, 7.2, 212, 如何有效管理每一分钱
26236445, 8.9, 51, Google模式
25712581, 6.8, 346, 整理的艺术3：创意是整理出来的
35002954, 7.6, 138, 成就 : 优秀管理者成就自己，卓越管理者成就他人
34464459, 7.2, 209, 上手
01443886, 7.7, 124, 狼道全集
01803166, 7.1, 230, 如何掌控你的一天24小时
26670648, 6.4, 609, 关键20小时，快速学会任何技能！
26747797, 6.7, 380, 如何改变习惯
27177491, 6.4, 600, 知识变现
27203439, 7.8, 110, 10倍速目标达成法:孙正义的高效法则
25870402, 6.9, 286, 整理的艺术4：升职从整理开始
27092959, 6.2, 832, 子弹笔记术
30156795, 7.3, 175, 卓越密码
26652398, 8.1, 83, 家事的抚慰（下册）
33462655, 6.6, 418, 副业赚钱
25847073, 8.2, 76, Mini Habits
04891530, 8.1, 82, 干劲的开关
25712787, 8.5, 61, 我们谈谈吧：哈佛共赢谈判课（修订版）
25702395, 6.1, 945, 复盘
27046049, 7.5, 137, 关键冲突：如何化人际关系危机为合作共赢（原书第2版）
30391803, 6.7, 348, 小家越住越美的极简收纳术
27153146, 6.8, 301, 应对焦虑(九种消除焦虑恐惧和忧虑的简单方法)
30233927, 6.9, 262, 富有的习惯
34839776, 7.5, 133, 高效清单工作法：聪明人的无压时间管理手册
27202502, 6.6, 387, 个体崛起
30283557, 7.6, 120, 学习的精进
35003590, 5.8, 1623, 一年顶十年
27608170, 8.5, 58, 最高休息法
30238768, 6.2, 722, 精彩人生的一分钟小习惯
27191003, 6.9, 253, 逻辑工作法
26600342, 6.6, 375, 一万小时天才理论（经典版）
34841191, 7.8, 97, 用手账管理时间：风靡全球的时间管理方法
27941770, 7.1, 194, 你的生存本能正在杀死你（修订版）
33407073, 6.4, 493, 精力管理手册
03306520, 8.4, 60, Your Money or Your Life
24529136, 6.7, 314, 适合比成功更重要
26220337, 6.5, 417, 元认知：改变大脑的顽固思维
34798939, 9.4, 33, 每个人的商学院（全8册）
26341996, 6.9, 240, 给40岁的崭新开始
30176796, 6.5, 412, 思维导图笔记整理术
27001122, 6.7, 308, 颠覆平庸
01033342, 8.3, 63, 高效能家庭的7个习惯
02340014, 7.2, 165, 高效冠军
26642427, 8.4, 58, 哈佛商业评论管理必读：什么造就了领导者
26889796, 7.8, 91, 没有什么是一张清单解决不了的
26901346, 7.0, 201, 家庭断舍离
10787637, 7.9, 83, 詹宏志谈学习与阅读
26970437, 8.2, 65, 感恩日记
27112872, 9.3, 33, 你必须叫醒那个沉睡的自己
27596994, 7.5, 116, 掌控生活，从掌控时间开始
26828541, 8.0, 75, Ego Is the Enemy
02986884, 8.0, 74, 一生的资本
34989805, 7.9, 80, 两周逃出脏乱房间
34853881, 7.1, 170, 走出孤独
28023983, 7.4, 124, 思维方式
26317039, 8.2, 63, 小姐變女神
30458217, 7.1, 169, 碎片化学习
27153419, 7.0, 189, 高效学习之道
26896741, 9.3, 32, 总有一天，你要和自己握手言和
25984346, 8.1, 67, 影响力大师（原书第2版）
30270124, 7.4, 122, 从极简到极致：在擅长的领域做一个厉害的人
27146693, 8.6, 47, 本田健的快樂致富聖經
26356017, 6.6, 300, 专注
27070171, 7.1, 161, 高情商是练出来的
25911312, 7.0, 180, 卓有成效的个人管理
22994105, 6.3, 467, 1分钟能做什么
30267352, 6.8, 228, 延展：释放有限资源的无限潜能
25872184, 7.1, 160, 专业化生存
30133448, 7.5, 106, 专注力管理
34987453, 8.1, 64, 思维导图工作法
24699087, 7.6, 96, 唤醒沉睡的天才
33423656, 7.6, 96, Range
26903070, 7.9, 74, 比从前更好
25801299, 8.5, 48, 下班後賺更多
27622528, 7.3, 126, 怎样才叫会说话
30421473, 7.0, 173, 脱胎换骨的人生整理术
26583347, 6.5, 326, 专业主义
27065607, 8.2, 58, 每周工作4小时
30247022, 7.6, 92, 工作不焦虑
34908161, 8.2, 57, 气质:变美从来不靠长相
27200484, 6.6, 276, 学习力
33405500, 7.4, 110, 时短术
30405077, 7.8, 77, 你的降落伞是什么颜色？
26668453, 8.0, 65, 超级时间倍增术
01844991, 7.4, 107, 羊皮卷
34434337, 6.9, 181, 极简笔记术
06861869, 7.2, 128, 你的形象价值百万
26230719, 5.8, 1002, 极简主义
33420717, 7.2, 127, 终身成长行动指南
20262068, 8.9, 35, 輕鬆駕馭意志力
26612476, 7.3, 113, 搞定III：平衡工作与生活的艺术(最新版)
32920206, 6.7, 221, 便签整理术
20427698, 8.1, 57, 為什麼我們這樣生活，那樣工作？
26313645, 6.4, 332, 一流成功人士早餐前都做什么
34444755, 6.8, 192, 细节的力量
26802252, 5.6, 1443, 为什么精英都是清单控
26599014, 6.8, 189, 善用时间
05379108, 7.6, 83, 不纠结的世界
26969301, 6.3, 372, 聪明人的一张纸工作整理术： 完美图解
34767458, 7.0, 148, Google工作法
11590720, 7.6, 82, Lessons from Madame Chic
34439528, 7.2, 119, 高效工作术
27096964, 6.1, 512, 极简生活法则
26671649, 6.0, 600, Google工作整理术
33391212, 6.9, 162, 你要的是幸福还是对错
34692780, 6.3, 360, 搜索力
04044389, 7.8, 68, 真希望我20歲就懂的事
30484253, 6.4, 309, 远离迷茫，从学会赚钱开始
26915066, 8.0, 58, 成為有趣人的55條說話公式
26854756, 8.4, 44, 最有生產力的一年
26851966, 7.6, 79, 开口就能说重点
30312677, 6.5, 260, 改变你的姿态，改变你的气质
05312492, 8.1, 53, 成功EQ密码
10517643, 6.5, 257, 搞定Ⅱ
27183701, 6.7, 197, 时间的格局
35059739, 8.1, 52, 脱胎换骨的人生整理术：爱自己从整理开始
26774039, 7.5, 83, 助你好运
25894706, 6.4, 286, 用系统来工作
27191030, 7.4, 90, 使命必达
34786699, 7.5, 82, 无印良品笔记术：四个步骤实现持续提升
04279268, 7.6, 75, 忙碌爸爸也能做好爸爸
26801390, 6.9, 149, 有道云笔记：记录，成为更好的自己
30300148, 6.3, 326, 极简思维
26427346, 7.9, 58, 高效人生的12个关键点
30306044, 7.3, 96, 思维破局
27135370, 6.4, 275, 进阶
30434334, 6.5, 238, 《真相与错觉》
03182165, 5.6, 1151, 35岁前要上的33堂理财课
33474650, 6.4, 271, 一日之计：精英们的清晨日课
27034400, 6.5, 235, 每周健身4小时
27047938, 6.6, 201, 如何阅读
26877279, 7.2, 102, 请停止无效的努力
02003908, 7.8, 60, The Time Bind
01685372, 6.6, 198, 狼道
30409537, 8.1, 48, 任务就要按时完成
27592483, 7.6, 70, 遇见26个自我
27668161, 7.3, 91, 让自己更值钱
30213796, 7.2, 100, 要搞定
33457437, 6.5, 223, 不疲惫的精力管理术
26630540, 6.3, 294, 麦肯锡思维
27182029, 7.0, 121, 快行动，慢思考
33430630, 8.1, 47, 领导力精进
26729803, 6.2, 335, 沃顿商学院自我管理课
27080971, 7.2, 97, 你不是迷茫，而是自制力不强
26852890, 6.6, 188, 吸引力是这样炼成的
27065526, 7.6, 67, 思维导图 提升你的职场竞争力
30268099, 6.9, 128, 1%法则
34678725, 6.8, 143, 优势成长
30312244, 8.1, 45, 辩证行为疗法
35057727, 7.5, 71, 被拒绝的勇气
26672438, 6.5, 203, 买买买时代的行为经济学
30235535, 6.2, 312, 赢在下班后
34941550, 8.8, 29, 增值陷阱
26362196, 6.0, 426, 聪明人是如何思考的
27090876, 8.6, 32, Peak Performance
02116259, 8.3, 38, 自我管理与发展智能
25795553, 7.0, 108, ADD的人生整理术
27102650, 8.4, 35, 深度工作力
25844162, 6.7, 145, 终极健康
30280955, 7.1, 94, 《颠覆平庸》（修订版）
35064128, 8.2, 39, 轻身生活
02310446, 6.6, 162, 现在，发现你的职业优势
26914152, 8.9, 26, 做自己的生命設計師
27054052, 6.6, 159, 刻意练习：如何成为一个高手
34785242, 8.2, 38, 精力与时间双重管理研习手册
30217251, 9.1, 23, 药妆品
26838529, 7.7, 53, 高效达成目标：就这9招，让成功率提高3倍！
06266467, 7.8, 49, 美国学生社会技能训练手册
30362705, 8.3, 35, 占有还是存在
26413285, 6.5, 161, 超级记忆
27182263, 7.0, 91, When
06114343, 7.3, 68, 下班後的黃金8小時
35022812, 7.3, 68, 巴菲特和查理·芒格内部讲话
26697729, 6.9, 99, 每天最重要的2小時
03901810, 7.2, 72, 应该这样表达你自己
35055952, 8.4, 30, 认知升维：用经济学思维优化你的工作
24771054, 7.0, 86, The Miracle Morning
34913194, 6.8, 105, 想瘦
26984114, 7.0, 85, 精益工作法 超级简单实用的个人绩效提升指南
30457695, 6.3, 187, 一个笔记本搞定你的拖延症
01018543, 7.5, 53, 语言虐待
25979979, 7.2, 68, 管理你的每一天
26944830, 6.7, 112, 强者的逻辑
27186401, 6.9, 90, 《深潜：10 步重塑你的个人品牌》
26932497, 5.7, 476, 华为工作法
11538547, 6.6, 121, 专念学习力
04041202, 8.4, 28, 沈夫人致后辈书
05381012, 8.4, 28, 让你快乐起来的心理自助法
06308095, 8.2, 31, 記事本圓夢計畫
05379283, 8.0, 35, A3思维
25728721, 8.5, 26, 宰赫家的奇迹
27182667, 7.9, 37, Tribe of Mentors
30376261, 6.4, 148, 聪明人极简图表工作法
30127178, 8.2, 30, 你为什么要学习
26986079, 6.1, 217, 简化：如何简单工作与生活
34992132, 9.2, 18, 掌控情绪 : 化解焦虑、抑郁、神经质的高效情绪管理术
34603495, 7.1, 67, 零压人生
33380824, 7.6, 44, 卓越工作
27149386, 7.8, 38, 黄沙百战穿金甲
21037105, 8.4, 26, Emotional First Aid
35083534, 7.6, 42, 多维度思考
26804713, 6.6, 104, 超级精力管理术
27108756, 6.7, 93, 云梯：从新人到达人的职场进化论
26771105, 6.2, 168, 如何在30秒内说出关键点
30464270, 6.8, 82, 如何成为职场实力派
25929658, 6.5, 114, 不会说话你就输了
34428689, 7.5, 44, 脑科学压力管理法
26990924, 7.7, 38, 遇见生涯大师
30217897, 6.0, 218, 为什么精英都有超强专注力
26982899, 6.4, 124, 图解整理力：快速学会49种整理技能
33460801, 8.3, 25, 卓有成效的个人管理
06380163, 7.7, 36, 如何说别人才会听，怎么听别人才肯说
26906726, 5.2, 987, 极简力
34982619, 6.7, 84, 科学变美的100个基本
27088714, 6.1, 174, 天才源自刻意练习
27091510, 5.4, 603, 自律力
34898274, 6.8, 74, 如何养成好习惯
30326438, 6.0, 196, 从零开始学收纳（进阶篇）
30289577, 6.9, 66, 大学四年：我多想在入校前就知道的事
33645931, 6.3, 124, 出众，从改变习惯开始
30395148, 7.0, 56, 高效管理
34439589, 7.0, 56, 逆袭
34835782, 7.1, 51, 一分钟说话
34430780, 7.3, 43, 高效的方法
26438529, 6.4, 101, 小狗钱钱的人生整理术
34787562, 6.0, 169, 理财就是理生活
26836326, 6.1, 143, 快节奏
34873342, 6.9, 55, 掌控精力
33462732, 6.5, 82, 能力迁移
26982922, 6.9, 54, 图解习惯力：快速教你3周制造新习惯
30422840, 7.5, 33, 高效能人士的七个习惯（钻石版）
35008370, 8.8, 16, 睡眠革命（新版）
34909600, 6.8, 58, 学习的答案：为终身学习者赋能
35039990, 8.1, 22, 心力
25755525, 5.3, 467, 戒了吧，拖延症
02055499, 6.3, 92, 口才三绝
04262735, 7.0, 45, Linchpin
35051993, 7.0, 45, 反惰性
26851291, 7.5, 30, 疯狂行动力
25964094, 7.4, 32, 每天学一点超级自控力——卡耐基情绪管理术与意志力训练
30229756, 6.7, 55, My Morning Routine
30258579, 8.2, 19, HEAT能量法则
34912569, 6.4, 73, 学习天性
30628657, 6.5, 63, 为什么精英都是动机控
30262391, 5.5, 250, 你有多自律，就有多自由
34810216, 7.9, 21, 超高效时间管理
34812085, 6.5, 60, 成为优雅女人的108个基本
26990679, 7.0, 37, 我的人生样样稀松照样赢
35045759, 7.1, 34, 身边的金钱心理学
34567752, 8.8, 13, 一人公司
30288282, 6.9, 39, 哈佛医生超强学习法
25882242, 8.6, 14, 把自己設計成最高回頭率的美人
34830351, 6.8, 42, 思维故事
34895299, 6.1, 83, 快乐的陷阱：40个让你痛苦和停滞不前的行为模式
34813351, 6.8, 40, Indistractable
30358364, 7.4, 25, 专注力：如何高效做事
26261028, 8.3, 14, 三年後，你的工作還在嗎
34463933, 7.0, 30, 一页纸工作法
34895640, 6.9, 32, 起床後的黃金1小時
35025446, 8.0, 16, 只讲故事不讲理
26677371, 5.8, 90, 《戒了吧！拖延症（升级版）——21天搞定拖延症》
26883198, 8.2, 13, 魅力每一天：教你如何展现魅力，迷倒众生，成为社交达人
27667253, 5.9, 70, 人生算法
01008209, 7.9, 14, 狗日的工作
34438163, 7.0, 23, 欲望的博弈
27665436, 6.2, 41, 复盘(对过去的事情做思维演练实践版)
30304569, 6.5, 31, 拆掉思维里的墙
25777373, 4.5, 890, 哈佛凌晨四点半（升级版）
30448436, 7.5, 15, 意志力心理学
34933306, 6.5, 27, 一亿赞
27161756, 6.9, 19, 如何讨论
34940355, 6.6, 20, 别让你的嘴，拖了你后腿
30485492, 7.2, 13, 一流的人如何保持顛峰
30376080, 6.0, 30, 关键改变：如何实现自我蜕变
34833434, 5.4, 53, 保持饥渴
32695745, 7.4, 10, 一個人去丹麥
27124547, 5.1, 74, 聪明人是怎样管理时间的
04916031, 6.3, 19, 30种大脑训练方法
34858623, 6.3, 17, 逻辑表达力
30460411, 6.6, 13, 别让敏感害了你
06861221, 5.2, 45, 中国式饭局读心术
34793017, 6.6, 12, Stillness Is The Key
27096823, 4.5, 111, 逻辑说服力
34993001, 4.9, 33, 每个人的OKR
34933959, 4.6, 45, 完美人设：如何塑造一个不会崩塌的人设
26938130, 4.5, 42, 手账哲学——让工作与生活更高效
27137171, 0.0, 10, 守破离
35062360, 0.0, 10, 多而不乱
34970791, 0.0, 13, 哈佛学子“无我”专注力
35062142, 0.0, 55, 365天子弹笔记
