2020-07-05 15:59:54

number of books, tag name
137, 个人主义

ID, rating, votes, title
04820710, 9.3, 147859, 1984
01089243, 8.9, 124068, 黄金时代
01017143, 8.5, 200885, 不能承受的生命之轻
02035162, 9.0, 54996, 刀锋
04123116, 9.1, 38126, 月亮和六便士
01856494, 9.4, 14943, 卡拉马佐夫兄弟
06789605, 9.1, 23064, 树上的男爵
01012611, 8.2, 98205, 乌合之众
02068211, 9.3, 12326, 撒哈拉的故事
01865089, 8.4, 51684, 瓦尔登湖
05275059, 7.9, 138107, 1988：我想和这个世界谈谈
01292416, 8.5, 36285, 香水
26943161, 8.4, 41440, 未来简史
02158189, 8.5, 28641, 海边的卡夫卡
01007433, 8.2, 47495, 红与黑
01225977, 8.9, 12731, 全球通史（第7版 上册）
25733470, 8.2, 35176, 没有色彩的多崎作和他的巡礼之年
01077528, 8.8, 12561, 通往奴役之路
01041385, 9.2, 6982, 论美国的民主
24845582, 8.4, 19465, 群山回唱
01431870, 9.0, 6972, 源泉
01917972, 7.8, 45236, 在路上
26839300, 8.9, 7155, 局外人
01880992, 8.5, 12435, 老人与海
06397522, 9.3, 3789, 论自由
01400059, 8.6, 8213, 心
03673771, 9.0, 4670, 项塔兰
25881102, 8.8, 5477, 独裁者手册
30155720, 8.2, 12599, 小小小小的火
24753751, 8.1, 14701, 向前一步
20376604, 9.1, 3408, 源泉
01045716, 8.7, 5607, 人生中不可不想的事
04737325, 8.2, 10187, 维罗妮卡决定去死
01400195, 8.7, 4285, 论自由
01880991, 8.7, 3879, 堂吉诃德
02302217, 8.6, 4070, 阿特拉斯耸耸肩（上下）
03880832, 8.2, 6892, 认得几个字
01070007, 8.8, 2953, 致命的自负
10868117, 8.2, 5674, 丰乳肥臀
04741216, 7.3, 23095, 我的奋斗
01434071, 7.9, 6634, 我们
03097539, 8.9, 1665, 自由选择
26765928, 8.4, 2732, 屠夫十字镇
01058131, 8.4, 2603, 金融炼金术
10608315, 8.2, 3421, 华氏451
10773358, 8.1, 3629, 意志力
20376605, 8.6, 1360, 阿特拉斯耸耸肩
01792474, 9.1, 666, 易卜生戏剧集（三卷）
10449401, 9.4, 490, 现代性的神学起源
02032561, 8.6, 1077, 红与黑
02213560, 8.7, 847, 偶像的黄昏
06041310, 8.3, 1313, 瓦尔登湖
02061863, 8.6, 871, 自私的德性
03808810, 7.8, 2182, 来去自由
01041992, 8.4, 993, 骆驼祥子
03690451, 8.2, 1203, 我遗失了时间
01004329, 8.8, 514, 个人主义与经济秩序
01081010, 7.4, 3052, 莎菲女士的日记
01138452, 8.5, 642, 意大利文艺复兴时期的文化
06802373, 7.5, 2330, 那些忧伤的年轻人
26235729, 7.5, 2152, 单身社会
24529162, 8.3, 738, 民主的奇迹
01441460, 8.4, 612, 北回归线
10834732, 7.9, 1073, 三十六大
01904516, 9.2, 271, 张爱玲全集
11604804, 8.8, 356, 权威与个人
01030915, 8.6, 418, 香水
03158094, 8.7, 360, 英国个人主义的起源
27055278, 8.4, 466, 视觉012：我们是不是非要那么急迫不可
01427824, 8.8, 312, 无政府、国家与乌托邦
01025559, 7.5, 1353, 一个人的战争
24840361, 8.7, 334, 一月十六日夜
02064067, 7.6, 1107, 一个人
10048862, 8.3, 469, 中国社会的个体化
05321843, 6.4, 9031, 假装的艺术
01823405, 8.1, 554, 男孩
01916458, 8.6, 302, 马丁·伊登
06313502, 8.8, 223, 马丁·伊登
24839352, 8.2, 386, 山本耀司
26320047, 8.4, 285, 浪漫主义宣言
02184710, 8.3, 300, 生命的悲剧意识
10773827, 8.3, 282, 让木乃伊跳舞
20393127, 6.8, 1541, 请把我留在最好的时光里
26214387, 7.6, 475, 安·兰德传
01066291, 8.0, 276, 通往明天的唯一道路
25782982, 7.5, 459, 论自愿为奴
26897190, 8.1, 225, 理想
26675977, 7.6, 382, 一个人
03812012, 8.8, 122, 阿特拉斯聳聳肩
03547615, 8.9, 107, The Fountainhead
01322161, 8.4, 148, 理性的声音
26766852, 7.3, 309, 杀戮与文化
01452606, 9.3, 55, 利维坦
02075876, 7.8, 170, 空虚时代
30303991, 7.5, 198, 自我驱动心理学
01012364, 8.1, 112, 觉醒
03349195, 9.5, 42, 个人主义与经济秩序
11637312, 9.1, 47, 个人主义与经济秩序
26878224, 8.2, 85, 焦虑的意义
03319629, 9.0, 49, Atlas Shrugged
20503759, 8.2, 82, 自由的界限
01059277, 8.5, 65, 爱默生和中国
21328020, 7.5, 143, 我：六次非演讲
04823758, 9.0, 43, 民主与领袖
25821470, 8.9, 45, 谁需要哲学
06963323, 7.6, 111, “自我”中国
01760380, 8.8, 43, Atlas Shrugged
06065497, 8.4, 55, 心灵的习性
01962655, 7.9, 74, 客观主义认识论导论
01947565, 7.8, 79, 苏格拉底的困惑
05311703, 8.1, 61, 有道德的利己
27096817, 6.3, 416, 请至少爱一个像男人的男人
01779442, 8.6, 40, The Road to Serfdom
01424705, 7.9, 64, 个人主义
27620800, 8.4, 41, 占有性个人主义的政治理论
30158998, 9.2, 23, 爱默生和中国
01905763, 8.3, 36, 创造的传奇
06722287, 6.6, 142, 三分钟爱上催眠
01962715, 8.4, 30, The Virtue of Selfishness
04389156, 7.7, 47, 个人主义时代之共同体重建
03510276, 7.7, 41, 个人主义的谱系
03801129, 6.6, 106, 合伙人
25908026, 7.9, 34, 论个体主义
25798508, 8.1, 29, 爱默生论人生
11606746, 7.8, 26, 理解美国
02204330, 8.4, 18, 個人主義論集
02354853, 8.8, 14, Political Theory of Possessive Individualism
06855028, 7.7, 22, 在垂死皇帝的王国
01641921, 8.1, 15, 莫格街谋杀案
01864880, 8.8, 11, The Origins of English Individualism
01311513, 7.8, 17, 中国社会心理学评论(第1辑)
01018494, 7.3, 17, 科学与人生观(全二册)
04188976, 6.6, 27, 人类的自我毁灭
05977150, 6.9, 21, 马云的颠覆智慧
04835150, 6.6, 20, 中国人与日本人
01941207, 6.8, 10, Capitalism
01397823, 0.0, 10, The Normal Chaos of Love
