2020-07-05 15:59:54

number of books, tag name
997, 中国

ID, rating, votes, title
04913064, 9.4, 496828, 活着
01007305, 9.6, 291285, 红楼梦
03066477, 9.3, 222572, 三体Ⅱ
05363767, 9.2, 214992, 三体Ⅲ
01008145, 8.9, 372538, 围城
27614904, 9.2, 192568, 房思琪的初恋乐园
02567698, 8.8, 375298, 三体
01200840, 9.0, 251377, 平凡的世界（全三部）
01082154, 9.1, 190795, 活着
01019568, 9.3, 122041, 三国演义（全二册）
20427187, 8.8, 276221, 看见
01361264, 9.0, 186394, 撒哈拉的故事
01023045, 8.7, 239535, 我们仨
01029791, 8.8, 191226, 许三观卖血记
01255625, 9.1, 102631, 天龙八部
01054685, 9.1, 100728, 沉默的大多数
01041482, 8.9, 143749, 万历十五年
01060068, 9.2, 79439, 撒哈拉的故事
03674537, 9.1, 87784, 明朝那些事儿（1-9）
01873231, 8.7, 182705, 明朝那些事儿（壹）
01089243, 8.9, 124068, 黄金时代
01061118, 9.1, 86508, 活着
01057244, 8.7, 178947, 边城
01254588, 9.0, 100376, 城南旧事
06518605, 9.4, 49447, 三体全集
01002299, 9.0, 88424, 笑傲江湖（全四册）
03995526, 8.6, 185202, 目送
11524204, 9.3, 51907, 围城
01449351, 8.9, 90232, 呐喊
01209899, 9.1, 59158, 我与地坛
01255624, 8.9, 80224, 神雕侠侣
01044547, 9.0, 64629, 射雕英雄传（全四册）
10564071, 9.2, 45210, 白鹿原
04238362, 8.6, 126792, 送你一颗子弹
01085799, 8.7, 102796, 白鹿原
01449352, 8.8, 85156, 朝花夕拾
01003479, 9.2, 43009, 中国历代政治得失
03071717, 8.8, 84666, 爱你就像爱生命
01090043, 8.5, 146978, 倾城之恋
02070844, 8.8, 76290, 梦里花落知多少
01795079, 9.2, 36594, 乡土中国
01043815, 8.4, 151818, 骆驼祥子
03369793, 8.6, 102482, 亲爱的安德烈
01029553, 8.9, 58696, 西游记（全二册）
01767945, 8.8, 67475, 一只特立独行的猪
04760224, 9.0, 46963, 许三观卖血记
01060852, 8.9, 54730, 呼兰河传
01949338, 8.9, 53038, 明朝那些事儿（贰）
01948901, 8.3, 160110, 盗墓笔记
01088065, 8.7, 71893, 阿Q正传
10517238, 9.0, 42304, 平凡的世界
04242172, 8.1, 230387, 天才在左 疯子在右
05414391, 9.0, 41467, 寻路中国
20424526, 9.2, 29824, 邓小平时代
01203426, 9.0, 40008, 人间词话
20440644, 9.1, 33977, 文学回忆录（全2册）
01029111, 8.9, 44655, 哭泣的骆驼
07060185, 9.0, 37395, 江城
02052448, 8.9, 44031, 明朝那些事儿（叁）
01398395, 8.8, 51768, 狂人日记
03239549, 9.2, 26752, 夹边沟记事
01027191, 9.0, 36515, 历史深处的忧虑
01077847, 9.5, 16880, 史记（全十册）
01963684, 8.6, 69830, 半生缘
03813669, 8.6, 69120, 民主的细节
24754316, 8.7, 56071, 最好的我们
01022060, 8.2, 146119, 狼图腾
01014578, 9.1, 28791, 我的精神家园
01082406, 8.9, 38695, 黄金时代
01212893, 8.8, 45462, 鹿鼎记（全五册）
01088581, 8.8, 45245, 浮生六记
01192090, 8.7, 53414, 球状闪电
01003000, 8.3, 112845, 悟空传
01883245, 9.4, 17420, 诗经
06880158, 8.8, 44082, 陆犯焉识
01013416, 8.6, 60020, 雷雨
05337248, 8.9, 35471, 台北人
07163250, 9.2, 21828, 明朝那些事儿
01008357, 8.6, 57729, 水浒传（全二册）
03266609, 8.6, 56900, 流浪地球
02253642, 8.8, 40156, 明朝那些事儿（肆）
01011754, 8.9, 33450, 海子的诗
01082334, 8.1, 144823, 穆斯林的葬礼
01014278, 8.4, 79123, 红玫瑰与白玫瑰
01069848, 9.0, 27897, 围城
03009821, 8.8, 36683, 明朝那些事儿（伍）
03626924, 8.9, 30843, 明朝那些事儿（柒）
01013267, 9.4, 14477, 唐诗三百首
05910656, 9.2, 18811, 我与地坛
01070851, 8.6, 49388, 倚天屠龙记(共四册)
03017857, 8.6, 49033, 金锁记
01036490, 8.8, 34553, 万水千山走遍
01401425, 8.3, 84771, 兄弟（上）
04188697, 9.0, 24791, 子不语 1-2
02136140, 8.7, 40388, 雨季不再来
03183775, 9.3, 15309, 四世同堂
01985223, 8.7, 37351, 倾城之恋
03633461, 8.7, 37283, 一句顶一万句
03274113, 8.8, 31101, 明朝那些事儿（陆）
01059258, 9.4, 12589, 道德经精义
01981042, 9.1, 19318, 万历十五年（增订本）
01080309, 8.5, 51713, 尘埃落定
23008971, 9.1, 18815, 平如美棠
03410718, 9.2, 16162, 美的历程
01915958, 9.4, 11934, 野草
01970428, 8.8, 28882, 激荡三十年（上）
01052990, 9.0, 20402, 草房子
01321017, 8.8, 27834, 九州·缥缈录
10471333, 9.0, 19513, 叫魂
01760432, 9.3, 12596, 受戒
01483894, 9.4, 10928, 三国演义
01858410, 9.0, 19293, 万历十五年
01449348, 8.9, 22090, 彷徨
03803820, 8.4, 51376, 人生
01046492, 9.3, 12142, 國史大綱（上下）
05275059, 7.9, 138107, 1988：我想和这个世界谈谈
01028409, 9.4, 10265, 中国少年儿童百科全书（全四册）
01789837, 9.0, 18077, 射雕英雄传
10522856, 9.0, 17892, 冬牧场
02068249, 9.1, 15388, 温柔的夜
01020459, 8.4, 46999, 此间的少年
01418686, 8.7, 27666, 红拂夜奔
01088022, 8.9, 19845, 亮剑
01014561, 9.1, 13723, 古文观止
24745649, 9.2, 11893, 围城
01020961, 8.8, 21530, 棋王
01253310, 9.0, 15554, 人间草木
01461903, 7.8, 138118, 何以笙箫默
01882933, 8.1, 73250, 鬼吹灯之精绝古城
03057333, 9.1, 13382, 城南旧事
01949420, 9.4, 8771, 孙子兵法
03518332, 9.0, 15204, 绿毛水怪
26899537, 8.4, 40185, 长安十二时辰 上
01088711, 9.1, 12938, 霸王别姬
03012517, 8.6, 27902, 小姨多鹤
26923390, 8.5, 33070, 长夜难明
01964774, 9.1, 12791, 论语
10757938, 9.1, 12674, 半生缘
01391191, 8.5, 32583, 京华烟云
01139360, 9.3, 9400, 毛泽东选集 第一卷
01036613, 9.0, 14178, 茶馆
02298149, 8.4, 37436, 盗墓笔记3
01033825, 8.8, 18698, 顾城的诗
03879301, 7.9, 95234, 微微一笑很倾城
01082162, 8.4, 35988, 第一炉香
10757940, 8.7, 21626, 倾城之恋
06861664, 9.0, 13606, 白鹿原
04881850, 9.1, 11586, 阿勒泰的角落
04884218, 8.8, 17959, 我的阿勒泰
03266344, 8.4, 34883, 盗墓笔记4
01021273, 8.9, 15248, 中国哲学简史
02046236, 9.4, 7508, 庄子
03311253, 9.0, 12976, 额尔古纳河右岸
02380307, 8.8, 17228, 激荡三十年（下）
01085883, 8.7, 20025, 青铜时代
01559310, 9.0, 12552, 鹿鼎记
22714154, 8.7, 19623, 繁花
01675478, 9.1, 10699, 天朝的崩溃
20441957, 8.5, 26921, 兄弟
01082349, 8.2, 45886, 长恨歌
06953273, 8.5, 26640, 盗墓笔记
03610681, 9.2, 9101, 海子诗全集
02160556, 9.1, 10182, 十万个为什么
26734559, 9.2, 8857, 棋王·树王·孩子王
04173968, 8.4, 30156, 盗墓笔记6
03800166, 8.4, 29859, 盗墓笔记5
02057285, 8.2, 42255, 盗墓笔记2
30445437, 9.5, 5813, DEPART
05254315, 8.4, 28751, 盗墓笔记7
01789841, 8.7, 17310, 倚天屠龙记
01082150, 8.4, 28333, 白银时代
01089512, 8.7, 16975, 陆小凤传奇
01061803, 9.2, 8165, 西游记
01422833, 8.7, 16761, 多情剑客无情剑(上、中、下)
01476213, 9.4, 6171, 中國近代史（上冊）
01859140, 8.9, 12202, 上学记
02046909, 9.2, 7982, 故事新编
04874131, 8.1, 44955, 东霓
01692648, 8.9, 11766, 一个人的村庄
10434849, 9.3, 6772, 中国历代政治得失
01082138, 8.4, 25748, 在细雨中呼喊
03344676, 8.1, 42993, 常识
20501147, 9.3, 6501, 中国哲学简史
01264579, 8.8, 12889, 欢乐英雄
01143694, 8.3, 28703, 动物凶猛
25737043, 9.1, 8259, 霸王别姬
03283983, 9.3, 6318, 乡土中国
01073708, 9.0, 9446, 牡丹亭
30414743, 8.7, 14583, 显微镜下的大明
05337243, 8.7, 14580, 纽约客
11229072, 9.4, 5445, 中国历代政治得失
03191322, 8.9, 10581, 边城
01322455, 8.7, 14199, 遥远的救世主
01025753, 8.2, 32610, 妻妾成群
03598313, 7.9, 55931, 西决
20463108, 8.3, 26235, 观念的水位
01836555, 9.5, 4564, 史记
01442720, 9.5, 4433, 鲁迅全集（2005最新修订版）
03091368, 9.1, 7369, 白鹿原
26390842, 8.6, 15084, 哲学家们都干了些什么
30137806, 9.9, 2764, 红楼梦
01050339, 7.7, 77672, 文化苦旅
27010212, 8.1, 34541, 芳华
27013716, 8.9, 9348, 沉默的大多数
20421947, 8.6, 14519, 在细雨中呼喊
10757939, 8.7, 12339, 红玫瑰与白玫瑰
04238754, 8.0, 40774, 失恋33天
01752755, 8.6, 14328, 第九个寡妇
27133274, 9.0, 7895, 孩子们的诗
04872671, 8.2, 27465, 佛祖在一号线
30475767, 8.1, 31721, 人生海海
26278687, 7.6, 86054, 皮囊
27184303, 9.0, 7431, 遥远的向日葵地
30183051, 8.3, 21600, 鱼翅与花椒
10758290, 9.4, 4375, 东晋门阀政治
03389984, 8.5, 15327, 俗世奇人
04275017, 9.1, 6377, 骆驼祥子
27053166, 9.7, 3052, 红楼梦
02334065, 9.4, 4309, 塔希里亚故事集
01015699, 8.2, 25003, 中国大历史
01003986, 8.8, 9525, 病隙碎笔
01483522, 9.3, 4843, 365夜
01830445, 9.1, 6253, 阿城精选集
20440053, 9.5, 3772, 南京大屠杀
26997048, 9.1, 6213, 撒哈拉的故事
01005358, 9.3, 4706, 寻找家园
01926103, 8.0, 34241, 鬼吹灯之云南虫谷
01949679, 8.7, 10531, 素履之往
01054917, 8.5, 14082, 沧浪之水
27013741, 8.8, 8827, 黄金时代
03544376, 9.1, 5810, 顾城的诗 顾城的画
01040466, 8.9, 7571, 谈美
10767124, 8.5, 13725, 乡村教师
20395476, 9.2, 5071, 乡土中国
27070488, 9.3, 4444, 围城
26901114, 9.2, 5037, 中国国家治理的制度逻辑
05269439, 8.4, 15975, 城门开
02376486, 8.9, 7268, 中国近代史
01058679, 8.7, 9654, 人·兽·鬼
01200842, 8.6, 11190, 尘埃落定
01082522, 8.2, 21509, 家
20431965, 8.5, 12989, 只有医生知道!
01089517, 8.4, 15209, 绝代双骄（全三册）
01026425, 7.4, 108283, 三重门
01021990, 9.3, 4128, 唐诗鉴赏辞典
01091203, 9.2, 4657, 少年凯歌
01084080, 9.1, 5290, 平凡的世界（全三册）
25935941, 9.4, 3633, 天朝的崩溃（修订版）
25897884, 9.1, 5241, 13 67
03151575, 8.6, 10522, 激荡三十年
25893465, 9.1, 5171, 万历十五年
01043485, 8.2, 19607, 檀香刑
19920715, 8.6, 10163, 论中国
30314590, 8.8, 7570, 十九岁的时差
03297888, 8.5, 11816, 云雀叫了一整天
01089521, 8.4, 13808, 楚留香传奇
01147193, 9.1, 5021, 世说新语
04275058, 9.2, 4381, 茶馆
30336863, 8.4, 13616, 回答不了
01025723, 8.3, 15891, 潜规则
26877012, 8.9, 6415, 一句顶一万句
01003284, 8.1, 22270, 退步集
01069805, 8.8, 7317, 给青年的十二封信
01325507, 9.0, 5557, 江村经济
24922716, 8.9, 6345, 阿勒泰的角落
01316622, 8.3, 15482, 诛仙1
30330181, 9.0, 5469, 棋王
30163860, 9.1, 4761, 绿毛水怪
26803179, 8.3, 15284, 平原上的摩西
06967919, 8.7, 8164, 长歌行 01
01195590, 8.6, 9351, 带上她的眼睛
27062726, 8.9, 5935, 贾想 I
26775466, 8.5, 10590, 小家，越住越大
01061242, 8.8, 6778, 写在人生边上
25742211, 9.2, 3993, 上帝掷骰子吗?
01049219, 7.4, 81902, 长安乱
01047719, 8.5, 10260, 傅雷家书
26951584, 8.6, 8799, 小说课
27104286, 8.4, 11893, 寂寞的游戏
26824237, 8.8, 6499, 大国大城
01078250, 8.2, 16241, 洗澡
06969074, 9.4, 2982, 天龙八部
01016300, 7.1, 161990, 梦里花落知多少
03194071, 8.6, 8458, 少年巴比伦
02029680, 9.5, 2631, 资治通鉴
01938591, 7.9, 27064, 鬼吹灯之昆仑神宫
30362170, 8.1, 18790, 冬泳
01456692, 8.7, 7235, 金瓶梅
19995918, 8.3, 13336, 蛙
22163516, 8.6, 8326, 云雀叫了一整天
27013708, 8.6, 8216, 一只特立独行的猪
03616310, 7.6, 47493, 小团圆
01916726, 7.8, 31507, 鬼吹灯之龙岭迷窟
02016749, 8.2, 15221, 金陵十三钗
26924196, 7.9, 25754, 魔道祖師 一
19940743, 8.1, 17871, 文化苦旅
26210607, 8.4, 10832, 时间移民
03264665, 8.7, 6897, 三十而立
06974232, 8.0, 20902, 盗墓笔记8·大结局（上）
01763806, 8.5, 9019, 万寿寺
01286547, 8.6, 7678, 菜根谭
01465007, 8.2, 14118, 生死疲劳
02031604, 9.0, 4345, 离婚
10580806, 8.8, 5667, 长歌行 02
01062991, 8.4, 10090, 北京法源寺
01012561, 8.6, 7331, 上下五千年
26265745, 8.2, 13624, 清明上河图密码
27170951, 8.1, 15858, 生吞
03155622, 8.1, 15821, 庆余年·壹
02032964, 9.2, 3230, 正红旗下
25825717, 8.2, 13274, 龙族Ⅲ
02032141, 9.0, 4122, 陈寅恪魏晋南北朝史讲演录
01460313, 8.4, 9603, 哥伦比亚的倒影
26664352, 8.9, 4690, 褚时健传
26372408, 8.9, 4671, 呼兰河传
01317899, 8.2, 12867, 生死场
06434543, 8.0, 18128, 龙族Ⅱ
01926289, 9.3, 2751, 三国志
30280804, 8.4, 9201, 薛兆丰经济学讲义
01453210, 7.4, 59053, 一座城池
24851460, 8.6, 6799, 历代经济变革得失
02988943, 8.3, 10677, 青灯
04115698, 8.9, 4453, 京华烟云
01016631, 8.5, 7673, 西厢记
06902639, 7.8, 24876, 青春
30163844, 8.3, 10371, 镖人
11528339, 8.1, 14243, 藏海花
25912076, 9.2, 2946, 叫魂
01823751, 9.0, 3738, 中国近代史
26613061, 8.9, 4246, 九州·缥缈录
06533042, 9.2, 2908, 南明史
26291984, 8.8, 4822, 最后的耍猴人
30116399, 9.5, 2058, 跨越边界的社区（修订版）
05038752, 9.2, 2891, 谈美
26418524, 9.0, 3677, 万历十五年
26309691, 8.3, 9868, 月光落在左手上
03810699, 9.0, 3660, 水浒传
01000280, 8.5, 7247, 袁氏当国
27599025, 8.9, 4144, 激荡三十年
03571732, 8.4, 8375, 全频带阻塞干扰
02747765, 9.0, 3616, 中国古代文化常识
01982001, 8.7, 5374, 月牙儿
02005705, 9.1, 3191, 唐宋词十七讲
26710670, 9.4, 2212, 呐喊
02267883, 8.0, 15433, 色，戒
01017238, 8.7, 5183, 美学散步
01006560, 8.2, 10934, 血酬定律
05904212, 8.1, 12866, 心理罪
04169424, 7.9, 18242, 蛙
27080432, 8.9, 3926, 小姨多鹤
03566368, 8.2, 10647, 空谷幽兰
01010349, 8.1, 12537, 丰乳肥臀
01076378, 9.1, 2989, 传统十论
01427825, 8.5, 6650, 中国人史纲（上中下）
26285194, 9.3, 2360, 故事新编
25898626, 9.7, 1531, 鲁迅全集
03879026, 8.2, 10539, 死亡通知单
01916451, 9.2, 2635, 金瓶梅
03410709, 9.2, 2633, 中国哲学简史
27008303, 9.1, 2933, 不成问题的问题
25918895, 8.9, 3705, 大江东去
01394433, 8.4, 7352, 藍宇
27141102, 9.2, 2522, 许三观卖血记
27093935, 9.2, 2511, 慢煮生活
01049477, 8.0, 13838, 一半是海水一半是火焰
04002701, 8.4, 7243, 朱镕基答记者问
26925171, 9.3, 2205, 大明王朝1566
03034184, 8.0, 13586, 鬼吹灯Ⅱ之四巫峡棺山
01703544, 7.4, 43431, 兄弟（下）
04860554, 8.8, 4021, 淘气包马小跳系列
05401989, 8.0, 13280, 自由在高处
33111439, 8.8, 3968, 有所不为的反叛者
25955474, 7.4, 42231, 坏小孩
03075281, 8.6, 5190, 世界上所有的夜晚
04041998, 8.6, 5185, 孤城闭
21361157, 8.7, 4509, 十年一觉电影梦
01456183, 8.2, 9388, 我的帝王生涯
02791877, 9.2, 2394, One Billion Customers
01027247, 7.8, 18689, 丑陋的中国人
02337600, 8.0, 13063, 诛仙
27116307, 8.5, 5917, 长乐路
25747921, 7.0, 106906, 从你的全世界路过
04098263, 9.2, 2382, 论语译注
03067169, 7.9, 15431, 丑陋的中国人
27065388, 9.3, 2101, 陆犯焉识
27111096, 8.6, 5030, 爱你就像爱生命
25759355, 8.6, 4995, 边城
01059406, 7.0, 101836, 幻城
20395460, 9.2, 2301, 江村经济
25984204, 7.3, 49262, 乖，摸摸头
26807576, 8.5, 5661, 赡养人类
06835758, 8.6, 4900, 平凡的世界
26281913, 7.9, 14646, 镇魂
30237176, 8.2, 8824, 19年间谋杀小叙
01001204, 7.9, 14594, 山居笔记
02340300, 7.9, 14497, 鬼吹灯Ⅱ之三·怒晴湘西
06974102, 7.6, 25386, 盗墓笔记8·大结局（下）
27007549, 8.4, 6358, 中央帝国的财政密码
23286393, 8.9, 3187, 尘埃落定
30389935, 8.4, 6308, 四个春天
01165173, 8.8, 3611, 务虚笔记
34262174, 8.2, 8445, 网内人
01161852, 8.1, 9923, 天意
25745773, 9.5, 1567, 呐喊
03662230, 8.5, 5332, 七十年代
20425053, 7.6, 24202, 我所理解的生活
01020241, 7.6, 23825, 千年一叹
30218904, 8.5, 5234, 镖人
10797092, 8.6, 4516, 蒋介石与现代中国
01042053, 8.3, 6933, 儒林外史
25897707, 9.1, 2367, 沈从文的后半生
04737329, 7.6, 23095, 龙族Ⅰ
04903692, 9.1, 2304, 东京梦华录
01002690, 8.7, 3796, 陈寅恪的最后20年
01136074, 9.0, 2583, 呼兰河传
01055304, 9.6, 1325, 中国历史地图集（全八册）
20382491, 8.0, 10727, 心理罪
01315213, 9.0, 2569, 中国文化要义
26775078, 9.0, 2546, 非人哉
03707886, 8.9, 2872, 中国通史
04082434, 9.3, 1788, 穿墙透壁
05905348, 8.3, 6439, 笑谈大先生
01124305, 8.1, 8752, 扶桑
25639223, 8.3, 6364, 身边的江湖
34451656, 9.2, 1957, 呼兰河传
26899538, 7.6, 20943, 长安十二时辰 下
01089518, 7.9, 12001, 萧十一郎
26309861, 8.3, 6276, 摇摇晃晃的人间
03239913, 8.1, 8567, 推拿
26929955, 7.8, 14297, 腾讯传
01929825, 9.4, 1546, 农民进城防骗手册
01849409, 9.1, 2158, 易经
03244068, 8.3, 6209, 庆余年·陆
01032967, 9.2, 1917, 说文解字
02010284, 8.1, 8443, 春风沉醉的晚上
26278433, 9.1, 2134, 遍地风流
01491239, 8.5, 4591, 吾国与吾民
01793132, 7.6, 20269, 白马啸西风
26856061, 8.9, 2696, 球状闪电
01068308, 7.6, 20016, 雪山飞狐
06085181, 8.0, 9727, 二号首长
26545308, 9.4, 1508, 南京大屠杀
01752349, 8.7, 3432, 胡雪岩（全三册）
01823533, 8.7, 3413, 山海经
04061972, 8.4, 5157, 狼王梦
20366370, 8.7, 3409, 变革中国
04832553, 8.2, 6920, 侯卫东官场笔记
27186298, 9.1, 2067, 平凡的世界
01777823, 8.1, 8068, 八十年代访谈录
11629131, 9.2, 1842, 李鸿章传
11636077, 8.4, 5087, 饥饿的盛世
26771878, 9.2, 1834, 中国通史
06790302, 9.8, 988, 资治通鉴
03165385, 8.3, 5866, 庆余年·叁
02149655, 7.6, 18970, 鬼吹灯Ⅱ之一·黄皮子坟
27116235, 8.1, 7869, 飞行家
03165135, 8.2, 6716, 庆余年·贰
05355829, 8.6, 3745, 哥伦比亚的倒影
03165386, 8.3, 5680, 庆余年·肆
03580750, 8.2, 6586, 潜规则（修订版）
27204860, 8.3, 5646, 指数基金投资指南
10757942, 8.4, 4874, 怨女
06311230, 9.4, 1421, 秦汉魏晋史探微
25884890, 8.3, 5584, 死亡通知单·暗黑者
05363278, 8.4, 4796, 素履之往
01055347, 9.1, 1949, 中国史纲
11612936, 7.5, 21869, 古董局中局
03244065, 8.3, 5493, 庆余年·伍
20516443, 8.4, 4736, 洗澡
05246800, 8.3, 5465, 毛泽东传
25928708, 8.6, 3576, 佛祖都说了些什么?
26021455, 9.5, 1247, 中国古代文化常识（插图修订第4版）
26821461, 7.9, 10204, 北鸢
26666472, 7.2, 40332, 天才在左 疯子在右（完整版）
26904483, 8.7, 3058, 蛙
26710671, 9.4, 1331, 彷徨
03345595, 8.5, 3911, 猫城记
26807573, 8.3, 5180, 流浪地球
33455762, 9.6, 1081, 你好小朋友复刻版
01933479, 9.0, 2055, 小灵通漫游未来
01200843, 8.1, 6978, 芙蓉镇
34433981, 8.3, 5119, 汴京之围
01974029, 9.4, 1311, 坟
19977683, 8.6, 3317, 檀香刑
26363926, 8.7, 2906, 何为良好生活
26905337, 9.0, 2010, 檀香刑
10757941, 8.2, 5814, 小团圆
27003014, 7.5, 19504, 半小时漫画中国史（修订版）
06879356, 9.5, 1154, 孙子兵法
27600198, 8.4, 4292, 贾想II
25750468, 8.7, 2815, 中国现代国家的起源
20472730, 7.7, 12780, 龙族Ⅲ
04146756, 8.3, 4795, 浮生取义
30396677, 9.0, 1919, 谜宫·如意琳琅图集
02265312, 7.6, 15236, 鬼吹灯Ⅱ之二·南海归墟
25849892, 8.7, 2756, 人间滋味
01318615, 8.5, 3576, 山羊不吃天堂草
01963786, 8.5, 3569, 怎样鉴别黄色歌曲
01006884, 8.6, 3099, 随园食单
01463256, 8.3, 4673, 大明王朝的七张面孔
30206604, 8.2, 5371, 北海怪兽
26757657, 8.2, 5319, 望春风
20394150, 8.9, 2081, 八次危机
34460345, 8.1, 6170, 李银河说爱情
01119590, 8.1, 6064, 老残游记
05922204, 8.3, 4412, 曾国藩的正面与侧面
01281653, 7.9, 8159, 秦腔
27154094, 8.8, 2248, 海子的诗
01200848, 8.2, 5034, 长恨歌
01155722, 8.8, 2235, 电影批评
26848051, 8.3, 4315, 造房子
26261240, 7.7, 11279, 古董局中局 3
26259067, 8.7, 2493, 干校六记
30276984, 9.1, 1551, 女性主义
01077621, 9.0, 1731, 毛泽东选集 第三卷
30394166, 8.5, 3210, 镖人
30473240, 8.4, 3675, 十二年故人戏
26817324, 8.7, 2464, 傅雷家书
26674343, 8.6, 2796, 容忍与自由
03810698, 9.5, 1006, 三国演义
28003156, 8.8, 2164, 给青年的十二封信
30331243, 8.4, 3619, 镖人
27077612, 9.5, 997, 三体
26210632, 8.1, 5584, 2018
10733032, 8.3, 4127, 王二的经济学故事
03409620, 9.1, 1499, 东周列国志
06977651, 8.0, 6295, 心理罪之画像
03056892, 7.3, 22535, 幻城
26687647, 7.9, 7344, 至味在人间
24540864, 6.9, 55194, 第七天
01285961, 8.4, 3429, 根鸟
33420947, 9.4, 1052, 三体全集
04732150, 7.9, 7175, 心理罪
30490151, 8.6, 2586, 镖人
27608078, 9.3, 1151, 图说敦煌二五四窟
26285184, 9.0, 1584, 朝花夕拾
26669243, 8.1, 5158, 慈悲
03410759, 9.0, 1578, 隔江山色
01040924, 8.2, 4431, 金粉世家（上下）
26647742, 8.8, 1987, 陌生的经验
26576515, 8.1, 5119, 清明上河图密码 2
26697791, 9.3, 1133, 鲁迅杂文集
02988944, 8.6, 2535, 金翼
01485628, 7.9, 6995, 毛泽东传
01974027, 8.9, 1749, 热风
26746839, 8.3, 3778, 清明上河图密码3
01068912, 8.4, 3268, 中国文化的深层结构
26734228, 8.7, 2206, 鬼吹灯全集
25737044, 8.0, 5841, 饺子
27116287, 9.3, 1112, 平如美棠
26935435, 7.7, 9618, 大裂
26288882, 8.4, 3238, 我是你爸爸
26905274, 8.2, 4295, 海错图笔记
04243276, 9.3, 1107, 田园诗与狂想曲
30191803, 7.5, 13783, 半小时漫画世界史
05390091, 8.6, 2460, 人皮论语
27191786, 8.6, 2407, 朝闻道
34866400, 8.6, 2397, 大象席地而坐
25914783, 9.7, 728, 你好小朋友
34431806, 9.0, 1469, 失败者的春秋
01009529, 8.8, 1826, 毛泽东、斯大林与朝鲜战争
26425892, 8.4, 2998, 我的凉山兄弟
30446684, 8.2, 3967, 六里庄遗事
26924200, 8.1, 4596, 魔道祖師 三
27045287, 8.7, 2014, 谁在世界中心
25759044, 9.2, 1139, 乡土中国
01082361, 8.4, 2937, 张居正
01506961, 8.4, 2935, 西行漫记
11626951, 8.8, 1761, 解读中国经济
06436972, 9.1, 1252, 中国文化要义
25870991, 8.3, 3309, 曾国藩的正面与侧面
01146304, 8.6, 2218, 日光流年
26904658, 8.6, 2215, 丰乳肥臀
24877320, 7.7, 8371, 龙族Ⅲ
30214955, 9.4, 902, 雷雨
01661440, 9.0, 1368, 生育制度
06780545, 9.0, 1367, 中国哲学史
26171466, 9.5, 810, 筚路维艰
26879920, 8.5, 2456, 一地鸡毛
03636385, 7.5, 11692, 超新星纪元
05906321, 9.2, 1072, 开放中的变迁
01089511, 7.6, 9485, 三少爷的剑
03117247, 9.0, 1304, 中国古代思想史论
04827310, 8.8, 1622, “中间地带”的革命
26691462, 8.6, 2051, 俗世奇人（足本）
27049320, 8.7, 1812, 人间草木
30294357, 9.0, 1277, 倾城之恋
20389202, 7.7, 7631, 唐朝穿越指南
01789842, 7.4, 13156, 侠客行
27591495, 8.6, 2032, 万古江河
26371105, 7.7, 7547, 就喜欢你看不惯我又干不掉我的样子
03905365, 8.5, 2290, 水流云在
25774379, 8.6, 2011, 图说中国绘画史
34501169, 8.4, 2598, 简读中国史
25961497, 9.0, 1249, 中国古代物质文化
24882288, 7.4, 12753, 古董局中局 2
01596305, 6.8, 47421, 泡沫之夏
21432137, 8.8, 1551, 共同的底线
34808043, 9.2, 999, 离婚
26427702, 8.7, 1732, 三体
26606389, 7.3, 15225, 白说
01067960, 8.2, 3312, 青衣
03290010, 7.0, 28565, 澜本嫁衣
34835320, 8.2, 3283, 这里是中国
27126634, 8.1, 3726, 一禅小和尚
34870012, 9.0, 1189, 游戏
25717107, 8.8, 1485, 红色资本
30353124, 9.1, 1063, 冬牧场
01470622, 8.3, 2759, 二十年目睹之怪现状
27077957, 8.5, 2103, 红拂夜奔
01397659, 8.0, 4134, 国画
06895949, 9.2, 929, 联合政府与一党训政
01144385, 7.8, 5626, 镜花缘
02279868, 7.7, 6632, 风声
26742784, 8.3, 2649, 饥饿的盛世
30276134, 9.0, 1132, 邦查女孩
20406553, 8.1, 3418, 现实一种
27006467, 8.1, 3350, 浮生六记
34456274, 8.6, 1719, 胜者出局
01119476, 8.1, 3321, 醒世恒言（上下）
25799686, 7.3, 12790, 无证之罪
01253538, 8.7, 1510, 剑桥中华民国史（上卷）
33411326, 8.4, 2188, 镖人
01049215, 7.4, 10482, 借我一生
33436921, 8.8, 1339, 战国歧途
30264678, 9.1, 964, 尸体变化图鉴
26712111, 8.1, 3284, 撞铃
05404058, 7.8, 5190, 痛并快乐着
05988185, 8.3, 2475, 宅兹中国
27156834, 9.0, 1065, 我的精神家园
01090109, 7.6, 7181, 红岩
03908344, 9.2, 859, 图像中国建筑史
34921004, 8.3, 2446, 鬓边不是海棠红
26789604, 9.0, 1050, 茶馆之殇
26839167, 9.0, 1047, 一人之下
01442035, 7.8, 5020, 连城诀
01315258, 9.1, 937, 中国古代服饰研究
26828349, 8.1, 3176, 东北游记
26700745, 8.4, 2096, 南渡北归
26658900, 8.4, 2091, 镜子
27093233, 7.9, 4192, 历史的温度
01644403, 8.1, 3111, 警世通言
27135212, 8.7, 1428, 杨红樱笑猫日记
24383057, 9.2, 825, 乡土中国
30147582, 9.1, 907, 近代中国社会的新陈代谢
06840152, 8.1, 3059, 甘南纪事
01039060, 7.9, 4102, 玉米
01417905, 7.1, 17404, 废都
25977110, 8.2, 2644, 美的沉思
26368104, 9.1, 897, 乡土中国
05906312, 8.7, 1389, 兴盛与危机
26905339, 8.9, 1096, 红高粱家族（2020修订升级版）
34981242, 9.1, 879, 人间告白
26822709, 8.4, 1937, 聋哑时代
01264104, 8.6, 1510, 夜航船
01058956, 7.4, 9045, 碧血剑
03191328, 6.5, 69879, 小时代1.0折纸时代
30206117, 7.4, 8892, 半小时漫画中国史2
34462719, 8.2, 2479, 女生呵护指南
26277676, 7.5, 7315, 心理罪之第七个读者
27077677, 8.6, 1453, 东北往事--黑道风云20年全集
01051928, 9.3, 686, 跨越边界的社区
10466438, 8.0, 3186, 上课记
30304845, 9.6, 517, 宪法学讲义
26650970, 7.3, 10273, 古董局中局 4
24531011, 7.5, 7094, 无声的证词
03886832, 7.5, 7079, 废都
05998988, 9.2, 745, 尋路中國
26952485, 7.2, 12351, 人民的名义
07014927, 8.7, 1251, 中国神话传说
26607419, 8.9, 991, 论中国
27203505, 8.4, 1772, 从大都到上都
01191433, 7.6, 5720, 我的前半生
20397280, 8.2, 2299, 黄昏里的男孩
01422105, 8.6, 1383, 江湖丛谈
30206893, 9.7, 456, 中国历代政治得失
05038750, 9.1, 793, 读书指南
19950139, 7.2, 11752, 尸语者
25957575, 9.4, 592, 老子
35006237, 9.0, 874, 大山里的小诗人
30181592, 7.6, 5610, 天官賜福 一
03640150, 8.0, 2988, 血酬定律
01005411, 7.9, 3439, 透明的红萝卜
06437880, 7.4, 7890, 哑舍
30232294, 7.5, 6583, 半小时漫画中国史3
01022232, 8.6, 1340, 中国思想史
26288883, 7.8, 3919, 动物凶猛
06822342, 9.5, 524, 王阳明全集
01086444, 7.6, 5312, 沉沦
10740958, 8.8, 1025, 剑桥中国史（全十册）
04836821, 9.0, 827, 飞虎队队员眼中的中国
26985981, 8.2, 2111, 青苔不会消失
26975797, 9.2, 666, 隐山梦谈
25730239, 8.1, 2383, 李光耀论中国与世界
21964791, 8.4, 1585, 两次全球大危机的比较研究
03705820, 7.1, 12709, 斗罗大陆（全14卷）
24862876, 7.4, 7069, 黄雀记
33424453, 8.5, 1390, 诡秘之主
10587755, 9.3, 591, 以利为利
34813164, 8.4, 1540, 镖人
24316409, 8.3, 1746, 忍不住的“关怀”
26924424, 8.1, 2276, 喜欢我也没关系
05421526, 9.0, 776, 送法下乡
04767483, 8.7, 1065, 中国通史
26856478, 8.7, 1055, 无路可逃
34948951, 7.9, 2924, 大话西方艺术史
30220005, 8.7, 1041, 我在西南联大的日子
30259726, 8.6, 1146, 我的阿勒泰
30383694, 7.7, 3877, 进击的智人
26952345, 8.5, 1288, 私人生活的变革
01442037, 7.2, 9246, 书剑恩仇录
26994910, 8.8, 908, 城南旧事
27120243, 9.3, 550, 转型中的地方政府
01427450, 9.0, 732, 白话本国史
21370840, 7.5, 5157, 打工女孩
06004646, 9.2, 589, 中国法律与中国社会
23789345, 8.9, 793, 渐行渐远的红利
34937635, 9.0, 711, 乡关何处
26849245, 8.6, 1093, 子不语
30294355, 8.9, 787, 半生缘
01578545, 8.3, 1568, 背叛
26359044, 8.3, 1567, 等待
26324803, 7.9, 2695, 木心诗选
26334500, 8.3, 1561, 说中国
25748848, 9.0, 707, 华夏边缘：历史记忆与族群认同（增订本）
27049319, 8.5, 1221, 人间有味
26847586, 8.5, 1212, 哈佛中国史（全六卷）
34447010, 8.4, 1360, 一禅小和尚：你总说没事，但我知道你偷偷哭过很多次
26274949, 8.3, 1532, 昨天的中国
03432401, 7.9, 2622, 苦难辉煌
01207500, 8.8, 846, 布局天下
01031857, 7.8, 2998, 虐恋亚文化
25879507, 8.9, 752, 五四运动史
03896758, 8.5, 1166, 参谋助手论
01450027, 8.7, 926, 万物
01012929, 9.4, 462, 二十四史
25768277, 7.9, 2507, 苗疆蛊事1
26647621, 7.0, 11927, 龙族Ⅳ
25833450, 7.6, 3907, 奇石
26830134, 7.6, 3901, 就喜欢你看不惯我又干不掉我的样子2
04920037, 6.9, 14300, 临界·爵迹 I
26658022, 9.5, 403, 紫禁城100
26865333, 8.4, 1218, 中国1945
30132713, 9.0, 628, 讲给大家的中国历史01
01036297, 7.8, 2681, 同性恋亚文化
26711101, 8.3, 1353, “边缘人”纪事
26686936, 8.4, 1194, 生死场：萧红小说精选集
26665157, 8.9, 683, 当代中国政府与政治
26811407, 7.6, 3601, 殉罪者
34894380, 8.0, 1977, 雾行者
34907855, 8.1, 1711, 小行星掉在下午
26022052, 8.2, 1497, 蒋勋说宋词（修订版）
33391323, 9.3, 456, 五四运动史
30276702, 8.1, 1689, 中央帝国的哲学密码
33374389, 8.3, 1307, 幽微的人性
26762440, 9.2, 497, 权力结构、政治激励和经济增长
02280161, 9.0, 597, 小镇喧嚣
34461199, 8.5, 1009, 江南三部曲
34894152, 8.6, 895, 穿堂驚掠琵琶聲
25896617, 7.3, 5631, 第十一根手指
27030775, 8.7, 798, 书读完了
26581737, 8.8, 715, 权力的毛细管作用
25827236, 7.4, 4582, 高智商犯罪2
26992823, 8.7, 778, 波峰与波谷
34993975, 8.4, 1091, 姜二嫚的诗
27113334, 6.9, 11579, 笑场
26803736, 9.4, 390, 国史大纲
01340429, 8.2, 1365, 女性主义
25893995, 9.0, 557, 亚洲大趋势
26772419, 7.5, 3702, 幸存者
34969942, 8.7, 748, 聋哑时代
01012242, 6.7, 17160, 地狱的第19层
01063540, 8.3, 1163, 中华帝国晚期的叛乱及其敌人
26774892, 7.9, 1926, 我们爱过又忘记
01080223, 9.2, 443, 人与国家
10770739, 7.4, 4149, 哑舍Ⅱ
25663137, 7.3, 4905, 高智商犯罪
26771893, 9.0, 530, 光变
26936009, 8.4, 1001, 生死疲劳
06004480, 9.1, 478, 周易
34884051, 8.2, 1266, 镖人
24531079, 7.5, 3398, 哑舍Ⅲ
30163040, 7.9, 1832, 空响炮
30134582, 8.4, 966, 人世间（套装共三册）
01050368, 7.2, 5580, 子夜
05914497, 9.0, 511, 作为方法的中国
25862645, 7.5, 3292, 解密
34833419, 7.7, 2410, 半小时漫画中国史4
04038164, 6.3, 42157, 小时代2.0虚铜时代
05253517, 8.1, 1370, 大逃港
34813128, 9.2, 415, 去依附
30460124, 7.1, 6304, 北京折叠
06397293, 8.1, 1321, 这个世界会好吗？
30172690, 7.5, 3096, 一个人张灯结彩
30424595, 8.8, 577, 山海经
34940823, 8.3, 991, 逍遥游
30468563, 9.5, 302, 宏观经济学二十五讲：中国视角
01262797, 8.3, 968, 中国美学史大纲
34815132, 8.3, 949, 圆圈正义
32569408, 8.7, 606, 炸裂志
02282706, 8.8, 536, 智囊全集
05383916, 6.6, 15596, 十宗罪
34821264, 7.5, 2655, 半小时漫画经济学2：金融危机篇
35041581, 9.1, 388, 纳闷集
27025893, 9.3, 322, 两汉魏晋南北朝宰相制度研究
30122152, 8.9, 458, 小镇喧嚣
26607683, 8.3, 863, 中国文化的深层结构
30455321, 7.6, 2182, 流浪地球
26947721, 7.8, 1612, 百妖谱
34949630, 9.4, 289, 少年的你創作全紀錄
06856131, 8.0, 1218, 民国风度
01021677, 8.9, 448, 中国一九五七
33441524, 7.1, 4872, 半小时漫画唐诗
01772151, 8.8, 486, 翻身
01030699, 7.0, 5705, 繁星春水
26387790, 8.4, 727, 苦难辉煌（全新修订增补版）
34782362, 7.6, 2042, 佛兰德镜子
34953844, 8.7, 524, 活过，爱过，写过
30261649, 7.5, 2343, 凛冬之棺
33446904, 7.6, 2005, 烧火工
34788663, 9.6, 235, 传统十论
26782702, 8.3, 798, 何以中国
26663303, 7.4, 2675, 俗世奇人·贰
33440184, 8.8, 462, 代谢增长论
26951502, 8.4, 697, 礼物的流动
06440768, 6.9, 6453, 十宗罪2
34924477, 8.6, 559, 俗世奇人全本
30418697, 7.0, 5141, 变量
26133770, 8.8, 446, 盗火者
33384915, 7.5, 2171, AWM绝地求生 上册
30443982, 8.4, 668, 流浪地球
34973161, 8.5, 593, 她们
27602003, 7.5, 2108, 枢纽
01013253, 8.2, 822, 细说宋朝
06105339, 7.6, 1800, 煤老板自述三十年
26905650, 8.1, 921, 中国在梁庄
27001225, 9.2, 300, 暮日耀光
05319117, 7.2, 3344, 鬼吹灯之牧野诡事
34850420, 7.5, 2034, 半小时漫画唐诗2
30314042, 8.5, 570, 闲话闲说
34837907, 9.4, 249, 大河移民的故事
23774456, 8.1, 886, 周恩来传
25831406, 8.4, 616, 陌生的中国人
30289559, 9.4, 241, 逻辑新引·怎样判别是非
21331443, 7.9, 1092, 中国是部金融史
30415612, 6.9, 5351, 夏摩山谷
33454876, 8.0, 956, 中央帝国的军事密码
20516438, 8.2, 746, 人有病天知否
25807475, 8.4, 588, 城市里的陌生人
34998019, 9.0, 325, 秋园
30285281, 9.1, 289, 大理寺日志 1
34982927, 8.7, 406, 五万年中国简史（全2册）
26584021, 9.1, 279, 革命年代
34670250, 8.4, 527, 中国文化课
34781358, 8.2, 655, 史记的读法
30344136, 9.1, 266, 中国经济改革进程
35009938, 7.3, 2140, 半小时漫画宋词
06828611, 6.2, 20879, 小时代3.0：刺金时代
26294673, 7.3, 2130, 自由在高处（增订版）
26610904, 9.2, 242, 无法还原的象
26834083, 8.1, 705, 伟大的中国工业革命
30289543, 8.1, 705, 龙
26921971, 7.3, 2054, 时间之书
35074464, 9.3, 216, 光景宛如昨
26419895, 9.1, 252, 曾国藩家书
11232882, 8.9, 299, 革命（全四册）
01494086, 8.3, 537, 邓小平文选 第一卷
34945889, 7.7, 1097, 东言西语
10416503, 6.9, 3910, 花冠病毒
26342533, 8.2, 589, 新的一天
03782155, 8.7, 352, 印度对华战争
35016965, 9.2, 226, 巷里林泉
33393524, 7.5, 1418, 青年变革者
26791407, 6.4, 10917, 孤独深处
30314820, 8.1, 649, 常识与通识
06857554, 8.8, 309, 园冶
27623676, 9.1, 235, 郑天挺西南联大日记
27015840, 8.7, 328, 城乡中国（修订版）
34800351, 6.7, 5142, 半小时漫画经济学
30333443, 7.9, 761, 我的前半生(全本)(精)
26776858, 9.4, 179, 中国社会史
25922733, 7.2, 1970, 哑舍Ⅳ
27061117, 7.5, 1247, 铜钱龛世
30308672, 7.5, 1237, 郭论
30348776, 9.0, 232, 筚路蓝缕
33439236, 7.8, 785, 云中记
34994189, 8.4, 398, 读库2001
30365847, 7.6, 1002, 博物馆里的极简中国史
30365801, 6.4, 8277, 冷场
24845741, 8.2, 476, 性之变
30490198, 8.4, 386, 大趋势
23860707, 8.6, 317, 中国当代社会阶层分析
34996662, 7.2, 1754, 低智商犯罪
05920841, 8.7, 283, 毛泽东传（全6卷）
03031727, 9.3, 169, 中国货币史
34441120, 9.1, 194, 中国为什么有前途（第3版）
30258045, 9.2, 175, 生育制度
30126870, 9.0, 203, 近代的尺度
34822422, 7.9, 598, 春日之书
30329810, 9.3, 159, 解读中国经济
26782781, 7.3, 1307, 不必交谈的时刻
34977889, 7.4, 1128, 侯大利刑侦笔记
30309611, 8.6, 282, 追寻现代中国
34810988, 7.1, 1746, 伪装学渣2
34437434, 7.3, 1278, 古代人的日常生活
20400742, 8.1, 451, 读者
26291216, 6.5, 5198, 我们生活在巨大的差距里
35058847, 8.7, 244, 撒野 3
34983746, 8.3, 354, 长安客
34932093, 9.2, 158, 大山里的小诗人
34949599, 8.3, 344, 溢出
03916132, 8.5, 279, 晚学盲言（上下）
25806559, 8.4, 302, 血酬定律
34948793, 8.9, 185, 谜宫·金榜题名
26751728, 7.1, 1287, 哑舍Ⅴ
34792916, 8.7, 200, 中国艺术与文化
34801236, 8.8, 181, 中国精神读本
34953363, 8.9, 164, 人生
34853897, 6.9, 1584, 冰糖炖雪梨
30444288, 9.5, 102, 罗翔讲刑法
34992172, 8.1, 322, 宋仁宗：共治时代
25786148, 7.8, 442, 被颠覆的文明
02210591, 8.3, 261, 史迪威与美国在中国的经验
34933266, 7.4, 723, 隐
04175450, 7.1, 1100, 当中国统治世界
34825698, 8.5, 213, 影响世界的中国植物
26370001, 8.6, 193, Dealing with China
30424945, 7.8, 423, 当代中国社会分层
35050945, 8.2, 273, 宫墙柳
22933018, 6.2, 5661, 斗破苍穹
35006198, 8.6, 184, 大宋之变
34995672, 8.9, 141, 中国妖怪故事（全集）
25774256, 7.1, 958, 肥肉
30345415, 7.7, 431, 中国文化的精神
35006314, 7.8, 379, 骑士的献祭
35009913, 7.8, 362, 你说的那个朋友是不是你自己
34841975, 7.8, 338, 聊斋新义
27044151, 6.7, 1536, 如果没有明天
34710113, 8.5, 169, 逛动物园是件正经事
34950090, 8.8, 130, 北方狩猎
30364327, 7.2, 675, 大唐兴亡三百年
34443580, 7.4, 516, 荒潮
34933700, 8.5, 161, 莫比乌斯时空
30358366, 6.4, 2450, 张大小姐
01536706, 7.8, 304, 汤加丽人体艺术写真
35082103, 8.9, 110, 扫鼠岭
30303327, 9.8, 59, 二十五史简明读本（全15册）
34882633, 6.6, 1417, 半小时漫画中国史（番外篇）
25774080, 7.5, 375, 谁在导演世界
30473854, 8.5, 138, 我的情报与外交生涯
34907465, 7.5, 364, 赛雷三分钟漫画中国史
34983165, 8.8, 107, 流浪地球
30200242, 6.9, 787, 故宫的古物之美
35051813, 8.6, 122, 诡秘之主 1
34912485, 8.6, 121, 投资至简
35015583, 8.0, 204, 第十一根手指
26260799, 7.9, 215, 农民自杀研究
34950796, 8.6, 109, 我们爱过又忘记
34853188, 9.3, 65, 中国文明起源新探
26318981, 9.3, 63, 中国文化史
34888158, 6.7, 809, 中国经济2020
34984112, 8.0, 166, 风暴来的那一天
34887287, 7.4, 308, 中国城市大洗牌
34885303, 8.0, 153, 神探福迩，字摩斯
35017564, 8.3, 115, 于谦小酒馆
34893668, 8.0, 148, 暗数杀人笔记
35016764, 7.2, 305, 病毒、细菌与人类
34439600, 7.1, 335, 新药的故事
35039515, 7.6, 187, 市舶司沉船案
20563115, 8.8, 69, 冷战与新中国外交的缘起
05419802, 6.0, 1991, 中国震撼
03142323, 8.9, 60, 深翻
34998386, 8.7, 64, 新感觉电影
35030671, 8.7, 64, 我将成为明月的椅子
34787572, 7.2, 239, 这就是中国
34971570, 8.9, 55, 大月亮及其他
35015037, 9.1, 47, 文字的故事
34945869, 7.4, 161, 一条草鱼
35084260, 7.0, 237, 半小时漫画科学史
35012879, 8.3, 67, 抉择
35029799, 8.3, 61, 自由主义的重生与政治德性
34983713, 8.2, 60, 经济运行的真相
34460923, 8.4, 52, 中国与世界社会
34965163, 7.6, 84, 有悬念的气味，以及不盲从的生活
35046432, 9.6, 24, 非常年代
35034326, 7.5, 91, 未来站在中国这一边
30489181, 6.7, 170, 图解中国传统服饰
34822424, 6.5, 219, 密室小丑
34932772, 8.6, 28, 天下中华
34881035, 9.7, 16, 中国货币史
34894027, 8.5, 27, 现代性
34942845, 9.1, 19, 1840年以来的中国
34897069, 7.2, 49, 一只脚踏进后现代
35061100, 7.9, 28, 百年变局
35069459, 8.5, 20, 长物志
35015112, 8.1, 17, 金乡
02079272, 8.2, 13, Doing Business in China For Dummies
