2020-07-05 15:59:54

number of books, tag name
845, 中国近代史

ID, rating, votes, title
01795079, 9.2, 36595, 乡土中国
20424526, 9.2, 29824, 邓小平时代
01675478, 9.1, 10699, 天朝的崩溃
01082349, 8.2, 45886, 长恨歌
01476213, 9.4, 6171, 中國近代史（上冊）
20440053, 9.5, 3772, 南京大屠杀
02376486, 8.9, 7268, 中国近代史
25935941, 9.4, 3633, 天朝的崩溃（修订版）
26820347, 8.9, 5336, 红星照耀中国
01076685, 8.9, 5333, 李鸿章传
01060025, 8.8, 5888, 中国近代史
01823751, 9.0, 3738, 中国近代史
01000280, 8.5, 7247, 袁氏当国
01125026, 9.3, 2401, 毛泽东选集 第二卷
25938605, 8.6, 4688, 天国之秋
10797092, 8.6, 4516, 蒋介石与现代中国
05372471, 9.2, 1967, 党员、党权与党争
10436418, 8.9, 2773, 战争与革命中的西南联大
10472702, 8.2, 7326, 重说中国近代史
11629131, 9.2, 1842, 李鸿章传
05246800, 8.3, 5465, 毛泽东传
10575976, 8.7, 2963, 中国近代史
25750468, 8.7, 2815, 中国现代国家的起源
05922204, 8.3, 4412, 曾国藩的正面与侧面
01374626, 8.9, 1866, 袁氏當國
26427101, 9.3, 1099, 历史三调
01491537, 8.9, 1666, 近代中国社会的新陈代谢
05399227, 8.0, 5604, 南渡北归（第一部）
01009529, 8.8, 1826, 毛泽东、斯大林与朝鲜战争
01506961, 8.4, 2935, 西行漫记
11626951, 8.8, 1761, 解读中国经济
25870991, 8.3, 3309, 曾国藩的正面与侧面
05288371, 8.4, 2857, 蒋经国传
26171466, 9.5, 810, 筚路维艰
05906321, 9.2, 1072, 开放中的变迁
04827310, 8.8, 1622, “中间地带”的革命
01039126, 8.9, 1410, 剑桥中国晚清史（上下卷）
01069724, 8.7, 1769, 晚清七十年
01270551, 9.0, 1204, 八十忆双亲 师友杂忆
06119800, 8.4, 2427, 南渡北归（第三部）
26392466, 8.3, 2757, 从晚清到民国
01044979, 9.0, 1170, 天朝的崩溃
06895949, 9.2, 929, 联合政府与一党训政
01439260, 8.9, 1225, 历史三调
01253538, 8.7, 1510, 剑桥中华民国史（上卷）
26700745, 8.4, 2096, 南渡北归
30147582, 9.1, 907, 近代中国社会的新陈代谢
02713409, 8.9, 1111, 国民党的“联共”与“反共”
01450065, 8.4, 1867, 李宗仁回忆录（上下）
27167368, 9.1, 833, 亮剑
01034847, 8.5, 1580, 美国与中国
01139065, 9.0, 875, 党员、党权与党争
01132689, 8.7, 1205, 洪业
06797768, 8.4, 1688, 一寸河山一寸血 1
03923369, 9.0, 847, 中华人民共和国建国史研究1
01081778, 9.6, 463, 李太白全集（全三册）
24316409, 8.3, 1746, 忍不住的“关怀”
10825612, 8.6, 1197, 近代中国社会的新陈代谢
26856478, 8.7, 1055, 无路可逃
01280568, 8.8, 939, 毛泽东与莫斯科的恩恩怨怨
30127132, 9.2, 610, 宋案重审
27045982, 9.4, 505, 天朝的崩溃
30398413, 8.3, 1624, 午夜北平
26806801, 9.2, 595, 告别百年激进
01010512, 8.7, 969, 1901年
03432401, 7.9, 2622, 苦难辉煌
26712428, 8.9, 762, 中国近代史
20366533, 8.7, 937, 中国与中国人影像
04248275, 8.6, 1043, 革命与反革命
25879507, 8.9, 752, 五四运动史
05416832, 7.6, 4063, 辛亥：摇晃的中国
03662567, 9.2, 551, 近代中国史纲
01477774, 8.8, 805, 剑桥中华民国史（下卷）
26865333, 8.4, 1218, 中国1945
33391323, 9.3, 456, 五四运动史
03397128, 8.8, 739, 1948：天地玄黄
01801407, 8.3, 1256, 苦命天子
25844426, 8.8, 708, 反抗“平庸之恶”
02567326, 8.1, 1583, 从大历史的角度读蒋介石日记
06798785, 8.5, 921, 一寸河山一寸血.3
01063540, 8.3, 1163, 中华帝国晚期的叛乱及其敌人
10440415, 8.9, 593, 傅斯年：中国近代历史与政治中的个体生命
04242368, 8.6, 781, 茶馆
05914497, 9.0, 511, 作为方法的中国
01018498, 8.8, 622, 华北的小农经济与社会变迁
05253517, 8.1, 1370, 大逃港
21363236, 8.8, 614, 寻找·苏慧廉
25659944, 8.8, 611, 执拗的低音
01289247, 8.7, 659, 戊戌变法史事考
04822151, 9.1, 428, 戰爭與革命中的西南聯大
20481426, 8.5, 767, 处在十字路口的选择
05385877, 9.1, 419, 中国近代思想与学术的系谱
03923370, 8.7, 615, 中华人民共和国建国史研究2
25887394, 8.9, 493, 晚清之后是民国
06984992, 8.7, 598, 张力与限界
01069301, 8.4, 814, 在中国发现历史
01776851, 8.9, 479, 中国共产党成立史
06999547, 8.4, 808, 一寸河山一寸血.4
26855717, 8.5, 721, 北上
21323619, 8.8, 526, 苦命天子
26755822, 9.4, 305, 中国近代史（彩图增订本）
02040853, 7.8, 1702, 紫禁城的黄昏
25498796, 8.4, 785, 梦醒子
27039516, 9.3, 322, 傅斯年
01794125, 9.0, 415, 中国近代史大纲
01023084, 8.3, 852, 大门口的陌生人
25789370, 8.8, 498, 权势转移
10532831, 9.3, 314, 中国近百年政治史
01772151, 8.8, 486, 翻身
26387790, 8.4, 727, 苦难辉煌（全新修订增补版）
01437607, 8.9, 428, 中国近百年政治史
04236917, 8.6, 573, 观念史研究
03117248, 8.4, 709, 中国近代思想史论
06860955, 7.6, 1972, 太平天国
34924477, 8.6, 559, 俗世奇人全本
04745305, 7.6, 1927, 北洋裂变
01447912, 8.9, 409, 五四运动
26851892, 8.5, 609, 哈佛中国史06•最后的中华帝国：大清
25963466, 9.1, 332, 巴黎和会与北京政府的内外博弈
27001225, 9.2, 300, 暮日耀光
01001057, 8.4, 649, 龙旗飘扬的舰队
10877038, 9.0, 355, 光焰不熄
03518433, 8.1, 902, 毁灭的种子
02082163, 8.2, 798, 开卷有疑
04249213, 8.2, 792, 国运1909
23774456, 8.1, 886, 周恩来传
01057226, 8.2, 774, 伟大的中国革命
26413582, 8.9, 364, 大棋局中的国共关系
01876807, 9.2, 277, 中国的西北角
20483520, 9.0, 326, 无奈的选择
01315804, 8.6, 475, 上海罢工
25790421, 8.1, 822, 红雨
03088963, 7.6, 1559, 陈寅恪与傅斯年
26830337, 8.1, 798, 国民党高层的派系政治
25891574, 9.1, 289, 甲午海战
01072260, 8.4, 563, 义和团运动的起源
26368867, 9.1, 286, 香港简史（1840-1997）
03665980, 9.0, 306, 从甲午到戊戌
26584021, 9.1, 279, 革命年代
25928984, 8.1, 756, 叶
11601304, 8.0, 850, 梁启超传
05437424, 7.9, 957, 杜月笙传（上.中.下）
24742626, 8.9, 316, 中国近代史
10453793, 8.6, 419, 谈往阅今
06827961, 8.7, 378, 1911
04139460, 8.3, 568, 国民党高层的派系政治
11519297, 7.8, 1002, 台湾往事
06081357, 8.6, 398, 1901
11232882, 8.9, 299, 革命（全四册）
26883775, 8.5, 436, 重说中国近代史
33393524, 7.5, 1418, 青年变革者
02594830, 8.7, 347, 从战争中走来：两代军人的对话
03628934, 8.7, 347, 晚清七十年 【伍】
06732223, 9.3, 206, 壹玖壹壹
01048771, 8.4, 462, 长征
06397072, 8.3, 509, 施剑翘复仇案
01278703, 8.5, 413, 中华帝国晚期的城市
01033811, 7.7, 1024, 地北天南叙古今
27623676, 9.1, 235, 郑天挺西南联大日记
10506693, 8.7, 332, 西安事变新探
30238504, 7.8, 871, 发现东亚
06895934, 8.3, 479, 读史求实
04210829, 7.0, 2839, 蒋介石传
01026065, 8.7, 318, 长江三角洲小农家庭与乡村发展
01171967, 8.8, 284, 袁世凯评传（上下）
01950993, 7.8, 812, 我的前半生
10452103, 9.2, 200, 近代中国史纲
26387875, 9.2, 199, 1944：松山战役笔记（增订本）
03664305, 8.5, 366, 蔣經國傳（2009新版）
30232097, 8.4, 403, 打造消费天堂
26954784, 7.6, 1020, 中华帝国的衰落
01772103, 8.2, 481, 再造“病人”
30170661, 9.3, 177, 中国乡村
04898541, 8.5, 349, 近代中国的史家与史学
01937123, 8.6, 313, 西安事变新探
10580315, 7.6, 963, 1912—1928：文武北洋•枭雄篇
25904820, 8.0, 581, 中国的内战
01905142, 8.6, 309, 中国意识的危机
26665644, 8.8, 257, 国民党的“联共”与“反共”
25786160, 8.7, 280, 记忆的政治
25918704, 8.5, 337, 大门口的陌生人
01071153, 8.4, 371, 寻求富强
30337489, 7.2, 1642, 袍哥
27166446, 9.1, 194, 中国近代史
01465795, 7.6, 888, 天公不语对枯棋
23116732, 8.2, 429, 国会现场
01492553, 8.6, 287, 西潮与新潮
23749013, 7.7, 762, 毛泽东传
01512283, 9.1, 186, 喇嘛王国的覆灭
26574388, 7.6, 857, 湖南人与现代中国
27086018, 8.5, 311, 南京1937
30309611, 8.6, 282, 追寻现代中国
11620326, 7.7, 748, 抗日战争的细节
06789166, 9.0, 198, 伪满洲国首都规划
25834602, 8.6, 280, 戊戌变法的另面
01421089, 9.2, 169, 近代中国史纲
05914478, 8.9, 214, 被牺牲的“局部”
10426968, 9.2, 167, 中国近代史
26338430, 8.6, 276, 再造文明之梦
01608302, 8.3, 369, 西潮·新潮
30345940, 8.7, 252, 通胀螺旋
01070147, 7.7, 717, 大分流
26299129, 9.0, 192, 中國現代小說史
26633782, 8.7, 246, Street of Eternal Happiness
06954443, 8.4, 322, 告别皇帝的中国
26790937, 9.0, 188, 我的回忆（第一册）
02171187, 8.2, 392, 华北的叛乱者与革命者（1845—1945）
32567709, 8.1, 434, 五四的另一面
26431647, 8.6, 261, 中国近代历史的表与里
26838035, 7.5, 861, “鬼子”来了
26770151, 8.3, 338, 中国近代史
01951495, 8.1, 416, 帝国的回忆
01279934, 8.5, 277, 马克思主义、毛泽东主义与乌托邦主义
02158882, 8.5, 277, 中国启蒙运动
04843865, 8.3, 335, 失去的机会？
10482770, 8.3, 334, 银线
34974742, 9.3, 142, 曾彦修访谈录
27091336, 8.7, 228, 潮来潮去
10439652, 8.6, 247, 旧邦新造
10560813, 7.6, 724, 触电的帝国
01491505, 8.3, 323, 幽暗意识与民主传统
01264442, 8.1, 394, 内战结束的前夜
01228042, 8.5, 261, 革命与历史
02976504, 7.5, 791, 李鸿章与晚清四十年
05941142, 8.0, 427, 左宗棠传
26992886, 8.4, 283, 大门口的陌生人
05288681, 8.6, 234, 被“废除不平等条约”遮蔽的北洋修约史（1912-1928）
01094964, 8.4, 280, 中国绅士
06390216, 8.5, 254, 南渡北歸 (3冊合售)
25930094, 8.7, 210, 安源
02382925, 7.9, 459, 宋氏三姐妹
25854660, 7.9, 459, 邓小平传
25799718, 9.2, 139, 中國鄉村
03766475, 8.3, 297, 从民族国家拯救历史
26287561, 8.9, 174, 另一只眼看鸦片战争
24829939, 7.4, 840, 民国纪事本末（1911-1949）
05914500, 8.3, 295, 近代的尺度
02183783, 8.6, 220, 粟裕回忆录
05988148, 8.0, 396, 山雨欲来
26612175, 8.7, 200, 史迪威与美国在中国的经验（1911-1945）
01000139, 8.1, 349, 苏北人在上海，1850-1980
27667777, 8.3, 285, 广州贸易
01081454, 8.3, 284, 近代中国史学十论
01286969, 8.4, 258, 乱世潜流
30309815, 9.1, 143, 从舞台边缘走向中央
03770531, 8.9, 165, 北洋海军舰船志
34783968, 8.7, 194, 蒋介石的战略布局（1939-1941）
01046117, 7.7, 527, 同治中兴
25864840, 7.7, 526, 且借纸遁
01220840, 7.5, 675, 1949年
01427013, 8.1, 335, 转变的中国
05408065, 8.9, 160, 曾国藩传
01493085, 8.5, 224, 从革命到政治
04320843, 8.0, 365, 中国的军阀政治 (1916-1928)
03065816, 8.1, 327, 五四之魂
26639522, 8.6, 203, 当兵
25983635, 8.7, 186, 驚弦
25828767, 7.4, 742, 末代王朝与近代中国：清末 中华民国
26674220, 8.9, 156, 章开沅口述自传
26661517, 8.8, 169, 民族主義與近代中日關係
02297154, 8.4, 237, 卫生的现代性
25887840, 8.6, 198, 吴宓与陈寅恪
10515051, 9.2, 123, 中国近代外交的形成
03017954, 8.4, 235, 晚清的士人与世相
25913359, 8.9, 153, 中国近代史
26314769, 8.6, 195, 李宗仁回忆录
03358492, 8.8, 164, 李鸿章与北洋舰队
06785420, 8.1, 305, 辛亥年
25788989, 8.1, 305, 遗失在西方的中国史
26357249, 8.1, 305, 这个世界会好吗？
06426084, 9.5, 97, 资政院议场会议速记录
34869664, 8.2, 275, 从“天下”国家到民族国家
01009147, 8.6, 190, 血路
03191676, 7.7, 468, 军绅政权
21765922, 8.6, 188, 北洋军阀史话
25773436, 8.9, 146, 乱世潜流
24378390, 8.6, 186, 太平天國之秋
25919635, 8.4, 220, 巴黎和会与中国外交
11637320, 8.2, 259, 民国时期大学校园文化
04290353, 8.3, 233, 沉没的甲午
26921062, 7.9, 346, 台湾四百年
30209303, 9.2, 111, 党员、党权与党争
01074659, 8.3, 230, 甲午战争前后之晚清政局
21331177, 8.3, 230, 我的前半生
02297156, 8.2, 253, 改良与革命
03442805, 8.4, 204, 革命逸史（全三册）
05346140, 8.6, 171, 民国的政治逻辑
01256469, 8.0, 298, 从民族国家拯救历史
25895918, 8.2, 244, 1661，决战热兰遮
05038827, 7.7, 410, 重读近代史
01001684, 8.3, 219, 北京：城与人
24325917, 8.5, 182, 我生有涯愿无尽
30426204, 8.5, 180, 天国之痒
01290059, 8.8, 140, 义和团战争的起源
01030620, 8.0, 287, 帝国的回忆
01679427, 9.3, 97, 抗日战争正面战场（上中下）
01081828, 8.7, 150, 权势转移
33463004, 9.0, 119, 抗战外援
33474631, 9.0, 119, 珞珈筑记
26952234, 8.2, 232, 家国天下
01160760, 8.1, 253, 庚子勤王与晚清政局
01085273, 7.7, 384, 怀柔远人
25797903, 8.8, 133, 中國現代國家的起源
26785970, 8.1, 245, 天国梦魇
26593228, 8.1, 243, 北京，1912
06146403, 9.3, 92, 中国近代财政史研究
03706302, 8.4, 183, 学问有道
26780123, 8.5, 167, 中国近代史：1840—1937
27060604, 7.7, 365, 中国革命
01470169, 9.0, 111, The Rise of Modern China
27039526, 9.1, 103, 华北的叛乱者与革命者
06021087, 8.1, 235, 从大历史的角度读蒋介石日记
10605332, 8.1, 231, 天下得失
04312467, 8.9, 116, 毛泽东文集-1-8卷
26589025, 7.8, 311, 秋风宝剑孤臣泪
26826241, 7.8, 308, 中国共产党的九十年
01016395, 8.0, 248, 帝国落日
01420120, 8.0, 248, 流产的革命
01454770, 8.7, 133, 莫理循眼里的近代中国（全三册）
01059204, 7.1, 728, 蒋介石评传（上、下）
19955131, 7.7, 340, 昨天的中国
24876899, 8.8, 122, 顾维钧回忆录（全13册）
01491298, 8.4, 168, 中国的共产主义与毛泽东的崛起
27144126, 7.8, 300, 重塑中华
01968349, 8.7, 129, 中国现代化史
25918084, 9.1, 95, 中國，從天下到民族國家
05415463, 8.0, 232, 满与汉
26430798, 7.1, 672, 鸦片战争
01920777, 8.2, 188, 德国与中华民国
02157039, 7.7, 306, 延安日常生活中的历史
26298895, 7.5, 383, 段祺瑞政权
25887311, 8.2, 184, 清日战争
01626946, 7.8, 271, 唤醒中国
20536131, 8.3, 166, 再造“病人”
02337526, 8.4, 152, 冈村宁次回忆录
02211584, 8.3, 164, 立宪派与辛亥革命
10454489, 7.8, 264, 民国乃敌国也
26685892, 8.6, 127, 忧乐为天下
26873748, 8.9, 101, 旧邦新造
21423670, 7.6, 327, 杀千刀
27067893, 9.4, 72, 蒋廷黻中国近代史
01527227, 7.8, 261, 猛回头·警世钟
25754647, 7.8, 260, 重构近代中国
03244608, 8.3, 160, 文化、权力与国家
26593842, 7.7, 287, 天公不语对枯棋
01908546, 7.5, 359, 武夫当国
01490396, 7.8, 255, 中国的1948年
26262132, 8.7, 114, 政教存续与文教转型
01051749, 8.1, 188, 上海歹土
25740281, 9.1, 85, 能静居日记（全四册）
26670194, 9.0, 91, 中国近百年政治史
26336549, 8.5, 131, 儲安平傳
05372474, 8.4, 142, 中国1927·谁主沉浮
26795138, 7.8, 248, 北洋军阀史
10578285, 8.5, 130, 三十岁前的孙中山
03610433, 8.1, 184, 民國乃敵國也
02156289, 9.0, 89, 江浙财阀与国民政府（一九二七——一九三七年）
26816955, 8.1, 183, 两岸新编中国近代史·民国卷
30329499, 8.5, 128, 历史•声音•学问
02057348, 9.2, 77, 戊戌变法史研究
01453155, 8.7, 108, 维新旧梦录
26848033, 8.4, 136, 杜威家书
02041641, 9.7, 56, 寻乌调查与马克思主义中国化的起步
26855019, 9.4, 66, 左宗棠全传
11584141, 7.6, 289, 灰色上海，1937－1945
25963084, 8.7, 105, 龙旗飘扬的舰队（甲午增订版）
26307733, 7.9, 209, 给曾国藩算算账
26694664, 7.8, 230, 遗失在西方的中国史
02294930, 8.8, 97, 毛泽东早期文稿
01074912, 8.0, 187, 胡适与中国的文艺复兴
01196921, 8.8, 96, 告别中世纪
01908337, 7.9, 205, 激变时代的文化与政治
03911960, 8.3, 142, 二十世纪初中国政治改革风潮
04272356, 8.0, 186, 1945～1949：国共政争与中国命运
25798761, 8.5, 120, 毛泽东年谱（1949-1976）
26877370, 8.2, 154, 两岸新编中国近代史·晚清卷（上、下）
03818376, 9.4, 64, 政治决策与明代海运
03852114, 8.4, 129, 裂变中的传承
02074652, 7.5, 308, 历史的裂缝
25785609, 8.8, 94, 中國革命簡史: 從孫文到毛澤東
01832325, 8.0, 181, 近代中国的知识分子与文明
03663036, 7.9, 197, “五四”九十周年祭
30463350, 8.2, 149, 中国人与美国人
07055710, 8.7, 99, 上海罢工
01183711, 8.5, 115, 在商言商
20282875, 8.0, 177, 蒋介石
03198434, 9.7, 52, 近代中國史料叢刊
02373257, 7.9, 193, 英国的课业
27119859, 9.1, 74, 近代中国史纲
06711737, 9.4, 61, 新青年
03041817, 7.9, 189, 晚清民国的学人与学术
03566244, 8.7, 96, The Generalissimo
05923025, 7.7, 230, 中国共产党历史（第一卷）
02161684, 9.0, 77, 义和团的起源及其运动
27084078, 8.0, 168, 洪宪帝制外交
27117556, 8.0, 168, 学术江湖
10772478, 8.6, 101, 剑拔弩张的盟友
26270607, 8.5, 109, 中国近代史:插图珍藏本
26699680, 7.8, 202, 1943
26821702, 7.5, 275, 从甲午到抗战
26856556, 8.1, 150, 国中的“异乡”
03529124, 8.7, 91, 中国共产党的七十年
30488073, 7.6, 240, 历史的叙述方式
26775650, 7.9, 177, 荣禄与晚清政局
03100433, 7.4, 300, 近代史上的鸡零狗碎
10517689, 8.0, 161, 顾颉刚自传
26575403, 8.0, 158, “她”字的文化史
10428419, 8.1, 144, 音调未定的传统
04729631, 8.3, 121, 汪政权的开场与收场
10785068, 8.9, 77, 国民党与共产国际
11534353, 8.5, 102, 张发奎口述自传
01883137, 8.4, 110, 中华帝国对外关系史(全三册)
27183693, 8.1, 141, 天下为学说裂
25905691, 8.2, 128, 道出于二
25923182, 8.2, 128, 中国龙的发明
20384505, 8.6, 93, 地方督抚与清末新政
02104938, 9.2, 61, 胡適之先生晚年談話錄
05414076, 8.4, 106, 启蒙如何起死回生
06121198, 8.4, 106, 西学东渐与晚清社会（修订版）
26383062, 9.8, 43, 战略性工业化的曲折展开
25772573, 8.6, 90, 救世
25953790, 8.5, 97, 跨语际实践
05298561, 8.2, 123, 变动时代的文化履迹
01500695, 7.9, 157, 近代中国的国际契机
03661833, 7.9, 156, 夜來臨：吳國楨見證的國共爭鬥
01467250, 8.0, 141, 汉口
26207181, 8.9, 70, 自贡商人
02347935, 8.0, 140, 從學生運動到運動學生
20285097, 8.6, 85, 哈哈镜
01737624, 7.8, 166, 危机中的中国知识分子
06085540, 7.8, 166, 1911年中国大革命
26126589, 8.4, 98, 昂贵的和平
26930130, 8.3, 106, 中国近代外交官群体的形成（1861—1911）
23489419, 8.8, 73, 靖海澄疆
25854358, 9.6, 45, 重尋胡適歷程（增訂版）
25858691, 9.2, 56, 權力的毛細管作用（修訂版）
26202608, 8.4, 96, 蒋廷黻回忆录
26614723, 8.9, 67, 1912年
26932403, 8.2, 112, 历史 记忆 生产
01433856, 7.9, 144, 清末的下层社会启蒙运动:1901-1911
01903558, 8.3, 101, 美国在中国的失败，1941-1950
01085305, 8.2, 108, 走向最后关头
03900879, 8.0, 128, 光与盐
01740427, 8.4, 92, 中华民国史
20563115, 8.8, 69, 冷战与新中国外交的缘起
01007264, 7.9, 139, 莫斯科中山大学和中国革命
24872349, 8.7, 73, 中國最後的帝國
01924500, 7.5, 203, 中国之命运
30284742, 8.2, 103, 冲击与回应
02372674, 8.0, 121, 中国的惊雷
26869147, 7.2, 273, 最后的大队
06516046, 8.2, 102, 上海警察
25722413, 8.3, 94, 袁世凯传
03100430, 8.4, 87, 乡村社会权力和文化结构的变迁
01442023, 7.6, 175, 朋友·客人·同事
01271665, 9.3, 48, 毛泽东文集（第2卷）
30189183, 9.9, 35, 茅海建戊戌变法研究
02154838, 7.8, 143, 中国的民族主义和战争
01946969, 8.3, 93, 中国近代经济史研究
30176816, 8.3, 92, 革故鼎新
04259926, 8.4, 85, 触摸历史与进入五四
01752346, 8.1, 107, 梁启超与中国思想的过渡（1890－1907）
01329977, 7.3, 233, 从鸦片战争到五四运动
27157997, 7.5, 184, 民国了
30133355, 9.3, 46, 戊戌变法史事考初集
01266771, 8.6, 71, 自由的所以然
10446320, 8.6, 71, 中国人留学日本史
26883105, 8.8, 62, 汉口
01790996, 7.9, 123, 一个被放弃的选择
25805427, 7.4, 199, 毛泽东阅读史
11601840, 7.7, 146, 叫街者
28553381, 8.0, 111, 左图右史与西学东渐
34940760, 10.0, 31, 退想斋日记
11637974, 8.1, 99, 民国元年
26722463, 8.4, 78, 言不褻不笑
30237212, 9.0, 52, 上海罢工
04766858, 8.1, 98, 近代中国商业的发展
01005655, 7.8, 127, 中国的内战
04145683, 8.5, 72, 庚子西狩丛谈
26797535, 8.5, 72, 危机中的中国知识分子
02009453, 7.7, 138, 军绅政权
30353427, 9.3, 43, 晚清人物丛考
01596161, 8.5, 71, 中国现代学术研究机构的兴起
25894600, 8.3, 82, 晚清大变局
27085807, 8.1, 94, 飞虎队
30266644, 7.9, 111, 太平天国与晚清社会
20282877, 7.6, 146, 决战
01253794, 9.1, 47, 中国现代化史
26785976, 7.7, 132, 洋务自强
03036938, 8.7, 59, 李提摩太在中国
27190980, 8.7, 59, 林则徐看见的世界
05982381, 7.7, 129, 走向革命
26840657, 8.5, 67, 在传统与现代性之间
01336608, 8.8, 54, 重尋胡適歷程
25827403, 8.8, 54, 师范学校与中国的现代化
27035207, 8.8, 54, The Chinese Typewriter
24739557, 7.6, 138, 民国的忧伤
06424169, 8.2, 82, 辛亥前夜
04162636, 8.0, 96, 中国近现代史
01066993, 7.8, 114, 黄克诚自述
33459258, 9.3, 40, 走出地方史
04166468, 7.9, 104, 鸦片政权
02105684, 8.1, 88, 近代中国与新世界
01558971, 8.7, 57, 盛世危言
03100431, 7.3, 183, 大历史的边角料
26994137, 7.3, 183, 间谍王:戴笠与中国特工(增订版)
03114877, 8.7, 56, 中国现代史
26333221, 6.7, 374, 西太后
02219015, 8.0, 92, 国民党人与前期中华民国
04047177, 8.5, 63, 战前中国经济的增长
06735681, 7.8, 108, 中华民国史（全十六册）
06531657, 8.0, 91, 郝柏村解讀蔣公日記 一九四五～一九四九
26974878, 8.0, 91, 晚清的士人与世相
10546717, 8.4, 67, 寻求中国民主
01043125, 7.7, 118, 中国早期工业化
26770182, 8.8, 51, 中国近代史新编
01803265, 9.3, 38, 台湾通史
34839990, 8.7, 54, 却将谈笑洗苍凉
01002556, 8.3, 70, 中国资产阶级的黄金时代（1911-1937）
26838798, 8.4, 65, 艽野尘梦
27194694, 8.8, 49, 清光绪帝死因鉴证
27160934, 8.9, 46, 1948：天地玄黄
06432123, 7.8, 101, 帝国即将溃败
26633002, 8.6, 55, 黑暗的闸门
35012879, 8.3, 67, 抉择
03360071, 8.1, 77, 浮想录
26078835, 7.7, 107, 一本书的历史
24706944, 8.6, 53, 科举停废与近代中国社会
26819014, 7.6, 114, 历史的本色
24880892, 9.6, 30, 独秀文存
04242241, 9.0, 41, 从万国公法到公法外交
03272718, 8.7, 49, 政党建置与民国政制走向
01019793, 7.6, 112, 梁启超传
25802334, 6.9, 235, 日本为什么侵华
04256407, 8.6, 51, 中国现代学术之建立
26798339, 8.6, 51, 中国近代史大纲
01050763, 8.2, 67, 百年嬗蜕
03267932, 7.8, 92, 世界大舞台
01741677, 8.0, 78, 中国革命中的无政府主义
26806900, 8.5, 54, 梁启超与中国思想的过渡：1890-1907
24844069, 8.4, 57, 中国学术之近代命运
25955345, 7.3, 143, 北洋大时代：大师们的理想国
06976235, 8.0, 76, 五百年来谁著史（第三版）
04891079, 7.9, 82, 上海繁華
26419784, 7.8, 89, 上海资本家与国民政府：1927—1937
20505732, 8.5, 52, 从甲午到七七
05376006, 8.2, 64, 大萧条时期的中国
30418154, 9.0, 38, 重探抗戰史（一）
01010595, 7.6, 103, 一个革命的幸存者（上下）
25953659, 7.4, 124, 台共党人的悲歌
01066370, 8.2, 63, 在蒋介石身边八年
02279273, 8.9, 40, 章太炎的思想
26362837, 8.1, 67, 中国的近代性
30156806, 8.4, 54, 中国进入国际大家庭
02173196, 7.9, 78, 抗战与战后中国
03129990, 8.1, 66, 李宗仁回忆录
24757076, 8.9, 39, 郝柏村解讀蔣公八年抗戰日記(上下冊)
02085730, 8.8, 41, 我所知道的德王和当时的内蒙古
26304122, 7.9, 76, 红色的起点
26707538, 8.2, 60, 帝王学的迷津
30210157, 9.5, 28, 凌霄一士随笔
21304345, 6.7, 257, 李鸿章传
24700948, 8.1, 64, 历史的坏脾气
02382497, 8.9, 38, 伦敦与巴黎日记
03760936, 8.8, 40, 靖海澄疆
25850412, 7.8, 80, 帝国的回忆
04078479, 7.7, 87, 崇拜与记忆
25804993, 8.1, 63, 马戛尔尼使团使华观感
06390344, 8.4, 50, 中国近现代史研究导引
21249191, 8.8, 39, The Search for Modern China
25829222, 8.8, 39, 汪政權的開場與收場 上
26682737, 7.7, 84, 一条开往中国的船
01493074, 8.3, 53, 天国的陨落
30296723, 8.7, 41, 重审中国的“近代”
26919442, 7.3, 121, 种瓜得豆
26366098, 7.9, 71, 近代中国的不吸纸烟运动研究
04007448, 7.1, 148, 二十世纪中国史纲（全四卷）
03335619, 6.7, 238, 民国的身影
02106270, 8.2, 56, 积微翁回忆录
03196521, 8.2, 56, 中国近代史八种
01913305, 8.6, 43, 中国近代史读本
01393495, 7.9, 70, 中国绅士的收入
20492875, 7.9, 70, 袁世凯1916
05298465, 9.0, 34, 重新思考中國革命
30419210, 9.3, 29, 历史深处的叹息
24746510, 7.7, 79, 时间的社会文化史
30372295, 7.7, 79, 旭日残阳
30312365, 8.8, 36, 简明中国工业史（1815—2015）
03251035, 8.3, 49, 晚清的新式傳播媒體與知識份子
03802388, 8.1, 56, 从诉讼档案出发
03768483, 9.5, 25, 建國以來（1949 - 1997）
01254204, 7.8, 70, 西学东渐与晚清社会
27172232, 7.8, 70, 最后的皇朝
26336342, 8.0, 59, 晚清人物与史事
24823383, 7.7, 74, 联大八年
03875764, 8.0, 58, 民国军事史.第一卷
26976106, 8.0, 58, 中国人缺少什么？
30266152, 8.2, 50, 庚子救援研究
26840846, 8.5, 41, 王實味
25881185, 7.9, 61, 甲午战争史
02042252, 8.2, 49, 魔鬼的乐园
04749285, 9.3, 26, 中国近代棉纺织业史研究
04605534, 6.9, 153, 茶叶与鸦片
26356189, 7.2, 109, 孤寂百年
26803405, 7.5, 82, 战争与革命交织的近代中国（1895-1949）
01000029, 7.3, 98, 中华人民共和国演义
02024394, 7.8, 63, 失败的遗产
25902151, 8.2, 47, 长征
33455412, 7.9, 58, 萧朝贵与太平天国早期史
26282775, 8.0, 53, 蒋介石为什么失去大陆
26358933, 9.2, 26, 高升号的沉没
33464985, 8.1, 49, 奥林匹克之梦
01534365, 8.4, 40, 文史资料选辑
26207448, 8.6, 35, 广州十三行
04106952, 7.5, 76, 溥仪的另一种真相
25814673, 9.5, 22, 驼峰空运
26687659, 8.8, 31, 中国“人文主义”的概念史（1901-1932）
24541904, 7.6, 69, 蒋介石与国共和战
30252098, 8.0, 50, 简明中国近代史读本
26703200, 8.4, 38, 晚清女子国民常识的建构
01266097, 7.1, 104, 被遗忘的战争
06722263, 7.8, 56, 华北的暴力和恐慌
01120325, 8.4, 37, 延安整风实录
25983739, 8.0, 48, 抗战时期中国的后方社会
06522508, 7.1, 98, 革命与生意
02123532, 8.2, 40, Manchus and Han
01085297, 7.7, 57, 蒋氏秘档与蒋介石真相
34931473, 9.2, 23, 见证
26734560, 7.1, 96, 简明中国现代史
27178751, 7.1, 96, 伯希和北京日记
23018938, 7.6, 61, 袁世凯传
06873694, 7.5, 66, 病夫、黃禍與睡獅
01443222, 7.9, 48, 中国共产党的七十年
25843500, 7.5, 65, 国旗·国歌·国庆
04200073, 7.8, 51, 毁灭的种子
26417860, 7.8, 51, 十九世纪中国的鼠疫
01688091, 8.5, 32, 改良与革命
26889051, 8.5, 32, 发现医病纠纷
02044801, 7.9, 47, 采访外记 采访二记
01166091, 7.9, 46, 官商之间
01163730, 7.3, 74, 李鸿章传
11516899, 8.1, 40, 太平天国的权力结构和农村政治
03221037, 8.4, 33, 清末民初北京舆论环境与新文化的登场
20406630, 8.2, 37, 法律、资源与时空建构
05973143, 7.7, 52, 杨度
25797325, 7.7, 52, 中共党史拐点中的人物与事件
20562966, 8.3, 34, 20世纪30年代苏联情报机关在中国
23340399, 8.7, 27, 蔣介石與日本
30294186, 7.8, 47, 表征的重负：论摄影与历史
01938667, 8.1, 38, 中国近代史词典
22485195, 7.7, 50, 民国的开端
24875356, 7.5, 58, 中华帝国晚期的权力与政治
04934523, 8.8, 25, 解放前的地主与农民
01077177, 7.8, 45, 帝国主义与中国政治
01336468, 9.6, 17, 近代中國政治外交史
30273589, 8.4, 30, 北京白云观与近代中国社会
01075432, 5.7, 527, 中国近代史
10567761, 7.5, 55, 走出晚清
01279311, 7.4, 58, 19世纪的中国常胜军
03015554, 7.4, 57, 金陵春梦（第二集）
03549297, 7.3, 62, 出版与文化政治
34853849, 7.9, 39, 风雨鸡鸣
01107529, 8.9, 22, 清季的洋务新政(全二卷)
01841259, 8.5, 27, 中華民國史事日誌（全四冊）
27126835, 9.1, 20, 中国近代海军史事编年（1860—1911）
34897622, 8.1, 34, 知日·甲午海战，再认识
26201490, 7.3, 61, 晚清士人的西學閱讀史
26276772, 8.3, 30, 近代东亚翻译概念的发生与传播
04112667, 8.0, 36, 辛亥前后上海城市公共空间研究
01187852, 8.7, 24, E.A.罗斯眼中的中国
04861749, 7.8, 41, 离异与回归
27044256, 8.4, 28, 惊雷十年梦未醒
03525612, 9.3, 18, 《荷使初訪中國記》研究
01287872, 8.6, 25, 陈光甫日记
04071861, 7.2, 65, 中国留美学生史
10830106, 8.8, 22, 建构现代中国的藏传佛教徒
06397413, 7.7, 42, 北洋军阀史
30414183, 9.2, 18, 枪炮与货币（全二册）
25921125, 9.6, 15, 中国近代思想家文库·杜亚泉卷
02159305, 7.7, 40, 清末的下層社會啟蒙運動
35005170, 7.7, 40, 新政之后
05293870, 7.6, 43, 西风东渐
04848390, 7.1, 64, 清末现代企业与官商关系
05375760, 8.5, 24, 李大钊与中国马克思主义的起源
34996408, 8.0, 32, 亚洲与一战
26953546, 7.9, 33, 消逝在东交民巷的那些日子
26320763, 7.4, 47, 孙中山的活动与思想
27666974, 7.8, 35, 一个西方传教士的长征亲历记
01656570, 7.7, 37, 大公司与关系网
06425579, 7.3, 49, 革命政党与乡村社会
01055438, 7.4, 45, 清末新知识界的社团与活动
27589563, 8.8, 19, 科举停废与近代中国社会(修订版)
26438132, 8.4, 23, 蹇蹇录
03293627, 9.5, 14, The Rise of Modern China
03408281, 8.3, 24, 公與私：近代中國個體與群體之重建
27102613, 9.0, 17, 红军长征记（上下册）
02359542, 8.5, 21, 北伐前后的商民运动
25977554, 8.5, 21, 彩色香港1970s-1980s
26998346, 8.1, 26, 中國學習蘇聯
02377879, 8.8, 18, 清末民初政情内幕（上、下）
25838606, 8.8, 18, 近代中国研究入門
03000288, 7.1, 52, 近代中国的犯罪、惩罚与监狱
04736096, 8.0, 27, 林则徐大传
27663277, 9.0, 16, 梁启超全集
01065030, 6.7, 73, 传教士与近代中国
26914801, 8.4, 21, 美国在中国的失败，1941-1950年（修订本）
27156822, 7.3, 42, 中国秘密社会史
01507412, 6.4, 99, 近代中国之种族观念
26281846, 8.0, 26, 绝版甲午
30362072, 7.2, 45, 滾出中國
06746242, 9.1, 15, 西山落日
27135836, 9.1, 15, 中國近代史
06976545, 7.6, 33, 辛亥革命及国民党的分裂
02376979, 7.3, 41, A Bitter Revolution
26993178, 8.0, 25, 末代王朝與近代中國
01772152, 7.7, 30, Gutenberg in Shanghai
01958377, 8.3, 21, 俄罗斯馆纪事
02020076, 8.2, 22, 日本教习
02382855, 8.2, 22, 西方传教士与晚清西史东渐
04047139, 8.2, 22, 中国海关与贸易统计（1859—1948）
01044055, 9.0, 15, 民事习惯调查报告录
34847043, 8.7, 17, 人间世
26534909, 8.1, 23, “胡适派学人群”与现代中国自由主义
04842454, 7.7, 29, 中国近百年史话 蒋畈六十年
21318643, 8.0, 24, 茅盾回忆录
10509412, 7.8, 27, 梁启超·明治日本·西方
33437239, 7.4, 35, 民国的“失传”
01483609, 7.0, 48, 美国传教士与晚清中国现代化
03819200, 9.1, 14, 北洋军阀史料选辑
07007734, 8.4, 19, 中国通货膨胀史
04015150, 7.6, 30, 唱片与近代上海社会生活
02122248, 8.1, 22, 中国资本主义发展史（全三卷）
34859769, 8.6, 17, 现代中国的展开
27041973, 6.9, 50, 转向大众
10772930, 9.2, 13, 中国报学史
02204905, 9.0, 14, 天津城市历史地图集
26994865, 7.4, 33, 香港：大英帝國的終章
01034875, 8.3, 19, 困学集
01393306, 8.3, 19, 晚清营业书目
03669277, 8.2, 20, 近代日本亚太政策的演变
26879243, 8.4, 18, 鲁迅藏书志（古籍之部）
26413415, 8.1, 21, 太平天国北方战场
25798483, 9.6, 11, 東方年表
27098969, 7.5, 30, 太平天国运动与现代中国
25773944, 8.0, 22, 胡汉民回忆录
26810877, 8.5, 17, 一个日本人的辛亥革命亲历记
07058016, 7.6, 28, 民族主义政治口号史研究
25789294, 7.6, 28, 1911：潮打危城第一波
25720183, 7.7, 26, 他选择了中国
01464751, 7.9, 23, 南亭笔记
25896490, 7.9, 23, 宋教仁日记
33404736, 7.8, 24, 新文化运动百年祭
03147820, 8.4, 17, 中国近代商业革命
11534494, 6.4, 72, 民国说明书
04096287, 8.5, 16, 晚清之“西政”东渐及本土回应
26740360, 6.8, 47, 中国文明的现代转型
26050841, 8.2, 18, 陈克文日记
26346146, 7.9, 21, 张之洞与清末新政研究（增订版）
30447605, 8.7, 14, 被“废除不平等条约”遮蔽的北洋修约史（1912～1928）（修订本）
04737081, 7.4, 28, 苏报案研究
30271206, 7.4, 28, 古今之变
26944295, 7.2, 32, 转折年代
34462893, 7.2, 32, 战时中国
03310252, 7.1, 34, 武汉，1938
34857541, 8.8, 13, 一个人和一群人
01500715, 6.9, 39, 近五十年中国思想史
27192193, 6.7, 44, 变局与抉择
35009117, 7.8, 20, 再造与自塑
30345530, 7.0, 34, 杜月笙正传
02048147, 6.8, 40, 中国近代通史（第九卷）
26731104, 7.3, 26, 晚清的四张面孔
27199489, 7.5, 22, 晚清以降
06875242, 8.2, 15, 黎明前的中国
26970579, 8.2, 15, 歷史的憂傷
30253349, 7.4, 23, 陈乃乾日记
33437398, 7.4, 23, 创榛辟莽
27162605, 8.9, 11, 和比戰難？
30303647, 8.3, 14, 邓小平讲话实录
03221042, 7.3, 24, 上海——现代中国的钥匙
30171172, 7.3, 24, 多難興邦
06778735, 8.0, 16, 旅行的现代性
30443325, 8.1, 15, 会通中西
26035765, 7.8, 17, 中国1913
26902907, 7.8, 16, 宋云彬日记（全3册）
02048027, 6.9, 28, 中国近代通史（第四卷）
06720138, 6.3, 47, 一本书读懂民国
10770908, 7.9, 15, 帝国黄昏
11507034, 7.0, 25, 现代中国的公共舆论
03335425, 7.4, 19, “乱世能臣”陈公博
04079618, 7.4, 19, 中国第一客卿
03025417, 7.1, 23, 中国留学生的历史轨迹：1872—1949
26924904, 8.3, 12, 民国时期中央大学的学术与政治
06791413, 7.3, 20, 二十世纪的中国社会（上下卷）
01059411, 7.5, 17, 港口·城市·腹地
01013654, 8.2, 12, 民国史纪事本末
04831669, 8.2, 12, 穿越历史的忠奸之辨
26298212, 7.3, 19, 甲午战争的千条细节
03650345, 6.8, 25, 革命之再起
04720218, 6.8, 25, 1900年：西方人的叙述
01255482, 6.9, 23, 中国近代报刊史
03277076, 8.2, 11, 走向世界：近代中国知识分子考察西方的历史
26827055, 8.2, 11, 历史书写与认同建构
25960895, 8.0, 12, 虏囚的记忆
02008549, 5.1, 187, 我所认识的蒋介石
25772279, 6.8, 23, 中国近代报刊史
04114348, 7.9, 12, 孙中山与日本关系研究
26476604, 6.9, 21, 马一浮与国学
01556631, 7.1, 18, 徐旭生西游日记
34005884, 7.5, 14, 中国纪行
34937298, 8.0, 11, 书架上的近代中国
10543789, 7.8, 12, 侵华日军通览1931-1945
03238108, 6.8, 21, 1895-1912年中国军事力量的兴起
26888652, 7.1, 17, 马勇说晚清
04050714, 6.9, 19, 中国近代会党史研究
26600296, 7.9, 11, The Economic History of China
26988778, 6.8, 20, 义和团和八国联军真相
30163891, 7.0, 17, 英国公使夫人清宫回忆录
30411127, 6.0, 37, 中国的近代
26895285, 7.1, 15, 孙文革命
02254907, 7.2, 14, 近代诸子学与文化思潮
02026666, 6.0, 33, 近代中国历史进程概说
27017556, 7.4, 12, 当代中国政治思潮（改革开放以来）
03393761, 7.1, 14, 巴夏礼在中国
34786032, 7.1, 14, 燕京大学与中西关系（1916-1952）
01558981, 6.4, 20, 胡绳论”从五四运动到人民共和国成立”
03888009, 7.2, 12, 伍修权回忆录
26265811, 6.7, 13, 上海的法国人（1849-1949）
30399997, 6.9, 11, 贸易战、八国乱与倒霉蛋
03107215, 7.0, 10, 秘密结社与清代社会
06846435, 6.5, 12, 清代鸦片政策史研究
30303644, 6.8, 10, 邓小平讲话实录
03861061, 3.9, 622, 中国近代史纲要
02091432, 3.7, 221, 中国近代史纲要
26648896, 0.0, 10, 戊戌变法史
30331205, 0.0, 10, 红色起源
34949997, 0.0, 10, 亦師亦友亦敵
35000733, 0.0, 10, 通往北京的道路
01582740, 0.0, 11, 20世纪中国思想史
04118407, 0.0, 11, 上海网络与近代东亚
26772722, 0.0, 11, 清帝国的1905年
04203174, 0.0, 12, 晚清经济政策与改革措施
05357189, 0.0, 12, 學衡派與五四時期的反新文化運動
26601176, 0.0, 12, 我的七爸周恩来
33415237, 0.0, 12, 边缘缔造中心
30270581, 0.0, 14, 啟蒙、理性與現代性
