2020-07-05 15:59:54

number of books, tag name
316, 中国科幻

ID, rating, votes, title
03066477, 9.3, 222573, 三体Ⅱ
05363767, 9.2, 214993, 三体Ⅲ
02567698, 8.8, 375298, 三体
06518605, 9.4, 49448, 三体全集
01192090, 8.7, 53414, 球状闪电
03266609, 8.6, 56900, 流浪地球
01813841, 8.7, 32089, 枪炮、病菌与钢铁
01258490, 9.2, 13205, 基地
26943161, 8.4, 41440, 未来简史
26899537, 8.4, 40185, 长安十二时辰 上
01394364, 8.8, 17668, 银河系漫游指南
02160556, 9.1, 10182, 十万个为什么
26704403, 8.8, 13979, 二手时间
03344676, 8.1, 42994, 常识
04872671, 8.2, 27465, 佛祖在一号线
02340609, 9.1, 6668, 2001太空漫游
06009029, 9.3, 4920, 三體 Ⅱ
10767124, 8.5, 13725, 乡村教师
01195590, 8.6, 9351, 带上她的眼睛
01318622, 8.7, 7598, 青铜葵花
26210607, 8.4, 10832, 时间移民
03571732, 8.4, 8375, 全频带阻塞干扰
26427703, 9.2, 2837, 三体2
01437858, 8.7, 5244, 天行健（全4册）
26807576, 8.5, 5661, 赡养人类
01161852, 8.1, 9923, 天意
26856061, 8.9, 2696, 球状闪电
26427705, 9.0, 2248, 三体3
04219728, 9.5, 1255, 塔希里亚故事集Ⅲ
05938333, 8.8, 2766, 三體
07647487, 8.6, 3457, 时间的形状
03345595, 8.5, 3911, 猫城记
26807573, 8.3, 5180, 流浪地球
01933479, 9.0, 2055, 小灵通漫游未来
04326055, 8.4, 3885, 微纪元
01140726, 8.3, 4228, 计算中的上帝
26210632, 8.1, 5584, 2018
01370069, 8.5, 2582, 惡意
03636385, 7.5, 11692, 超新星纪元
01292322, 8.2, 3435, 群星，我的归宿
01446870, 8.7, 1737, 新宋十字(上下)
25729093, 8.5, 2219, 中国太阳
01170539, 8.6, 1849, 带上她的眼睛
02032523, 8.5, 2094, 失乐园
03266663, 8.1, 3284, 魔鬼积木·白垩纪往事
04245620, 8.4, 2096, 时光尽头
26658900, 8.4, 2091, 镜子
06518299, 9.1, 854, 三體 Ⅲ
26423329, 8.6, 1470, 带上她的眼睛
03983118, 8.2, 2450, 流浪地球
04937547, 7.9, 3482, 我的征途是星辰大海
01102870, 7.9, 3319, 超新星纪元
01070272, 8.3, 1641, 子不语
02310062, 8.4, 1445, 大角快跑
01578545, 8.3, 1568, 背叛
26377359, 8.6, 1086, 浮生物语4（上）
02360390, 8.9, 763, 我知道你明天干了什么
25768277, 7.9, 2507, 苗疆蛊事1
06120501, 7.4, 5365, 中国式青春
04832901, 7.8, 2751, 白垩纪往事
03284411, 8.2, 1433, 头发
10749611, 7.5, 3770, 上古
02127790, 7.6, 3151, 蝴蝶风暴
26392016, 7.9, 1990, 未来边缘
26657597, 8.6, 829, 人和吞食者
06779980, 7.4, 4188, 天命
26437740, 8.3, 1062, 梦之海
05996565, 7.8, 2023, 麦田里的守望者
30460124, 7.1, 6304, 北京折叠
26609776, 8.9, 515, 最糟的宇宙，最好的地球
26631837, 8.6, 693, 孤独的进化者
25768282, 8.0, 1321, 苗疆蛊事2
06151679, 8.4, 802, 人生不相见
24935042, 7.3, 3590, 时间之墟
30455321, 7.6, 2182, 流浪地球
10864154, 8.3, 836, 刘慈欣卷：天使时代
02216512, 7.7, 1802, 冒死记录
34841937, 8.3, 812, 群星
25768287, 8.0, 1116, 苗疆蛊事3
24753186, 7.2, 3639, 邪恶催眠师
26590999, 7.8, 1435, 伤心者
26648648, 8.6, 548, 起风之城
30443982, 8.4, 668, 流浪地球
06265750, 7.1, 4101, 三体X
26884351, 9.2, 300, 回忆鲁迅先生
25830622, 8.1, 878, 苗疆蛊事4
01465602, 8.1, 869, 七重外壳
11605558, 8.2, 725, 六道众生
01362560, 8.1, 810, 魔力棒球
11599245, 7.8, 1176, 量子江湖·燕子坞（上）
01198312, 7.9, 1000, 红色海洋
25830623, 8.0, 805, 苗疆蛊事5
27180217, 7.6, 1348, 人之彼岸
25830624, 8.0, 776, 苗疆蛊事6
01125282, 7.4, 1695, 魔鬼积木
03724680, 7.3, 1942, 外星人就在月球背面
26791407, 6.4, 10917, 孤独深处
03338894, 7.9, 799, 木炭
01980793, 8.4, 448, 王晋康科幻小说精选（全4册）
10560806, 8.9, 270, 迷雾之子3·永世英雄（上下册）
25923251, 8.0, 653, 苗疆蛊事8
23012689, 9.1, 220, 37
25923252, 8.0, 647, 苗疆蛊事9
25923250, 7.9, 671, 苗疆蛊事7
10527069, 8.5, 331, 水星播种
11599246, 7.7, 804, 量子江湖·燕子坞（下）
26598144, 8.4, 363, 再生砖
03201833, 7.5, 1041, 卫斯理与白素
05336223, 7.0, 2150, 地铁
03212644, 7.3, 1229, 蓝血人
20501664, 7.5, 904, 荒潮
02226288, 7.3, 1194, 蚁生
26289511, 7.9, 533, 苗疆蛊事11
06127328, 8.2, 379, 达尔文陷阱
01081100, 7.6, 750, 当恐龙遇上蚂蚁
26289513, 7.9, 518, 苗疆蛊事12
27068270, 7.9, 503, 昨日重现
26289508, 7.8, 539, 苗疆蛊事10
03448653, 7.3, 1033, 十字
30367057, 7.6, 686, 火星孤儿
01812047, 8.2, 343, 宇宙墓碑
02231708, 7.4, 864, 掉线-星云VI
26638272, 7.1, 1330, 天年
01919185, 8.3, 298, 绿野
26985961, 6.3, 5621, 宛如昨日
30366068, 8.0, 385, 人生算法
01080036, 8.0, 368, 飞向人马座
01394305, 7.7, 505, 真空密室之謎
06744664, 7.5, 623, 养蜂人
26596367, 7.7, 482, 完美末日
03212654, 7.2, 909, 地底奇人
26883958, 6.7, 1993, 上海堡垒
01843252, 8.2, 269, 生命之歌
25826336, 7.6, 513, 宇宙墓碑
33372274, 7.6, 504, 三体艺术插画集
25908639, 7.6, 486, 天意
26417638, 7.7, 397, 未来病史
06038876, 8.5, 175, 科幻文学论纲
02151797, 9.1, 109, 飞向冥王星的人
26807574, 7.6, 431, 超新星纪元
10768061, 7.6, 423, 异海
25898111, 8.0, 258, 伪人2075
34933700, 8.5, 161, 莫比乌斯时空
10593893, 7.3, 564, 秘境之匣
01394072, 8.8, 123, 星雲組曲
10558240, 8.2, 201, 咬时代
30264956, 8.7, 126, 流浪星球
06789610, 7.5, 397, 银河之心·天垂日暮
27001126, 7.6, 343, 未来镜像
06845575, 7.0, 747, 与吾同在
06946673, 9.2, 85, 新幻界贰周年精选集
26991560, 8.2, 185, 机器人间
26590998, 7.9, 246, 汪洋战争
30452175, 7.0, 700, 云球（第一部）
06401138, 7.7, 281, 纯真及其所编造的
06827865, 7.1, 574, 火星照耀美国
26896842, 7.3, 416, 流浪地球
06059207, 6.5, 1340, 把你的命交给我
03245164, 7.2, 452, 盗墓
27119165, 8.6, 111, 春天大概需要你
30474815, 9.4, 64, 香谱
01729000, 7.4, 342, 神殇·永离
02040860, 6.9, 642, 冰火魔厨
05355647, 7.8, 194, 0000年的母系氏族
30266619, 8.6, 97, 红色海洋
11516839, 7.7, 212, 瘟疫
26955487, 8.3, 121, 2030·终点镇
01478796, 6.9, 550, 蜂雲
01211320, 8.9, 76, 2001年度中国最佳科幻小说集
10827885, 6.9, 543, 古老的地球之歌
26780566, 6.7, 704, 流浪苍穹
02382245, 8.5, 97, 跨越三维空间
26579509, 6.9, 510, 2.5次世界大战
25831055, 6.7, 686, 逃出母宇宙
03264673, 7.6, 207, 启示
33411838, 7.8, 168, 未来人不存在
03284408, 6.9, 470, 鬼子
07051742, 7.8, 165, 薄码
33451966, 9.3, 53, 钢铁海滩
35045956, 8.2, 111, 猫不存在
26649737, 9.0, 62, 中国科幻年度坐标
26632240, 7.1, 335, 微纪元
26579518, 6.5, 800, 虫子的世界
30414591, 7.1, 326, 未来
01213917, 9.2, 53, 2002年度中国最佳科幻小说集
27178408, 7.6, 183, 世界的误算：完美缺陷
01337988, 7.4, 220, 海豚人
02085131, 8.2, 99, 星云
19957024, 7.4, 197, 湿婆之舞
26985218, 7.7, 134, 消失的星国
27185992, 7.8, 121, 寂寞的伏兵
02918997, 7.6, 145, 中国科幻小说年选
06515758, 7.4, 176, 龙族Ⅱ
26896844, 7.8, 119, 生存实验
10864152, 7.8, 118, 何夕卷：爱别离
26868921, 7.5, 157, 新新日报馆：机械崛起
26681694, 6.4, 652, 超禁忌游戏Ⅲ
01261406, 8.8, 55, 狼蝙蝠
27193114, 7.2, 214, 第三类秘密
30187218, 8.1, 89, 亡灵
27131124, 9.1, 45, 追梦人
27017396, 7.4, 166, 国王与抒情诗
30360078, 8.1, 87, 固体海洋
27086744, 7.2, 202, 天意
06052798, 8.1, 86, 黄金故事
26801112, 7.2, 196, 医院
03338895, 6.9, 273, 鬼混
27116300, 7.4, 153, 科幻中的中国历史
26591916, 7.2, 186, 时间狂想故事集
26303961, 7.2, 185, 星际掠食
35016087, 9.1, 40, 倒悬的天空
26846551, 6.6, 340, 阿尔法的迷宫
10773830, 7.5, 119, 类人
27055612, 7.0, 197, 黎明降临
02021451, 7.5, 116, 珊瑚岛上的死光
26769989, 7.8, 88, 第五维度
26707928, 6.6, 323, 天父地母
30338122, 7.8, 87, 银河边缘002：冰冻未来
27090308, 7.5, 112, 孤独者的游戏
10773829, 6.8, 226, 癌人
26695803, 7.7, 88, 去死的漫漫旅途
27601880, 8.0, 67, 中国百年科幻史话
11607281, 6.5, 323, 高铁
30365914, 7.9, 71, 无光之地
26599026, 7.8, 74, 白垩纪往事
26369906, 7.5, 94, 独唱者
27056143, 7.6, 85, 中国科学幻想文学史
34459898, 8.5, 43, 乡村教师
05355496, 7.9, 64, 新幻界·镜像
30162416, 7.0, 143, 机器之门
02373191, 7.8, 67, 2007年度中国最佳科幻小说集
35060707, 9.8, 21, 银河边缘006：X生物
26949992, 6.7, 186, 记忆迷踪
01062138, 9.0, 29, 人猿北征.动物小说
02117644, 8.1, 48, 鲁文基系列
02677700, 7.9, 55, 2007中国年度科幻小说
06859024, 6.8, 152, 骑誓·丛林骑士的亡者征途
21267009, 7.9, 53, 2012年度中国最佳科幻小说集
27081851, 7.5, 71, 宇宙涟漪中的孩子
20280652, 9.8, 18, 飞向人马座
05351954, 7.2, 89, 月亮宝石
26776239, 8.0, 46, 爱因斯坦密件
05355515, 7.7, 56, 新幻界·安魂师
26923036, 6.5, 184, 超脑：地库
25728338, 6.7, 142, 上帝之手
03194091, 7.6, 59, 银河新世纪（共3册）
01950077, 9.1, 23, 諸神滅亡
34913278, 7.6, 57, 记忆偏离
30254857, 7.5, 60, 异乡人
25845442, 8.4, 32, 新世纪小说大系（2001—2010）• 科幻卷
26889447, 7.5, 58, 超能脑波
21668129, 6.9, 100, 镜中千年
26364280, 6.9, 95, 明日灭亡1：天启爆炸
01265098, 8.3, 29, 中国科幻小说（1—4册）
26859517, 7.6, 45, 生存实验
01412898, 8.0, 33, 生死之约
30159755, 7.7, 40, 云雾2.2
01491605, 7.4, 50, 2005中国年度科幻小说
30240068, 6.9, 75, 后土记
02248265, 8.0, 31, 天城·海城
30399666, 7.3, 51, 十二个冷湖
01963101, 6.3, 142, 追杀K星人
27028961, 7.7, 37, 黑客横行
27200156, 7.8, 34, 二次遗书
30290135, 7.8, 34, 潜入贵阳
27157071, 7.0, 60, 超脑：妄想
35021390, 7.0, 59, 地火
01970153, 7.0, 58, 2006年度中国最佳科幻小说集
24696124, 7.4, 40, 轨道
01950075, 8.5, 20, 明日滅亡
26647632, 6.3, 109, 追杀K星人
10554700, 6.2, 116, 生死平衡
26969583, 7.9, 25, 睡豚，醒来
01328440, 8.4, 19, 在未来世界的日子里
30266618, 7.8, 25, 火星照耀美国
04167856, 8.0, 22, 中国名园
30474645, 7.0, 42, 香水
27159401, 7.0, 41, 超频交易商
26628656, 7.2, 35, 15克星光
27028971, 7.2, 35, 深度撞击
03677564, 8.9, 13, 战神的后裔
01328161, 7.7, 23, 安卡拉星来的使者
25729097, 7.8, 21, 移魂有术
06737379, 7.3, 28, 水晶的天空
10864163, 7.6, 23, 童恩正卷
01120735, 8.4, 15, 奇奇怪怪的人
03271020, 6.6, 49, 新纪元
07061395, 6.3, 61, 人形软件(卷二)-生死之轮
06023753, 7.8, 18, 膜
26312160, 6.6, 38, 天幕
20376114, 6.1, 60, S7系列之黑灵
30207021, 7.8, 16, 梦之海
26853354, 6.4, 42, 临界点
03656602, 8.8, 10, 古峡迷雾 童恩正文集
01411934, 6.2, 50, 死亡大奖
02156117, 7.7, 16, 中国最新科幻故事①
06067587, 8.1, 13, 中国宝塔 上海卷
01207391, 7.8, 15, 2001中国年度最佳科幻小说
04013912, 7.8, 14, 神翼
01095401, 7.3, 17, 沙漠古船
34833412, 7.3, 17, 云球（第四部）
30176859, 6.3, 35, 十方界：幽灵觉醒
26775551, 7.4, 15, 中国科幻文学再出发
01862401, 7.0, 19, 让我们一起寻找外星人
02980841, 8.0, 11, 海眼
04893641, 7.5, 11, 人形軟件 卷一
02059977, 6.5, 20, 贾宝玉坐潜水艇
25795746, 6.5, 19, 2013年度中国最佳科幻小说集
33436253, 7.2, 12, 2018中国最佳科幻作品
25805007, 6.2, 19, 2013中国年度科幻小说
10864153, 6.6, 14, 郑文光卷
27109240, 4.9, 63, 决战奇点
10864155, 5.6, 16, 吴岩卷：鼠标垫
20442178, 3.4, 22, 不朽神皇
21692881, 0.0, 10, 苍穹作证
03935676, 0.0, 16, 杜渐科幻小说集之三机器人传奇
