2020-07-05 15:59:54

number of books, tag name
657, 中国现代文学

ID, rating, votes, title
03066477, 9.3, 222573, 三体Ⅱ
01361264, 9.0, 186394, 撒哈拉的故事
01054685, 9.1, 100728, 沉默的大多数
01060068, 9.2, 79439, 撒哈拉的故事
01002299, 9.0, 88424, 笑傲江湖（全四册）
11524204, 9.3, 51907, 围城
06710437, 9.3, 50258, 撒哈拉的故事
01449351, 8.9, 90232, 呐喊
01255624, 8.9, 80224, 神雕侠侣
01044547, 9.0, 64629, 射雕英雄传（全四册）
01449352, 8.8, 85156, 朝花夕拾
01043815, 8.4, 151819, 骆驼祥子
01060852, 8.9, 54730, 呼兰河传
01088065, 8.7, 71893, 阿Q正传
01029111, 8.9, 44655, 哭泣的骆驼
01398395, 8.8, 51768, 狂人日记
01014578, 9.1, 28792, 我的精神家园
01082406, 8.9, 38695, 黄金时代
01003000, 8.3, 112845, 悟空传
06880158, 8.8, 44082, 陆犯焉识
01013416, 8.6, 60020, 雷雨
01011754, 8.9, 33450, 海子的诗
01082334, 8.1, 144823, 穆斯林的葬礼
03017857, 8.6, 49033, 金锁记
03183775, 9.3, 15310, 四世同堂
01915958, 9.4, 11935, 野草
01760432, 9.3, 12596, 受戒
01449348, 8.9, 22091, 彷徨
01529893, 8.0, 90410, 莲花
03057333, 9.1, 13382, 城南旧事
10757938, 9.1, 12674, 半生缘
01391191, 8.5, 32583, 京华烟云
01036613, 9.0, 14178, 茶馆
01082162, 8.4, 35988, 第一炉香
04124727, 8.1, 51464, 孤独六讲
02046909, 9.2, 7982, 故事新编
01143694, 8.3, 28703, 动物凶猛
03191322, 8.9, 10581, 边城
01025753, 8.2, 32610, 妻妾成群
01442720, 9.5, 4433, 鲁迅全集（2005最新修订版）
10757939, 8.7, 12339, 红玫瑰与白玫瑰
01125186, 8.5, 16404, 半生缘
01030052, 7.9, 47083, 清醒纪
04275017, 9.1, 6377, 骆驼祥子
01980436, 8.8, 9596, 流言
01054917, 8.5, 14082, 沧浪之水
27070488, 9.3, 4444, 围城
01783349, 8.8, 8453, 倾城之恋
01058679, 8.7, 9654, 人·兽·鬼
01082522, 8.2, 21509, 家
03642673, 8.0, 30126, 我执
01061242, 8.8, 6778, 写在人生边上
01763809, 8.7, 7551, 红拂夜奔
01312333, 8.2, 16342, 蔷薇岛屿
01119796, 8.7, 7273, 十八春
01468602, 9.2, 3718, 围城
01157014, 8.8, 6003, 伤逝
01058234, 7.7, 37343, 二三事
01764991, 8.9, 5160, 我的阴阳两界·革命时期的爱情
01763806, 8.5, 9019, 万寿寺
01029159, 7.5, 51463, 八月未央
02032964, 9.2, 3230, 正红旗下
26372408, 8.9, 4671, 呼兰河传
01317899, 8.2, 12867, 生死场
01013419, 8.8, 5025, 张爱玲全集1：长篇小说·半生缘
01024217, 7.4, 55654, 第一次的亲密接触
03284547, 9.1, 3307, 文心
02267883, 8.0, 15433, 色，戒
04169424, 7.9, 18242, 蛙
01050566, 8.2, 10841, 一地鸡毛
01578609, 8.9, 3869, 张爱玲作品集
01055128, 9.1, 2865, 传奇(上下)
01049477, 8.0, 13838, 一半是海水一半是火焰
01027247, 7.8, 18689, 丑陋的中国人
25747921, 7.0, 106906, 从你的全世界路过
01044772, 8.6, 5042, 雷雨
01059406, 7.0, 101836, 幻城
01024468, 9.1, 2543, 金锁记
01076045, 7.7, 19940, 连城诀
01009043, 8.5, 5311, 日出
11614508, 9.0, 2717, 流言
34451656, 9.2, 1957, 呼兰河传
01028693, 8.1, 8639, 骆驼祥子
02010284, 8.1, 8443, 春风沉醉的晚上
01044994, 9.3, 1622, 鲁迅全集(1)
01009777, 8.9, 2571, 彷徨
01474736, 9.0, 2267, 鲁迅杂文全集
01059040, 8.7, 3245, 雅舍小品
10757942, 8.4, 4874, 怨女
26821461, 7.9, 10204, 北鸢
03345595, 8.5, 3911, 猫城记
01200843, 8.1, 6978, 芙蓉镇
01052380, 7.7, 13680, 飞狐外传
01830621, 9.1, 1657, 呐喊
01257294, 9.2, 1416, 传奇
03523063, 9.1, 1515, 围城
01852117, 8.6, 2663, 边城
30197986, 8.4, 3404, 许子东现代文学课
01558547, 9.2, 1273, 鲁迅小说全集
01040924, 8.2, 4431, 金粉世家（上下）
01974027, 8.9, 1749, 热风
02075175, 8.8, 1922, 缘缘堂随笔
01228109, 8.4, 3185, 朝花夕拾
01008003, 8.6, 2439, 呐喊
01081064, 9.1, 1285, 野草
30214955, 9.4, 902, 雷雨
01961815, 9.2, 1102, 彷徨
01935554, 8.9, 1473, 写在人生边上
01066627, 8.2, 3601, 中国现代文学三十年
01829862, 9.3, 948, 野草
03255922, 8.9, 1367, 湘行散记
01270551, 9.0, 1204, 八十忆双亲 师友杂忆
01394402, 8.5, 2112, 死水微澜
01084388, 8.2, 3150, 寒夜
01097305, 8.9, 1289, 张爱玲小说
01139945, 8.0, 4078, 春
01139941, 8.1, 3504, 秋
02027002, 8.2, 2803, 对照记
01398461, 8.8, 1307, 梁实秋散文
01790950, 8.8, 1282, 且介亭杂文
01316651, 8.3, 2347, 北京人
01051127, 8.8, 1235, 张爱玲典藏全集--中短篇小说：1945年以后作品
30247696, 9.5, 582, 四世同堂
01492165, 8.9, 1057, 断魂枪
01367802, 9.0, 940, 中國現代小說史
05908161, 8.3, 2143, 雨天的书
03302642, 8.6, 1429, 萧萧
01782318, 8.5, 1540, 白银时代
01024854, 7.3, 9283, 成都，今夜请将我遗忘
01086444, 7.6, 5312, 沉沦
01045578, 8.7, 1102, 长河
01077898, 8.1, 2276, 原野
03545884, 8.7, 1068, 牛天赐传
01205303, 9.5, 464, 汪曾祺全集(2)
01442037, 7.2, 9246, 书剑恩仇录
01070775, 8.3, 1608, 小城三月
25778499, 9.5, 451, 野草
03427251, 8.7, 953, 阿Q正传
30294358, 8.7, 938, 红玫瑰与白玫瑰
01313443, 9.3, 502, 鲁迅精选集
01018881, 9.0, 657, 穆旦诗全集
25723219, 8.2, 1575, 家
03132491, 8.6, 947, 边城
01002055, 9.8, 305, 鲁迅全集(2)
20370460, 8.4, 1152, 雅舍谈吃
01465001, 8.9, 664, 呼兰河传
04917571, 8.6, 911, 雅舍谈吃
01084282, 8.1, 1623, 二马
03880502, 9.2, 478, 鲁迅小说全集
30289629, 8.8, 701, 傅雷家书
01468907, 8.9, 627, 且介亭杂文末编
03345587, 8.9, 624, 骆驼祥子
04917574, 8.7, 765, 雅舍小品
01077834, 8.0, 1780, 沉沦・春风沉醉的晚上
01051163, 7.1, 7343, 同学少年都不贱
01013334, 9.2, 438, 从文自传
03647261, 8.6, 788, 为奴隶的母亲
01951750, 8.3, 1107, 春
01050368, 7.2, 5580, 子夜
01988664, 9.2, 421, 呐喊.彷徨
03733074, 7.8, 1957, 重访边城
01056324, 9.1, 439, 鲁迅小说全编
03530427, 7.9, 1692, 小團圓
01911509, 8.9, 527, 桥·桃园
03427190, 8.5, 795, 生死场 呼兰河传
03447140, 9.4, 332, 废名集（全六册）
01000407, 8.5, 776, 竹林的故事
01974033, 9.0, 465, 且介亭杂文
01054600, 8.7, 607, 人・兽・鬼
01960244, 8.4, 836, 两地书
01460596, 7.6, 2359, 山河岁月
24704353, 9.4, 311, 呐喊 彷徨 故事新编
01081010, 7.4, 3052, 莎菲女士的日记
01030699, 7.0, 5705, 繁星春水
02378590, 9.2, 323, 微神
01075742, 7.9, 1293, 怨女
01007391, 8.1, 934, 上海摩登
01012703, 7.7, 1529, 林家铺子
03132509, 8.3, 692, 骆驼祥子
01974031, 8.9, 363, 而已集
01412884, 8.8, 371, 流言
01157017, 8.1, 760, 迟桂花
05360643, 8.7, 385, 缘缘堂随笔
01545833, 9.1, 268, 故事新编
01029584, 8.2, 647, 萧红散文选集
03803495, 8.5, 459, 金粉世家（上下）
01974038, 8.6, 413, 南腔北调集
03132473, 8.3, 554, 家
01016656, 8.7, 358, 莫须有先生传
01105712, 9.0, 271, 传奇
30143405, 9.5, 180, 离婚
03128876, 8.4, 466, 反抗绝望
05269118, 8.3, 512, 抒情传统与中国现代性
01089475, 8.5, 414, 果园城记
01974039, 8.9, 274, 华盖集续编
01075776, 7.8, 870, 张爱玲传
30333443, 7.9, 761, 我的前半生(全本)(精)
26991821, 9.5, 162, 骆驼祥子
01028186, 8.9, 250, 曹禺选集
01012938, 9.0, 227, 老舍小说
02012814, 8.6, 321, 林语堂散文经典全集
06000646, 8.4, 389, 夜读抄
03345554, 8.3, 405, 风萧萧
01974020, 8.5, 330, 花边文学
25785405, 8.8, 250, 济南的冬天
01535594, 9.2, 176, 穆旦诗集(1939-1945)
01222090, 7.8, 681, 憩园
10772894, 8.4, 349, 看上去很美
26681493, 8.9, 216, 呼兰河传
26679159, 8.1, 464, 邂逅集
01449924, 8.4, 337, 沈从文传
01073386, 7.9, 577, 艾青诗选
05311766, 7.3, 1275, 幸福的七种颜色
25919907, 9.1, 179, 曹禺经典剧作：雷雨·日出·原野·北京人
01974019, 8.9, 204, 且介亭杂文末编
01974042, 8.6, 260, 二心集
01837178, 8.9, 200, 曹禺精选集
02247642, 8.4, 313, 《中国现代文学三十年》学习指导
01445055, 8.7, 237, 沈从文精读
10469016, 8.1, 419, 顽主
01521489, 6.9, 2084, 小二黑结婚
26938278, 9.2, 150, 野草
01076533, 7.9, 499, 沉沦
19986375, 8.5, 266, 白银时代
01507480, 8.4, 290, 秋
25750778, 9.4, 127, 坟
01092248, 7.3, 1049, 子夜
01090041, 8.0, 430, 余韵
03176285, 8.9, 183, 月牙儿
01045192, 8.4, 284, 林徽因文集・文学卷
25720724, 8.8, 198, 知堂回想录
01393371, 9.1, 152, 呐喊
03376749, 9.1, 152, 月牙集
01737440, 9.0, 161, 鲁迅小说全编
01843486, 7.6, 646, 浮城
01974032, 8.4, 266, 伪自由书
20383056, 8.0, 398, 旷野的呼喊
01214129, 8.3, 291, 巴金选集
01079603, 8.6, 219, 萧红小说
25788738, 8.4, 262, 现当代文学新论
05908165, 8.5, 237, 艺术与生活
25779684, 8.9, 168, 伍子胥
01274265, 8.7, 198, 离婚
01061965, 7.5, 697, 爱情的三部曲
06389910, 8.5, 234, 苦竹杂记
27114286, 7.9, 427, 鲁迅传
11614513, 7.5, 686, 重访边城
03507023, 8.5, 226, 鬼恋
01084285, 8.9, 161, 呼兰河传
01188435, 9.0, 142, 文学复古与文学革命
01981025, 8.0, 344, 寒夜
01112446, 8.6, 193, 现实主义的限制
20440632, 9.7, 86, 老舍全集（1-19卷）
04203156, 8.7, 176, 雷雨
03154493, 7.7, 475, 荷花淀
26644346, 8.3, 250, 林家铺子
02075635, 8.4, 226, 现代的诱惑
02982664, 8.2, 269, 巴金选集.第一卷.家
03052828, 7.4, 670, 孽海花
01119308, 8.1, 297, 小坡的生日
01810990, 8.1, 295, 白金的女体塑像
25778509, 8.8, 151, 而已集
04605595, 9.3, 104, 沈从文全集（修订本）（1-27卷+附卷）
02083770, 7.6, 483, 春桃
35006314, 7.8, 379, 骑士的献祭
01014263, 8.4, 207, 知堂文集
01253847, 7.6, 469, 上海屋檐下
02349102, 8.8, 145, 边城
03748437, 8.8, 145, 家
04187484, 8.8, 145, 故乡
01059955, 7.8, 359, 中国现代文学与现代性十讲
01012504, 8.8, 141, 秉烛谈
01392680, 8.4, 196, 公墓
25863547, 9.6, 80, 彷徨
01946859, 9.0, 118, 感谢生活
03071706, 7.5, 493, 潘先生在难中
03394350, 8.1, 253, 寒夜
03345601, 7.3, 634, 子夜
01105713, 8.4, 190, 画梦录
06970225, 9.1, 108, 中国新文学大系导论集
11587407, 7.7, 379, 过把瘾就死
02153594, 8.6, 154, 郁达夫小说集（上下）
26390567, 8.5, 165, 易经
01026157, 8.4, 179, 读书随笔（一集）
01227535, 8.6, 151, 何其芳：画梦录
03685854, 7.6, 399, 啼笑因缘
02287927, 7.6, 395, 春蚕
01027624, 8.7, 136, 而已集
27131053, 9.2, 94, 马伯乐
02375932, 8.8, 125, 汪曾祺代表作
06382868, 8.3, 189, 写实主义小说的虚构
01975274, 8.6, 146, 大小舞台之间
03345597, 7.3, 560, 蚀
30499336, 9.0, 107, 张爱玲庄信正通信集
27057746, 8.9, 115, 梦故乡
03482556, 7.6, 379, 迷羊
34468877, 9.7, 67, 城南旧事
06973677, 8.7, 131, 论小说十家
26238361, 9.3, 85, 汪曾祺小说自选集
03203666, 9.0, 103, 冯至十四行集
01392713, 8.3, 180, 商市街
05402225, 8.6, 139, 抒情与史诗
01315304, 8.2, 194, 湘女萧萧
01398393, 8.1, 212, 蝴蝶夫人
01658265, 8.4, 161, 南行记
05384904, 7.8, 277, 一曲难忘
01100152, 8.7, 122, 朝花夕拾·野草
01029934, 9.0, 96, 且介亭杂文末编
30262387, 8.0, 219, 把日子过得有趣
01528002, 8.5, 138, 李劼人代表作：死水微澜
01039368, 8.8, 107, 华盖集续编
03427210, 7.4, 402, 二月
30259167, 8.7, 114, 穆旦诗集
06509158, 8.3, 157, 废名·桥
01043142, 8.8, 105, 三闲集
26892912, 8.8, 104, 铁屋中的呐喊
01011688, 8.4, 142, 读书随笔(三集)
01435606, 8.7, 111, 冯至全集
01065127, 6.4, 1779, 女神
01028958, 8.3, 153, 母子君臣
01326821, 9.1, 82, 鲁迅小说全编
03351322, 9.0, 87, 现代如何“拿来”
01773445, 9.2, 75, 鲁迅全集
10545395, 8.7, 104, 风雨谈
01216329, 8.2, 155, 朝花夕拾
01084384, 8.7, 103, 南行记
26260292, 8.9, 89, 王小波散文精选
01326014, 9.0, 83, 鲁迅杂文精编
01010579, 8.4, 129, 蓦然回首
01070662, 9.6, 55, 中国新文学大系
06529006, 8.9, 85, 现实主义的限制
27030864, 8.8, 91, 骆驼祥子
03272532, 8.2, 145, 胭脂扣
02069552, 8.4, 121, 石秀之恋
01213315, 8.8, 89, 张爱玲小说
03000431, 8.3, 131, 穆时英全集（全3册）
01138871, 7.5, 285, 第四病室
01051827, 8.2, 142, 周作人研究二十一讲
01087903, 7.4, 312, 二月
01027207, 7.8, 200, 一个人的战争
02158924, 8.4, 114, 上海屋檐下(夏衍代表作)/中国现代文学百家
04167933, 8.5, 105, 废名作品新编
11587411, 7.6, 237, 绿化树
03464393, 7.6, 236, 华威先生
01275202, 8.3, 121, 鲁迅梁实秋论战实录
01061450, 9.0, 72, 缘缘堂随笔集
01495497, 8.3, 119, 十四行集
01067036, 7.7, 206, 林徽因小说：九十九度中
02083942, 8.4, 109, 九叶集
04023207, 8.1, 140, 中国现代小说流派史
01080364, 8.0, 153, 财主底儿女们
01469610, 7.4, 282, 断鸿零雁记
01409152, 8.9, 75, 秋夜
35017564, 8.3, 115, 于谦小酒馆
01120490, 8.1, 133, 中国现代文学批评史
01220866, 6.7, 675, 太阳照在桑干河上
10549687, 8.4, 102, 瓜豆集
03203552, 8.9, 71, 老舍剧作选
24752729, 9.5, 49, 野草
03182018, 8.6, 87, 废名选集
01105793, 7.5, 230, 望舒草
26418522, 8.9, 70, 鲁迅 救亡之梦的去向
06771974, 8.9, 69, 边城及其他
30136913, 9.2, 57, 四世同堂
03808986, 7.8, 164, 习惯死亡
01535590, 7.8, 163, 风雪夜归人
06389912, 8.4, 97, 苦雨斋序跋文
24845103, 7.8, 161, 木片集
02368736, 8.1, 122, 百合花
03136454, 8.1, 122, 秋海棠
01666406, 7.1, 334, 尝试集
01929971, 8.6, 78, 鲁迅杂感选集
01045412, 8.1, 115, 雨中的人生\:周作人人生随笔集
26299127, 9.4, 47, 中國現代小說史（新版）
01491188, 8.5, 83, 新诗十二讲
25792563, 9.0, 59, 鲁迅小说全集
03900558, 6.8, 472, 龙须沟
26899202, 8.5, 82, 古韵
01089478, 6.9, 406, 倪焕之
10737501, 8.7, 70, 施蛰存·心理小说
30468370, 9.5, 43, “新诗集”与中国新诗的发生（增订本）
26702511, 7.9, 131, 春风沉醉的晚上
24719012, 8.5, 80, 独醒者与他的灯
10545393, 8.4, 86, 秉烛谈
04022649, 9.2, 50, 老舍文集（第二卷）
26816170, 8.3, 91, 湘行散记
01105952, 8.4, 84, 南行记
01446761, 8.2, 98, 鲁迅、创造社与日本文学
01209395, 7.5, 185, 缀网劳蛛
01920996, 8.8, 63, 废名文集
11613690, 8.4, 83, 苦口甘口
01055356, 7.8, 136, 马原中篇小说选
10452432, 8.8, 62, 余华中短篇小说（6册）
01064990, 7.3, 224, 冰心小说
03245225, 7.3, 221, 灭亡
03601280, 8.9, 57, 谈新诗
01392648, 7.6, 159, 都市风景线
01086446, 7.8, 131, 包身工
26936163, 7.6, 157, 沉沦
26658311, 9.1, 49, 鲁迅散文诗歌全集
01946916, 8.2, 89, 雕花烟斗
01322228, 7.6, 150, 新文学的传统
01038684, 7.6, 145, 徐志摩传
01392695, 7.8, 120, 南北极
19986617, 7.8, 120, 春风沉醉的晚上
20427253, 8.6, 64, 过去的工作
01185856, 8.1, 92, 集外集拾遗
02013370, 8.8, 55, 纸人-殷健灵心灵成长小说
02066464, 7.3, 191, 中国现代文学史1917-2000（上）
27039251, 9.2, 43, 边城 湘行散记
05245538, 8.7, 58, 雷雨
01066339, 7.5, 153, 赵树理选集
01027258, 9.0, 47, 沈从文经典
01202366, 6.7, 383, 屈原
01005604, 8.2, 80, 草莽集
03132922, 8.6, 59, 慈禧前传
01105928, 8.4, 67, 雨天的书
06004597, 8.5, 62, 郁达夫作品新编
01326015, 8.7, 54, 鲁迅散文全编
01015891, 7.4, 152, 虹・幻灭
02055202, 9.0, 44, 老舍文集（第七卷）
03010623, 7.6, 124, 历史的崇高形象
04023220, 7.5, 135, 毕淑敏散文精选
19979601, 8.8, 49, 超值金版-萧红大全集
01154134, 7.6, 122, 晚清至五四
30266632, 8.5, 59, 珀金斯的帽子
26633002, 8.6, 55, 黑暗的闸门
01045773, 8.1, 77, 废名散文选集
03063107, 8.1, 77, 中国现代新诗与古典诗歌传统
10570708, 8.2, 71, 寒夜
20435287, 8.4, 61, 知堂乙酉文编
01337927, 8.5, 56, 欧阳予倩代表作
10343044, 8.3, 63, 盛宴
03719629, 7.8, 93, 新感觉派小说选
03075416, 9.0, 40, 论新诗现代化
01920055, 7.9, 84, 你我
26899218, 8.0, 77, 花之寺
06435159, 7.9, 83, 缀网劳蛛
02237379, 8.8, 44, 普实克中国现代文学论文集
11443354, 7.1, 178, 无情的雨夜
03071700, 7.3, 142, 斯人独憔悴
01958481, 8.3, 60, 新感觉派小说选
26004591, 9.1, 36, 所罗门的瓶子
04165742, 8.1, 68, 耻辱与恢复
25985259, 8.6, 48, 黑骏马
01718066, 8.0, 72, 李健吾代表作：这不过是春天
01798652, 7.6, 100, 洵美文存
03939188, 8.5, 50, 薄奠
04741094, 9.0, 37, 上海往事
10749208, 8.7, 44, 赶集·樱海集·蛤藻集
01935426, 7.6, 98, 霜叶红似二月花
02249953, 8.7, 43, 缘缘堂随笔集
11613689, 8.4, 52, 药堂杂文
01435102, 7.4, 116, 马识途文集2夜谭十记
10761269, 7.8, 81, 废名·田园小说
30175031, 7.7, 88, 雨天的书
01016844, 7.6, 96, 文学的周边
03677446, 8.8, 40, 漢園集
25931952, 9.2, 32, 沈从文小说选
20365373, 8.7, 42, 桥（手稿本）
10745811, 8.2, 58, 幽默小品集
03131573, 7.3, 124, 蚀
02369588, 8.3, 54, 白金的女体塑像·圣处女的感情
02990754, 8.9, 37, 自己的园地
03345583, 7.9, 72, 财主底儿女们（上下）
22788648, 7.7, 84, 郁达夫小说全集
03427222, 6.8, 212, 莎菲女士的日记 韦护
24738422, 7.3, 120, 林海雪原
04817400, 8.5, 46, 南渡记 东藏记 西征记
01262203, 8.8, 38, 艰难的选择
01801972, 7.9, 69, 赵树理精选集
01131047, 7.8, 74, 中国现当代文学作品选
25762638, 9.2, 30, 抒情中國論
33437083, 8.1, 58, 文本与阐释
02101472, 8.5, 44, 生的执着
02134801, 8.3, 50, 雅致人生
03119633, 6.9, 173, 她是一个弱女子
06430068, 8.1, 57, 七色魇
01929551, 7.0, 153, 暴风骤雨
27095005, 7.9, 66, 春风沉醉的晚上(郁达夫精选集)
30136619, 8.5, 43, 春风沉醉的晚上
01919859, 8.7, 38, 方舟 日子 只有一个太阳 上火
03201054, 9.0, 32, 老舍文集（第六卷）
03113740, 7.3, 109, 塔里的女人
01089540, 6.7, 213, 关汉卿
11534362, 8.2, 51, 鲁迅入门读本
03719630, 8.1, 54, 新月派诗选
05373476, 7.5, 87, 九十九度中
03233006, 8.4, 44, 不可能再遇上Anita梅艷芳
01737435, 7.4, 95, 茅盾精选集
01965441, 7.4, 95, 中国乡土小说史
26873527, 7.0, 140, 风声鹤唳
03029185, 8.0, 57, 中国现代诗导读
01057090, 7.8, 66, 郁达夫日记
01707926, 8.9, 32, 老舍文集（第八卷）
01535592, 6.9, 153, 尝试集
20493385, 7.9, 59, 中国现代文学作品精选（第三版）
30611100, 9.1, 28, 野草
01204795, 9.0, 29, 鲁迅选集(4)
03071710, 7.8, 62, 莎菲女士的日记
03201057, 9.1, 27, 老舍文集（第九卷）
05400143, 9.1, 27, 中国新诗总系（10卷）
01937483, 7.8, 60, 科尔沁旗草原
01450363, 8.5, 37, 中国民间文学研究的现代轨辙
03036632, 7.6, 69, 超越雅俗
25972325, 7.1, 109, 八骏图
10737504, 8.1, 47, 张天翼.讽刺小说
20435289, 8.1, 47, 老虎桥杂诗
01031905, 7.4, 81, 艾青诗选
10557471, 8.6, 34, 匆匆
19982765, 7.4, 80, 老张的哲学·猫城记
01392629, 8.1, 46, 石门集
06954088, 8.2, 43, 鲁迅：中国“温和”的尼采
26948462, 8.8, 30, 凤凰集
01089547, 8.0, 49, 在黑暗中
02355874, 7.6, 66, 中国现代诗导读（穆旦卷）
05450593, 8.5, 35, 何其芳作品新编
01213491, 7.3, 84, 啼笑因缘
01117159, 8.5, 34, 老舍选集(上下)
01024856, 7.6, 62, 微雨
04167930, 7.8, 53, 卞之琳作品新编
04286219, 7.7, 57, 二十世纪中国文学史（上册）
01672220, 9.3, 22, 二十世纪中国探索诗鉴赏(上下)
01365026, 9.1, 24, 四世同堂（上）
01873108, 7.2, 85, 欲说
03167314, 7.5, 65, 八十一梦
05264998, 8.9, 26, 徐志摩诗全集
04167935, 7.4, 70, 林徽因作品新编
02045585, 7.4, 69, 鲁迅九讲
01392694, 7.7, 54, 平屋杂文
26852399, 7.8, 50, 文体问题
01002295, 7.3, 75, 柚子
26904562, 9.3, 21, 骆驼祥子
26310694, 8.4, 33, 外面的风很冷
03099626, 7.9, 45, 杜涯诗选
26004595, 8.6, 29, 论小说十家
02064846, 6.5, 167, 玉梨魂
01875229, 8.3, 34, 记得当时年纪小
21241319, 8.4, 32, 1988年的背景音乐
03069382, 7.9, 44, 茅盾全集（第一卷）
02270872, 8.0, 41, 冬
01220998, 7.4, 64, 二战全景纪实（全二册）
03427173, 7.6, 54, 一个女人的悲剧
26213372, 8.3, 33, 鲁迅作品精华（选评本）
01184052, 7.6, 53, 中国现当代文学名著导读
01962550, 8.2, 34, 郁达夫小说全编（上下）
03264492, 8.1, 35, 鲁迅与竹内好
04842850, 6.8, 102, 北极风情画 塔里的女人
01084362, 8.0, 37, 玉君
03814860, 7.2, 67, 尝试集
25838110, 8.2, 32, 中国新诗讲稿
01927750, 8.8, 23, 鲁迅选集(3)
27171320, 7.6, 48, 子夜
24845099, 7.3, 61, 鲁迅小说里的人物
01559825, 9.2, 19, 师陀全集（第1卷上下）
25814701, 7.4, 56, 拾遗小笺
03427229, 7.2, 66, 李有才板话
06757024, 8.2, 31, 饥饿的郭素娥蜗牛在荆棘上
24721935, 8.0, 35, 中国现代文学编年史
01530704, 7.4, 54, 啼笑因缘
01974030, 7.1, 69, 集外集拾遗补编
34650113, 7.4, 53, 悬崖边的树
01801806, 7.6, 45, 春风沉醉的晚上
06981820, 7.1, 65, 耳光响亮
02102054, 7.6, 43, 中国现代文学经典1917-2000(二)
01014407, 7.4, 50, 啼笑皆非
01084360, 7.4, 50, 缀网劳蛛
01073231, 6.5, 120, 女神
26899221, 7.8, 37, 女人
01223731, 6.4, 132, 保卫延安
01011361, 8.8, 20, 中国现代文学名家经典文库（全40册）
03204052, 6.9, 72, 子夜
01495412, 8.2, 27, 蹇先艾代表作：水葬
01037100, 8.0, 30, 背影（1935年版本・原版珍藏）
20434864, 6.5, 106, 雾
03345559, 7.2, 52, 淘金记
20434882, 7.5, 41, 善女人行品
01084352, 6.8, 75, 海滨故人
24849598, 6.6, 91, 民国笑忘书
06900375, 7.6, 37, 怂恿  喜讯
04190776, 7.3, 46, 我与丁玲五十年
26899213, 7.7, 34, 红了的冬青
01105915, 8.0, 28, 速写三篇
03679087, 8.5, 21, 新月诗选
24298630, 7.1, 53, 周作人
01105328, 8.1, 26, 财主底儿女们（上、下）
02046931, 8.4, 22, 生人妻
01556064, 8.0, 27, 鲁彦短篇小说选
33218319, 8.0, 27, 现代性的想象
01535593, 7.5, 37, 烙印
01486311, 7.1, 50, 郁达夫小说
27594704, 8.5, 20, 朱湘诗全编
06012062, 8.7, 18, 茅盾《蚀》三部曲的历史分析
03161923, 6.7, 71, 高玉宝
01817784, 7.8, 29, 沈从文小说新论
07160846, 7.8, 29, 肖复兴散文100篇
01236744, 6.8, 63, 春天里的秋天
21993510, 7.9, 27, 文学史视阈的转换
26586864, 7.9, 27, 巴金精选集
03804236, 7.6, 32, 纸醉金迷
02075005, 7.8, 28, 中国现代文学经典1917-2000(三)
02322911, 8.8, 16, 王国维文集（上下部）
34436345, 8.8, 16, 中国新文学的源流
01965438, 6.7, 64, 新文学现实主义的流变
10493141, 7.6, 30, 天魔舞
26762593, 7.6, 30, 书写&#34;我乡我土&#34;
01079113, 7.6, 29, 记忆的神话
04264239, 7.9, 24, 中国现代诗学丛论
11624651, 7.9, 24, 许地山作品新编
01689317, 8.2, 20, 鼻涕阿二
01703140, 7.4, 31, 刘呐鸥小说全编
30218874, 6.9, 44, 超人·去国
03201109, 8.8, 14, 老舍论创作
01556165, 7.7, 24, 庐隐小说・何处是归程
11524071, 8.3, 17, 中国现代文学作品选读（上册）
25696120, 8.1, 18, 沉醉春风
03203551, 6.8, 42, 王统照短篇小说选集
03564830, 7.0, 35, 白薇作品选
01175113, 7.3, 28, 蜀道难·平沪通车
07046286, 8.4, 15, 路翎作品新编
04130550, 8.7, 13, 作家作品研究卷《中国现代文学研究丛刊》30年精编
03568928, 8.0, 18, Fictional Realism in 20th Century China
03448514, 7.0, 34, 暴风骤雨
02072567, 6.8, 40, 灭亡·新生
06797773, 6.8, 39, 在其香居茶馆里
01685307, 7.3, 26, 沙汀选集
01530290, 7.1, 29, 结婚
06731203, 7.5, 22, 中国现代文学史论
26775245, 7.3, 25, 搏击暗夜
05922246, 8.2, 15, 穆旦与中国新诗的历史建构
04060899, 7.9, 17, 都市风景线
01309268, 7.6, 20, 中国现代长篇小说名著版本校评
02382908, 8.0, 16, 红线盗盒
04245205, 8.4, 13, 郁达夫研究资料
20365375, 7.6, 19, 桥
06810542, 7.1, 26, 海滨故人
01535605, 7.6, 18, 风云初记
01084290, 7.2, 23, 谷
03599527, 6.4, 41, 冲击期化石
01584494, 7.9, 14, 历史汇流中的抉择
25904619, 7.5, 17, 青春万岁
01186461, 6.3, 41, 少年飘泊者
01438875, 8.0, 13, Questions of Style
26735714, 7.7, 15, 陈翔鹤选集
04721818, 8.6, 10, 中国现代文学期刊目录新编-全三册
01214128, 6.9, 24, 巴金选集（第5卷）
01593581, 7.0, 20, 20世纪中国文学与基督教文化
03104415, 6.6, 20, 少年漂泊者
26021752, 6.6, 19, 中国现代文学理论批评概念
02270598, 6.3, 22, 三探红鱼洞（上、下）
33437079, 6.1, 25, 细读的乐趣
01505938, 6.2, 19, 上帝的儿女们
30379627, 5.4, 34, 冲出云围的月亮 野祭
03900187, 4.6, 27, 短裤党
03203553, 0.0, 10, 丁玲文集 第一卷
04155232, 0.0, 10, 师陀研究资料
04266220, 0.0, 11, 冯文炳研究资料
