2020-07-05 15:59:54

number of books, tag name
967, 中国历史

ID, rating, votes, title
01041482, 8.9, 143749, 万历十五年
03674537, 9.1, 87784, 明朝那些事儿（1-9）
01873231, 8.7, 182705, 明朝那些事儿（壹）
01003479, 9.2, 43009, 中国历代政治得失
01949338, 8.9, 53038, 明朝那些事儿（贰）
20424526, 9.2, 29824, 邓小平时代
02052448, 8.9, 44031, 明朝那些事儿（叁）
03239549, 9.2, 26752, 夹边沟记事
01077847, 9.5, 16880, 史记（全十册）
07163250, 9.2, 21828, 明朝那些事儿
02253642, 8.8, 40156, 明朝那些事儿（肆）
03009821, 8.8, 36683, 明朝那些事儿（伍）
03626924, 8.9, 30843, 明朝那些事儿（柒）
03274113, 8.8, 31101, 明朝那些事儿（陆）
01981042, 9.1, 19318, 万历十五年（增订本）
10471333, 9.0, 19513, 叫魂
01858410, 9.0, 19293, 万历十五年
01046492, 9.3, 12142, 國史大綱（上下）
01139360, 9.3, 9400, 毛泽东选集 第一卷
01675478, 9.1, 10699, 天朝的崩溃
01476213, 9.4, 6171, 中國近代史（上冊）
10434849, 9.3, 6772, 中国历代政治得失
30414743, 8.7, 14583, 显微镜下的大明
11229072, 9.4, 5445, 中国历代政治得失
01836555, 9.5, 4565, 史记
03079029, 8.7, 12314, 大秦帝国
10758290, 9.4, 4375, 东晋门阀政治
01015699, 8.2, 25003, 中国大历史
20440053, 9.5, 3772, 南京大屠杀
02376486, 8.9, 7268, 中国近代史
01014763, 9.3, 4235, 三国志（全五册）
01072295, 9.4, 3722, 資治通鑑（全二十冊）
25935941, 9.4, 3633, 天朝的崩溃（修订版）
25893465, 9.1, 5171, 万历十五年
19920715, 8.6, 10163, 论中国
01025723, 8.3, 15891, 潜规则
02029680, 9.5, 2631, 资治通鉴
01060025, 8.8, 5888, 中国近代史
01982427, 9.1, 3786, 大明王朝1566
01012561, 8.6, 7331, 上下五千年
02032141, 9.0, 4122, 陈寅恪魏晋南北朝史讲演录
01926289, 9.3, 2751, 三国志
24851460, 8.6, 6799, 历代经济变革得失
01037060, 8.6, 6754, 曾国藩（上中下）
01269182, 8.7, 5665, 叫魂
25912076, 9.2, 2946, 叫魂
01823751, 9.0, 3738, 中国近代史
06533042, 9.2, 2908, 南明史
26418524, 9.0, 3677, 万历十五年
01000280, 8.5, 7247, 袁氏当国
02747765, 9.0, 3616, 中国古代文化常识
20473505, 8.7, 5288, 山月记
01006560, 8.2, 10934, 血酬定律
01125026, 9.3, 2401, 毛泽东选集 第二卷
01076378, 9.1, 2989, 传统十论
01427825, 8.5, 6650, 中国人史纲（上中下）
26377063, 9.5, 1812, 魏晋之际的政治权力与家族网络
02133254, 8.1, 11423, 流血的仕途
03289274, 9.1, 2532, 万历十五年
30377678, 8.6, 4799, 曾国藩传
27007549, 8.4, 6358, 中央帝国的财政密码
25938605, 8.6, 4688, 天国之秋
10797092, 8.6, 4516, 蒋介石与现代中国
04903692, 9.1, 2304, 东京梦华录
01017795, 9.6, 1325, 隋唐制度渊源略论稿 唐代政治史述论稿
01055304, 9.6, 1325, 中国历史地图集（全八册）
03707886, 8.9, 2872, 中国通史
05372471, 9.2, 1967, 党员、党权与党争
10472702, 8.2, 7326, 重说中国近代史
01224279, 9.2, 1932, 中国法律与中国社会
20433554, 9.2, 1886, 关山夺路
01030503, 9.2, 1851, 东晋门阀政治
11636077, 8.4, 5087, 饥饿的盛世
26771878, 9.2, 1834, 中国通史
06790302, 9.8, 988, 资治通鉴
03580750, 8.2, 6586, 潜规则（修订版）
06311230, 9.4, 1421, 秦汉魏晋史探微
01055347, 9.1, 1949, 中国史纲
01425075, 8.7, 3173, 大秦帝国·第一部 黑色裂变（上、下）
26021455, 9.5, 1247, 中国古代文化常识（插图修订第4版）
04146127, 9.6, 1101, 春秋左传注（全四册）
10575976, 8.7, 2963, 中国近代史
34433981, 8.3, 5119, 汴京之围
01107841, 9.1, 1815, 战国策
27003014, 7.5, 19504, 半小时漫画中国史（修订版）
01041893, 9.2, 1558, 南京大屠杀
01463256, 8.3, 4673, 大明王朝的七张面孔
01029723, 9.3, 1333, 汉书（全十二册）
01805764, 8.6, 2965, 宫女谈往录
01050175, 8.1, 5972, 赫逊河畔谈中国历史
05922204, 8.3, 4412, 曾国藩的正面与侧面
26747700, 9.0, 1741, 撒马尔罕的金桃
01051231, 8.4, 3658, 黄河青山
02118743, 8.6, 2762, 银元时代生活史
03409620, 9.1, 1499, 东周列国志
01374626, 8.9, 1866, 袁氏當國
01050929, 8.6, 2672, 隐蔽的秩序
06004630, 9.3, 1172, 国史大纲（上下册）
03522118, 9.5, 949, 资治通鉴（全四册）
01016864, 8.9, 1800, 士与中国文化
06980818, 8.6, 2540, 浩荡两千年
03901238, 7.5, 14247, 历史是个什么玩意儿1
01485628, 7.9, 6995, 毛泽东传
01277267, 8.6, 2455, 国史新论
26427101, 9.3, 1099, 历史三调
01491537, 8.9, 1666, 近代中国社会的新陈代谢
25914783, 9.7, 728, 你好小朋友
34431806, 9.0, 1469, 失败者的春秋
01009529, 8.8, 1826, 毛泽东、斯大林与朝鲜战争
26603137, 9.1, 1295, 危机与重构
01337448, 9.0, 1445, 简明中国历史地图集
01506961, 8.4, 2935, 西行漫记
06878988, 8.9, 1569, 明朝那些事儿·第1部
25870991, 8.3, 3309, 曾国藩的正面与侧面
05906321, 9.2, 1072, 开放中的变迁
01034470, 9.0, 1323, 柳如是别传（全三册）
03787085, 8.5, 2398, 三国史话
01057653, 8.7, 1856, 草原帝国
03117247, 9.0, 1304, 中国古代思想史论
04827310, 8.8, 1622, “中间地带”的革命
20389202, 7.7, 7631, 唐朝穿越指南
27591495, 8.6, 2032, 万古江河
01039126, 8.9, 1410, 剑桥中国晚清史（上下卷）
34501169, 8.4, 2598, 简读中国史
01069724, 8.7, 1769, 晚清七十年
26305373, 9.4, 819, 慈禧全传
26392466, 8.3, 2757, 从晚清到民国
01044979, 9.0, 1170, 天朝的崩溃
03391717, 8.1, 3603, 中国好人
06895949, 9.2, 929, 联合政府与一党训政
03794107, 9.3, 836, 中国史纲
26742784, 8.3, 2649, 饥饿的盛世
03223586, 8.5, 2025, 中国人史纲（上下）
03746915, 9.7, 567, 资治通鉴
01441901, 9.0, 1121, 万历十五年
26419408, 9.2, 903, 清代旅蒙商述略
01030526, 8.9, 1224, 中国文化史导论
01253538, 8.7, 1510, 剑桥中华民国史（上卷）
33436921, 8.8, 1339, 战国歧途
05988185, 8.3, 2475, 宅兹中国
06902246, 8.9, 1187, 明朝那些事儿·第2部
01270509, 8.9, 1168, 中国史学名著
10796986, 9.2, 848, 魏晋之际的政治权力与家族网络
01315258, 9.1, 937, 中国古代服饰研究
26700745, 8.4, 2096, 南渡北归
01065335, 9.1, 920, 朱熹的历史世界
25760457, 8.7, 1411, 三案始末
30147582, 9.1, 907, 近代中国社会的新陈代谢
02713409, 8.9, 1111, 国民党的“联共”与“反共”
05906312, 8.7, 1389, 兴盛与危机
01041622, 9.2, 808, 后汉书（全十二册）
01022938, 8.4, 1968, 中国历史研究法
01025931, 9.2, 774, 南明史
30206117, 7.4, 8892, 半小时漫画中国史2
10597973, 8.2, 2389, 旧山河
06779397, 9.6, 506, 史记
01034847, 8.5, 1580, 美国与中国
07000811, 9.5, 547, 国史大纲（上下新校本）
01191433, 7.6, 5720, 我的前半生
30206893, 9.7, 456, 中国历代政治得失
25660928, 9.7, 454, 史记（点校本二十四史修订本）
34869500, 8.6, 1368, 被统治的艺术
01139065, 9.0, 875, 党员、党权与党争
03640150, 8.0, 2988, 血酬定律
06902245, 8.8, 1077, 明朝那些事儿·第3部
01132689, 8.7, 1205, 洪业
06902242, 9.0, 867, 明朝那些事儿·第7部
30232294, 7.5, 6583, 半小时漫画中国史3
05277994, 8.6, 1346, 宫女谈往录
26957420, 8.7, 1189, 临高启明
06797768, 8.4, 1688, 一寸河山一寸血 1
26817050, 9.3, 631, 治史三书
01446867, 9.2, 694, 两晋南北朝史（上下）
03923369, 9.0, 847, 中华人民共和国建国史研究1
01052968, 8.9, 940, 剑桥中华人民共和国史（下卷）
01010189, 9.6, 472, 金明馆丛稿初编
10740958, 8.8, 1025, 剑桥中国史（全十册）
01042070, 8.5, 1447, 历史的经验
30386618, 9.2, 671, 长安与河北之间
10532828, 9.4, 552, 隋唐制度渊源略论稿 唐代政治史述论稿
25844017, 8.5, 1408, 讲谈社·中国的历史（十卷本）
01005047, 8.7, 1112, 剑桥中华人民共和国史（上卷）
02140283, 8.2, 2030, 国破山河在
01047001, 8.1, 2313, 资本主义与二十一世纪
24316409, 8.3, 1746, 忍不住的“关怀”
10825612, 8.6, 1197, 近代中国社会的新陈代谢
04767483, 8.7, 1065, 中国通史
26791320, 8.4, 1513, 哇，历史原来可以这样学1
01834541, 8.8, 946, 柏杨白话版资治通鉴 第一辑
01280568, 8.8, 939, 毛泽东与莫斯科的恩恩怨怨
01825043, 8.9, 843, 明史讲义
06810086, 9.2, 613, 朱熹的历史世界
27045982, 9.4, 505, 天朝的崩溃
06902243, 8.7, 1018, 明朝那些事儿·第4部
02347492, 8.2, 1861, 蒙曼说唐：武则天
01172077, 9.1, 663, 秦汉魏晋史探微（重订本）
01427450, 9.0, 732, 白话本国史
01056883, 9.3, 545, 读通鉴论（上中下册）
26602453, 8.7, 1001, 战国歧途
02299164, 7.9, 2741, 帝国的终结
26334500, 8.3, 1561, 说中国
25748848, 9.0, 707, 华夏边缘：历史记忆与族群认同（增订本）
01010512, 8.7, 969, 1901年
02261243, 9.1, 636, 汉书
26847586, 8.5, 1212, 哈佛中国史（全六卷）
26274949, 8.3, 1532, 昨天的中国
03432401, 7.9, 2622, 苦难辉煌
25957263, 9.7, 366, 史记（全十册）
02191536, 9.1, 623, 资治通鉴-(柏杨白话版)(全九辑三十六册)(双盒装)
01207500, 8.8, 846, 布局天下
04248275, 8.6, 1043, 革命与反革命
01006419, 8.5, 1170, 十六世纪明代中国之财政与税收
25879507, 8.9, 752, 五四运动史
01012929, 9.4, 462, 二十四史
03662567, 9.2, 551, 近代中国史纲
26303324, 9.2, 551, 万历十五年（最新增订本）
06902244, 8.7, 916, 明朝那些事儿·第5部
20516442, 9.4, 457, 中国青铜时代
04086800, 9.6, 384, 陈寅恪集
25778846, 8.2, 1636, 易中天中华史：百家争鸣
26368070, 8.0, 2131, 秦崩
01477774, 8.8, 805, 剑桥中华民国史（下卷）
01921420, 8.9, 725, 战国策
26022213, 8.6, 1000, 历史深处的民国 壹 晚清
01014192, 8.5, 1121, 剑桥中国隋唐史
26882283, 8.9, 721, 历代经济变革得失（典藏版）
01314467, 9.6, 375, 读史方舆纪要
30187217, 8.0, 2092, 宋徽宗
01064387, 8.4, 1231, 中国人史纲
26865333, 8.4, 1218, 中国1945
30132713, 9.0, 628, 讲给大家的中国历史01
03423098, 8.6, 941, 波峰与波谷
01076013, 8.9, 680, 明史（全二十八册）
05254242, 8.0, 1966, 嗜血的皇冠
03833335, 7.8, 2603, 两宋风云
33391323, 9.3, 456, 五四运动史
01421029, 7.5, 4130, 帝国的惆怅
01116205, 8.9, 668, 晋书（全十册）
01801407, 8.3, 1256, 苦命天子
10539156, 8.2, 1412, 绚烂的世界帝国：隋唐时代
27666002, 9.0, 577, 品三国
06791427, 7.8, 2432, 帝国最后的荣耀
25788139, 9.4, 396, 北平历史地理
26992823, 8.7, 778, 波峰与波谷
02567326, 8.1, 1583, 从大历史的角度读蒋介石日记
26803736, 9.4, 390, 国史大纲
25819260, 8.2, 1355, 易中天中华史
25828759, 8.0, 1760, 中华的崩溃与扩大： 魏晋南北朝
26042406, 7.9, 2000, 易中天中华史：三国纪
06879501, 8.8, 674, 明朝那些事儿 第1部（图文精印版）
01063540, 8.3, 1163, 中华帝国晚期的叛乱及其敌人
06794170, 8.7, 737, 明朝那些事儿·第6部
05403729, 9.7, 294, 三国志（上下册）
26791323, 8.4, 1022, 哇，历史原来可以这样学2
01796672, 8.2, 1255, 万古江河
01253638, 8.3, 1108, 剑桥中国秦汉史
01265468, 9.3, 394, 廿二史札记校证（上下册）
05392430, 9.5, 327, 魏晋南北朝史论丛
26377294, 8.3, 1081, 坐天下
34833419, 7.7, 2410, 半小时漫画中国史4
02058145, 8.0, 1571, 王立群读《史记》之汉武帝
25839998, 9.1, 459, 传统十论
05253517, 8.1, 1370, 大逃港
24522663, 7.5, 3160, 易中天中华史：祖先
01044347, 9.1, 447, 走向共和（上中下）
26657935, 8.6, 733, 历史深处的民国
01289247, 8.7, 659, 戊戌变法史事考
26612973, 7.9, 1701, 易中天中华史:隋唐定局
01451580, 8.2, 1130, 雍正王朝
03924388, 8.1, 1280, 解放战争（上）（1945年8月—1948年9月）
06440640, 9.4, 332, 清代地方政府
10483002, 8.5, 788, 中国人史纲（全两册）
01427476, 8.9, 518, 秦汉史
02255277, 9.1, 427, 魏晋南北朝史札记
27150794, 8.3, 980, 如果历史是一群喵
03525645, 7.9, 1617, 蒙元入侵前夜的中国日常生活
20481426, 8.5, 767, 处在十字路口的选择
26368072, 7.9, 1601, 楚亡
06854982, 9.0, 459, 《春秋》与“汉道”
03923370, 8.7, 615, 中华人民共和国建国史研究2
34893711, 9.8, 232, 将无同
06750187, 7.6, 2422, 王氏之死
24371383, 7.7, 2083, 中国国民性演变历程
02138608, 8.7, 606, 中国社会中的宗教
28135034, 8.1, 1195, 南北战争三百年
06015870, 8.1, 1194, 雍正王朝之大义觉迷
05343931, 8.6, 667, 中国通史（上下册）
24522666, 7.5, 2788, 易中天中华史：国家
25849160, 8.3, 933, 中国艺术史
26314773, 8.7, 599, 袁氏当国
06984992, 8.7, 598, 张力与限界
01058245, 7.7, 2016, 帝国政界往事
01069301, 8.4, 814, 在中国发现历史
01776851, 8.9, 479, 中国共产党成立史
26755822, 9.4, 305, 中国近代史（彩图增订本）
02040853, 7.8, 1702, 紫禁城的黄昏
01011290, 8.2, 1007, 中华上下五千年
03127122, 7.8, 1691, 公主之死
25719688, 8.2, 1003, 中国经济史
30181646, 8.8, 518, 游牧者的抉择
02382863, 9.1, 381, 六朝贵族制社会研究
26136469, 8.8, 503, 祖宗之法
01061155, 8.3, 853, 中国官僚政治研究
01023084, 8.3, 852, 大门口的陌生人
05392437, 9.3, 315, 魏晋南北朝隋唐史三论
02273650, 9.2, 343, 后汉书
01134086, 8.7, 549, 中国文化与中国的兵
10532831, 9.3, 314, 中国近百年政治史
06856131, 8.0, 1218, 民国风度
01008176, 8.6, 605, 魏晋南北朝史
01315921, 9.1, 371, 古史辨自序
26614948, 9.1, 371, 中国古代简史（第二版）
01025137, 7.9, 1380, 放宽历史的视界
30190228, 7.8, 1576, 年羹尧之死
01014006, 8.8, 486, 中国近三百年学术史（全两册）
01772151, 8.8, 486, 翻身
25903866, 7.7, 1791, 唐朝定居指南
03521804, 8.4, 735, 张居正大传
21452652, 8.5, 656, 黑洞
10435397, 8.6, 585, 中国历史精神
04838107, 8.1, 1031, 新宋
01034248, 8.7, 526, 雍正传
02010704, 8.7, 526, 剑桥中国辽西夏金元史
03787198, 9.0, 393, 明史讲义
26692605, 7.9, 1323, 大明王朝的七张面孔
30302919, 9.6, 236, 拓跋史探
01437607, 8.9, 428, 中国近百年政治史
27945076, 7.7, 1731, 历史的温度2
25902867, 7.8, 1503, 易中天中华史：汉武的帝国
34788663, 9.6, 235, 传统十论
01959134, 8.2, 898, 中国皇帝的五种命运
26782702, 8.3, 798, 何以中国
06860955, 7.6, 1972, 太平天国
26917969, 9.3, 292, 华杉讲透《孙子兵法》（修订版）
26704698, 8.4, 694, 易中天品三国
26290480, 8.5, 619, 历史深处的民国 贰 共和
01043650, 8.7, 502, 中国历史研究法
26851892, 8.5, 609, 哈佛中国史06•最后的中华帝国：大清
01427558, 8.8, 437, 先秦史
21405316, 8.1, 934, 龙床
01232523, 8.4, 659, 中国：传统与变迁
27141314, 8.8, 435, 明朝那些事儿 第1部朱元璋从和尚到皇帝（增补版）
01013253, 8.2, 822, 细说宋朝
27001225, 9.2, 300, 暮日耀光
02173201, 8.2, 816, 停滞的帝国
01001057, 8.4, 649, 龙旗飘扬的舰队
24530428, 7.6, 1786, 许倬云说历史：台湾四百年
25986743, 9.0, 356, 中国通史（上下册）
26860143, 7.8, 1345, 易中天中华史  第十七卷：大宋革新
26854269, 7.7, 1536, 雍正帝
26848651, 9.0, 354, 从历史中醒来
25756932, 7.4, 2402, 两个故宫的离合
03191866, 8.1, 904, 杜甫的五城
03518433, 8.1, 902, 毁灭的种子
02082163, 8.2, 798, 开卷有疑
01019945, 8.3, 711, 拉贝日记
05394453, 8.9, 384, 历史是造物主写的小说 第一部
26883500, 8.9, 384, 在历史中寻找中国
26298766, 7.5, 2019, 易中天中华史：魏晋风度
01825044, 8.9, 380, 清史讲义
23774456, 8.1, 886, 周恩来传
01057226, 8.2, 774, 伟大的中国革命
25867690, 7.7, 1464, 易中天中华史：秦并天下
03082942, 8.8, 409, 唐代基层文官
26699810, 7.7, 1454, 易中天中华史：禅宗兴起
02298352, 8.6, 488, 西周的灭亡
33454876, 8.0, 956, 中央帝国的军事密码
26413582, 8.9, 364, 大棋局中的国共关系
26467045, 8.5, 538, 中国历史地理十五讲
20516438, 8.2, 746, 人有病天知否
01283292, 8.1, 832, 国殇
25790421, 8.1, 822, 红雨
26988219, 8.6, 474, 洪业
01060962, 8.8, 384, 舊唐書（全十六冊）
26476950, 7.9, 1023, 制造汉武帝
25792791, 9.1, 289, 中国政治制度史纲
25891574, 9.1, 289, 甲午海战
01321897, 8.0, 893, 岁月台湾
03181961, 7.6, 1518, 朱元璋传
01480858, 9.1, 287, 吕思勉读史札记
01962573, 8.6, 456, 剑桥中国明代史（下卷）
01876864, 8.7, 412, 祖宗之法
26357810, 7.6, 1506, 易中天中华史:南朝，北朝
01003828, 8.6, 449, 中国思想传统的现代诠释
34712156, 8.9, 337, “山中”的六朝史
34982927, 8.7, 406, 五万年中国简史（全2册）
26607789, 8.1, 771, 宫崎市定中国史
03272882, 8.0, 868, 王立群读《史记》之秦始皇（上）
03665980, 9.0, 306, 从甲午到戊戌
26961138, 9.6, 188, 姚著中国史
26584021, 9.1, 279, 革命年代
24859453, 7.4, 1956, 这个历史挺靠谱
01097745, 8.2, 671, 中国转向内在
03787082, 8.8, 361, 中国历史研究法
04044679, 8.4, 534, 贾志刚说春秋之二
11601196, 9.2, 251, 中国史纲
26987694, 7.7, 1235, 易中天中华史·第十八卷:王安石变法
33443912, 9.4, 213, 黎东方讲史之续·细说宋朝
26841713, 8.1, 739, 易中天中华史：三国纪
34670250, 8.4, 527, 中国文化课
34781358, 8.2, 655, 史记的读法
27119301, 9.1, 270, 正统与华夷
06852927, 9.4, 210, 中国政治思想史
01032760, 8.8, 348, 战国史
24742626, 8.9, 316, 中国近代史
06827961, 8.7, 378, 1911
01446869, 8.9, 314, 隋唐五代史（上下）
25720918, 8.0, 803, 统一与分裂
26840507, 8.2, 632, 哈佛中国史04•儒家统治的时代：宋的转型
04726886, 9.1, 262, 走出帝王陵
02173528, 9.2, 241, 編戶齊民
30289543, 8.1, 705, 龙
03335643, 8.0, 792, 中国历史风云录
25791053, 8.9, 309, 大汉帝国在巴蜀
02298552, 8.6, 408, 中国史学入门
26838168, 7.9, 889, 哈佛中国史01•早期中华帝国：秦与汉
01000364, 8.7, 370, 新唐书（全二十册）
25837958, 8.0, 785, 曹寅与康熙
01476494, 9.1, 258, 怎样学历史
26676661, 8.4, 497, 从黄河文明到“一带一路”.第1卷
30296126, 9.3, 217, 历史的沸点II
04211237, 9.7, 160, 中国历史地图集 1-8册
30277466, 8.2, 608, 南宋行暮
26977116, 9.8, 149, 春秋左传注(修订本)
06081357, 8.6, 398, 1901
10553731, 7.6, 1284, 中国思想与宗教的奔流：宋朝
20473479, 8.9, 300, 建元与改元
27012065, 8.2, 604, 秦汉帝国
26848828, 9.1, 252, 战国史
25828065, 8.5, 438, 中国政治二千年
11232882, 8.9, 299, 革命（全四册）
25828722, 7.7, 1108, 三国志的世界：后汉 三国时代
04248139, 8.5, 431, 唐代藩镇研究
03782155, 8.7, 352, 印度对华战争
33393524, 7.5, 1418, 青年变革者
06732223, 9.3, 206, 壹玖壹壹
06756124, 8.5, 419, 危险的边疆
01048771, 8.4, 462, 长征
01278703, 8.5, 413, 中华帝国晚期的城市
01577735, 9.6, 162, 续资治通鉴长编（全二十册）
30486966, 8.4, 453, 孔子大历史
26838266, 8.1, 627, 哈佛中国史05•挣扎的帝国：元与明
03402992, 8.0, 703, 历史大脉络
01271411, 8.5, 404, 六至九世纪中国政治史
26359335, 8.5, 403, 中国与中国人影像（增订版）
01025576, 7.9, 777, 中国史学入门
01870759, 8.0, 683, 东周战争与儒法国家的诞生
01061239, 7.1, 2448, 正说清朝十二帝
01270592, 8.8, 298, 中国史稿地图集（上册）
30238504, 7.8, 871, 发现东亚
01290266, 9.2, 211, 林汉达中国历史故事集
03071235, 7.1, 2422, 如果这是宋史
26827219, 8.5, 392, 大秦帝国
03993370, 9.2, 209, 品位与职位
04210829, 7.0, 2839, 蒋介石传
01262807, 8.1, 593, 皇帝与秀才
01146528, 8.8, 289, 宋论
01279947, 8.8, 289, 州县官的银两
01397886, 8.4, 423, 西游记与中国古代政治
34784867, 8.3, 468, 南京传
26865815, 7.6, 1082, 海昏侯刘贺
05917239, 7.6, 1081, 康熙：重构一位中国皇帝的内心世界
01171967, 8.8, 284, 袁世凯评传（上下）
20516976, 7.8, 813, 海与帝国：明清时代
25828590, 7.7, 914, 始皇帝的遗产：秦汉帝国
01313715, 8.4, 407, 春秋史
04582330, 8.6, 334, 西周的政体
03741483, 8.0, 628, 大动乱的年代
26249394, 8.1, 559, 帝国的终结
02042216, 9.0, 232, 毛泽东选集（第一卷）
03219109, 8.9, 252, 中国震撼世界
23780845, 8.3, 446, 大明王朝的七张面孔2
26954784, 7.6, 1020, 中华帝国的衰落
20516973, 7.5, 1171, 从神话到历史：神话时代、夏王朝
26891290, 7.7, 889, 哈佛极简中国史
30306978, 8.5, 359, 讲给大家的中国历史02
27593511, 8.8, 268, 先秦诸子
06894467, 7.2, 1797, 血腥的盛唐
03078887, 8.4, 391, 中国：传统与变迁
04747434, 8.7, 292, 宅兹中国
34461617, 8.5, 348, 清代的案与刑
03620169, 8.9, 241, 体国经野之道
06806579, 9.7, 131, 资治通鉴
26422141, 8.3, 421, 何草不黄
26879918, 8.2, 466, 温故一九四二
01597252, 9.1, 200, 二十四史全译1-88
26665644, 8.8, 257, 国民党的“联共”与“反共”
26823911, 7.3, 1435, 易中天中华史：安史之乱
03031727, 9.3, 169, 中国货币史
25718747, 8.3, 409, 李鸿章传
03753913, 8.2, 450, 国史十六讲
26302851, 9.2, 180, 中国通史（彩图珍藏版）
01559571, 8.3, 401, 汉帝国的建立与刘邦集团
04293231, 9.3, 166, 骆驼祥子
26933864, 9.4, 154, 没有回家的士兵
01011323, 8.4, 361, 曹操传
26694140, 7.6, 909, 晚清最后十八年
01270577, 9.1, 193, 戰國策（上下）
26878735, 8.0, 548, 中国国民性演变历程
30260384, 8.2, 439, 制造汉武帝（增订本）
01069473, 9.2, 176, 中国古史的传说时代
01465795, 7.6, 888, 天公不语对枯棋
04915729, 9.2, 175, 史记（全九册）
01049165, 8.6, 290, 留美幼童
30406745, 9.3, 161, 三国兵争要地与攻守战略研究
33411668, 8.5, 317, 马背上的朝廷
26756377, 7.2, 1557, 易中天中华史：女皇武则天
02976744, 8.5, 315, 若干重大决策与事件的回顾（上下）
26249395, 7.8, 672, 帝国的惆怅
01777763, 8.3, 382, 中华上下五千年
01024528, 8.5, 313, 清史稿(全四十八册)
27054319, 8.7, 258, 宗子维城
10769906, 9.0, 198, 中国历史通论
01421089, 9.2, 169, 近代中国史纲
03067210, 8.8, 234, 中国历史上的基本经济区与水利事业的发展
26865561, 9.0, 196, 星空帝国
10426968, 9.2, 167, 中国近代史
30187802, 9.2, 167, 大秦帝国·黑色裂变
27096544, 9.5, 134, 明朝那些事儿全集 : 图文增补版全9册（新版）
26802446, 8.5, 299, 从黄河文明到一带一路第2卷
01795056, 8.4, 325, 方言与中国文化
26848827, 9.1, 175, 西周史
06954443, 8.4, 322, 告别皇帝的中国
26790937, 9.0, 188, 我的回忆（第一册）
26838691, 7.9, 545, 易中天中华史 第九卷：两汉两罗马
32567709, 8.1, 434, 五四的另一面
03991955, 8.2, 390, 最早的中国
04933054, 8.4, 315, 读罢春秋不成歌
26897412, 9.4, 136, 中苏关系史纲
06124240, 8.6, 259, 歧途哭返说战国
02173194, 8.7, 236, 中国文化史（上下）
01351151, 9.1, 168, China Marches West
20386240, 9.1, 168, 中国历代战争史（第1册）
20513038, 7.4, 992, 大汗之国
03435830, 7.6, 753, 悠悠南北朝
26770151, 8.3, 338, 中国近代史
01017931, 8.7, 232, 明史讲义
26835573, 7.8, 583, 易中天中华史 第八卷：汉武的帝国
30302913, 9.3, 143, 商文明
03009401, 8.3, 335, 中國通史
30244582, 8.3, 335, 如果历史是一群喵2·春秋战国篇
25806559, 8.4, 302, 血酬定律
03410734, 8.9, 193, 从爵本位到官本位
05403728, 9.2, 152, 史记（全四册）
04885195, 8.3, 329, 国史概要
03050620, 9.2, 151, 魏晋南北朝隋唐史三论
06390063, 8.8, 206, 唐代中层文官
10557529, 7.4, 943, 许倬云说历史：大国霸业的兴废
30306986, 8.5, 268, 讲给大家的中国历史03
01161601, 8.4, 294, 宋史（全四十册）
26256572, 8.5, 266, 上下五千年--珍藏版
26184836, 7.9, 493, 朱雀
23779370, 9.2, 148, 读通鉴论
06401124, 8.6, 241, 中国历史精神
30419022, 9.3, 137, 中国文化常识（精装珍藏版）
30203534, 7.4, 909, 易中天中华史：铁血蒙元
01028925, 8.3, 315, 中国文明起源新探
24838223, 7.9, 482, 皇上走了
01063837, 8.5, 259, 隋唐五代史（上下）
26738991, 7.8, 533, 易中天中华史：奠基者
26655980, 7.8, 532, 顽疾
06729761, 7.7, 600, 我想重新解释历史
26979889, 8.0, 421, 中国通史
01039510, 8.8, 194, 中国历史纪年表
01444195, 8.7, 211, 北朝村民的生活世界
34982925, 8.2, 335, 五万年中国简史（上）
25980792, 7.7, 582, 从华夏到中国
01926856, 9.7, 99, 三国志集解
03014707, 9.1, 150, 前后汉故事新编
26842753, 7.3, 969, 易中天中华史：魏晋风度
06397532, 8.3, 296, 西周史
03360630, 7.8, 497, 宋史十讲
26738981, 7.4, 808, 易中天中华史 第一卷：祖先
26985065, 8.9, 168, 君主与大臣
01845499, 7.4, 804, 纵横十六国
30309815, 9.1, 143, 从舞台边缘走向中央
01490542, 9.4, 115, 中国古代史读本
34783968, 8.7, 194, 蒋介石的战略布局（1939-1941）
01460080, 8.8, 177, 隋唐史
03875719, 8.8, 177, 中国古代战争的地理枢纽
11528957, 8.8, 177, 国史新论
01220840, 7.5, 675, 1949年
01038619, 8.6, 206, 梁书（全三册）
26838816, 8.6, 206, 易中天中华史·第三部
01493085, 8.5, 224, 从革命到政治
01433911, 8.8, 173, 唐代长安与西域文明
29965219, 7.2, 998, 风流南宋
33479022, 9.2, 127, 裂国·定长安
03998143, 9.9, 80, 中国古代史概要一览图
25828767, 7.4, 742, 末代王朝与近代中国：清末 中华民国
26986711, 9.3, 117, 中国政治制度史纲
20399478, 8.7, 185, 拓边西北
26586495, 8.8, 170, 隐公元年
02270995, 7.5, 646, 悠悠南北朝
34992172, 8.1, 322, 宋仁宗：共治时代
25836317, 8.8, 168, 黎东方讲史之续·细说宋朝
01909748, 7.5, 636, 中国史纲要
25819927, 8.7, 182, 明清之际士大夫研究
01051004, 7.7, 495, 剑桥插图中国史
11603580, 8.5, 216, 历朝通俗演义
30306994, 8.5, 216, 讲给大家的中国历史04
26881055, 8.3, 259, 中国简史
03082400, 8.9, 153, 廿二史札记
19894446, 8.0, 347, 明末农民战争史
03358492, 8.8, 164, 李鸿章与北洋舰队
26818029, 7.5, 616, 易中天中华史：秦并天下
34466273, 8.1, 308, 南渡君臣
26583998, 8.0, 340, 利玛窦的记忆宫殿
10435585, 8.1, 305, 明末农民战争史
25788989, 8.1, 305, 遗失在西方的中国史
26577686, 8.9, 149, 中国妇女生活史
01073656, 8.7, 175, 经历
34869664, 8.2, 275, 从“天下”国家到民族国家
02251772, 8.9, 147, 北方民族史十论
02041304, 7.6, 524, 岳飞传
26609051, 8.1, 299, 明代的漕运
25733363, 9.0, 135, 从战争中走来
01040520, 9.1, 125, 毛泽东的中国及其发展--中华人民共和国史
26437087, 8.3, 243, 国史讲话：上古
25846419, 9.7, 83, 歷史與思想
35006198, 8.6, 184, 大宋之变
26324174, 8.5, 198, 皇权与绅权（增补本）
26842761, 7.4, 645, 南朝，北朝
10740433, 7.8, 392, 千年悖论
04290353, 8.3, 233, 沉没的甲午
27931094, 7.5, 554, 风雅宋：看得见的大宋文明
03183094, 8.1, 281, 许倬云观世变
26738993, 7.6, 488, 易中天中华史：从春秋到战国
02058228, 7.6, 486, 唐史十二讲
30345415, 7.7, 431, 中国文化的精神
01074659, 8.3, 230, 甲午战争前后之晚清政局
20516975, 7.1, 948, 疾驰的草原征服者：辽 西夏 金 元
04262137, 8.2, 251, 王安石传
01019328, 8.4, 206, 陈书（全二册）
03799766, 10.0, 66, 唐长孺文集（全八册）
27028462, 8.3, 225, 讲故事
03442805, 8.4, 204, 革命逸史（全三册）
26434753, 9.1, 116, 中国地方行政制度史
30377971, 7.8, 372, 曹操
30435253, 8.6, 171, 讲给大家的中国历史06
25895918, 8.2, 244, 1661，决战热兰遮
34809067, 8.1, 269, 华杉讲透资治通鉴
01849350, 9.1, 115, The Rape Of Nanking
02378481, 8.8, 144, 明史纪事本末(全四册)
30435244, 8.5, 184, 讲给大家的中国历史05
26872933, 8.1, 267, 从陈桥到厓山
26962803, 9.1, 114, 魏晋南北朝史
26133409, 8.5, 183, 游民文化与中国社会（增修版）
04253493, 8.9, 132, 李宗仁回憶錄
30431051, 8.0, 291, 大英博物馆中国简史
30426204, 8.5, 180, 天国之痒
30384282, 7.0, 1008, 易中天中华史
01762763, 8.9, 128, 清代宫廷生活
01020089, 7.9, 312, 宋史
30457516, 9.2, 102, 中国历史通论
01032904, 8.6, 160, 三国史
03078215, 7.6, 423, 康熙大帝
30428109, 8.1, 244, 五胡十六国
26924268, 7.7, 372, 太平公主
27080746, 7.6, 415, 两晋
03706302, 8.4, 183, 学问有道
05914502, 8.6, 154, 中古中国与外来文明
26585046, 7.6, 406, 蒙古帝国的兴亡（上下）
26924391, 8.3, 193, 易中天中华史
25828586, 7.0, 881, 从城市国家到中华：殷周 春秋战国
01067620, 8.6, 146, 辽史(全五册)
19967941, 8.2, 206, 隐匿的疆土
03733134, 8.8, 123, 纲鉴易知录
26864737, 7.3, 553, 原来你是这样的宋朝
21363858, 9.0, 106, 吴姐姐讲历史故事
33950530, 9.6, 71, 体国经野之道
20391430, 8.4, 168, 明史讲稿
02156281, 9.3, 84, 中國地方行政制度史
02020609, 8.5, 150, 关于建国以来党的若干历史问题的决议
01142511, 8.3, 177, 中国史通论
26297180, 8.5, 145, 三国史话
01012407, 8.7, 123, 先秦诸子系年
26313081, 7.4, 435, 袁腾飞讲两宋风云
30303327, 9.8, 59, 二十五史简明读本（全15册）
26298895, 7.5, 383, 段祺瑞政权
11627336, 8.9, 104, 中国的历史
01214114, 8.3, 168, 秦始皇传
25844023, 7.6, 338, 改变中国
26600157, 7.1, 631, 宋
10527097, 8.6, 129, 中国历史上的纪年
33375446, 8.2, 181, 知宋：写给女儿的大宋历史
26862189, 9.1, 89, 华夏衣冠
30364261, 8.3, 165, 权力密码——当历史遇见经济学
01659807, 8.2, 179, 大动乱的年代
26685892, 8.6, 127, 忧乐为天下
27067893, 9.4, 72, 蒋廷黻中国近代史
26802536, 9.0, 93, 读史的智慧（修订本）
03067807, 9.3, 76, 中華二千年史
24696852, 8.2, 175, 南渡北归·北归
26909876, 7.5, 359, 火枪与账簿
26958221, 8.9, 99, 大汉帝国在巴蜀
27616950, 7.0, 688, 武曌
27114651, 8.3, 159, 中古时代的历史书写与皇帝权力起源
10416541, 9.1, 86, 明清史讲义（全两册）
26583162, 7.2, 510, 晚明大变局
02977963, 9.5, 65, 通鉴纪事本末
01818970, 8.9, 96, 中国历史研究法
01247901, 8.7, 111, 中国历代军事战略（上下）
02239329, 7.9, 222, 匈奴史稿
10575975, 8.1, 183, 国史纲要
26816955, 8.1, 183, 两岸新编中国近代史·民国卷
02419991, 8.5, 128, 中国科学技术史
34454082, 8.2, 165, 草与禾
30762052, 9.2, 77, 陈寅恪：魏晋南北朝史讲演录
02126677, 8.7, 109, 中国文化史
35060452, 8.7, 109, 中国人史纲
26023215, 8.5, 127, 毛泽东
26782515, 7.7, 266, 抉择与分歧
34876875, 8.8, 100, 透过地理看历史
01151340, 7.5, 327, 甲申三百年祭
26418531, 8.7, 106, 十六世纪明代中国之财政与税收
11584141, 7.6, 289, 灰色上海，1937－1945
30401359, 7.4, 363, 千年悖论
25881733, 7.9, 210, 五代时期北方中国的权力结构
04926524, 8.7, 105, 中国历代行政区划的变迁
30152571, 7.7, 254, 安禄山叛乱的背景
34781396, 7.6, 282, 宋仁宗和他的帝国精英
04272356, 8.0, 186, 1945～1949：国共政争与中国命运
26642260, 8.4, 130, 中国历史研究手册
02054401, 9.1, 77, 秦汉官制史稿
01180231, 8.0, 183, 中国通史 共12卷 22册
01548653, 9.3, 67, 瞿同祖法学论著集
11603105, 7.4, 338, 风雪定陵
30145209, 8.6, 106, 论三国人物
34853188, 9.3, 65, 中国文明起源新探
06042015, 8.2, 145, 三国史
26439026, 8.5, 112, 易中天中华史第二部：第一帝国
25662555, 8.2, 141, 上海书评选萃：谁来决定我们是谁
26920310, 8.2, 139, 从诸侯到帝国
01025825, 8.9, 81, 古本竹书纪年辑校 今本竹书纪年疏证
04890632, 8.5, 108, 中国历史通俗演义（全套十二册）
01463026, 8.2, 137, 明清社会性爱风气
34800959, 7.9, 180, 晋武帝司马炎
30296906, 7.9, 177, 国之枭雄
30415556, 8.4, 114, 宫崎市定中国史
26603127, 7.5, 267, 南明史
03605665, 9.0, 72, 中国行政区划通史·总论、先秦卷
27110262, 8.4, 111, 帝国政界往事
25727497, 7.2, 367, 袁腾飞讲成吉思汗
01883137, 8.4, 110, 中华帝国对外关系史(全三册)
30237525, 8.4, 109, 南朝大争霸3
26275608, 7.1, 410, 国祚密码
33950537, 7.2, 360, 生死秦始皇
25923182, 8.2, 128, 中国龙的发明
02000804, 8.9, 75, China
01786494, 8.4, 107, 唐代官制
01885313, 7.5, 245, 世界上下五千年
30346661, 8.3, 114, 士大夫的理想时代
26659442, 8.6, 90, 宋史纪事本末（全三册）
01040213, 7.9, 158, 秦汉史
06004621, 8.3, 109, 西夏史稿
01016941, 8.2, 118, 多视角看江南经济史(1250-1850)
25853231, 8.9, 69, 中国历朝通俗演义
34814141, 8.2, 116, 这个唐朝太有意思了（1-7卷）
27664475, 8.5, 90, 中国史通论
27025440, 8.2, 114, 中国财政史十六讲
24849654, 8.4, 97, 中国历代战争史（礼品装）
01322426, 7.5, 220, 毛泽东与蒋介石
03773913, 8.1, 123, 在历史的表象背后
25848086, 8.7, 77, 春秋左传精读
34845099, 8.9, 67, 神策军与中晚唐宦官政治
33372709, 9.3, 52, 春秋史
30147343, 8.0, 131, 浩荡两千年
01081835, 7.2, 294, 中国历史十五讲
06308039, 9.6, 43, 中国史纲
20563115, 8.8, 69, 冷战与新中国外交的缘起
27024330, 6.9, 429, 忽必烈的挑战
26355703, 7.6, 186, 我相信中国的前途
33397577, 7.9, 139, 如果历史是一群喵3·秦楚两汉篇
34836532, 8.2, 107, 不是东西
01010714, 7.3, 256, 细说元朝
26429213, 8.5, 84, 汤小团.东周列国卷(1)
21751347, 7.3, 254, 张学良口述历史
03142329, 7.5, 200, 唐朝那些事儿
26837234, 8.4, 89, 中国上古史导论
30187797, 7.6, 176, 列族的纷争
34855124, 8.6, 75, 哇，历史原来可以这样学4
01059594, 7.9, 131, 明成祖传
02154838, 7.8, 143, 中国的民族主义和战争
21519621, 8.5, 80, 中国古代军戎服饰
01687851, 8.6, 74, 中国人口史
01427776, 8.2, 100, 西学东渐记
26960594, 8.3, 92, 法律与文学
04259926, 8.4, 85, 触摸历史与进入五四
25882244, 8.7, 68, 其实我们一直活在春秋战国·珍藏版大全集
01794103, 7.4, 208, 天下残局
04767027, 7.0, 334, 另一半中国史
01175792, 9.0, 55, 中国文明的形成
30220882, 8.3, 89, 易中天中华史·第四部
25774402, 7.5, 182, 庭院深深钓鱼台
30387994, 8.0, 113, 剑桥中国经济史
25940327, 7.9, 122, 中国文化与中国的兵
02306962, 8.4, 81, 中国皇权制度研究（上下）
03043225, 8.0, 111, 雍正继位新探
01083025, 7.8, 131, 隋炀帝传
26354375, 7.8, 130, 明代政治制度的源流与得失
34436235, 8.4, 79, 识宋：他们的宋朝
34859290, 8.5, 73, 如果历史是一群喵5-乱世三国篇
26411400, 7.4, 190, 中国通史
01200330, 6.6, 525, 中国古代史 新版 上册
34869893, 8.6, 67, 维正之供
30707300, 8.4, 77, 东晋十六国风云（套装共2册）
02018946, 8.3, 82, 民族与国家
27058745, 8.3, 82, 何处是“江南”（增订版）
03671443, 6.7, 439, 唐史并不如烟（第一部）
30275157, 7.9, 113, 吾国与吾名
26840551, 9.8, 33, 通典（全十二册）
34660492, 9.8, 33, 秦汉地方行政制度
33408144, 8.2, 87, 紫禁城的黄昏
34431892, 9.0, 50, 从“异域”到“旧疆”
27079208, 7.8, 119, 剑桥插图中国史（第2版）
01778338, 8.4, 73, 清朝全史（上下）
01062297, 7.2, 209, 曾国藩传
02126974, 9.5, 36, 中国经济史考证（全三册）
03610242, 9.0, 47, 清实录（全60册）
01116853, 8.6, 60, 毛泽东评点二十四史
01531549, 7.8, 111, 中国古代军戎服饰
01809057, 8.1, 85, 中华文明史（共4册）
26373664, 9.6, 33, 中国货币史
06735681, 7.8, 108, 中华民国史（全十六册）
26348931, 8.4, 67, 归义军史研究
33383557, 7.5, 142, 大汗之怒
33442637, 6.9, 271, 庆历四年秋
27116300, 7.4, 153, 科幻中的中国历史
30242403, 8.0, 88, 中国历史常识
27054438, 9.2, 39, 从历史看领导
30279103, 9.1, 41, 明代宦官制度研究
34901762, 9.1, 41, 票证里的中国
34691868, 7.6, 122, 鼎革之际
30376177, 8.7, 52, 历史的衣橱
35012879, 8.3, 67, 抉择
25978734, 5.6, 2514, 马伯庸笑翻中国简史
01735469, 9.5, 32, 中国军事通史
27108522, 7.4, 140, 朱元璋的政权及统治哲学
07062940, 7.4, 139, 中国皇帝全传
04219644, 7.1, 188, 古代中国与其强邻
01877658, 8.1, 72, 中国文化与世界文化
07006813, 7.6, 108, 中国原生文明启示录（上中下）
34854757, 8.4, 57, 肇造区夏
34667686, 8.3, 61, 邂逅秦始皇
01624383, 8.8, 44, 史学经学与思想
01795384, 8.5, 53, 敕勒与柔然
02273477, 8.0, 76, 古代职官漫话
01273546, 9.0, 39, 陈云文选 第三卷
01813083, 7.5, 116, 封建考论
26871212, 7.5, 116, 明朝历史的教训
34850421, 8.6, 49, 文化大革命十年史
01116208, 9.4, 31, 二十五史补编（全六册）
30129248, 9.6, 28, 史记选
03153593, 7.1, 171, 中国近代史十五讲
30418154, 9.0, 38, 重探抗戰史（一）
01142074, 8.2, 63, 唐朝文化史
34963502, 8.0, 73, 唐人时代
26820364, 7.5, 111, 陈伯达传
30254285, 8.2, 62, 这个唐朝太有意思了（第一卷）
34858080, 9.2, 33, 中国通史大师课（全3册）
26579185, 7.4, 119, 帝国的溃败
26304122, 7.9, 76, 红色的起点
34894082, 8.2, 60, 华杉讲透《资治通鉴》2
26574941, 8.1, 64, 细说三国
03269725, 9.1, 34, 史记
34913207, 9.2, 32, 易代
03105892, 8.0, 67, 从沉沦到荣光
06720141, 6.9, 189, 那时汉朝
01913305, 8.6, 43, 中国近代史读本
26428574, 7.3, 118, 我者与他者
04149587, 9.2, 30, 魏晋南北朝史论稿
30420997, 8.9, 35, 东亚古代的诸民族与国家
06004633, 7.8, 71, 中国通史简编（全两册）
01556223, 8.3, 49, 明代的宦官和宫廷
34790040, 8.9, 34, 中国政治思想史
34937342, 9.8, 22, 《春秋》与“汉道”
35046432, 9.6, 24, 非常年代
02075686, 7.3, 110, 黎东方讲史：细说清朝
27172232, 7.8, 70, 最后的皇朝
27075056, 8.7, 37, 中国历代大事年表
26798570, 8.9, 33, 吴天墀文史存稿（增补本）
01254880, 7.9, 61, 白话资治通鉴(全二十册)
27001329, 8.3, 45, 魏晋南北朝史十二讲
30142929, 8.1, 51, 百年颠沛与千年往复
02239732, 7.3, 97, 靖康之变
02145103, 7.2, 106, 安史之乱
26282775, 8.0, 53, 蒋介石为什么失去大陆
34660484, 9.2, 26, 两汉太守刺史表
03239980, 7.8, 61, 陈永贵沉浮中南海
26285382, 8.8, 31, 细讲中国历史丛书
34781729, 8.0, 51, 称霸（上下册）
30329246, 7.4, 82, 古代中国的战争之道
04812991, 8.5, 36, 太平天国的历史和思想
25863405, 7.4, 78, 中国食人史料钞
06084692, 8.1, 45, 选举社会
34827514, 8.8, 29, 走向自觉
01421317, 8.1, 43, 明史新编
24297814, 7.0, 98, 中国后妃全传
10785670, 8.9, 25, 曾国藩家书
34888767, 7.7, 52, 官绅的荷包
26945087, 8.5, 30, 史记
30207156, 7.1, 84, 隋炀帝
06432259, 8.9, 24, 中华民国史·大事记
34969854, 9.4, 19, 十六国春秋辑补
30294369, 8.6, 27, 国之枭雄
26656051, 7.2, 71, 中国古代官僚政治
34802572, 6.6, 130, 拿得起放不下的中国史
30850627, 7.9, 40, 雍正大传：朕就是这样汉子!
30291703, 9.5, 17, 从甲午到戊戌
34995558, 9.0, 21, 科举史
26676093, 5.7, 484, 民国往事
30426677, 7.5, 51, 三千年来谁铸币
30285743, 7.4, 51, 燕国八百年
34837564, 7.4, 51, 龙兴
06877620, 7.5, 47, 中国秘密社会史
35005170, 7.7, 40, 新政之后
34969864, 9.0, 19, 5-6世纪北边六镇豪强酋帅社会地位演变研究
26685295, 8.6, 23, 唐代文士與中國思想的轉型
01814307, 8.0, 32, 唐代党项
34996408, 8.0, 32, 亚洲与一战
01674422, 8.2, 28, 苏联技术向中国的转移
04097465, 8.4, 25, 金朝史研究
33451965, 6.9, 74, 海昏侯刘贺
34441051, 7.5, 43, 唐代的北方问题与国际秩序
35003834, 7.3, 50, 锦衣卫
26915158, 7.8, 32, 历史的镜子
26980035, 9.1, 16, 中国大历史：两晋南北朝史（套装上下册）
33474785, 6.1, 158, 盛世：康乾
26700412, 6.8, 69, 大写西域
30454168, 7.0, 57, 蒙古帝國的漫長遺緒
27168080, 7.9, 29, 大宋权力场
26772748, 9.1, 15, 中國史新論：古代文明的形成分冊
05391197, 7.8, 29, 蔣公日記1945-1949
30647738, 8.3, 21, 易中天中华史：先秦到宋元（1-20卷，国民历史文化读本，240万字恢弘巨著）
01754866, 9.3, 13, 契丹王朝政治軍事制度研究
35023262, 8.3, 20, 规训、惩罚与征服
34902551, 7.5, 32, 明朝简史
01451359, 7.0, 46, 夏商社会生活史
30264746, 7.2, 38, 彪悍南北朝之十六国风云
33586387, 7.6, 27, 孔子之前
34816001, 8.1, 20, 多被人间作画图
34928209, 8.0, 21, 北宋种氏将门之形成
26969624, 9.0, 13, 隋唐五代史
33443002, 7.6, 26, 春秋战国
26847839, 9.1, 12, 解读敦煌：法华经故事
34950799, 8.4, 16, 说不尽的盛唐
30142260, 7.5, 26, 罗马与中国
34865925, 8.1, 18, 走出中国近代史
34874736, 8.1, 17, 太平天国社会史
24380432, 7.5, 23, 女真帝国
34908406, 8.8, 12, 苦笑录
27609194, 6.0, 81, 两晋南北朝 : 迷乱狂欢三百年
02041089, 7.9, 17, 楚灭国研究
25790316, 8.4, 13, 中华二千年史
26035765, 7.8, 17, 中国1913
02241078, 6.7, 35, 中国古代北方民族通论
30389347, 7.0, 27, 战争与工业
34893706, 7.6, 18, 金史
02158562, 5.2, 203, 社会主义中国不容诬蔑
03047711, 7.5, 14, 李振盛见证香港回归-红色新闻兵的红镜头
30798632, 6.2, 34, 唐朝有嘻哈
23217327, 6.6, 15, 崇祯权力场
02041487, 0.0, 15, 御批历代通鉴辑览（全6册）
34463909, 0.0, 18, 地图上的中国史
34813540, 0.0, 18, 从西郊到南郊
35019774, 0.0, 135, 秦砖
