2020-07-05 15:59:54

number of books, tag name
940, 中国当代文学

ID, rating, votes, title
04913064, 9.4, 496828, 活着
03066477, 9.3, 222573, 三体Ⅱ
05363767, 9.2, 214993, 三体Ⅲ
01008145, 8.9, 372538, 围城
27614904, 9.2, 192568, 房思琪的初恋乐园
02567698, 8.8, 375298, 三体
01029791, 8.8, 191226, 许三观卖血记
01255625, 9.1, 102631, 天龙八部
01089243, 8.9, 124068, 黄金时代
01061118, 9.1, 86508, 活着
01254588, 9.0, 100376, 城南旧事
01209899, 9.1, 59158, 我与地坛
01255624, 8.9, 80224, 神雕侠侣
10564071, 9.2, 45210, 白鹿原
01085799, 8.7, 102796, 白鹿原
01767945, 8.8, 67475, 一只特立独行的猪
04760224, 9.0, 46963, 许三观卖血记
01060852, 8.9, 54730, 呼兰河传
10517238, 9.0, 42304, 平凡的世界
01082406, 8.9, 38695, 黄金时代
01013416, 8.6, 60020, 雷雨
05337248, 8.9, 35471, 台北人
01011754, 8.9, 33450, 海子的诗
03633461, 8.7, 37283, 一句顶一万句
01080309, 8.5, 51713, 尘埃落定
01760432, 9.3, 12596, 受戒
05275059, 7.9, 138107, 1988：我想和这个世界谈谈
05337254, 9.1, 15637, 孽子
10522856, 9.0, 17892, 冬牧场
02068249, 9.1, 15389, 温柔的夜
01418686, 8.7, 27666, 红拂夜奔
01020961, 8.8, 21530, 棋王
03518332, 9.0, 15204, 绿毛水怪
01088711, 9.1, 12938, 霸王别姬
01776683, 9.0, 14345, 沉默的大多数
01044663, 8.7, 22167, 许三观卖血记
01033825, 8.8, 18698, 顾城的诗
10757940, 8.7, 21626, 倾城之恋
06861664, 9.0, 13606, 白鹿原
04881850, 9.1, 11586, 阿勒泰的角落
03311253, 9.0, 12976, 额尔古纳河右岸
01085883, 8.7, 20025, 青铜时代
03607117, 8.9, 14585, 稻草人手记
22714154, 8.7, 19623, 繁花
20441957, 8.5, 26921, 兄弟
01082349, 8.2, 45886, 长恨歌
03610681, 9.2, 9101, 海子诗全集
26734559, 9.2, 8857, 棋王·树王·孩子王
01789841, 8.7, 17310, 倚天屠龙记
01082150, 8.4, 28333, 白银时代
01143694, 8.3, 28703, 动物凶猛
01322455, 8.7, 14199, 遥远的救世主
01025753, 8.2, 32610, 妻妾成群
20421947, 8.6, 14519, 在细雨中呼喊
10757939, 8.7, 12339, 红玫瑰与白玫瑰
30475767, 8.1, 31721, 人生海海
26278687, 7.6, 86054, 皮囊
27184303, 9.0, 7431, 遥远的向日葵地
01082407, 8.8, 9606, 青铜时代
27013741, 8.8, 8827, 黄金时代
04882133, 8.5, 13515, 兄弟
01200842, 8.6, 11190, 尘埃落定
01043485, 8.2, 19607, 檀香刑
26877012, 8.9, 6415, 一句顶一万句
30330181, 9.0, 5469, 棋王
30163860, 9.1, 4761, 绿毛水怪
26803179, 8.3, 15285, 平原上的摩西
01009393, 8.4, 12386, 在细雨中呼喊
10794792, 9.3, 3470, 受戒
27104286, 8.4, 11893, 寂寞的游戏
01763809, 8.7, 7551, 红拂夜奔
06969074, 9.4, 2982, 天龙八部
01119796, 8.7, 7273, 十八春
30362170, 8.1, 18790, 冬泳
19995918, 8.3, 13336, 蛙
03448867, 9.0, 4668, 采桑子
01764991, 8.9, 5160, 我的阴阳两界·革命时期的爱情
01763806, 8.5, 9019, 万寿寺
01465007, 8.2, 14118, 生死疲劳
01132956, 8.4, 9949, 白银时代
27170951, 8.1, 15858, 生吞
06079389, 9.2, 3188, 我与地坛
01317899, 8.2, 12867, 生死场
01026036, 8.6, 6678, 北岛诗歌集
01015584, 8.1, 14270, 看上去很美
10562233, 8.6, 6128, 人生
01082577, 8.7, 5311, 黑铁时代
04169424, 7.9, 18242, 蛙
01050566, 8.2, 10841, 一地鸡毛
01010349, 8.1, 12537, 丰乳肥臀
04267149, 8.5, 6323, 人生
01049477, 8.0, 13838, 一半是海水一半是火焰
03464389, 9.1, 2812, 大淖记事
01703544, 7.4, 43431, 兄弟（下）
25955474, 7.4, 42237, 坏小孩
03075281, 8.6, 5190, 世界上所有的夜晚
04041998, 8.6, 5185, 孤城闭
01456183, 8.2, 9388, 我的帝王生涯
01067907, 8.1, 10936, 长恨歌
27111096, 8.6, 5030, 爱你就像爱生命
30237176, 8.2, 8824, 19年间谋杀小叙
01165173, 8.8, 3611, 务虚笔记
01062423, 8.4, 6228, 牛棚杂忆
03662230, 8.5, 5332, 七十年代
01136988, 8.9, 3052, 命若琴弦
01438602, 8.8, 3446, 白鹿原
01082319, 8.8, 3416, 倚天屠龙记（全四册）
01062455, 8.4, 5924, 康熙大帝（共四册）
26309861, 8.3, 6276, 摇摇晃晃的人间
03239913, 8.1, 8567, 推拿
26278433, 9.1, 2134, 遍地风流
27116235, 8.1, 7869, 飞行家
02237621, 8.5, 4295, 十八岁出门远行
25711628, 9.0, 2225, 棋王 树王 孩子王
06742586, 7.8, 12726, 我不是潘金莲
05288327, 8.3, 5516, 鸟，看见我了
20516443, 8.4, 4736, 洗澡
26904483, 8.7, 3058, 蛙
11516338, 8.6, 3483, 我是你流浪过的一个地方
06148187, 8.4, 4536, 推拿
01023658, 8.6, 3420, 许三观卖血记
01200843, 8.1, 6978, 芙蓉镇
01058360, 8.4, 4426, 红高粱家族
19977683, 8.6, 3317, 檀香刑
03290028, 8.4, 4317, 孤城闭
10868117, 8.2, 5674, 丰乳肥臀
10199132, 9.0, 1859, 黄金时代
01151876, 8.1, 6209, 顽主
26757657, 8.2, 5319, 望春风
01706150, 8.8, 2333, 额尔古纳河右岸
24827456, 8.5, 3407, 万箭穿心
05337250, 8.4, 3824, 寂寞的十七岁
01281653, 7.9, 8159, 秦腔
01200848, 8.2, 5034, 长恨歌
03395241, 9.1, 1545, 豆汁记
27077612, 9.5, 997, 三体
26253698, 8.8, 2133, 纽约客
10556006, 8.9, 1886, 状元媒
04919996, 8.7, 2401, 张枣的诗
01083509, 8.1, 5483, 人面桃花
19982771, 9.3, 1196, 白鹿原
01029940, 9.2, 1326, 锦灰堆
01006341, 8.0, 6297, 红粉
03222661, 8.6, 2636, 第九个寡妇
24540864, 6.9, 55194, 第七天
26669243, 8.1, 5158, 慈悲
01008660, 8.5, 2900, 马桥词典
24529235, 8.4, 3308, 刀背藏身
01000696, 8.2, 4373, 饥饿的女儿
04894345, 8.8, 1965, 黄金时代
25737044, 8.0, 5841, 饺子
26935435, 7.7, 9619, 大裂
26288882, 8.4, 3238, 我是你爸爸
25895465, 8.6, 2458, 少年巴比伦
02375977, 8.4, 3113, 香椿树街故事
02027824, 8.7, 2045, 风景
01000482, 7.7, 8737, 山居笔记
03623831, 8.1, 4466, 温故一九四二
01146304, 8.6, 2218, 日光流年
26904658, 8.6, 2215, 丰乳肥臀
06718314, 8.0, 5025, 晚来寂静
26879920, 8.5, 2456, 一地鸡毛
03197635, 8.9, 1493, 结局或开始
10788580, 8.0, 4923, 穆斯林的葬礼
01086468, 8.5, 2380, 黑骏马
21458706, 8.3, 3046, 出梁庄记
27176647, 8.0, 4666, 吃瓜时代的儿女们
01053914, 8.6, 2028, 游园惊梦
26382501, 9.3, 924, 棋王 树王 孩子王
04778452, 8.3, 2974, 檀香刑
02257188, 7.6, 8799, 致女儿书
01067960, 8.2, 3312, 青衣
03796219, 8.7, 1695, 尘埃落定
30353124, 9.1, 1063, 冬牧场
01056055, 8.2, 3194, 罂粟之家
27077957, 8.5, 2103, 红拂夜奔
30255679, 8.7, 1639, 远处的拉莫
19977682, 8.4, 2288, 生死疲劳
25748787, 7.6, 7661, 平生欢
20406553, 8.1, 3418, 现实一种
04799445, 7.9, 4620, 太阳黑子
02301308, 8.2, 2941, 红高粱
01143696, 7.9, 4538, 永失我爱
27156834, 9.0, 1065, 我的精神家园
34453066, 8.8, 1326, 送行
19977685, 8.4, 2151, 红高粱家族
05350804, 8.0, 3717, 中国在梁庄
03518333, 8.9, 1143, 寻找无双
03264655, 8.5, 1817, 未来世界
01055054, 8.2, 2681, 刺青时代
01039060, 7.9, 4102, 玉米
01417905, 7.1, 17404, 废都
26931507, 7.4, 9515, 罗曼蒂克消亡史
03341767, 9.0, 996, 病隙碎笔
26905339, 8.9, 1096, 红高粱家族（2020修订升级版）
04746016, 8.6, 1519, 边城
26822709, 8.4, 1937, 聋哑时代
01086466, 8.4, 1914, 北方的河
03886832, 7.5, 7079, 废都
01962885, 8.0, 3145, 山河入梦
30207170, 9.4, 606, 我与地坛
20397280, 8.2, 2299, 黄昏里的男孩
05975571, 8.0, 3037, 天香
06793573, 8.3, 1975, 一地鸡毛
30404939, 8.3, 1965, 我与父辈
01005411, 7.9, 3439, 透明的红萝卜
25696089, 7.3, 9490, 1980年代的爱情
26288883, 7.8, 3919, 动物凶猛
01482322, 8.0, 2899, 绿化树
26288884, 7.9, 3357, 一半是火焰 一半是海水
01080753, 8.3, 1916, 受活
10597811, 8.5, 1478, 早晨从中午开始
01530673, 8.8, 1011, 棋王
26421462, 8.7, 1124, 呼兰河传
01206319, 8.7, 1104, 我的遥远的清平湾
02188233, 8.4, 1574, 中国当代文学史
24862876, 7.4, 7069, 黄雀记
25895468, 8.6, 1234, 追随她的旅程
26921077, 8.3, 1752, 回望
10788090, 8.4, 1522, 天浴
06127284, 8.4, 1488, 酒徒
01071402, 8.5, 1305, 南方有嘉木
26933886, 9.0, 750, 棋王 树王 孩子王
24716171, 8.7, 1012, 沉默的大多数
03342324, 9.1, 665, 命若琴弦
25789686, 8.4, 1415, 相遇
01947611, 8.8, 886, 傅雷家书
27116279, 9.0, 714, 夜行记
26284529, 7.6, 4331, 群山之巅
01069227, 7.9, 2699, 世事如烟
01009381, 8.6, 1081, 少年血
01433379, 8.1, 1976, 看上去很美
05910655, 8.2, 1727, 古炉
03773959, 8.4, 1338, 只有一个人生
10484055, 8.7, 942, 日光流年
26997078, 8.6, 1049, 梦里花落知多少
05275073, 7.9, 2539, 白雪乌鸦
03225756, 8.1, 1880, 灰故事
26307841, 9.4, 453, 神雕侠侣（新修版）
34443748, 8.3, 1444, 造物者之歌
03662115, 7.6, 3895, 河岸
30224187, 7.8, 2841, 侠隐
10567171, 8.0, 2101, 生命册
01444245, 7.8, 2756, 米
10578510, 7.8, 2744, 人面桃花
01839882, 9.2, 522, 史铁生自选集
20394952, 7.9, 2350, 九篇雪
06780861, 7.7, 3166, 春尽江南
01077474, 7.9, 2344, 舒婷的诗
01126440, 8.0, 2032, 妇女生活
26791998, 8.0, 2010, 山中的糖果
01018178, 8.0, 1989, 浮躁
34894380, 8.0, 1977, 雾行者
06810540, 7.9, 2271, 红高粱
26873680, 8.4, 1173, 出梁庄记
30421553, 9.6, 355, 汪曾祺全集（全十二卷）
03851799, 8.1, 1711, 天行者
30274766, 8.1, 1703, 潦草
01791682, 7.4, 4842, 空中小姐
01222849, 8.2, 1465, 另一种妇女生活
34461199, 8.5, 1009, 江南三部曲
04215678, 8.0, 1875, 我城
25835907, 7.9, 2150, 天使坠落在哪里
25909812, 8.7, 777, 繁花
30137612, 7.6, 3231, 主角
27143188, 8.3, 1203, 万寿寺
27064644, 7.6, 3143, 北方大道
34969942, 8.7, 748, 聋哑时代
26293322, 8.3, 1177, 杨牧诗选 1956-2013
07916072, 7.6, 3106, 杨氏女
01024733, 7.7, 2649, 鲜血梅花
01033922, 8.1, 1502, 英格力士
10578512, 7.9, 1901, 春尽江南
03183812, 8.4, 979, 檀香刑
26879923, 8.1, 1414, 我不是潘金莲
30134582, 8.4, 966, 人世间（套装共三册）
30459512, 8.7, 686, 妻妾成群
34440418, 8.0, 1562, 赵桥村
30172690, 7.5, 3096, 一个人张灯结彩
01506421, 8.2, 1152, 饥饿的女儿
01734833, 8.2, 1150, 余华精选集
01025103, 8.5, 807, 伪满洲国（上下）
34940823, 8.3, 991, 逍遥游
01262965, 8.2, 1102, 中国当代文学史教程
01005242, 8.0, 1374, 古船
10578511, 7.8, 1800, 山河入梦
26679166, 9.2, 372, 矮纸集
05288540, 7.4, 3258, 朱雀
01005939, 8.2, 1033, 故乡天下黄花
01086449, 7.5, 2690, 男人的一半是女人
10484056, 8.5, 720, 受活
27036978, 8.7, 572, 寻找无双
01822810, 8.2, 987, 浮躁
03641661, 8.1, 1089, 秦腔
01437160, 7.8, 1613, 平原
27013746, 8.4, 753, 革命时期的爱情
01038744, 7.2, 4030, 来来往往
30180681, 8.8, 488, 我的阴阳两界
01027989, 7.7, 1774, 爸爸爸
01793362, 8.9, 436, 我们活着的可能性有多少
26352773, 8.9, 432, 美学散步（彩图本）
01006691, 9.0, 392, 年月日
01978928, 8.1, 1016, 永远有多远
01048411, 7.6, 1999, 战栗
26663303, 7.4, 2675, 俗世奇人·贰
25882050, 8.1, 980, 长恨歌
04214006, 8.1, 973, 丰乳肥臀
20452802, 7.7, 1623, 带灯
25800697, 7.0, 5076, 妈阁是座城
01434480, 7.6, 1852, 你别无选择
26778180, 8.5, 598, 丰子恺 : 无宠不惊过一生
34973161, 8.5, 593, 她们
30483768, 8.9, 396, 秋水堂论金瓶梅
26879921, 8.6, 527, 故乡天下黄花
26905650, 8.1, 921, 中国在梁庄
01771267, 7.5, 2077, 熬至滴水成珠
04187231, 9.2, 299, 问题与方法
01987259, 8.3, 710, 看上去很美
04187234, 9.0, 342, 中国当代文学史
01036116, 7.6, 1675, 深牢大狱
20397289, 7.9, 1097, 没有一条道路是重复的
26593903, 8.5, 540, 洗牌年代
01200827, 8.1, 840, 白门柳（全三册）
20499688, 8.0, 932, 黄鸡白酒
34998019, 9.0, 325, 秋园
01068866, 7.6, 1572, 小鲍庄
01393894, 7.9, 1044, 白狗秋千架
27063109, 7.7, 1359, 红豆生南国
30279089, 8.4, 574, 新腔
10742745, 8.1, 799, 模范青年
20426613, 7.7, 1289, 世事如烟
02098853, 9.0, 307, 务虚笔记
20426710, 7.7, 1285, 鲜血梅花
02030664, 6.8, 5744, 我的千岁寒
01101677, 8.9, 335, 问题与方法
26320425, 7.9, 972, 履历
01963368, 7.9, 971, 青木川
03183055, 8.7, 399, 马桥词典
01084407, 8.5, 487, 乌泥湖年谱
27101564, 8.1, 757, 七声
01003908, 8.3, 599, 南渡记
26654202, 9.9, 150, 余华长篇小说
25913504, 7.1, 3077, 邹氏女
01035333, 8.2, 652, 骑兵
01291021, 7.9, 933, 狗日的粮食
01077917, 7.5, 1598, 四十一炮
01162565, 8.3, 576, 羽蛇
26628814, 7.0, 3609, 龙与地下铁
01064566, 7.5, 1579, 私人生活
03518209, 7.9, 902, 一个人张灯结彩
01143757, 7.9, 897, 过把瘾就死
05910768, 8.5, 454, 风景
03183810, 7.2, 2439, 酒国
01499588, 8.2, 620, 桃花灿烂
26923557, 8.4, 496, 英格力士
03076325, 8.6, 397, 马桥词典
03550069, 8.1, 673, 哺乳期的女人
10440961, 8.2, 600, 告别的年代
01132974, 7.3, 1984, 组织部来了个年轻人
26342533, 8.2, 589, 新的一天
01766120, 8.2, 581, 褐色鸟群
01888581, 8.4, 468, 我爱美元
10520377, 7.4, 1637, 废都
30302906, 7.6, 1214, 北上
02979014, 8.2, 570, 垂杨柳
06793576, 8.0, 710, 我叫刘跃进
01078710, 8.2, 563, 致无尽岁月
01679588, 9.1, 237, 那儿
30204337, 8.4, 453, 在细雨中呼喊
04209769, 7.9, 798, 浮躁
34792334, 8.1, 626, 穗子的动物园
01480348, 8.1, 623, 晚霞消失的时候
11527617, 7.9, 790, 我的帝王生涯
25996933, 8.5, 399, 独坐
03228066, 7.7, 996, 红岩
01949905, 9.2, 211, 陳寅恪晚年詩文釋證
11591743, 8.3, 484, 白雪猪头
01959087, 7.8, 866, 你别无选择
26739973, 7.8, 864, 常识与通识
22790343, 8.4, 429, 万箭穿心
26315134, 8.4, 422, 海子诗选
02073471, 8.2, 521, 慢船去中国·范妮
01479588, 8.2, 519, 三生石
11444012, 8.2, 518, 昼信基督夜信佛
02996046, 7.9, 730, 哦，香雪
26416508, 9.2, 203, 王小波思想小品
02138402, 7.8, 824, 塔铺
01822820, 7.6, 1058, 不谈爱情
01077926, 7.6, 1048, 菩萨蛮
25725064, 7.0, 2550, 炸裂志
03796304, 7.9, 687, 爸爸爸
01469266, 7.6, 989, 冈底斯的诱惑
23774736, 7.4, 1305, 春天在哪里
03070554, 7.9, 668, 人到中年
02137818, 8.0, 592, 伏羲伏羲
26904661, 8.6, 314, 天堂蒜薹之歌
26320427, 7.7, 847, 在天涯
01084077, 8.1, 522, 黄河东流去
01463570, 8.6, 302, 你的身体是个仙境
01317879, 8.2, 448, 九月寓言
01801809, 8.4, 362, 路遥精选集
02024995, 8.8, 248, 家变
01008121, 9.1, 193, 斑纹
24533414, 7.4, 1173, 涂自强的个人悲伤
30216760, 8.2, 433, 似水柔情
35005098, 8.1, 482, 春山
01961473, 8.2, 423, 官人
33436258, 7.9, 585, 乌金的牙齿
01022229, 7.8, 658, 玫瑰门
01660790, 8.9, 215, 50-70年代中国文学经典再解读
01319714, 7.7, 733, 小说家的十三堂课
25850540, 7.4, 1070, 耶路撒冷
01046097, 8.1, 445, 枫杨树山歌
27116320, 8.3, 358, 白银时代
27603589, 7.1, 1606, 郊游
30212319, 7.5, 889, 基本美
02135907, 8.0, 478, 1934年的逃亡
03182667, 8.2, 383, 异旅人
34461209, 7.3, 1159, 月落荒寺
01734832, 8.0, 470, 莫言精选集
10469016, 8.1, 419, 顽主
27090307, 7.5, 863, 早上九点叫醒我
27056523, 9.2, 155, 蒲桥集
01425031, 8.8, 212, 逝川
01811695, 8.5, 277, 高山下的花环
02073469, 8.1, 413, 慢船去中国.简妮
01443977, 8.5, 276, 烟壶
02977713, 8.2, 366, 少年天子
01059113, 7.8, 569, 与往事干杯
01425034, 8.0, 445, 虚构
25909786, 8.8, 202, 北极村童话
03179444, 8.2, 353, 蒲柳人家
01105951, 8.9, 182, 汪曾祺短篇小说选
04832667, 8.7, 214, 三角地
01200845, 7.3, 1004, 沉重的翅膀
26307908, 7.8, 517, 野蛮生长
30409058, 6.8, 2174, 应物兄
01200841, 7.1, 1316, 许茂和他的女儿们
20471507, 7.9, 453, 九种忧伤
34779628, 8.8, 189, 人世间多是辜负
02237618, 8.0, 404, 迷舟
06423164, 8.9, 173, 马桥词典
02237615, 8.1, 357, 无主题变奏
34917818, 8.9, 171, 人类灭绝之后
01031225, 7.6, 633, 我爱比尔
30460278, 8.2, 318, 我的帝王生涯
27204778, 8.1, 351, 寺内
26734832, 7.7, 548, 世间已无陈金芳
03889680, 7.4, 806, 坚硬如水
01801804, 7.9, 433, 王安忆精选集
33406036, 8.2, 314, 鲛在水中央
03015950, 7.9, 428, 扶桑
25857414, 7.9, 428, 剩下的都属于你
01280291, 8.3, 281, 云破处
30242431, 8.6, 212, 冷也好热也好活着就好
27606107, 7.5, 688, 河边的错误
11506966, 8.5, 231, 七根孔雀羽毛
02258220, 8.6, 207, 我的遥远的清平湾
34933266, 7.4, 723, 隐
01940849, 8.3, 259, 芙蓉镇
30217940, 8.7, 180, 岁时记
24714746, 9.4, 104, 民主课
24226729, 7.0, 1235, 晚安玫瑰
25817366, 8.2, 274, 褐色鸟群
30460220, 8.1, 299, 米
25931861, 6.5, 2871, 洗澡之后
26346593, 7.4, 657, 波动
20257915, 8.2, 263, 会唱歌的墙
26584008, 8.5, 196, 城南旧事
01089479, 7.5, 561, 百合花
34438687, 8.6, 179, 追随她的旅程
01425013, 8.7, 162, 黑骏马
05916847, 8.8, 147, 我的灵魂
01421014, 7.2, 799, 我和你
05989228, 7.8, 370, 十四首素歌
01921338, 7.3, 664, 灵与肉
05949306, 8.4, 195, 骆一禾的诗
24323412, 8.7, 151, 阿莲
01213929, 8.2, 232, 祖父在父亲心中
02151797, 9.1, 109, 飞向冥王星的人
20472036, 7.1, 825, 众声喧哗
34841975, 7.8, 338, 聊斋新义
03234640, 7.3, 619, 青春之歌
26847412, 9.0, 115, 持灯的使者（增订版）
30255671, 7.5, 477, 碗
04742300, 7.7, 373, 南方的堕落
01071958, 7.8, 332, 残雪自选集
02060042, 7.6, 416, 男人的一半是女人
26311201, 8.9, 122, 人类学
05038699, 7.6, 412, 师傅越来越幽默
04032980, 7.5, 463, 小鲍庄
01146287, 7.7, 364, 淡绿色的月亮
34443580, 7.4, 516, 荒潮
26932221, 8.8, 127, 我的遥远的清平湾
10606777, 7.8, 314, 风雅颂
26320673, 8.3, 191, 在我的开始是我的结束
03779926, 8.0, 254, 芒克的诗
03034649, 8.3, 190, 钟鼓楼
30296222, 8.5, 158, 黑铁时代
30329116, 8.8, 124, 穗子
27599129, 6.9, 975, 问米
26315320, 8.4, 169, 灰鸽试飞
33399902, 7.2, 614, 大树小虫
04909285, 8.3, 180, 山鬼木客
01017123, 8.1, 216, 青春期
26821342, 8.2, 193, 想象中国的方法
33477384, 7.5, 401, 遗恨
26362908, 6.2, 3274, 女神一号
21359062, 7.9, 254, 北去来辞
02237537, 7.6, 351, 透明的红萝卜
03684925, 8.3, 172, 一九三四年的逃亡
34866821, 7.5, 391, 嫉妒
04120366, 8.6, 133, 灵魂之旅
30312141, 7.7, 310, 捎话
26791402, 6.9, 877, 去远方
26320676, 8.1, 204, 万箭穿心
01223747, 6.8, 1016, 青春之歌
35005708, 8.8, 112, 仿佛若有光
20426614, 6.8, 990, 我胆小如鼠
34432750, 9.2, 83, 额尔古纳河右岸
02994784, 8.3, 163, 鸡窝洼的人家
26634817, 7.3, 470, 老炮儿
30257758, 7.4, 404, 轻寒
06100687, 8.2, 174, 你在高原
03427210, 7.4, 402, 二月
01659233, 8.7, 114, 1956
26879917, 7.6, 316, 我叫刘跃进
21336490, 8.1, 189, 边缘
34882254, 8.5, 132, 万物有灵
27132950, 9.2, 79, 我的阅读史
01647540, 8.1, 185, 与往事干杯
20257895, 7.2, 495, 酒国
25830428, 8.7, 110, 大唐李白
30329015, 8.0, 199, 鸟藏
10542980, 7.6, 295, 北京，最后的纪念
25756940, 7.2, 478, 瞻对
01021141, 7.8, 235, 流水三十章
30296031, 8.0, 192, 田湖的孩子
01063664, 8.6, 114, 钟声
11624748, 7.9, 210, 一个人的三条河
26868898, 8.3, 144, 太白
03054988, 8.4, 132, 一个红卫兵的自白
01449443, 8.9, 90, 羽蛇
01475741, 8.1, 171, 绝望中诞生
27615440, 8.8, 96, 麦子黄了，麦客不会回来了
30447661, 9.1, 78, 安南怪谭
01067790, 7.8, 227, 剩下的都属于你
26320674, 8.2, 155, 涂自强的个人悲伤
30336007, 9.4, 64, 50—70年代中国文学经典再解读
34950796, 8.6, 109, 我们爱过又忘记
03376272, 8.9, 87, 徐訏文集(全16卷)
04091804, 7.3, 382, 你别无选择
04187235, 8.5, 116, 作家姿态与自我意识
34709936, 8.5, 116, 家族试验
03766512, 8.0, 178, 中国当代文学主潮
30416853, 7.9, 195, 下次你路过，人间已无我
25795668, 7.8, 215, 生死晶黄
01425011, 8.2, 147, 秋风醉了
30175038, 8.7, 98, 中北路空无一人
26206465, 8.5, 114, 苏童作品精华本
06537507, 7.4, 325, 定西笔记
19977687, 7.2, 410, 十三步
01854565, 9.0, 77, 草木精神
26988071, 7.7, 228, 万用表
27605279, 7.9, 186, 花街往事
04088384, 7.2, 405, 来来往往
26899716, 7.5, 281, 上海之死
34881568, 9.0, 76, 心！
26592405, 7.8, 202, 将军胡同
27197263, 8.5, 108, 随风飘散
30344741, 7.8, 200, 心理医生在吗
30329114, 7.8, 199, 少女小渔
30125611, 8.1, 149, 一棵菜
01055354, 7.5, 268, 酒国
02129371, 7.3, 336, 泯灭
01022937, 8.4, 113, 荒芜英雄路(张承志随笔)
05910766, 7.7, 212, 绿化树
27605501, 7.5, 261, 身外之海
26717879, 6.1, 2260, 极花
26263460, 8.3, 118, 中国现当代文学专题研究(第2版)
01793368, 8.1, 139, 谁可相倚
02325494, 9.8, 44, 怪老头儿
26363518, 8.3, 117, 神木
01059289, 8.0, 150, 欲望的旗帜
05373473, 6.6, 829, 红豆
02363677, 7.8, 179, 戒指花
01505758, 8.3, 112, 流动的房间
01791942, 6.4, 1113, 湖光山色
19930022, 8.4, 103, 一地鸡毛-中英对照
01069420, 7.8, 174, 为了忘却的集体记忆
25750754, 8.0, 143, 中国当代文学主潮（第二版）
05939802, 7.3, 291, 草根律师成长日记
34833615, 7.4, 256, 罗马
01223750, 7.0, 419, 创业史（全二册）
26586469, 7.7, 185, 篡改的命
03808986, 7.8, 164, 习惯死亡
01450475, 7.8, 163, 没有语言的生活
25969609, 7.3, 275, 心理医生在吗
26606908, 7.1, 351, 如果大雪封门
34800960, 8.9, 67, 行乞家族
35045956, 8.2, 111, 猫不存在
01020882, 7.9, 144, 黄泥街--残雪小说文集
30176795, 8.1, 120, 心灵外史
01871087, 9.3, 51, 潜流与漩涡
25928131, 9.0, 61, 下流湖
19929522, 8.7, 74, 佛的孤独
01949807, 8.1, 116, 雷平阳诗选
10809734, 7.6, 184, 废都
26786725, 8.2, 106, 网络文学经典解读
33711649, 8.2, 106, 城北地带
06822628, 7.6, 181, 石榴树上结樱桃
30417279, 7.9, 135, 北归记
04081745, 8.5, 82, 朦胧诗新编
02084544, 7.4, 220, 残雪文学观
26739163, 9.0, 58, 北岛集
01003978, 8.1, 111, 表意的焦虑
33420830, 7.4, 213, 迁徙的间隙
01440454, 7.7, 156, 文明的碎片
01027253, 8.2, 100, 随想录（全5册）
27172747, 7.9, 129, 玉米
01223755, 6.9, 389, 三里湾
24754804, 7.6, 171, 火山旅馆
30336428, 9.1, 53, 天堂向左
25923591, 5.6, 4549, 老师好美
06982403, 9.0, 55, 远去的文学时代
34856420, 7.3, 227, 热带
10452432, 8.8, 62, 余华中短篇小说（6册）
26879922, 7.5, 180, 故乡相处流传
01425045, 8.1, 102, 岁月无敌
02154918, 7.4, 197, 苍老的浮云
26899736, 8.9, 56, 他割了又长的生活
03684924, 8.5, 73, 麦秸垛
24745109, 8.1, 98, 冯骥才作品精选
03077639, 8.5, 72, 珊瑚岛上的死光
34441058, 7.7, 139, 冈底斯的诱惑
02252844, 7.5, 169, 青春之歌
34880387, 8.3, 83, 所有罕见的鸟
26990605, 7.8, 125, 国王的血
01475517, 7.5, 167, 红煤
30303536, 7.4, 184, 撞死了一只羊
03076688, 8.2, 88, 报告政府
33462525, 8.5, 70, 被夺走了时间的蚂蚁
01290116, 8.2, 87, 蛇宫
30425634, 8.2, 87, 野葫芦引
01963369, 7.3, 199, 刺猬歌
25786061, 7.3, 199, 鱼王
06427451, 7.4, 178, 喊山
11591742, 7.6, 144, 姊妹行
01659040, 8.0, 100, 欲望的旗帜
26759997, 8.0, 100, 网络时代的文学引渡
04144399, 7.9, 108, 许茂和他的女儿们
34802763, 6.6, 461, 笨故事集
30320148, 8.6, 61, 安娜表哥
26603398, 7.6, 134, 一曲难忘
26831819, 7.6, 134, 梁衡：我的阅读与写作
24715608, 8.3, 74, 东京九流人物系列
34995224, 7.6, 133, 36岁，人生半熟
01079396, 7.9, 101, 鸟巢
26985489, 7.5, 146, 大雨如注
25884397, 8.5, 63, 中国好小说
11586912, 7.5, 144, 灵与肉
34438691, 7.9, 99, 天使坠落在哪里
06060741, 7.7, 117, 故事和讲故事
34429354, 8.1, 83, 拉萨河女神
19977593, 6.7, 359, 在延安文艺座谈会上的讲话
02994781, 7.5, 139, 怀念狼
02995372, 7.8, 105, 高老庄
26972538, 8.5, 61, 被雨淋湿的河
11530687, 7.5, 137, 爸爸爸
02134636, 8.5, 60, 刘恒自选集——狗日的粮食
30257748, 7.0, 230, 方岛
26692133, 6.6, 390, 匿名
27054098, 7.8, 101, 寻找张展
03462393, 8.2, 73, 长街行（上下）
05373477, 6.5, 447, 我们夫妇之间
25755528, 8.7, 51, 中国当代先锋文学思潮论（修订版）
03013597, 6.6, 379, 伤痕
34839415, 9.0, 42, 三室两厅
01958322, 6.1, 850, 后羿
34841771, 7.7, 105, 欲望的旗帜
26857723, 7.9, 88, 烦恼人生
02154915, 8.4, 60, 请女人猜谜
10483005, 7.4, 138, 鱼肠剑
27187561, 7.6, 113, 琴声何来
24696523, 8.4, 59, 英格力士
03901811, 7.9, 86, 雁过藻溪
30443689, 8.5, 55, 在平原
10426972, 7.1, 186, 陆小曼传
34851902, 9.7, 28, 一生只做一件事就好
30395276, 7.3, 147, 世界尽头是北京
30133349, 8.1, 72, 城南旧事（修订版）
30300849, 7.5, 120, 灼热的天空
27099394, 8.6, 50, 命
34857628, 8.8, 44, 炖马靴
01757273, 7.9, 82, 边缘
02021451, 7.5, 116, 珊瑚岛上的死光
27076225, 8.3, 60, 奴儿
26810934, 7.7, 96, 活动变人形
26994166, 7.8, 88, 黄雀记
01141656, 7.6, 104, 藏宝图
01088883, 6.6, 320, 红日
25940914, 7.7, 94, 垂直的阅读
25985259, 8.6, 48, 黑骏马
05348123, 6.0, 850, 班主任
26647764, 7.4, 123, 子夜
03723953, 8.5, 50, 烟壶
21429791, 7.0, 177, 1966-1976的地下文学
01042236, 8.1, 64, 中国小说50强：1978年～2000年 （全10册）
26666989, 7.4, 114, 本次列车终点
25862312, 7.5, 103, 我疼
01256183, 7.3, 124, 抓痒
02123848, 8.4, 50, 漂泊的语言
06009259, 6.8, 212, 租界
03041812, 7.8, 77, 重放的鲜花
03170734, 8.1, 61, 当代中国文艺思潮与文化热点
26702871, 7.8, 75, 语文一生：生命，何以高贵
24298768, 9.1, 32, 1997年，我们买了螺蛳，却没有牙签
30286327, 9.9, 22, “50-70年代文学”研究读本
01034179, 7.5, 96, 上海往事
34841770, 8.5, 44, 边缘
25735495, 8.3, 50, 历炼精魂
01319719, 7.7, 77, 生逢1966
19941513, 7.3, 107, 方圆四十里
02379709, 7.2, 118, 李順大造屋
30162416, 7.0, 143, 机器之门
04913259, 8.0, 58, 生命阅读与神话解构
06808308, 8.0, 58, 最慢的是活着
01216228, 7.6, 79, 王蒙文存.9
04032979, 7.3, 102, 人到中年
26839416, 7.9, 60, 1987年的浆水和酸菜
03179237, 6.8, 169, 乔厂长上任记
34954852, 8.7, 35, 候鸟
05918949, 7.7, 69, 大河的潜流
01065563, 7.0, 133, 江青传
34947499, 8.5, 39, 花巷
34880401, 8.2, 46, 少女与泰坦尼克
34809871, 6.4, 263, 攀登者
27114523, 8.3, 42, 反讽者说
24745106, 7.6, 70, 文工团
03425114, 7.9, 55, 文学的常道
01214921, 7.7, 64, 为了报仇写小说
26201341, 8.4, 39, 林清玄作品精华本
34996066, 9.3, 24, 四書
30348011, 7.1, 109, 当诗歌忘记我们
05399400, 8.0, 50, 农历
01228143, 7.3, 88, 太阳照在桑乾河上
01832476, 7.7, 62, 余华研究资料
30168103, 7.6, 67, 速求共眠
27051318, 7.3, 86, 特别能战斗
26651695, 7.1, 103, 陈奂生上城
26926269, 8.1, 45, 今夜有暴风雪
01826006, 7.9, 51, 庐隐散文集
34835367, 7.0, 110, 四象
10785720, 6.7, 153, 蛇为什么会飞
25756204, 7.4, 74, 青春万岁
25869557, 8.1, 43, 天火
01068509, 6.8, 134, 银饰
02354883, 7.3, 80, 雨，沙沙沙
25940912, 7.4, 73, 一株柳树的自白
27127297, 7.4, 73, 夜火车
30684655, 7.4, 73, 组织部来了个年轻人
06560257, 9.4, 21, 精读文萃
30254547, 8.8, 28, 黄冈秘卷
27154210, 8.5, 33, 太阳深处的火焰
34990142, 8.4, 35, 万重山
26769203, 7.5, 66, 羊的门
06538182, 8.2, 39, 北方的河
30146344, 7.8, 51, 黄金台
05373481, 7.1, 92, 大墙下的红玉兰
27022840, 8.3, 36, 1978：激情岁月
30432661, 5.7, 658, 牵风记
01519796, 7.2, 82, 王安忆说
24861000, 7.1, 90, 新世纪爱情故事
01795094, 9.1, 23, 昨日以前的星光
30306493, 8.0, 43, 去圣伯多禄的路上
26988069, 7.3, 74, 祖母绿
03628675, 8.1, 40, 有什么在我心里一过
02021659, 7.8, 49, 愤怒青年
03353446, 7.6, 57, 那个夏天你干了什么
03099626, 7.9, 45, 杜涯诗选
26657736, 8.8, 26, 旧天堂
31589378, 8.8, 26, 秦腔
04077904, 7.7, 51, 文学史的多重面孔
24756820, 7.5, 59, 动物园
03242800, 7.7, 50, 孤岛
34885862, 6.5, 161, 蓝白时间
30420056, 8.7, 26, 往者难追
04221630, 7.9, 42, 池凌云诗选
21328379, 8.3, 32, 羽蛇
11621086, 8.2, 34, 是谁在深夜说话
34800528, 9.2, 20, 鲁迅小说全集：狂人日记
01709679, 8.4, 30, 伴你到黎明
01223754, 6.6, 132, 艳阳天（全三册）
01045232, 6.5, 149, 红旗谱
03132288, 8.0, 38, 我爱女排
06039238, 7.6, 50, 碧色寨
32568098, 7.6, 50, 古董局中局(套装四册大全集)
02250869, 7.5, 54, 玉屑集
26639711, 8.3, 31, 鲁迅散文诗歌精选集
03559976, 8.4, 29, 天地月亮地
01003901, 7.6, 49, 水浒人物论赞
01445749, 7.3, 62, 写在当代文学边上
34943276, 7.3, 62, 荆棘与荣耀：新时代女排奋斗记
26675217, 8.5, 27, 我和鱼，还有鸟
03007099, 7.2, 67, 中国作家梦
24750312, 8.8, 23, 剔红
27076237, 7.8, 41, 我的遥远的清平湾
26787648, 7.1, 72, 时间少女
04207737, 7.5, 50, 我们去找一盏灯
34800726, 6.0, 267, 幼稚园：你们人类的爱情真难攻破
01274706, 7.2, 63, 陈寅恪晚年诗文及其他
30194705, 6.9, 83, 刻骨铭心
03065880, 8.7, 23, 我的自白
01001151, 7.7, 42, 西望茅草地
03390552, 7.8, 39, 春之声
26789077, 9.5, 16, 不是文字
04298607, 8.6, 24, 聂绀弩刑事档案
01687082, 7.0, 70, 中国当代文学史
02245800, 7.4, 49, 七杀手
34444539, 8.1, 30, 天浴
34462646, 6.4, 130, 狐鬼启示录：梁晓声说《聊斋》
30234659, 9.2, 17, “底层文学”研究读本
03691600, 6.6, 102, 文坛三户
06802606, 9.5, 15, 华夏边缘叙述与新时期文化
03353445, 8.3, 26, 蒙昧
22869888, 8.3, 26, 赤橙黄绿青蓝紫
01093015, 7.4, 46, 生死约会
05388082, 7.5, 42, 最后一个渔佬儿
25887906, 7.8, 33, 中国当代文学作品精选
02231053, 8.0, 29, 我们的苟且
27148266, 7.7, 35, 莱布尼茨写给康熙的信
26425896, 7.3, 47, 向隅编
26084273, 7.9, 30, 周国平散文集
34897069, 7.2, 49, 一只脚踏进后现代
06039262, 7.8, 30, 天云山传奇
27064449, 9.0, 16, 苏童自选集
26606254, 7.6, 34, 无穷镜
02377032, 8.4, 21, 证词
11531701, 6.8, 64, 东风嫁
30485015, 7.4, 38, 长恨歌
03192285, 8.1, 24, 中国当代文学与文化研究
34938038, 8.1, 24, 敌人
02242841, 7.5, 35, 浑沌
30292677, 8.0, 25, 火星一号
25960792, 5.6, 301, 诡案罪1
26842542, 6.8, 61, 梵高的火柴
10570860, 7.8, 28, 被月光听见
30301895, 7.8, 28, 我是少年酒坛子
01659878, 8.2, 22, 李辉文集·文坛悲歌
25940545, 7.3, 39, 紫晶月季花
30450215, 6.4, 88, 赤脚医生
02170921, 7.1, 44, 乌尔禾
04010114, 6.6, 68, 红旗谱
25708371, 8.6, 17, 器剔红
01206796, 8.0, 23, 身体上的国境线
26839471, 7.5, 31, 金刚四拿
34435488, 9.0, 14, 西潮与新潮——蒋梦麟回忆录
02225651, 7.2, 38, 白毛女
11600329, 8.1, 21, 西望茅草地
02146101, 8.5, 17, 小城无故事
27093922, 6.8, 52, 那些年我们读过的诗
05982738, 7.4, 31, 远村
03920227, 8.7, 15, 商州三录
34922191, 8.2, 19, 铁血信鸽
30200171, 8.0, 21, 姑娘寨
01128823, 7.8, 23, 最新先锋诗论选
01290609, 7.8, 23, 复仇记
01936828, 7.8, 22, 饥饿的山村
30277174, 7.9, 20, 桃之夭夭
27124106, 7.3, 29, 北京
34942846, 7.3, 29, 北京西郊故事集
24713919, 7.4, 27, 文学大家谈
02012681, 7.2, 31, 伊犁马
05914452, 7.0, 36, 王蒙演讲录
20414895, 7.0, 36, 安静
01105325, 6.6, 51, 创业史(第一部)
03349972, 8.3, 16, 牺牲
30228932, 6.4, 61, 时间的压力
26920742, 7.6, 23, 疼痛
01006382, 7.4, 26, 21大厦
03053904, 8.0, 18, 暗红
06524941, 8.0, 18, “革命中国”的通俗表征与主体建构
06260281, 7.5, 24, 千万不要忘记
05947359, 7.4, 25, 另一个比喻
21235147, 7.5, 23, 活动变人形
02976920, 7.8, 19, 丹青引
30167578, 7.8, 19, 租界
01031108, 7.6, 21, 长势喜人
03820916, 7.5, 22, 王安忆研究资料(套装上下册)
26274517, 8.5, 13, 英雄與丑角
22676697, 6.4, 50, 青春之歌
27202613, 7.3, 24, 教我灵魂歌唱的大师
04745151, 8.0, 16, 中国当代文学
01731517, 8.1, 15, 历史的记忆
03242811, 8.1, 15, 夜与昼（上下）
03337291, 7.4, 22, 黑山堡纲鉴
30146307, 6.7, 34, 子在川上
03202747, 7.6, 18, 隐形伴侣
25737736, 7.5, 19, 一棵树的爱情史
03241768, 8.4, 12, 刘绍棠小说选
26362714, 8.0, 14, 耶路撒冷
01046104, 6.9, 27, 纯色的沙拉
25981641, 8.3, 12, 当代中国的文化想象与社会重构
01561233, 6.2, 48, 1993:世纪末的喧哗
26606411, 6.7, 30, 一个和八个
03241749, 8.4, 11, 瓜棚柳巷
03202104, 6.7, 29, 花园街五号
05300182, 6.8, 26, 高兴
03042227, 7.8, 14, 冒犯書
06981823, 7.2, 19, 救命
30365769, 8.0, 12, 我想穿着故乡的拖鞋在全世界散步
24889952, 7.5, 15, 历史中诞生
11640456, 7.0, 20, 一个小说家的生活与想象
01426167, 6.5, 29, 大刀记
26581157, 6.6, 26, 渔童
26435098, 7.3, 16, 云雀
25839117, 6.3, 32, 梭哈
30351994, 6.8, 21, 菜根谣
25746172, 7.6, 13, 寻找歌王 / 中国小说50强
25797904, 7.6, 13, 时间悄悄的嘴脸
01322331, 6.5, 26, 五十年文坛亲历记
01328522, 7.5, 13, 路翎晚年作品集
26720275, 7.8, 11, 美哉少年
35061072, 8.0, 10, 朱三小姐的一生
34982140, 6.8, 19, 米兰讲座
02098852, 6.0, 36, 生活的路
04012217, 6.7, 19, 汉语形象中的现代文人自我
01327675, 7.6, 11, 李辉文集·往事苍老
26708942, 7.0, 14, 己卯年雨雪
01647537, 5.9, 32, 纸项链
01659883, 7.2, 12, 李辉文集·风雨人生
01122596, 5.8, 25, 中国当代文学概论
34649794, 6.3, 16, 拜访狼巢
02348419, 6.6, 13, 醒来吧，弟弟
26782950, 4.8, 16, 青春在指间流转
03063654, 5.0, 12, 放歌集
02287488, 0.0, 10, 乘风破浪
34261596, 0.0, 11, 彩虹嘴
35093776, 0.0, 37, 海鸥墓园
35023261, 0.0, 183, 猴杯
