2020-07-05 15:59:54

number of books, tag name
175, 中国通史

ID, rating, votes, title
01077847, 9.5, 16880, 史记（全十册）
01046492, 9.3, 12142, 國史大綱（上下）
01836555, 9.5, 4565, 史记
01072295, 9.4, 3722, 資治通鑑（全二十冊）
02165037, 8.8, 3514, 荒原狼
03707886, 8.9, 2872, 中国通史
26771878, 9.2, 1834, 中国通史
01055347, 9.1, 1949, 中国史纲
27003014, 7.5, 19504, 半小时漫画中国史（修订版）
01050175, 8.1, 5972, 赫逊河畔谈中国历史
06004630, 9.3, 1172, 国史大纲（上下册）
01277267, 8.6, 2455, 国史新论
27591495, 8.6, 2032, 万古江河
03794107, 9.3, 836, 中国史纲
03223586, 8.5, 2025, 中国人史纲（上下）
05988185, 8.3, 2475, 宅兹中国
05906312, 8.7, 1389, 兴盛与危机
30206117, 7.4, 8892, 半小时漫画中国史2
07000811, 9.5, 547, 国史大纲（上下新校本）
30206893, 9.7, 456, 中国历代政治得失
30232294, 7.5, 6583, 半小时漫画中国史3
10740958, 8.8, 1025, 剑桥中国史（全十册）
25844017, 8.5, 1408, 讲谈社·中国的历史（十卷本）
04767483, 8.7, 1065, 中国通史
01427450, 9.0, 732, 白话本国史
26334500, 8.3, 1561, 说中国
26847586, 8.5, 1212, 哈佛中国史（全六卷）
02701417, 9.2, 514, 史记（全四册）
01806694, 9.1, 495, 中国史纲
34833419, 7.7, 2410, 半小时漫画中国史4
01768526, 7.8, 1984, 国史十六讲
10483002, 8.5, 788, 中国人史纲（全两册）
05343931, 8.6, 667, 中国通史（上下册）
01054130, 8.6, 608, 吕著中国通史
26614948, 9.1, 371, 中国古代简史（第二版）
26851892, 8.5, 609, 哈佛中国史06•最后的中华帝国：大清
01232523, 8.4, 659, 中国：传统与变迁
25986743, 9.0, 356, 中国通史（上下册）
03335643, 8.0, 792, 中国历史风云录
03402992, 8.0, 703, 历史大脉络
20516973, 7.5, 1171, 从神话到历史：神话时代、夏王朝
01096103, 9.0, 228, 大唐西域记校注（上下）
03078887, 8.4, 391, 中国：传统与变迁
26302851, 9.2, 180, 中国通史（彩图珍藏版）
04915729, 9.2, 175, 史记（全九册）
10769906, 9.0, 198, 中国历史通论
10557529, 7.4, 943, 许倬云说历史：大国霸业的兴废
26979889, 8.0, 421, 中国通史
06397532, 8.3, 296, 西周史
05292367, 8.2, 323, 国史讲话
10344778, 8.7, 202, 大中国史
01437227, 9.0, 155, 中国历史通论
01171525, 7.9, 425, 国史概要
01909748, 7.5, 636, 中国史纲要
02131993, 9.4, 107, 國史大綱 (修訂本) (上中下)
01255978, 8.9, 148, 纲鉴易知录（全八册）
02075685, 8.1, 259, 黎东方讲史:细说三国
33420833, 8.8, 129, 中华史纲
03733134, 8.8, 123, 纲鉴易知录
27002489, 8.8, 119, 《中国通史》（精装珍藏版上下册）
05918567, 8.5, 151, 中国大历史（上下）
01142511, 8.3, 177, 中国史通论
30422580, 8.3, 171, 饥饿的盛世
27143728, 8.2, 187, 《中国通史》（大字本）全五卷
26705810, 7.4, 417, 中国通史
01421650, 8.2, 177, 国史探微
34907465, 7.5, 364, 赛雷三分钟漫画中国史
01869719, 8.3, 145, 中国史
26663567, 8.4, 132, 中国历史地图——手绘中国·人文版
01180231, 8.0, 183, 中国通史 共12卷 22册
01936152, 8.2, 151, 中国历史年表
01834833, 8.7, 92, 中国通史选读
05419240, 9.7, 49, 中华科学文明史（上下）
04201705, 9.1, 66, 中国史纲
04747135, 7.3, 303, 中华帝制的衰落
34855123, 8.9, 72, 哇，历史原来可以这样学3
02229435, 7.6, 208, 葛剑雄写史
01014339, 8.3, 107, 中国通史
27664475, 8.5, 90, 中国史通论
02212347, 8.2, 108, 中国简史（上下卷）
03126610, 8.7, 70, 大唐西域记今译
01093093, 8.9, 60, 中国史纲
01473203, 8.5, 76, 萬古江河
06808417, 8.8, 61, 大学中国史
01269186, 8.2, 92, 中国通史（上册）
26411400, 7.4, 190, 中国通史
06510680, 9.0, 51, 中国通史
03734575, 7.8, 124, 世界历史中的中国
06119880, 8.6, 62, 中国文明的开始
02074542, 8.2, 80, 中国通史简编 第一编
26602439, 8.7, 54, 中国通史
11534051, 7.8, 101, 简明中国历史读本
04251874, 8.5, 58, 中国通史（全7册）
07060322, 7.1, 184, 历史的B面
02148714, 7.5, 118, 中国史纲（共三册）
05384442, 7.8, 84, 北美中国学
34858080, 9.2, 33, 中国通史大师课（全3册）
03774732, 7.3, 124, 非议历史
26600529, 7.6, 92, 中国通史
04127995, 7.2, 125, 文化的江山（上下册）
27075056, 8.7, 37, 中国历代大事年表
01615114, 7.8, 64, 中国历史·先秦卷
02916548, 8.4, 41, 西周史略
26285382, 8.8, 31, 细讲中国历史丛书
06015634, 8.7, 32, 中国史纲
26801141, 8.4, 38, 中国通史2
03129362, 8.8, 27, 中国史（上下册）
10775581, 8.8, 27, 国史大纲（全二册）
02977075, 8.6, 28, 中国通史要略
26801525, 8.4, 31, 中国通史3
05941553, 9.1, 21, 中华二千年史
11601221, 9.0, 22, 中国通史
26268907, 8.2, 33, 大中国史
26801524, 7.9, 39, 《中国通史.从中华先祖到春秋战国》
30206888, 9.3, 18, 国史新论
01813110, 7.8, 38, 中国通史
01110715, 6.8, 83, 简明中国古代史
01941180, 8.3, 26, 人文寻求录
10428249, 8.7, 21, 国史要义
01474963, 8.3, 25, 中国通史教程 第一卷 先秦两汉时期
05397149, 8.7, 20, 中国文明史（上下）
06985801, 7.5, 41, 一张大事年表，快读中国历史
25813858, 7.2, 51, 用年表读通中国史
03242193, 8.3, 24, 世界帝國的形成
03315650, 9.2, 15, Histoire de la pensée chinoise
04132086, 7.7, 30, 中国通史
01000572, 7.8, 28, 中国通史
27114725, 8.8, 16, 开明中国历史讲义（未删节版）
04085187, 7.5, 31, 白话本国史
27068578, 7.4, 33, 中国史纲要
01803239, 8.4, 18, 中国古代史（上下）
02261239, 7.5, 30, 中国行政区划通史-中华民国卷
04154999, 7.6, 28, 中国通史
04115324, 7.4, 32, 中国通史
20473605, 6.7, 57, 中国历史年表
03028546, 7.2, 37, 中国简明通史
01490516, 7.1, 39, 中国古代史
03187411, 8.1, 20, 中国通史（全十二册）
04299242, 8.1, 20, 中国古代史（上下册）
21335529, 8.8, 14, 吕著中国通史
02099338, 6.5, 63, 中国近代史
01065045, 7.3, 31, 国史概要
04766940, 8.0, 19, The Cambridge Illustrated History of China
30163274, 7.2, 31, 新编中国史（6卷本）
02146968, 6.9, 39, 中国史纲要 第一册
25742338, 6.3, 68, 国史纲目
06903139, 7.9, 18, 国运拐点
04935142, 7.4, 24, 2013年全国硕士研究生入学统一考试历史学基础名词解释
03274798, 7.3, 25, 中国史纲要 第三册
04839266, 5.7, 122, 中国现代史（上册）
01539427, 6.2, 62, 中国古代史(下册)
26852250, 8.0, 16, 中国通史
03260872, 7.1, 27, 中国通史（上卷）
25790316, 8.4, 13, 中华二千年史
20398004, 7.6, 19, 中国通史
01069074, 8.6, 11, 中国通史少年彩图版（全十册）
03274797, 6.6, 32, 中国史纲要 第二册
26813561, 6.9, 25, 中国通史4
03080481, 7.4, 18, 中国史纲要（上下册）
03274801, 7.4, 18, 中国史纲要 第四册
26268895, 7.8, 14, 中国通史
26704406, 7.5, 16, 中国通史
01455092, 7.6, 15, 中国的两位哲学家
03260870, 7.1, 20, 中国通史（下卷）
25828768, 8.2, 11, 吕思勉中国史
26813579, 6.4, 21, 中国通史5
01032441, 7.2, 10, 中国史稿
01910897, 5.8, 12, 中国通史教程
27172721, 4.4, 17, 数字解读中国通史(图文版)
03717325, 0.0, 10, 张荫麟讲中国史
04921595, 0.0, 11, 吕著中国通史
26172506, 0.0, 11, 中国通史
03030065, 0.0, 12, 中国史（上下卷）
33463954, 0.0, 13, 穿越时空看文明：全景手绘中国史
01316823, 0.0, 15, 中国历史大事年表·古代
