2020-07-05 15:59:54

number of books, tag name
275, 丹麦

ID, rating, votes, title
01046209, 9.2, 88881, 安徒生童话故事集
02361768, 9.3, 9337, 爷爷变成了幽灵
01765512, 9.1, 10367, 海的女儿
01784153, 9.4, 4439, 安徒生童话
01878265, 9.1, 4604, 安徒生童话
05320866, 8.3, 7135, 重来
01393903, 8.7, 3380, 交往与空间
26708306, 8.6, 3746, 北欧，冰与火之地的寻真之旅
01489401, 9.2, 1493, 安徒生童话
25913612, 8.2, 3971, 给孩子的诗
01949268, 8.9, 1375, 夜莺
01010779, 9.3, 742, 安徒生童话选集
01949237, 9.4, 478, 柳树下的梦
26308388, 8.9, 743, 走出非洲
27086103, 8.8, 803, 走出非洲
01003502, 9.3, 454, 安徒生童话故事全集（全四册）
01970486, 9.5, 364, 安徒生童话和故事选
30165023, 7.4, 3533, 北欧众神
06807767, 8.4, 877, 拥抱你的内在小孩
01203233, 9.4, 313, 安徒生童话精选
24697397, 9.6, 248, 畏惧与颤栗 恐惧的概念 致死的疾病
01058413, 8.6, 609, 没有画的画册
03987027, 9.1, 368, 非此即彼（上卷）
02039628, 8.5, 627, 不是我的错
27125070, 7.5, 2251, 高敏感是种天赋
01020296, 8.7, 488, 恐惧与颤栗
01008757, 9.0, 341, 致死的疾病
01132600, 8.8, 384, 月亮看见了
20266046, 8.4, 559, 走出非洲
01506334, 9.2, 247, 论反讽概念
01064068, 9.5, 190, 安徒生童话
01862008, 9.3, 218, 天国花园
04846027, 8.9, 305, 人性化的城市
30436197, 8.0, 719, 丹麦一年
01714832, 9.5, 162, 安徒生童话全集（全4册）
01322449, 9.5, 149, 安徒生童话故事集
27047684, 9.7, 127, 十九世纪文学主流
27086018, 8.5, 311, 南京1937
30303993, 8.1, 468, 北欧，凛冽的世界尽头
01949245, 9.3, 157, 沙丘的故事
27060680, 7.1, 1672, 丹麦人为什么幸福
03559682, 8.3, 347, 月光男孩
04872853, 8.3, 344, 漫画建筑进化论
27041316, 8.1, 411, 假如生活糊弄了你
01121447, 9.3, 134, 安徒生童话
03832990, 9.0, 159, 十九世纪文学主流（第一分册）
03042870, 9.5, 110, 安徒生童话全集
02230224, 7.5, 721, 北欧瑞典的幸福设计
01951042, 8.6, 220, 或此或彼
26364312, 8.1, 342, 呀！屁股
01949256, 9.1, 140, 干爸爸的画册
26285475, 9.3, 121, 爱的作为
05354689, 8.8, 168, 安徒生童话选集
02116803, 9.0, 142, 安徒生童话
01949258, 9.2, 119, 曾祖父
02002907, 9.3, 106, 安徒生童话选
01131805, 8.4, 202, 光荣的荆棘路
01943535, 8.5, 181, 我是大卫
01044502, 8.0, 287, 颤栗与不安
25760120, 9.0, 120, 走出非洲
05920539, 8.6, 164, 重复
06957387, 9.7, 75, 海的女儿
25982699, 8.5, 176, 克尔凯郭尔日记选
27052079, 9.2, 101, 人生道路诸阶段
01278864, 9.0, 116, 丑小鸭
34464688, 7.7, 365, 阿加特
03040011, 9.5, 80, 安徒生童话和故事选
25731642, 7.4, 508, 大黄蜂奇航
07060203, 7.8, 298, 沉默的十月
03737103, 7.8, 286, 克尔凯郭尔
03198676, 8.7, 120, 会飞的箱子
01204917, 9.7, 60, 安徒生童话
03195661, 9.8, 56, 安徒生童话精选
25755684, 7.8, 231, 诱惑者日记
01018256, 9.8, 51, 新注全本安徒生童话（全四册）
26369205, 9.1, 75, 恐惧和战栗
26927624, 8.5, 112, 为生活的设计
02982595, 9.6, 53, 小锡兵
04117142, 9.6, 53, 安徒生童话全集-全四卷
01225622, 8.9, 81, 安徒生童话故事全集.夏
01428475, 9.5, 54, 安徒生童话
26662927, 7.9, 174, 李子树上的男孩
24534051, 8.7, 88, 走出非洲
30232121, 8.7, 87, 皮德漫画
27104151, 9.2, 62, 恐惧与战栗
02737396, 8.9, 75, Number the Stars
02036491, 7.7, 200, 北欧的灿烂阳光
30283361, 7.2, 349, 黑城
06386804, 8.5, 96, 胡桃夹子
01848182, 8.4, 100, 论怀疑者
01005652, 9.1, 61, 安徒生童话
25837863, 8.7, 77, 安徒生童话故事集
06386802, 8.6, 78, 拇指姑娘
01225864, 8.5, 83, 即兴诗人
03766701, 9.6, 41, 安徒生童话全集（上中下）
04781018, 9.1, 53, Cities for People
04822258, 9.3, 46, 小琼斯的家被风吹走了
04100098, 9.1, 51, 国王的新衣
01199056, 8.6, 70, 克尔恺廓尔
01845049, 9.1, 50, 安徒生童话
30389952, 8.7, 64, 走出非洲
02677815, 7.8, 125, 非此即彼
02349014, 9.8, 32, The Art of Lisbeth Zwerger
01433613, 8.8, 55, 蒙古的人和神
05323757, 9.6, 34, 安徒生童话全集 二
24846812, 9.0, 46, 西方的敌与我
02982604, 9.8, 29, 拇指姑娘
01109969, 8.0, 87, 海的女儿
34439710, 9.3, 37, 走出非洲
26915770, 7.3, 165, The Little Book of Hygge: The Danish Way to Live Well
01860760, 9.6, 31, 安徒生童话全集之三
01322448, 8.9, 45, 安徒生文集（共四卷）
06386808, 8.2, 71, 七只乌鸦
01015145, 8.0, 82, 十八训导书
34887289, 8.0, 82, 共情沟通
06781805, 8.1, 75, 安徒生自传
01660174, 8.3, 64, 大自然如何工作
07564392, 8.1, 74, 德莱叶的电影
01757676, 8.7, 48, Fear and Trembling
30344997, 9.7, 28, 典藏版安徒生童话（Ⅰ）
03796227, 8.3, 61, 一个人的世界
35031397, 9.5, 30, DK蘑菇大百科
01784973, 8.2, 64, 重复
05399926, 8.3, 59, 五颗小豌豆
01290358, 8.0, 73, 诗人的市场
01044095, 9.2, 33, 安徒生童话-世界著名童话作品集
04766972, 7.8, 83, 他者的历史
01227051, 7.7, 90, 我的童话人生
25881871, 8.0, 70, 走出非洲
01037836, 8.5, 48, 克尔凯戈尔入门
05437044, 8.6, 45, 语法哲学
30407117, 7.5, 103, 安徒生自传：我的童话人生
25867526, 8.4, 50, 德摩斯提尼时代的雅典民主：结构、原则与意识形态
02379667, 9.1, 33, 小意达的花
27200421, 7.6, 91, 安徒生的帽子
05945094, 7.9, 70, 安徒生的童话人生
01665316, 8.1, 60, 悲剧：秋天的神话
05365441, 8.6, 39, 立法者的科学
30199132, 9.2, 28, 枞树
34913424, 9.0, 31, 克尔凯郭尔传
04834508, 9.5, 24, 安徒生童话全集（上中下）
27131105, 9.2, 27, 最后的、非科学性的附言
24866010, 7.8, 63, 地下室狗头
25982950, 9.0, 29, 猫屋
26662962, 9.0, 29, 没有
30327917, 8.8, 32, 你是所有的美妙
24872471, 8.5, 36, 爱是什么？
01102317, 8.3, 40, 一个外国人眼中五十年前的中国
01084314, 8.8, 29, 安徒生童话精选
04780336, 8.0, 47, 安徒生的小美人鱼
03181277, 8.6, 31, 安徒生童话故事集
25982952, 8.6, 31, 小火车头
25916623, 8.7, 29, 叶君健权威译本：安徒生童话全集（套装1~4册）
05423765, 7.7, 55, 读心人
04920273, 9.7, 18, 安徒生童话全集
02334990, 8.8, 27, Nielsen&#39;s Fairy Tale Illustrations in Full Color
25763727, 7.2, 80, 如果这是世上最后一首诗
26304007, 7.6, 55, 笼里的女人
30358489, 8.5, 30, 原野里的百合与天空中的飞鸟
01483722, 10.0, 15, Hans Christian Andersen&#39;s Fairytales
01832390, 8.0, 40, 安徒生童话全集
26324364, 8.0, 40, 一起玩形状游戏
05365442, 8.4, 31, 自然法与道德哲学
26375455, 8.5, 29, 走出非洲
10432799, 8.9, 23, 拇指姑娘
34805506, 8.9, 23, 穿越幻想之门的插画师：凯·尼尔森
01465064, 9.3, 19, Either/Or
02389283, 8.2, 33, The Danish Girl
26597235, 8.9, 22, 猪倌王子
19963928, 7.6, 48, 魔法面粉
03243814, 7.0, 77, 绝望的一跃
10453144, 7.3, 58, 好饿好饿的鳄鱼
30180596, 6.9, 83, 哥本哈根四条腿
04822256, 8.3, 28, 你从哪颗星星来？
03624782, 6.5, 124, 设计北欧
20257062, 7.9, 35, 恐怖的车轮
01203219, 8.8, 21, 安徒生童话集（4）
10423611, 9.4, 16, Hammershoi and Europe
01171191, 8.3, 27, 安徒生童话全集
01116381, 7.6, 42, 尼耳斯·玻尔传
26304009, 7.6, 42, 瓶中信
01075946, 8.1, 30, 一个诱引者的手记
01469134, 7.1, 61, 127天丹麦童话之旅
03096102, 9.6, 14, Hammershoi
11615286, 9.1, 17, 两条腿
06523705, 9.2, 16, Lisbeth Zwerger: The World of Imagination
01201442, 8.8, 19, 安徒生童话
30279073, 8.8, 19, 人生道路诸阶段
30324570, 7.8, 33, 关于同一个男人简单生活的想象
24873036, 9.5, 14, 遠離非洲
03038897, 9.0, 17, 挪威.瑞典.芬兰.丹麦地图册
02013759, 7.2, 50, 北欧文学大花园
02138801, 8.0, 28, 月光男孩
26304008, 7.6, 36, 野鸡杀手
01225865, 8.3, 23, 奥·特
26384971, 8.4, 21, 北欧文学论
01856987, 9.3, 14, Philosophical Fragments/Johannes Climacus
06386805, 8.3, 22, 伊索寓言
24868402, 8.7, 18, 恶童
01046896, 9.1, 15, 安徒生童话
25752978, 7.8, 29, 自行车蚊子埃贡
04180358, 7.3, 41, 丹麦当代戏剧选
01147001, 6.7, 68, 概念恐惧·致死的病症
30394589, 8.4, 20, 月亮看见了
25886349, 8.2, 22, 日记的鲁迅
01813748, 8.8, 16, 安徒生童话
25752967, 8.8, 16, 小象米米波
04915367, 8.2, 20, 蒙古的人和神
03606176, 9.3, 12, 安徒生童话选
20380520, 7.8, 24, 黑格尔或基尔克郭尔
26719439, 7.2, 36, 天国
26359372, 8.0, 21, 丹麥女孩
01419633, 7.0, 39, 克尔凯郭尔
34876214, 8.3, 17, 索尼娅的驾驶课
06715662, 8.9, 13, Babette&#39;s Feast
25901228, 7.8, 22, 乐婆婆和她的小狗
05992652, 8.4, 16, 北欧
33418856, 7.4, 28, 沉默的十月
03235583, 7.7, 23, 哥本哈根
01844196, 8.2, 17, 克尔凯郭尔
03059370, 8.2, 17, 鞋匠的儿子
01085140, 8.4, 15, 安徒生童话
10453145, 8.0, 18, 小白学发声
02043868, 7.6, 22, 幸运儿彼尔
23167640, 7.0, 33, 丹麦史
02033377, 7.8, 19, 普通人狄蒂
06854481, 8.0, 17, 懸案密碼：籠裡的女人
01949933, 8.0, 16, 磨坊血案
01947769, 7.5, 21, 曾经男人的三少女
10512690, 8.4, 13, 五颗豌豆
02045736, 8.2, 14, 漫长的旅行（诺贝尔文学奖精品典藏文库/精装本）
11501596, 6.8, 33, 漫步北欧丹麦&amp;瑞典设计
06507595, 7.6, 19, 受难中的激情
02013572, 8.4, 12, 建筑与都市012（A+U中文版）
25702146, 7.1, 24, 金矿效应:探寻卓越表现背后的秘密
06002238, 7.3, 20, 妇女在经济发展中的角色
04748741, 6.5, 36, 克尔凯郭尔
01057872, 7.1, 22, 梦想社会
27072006, 7.1, 22, 尼尔斯·伦奈
04738824, 8.0, 13, The LEGO Book
01178411, 7.7, 15, 丹麦——异域风情丛书
01098749, 7.1, 21, 恋爱中的布莱希特
26757570, 7.5, 16, The Year of Living Danishly
27155386, 7.1, 20, The Little Book of Lykke
26719440, 6.2, 41, 希默兰的故事
26270493, 7.8, 12, 北欧模式
20368578, 6.6, 24, 丹麦手绘旅行
04888658, 6.7, 22, 丹麦王国史
25894678, 5.6, 61, 内马尔：无畏质疑
01548566, 7.3, 14, 1875-2000年丹麦设计集锦
21356604, 8.0, 10, 建筑与都市046（A+U中文版）
20559354, 6.7, 20, 女人都不说男人都不问
25886439, 7.8, 10, 只赢不输
26675855, 6.8, 17, 明娜
32568960, 6.0, 30, 北欧寻味记
01943952, 7.1, 13, 乐土 母亲
25918294, 7.5, 10, 道德经济
10428361, 6.2, 22, 我的朋友X
10801041, 6.0, 26, 马士基传
34926555, 7.4, 10, 空手劈
20469089, 7.2, 11, 行李箱男孩
01150045, 6.7, 14, 北欧社区
03187483, 5.6, 23, 麦地丹心
03410802, 0.0, 10, 童话王国的使者
10512694, 0.0, 10, 小伊达的花
10825744, 0.0, 10, 没有画的画册-安徒生童话
26696622, 0.0, 10, 一只蓝眼睛的猫
34459250, 0.0, 10, 她的秘密人生
02954864, 0.0, 11, alphabet
03644276, 0.0, 11, 安徒生童话
04926909, 0.0, 11, 坚定的锡兵
10512692, 0.0, 11, 丑小鸭
01871842, 0.0, 12, Out of Africa and Shadows on the Grass
27624434, 0.0, 12, 陶冶性的讲演集
10512691, 0.0, 14, 野天鹅
