2020-07-05 15:59:54

number of books, tag name
648, 书籍

ID, rating, votes, title
04913064, 9.4, 496830, 活着
01007305, 9.6, 291287, 红楼梦
01068920, 9.3, 158304, 飘
04820710, 9.3, 147861, 1984
01858513, 9.0, 135101, 月亮和六便士
01040211, 9.2, 92084, 福尔摩斯探案全集（上中下）
01046209, 9.2, 88881, 安徒生童话故事集
01254588, 9.0, 100376, 城南旧事
03995526, 8.6, 185202, 目送
01209899, 9.1, 59158, 我与地坛
03071717, 8.8, 84666, 爱你就像爱生命
02070844, 8.8, 76290, 梦里花落知多少
01002898, 9.2, 37773, 父与子全集
33440205, 8.9, 60916, 你当像鸟飞往你的山
03369793, 8.6, 102482, 亲爱的安德烈
03608208, 8.5, 120383, 牧羊少年奇幻之旅
01088065, 8.7, 71893, 阿Q正传
01080370, 8.6, 86190, 情书
02159042, 8.5, 101228, 挪威的森林
05414391, 9.0, 41467, 寻路中国
01029111, 8.9, 44655, 哭泣的骆驼
04207781, 8.7, 62350, 孩子你慢慢来
03162991, 9.6, 14970, 艺术的故事
01119522, 8.4, 102867, 呼啸山庄
01963684, 8.6, 69830, 半生缘
24754316, 8.7, 56071, 最好的我们
01088581, 8.8, 45245, 浮生六记
01003000, 8.3, 112845, 悟空传
04742918, 8.3, 111154, 1Q84 BOOK 1
01467022, 9.2, 22489, 上帝掷骰子吗
01008357, 8.6, 57729, 水浒传（全二册）
01016003, 8.1, 153079, 鲁滨逊漂流记
03554154, 8.9, 33158, 阿狸·梦之城堡
01082334, 8.1, 144823, 穆斯林的葬礼
26382433, 8.2, 115947, 无声告白
01036274, 8.6, 51784, 夏洛的网
03626924, 8.9, 30843, 明朝那些事儿（柒）
01013267, 9.4, 14477, 唐诗三百首
21371175, 9.2, 18609, 罗杰疑案
01012611, 8.2, 98205, 乌合之众
01086249, 8.6, 44973, 荆棘鸟
24153048, 8.9, 27067, 东方快车谋杀案
26953606, 9.1, 18808, 人类简史
03026879, 8.8, 28933, 爱的艺术
01786387, 8.6, 39605, 影响力
03014576, 8.3, 64402, 陪安东尼度过漫长岁月
25762009, 9.1, 16809, 教父
01291809, 8.6, 37091, 世界尽头与冷酷仙境
01865089, 8.4, 51684, 瓦尔登湖
01449348, 8.9, 22091, 彷徨
05275059, 7.9, 138107, 1988：我想和这个世界谈谈
04231381, 8.4, 48887, 那些回不去的年少时光
01316648, 8.3, 58850, 查令十字街84号
24859822, 8.6, 34265, 无人生还
01258490, 9.2, 13205, 基地
01020459, 8.4, 46999, 此间的少年
01418686, 8.7, 27666, 红拂夜奔
01003078, 9.2, 12311, 小王子
26963321, 8.7, 25299, 步履不停
26943161, 8.4, 41440, 未来简史
03578470, 9.0, 15418, 德米安
01213546, 8.4, 40967, 变形记
24934182, 8.1, 68606, 一个人的朝圣
01018577, 8.9, 16385, 霸王别姬 青蛇
02053249, 8.1, 62226, 麦田里的守望者
03609132, 8.4, 35480, 把时间当作朋友
02326571, 8.5, 28324, 琅琊榜
01919201, 8.4, 32757, 七夜雪
05366248, 8.2, 44291, 你一定爱读的极简欧洲史
02160556, 9.1, 10182, 十万个为什么
04173968, 8.4, 30156, 盗墓笔记6
03800166, 8.4, 29859, 盗墓笔记5
04124727, 8.1, 51464, 孤独六讲
02022979, 8.0, 62015, 喜宝
05254315, 8.4, 28751, 盗墓笔记7
01082150, 8.4, 28333, 白银时代
01056295, 8.2, 39845, 人性的弱点全集
01021847, 8.5, 22885, 我的心中每天开出一朵花
01963310, 8.2, 36978, 大地之灯
01082138, 8.4, 25748, 在细雨中呼喊
01008189, 8.9, 11519, 西方哲学史（上卷）
03426869, 7.8, 80127, 三生三世 十里桃花
01258489, 9.3, 6586, 第二基地
03344676, 8.1, 42994, 常识
04074636, 7.6, 121323, 放学后
26340138, 7.6, 120570, 岛上书店
25733470, 8.2, 35176, 没有色彩的多崎作和他的巡礼之年
01082518, 7.9, 59966, 麦田里的守望者
01020670, 8.3, 27952, 舞！舞！舞！
01794844, 8.5, 19466, 有一天啊，宝宝……
01049354, 8.6, 16375, 又寂寞又美好
10763902, 7.7, 87524, 偷影子的人
01026035, 9.1, 7781, 你看起来好像很好吃
27608239, 8.4, 22260, 原则
03598313, 7.9, 55931, 西决
01258491, 9.2, 6696, 基地与帝国
01322025, 8.7, 13300, 卓有成效的管理者
04238754, 8.0, 40774, 失恋33天
30473909, 9.1, 6838, OPUS 作品
04872671, 8.2, 27465, 佛祖在一号线
01125186, 8.5, 16404, 半生缘
25697546, 8.6, 13905, 尼罗河上的惨案
03268399, 8.4, 18451, 上海堡垒
01440089, 8.3, 21712, 那些生命中温暖而美好的事情
06401128, 8.9, 8504, 批评官员的尺度
02334065, 9.4, 4309, 塔希里亚故事集
01926103, 8.0, 34241, 鬼吹灯之云南虫谷
04011440, 8.0, 31722, 最初的爱情 最后的仪式
26768309, 8.1, 25852, 查令十字街84号
01485224, 8.5, 13109, 悟空传
04010196, 8.1, 25031, 世界因你不同
01082584, 8.7, 9283, 追忆似水年华 Ⅰ
04105446, 8.2, 20472, 十一种孤独
02243213, 7.8, 43028, 山楂树之恋
03826899, 8.7, 8979, 布鲁克林有棵树
02271450, 8.6, 10284, 镜·神寂
03010133, 8.4, 13960, 琥珀·恋爱的犀牛
01013502, 7.6, 60625, 钢铁是怎样炼成的
02283084, 8.0, 27159, 云中歌1
04009552, 7.5, 67277, 幻夜
04180711, 8.2, 16359, 拖延心理学
03836566, 8.6, 8436, 玫瑰的名字
01938591, 7.9, 27064, 鬼吹灯之昆仑神宫
27029890, 8.0, 22474, 外婆的道歉信
03616310, 7.6, 47493, 小团圆
01916726, 7.8, 31507, 鬼吹灯之龙岭迷窟
01005576, 8.9, 5249, 影响力
01058234, 7.7, 37343, 二三事
26292535, 9.0, 4503, 帷幕
02331434, 7.6, 44726, 原来你还在这里
02042063, 8.4, 10349, 伊斯坦布尔
01926700, 7.7, 35875, 关于莉莉周的一切
02317974, 8.5, 8822, 德川家康（第一部）
04127527, 8.1, 16857, 厨房
02382707, 8.6, 7389, 镜·双城
10785583, 8.2, 13618, 思考，快与慢
27170951, 8.1, 15859, 生吞
24737009, 8.3, 11268, ABC谋杀案
25837845, 9.5, 2247, 战争与和平
01453210, 7.4, 59053, 一座城池
01049522, 8.8, 5138, 西西弗的神话
24753751, 8.1, 14701, 向前一步
26118072, 7.7, 29980, 祈祷落幕时
02083981, 8.7, 5662, 了凡四训
03765620, 8.7, 5494, 在漫长的旅途中
02061644, 8.2, 11675, 伤心咖啡馆之歌
01108762, 9.3, 2563, 诗经
25811462, 8.2, 11653, 小顾聊绘画·壹
02382710, 8.6, 6143, 镜·破军
30254298, 7.7, 27000, 云边有个小卖部
10747883, 8.0, 15268, 怦然心动的人生整理魔法
03069729, 8.2, 10837, 碧甃沉
03009033, 7.8, 21727, 杂的文
03566368, 8.2, 10647, 空谷幽兰
03899039, 8.1, 12439, 刺猬的优雅
03879026, 8.2, 10539, 死亡通知单
02143304, 8.1, 12309, 我爱问连岳
25717097, 8.6, 5682, 囚徒健身
01045247, 7.7, 24625, 面包树上的女人
03034184, 8.0, 13586, 鬼吹灯Ⅱ之四巫峡棺山
01485495, 8.0, 13386, 楼下的房客
07059662, 8.1, 11221, 考拉小巫的英语学习日记
02275502, 8.2, 9517, 十年一觉电影梦
02337600, 8.0, 13063, 诛仙
04071842, 8.5, 5888, 路西法效应
03067169, 7.9, 15431, 丑陋的中国人
01024062, 9.6, 1518, 卡拉马佐夫兄弟
03010130, 7.7, 21790, 悲观主义的花朵
03293231, 7.7, 21572, 许我向你看
06974102, 7.6, 25386, 盗墓笔记8·大结局（下）
03103080, 7.6, 24547, 须臾
26314954, 8.7, 3965, 光荣与梦想（套装共4册）
01006113, 7.8, 16077, 源氏物语
02123957, 8.2, 8085, 绝对小孩
27662713, 9.3, 1847, 舆论
03246904, 8.1, 9152, 蒂凡尼的早餐
01437973, 8.7, 3733, 亲密关系
02062202, 7.8, 14989, 绾青丝Ⅲ
01006004, 7.5, 25662, 樱桃之远
24749465, 7.4, 31521, 断舍离
26929955, 7.8, 14297, 腾讯传
02009825, 7.5, 24712, 绾青丝Ⅰ
26297606, 7.5, 24547, 从0到1
03080607, 8.3, 6086, 我爱问连岳Ⅱ
04154988, 8.0, 9718, 纯真博物馆
26314627, 8.9, 2656, 万物：创世
05317075, 7.1, 57684, 蔡康永的说话之道
01478487, 7.8, 13493, 曼珠沙华
01777823, 8.1, 8068, 八十年代访谈录
01914572, 7.6, 19345, 誓鸟
25986273, 8.4, 5020, 五只小猪
03274851, 8.0, 9202, 原谅我红尘颠倒
01023500, 7.6, 18591, 告别薇安
01472946, 8.4, 4875, 《华尔街日报》是如何讲故事的
06114393, 8.1, 7665, 大家都有病
01829836, 7.7, 15125, 品三国（上）
01012117, 8.3, 5568, 仲夏夜之梦
30225784, 8.8, 2723, 偷书贼
01023658, 8.6, 3420, 许三观卖血记
02073345, 8.8, 2624, 拜伦 雪莱 济慈 抒情诗精选集
20507212, 8.0, 8158, 习惯的力量
01020644, 8.1, 6844, 金字塔原理
01915536, 7.3, 27397, 尘埃星球
02570719, 8.2, 5393, 诛仙全集（全六册）
03266968, 7.2, 33362, 秘密
02042907, 7.8, 10016, 品三国（下）
26376603, 8.0, 7119, 秘密花园
02328178, 9.0, 1759, 态度改变与社会影响
26848051, 8.3, 4315, 造房子
04749115, 7.5, 16432, 蔡康永的說話之道
26761696, 7.5, 16125, 精进
02267630, 8.3, 4107, 凯尔特的薄暮
03183785, 7.6, 12836, 爱你，是我做过最好的事
02382094, 7.7, 10700, 绾青丝Ⅳ（上）
04741216, 7.3, 23095, 我的奋斗
02699701, 7.5, 15350, 歌尽桃花
01049361, 8.3, 4038, 比我老的老头
05264779, 7.4, 17983, 背包十年
01125556, 8.6, 2548, 朝花夕拾
03032690, 9.3, 1119, 被人遗忘的人：中国精神病人生存状况
06864307, 7.4, 16838, 像我这样笨拙地生活
02257609, 7.9, 6822, 圈子圈套3
02350407, 8.2, 4284, 寂静的春天
01183730, 8.5, 2808, 谈话的力量
03124547, 7.7, 9364, 藏地密码2
01320206, 8.8, 1887, 电影是什么？
03181927, 7.6, 11037, 大便书
03097539, 8.9, 1665, 自由选择
33459737, 8.2, 4128, 书店日记
34431806, 9.0, 1469, 失败者的春秋
02137491, 8.4, 3006, 镜·归虚1
01005915, 8.7, 2027, 艺术哲学
03759806, 8.3, 3350, 西藏一年
03908032, 7.3, 18031, 怪诞心理学
03318174, 8.1, 4435, 这书能让你戒烟
25929085, 8.1, 4220, 阳光下的罪恶
06438010, 8.6, 2126, 少有人走的路
24535899, 8.2, 3571, 悬崖山庄奇案
24875416, 8.3, 3090, 生命最后的读书会
02008406, 8.2, 3548, 红楼梦魇
01796596, 7.2, 19686, 左耳
21692860, 7.8, 6364, 斯泰尔斯庄园奇案
11506941, 7.9, 5400, 我们始终牵手旅行
03131814, 8.7, 1749, 笔记大自然
03018322, 7.5, 10443, 活着活着就老了
03682204, 7.6, 8686, 佐藤可士和的超整理术
03290010, 7.0, 28565, 澜本嫁衣
06844341, 7.6, 8506, 牡蛎男孩忧郁之死
01044203, 8.1, 3761, 伤花怒放
05913475, 8.2, 3160, 高难度谈话
24736805, 7.5, 9757, 我所有的朋友都死了
26575812, 7.0, 25932, 阿弥陀佛么么哒
02142574, 8.7, 1592, 时光中的时光
01041616, 7.4, 10994, 那些忧伤的年轻人
01455933, 7.5, 9078, 你好，忧愁
26905152, 8.8, 1379, 麦田里的守望者
10476698, 7.5, 8760, 因为痛，所以叫青春
03678694, 7.4, 10533, 窗灯
33436921, 8.8, 1339, 战国歧途
30441551, 8.8, 1326, 烧纸
02062430, 7.0, 22283, 泡沫之夏Ⅲ
25905706, 8.2, 2706, 高尔夫球场命案
21966353, 7.6, 6792, 贫穷的本质
03622904, 7.2, 13723, 不抱怨的世界
03621252, 7.4, 9297, 曾经
33657946, 8.5, 1730, 波拉尼奥：最后的访谈
03055316, 7.7, 5430, 第十三个故事
02376313, 8.8, 1194, 查拉图斯特拉如是说
01046385, 7.1, 15888, 毒
24852594, 8.0, 3235, 底牌
03101457, 7.5, 7162, 紫阳花日记
03224456, 7.7, 5085, 少有人走的路Ⅱ
24876477, 7.2, 11901, 很高兴见到你
02567960, 7.6, 5619, 镜·织梦者
30177172, 8.7, 1195, 没有人给他写信的上校
01041912, 8.0, 2910, 黄昏里的男孩
02302080, 7.8, 3882, 神之右手
25900388, 8.6, 1304, 生活在别处
10763170, 8.4, 1632, 发条女孩
01048931, 7.6, 5187, 天堂向左，深圳往右
26689987, 8.3, 1820, 波洛圣诞探案记
07067934, 7.7, 4323, 打工旅行
02124556, 8.3, 1781, 黑书
24875976, 8.3, 1720, 失落的优雅
34912805, 8.8, 930, 七个疯子
30301376, 8.5, 1267, 企鹅经典：小黑书 第一辑
33455204, 8.5, 1254, 博尔赫斯：最后的访谈
24754537, 7.4, 5587, 简单的逻辑学
01320205, 8.3, 1464, 法国电影新浪潮
01028916, 6.9, 14750, 雨衣
26934555, 8.0, 2066, 法医秦明作品集
26673941, 8.2, 1555, 正午1
03100582, 8.2, 1521, 第十二夜
10570587, 7.3, 5992, 就想开间小小咖啡馆
27187198, 8.6, 933, 我身在历史何处
02133074, 7.0, 10207, 20几岁，决定女人的一生
25896617, 7.3, 5631, 第十一根手指
01043201, 6.8, 15347, 毕业那天我们一起失恋
02119843, 6.8, 15342, 钝感力
03088496, 7.5, 3915, HANA
35005062, 8.4, 1108, 银河系边缘的小失常
10537640, 6.9, 11922, 如丧
02081286, 6.9, 11876, 沙漏II
02036345, 7.6, 3265, 创意市集2·玩心大发
02236125, 9.7, 303, 张悬 亲爱的 我还不知道(CD)
03223917, 8.0, 1768, 颜色的故事
02381093, 7.4, 4383, 一辈子做女孩
26772419, 7.5, 3702, 幸存者
02300813, 8.8, 678, 收割电影
25775069, 7.1, 7534, 让我留在你身边
26579926, 9.4, 380, 瓦尔登湖
02324366, 7.6, 3010, 广告拜物教
02223180, 8.6, 804, The Copy Book 全球32位顶尖广告文案的写作之道
04240403, 7.1, 7072, 最好的女子
01908685, 8.2, 1277, 精神焦虑症的自救（病理分析卷）
25811656, 7.8, 2165, 人性记录
30226251, 8.2, 1236, 五芒星
03587025, 8.0, 1559, 九州·星痕
03253983, 8.1, 1367, 原来这才是春秋 第一部:《称霸》
03550606, 7.8, 2039, 哈娜·时间胶囊
27020287, 8.0, 1536, 运营之光 2.0
03006483, 7.7, 2320, 每周工作4小时
01082601, 7.5, 3159, 羊皮卷
26349251, 7.4, 3684, 清道夫
26962860, 8.0, 1491, 牙医谋杀案
25798977, 7.2, 5135, 去你家玩好吗
01843154, 8.8, 565, 浮生六记
01876333, 7.7, 2144, 没有国家的人
25813579, 8.2, 1086, 让创意更有黏性
01161947, 8.4, 832, 尘埃落定
03240421, 8.2, 1048, 有猫在
03829908, 9.6, 261, 格林童话
26682111, 7.4, 2986, 从零开始做运营
24745639, 7.6, 2149, 麦肯锡教我的写作武器
01083444, 8.1, 1062, 文案发烧
02383005, 7.4, 2873, 巴黎手作创意人
01021597, 6.6, 13177, 一光年的距离有多远
03806309, 7.5, 2304, 如何写影评
01069210, 7.3, 3078, 痴人之爱
27083910, 7.4, 2597, 偷窥者
33378002, 7.9, 1226, 焦渴
02300073, 7.5, 2137, 奋斗（上）
03034068, 7.9, 1201, 神保町书蟲
06753830, 7.8, 1348, 文案训练手册
30346157, 8.0, 1031, 三幕悲剧
03243762, 7.8, 1332, 坐拥书城
02057796, 9.1, 321, 鲁迅文集
02359212, 7.5, 1981, 文化@私生活
02734343, 8.5, 555, 情感动物园
01034479, 6.5, 13033, 我为歌狂
02042966, 6.9, 5419, 双生水莽
26833837, 7.6, 1623, 遗落的南境（三部曲）
24854628, 7.7, 1399, 文案创作完全手册
01042149, 8.1, 810, 伯格曼论电影
02972658, 8.0, 899, 包容的智慧
03014715, 7.1, 3359, 岛（Vol.10）
25859052, 7.5, 1754, 沉默的证人
25877121, 7.6, 1515, 古墓之谜
02145946, 8.5, 496, 萨提亚家庭治疗模式
01794202, 7.2, 2744, 苏丝黄的世界
25961788, 7.4, 1911, 死亡约会
26319791, 8.7, 388, 自我
03682751, 7.7, 1195, 谈判力
25975449, 9.5, 191, 小王子
30194496, 8.7, 358, 朋友之间
03837280, 8.1, 670, 黑天鹅
27593007, 7.8, 948, H庄园的午餐
02032347, 8.8, 317, 怎样欣赏音乐
01700856, 9.5, 178, 红楼梦
02156635, 7.5, 1372, 有人喜欢冷冰冰
02008542, 8.7, 332, 创意之道
03853342, 8.0, 686, 广告文案
03127834, 8.5, 397, 广告文案训练手册
25919321, 7.2, 2060, 云中命案
26246928, 7.7, 974, 空幻之屋
03105385, 7.0, 2775, 恋空（上）
34437265, 8.0, 646, 冯内古特：最后的访谈
30310479, 8.8, 284, 态度改变与社会影响
26276929, 7.6, 1072, 葬礼之后
05408875, 7.3, 1587, 一胜九败
24297906, 6.6, 5491, 不畏将来 不念过去
03374560, 9.0, 226, 情感动物园
26754330, 7.7, 807, 真相推理师：复仇
27168701, 7.1, 1919, 爆款文案
25660015, 6.7, 3918, 以自己喜欢的方式过一生
26824034, 7.4, 1190, 蓝色列车之谜
26409799, 7.2, 1565, 独立日：用一间书房抵抗全世界
02266126, 8.7, 255, 书戏
03112523, 8.3, 371, 絕色
01024159, 8.0, 503, 阅读史
01043579, 6.6, 4203, 美容大王
01042609, 8.2, 400, 浴室 先生 照相机
33590608, 7.3, 1229, 马尔克斯：最后的访谈
30222412, 7.6, 799, 复仇者
01083066, 7.7, 694, 萤窗小语
02278366, 8.9, 202, 长腿叔叔
25867744, 8.1, 406, 简单冥想术：激活你的潜在创造力
01986074, 7.0, 1693, 我们始终没有牵手旅行
26905096, 8.4, 286, 治字百方
03709462, 6.7, 2810, 放弃你，下辈子吧
26437067, 7.6, 681, 文案训练手册
03069229, 7.0, 1618, 爱情是个冷笑话
26434719, 6.5, 4048, 你一年的8760小时
34854035, 7.7, 561, 蟑螂
03118822, 7.5, 690, 阑珊纪
30325761, 8.2, 308, 人人都能用英语
33455202, 7.2, 1016, 海明威：最后的访谈
02224959, 8.7, 188, 塔莎老奶奶的美好生活 2 創造你的生活樂趣
02152546, 8.0, 353, 书籍设计
34809718, 7.3, 824, 蝙蝠
30179173, 7.5, 606, 清洁女工之死
26990606, 7.8, 414, 愿你，归来仍是少年
30312954, 7.7, 458, 顺水推舟
33474741, 9.0, 128, 我们1班的作文课（全2册）
25958166, 7.6, 471, 吸金广告
02339895, 8.4, 203, PRINT ＆ FINISH 印前印后
02281055, 7.8, 363, 小就是大
03178812, 7.9, 322, 如果你记得这条街
02150749, 7.1, 872, 小规模荡气回肠
25953929, 7.4, 573, 一战简史
02381285, 7.8, 353, 世界简史
35047243, 8.4, 194, 走出孤岛
26612116, 7.0, 884, 真相推理师：幸存
30158607, 7.4, 506, 赫尔克里·波洛的丰功伟绩
02253734, 9.1, 101, 罗丹艺术论
26144578, 8.9, 115, 基督山伯爵
01318983, 7.4, 486, 徐老师一分钟瘦身操
26881206, 8.5, 154, 人生的智慧/西方经典文库系列
02102210, 9.0, 103, 重要的不是艺术
26427949, 8.6, 138, 追迹三代
26789637, 7.1, 668, 弄假成真
27014628, 8.6, 133, 完全自殺マニア―日本自殺年表人名データベース
26297045, 7.0, 740, 鸽群中的猫
34913222, 7.5, 375, 书情书
26687878, 6.8, 979, 万圣节前夜的谋杀
27192734, 8.3, 162, 装订考
30354231, 7.3, 466, 雪地上的女尸
30484721, 8.0, 210, 正午7
26874197, 7.2, 513, 蒙面女人
01474522, 8.5, 126, 安藤忠雄作品集
26604034, 6.5, 1413, 真相推理师：嬗变
33657999, 7.3, 409, 大卫·福斯特·华莱士：最后的访谈
26293216, 7.2, 463, 二战简史
10580967, 9.1, 77, 书籍设计基础
01956567, 9.2, 72, 斯宾诺莎读本
30322985, 7.4, 345, 心理游戏
30299534, 7.6, 271, 婚姻中的陌生人
01550317, 9.5, 59, 国际商务游戏规则
30241585, 7.4, 336, 真相推理师：破镜
02139102, 9.5, 58, Euan Uglow
03017592, 7.8, 208, 伊斯兰教
30318640, 7.2, 395, 幽巷谋杀案
30306723, 7.4, 306, 埃及神话
04251472, 9.1, 68, 美国顾洛阜藏中国历代书画名迹精选
27085259, 9.3, 60, 狂人日记(精)/鲁迅小全集
34922184, 9.6, 50, 西方政治思想史
03678708, 7.2, 362, 彩妆天王Kevin美妆宝典
34941279, 7.8, 182, 破碎之家
10761240, 8.2, 121, 古典作曲家排行榜
34941230, 9.3, 55, 人生海海，素履之往
01545941, 9.1, 62, 乐府诗集
03125837, 7.8, 165, 把妹達人 2
01267802, 8.3, 106, 自由的有限性
30137395, 7.3, 279, 正午5
27115917, 6.7, 611, 大象的证词
01021638, 6.3, 1179, 我的禅
01331647, 8.8, 69, 意志與表象的世界
30338153, 5.8, 3187, 景恒街
26889464, 9.2, 53, 纪伯伦英汉双语诗集：先知
30153697, 6.8, 473, 第三个女郎
10543563, 8.1, 113, 源氏物语（全译彩插绝美版）
01790565, 6.8, 467, 地球杀场
03013980, 8.9, 60, El Amor En Los Tiempos Del Colera
27616951, 8.2, 99, 百年战争·第一卷
30288491, 6.7, 503, 海面之下
26899539, 6.5, 662, 山核桃大街谋杀案
30395178, 7.2, 248, 浮生
03668219, 8.1, 102, Small Studios
01997456, 9.3, 44, The Collected Poems
30381753, 6.5, 618, 首相绑架案
26924831, 6.2, 984, 四魔头
01754969, 8.7, 61, Vivienne Westwood
01189106, 9.1, 47, 突厥语大词典
20443556, 5.6, 3501, 老人与海
30212422, 6.7, 399, 怪钟疑案
25950447, 7.0, 264, 有一只老虎在浴室
26932735, 7.1, 233, 从尊敬一事无成的自己开始
02303173, 8.4, 67, 双城记
26434691, 7.0, 247, 长脖子女人
30331047, 8.3, 71, 不折腾：大众创业成功法则
05988607, 6.7, 354, 阅读的未来
20429193, 7.3, 167, 期货投资的艺术
34933157, 8.4, 62, 带着故乡去流浪
02984824, 7.2, 176, 玉体横陈
01048939, 7.3, 156, 寻找自己
26578454, 8.9, 44, 世界葡萄酒地图（第七版）
34970437, 9.4, 33, 拜占庭的衰亡
01725500, 7.5, 124, 驭兽斋6·妖兽争霸
26421322, 7.1, 179, 蔬菜之神
03289906, 9.5, 30, MOE
04275033, 8.1, 67, 挺经冰鉴
33412355, 8.6, 46, 人间失格
30336090, 8.8, 40, 词霸天下
01261848, 8.7, 41, 茶花女
34952365, 9.2, 31, 书店时光
10427995, 7.4, 109, 种子
02145345, 8.5, 46, 了凡四训译解
05400336, 8.7, 39, From Magazines
03561200, 8.6, 41, 朝花夕拾野草
06114918, 8.7, 38, 我為什麼要練琴
10508981, 8.2, 52, 1支笔画出幸福绘本
01106987, 8.3, 48, 月光森林
02016485, 9.1, 30, 赢得朋友
02305235, 7.8, 68, 心理学职业发展之路
25909436, 7.1, 129, 幸福的哲学
03797340, 5.9, 707, 日本人的色道
03264637, 7.2, 114, 女人突围
02267337, 9.3, 26, Jeff Wall
05339852, 8.4, 42, 婚姻书
25850135, 7.5, 81, 必须冒犯观众
03862636, 7.3, 97, 忘了我
05912726, 8.1, 50, 被羡慕的幸福
01391790, 7.9, 56, 巨人的诞生
02247588, 7.2, 100, 兽王-宠兽大赛
30732457, 7.1, 108, 文案基本功
34978376, 9.1, 26, 天生的标签
30868531, 7.4, 80, 我用阅读教育孩子
05299913, 7.7, 59, 不機車 很推車
34710127, 8.2, 40, 孤儿故事
01023958, 7.0, 103, 名摄影师眼中的世界（彩色卷）
03877719, 8.5, 32, 颠倒
26857207, 8.8, 27, 福尔摩斯探案全集
02461376, 9.1, 23, Roger Ballen: Shadow Chamber
01932532, 7.8, 49, 彼得.沃克
34941519, 8.6, 29, 我们都是书的囚徒
34775997, 8.4, 32, 书世界·第一集
26816548, 7.7, 51, 《岁月绽放的花·水彩绘》
04767381, 6.5, 161, 成为世界第一美女的减肥法
03327505, 7.9, 42, 交流东西书籍设计
30389943, 6.4, 174, 凯尔特神话
06534888, 7.1, 77, 哲学的咖啡馆
27105646, 8.3, 31, 书艺
04158104, 8.1, 34, 爱得过分的女人
01870772, 8.4, 26, 寫我的書
30217557, 7.6, 43, 敬人书语
01201948, 9.1, 18, 傲慢与偏见
25773433, 7.6, 42, 你欠大学一次远行
30855387, 7.4, 48, 半世烟雨，半世落花：李清照词传
25801166, 7.2, 56, 中国旧书店
02157027, 8.3, 26, Diane Arbus
35059301, 8.7, 21, 书见·第二季
01787723, 7.1, 59, 在淘宝网开店
02061322, 7.0, 64, 陌生人群
26915717, 7.4, 45, 焚毁书籍
03234117, 7.2, 52, 女人一定要理财
02379519, 8.8, 19, 摄影机和我
04898906, 8.2, 25, 風味聖經
03698061, 8.0, 28, 新派川菜108式
05375440, 8.0, 28, 中国最美的书2006-2009
01173689, 7.9, 29, 建筑设计方法入门
03878636, 7.1, 52, 上流感
06811514, 9.2, 15, 福尔摩斯探案集（上中下）
01916203, 6.8, 68, 狂侠天骄魔女
01078050, 7.6, 35, 二十世纪西藏奇僧
26754570, 8.1, 25, 娜娜
01092894, 8.5, 20, 孩子们的拜厄（上下）
02216581, 6.6, 80, 盛开（B卷）
02263060, 8.4, 21, 张洁集
05990321, 7.4, 39, 型格
01737101, 6.4, 93, 思路决定出路
30301895, 7.8, 28, 我是少年酒坛子
02177804, 7.1, 46, 影视制片管理
10494662, 8.7, 17, 西方音乐1500年
30297172, 8.0, 24, 晃来晃去的人
30306620, 7.6, 30, 唱西皮二黄的一朵
30482422, 8.1, 22, 偷书人
02132200, 7.8, 26, 印典娜
03663602, 7.8, 24, 三联生活周刊
03348241, 6.7, 55, 析《雪山飞狐》与《鸳鸯刀》
03084077, 8.5, 16, 作者编辑常用标准及规范
02031062, 6.9, 43, 环境标识导向系统设计
01008775, 8.6, 15, 古代艺术三百题
25973754, 6.9, 42, What We See When We Read
01085745, 6.8, 45, 女性主义
03812824, 7.6, 24, 登峰之路
03150031, 8.3, 16, 东京暮情
01835340, 6.8, 42, 禁书100
05912732, 6.8, 42, 灵魂最后通过的地方
21618041, 8.4, 15, 幸福的能力
34826124, 6.4, 51, 改变世界的书
01133374, 8.1, 15, 音乐基础理论教程
26260129, 8.1, 15, 沙与沫
30301878, 7.2, 25, 玛多娜生意
01186695, 7.4, 21, 今日先锋：第五辑
02296411, 8.0, 15, Structural Packaging
04047952, 7.5, 19, The Bell Curve
03643176, 7.4, 20, 兜比脸干净
26183872, 6.9, 28, 为什么我总是能心想事就成
26675934, 8.2, 13, 紫音希声：顾景舟紫砂艺术研究
26337734, 7.5, 18, 为什么幸运的人一再走运，不幸的人继续倒霉?
05312638, 7.6, 16, 编辑与装帧
02329849, 7.1, 21, 完全模特手册
05343340, 6.7, 28, 谈判
30257667, 7.9, 13, 书的故事
30301897, 7.4, 16, 月光下的银匠
06390065, 7.9, 12, Paper Cutting Book
30297150, 7.5, 14, 受害者
02275122, 8.2, 10, 当代西方美学
04851308, 7.1, 16, 中国图书文化简史
30373958, 7.1, 16, 天才的拓荒者
04323878, 7.2, 15, 民国书影
26371157, 6.3, 28, 全世界都愿意宠爱这样的你
03131481, 6.9, 16, 力锐商业设计－首本关于年经设计师成长 创业的好书
27664434, 7.0, 15, 地板會被書壓垮嗎
01052114, 6.5, 21, 西方音乐史
01912931, 7.4, 12, Flash 8 ActionScript宝典
01397875, 7.3, 12, 动物也说话
01946417, 6.8, 16, 誰賺走了你的咖啡錢
01116255, 7.1, 13, 精神的游历
01917735, 5.7, 33, 北京爱情-只爱陌生人
26995289, 6.7, 14, 常见蔬菜图鉴
01337833, 6.2, 19, 男人的资本
30432506, 6.0, 21, 真情
02360514, 6.1, 17, 文学行旅与世界想象
27197418, 5.3, 38, 希拉里传 我想成为那个冠军
20268377, 5.3, 35, 网游之你看起来很美味
26979332, 4.4, 179, 不知愁滋味
26810631, 6.7, 10, 马云：人生要有大格局
34859644, 5.9, 17, 谢谢你出现，这一生我很喜欢
03539776, 6.2, 12, The New Rich in China
24705772, 5.2, 25, 没有深夜痛哭过的人.不足以谈人生
01166084, 0.0, 10, 泉州讲古
02216167, 0.0, 10, 20世纪艺术的语言
03330230, 0.0, 10, Finite and Infinite Games
30228468, 0.0, 10, 寻访官书局
34998399, 0.0, 10, 书虫
02107819, 0.0, 11, 肖申克的救赎(英语电影通用教材)MP3版
02121581, 0.0, 11, 『Mac玩家特区』苹果人最爱的超酷软体严选
02638133, 0.0, 11, Hand Bookbinding
03265377, 0.0, 11, 漂在东莞十八年
02365603, 0.0, 12, 郑板桥传
03056519, 0.0, 12, 帕格尼尼传记小说
10517400, 0.0, 12, 恋爱心理学大全集
35087418, 0.0, 13, 越相爱越孤独
30371624, 0.0, 19, 国民系少爷
06100864, 0.0, 20, 千宫百计
01928909, 0.0, 23, 基础乐理教程习题及参考答案
34991559, 0.0, 47, 世界那么大，只有我和你
