2020-07-05 15:59:54

number of books, tag name
804, 二战

ID, rating, votes, title
01770782, 8.9, 647918, 追风筝的人
01022238, 8.2, 58121, 菊与刀
26957760, 8.8, 19764, 世界的凛冬
01062343, 9.2, 9840, 昨日的世界
30142261, 8.9, 9458, 长日将尽
06781794, 8.8, 10842, 过于喧嚣的孤独
03537590, 8.4, 20146, 朗读者
20440053, 9.5, 3772, 南京大屠杀
03297466, 9.3, 4601, 我的团长我的团（上部）
02180619, 8.0, 28059, 偷书贼
26861418, 9.5, 3124, 奥斯维辛
20441569, 9.3, 3513, 被淹没和被拯救的
02282097, 8.8, 6330, 像自由一样美丽
01467776, 8.4, 10724, 朗读者
27170538, 8.6, 6336, 存在主义咖啡馆
10583781, 8.8, 4138, 朗读者
05431784, 8.3, 8454, 雪落香杉树
02245468, 9.3, 2023, 南京浩劫
26602467, 9.0, 2837, 我是女兵，也是女人
27615361, 9.5, 1581, 昨日的世界
26431326, 8.9, 3056, 所有我们看不见的光
21329239, 8.8, 3453, 巴黎烧了吗?
26394018, 9.3, 1869, 生活与命运
26354440, 9.0, 2517, 野蛮大陆
01038241, 8.8, 3172, 兄弟连
01270508, 8.7, 3512, 失焦
26545308, 9.4, 1508, 南京大屠杀
04823788, 8.9, 2616, 奔马
01042434, 8.1, 7652, 安妮日记
04075203, 9.2, 1761, 鼠族（一、二部）
30225784, 8.8, 2723, 偷书贼
01041893, 9.2, 1558, 南京大屠杀
10583075, 8.5, 3426, 英国病人
27016167, 9.6, 948, 被淹没与被拯救的
27025715, 7.8, 9522, 永恒的边缘
01396491, 9.1, 1559, 第三帝国的兴亡（全三册）
01125731, 8.8, 2122, 第三帝国的兴亡（上中下）
26834183, 8.6, 2575, 艾希曼在耶路撒冷
26298832, 8.7, 2223, 零年：1945
26591790, 8.7, 2082, 我还是想你，妈妈
02020973, 8.7, 2065, 天鹅奏鸣曲
03640304, 8.5, 2607, 萤火虫之墓
01780277, 8.7, 1987, 法兰西组曲
03206270, 8.9, 1547, 拥抱战败
02229229, 8.0, 5071, 穿条纹衣服的男孩
06440022, 8.6, 2142, 赎罪
03418938, 9.0, 1334, 被遗忘的士兵
26376049, 8.8, 1617, 阿兰的战争
06854919, 8.7, 1775, 安妮日记
01051314, 9.1, 1030, 钢琴师
06060455, 7.7, 6137, 浮世画家
05299857, 9.0, 1072, 国家记忆
26657740, 8.9, 1184, 再度觉醒
26418529, 9.1, 942, 拥抱战败
03090810, 8.7, 1447, 五号屠场
01883349, 8.2, 2688, 永别了，武器
27156016, 9.0, 1016, 失焦
10435653, 9.1, 904, 第三帝国的兴亡（上下册）
04152770, 8.6, 1559, 根西岛文学与土豆皮馅饼俱乐部
02170030, 8.1, 2974, 白鲸
03610090, 8.9, 1086, 第二次世界大战战史
26897187, 8.4, 1929, 活着回来的男人
30247696, 9.5, 582, 四世同堂
26264973, 8.9, 1037, 查无此人
34928037, 9.4, 620, 生活与命运
26647781, 8.9, 1014, 从俾斯麦到希特勒
04753689, 8.2, 2317, 莎拉的钥匙
26586326, 8.8, 1079, 来自纳粹地狱的报告
24722098, 9.3, 643, 少年H
06797768, 8.4, 1688, 一寸河山一寸血 1
34925415, 9.5, 514, 当权的第三帝国
04836821, 9.0, 827, 飞虎队队员眼中的中国
06724865, 8.8, 1019, 坚不可摧
01058094, 8.6, 1240, 生死朗读
34928222, 9.4, 542, 第三帝国的到来
34204669, 8.2, 2000, 日本人为何选择了战争
10608453, 8.7, 1069, 盲视
01886273, 8.3, 1632, 安妮日记
30398413, 8.3, 1624, 午夜北平
05376976, 8.7, 948, 德意志的另一行泪
27046300, 8.9, 765, 命运攸关的抉择
04827423, 8.4, 1339, 浩瀚大洋是赌场
02050776, 9.0, 647, 凯旋门
25900687, 8.6, 937, 夜
27184989, 9.1, 552, 企鹅欧洲史·地狱之行
03633809, 8.9, 665, 辛德勒名单
01000531, 8.7, 818, 第二次世界大战回忆录（全六卷）
04219120, 8.4, 1131, 流浪的星星
27085641, 8.3, 1261, 邻人
01042928, 9.3, 441, 战争风云
01201259, 8.7, 790, 最长的一天
01919879, 9.0, 563, 夜
22606931, 8.3, 1185, 寒鸦行动
06798785, 8.5, 921, 一寸河山一寸血.3
25810430, 8.5, 921, All the Light We Cannot See
05033915, 8.3, 1153, 希特勒传（上下册）
27025729, 9.0, 536, 天生幸存者
04104794, 8.2, 1269, 有一类战犯叫参谋
27171658, 8.4, 987, 她一生的秘密
26666138, 8.8, 618, 这是不是个人
01317916, 8.8, 600, 焦点不太准
30390667, 8.9, 537, 奥斯特利茨
01780208, 8.8, 591, 凯恩斯传
26384536, 8.9, 534, 巴黎烧了吗？（精装版）
25791940, 8.1, 1301, 战起1938
06745115, 8.5, 793, 安妮日记
25756222, 8.7, 639, 根西岛文学与土豆皮馅饼俱乐部
30230911, 8.4, 877, 亢奋战
01530882, 9.0, 467, 恶魔的饱食
27120508, 8.3, 972, 寒鸦行动
01012268, 9.4, 318, 战争与回忆
02332766, 9.2, 376, 第三帝国的兴亡（共三册）
26958896, 9.1, 407, 法国往事（上）
01401851, 7.9, 1543, 我的诺曼底
30226265, 8.7, 595, 教宗与墨索里尼
26378573, 9.2, 369, 经济人的末日：极权主义的起源
04189598, 8.8, 524, 战后欧洲史
26842849, 9.2, 355, 法国往事3：荣誉与警察
30324567, 9.3, 325, 法国往事（下）
26733785, 9.0, 423, 法国往事2：乌鸦在盘旋
27622647, 9.4, 294, 法国往事6：应许之地
04214003, 9.1, 380, 密室
06151925, 8.3, 856, 天鹅奏鸣曲
30253249, 8.9, 445, 伦敦一家人
24396667, 9.1, 368, 失去的胜利
27039411, 7.6, 2054, 高堡奇人
01439509, 8.8, 480, Slaughterhouse-Five
27622648, 9.5, 258, 法国往事5：默伦小法官
03598390, 8.5, 635, 安妮日记
05264480, 8.4, 680, 呼吸秋千
03371237, 8.8, 449, The Boy in the Striped Pyjamas
30397063, 8.2, 844, 被涂污的鸟
01538532, 9.0, 364, 第二次世界大战战史（全二册）
26577705, 8.3, 737, 罪孽的报应
30483768, 8.9, 396, 秋水堂论金瓶梅
26681985, 8.0, 1051, 生命里最美好的春天
06821265, 8.3, 730, 穿条纹衣服的男孩
01019945, 8.3, 711, 拉贝日记
26600363, 9.4, 248, 失去的胜利
01898229, 9.0, 347, Night
25703706, 8.0, 975, 风暴岛
27598734, 8.7, 446, 审问欧洲
25871639, 8.1, 840, 广岛
01006732, 9.0, 328, 战争与回忆：1941－1945（上下）
01283292, 8.1, 832, 国殇
27614519, 9.3, 253, 法国往事4：武装起来，同胞！
01475583, 9.4, 229, Maus
04191879, 8.2, 716, 苏菲的选择
04067659, 8.0, 904, 德语课
27113210, 8.6, 451, 敦刻尔克
25843885, 8.7, 406, 兄弟连
26600365, 9.5, 199, 隆美尔战时文件
26426511, 8.5, 468, 解读希特勒
21263656, 8.0, 812, 往事
30358510, 8.4, 515, 重逢
05349406, 8.9, 313, Unbroken
01264559, 8.5, 449, 闪击英雄
30180818, 8.9, 305, 教父2：西西里人（精装版）
01214078, 8.7, 366, 第二次世界大战回忆录
01312942, 8.6, 398, 隆美尔战时文件
04145391, 9.2, 232, 第三共和国的崩溃
05989231, 8.1, 676, 别问我是谁
01119635, 8.8, 315, 大国之魂
27141473, 8.1, 646, 在这世界的角落
30205166, 8.6, 379, 爱的缓刑
25909032, 8.5, 411, 战后欧洲史 01：旧欧洲的终结（1945-1953）
26800340, 8.6, 361, 神风特攻队、樱花与民族主义
01889166, 9.1, 231, 我的反间谍生涯
26582466, 8.8, 299, 银翼夜枭01：暗夜女巫
25763658, 8.3, 479, 德国式英雄
26575912, 9.2, 209, 银翼夜枭03：伍尔夫与莉莉娅
01432045, 8.5, 383, 巴黎烧了吗？
26663098, 8.3, 459, 第二次世界大战在亚洲及太平洋的起源
26387875, 9.2, 199, 1944：松山战役笔记（增订本）
34834133, 8.8, 276, 无泪而泣
25891006, 8.5, 359, 里斯本之夜
26435042, 8.3, 438, 最长的一天
01841628, 8.4, 395, 从乞丐到元首（上下）
01810540, 8.2, 483, 德语课
20375513, 9.2, 192, 桤木王
06451549, 8.9, 245, 辛德勒名单
27912251, 9.6, 142, 昨日的世界
03434743, 7.9, 675, 尊严不是无代价的
27120505, 7.8, 760, 针眼
24527472, 8.3, 424, 狗日的战争
26657701, 8.5, 342, 若非此时，何时？
26582467, 8.9, 236, 银翼夜枭02：莉莉娅同志
21263652, 8.8, 257, 余声
30295373, 8.7, 279, 缓刑时刻
01732246, 9.6, 136, The Rise and Fall of the Third Reich
03066872, 8.6, 303, 穿條紋衣的男孩
27138726, 9.0, 210, 最长的一天
26805257, 8.8, 247, 希特勒传（全二册·全新修订版）
02297005, 9.0, 207, 第三帝国的兴亡（全四册）
21263655, 8.2, 427, 彼时
27031872, 8.4, 346, 这就是奥斯维辛
01054088, 8.2, 424, 苏菲的选择
24851444, 9.4, 148, 断剑
26865732, 8.4, 345, 纳粹医生
27086018, 8.5, 311, 南京1937
26433353, 8.5, 310, 日本帝国衰亡史：1936—1945（全4册）
01436076, 8.6, 281, 凯恩舰哗变
10741325, 8.1, 457, 祖国
01320971, 8.9, 212, 寻访“二战”德国兵
03283630, 8.8, 224, 安娜的新大衣
01172483, 8.6, 265, THE DIARY OF A YOUNG GIRL
25723401, 8.4, 316, 第三帝国的语言
26701708, 8.7, 236, 幸运男孩
02058587, 8.8, 216, 遥远的桥
26597441, 8.7, 231, 像自由一样美丽
03035211, 8.0, 460, 日本帝国的衰亡（上下册）
26667196, 8.8, 211, 奥斯维辛集中营的志愿者
26449219, 9.5, 123, 鼠族（新译本）
03150203, 9.3, 140, 日本帝国海军兴亡史（上下）
26598329, 8.9, 190, 战争风云
22741515, 7.3, 1089, 战争就是这么回事儿（下）
01761133, 9.2, 147, Night
30358503, 8.4, 288, 诺亚的孩子
27117519, 9.3, 134, 最后一百天
01976072, 8.5, 257, 曼施泰因元帅战争回忆录
27592184, 8.9, 181, 黑夜
01025217, 8.4, 281, 二战回忆录（上下）
34984575, 8.8, 196, 灰塔笔记
26435047, 8.6, 232, 最后一役
03149816, 8.8, 195, 中途岛海战
34907824, 9.1, 148, 第三帝国的兴亡
26419441, 8.9, 173, 第三帝国的兴亡（上下册精装）
04711072, 8.4, 266, 无命运的人生
01016454, 8.0, 399, 东史郎日记
01815468, 8.7, 202, Number the Stars
20269358, 8.5, 239, 青铜骑士
26592900, 7.9, 439, 当图书进入战争
26612175, 8.7, 200, 史迪威与美国在中国的经验（1911-1945）
03827061, 8.4, 260, 二战风云2
06744666, 8.8, 182, 纳粹德国
10825075, 8.8, 182, 巨人的碰撞
30309815, 9.1, 143, 从舞台边缘走向中央
34783968, 8.7, 194, 蒋介石的战略布局（1939-1941）
30172071, 8.3, 276, 失去名字的女孩
20481425, 8.5, 228, 东进（套装共2册）
03287536, 7.7, 522, 回归
26952967, 9.4, 111, 被遗忘的士兵
04861524, 8.3, 271, 血战太平洋之决战冲绳岛
27024497, 8.3, 269, 深入北方的小路
25718213, 8.7, 186, 像自由一样美丽
30203777, 8.2, 294, 奥斯维辛的摄影师
02008590, 8.8, 171, 西方战争艺术
02156890, 8.8, 169, 第三帝国内幕
01770271, 9.5, 101, Embracing Defeat
01930522, 9.2, 124, 战争史研究－第一集
26916441, 9.1, 133, 太平洋战争（一）山雨欲来
02210591, 8.3, 261, 史迪威与美国在中国的经验
25929935, 8.6, 196, 青年希特勒
10789137, 8.2, 282, 雪白血红
27139943, 8.5, 209, 雅尔塔
26666022, 9.1, 128, 战争与回忆
30422600, 9.2, 119, 来自纳粹地狱的报告
05380385, 8.3, 245, 两次世界大战之间的国际关系
26646483, 8.8, 157, 不折之鹰
30167361, 8.6, 182, 柏林1：石之城
01987958, 9.1, 122, 战争与回忆（共四册）
10587458, 8.7, 166, 从战争到战争
02170091, 7.9, 352, 绞刑架下的报告
27113803, 7.9, 352, 敦刻尔克
01227902, 8.8, 151, 中国抗日战争正面战场作战记
04861161, 8.8, 151, 燃烧的岛群
26582461, 8.4, 207, 闪击英雄
25815700, 8.4, 204, 苏菲的选择
25795816, 8.6, 171, 丘吉尔：第二次世界大战回忆录
06783954, 8.6, 168, 山的那一边
27036320, 7.3, 672, 陪安娜穿过漫漫长夜
26293794, 8.3, 218, 二战史
23038645, 8.9, 131, 帝国骑士（第1卷）
03309340, 8.6, 166, 菊花与锚
01679427, 9.3, 97, 抗日战争正面战场（上中下）
01010262, 8.7, 151, 闪电战
01426482, 8.4, 194, 纳粹德国（上下册）
01826176, 8.5, 176, 春天的十七个瞬间
01073769, 8.6, 160, 铁拳
10484660, 8.1, 246, 突破缅北的鹰
19971138, 8.7, 144, 泥泞中的老虎
02372378, 9.1, 106, Atonement
02473821, 9.2, 98, Maus II
26594136, 9.1, 105, 二战史诗三部曲
30324805, 8.1, 240, 莎拉的钥匙
27156011, 9.1, 104, 最后一役
01048353, 8.7, 140, 科莱利上尉的曼陀铃
01148767, 8.0, 261, 汉娜的手提箱
03882007, 8.9, 119, 逆天而行
25731642, 7.4, 508, 大黄蜂奇航
24855142, 8.5, 162, 焦土:苏德战争(1943-1944)
01987990, 9.2, 95, 战争风云（全三册）
34443599, 8.0, 255, 时光小旅馆
04224723, 8.4, 175, 一个德国人的故事
01313421, 8.2, 209, 古德里安将军战争回忆录
04208659, 8.5, 160, 联合舰队
34836460, 8.9, 115, 比利时的哀愁
01963579, 8.1, 224, 柏林日记
26858119, 8.5, 156, 轰炸东京
26923577, 7.9, 270, 绝对欲望，绝对奇异
30319982, 7.9, 270, 圣经与利剑
04903219, 8.1, 221, 海的沉默
25982110, 9.4, 79, 大屠杀
04795256, 9.8, 62, Maus
26435048, 8.2, 197, 遥远的桥
05407560, 7.9, 262, 开往伊斯坦布尔的最后列车
02047854, 9.3, 83, 国际事务概览.第二次世界大战（全11卷）
05936256, 7.8, 289, 希特勒的民族帝国
01082930, 8.2, 194, 德军总参谋部
25751980, 7.4, 457, 他们以为他们是自由的
27065440, 8.9, 108, 二战大牌局
26361134, 8.8, 116, 爱与死的年代
04934765, 8.6, 135, 复仇女神
01690499, 8.6, 134, 二战军服全记录
24862257, 8.1, 205, 希特勒传
26652938, 8.3, 169, 日本陆军的轨迹（1931—1945）
02337526, 8.4, 152, 冈村宁次回忆录
02269445, 9.1, 89, 未列入名册
26794875, 8.3, 165, 战俘营回忆录：1680天
26374180, 8.9, 102, 我十五岁，还不想死
02183857, 8.3, 163, 狗娘养的战争-巴顿将军自传
03767767, 9.5, 68, Uniforms of the Third Reich
30253082, 8.7, 117, 休战
30135443, 8.3, 161, 第二次世界大战回忆录
30389721, 8.1, 191, 卡帕 : 战地流星
26578531, 8.7, 114, 这里的黎明静悄悄……
26339094, 8.4, 145, 死亡特雷布林卡
34908363, 8.6, 121, 奥斯维辛的文身师
27025710, 7.6, 305, 生而有罪
34434691, 8.2, 167, 漫长的战败
25981657, 8.4, 140, 第二十二条军规
26576988, 8.7, 110, 中途岛奇迹
30338135, 8.3, 152, 安妮日记
05922151, 8.6, 118, 灭绝的年代
20506307, 7.6, 299, 每当想起你
01170854, 8.9, 93, 飞行员
34442426, 8.4, 136, 纳粹猎人
30484725, 7.7, 263, 议程
34835561, 7.6, 293, 战争时期日本精神史
26308765, 8.1, 174, The Nightingale
01453623, 8.8, 98, The Seed and the sower
26293216, 7.2, 463, 二战简史
26734935, 9.1, 79, 大东亚战争全史
30270816, 9.2, 73, 泥足巨人
02059068, 8.4, 130, 安妮日记
30354867, 8.3, 141, 客居己乡
27106985, 8.2, 153, 干掉太阳旗
27120509, 7.4, 347, 大黄蜂奇航
34986715, 9.2, 72, 东西街
27197825, 7.3, 389, 燃烧的密码
02343045, 8.1, 165, 诺曼底登陆
27037093, 8.3, 138, 拼实业
01487875, 8.6, 107, 黑镜头-越战的血
01552067, 9.4, 62, 生存与命运（上下）
26378094, 8.2, 146, 中国之翼
34997980, 8.7, 97, 耶路撒冷之前的艾希曼
03219205, 8.5, 112, 第二次世界大战的起源
26740743, 8.7, 96, 钢琴师
25966878, 9.1, 72, 艾森豪威尔
34432265, 7.6, 252, 希特勒的试毒者
10772478, 8.6, 101, 剑拔弩张的盟友
01425910, 7.8, 196, 希特勒（上下）
25804639, 9.3, 61, 空中英豪
33422843, 7.4, 300, 至暗时刻
25855959, 7.8, 194, 战争从未如此热血1
34908367, 8.7, 90, 穿条纹睡衣的男孩
26295466, 8.0, 159, 虎部队：国民党抗日王牌七十四军
01059491, 8.4, 112, 山本五十六
01277314, 8.0, 157, 朱可夫元帅战争回忆录
03196793, 8.5, 103, 隆美尔
03397116, 8.3, 120, 纳粹上台前后我的生活回忆
26961110, 8.1, 142, 柏林记忆
01291080, 9.1, 67, The English Patient
34912074, 9.1, 67, 大海战
25846881, 7.8, 187, 无路可退的战士
24550625, 7.9, 169, 战争时期日本精神史（1931-1945）
01440246, 8.3, 118, 日本帝国的衰亡
03404871, 8.6, 93, The Boy In the Striped Pajamas
02737396, 8.9, 75, Number the Stars
27605190, 8.6, 90, 遥远的桥
26578532, 9.0, 68, 安妮日记
30432968, 9.0, 68, 有一类战犯叫参谋
30121264, 8.6, 89, 无情之战
30140243, 8.9, 72, 希特勒传
01185839, 8.1, 132, 绞刑架下的报告
10810671, 8.7, 82, 穿条纹衣服的男孩
01998997, 7.9, 156, 杀心萌动那一年
26303980, 8.3, 109, 裸者与死者
26608445, 8.2, 116, 生命不息·归来
25951801, 9.1, 60, 威廉·夏伊勒的二十世纪之旅II：噩梦年代
25845259, 7.7, 179, 重庆往事
01011067, 9.0, 63, 魏特琳日记
01943940, 7.3, 271, 在希特勒身边12年
30148846, 10.0, 36, 安妮日記[漫畫版]
02967922, 8.5, 88, 大东亚战争全史（全四册）
30268922, 8.6, 81, 罪行与沉默
03553282, 9.5, 46, 同化的同床異夢
05327987, 8.7, 75, 二战风云4：地狱之门
01313423, 8.2, 109, 邓尼茨元帅战争回忆录
24882706, 8.5, 86, 华沙的木偶男孩
27060615, 7.9, 141, 德国人的战争
26710829, 8.1, 117, 奥斯维辛的小图书馆员
03282996, 8.6, 79, 袭击珍珠港
01885360, 7.6, 186, 父辈的旗帜
03673614, 9.0, 60, 活着回家
24862738, 8.7, 73, 帝国骑士（第2卷）
26959226, 8.8, 68, All the Light We Cannot See
27099252, 7.8, 150, 投敌者
26608813, 8.4, 89, 血色苍穹
27108743, 8.4, 89, 二十四只眼睛
26950216, 8.4, 88, 战俘营回忆录：归来
01033071, 8.3, 94, 战争
26657350, 7.6, 175, 第三帝国的最后十四天
01420861, 7.8, 141, 帝国的陷落
03245945, 9.3, 47, 弹子袋
06793917, 8.6, 73, 欧洲最危险的男人
30192896, 8.0, 116, 劫掠欧罗巴
02063258, 7.1, 292, 缅北之战
04736650, 9.2, 49, 后来发生了战争
26825938, 8.3, 89, 纳粹德国
26608442, 7.6, 161, 丧失了名誉的卡塔琳娜·勃罗姆
27132493, 8.2, 93, 善心女神
26885697, 9.4, 42, 斯大林格勒三部曲第一部：兵临城下（典藏版）
30238533, 8.1, 100, 历史与记忆中的第三帝国
20365862, 8.0, 108, 士兵系列004:士兵
26377842, 9.3, 44, 中国空军抗战记忆
24745090, 7.8, 128, 天皇的皇上有五颗星
03157873, 8.2, 91, 次元艦隊(01)
26658414, 7.6, 154, 绝望者日记
01059473, 9.0, 52, 新编剑桥世界近代史(十二)
04838087, 8.5, 72, 最后的胜利
01312884, 8.0, 105, 红衣女孩
26772670, 9.0, 51, 德意志的另一行泪——“二战”德国老兵寻访录
30273295, 7.7, 134, 纳粹的孩子们
27085807, 8.1, 94, 飞虎队
25893692, 9.3, 42, 鸟儿街上的岛屿
24845288, 7.7, 132, 斯大林的战争
34976033, 9.7, 34, 纳粹军官的犹太妻子
26286860, 7.9, 109, 战争从未如此热血4
26975234, 8.7, 59, 皮
26596558, 8.2, 84, 呐喊——大屠杀回忆录
06535816, 8.0, 98, 永远活在希特勒阴影下吗？
34881102, 6.6, 467, 亲爱的伯德太太
26369400, 7.2, 212, 朱可夫
03048907, 8.6, 62, 谍海搏杀-舒伦堡回忆录
03114172, 9.0, 48, 第二次世界大战史
27099539, 8.4, 70, 呐喊——大屠杀回忆录
26803000, 8.3, 75, 希特勒传
26629399, 8.9, 50, 朱可夫
27205430, 7.9, 103, 1944阿登战役
04615788, 9.0, 47, 陸軍歩兵よもやま物語
26263544, 7.7, 123, 战争从未如此热血3
04907526, 7.8, 110, 黑色雪绒花
26842603, 8.9, 49, 通往柏林之路(集合卷)(典藏版)
27609352, 8.9, 49, 日本人口述“二战”史
01431734, 8.5, 63, 希特勒暗堡
25968143, 8.2, 77, 进攻日本
01921202, 9.2, 40, The Gathering Storm
26995723, 7.7, 115, 五个人的战争
01043311, 7.8, 104, 空军战士
26931029, 7.6, 123, 山顶上的男孩
25720158, 9.1, 41, 民国海军舰船志
25957980, 8.8, 48, 致命打击
34451242, 8.3, 67, 第二次世界大战军服、徽标、武器图解百科
01841890, 9.6, 31, The Hiding Place
26378467, 8.7, 51, 铁皮鼓
26310540, 8.6, 54, 第二次世界大战战史
05402224, 7.8, 97, 乱世书写
07052307, 7.9, 89, 希特勒传
01067229, 8.7, 49, 图文第二次世界大战史 39卷
26576989, 9.4, 33, 安妮日记
27015796, 8.0, 80, 累赘
30302110, 8.9, 43, 奥斯维辛的药剂师
03591511, 9.3, 34, 第二次世界大战史
27063589, 8.4, 58, 战地新娘
27197935, 8.4, 58, 日本宪兵队秘史
01550703, 8.2, 66, 恐怖的法官
01006784, 8.1, 71, 太平洋战争(上)
04152367, 8.6, 50, 拉贝日记
04828954, 8.8, 44, 太平洋战争三部曲之3：机动部队
01871551, 9.0, 39, If This Is a Man / The Truce
01290598, 9.5, 30, 生者与死者
26373296, 7.9, 82, 普鲁士之战：1944-1945
03122756, 7.7, 97, 联合舰队的覆灭
25800459, 8.6, 49, 希特勒传
26736881, 7.6, 105, 不需要的战争
30418154, 9.0, 38, 重探抗戰史（一）
03136924, 8.1, 67, 卓娅和舒拉的故事
05328157, 8.0, 72, 日本海军联合舰队舰艇全览
06762965, 9.8, 25, With the Old Breed
25730866, 8.5, 50, 帝国骑士（第3卷）
26916444, 8.1, 66, 太平洋战争（二）铤而走险
26734819, 8.3, 57, Salt to the Sea
26684341, 8.4, 53, 远去的胜利
02160115, 8.1, 65, 回忆与思考
26413771, 8.5, 49, 武神与将军
27139192, 8.3, 56, 柏林日记
01135343, 7.8, 81, 斯大林
27087447, 8.9, 38, Dunkirk
30268907, 8.9, 38, 东进
25909800, 7.5, 105, 日本大败局
01077748, 8.2, 59, 尼米兹
05318879, 8.8, 40, Bloodlands
26289614, 7.5, 104, 平民如何变成屠夫
01087761, 8.3, 54, 纽伦堡大审判
26394497, 8.3, 54, 从马汉到珍珠港
34902086, 7.9, 72, 藏着
10345574, 7.8, 78, 提琴里的手稿
01779874, 8.0, 66, 不需要的战争
10746179, 8.0, 66, 晦暗不明的战争
34894510, 8.3, 53, 隐身大师
01964421, 8.1, 61, 太平洋战争(下)
26951789, 8.0, 65, 你杀不死一只老狐狸
25785260, 8.9, 36, 航母舰队司令
26596210, 9.0, 34, 活著回來的男人
24862254, 7.2, 131, 丘吉尔传
30198532, 7.8, 74, 希特勒的影子帝国
26022793, 7.1, 142, 二战那些事
27662698, 7.8, 73, 罪孽的报应
03772617, 8.4, 47, 碧海群狼（上下册）
04861163, 8.0, 62, 沙漠之狐隆美尔(上下)
26387837, 8.1, 57, 抗战家书
01842265, 8.4, 46, 马歇尔
04828024, 9.6, 24, 盾与剑
27017986, 8.7, 38, 安妮日记
21692741, 8.3, 48, 诺亚的孩子
26866615, 9.3, 27, 日本帝国衰亡
33422825, 8.6, 39, 珍珠港
33447935, 6.7, 204, 二战爆发前十天
26431472, 9.2, 28, 非常年代
06511197, 6.8, 177, 二战全史大全集
03660149, 9.4, 25, 兵不厌诈
02730747, 8.9, 32, 十九顆星
22601821, 8.9, 32, 飞虎传奇
26819067, 7.0, 138, 南京
26369112, 7.8, 64, 爱与黑暗
30140425, 7.3, 98, 斯大林的战争
05446430, 8.9, 31, 纳粹德国潜艇史
27176952, 8.9, 31, 德国史
24745120, 8.3, 44, 二战美国陆军单兵装备
34887406, 8.0, 54, 两次世界大战之间的日本陆军
27104112, 7.0, 129, 铁血与音符
30248300, 8.2, 46, 烽火巴黎
26139619, 8.9, 30, 老兵长存
06900673, 8.4, 40, 武装党卫军第十二“希特勒青年团”装甲师官方战史（中册）
30422613, 8.3, 42, 1945：秘密营救
01409382, 7.1, 111, 巴顿将军
26801246, 8.8, 31, 浴血太平洋
30163883, 9.2, 25, 二战史诗三部曲 （修订珍藏版）
10484465, 7.9, 54, 重装集结
04132677, 8.7, 32, 第二次世界大战的决定性战役
03138950, 8.0, 49, 麦克阿瑟回忆录
25879607, 8.0, 49, 风沙星辰
27082096, 6.5, 209, 希特勒的兴亡
30484722, 8.9, 28, 巴巴罗萨脱轨
26814864, 7.3, 84, 奥威尔日记
01479333, 8.5, 34, 使日十年1932-1942
02127477, 8.5, 34, Ordinary Men
26666484, 8.3, 38, 像爱丽丝的小镇
35051899, 8.9, 27, 愤怒
26817485, 8.7, 30, 铁棺材
02337483, 7.7, 57, 戈培尔日记
26430793, 9.3, 22, 图解第三帝国空军综合事典1935-1945
01443522, 7.6, 61, 二战16大战役战事秘档全公开(上下) (平装)
26476909, 7.3, 78, “神国”日本
01224884, 6.1, 332, 一口气读完二战史
24882079, 7.4, 71, 二战德国陆军单兵装备
06785573, 7.8, 51, 黑天鹅之死-武装党卫军的最后一战
30376423, 7.8, 51, 太平洋战争
26877967, 8.5, 32, 活着回家
06425078, 8.6, 30, 逃亡日
04100226, 8.7, 28, 全甲板攻击
25845733, 8.9, 25, 南太平洋海战记
30447945, 8.9, 25, 他和我的东瀛物语：一个日本侵华老兵遗孀的回忆录
26925398, 8.4, 32, The Great Gatsby
10810782, 7.7, 51, 大逆转1919
34996964, 8.2, 36, 纳粹掌权
01769776, 8.5, 30, Le Silence de la Mer
01489562, 7.0, 92, 纳粹德国文学史
26365976, 7.1, 83, 二战全史
27592318, 8.6, 28, 第二次世界大战（1939-1945）
26387803, 7.3, 69, 勒热夫绞肉机
30271898, 6.3, 209, 极简二战史
26388038, 8.3, 33, 黎明的炮声
34462470, 6.4, 177, 黄同学漫画二战史
01720585, 7.6, 52, 他是我的首长——阿道夫.希特勒女秘书的回忆录
01291602, 8.0, 39, 战争回忆录（共3册）
01075691, 7.4, 61, 伪满洲国的“照片内参”
25838973, 7.7, 48, 第二次世界大战的起源
27001210, 7.5, 56, 太平洋战争（三）不宣而战
27065972, 8.6, 27, 沉默的战斗
26890912, 8.9, 23, 斯大林格勒三部曲第一部：兵临城下（1942.4—1942.8）
30355941, 7.2, 71, 1944
27146566, 8.8, 24, 美国的恺撒大帝：麦克阿瑟（下）
03236045, 8.0, 38, 热的雪
01008361, 7.2, 70, 墨索里尼
27146622, 8.2, 33, 美国的凯撒大帝：麦克阿瑟（上）
01178162, 8.3, 31, 肆虐的太阳旗
03848876, 8.3, 31, 纳粹将领的自述
26593737, 7.4, 58, 回形针行动
27094419, 8.6, 26, 斯大林格勒三部曲第三部
26682804, 7.7, 45, 第二次世界大战回忆录（全两册）
20381811, 9.0, 21, 战友同志
30422551, 9.1, 20, 巨浪上的舰队
26966430, 8.2, 32, 窃听
01694151, 9.2, 19, The Second World War
30165152, 8.0, 36, 莫斯科战役1941
03061218, 7.8, 41, 巴顿
01007766, 7.6, 47, 戈培尔
01860406, 6.8, 95, 我曾是希特勒的保镖
26352872, 8.1, 33, 安妮日记
30308559, 8.2, 31, IBM和纳粹
26348593, 7.4, 54, HHhH
27112513, 8.3, 29, 全員玉碎!
01477153, 8.8, 22, Inside the Third Reich
04827990, 8.8, 22, 布列斯特的要塞
27040630, 8.8, 22, 斯大林格勒三部曲第二部
01467281, 8.7, 23, 黑鹰行动
04039098, 9.1, 19, 齐亚诺日记
26359367, 7.9, 36, 一生
26311206, 7.6, 44, 诺曼底的六支军队
06307568, 7.0, 72, 二战股市风云录
26575906, 7.3, 55, 上海秘密战
26368754, 7.9, 35, 斯大林格勒1942
01841235, 7.7, 40, Eye of the Needle
01976638, 8.5, 24, War Without Mercy
04137277, 7.6, 42, 血肉磨坊
10762406, 8.0, 32, 中美合作所与太平洋战争
26390172, 7.7, 39, 战败之夏
01678831, 7.9, 34, 燃烧的太平洋
02285187, 8.2, 28, 满铁调查部内幕
25895992, 9.2, 17, 谍海迷情:二战英国第一女特工的传奇一生
30140718, 7.4, 48, 斯科尔茨内回忆录
30157677, 8.7, 21, 列宁格勒战役
30353744, 8.9, 19, 通往斯大林格勒之路
27125085, 8.4, 24, 第二次世界大战回忆录
07045646, 7.2, 54, 刺杀希特勒
26374164, 9.2, 16, 第二次世界大战全史
04872423, 8.3, 24, 鏖兵江汉
30279627, 9.0, 17, 英国太平洋舰队
26604518, 7.8, 32, 戈培尔传
05035809, 7.9, 30, 文化的流亡
24705776, 8.2, 25, 二战解密
26589511, 8.2, 25, 被遗忘的一代
06101391, 8.0, 28, 古迹卫士
30212801, 7.5, 39, 拯救不列颠
30228947, 9.1, 16, 雪白血红
04893032, 8.1, 26, 第二次世界大战的重大战役
20423469, 8.8, 18, 哈尔科夫之战图集
26806886, 8.8, 18, 丘吉尔精神：一个人如何改变历史
01290594, 8.1, 25, 最后一个夏天
02337482, 8.1, 25, 希特勒副官的回忆
30142543, 6.7, 73, The Tattooist of Auschwitz
04006945, 7.9, 28, 被遗忘的战斗
01317929, 8.6, 19, 军人不是天生的（上下卷）
26395714, 8.6, 19, 图解第二次世界大战
26804938, 8.6, 19, 通往柏林之路
30389524, 8.6, 19, 从失败到胜利
01018100, 8.0, 26, 二战，在寻访中
02337485, 8.0, 26, 大独裁者希特勒
26411827, 8.0, 26, 战斗的日子
01289060, 8.2, 23, 日日夜夜
27609320, 8.2, 23, 战争的滋味
04006946, 8.0, 25, 隆美尔与非洲军
25865673, 8.0, 25, 抗战机密档中日军队轻武器史料
04087144, 9.4, 13, 第二次世界大战回忆录（第一卷 一、二分册）
01031760, 7.4, 37, 赢者之师
03704332, 7.7, 30, 斯大林（上下册）
06808777, 8.3, 21, 安妮日记
25963889, 8.2, 22, 奇迹般的撤退
30296451, 7.1, 46, 权力与文化
25927853, 8.7, 17, 尖叫死神
24465976, 6.7, 65, 二战全史
26879889, 8.0, 24, 希特勒的救火队员
02002979, 7.9, 25, 大冈升平小说集
30464976, 8.2, 21, 库尔斯克会战
06025829, 7.6, 30, 希特勒，永不消散的阴云
02685708, 8.9, 15, Alan&#39;s War
30482422, 8.1, 22, 偷书人
34908382, 9.2, 13, 东线坦克战
26680007, 7.5, 31, 哈尔科夫1942
01430596, 7.1, 41, 飞翔在中国上空
02140976, 8.2, 20, 史迪威事件
12356715, 8.8, 15, The Star of Africa
01045492, 6.6, 64, 盖世太保枪口下的中国女人
27127340, 7.5, 30, 柏林1936
11516575, 6.8, 52, 东京上空三十秒
30181678, 7.1, 40, 1945
01921204, 9.3, 12, Their Finest Hour
33370320, 8.2, 19, 欧洲教育
26762114, 8.1, 20, 烈焰之岛（全2册）
04272486, 8.0, 21, 柏林间谍战
26744260, 7.8, 23, 装甲作战:赫尔曼·霍特大将战争回忆录
26773050, 7.4, 29, 日本航空母舰全史
01015259, 8.1, 19, 八一三淞沪抗战
26395064, 8.1, 19, 希望与毁灭
26882820, 6.8, 46, 天皇与日本国命
01760372, 8.7, 14, Thunder Out of China
01262270, 8.4, 16, 他们为祖国而战
01879880, 8.4, 16, 斯大林和丘吉尔
04255926, 7.7, 23, 日本随军记者见闻录
34462893, 7.2, 32, 战时中国
30269561, 9.0, 12, 焦土
25852245, 7.8, 21, 信使
26394511, 8.3, 16, 战争回忆录
10532065, 7.7, 22, 狙击手
11591412, 8.4, 15, 二战秘史之苏联反击战
33387840, 8.9, 12, 英国皇家海军战列巡洋舰“胡德”号图传
26289084, 8.7, 13, 安妮日记
01819947, 8.0, 18, “巴勒斯坦王后”莉迪娅
26416386, 8.1, 17, 八年抗戰之經過
26997147, 8.1, 17, 731大逃亡
25715230, 7.3, 27, 二战德国王牌飞行员
02947669, 8.2, 16, The Blond Knight of Germany
26812611, 8.2, 16, 风花雪月：日本海军名舰全史：从幕末至现代八百余艘舰艇名称由来及舰历纵览（全3册）
25962576, 8.3, 15, 第二次世界大战史（上、下）
01074823, 7.1, 30, 巴格拉米扬元帅战争回忆录
30448822, 7.8, 19, 日本帝国海军战史
01464376, 8.4, 14, 国际事务概览.第二次世界大战
27662696, 8.4, 14, 第二次世界大战史
26593094, 7.5, 22, 纽伦堡审判
30301319, 8.2, 15, 巨人之间
30261953, 6.4, 52, 天生恶魔？
25969254, 8.7, 12, 中途岛奇迹
10603430, 5.5, 169, 二战意大利爆笑史
03061228, 7.7, 19, 尼米兹
01082721, 7.6, 20, 美国最伟大的一代
33160815, 7.6, 20, 滇缅公路
01674277, 7.3, 24, 南京大屠杀图录
01902644, 6.8, 34, 东京大审判
21322552, 8.4, 13, 武装党卫军第二&#34;帝国&#34;师官方战史1
05259465, 7.6, 19, 二战装甲战术
27022866, 7.8, 17, 战争宣传与图像
33424505, 8.5, 12, 崛起与毁灭
26613280, 7.4, 20, 英国战列舰全史 1914-1960
01954104, 7.0, 26, 巴顿传
03011805, 7.9, 15, 马歇尔传：1939-1942
25789524, 7.9, 15, 充满血腥的死亡之路
27012422, 8.2, 13, Code Girls
27093192, 8.8, 10, 斯大林格勒三部曲
04324458, 7.6, 17, 戈林传
06810208, 7.6, 17, 梦幻军舰大和号 Vol.1
25940242, 7.1, 22, 决战柯尼斯堡
02384649, 8.2, 12, Japan at War
34787007, 6.1, 51, 奥斯维辛的拳击手
03184782, 7.1, 21, 我父亲的祖国
01334096, 7.7, 14, 二次大戰十大風雲人物
26368758, 7.7, 14, 诺曼底1944
26597648, 7.7, 14, 挡车之螳：第二次世界大战中的日军反坦克战（上册）
27125080, 8.2, 11, 第二次世界大战回忆录
26711144, 8.4, 10, 人性的瘟疫
06772424, 7.7, 13, 雄鹰猎日
06772423, 7.1, 18, 帝国精锐
02243598, 8.2, 10, 美国十字军在中国（1938—1945）
33451439, 8.2, 10, 国防军
30180502, 7.6, 13, 东线：辽阔的南方大地
34443593, 7.6, 13, 第二次世界大战
03196778, 6.3, 31, 临危受命 丘吉尔
26872547, 7.1, 17, 英国战列巡洋舰全史
34950153, 7.0, 18, 希特勒的克里斯玛
34786333, 7.3, 15, 海狼
01310114, 6.7, 22, 二战漫画艺术
26449422, 7.7, 12, 帝国苍穹
26639219, 7.2, 15, 中日战争国际共同研究（全三卷）
34976595, 7.6, 12, 少数给中国的飞机
20441775, 5.2, 109, 希特勒传
03082764, 8.0, 10, 我们沉睡在清晨
30213575, 7.8, 10, Fascism
34954826, 7.8, 10, 诺门罕1939
06535982, 6.8, 17, BC级战犯从地狱喊出的声音
30167303, 7.1, 14, 东线
10048406, 6.6, 19, 专制魔王——墨索里尼
04872420, 7.2, 13, 铁血远征
22377460, 7.2, 13, 银幕上的昭和
26232964, 6.6, 18, 党卫军第1&#34;阿道夫·希特勒警卫旗队&#34;装甲师战史
01532378, 7.1, 13, 什捷缅科大将战争回忆录
27104761, 7.1, 13, 乔治·马歇尔传
27577365, 7.4, 11, 牛津二战史
01870523, 7.6, 10, The Rising Sun
11534033, 7.4, 10, 昭和史第二部（上）1945-1989
01283266, 5.4, 46, 纵横捭阖
26658516, 6.8, 13, 二战中的日本
26692614, 7.0, 10, 樟宜战俘营
23779367, 6.6, 12, 总统
26416852, 6.4, 13, 东线:1945年的春天
26232769, 6.3, 13, 太平洋装甲战:1941-1975
26692613, 6.2, 11, 太阳旗下的地狱
26710157, 5.4, 19, 西线1944.6-1945.4
30339501, 6.0, 11, 另类间谍
27036052, 5.5, 16, 二战的细节
35016974, 5.0, 22, 黄同学漫画二战史2
10484657, 0.0, 10, 东方的落日
25960850, 0.0, 10, lovers in arms
26346218, 0.0, 10, 刺客之王
30257999, 0.0, 10, Indianapolis
30324045, 0.0, 10, 丑闻
34970035, 0.0, 10, 大屠杀
35006595, 0.0, 10, 作战指挥
10458159, 0.0, 11, 国防军
34940381, 0.0, 12, Caging skies
01055103, 0.0, 13, 抗日战争时期国民党军机密作战日记（中）
04267255, 0.0, 15, 波兰闪击战
34971051, 0.0, 17, T-34
35005083, 0.0, 25, 第三帝国的兴亡（增订版）
