2020-07-05 15:59:54

number of books, tag name
71, 亚历山大

ID, rating, votes, title
01064275, 8.4, 155619, 老人与海
01039389, 9.0, 4794, 新概念英语（3）
01025721, 8.6, 4665, 新概念英语（2）
25928708, 8.6, 3576, 佛祖都说了些什么?
01014385, 9.0, 2096, 新概念英语（4）
04175473, 8.6, 3107, 波斯少年
01006720, 8.4, 3004, 新概念英语第一册
01073063, 8.5, 946, 人论
26342182, 8.5, 933, 天堂之火
01177968, 8.7, 694, 建筑的永恒之道
01197914, 8.7, 568, 长征记
01157145, 8.7, 536, 建筑模式语言（上下）
01824497, 8.2, 903, 呼唤
02341113, 8.6, 568, 走进我的交易室
30337300, 8.3, 685, 希腊人的故事
02280575, 8.7, 448, 大唐西域记
26686803, 8.8, 402, 葬礼竞技会
10774938, 8.8, 391, 卡瓦菲斯诗集
03761510, 9.4, 224, 歷史之眼(05)
27593864, 8.6, 421, 马其顿的亚历山大
26258900, 8.4, 413, 俄国与拿破仑的决战
01160154, 8.1, 430, 亚历山大远征记
03510266, 8.5, 222, 希腊罗马名人传（全三册）
34785084, 8.4, 231, 亚历山大的征服与神话
10554290, 8.2, 267, 亲爱的加百列
26751534, 9.9, 64, 歷史之眼 (09)
26579840, 8.5, 113, 亚历山大战史
21329264, 7.1, 470, 谁是谷歌想要的人才
27060441, 8.5, 100, 栖血肤下
01177969, 8.6, 90, 建筑的永恒之道
04854007, 8.0, 145, 波斯帝国史
03517358, 8.2, 116, 艺术社会学
02175624, 8.5, 82, 新概念英语1: 英语初阶
26967800, 8.8, 66, 希腊化史
02193966, 9.4, 44, 新概念英语4: 流利英语
10484578, 9.0, 54, 社会生活的意义
25908757, 8.9, 57, 波斯少年
03179965, 9.2, 47, 社会学的理论逻辑（第一卷）
01157146, 7.8, 127, 俄勒冈实验
01562187, 8.8, 57, 新概念英语（3）英汉对照
01133323, 8.0, 98, 城市设计新理论
01247291, 8.6, 59, 住宅制造
01265441, 7.7, 114, 亚历山大大帝传
01774988, 8.0, 86, 窮得有品味
01463769, 8.9, 45, 古典共和精神的捍卫
01022751, 7.5, 116, 亚历山大大帝
05247880, 7.8, 88, 亚历山大大帝
01834826, 7.9, 78, 亚历山大的将道
02230339, 7.1, 134, 批判性地域主义
01725579, 7.3, 80, 希腊帝国主义
30314739, 7.7, 56, 亞歷山大的征服與神話
01084908, 8.1, 41, 亚历山大大帝
01911001, 7.5, 63, 亚历山大帝国
02442912, 9.5, 19, The Nature of Alexander
03214685, 8.9, 25, 社会学的理论逻辑（第二卷）
01045915, 7.7, 51, 国家与市民社会
01206363, 7.5, 57, 亚历山大帝国
30253564, 9.2, 13, 亚历山大战史（全景插图版）
02681580, 8.6, 16, Funeral Games
11612868, 8.4, 16, 社会学的理论逻辑（第三卷）
03443661, 8.8, 12, For and Against
03527825, 7.4, 21, 亚历山大大帝
05501198, 7.6, 18, 我的學生亞歷山大
01943442, 7.0, 24, 亚历山大传奇
06875506, 7.8, 13, 领导者是天生的吗
01138392, 6.7, 16, 新功能主义及其后
01437963, 6.5, 16, 古希腊
04818266, 7.3, 10, 亚历山大
01359121, 7.1, 10, 迪尔凯姆社会学
10557503, 6.2, 12, 亚历山大大帝传
27091775, 5.7, 13, 亚历山大大帝
