2020-07-05 15:59:55

number of books, tag name
373, 亚马逊

ID, rating, votes, title
01084336, 9.0, 576741, 小王子
01770782, 8.9, 647918, 追风筝的人
01068920, 9.3, 158304, 飘
01082154, 9.1, 190795, 活着
01858513, 9.0, 135101, 月亮和六便士
02035179, 9.2, 90987, 动物农场
01017143, 8.5, 200885, 不能承受的生命之轻
02154960, 8.7, 107017, 一个陌生女人的来信
01449352, 8.8, 85156, 朝花夕拾
01082387, 9.3, 35131, 一九八四·动物农场
04011670, 8.3, 189101, 人间失格
01767945, 8.8, 67475, 一只特立独行的猪
01786670, 8.9, 52345, 百年孤独
01088065, 8.7, 71893, 阿Q正传
01008988, 8.4, 107084, 了不起的盖茨比
03239549, 9.2, 26752, 夹边沟记事
03813669, 8.6, 69120, 民主的细节
01467022, 9.2, 22489, 上帝掷骰子吗
01775691, 8.4, 81346, 少有人走的路
02284311, 8.8, 37674, 苏菲的世界
01400705, 8.1, 134114, 情人
26425831, 8.8, 33333, 斯通纳
01012611, 8.2, 98205, 乌合之众
01013208, 8.4, 63346, 如何阅读一本书
01080309, 8.5, 51713, 尘埃落定
01321017, 8.8, 27834, 九州·缥缈录
01813841, 8.7, 32089, 枪炮、病菌与钢铁
03369600, 8.2, 78461, 当我谈跑步时我谈些什么
01449348, 8.9, 22091, 彷徨
01258490, 9.2, 13205, 基地
01088022, 8.9, 19845, 亮剑
01062193, 8.5, 34988, 娱乐至死
01257365, 9.0, 13345, 活了100万次的猫
01321789, 8.7, 21100, 美丽新世界
04884218, 8.8, 17960, 我的阿勒泰
01062343, 9.2, 9840, 昨日的世界
02158189, 8.5, 28641, 海边的卡夫卡
01083762, 8.7, 20482, 人类的群星闪耀时
10786473, 8.2, 45623, 自控力
05366248, 8.2, 44291, 你一定爱读的极简欧洲史
01440972, 9.2, 8945, 博尔赫斯小说集
01015452, 8.3, 34933, 国境以南 太阳以西
03344676, 8.1, 42994, 常识
01077528, 8.8, 12561, 通往奴役之路
01261560, 9.0, 9208, 国富论
01041385, 9.2, 6982, 论美国的民主
01418180, 8.9, 10128, 思维的乐趣
01762869, 8.9, 9777, 如彗星划过夜空
01752755, 8.6, 14328, 第九个寡妇
02340609, 9.1, 6668, 2001太空漫游
01039752, 7.8, 57364, 且听风吟
01095634, 8.7, 11111, 小狗钱钱
26264967, 8.4, 17191, 神们自己
01409704, 8.9, 7650, 金刚经说什么
01962923, 8.6, 11344, 西班牙旅行笔记
02376486, 8.9, 7268, 中国近代史
03642673, 8.0, 30126, 我执
01092149, 8.7, 9379, 梵高传
02359003, 8.2, 18865, 沉思录
01005492, 8.9, 6110, 光荣与梦想
01040382, 9.0, 5168, 人间词话手稿本全编
01061242, 8.8, 6778, 写在人生边上
26824237, 8.8, 6500, 大国大城
01078250, 8.2, 16241, 洗澡
01318126, 8.4, 11067, 雪国
02016749, 8.2, 15221, 金陵十三钗
02339950, 7.7, 37705, 被窝是青春的坟墓
01851385, 7.9, 25133, 我的名字叫红
02317974, 8.5, 8822, 德川家康（第一部）
01982427, 9.1, 3786, 大明王朝1566
01460313, 8.4, 9603, 哥伦比亚的倒影
01037060, 8.6, 6754, 曾国藩（上中下）
01791664, 8.7, 5802, 千江有水千江月
01393447, 9.1, 3337, 忧郁的热带
01792984, 8.3, 9826, 一个女人的史诗
02747765, 9.0, 3616, 中国古代文化常识
01437858, 8.7, 5244, 天行健（全4册）
01087737, 8.9, 3944, 日本蜡烛图技术
10747883, 8.0, 15268, 怦然心动的人生整理魔法
02064450, 8.5, 6815, 大败局Ⅱ
01076378, 9.1, 2989, 传统十论
01504957, 8.6, 5752, 学会提问
01092168, 9.1, 2728, 追忆似水年华（上下册）
11528350, 8.8, 3857, 哈扎尔辞典（阳本）
20503529, 9.2, 2265, 古拉格：一部历史
01017180, 8.2, 8480, 定位
01819978, 8.5, 5331, 温莎墓园日记
01002690, 8.7, 3796, 陈寅恪的最后20年
01437973, 8.7, 3733, 亲密关系
25782902, 8.1, 8361, 反脆弱
01485597, 8.7, 3470, 傅雷家书
07064313, 7.7, 16545, 突然就走到了西藏
01752349, 8.7, 3432, 胡雪岩（全三册）
05317075, 7.1, 57684, 蔡康永的说话之道
03880832, 8.2, 6892, 认得几个字
02309689, 8.0, 9359, 圈子圈套1
01016595, 8.3, 5790, 雍正皇帝（全三册）
02081876, 7.2, 43595, 货币战争
03393056, 8.2, 6613, 流动的盛宴
01059040, 8.7, 3245, 雅舍小品
01489494, 8.5, 4022, 人与永恒
01066108, 8.5, 3873, 易经杂说
02101774, 9.0, 1942, 金枝
03000997, 7.5, 18356, 牛奶可乐经济学
10586741, 8.3, 4375, 关键对话
04266008, 8.3, 4353, 给一个未出生孩子的信
20429677, 7.5, 16516, 大数据时代
30247517, 8.3, 4278, 镖人
03002766, 9.4, 1098, 英语词根与单词的说文解字
01015403, 7.7, 10580, 今生今世
01852117, 8.6, 2663, 边城
01022936, 8.2, 4476, 基业长青
01036478, 8.9, 1772, 大外交
01485628, 7.9, 6995, 毛泽东传
01102259, 8.4, 3271, 人月神话
06864307, 7.4, 16838, 像我这样笨拙地生活
04243770, 8.5, 2815, 创新者的窘境
04199685, 7.6, 11343, 我读
03124547, 7.7, 9364, 藏地密码2
02020973, 8.7, 2065, 天鹅奏鸣曲
01972266, 7.7, 8492, 余欢
03908032, 7.3, 18031, 怪诞心理学
03025921, 7.7, 8383, 黑天鹅
01473250, 7.6, 9980, 魔鬼经济学
06878212, 7.9, 5914, 一个村庄里的中国
01065142, 8.5, 2412, 欧洲文明十五讲
01034470, 9.0, 1323, 柳如是别传（全三册）
01067049, 8.8, 1659, 孩子，把你的手给我
02363834, 8.8, 1640, 春秋大义
06854525, 7.9, 5593, 黑天鹅
01015767, 8.0, 4722, 门萨的娼妓
01464593, 8.7, 1806, 目标
01319345, 7.6, 8813, 18岁给我一个姑娘
02143487, 8.0, 4311, 茅山后裔1
02307720, 8.3, 2741, 幸福的方法
02297786, 7.4, 11724, 北京，北京
02298769, 8.1, 3398, 殷商舰队玛雅征服史
04213445, 8.0, 3939, 击壤歌
01053174, 8.6, 1728, 你干吗在乎别人怎么想？
01032369, 9.1, 922, 花卉圣经
01438147, 8.9, 1139, 让数字说话
01417905, 7.1, 17404, 废都
25886351, 7.5, 7895, 耶路撒冷三千年
01038656, 8.9, 1072, 我曾侍候过英国国王
02005481, 9.0, 949, 法律之门
01450065, 8.4, 1867, 李宗仁回忆录（上下）
01400710, 8.3, 2098, 读史阅世六十年
26650970, 7.3, 10273, 古董局中局 4
07046857, 8.3, 2080, 长日留痕
02074851, 8.1, 2724, 食品真相大揭秘
02377014, 8.3, 2050, 阅读的故事
01034847, 8.5, 1580, 美国与中国
01422105, 8.6, 1383, 江湖丛谈
01040126, 8.5, 1537, 洛丽塔
20376605, 8.6, 1360, 阿特拉斯耸耸肩
02980795, 7.7, 4725, 内向者优势
03786755, 7.2, 11287, 每天懂一点色彩心理学
01446867, 9.2, 694, 两晋南北朝史（上下）
01083170, 8.4, 1670, 老人与海
01042070, 8.5, 1447, 历史的经验
26411602, 8.2, 2038, 富甲美国
03644791, 7.4, 6812, 噪音太多
04238939, 8.1, 2253, 吴敬琏传
01085660, 8.0, 2587, 尽管去做
02248875, 9.1, 683, The Moon And Sixpence
20389195, 7.3, 7887, 慢慢来，一切都来得及
06100990, 7.8, 3305, 访问
02294740, 7.6, 4495, 诚品副作用
02299164, 7.9, 2741, 帝国的终结
01321790, 8.1, 2049, 华氏451
01080225, 9.0, 711, 西方文化中的数学
01083317, 7.8, 3118, 北回归线
01313195, 7.8, 3077, 冰是睡着的水
01433325, 8.5, 1188, 世界上所有的夜晚
02567547, 8.1, 1950, 金色眼睛的映像
02271572, 8.2, 1626, 求医不如求己2
01008023, 9.4, 447, 杜詩詳注（全五冊）
01077497, 7.2, 7525, 水煮三国
01014737, 8.2, 1539, 政法笔记
02122637, 8.1, 1698, 20世纪最伟大的心理学实验
01059490, 7.6, 3441, 麦肯锡方法
02381093, 7.4, 4383, 一辈子做女孩
01085935, 8.1, 1513, 非理性繁荣
06969827, 7.6, 2996, 理想丰满
01979199, 8.3, 1128, 批判性思维
01080750, 8.2, 1274, 精子战争
01807349, 8.6, 744, 个人尊严
02017876, 8.2, 1172, 仙剑神曲(全五册)
04223490, 8.5, 810, 猫的上帝
01319893, 8.0, 1476, 当和尚遇到钻石
01462101, 8.4, 889, 北岛诗选
01443196, 8.1, 1260, 诚信的背后
01465090, 8.8, 562, 从惊讶到思考
01056164, 9.0, 462, 慈禧全传(六卷八册)
20389611, 8.2, 1075, 世界史
01052477, 7.6, 2422, 中国式离婚
01083430, 7.8, 1766, 十日谈
01427527, 8.7, 576, 竞争优势
01061155, 8.3, 853, 中国官僚政治研究
01790456, 7.5, 2474, 专业主义
01055906, 7.7, 1756, 禅是一枝花
24754123, 7.0, 5592, 所有人问所有人
01959134, 8.2, 898, 中国皇帝的五种命运
01084714, 8.1, 1000, 我们
01483285, 7.5, 2223, 有关品位
02135227, 8.4, 681, 一个数学家的辩白
01434480, 7.6, 1852, 你别无选择
02037518, 8.2, 827, 安静
25756932, 7.4, 2402, 两个故宫的离合
02082044, 8.1, 888, 金赛性学报告
01082102, 8.3, 701, 风雨独立路
06855803, 7.6, 1654, 奇点临近
01031956, 8.9, 360, 美国自由的故事
06869079, 8.2, 719, 但愿婚前我知道
02297218, 7.8, 1165, 蚁呓
01322401, 8.6, 461, 八月炮火
30176774, 8.5, 500, 第一本经济学
02604801, 8.2, 689, 我的一个世纪
02356871, 7.0, 3931, 欢喜
25766700, 7.4, 1927, 一网打尽
01243015, 9.0, 297, 英语词缀与英语派生词
06873348, 9.0, 294, 竹久梦二名作原寸复刻集
02044763, 7.3, 2178, 大清相国
24538225, 8.5, 438, The Everything Store
27077719, 8.0, 744, 黑匣子思维
01434346, 8.1, 636, 儒教与道教
02294187, 8.2, 565, 菊与刀
06848987, 7.5, 1366, 一个背叛日本的日本人
02025385, 7.9, 795, 后物欲时代的来临
01255989, 9.1, 226, 化书
02124368, 8.8, 286, 证明与反驳
01427514, 8.6, 342, 青铜时代的鳄鱼战争
02240612, 7.1, 2286, 不生病的智慧
01999075, 8.0, 644, 读库0701
01320281, 8.6, 325, 数学与知识的探求
01841628, 8.4, 395, 从乞丐到元首（上下）
01007625, 7.2, 1778, 中国女性的感情与性
01230437, 8.1, 526, 咨询的奥秘
01968882, 7.5, 1085, 冰鉴
06872019, 6.8, 3276, 黄瓜的黄 西瓜的西
01059234, 8.2, 448, 一个美国资本家的成长
02183332, 8.0, 549, 甘地自传
02157516, 8.9, 212, 湮没的辉煌
06854524, 8.6, 272, 后望书
01608312, 8.5, 298, 呻吟语
24699866, 7.5, 894, 反对完美
01437750, 9.2, 158, Great Expectations
01734832, 8.0, 470, 莫言精选集
02979793, 9.0, 180, 我的美国之路
02245021, 9.0, 178, 天声人语集萃
01808605, 7.8, 542, 帝王之死
01431966, 7.3, 996, 历史的坏脾气
02158862, 8.1, 369, 方舟子破解世界之谜
01741716, 8.8, 191, 周恩来与他的世纪
01090705, 7.8, 482, 观察中国
01999741, 8.1, 337, 类人孩
01391584, 7.6, 582, 孤独的歌声
25879027, 7.8, 456, 谷歌和亚马逊如何做产品
02270995, 7.5, 646, 悠悠南北朝
01453798, 8.7, 184, 寻找生命的逻辑
01034591, 8.7, 183, 跟随勇敢的心
06860558, 7.1, 1095, 一只iPhone的全球之旅
02091305, 9.8, 75, 奈特人体神经解剖彩色图谱
06307924, 8.7, 160, 精益思想
01689645, 8.2, 249, 闲居
01707741, 7.4, 592, 李银河说性
25763770, 7.5, 520, 孵化Twitter
02003987, 8.3, 205, 殺禪 （第一卷）：暴力集團
01575993, 8.6, 157, LITTLE WOMEN
01079774, 8.3, 197, 无尽的探索
01444157, 7.1, 756, 几乎成了英雄
01841741, 8.2, 203, 卡爾威特的教育
01824306, 7.1, 620, 学习的艺术
06844537, 7.5, 344, 经济史的趣味
01506654, 7.7, 261, 婴齐传
24699051, 6.8, 824, 快食慢爱
01678886, 8.9, 91, 愿望潘趣酒
01437869, 8.2, 152, 兰心的秘密
02305092, 9.0, 79, 个性与组织
06851214, 7.2, 420, 社会化营销
33438243, 8.6, 101, 雨林行者
01349984, 8.7, 89, 長日將盡
25748267, 9.0, 70, 一分钟医学速记——协和医学博士的漫画
06844352, 7.2, 346, 幻之翼
30407129, 8.1, 127, 高绩效教练（原书第5版）
02122692, 7.5, 221, 酒人酒事
06851290, 7.4, 233, 灵魂之匣
02029914, 7.8, 152, 通往权力之路
02149051, 9.4, 46, ハチミツとクローバー 10
25712458, 7.3, 245, 大繁荣
06889873, 6.9, 398, 背之眼
01417813, 8.4, 86, Cold Mountain
02678408, 7.0, 333, 历史的拐点
02058844, 7.2, 257, 赌徒陈汤
02149053, 9.7, 37, ハチミツとクローバー 8
02149054, 9.6, 38, ハチミツとクローバー 7
02149052, 9.6, 37, ハチミツとクローバー 9
10792223, 7.2, 231, 不可不知的朝韩史
01979111, 7.3, 206, 冒犯书
02147625, 6.3, 819, 硅谷禁书
24858360, 7.4, 171, 不如去飞
25852596, 8.9, 48, 新东方•恋练有词
10463364, 7.8, 104, 美国公民读本
25811764, 5.7, 2071, 樱桃之书
26310540, 8.6, 54, 第二次世界大战战史
01490696, 8.3, 66, 突破中小企业发展瓶颈
19949162, 6.3, 588, 不会汇报工作，还敢拼职场
25717386, 8.4, 59, 文字工厂
33479229, 7.3, 146, 互联网四大
27117082, 9.1, 37, 迷失Z城
02349831, 7.6, 104, 汽车销售的第一本书
01387655, 9.3, 32, 亞馬遜河探險途上的情書
01042206, 7.4, 122, 读史有智慧（上下）
27183895, 8.4, 52, 星球大战治愈系手绘外传
01319897, 6.7, 252, 1421：中国发现世界
30239806, 7.7, 87, 亚马逊跨境电商运营宝典
04085219, 9.1, 33, 两晋南北朝史-大学讲史-上下卷-图文版
02142615, 7.0, 167, 百年谎言
28661953, 8.7, 41, 雷蒙德·钱德勒典藏版全集
02300959, 7.9, 69, 中国古典小说十二讲
02254693, 8.3, 50, 怎样快写钢笔字
03797326, 8.4, 45, 朱自清散文精选
01083686, 7.2, 118, 什么是战略
01465607, 7.6, 78, 廉政公署全传
02138090, 7.6, 69, 庄子现代版
02224700, 8.7, 30, 画壁
01444559, 8.1, 41, 台湾通史
01031524, 7.1, 89, 曾国藩的升迁之路
01321819, 7.1, 88, 坐在黄河岸边的小镇上品饮
03797405, 8.6, 28, 论语通译
25985823, 7.6, 52, 中国自助游
26577897, 7.3, 64, 图解苏菲的世界:人人都能读懂的西方哲学史
01274088, 6.6, 123, 意志力训练
01985878, 8.4, 28, 俄罗斯文学肖像
06851070, 6.5, 134, 第二届“THE NEXT·文学之新”决赛优秀作品集
25895591, 7.3, 54, 商务英语写作实例精解（第七版）
26357084, 7.7, 39, 改变从消费模式开始
30257784, 7.2, 55, 梦的解析：漫画版
01431564, 6.9, 64, 谋之刃
06875868, 8.5, 21, 两汉魏晋南北朝与西域关系史研究
25847209, 7.7, 32, 缝纫机基础
21365822, 6.7, 73, 四季如夏
01739833, 7.6, 31, 案例（第3辑）
03872151, 7.7, 29, This Is Where I Leave You
30276595, 6.2, 112, 寻味中国：大食会
06847813, 7.2, 41, 李鸿章传
24849321, 5.8, 176, 生活就是北京时间最后一响儿
25853763, 8.4, 18, 缝纫基础的基础
35018167, 6.5, 69, 贝佐斯的数字帝国：亚马逊如何实现指数级增长
02028212, 7.0, 40, 自然科学史十二讲
02245375, 6.5, 61, 超级魔术记忆法
01088310, 7.0, 38, 被亵渎的鲁迅
26377009, 8.3, 16, 火童
06901848, 7.2, 30, 奔跑的蜈蚣
06852867, 8.5, 14, 餘生
26981719, 7.4, 25, 大卖家
06860549, 7.2, 26, 一个男人的城市攻坚战
34853036, 6.2, 60, 中美科技巨头：从ＢＡＴＨ×ＧＡＦＡ看中美高科技竞争
04880123, 8.4, 13, Magic Tree House 6
34819456, 8.4, 11, Ayoade On Top
01786208, 6.8, 26, 案例（第四辑）
01094125, 6.6, 29, 亚马孙雨林
33477922, 7.2, 16, 亚马逊死亡指数
03985849, 5.9, 43, 10分钟学会一个法律常识
10485520, 6.0, 31, 工资翻倍计划
25774984, 7.0, 14, 现代医学真的进步了吗
30314674, 7.0, 14, 跨境电商：亚马逊运营实战宝典
25899651, 5.2, 76, 大数据在中国
04711190, 7.2, 12, Data-Driven Marketing
01277219, 6.3, 21, 世界100位首富人物发迹史
26677547, 5.2, 42, 微信公众营销
04139253, 5.3, 22, 古代名宴的那些事儿
33409468, 0.0, 14, 亚马逊跨境电商运营实战
