2020-07-05 15:59:55

number of books, tag name
648, 亦舒

ID, rating, votes, title
01084336, 9.0, 576743, 小王子
02154960, 8.7, 107017, 一个陌生女人的来信
01043815, 8.4, 151821, 骆驼祥子
01046265, 8.0, 317931, 挪威的森林
05414391, 9.0, 41467, 寻路中国
01963684, 8.6, 69830, 半生缘
06880158, 8.8, 44082, 陆犯焉识
01082334, 8.1, 144823, 穆斯林的葬礼
01014278, 8.4, 79123, 红玫瑰与白玫瑰
03406401, 9.0, 25408, 悉达多
01985223, 8.7, 37351, 倾城之恋
01056733, 8.3, 50627, 地下铁
01964774, 9.1, 12791, 论语
06397275, 8.9, 16343, 此生未完成
02022979, 8.0, 62015, 喜宝
04074636, 7.6, 121323, 放学后
10763902, 7.7, 87524, 偷影子的人
01358413, 8.5, 18249, 我只能為你畫一張小卡片
01041128, 8.6, 15195, 天蓝色的彼岸
02256438, 7.8, 55994, 素年锦时
01031740, 8.2, 25255, 寻羊冒险记
01045352, 8.8, 7786, 二十首情诗与绝望的歌
01033997, 8.6, 10444, 呼啸山庄
01043485, 8.2, 19607, 檀香刑
01049688, 8.4, 13158, 妞妞
02230208, 7.9, 25885, 我的前半生
01051797, 8.3, 12481, 喜宝
01361263, 9.0, 4357, 哭泣的駱駝
01046172, 8.4, 8724, 流金岁月
01613372, 8.4, 7800, 喜宝
11602263, 9.1, 2928, 羊道·深山夏牧场
01470158, 8.0, 13265, 圆舞
03506871, 7.5, 30454, 曾有一个人，爱我如生命
04241870, 7.6, 23160, 我在回忆里等你
02115040, 7.9, 12916, 玫瑰的故事
01748232, 8.0, 10010, 忽而今夏
01470159, 8.4, 5093, 流金岁月
01330009, 8.2, 6631, 我的前半生
01010362, 8.2, 6298, 玫瑰的故事
02028070, 7.7, 14084, 绾青丝Ⅱ
06126821, 8.4, 4311, 远方的鼓声
01361258, 8.3, 4926, 圓舞
20278799, 7.5, 16719, 三十六大
04143274, 8.1, 5837, 忽而今夏
01892491, 7.8, 9021, 如果墙会说话
01057206, 7.3, 22205, 数字城堡
01502083, 8.8, 1967, 杯雪·停云·宗室双歧
01030153, 7.5, 13799, 她比烟花寂寞
04243770, 8.5, 2815, 创新者的窘境
01361268, 8.3, 3510, 朝花夕拾
06815828, 8.4, 3050, 流星雨
02148947, 8.7, 2012, 阴阳师·太极卷
10485696, 7.6, 10123, 我就是想停下来，看看这个世界
01082173, 7.8, 7045, 面包树出走了
01052824, 8.3, 3263, 圆舞
02284090, 7.5, 11840, 开到荼蘼
07058059, 8.0, 5030, 我们心中的怕和爱
01093078, 9.2, 1092, 古龙作品全集（全53卷）
01004956, 8.0, 4972, 阿修羅
01317893, 8.6, 2145, 西厢记
22806583, 8.7, 1839, 国家的常识
10608315, 8.2, 3421, 华氏451
01050349, 8.1, 3766, 上海的金枝玉叶
01055187, 8.3, 2753, 我的前半生
01322066, 7.6, 7920, 吃南瓜的人
03073494, 7.4, 10877, 人淡如菊
03439437, 7.7, 6278, 阿修罗
01264534, 7.9, 4415, 雪地里的蜗牛奄列
01322158, 7.7, 5966, 同门
01052378, 7.8, 4865, 荷包里的单人床
01016058, 7.9, 4088, 我们不是天使
02062604, 8.2, 2568, 人间
01897413, 7.6, 6349, 一点旧一点新
06879215, 7.5, 7397, 乌克兰拖拉机简史
06895313, 7.7, 5017, 原来
01456597, 7.5, 6787, 她的二三事
05975571, 8.0, 3037, 天香
01322328, 7.4, 8099, 不羁的风
02244170, 7.7, 4670, 电光幻影
01057211, 7.9, 3294, 永不永不说再见
01322342, 7.6, 5294, 花常好月常圆人长久
03439439, 8.0, 2695, 朝花夕拾
21778349, 8.3, 1738, 苦水音乐
11527022, 7.8, 3428, 华胥引（全2册）
01957045, 7.5, 5440, 印度墨
01361260, 8.6, 1096, 喜寶
03271283, 7.7, 3638, 奢侈品男人
01547265, 7.5, 5032, 她比烟花寂寞
01038267, 7.6, 4126, 人淡如菊
03081757, 7.9, 2576, 相逢
01499758, 7.6, 4074, 忽爾今夏
06003394, 8.2, 1687, 爱，始于冬季
01484300, 7.6, 3881, 承欢记
01980585, 7.6, 3852, 寒武纪
05263615, 8.1, 1826, 五天学会绘画
01521535, 8.0, 2058, 玫瑰的故事
01281622, 7.5, 4385, 连环
01996037, 7.6, 3705, 嘘
04230591, 7.2, 7252, 我终究是爱你的
01255598, 7.6, 3570, 人淡如菊
01997752, 7.6, 3504, 剪刀替针做媒人
01055185, 7.8, 2562, 心扉的信
03088496, 7.5, 3915, HANA
01975591, 7.6, 3259, 乐未央
01322320, 7.3, 5010, 这样的爱拖一天是错一天
01016053, 7.5, 3494, 胭脂
04240403, 7.1, 7072, 最好的女子
01784456, 7.5, 3386, 悄悄的一线光
23044177, 7.9, 1825, 挺住，意味着一切
05408255, 8.3, 1036, 流金岁月
02111291, 7.7, 2287, 直至海枯石烂
02129831, 8.2, 1158, 美与暴烈
01523834, 7.8, 1968, 我们不是天使
01597854, 7.6, 2605, 开到荼縻
10442281, 8.2, 1084, 她比烟花寂寞
21346610, 7.6, 2457, 莫失莫忘
10801462, 7.8, 1808, 苦才是人生
01361257, 8.5, 737, 流金歲月
02040853, 7.8, 1702, 紫禁城的黄昏
02074187, 7.3, 3418, 特首小姐你早
01089509, 7.0, 5811, 圆月弯刀
01484307, 7.8, 1532, 纵横四海
20394889, 7.6, 2014, 妮玛！这就是大学！
02060432, 7.0, 5539, 红颜露水
01322248, 7.1, 4559, 寂寞的心俱乐部
01484291, 7.6, 1980, 故园
01055184, 7.3, 3152, 迷迭香
02084797, 7.8, 1425, 佛罗伦斯月光下
02374818, 7.5, 2177, 葡萄成熟的时候
01281708, 7.3, 2954, 天若有情
01499759, 7.4, 2489, 花解語
03802289, 7.6, 1710, 灵心
02979035, 7.4, 2288, 她比烟花寂寞
01499764, 7.6, 1654, 如何说再见
01456627, 7.1, 3663, 小紫荆
01055182, 7.5, 1898, 绝对是个梦
03073493, 7.2, 2954, 迷藏
02973561, 7.4, 2100, 爱情只是古老传说
01016057, 7.1, 3423, 香雪海
01362455, 7.9, 1015, 同門
01786649, 7.1, 3310, 天上所有的星
02057330, 7.4, 1978, 只有眼睛最真
01016054, 7.4, 1962, 没有季节的都会
02969113, 7.6, 1449, 意绵绵
01975960, 7.0, 3731, 所以
01597853, 7.4, 1872, 胭脂
01484281, 7.6, 1391, 明年給你送花來
05912249, 7.3, 2185, 生于一九九叉
04224756, 7.6, 1314, 危险关系
01498618, 7.4, 1752, 綺色佳
01956299, 7.4, 1739, 蓉岛之春
24530426, 8.1, 679, 金庸传(修订版)
01264537, 7.5, 1459, 蝴蝶过期居留
05397318, 7.5, 1444, 火
03073492, 7.0, 3196, 痴情司
04160236, 7.3, 1896, 叹息桥
01499781, 7.8, 925, 直至海枯石爛
01484310, 7.5, 1382, 七姐妹
01016062, 7.2, 2185, 异乡人
04160239, 7.7, 1040, 纵横四海
01484301, 7.3, 1823, 不易居
02016479, 7.5, 1323, 真男人不哭泣
01371571, 7.5, 1317, 假使蘇西墮落
01016060, 7.2, 2062, 没有月亮的晚上
04328951, 7.8, 857, 同门
01499754, 7.2, 2009, 曾經深愛過
01499753, 7.3, 1672, 變形記
01484244, 7.5, 1189, 燈火闌珊處
01484283, 7.5, 1147, 印度墨
01484313, 7.3, 1502, 風滿樓
03802288, 7.3, 1454, 大君
02105526, 8.4, 373, 亦舒新经典
01014456, 7.1, 1960, 天秤座事故
03077922, 7.1, 1948, 假使苏西堕落
01484304, 7.4, 1223, 一千零一妙方
01201098, 7.3, 1411, 独身女人
01016059, 7.3, 1408, 假梦真泪
02115041, 6.9, 2695, 邻居太太的情人
04203512, 7.3, 1377, 伤城记
01030164, 7.1, 1854, 石榴图
01055186, 7.0, 2138, 烈火
02082241, 7.5, 989, 移世情缘
01055183, 7.1, 1787, 痴情司
01122285, 8.5, 306, 李碧华经典作品集
01016061, 7.0, 2058, 小玩意
01281602, 7.3, 1275, 没有季节的都会
01046148, 7.4, 1086, 天若有情
01499773, 7.5, 913, 尋芳記
06991335, 7.7, 698, 艳阳天
01952518, 7.2, 1399, 早上七八点钟的太阳
06519060, 7.1, 1624, 我有一个朋友
06436924, 7.1, 1618, 蔓蔓青萝
02379437, 7.2, 1360, 雪肌
01499768, 7.4, 1013, 叹息桥
01281599, 7.0, 1860, 红尘
01484284, 7.0, 1859, 薔薇泡沫
10742394, 8.4, 305, 梦想家彼得
01361317, 7.4, 974, 這雙手雖然小
01499770, 7.3, 1118, 小宇宙
01951295, 7.1, 1498, 漫长迂回的路
01412919, 8.0, 449, 阿修羅
01484293, 7.2, 1266, 野孩子
01448678, 7.4, 937, 幽靈吉卜賽
10762249, 7.6, 702, 亲爱的，这不只是一场旅行
03124728, 7.5, 791, 那一瞬的地老天荒
01519372, 7.1, 1364, 没有月亮的晚上
01499769, 7.3, 1008, 我愛，我不愛
01922723, 7.2, 1166, 美嬌嬝
01847618, 8.1, 369, 玫瑰的故事
01017713, 7.1, 1328, 绮惑
01361440, 8.0, 401, 如果牆會說話
01418949, 7.3, 920, 特首小姐你早
24719916, 7.8, 473, 殊途同爱
01528715, 6.9, 1667, 香雪海
01425706, 7.0, 1395, 小玩意
05408254, 7.3, 879, 爱情慢慢杀死你
01988871, 8.0, 370, 我的前半生
01484292, 7.1, 1176, 鄰室的音樂
27084262, 7.3, 863, 我的前半生
01008452, 7.1, 1131, 镜花缘
05408251, 7.0, 1299, 你的素心
01823875, 7.3, 800, 吻所有女孩
01484282, 7.0, 1244, 蟬
01041403, 7.2, 915, 红尘
01499763, 7.1, 1028, 两个女人
30214972, 8.2, 269, 流金岁月
01532639, 7.0, 1187, 石榴图
04876757, 8.1, 287, 弟子规
01484312, 6.8, 1533, 曼陀罗
10493119, 8.3, 224, 女性健康私密书
05408256, 7.1, 919, 禁足
01361298, 7.0, 1056, 黑羊
01520129, 7.0, 1056, 异乡人
01362640, 7.4, 582, 早上七八點鐘的太陽
04013746, 8.7, 151, 流金歲月
01860129, 7.1, 859, 阿玉和阿瓦
05408250, 7.0, 956, 有时他们回家
01484270, 6.9, 1110, 西岸陽光充沛
01988889, 8.1, 241, 我們不是天使
01458748, 7.3, 589, 大君
05408253, 7.3, 589, 不易居
03802287, 7.0, 891, 慰寂寥
03170157, 6.9, 986, 孪生
24525078, 7.4, 476, 要多美丽就多美丽
25206612, 7.3, 535, 谎容
06862726, 7.1, 701, 地尽头
27084263, 7.3, 530, 承欢记
24714636, 6.3, 2691, 锦绣未央（1、2、3）
27084267, 7.0, 785, 喜宝
01452262, 6.8, 1069, 莫失莫忘
01395703, 7.3, 516, 獨身女人
01484305, 6.9, 909, 一把青云
01908334, 7.2, 580, 畫皮
24706060, 7.2, 579, 花解语
25752521, 7.5, 394, 圆舞
01484274, 6.9, 882, 弄潮兒
01499756, 6.8, 1001, 风信子
10589341, 7.2, 554, 四部曲
01988885, 7.5, 371, 人淡如菊
01989070, 7.0, 709, 家明與玫瑰
01055701, 7.1, 612, 写在墙上的脸
01499766, 7.0, 687, 生活之旅
01529101, 6.8, 928, 烈火
01362588, 7.1, 586, 鄰居太太的情人
06862311, 7.3, 446, 画皮
04915878, 7.0, 665, 蜜糖只有你
01055709, 9.0, 90, 重读古典
01484314, 6.8, 893, 寂寞鸽子
01988913, 7.3, 434, 不羈的風
04013744, 8.8, 100, 朝花夕拾
26719944, 7.3, 415, 喜宝
02382527, 7.0, 618, 謊容
03628618, 7.1, 535, 香雪海
03085855, 6.6, 1064, 乒乓
24525398, 7.3, 385, 明年给你送花来
03628617, 7.1, 497, 众里寻他
01484306, 6.7, 880, 银女
01847635, 7.0, 557, 小人兒
07002703, 7.2, 423, 吻所有女孩
01957954, 7.3, 368, 愛情慢慢殺死你
01484287, 7.4, 326, 真男人不哭泣
24525080, 7.0, 539, 掰
01488426, 8.2, 142, 苏格兰女王
03432626, 6.6, 953, 德芬郡奶油
06991333, 6.9, 593, 一个复杂故事
10344912, 6.8, 685, 曾经深爱过
06025437, 7.3, 344, 最好不相见
04013732, 8.2, 133, 喜寶
01950576, 7.0, 480, 回南天
10589340, 6.9, 546, 三思楼
01036776, 7.5, 255, 不谈爱情
01988876, 7.6, 228, 開到荼蘼
24706061, 7.4, 280, 幽灵吉卜赛
01499750, 6.9, 531, 美丽新世界
01988901, 7.6, 220, 心扉的信
01988908, 7.3, 301, 絕對是個夢
04046761, 7.3, 301, 处世之道
01989364, 7.3, 298, 璧人
01989674, 7.3, 293, 月亮背面
03330182, 7.1, 375, 四部曲
01361259, 7.3, 291, 天若有情
01988877, 7.3, 285, 她比煙花寂寞
01473192, 7.3, 284, 花常好月常圓人長久
25703761, 7.3, 268, 灿烂的美元
01414814, 7.3, 266, 忘記他
10563114, 8.5, 87, 《洛神赋图》与中国古代故事画
01988907, 7.2, 297, 在那遙遠的地方
25747190, 7.0, 376, 我俩不是朋友
01847605, 7.6, 185, 艷陽天
26308374, 7.3, 249, 忽尔今夏
01484302, 6.9, 402, 玉梨魂
11640543, 6.8, 459, 洁如新
01996138, 6.8, 454, 无薇不至
26719954, 7.5, 192, 我的前半生
21236739, 7.4, 209, 四季城邦·卷1
26351031, 7.4, 209, 家明与玫瑰
25919462, 7.5, 185, 这双手虽然小
01422144, 7.1, 286, 這樣的愛拖一天是錯一天
01763330, 6.6, 565, 星之碎片
01484322, 6.8, 418, 一段云
01499772, 6.6, 556, 心之全蚀
30179878, 7.7, 144, 印度墨
27084300, 7.2, 241, 衷心笑
01988905, 7.1, 270, 天秤座事故
25703769, 7.2, 235, 从前有一只粉蝶
01989623, 7.0, 287, 一個夏天
04931686, 7.7, 132, 50把改变世界的椅子
01418948, 7.2, 219, 雪肌
01988894, 6.9, 307, 迷迭香
01988921, 7.2, 208, 只有眼睛最真
01784630, 6.9, 299, 藍這個顏色
27608725, 8.2, 80, 爱情只是古老传说
27084291, 6.8, 329, 圆舞
01082975, 7.9, 101, 美丽密语
01988899, 6.6, 419, 預言
25969860, 7.3, 173, 如何说再见
01988888, 6.8, 310, 紫微願
01989349, 7.0, 240, 偶遇
01989686, 7.1, 213, 她成功了我沒有
04912661, 7.5, 137, 先吃甜品
01950572, 7.0, 233, 年輕的心
01484116, 6.8, 300, 五月與十二月
01989353, 6.9, 259, 花事了
01989016, 6.9, 258, 珍珠
30214977, 7.9, 92, 直至海枯石烂
27167509, 8.1, 77, 朝花夕拾
25967884, 7.5, 129, 小宇宙
25706797, 6.9, 247, 代寻失去时光
26058940, 7.7, 105, 衷心笑
11640542, 6.7, 314, 少年不愁
03018259, 7.5, 125, 开到荼縻
26719950, 7.5, 124, 阿修罗
01358449, 8.9, 43, 玫瑰念珠
27167794, 7.8, 92, 天若有情
04057459, 8.6, 50, 電影現場之旅（港岛篇）
01484233, 7.0, 200, 寂寞的心俱樂部
01989365, 6.8, 252, 白衣女郎
02334565, 7.4, 127, 她比烟花寂寞
10344930, 6.8, 249, 社交网站的数据挖掘与分析
27084297, 6.8, 246, 玫瑰的故事
03243032, 6.6, 318, 三思樓
01989352, 7.1, 169, 舊歡如夢
01421568, 6.7, 273, 愛可以下載嗎
25204536, 7.1, 167, 众里寻他
04013723, 8.1, 66, 我的前半生
04286169, 6.4, 409, 天堂一样
27084265, 6.6, 299, 某家的女儿
25722094, 7.0, 180, 天秤座事故
26336478, 7.2, 143, 生活志
01498616, 7.0, 177, 憔悴三年
01989444, 6.9, 199, 不要放棄春天
01988879, 7.0, 175, 胭脂
01989677, 6.8, 222, 三小無猜
01989680, 7.1, 156, 等待
01989369, 7.2, 139, 琉璃世界
30179838, 8.1, 62, 艳阳天
24749295, 9.1, 33, 亦舒精选集（套装共4册）
01473193, 7.3, 120, 如果你是安琪
01989354, 7.1, 146, 暮
01989673, 7.1, 146, 流光
20259380, 6.4, 355, 佩枪的朱丽叶
01876101, 7.0, 161, 天上所有的星
04013717, 8.1, 59, 玫瑰的故事
27084299, 6.9, 179, 悠悠我心
01989523, 6.8, 200, 阿細之戀
25979246, 6.8, 198, 假使苏西堕落
01993737, 6.9, 175, 留英學生日誌
01505064, 7.0, 151, 蝴蝶飞不过沧海
01988912, 6.5, 281, 黑羊
26336491, 7.7, 76, 刹那芳华
01484227, 6.9, 165, 鄰居太太的情人
25783411, 7.1, 130, 石榴图
01449798, 7.0, 144, 請你請你原諒我
01483657, 7.2, 114, 蝴蝶吻
03217696, 7.2, 114, 谎容
11501855, 6.6, 224, 爱情是个冷笑话
26351035, 7.0, 137, 旧欢如梦
01988886, 6.9, 149, 石榴圖
26719964, 7.7, 69, 一个复杂故事
01989017, 6.9, 148, 可人兒
20259381, 6.3, 325, 塔里的六月
27084268, 6.5, 243, 幸运星
27608723, 7.1, 117, 我爱，我不爱
01989601, 6.6, 207, 紅鞋兒
02119425, 8.2, 45, 母鱼
25762853, 6.5, 226, 我情愿跳舞
30179815, 7.2, 99, 迷迭香
01988872, 6.8, 150, 香雪海
26590919, 7.3, 89, 心扉的信
10463023, 6.7, 168, 櫻唇
01989687, 6.9, 133, 我確是假裝
01989368, 6.6, 187, 今夜不
01988883, 7.0, 117, 異鄉人
04189956, 8.0, 49, 初玩刺绣100招
01989678, 7.1, 102, 密碼
25866789, 7.3, 84, 随意
02218214, 8.3, 39, 亦舒新经典(全12册)(赠送书友杯)
01989683, 6.7, 152, 老房子
25752391, 6.7, 151, 黑、白、許多灰
01989068, 7.0, 106, 古老誓約
26574805, 6.9, 117, 某家的女兒
04738612, 6.5, 188, 那一天，我對你說
01989685, 7.0, 105, 一個女人兩張床
01098895, 7.6, 60, 亦舒作品集（第2辑）
01948401, 7.0, 103, 藍鳥記
01989682, 6.7, 143, 女神
30214947, 7.5, 64, 灯火阑珊处
01989663, 6.9, 110, 慰寂寥
30292617, 7.9, 46, 蓉岛之春
01431525, 8.1, 40, 风满楼
26590926, 7.1, 89, 印度墨
26719953, 7.2, 80, 迷藏
30306611, 7.5, 61, 风满楼
10742275, 6.4, 194, 陌生人的糖果
01989628, 6.7, 133, 小朋友
01363866, 7.2, 79, 雪肌
06325097, 7.8, 48, 麵包树上的女人
06977801, 6.4, 191, 實在平凡的奇異遭遇
02064846, 6.5, 167, 玉梨魂
01993774, 7.5, 60, 月是故鄉明
01989468, 6.4, 190, 哀綠綺思
27084283, 6.3, 217, 人淡如菊
25908782, 6.5, 165, 世界换你微笑
01989066, 6.8, 115, 有過去的女人
01989668, 7.0, 93, 仲夏日之夢
25933229, 7.2, 76, 我哥
01989062, 6.9, 102, 拍案驚奇
01989676, 6.7, 127, 仕女圖
01988909, 7.1, 83, 紅塵
01989367, 6.5, 161, 傳奇
01989622, 6.6, 142, 伊人
01989626, 6.6, 141, 玻璃珠的嘆息
01989621, 6.6, 139, 安琪兒寫照
20269673, 6.8, 110, 恋着好喜欢
27592823, 7.3, 67, 去年今日此門
26431060, 6.6, 137, 蔷薇泡沫
01989348, 6.6, 136, 今夜星光燦爛
01989675, 6.8, 107, 偷窺
06817854, 8.1, 36, 乙男蟻女
27608726, 7.3, 65, 我们不是天使
01988881, 6.7, 116, 沒有月亮的晚上
01989067, 6.9, 92, 滿院落花簾不捲
01989667, 6.6, 127, 求真記
01989020, 6.7, 113, 雨花
01989620, 6.5, 142, 金環蝕
30214963, 7.4, 57, 寂寞的心俱乐部
01989670, 6.2, 209, 不要愛上她
20516464, 6.6, 122, 寻找家明
27608724, 6.5, 136, 黑、白、许多灰
01989661, 6.8, 96, 賣火柴的女孩
25867018, 6.9, 86, 此一时也彼一时也
01438698, 7.5, 50, 浮城志异
26639795, 7.7, 43, 衷心笑
26590845, 7.0, 77, 故园
01989443, 6.8, 94, 杜鵑花日子
01989672, 6.5, 131, 他人的夢
04013770, 7.9, 37, 特首小姐你早
01989671, 6.8, 92, 表演
01989664, 6.6, 114, 美麗的她
02330779, 7.8, 39, 没有月亮的晚上
01961749, 6.5, 128, 譬如朝露
02331669, 7.1, 67, 曾经深爱过
25817603, 6.3, 162, 那男孩
30173562, 7.3, 56, 同门(精)
01989043, 6.3, 161, 我醜
11511016, 6.5, 124, 藍襪子之旅
26321481, 6.6, 108, 幸運星
02083924, 7.0, 71, 两段风
26590923, 6.7, 94, 银女
02210407, 7.3, 53, 她比烟花寂寞
01989665, 6.8, 84, 晚兒
01989669, 6.6, 104, 變遷
27137910, 6.8, 83, 痴情司
01361670, 6.9, 75, 寂寞的心俱乐部
01989069, 6.3, 146, 三個願望
03204052, 6.9, 72, 子夜
01989537, 6.6, 98, 惱人天氣
30121589, 6.8, 79, 我哥
01989681, 6.9, 71, 錯先生
01993764, 7.2, 54, 寒武紀
20433701, 6.4, 121, 佳偶
26260209, 6.9, 70, 大宅
01390007, 7.3, 49, 荳芽集
26387487, 6.6, 95, 微積分
30306621, 7.7, 36, 葡萄成熟的时候
01874392, 7.0, 62, 緊些
04197287, 7.5, 41, 心扉的信
30306622, 7.2, 50, 一千零一妙方
30179803, 6.9, 65, 阿修罗
01989063, 6.5, 98, 請勿收回
01351503, 6.8, 71, 孿生
01989629, 7.0, 58, 男男女女
05255679, 7.8, 31, 蒙妮坦日记
34443378, 8.3, 23, 青雲志
25940832, 6.6, 84, 有你，没有你
01419357, 8.2, 24, 品味
03161196, 6.8, 67, 心之全蚀
01949319, 6.4, 103, 花裙子
27094767, 7.0, 55, 這是戰爭
06798593, 7.9, 28, 招魂
01372293, 7.0, 54, 痴情司
03553010, 7.5, 36, 要多美麗，就多美麗
01989635, 6.9, 58, 聽我細說
26920744, 6.5, 86, 新女孩
06440822, 6.6, 76, 亦舒语录
01989666, 6.3, 106, 金粉世界
03131163, 7.4, 37, 我看亦舒小說
02331679, 6.5, 82, 风信子
01449797, 6.3, 101, 我答應你
01993743, 6.8, 59, 自得之場
01989662, 6.5, 80, 鏡子
01989684, 6.8, 58, 尋找失貓
26642868, 7.1, 44, 紅樓夢裏人
30121606, 7.1, 44, 舒云集
01989679, 6.3, 97, 我心
01877848, 6.4, 86, 寂寞夜
30121597, 6.7, 62, 如果有，还未找到
30121583, 6.8, 56, 生活志
01989355, 6.4, 83, 過客
01989018, 6.4, 82, 小火焰
01989603, 6.4, 82, 戀後
26899931, 6.4, 82, 阿波羅的神壇
01877850, 6.4, 80, 藍色都市
01988981, 6.4, 80, 乒乓
02130985, 6.7, 58, 散发
04013777, 8.4, 18, 靈心
01989072, 6.9, 48, 寶貝
27029883, 6.6, 63, 珍瓏
02331676, 7.1, 40, 两个女人
27137909, 6.0, 126, 寂寞鸽子
05402786, 7.3, 33, 蓉島之春
01484286, 6.8, 49, 散髮
24089610, 6.1, 104, 紅杏與牆
25857669, 6.2, 90, 露水的世
01989600, 6.6, 58, 精靈
30121518, 5.8, 155, 红楼梦里人
02137783, 7.0, 39, 曼陀罗
01989602, 6.4, 67, 試練
01993747, 6.9, 41, 豈有豪情似舊時
01993755, 7.7, 23, 推薦書
04099405, 6.6, 51, 德芬郡奶油
26308401, 6.1, 88, 曼陀罗
01989543, 6.3, 69, 貓兒眼
01862081, 6.5, 55, 尚未打烊
01989627, 6.2, 76, 封面
26833109, 6.2, 76, 不一樣的口紅
25955043, 6.7, 44, 露水的世
02331685, 8.1, 17, 婚外之恋
02333249, 8.2, 16, 流金岁月·异乡人
30281691, 6.6, 47, 有限温存
01989624, 6.3, 63, 說故事的人
26431077, 6.0, 88, 那男孩
30144753, 6.5, 50, 好好好
26719946, 7.1, 30, 亦舒“喜宝精装”系列
27137911, 6.0, 83, 蔷薇泡沫
01993766, 7.3, 25, 隨心
03277612, 6.4, 52, 左手写他 右手写爱
01361813, 6.9, 33, 我答應你
01020010, 5.6, 140, 亦舒传奇
30214973, 6.5, 46, 胭脂
01993751, 7.3, 24, 得魚忘荃
21356557, 6.9, 32, 向前走，不回頭
01993752, 7.0, 29, 意綿綿
25917554, 7.0, 29, 紅到幾時
01989660, 6.1, 66, 鐘情
01989363, 6.7, 36, 戲
30226674, 6.5, 43, 結或不結 離或不離
01361553, 6.8, 33, 弄潮兒
04013765, 7.0, 28, 縱橫四海
25807852, 7.0, 28, 無暇失戀
26958011, 6.1, 62, 森莎拉
01989625, 6.7, 34, 紅的燈綠的酒
27163139, 7.1, 25, 寫作這回事
01993762, 7.4, 20, 舊雨
30360902, 6.2, 52, 船屋
04740431, 6.6, 35, 世界換你微笑
01993756, 7.5, 18, 練習本
01993757, 7.8, 15, 表態書
30455399, 6.3, 43, 第十一號羅蜜歐
04013757, 7.3, 19, 慰寂寥
01993735, 7.2, 20, 荳芽集第三集
01993744, 7.2, 20, 退一步想
01993763, 7.4, 17, 隨想
04099555, 7.4, 17, 吻所有女孩
01993759, 7.5, 16, 老閒話
34833973, 7.5, 16, 西岸阳光充沛
26574802, 6.6, 29, 如果有，還未找到
03241623, 6.5, 31, 给亦舒的信
01993734, 7.2, 18, 荳芽集第二集
01993753, 7.6, 14, 說明書
02130982, 7.6, 14, 胭脂
01993760, 6.7, 24, 皮相
34833968, 7.2, 17, 微积分
30270769, 7.0, 19, 就是喜歡
01993738, 6.2, 34, 舒雲集
01993754, 7.1, 17, 可是當年人面
10555091, 7.7, 12, 玫瑰的故事
02279980, 6.7, 21, 一個複雜故事
01993750, 7.4, 13, 樂未央
01993746, 6.4, 23, 無才可去補蒼天
34649752, 6.8, 17, 無盡香檳
02254642, 7.1, 14, 香港文坛剪影
01993761, 6.6, 19, 禿筆
01993749, 6.7, 17, 且自逍遙沒誰管
01993740, 6.6, 18, 歇腳處
01993742, 6.4, 20, 黑白講
01087063, 5.4, 54, 亦舒传
04099499, 7.1, 12, 地盡頭
06737555, 6.2, 19, 異寶
20513468, 5.1, 65, 你若盛开清风自来-浮躁世界里的安心之道
02039410, 6.4, 14, 有亦舒的日子
01047605, 6.6, 12, 给你一轮新太阳
01993739, 6.6, 12, 舒服集
01993765, 5.9, 20, 隨意
01993748, 5.8, 21, 我之試寫室
11511017, 4.7, 56, 女記者手記
01993741, 5.6, 14, 販駱駝誌
21264139, 4.9, 17, 风花雪月是民国
01055188, 0.0, 10, 花季・雨季(卡通本)
01269806, 0.0, 10, 向刻薄的人学习宽容
01993758, 0.0, 10, 生活誌
04099573, 0.0, 10, 迷藏
11520734, 0.0, 10, 城市化时代的城市设计
01993767, 0.0, 11, 隨緣
04013773, 0.0, 11, 漫長迂迴的路
04099582, 0.0, 12, 愛情只是古老傳說
34833971, 0.0, 12, 小人儿
10536779, 0.0, 17, 救命聖經．葛森療法
