2020-07-05 15:59:55

number of books, tag name
931, 人文

ID, rating, votes, title
01084336, 9.0, 576745, 小王子
06082808, 9.2, 294569, 百年孤独
01008145, 8.9, 372539, 围城
04820710, 9.3, 147863, 1984
01361264, 9.0, 186394, 撒哈拉的故事
10594787, 9.0, 184316, 霍乱时期的爱情
25985021, 9.1, 131601, 人类简史
01041482, 8.9, 143749, 万历十五年
26954760, 8.8, 149121, 月亮与六便士
01057244, 8.7, 178948, 边城
03006581, 8.9, 98924, 无人生还
06710437, 9.3, 50258, 撒哈拉的故事
24531956, 9.7, 21879, 哈利•波特
33440205, 8.9, 60919, 你当像鸟飞往你的山
01795079, 9.2, 36595, 乡土中国
04760224, 9.0, 46963, 许三观卖血记
01060852, 8.9, 54730, 呼兰河传
20424526, 9.2, 29824, 邓小平时代
20440644, 9.1, 33978, 文学回忆录（全2册）
03239549, 9.2, 26752, 夹边沟记事
01011754, 8.9, 33450, 海子的诗
01035848, 8.7, 44557, 一千零一夜
26425831, 8.8, 33333, 斯通纳
01013208, 8.4, 63346, 如何阅读一本书
01981042, 9.1, 19318, 万历十五年（增订本）
03410718, 9.2, 16162, 美的历程
01813841, 8.7, 32089, 枪炮、病菌与钢铁
03803820, 8.4, 51377, 人生
01418686, 8.7, 27666, 红拂夜奔
01253310, 9.0, 15554, 人间草木
26943161, 8.4, 41440, 未来简史
01022238, 8.2, 58121, 菊与刀
01014825, 9.0, 13038, 我也有一个梦想
01083762, 8.7, 20482, 人类的群星闪耀时
26980487, 9.4, 7311, 悉达多
22714154, 8.7, 19623, 繁花
01675478, 9.1, 10699, 天朝的崩溃
01032501, 8.8, 16313, 心理学与生活
02326403, 8.9, 13821, 认识电影
05366248, 8.2, 44291, 你一定爱读的极简欧洲史
04729583, 8.9, 13360, 野火集
04124727, 8.1, 51464, 孤独六讲
26210487, 9.0, 11134, 强风吹拂
01225977, 8.9, 12731, 全球通史（第7版 上册）
05375620, 8.7, 15221, 失控
20501147, 9.3, 6501, 中国哲学简史
26340138, 7.6, 120571, 岛上书店
20507206, 9.1, 8206, 众病之王
01322455, 8.7, 14199, 遥远的救世主
27608239, 8.4, 22260, 原则
25897657, 9.5, 4391, 悲惨世界
34434309, 7.9, 50435, 82年生的金智英
26854318, 9.1, 6795, 现代艺术150年
25961458, 9.3, 5228, 大问题
30475767, 8.1, 31722, 人生海海
03389984, 8.5, 15327, 俗世奇人
04238162, 9.4, 4307, 昨日的世界
01015699, 8.2, 25003, 中国大历史
01073349, 8.9, 8174, 写在人生边上 人生边上的边上 石语
02258034, 9.3, 4776, 乡土中国
01949679, 8.7, 10531, 素履之往
26435510, 9.5, 3627, 雕刻时光
01040466, 8.9, 7571, 谈美
26889236, 8.3, 18085, 我的职业是小说家
06712255, 8.9, 7158, 天真的人类学家
04010196, 8.1, 25031, 世界因你不同
03270617, 9.3, 4146, 我与地坛
25845647, 8.8, 7881, 天空的另一半
01003284, 8.1, 22270, 退步集
27174130, 8.1, 22122, 北野武的小酒馆
30163860, 9.1, 4761, 绿毛水怪
03003032, 9.3, 3291, 浪漫主义的根源
06712407, 9.0, 4615, 巴黎评论·作家访谈Ⅰ
19940743, 8.1, 17871, 文化苦旅
01763806, 8.5, 9019, 万寿寺
02042063, 8.4, 10349, 伊斯坦布尔
25902942, 9.0, 4401, 文明之光（第一册）
01071227, 9.0, 4032, 大问题
02988943, 8.3, 10677, 青灯
01393447, 9.1, 3337, 忧郁的热带
01315190, 8.8, 4907, 想象的共同体
06892579, 8.4, 8649, 美国种族简史
30116399, 9.5, 2058, 跨越边界的社区（修订版）
05038752, 9.2, 2891, 谈美
02747765, 9.0, 3616, 中国古代文化常识
30259720, 8.1, 12984, 今日简史
01017238, 8.7, 5183, 美学散步
01006560, 8.2, 10934, 血酬定律
01054889, 7.7, 26355, 行者无疆
01010349, 8.1, 12537, 丰乳肥臀
01076378, 9.1, 2989, 传统十论
01427825, 8.5, 6650, 中国人史纲（上中下）
02143304, 8.1, 12309, 我爱问连岳
03007268, 9.3, 2314, 传习录
01961808, 9.3, 2235, 呐喊
01033248, 8.9, 3605, 幸福之路
01079838, 8.7, 4629, 湘行散记
01181690, 8.7, 4614, 傅雷家书
05401989, 8.0, 13280, 自由在高处
25955474, 7.4, 42245, 坏小孩
02216583, 8.8, 3927, 沉重的肉身
01027247, 7.8, 18689, 丑陋的中国人
03067169, 7.9, 15431, 丑陋的中国人
26738729, 9.2, 2326, 沉默的大多数
03333989, 8.1, 10587, 荒废集
01001204, 7.9, 14594, 山居笔记
01201620, 8.3, 7442, 人类群星闪耀时
01020241, 7.6, 23825, 千年一叹
04199761, 8.3, 6906, 重新发现社会
01002690, 8.7, 3796, 陈寅恪的最后20年
04131380, 9.1, 2253, 忧郁的热带
04082434, 9.3, 1788, 穿墙透壁
26354440, 9.0, 2517, 野蛮大陆
01010204, 8.5, 4827, 宽容
05423803, 8.2, 7263, 剑桥倚天屠龙史
06712512, 9.8, 1025, 脂砚斋评石头记（上下）
01491239, 8.5, 4591, 吾国与吾民
01054760, 8.9, 2700, 枪炮、病菌与钢铁
01777823, 8.1, 8068, 八十年代访谈录
01024846, 9.2, 1825, 所罗门王的指环
27168433, 8.7, 3324, 基因传
26708306, 8.6, 3746, 北欧，冰与火之地的寻真之旅
02969420, 9.5, 1274, 抵岸
01023000, 8.5, 4092, 常识与通识
02052596, 8.2, 5927, 退步集续编
01315199, 9.1, 1790, 历史研究
01005325, 8.3, 4945, 童年的消逝
01492634, 8.3, 4848, 生活的艺术
02101774, 9.0, 1942, 金枝
26847644, 8.2, 5526, 苏东坡传
26354318, 9.1, 1696, 梵高传
01888215, 8.4, 3831, 即兴判断
05922204, 8.3, 4412, 曾国藩的正面与侧面
01051231, 8.4, 3658, 黄河青山
27015443, 9.4, 1096, 西南联大英文课
01008732, 8.4, 3463, 失败之书
26687647, 7.9, 7344, 至味在人间
27116878, 9.4, 1053, 羊道三部曲(共3册)
01068912, 8.4, 3268, 中国文化的深层结构
03332661, 9.2, 1233, 中国景色
26905274, 8.2, 4295, 海错图笔记
02377241, 9.5, 905, 世說新語箋疏（全三冊）
01035517, 7.6, 11383, 男人这东西
03427162, 9.4, 992, 文心雕龙
01905742, 8.8, 1837, 金枝（上下册）
26603137, 9.1, 1295, 危机与重构
01418648, 8.4, 2981, 胡适口述自传
10588835, 8.7, 2015, 别处生活
04579688, 8.5, 2527, 丑的历史
03431988, 9.0, 1374, 人的境况
06015822, 8.5, 2503, 在细雨中呼喊
26584286, 8.7, 1941, 大学之路（套装）
06780545, 9.0, 1367, 中国哲学史
01410359, 9.1, 1205, 乡土中国
01065142, 8.5, 2412, 欧洲文明十五讲
01063736, 8.4, 2729, 人类的故事
30346218, 8.1, 4167, 态度
01288913, 8.3, 3110, 半生为人
01223575, 7.8, 6608, 文化苦旅
26431646, 8.9, 1433, 语言学的邀请
27591495, 8.6, 2032, 万古江河
02257188, 7.6, 8799, 致女儿书
27623390, 8.6, 1947, 幸得诸君慰平生
01958685, 8.3, 2865, 美的历史
01012379, 8.6, 1931, 知识分子论
34835320, 8.2, 3283, 这里是中国
27593848, 8.3, 2836, 增长黑客
01491630, 8.5, 2113, 小窗幽记
34842793, 8.8, 1453, 薄世宁医学通识讲义
01040865, 8.7, 1633, 中国人
03391717, 8.1, 3603, 中国好人
01000213, 8.5, 2006, 迎向灵光消逝的年代
01041616, 7.4, 10994, 那些忧伤的年轻人
02049128, 8.1, 3433, 丧家狗
01039311, 8.4, 2266, 职场动物进化手册
01053174, 8.6, 1728, 你干吗在乎别人怎么想？
01607478, 8.3, 2485, 巴黎伦敦落魄记
03669671, 8.4, 2120, 我们在此相遇
03334378, 8.6, 1627, 七十年代
01028805, 7.7, 5823, 品人录
01880825, 8.2, 2721, 希腊神话
01965025, 9.2, 819, 艺术：让人成为人
25886351, 7.5, 7895, 耶路撒冷三千年
25778829, 8.7, 1367, 明亮的对话
02287712, 8.8, 1210, 美国精神的封闭
01987453, 7.8, 4574, 人生不过如此
01911687, 7.4, 8872, 厚黑学
03126411, 9.0, 931, 与社会学同游
30441554, 9.1, 820, 六论自发性
01025001, 8.4, 1816, 东方学
02156168, 8.5, 1594, 书读完了
01085856, 7.9, 3607, 在人间
04124876, 8.1, 2684, 易经的奥秘
10466439, 8.5, 1579, 人与土地
02287508, 8.0, 3048, 多余的素材
05400595, 7.8, 4054, 中国，少了一味药
01083692, 9.0, 868, 中国人本
01034653, 8.8, 1043, 國學概論
01648606, 8.6, 1285, 宽容
01042070, 8.5, 1447, 历史的经验
26985981, 8.2, 2111, 青苔不会消失
25708708, 9.0, 822, 如彗星划过夜空
02375835, 8.4, 1608, 沉思录
03908625, 7.8, 3683, 单向街 001
26933798, 8.1, 2334, 我在故宫修文物
33424453, 8.5, 1390, 诡秘之主
01444025, 8.3, 1757, 存在主义是一种人道主义
27114639, 9.1, 705, 草间居游
21329758, 8.8, 960, 博弈与社会
24875976, 8.3, 1720, 失落的优雅
01493523, 8.3, 1716, 读库0601
04212276, 8.5, 1336, 苏联的心灵
01053526, 8.4, 1509, 哲学与人生
34800055, 8.8, 938, 张岪与木心
03465962, 9.0, 746, 素书
26952345, 8.5, 1288, 私人生活的变革
02568067, 8.2, 1852, 中性
01675113, 8.9, 799, 礼仪中的美术
01437162, 8.2, 1802, 随想录
26797268, 8.7, 982, 养育的选择
34449288, 9.3, 534, 20世纪思想史
06877598, 8.7, 972, 士人风骨
03253854, 7.7, 3604, 书店的灯光
30462410, 9.0, 697, 造境记
20366533, 8.7, 937, 中国与中国人影像
03238339, 8.7, 914, 人以什么理由来记忆
26348596, 7.8, 2829, 密室收藏家
10734881, 9.2, 534, 曾文正公嘉言钞
10567171, 8.0, 2101, 生命册
26658022, 9.5, 403, 紫禁城100
30312119, 8.6, 975, 美之地图
01064387, 8.4, 1231, 中国人史纲
01931318, 7.0, 10860, 于丹《论语》心得
25908552, 7.6, 3616, 上瘾五百年
01315167, 9.0, 619, 历史的用途与滥用
01073535, 9.1, 559, 人与自我
34799573, 8.3, 1325, 我心归处是敦煌
26592708, 9.3, 460, 射雕英雄传（新修版）
03317670, 8.5, 1032, 终朝采蓝
04042959, 9.0, 599, 政治哲学导论
27037182, 8.6, 908, 纽约无人是客
30441545, 8.8, 726, 人行道王国
26865819, 8.3, 1264, 景观社会
01878641, 7.9, 2136, 江户日本
26939261, 8.2, 1417, 时光列车
24839756, 8.1, 1562, 死亡如此多情
01013058, 7.7, 2728, 武士道
02043926, 8.8, 682, A Short History of Nearly Everything
25819260, 8.2, 1355, 易中天中华史
01220863, 8.1, 1522, 菊花与刀
26591565, 8.1, 1489, 香港重庆大厦
02080922, 9.3, 407, 自珍集
07063932, 8.1, 1468, 东京散步
26945180, 8.9, 590, 卡尔·马克思
01080223, 9.2, 443, 人与国家
03064047, 8.8, 648, 西方文化概论
01279913, 8.6, 798, 安徒生剪影
01017541, 7.3, 4854, 读城记
01437686, 8.8, 640, 自由及其背叛
01960256, 8.5, 880, 机械复制时代的艺术
01592351, 8.2, 1249, 清华园日记
01019308, 8.0, 1615, 圣经的故事
03131803, 8.6, 765, 致青年朋友
25748016, 8.8, 619, 带一本书去巴黎
02155525, 8.4, 953, 尼泊尔
26413835, 8.1, 1342, 匠人
25878913, 8.8, 602, 世界艺术史九讲（全彩插图第8版）
01803230, 8.8, 601, 中国近三百年学术史
03435537, 8.7, 666, 大流感
25804641, 7.8, 1994, 草草集
27136549, 8.7, 655, 思想史
01073749, 7.6, 2642, 李敖有话说
01058229, 8.6, 723, 智慧书
04215454, 7.9, 1688, 外国音乐在外国
33476150, 9.3, 363, 建筑的故事
34940823, 8.3, 991, 逍遥游
26308505, 8.3, 978, 杂草的故事
01852677, 8.5, 774, 爱与生的苦恼
03525645, 7.9, 1617, 蒙元入侵前夜的中国日常生活
01826007, 8.3, 963, 朱自清散文集
02984241, 8.7, 612, 思维改变生活
01003646, 7.5, 2801, 闲话中国人
01493134, 8.6, 660, 文化人类学
34997975, 8.4, 802, 文明、现代化、价值投资与中国
26681349, 8.6, 644, Lens·视觉004：需要什么，年轻的身体便去找寻
30140442, 9.2, 356, 二十世纪西方文学理论
01394420, 9.2, 355, 古诗文名物新证（全二册）
03222065, 8.5, 704, 伦理学与生活
06559347, 8.9, 467, 翻译的技巧
11442895, 8.6, 629, 永不抵达的列车
30122152, 8.9, 458, 小镇喧嚣
04853094, 9.0, 416, 探索现代社会的起源
26392840, 9.2, 347, 沉重的肉身
20480834, 9.0, 413, 雨林精灵
26286738, 8.9, 449, 现代性的五副面孔
06856131, 8.0, 1218, 民国风度
25807918, 7.7, 1827, 莎士比亚书店
25871638, 7.6, 2080, 品味四讲
25163000, 9.0, 397, 文明的进程
26893634, 8.7, 525, 树之生命木之心
01042814, 9.3, 302, 人与世界
33301294, 7.9, 1322, 东京风格
10440147, 8.4, 718, 世间的名字
27945076, 7.7, 1731, 历史的温度2
04819425, 8.3, 798, 读库1002
04252060, 9.1, 353, 中国哲学十九讲
03081760, 8.2, 890, 摩挲大地
01315187, 8.1, 997, 植物的欲望
27081056, 8.1, 981, 世界历史上的蒙古征服
30389946, 9.1, 344, 在他们消失以前
27132294, 7.9, 1232, 慈悲与玫瑰
01057269, 8.7, 490, 谈文学
04114636, 8.3, 724, 性学观止（上下册）
30376593, 8.2, 811, 当下的启蒙
03221874, 8.5, 575, 书店风景（增订版）
01392950, 7.5, 2049, 花间一壶酒
06393733, 7.3, 2773, 当我们聊起日本时
01038703, 7.8, 1311, 音乐影响了我的写作
11637051, 8.1, 889, 平壤水族馆
01043416, 8.3, 702, 人有病  天知否
03002863, 8.5, 561, 后望书
19941577, 8.9, 377, 叩响命运的门
01069723, 8.7, 455, 人类的故事
26674037, 8.4, 621, 为人文教育辩护
05980472, 7.3, 2698, 霜降
06848980, 8.2, 773, 国文国史三十年 （1）
25831406, 8.4, 616, 陌生的中国人
01035061, 8.6, 499, 雪域求法记
25811409, 8.0, 972, 菊与刀
07054746, 8.5, 546, 读库1204
01003373, 7.8, 1255, 李敖快意恩仇录
02261379, 7.3, 2603, 岩松看日本
02975939, 7.4, 2170, 论扯淡
27078977, 8.4, 590, 十字军的故事（全四册）
26797269, 8.1, 829, 表情不错的人
02142680, 8.5, 528, 游民文化与中国社会
03027232, 8.1, 822, 人往低处走
26581246, 8.8, 389, 摩登时代
05914551, 8.0, 909, 我在故宫看大门
06109582, 8.1, 792, 走不出的风景
26357251, 8.5, 507, 窥视印度
04145560, 8.4, 559, 巴黎城记
01075533, 8.6, 453, 老子他说
25804642, 7.5, 1696, 谈话的泥沼
03027229, 8.1, 759, 去圣乃得真孔子
26587272, 9.0, 300, 致敬加泰罗尼亚
03092871, 8.2, 660, 欧洲：一堂丰富的人文课
34670250, 8.4, 527, 中国文化课
02024220, 8.2, 656, 从异教徒到基督徒
34781358, 8.2, 655, 史记的读法
03174519, 8.9, 320, 神圣的存在
26928780, 8.6, 424, 世界咖啡学
02294982, 7.8, 1040, 与陈丹青交谈
02567964, 8.5, 461, 道德的重量
26838357, 8.8, 344, 给孩子的汉字王国
30362300, 8.7, 377, 设计的意义
03924546, 8.5, 453, 写给大家的简明世界史
26921971, 7.3, 2054, 时间之书
34442420, 8.2, 613, 色彩的秘密生活
30466454, 8.5, 438, 乱世靡音
20383609, 7.9, 859, 行者无疆
26667282, 8.4, 481, 见信如晤
02370421, 9.1, 246, 回忆维特根斯坦
10434740, 8.7, 350, 艺术
04264066, 8.9, 290, 权威与个人
26652242, 7.7, 1068, 文明是副产品
26708760, 8.8, 314, 死亡的脸
03793773, 9.0, 259, 没有神的所在
25798592, 7.7, 1038, 莎士比亚书店
02025385, 7.9, 795, 后物欲时代的来临
03402992, 8.0, 703, 历史大脉络
27623676, 9.1, 235, 郑天挺西南联大日记
06522008, 8.7, 333, 与艺术相伴
30144094, 8.3, 496, 舞！舞！舞！
02068955, 8.9, 277, 大学之理念
24878449, 9.6, 156, 胡适文集
01488740, 8.5, 389, 中国古代神话
33450028, 8.0, 665, 天才为何成群地来
05269117, 8.8, 284, 现实即弯路
30310479, 8.8, 284, 态度改变与社会影响
02009300, 8.9, 259, 变革之道
30294368, 8.0, 640, 拔蒲歌
01030171, 8.3, 457, 中国人的道德前景
26235751, 9.4, 172, 美学散步（插图典藏本）
26373145, 7.5, 1214, 耳朵借我
25732544, 8.6, 337, 福柯 / 布朗肖
30172061, 9.2, 199, 夏日走过山间
30380412, 8.9, 253, 尤利西斯
04212230, 8.1, 553, 许倬云谈话录
01262815, 8.3, 442, 关键词
03557854, 8.7, 297, 思虑中国
30206003, 8.3, 439, 21 Lessons for the 21st Century
02046136, 7.6, 1008, 圣经故事
05355458, 8.3, 437, 光阴
01060019, 8.5, 350, 古代社会（上下）
26832063, 7.9, 671, 后物欲时代的来临
20259500, 8.1, 527, 读库1205
01058031, 8.9, 240, 中国思想传统及其现代变迁
26614139, 8.5, 343, 西南联大国文课
02009207, 9.2, 185, 生活之道
26975985, 8.2, 462, 时间地图
01047782, 8.8, 256, 哲学的故事
30422816, 9.7, 128, 田园诗与狂想曲
26806649, 9.1, 198, 傅雷家书（新课标本）
04928961, 9.0, 213, 人有人的用处
01007918, 8.6, 297, 第一次世界大战回忆录（全五卷）
30318729, 8.9, 227, 文明的故事
02349648, 7.4, 1194, 通三统
26716484, 8.4, 358, 读库1600
26878735, 8.0, 548, 中国国民性演变历程
34869425, 7.3, 1360, 我不喜欢人类，我想住进森林
26433665, 7.5, 999, 古怪的身体
04230644, 9.0, 202, 分道而行
01270267, 8.9, 219, 通过知识获得解放
26848146, 7.2, 1520, 民国太太的厨房
25731355, 7.9, 586, 都市速写簿
01850727, 7.2, 1509, 大话方言
01315249, 8.0, 512, 人心与人生
06557925, 9.1, 181, 大家小书
04703007, 8.5, 302, 上海
11601201, 8.4, 331, 宽容
27010538, 8.6, 273, 给孩子的故事
06849583, 8.3, 363, 香识
27060680, 7.1, 1672, 丹麦人为什么幸福
01795056, 8.4, 325, 方言与中国文化
03105372, 8.1, 443, 谈话录
26912436, 9.4, 136, 少女終末旅行 3
26575975, 8.3, 345, 与神对话2
02050424, 8.5, 283, 存在主义是一种人道主义
27089259, 8.2, 377, 陌生人溺水
03435901, 8.5, 276, 风妖婆与大恶梦
01547456, 7.6, 742, 中国人的性格
03722970, 7.9, 512, 波伏娃：激荡的一生
10758627, 7.7, 637, 文化苦旅- 余秋雨
01438462, 8.7, 222, 逃避主义
26596363, 8.3, 317, 阅读经典
01810070, 8.8, 200, 书于竹帛
26369862, 8.1, 383, 浮光
25816167, 9.3, 133, 人文传统（一）
25798967, 9.2, 143, 复仇
03101825, 8.1, 377, 人类基因的历史地图
02760024, 7.7, 595, 放虎归山
06509436, 8.7, 212, 蒙田随笔
01275367, 8.2, 337, 亦新亦旧的一代
02253754, 7.7, 581, 萨冈，一个迷人的小魔鬼
25719659, 9.2, 139, 忧伤的驯鹿国
25734522, 7.9, 455, 南非的启示
03301637, 9.1, 149, COLORS黑暗中的色彩
27120533, 9.3, 128, 日月楼中日月长
01026534, 8.4, 268, 布拉格精神
26943735, 8.5, 243, 看不见的岛屿
25716134, 7.6, 632, 印度，漂浮的次大陆
26592900, 7.9, 439, 当图书进入战争
34792916, 8.7, 200, 中国艺术与文化
26952431, 7.4, 814, 穿T恤听古典音乐
26832725, 7.9, 434, 王国与权力
01933952, 8.5, 234, 废弃的生命
01138232, 8.9, 165, 敬畏生命
02243628, 8.2, 308, 那时西藏
01220840, 7.5, 675, 1949年
26838816, 8.6, 206, 易中天中华史·第三部
01945845, 8.2, 297, 中国当代社会各阶层分析
26682087, 6.8, 1883, 借山而居
34974775, 9.3, 117, 认识建筑
34992172, 8.1, 322, 宋仁宗：共治时代
01909748, 7.5, 636, 中国史纲要
03548230, 8.3, 261, 对话欧洲
34835117, 7.9, 393, 我们为什么还没有死掉
24851721, 8.3, 260, 美国人的性格
34799802, 7.4, 722, 人生删除事务所
03119865, 9.4, 107, 物理学的概念与文化素养
30305868, 9.5, 100, 从一到无穷大
19894446, 8.0, 347, 明末农民战争史
26266812, 8.2, 282, 读库1405
04852589, 8.7, 178, 四书释义
25814894, 7.7, 474, 单向街005
04198018, 7.1, 1055, 五百年来谁著史
01958111, 7.9, 376, 最糟也最棒的書店
34866369, 7.4, 681, 内向心理学
06721251, 8.7, 173, 城南旧事
10480987, 7.2, 883, 郁闷的中国人
33446318, 7.5, 580, 秘境
26854616, 8.3, 241, 荒谬的墙
26607698, 8.9, 144, 死亡否认
25806782, 9.8, 78, 人文传统(二)
26319757, 8.1, 289, 美，看不见的竞争力
34995672, 8.9, 141, 中国妖怪故事（全集）
30223636, 9.5, 92, 中国文化要义
01967041, 7.0, 1129, 感官王国
30255361, 8.6, 177, 20世纪的美国（修订版）
26150311, 8.3, 231, 沙乡年鉴
30213520, 8.1, 279, 人生如逆旅
01494299, 8.7, 161, 经济科学的性质和意义
27608196, 7.9, 341, 通向哲学的后楼梯
26945331, 8.6, 174, 人与土地
27203328, 8.5, 189, 即将消失的世界
04910647, 8.0, 302, 西方哲学史
26740479, 8.7, 158, 生命的脸
10576116, 9.0, 122, 她们自己的文学
26699788, 8.4, 198, 二十六篇
34805138, 8.9, 129, 地道风物010·闽南
03729765, 8.1, 257, 图解菊与刀
25902031, 7.8, 350, 她们知道我来过
30275093, 7.7, 386, 1924
01058200, 9.1, 107, 文学与人生
06314051, 8.0, 272, 我与八十年代
01009374, 8.9, 123, 大学精神档案・近代卷（下）
30427985, 9.2, 99, Sapiens: A Brief History of Humankind
34918510, 7.3, 609, 我们为何结婚，又为何不忠
32567290, 8.6, 155, 别睡，这里有蛇
27608699, 8.3, 201, 地道风物006·民宿时代
35023259, 9.6, 76, 这才是心理学（第11版）
25887858, 8.2, 220, 人生五大问题
27073703, 8.5, 166, 美的历程
01054481, 8.4, 181, 大学精神档案(当代卷)
03320120, 9.2, 97, 灯下漫笔
26924391, 8.3, 193, 易中天中华史
01434521, 7.6, 392, 知识分子都到哪里去了
30271853, 8.6, 147, 写给大家的中国书法史
25844243, 8.2, 208, 山河之书
26879049, 8.1, 228, 和果子
03127125, 8.6, 146, 历史本体论·己卯五说
26775800, 8.2, 207, 寄给与我相同的灵魂
34940570, 8.0, 249, 于谦动物园
26960617, 9.1, 99, 论犯罪与刑罚
26793242, 8.7, 133, 颠倒
10795609, 7.8, 305, 人文六讲
27097472, 7.7, 339, 行走的人生
01084705, 8.5, 155, 希腊精神
26867544, 8.8, 121, 水墨戏剧
26820338, 7.4, 469, 从自我苛求中解放出来
10544783, 7.0, 809, 草木的理想国
26933660, 7.7, 324, 彩色的中国
01005975, 8.0, 233, 我生有涯愿无尽
26944429, 8.8, 116, 资本主义
27079097, 8.5, 147, 纽约客漫画全集
35042952, 9.6, 67, 2020武汉日记：方舱“手绘小姐姐”的抗疫画集
33388191, 8.8, 114, 西南联大英文课(有声珍藏版)
30414032, 8.4, 156, 昙曜五窟
01067910, 7.8, 276, 在北大听讲座（第1辑）
26987001, 7.5, 382, 读库1702
06794846, 8.8, 112, 拓荒与呐喊
35005708, 8.8, 112, 仿佛若有光
01116369, 8.5, 139, 伦理学与经济学
26899131, 9.2, 83, 世说新语精读
34650132, 8.7, 118, 音乐是怎么变成免费午餐的
01024270, 7.4, 417, 乳房的历史
30387283, 7.5, 367, 崔老道传奇
20498342, 9.4, 72, 我的家在紫禁城
25790082, 7.8, 260, 读懂中国改革
01441942, 8.5, 135, 小的是美好的
35032389, 9.4, 71, 人的疆域
10509933, 7.0, 684, 去趟民国
34808894, 8.2, 173, 我爱这热闹的生活
34833943, 8.3, 158, 寻找亚洲
26150271, 8.7, 113, 惊奇之心
01008249, 7.5, 350, 中国文人的非正常死亡
01897991, 7.5, 349, 黑客帝国与哲学
26427578, 7.9, 226, 讲故事的人
26701176, 6.7, 1045, 美丽的权利
01936868, 8.5, 129, 半农半X的生活
27172244, 8.2, 166, 人文精神的伟大冒险
01000593, 8.2, 165, 一个战时的审美主义者
26976455, 7.7, 269, 珍物
24716155, 7.1, 550, 一个人流浪，不必去远方
34876875, 8.8, 100, 透过地理看历史
30207663, 8.3, 148, 茶的真实历史
01100987, 8.2, 160, 人类的敦煌
33446875, 9.2, 75, 游心之路
27096077, 8.4, 134, 名人传
26320429, 8.1, 173, 东西建筑十讲
34942344, 7.7, 256, 逝物录
30420911, 8.3, 143, 印象巴黎
10745339, 9.6, 57, 无声的中国
26596264, 6.7, 922, 街拍
07161523, 7.6, 275, 生物中心主义
25775120, 8.4, 128, 法槌十七声
27075586, 7.8, 221, 东京漂流
27051651, 9.3, 66, 毛姆读书随想录
06794522, 7.8, 215, 对抗语文
06722209, 7.8, 213, 男人之间
27204087, 7.6, 262, 变老的哲学
26722320, 7.5, 292, 感知艺术
30255657, 8.7, 97, 我的信念
20502368, 8.1, 158, 寻城记·南京
25747862, 7.2, 414, 极端之美
01471868, 8.8, 89, 大崩壞
25986624, 8.3, 131, 幽僻处可有人行？
01072985, 8.6, 102, 百褶裙
26978947, 8.5, 109, 我們在存在主義咖啡館
26354176, 7.4, 312, 草木缘情
26603127, 7.5, 267, 南明史
01245527, 7.7, 214, 基督何许人也
26892916, 8.5, 104, 极简图书史
03535073, 7.4, 291, 设计，无处不在
04903090, 8.4, 111, 给没有收信人的信
06040348, 8.0, 156, 传统下的独白
27085994, 8.2, 129, 中国诗词大会(第二季)
27667773, 6.9, 541, 大英烦事多
27001725, 9.1, 66, 古神话选释
30404929, 8.9, 74, 椅子100
27136547, 7.9, 164, 无神论
34893668, 8.0, 148, 暗数杀人笔记
01044580, 8.6, 90, 性的政治
26655601, 8.6, 90, 河西走廊
34851866, 8.9, 72, 中国造园艺术
04204416, 7.2, 335, 此生只为一人去
06072909, 7.9, 156, 在藏地
25828084, 7.9, 155, 中国人文小史
30436139, 8.8, 75, 洋子妙语
04843273, 7.9, 154, 倾听俄罗斯
34879387, 8.2, 118, 活了很久的智慧
24733453, 8.6, 86, 人文通识课1：古典时代
01068968, 7.9, 153, 历史上最伟大的思想
25870722, 8.2, 117, 文化的解释
33451960, 8.4, 99, 勘破狐狸窗
03335633, 7.4, 250, 历史的进退
02236687, 8.0, 136, 砂糖的世界史
26856952, 7.5, 222, 简素
30304329, 7.4, 245, 苏菲的哲学课
25817260, 7.7, 178, 轻有力
26593049, 9.0, 63, 布衣壶宗——顾景舟传
30156396, 6.9, 426, 崔老道捉妖
26840675, 8.4, 91, 自然骨魄
01806534, 7.0, 367, 行为糟糕的哲学家
30416293, 7.0, 366, 风味人间
01723320, 8.9, 63, 梁漱溟全集（第一卷）
25815511, 9.5, 44, 人文传统（三）
02024377, 7.3, 246, 从历史看人物（第二版）
05384624, 8.0, 121, 论历史上的英雄、英雄崇拜和英雄业绩
01011084, 7.8, 144, 思考
26816511, 7.5, 193, 张幼仪传
01027253, 8.2, 100, 随想录（全5册）
01450584, 8.5, 79, 中国文化之精神价值
26311289, 9.2, 50, 美国《国家地理》125年
01829580, 8.0, 117, 西方神话学读本
01863616, 7.7, 153, 摇摇欲坠的哭墙
03420395, 7.8, 139, 婚姻简史
02025990, 7.5, 183, 寻城记·重庆
30251645, 8.6, 71, 美國的反智傳統
33415740, 8.5, 76, 天下第一渠
03883888, 9.1, 51, 張充和題字選集
11541218, 8.2, 94, 寻城记.武汉
01322459, 8.6, 69, 房龙地理 上下
26657828, 9.6, 38, 实践与理论
01521012, 7.4, 193, 最后的知识分子
26706618, 7.9, 118, 种地书
34940760, 10.0, 31, 退想斋日记
25734552, 6.8, 399, 生活在哪个朝代最郁闷
01675255, 7.3, 213, 哲学通论
30237212, 9.0, 52, 上海罢工
26324166, 7.9, 116, 历史的教训
04729581, 8.2, 89, 利玛窦中国札记
26751613, 6.5, 590, 我还是喜欢东京
33384284, 9.2, 45, 哲学导论
30346620, 8.2, 86, 列那狐的故事
02002831, 8.7, 59, 符号学理论
01042811, 7.5, 156, 医学的历史
35006227, 8.8, 55, 人文主义地理学
02253580, 8.3, 77, 西方文化的衰落
26437822, 9.0, 48, 女神的语言
07163020, 7.7, 126, 德国史
26635413, 8.8, 53, 拉拉手，在一起： 女同志影像故事
01289801, 7.2, 204, 谁的大学
25870953, 6.7, 377, 犹太人与犹太教-牛津通识读本
34997373, 8.4, 68, 书中漫步
03794122, 7.4, 160, 买书琐记（续编）
34895563, 8.3, 72, 轴心时代
25996904, 7.0, 243, 魏晋风流十讲
06852450, 7.8, 106, 生活可以如此美好
01967638, 7.2, 192, 康震品李白
26935398, 7.9, 97, 伟大的海洋
05261756, 7.4, 151, 经典的理由
30269565, 6.9, 267, 格差社会
02368788, 7.8, 102, 学而时习之
03711194, 7.0, 232, 坐火车游盛唐
04253426, 7.6, 122, 康震评说唐宋八大家·柳宗元
01083688, 7.0, 226, 宗教的历史
01820621, 8.2, 72, 鲁迅与左联
26593127, 7.2, 177, 可视化未来
24858378, 9.0, 42, 去問李光耀
27175896, 8.4, 61, 小历史与大历史
26943525, 7.1, 193, 我读：温一壶月光下酒
34923177, 7.8, 95, 茶在中国
05989297, 8.7, 49, 法律的异邦
01352994, 7.8, 93, 丝慕巴黎
04253429, 7.8, 93, 康震评说诗圣杜甫
03105746, 8.6, 51, 让高贵与高贵相遇
06856716, 8.6, 51, 那些有意思的老头儿
35006258, 7.9, 84, 大故宫六百年风云史
26369109, 8.4, 57, 歌之版图
27060595, 8.3, 61, 内在的星空：余秋雨人文创想
01132022, 8.5, 53, 燃烧时间的烟斗
34945437, 8.9, 41, 灯塔之书
01417943, 6.2, 599, 丑陋的韩国人
26701096, 8.1, 68, 文学常识二十二讲
34454761, 8.1, 68, 我们为何建造
26386638, 8.3, 58, 天津往事
30484697, 8.8, 42, 单一民族神话的起源
02343978, 6.4, 418, 离开中国制造的一年
30258986, 8.7, 44, 美好社会与美美与共
04260795, 7.2, 147, 康震评说唐宋八大家·韩愈
33334468, 8.8, 41, 语言学课堂
01005820, 7.2, 145, 瘟疫的故事
26652297, 8.1, 65, 鱼游小巷
35045512, 8.6, 46, 复原力
02009605, 7.2, 143, 中国人的脸谱
26766816, 7.8, 81, 巴黎，巴黎
02256317, 7.6, 95, 中国人的闲情逸致
05362743, 8.0, 67, 公民记忆1949-2009
01970802, 8.9, 37, 论人文教育
01321641, 9.0, 35, 人文随笔
25741240, 9.0, 35, 人文科学的逻辑
26299460, 7.3, 123, 新编美的曙光
01075192, 8.6, 44, 枝巢四述 旧京琐记
01852882, 7.7, 84, 塔木德
34983284, 9.4, 28, 附录和补遗（第2卷）
26667350, 7.7, 83, 明帝国边防史
02993415, 8.5, 46, 布鲁诺对话
05360701, 7.9, 70, 告别功利
26839214, 7.0, 162, 中国文化的根本精神
20434728, 7.6, 89, 法律职业的精神
01313450, 7.5, 96, 信任
34900850, 7.4, 104, 废品生活
30420997, 8.9, 35, 东亚古代的诸民族与国家
30302929, 6.8, 197, 捡垃圾的人类学家
05040218, 8.3, 50, 国学六法
05327024, 8.1, 57, 美国语文（上下册）
34459898, 8.5, 43, 乡村教师
26953683, 7.5, 91, 人生的境界
30358714, 8.4, 45, 金缮：惜物之心
25996636, 6.9, 164, 奢侈的理由
26264412, 9.3, 27, 艺术:让人成为人（第10版）
34861137, 9.3, 27, 中国文学1949—1989
30372880, 6.5, 270, 上帝笑了99次
26715125, 8.9, 33, 赵无极中国讲学笔录
30411079, 8.0, 58, 探寻社会学之旅
33458551, 8.3, 47, 神奇学校
03026429, 9.8, 21, 中国典故故事大观
25894504, 8.1, 52, 美国、俄国和冷战（修订第10版）
30459277, 7.6, 76, 香料漂流记
26356189, 7.2, 109, 孤寂百年
01073339, 7.8, 64, 老北京：帝都遗韵
27121170, 7.5, 82, 国粹
01256276, 8.5, 39, 文化学概观
35080088, 9.6, 22, 今朝风日好
01810543, 8.2, 47, 自由之声
01003477, 7.7, 68, 深入藏地
10604081, 7.7, 68, 洋相
01450951, 8.6, 36, 维柯论人文教育
26660849, 8.4, 40, 中國文化的六個面向
30353938, 8.4, 40, 白驯鹿的九叉犄角
03767611, 6.5, 230, 穷忙族
05032742, 7.4, 84, 西班牙--拉美文化概况
02264924, 7.4, 83, 认识东方
34988763, 9.4, 23, 核心社会学思想家（第3版）
30124849, 8.4, 39, 改变的历程
04179783, 8.0, 50, 陶说
34978376, 9.1, 26, 天生的标签
02113625, 7.9, 53, 李劼人说成都
01073284, 8.2, 43, 家住六朝烟水间――南京
01875955, 9.0, 27, Riding the Iron Rooster
30289509, 7.1, 104, 宋美龄自述
34678725, 6.8, 143, 优势成长
01204612, 8.3, 39, 周礼
34867159, 9.1, 25, 恺撒（上/下）
27109157, 7.8, 55, 秋：梦行云
26995695, 6.4, 221, 京都之水
34451564, 8.2, 40, 街头摄影
26585436, 8.4, 35, 每一声快门都忧伤
35063814, 9.5, 20, 人文草木：16种植物的起源、驯化与崇拜
35022059, 7.8, 52, 长生塔
26878234, 8.1, 42, 社会科学的观念及其与哲学的关系
33447638, 6.8, 130, 了不起的博物馆
30396407, 8.9, 26, 美国人的性格（费孝通先生经典作品）
34431960, 7.3, 77, 叛逆的思想家
10505534, 8.2, 38, 历史与文化论丛
30231921, 7.5, 63, 中国古代的谣言与谶语
01468000, 6.8, 123, 中国城市性格
25954427, 8.1, 40, 中华好诗词(第一季)
30123479, 6.9, 108, 《万物有意思.中国篇》（全二册）
26329767, 7.4, 66, 小清新
34997440, 8.4, 32, 故宫五十年
01140896, 7.6, 55, 倾斜的文学场
11632656, 8.0, 41, 重构世界
01271558, 6.9, 103, 食物的历史
01028029, 8.1, 38, 天下哪有“白吃的午餐”？
06991195, 8.1, 38, 身体上的国境线
30306781, 8.6, 28, 成都简史
03246366, 8.3, 33, 中华五色
25969249, 8.4, 31, 百岁拾忆
26617163, 7.1, 81, 卢芹斋传
01018682, 8.5, 29, 中国禅学思想史（上下）
25986369, 7.8, 45, 纹章和徽标
27004538, 7.7, 48, 游戏的人
01067766, 7.5, 56, 社会科学的观念及其与哲学的关系（第2版）
04204034, 6.6, 135, 人活着究竟为什么
25747923, 7.2, 72, 平生风义兼师友
34927744, 9.2, 20, 不可思议的衣橱
27150781, 7.8, 44, 人文通史
34939912, 7.3, 65, 花鸟风月日本史
05281255, 7.7, 47, 黑底白字的绝对禁用及其他50条荒谬的设计法则
27605710, 8.7, 25, Psychopath Free
26941689, 7.8, 43, 第二次机器革命
30125612, 7.1, 76, 名画时尚考
03049222, 8.3, 31, 黑白--书的故事
02975002, 6.9, 92, 在民国
01392652, 7.3, 62, 英语的故事
26676093, 5.7, 484, 民国往事
34869489, 8.9, 22, 文明中的疯癫
30206895, 8.8, 23, 湖上闲思录
27044085, 7.2, 65, 匠人精神II——追求极致的日式工作法
01821015, 7.5, 50, 埃及的遗产
26864769, 8.0, 35, 少年行
34900697, 9.7, 15, 沈从文经典名作
30336102, 6.4, 148, 你对我讲道理，我对你讲逻辑
35016469, 8.4, 27, 当代历史哲学和史学理论
30281431, 7.2, 61, 激荡的百年史
05968415, 7.5, 47, 盗官记
01844498, 7.2, 60, 1900年的北京
27128335, 7.3, 55, You Can Do Anything
34790165, 8.9, 20, 中国现代哲学史
01920491, 6.7, 96, 红楼梦人物医事考
01431424, 8.3, 27, 人文精神之重建（一二册）
30173069, 7.0, 67, 弃物(游走在时间的边缘)/小文艺口袋文库
35045205, 8.9, 19, 群众与权力
33384893, 9.0, 18, 民居线条之美
03016785, 9.8, 13, 水自无言
26332127, 8.0, 30, 花點的春天
26309221, 7.5, 42, 饞: 貪吃的歷史
26365816, 7.2, 53, 出发和遇见
01556752, 7.4, 45, 人文精神寻思录(海上风丛书)
03764175, 7.7, 36, 寻城记·成都
02346100, 8.0, 29, 失控的進步
34933207, 7.7, 35, 故宫六百年
25726722, 7.3, 47, 西夏文教程
30304859, 9.0, 17, 怎样做理论
26788670, 9.3, 15, 樹的祕密生命
30426554, 7.4, 42, 人文的互联网
03000288, 7.1, 52, 近代中国的犯罪、惩罚与监狱
34819233, 7.1, 52, 金庸者谁
26357261, 8.1, 25, How to Write About Contemporary Art
26388005, 7.1, 50, 美国文化与社会十五讲（第2版）
30353947, 6.6, 78, 山野的日常
30229916, 7.5, 35, 消失的民居记忆
34826179, 7.7, 30, 君主与承包商
30647738, 8.3, 21, 易中天中华史：先秦到宋元（1-20卷，国民历史文化读本，240万字恢弘巨著）
10743120, 7.5, 34, 世界文化地理
03599443, 7.1, 45, 中国的魅力
03244092, 6.4, 86, 骑士、妇女与教士
21365436, 8.6, 17, 中国的修养
10430436, 7.5, 31, 萤窗小语
26758480, 8.3, 19, 竹林七贤
26797773, 8.2, 20, 豪放词
25716175, 6.4, 79, 日本向西，中国向东
25936059, 6.0, 127, 最好的时光不再
26280133, 7.3, 34, 西方哲学史（古代哲学）
30384163, 7.6, 27, 血液循环
26430792, 8.2, 19, 全球史：从史前文明到今天
25870735, 7.3, 33, 博物馆起源
22989082, 8.0, 21, 种族与语言-世界民族-第二卷
27119391, 7.1, 38, 人文学的历史
01910525, 6.6, 56, 马英九传
27667960, 7.9, 20, 外国人拍摄的中国影像（1844-1949）
34681578, 9.0, 12, 邂逅达·芬奇
27598640, 8.2, 17, 思考文化医学
34836254, 7.8, 21, 人工智能全球格局
03359759, 8.0, 18, 都市空间与文化想象
03245056, 7.5, 24, 晚明名妓文化研究
02986482, 6.3, 65, 被误读的远行
30312194, 7.9, 18, 中国建筑艺术与景观
30287002, 8.4, 14, 中国诗词大会第三季
03555363, 8.1, 16, 中国鬼文化大辞典
26775245, 7.3, 25, 搏击暗夜
34977874, 7.9, 17, 禅宗花园
30188896, 8.4, 13, 毛泽东自传
30229201, 8.4, 13, 乡愁
35044390, 8.4, 13, 孤独六讲
30213347, 6.9, 31, 极简德国史:60分钟读懂德国
01001382, 7.8, 17, 英雄和英雄崇拜
30271914, 7.3, 22, 好日子，菜花螺蛳过老酒
02027383, 6.6, 37, 原来篆刻这么有趣
35029515, 6.8, 31, 《在裂缝中寻找微光：文化大师的风骨与温度》
26821437, 7.0, 26, 时光的盛宴：经典电影新发现
34434982, 8.2, 13, 《论语》英译及评注
25807478, 6.6, 35, The Triple Package
26720030, 6.5, 35, 语言帝国
30206884, 8.4, 11, 晚学盲言
01051242, 7.3, 19, 心灵书
03719398, 6.3, 41, 写稿赚钱18技
01035571, 7.8, 14, 文津演讲录之一
26907038, 7.5, 16, 丁玲传
30376338, 6.5, 31, 成为自己
34989472, 8.0, 12, 音乐的故事
01223894, 7.3, 17, 姓名与中国文化
02083732, 6.5, 29, 鬼蜮世界
30338453, 7.9, 12, 浪漫主義地理學
34978760, 7.9, 12, 住在武康大楼
03018129, 7.7, 13, 当代基督徒的人文素养
27157007, 6.7, 23, 人与树
03337397, 6.7, 22, 中国辟邪文化
26330379, 7.7, 12, 时尚的力量
25806950, 5.5, 71, 旧中国三教九流 ：艺人妓女嫖客
26862419, 7.1, 15, 万水千山行遍
27624220, 7.8, 10, 创造性破坏
31763258, 7.0, 14, 微信之父张小龙
03795805, 6.4, 21, 金顶下的拉萨
26374304, 7.2, 12, 鉴往知来
35019333, 7.2, 12, 故宫的古物之美3
34454829, 6.5, 17, 佛窟中国
24865170, 6.0, 24, 慢行·理想国
04039796, 6.6, 15, 激情西班牙
03105433, 6.7, 14, 姓名与中国文化
27109934, 6.8, 13, 《一本书读懂中国茶》
27094320, 6.3, 11, 翳然林水
30300023, 4.7, 51, 万物重构：智能社会来临前夜的思索
25989210, 6.0, 11, 文明的追随
03317960, 5.2, 17, 革命历史与领袖不容歪曲和否定
25817535, 2.4, 4248, 父亲的力量
01419698, 0.0, 10, The Egyptian Book of the Dead
01468372, 0.0, 10, 文学和电影指南
01526357, 0.0, 10, 池塘春草
03081114, 0.0, 10, Reading the OED
23719925, 0.0, 10, 手眼通天－－世界歷史中的神秘共濟會 中港傳媒
30318685, 0.0, 10, 菜市·夜市
34868005, 0.0, 10, 账簿与权力
34949591, 0.0, 10, 西方地理通史
35048603, 0.0, 10, 江南古典私家园林
27075415, 0.0, 11, 被拒絕的勇氣
01527222, 0.0, 12, 苏州历代名园记苏州园林重修记
05241684, 0.0, 12, 苏州园林名胜旧影录
