2020-07-05 15:59:55

number of books, tag name
90, 人才

ID, rating, votes, title
03259440, 9.1, 460306, 白夜行
01873231, 8.7, 182705, 明朝那些事儿（壹）
01398395, 8.8, 51768, 狂人日记
01085470, 8.5, 80220, 海底两万里
06709783, 9.0, 26433, 浪潮之巅
01391191, 8.5, 32583, 京华烟云
01083762, 8.7, 20482, 人类的群星闪耀时
10786473, 8.2, 45623, 自控力
01082150, 8.4, 28333, 白银时代
05346110, 8.9, 11551, 穷查理宝典
01792668, 8.4, 17832, 苏东坡传
01082522, 8.2, 21509, 家
02263077, 9.4, 3767, 福尔摩斯探案集（一）
01096790, 8.7, 9441, 黑铁时代
04010196, 8.1, 25031, 世界因你不同
01012637, 8.2, 15547, 牛虻
05502995, 7.6, 44664, 1Q84 BOOK 3
26664352, 8.9, 4690, 褚时健传
05290564, 8.3, 9918, 青春
01115353, 8.3, 8674, 奇特的一生
02133254, 8.1, 11423, 流血的仕途
05317075, 7.1, 57684, 蔡康永的说话之道
26582822, 8.2, 6547, 重新定义公司
02345548, 8.2, 5627, 学习之道（第2版）
01186350, 7.8, 7146, 红字
27056409, 7.7, 8058, 深度工作
05921785, 8.8, 1638, 乱世华尔街
26608585, 8.3, 1631, 重新定义团队：谷歌如何工作
04010185, 8.0, 2353, 哪来的天才？
05941341, 8.5, 734, 全球“猎身”
01908463, 7.8, 1703, 与未来同行
03735295, 7.5, 2659, 未来是湿的
01790456, 7.5, 2474, 专业主义
03004272, 8.2, 937, 天资差异
01065051, 7.6, 1531, 西方哲学简史
26308014, 7.4, 2001, 联盟
26736805, 8.5, 409, 他者中的华人
33450028, 8.0, 665, 天才为何成群地来
26008422, 8.0, 618, How Google Works
27062574, 7.8, 784, 坚毅
02122295, 8.7, 295, 人物志
26652812, 7.3, 1534, 匠人精神
05911748, 7.9, 626, Battle Hymn of the Tiger Mother
01062278, 8.6, 251, 国家竞争优势
06116441, 8.8, 168, 贞观政要
01082392, 7.4, 703, 骑驴找马
26889003, 8.4, 227, 天生不同
34894376, 8.2, 269, 华为团队工作法
04843742, 9.0, 111, 创造高收益 贰
26894686, 7.9, 270, 棉花糖实验
06712610, 7.1, 642, 虎妈战歌
25845188, 8.7, 103, 心理类型
02051004, 8.4, 121, 创新的10个面孔
26430818, 7.4, 266, 合伙人
01761944, 6.6, 664, 像男人那样去战斗
03086241, 8.1, 111, 回归大学之道
26435017, 7.2, 220, 资源革命
03013888, 8.8, 50, 人物志译注
01173139, 8.6, 55, 最初的90天
25756561, 8.8, 47, 稻盛和夫的实学：活用人才
04220159, 8.3, 63, 微软的秘密
26662573, 6.8, 241, 麦肯锡用人标准
03307511, 8.9, 39, 论人力资本投资
03238803, 6.8, 228, 微软的梦工场
25894652, 7.8, 80, 关键人才决策
19961275, 7.3, 104, 人才盘点
02196353, 6.8, 139, 从清华园到未名湖
01908384, 7.8, 53, 未来在等待的人才
04071861, 7.2, 65, 中国留美学生史
01013385, 8.1, 31, 消失的人类
27140798, 6.1, 187, 阿里巴巴人力资源管理
06440226, 8.0, 29, 历史忒不靠谱儿
03257930, 8.5, 19, 以人为本的企业
33476474, 7.7, 29, 重新定义团队
01021842, 7.2, 37, 好莱坞首席明星代理人
10605670, 8.4, 15, 清末留日学生
01489304, 6.8, 37, 如何移动富士山
30257544, 7.8, 17, 带团队就这么容易(全新升级第二版）
26993157, 7.4, 21, 面向未来的世界级教育
25807478, 6.6, 35, The Triple Package
33464429, 8.5, 11, 重新定义公司
01014570, 7.2, 20, 辨经
25824969, 6.7, 24, 顶级评级法速查手册
01391944, 7.2, 15, 三螺旋
04213203, 6.0, 27, π型人
03353909, 6.2, 21, 实用心理与人事测量
20476426, 6.0, 13, 移民潮
01014217, 0.0, 10, 管理知识员工
03517530, 0.0, 10, 孩子啊，成为世界顶尖的1%吧
01400941, 0.0, 13, 解读天才
