2020-07-05 15:59:55

number of books, tag name
886, 人类学

ID, rating, votes, title
25985021, 9.1, 131602, 人类简史
01795079, 9.2, 36595, 乡土中国
01012611, 8.2, 98205, 乌合之众
26953606, 9.1, 18808, 人类简史
01813841, 8.7, 32089, 枪炮、病菌与钢铁
10471333, 9.0, 19513, 叫魂
26943161, 8.4, 41440, 未来简史
01022238, 8.2, 58121, 菊与刀
01922246, 9.2, 8774, 全球通史(下)
02328458, 9.1, 8451, 社会性动物
03283983, 9.3, 6318, 乡土中国
02258034, 9.3, 4776, 乡土中国
20395476, 9.2, 5071, 乡土中国
06712255, 8.9, 7158, 天真的人类学家
11445548, 8.5, 12511, 自私的基因
01325507, 9.0, 5557, 江村经济
01310228, 9.2, 4101, 乡土中国 生育制度
01393447, 9.1, 3337, 忧郁的热带
01315190, 8.8, 4907, 想象的共同体
06892579, 8.4, 8649, 美国种族简史
30116399, 9.5, 2058, 跨越边界的社区（修订版）
30259720, 8.1, 12984, 今日简史
26945094, 8.7, 4334, 未来简史
20395460, 9.2, 2301, 江村经济
02143904, 8.8, 3715, 进化心理学
04131380, 9.1, 2253, 忧郁的热带
01054760, 8.9, 2700, 枪炮、病菌与钢铁
04312810, 8.6, 3786, 裸猿
10607615, 8.7, 3312, 第三种黑猩猩
01247769, 8.9, 2347, 家庭、私有制和国家的起源
03062632, 8.6, 3375, 日常生活中的自我呈现
02101774, 9.0, 1942, 金枝
04146756, 8.3, 4795, 浮生取义
25966785, 9.2, 1505, 与社会学同游
01129216, 9.0, 1865, 天真的人类学家
10540815, 8.3, 4351, 菊与刀
02274697, 9.0, 1601, 江村经济
04246151, 8.0, 6044, 厨房里的人类学家
25902448, 8.7, 2249, 枪炮、病菌与钢铁
02988944, 8.6, 2535, 金翼
26743265, 8.8, 1928, 枪炮、病菌与钢铁
27156017, 8.6, 2452, 扫地出门
30223629, 8.9, 1658, 椰壳碗外的人生
01905742, 8.8, 1837, 金枝（上下册）
26425892, 8.4, 2998, 我的凉山兄弟
01661440, 9.0, 1368, 生育制度
26827592, 8.2, 3739, 菊与刀
25904521, 8.9, 1445, Sapiens
04312825, 8.6, 1963, 人类动物园
01704159, 8.6, 1917, 街角社会
21966353, 7.6, 6792, 贫穷的本质
01035165, 9.2, 803, 忧郁的热带
26810557, 8.8, 1220, 想象的共同体
01051928, 9.3, 686, 跨越边界的社区
20516441, 9.1, 831, 美术、神话与祭祀
04818177, 8.2, 2379, 英国人的言行潜规则
30441554, 9.1, 820, 六论自发性
03035593, 8.2, 2312, 崩溃
27073501, 8.8, 1103, 最接近生活的事物
27030380, 9.1, 798, 记忆的性别
26410016, 8.6, 1295, 金翼
10532835, 9.4, 549, 乡土中国 生育制度 乡土重建
02079931, 8.8, 1001, 大转型
04312829, 8.2, 1954, 亲密行为
01870212, 9.0, 753, 宗教生活的基本形式
30383694, 7.7, 3877, 进击的智人
26952345, 8.5, 1288, 私人生活的变革
01062309, 8.9, 808, 基因组
06799513, 8.9, 799, 跨国灰姑娘
01452735, 8.8, 883, Guns
25748848, 9.0, 707, 华夏边缘：历史记忆与族群认同（增订本）
01024928, 8.6, 1054, 裸猿
07174792, 8.3, 1484, 千面英雄
01777853, 8.3, 1462, 屠猫记
10491608, 8.5, 1126, 神祇、陵墓与学者
26943381, 9.4, 437, 世界的苦难
25908552, 7.6, 3616, 上瘾五百年
26721301, 8.8, 755, 反思史学与史学反思
24716011, 9.0, 612, 人论
01274491, 8.3, 1322, 文化、权力与国家
01082196, 8.8, 734, 林村的故事
02280161, 9.0, 597, 小镇喧嚣
30441545, 8.8, 726, 人行道王国
01428050, 8.7, 786, 礼物
04821769, 8.8, 697, 死者在说话
04891219, 8.2, 1381, 甜与权力
26818873, 8.1, 1562, 我们都是食人族
01016272, 8.7, 764, 第三种猩猩
01740073, 8.6, 847, 中国绅士
01034759, 8.6, 842, 礼物的流动
26591565, 8.1, 1489, 香港重庆大厦
26785959, 8.1, 1411, 疯狂人类进化史
01479324, 8.0, 1569, 菊花与刀
03094349, 8.7, 680, 羌在汉藏之间
02030855, 8.6, 737, 弱者的武器
06431983, 9.3, 373, 宗教生活的基本形式
34842935, 9.6, 287, 历史学与社会理论（第2版）
01799788, 8.6, 701, 华夏边缘
03785326, 8.4, 867, 黑猩猩的政治
02138608, 8.7, 606, 中国社会中的宗教
01493134, 8.6, 660, 文化人类学
05941341, 8.5, 734, 全球“猎身”
24838641, 8.4, 809, 神堂记忆
03365386, 8.2, 1014, 马丁·盖尔归来
30181646, 8.8, 518, 游牧者的抉择
25498796, 8.4, 785, 梦醒子
01809130, 8.8, 508, 野性的思维
30122152, 8.9, 458, 小镇喧嚣
04046736, 8.3, 861, 神似祖先
24876481, 8.1, 1092, 人的宗教（珍藏版）
21370327, 8.3, 826, 学做工
30115763, 9.0, 399, 家庭、私有制和国家的起源
26743425, 8.8, 474, 逃避统治的艺术
06822344, 8.3, 794, 崩溃
26951502, 8.4, 697, 礼物的流动
25857941, 8.0, 1121, 病毒来袭
02186646, 8.7, 503, 蒙塔尤
30389946, 9.1, 344, 在他们消失以前
34984693, 8.1, 956, 剧变
34468490, 8.9, 398, 病玫瑰
06310472, 8.2, 824, 菊与刀
06062348, 9.1, 329, 前往伊斯特兰的旅程
05414013, 8.2, 821, 美好生活
01093249, 8.6, 527, 文化的解释
01277279, 8.1, 916, 文明与野蛮
04114636, 8.3, 724, 性学观止（上下册）
01054762, 9.1, 325, 实践与反思
34837907, 9.4, 249, 大河移民的故事
02379345, 8.8, 421, 中国农村的市场和社会结构
26705829, 8.4, 617, 特权
01491734, 8.2, 761, 私人生活的变革
24527462, 8.7, 442, 人类学入门
24699604, 8.6, 487, 金枝
01474936, 8.6, 481, Watching the English
25848493, 8.3, 660, 猿猴的把戏
25807475, 8.4, 588, 城市里的陌生人
10544787, 8.9, 357, 暴力
26834220, 8.8, 389, 人类的演化
06785764, 7.7, 1368, 菊与刀
26286741, 8.9, 353, 文化记忆
01288895, 9.0, 322, 在乌苏里的莽林中
01795078, 8.4, 579, 民族与民族主义
01027210, 8.5, 512, 金翼
25899380, 9.0, 316, 桑切斯的孩子们
01770266, 8.9, 344, 结构人类学 （1-2）
02979316, 8.1, 786, 人类学的邀请
01069915, 9.5, 207, 科学养猪
27664289, 8.9, 341, 不平等的童年
27058538, 8.3, 616, 群居的艺术
01176241, 9.3, 239, 宗教思想史
01843001, 8.6, 447, 给莉莉的信
26772504, 9.0, 307, 礼物
01094540, 8.8, 363, 神祇·坟墓·学者
01315234, 8.1, 758, 图腾与禁忌
04130157, 9.4, 217, 忧郁的热带
27010599, 9.5, 200, 乡土中国
10484450, 8.8, 356, 金枝
03174519, 8.9, 320, 神圣的存在
01783986, 8.5, 467, 仪式过程
24699353, 8.1, 721, 现代世界的诞生
24754918, 9.1, 266, 麻风
02567964, 8.5, 461, 道德的重量
26642261, 9.0, 287, 回忆空间
03024461, 8.5, 455, 摩洛哥田野作业反思
20435354, 8.5, 453, 巨变
03321594, 8.5, 442, 游牧者的抉择
26872888, 7.3, 2012, 人类砍头小史
03158094, 8.7, 360, 英国个人主义的起源
01431735, 8.9, 299, 神圣与世俗
30126858, 9.0, 271, 恋地情结
26606365, 8.1, 657, 城中城
26652242, 7.7, 1068, 文明是副产品
04737019, 9.2, 224, 在国家与社会之间
06756124, 8.5, 419, 危险的边疆
25838139, 8.5, 417, 黑猩猩的政治
03268426, 8.3, 500, 洁净与危险
03077186, 8.0, 700, 群氓之族
26369891, 8.6, 365, 猿形毕露
26842369, 8.6, 365, 像我们一样疯狂
27052052, 7.9, 780, 人体的故事
05348946, 8.6, 361, 金枝
26800340, 8.6, 361, 神风特攻队、樱花与民族主义
25900305, 7.9, 772, 舌尖上的历史
01546841, 8.6, 350, 西太平洋的航海者
04826395, 8.4, 423, 巫士唐望的教诲
10048862, 8.3, 469, 中国社会的个体化
27672664, 8.7, 312, 阿尔比恩的种子
03865990, 8.9, 256, 缅甸高地诸政治体系
25963767, 9.1, 216, Sapiens
01085541, 8.3, 449, 传统的发明
03121161, 7.9, 704, 性趣探秘
01017823, 8.4, 400, 努尔人
30206003, 8.3, 439, 21 Lessons for the 21st Century
06038174, 9.1, 209, 反景入深林
27157430, 7.6, 1002, 我在现场
30365847, 7.6, 1002, 博物馆里的极简中国史
01772103, 8.2, 481, 再造“病人”
01836616, 8.4, 390, 写文化
25720197, 9.1, 207, 孤筏重洋
01060019, 8.5, 350, 古代社会（上下）
10732624, 8.7, 285, 乡土重建
26902280, 8.4, 379, 田野调查·被遗忘的村落
04246991, 8.5, 343, 疾痛的故事
04731481, 8.8, 258, 西太平洋上的航海者
25951837, 8.2, 461, 精子战争
26804793, 7.6, 934, 她身之欲
26275182, 8.4, 368, 马丁·盖尔归来（第二版）
26917126, 8.7, 273, 第三种黑猩猩：人类的身世与未来（简明版）
27073686, 8.3, 400, 梳毛、八卦及语言的进化
25841470, 8.4, 360, 1491
26878735, 8.0, 548, 中国国民性演变历程
01480999, 8.9, 225, 蒙塔尤
26320194, 6.7, 3833, 我是个妈妈，我需要铂金包
26606364, 8.6, 293, 第三种黑猩猩
30261591, 8.1, 486, 美丽的标价
30258045, 9.2, 175, 生育制度
01443869, 8.5, 319, 人类的性存在（第8版）
27045310, 8.6, 290, 像人类学家一样思考
30312155, 8.2, 430, 尼安德特人
03309690, 7.9, 590, 萨摩亚人的成年
01077717, 8.2, 417, 论集体记忆
01439691, 8.6, 280, 古代中国的节庆与歌谣
01750255, 8.8, 234, 華夏邊緣
03380406, 8.5, 307, 祖蔭下
26374591, 8.3, 372, 美国种族简史
33408124, 8.6, 272, 人类起源的故事
21348080, 8.3, 359, 世界中心的貧民窟
01085487, 8.5, 292, 农民的道义经济学
01869096, 8.3, 354, 乱伦禁忌及其起源
01315175, 8.7, 242, 实用人类学
33454375, 7.7, 693, 中国食辣史
27031860, 8.7, 239, Why Buddhism is True
01157293, 8.2, 383, 原始思维
04220628, 8.3, 342, 皇帝和祖宗
30302913, 9.3, 144, 商文明
01433002, 9.2, 154, 寂静的知识
26852405, 9.4, 132, 社会分工论
01433376, 8.7, 229, 文化的解释
01787092, 8.3, 330, 文化与权力
10454494, 8.5, 270, 比较的幽灵
26652340, 8.6, 246, 信任论
01438789, 9.3, 137, The Interpretation of Cultures
25917406, 8.7, 220, 音乐神童加工厂
30194494, 8.7, 219, 欧洲与没有历史的人
01449367, 8.1, 390, 社会如何记忆
03023839, 8.0, 434, 苦痛和疾病的社会根源
26694225, 8.0, 430, 神话与意义
01988744, 8.4, 284, 阿赞德人的巫术、神谕和魔法
01048587, 8.6, 234, 作为文化批评的人类学
01024255, 8.7, 214, 街角社会
27182058, 9.7, 101, 大地的窗口
03101825, 8.1, 377, 人类基因的历史地图
30340892, 7.7, 585, 菊与刀
03156699, 8.5, 248, 社会生物学
25908573, 7.7, 578, 昨日之前的世界
34468473, 9.0, 162, 手术剧场
04050715, 8.9, 175, 明清福建家族组织与社会变迁
03766475, 8.3, 297, 从民族国家拯救历史
23782049, 8.1, 363, 儿童的世纪
01414881, 8.5, 243, 尼加拉
30216251, 8.2, 319, 做工的人
04219161, 8.4, 262, 过渡礼仪
01000139, 8.1, 349, 苏北人在上海，1850-1980
30121259, 7.7, 546, 第五次开始
27616926, 8.6, 215, 给无价的孩子定价
02277034, 8.5, 232, 发须爪
26235442, 9.4, 114, 在历史中寻找中国
10581399, 8.3, 279, 原始分类
06954093, 8.9, 164, 追寻事实
04071865, 8.3, 271, 石器时代经济学
20272111, 8.4, 245, 债
01936600, 8.2, 297, 小历史与大历史
27015659, 9.1, 136, 德国人和他们的神话
04322861, 8.2, 295, 人类学家在田野
10593781, 8.2, 294, 如何做田野笔记
01129198, 8.5, 220, 历史之岛
01254060, 8.7, 182, 文明与野蛮
24851721, 8.3, 260, 美国人的性格
27149515, 8.5, 216, 中国考古学
01799718, 8.4, 236, 嫉妒的制陶女
26954757, 8.1, 316, 乳房
04130905, 8.4, 235, 生育与村落文化
33380604, 8.4, 234, 国家的视角
01488318, 8.4, 233, 先天，后天
26902307, 8.4, 232, 面对现代世界问题的人类学
25864510, 8.9, 151, 努尔人
01029365, 8.1, 307, 甜蜜的悲哀
03528068, 8.2, 277, 文化模式
23163344, 8.9, 149, 农民的道义经济学
20276019, 8.3, 249, 公开
26732332, 9.1, 127, 西太平洋上的航海者
01437359, 9.2, 118, 力量的传奇
21323611, 9.5, 96, 古代中国考古学
02894686, 9.6, 90, The Age of Wild Ghosts
06124799, 8.1, 300, 死亡与右手
03596784, 8.5, 205, 小地方，大论题
01017452, 8.2, 271, 地方性知识
01016822, 8.5, 204, 美德的起源
03528067, 8.5, 203, 圣杯与剑
26476894, 9.1, 123, 古代艺术与仪式
20453794, 7.4, 650, 人体交易
35009821, 8.7, 166, 难民
01970745, 9.0, 131, Guns
03035521, 8.7, 162, 文化论
01074668, 8.2, 252, 好吃
02053303, 8.7, 161, 神话学
27203328, 8.5, 189, 即将消失的世界
26743027, 8.2, 249, 黑麋鹿如是说
03864313, 8.9, 136, The Art of Not Being Governed
10562768, 8.2, 248, 电影或想象的人
27014615, 7.3, 695, 为什么有的国家富裕，有的国家贫穷
01939118, 8.4, 203, 文化与承诺
26369495, 8.7, 156, 金翼
10875961, 9.2, 107, 实践感
04737314, 8.2, 241, 瘟疫与人
26718553, 8.4, 200, 追随直觉之路
07564081, 8.8, 142, 人类学
20271283, 8.8, 142, 人类沟通的起源
01010570, 7.5, 515, 人类学是什么
26945187, 8.3, 216, 人伦的“解体”
27117513, 8.5, 180, 神祇、陵墓与学者
30159000, 7.6, 450, 厨房里的人类学家
04272325, 8.4, 196, 宗教学导论
02282133, 8.2, 235, 一种幻想的未来 文明及其不满
03134906, 7.8, 354, 公共人的衰落
26974733, 8.6, 163, 帝国之眼
01000786, 8.2, 229, 垃圾之歌
27031041, 8.3, 208, 空间与地方
26652333, 8.2, 228, 代价论
25815071, 8.7, 146, 理解早期文明
04111974, 7.8, 339, 黑帮老大的一天
25908549, 7.6, 425, 无政府主义人类学碎片
04155358, 8.7, 145, 泰利的街角
26951529, 8.5, 171, 以竹为生
10785930, 8.2, 224, 消散的现代性
01393312, 8.2, 223, 千面英雄
01151136, 8.3, 203, 神圣的欢爱
01041578, 8.7, 144, 考古人类学随笔
34918510, 7.3, 609, 我们为何结婚，又为何不忠
32567290, 8.6, 155, 别睡，这里有蛇
01866489, 8.3, 201, 欧洲与没有历史的人民
26311201, 8.9, 122, 人类学
30447356, 7.6, 409, 驯化
02269047, 7.8, 325, 游戏的人
01062899, 8.0, 263, 文化人类学理论学派
01979226, 8.2, 215, 巫术的一般理论 献祭的性质与功能
06862174, 9.0, 111, 宗教思想史
05979211, 7.8, 321, 四大门
34833764, 8.9, 119, 麻風醫生與巨變中國
03351025, 8.4, 177, 芒市边民的摆
26902311, 8.2, 210, 妮萨
01445730, 8.4, 175, 礼物
10518118, 8.6, 147, 远逝的天堂
26353386, 8.4, 174, 通过仪式抵抗
27018506, 7.9, 279, 亚当夏娃在拂晓
25957452, 8.0, 250, 重返人类演化现场
01011561, 8.7, 134, 人类的由来（全两册）
01958294, 8.7, 134, 象征之林
26896774, 8.6, 144, 图绘暹罗
26022684, 8.0, 247, 一本严格意义上的日记
04154973, 8.4, 170, 现实的社会构建
24529592, 8.5, 156, 论著与生活
06826610, 8.0, 244, 倾听底层
01223793, 8.1, 221, 原始文化
04013328, 8.3, 180, 人类学家的文化见解
02567481, 8.6, 139, 看人
05350988, 8.3, 178, 我们从未现代过
01883052, 8.9, 109, 城之理念
25751980, 7.4, 457, 他们以为他们是自由的
30458212, 8.9, 108, 性学观止
03101027, 8.3, 173, 从“异域”到“旧疆”
11600881, 8.4, 158, 国家的视角
27087676, 7.4, 443, 柬埔寨旅人
03758143, 7.8, 278, 礼物、关系学与国家
27621473, 8.6, 132, 金泽
26220721, 8.8, 113, 地方知识
04013329, 8.7, 121, 文化与社会人类学引论
07163112, 8.0, 218, 犯罪人论
06434994, 9.2, 83, The Gender of Memory
30164457, 7.7, 294, 清算
33384512, 9.4, 72, 行為
30152566, 8.0, 213, 萨满教
05369929, 8.3, 161, 超越文化
03711191, 8.1, 193, 寻羌
03244608, 8.3, 160, 文化、权力与国家
25917542, 7.7, 286, 共情时代
05410188, 8.5, 134, 个体化
27601659, 8.2, 173, 身份、国家与记忆
04001341, 9.5, 66, 庄学本全集（全两册）
01886055, 7.7, 279, 人类学概论
01485316, 8.6, 121, 传薪有斯人
10785920, 7.7, 277, 虚构的犹太民族
34781357, 7.8, 247, 巫医、动物与我
26376340, 7.7, 274, 金拱向东
26718143, 8.1, 182, 古代中国的动物与灵异
03016692, 7.9, 220, 制造同意
26793177, 8.2, 165, 游客的凝视（第三版）
20385476, 9.0, 87, 实验室里的诗人
26293798, 7.7, 265, 档案中的虚构
03710534, 8.4, 136, 生命的尊严
02135466, 8.2, 161, 被治理者的政治
26647779, 8.9, 92, 地方知识
02389079, 7.9, 212, 邻里东京
05975975, 7.9, 212, 无边的恐惧
01044559, 8.5, 124, 社会学与人类学
10733202, 8.5, 124, 文化与权力
26651780, 8.1, 174, 仪式、政治与权力
01291439, 8.8, 97, 凉山夷家
01439480, 8.1, 169, 日常生活中的自我呈现
01048899, 8.5, 120, 无父无夫的国度
26877916, 8.2, 154, 盲眼钟表匠：生命自然选择的秘密
02052230, 7.9, 203, 赛博空间的奥德赛
05333574, 7.6, 275, 烹饪、菜肴与阶级
24749389, 8.5, 118, 指引生命的神话
25724942, 7.1, 498, 肠子，脑子，厨子
02426851, 8.2, 150, 人类学经典导读
05309759, 8.2, 149, 人类的没落
02062217, 8.5, 115, 神话学
30349090, 8.8, 91, 祖先的故事
07058198, 9.0, 77, 危险的边疆
01054671, 7.3, 358, 中国食物
30295288, 9.3, 63, 21世紀的21堂課
06966477, 8.2, 140, 伊隆戈人的猎头
26313487, 8.4, 118, 恶魔花园
01060126, 7.5, 276, 民俗与迷信
02065358, 8.5, 108, 图腾与禁忌
05391701, 8.5, 108, 乡村江湖
26303241, 9.0, 75, Dealing in Desire
01058681, 7.5, 273, 中国东南的宗族组织
03128998, 8.7, 92, 森林人
01006798, 8.6, 99, 人这种动物
30401611, 7.6, 243, 金叶 : 来自金枝的故事
03597412, 7.8, 197, 人类学的四大传统
01282624, 7.9, 177, 自我的他性
05354060, 8.1, 147, 娘家与婆家
27084074, 8.8, 84, 世界史前史（插图第8版）
03024752, 8.7, 90, 活着的女神
26269947, 8.2, 132, 族群与边界
10541078, 7.9, 173, 二十世纪的四种神话理论
05384622, 8.6, 95, 阿赞德人的巫术、神谕和魔法
26271595, 7.5, 257, 大象的退却
26321190, 8.4, 109, 黎明之前
01951399, 8.3, 118, 神奇故事的历史根源
01907105, 7.7, 204, 风土
03039090, 8.6, 93, 中国古代社会
30216915, 7.4, 281, 四夷居中国
05262857, 7.5, 250, 裸女
04066820, 8.5, 99, 缠足
01556423, 7.8, 181, 一个中国村庄
05384626, 7.7, 199, 萨摩亚人的成年
01085554, 7.9, 163, 身处欧美的波兰农民
01331675, 8.9, 73, 解離的真實－與巫士唐望的對話
26943382, 8.6, 90, 实践理论大纲
26642322, 8.8, 78, 地球的主人
01095502, 7.6, 217, 民族与民族主义
25723837, 8.4, 104, 麦芒上的圣言
27175917, 8.7, 83, 在空间中理解时间
27593874, 8.1, 133, 洁净与危险
34803493, 7.6, 214, 男性妥协
27168686, 7.4, 266, 一万年的爆发
25854087, 8.1, 132, 路上觀察學入門
26384268, 8.6, 88, The Mushroom at the End of the World
01810022, 8.2, 120, 看听读
01472999, 7.6, 210, 人类学历史与理论
03309691, 7.8, 171, 玛格丽特·米德与萨摩亚
33476133, 8.6, 87, 逃避统治的艺术（修订译本）
26937690, 7.3, 289, 喂养中国小皇帝
01550466, 8.2, 117, 空间·记忆·社会转型
25870722, 8.2, 117, 文化的解释
02095400, 9.1, 61, 宇宙與歷史
01429345, 7.5, 225, 他者的眼光
02309832, 8.4, 98, 戏剧、场景及隐喻
03232541, 9.4, 50, The Elementary Forms of Religious Life
26476971, 8.4, 97, 文明与野蛮
03527925, 8.6, 83, 神圣的欢爱
21351876, 8.8, 71, 吾思鱼所思
01678219, 9.0, 62, 夏娃的七个女儿
03032291, 8.5, 87, 人类学历史本体论
30209024, 8.5, 87, 唐望三部曲
27025289, 8.7, 75, 族属的考古
01483481, 7.8, 156, 酒吧工厂
30438342, 8.9, 65, 本土东京
06963795, 8.3, 100, 家
20382579, 9.1, 57, 精神病院
30290031, 7.8, 151, 自私的基因
01084629, 8.8, 68, 古希腊宗教的社会起源
01290859, 8.0, 125, 人文类型
30284755, 7.3, 252, 唯一的希望
20284675, 7.7, 164, 非人
27069801, 8.3, 95, 全球史纲
26684830, 9.0, 58, 欲下妻
01790231, 8.0, 121, 巫术科学宗教与神话
01449360, 8.3, 94, 野性的思维
30257744, 8.4, 87, 人类简史
10726380, 8.7, 70, 雪山之书
27621491, 8.6, 74, 人类学与认知挑战
01738655, 8.7, 69, Sweetness and Power
02027600, 8.7, 69, The Social Life of Things
30152564, 8.8, 64, 人类成功统治地球的秘密
01829580, 8.0, 117, 西方神话学读本
03173529, 9.3, 47, 上缅甸诸政治体制
33459263, 8.5, 77, 礼仪下乡
25977981, 8.1, 105, 中国社会中的宗教与仪式
01175792, 9.0, 55, 中国文明的形成
30175692, 7.8, 136, 数字起源
01417600, 8.7, 66, The Temple of Memories
05341308, 8.7, 66, 地方性知识
21325700, 8.3, 88, 过渡礼仪
27060569, 8.8, 61, 西太平洋上的航海者
27609306, 8.8, 61, 疾痛的故事
27088125, 8.9, 57, 人类思维的自然史
02144496, 8.4, 79, 人文类型
01126175, 7.8, 129, “土著”如何思考
33380610, 8.1, 99, 神圣的欢爱
27125373, 9.3, 44, 宗教社会学
01491148, 7.7, 140, 安达曼岛人
01468474, 8.8, 59, The Hidden Dimension
01370298, 9.7, 35, Tristes Tropiques
04817398, 8.0, 105, 《旧约》中的民俗
06023531, 8.8, 58, The Religious Question in Modern China
30294526, 7.3, 202, 烧钱
33431382, 8.6, 65, 东京的空间人类学
34431892, 9.0, 50, 从“异域”到“旧疆”
20499285, 8.7, 60, 血殤
02078243, 8.3, 79, 神话学：裸人
34432031, 7.3, 196, 社群的进化
01087735, 7.8, 119, 义序的宗族研究
27036616, 8.8, 55, 努尔人
20381440, 7.6, 141, 动情的观察者
01024459, 8.5, 67, 家庭史（全三卷）
01310145, 8.0, 98, 斯瓦特巴坦人的政治过程
20501152, 9.0, 48, 莫斯传
26437822, 9.0, 48, 女神的语言
26646582, 9.0, 48, 中国巫术通史
01799707, 8.0, 97, 种族与历史·种族与文化
27609838, 8.5, 66, 尼加拉
02974364, 8.3, 76, 物质文化读本
03926517, 8.3, 76, 神话与神话学
33459258, 9.3, 40, 走出地方史
03534932, 8.6, 61, 婚姻与道德
26701179, 8.7, 57, 种姓与印度教社会
04915493, 8.2, 81, Coming to Terms with the Nation
03309856, 8.5, 65, 美国与美国人
04119499, 8.5, 65, 驱逐捣蛋者
01556167, 7.9, 103, 中国巫蛊考察
19997978, 8.8, 53, 缅甸高地诸政治体系
05921589, 8.4, 69, 文化、技术与社会中的身体
30254808, 8.4, 69, 末日松茸
24866268, 7.5, 146, 小冰河时代
01584495, 8.8, 52, 民俗文化与民俗生活
02378047, 8.8, 52, 文化的起源
01907413, 9.0, 46, The Golden Bough
26987859, 7.9, 100, 何故为敌
26808378, 7.5, 144, 银翅
02263214, 8.7, 55, 神话学入门
30151815, 7.5, 143, 月亮的另一面
06847831, 8.8, 51, 鄉土香港
01214876, 8.6, 58, 神话求原
26941264, 8.2, 77, 双面人
01832380, 7.9, 98, 另类的现代性
30218268, 7.0, 245, 为什么是足球？
06333823, 9.2, 40, Addiction by Design
02089976, 7.8, 104, 宗族·种姓·俱乐部
02189629, 8.1, 80, 三个原始部落的性别与气质
01400210, 7.7, 112, 社会人类学方法
03059288, 8.2, 74, 人类学、发展与后现代挑战
01742478, 8.8, 49, Course In General Linguistics
30326100, 8.8, 49, The Laws of Human Nature
26995647, 8.4, 63, 阶序人
26835568, 8.7, 51, 芒市边民的摆
02068823, 8.0, 83, 人类学讲演集
26606369, 8.2, 71, 自然的政治
02127764, 7.9, 89, 自我中心性与神秘主义
04820893, 8.2, 70, 疾病与治疗
01790232, 7.9, 88, 野蛮人的性生活
27087804, 8.6, 52, 我们为什么要合作
26599019, 7.2, 168, 饮食人类学
30302921, 9.8, 27, 石器时代经济学
01937164, 8.2, 68, 论馈赠
03208170, 8.3, 63, 东南亚的印度化国家
06963323, 7.6, 111, “自我”中国
25750872, 8.6, 51, 面具之道
26902312, 8.2, 67, 重访妮萨
34005204, 8.3, 62, 亚裔美国的创生
20271383, 8.5, 54, 文化人类学
02385286, 9.4, 32, Death Without Weeping
10520468, 8.1, 71, 人體交易
01278724, 7.5, 118, 人类学与现代生活
35009927, 7.8, 90, 想太多的人类学家
25828758, 8.5, 53, 嫉妒的制陶女
01126530, 8.2, 65, 物理与人理
25880490, 8.5, 52, 哲学人类学
25807605, 7.3, 138, 搭车十年
26271969, 8.3, 59, 人类婚姻史
26757715, 9.0, 38, 死亡、战争与献祭
01327400, 8.9, 40, 内在革命
30484697, 8.8, 42, 单一民族神话的起源
26902807, 6.4, 413, 绿色黄金
26845960, 9.0, 37, 人类学历史本体论
26878563, 7.3, 131, 成为黄种人
01190747, 7.2, 144, 西方人类学名著提要
03006760, 8.6, 46, 原始人的心智
24540681, 9.3, 31, How Forests Think
30410171, 9.5, 28, 中山四讲
25970314, 8.4, 52, 信号与噪音
02820361, 9.0, 36, Art and Agency
01442638, 7.8, 81, 社会文化人类学的关键概念
01005301, 8.8, 40, 实用人类学
02969760, 8.5, 48, 階序人I：卡斯特體系及其衍生現象
10618037, 7.2, 140, 丁戊奇荒
33455463, 9.2, 32, 反穀
04016348, 8.1, 63, 中国：糖与社会
25724432, 7.5, 102, 农民社会与文化
04924885, 7.7, 85, 人类身体史和现代性
26934440, 7.9, 72, 意大利人为什么喜爱谈论食物？
01348618, 8.6, 44, 黑皮膚，白面具
30194512, 8.4, 50, 天地会的仪式与神话
03648581, 6.6, 277, 饕餮之欲
01227044, 6.8, 212, 野蛮人的性生活
30435830, 8.3, 53, 极简人类史
02905133, 8.7, 41, Politics of Piety
25768866, 7.7, 83, 非零和时代
01430425, 7.5, 99, 文化与符号权力
30394086, 8.0, 65, 20世纪西方人类学主要著作指南
06843836, 8.6, 43, The Paper Road
03529590, 8.1, 60, 文化研究
30437571, 7.3, 117, 唐人街
03788644, 8.5, 45, 體物入微
10581463, 7.6, 88, 类人猿、赛博格和女人
02152246, 7.8, 74, 原始社会的犯罪与习俗
33395265, 8.3, 51, 国家与文明的起源
34900850, 7.4, 104, 废品生活
26895203, 8.8, 37, 靜寂工人
30229197, 8.1, 58, 人性的西方幻象
30302929, 6.8, 197, 捡垃圾的人类学家
30376404, 9.1, 31, 兴隆场
01660975, 7.9, 66, 田野中的族群关系与民族认同
01672226, 7.4, 101, 独乡电视
01002597, 8.0, 61, 田野图像
33417192, 8.4, 46, 列维-斯特劳斯对话录
26658272, 8.8, 36, 背过身去的大娘娘
34979052, 9.6, 24, 人类飞翔史
26825463, 7.6, 82, 如何研究网络人群和社区
26593896, 8.1, 55, 道德的起源
02330806, 8.0, 59, 神秘主义、巫术与文化风尚
01219953, 7.6, 81, 实验室生活
26816056, 7.3, 106, 我是一個媽媽，我需要柏金包！
05405328, 8.9, 33, 泰国华人社会
11637714, 8.6, 39, 族群、民族与国家构建
30332758, 7.2, 116, 南中國的世界城
25739487, 8.3, 47, 建設中國的耶路撒冷
30198390, 6.7, 203, 中年的意义
33406382, 7.6, 79, 进化的咬痕
25921659, 8.5, 41, 人性之窗
27912055, 8.5, 41, 母权论
02332700, 9.6, 23, Formations of the Secular
25851531, 7.9, 61, 流动的家园
34783768, 9.3, 26, 邊疆與帝國之間
03772717, 7.3, 100, 帝国的隐喻
26795050, 7.5, 83, 汉藏之间的康定土司
21336219, 8.3, 45, 《旧约》中的民间传说
27058743, 7.1, 121, 刺桐城
01458618, 8.7, 35, Veiled Sentiments
04831879, 8.5, 39, 音乐人类学
34458865, 9.6, 22, 圭拉那魁兹
26346774, 7.4, 88, 美德的起源
03242128, 7.3, 96, 历史人类学导论
25827803, 9.0, 29, 猞猁的故事
30394085, 9.0, 29, 人类学讲义稿
11605837, 8.7, 34, 苏亚人为什么歌唱
03041482, 7.5, 79, 纳文
01458652, 9.2, 26, The Savage Mind
34933514, 8.0, 52, 历史人类学的旨趣
30422028, 8.3, 42, 大吉岭的盛名
04207185, 7.6, 70, 全球药物
30295975, 8.5, 37, 跨出封闭的世界
26315314, 7.3, 91, 作为自我的稻米
01870904, 8.8, 31, Homo Ludens
06068066, 7.0, 121, 面具
27174219, 7.7, 63, 半个地球
03793238, 8.0, 50, 死的困扰与生的执著
30254156, 6.7, 166, 人类学+：科学的B面
04215016, 8.8, 30, 从人类学看香港社会
30401281, 8.8, 30, 礼物
02899630, 9.0, 27, The Body Multiple
03100419, 7.6, 66, 中国民族的形成
20275791, 8.6, 33, 我們從未現代過
26297551, 8.6, 33, 被困的治理
24522575, 8.9, 28, 征服美洲
02555916, 9.2, 24, Radical Hope
06004627, 9.2, 24, 论社会学中国化
27167311, 9.2, 24, 聚落与历史重建
01059893, 8.0, 48, 神话与政治之间
03930417, 7.8, 55, 信徒与公民
03411603, 8.8, 29, The Ritual Process
03364848, 7.7, 59, 20世纪西方人类学主要著作指南
04588363, 8.2, 41, Liquidated
03296761, 8.5, 34, 永宁摩梭
25750072, 8.4, 36, 马林诺夫斯基
34449460, 7.1, 99, 最好的亲密关系
21329308, 8.3, 38, 兴隆场
02912517, 8.9, 27, Vita
33427085, 7.0, 108, 看上去很美
26732448, 8.2, 40, Y染色体与东亚族群演化
04738716, 9.2, 23, 田野的回声
03614002, 8.5, 33, 人类学
10617887, 7.3, 79, 在中国做田野调查
24920343, 8.6, 31, 帝俄时代生活史
03176243, 7.1, 94, 人类学与社会学五讲
34839989, 7.4, 71, 饭局的起源
01326842, 6.6, 162, 黑皮肤，白面具
06539276, 8.0, 44, 权力及其伪装
01999898, 8.5, 32, 中国的宗族与戏剧
01938850, 9.3, 21, 凉山羅彝考察报告（上、下册）
02908928, 9.5, 19, Life Exposed
26939718, 7.9, 45, 人类通史
30437841, 8.8, 26, 公民健康与社会理论
06861218, 8.3, 34, 田野工作的艺术
01046480, 9.1, 22, 20世纪西方宗教人类学文选（两册）
34710218, 7.5, 59, 符号侦探
02908729, 9.3, 20, Toward An Anthropological Theory of Value
27067790, 8.8, 25, 现代性的前景
02115892, 7.8, 45, 诉讼的话语
27004538, 7.7, 48, 游戏的人
30450211, 9.1, 21, 辶反田野
26585491, 8.9, 23, 大分离
26960727, 8.9, 23, 烛幽之光
01458534, 8.4, 30, The Nuer
30394844, 6.7, 118, 巴黎地铁上的人类学家
30320083, 9.3, 19, 父性
27119175, 7.3, 64, 一切与创造有关
26977339, 8.2, 33, Against the Grain
10786576, 8.1, 35, 喜马拉雅的人与神
02903323, 8.6, 25, Global &#34;Body Shopping&#34;
01002429, 7.3, 59, PCR传奇
27119942, 7.8, 40, 路上观察学入门
05391763, 7.4, 54, 傷心人類學
26995938, 7.6, 46, 权力的生成
26391253, 7.3, 58, 运动通史
30252645, 7.8, 39, 告别伊甸园
04875348, 7.2, 62, In Search of Paradise
33464844, 7.7, 41, 到得了远方，回不去故乡
01135054, 7.8, 38, 米德尔敦
01458480, 7.7, 40, Flexible Citizenship
35006761, 8.8, 21, 孤筏重洋
03215396, 8.9, 20, 文化的变异
11593066, 8.6, 23, 西方中的东方
34449459, 7.0, 70, 人类的算法
25870980, 8.3, 27, 我们与他人
25908026, 7.9, 34, 论个体主义
06974828, 7.5, 45, Sex at Dawn
30260381, 8.4, 25, 人类学家的魔法
30284729, 7.6, 41, 人的图像
35017571, 7.6, 41, 岛屿传说
05397857, 8.7, 21, 猿猴、賽伯格和女人
04051354, 8.8, 20, 社会人类学
30292332, 7.5, 43, 建筑人类学
02282832, 9.0, 18, The Flow of Gifts
26283018, 7.2, 54, 民族志纪录片创作
26637955, 8.0, 30, 被结构的时间
01437138, 7.8, 34, 神话学
02541833, 9.2, 16, Agricultural Involution
26461251, 8.2, 26, 参与观察法（修订版）
26333426, 7.6, 38, 民俗学中的死亡文化
27178065, 7.1, 55, 烹饪、菜肴与阶级
25663394, 7.4, 43, 论人类学与古典学的关系
30171449, 9.0, 17, 葡萄酒的自然史
19972312, 8.2, 25, 神‧鬼‧祖先
20475056, 8.2, 25, “所有权”的诞生
03024804, 9.1, 16, Material Culture and Mass Consumption
34836589, 8.6, 20, 人类六万年：基因中的人类历史
01434205, 8.5, 21, 动物权利导论
26839384, 6.7, 77, 人类学是什么
34941530, 9.6, 13, 爱的起源
26789086, 7.9, 29, 餐桌上的語言學家
03592764, 7.6, 34, Cold War Island
01545776, 7.0, 54, 体质人类学
22232654, 8.3, 22, 艺术人类学
02909848, 8.7, 18, The Vulnerable Observer
26772748, 9.1, 15, 中國史新論：古代文明的形成分冊
02135606, 8.2, 23, Tsukiji
04117937, 8.9, 16, 松花江下游的赫哲族
30358487, 7.3, 40, 亲属关系是什么，不是什么
34792445, 8.0, 25, 人类的旅程
30397758, 6.6, 71, 在逃
26977575, 7.8, 27, 非洲的政治制度
03652814, 8.8, 16, Strangers in the City
26816477, 8.8, 16, 宫廷与寺院
27610734, 8.8, 16, 认知心理学：心智与脑
26120171, 6.8, 57, 巫师与猎巫
33411305, 7.2, 40, 万物·生命
03156748, 8.1, 22, 庆典
01813873, 8.0, 23, 中国的多元文化与中国人的认同
03663634, 8.7, 16, 社会文化人类学的关键概念
27175776, 7.6, 29, 穿越时光的萨满
02894229, 9.0, 14, Oasis Identities
25789279, 7.0, 45, 民族志：步步深入（第3版）
01351824, 7.2, 38, 论个体主义
02204330, 8.4, 18, 個人主義論集
34261986, 7.1, 40, 从祖先到算法
26945208, 8.6, 16, 流动社会的秩序
10757622, 6.8, 51, 夷夏先后说
35077346, 8.4, 17, 床的人类史
26683823, 7.9, 22, Infectious Change
10559482, 7.4, 30, 美国的社会与个人
24765699, 8.8, 14, Do Muslim Women Need Saving?
03012005, 7.6, 26, 马克思主义与人类学
26465345, 8.1, 19, 世界就像一隻小風車
01224670, 7.1, 36, 旅游人类学
06985285, 8.2, 18, The Social Conquest of Earth
30434488, 8.3, 17, 农村女犯人
25756188, 7.1, 35, 饮食人类学
06026612, 9.3, 11, 湯禱篇
27012159, 7.2, 32, 朝山
33488077, 6.0, 104, 大局观从何而来
30205897, 8.1, 18, Bullshit Jobs
27068218, 7.9, 20, 灵长类视觉
10945286, 7.4, 27, 中国北方边疆地区的史前社会
01253958, 8.2, 17, 北方民族与萨满文化
30310476, 7.5, 25, 鹿行九野
20514966, 7.7, 22, Technomobility in China
27007726, 7.7, 22, The World in Guangzhou
26711003, 9.2, 11, 身體感的轉向
26981877, 9.2, 11, 政治社会的世系
30247688, 6.7, 45, Bullshit Jobs
34783764, 8.5, 14, 人類學活在我的眼睛與血管裡
27007813, 9.1, 11, Songs for Dead Parents
01266302, 8.2, 16, 民族学
26939018, 7.1, 31, 裸猿的艺术
27615426, 7.1, 31, 时间与他者
27176951, 7.4, 25, 民主的浪漫
25986317, 7.9, 18, 行好
03174563, 7.8, 19, 生命与言辞
25923491, 7.8, 19, 被扭曲的櫻花
34788887, 7.8, 19, 游戏世界
30380956, 6.3, 60, 穿行社会
01125532, 7.2, 27, 中国风俗通史: 夏商卷
26662916, 7.3, 25, 死亡与右手
24733767, 7.7, 19, 动物考古学
10958476, 8.3, 14, Digital Anthropology
26108125, 7.5, 21, 中国乡村与墟镇神圣空间的建构
34908320, 6.8, 34, 语言的诞生
30484508, 7.0, 29, 玉石神话信仰与华夏精神
27155954, 7.7, 18, 风景与认同
01262291, 7.8, 17, 活着的萨满
01151960, 7.5, 20, 20世纪中国人类学民族学研究方法与方法论
34841131, 6.5, 42, 道在屎溺
03985923, 8.0, 15, 人类学的西南田野与文本实践
20266130, 8.3, 13, 食物的歷史
20546379, 7.1, 25, 憂鬱的邊界
03583443, 7.6, 18, 农民生活及其价值世界
03755779, 7.7, 17, 人类表演与社会科学
26136055, 8.6, 11, “道中生活”
02148194, 8.3, 12, The House of Lim
34886845, 6.8, 27, 人写的历史必须是人的历史吗？
20428383, 8.2, 12, 香港道教與扶乩信仰
10781738, 8.6, 10, 我們的身體，想念野蠻的自然
34786069, 6.7, 28, 与人类学家同行
30437833, 7.6, 15, 40%的工作沒意義，為什麼還搶著做？
26720028, 6.5, 31, 审美经验
34817131, 7.7, 14, 历史学与人类学
34859240, 7.6, 14, 動盪
02380618, 7.3, 16, 同根生的民族
30309896, 7.3, 16, 人类学
05292825, 8.0, 11, 苗族史
05341891, 8.0, 11, 民国广州的疍民、人力车夫和村落
27016178, 7.0, 18, 延安尋真
03638579, 8.1, 10, High Tech and High Heels in the Global Economy
01168965, 7.1, 16, 湘西苗族调查报告
01681362, 7.0, 16, 语言人类学教程
02907763, 7.4, 12, The Expansive Moment
26857132, 4.7, 245, 别在吃苦的年纪选择安逸
05344920, 6.6, 19, 语言人类学
34443592, 6.3, 14, 中世纪的女巫
01126099, 6.1, 16, 云南：联结印度和扬子江的锁链
27030445, 6.8, 10, 东南亚的华人饮食与全球化
26839393, 6.0, 14, Social Media in Rural China
30282782, 6.0, 13, 百年早餐史
27148320, 4.7, 30, 微信民族志、自媒体时代的知识生产与文化实践
06526698, 0.0, 10, 塘村老人
27157984, 0.0, 10, 祈颂姑
34995544, 0.0, 10, 大英博物馆人类简史
01370374, 0.0, 11, Rise and Fall of the Third Chimpanzee
30184554, 0.0, 12, 全員在逃
02916518, 0.0, 15, Training the Body for China
02362496, 0.0, 245, 看透人心的110个技巧
