2020-07-05 15:59:55

number of books, tag name
600, 人生哲学

ID, rating, votes, title
01770782, 8.9, 647919, 追风筝的人
01008145, 8.9, 372540, 围城
01200840, 9.0, 251379, 平凡的世界（全三部）
25862578, 8.5, 642217, 解忧杂货店
20427187, 8.8, 276223, 看见
01361264, 9.0, 186394, 撒哈拉的故事
25985021, 9.1, 131602, 人类简史
01858513, 9.0, 135101, 月亮和六便士
01061118, 9.1, 86508, 活着
01209899, 9.1, 59159, 我与地坛
03071717, 8.8, 84666, 爱你就像爱生命
02035162, 9.0, 54996, 刀锋
01064275, 8.4, 155620, 老人与海
33440205, 8.9, 60919, 你当像鸟飞往你的山
03369793, 8.6, 102483, 亲爱的安德烈
01046265, 8.0, 317931, 挪威的森林
01045818, 8.5, 105805, 苏菲的世界
04242172, 8.1, 230388, 天才在左 疯子在右
06388661, 8.8, 56130, 这些人，那些事
04207781, 8.7, 62350, 孩子你慢慢来
01398395, 8.8, 51768, 狂人日记
01022060, 8.2, 146119, 狼图腾
01034282, 8.8, 46650, 时间简史
03554154, 8.9, 33158, 阿狸·梦之城堡
02284311, 8.8, 37674, 苏菲的世界
03406401, 9.0, 25408, 悉达多
26576861, 9.0, 25133, 最好的告别
04920007, 8.8, 31630, 不能承受的生命之轻
01059258, 9.4, 12589, 道德经精义
03026879, 8.8, 28933, 爱的艺术
02035171, 9.0, 20027, 人生的枷锁
03369600, 8.2, 78461, 当我谈跑步时我谈些什么
01865089, 8.4, 51684, 瓦尔登湖
01033778, 8.3, 58348, 富爸爸，穷爸爸
01803022, 9.0, 15958, 圣经
04842446, 8.7, 25343, 巨流河
01529893, 8.0, 90410, 莲花
03578470, 9.0, 15418, 德米安
01004821, 8.7, 22709, 理想国
01034329, 8.9, 16252, 白鹿原
03533221, 8.4, 35529, 非暴力沟通
03609132, 8.4, 35480, 把时间当作朋友
05952488, 9.0, 12178, 亲密关系
01032501, 8.8, 16313, 心理学与生活
06021440, 8.7, 18586, 黑客与画家
04124727, 8.1, 51464, 孤独六讲
02256039, 7.8, 92458, 杜拉拉升职记
05346110, 8.9, 11551, 穷查理宝典
01008189, 8.9, 11519, 西方哲学史（上卷）
02194123, 8.4, 24264, 相约星期二
01322455, 8.7, 14199, 遥远的救世主
10763902, 7.7, 87524, 偷影子的人
01418180, 8.9, 10128, 思维的乐趣
01420862, 8.9, 10068, 孩子你慢慢来
10549934, 9.1, 7435, 悉达多
01041128, 8.6, 15195, 天蓝色的彼岸
01048007, 8.2, 26141, 高效能人士的七个习惯（精华版）
01003986, 8.8, 9525, 病隙碎笔
01073349, 8.9, 8174, 写在人生边上 人生边上的边上 石语
01431870, 9.0, 6972, 源泉
01409704, 8.9, 7650, 金刚经说什么
01794620, 7.8, 48449, 芒果街上的小屋
01056461, 8.3, 18401, 旅行的艺术
05990251, 8.5, 12900, 西藏生死书
03608235, 8.5, 12866, 失物之书
03642673, 8.0, 30126, 我执
01009789, 9.5, 3239, 道德经
01292409, 9.1, 5025, 人生的智慧
01069805, 8.8, 7318, 给青年的十二封信
25867570, 9.4, 3245, 人生的智慧
04180711, 8.2, 16359, 拖延心理学
05325618, 8.4, 11281, 高效能人士的七个习惯
03158482, 8.9, 5419, 新世界
03522695, 8.5, 9597, 瓦尔登湖
04953695, 7.8, 31692, 拆掉思维里的墙
03673771, 9.0, 4670, 项塔兰
25782520, 8.6, 8003, 美丽新世界
01367964, 8.2, 14123, 布瓜的世界
26831789, 8.7, 6450, 穷查理宝典
06425061, 8.5, 8444, 哲学家们都干了些什么？
01071227, 9.0, 4032, 大问题
02033081, 8.2, 12443, 身份的焦虑
02363651, 8.1, 14544, 十四堂人生创意课
03137289, 8.5, 7326, 姐姐的守护者
01075538, 8.2, 11561, 普罗旺斯的一年
03899039, 8.1, 12439, 刺猬的优雅
27008303, 9.1, 2933, 不成问题的问题
01005193, 8.6, 5526, 重新认识你自己
01033248, 8.9, 3605, 幸福之路
05401989, 8.0, 13280, 自由在高处
03100584, 8.8, 3820, 麦克白
06526752, 8.8, 3763, 生命之书
03413836, 8.4, 6563, 当下的力量
01400195, 8.7, 4285, 论自由
26733854, 8.6, 4876, 明天也是小春日和
01017180, 8.2, 8480, 定位
03905366, 7.8, 16450, 迟到的间隔年
03834938, 8.3, 6915, 与神对话（第一卷）
05289756, 7.9, 13043, 爱的地下教育
01292412, 9.1, 2281, 叔本华思想随笔
01437973, 8.7, 3733, 亲密关系
01045201, 8.2, 7548, 哲学的慰藉
01313124, 8.2, 7381, 赢
24749465, 7.4, 31521, 断舍离
03740431, 8.4, 5306, 灵魂只能独行
25782902, 8.1, 8361, 反脆弱
03080607, 8.3, 6086, 我爱问连岳Ⅱ
03302645, 8.1, 8149, 我在雨中等你
05317075, 7.1, 57684, 蔡康永的说话之道
03711733, 8.6, 3874, 那个姐姐教我们的事
01292359, 8.4, 5107, 相约星期二
01460340, 8.9, 2529, 人性的，太人性的
01721111, 8.6, 3663, 周国平人生哲思录
01340549, 8.7, 3171, Tuesdays with Morrie
01489494, 8.5, 4022, 人与永恒
01829799, 8.7, 2978, 爱的觉醒
20507212, 8.0, 8158, 习惯的力量
26363926, 8.7, 2906, 何为良好生活
03633588, 8.8, 2382, 幸福之路
04313080, 8.7, 2657, 旅行的艺术
05389557, 8.5, 3365, 姥姥语录
01026655, 8.4, 3807, 相约星期二
04266008, 8.3, 4353, 给一个未出生孩子的信
26817324, 8.7, 2464, 傅雷家书
03688489, 7.7, 10997, 异类
34797578, 8.1, 5656, 人间值得
01031794, 8.9, 1903, 菜根谭
01223845, 7.6, 13030, 男人来自火星 女人来自金星
01015403, 7.7, 10580, 今生今世
03111928, 8.1, 5344, 安迪·沃霍尔的哲学
03800022, 8.2, 4495, 活出全新的自己
01068912, 8.4, 3268, 中国文化的深层结构
01035517, 7.6, 11383, 男人这东西
02225735, 7.9, 6606, 谁动了我的奶酪？
01341035, 8.2, 4072, 痛快日记
01071821, 8.1, 4722, 你不可不知的人性
03710137, 8.6, 2340, 沉思录
01837006, 8.0, 5441, 人性的弱点
25870384, 8.3, 3401, 你的生命有什么可能
01036395, 8.4, 2943, 爱上浪漫
01077129, 8.5, 2528, 一生的学习
03123393, 7.6, 9739, 遇见心想事成的自己
01424955, 9.0, 1335, 卓有成效的管理者 （中英文双语典藏版）
06438010, 8.6, 2126, 少有人走的路
02065564, 8.1, 4205, 一日重生
24875416, 8.3, 3090, 生命最后的读书会
11614293, 7.5, 10702, 人生需要揭穿
06425901, 9.2, 1006, 务虚笔记
01427679, 7.5, 10399, 做最好的自己
04112632, 8.2, 3283, 活法（修订版）
26877993, 9.1, 1055, 不能承受的生命之轻
10773358, 8.1, 3629, 意志力
01258513, 8.5, 2043, 爱与寂寞
03073494, 7.4, 10877, 人淡如菊
10476698, 7.5, 8760, 因为痛，所以叫青春
03646976, 9.0, 1074, 菜根谭
01077638, 8.1, 3192, 耻
01207847, 8.5, 1847, 增广贤文
04722180, 7.7, 5786, 谁动了我的奶酪?-纪念版
03750309, 8.4, 1995, 安静的位置
03622904, 7.2, 13723, 不抱怨的世界
01987453, 7.8, 4574, 人生不过如此
01162784, 8.1, 2907, 超越自己·创造自己·肯定自己
01077237, 8.6, 1457, 查拉斯图拉如是说
25858068, 7.4, 8625, 100个基本
01186712, 8.2, 2412, 各自的朝圣路
03224456, 7.7, 5085, 少有人走的路Ⅱ
26831234, 8.3, 2082, 不属于我们的世纪
04124876, 8.1, 2684, 易经的奥秘
01027085, 8.3, 2029, 叔本华人生哲学
04904074, 8.3, 2027, 塔莎奶奶的美好生活1－跟着感觉走就对了
01001895, 7.8, 4131, 靠自己去成功
04934733, 8.1, 2617, 真实的幸福
20376605, 8.6, 1360, 阿特拉斯耸耸肩
01034615, 8.7, 1203, 生命的意义
20434430, 8.0, 2834, 你要如何衡量你的人生
01401730, 9.0, 823, 棋王 樹王 孩子王
03115901, 8.3, 1828, 幸福旅行箱
01416876, 9.2, 665, Surely You&#39;re Joking
01484695, 8.0, 2682, 季羡林谈人生
03410763, 8.6, 1219, 最后的演讲
01053526, 8.4, 1509, 哲学与人生
01077568, 9.0, 752, 自由论
03327830, 7.7, 3774, 前世今生：16堂生死启蒙课
06966843, 7.8, 3198, 重遇未知的自己
01436707, 7.5, 5177, 如何掌控自己的时间和生活
26373271, 8.7, 986, 活出生命的意义[珍藏版]
02221112, 8.8, 866, 幸福之路
03773959, 8.4, 1338, 只有一个人生
10565381, 7.9, 2567, 活法
01427920, 8.7, 900, The 7 Habits of Highly Effective People
01340498, 8.7, 899, 人都是要死的
02049781, 8.4, 1223, 世界在你心中
10537637, 7.6, 3726, 行走中的玫瑰
01227966, 7.8, 2719, 你的第一本哲学书
01931318, 7.0, 10860, 于丹《论语》心得
01061729, 8.2, 1535, 韦罗妮卡决定去死
01073535, 9.1, 559, 人与自我
20413742, 7.5, 4223, 不说，就真来不及了
02333837, 7.9, 2250, 雨天炎天
03101425, 8.7, 814, 尼采
02133074, 7.0, 10207, 20几岁，决定女人的一生
25833051, 8.3, 1288, 幸福的婚姻
02119843, 6.8, 15342, 钝感力
01151139, 8.8, 700, 爱的艺术
03016983, 9.1, 519, 人性的，太人性的（二卷）
02381093, 7.4, 4383, 一辈子做女孩
03223715, 8.5, 926, 菜根谭
01958741, 7.7, 2568, 追逐日光
01395495, 8.9, 588, Hackers and Painters
01220789, 8.0, 1619, 爱上双人舞
01372067, 8.9, 563, Into the Wild
01048672, 8.0, 1578, 尼采生存哲学
03712855, 8.1, 1364, 为何越爱越孤独
26660579, 8.7, 672, 直视骄阳：征服死亡恐惧
34437288, 8.0, 1537, 长大了就会变好吗？
26413835, 8.1, 1342, 匠人
01058229, 8.6, 723, 智慧书
01029739, 8.0, 1450, 生命的留言
10801462, 7.8, 1808, 苦才是人生
02003451, 7.2, 4709, 于丹《庄子》心得
26892222, 8.0, 1375, 生活的哲学
03184668, 8.1, 1178, 人人都爱经济学
03089401, 8.5, 729, 沉思录
01882426, 8.5, 719, 人与永恒
34997975, 8.4, 802, 文明、现代化、价值投资与中国
01817332, 8.7, 571, 爱因斯坦谈人生
01372679, 9.1, 381, 如夢之夢
01353219, 8.3, 825, 今生今世
01059069, 8.3, 823, 培根论人生
04852691, 8.4, 731, 你不可不知的人性（全二册）
04816212, 7.4, 2807, 真希望我20几岁就知道的事
03863494, 7.9, 1345, 季羡林读书与做人
01978928, 8.1, 1016, 永远有多远
03654465, 7.6, 1998, 少有人走的路Ⅲ
01019959, 7.8, 1481, 精力管理
25747597, 7.3, 3158, 不能不去爱的两件事
01015807, 7.8, 1439, 肯定自己
04087554, 8.0, 1091, 活法（叁）
03616968, 7.8, 1419, 活法（贰）
02991664, 8.7, 493, 相约星期二
06789999, 7.7, 1597, 拆掉思维里的墙
01469414, 8.6, 532, 世界美如斯
01048529, 8.6, 527, 论老年 论友谊 论责任
03098548, 7.3, 2866, 寻找时间的人
01072239, 8.3, 724, 和尚与哲学家
04746273, 7.6, 1748, 十四堂人生创意课III
03163177, 7.7, 1465, 传信人
03687099, 7.9, 1102, 心灵密码
01217905, 8.4, 601, 人性的弱点全集
01366878, 9.4, 233, 与神对话
03226037, 7.8, 1184, 世说心语
02297218, 7.8, 1165, 蚁呓
01012536, 7.8, 1131, 爱不厌诈
01912080, 8.1, 756, 我不是教你诈.3
34650267, 9.0, 300, 稻盛和夫的人生哲学
01350787, 9.3, 229, 阿米：星星的小孩
11509401, 6.9, 4367, 正能量
26851515, 7.4, 1837, 细节
04615442, 7.8, 1041, 生命的清单
04214217, 7.3, 2135, 女人明白要趁早
01016709, 7.8, 1026, 爱原来可以如此豁达
24714245, 7.8, 1006, 看得开
26853566, 7.7, 1146, 出家
26365909, 7.3, 1984, 人生只有一次，去做自己喜欢的事
01119239, 7.7, 1068, 爱何必百分百
25891329, 8.3, 514, 心法
10473358, 8.3, 513, 一日重生
01022230, 9.1, 238, 人生的智慧
01057852, 8.4, 453, 疯狂的意义
26612363, 8.0, 692, 每当我找到生命的意义，它就又变了
01077701, 8.5, 394, 拿破仑·希尔成功学全书（上下）
01727293, 7.2, 2010, 晨間日記的奇蹟
03598047, 7.7, 964, 人为什么活着
20273181, 8.2, 525, 生命是长期而持续的累积
02339968, 8.1, 585, 周国平论人生（周国平卷）
01331963, 8.8, 282, 生命之書:365日的靜心冥想
01061615, 7.5, 1212, 方与圆
03135726, 8.1, 561, 挺立在孤独、失败与屈辱的废墟上
01426973, 8.4, 401, 诗人哲学家
30351554, 7.4, 1350, 活好
03078944, 8.2, 488, “坏”女人有人爱
30415402, 7.3, 1484, 断舍离（2019年新版）
01041591, 7.7, 841, 爱就注定了一生的漂泊
01341215, 8.2, 461, 最後14堂星期二的課
01423465, 8.8, 248, 爱与思
01331882, 9.2, 175, 存在心理治療（上）
04262950, 8.4, 348, 关系的真谛
19976065, 8.3, 374, 人生十论
30216705, 8.2, 407, 扫除道
04177459, 7.7, 720, 舍得
26751994, 8.3, 363, 曾国藩家书
06004438, 7.4, 1055, 做你自己
01009052, 7.8, 618, 生生世世未了缘
01683998, 8.1, 425, 顺生论
03165369, 8.3, 340, 叔本华散文
05275361, 8.6, 252, 朝话
27167270, 8.2, 370, 像哲学家一样生活
24732489, 8.6, 247, 生命安宁
01044180, 7.8, 562, 做个飞翔的美梦
03086022, 7.8, 556, 六世达赖仓央嘉措
03389982, 7.8, 497, 单身女子的138条军规
01138232, 8.9, 165, 敬畏生命
02078106, 8.2, 298, 爱的美丽与疼痛
03163506, 7.7, 514, 答案在你心中
26389504, 8.1, 328, 不疯魔，不成活
01367103, 8.6, 204, 公主向前走
01062945, 7.5, 646, 创造双赢的沟通
26183838, 7.5, 593, 我想看到的世界
04169625, 7.1, 1013, 杠杆阅读术
01107519, 7.6, 510, 把握我们有限的今生
02212292, 8.3, 237, 季羡林谈人生
01426502, 8.7, 166, 青年与学问
02142034, 6.9, 1339, OFF学
26108383, 6.6, 2246, 人生永远没有太晚的开始
01055661, 8.8, 150, 美德书
03145111, 8.5, 189, 一個新世界
20386246, 7.6, 469, 人生那么长，停一下又何妨
01322208, 8.5, 185, 生命的学问
01074402, 7.6, 453, 爱，因为抓不住
01020358, 8.5, 179, 学习乐观
01068068, 8.9, 129, 沉思录
02177813, 8.7, 146, 新原人
25887858, 8.2, 220, 人生五大问题
30231914, 8.3, 200, 项塔兰2
01100809, 7.9, 289, 迎向开阔的人生
04005454, 7.3, 565, 妖眼看西游
04270025, 9.4, 78, 富兰克林自传
10524786, 8.5, 148, 老人与海
01415320, 7.9, 256, 富爸爸投资指南
04269578, 8.1, 207, 独特的视界
02157607, 8.0, 226, 我不是教你詐
10520050, 9.0, 98, Tiny Beautiful Things
05968797, 7.7, 306, 活法（肆）
26774483, 8.4, 154, 月亮与六便士
19995776, 6.8, 987, 我和这个世界不熟
01844872, 7.9, 242, 超越自己
26825644, 8.6, 127, 菜根谭
01400638, 8.7, 115, 智慧七柱
01034872, 8.0, 209, 给你自己一分钟
26695020, 7.5, 355, 正直
27613185, 7.1, 572, 我们终将遇见爱与孤独
06946410, 8.4, 136, 抉择
01043001, 7.0, 619, 王蒙自述
30352412, 8.7, 106, 美在从容生活间
26762873, 9.5, 62, 假如给我三天光明
27204087, 7.6, 262, 变老的哲学
01033287, 7.7, 234, 虚掩的门
01870366, 7.3, 368, 人生以快乐为目的
01398452, 7.6, 259, 冰心散文
01039731, 8.1, 157, 一种人生观
25768468, 7.8, 207, 爱有8种习惯
01427300, 8.5, 111, 人生之体验
01009872, 7.5, 283, 掬起每一滴感动
01357844, 7.5, 277, 男人這東西
03897498, 8.4, 117, 从书房到厨房
11442495, 8.2, 136, 人性观察
30276854, 8.1, 146, 一切都在孤独里成全：叔本华的人生智慧
01490288, 7.7, 213, 爱为什么总矛盾
03142144, 6.8, 651, 星巴克
20442237, 7.6, 229, 这一生为何而来
01082832, 8.6, 92, 生命的七大精神法则
03254065, 7.6, 222, 女人，学会舍得
01067583, 7.8, 171, 善待自己
01362966, 9.0, 66, 徒然草
03103667, 7.7, 183, 情报日本
01950727, 7.9, 149, 老子绎读
01032822, 7.4, 244, 鞋里的沙-小毛病中的大问题|小中见大智慧文丛
01030608, 7.6, 195, 心灵的四季
03422747, 7.0, 388, 别为小事抓狂
01833518, 8.0, 131, 生活值得过吗
01025546, 7.3, 266, 蜜色阳光
01110081, 7.7, 172, 母亲的伤痕
01834166, 8.0, 128, 人生真实
01438307, 8.5, 84, 圣境预言书
01159966, 8.4, 89, 君王论
02331278, 6.9, 405, 我的人生哲学
02197024, 8.7, 70, The Secret
25727355, 7.7, 154, 瓦尔登湖
27667251, 8.0, 116, 闲着
01431352, 8.1, 106, 诗样的人生
27185354, 8.1, 106, 中国哲学常识
01328530, 7.7, 151, 点一盏心灯
01388344, 7.3, 227, 冲破人生的冰河
24309470, 9.2, 47, 人生如登山
01071998, 8.8, 60, 基督的人生观
01219123, 7.8, 129, 犹太人的智慧全集(珍藏版)
03043428, 7.7, 140, 破惘
25705641, 7.6, 154, 半农半X的生活
01018837, 7.4, 185, 在灵魂居住的地方
03141336, 8.3, 81, 投資大師羅傑斯給寶貝女兒的12封信: 成功的人生 ，成功的投資
03172260, 8.4, 74, 拈花菩提
01039641, 7.8, 116, 有节制的生活
01003011, 7.5, 154, 点一盏心灯
02383057, 8.6, 62, The Great Gatsby
01434012, 8.0, 97, How to Get Control of Your Time and Your Life
02055214, 7.5, 153, 我们缺什么
27114724, 8.7, 57, 人性的弱点
05388019, 8.4, 70, 哲学与人生（I+II)
01813138, 7.8, 113, 阅尽沧桑
01313688, 8.3, 75, 宽容
03994602, 6.4, 608, 毕业5年决定你的一生
01988706, 8.6, 60, 围炉夜话
24784719, 9.5, 35, 西方哲学与人生-第二卷
01421588, 7.3, 176, 屠夫看世界
26982930, 8.9, 48, 写给男孩的骑士准则
10575377, 8.0, 90, 稻盛和夫的人生哲学
01955250, 8.7, 54, 帕斯卡尔与人生的意义
27662277, 8.2, 76, 人生没有后悔药
03076657, 7.4, 143, 毕淑敏感悟心灵
26879615, 6.9, 247, 我兔斯基你（增订版）
35000362, 8.0, 82, 思维不设限
03836715, 8.0, 81, 生活的意义
01331558, 7.7, 104, 生生世世未了缘
01434433, 7.5, 125, 半知一解
01034295, 8.2, 68, 探索者
03570895, 8.6, 51, 李宗吾全集
03025262, 6.4, 465, 乖女孩没糖吃
01690721, 8.2, 66, 叫母亲太沉重
01037246, 7.8, 89, 生活的智慧
01348255, 7.0, 191, 35x33
30257652, 7.4, 121, 智慧书
01320795, 7.6, 100, 摇摇沉淀的爱
25921322, 7.9, 76, 鸳鸯香炉
32312805, 9.3, 31, 哲学与智慧
02332787, 8.3, 56, 季羡林自传
05297305, 7.3, 124, 熬至滴水成珠
27055389, 6.5, 325, 第一本哲学漫画书 : 尼采的哲学思想
03465113, 8.1, 61, 我爱故我在
05243431, 7.8, 75, 愛情的吸引力法則
05040218, 8.3, 50, 国学六法
01046886, 7.8, 72, 心灵的四季
01126507, 8.6, 41, 一生相伴的智慧
03165283, 8.1, 57, 我的人生思考
30345616, 8.7, 38, 生命是什么（附《我的世界观》）
01014264, 7.6, 83, 生死爱恨一念间
25909436, 7.1, 129, 幸福的哲学
24872813, 8.7, 36, 与美对话
10435396, 7.6, 72, 人生十论
01343090, 7.5, 78, 米力的生活雜貨風味屋
10594126, 8.9, 30, 五种遗规
20424924, 8.7, 33, 窮理查年鑑
04174603, 7.2, 98, 随便想想
35013835, 8.0, 50, 从容路过的人生
01468882, 8.4, 38, 苏东坡传
03247296, 9.3, 23, 素问悬解
04117203, 7.9, 50, 酱缸
10759127, 8.3, 38, 傅佩荣译解论语
01025155, 7.5, 68, 西方哲学死了
01267195, 8.8, 28, 珍重生命 (平装)
01196134, 8.3, 37, 人生天地间
03044768, 8.3, 37, 人生的乐趣
06892010, 7.6, 59, 这是我的人生，不是别人的
05321335, 8.3, 36, 哈佛家训  Ⅲ
26332976, 8.8, 27, 生来彷徨
10582030, 7.4, 69, 周国平论人生
01087229, 7.2, 78, 在生命中追寻的爱
06798708, 7.7, 50, 舍弃
05920926, 8.0, 40, 从自我出发
27192154, 8.3, 33, 蹲下来和孩子一起成长
03127417, 9.5, 18, The Road Less Travelled
26353619, 8.5, 29, 自然农法
01068853, 8.3, 32, 活法
01051712, 6.8, 105, 夜之族
01060656, 6.9, 93, 现代症候群
01037397, 7.0, 83, 早知道早幸福
26296617, 8.5, 27, 致廷光书
01071642, 9.1, 20, 英雄宝镜
01352218, 9.1, 20, 創造的勇氣
27067378, 8.3, 30, 稻盛和夫的论语
01409392, 7.9, 38, 哲学告诉我
25741265, 6.6, 119, 叔本华心灵咒语
27017605, 7.3, 59, 当起点很低
01709271, 7.5, 50, 在生命中追寻的爱
01007986, 7.4, 53, 心灵指南
05360237, 8.4, 27, 了凡四训译解
32132835, 7.6, 45, 日日抚慰：大人的理想生活提案
10485648, 7.5, 48, 如果没有明天
01015509, 8.5, 25, 商人家书
01031874, 8.5, 25, 治心经
01082465, 7.1, 65, 幸福人的座右铭
26817185, 8.8, 21, 一辈子不愁钱的活法
30296468, 6.2, 177, 离开我，遇见我
01082595, 8.0, 32, 旅行者的礼物
30278589, 7.9, 34, 人是一根会思考的芦苇：帕斯卡的哲思语录
01913213, 7.3, 52, 创造超越的人生
01525908, 7.6, 41, 许地山作品精选
25908264, 9.1, 17, 李叔同致刘质平书信集（墨迹珍藏本）
02182109, 7.1, 58, 听南怀瑾讲《庄子》
01185751, 7.6, 37, 青年的四个大梦
01430891, 7.1, 54, 华山又贱华山（《华山论贱》2.0版）
04827580, 7.7, 34, 自在
26699370, 9.1, 16, 每天10分钟情商课
03165284, 7.6, 36, 英雄书
01083252, 8.4, 22, 手中的牌
01276591, 7.7, 32, 左右你一生的心态
34852110, 6.7, 70, 我要做人生的甲方
01067968, 7.7, 30, 问天命・命运的诅咒（第一部）
20537643, 8.5, 19, 财富的尽头
30258947, 8.6, 18, 管理就是玩转情商
01288950, 7.7, 29, 人生哲学
26151346, 6.3, 98, 水知道答案
30405064, 7.9, 25, 这辈子，只能这样吗
10801491, 8.9, 15, 易经教你闯社会
10529266, 8.6, 17, 顿悟
10430436, 7.5, 31, 萤窗小语
27071861, 8.2, 20, 曾国藩家风
01023955, 8.0, 22, 犹太名人读本
03340433, 7.0, 43, 柠檬味的cappuccino
03691442, 6.8, 50, 歪门正道
03225902, 8.2, 19, 悲剧人性与悲剧人生
04167067, 8.2, 19, 海鸥乔纳森·利文斯顿
06892011, 7.7, 25, 成功是人生最大的谎言
33388317, 5.6, 218, 中国人的生存规矩
11520295, 8.5, 16, 社交圈
10524784, 7.8, 23, 王蒙自述
05372476, 9.4, 11, 思维里的墙
05920929, 8.6, 15, 重归心灵家园
04851343, 7.5, 27, 思考力决定竞争力
26805279, 8.2, 18, 易经的人生智慧
01118136, 7.6, 25, 基本人际关系技巧
03062633, 7.6, 25, 身边禅
10826182, 6.0, 107, 我就是教你混社会
02179333, 7.5, 26, 离合悲欢总是缘
27079064, 6.7, 48, 利他的经营哲学
26303692, 7.0, 37, 没有虚度的人生
04584422, 8.5, 15, 智慧书
19979233, 8.5, 15, 王阳明教你驭心术
01394047, 8.6, 14, 世界人生哲学金库(豪华本)/五角丛书
20474318, 9.2, 11, 世界太浮躁
03518730, 7.3, 28, 余秋雨语录
04359816, 7.4, 26, 人生三论
05920931, 7.8, 20, 傅佩荣－完整人生1
26042403, 7.3, 27, 每天做好最重要的一件事
01056826, 7.4, 25, 潘晓讨论
01062625, 7.4, 25, 盗取你的美丽
10565667, 8.8, 12, 不迷失的智慧
03178744, 6.4, 55, 人类神秘现象破译(上下)
02297589, 9.0, 11, 生命的學問
25980910, 8.4, 14, 王阳明 心学课 修炼强大的自己
04304764, 7.3, 25, Life Is What You Make It
01056653, 7.9, 17, 尘世是唯一的天堂
06856246, 7.2, 25, 闲敲棋子落灯花
34891024, 6.8, 33, 如何识别人生陷阱
01419647, 7.6, 19, 光合作用
25817676, 7.8, 17, 创意的未来
01069671, 7.0, 28, 懒人非常成功
01041604, 7.1, 26, 道德的沦陷
26976437, 7.5, 20, 这一生都是你的机会
01172906, 8.0, 15, 猫头鹰一言值千金
04852714, 8.0, 15, 给大忙人看的心理学
19894833, 8.7, 11, 阴阳五行教子法
06117863, 7.6, 18, 撒下好命的种子
01065599, 7.2, 23, 穷人与富人的距离0.05厘米
03208221, 6.8, 30, 每天学点博弈学
34429158, 8.2, 13, 浮生难得是清欢
26107719, 8.8, 10, 为一件大事疯狂
01290101, 7.0, 25, 人一生要养成的50个习惯
06966300, 7.6, 17, 你生而富有
01400714, 6.8, 28, 智慧与人生
02310471, 7.2, 21, 杜亚泉著作两种
01051904, 7.0, 24, 钱与闲
03177962, 6.7, 30, 秘密3
01523348, 7.3, 18, 裸语
06024208, 5.2, 161, 中国饭局里的潜规则
26930764, 7.8, 13, 稻盛和夫的人生哲学
01072197, 7.1, 18, 与你在巅峰相会
05272334, 7.0, 18, 王蒙的道理-我的人生哲学
01884520, 6.9, 19, 方与圆全集
10825009, 6.5, 25, 富豪俱乐部前传
01807344, 5.5, 61, 改变一生的100个小习惯
06534680, 7.3, 12, 修好自己的这颗心
23231032, 7.3, 12, 活出自己的伟大
02303648, 6.4, 21, 这年头
01104580, 6.5, 18, 快乐生活的100个真相
03495886, 7.3, 11, 点灯智慧
04165796, 6.9, 13, 这样做女孩才好命
04881852, 5.5, 38, 老爸，别哭
01070413, 6.6, 14, 佛教入门
01278989, 7.0, 11, 人一生要解决的50个关键问题
02225745, 6.3, 16, 情调
34947544, 6.5, 13, 每个人都是一个宇宙：全新修订版
03844992, 5.9, 17, 战略人生规划
04302098, 4.9, 18, 世界上最神奇的24堂课
10739198, 3.6, 181, 包装出来的西方文明
01074853, 0.0, 10, 儒解菜根潭
26699390, 0.0, 10, 礼尚往来：中国礼仪法则
35075042, 0.0, 10, 人生滋味：冯骥才散文精选
01127224, 0.0, 11, 老狐狸格言
01008355, 0.0, 12, 问人性（上下）
02189983, 0.0, 12, 人的宣言
03807740, 0.0, 12, 成功法则全书
07060205, 0.0, 12, 卢作孚箴言录
10536403, 0.0, 12, 一生要做的1000件事
19979621, 0.0, 12, 了凡因语
20368552, 0.0, 12, 不生气的处世之道
01011681, 0.0, 13, 糊涂学
01143717, 0.0, 13, 理解贝茜
06834147, 0.0, 13, 如果明天就是世界末日
01211945, 0.0, 16, 戴安娜做女人的感悟
