2020-07-05 15:59:55

number of books, tag name
542, 人际关系

ID, rating, votes, title
33440205, 8.9, 60919, 你当像鸟飞往你的山
01786670, 8.9, 52345, 百年孤独
07163250, 9.2, 21828, 明朝那些事儿
03633461, 8.7, 37284, 一句顶一万句
03026879, 8.8, 28933, 爱的艺术
26369699, 8.6, 26242, 被讨厌的勇气
03533221, 8.4, 35529, 非暴力沟通
02340100, 8.0, 73634, 遇见未知的自己
10786473, 8.2, 45623, 自控力
05952488, 9.0, 12178, 亲密关系
01032501, 8.8, 16313, 心理学与生活
01015452, 8.3, 34933, 国境以南 太阳以西
02256039, 7.8, 92458, 杜拉拉升职记
03187737, 8.3, 29650, 占星术杀人魔法
26340138, 7.6, 120571, 岛上书店
01214416, 9.4, 5576, 福尔摩斯探案全集
03057556, 8.9, 10226, 狂热分子
01048007, 8.2, 26141, 高效能人士的七个习惯（精华版）
26585065, 9.4, 4308, 亲密关系
21570668, 9.3, 4313, 会饮篇
05287474, 8.7, 8596, 影响力
01025723, 8.3, 15891, 潜规则
03102324, 7.7, 44693, 秘密
10785583, 8.2, 13618, 思考，快与慢
24753751, 8.1, 14701, 向前一步
25822105, 8.3, 10264, 无缘社会
01761759, 9.0, 3460, 超越死亡
01079252, 8.2, 10490, 爱情笔记
30199434, 8.3, 7664, 原生家庭
27007549, 8.4, 6358, 中央帝国的财政密码
26275861, 8.5, 5082, 沟通的艺术（插图修订第14版）
01444900, 8.6, 4371, 爱的五种语言
01437973, 8.7, 3733, 亲密关系
02275635, 8.8, 3231, 如何说孩子才会听，怎么听孩子才肯说
26929955, 7.8, 14297, 腾讯传
06516050, 8.2, 7115, 搭车去柏林
06085181, 8.0, 9727, 二号首长
05317075, 7.1, 57684, 蔡康永的说话之道
02309689, 8.0, 9359, 圈子圈套1
04312810, 8.6, 3786, 裸猿
03043491, 7.7, 12858, 浮沉
03033729, 8.0, 7443, 后宫·甄嬛传V
27069925, 9.0, 1847, 不可思议的朋友
34460345, 8.1, 6170, 李银河说爱情
01193621, 8.5, 3390, 决策与判断
10586741, 8.3, 4375, 关键对话
02328178, 9.0, 1759, 态度改变与社会影响
20429677, 7.5, 16516, 大数据时代
04749115, 7.5, 16432, 蔡康永的說話之道
04882120, 8.1, 5218, 金字塔原理
02969572, 7.9, 6910, 后宫·甄嬛传Ⅳ
01183730, 8.5, 2808, 谈话的力量
26176538, 8.8, 1919, 被討厭的勇氣
25907227, 8.1, 4933, 为何家会伤人（升级版）
03187750, 7.7, 9444, 斜屋犯罪
25985683, 7.7, 9325, 人性的弱点
01071821, 8.1, 4722, 你不可不知的人性
26683297, 9.0, 1282, 进化心理学(第4版)
01218321, 9.1, 1127, 个人形成论
26363229, 7.7, 6970, 亲密关系：通往灵魂的桥梁
05913475, 8.2, 3160, 高难度谈话
01433050, 7.9, 4891, 圈子圈套
26728136, 8.4, 2323, 非暴力沟通
01039311, 8.4, 2266, 职场动物进化手册
06052834, 8.0, 3799, 亲密关系
27117578, 9.1, 939, 沟通的艺术（插图修订第15版）
03260902, 8.6, 1644, 智慧书
07001192, 8.1, 3002, 后宫·甄嬛传（套装共6册）
03622904, 7.2, 13723, 不抱怨的世界
01264104, 8.6, 1510, 夜航船
05321463, 8.2, 2460, 沟通的艺术
03224456, 7.7, 5085, 少有人走的路Ⅱ
26799348, 8.1, 2681, 演讲的力量
20475794, 8.0, 3075, 身体知道答案
01788302, 8.4, 1756, 重塑心灵
02070807, 8.5, 1478, 懂得爱
01912086, 8.3, 1841, 我不是教你诈
04312829, 8.2, 1954, 亲密行为
07057936, 8.4, 1482, 批判性思维
01048922, 8.2, 1893, 硬球
06966843, 7.8, 3198, 重遇未知的自己
03896758, 8.5, 1166, 参谋助手论
10345571, 7.9, 2552, 哲学的慰藉
05344908, 7.9, 2492, 别独自用餐
01038977, 8.6, 995, 谈判是什么
11601993, 8.1, 1802, 安静
26605978, 8.2, 1545, 超越智商
26331553, 8.5, 1067, 非暴力沟通
05356342, 7.6, 3568, 男人来自火星，女人来自金星
25763679, 8.7, 808, 不确定世界的理性选择
30235060, 8.2, 1428, 情感勒索
03223715, 8.5, 926, 菜根谭
10446295, 8.0, 1721, 权力
02266022, 8.8, 668, The Art of Loving
21359609, 8.3, 1139, 高效演讲
01979199, 8.3, 1128, 批判性思维
01220789, 8.0, 1619, 爱上双人舞
03063888, 8.5, 870, 我的广告生涯&amp;科学的广告
01626707, 9.1, 467, 心理学与生活
25933841, 7.1, 6647, 蔡康永的说话之道2
03223719, 8.1, 1357, 围炉夜话
06507262, 7.4, 3755, 如何让你爱的人爱上你
26663916, 8.0, 1518, 沟通圣经
01101447, 7.7, 2263, 不要用爱控制我
01417379, 8.4, 881, How To Win Friends And Influence People
04275052, 8.1, 1251, 九型人格
20386249, 8.0, 1370, 人性的弱点
03117143, 8.9, 484, 我们的内心冲突
06157548, 7.5, 2655, 房间里的大象
30358753, 8.1, 1131, 掌控谈话
03321968, 7.7, 1894, 说谎
05356341, 8.0, 1227, 男人来自火星，女人来自金星2
03004272, 8.2, 937, 天资差异
01019959, 7.8, 1481, 精力管理
26641761, 7.9, 1246, 横向领导力
02075109, 8.4, 677, 人性的弱点
03988256, 7.9, 1233, 说话的魅力
01769449, 8.4, 652, Never Eat Alone
03859920, 7.6, 1800, 厚黑学
02970296, 8.1, 887, 情绪的解析
30489331, 7.7, 1465, 能力陷阱
01217905, 8.4, 601, 人性的弱点全集
02975939, 7.4, 2170, 论扯淡
27049500, 8.1, 825, 秘书工作手记
27041530, 8.2, 728, 魔鬼聊天术
03267887, 7.5, 1819, 一个外企女白领的日记
03226037, 7.8, 1184, 世说心语
01044177, 7.5, 1798, 李嘉诚全传
03256124, 9.2, 264, The Bro Code
26288194, 9.0, 313, 权力与领导（第5版）
01006005, 8.4, 558, 过犹不及
26801314, 8.3, 618, 人性的弱点
04843911, 7.1, 3237, 魔鬼搭讪学
05372542, 8.2, 667, 情感勒索
07051113, 8.7, 391, 优势谈判
26319791, 8.7, 388, 自我
03221766, 8.9, 319, 當男孩遇見女孩
03248660, 8.3, 579, 语言的魔力
01829139, 7.1, 3031, “色”眼识人
03682751, 7.7, 1195, 谈判力
03822285, 8.6, 416, 自我导向行为
30155726, 6.5, 9729, 高兴死了！！！
05939058, 7.4, 1775, 别拿男人不当动物
06427971, 7.7, 1128, 学会爱，超越爱
26183848, 7.1, 2788, 完美关系的秘密
26768987, 8.9, 298, 查理九世26·雪山巨魔
10529731, 8.8, 313, 你的朋友
03354670, 8.3, 491, 卡内基沟通与人际关系
01077701, 8.5, 394, 拿破仑·希尔成功学全书（上下）
20261700, 8.1, 587, 好战略，坏战略
27038446, 7.6, 1088, 如何不喜欢一个人
01311874, 8.4, 417, 说服
30262779, 8.3, 462, 人性的弱点
26806961, 7.9, 726, 社交天性
30203275, 8.2, 513, 谈判
01061615, 7.5, 1212, 方与圆
02244869, 7.4, 1366, 瞬間贏得信任的冷讀術
25839107, 7.4, 1362, 魔鬼约会学
01082183, 8.0, 605, 把话说到心窝里
02252637, 7.9, 663, 诱惑的艺术
03043738, 7.9, 655, 圆通的人际关系
01047782, 8.8, 256, 哲学的故事
03010621, 8.6, 307, 如何说孩子才肯学
01396617, 8.1, 505, 像青蛙一样思考
01083068, 8.2, 450, 把话说到心窝里
10588814, 8.3, 400, 魏斯曼演讲圣经1
01955283, 7.7, 785, 厚黑学全集
05377234, 7.6, 884, 情商2
26301626, 7.5, 1007, 谢谢你
01466672, 8.4, 350, How to Stop Worrying and Start Living
01083156, 8.1, 473, 关键对话
26782094, 7.7, 737, 解决冲突的关键技巧
25911928, 7.0, 2048, 蔡康永的说话之道
10510102, 7.9, 570, 参谋助手论
06999545, 8.1, 453, 男人的伎俩 女人的道行
26751994, 8.3, 363, 曾国藩家书
03813981, 8.8, 225, 極端自我就是王
03094686, 7.6, 799, 銀座媽媽桑說話術
02051634, 8.6, 267, How to Win Friends and Influence People
34945489, 8.4, 322, 赞扬与责备
30761952, 8.6, 265, 非暴力沟通
05935767, 8.5, 288, 皮格马利翁效应
21372237, 8.3, 340, 极客与团队
26889370, 8.0, 464, 别独自用餐（十周年修订珍藏版）
03909967, 8.0, 454, 如何培养孩子的社会能力
02280967, 8.6, 248, 权力与影响力
20434432, 7.3, 1101, 趁年轻.折腾吧
25925226, 8.0, 448, 强势
07054138, 7.2, 1223, 洗脑术
01396778, 8.3, 316, 梁山政治
02239428, 7.5, 770, 职场和恋爱中的九型人格
01399258, 8.5, 247, 人情、面子与权力的再生产
25733593, 7.9, 443, 沃顿商学院最实用的谈判课（原书第2版）
25894861, 6.5, 3711, 跟任何人都聊得来
27099019, 7.8, 494, 职场尤里卡
27667622, 7.6, 628, 超越原生家庭（原书第4版）
27072584, 7.7, 550, 中国式的情与爱
24697576, 7.5, 677, 第3选择
27139971, 7.5, 672, 高难度对话：如何与挑剔的人愉快相处
04826484, 7.1, 1181, 色眼再识人
33422844, 8.1, 330, 人类网络
26848972, 7.5, 645, 这里是没有我们存在的地方
02310816, 7.8, 443, 我不是教你诈5
01228533, 7.5, 622, 人生的真相
26969935, 6.8, 1746, 故事思维
27070139, 8.5, 207, 第一印象心理学
30422106, 7.9, 369, 乌合之众
26878947, 6.9, 1384, 我不过低配的人生
01441533, 8.6, 183, 相爱的秘密
01445816, 8.2, 261, 不必火星撞地球
10740449, 8.0, 318, 关键冲突
02381209, 8.7, 163, 纵向社会的人际关系
25725855, 8.1, 280, 人情、面子与权力的再生产（修订版）
26657426, 8.4, 210, 高效能人士的7个习惯（人际关系篇）
05905894, 7.4, 625, 冷读术
25985811, 7.7, 426, 非暴力沟通实践篇
04742327, 8.1, 276, 罗织经
20485924, 8.3, 227, Give and Take
32312914, 7.6, 477, 如何结交比你更优秀的人
04912713, 6.9, 1263, FBI教你破解身体语言
07000947, 7.7, 418, 人际网络
27194818, 7.4, 604, 请停止无效社交
02329752, 7.7, 402, 方与圆全集
02327273, 8.4, 196, 我好-你好
27196897, 7.4, 566, 高情商聊天术
05398882, 9.2, 102, 爱灵魂自我教程
26852880, 8.0, 276, 遇谁都能聊得开
25853167, 9.2, 100, 公鸡的新邻居
01969064, 8.3, 203, 如何赢得朋友及影响他人
30236397, 8.3, 203, 好好说话第一步
10757905, 8.0, 271, 卡耐基沟通的艺术与处世智慧
05325861, 6.3, 3147, 气场
27005756, 7.8, 321, 选择理论
01791976, 7.7, 355, 礼仪金说
02973064, 7.1, 757, 仙蒂瑞拉的主妇生涯
03115238, 7.9, 279, 如何听如何说
03080493, 6.8, 1155, 21岁当总裁
26824855, 8.6, 143, 高难度谈话(全球畅销10周年纪念版)
04123047, 7.5, 423, 厚黑学
03094759, 8.5, 152, 合作的复杂性
26742571, 7.7, 322, 关系
20388034, 7.2, 587, 大连接
20616993, 6.3, 2607, 洗脑术
25720754, 8.3, 172, 办公室实用暴力美学
30399941, 8.8, 114, 边界意识
01423583, 8.3, 170, 爱就是彼此珍惜
05373043, 7.5, 363, 人情与面子
06969933, 8.4, 147, Attached
26849278, 6.4, 1839, 你的善良必须有点锋芒
04988498, 8.1, 184, 地头力
10799782, 7.8, 240, 魅力何来
26688605, 6.7, 973, 认同感：用故事包装事实的艺术
01429564, 8.3, 145, 心理咨询的技巧和策略
23160215, 8.0, 189, 第七感
26988173, 8.8, 96, 愤怒之舞：亲密关系中情绪表达的艺术
01481245, 8.2, 155, Crucial Conversations
06963869, 8.7, 102, 現實世界的誘惑術(繁體版)
26762238, 8.8, 90, 我和你：人际关系的解析
26611852, 8.4, 122, 害羞与社交焦虑症
06100950, 7.0, 539, 微反应
02367690, 6.8, 721, 看谁在说谎
01217156, 7.4, 319, 沟通的艺术:卡耐基人际交往的成功智慧
01791896, 8.2, 141, 人性管理
06711978, 7.8, 202, 不懂拒绝的老好人
01083141, 8.3, 126, 卡内基沟通与人际关系
03359251, 7.9, 179, 如何停止忧虑，开创人生
06530321, 6.7, 762, 每天懂一点行为心理学
26022186, 6.5, 1056, 跨界
20386245, 6.7, 738, 情商
25815257, 8.6, 94, 办公室实用资治通鉴
05246819, 8.0, 154, 伯恩斯情绪疗法
04933545, 7.1, 409, 黑苹果
01201627, 7.2, 358, 解读面孔
27203444, 7.0, 439, 他人的力量：如何寻求受益一生的人际关系
26430818, 7.4, 266, 合伙人
26825914, 8.1, 127, 情商
03125837, 7.8, 165, 把妹達人 2
02252638, 7.8, 164, 道歉的五种语言
01772153, 8.2, 113, Emotional Intelligence
20435845, 8.9, 67, 沟通分析的理论与实务
34854283, 8.6, 82, 共情沟通
01083142, 8.7, 76, 卡内基如何停止忧虑开创人生
03144835, 7.5, 212, 男人必學的魔術
01170013, 8.0, 128, 人际关系与沟通
01765027, 8.6, 79, Difficult Conversations
03123668, 9.0, 60, 人際溝通分析練習法
25881590, 7.9, 138, 拆出你的沟通力I
04856042, 8.7, 73, 为什么我总是被人误解
30181152, 8.3, 98, 情商（2版）
25815464, 8.8, 68, 办公室实用资治通鉴（2）
27167560, 7.8, 149, 大人的友情
30405018, 6.7, 548, 掌控关系
30317645, 8.3, 95, 关键沟通
03013502, 7.9, 132, 撬动幸福
10731681, 6.7, 531, 六度人脉
03057385, 8.7, 70, 青蛙变王子
25843223, 8.3, 93, 你不可不知的人性2
30348773, 8.3, 93, 依恋障碍
24758640, 9.4, 44, Intimate Relationships
03287264, 8.6, 72, Mistakes Were Made
26890609, 7.8, 136, 感召力
26429949, 7.8, 134, 原来，懂比爱更重要
02990340, 7.9, 122, 欧洲的另一种色彩
26259978, 7.9, 122, 人际的奥秘：曾仕强告诉你如何搞好人际关系
07154681, 6.8, 415, 攻心话术
01004538, 6.8, 412, 调情的艺术
10344023, 8.8, 59, 視覺溝通的法則
25934230, 9.1, 49, 九型人格的智慧
27085992, 9.0, 52, 高难度谈话Ⅱ
25837839, 7.4, 187, 人的七张面孔
25808713, 7.6, 151, 人间游戏
02009919, 7.6, 150, 社会网络分析法
06528103, 7.2, 225, 我只是遗憾不能陪你一起老
11542903, 7.7, 133, 他人即地狱?
02977696, 7.3, 196, 你的形象价值百万
02702253, 9.0, 49, 怎样写领导讲话稿
26762231, 7.5, 157, 给人好印象的秘诀
26964916, 8.6, 63, 每个人都有爱自己的能力
04190430, 7.8, 114, 职场白领不高兴
34880703, 6.8, 334, 红头发的N
25816580, 8.3, 74, 人与制度
03267583, 7.8, 111, 我和你
04737260, 7.4, 162, 卡耐基口才的艺术与人际关系
01870207, 8.7, 55, Nice Girls Don&#39;t Get the Corner Office
02172516, 6.4, 579, 5分钟和陌生人成为朋友
01757904, 7.7, 115, The Fine Art of Small Talk
27046049, 7.5, 137, 关键冲突：如何化人际关系危机为合作共赢（原书第2版）
04860865, 9.0, 44, 720°全景沟通
27062672, 8.1, 79, 抱怨的艺术
01853082, 7.3, 159, 中国式公关
06524002, 8.1, 77, 口渴之前先挖井
01696478, 7.2, 174, How to Talk to Anyone
06430918, 7.6, 115, 20几岁要懂得的手段和心计大全集
26331562, 7.8, 94, 用非暴力沟通化解冲突
04915696, 6.4, 472, 让你的爱非诚勿扰
01489474, 7.8, 92, 与鲨共泳
01498506, 7.3, 146, How to Talk to Anyone
01263637, 7.2, 157, 读人
10555899, 7.3, 141, 我在哈佛学到的人脉课
01037315, 7.2, 152, 口渴之前先挖井
01067090, 7.7, 93, 攻心为上
01645088, 9.1, 35, 自卫书
03682746, 7.0, 179, 沟通力
27622528, 7.3, 126, 怎样才叫会说话
03364650, 8.1, 63, Why We Make Mistakes
30427922, 6.6, 286, 掌控关系
01921810, 7.7, 84, 礼仪金说
27074753, 7.2, 133, 别独自用餐
05242168, 7.7, 81, 秒杀
26693423, 7.6, 88, 给予者
01676629, 7.4, 105, 让人生停止灰暗的艺术
26723536, 7.0, 157, 争辩力
06396243, 7.6, 85, 一个人的好时光
02228271, 7.9, 66, 职场小黑书
25784423, 8.0, 60, 卡内基沟通与人际关系（新版）
20261733, 7.0, 149, 饭局攻心术
03059484, 8.4, 45, Designing For The Social Web
04063223, 7.9, 64, Just Listen
02016485, 9.1, 30, 赢得朋友
04114338, 7.5, 89, 人脉力
26988131, 8.5, 42, 关系之舞：既亲密又独立的相处艺术
05405365, 7.1, 131, 把妹达人圣经
34692780, 6.3, 360, 搜索力
04899078, 7.2, 114, 瞬间赢得信任的冷读术
01320512, 8.0, 56, 人际沟通技巧
01706830, 8.7, 35, 界线对谈
10770925, 8.6, 37, 刘墉超强说话术
01260440, 7.3, 97, 有效沟通
03638957, 7.1, 115, 魅力的力量
25832927, 7.2, 102, 为什么戴着面具的人更受欢迎
30131815, 9.0, 28, 狼人杀(从入门到封神)
10617558, 7.7, 64, 刘墉超强说话术
01909385, 6.8, 149, 人间游戏
05040160, 7.1, 107, 从零开始做人脉
26852890, 6.6, 188, 吸引力是这样炼成的
25832065, 7.3, 87, 重新理解媒介
06532122, 6.9, 128, 零压力社交
05447190, 7.6, 63, 余世维
26896162, 7.2, 89, 谈判思考的技术
30262347, 7.6, 61, 高情商沟通
27186448, 7.2, 85, 心灵晴雨图
26311968, 7.7, 55, 这些年，我吃的都是不懂拒绝的亏
26842532, 6.8, 126, 永远幸福的科学
02188534, 7.6, 59, What Got You Here Won&#39;t Get You There
04269598, 7.8, 49, 左手挺经右手冰鉴
03797792, 8.1, 39, 智业
20278119, 7.3, 71, 驭上之道
10592037, 8.6, 28, Intimate Relationships
02989587, 6.9, 99, 上市公司
01781920, 7.5, 57, 利害冲突
35065103, 8.0, 38, 可复制的沟通力
02216021, 7.8, 42, 会演讲的人成功机会多两倍
06518127, 7.9, 39, 最美好的时光
34990864, 8.9, 22, 为何母爱会伤人
30396035, 7.2, 67, 冷静表达的艺术
03726663, 6.9, 85, 心理学的诡计2
01171370, 7.5, 49, 人性的弱点全集
03199058, 7.4, 53, 相信自己的命运
04083431, 6.7, 101, 20几岁要懂得的处世心理学
30407845, 7.4, 52, 卡耐基人际交往心理学
26281087, 8.1, 31, 人性
03374734, 8.4, 26, Tribal Leadership
01693521, 8.7, 22, Game Theory at Work
27094328, 8.6, 23, 交往的艺术：社交智商与沟通力训练
06001853, 8.5, 24, 人际传播教程
30193377, 6.5, 116, 路人甲
01103132, 7.3, 52, 改变人心的技巧
01964912, 7.6, 41, 世道人心
30155171, 6.7, 90, 如何建立好人缘
04274338, 8.3, 26, Never Eat Alone
01272639, 6.6, 99, 人脉存折
01083125, 7.2, 52, 个人品牌
30123470, 6.4, 115, 精简社交
01491278, 7.3, 46, 搞定所有人-如何与所有人和谐相处
03365735, 7.6, 36, 成功有效的团体沟通
10442794, 8.7, 19, 人际冲突
03022571, 8.3, 23, Your Best Life Now
06397273, 7.7, 33, 30天收获幸福
01157302, 8.2, 24, 处世的艺术全集
24704584, 6.9, 58, 没有处不好的上司
06981460, 7.6, 33, 职场形象设计手册
04200635, 7.5, 34, 情商与影响力
05372968, 7.5, 34, 做局
05908575, 5.6, 290, 气场的秘密
01799949, 6.9, 52, 圈子
04292150, 7.9, 25, 心理学与人际关系
27041168, 6.5, 77, 关系力
04916239, 6.6, 68, 内向者de优势
01266280, 7.4, 34, 小人研究
30396172, 7.4, 34, 论人的成长（第二版）
25803206, 7.7, 27, 你不可不知的人性
30381676, 6.0, 133, 极简关系
26933955, 8.2, 20, 结构洞
35025351, 6.9, 48, 内在疗愈
05386587, 7.6, 28, 精神病学的人际关系理论
04924851, 6.7, 57, 职场人脉经营术
01756122, 7.7, 25, 长袖善舞
02203598, 6.5, 63, 公关专家不告诉你的101则攻心策略
01925467, 8.1, 19, 卡耐基社交的艺术全集
06946667, 8.1, 19, 与刺猬共舞
04091801, 7.9, 21, 如何成为带头大哥
01118136, 7.6, 25, 基本人际关系技巧
01233257, 7.4, 28, 闲谈
04900465, 7.2, 31, 自信比金子还宝贵
27601738, 7.2, 30, 职场幸福课
06966454, 7.1, 32, 蒙混心理术
25752980, 7.9, 19, 爱的新发现
27178427, 8.1, 17, 我懂你 如何运用“第六感”提高洞察力
34262309, 8.1, 17, 情绪力
01104902, 7.4, 25, 一切从赞美开始
01782433, 7.4, 25, 別自個兒用餐
10521235, 7.6, 22, 不必拼狠劲 姐有洞察力
07044292, 8.1, 16, The Man Who Lied to His Laptop
03345198, 7.1, 28, 会说话的女人有人爱
33447358, 6.8, 35, 失误
01692714, 7.6, 20, 怎样增进你的人际关系
35087339, 8.4, 13, 爱自己是一生浪漫的开始
06396201, 6.2, 57, 相处心理学，拿来就用
04077954, 5.5, 146, 人脉圈
03902904, 6.7, 34, 人脉就是命脉
34467059, 7.6, 18, 执行力特质
02075538, 7.8, 16, Games People Play
03824059, 6.6, 36, 听刘墉讲为人处世
34949211, 7.9, 15, 弱关系的力量：让不熟悉的人帮你成事
10545334, 5.8, 83, 中国式饭局宴会全规则
26201983, 6.6, 35, 交际有道
01880538, 6.9, 27, 讲故事
04114339, 6.8, 29, 人脉即财脉
05347968, 6.2, 49, 九型人格读人术
03797239, 8.1, 13, 赢在谈判
26323528, 6.2, 48, 人气心理学
02029603, 7.0, 24, 世界上最受欢迎的人
30854732, 6.1, 53, 掌控关系
25906581, 7.3, 19, 毒舌的藝術
06816390, 7.0, 23, 幸福的情绪
03230997, 6.6, 31, 超強人脈術！
20413212, 8.6, 10, 人際歷程取向治療
26987005, 5.7, 80, 有意识的社交
04904045, 7.8, 14, 人际心理治疗理论与实务
01974563, 7.2, 19, 友谊责任论
04940855, 6.9, 23, 一本书学会人情世故
26958405, 6.0, 51, 说话心理学
27107558, 6.8, 24, 人脉
10512087, 6.6, 28, 谁能种出好吃的西红柿
01162899, 7.6, 14, 赢在人性
05419715, 6.6, 26, 攻心说话术
30304919, 6.5, 27, 人际交往心理学
10524484, 4.6, 509, 别让不好意思害了你
27019323, 6.3, 31, 不必把太多人请进生命里
10453329, 5.9, 45, 送礼的艺术
26052887, 6.9, 18, 冷读术
25798040, 6.2, 31, 做东
30185396, 6.7, 19, 懂幽默的人，从来不会输在说话上
04849959, 6.1, 31, 左手厚黑学右手博弈论大全集
01771362, 6.1, 30, How to Make People Like You in 90 Seconds or Less
04310798, 6.9, 16, 自我训练如何与人交往
10448589, 6.7, 18, 饭局的规则与潜规则
26318403, 6.1, 28, 为人三会：会做人 会说话 会办事
01692848, 6.9, 15, 网
04615139, 6.7, 17, 手相面相全知道
01188104, 7.4, 11, 人性的弱点全集续集
02183395, 7.0, 12, 曾国藩为官50年
10739650, 6.0, 24, 我真的要和他共度此生嗎
03064386, 6.6, 15, 错币
30147061, 6.0, 23, 如何与难以相处的人打交道
06853452, 5.4, 43, 中国式饭局人脉学
03865420, 6.4, 16, 国企老总
20562064, 5.3, 47, 人性的弱点
05976900, 6.0, 21, 7招拿下新客户
01310071, 5.0, 68, 人际关系心理学
33380338, 6.2, 16, 恋爱中你必须知道的100个秘密
06443651, 4.8, 83, 跟谁都能聊不停
07055485, 6.1, 16, 做最好的中层
01193762, 5.5, 27, 为人处世厚黑学
04200636, 6.6, 11, 掌控他人的力量
03096085, 5.8, 19, 末代英雄(01)
25748623, 6.3, 12, 你是我好朋友
27094608, 4.7, 62, 沟通心理学
25755538, 5.5, 17, 最靠谱的行为观察术:人际交往中的识人相处之道
26338829, 5.8, 11, 毕业头三年
05504203, 5.1, 20, 每天学点心计学全集
06087995, 5.0, 11, 身体语言密码
01066007, 0.0, 10, 职场人际24戒律
01734742, 0.0, 10, 说话办事细节训练
02984105, 0.0, 10, 职场关系
04733768, 0.0, 10, 搭讪宝典
07175177, 0.0, 10, 销售员口才训练全集
02891166, 0.0, 11, I&#39;m OK-- You&#39;re OK
04223243, 0.0, 11, 超级人脉术大全集
06790047, 0.0, 11, 每天懂一点人情世故
20432454, 0.0, 11, 雷明说.人生就是职来职往-Mr.JOB教你5分钟放下压力
26275047, 0.0, 11, 会说话你就赢了
04725278, 0.0, 12, 攻心术
06810724, 0.0, 12, 一切从赞美开始
06902851, 0.0, 13, 中国式商务谈判
10741987, 0.0, 13, 为什么冷场的总是你
21365371, 0.0, 13, 20几岁不学应酬，30几岁只能发愁
10560598, 0.0, 15, 一分钟打动人心
01808522, 0.0, 16, 管理沟通
01813798, 0.0, 16, 性格与人际关系
19957769, 0.0, 19, 赞美的艺术
07175194, 0.0, 57, 读不透劳动合同法决不能做HR
