2020-07-05 15:59:55

number of books, tag name
111, 今何在

ID, rating, votes, title
02567698, 8.8, 375301, 三体
10594787, 9.0, 184318, 霍乱时期的爱情
01082387, 9.3, 35131, 一九八四·动物农场
01064275, 8.4, 155620, 老人与海
01003000, 8.3, 112845, 悟空传
01321017, 8.8, 27834, 九州·缥缈录
01032501, 8.8, 16313, 心理学与生活
01084165, 9.0, 11422, 平凡的世界
01431779, 8.9, 12862, 九州·缥缈录Ⅱ·苍云古齿
01082518, 7.9, 59966, 麦田里的守望者
03268399, 8.4, 18451, 上海堡垒
06431994, 8.2, 23660, 悟空传
01485224, 8.5, 13109, 悟空传
02286313, 8.6, 9059, 九州·缥缈录Ⅳ·辰月之征
03155622, 8.1, 15821, 庆余年·壹
01321018, 8.2, 10579, 九州·羽传说
01059406, 7.0, 101836, 幻城
01205372, 8.1, 7985, 茶花女
20473089, 8.6, 3597, 有顶天家族
02981573, 8.8, 2677, 悟空传
10763905, 7.7, 8226, 西游日记
01975809, 7.7, 7885, 海上牧云记
01029475, 8.0, 4587, 若星汉天空
02040824, 8.1, 3388, 九州·铁浮图
01088472, 8.1, 2912, 首届全国新概念作文大赛获奖作品选（全二册）
03674734, 8.1, 2758, 涿鹿
01024854, 7.3, 9283, 成都，今夜请将我遗忘
03194217, 9.1, 594, 九州幻想.巨门
06120501, 7.4, 5365, 中国式青春
25895442, 6.6, 20115, 你的孤独，虽败犹荣
01310002, 8.7, 696, 2004年中国奇幻小说选
02011423, 7.3, 4517, 光明皇帝
04122992, 8.5, 795, 人生的三路向
03188511, 8.9, 501, 九州·旅人·崔罗石
25498796, 8.4, 785, 梦醒子
01818170, 7.8, 1627, 草样年华
02060432, 7.0, 5539, 红颜露水
03864624, 8.2, 858, 九州幻想·四年
26790759, 7.2, 2445, 悟空传
02212399, 8.1, 612, 九州幻想
04259629, 8.6, 339, 九州幻想·贲书铁券
27027116, 7.2, 1919, 悟空传
04814387, 8.1, 537, 2050年的母系氏族 Ⅰ
03418940, 8.3, 403, 九州幻想·立春（2009年1月刊）
01075208, 8.2, 429, 天下无双
05336223, 7.0, 2150, 地铁
04124689, 8.3, 365, 九州幻想·十一光年
02372578, 8.0, 497, 九州幻想·岁正盛典·跨年特辑
03523308, 8.1, 425, 九州幻想·惊蛰
03987364, 8.1, 409, 九州幻想·九张机
04198041, 8.3, 315, 九州幻想·十二城记
04088798, 8.1, 355, 九州幻想·十日锦
02256271, 7.9, 424, 九州幻想·九月风华
03037898, 7.8, 427, 九州幻想2
03278795, 7.8, 425, 九州幻想·七瓣莲
03263501, 7.8, 423, 九州幻想·六桥柳
04311443, 8.1, 298, 九州幻想·铁三角
03314964, 7.8, 400, 九州幻想·八月槎
03018316, 7.7, 439, 九州幻想
04832810, 8.1, 283, 九州幻想·悟空号
02287327, 7.7, 427, 九州幻想·十月流金
20562025, 6.8, 1450, 西游降魔篇
03151739, 7.7, 409, 九州幻想·五湖烟
05938362, 8.4, 191, 九州幻想·一意之行
03040913, 7.7, 380, 九州幻想·四时好
24868861, 7.5, 475, 倾听术
02084961, 7.7, 371, 九州·创造古卷
26929777, 6.8, 1254, 九州·海上牧云记
02328554, 7.7, 354, 九州幻想·十一月，枫火燎原
01040764, 7.1, 753, 谈谈心
01313101, 8.1, 230, 春去春又来
05387564, 8.0, 224, 九州幻想·风与花的秋天
19995776, 6.8, 987, 我和这个世界不熟
03838050, 8.7, 119, 懺情書：東邪西毒
04882154, 8.0, 218, 九州幻想·在希望的田野上
06426007, 8.3, 158, 九州幻想·朱庇特
06838714, 8.5, 132, 九州幻想·任平生
06722886, 6.8, 891, 设计准则
10464561, 8.7, 107, 九州幻想·铁甲依然
06126062, 8.1, 173, 九州幻想·荒原守望
10485838, 8.8, 96, 九州幻想·衣上征尘
04882043, 7.8, 207, 九州幻想·飞屋号
05355647, 7.8, 194, 0000年的母系氏族
04934370, 7.8, 184, 九州幻想·太阳照常升起
04737326, 7.6, 225, 九州幻想·鱼人节
06977528, 8.3, 106, 九州幻想·火之舞
01821283, 8.6, 83, 風華絕色複製畫集—綰青絲
06903040, 8.3, 104, 九州幻想 青之界
30414591, 7.1, 326, 未来
27132316, 7.7, 166, 西游日记
06526637, 7.9, 134, 九州幻想·美人醉
24538717, 7.3, 230, 毁灭之城：地球碎块
06539835, 7.6, 142, 山中少年今何在
25865762, 8.2, 66, 无人区
01057454, 7.5, 115, 悟空传(漫画)
10529977, 7.0, 193, 当天长遇上地久
01429259, 7.1, 146, 虎牙
26276931, 7.7, 66, 荒原蚁丘
01774933, 7.6, 65, 一针见血
19967467, 7.7, 51, 悟空傳
04157794, 9.3, 15, 九州幻想(2006年第12期) (平装)
02136139, 7.7, 28, 吸血鬼庄园
21354816, 7.2, 28, 西遊：降魔篇
20272097, 8.5, 12, 九州幻想.密罗
02988826, 7.0, 23, 少年闪耀(第2辑)
27062582, 7.2, 18, 九州‧海上牧雲記
03167107, 7.1, 19, 少年闪耀·初夏号（第4辑）
03060515, 7.1, 17, 少年闪耀3
27069318, 7.2, 13, 若星汉天空
27592849, 4.5, 87, 拥抱谎言拥抱你
04862409, 0.0, 16, 东坡集
