2020-07-05 15:59:55

number of books, tag name
479, 企业

ID, rating, votes, title
06798611, 8.7, 47505, 史蒂夫·乔布斯传
01970428, 8.8, 28882, 激荡三十年（上）
01028842, 9.1, 15425, 经济学原理（上下）
02380307, 8.8, 17228, 激荡三十年（下）
27608239, 8.4, 22260, 原则
01322025, 8.7, 13300, 卓有成效的管理者
03151575, 8.6, 10522, 激荡三十年
01072438, 8.3, 12583, 大败局
27179563, 8.3, 11479, 激荡十年，水大鱼大
27599025, 8.9, 4144, 激荡三十年
02348372, 8.3, 9761, 野蛮生长
02064450, 8.5, 6815, 大败局Ⅱ
02791877, 9.2, 2394, One Billion Customers
04010186, 8.6, 4773, 跌荡一百年（下）
01017180, 8.2, 8480, 定位
03313327, 8.6, 4476, 跌荡一百年（上）
01313124, 8.2, 7381, 赢
26929955, 7.8, 14297, 腾讯传
26297606, 7.5, 24547, 从0到1
10945606, 8.3, 4996, 精益创业
05921213, 8.4, 4249, MBA教不了的创富课
05421787, 8.0, 7781, 定位
26270679, 8.1, 6093, 零售的哲学
30264380, 8.3, 4399, 大江大河四部曲
27154094, 8.8, 2248, 海子的诗
30473907, 8.1, 5325, 坏血
01022936, 8.2, 4476, 基业长青
04243770, 8.5, 2815, 创新者的窘境
01045862, 8.4, 3179, 第五项修炼
01473250, 7.6, 9980, 魔鬼经济学
01059769, 8.0, 4900, 从优秀到卓越
30356081, 8.1, 4165, 奈飞文化手册
35009826, 8.8, 1623, 一生的旅程
05302113, 8.3, 2590, 三双鞋
03646976, 9.0, 1074, 菜根谭
01438147, 8.9, 1139, 让数字说话
30134652, 9.1, 874, 局外人
06508275, 8.7, 1329, 大败局Ⅱ
03816827, 8.2, 2387, 沸腾十五年
04953707, 8.1, 2469, 门口的野蛮人
34952676, 8.3, 1838, 苏世民：我的经验与教训
04216944, 8.8, 960, 卖轮子
04050758, 8.3, 1720, 基业长青
01951372, 8.9, 822, 创新与企业家精神
30357931, 8.1, 2079, 智能商业
01464442, 7.6, 3969, 道路与梦想
25908391, 8.1, 1822, 大败局1
33474750, 9.2, 507, 浪潮之巅（第四版）（上下册）
06404010, 7.8, 2573, 不懂项目管理，还敢拼职场
30259470, 8.7, 820, 最佳命中率
05341225, 8.2, 1474, MUJI 無印良品
02015368, 9.1, 544, 价值评估
01059490, 7.6, 3441, 麦肯锡方法
25908390, 8.5, 1012, 大败局2
06536593, 8.4, 1104, 领导梯队
26976593, 8.8, 705, 孵化皮克斯
26771893, 9.0, 530, 光变
03284230, 7.4, 3821, 我的成功可以复制
01780035, 8.6, 716, 如何改变世界
01435907, 8.5, 771, 我在通用汽车的岁月
07054652, 8.0, 1404, 创业36条军规
04075835, 8.2, 1077, 从优秀到卓越
06526032, 8.3, 900, 大败局Ⅰ
27025877, 8.0, 1257, 小米生态链战地笔记
01790456, 7.5, 2474, 专业主义
01843508, 9.1, 357, 管理：使命、责任、实务（实务篇）
25782608, 7.8, 1441, 大道当然
03616968, 7.8, 1419, 活法（贰）
01002474, 7.6, 1726, 只有偏执狂才能生存
30489331, 7.7, 1465, 能力陷阱
30212126, 8.1, 870, 阿迅
27665420, 8.8, 401, 美国的故事(共7册)
02249558, 8.3, 651, 光环效应
04217139, 7.5, 1804, 高盛帝国（上）
03825687, 9.0, 305, 企业、市场与法律
01230559, 8.7, 400, 企业应用架构模式
04178327, 8.3, 596, 谁说大象不能跳舞(珍藏版)
25766700, 7.4, 1927, 一网打尽
25749852, 8.2, 647, 野蛮生长
01082724, 8.3, 508, 22条商规
05362909, 7.4, 1535, 只有偏执狂才能生存
30278560, 7.7, 990, 创始人手记
26898190, 8.0, 665, 日本制造
04864364, 8.3, 445, 日本最了不起的公司
01474667, 7.9, 671, 搜
25905229, 8.6, 307, 竞争战略
27168701, 7.1, 1919, 爆款文案
01484542, 7.8, 674, 蓝海战略
01024449, 7.6, 845, 门口的野蛮人
30216705, 8.2, 407, 扫除道
01059824, 8.6, 260, 网络经济的十种策略
30309482, 9.8, 103, 官场现形记（全两册）
01053848, 8.8, 207, 看得见的手
01934021, 7.6, 710, 世界是平的
27614954, 8.3, 317, 寂静的春天
27668032, 8.3, 310, 有效管理的5大兵法
27155410, 8.6, 228, 企业生命周期
01022541, 7.7, 565, 追求卓越
24737841, 8.4, 253, 郎咸平说：让人头疼的热点
27203450, 8.8, 173, 一本书看透信贷
26183356, 7.3, 804, 以奋斗者为本
33407743, 7.9, 366, 增长五线：数字化时代的企业增长地图
30281784, 7.5, 575, 抢占心智
30359317, 9.2, 111, 敏捷转型：打造VUCA时代的高效能组织
33410121, 7.2, 816, 超级符号原理
27593743, 7.9, 334, 为生命而阅读
26760576, 8.4, 199, 清教徒的礼物
03032198, 7.5, 513, 饺子馆和高级餐厅，哪个更赚钱？
27004031, 6.9, 1163, 蚂蚁金服
25902032, 7.8, 329, 只有偏执狂才能生存
30229576, 7.6, 411, 时间的玫瑰
01047603, 7.8, 323, 东方马车
30210935, 8.6, 151, 遗愿清单
30359044, 8.6, 151, 三言二拍
01159542, 9.0, 108, 新企业的起源与演进
01679080, 8.5, 159, 关乎天下
07015176, 7.9, 273, 管理的常识
30363868, 8.7, 132, 我们内心的冲突
30414138, 7.6, 369, 孤独力
30324826, 7.8, 292, 心碎博物馆
01974883, 7.8, 289, 追求卓越
04244274, 7.8, 286, 这才是最牛团队
30164629, 8.9, 105, 价值型销售
30194888, 8.5, 141, 灰舞鞋
34791926, 7.5, 371, 闪电式扩张
01084649, 8.8, 108, 企业生命周期
26803284, 8.1, 188, 供应链管理：高成本、高库存、重资产的解决方案
27000756, 7.6, 312, 无印良品世界观
26728590, 6.3, 2191, 阮陈恩静
10809142, 7.9, 223, CEO说
30259299, 7.4, 383, 侣行3
03160742, 8.6, 117, 管理的真相
23155640, 8.3, 149, 中国重组
01424267, 7.3, 400, 阿里巴巴
04006768, 7.9, 202, 供应链管理
30344732, 8.0, 182, 职场突围
02038122, 9.1, 76, 企业的性质
01101360, 8.5, 117, 公司的概念
30248341, 7.7, 237, 单独中的洞见
01037303, 7.8, 213, 游向彼岸
06851214, 7.2, 420, 社会化营销
30344322, 8.6, 103, 爱情制作人
01852836, 7.8, 206, 谁说大象不能跳舞
04875705, 8.2, 137, 艰难的辉煌
03774367, 9.0, 72, 美學企業力
01921361, 6.8, 628, 谁认识马云
30229892, 9.2, 62, 朱光潜谈美三十六讲
02324116, 8.9, 75, 大败局Ⅱ
30189815, 8.1, 138, 自由生长
02124330, 7.9, 165, 公司进化论
30194157, 8.3, 116, 可口可乐帝国：一部资源掠夺史
30230309, 9.2, 61, 专业服务公司的管理（经典重译版）
04748017, 8.2, 125, 改善
26268296, 8.5, 97, 迪士尼的艺术（插图第5版）
30413264, 8.3, 113, 轻创业
27593604, 7.6, 209, 好战略，坏战略
27180612, 8.0, 140, 世界上的另一个你（完结篇）
10679155, 8.3, 108, 源创新
26888624, 7.6, 198, 走出焦虑风暴
01001036, 9.2, 56, 企业生命周期
04853349, 8.2, 113, 中国企业家黑皮书
03016642, 8.2, 111, 企业文化
01971209, 8.3, 101, 企业再造
06779184, 7.7, 172, 索尼的故事
05999508, 7.6, 189, 丰田模式
01484103, 8.6, 79, 规模与范围
30190175, 8.7, 73, 罗伯特议事规则实践指南
26293550, 9.2, 52, 无为而治
27154449, 7.3, 246, 品牌思维
30163846, 7.5, 196, 往复书简
30331442, 7.5, 186, 给好奇者的暗黑物理学
01312095, 7.7, 148, 隐形冠军
25912682, 8.7, 66, 创造奇迹
30649813, 9.8, 35, 采购与供应链管理（第3版）
26282839, 8.9, 57, 企业运营实战案例
27101826, 7.5, 176, 运营有道：重新定义互联网运营
01467043, 6.9, 353, 相信中国
27599358, 8.1, 98, 思维的精进：高效人生修炼手册
30214863, 8.5, 72, 关系突围
30177016, 8.2, 88, 名门
27070107, 8.0, 102, 恋爱过敏处方（全二册）
30245295, 7.0, 284, 唐砖1：初入大唐
11589941, 6.4, 671, 皮克斯
01098941, 8.0, 97, 利润模式
27096539, 8.8, 54, 南宋盐榷
30168661, 7.2, 208, 数据驱动：从方法到实践
25978801, 7.0, 259, 迷失的盛宴
30296632, 8.4, 69, 红星照耀中国（新译本）
04199336, 7.1, 228, 百度那些人和事
26977255, 8.4, 68, 逆势销售：UGG创始人自述
26838116, 8.0, 91, 家族财富保障及传承
02122386, 8.9, 48, 能力构筑竞争
34868006, 7.3, 174, 没有思想的世界
03178707, 7.8, 102, 波士堂
34658288, 8.0, 86, 漫画区块链
30219491, 8.7, 52, 理想主义者
25887120, 6.8, 297, 星巴克
30264958, 7.2, 182, 时光微微甜
33180063, 8.0, 85, 声音的魅力
27096597, 7.2, 180, 一切都与广告有关
01313496, 8.7, 51, 宏碁的世纪变革
03746259, 7.9, 88, 汽车和我
10758677, 9.4, 33, 中国企业如何定战略
01181016, 8.6, 52, 粤海重组实录
27124465, 8.7, 47, 黄花梨棋盘
30345794, 6.9, 226, 能力变现
05340425, 8.9, 41, 企业的性质
30229668, 6.4, 442, 故事课2：好故事可以收服人心
01470313, 7.8, 88, The 80/20 Principle
27596903, 8.4, 55, 管他努力有没有回报，拼过才是人生
27073634, 7.6, 102, 巴慕达
27130613, 6.7, 274, 反焦虑思维
26383791, 8.8, 42, 創意電力公司：我如何打造皮克斯動畫
30194799, 7.6, 101, 有你的二十四节气
01396394, 8.6, 47, 创业中的陷阱
30352202, 8.6, 46, 日本名宿之美
33432194, 8.6, 46, 少年歌行2
27106848, 8.3, 56, 春江花月夜之有狐
04714009, 6.5, 341, 谷歌小子
03423258, 8.4, 52, 21世纪的隐形冠军
27110253, 8.6, 45, 漏网之鱼
25717320, 7.2, 134, 豪门兴衰
30411226, 6.8, 203, 最后一个金融大鳄
01005291, 7.1, 143, 非常营销
04722182, 7.1, 140, 从不竞争
01273942, 7.5, 94, 惠普之道
30367721, 8.4, 47, 给青年的十二封信
34937489, 7.1, 136, 极简之道:日本平面设计美学
30262734, 7.3, 108, 你的品牌，价值千万
25799608, 7.9, 64, 复活的日本财阀
05440277, 6.7, 210, 一辈子的事业
27622454, 8.0, 58, 寻找手艺
27178802, 7.3, 103, Vue.js 实战
19966132, 6.7, 197, 自营销
25958419, 7.5, 84, 专利凶猛
27097798, 7.2, 110, 好好说话：跟阿德勒学沟通
30179937, 7.4, 90, 哈佛经典谈判课
21318789, 7.2, 104, 巧克力之战
25925072, 8.4, 40, 发现利润区
33479141, 7.2, 102, 世界贸易战简史
10354428, 7.9, 56, 鹰的重生
01052642, 6.9, 139, 紫牛
01913841, 7.0, 124, 砍掉成本
03107123, 8.1, 48, 上海1000天
01054302, 8.7, 33, 这样的干部辞职吧
06101207, 7.6, 70, 日本最了不起的公司 2
27148101, 7.9, 55, 大象的时间，老鼠的时间
30306133, 8.8, 31, 北大人生讲座
01011607, 9.3, 24, 所有权、控制与企业
04178324, 7.3, 89, 平安心语
01479257, 7.0, 120, 科幻
30265022, 6.8, 149, 不懂营销的律师不是好律师
03365413, 8.0, 50, 经验
34930790, 7.6, 67, 经营最重要的事
30223850, 7.4, 77, 供应链的三道防线：需求预测、库存计划、供应链执行
26945308, 7.4, 74, 任正非：商业的本质
03518164, 7.6, 62, 可口可乐帝国
04814831, 7.8, 52, 红色华润
03044864, 6.9, 116, 梦想金山
05923913, 8.7, 29, 创造贝因美
30245155, 8.0, 43, 脱身
27667171, 8.9, 25, 孵化未来
07060422, 6.7, 133, 信仰
26971294, 7.0, 94, 一路向前（珍藏版）
30218957, 8.2, 36, 李嘉诚大传（插图版）
05248336, 7.5, 59, 亚洲华人企业家传奇
27085772, 8.2, 35, 当场就签单（新版）
03115990, 8.5, 29, 豪赌三万英尺
03105914, 7.0, 89, 谁人不识宁高宁
27148269, 8.9, 23, 企业家之道
01342332, 7.4, 60, 執行力
30206677, 7.0, 86, 预见人力资源——新时代HR的进化方法论
33413460, 7.7, 47, 职场加速·时间管理：每天多出2小时
01011729, 8.7, 25, 办公室求生指南
30155727, 6.2, 218, 环太平洋2
34841860, 7.2, 68, 平台化管理
34995191, 7.4, 57, 写给管理者的睡前故事
04733561, 7.1, 74, 未来企业之路
01483756, 6.6, 122, 苹果传奇
24720279, 7.7, 44, 被诅咒的巨头
30182628, 7.5, 51, 王阳明心学
01275932, 8.3, 29, 再造宏碁
30371467, 7.6, 46, 适配
30344776, 7.7, 42, 水中的鱼也会口渴
34904845, 8.1, 32, 超级符号就是超级创意：席卷中国市场17年的华与华战略营销创意方法（第三版）
26275075, 6.6, 111, 从门外汉到BAT产品经理有多远
14321757, 7.0, 73, 放胆去闯
27086869, 7.6, 44, 诗经：最古老的情歌
30365483, 8.8, 21, 最是诗经惹情扉：典藏版
30368721, 9.1, 18, 彼得德鲁克全集·创新与企业家精神
26697823, 7.4, 49, 全日空工作法
27153155, 8.5, 24, 营销想象力(白金版)
30193377, 6.5, 116, 路人甲
01958243, 6.5, 115, 盛大传奇
03972722, 7.4, 48, 上市公司的48大财务迷局
26920134, 6.6, 101, 余生终有雪
27662767, 6.9, 73, 同理心
30210886, 7.2, 55, 亲密
27140798, 6.1, 187, 阿里巴巴人力资源管理
30194134, 7.6, 40, 黑白边境——晨光，暮色
30258510, 7.1, 59, 亲密关系心理学
01970156, 7.3, 49, 民富论
24758501, 6.8, 76, 世界上最伟大的女销售员
30216455, 8.6, 21, 先生归来
30190049, 6.9, 68, 如果有一件事是重要的
30188002, 5.8, 273, 为什么精英都是方法控
27005936, 5.5, 475, 任正非传
06801865, 7.7, 35, 谜者仰融
30278333, 6.7, 81, 后来，我们交换了青春
22793541, 6.9, 66, 体验的智慧I
25881174, 7.9, 30, 探索好奇
03578151, 6.9, 62, 共鸣
01280140, 7.2, 47, 虎与狐
30240807, 7.4, 40, 大匠师
24852528, 6.4, 103, 数字战争
26956638, 6.4, 103, 公众号思维
02318144, 7.3, 43, 微软360度
30316695, 7.8, 30, 未来已来
30426372, 6.3, 114, 获客
06532708, 7.9, 28, 江山争夺战
26670609, 8.2, 23, 《金矿3:精益领导者的软实力》
33455604, 8.2, 23, 大败局I（纪念版）
27136390, 6.9, 57, 华为研发 (第3版)
01189023, 7.6, 32, 明茨伯格论管理
06902608, 8.2, 22, 拿下沃尔沃
03259625, 7.0, 50, 再造招商局
27141672, 7.3, 39, 预见
26978813, 8.7, 17, 学习的革命
30319955, 6.9, 54, 创造你想要的世界
30347591, 6.5, 79, 变现
01802838, 6.7, 63, 汇丰金融帝国-140年的中国故事
26897512, 6.4, 85, 不懂合伙，必定散伙
30267335, 7.1, 43, 原罪
01021183, 8.6, 17, 企业理论与中国企业改革
05062967, 6.8, 55, 向宝洁学什么
02055499, 6.3, 92, 口才三绝
30222198, 6.6, 66, 区块风波
06557494, 7.0, 45, 给你一个公司，看你怎么管2
03146180, 6.4, 80, 李宁
30316378, 6.1, 114, 共生
27036431, 7.0, 44, 第一次把事情做对
04821076, 7.5, 30, 纽崔莱传奇（下）
34456572, 8.5, 17, 任天堂档案
07175172, 7.2, 36, 华为王朝
03133388, 7.6, 27, 预期投资
07066983, 7.7, 25, 企业上市成功之路
01278831, 6.4, 73, 联想局(一家领袖企业的中国智慧)
19986215, 6.9, 44, 成功自我管理的29个工具
34442746, 7.1, 37, 场景方法论
30246279, 6.3, 78, 你有多凶猛，世界就有多软弱
27593903, 6.9, 43, 她们说
30382398, 6.7, 51, 小程序大能量
26996623, 6.4, 69, 不懂整理术你怎么带团队
03254091, 7.4, 29, 图解蓝海战略
26830109, 8.0, 20, 资本运作：顶级商人2
04139678, 7.0, 38, 四项修炼
30210210, 7.5, 26, 撕裂
30194131, 5.9, 114, 心智力：商业奇迹的底层思维
01897381, 7.5, 25, 底特律的没落
01189038, 7.5, 24, 可口可乐不规则营销
26319281, 7.5, 24, 律师非讼业务的专题讲座
30445105, 6.4, 58, 缠中说禅极简缠论操盘术
34955415, 8.2, 16, 企业迷思：北大管理公开课
03081102, 7.2, 28, 财富博客
30483683, 6.2, 66, 聪明人的开会技巧
01960138, 7.5, 22, 经理人制造
06561590, 9.2, 10, Escape Velocity
27073506, 7.6, 20, 诗词会意：周汝昌评点中华好诗词
26348599, 6.7, 38, 管理就是搞定人
26412063, 8.0, 16, 带着正能量去工作
25832051, 8.4, 13, 用我们的产品让人生活更幸福
30323240, 6.7, 36, 云战略
04109917, 6.8, 33, 统治
25832047, 7.8, 17, 一秒十年
03546649, 7.5, 20, 并非越大越好
01320308, 6.9, 30, 解读花旗银行
30351007, 6.7, 35, 亚马逊跨境电商运营从入门到精通
01493124, 8.0, 15, 总裁论道
30384845, 6.5, 41, 活着就要气场全开
26373115, 5.2, 245, 工业4.0大革命
27036504, 7.0, 27, 房产地风口
02282805, 7.6, 18, 优雅地解决
03485456, 6.7, 31, 我所知道的国美真相
01029269, 6.7, 30, 肯德基攻略
26855867, 6.7, 30, 企业经营数据分析
27101656, 7.1, 22, 工业互联网  技术与实践
02380107, 5.5, 114, 华为教父任正非
01439074, 5.6, 95, 百度：如此专注！
05043482, 5.8, 72, 富士康真相
03354192, 6.3, 40, 本土雄心
30366488, 6.9, 24, 新零售机遇 任何生意都值得重做一遍
30378764, 8.1, 12, 知青
30206242, 7.4, 17, 做一个安静的人，缓慢地活
27594708, 5.9, 59, 30岁后我靠投资生活2
24535044, 6.2, 41, 网络营销决胜武器
30348519, 6.7, 26, 亲和力
26751593, 8.0, 12, Trump
30383207, 8.0, 12, 深度分销
27007492, 6.2, 39, 谋局者 2
01853110, 7.1, 19, 医药、科学与默克公司
01170948, 6.6, 27, 我不是时装设计师
30323062, 6.0, 47, 跟任何人都合得来
05419776, 5.9, 50, ZARA
01892945, 6.8, 22, 团队的力量
01481212, 7.8, 12, Good to Great and the Social Sectors
01490577, 7.6, 13, 重启微软
30432056, 6.7, 21, 边界
01263682, 6.9, 18, 体验宝马
20283578, 6.9, 18, 打造一家好公司
01051463, 7.8, 11, 失去联想
22741591, 6.6, 21, 体验的智慧Ⅱ
05337239, 6.9, 17, 富士康内幕
06861154, 7.3, 13, 领先的背后
26022221, 6.9, 16, The End of Copycat China
26021867, 6.8, 17, 沃顿商学院创新课
01879378, 7.1, 14, 财务报表分析
02976200, 7.2, 13, 联想为什么
27605330, 5.3, 72, 似曾识我
01441141, 6.9, 15, Google的赢利法则
25817718, 6.3, 23, 华夏基石方法:企业文化落地本土实践
27178411, 6.2, 23, 女生宿舍日常
26915515, 6.3, 21, 数据架构
02307127, 7.0, 13, 丰田可视化管理方式
01451009, 7.3, 11, ERP制胜
30167716, 5.7, 35, 你的品牌需要一个讲故事的人
01964865, 6.6, 16, 百年基业
26268806, 6.2, 21, 我在华为16年
04115307, 5.9, 27, 聊出来的企鹅帝国
05345127, 6.0, 23, 娱乐教父王中军
03260072, 6.6, 14, 温柔的力量
06878904, 6.3, 17, 中国首富报告
03522027, 6.0, 21, 美的传奇
30367816, 7.0, 10, 商业模式设计时代
03106620, 6.4, 13, 家族战争
10738913, 6.3, 13, 盛世微言微博营销专案
27969267, 6.5, 11, 穷人的理财经
01024311, 6.5, 10, 系统战必胜
26284584, 5.7, 16, 顺丰模式你学得会
20414894, 5.3, 22, 顶尖设计
26865781, 5.3, 19, 有料：话就应该这样说
03576071, 5.1, 19, 沃尔玛不败之谜
26603451, 5.2, 17, 兴衰30年
25723394, 5.0, 14, IBM
25745882, 4.6, 20, 战略思维
10781332, 5.1, 11, 基业常青
27017572, 0.0, 10, 中小企业股权激励实操
30159588, 0.0, 10, 领导力思维
01064089, 0.0, 11, 戴尔帝国
30185241, 0.0, 11, 亲爱的爱丽丝
30370355, 0.0, 11, 胡桃夹子和四个王国（迪士尼经典官方小说）
30372196, 0.0, 11, 资本短歌行
21993118, 0.0, 12, 工作要干好，关键在落实
26888785, 0.0, 12, 阿米巴经营：中国实施指南
30395939, 0.0, 12, 给未来一种期待
30480145, 0.0, 12, 从菜鸟到专家：人力资源管理实战笔记
35079917, 0.0, 12, 华与华方法
01157119, 0.0, 13, 麦当劳的18堂课
04606470, 0.0, 13, 为追逐风险而生
26827329, 0.0, 13, 卖创意
03160242, 0.0, 14, 早泄治疗捌法
26720202, 0.0, 14, 管理者的自我修养
33419563, 0.0, 14, 形象市值
23858849, 0.0, 15, 拍卖道
01758419, 0.0, 16, 梅迪奇效应
27074072, 0.0, 16, 引爆独角兽
01286789, 0.0, 17, 公路桥涵施工技术规范
26728555, 0.0, 17, 沟通得道
27105544, 0.0, 17, 美业追梦人
27124320, 0.0, 18, 别让不会拒绝害了你
01249595, 0.0, 19, 外教社·朗文小学英语分级阅读1
26742163, 0.0, 19, 聖ブリュンヒルデ学園少女騎士団と純白のパンティ ~甲冑お嬢様の絶頂おもらし~
30292847, 0.0, 22, 不将就：HR成长蜕变记
26911449, 0.0, 23, 搞定不确定
30236947, 0.0, 26, 读懂上市公司信息
06854839, 0.0, 27, 图表图示
27590816, 0.0, 28, 跟毛泽东学创业
04839867, 0.0, 30, 非常课课通 5年级语文上
30316682, 0.0, 34, 管理密码：源起市场，赢在职场
27052093, 0.0, 38, 不要让梦想毁在别人的嘴里
