2020-07-05 15:59:55

number of books, tag name
367, 企业史

ID, rating, votes, title
06798611, 8.7, 47505, 史蒂夫·乔布斯传
03626924, 8.9, 30843, 明朝那些事儿（柒）
01970428, 8.8, 28882, 激荡三十年（上）
02380307, 8.8, 17228, 激荡三十年（下）
02256039, 7.8, 92458, 杜拉拉升职记
05375620, 8.7, 15221, 失控
01077528, 8.8, 12561, 通往奴役之路
01322025, 8.7, 13300, 卓有成效的管理者
06313461, 9.1, 6772, 月亮和六便士
01072295, 9.4, 3722, 資治通鑑（全二十冊）
04010196, 8.1, 25031, 世界因你不同
03151575, 8.6, 10522, 激荡三十年
05243775, 8.9, 5442, 聪明的投资者
03432304, 8.9, 5314, 大江东去（共三部）
01072438, 8.3, 12583, 大败局
01220853, 8.3, 12200, 伟大的博弈
02317974, 8.5, 8822, 德川家康（第一部）
27179563, 8.3, 11479, 激荡十年，水大鱼大
01958714, 8.7, 6266, 彼得·林奇的成功投资
24738302, 9.2, 3133, 浪潮之巅（第2版）（套装上下册）
27599025, 8.9, 4144, 激荡三十年
02064450, 8.5, 6815, 大败局Ⅱ
25918895, 8.9, 3705, 大江东去
02791877, 9.2, 2394, One Billion Customers
04010186, 8.6, 4773, 跌荡一百年（下）
05320866, 8.3, 7135, 重来
02015357, 9.1, 2415, 王小波全集（第六卷）
03313327, 8.6, 4476, 跌荡一百年（上）
06512188, 8.9, 2947, Steve Jobs
01313124, 8.2, 7381, 赢
26929955, 7.8, 14297, 腾讯传
26860776, 8.4, 5224, 鞋狗
02081876, 7.2, 43595, 货币战争
26582822, 8.2, 6547, 重新定义公司
06403593, 8.6, 3630, 时寒冰说
25968115, 8.9, 2347, 激荡三十年：中国企业1978~2008. 上
05921213, 8.4, 4249, MBA教不了的创富课
26270679, 8.1, 6093, 零售的哲学
01022936, 8.2, 4476, 基业长青
06980818, 8.6, 2540, 浩荡两千年
04012143, 8.6, 2495, 伟大的博弈
02257609, 7.9, 6822, 圈子圈套3
03889178, 8.7, 1988, Rework
25969067, 8.9, 1529, 激荡三十年：中国企业1978~2008. 下
01059769, 8.0, 4900, 从优秀到卓越
01433050, 7.9, 4891, 圈子圈套
05313010, 7.9, 4875, Facebook效应
24541955, 8.0, 4116, 史玉柱自述
25942507, 7.5, 9419, 参与感
05302113, 8.3, 2590, 三双鞋
05379353, 8.5, 1874, 《大败局》十周年套装纪念版
26665230, 8.4, 2082, 硅谷之谜
10605328, 8.4, 2075, 红顶商人胡雪岩
04722180, 7.7, 5786, 谁动了我的奶酪?-纪念版
01884249, 8.0, 3596, 当我们旅行
01499783, 8.3, 2254, 将心注入
06508275, 8.7, 1329, 大败局Ⅱ
03816827, 8.2, 2387, 沸腾十五年
24739213, 9.1, 790, 浪潮之巅（上册）
01159949, 7.8, 3993, 杰克·韦尔奇自传
04953707, 8.1, 2469, 门口的野蛮人
26411602, 8.2, 2038, 富甲美国
04050758, 8.3, 1720, 基业长青
01318427, 7.7, 3910, 蓝海战略
27173866, 8.1, 2045, 颠覆者
06052860, 7.2, 8100, 海底捞你学不会
26324497, 8.0, 2098, 支付战争
25908391, 8.1, 1822, 大败局1
01077497, 7.2, 7525, 水煮三国
04137182, 8.2, 1537, 荣辱二十年
01082196, 8.8, 734, 林村的故事
25908390, 8.5, 1012, 大败局2
05029372, 7.9, 1991, 一个证券分析师的醒悟
19977078, 8.5, 909, 股权战争
02375990, 8.9, 590, 经济学思想史讲义
01958741, 7.7, 2568, 追逐日光
26771893, 9.0, 530, 光变
03284230, 7.4, 3821, 我的成功可以复制
01011509, 7.8, 2009, 谁说大象不能跳舞？
25975454, 7.8, 1980, 九败一胜
26220259, 8.3, 1012, 褚时健
01435907, 8.5, 771, 我在通用汽车的岁月
06526032, 8.3, 900, 大败局Ⅰ
04237182, 8.2, 924, 世界因你不同
20471120, 7.5, 2232, 打造Facebook
01002474, 7.6, 1726, 只有偏执狂才能生存
06078123, 7.6, 1650, 一路向前
04217139, 7.5, 1804, 高盛帝国（上）
06967535, 7.6, 1511, 资本之王
24335672, 7.3, 2316, 淘宝技术这十年
25766700, 7.4, 1927, 一网打尽
25858897, 8.5, 464, 《跌荡一百年》（上、下）（全二册）
04860552, 7.1, 2790, 活着就为改变世界
01166000, 8.8, 300, 摩根财团
26400900, 7.1, 2297, 创京东
30175590, 8.5, 376, 激荡四十年
05408875, 7.3, 1587, 一胜九败
04187421, 7.6, 1008, 给你一个亿
02364723, 8.3, 408, 洞人心弦
03699395, 7.8, 710, 观止
03793884, 7.6, 893, 轻公司
03598279, 9.2, 176, 价格理论及其应用
01754748, 7.7, 745, 笑着离开惠普
10603541, 8.5, 297, 洛克菲勒留给儿子的38封信
01053848, 8.8, 207, 看得见的手
07054138, 7.2, 1223, 洗脑术
26362040, 7.3, 1050, 解密无印良品
26953172, 8.4, 286, 如此不同如此成功
04923147, 8.0, 425, 史上最伟大的交易
04214837, 8.2, 333, 苹果往事
02279756, 7.9, 442, 阅世心语
01963022, 7.3, 918, 缔造苹果神话
02044286, 8.0, 365, 中国的新革命
02265341, 7.1, 1127, 维基经济学
02130054, 8.0, 352, 我是沃兹
06860558, 7.1, 1095, 一只iPhone的全球之旅
04217138, 7.5, 622, 高盛帝国（下）
03167333, 7.9, 380, 曾经德隆
01083895, 8.2, 277, 管理百年
11620291, 8.1, 297, 红顶商人胡雪岩3
03784712, 7.9, 360, 网络江湖三十六计
01074794, 8.4, 210, 略胜一筹
02363744, 6.4, 2969, 在星巴克要买大杯咖啡！
03738701, 8.3, 215, 经营沉思录
02381069, 7.5, 507, 第一团队
27004031, 6.9, 1163, 蚂蚁金服
30347705, 8.0, 268, 阿里局
30147790, 8.6, 152, 跌荡一百年
01435718, 8.4, 169, 亨利·福特自传
01162443, 7.9, 270, 谁说大象不能跳舞
25975485, 7.0, 803, 穿布鞋的马云
04139280, 7.0, 760, 乔布斯的秘密日记
26599526, 7.0, 720, 阿里传
01027528, 8.2, 176, Borland传奇
20283567, 6.7, 1112, 下一个倒下的会不会是华为
11620321, 7.3, 453, 王石说
04820899, 6.6, 1260, Facebook
02131777, 7.7, 275, 财富的帝国
01963136, 7.6, 306, 做书店
25756203, 8.1, 178, 底特律往事
03694923, 7.9, 215, 巷口商学院
02310651, 7.7, 260, 你拿什么吸引我
01424267, 7.3, 400, 阿里巴巴
01484456, 8.0, 186, 迪斯尼战争
27074369, 7.1, 480, 可口可乐传
06065424, 7.0, 537, 日本商业四百年
06785918, 7.7, 227, 任天堂快乐创意方程式
25891112, 9.1, 70, 我在通用汽车的岁月：斯隆自传
06511603, 7.4, 297, 十亿美金的教训
01960075, 7.8, 187, 为什么
02324116, 8.9, 75, 大败局Ⅱ
20492199, 6.7, 683, 一键下单
01068738, 8.3, 111, 沃森传
04737100, 8.3, 108, 摩根全传（上）
04708522, 7.0, 409, 私募江湖
04853349, 8.2, 113, 中国企业家黑皮书
01029781, 7.6, 194, 硅谷商战
26927531, 7.1, 339, 从互联到新工业革命
01484103, 8.6, 79, 规模与范围
30434869, 6.9, 422, HBO的内容战略
10484150, 8.6, 77, 静思录
04062233, 7.3, 245, 华为研发
01032803, 8.8, 63, 现代资本主义
19912117, 7.8, 135, 索尼秘史
02268506, 7.8, 134, 20世纪的欧洲
02145953, 7.3, 217, 沃尔玛效应
01467043, 6.9, 353, 相信中国
02028086, 7.1, 264, 淘宝网
04114162, 8.8, 58, 希望永行
02128914, 8.3, 82, 塞氏企业传奇
27146696, 7.6, 150, 价值为纲
03506599, 7.3, 202, 创业者
02253359, 7.5, 162, 商人的咒
03683788, 7.2, 224, 马云管理日志
11589941, 6.4, 671, 皮克斯
06954441, 6.2, 855, 日本的逻辑
04199336, 7.1, 228, 百度那些人和事
10825215, 7.4, 157, 苹果
05423029, 7.8, 104, 藏锋
06976273, 7.6, 122, 庄家之死
01313496, 8.7, 51, 宏碁的世纪变革
05283559, 8.0, 84, 工业革命
01507419, 9.1, 40, Getting Real
03734828, 8.0, 82, eBay中国实践之启示
03746259, 7.9, 88, 汽车和我
05400552, 7.4, 134, 重返小王国
04184775, 6.6, 340, 企鹅凶猛
05377414, 7.2, 157, 榨干百度谷歌
20282603, 7.1, 174, 王石说
26892520, 6.9, 214, Google
02003889, 9.3, 32, The Billion Dollar Molecule
03871473, 8.0, 70, The Accidental Billionaires
03172862, 8.6, 46, 日本造：盛田昭夫和索尼公司
03905259, 6.6, 297, 马化腾的腾讯帝国
03186191, 7.9, 72, 沉浮
01370275, 8.3, 53, 父与子
01130184, 8.1, 61, 中国的大企业
06800945, 6.4, 352, 星巴克
01223838, 6.9, 176, 新浪之道
04722182, 7.1, 140, 从不竞争
04785998, 8.5, 44, 旱码头
01751109, 8.3, 49, 迪士尼传奇
04247914, 8.7, 38, The House of Morgan
03685443, 6.4, 318, 李彦宏的百度世界
05440277, 6.7, 210, 一辈子的事业
25663161, 8.3, 48, 第一大亨
05259531, 6.7, 206, 被谷歌
04075834, 7.9, 62, 追求卓越
05349018, 7.1, 127, 苹果风暴
26909782, 6.3, 351, 漫威宇宙
04749285, 9.3, 26, 中国近代棉纺织业史研究
03186192, 8.1, 52, 联想风云
01671356, 8.3, 44, 奥林匹克大逆转
01319746, 7.7, 67, 华尔街投资银行史
10354428, 7.9, 56, 鹰的重生
03908071, 5.4, 1721, 豆瓣，流行的秘密
04178324, 7.3, 89, 平安心语
28553164, 7.6, 68, 诺基亚总裁自述
03027214, 8.0, 50, 新鲜
05903447, 8.0, 50, The Facebook Effect
01844920, 6.6, 188, 分众的蓝海
01322012, 7.5, 73, 挡不住的趋势
02120365, 7.0, 116, CK帝国
26876047, 8.1, 44, 民国商人
03086206, 8.2, 41, 家得宝传奇
03279390, 6.2, 301, 企鹅传奇
03518164, 7.6, 62, 可口可乐帝国
06965594, 7.5, 66, IBM:蓝色基因 百年智慧
04814831, 7.8, 52, 红色华润
05923913, 8.7, 29, 创造贝因美
14336944, 8.4, 34, 卓越服务，非凡利润
05341112, 6.1, 318, 一胜九败
05248336, 7.5, 59, 亚洲华人企业家传奇
01396503, 6.5, 162, Google成功的七堂课
03105914, 7.0, 89, 谁人不识宁高宁
25770168, 7.8, 44, 重新发现上海 1843-1949
03342441, 8.0, 38, 福特传
06533251, 6.4, 166, X光下看腾讯
03135022, 7.6, 49, 背水一战
02177101, 7.3, 62, 安迪·格鲁夫传
02071096, 7.1, 73, 华为四张脸
01483756, 6.6, 122, 苹果传奇
10482130, 6.3, 177, 任天堂传奇
05350176, 7.6, 46, 微笑力
01001016, 7.9, 37, 索尼源流
01325822, 7.7, 42, 希望永行
04022717, 8.2, 30, 女人就是要发光
25772454, 7.0, 71, 华为没有秘密
03025685, 8.6, 23, 国商
10427932, 6.0, 233, 柳井正与优衣库
03016181, 7.2, 57, 春天的故事（上）
03186194, 7.8, 36, 中国的新革命－1980－2006年，从中关村到中国社会
02228075, 7.4, 48, 创造性破坏
04875625, 8.3, 26, 丰田领导者
03651117, 7.8, 35, 春天的故事：深圳创业史1979-2009（下）
05411116, 6.8, 80, 商业的奥秘
02250234, 6.9, 72, 巨人不死密码
03616302, 8.2, 27, 追寻商业中国
26698852, 7.3, 50, 从+互联网到互联网+：苏宁为什么赢
01656570, 7.7, 37, 大公司与关系网
26616537, 6.8, 78, 这就是宜家
01030231, 7.0, 64, 上帝、国家、可口可乐
22793541, 6.9, 66, 体验的智慧I
02157165, 7.1, 55, 汽车“疯子”李书福
01464288, 7.5, 39, 网事十年
26309440, 6.9, 63, 狮子银行
02194076, 7.5, 38, 颠覆者
02318144, 7.3, 43, 微软360度
06913366, 7.3, 43, 公司的力量（中国篇）
01961132, 7.7, 32, 四国演义
10605499, 7.1, 48, 律师帝国
06837430, 7.9, 27, 中国互联网风云16年
04742693, 6.9, 57, 风投大败局
05983636, 6.7, 69, 我奋斗在最残酷的战场上
20492087, 8.3, 21, 改革方法论
02110279, 8.6, 18, 管理的历史与现状
03259625, 7.0, 50, 再造招商局
07050904, 7.9, 25, 500万人的大迁徙
06960575, 6.8, 54, TABLES
03146180, 6.4, 80, 李宁
01022103, 7.1, 41, 烧.com
01073226, 8.2, 20, 科特论松下领导艺术
03741401, 7.0, 44, 海盗商道
04169491, 6.8, 52, 我就是喜欢创业
03099548, 7.3, 34, 宗庆后与娃哈哈
24851530, 7.3, 34, 尚品宅配凭什么？
30407533, 6.3, 86, 任正非：除了胜利，我们已无路可走
02060342, 6.1, 109, Google品牌战略
02070053, 6.7, 54, 铁三角
10354311, 6.3, 81, 柳井正全传
04021671, 7.6, 26, 完美的竞赛
01996649, 7.2, 34, 苹果电脑案例
11445688, 7.6, 25, 华尔街23号
02150402, 6.6, 54, 没有不可能
06851008, 7.3, 29, IBM百年评传
04790641, 7.5, 25, 中国反围堵
04210583, 6.9, 36, 洋务运动史
10548127, 8.1, 16, 绝对民牌
01017580, 7.3, 25, 万科的观点（管理篇・行业篇）（全书两册）
27095699, 7.0, 30, 季克良(我与茅台五十年)
02256323, 6.3, 55, 世界是新的-新兴市场崛起与争锋的世纪
25832051, 8.4, 13, 用我们的产品让人生活更幸福
04109917, 6.8, 33, 统治
25832047, 7.8, 17, 一秒十年
01320308, 6.9, 30, 解读花旗银行
27591176, 5.8, 92, 华为传
02005523, 6.2, 56, 丰田传
02005548, 7.5, 18, 跨国风云
02017842, 7.7, 16, 帝国商行
05415901, 6.1, 52, 兰德公司与美国的崛起
05980898, 6.9, 25, 最后的胜者
01439074, 5.6, 95, 百度：如此专注！
05976879, 6.5, 34, 风云纪
01666836, 5.9, 63, 宜家家居攻略
03354192, 6.3, 40, 本土雄心
06064955, 6.5, 32, 必和必拓
05349017, 7.2, 19, 微软内幕
02271945, 7.4, 16, 清末现代企业与官商关系
26873351, 7.1, 19, 希尔顿王朝
06720541, 6.0, 47, 解密华为
01015277, 6.5, 29, 跨越
01138801, 7.2, 17, 百年老店西尔斯
03900513, 6.9, 20, 马云教典
01925146, 6.4, 29, 苏宁成长的真谛
01072143, 6.7, 21, 安然之死
10416375, 6.0, 37, 无设计不奢侈
01288611, 6.1, 33, 解读顺驰
22741591, 6.6, 21, 体验的智慧Ⅱ
06861154, 7.3, 13, 领先的背后
01081735, 7.6, 11, 联想喘息
34998454, 6.9, 15, 谷歌的故事
02271242, 6.4, 21, 任正非谈国际化经营
30390266, 6.5, 19, 小米传
04860536, 6.7, 16, 阳光基业
03225656, 6.3, 21, 德意志银行
25712758, 6.5, 18, 听任志强怎么说
24722698, 7.0, 13, 乐天传奇&#34;三无经营&#34;创造商业神话
01691852, 6.0, 27, 黄光裕传奇
02359925, 6.7, 15, 苦心经营
06808522, 5.9, 25, 寡头战争
04132983, 6.6, 14, 巨人团队
01000910, 6.3, 17, 海信史
02230173, 6.5, 12, 绩效之鹿
02099319, 6.1, 14, 国美与苏宁
06105126, 5.8, 15, 民生十五章
02970294, 6.0, 11, 丰田方式
30354340, 6.0, 11, 极简企业史
26603451, 5.2, 17, 兴衰30年
03772876, 5.2, 16, 华润70年
06851846, 4.4, 22, 至·思·行
01157390, 0.0, 10, 制药世家默克
03930796, 0.0, 10, 教训
04074831, 0.0, 10, 金融城的灰姑娘
05264820, 0.0, 10, 盛大为什么
05348941, 0.0, 10, 马云
10747467, 0.0, 10, 百年雀巢
20495142, 0.0, 10, 商界理想国
01489565, 0.0, 11, 格兰仕商道
02037575, 0.0, 11, 蒙牛管理模式全集
03613762, 0.0, 11, 德意志银行之星
06433161, 0.0, 11, 坚守的价值
02173303, 0.0, 13, 科技頑童沃茲尼克
02209753, 0.0, 13, 双剑合璧
02253366, 0.0, 13, 解读中关村一号IT卖场的秘密
04027622, 0.0, 14, 国民政府战时统制经济与贸易研究
19977969, 0.0, 14, 财富之上
23858849, 0.0, 15, 拍卖道
