2020-07-05 15:59:55

number of books, tag name
417, 传奇

ID, rating, votes, title
01770782, 8.9, 647920, 追风筝的人
06082808, 9.2, 294569, 百年孤独
01068920, 9.3, 158305, 飘
01082154, 9.1, 190795, 活着
01041007, 9.1, 170784, 哈利·波特与魔法石
01858513, 9.0, 135103, 月亮和六便士
01255625, 9.1, 102634, 天龙八部
01829226, 9.1, 85327, 肖申克的救赎
06710437, 9.3, 50258, 撒哈拉的故事
01255624, 8.9, 80225, 神雕侠侣
01085799, 8.7, 102796, 白鹿原
01090043, 8.5, 146978, 倾城之恋
02070844, 8.8, 76290, 梦里花落知多少
01064275, 8.4, 155621, 老人与海
01205054, 9.0, 49787, 悲惨世界（上中下）
01786670, 8.9, 52345, 百年孤独
01948901, 8.3, 160110, 盗墓笔记
01029111, 8.9, 44655, 哭泣的骆驼
01963684, 8.6, 69830, 半生缘
01212893, 8.8, 45462, 鹿鼎记（全五册）
01003000, 8.3, 112845, 悟空传
01016003, 8.1, 153079, 鲁滨逊漂流记
01986291, 9.5, 12006, 冰与火之歌（卷三）
01985223, 8.7, 37351, 倾城之恋
01080309, 8.5, 51713, 尘埃落定
02035171, 9.0, 20027, 人生的枷锁
02068211, 9.3, 12326, 撒哈拉的故事
01088022, 8.9, 19845, 亮剑
01082398, 8.8, 22112, 梦里花落知多少
01020961, 8.8, 21530, 棋王
01880831, 9.2, 11740, 基督山伯爵（上下册）
26899537, 8.4, 40185, 长安十二时辰 上
01853785, 8.8, 19037, 天是红河岸
01034329, 8.9, 16252, 白鹿原
01082349, 8.2, 45886, 长恨歌
01789841, 8.7, 17310, 倚天屠龙记
02046909, 9.2, 7982, 故事新编
01264579, 8.8, 12889, 欢乐英雄
01073708, 9.0, 9446, 牡丹亭
30475767, 8.1, 31724, 人生海海
03389984, 8.5, 15327, 俗世奇人
01082407, 8.8, 9606, 青铜时代
01186392, 8.7, 10622, 约翰·克利斯朵夫
01926103, 8.0, 34241, 鬼吹灯之云南虫谷
06431994, 8.2, 23660, 悟空传
01261153, 8.4, 14765, 青蛇
21346636, 9.5, 3141, 三毛典藏全集
01917078, 8.6, 10191, 风之影
01089521, 8.4, 13808, 楚留香传奇
01914636, 8.4, 12783, 蛤蟆的油
01212080, 8.4, 12504, 奇鸟行状录
01763809, 8.7, 7551, 红拂夜奔
01084973, 8.9, 5673, 基督山伯爵（上下）
20326626, 8.6, 8526, 少年Pi的奇幻漂流
03673771, 9.0, 4670, 项塔兰
01072438, 8.3, 12583, 大败局
01996678, 9.4, 2777, 乱世佳人
01220853, 8.3, 12200, 伟大的博弈
01083003, 8.7, 6557, 尘埃落定
01121460, 9.3, 2926, 基督山伯爵(上下)
01958714, 8.7, 6266, 彼得·林奇的成功投资
01203244, 8.3, 10546, 三个火枪手
10512236, 8.4, 8476, 时间的针脚
02114580, 8.7, 5356, 听雪楼系列典藏版（全三册）
25697520, 8.0, 15276, 他们最幸福
01812215, 9.1, 3031, 银河英雄传说VOL.1 黎明篇
02008724, 9.1, 2847, 百年孤独
01032581, 8.5, 6193, 胭脂扣 生死桥
02078219, 7.9, 15983, 且试天下1
01031526, 8.3, 8040, 一个广告人的自白
25984204, 7.3, 49262, 乖，摸摸头
10807374, 8.7, 4268, 浮生若梦1
01201620, 8.3, 7442, 人类群星闪耀时
01317857, 9.1, 2500, 牡丹亭
02080619, 8.1, 9609, 且试天下2
01880991, 8.7, 3879, 堂吉诃德
01185908, 8.6, 4418, 东周列国志（上下）
06512188, 8.9, 2947, Steve Jobs
02115040, 7.9, 12916, 玫瑰的故事
01124305, 8.1, 8752, 扶桑
01130367, 8.9, 2779, 艽野尘梦
02076577, 9.3, 1733, 聊斋志异
01880824, 8.6, 4034, 一千零一夜
01082233, 9.1, 2033, 平凡的世界
02081876, 7.2, 43595, 货币战争
26759508, 8.1, 7793, 硅谷钢铁侠
01939182, 8.0, 8639, 美国众神
01999519, 9.2, 1689, 三毛全集
06974582, 8.8, 2622, 股票作手回忆录
02201813, 7.5, 19672, 藏地密码1
01257294, 9.2, 1416, 传奇
02243692, 7.8, 9623, 潜水钟与蝴蝶
02267630, 8.3, 4107, 凯尔特的薄暮
26578003, 8.3, 4054, 无心法师 第一卷
01152971, 9.1, 1454, DOOM启世录
26334227, 7.8, 7526, 昭奚旧草
01859649, 8.1, 4595, 生命的不可思议
25870991, 8.3, 3309, 曾国藩的正面与侧面
01317893, 8.6, 2145, 西厢记
01792758, 9.0, 1276, The Moon and Sixpence
01317891, 8.9, 1421, 桃花扇
01292322, 8.2, 3435, 群星，我的归宿
26836970, 7.7, 6926, 沙丘
01022951, 8.4, 2419, 长生殿
04881999, 8.4, 2301, 离魂
06531676, 8.4, 2139, 阿麦从军
04129249, 8.7, 1468, 五大贼王1
25852518, 7.5, 8362, 南方有令秧
02010279, 8.6, 1635, 花凋
01079691, 8.3, 2349, 扶桑
01313174, 8.5, 1811, 荣格自传
02062604, 8.2, 2568, 人间
03037790, 8.2, 2516, 小楼传奇
01142794, 9.2, 778, 太平广记
01059116, 8.8, 1180, 水浒全传
01949744, 8.2, 2367, 对冲基金风云录
02235875, 9.8, 429, 天地劫序传:幽城幻剑录
25934300, 8.7, 1236, 塞拉菲尼抄本
01742707, 8.4, 1724, 佣兵天下1
30303960, 8.5, 1497, 西出玉門（全四冊）
01203421, 9.4, 572, 王阳明全集（全二册）
01787562, 9.1, 758, 东方奇观
01203994, 9.4, 553, 福尔摩斯探案全集(缩印本)
01076323, 8.4, 1531, 也是亚当，也是夏娃
01949121, 7.7, 4009, 白色城堡
25956005, 8.8, 914, 亚历克斯·弗格森
01865689, 8.6, 1115, 玻璃城堡
01919221, 7.9, 2558, 人间六道之修罗道
25831297, 8.4, 1237, 迈克尔·乔丹与他的时代
02284204, 7.5, 4450, 道士下山
05276620, 7.8, 2682, 什么都没有发生
01033638, 8.4, 1136, 浮士德
27098887, 8.2, 1442, 沙丘2
30257985, 8.6, 884, 三十六骑
02150278, 8.2, 1363, 切·格瓦拉语录
01075791, 8.7, 752, 梅里美中短篇小说集
26912298, 8.9, 605, 夜航西飞
02105879, 8.4, 956, 张爱玲传
02257608, 7.8, 2029, 秀丽江山·青龙卷
26413835, 8.1, 1342, 匠人
01982553, 9.1, 446, 古本山海经图说（上下）
25897333, 7.5, 3068, 我讲个故事，你可别当真啊
01070522, 8.7, 632, 张爱玲典藏全集--散文卷二：1939～1947年作品
04717680, 8.6, 685, 五大贼王2
02106932, 8.2, 1046, 最后的守护者
01082294, 8.2, 989, 卫斯理作品集
01207424, 8.4, 769, 上海的金枝玉叶
02216512, 7.7, 1802, 冒死记录
26353581, 7.5, 2408, 成龙：还没长大就老了
26317953, 8.7, 509, 这一生，至少当一次傻瓜（精装版）
25938704, 8.5, 606, 一弦琴
01927705, 7.6, 1858, 小艾
04718389, 8.0, 1027, 江湖异闻录
02157003, 7.3, 2777, 她们谋生亦谋爱
01196690, 7.9, 1061, 关河
01094169, 8.7, 431, 恋泉
01891639, 8.5, 512, 赌金者
01082586, 7.7, 1322, 厨室机密
02026188, 7.7, 1281, 天眼
04860552, 7.1, 2790, 活着就为改变世界
01105712, 9.0, 271, 传奇
05248387, 7.5, 1438, 夜谭十记
01880333, 8.8, 313, 奥德修纪
01232460, 8.5, 417, 花情曲
06723066, 7.0, 3095, 乔布斯传
01203103, 8.9, 284, 浮士德
01075292, 7.9, 806, 放血
01203267, 8.7, 339, 巴黎圣母院
01957709, 8.8, 301, 唐宋传奇集
01390497, 9.2, 209, 传奇
07045735, 7.6, 1101, 可可·香奈儿的传奇一生
02132038, 7.7, 908, Memoirs Of A Geisha
01959344, 8.7, 297, 兄弟相爱撼山河
01272779, 8.5, 356, 可卡因传奇
30373573, 8.7, 294, 十亿美元分子
25957401, 8.1, 501, 从不妥协：法拉奇传
02038441, 7.5, 1029, 女皇神慧
01750013, 7.8, 687, 曼哈顿的中国女人
01856892, 8.3, 378, 该隐与亚伯
01851055, 8.8, 233, 桃花扇
02193908, 7.4, 1101, 我的皇后（上）
01085028, 8.2, 379, 有本事来抓我吧
01264931, 7.0, 1845, 大地飞鹰
01186363, 8.1, 403, 无声戏
01879670, 7.3, 1090, 撬动地球的Google
01312147, 7.7, 617, 中国厨子
26333114, 8.0, 409, 不想讨好全世界
03752476, 7.8, 509, 警察手记
01777142, 8.8, 186, 荷马史诗·奥德赛
01254667, 8.3, 291, 西方哲学史（第七版）
01251845, 9.5, 103, 六十种曲（全十二册）
02130054, 8.0, 352, 我是沃兹
03575831, 7.9, 391, 卜案
03101592, 9.0, 138, 我在北极光下（初中自渎课本第一册）
01958111, 7.9, 376, 最糟也最棒的書店
34874546, 8.9, 148, 唐宋传奇集
01203320, 8.6, 189, 三个火枪手
01312501, 8.0, 329, 上海王
01310150, 8.7, 170, 这里的黎明静悄悄
06885273, 9.0, 130, 史蒂夫·乔布斯
01789805, 9.1, 120, 希腊的神话和传说
26318217, 8.9, 139, 云横秦岭
01074258, 7.5, 542, 女贞汤
01824512, 8.2, 245, 悲悯大地
04032961, 7.4, 569, 大魔术师
02252403, 7.5, 473, 盂兰变
01023885, 7.7, 335, 中国传奇
04194466, 9.1, 96, 绿色国王
02374497, 8.7, 127, 唐传奇鉴赏集
01135344, 8.8, 117, 甘地
26836228, 8.5, 148, 江山美人谋·终章
02272692, 9.0, 100, 唐宋傳奇選
02061074, 8.9, 105, 列那狐传奇
01313154, 6.9, 838, 千年
02128005, 7.7, 297, 传古奇术1
01033348, 8.7, 118, 唐宋传奇选
01309260, 7.8, 253, 杰奎琳画传
01078064, 8.3, 153, 红楼梦断(1-4)
01755554, 8.1, 174, 佐罗
01134257, 8.6, 113, 梅里美中短篇小说全集
02079805, 7.1, 479, 我在新郑当守陵人
33405904, 8.7, 94, 且修一世柔软心
26960889, 7.3, 350, 成龙：还没长大就老了（修订版）
24718656, 8.8, 86, 大染坊
03265976, 8.3, 126, 搜神记
01847671, 8.2, 135, 上尉的女儿
01907494, 9.2, 64, 暗室之后
01764840, 8.6, 96, 荷马史诗
04199413, 7.9, 173, 世俗的经典
02272683, 9.1, 67, 裴鉶傳奇
25809708, 8.3, 119, 如何改变世界
01921361, 6.8, 628, 谁认识马云
25953702, 6.5, 1005, 习惯就好
02128004, 7.7, 199, 传古奇术2
05336605, 8.6, 89, 菜刀传奇
03702976, 8.6, 87, 齐白石自述
27082596, 7.1, 371, 海盗奇谭
03786911, 8.8, 75, 写我自己
26751787, 8.0, 140, 江山美人谋
04232035, 9.0, 65, Assassin&#39;s Creed
20399465, 8.6, 84, 五大賊王3·淨火修練
30156396, 6.9, 426, 崔老道捉妖
10618040, 8.3, 98, 我的拉萨
01007082, 8.3, 97, 瘾
27197025, 8.0, 123, 北欧维京英雄传奇（大师插图本）
01840759, 7.3, 246, 我的一生
35092357, 9.4, 46, 航海少年团1·古灯塔的神秘之门
01265189, 8.3, 95, 六祖慧能传奇
26769766, 8.5, 81, 开封奇谈.3
02145925, 7.5, 189, 狼商
01900205, 8.2, 98, 原子舞者
01034431, 7.7, 152, 肯尼迪传
02233891, 7.5, 183, 烟花三月
26419857, 8.0, 113, 人类群星闪耀时
01831962, 6.8, 417, 长得漂亮不如活得漂亮
01788336, 9.0, 54, Perfume
25659943, 7.0, 311, 传奇（全二册）
01783107, 8.2, 91, 一个真正的女人：非凡的埃玛
04882350, 8.3, 84, 遊仙窟校注
01962236, 7.7, 139, 棋王
02039438, 9.6, 37, 仙篮奇剑传
20399522, 8.1, 96, 五大賊王6·逆血羅剎
02277196, 7.3, 195, 普希金的天使 ⑦
03442219, 8.9, 51, 唐宋传奇集全译
34794591, 7.3, 186, 历史与传奇
01002922, 7.6, 136, 皇后之爱・拉美西斯五部曲之四
01032319, 7.1, 231, 我的故事
01764506, 9.0, 47, Alexander McQueen
01275375, 7.9, 99, 桑道夫伯爵(上下)
20399526, 8.5, 62, 五大賊王7·五行合縱（下）
01096352, 7.9, 96, 宋美龄大传（上下）
01400547, 7.9, 93, 我的特务生涯
02145391, 7.0, 230, 传古奇术3
01002117, 7.7, 110, 洋槐树下
01070659, 7.2, 178, 古国怪遇记
10830975, 6.9, 252, 神印王座5·星光神兽
01290297, 8.3, 65, 野性之美
26926338, 8.3, 64, 遗失在西方的中国史
25767670, 8.4, 56, 我从战场归来
35097328, 9.1, 33, 孟婆传奇：渥丹篇
20399475, 9.1, 32, 五大賊王4·地宮盜鼎
25863356, 7.6, 88, 问君此去几时还
03112058, 8.6, 41, 南柯梦记
26108020, 6.8, 191, 你若懂我，该有多好
01782085, 7.5, 91, 试毒者
01057844, 6.9, 157, 风尘三侠
02133854, 8.0, 56, 陈十四奇传
01989017, 6.9, 148, 可人兒
02107909, 7.0, 132, 英国往事
25924605, 6.1, 431, 特斯拉之父
03053924, 8.1, 49, 宫本武藏（上）
26351260, 8.1, 48, 半步村叙事
01101828, 7.9, 54, 索尼的私人生活
26140381, 7.9, 52, 永远的情人杜拉斯
03265315, 6.9, 126, 奥巴马大传
01894734, 7.5, 70, 古代北欧的传奇故事
02702832, 6.4, 215, 兰陵相思赋（上下）
01894009, 8.7, 29, 沙飞摄影全集
01014345, 7.5, 65, 悬念大师希区柯克之谜
01082502, 6.5, 171, 圆桌骑士
20406601, 7.5, 61, 我的青春在路上
04188926, 7.2, 79, 张爱玲传
01957016, 7.4, 66, 完美的红
01963678, 6.9, 105, 匈奴帝国传奇
03518812, 7.9, 44, 上海上海
10518693, 6.6, 145, 孝陵卫
01161906, 8.6, 28, 桃花扇
01989367, 6.5, 161, 傳奇
35022812, 7.3, 68, 巴菲特和查理·芒格内部讲话
02185192, 8.5, 29, Audrey Hepburn
25911416, 6.8, 109, 麻衣世家2·貔貅血泪
01142614, 7.4, 61, 三毛传奇
01068853, 8.3, 32, 活法
01032806, 8.3, 31, 喻世明言
26594314, 8.6, 26, 一生的资本
01865707, 6.8, 101, 地下伦敦
01641453, 7.0, 81, 赛金花凡尘
01094768, 8.8, 23, 宋代传奇集
01483756, 6.6, 122, 苹果传奇
01879658, 7.1, 72, 史前英雄
26346460, 8.2, 31, 湘西秘史（上下册）
01900375, 7.5, 50, 美国《生活》杂志摄影师访谈录之一
01085562, 8.4, 27, 萨逊的大卫
11640880, 8.4, 27, 五大賊王1·落馬青雲
01878223, 7.7, 39, 美国《生活》杂志摄影师访谈录之四
04705237, 7.4, 48, 人与衣
01878389, 7.7, 38, 美国《生活》杂志摄影师访谈录之二
25805746, 7.3, 49, 与敌共眠
03810667, 6.6, 94, 戴笠大传
26381156, 8.4, 23, 天星教育·疯狂阅读·青春风系列
25913778, 7.2, 50, 梅西——传奇之路
26394567, 7.3, 46, 秀丽江山
02239372, 8.2, 25, 唐宋传奇
02330800, 6.9, 64, 淑女与熊猫
25814382, 8.6, 20, 甘泽谣评注
01912563, 7.7, 33, 纳赛尔丁阿凡提传
26848763, 6.5, 94, 匈奴简史
03081325, 7.8, 30, 沙漠骑士昂泰拉
01878393, 7.6, 34, 美国《生活》杂志摄影师访谈录之三
26587027, 7.6, 33, 我的恐惧是一只黑鸟
01989666, 6.3, 106, 金粉世界
05328135, 8.0, 25, 爱国的“叛国者”
26838353, 7.7, 30, 麻衣世家4
02568636, 7.2, 43, 桃花扇研究与欣赏
05384023, 8.5, 19, 牡丹亭
10434206, 6.3, 101, 异闻残卷
01792076, 7.1, 45, 大唐惊变
04908522, 7.0, 48, 传奇黄永玉
01007885, 8.5, 18, 唐宋传奇经典
06902504, 7.1, 43, 大魔术师
26362693, 7.8, 26, 莱奥纳多·达·芬奇
01277315, 7.3, 36, 凯撒大帝（全二册）
24310959, 7.9, 24, 唐宋传奇集(上下)
24863336, 8.1, 21, 寻访祖母的秘方
21358801, 7.8, 24, 江南.家族传奇
30153643, 6.7, 54, 修罗道·传奇
26940180, 7.1, 37, 恩佐·法拉利
02251802, 6.4, 69, 死海古卷
03202780, 7.2, 33, 董小宛传奇
26893860, 7.7, 23, 麻衣世家5：轩辕宝鉴
04870174, 6.9, 40, 单打独斗
30199415, 8.0, 19, 三毛：选择一种姿态，活成无可取代
34809733, 6.9, 38, 贼猫
26331945, 5.9, 105, 失落的桃符
01039688, 6.8, 39, 我的传奇生涯(附光盘)
01185193, 7.2, 28, 型世言（全二册）
10528604, 7.3, 26, 暮雪光年
01068841, 8.0, 17, 蒋孝勇的最后告白
11529887, 7.1, 29, 民国少女
06728873, 7.5, 22, 从毛头小子到华尔街国王
01792214, 7.4, 22, 传奇
03435233, 8.5, 12, 中国文人传说故事
03079638, 8.3, 13, 吟风阁杂剧
04881959, 7.1, 25, 滇西密传之浴火菩提
04881960, 7.7, 17, 滇西密传之危途奇踪
26275102, 7.7, 17, 假如我是一片雪花
01071791, 7.3, 21, 首席情人
06403821, 6.7, 30, 女王归来
01169945, 7.5, 17, 头骨之谜
01413175, 7.7, 15, 美元上的头像
01125779, 8.1, 12, 我的父亲卢作孚
17147241, 7.4, 17, 我的十六年海外生涯
30251589, 8.5, 10, 宋代傳奇集
03879102, 7.6, 15, 星月皎皎水边城
02251797, 6.1, 45, 女巫
02071146, 6.8, 24, 死亡之吻
26783542, 7.6, 14, 唐宋传奇选
06845195, 6.5, 28, 一百年前的80后
01204187, 7.1, 18, 新中国十大奇案纪闻
26328950, 6.5, 26, 国际米兰传奇萨内蒂传
10332414, 7.0, 18, 诡牛
10517241, 6.0, 39, 雨打繁花伤
05974475, 6.4, 26, 湘西秘史
03246906, 7.6, 12, 嘉洲往事
01169944, 7.3, 14, 断手
10771238, 7.7, 11, 艾可丝与大未知-共4册
01845232, 5.7, 48, 李连杰传
01661036, 6.2, 27, 艳异编
25962159, 7.0, 14, 那时临水照花人：最美张爱玲
01879667, 6.3, 21, 骑士传奇
02114596, 6.5, 18, 六扇门
03354812, 7.0, 12, 蒋氏家族第三代生活纪实
03359549, 6.3, 18, 追梦人陈天桥
02024636, 6.2, 15, 历史上的大瘟疫
10560528, 6.3, 11, 湘西鬼事之蛊毒镇
02160986, 5.1, 22, 奇墓物语之活捉守墓人
01170750, 0.0, 10, 屈打成招
01389838, 0.0, 10, 达芬奇传*21 Activities (平装)
01069023, 0.0, 11, 醉鄉記 金鎖記
01807895, 0.0, 11, 睡城
34461050, 0.0, 11, 酉阳杂俎注评
01204199, 0.0, 12, 民国十大飞贼
01865976, 0.0, 13, 徕卡情结
03463776, 0.0, 14, 唐宋传奇集全译
24722294, 0.0, 14, 中华龙鸟家族传奇
20472879, 0.0, 15, 狼塔
26801494, 0.0, 28, 晚安，张爱玲
