2020-07-05 15:59:55

number of books, tag name
975, 传记

ID, rating, votes, title
27614904, 9.2, 192572, 房思琪的初恋乐园
20427187, 8.8, 276224, 看见
01023045, 8.7, 239537, 我们仨
33440205, 8.9, 60919, 你当像鸟飞往你的山
04123116, 9.1, 38126, 月亮和六便士
20424526, 9.2, 29824, 邓小平时代
19958089, 9.0, 39726, 我们仨
01088581, 8.8, 45247, 浮生六记
06798611, 8.7, 47505, 史蒂夫·乔布斯传
23008971, 9.1, 18815, 平如美棠
03369600, 8.2, 78461, 当我谈跑步时我谈些什么
04842446, 8.7, 25343, 巨流河
06397275, 8.9, 16343, 此生未完成
01062343, 9.2, 9840, 昨日的世界
01083762, 8.7, 20483, 人类的群星闪耀时
03054821, 9.2, 9157, 渴望生活
26896859, 8.8, 15974, 当呼吸化为空气
01859140, 8.9, 12202, 上学记
04071859, 9.4, 5920, 我在伊朗长大
05346110, 8.9, 11551, 穷查理宝典
27608239, 8.4, 22260, 原则
26657570, 9.0, 8541, 活着为了讲述
30484795, 8.8, 10541, 黑箱
01001193, 8.6, 13416, 再见了，可鲁
01037602, 8.9, 8574, 别闹了，费曼先生
01792668, 8.4, 17832, 苏东坡传
04238162, 9.4, 4307, 昨日的世界
05330333, 8.6, 12858, 活出生命的意义
01005358, 9.3, 4706, 寻找家园
26435510, 9.5, 3627, 雕刻时光
06152040, 9.1, 5943, 维特根斯坦传
03757732, 8.9, 7248, 人类的群星闪耀时（增订版）
26889236, 8.3, 18086, 我的职业是小说家
04010196, 8.1, 25031, 世界因你不同
01092149, 8.7, 9379, 梵高传
26413154, 9.2, 4680, 李光耀观天下
01091203, 9.2, 4657, 少年凯歌
26907961, 9.4, 3628, Born a Crime
26666533, 9.5, 3177, 梵高手稿
05366382, 8.8, 7442, 夜航西飞
27180479, 9.2, 4331, 奥古斯都
01914636, 8.4, 12783, 蛤蟆的油
01005660, 9.1, 4465, 雕刻时光
01047719, 8.5, 10260, 傅雷家书
30125030, 9.1, 4388, 天生有罪
01076685, 8.9, 5333, 李鸿章传
03616310, 7.6, 47493, 小团圆
03673771, 9.0, 4670, 项塔兰
02042063, 8.4, 10349, 伊斯坦布尔
02317974, 8.5, 8822, 德川家康（第一部）
25944034, 8.6, 7576, 菊次郎与佐纪
26831789, 8.7, 6450, 穷查理宝典
01040397, 8.1, 16343, 假如给我三天光明
26664352, 8.9, 4690, 褚时健传
05252677, 8.0, 18433, 幸福了吗?
01037060, 8.6, 6754, 曾国藩（上中下）
24753751, 8.1, 14701, 向前一步
25883305, 9.1, 3407, 阿拉伯的劳伦斯
25810506, 9.1, 3280, 史蒂夫·乔布斯传（修订版）
02348372, 8.3, 9761, 野蛮生长
01021346, 8.7, 5289, 股票作手回忆录
30304849, 8.9, 4020, 拍电影时我在想的事
02240482, 8.0, 14922, 走到人生边上
03888123, 8.6, 5574, 写作这回事
19962936, 8.7, 4850, 只是孩子
01115353, 8.3, 8674, 奇特的一生
26939269, 9.0, 3156, 只是孩子
30175475, 8.8, 4017, Educated
02275502, 8.2, 9517, 十年一觉电影梦
21361157, 8.7, 4509, 十年一觉电影梦
01031526, 8.3, 8040, 一个广告人的自白
30389372, 8.7, 4389, 成为
02045811, 9.0, 2882, 张国荣的时光
01322358, 9.0, 2851, 费马大定理
01201620, 8.3, 7442, 人类群星闪耀时
30377678, 8.6, 4800, 曾国藩传
05408858, 8.9, 3196, 建筑家安藤忠雄
27615361, 9.5, 1581, 昨日的世界
01062423, 8.4, 6228, 牛棚杂忆
27663541, 8.5, 5364, 我要快乐，不必正常
20494401, 9.2, 2175, 费马大定理
04903265, 9.1, 2405, 亲爱的提奥
10797092, 8.6, 4516, 蒋介石与现代中国
22883503, 9.1, 2378, 夜航西飞
25897707, 9.1, 2367, 沈从文的后半生
01062455, 8.4, 5924, 康熙大帝（共四册）
25985126, 8.7, 3821, 迷宫中的将军
06512188, 8.9, 2947, Steve Jobs
01002690, 8.7, 3796, 陈寅恪的最后20年
10598170, 8.1, 8713, 我不要你死于一事无成
01313124, 8.2, 7381, 赢
01130367, 8.9, 2779, 艽野尘梦
26929955, 7.8, 14297, 腾讯传
01313181, 8.4, 5379, 富兰克林自传
01433346, 8.7, 3516, 旁观者
20433554, 9.2, 1886, 关山夺路
26860776, 8.4, 5224, 鞋狗
05914484, 8.9, 2664, 巨流河
01752349, 8.7, 3432, 胡雪岩（全三册）
11629131, 9.2, 1842, 李鸿章传
01061029, 8.8, 2954, 杜尚访谈录
01491153, 8.7, 3349, 曾国藩家书
26759508, 8.1, 7793, 硅谷钢铁侠
01084257, 8.9, 2513, 别闹了，费曼先生
01042434, 8.1, 7652, 安妮日记
26613052, 8.6, 3596, 我的造梦之路
05246800, 8.3, 5465, 毛泽东传
03323311, 9.0, 2154, 从文自传
01844629, 8.5, 3979, 灿烂涅槃
26699448, 9.0, 2097, When Breath Becomes Air
06538430, 8.5, 3952, 人类群星闪耀时
20433556, 8.8, 2659, 昨天的云
01279648, 8.4, 4525, 天使在人间
06974582, 8.8, 2622, 股票作手回忆录
01007313, 8.4, 4440, 留德十年
10757941, 8.2, 5814, 小团圆
33385476, 8.3, 4973, 人类群星闪耀时
06990084, 8.3, 4961, 苏东坡传
27600198, 8.4, 4293, 贾想II
26120130, 9.1, 1745, 天才的编辑
02345548, 8.2, 5627, 学习之道（第2版）
05382213, 8.8, 2446, 股票大作手回忆录
26847644, 8.2, 5526, 苏东坡传
26354318, 9.1, 1696, 梵高传
01161817, 8.6, 3112, 洛克菲勒留给儿子的38封信
04175473, 8.6, 3107, 波斯少年
01463256, 8.3, 4673, 大明王朝的七张面孔
01048173, 8.1, 6289, 忏悔录
27091035, 9.1, 1630, 魔灯
01036787, 9.2, 1458, 昨日的世界
20384337, 8.3, 4498, Lean In
01805764, 8.6, 2965, 宫女谈往录
05922204, 8.3, 4412, 曾国藩的正面与侧面
02243692, 7.8, 9623, 潜水钟与蝴蝶
01051231, 8.4, 3658, 黄河青山
11505704, 9.1, 1520, The Ph.D. Grind
03155180, 8.7, 2436, 荒野生存
02118743, 8.6, 2762, 银元时代生活史
04741216, 7.3, 23095, 我的奋斗
26334507, 8.6, 2701, 人类的群星闪耀时
01015403, 7.7, 10580, 今生今世
01049361, 8.3, 4038, 比我老的老头
03111928, 8.1, 5344, 安迪·沃霍尔的哲学
01152971, 9.1, 1454, DOOM启世录
30473907, 8.1, 5325, 坏血
26761399, 9.2, 1294, 正红旗下
26352388, 9.2, 1279, 约翰·克里斯朵夫
30320887, 9.0, 1586, 我的世界观
03316438, 8.3, 3835, 孤独及其所创造的
01485628, 7.9, 6995, 毛泽东传
01000696, 8.2, 4373, 饥饿的女儿
01465543, 8.8, 1961, 异端的权利
01863619, 9.3, 1123, 与他共度61世
26022097, 8.5, 2859, 番石榴飘香
27116287, 9.3, 1112, 平如美棠
30236304, 8.8, 1928, 列奥纳多·达·芬奇传
25903505, 8.5, 2788, 蛤蟆的油
20433553, 8.8, 1895, 怒目少年
27607225, 8.3, 3575, 命运：文在寅自传
30223629, 8.9, 1658, 椰壳碗外的人生
03649661, 8.8, 1858, 说吧，记忆
11507862, 8.2, 4047, 独自上场
34434342, 8.5, 2644, 人类群星闪耀时
01418648, 8.4, 2981, 胡适口述自传
26253960, 8.9, 1595, 渴望生活
01082361, 8.4, 2937, 张居正
01506961, 8.4, 2935, 西行漫记
26849305, 8.8, 1749, 成为乔布斯
25819842, 9.0, 1389, 佛陀传
26987895, 9.3, 1006, 我在伊朗长大
25870991, 8.3, 3309, 曾国藩的正面与侧面
26287433, 9.1, 1235, 心若菩提
05288371, 8.4, 2857, 蒋经国传
27018089, 8.5, 2489, 音乐即自由
01097835, 8.0, 5036, 名人传
27024106, 9.0, 1354, 阿加莎·克里斯蒂自传
03994721, 8.0, 4987, 纳兰容若词传
03418938, 9.0, 1334, 被遗忘的士兵
01034470, 9.0, 1323, 柳如是别传（全三册）
04061963, 8.7, 1873, 荣格自传
25903621, 8.9, 1479, 写作这回事
05921785, 8.8, 1638, 乱世华尔街
04208757, 8.9, 1455, 穷查理宝典
35009826, 8.8, 1623, 一生的旅程
03905365, 8.5, 2290, 水流云在
19949881, 8.8, 1579, 绝非偶然
27145016, 8.9, 1406, 创造自然
01075371, 8.7, 1765, 马丁·伊登
26305373, 9.4, 819, 慈禧全传
24748706, 8.6, 1960, 陈寅恪的最后20年
01050349, 8.1, 3766, 上海的金枝玉叶
01270551, 9.0, 1204, 八十忆双亲 师友杂忆
01448761, 8.3, 2801, 像一块滚石
06510070, 8.2, 3217, 人生不设限
01944205, 8.9, 1307, 追寻记忆的痕迹
01051314, 9.1, 1030, 钢琴师
24541955, 8.0, 4116, 史玉柱自述
05408860, 8.2, 3062, 风雨哈佛路
02142574, 8.7, 1592, 时光中的时光
05302113, 8.3, 2590, 三双鞋
01053174, 8.6, 1728, 你干吗在乎别人怎么想？
01049215, 7.4, 10482, 借我一生
05404058, 7.8, 5190, 痛并快乐着
26657740, 8.9, 1184, 再度觉醒
27182602, 8.8, 1317, 安藤忠雄
27622167, 8.8, 1307, 沈从文的前半生
27203393, 8.3, 2403, 见风
30164685, 9.2, 843, 网
26700745, 8.4, 2096, 南渡北归
10605328, 8.4, 2075, 红顶商人胡雪岩
27156016, 9.0, 1017, 失焦
24839726, 8.6, 1594, 杜尚访谈录
01142862, 8.0, 3497, 拿破仑传
10617312, 8.8, 1235, 股票大作手回忆录
11232975, 8.6, 1546, 德川家康全集（套装全13册）
04160794, 8.4, 1980, 多余的话
26577691, 7.8, 4672, 人间采蜜记
01499783, 8.3, 2254, 将心注入
26738885, 9.1, 880, Shoe Dog
26897187, 8.4, 1929, 活着回来的男人
22513484, 8.8, 1189, 进入空气稀薄地带
24872210, 9.2, 778, 无愁河的浪荡汉子·朱雀城
30175374, 9.3, 693, 爱与资本
01450065, 8.4, 1867, 李宗仁回忆录（上下）
03164123, 8.2, 2430, 巴菲特传
26262141, 8.3, 2118, 毛姆传
25774861, 8.6, 1447, 奥兰多
01400710, 8.3, 2098, 读史阅世六十年
06718250, 8.5, 1624, 生命的不可思议
01002871, 7.9, 3676, 武则天
01085856, 7.9, 3607, 在人间
26335181, 8.5, 1567, 巴菲特之道
02341866, 8.1, 2649, 合肥四姊妹
02249020, 7.8, 4138, 林徽因传
01191433, 7.6, 5720, 我的前半生
26314955, 8.7, 1228, 创新公司
03306209, 8.5, 1554, 雪域求法记
34841756, 8.8, 1093, Permanent Record
24525766, 8.8, 1079, 记忆小屋
01812833, 8.7, 1204, 穷人的银行家
24722098, 9.3, 643, 少年H
01159949, 7.8, 3993, 杰克·韦尔奇自传
01274730, 8.7, 1197, 人类的群星闪耀时
06847760, 7.2, 11484, 随遇而安
03291970, 8.0, 2937, 滚雪球（上）
04213397, 9.0, 854, 莱昂内往事
26782506, 8.7, 1179, 伊莎贝拉
01072363, 8.8, 1053, 人类群星闪耀时
06822683, 8.9, 940, 朱镕基讲话实录 第一卷
25911978, 7.6, 5371, 知行合一王阳明（1472—1529）
30232128, 8.4, 1663, Becoming
02149626, 8.6, 1298, 恰同学少年
25858095, 8.7, 1151, 我是你的男人
24257317, 9.0, 829, 第一个人
34952676, 8.3, 1838, 苏世民：我的经验与教训
01416876, 9.2, 665, Surely You&#39;re Joking
25730239, 8.1, 2383, 李光耀论中国与世界
01868786, 8.0, 2741, 列侬回忆
02348135, 8.4, 1602, 拿破仑传
26411602, 8.2, 2038, 富甲美国
25777982, 7.6, 4970, 在难搞的日子笑出声来
04244859, 8.4, 1567, 超越金融
03055477, 8.4, 1549, 西潮
10531723, 8.7, 1074, 爱因斯坦传
04238939, 8.1, 2253, 吴敬琏传
26856478, 8.7, 1055, 无路可逃
34897115, 9.0, 762, 美与暴烈
30175836, 8.5, 1323, 阿加莎·克里斯蒂的真实人生
01089893, 8.0, 2520, 童年
26756140, 8.7, 1025, 行动的勇气
20386243, 9.2, 611, 复眼的影像
26372738, 8.5, 1282, Elon Musk
02347492, 8.2, 1861, 蒙曼说唐：武则天
27194525, 9.2, 604, 福柯的生死爱欲
10563464, 8.7, 1010, 总结
03292060, 8.1, 2102, 滚雪球（下）
04001445, 8.9, 805, 梁启超家书
03873355, 7.3, 7397, 仓央嘉措诗传
04007097, 8.5, 1237, 富兰克林自传
27173866, 8.1, 2045, 颠覆者
10522003, 8.3, 1557, 艾伦·图灵传
01052242, 8.8, 867, 无法直面的人生
30331839, 9.0, 691, T. S. 艾略特传
01253222, 8.5, 1191, 居里夫人传
25803556, 7.6, 4093, 山本耀司：我投下一枚炸弹
01051524, 8.3, 1498, 断头王后
10550571, 8.5, 1170, 张纯如
01197950, 9.2, 552, 希腊罗马名人传
04039936, 8.8, 820, 旁观者
02147562, 8.6, 1018, 棋与人生
25903198, 7.7, 3347, 做衣服（增补新版）
26335337, 9.2, 543, 昨日世界
27086103, 8.8, 803, 走出非洲
01487995, 8.5, 1116, 文字生涯
05411366, 8.6, 989, 林徽因与梁思成
30187217, 8.0, 2092, 宋徽宗
04881640, 8.1, 1813, 名人传
25831297, 8.4, 1237, 迈克尔·乔丹与他的时代
26776967, 8.4, 1235, 发现的乐趣
27067973, 9.4, 439, 昨日世界
04312423, 9.6, 369, 江泽民思想年编
24845284, 7.7, 3132, 掷地有声
01323573, 8.7, 839, 美丽心灵
27598715, 9.2, 507, 汉密尔顿传
34897112, 9.1, 557, 漆黑清晨
27187198, 8.6, 933, 我身在历史何处
30191971, 9.2, 505, 契诃夫的一生
34799573, 8.3, 1325, 我心归处是敦煌
26666131, 9.3, 458, 见证
01981355, 6.8, 16068, 墨迹
26847432, 8.1, 1696, 為了活下去
30258976, 8.4, 1161, 异见时刻
26840568, 8.6, 921, 草疯长
33429926, 8.9, 666, 追寻记忆的痕迹
01000531, 8.7, 818, 第二次世界大战回忆录（全六卷）
05214612, 8.2, 1473, 福柯
26925607, 8.2, 1451, 不如去闯
26912450, 8.8, 720, 西潮
26986678, 8.4, 1117, 人类群星闪耀时
01801407, 8.3, 1256, 苦命天子
27128593, 8.6, 877, 伊斯坦布尔
01828292, 8.8, 706, 黑暗时代的人们
26976593, 8.8, 705, 孵化皮克斯
27074042, 8.6, 870, 曾国藩
06533206, 7.6, 3243, 卑鄙的圣人：曹操
30137612, 7.6, 3231, 主角
01957796, 7.7, 2750, 我的前半生(全本)
24257591, 7.2, 6380, 绝望锻炼了我
01629460, 9.4, 389, 唐浩明评点曾国藩家书（上下）
30359587, 7.9, 2013, 科比自传
26323408, 8.4, 1050, 我坦言我曾历尽沧桑
30259159, 8.5, 934, 24个比利
26912298, 8.9, 605, 夜航西飞
25936051, 8.7, 741, 我的一生
24739109, 7.7, 2617, 奇特的一生
05033915, 8.3, 1153, 希特勒传（上下册）
25844463, 8.4, 1020, 摩根财团
10440415, 8.9, 593, 傅斯年：中国近代历史与政治中的个体生命
26945180, 8.9, 590, 卡尔·马克思
33414023, 8.3, 1137, 我曾走在崩溃的边缘
25925760, 8.9, 584, 再见杨德昌
06531686, 8.1, 1448, 抉择时刻
24272636, 8.2, 1269, 音乐使人自由
20537674, 9.4, 364, 先知三部曲（全新插图修订本）
26826782, 8.5, 881, 恺撒
26782124, 9.0, 521, 瞧，这个人
19989296, 8.2, 1251, 别逗了，费曼先生
27037087, 8.7, 703, 断头王后：玛丽·安托瓦内特传
01592351, 8.2, 1249, 清华园日记
25737804, 9.2, 429, 孤独与团结：阿尔贝·加缪影像集
33411346, 9.2, 426, 苏轼十讲
26853060, 8.2, 1231, 我心深处
02266339, 8.7, 689, 贝多芬传
27045564, 8.5, 853, 吴清源回忆录
21363236, 8.8, 614, 寻找·苏慧廉
01077499, 8.6, 753, 重寻胡适历程
05409459, 8.0, 1545, 摩托日记
03038143, 8.6, 748, 季羡林自传
01011509, 7.8, 2009, 谁说大象不能跳舞？
23780846, 8.5, 821, 大明王朝的七张面孔
06397293, 8.1, 1321, 这个世界会好吗？
25975454, 7.8, 1980, 九败一胜
01780208, 8.8, 591, 凯恩斯传
26220798, 7.6, 2631, 生命不息，折腾不止
05300079, 8.4, 900, 科学的广告+我的广告生涯
02128063, 8.3, 1011, 抗战时代生活史
30248281, 9.0, 479, 梵高
25731990, 8.4, 889, 我是落花生的女儿
01394395, 7.6, 2575, 歌舞伎町案内人
01001848, 8.4, 868, 格格不入
01428309, 8.8, 563, 数学大师
01435907, 8.5, 771, 我在通用汽车的岁月
25817581, 9.3, 351, 维特根斯坦传（插图版）
10442281, 8.2, 1084, 她比烟花寂寞
33460827, 8.9, 502, 成为我自己
05299274, 7.5, 2857, 前朝梦忆
27119171, 8.3, 948, 成吉思汗与今日世界之形成
25859093, 7.8, 1795, 自由的老虎
27064052, 8.1, 1200, 时间的噪音
01138763, 8.6, 664, 林肯传
34320351, 8.7, 597, 因为我有生活
25802595, 7.1, 5484, 灵魂有香气的女子
26285623, 8.7, 592, 周恩来最后600天
30161870, 8.2, 1036, 九个人
26659926, 8.5, 731, 林徽因传
27662708, 9.6, 261, 沈从文的后半生（增订版）
26109489, 8.2, 1022, 我是马拉拉
24738206, 9.2, 361, 曼德施塔姆夫人回忆录
30247860, 8.2, 1011, 整个巴黎属于我
04238217, 9.1, 391, 游艺黑白（上下）
27039516, 9.3, 322, 傅斯年
21355964, 8.2, 979, 生活的艺术家
26688765, 9.3, 321, 论巴赫
26667007, 9.0, 418, 思虑20世纪
26682066, 8.4, 763, 我的奋斗1
01071819, 8.9, 452, 经济腾飞路
03432678, 8.6, 608, 我的青春回忆录
06856131, 8.0, 1218, 民国风度
06080059, 8.2, 946, 将心注入
25807918, 7.7, 1827, 莎士比亚书店
30190228, 7.8, 1576, 年羹尧之死
10467105, 8.1, 1052, 感动，如此创造
06783783, 8.2, 927, 人类群星闪耀时
03521804, 8.4, 735, 张居正大传
26353581, 7.5, 2408, 成龙：还没长大就老了
01175941, 8.6, 589, 本杰明·富兰克林自传
26802226, 8.7, 530, 拿破仑大帝
26847517, 8.7, 529, 在缅甸寻找乔治·奥威尔
01034248, 8.7, 526, 雍正传
34953844, 8.7, 525, 活过，爱过，写过
26692605, 7.9, 1323, 大明王朝的七张面孔
01444217, 7.6, 2013, 你是人间四月天
22790094, 8.4, 717, 玛丽娜·阿布拉莫维奇传
30136374, 9.1, 354, 天空的另一半
01474486, 7.7, 1707, 艺伎回忆录
26991064, 8.1, 999, 青年斯大林
33391500, 9.0, 383, 狂想人生
04208765, 7.8, 1463, 浅草小子
03728560, 8.1, 984, 孤独的幸存者
03645098, 8.7, 503, 生活在音乐中
26265839, 8.2, 866, 编年史
25782608, 7.8, 1441, 大道当然
27011516, 8.7, 500, 才女之累
20433557, 8.0, 1098, 文学江湖
25975620, 8.5, 607, 漫漫自由路
26782758, 7.8, 1406, 四十自述
26476959, 8.4, 672, 我青春漫游的时代
26371154, 8.2, 841, 富兰克林传
26991073, 8.7, 488, 小脚与西服
05355285, 8.5, 596, 编程人生
27009472, 8.5, 595, 创新者
01808679, 8.6, 533, 再造文明的尝试
11597383, 8.5, 590, 一个女人的自传
33402255, 8.7, 479, 和博尔赫斯在一起
27001225, 9.2, 301, 暮日耀光
27599933, 9.2, 300, 约翰克利斯朵夫
26576518, 6.9, 5891, 我的晃荡的青春
26136989, 8.2, 806, 王阳明大传：知行合一的心学智慧（全三册）
27616695, 9.0, 353, 郭鹤年自传
27614523, 7.5, 2034, 刷新
01019945, 8.3, 711, 拉贝日记
25930025, 8.2, 790, 只是为了好玩
25853109, 8.7, 461, 通往权力之路
11637051, 8.1, 889, 平壤水族馆
06712293, 8.1, 886, 宽客
23774456, 8.1, 886, 周恩来传
01082102, 8.3, 701, 风雨独立路
02081341, 9.1, 315, Neil French
30212126, 8.1, 870, 阿迅
27144820, 9.2, 282, 人类的群星闪耀时
06078123, 7.6, 1650, 一路向前
01023482, 8.6, 489, 居里夫人自传
10795189, 8.7, 442, 读史阅世六十年
27026896, 9.6, 204, Born a Crime
01460449, 8.4, 600, 梁思成与林徽因
01790005, 8.5, 537, 蒙面骑士
20516438, 8.2, 746, 人有病天知否
24385064, 8.5, 535, 一个农民的亿万传奇
03781776, 9.1, 302, 纳博科夫传
27033676, 9.3, 252, 从文自传
27599200, 8.9, 356, 我的一生略小于美国现代史
34998019, 9.0, 325, 秋园
06784955, 8.5, 524, 伽利略传
01006203, 9.2, 272, 工商巨子
01044177, 7.5, 1798, 李嘉诚全传
27108705, 9.0, 314, 不合理的行为
03181961, 7.6, 1518, 朱元璋传
11541383, 8.7, 411, 沙漠之花
02142687, 7.3, 2360, 张学良口述历史
26984672, 8.5, 499, 元素周期表
02604801, 8.2, 689, 我的一个世纪
27005605, 8.4, 551, 鞋狗
01277262, 8.1, 772, 孔子传
26310659, 8.5, 492, 莎士比亚
25749745, 8.4, 544, 巴菲特传（纪念版）
01782150, 8.7, 399, 武则天
26840483, 8.1, 757, Hillbilly Elegy
34650267, 9.0, 300, 稻盛和夫的人生哲学
05437424, 7.9, 957, 杜月笙传（上.中.下）
25766700, 7.4, 1927, 一网打尽
26600365, 9.5, 199, 隆美尔战时文件
26600130, 8.8, 357, 忏悔录
33406377, 8.3, 587, 战胜一切市场的人
24298157, 8.8, 351, 来日方长
26426511, 8.5, 468, 解读希特勒
27593864, 8.6, 421, 马其顿的亚历山大
26695251, 9.1, 263, 痛苦与狂喜：众神之巅
25793666, 9.1, 262, 荣格自传
06024015, 8.2, 630, 蚕丝：钱学森传
02221395, 8.2, 621, 经度
30200827, 8.3, 554, 乐队女孩
01899787, 8.6, 405, 希尔伯特
26879317, 7.9, 880, 王阳明：一切心法（上下册）平装
01214078, 8.7, 366, 第二次世界大战回忆录
26642310, 9.3, 217, DOOM启世录：纪念版
26369908, 7.3, 2040, 北野武自述
11592003, 8.1, 684, 不得贪胜
34821222, 9.1, 254, 无尽之河：平克·弗洛伊德传
01312942, 8.6, 398, 隆美尔战时文件
30348380, 8.8, 328, 余英時回憶錄
30141311, 9.2, 231, 权力之路
26640091, 8.7, 357, 痛苦与狂喜: 向石而生
26278990, 8.8, 323, 逝年如水
02370421, 9.1, 246, 回忆维特根斯坦
02283665, 9.1, 245, 来自德国的大师
26422275, 7.2, 2256, 向死而生
33393524, 7.5, 1418, 青年变革者
25870596, 7.7, 1071, 奥黛丽·赫本
01056144, 7.5, 1405, 中的精神
26808763, 8.3, 514, 奥古斯都
01035997, 8.8, 313, 与魔鬼作斗争
30222403, 8.3, 509, 明治天皇
01039585, 8.1, 633, 罗马十二帝王传
20273266, 8.1, 633, 假如给我三天光明
26924324, 8.6, 372, 天才的回声
01054092, 8.3, 505, 罗素自传（第一卷）
30486966, 8.4, 453, 孔子大历史
04720006, 7.9, 787, 峭壁边缘
30217954, 8.3, 496, 告别的仪式
30389630, 8.8, 303, 重于天堂
26663954, 7.5, 1335, 吉田医生哈佛求学记
05362909, 7.4, 1535, 只有偏执狂才能生存
34799648, 8.8, 300, The Ride of a Lifetime
01065156, 8.4, 441, 我生活的种种模式
26968866, 9.2, 213, 舞台生活四十年：梅兰芳回忆录
01889166, 9.1, 231, 我的反间谍生涯
26663738, 8.4, 439, 一个广告人的自白（纪念版）
01061239, 7.1, 2448, 正说清朝十二帝
30278560, 7.7, 990, 创始人手记
26673320, 8.5, 394, 水流云在
24371403, 6.7, 5068, 过得刚好
30333443, 7.9, 761, 我的前半生(全本)(精)
34468924, 9.1, 227, 伯林传
03205907, 9.2, 209, 柳如是别传
30332296, 9.2, 209, 长夜的独行者
04210829, 7.0, 2839, 蒋介石传
07045735, 7.6, 1101, 可可·香奈儿的传奇一生
34464687, 8.6, 349, 魔术师时代
26829485, 7.3, 1699, 奇特的一生
01472836, 9.6, 152, Alexander Hamilton
26400900, 7.1, 2297, 创京东
01171967, 8.8, 284, 袁世凯评传（上下）
01000325, 8.7, 309, 人·岁月·生活（全三册）
26992478, 8.3, 456, 《穷查理宝典》（珍藏版）
25732544, 8.6, 337, 福柯 / 布朗肖
26974839, 9.2, 199, 爱这个世界
03664305, 8.5, 366, 蔣經國傳（2009新版）
04867187, 8.0, 624, 稻盛和夫自传
05408875, 7.3, 1587, 一胜九败
26936275, 8.5, 362, 渴望风流
07054801, 8.6, 328, 领袖们
26599189, 7.8, 786, 生命不息，折腾不止
34449314, 9.0, 227, 羊之歌
01119207, 8.0, 604, 周恩来
27912251, 9.6, 142, 昨日的世界
26306618, 9.1, 206, 爱因斯坦传（精装珍藏版）
04270905, 9.0, 223, 人生舞台
10344040, 7.5, 1123, 一个瑜伽行者的自传
30316742, 8.2, 473, 戴维斯王朝
20563231, 7.5, 1111, 邓小平传
01029197, 7.4, 1281, 外交十记
28867623, 8.3, 421, 暮色将至
30223575, 8.4, 379, 阅读蒙田，是为了生活
25827226, 8.2, 466, 11枚戒指：禅师菲尔·杰克逊自传
05920841, 8.7, 283, 毛泽东传（全6卷）
01205456, 8.0, 577, 未来之路
05257635, 7.9, 638, 现代学林点将录
04238148, 8.2, 453, 白石老人自述
25957401, 8.1, 501, 从不妥协：法拉奇传
30267032, 8.8, 251, 巨流河
34886337, 7.2, 1645, 平均分
26363418, 7.3, 1409, 我坚信
01011323, 8.4, 361, 曹操传
34440655, 8.8, 248, 尼采：在世纪的转折点上
01007918, 8.6, 297, 第一次世界大战回忆录（全五卷）
30191941, 9.2, 178, 他从凤凰来
26805257, 8.8, 247, 希特勒传（全二册·全新修订版）
35005098, 8.1, 483, 春山
27112712, 8.6, 290, 三大师传
26857930, 9.7, 121, 米塞斯大传
23749013, 7.7, 762, 毛泽东传
26945819, 8.9, 219, 英雄之旅
27576971, 8.9, 219, 亲爱的提奥
03267519, 8.5, 313, 李普曼传
27039531, 9.2, 171, 良知对抗暴力
34865589, 9.0, 197, 天才永生（医学大神01）
26338430, 8.6, 276, 再造文明之梦
34898273, 8.0, 507, 倒退的帝国
06430264, 9.2, 165, 曾国藩大传
11597382, 8.3, 364, 杂记赵家
26324527, 8.3, 364, 富兰克林自传
01482496, 9.4, 141, 一生的故事（全六册）
26790937, 9.0, 188, 我的回忆（第一册）
06827362, 9.2, 159, 汉密尔顿
01056120, 7.3, 1172, 满洲国妖艳-川岛芳子
30186006, 8.6, 258, 俾斯麦
34935089, 9.5, 126, “医学大神”文库本系列
27120009, 8.8, 215, 走出自己的天空
34394911, 9.1, 168, 陀思妥耶夫斯基
06952213, 8.2, 377, 宋美龄传
26794006, 8.9, 197, 撒切尔夫人
03605924, 7.6, 755, 滚雪球
01767646, 8.2, 372, 彭德怀自述
04188928, 7.9, 514, 林肯传
06429292, 8.8, 209, 杜甫
33408128, 8.0, 453, 小人物：我和父亲乔布斯
26107472, 8.1, 403, 苏格兰女王的悲剧
27070170, 8.7, 225, 雷蒙·阿隆回忆录
25913916, 7.8, 563, 杜甫传
33444643, 9.3, 139, 我是你的男人
26297159, 9.2, 149, 李鸿章传
06080028, 7.7, 630, 黑石的起点，我的顶点
26777025, 8.0, 437, 冷峻的良心：奥威尔传
01437908, 8.5, 263, 知无涯者
01021456, 8.5, 259, 我怎样设计飞机
26805246, 9.1, 156, 摇滚狂人
22196844, 8.4, 283, 我知道笼中鸟为何歌唱
20278566, 7.4, 895, 艰难一日
34786491, 8.9, 180, What It Takes
26679174, 8.2, 340, 杨绛传
27041297, 8.0, 420, 孤身绝壁
06607708, 8.5, 252, 最高职责
30338167, 9.0, 164, 小丑的流浪
26617182, 8.6, 229, 挑战不可能
02382925, 7.9, 459, 宋氏三姐妹
25854660, 7.9, 459, 邓小平传
01073106, 7.9, 457, 做生意的艺术
27092935, 7.6, 650, 五百年来王阳明
19963460, 8.5, 246, 与魔鬼作斗争
02216197, 9.0, 161, 粟裕战争回忆录
25843679, 9.0, 161, 陀思妥耶夫斯基（第1卷）
25982113, 8.2, 325, 摇滚不死
30270978, 8.4, 265, 手冢治虫：原画的秘密
02382825, 7.4, 817, 希拉里传
26612175, 8.7, 200, 史迪威与美国在中国的经验（1911-1945）
26882979, 7.1, 1257, 且以优雅过一生
30180827, 9.1, 144, 我的渡世日记
27130213, 9.0, 155, 萧红传
34840716, 9.3, 124, Know My Name
25986499, 8.7, 196, 奥斯卡·王尔德传
26989749, 9.2, 132, 刘基事迹考
26740258, 8.3, 281, 弗里达
06954093, 8.9, 164, 追寻事实
26291458, 8.7, 193, 苏东坡传
04279827, 8.6, 209, 人间鲁迅（上、下）
30464960, 8.8, 174, 坂本龙马与明治维新
05408065, 8.9, 160, 曾国藩传
01493085, 8.5, 224, 从革命到政治
03711441, 8.8, 173, 马丁·路德·金自传
04931700, 9.4, 110, 创新的先知
25983635, 8.7, 186, 驚弦
27667782, 9.5, 102, 普里莫·莱维传
27092641, 8.0, 358, 人类群星闪耀时
34992172, 8.1, 322, 宋仁宗：共治时代
26674220, 8.9, 156, 章开沅口述自传
01820160, 8.2, 290, 马克思传
01161333, 8.5, 218, 爱因斯坦传（上下）
30358734, 8.7, 183, 苏珊·桑塔格：精神与魅力
04178326, 8.3, 262, 杰克·韦尔奇自传
02210591, 8.3, 261, 史迪威与美国在中国的经验
02993169, 8.3, 261, 尼科洛的微笑
25997023, 7.6, 559, 亚历山大·麦昆
25887840, 8.6, 198, 吴宓与陈寅恪
26314769, 8.6, 195, 李宗仁回忆录
25841474, 8.6, 194, 哈耶克传
25774831, 7.6, 544, 道路与梦想
01213404, 8.2, 280, 穷理查年鉴
26764871, 7.7, 479, 将心注入
25852404, 9.1, 127, 康德传
34672161, 8.0, 334, 卡夫卡与少女们
26656527, 8.8, 159, Notorious RBG
25733363, 9.0, 135, 从战争中走来
30125592, 9.0, 135, 发现的乐趣
26662477, 8.7, 171, 艺术的逃难
25714765, 8.4, 219, 漫漫自由路
20396757, 8.7, 168, 罪恶之城的骑士
26684408, 8.2, 263, 宽客人生
20492371, 8.5, 199, 师从天才
34833879, 8.0, 320, 天才主厨的绝对温度
01083600, 8.6, 180, 我在通用汽车的岁月
25551562, 7.4, 639, 李光耀回忆录
30400047, 9.1, 121, Can&#39;t Hurt Me
02012088, 9.3, 105, 毛泽东年谱
25697234, 9.5, 91, 朱镕基上海讲话实录
26294167, 8.8, 150, 敬愛的領袖
27029481, 9.2, 111, 炉边谈话
21331177, 8.3, 230, 我的前半生
27056404, 8.9, 138, 三作家传
04119096, 7.4, 622, 查理·芒格传
01190501, 8.3, 226, 启功口述历史
26810905, 7.3, 698, 曾国藩：又笨又慢平天下
01187667, 8.2, 248, 华尔街之子
26897739, 8.0, 302, 文艺复兴的故事05：优雅的冷酷：切萨雷·波吉亚的一生
01057877, 7.9, 335, 毛泽东传
24325917, 8.5, 182, 我生有涯愿无尽
27202742, 8.0, 292, 我的创业史
03183090, 8.0, 291, 许倬云问学记
26340695, 8.8, 141, 三位一体
25928297, 7.1, 877, 我的简史
03738701, 8.3, 215, 经营沉思录
01351480, 6.8, 1381, 柏拉圖式性愛
02053754, 8.5, 178, 大自然的猎人
34464690, 8.4, 191, 大梦无疆
01041483, 7.4, 557, 杨绛传
30275093, 7.7, 386, 1924
01272879, 8.1, 250, 棋行天下
27103061, 8.3, 206, 竞争的艺术
34399478, 9.0, 116, 理查德·费曼传
02230560, 8.1, 249, 艾柯卡自传
30322593, 8.5, 172, 我的先生夏目漱石
25818901, 8.7, 144, 杜甫
24873559, 8.5, 169, 洛克菲勒传
33420970, 8.4, 184, 绕日飞行
25902032, 7.8, 329, 只有偏执狂才能生存
30234603, 7.4, 523, 任天堂哲学
27156296, 9.4, 85, 陶瓷一生
34882674, 7.9, 291, 曾国藩的经济课
34893735, 8.1, 237, 事实
04258923, 9.0, 111, 穿越歧路花园
26837420, 8.9, 119, 白宫岁月
26978375, 7.3, 581, 人心至上：杜月笙
30133563, 8.2, 210, 我是未来——尼古拉·特斯拉传
27124848, 8.4, 175, 硅谷革命
26881124, 9.1, 101, 王家衛
06784039, 5.7, 13525, 你若安好便是晴天
27124027, 8.2, 208, 加缪传
24722622, 7.6, 388, 为什么是毛泽东
30337269, 7.5, 437, 生于1981
01006190, 7.4, 492, 知识分子
26919771, 8.3, 185, 李叔同
24862245, 8.4, 169, 拿破仑传
24876899, 8.8, 122, 顾维钧回忆录（全13册）
26763015, 9.1, 98, 李光耀：新加坡赖以生存的硬道理
02976741, 8.6, 142, 基辛格
26865410, 9.1, 97, 入世哲学家
26164117, 9.4, 79, 悠悠长水
26890735, 9.3, 84, 帕斯捷尔纳克传（上、下）
34825128, 8.1, 216, 维多利亚女王
27045457, 7.4, 459, 宋氏家族
10564562, 6.8, 1076, 普京传
01005975, 8.0, 233, 我生有涯愿无尽
34865700, 9.5, 72, 探寻魔弹（医学大神12）
30162352, 9.2, 87, 我是怎么设计航空发动机的
26911598, 8.6, 134, 华盛顿传
34952525, 8.9, 106, 攀岩人生
01130448, 9.1, 92, 杜甫评传
25887892, 9.7, 63, 巴尔扎克传
03260786, 8.5, 144, 紫禁城的黄昏
30152134, 7.7, 309, How to American
24862257, 8.1, 205, 希特勒传
30320103, 8.1, 205, 香农传
34793028, 9.3, 80, 杜尚
25920864, 7.2, 564, 强权与铁腕
02342028, 8.3, 168, 收刀入鞘
26950592, 9.0, 96, 疼痛是一道我穿越了的牆
01066934, 7.8, 269, 毛泽东自传
26599526, 7.0, 720, 阿里传
26976429, 7.4, 418, 鲍勃·迪伦：诗人之歌
30473854, 8.5, 138, 我的情报与外交生涯
34842016, 8.9, 101, 鯨吞億萬
30312038, 9.0, 94, 有梦不觉人生寒：杨绛传
27187084, 7.4, 407, 跳着踢踏舞去上班
26800827, 8.1, 191, 林肯传
27616950, 7.0, 688, 武曌
30434839, 8.7, 114, 我的瓦格纳人生
06868806, 8.3, 158, 出版人
27662715, 8.8, 105, 基辛格
30329248, 8.4, 143, “爱国的”独裁者
26372330, 8.4, 141, 罗素传
34857301, 6.7, 1044, 生命因你而火热
26348833, 8.5, 128, 弗洛伊德传
26023215, 8.5, 127, 毛泽东
34841965, 8.9, 93, 通天之路
27009512, 8.0, 195, 一生充和
03827990, 7.3, 416, 毛泽东的读书生活
26855019, 9.4, 66, 左宗棠全传
26578129, 7.8, 233, 何有此生
05398106, 9.0, 85, 林肯与劲敌幕僚
27601732, 8.3, 145, 科学迷宫里的顽童与大师
34888766, 8.8, 97, 我在太空的一年
06877595, 8.6, 112, 约翰·列侬
34781396, 7.6, 282, 宋仁宗和他的帝国精英
26894720, 7.6, 281, 查理·芒格传
26617165, 9.2, 73, 乔伊斯传
30141455, 8.7, 103, 通往权力之路
30429722, 7.4, 352, 爱尔兰人
26440293, 9.5, 60, 希特勒
30328192, 8.2, 152, 吉尔·德勒兹
26862478, 6.8, 780, 特朗普自传
26934189, 8.5, 118, A Man for All Markets
30385317, 8.8, 94, 朗道传
33376541, 8.6, 109, 梅特涅：帝国与世界
27185051, 9.6, 56, 与鲁迅相遇
30136424, 8.8, 93, 大自然的猎人
33372437, 8.5, 116, 苏轼传
01047609, 8.5, 115, 张忠谋自传
30257293, 8.7, 98, 我的最后叹息
27074369, 7.1, 480, 可口可乐传
25966878, 9.1, 72, 艾森豪威尔
26832061, 8.2, 141, 凯南日记
33372566, 8.4, 119, 说吧，记忆
27074052, 9.3, 63, 尼采思想传记
26785900, 6.4, 1348, 永不放弃
26850028, 7.5, 276, 阿里巴巴
05920818, 7.2, 392, 从20万到30亿
26700719, 8.0, 164, 洛克菲勒自传
25891112, 9.1, 70, 我在通用汽车的岁月：斯隆自传
30271611, 9.1, 70, 无乐之词
26921229, 8.5, 107, 霍华德·休斯传
30155780, 8.0, 163, 活出生命的意义（新版）
34918511, 9.0, 74, 风雨琳琅
30296906, 7.9, 177, 国之枭雄
33422843, 7.4, 300, 至暗时刻
26314527, 8.0, 160, 若为自由故
27192110, 8.4, 113, 叔本华传
06435101, 6.9, 560, 仓央嘉措诗传全集
26961110, 8.1, 142, 柏林记忆
34803998, 8.7, 87, 国王与诸神
34974767, 8.9, 75, 卡特制造
30292465, 9.0, 70, 为历史而生
27085686, 8.6, 92, 大卫·休谟传
34873195, 7.7, 200, 小津安二郎全日记
26803787, 9.4, 54, 我的大脑敞开了
05992422, 7.3, 302, 高岗传
33407728, 7.9, 159, 坚定不移
30140243, 8.9, 72, 希特勒传
34805703, 8.0, 143, The Man Who Solved the Market
34867399, 7.4, 261, 我的改变
03071975, 8.4, 101, 童年的许诺
04722403, 7.5, 229, 投机教父尼德霍夫回忆录
34204559, 7.3, 276, Dear Girls
33426141, 9.5, 47, 纳博科夫传
33430622, 7.6, 197, 遇见莫扎特：从神童到大师的音乐人生
34936974, 7.5, 215, 卡尔·拉格斐传
24862252, 8.6, 81, 切•格瓦拉传
30177472, 7.1, 337, 创业在路上
34840056, 8.3, 101, 海海人生
34441055, 8.8, 70, 维多利亚女王
26891104, 8.6, 80, My Own Words
27107270, 7.6, 188, 致所有疯狂的家伙
30280586, 8.0, 127, 伊本·赫勒敦
30320703, 8.4, 91, 守候黎明
34907856, 9.3, 50, 贝多芬传
27156274, 8.2, 106, 德国人
30449528, 8.2, 106, 托马斯·克伦威尔
34429983, 6.7, 539, 蒂姆·库克传
30312510, 6.1, 1479, 深度思考
30265847, 7.6, 172, 黑石的选择
01144501, 8.3, 92, 约翰逊传
26834624, 8.8, 63, 罗素传
30254377, 9.0, 55, 生活，在别处：海明威影像集
25883928, 9.8, 35, Stalin
30416702, 7.9, 121, 人类群星闪耀时
33376514, 8.6, 69, 于尔根·哈贝马斯传：知识分子与公共生活
30333761, 7.2, 238, 人类群星闪耀时
33377887, 8.7, 63, 从万里江山到灯火阑珊：辛弃疾传
26759191, 8.1, 98, 邓稼先传
30480848, 6.8, 391, 怪作家
01427468, 9.2, 46, 手术刀就是武器
34982529, 8.5, 71, Apropos of Nothing
20501523, 8.4, 74, 马世民的战地日记
25844039, 7.5, 159, 創作者的日常生活
30371905, 7.7, 128, 三毛传：你松开手，我便落入茫茫宇宙
01848192, 7.4, 171, 为了世界更美好
24232359, 8.6, 62, 亚当·斯密传
30433146, 8.1, 89, Trillion Dollar Coach
27104158, 8.4, 70, 艾伦·图灵传
26803000, 8.3, 75, 希特勒传
30164652, 8.3, 75, 我的一生
10566133, 7.6, 134, 罗斯柴尔德家族（上）
21778431, 8.6, 60, 同时代人回忆陀思妥耶夫斯基
30464260, 6.5, 493, 漫威之父斯坦·李
33426140, 9.1, 42, 纳博科夫传
25811061, 8.1, 80, 荣光之路
25807517, 8.7, 52, 马斯洛传
30219491, 8.7, 52, 理想主义者
01082525, 7.0, 221, 江青全传
34974512, 9.5, 32, 一个利他主义者之死
26426367, 6.8, 280, 特斯拉自传
27592193, 7.6, 114, 温柔的正义
34857278, 9.6, 30, 生命是赌注
34933772, 9.4, 33, 伽达默尔传：理解的善良意志
33436261, 7.7, 102, 匈人王阿提拉
25788731, 9.0, 40, 马克斯·韦伯传
26633104, 7.6, 109, 钱学森传
30312123, 7.9, 82, 弗吉尼亚·伍尔夫传
26975278, 9.7, 27, Stalin
27623521, 7.9, 80, 不完美风暴
34970403, 8.3, 59, 旧巢痕
19936502, 8.4, 55, 人鸟低飞
30480829, 7.7, 94, 格林斯潘传
30366086, 8.3, 58, 父亲的声音
26820364, 7.5, 111, 陈伯达传
34953930, 9.7, 26, 萧红：人鸟低飞
34848453, 7.3, 131, 鲁迅的都市漫游
30457509, 7.2, 142, 创作者的一天世界
01684505, 7.1, 156, 澳门赌王何鸿燊全传
34886844, 7.7, 86, 汉娜·阿伦特：活在黑暗时代
35083974, 9.3, 30, 张爱玲：才华是女人最大的底气
34432077, 7.5, 100, 布隆伯格自传
35034176, 8.6, 43, 钻石与铁锈
24862254, 7.2, 131, 丘吉尔传
35013038, 9.5, 26, 小人物
34993142, 9.0, 33, 天堂城堡中的音乐
34873597, 8.1, 57, 艾迪的自白
33458226, 8.3, 49, 我的转身：克鲁伊夫自传
34886843, 8.1, 56, 大卫·林奇：他来自异世界
26431472, 9.2, 28, 非常年代
34970718, 9.2, 28, 岁月与性情
34913424, 9.0, 31, 克尔凯郭尔传
30229214, 7.8, 67, 塞纳河畔的一把椅子
27082295, 7.0, 139, 骗局之王
30302547, 8.0, 56, 贝托尔特·布莱希特
35009952, 5.8, 817, 娜是光照亮的地方
35013915, 8.8, 33, 李小龙信札
26952157, 7.6, 74, 苦酿百威
34854406, 9.5, 23, 我的造梦之路
06520410, 8.3, 44, 江泽民在上海
35068946, 9.6, 22, 建筑的梦想
30299704, 8.1, 50, 动画人生
35097551, 7.3, 93, 人生由我
34812473, 7.7, 64, 大师巨匠
27126679, 8.4, 39, 赫尔曼·布洛赫传
30289509, 7.1, 104, 宋美龄自述
33440544, 6.8, 141, 我的前半生
27050282, 8.0, 44, 麦克阿瑟回忆录
34979855, 8.5, 32, 百年曾祺：1920—2020
34925999, 6.3, 234, 摩登天空：新裤子——最后的乐队
34939905, 8.3, 35, 弗里达·卡罗
30345792, 8.5, 31, 成为福克纳
30481422, 6.5, 169, 曾国藩传
34990231, 7.8, 44, 伪装的艺术
27146622, 8.2, 33, 美国的凯撒大帝：麦克阿瑟（上）
35040282, 8.4, 29, 刀头上的绝响
34988043, 9.5, 17, 天堂十字路口
34943276, 7.3, 62, 荆棘与荣耀：新时代女排奋斗记
34991896, 8.3, 29, 最伟大的骑士
26295453, 9.2, 18, 毛泽东传（第三版）
35005076, 9.2, 17, 登月第一人
26419492, 7.5, 44, 特拉蒙普自传
26545269, 9.0, 18, 罗斯福与塔夫脱
27005936, 5.5, 475, 任正非传
26952181, 6.5, 100, 从0到ZARA
30764010, 8.5, 21, 杰克·韦尔奇自传(尊享版)
34907890, 8.7, 19, 密码女王
30463121, 9.6, 13, 内心的声音
26806886, 8.8, 18, 丘吉尔精神：一个人如何改变历史
30411847, 8.2, 24, 被搞丢的人生
30376501, 8.7, 18, 黄河青山
34974428, 7.4, 35, A Woman Makes a Plan
34886841, 7.9, 24, 塞林格：艺术家逃跑了
34840584, 8.7, 15, 孙正义传
34840582, 8.4, 15, 牛顿传
27064758, 7.1, 32, 澳门赌王：何鸿燊全传
34663208, 7.2, 28, 阿尔弗雷德·希区柯克：他知道得太多了
26718494, 8.3, 14, 孟德斯鸠传
26979649, 5.6, 135, 愿你喜欢笑
30170244, 9.1, 10, 达·芬奇传
34886842, 6.9, 31, 爱伦·坡：有一种发烧叫活着
34912616, 7.3, 22, 我的投资生涯
30344086, 7.6, 17, 恋爱中的海明威
34912577, 7.1, 23, 槐聚心史
27197900, 7.3, 18, 王蒙自传（第1部）
34950153, 7.0, 18, 希特勒的克里斯玛
34785087, 7.5, 11, 特拉克尔
26734692, 5.2, 66, 何鸿燊：不赌就是赢
34902368, 0.0, 10, 幻化之龙
34970876, 0.0, 10, 陀思妥耶夫斯基（第4卷）
34857232, 0.0, 11, 简·奥斯丁传
34985615, 0.0, 11, 此生只为守敦煌
34807090, 0.0, 12, 纳兰成德传
34877049, 0.0, 12, 马克斯·韦伯思想肖像
02259464, 0.0, 16, 笛卡尔传
34978366, 0.0, 26, 菲利普·迪克传
35059477, 0.0, 42, 木心上海往事
