2020-07-05 15:59:55

number of books, tag name
419, 伦理

ID, rating, votes, title
01770782, 8.9, 647920, 追风筝的人
06082808, 9.2, 294569, 百年孤独
10554308, 9.1, 272213, 白夜行
27614904, 9.2, 192572, 房思琪的初恋乐园
01082154, 9.1, 190795, 活着
20427187, 8.8, 276224, 看见
04908885, 9.0, 129264, 局外人
06518605, 9.4, 49450, 三体全集
01085799, 8.7, 102796, 白鹿原
01082387, 9.3, 35131, 一九八四·动物农场
01795079, 9.2, 36595, 乡土中国
01786670, 8.9, 52345, 百年孤独
26382433, 8.2, 115948, 无声告白
01400705, 8.1, 134115, 情人
26576861, 9.0, 25133, 最好的告别
01401425, 8.3, 84771, 兄弟（上）
02064977, 8.9, 23263, 死亡筆記 1
26362836, 9.0, 16353, 献给阿尔吉侬的花束
01964774, 9.1, 12791, 论语
01321789, 8.7, 21100, 美丽新世界
02158189, 8.5, 28641, 海边的卡夫卡
20441957, 8.5, 26921, 兄弟
02022979, 8.0, 62015, 喜宝
04874131, 8.1, 44955, 东霓
05375620, 8.7, 15221, 失控
02194123, 8.4, 24264, 相约星期二
02056749, 8.1, 40337, 时间旅行者的妻子
06711405, 8.9, 9488, 不能承受的生命之轻
03537590, 8.4, 20146, 朗读者
03697494, 9.1, 6558, 洞穴奇案
01465324, 7.7, 67776, 洛丽塔
01394253, 8.7, 10778, デスノート 5
01060117, 8.6, 12455, 不朽
26681984, 8.8, 9113, 告白
04011440, 8.0, 31722, 最初的爱情 最后的仪式
01082522, 8.2, 21509, 家
05408882, 9.0, 6197, 公正
06397522, 9.3, 3789, 论自由
01049688, 8.4, 13158, 妞妞
26803179, 8.3, 15285, 平原上的摩西
01310228, 9.2, 4101, 乡土中国 生育制度
01010472, 8.5, 10146, 安娜·卡列尼娜（上下）
03673651, 7.7, 39083, 岛
01467776, 8.4, 10724, 朗读者
01851385, 7.9, 25133, 我的名字叫红
01286547, 8.6, 7678, 菜根谭
01926700, 7.7, 35875, 关于莉莉周的一切
04152754, 7.6, 42775, 时生
04580972, 7.7, 34607, 流星之绊
02139305, 7.7, 30672, 巴别塔之犬
01076330, 9.1, 3426, 奥狄浦斯王
06890451, 9.3, 2676, 外天楼
01292405, 8.6, 6482, 自私的基因
03137289, 8.5, 7326, 姐姐的守护者
26413027, 7.5, 41581, 虚无的十字架
06110110, 9.2, 2602, 社会契约论
03129584, 8.8, 4167, 莎乐美
01818583, 9.1, 2805, 斯·茨威格中短篇小说选
02146279, 9.0, 3070, 心灵的焦灼
02216583, 8.8, 3927, 沉重的肉身
25891771, 7.7, 21931, 失乐园
01357483, 9.2, 2299, 空之境界（上）
05347699, 7.8, 17499, 彷徨之刃
02025235, 9.1, 2523, 顾准文集
06794021, 7.8, 17143, 红手指
01006113, 7.8, 16077, 源氏物语
10488619, 8.9, 3042, 洞穴奇案
06073019, 9.0, 2584, 斐多
20366368, 9.1, 2266, 公正
04105411, 8.1, 8888, 第八日的蝉
06097966, 8.0, 10277, 发条橙
01035477, 7.9, 12094, 德伯家的苔丝
06310946, 9.1, 2130, 公正
01116367, 8.8, 3060, 道德情操论
27115970, 8.0, 9757, 秘密
01059537, 8.7, 3400, 沉重的肉身
27116235, 8.1, 7869, 飞行家
01317485, 8.7, 3271, 生命是什么
02080764, 8.2, 6317, 为何家会伤人
26295450, 8.7, 2757, 软件体的生命周期
01027280, 9.2, 1389, 柏拉图的《会饮》
01929958, 8.9, 1886, 论语
25720041, 7.7, 10342, 秘密
01068912, 8.4, 3268, 中国文化的深层结构
01349295, 9.3, 1062, 空之境界（上下集合售）
01397467, 7.9, 6305, 理智与情感
01283273, 7.3, 17771, 天黑以后
10788580, 8.0, 4923, 穆斯林的葬礼
01814118, 9.2, 1065, 月亮和六便士
01156994, 8.7, 1857, 永远是孩子
01075492, 8.0, 4809, 洛丽塔
06800500, 7.5, 10952, 南音 （下）
06313440, 8.8, 1579, 细雪
07059909, 7.4, 12841, 南音 （上）
02257188, 7.6, 8799, 致女儿书
02109239, 9.0, 1234, 论人与人之间不平等的起因和基础
26579966, 8.6, 1956, 医生的修炼
01263186, 7.9, 4883, 恶魔吹着笛子来
05313010, 7.9, 4875, Facebook效应
03727329, 7.1, 20567, 千山暮雪
27028847, 7.2, 16616, 沉睡的人鱼之家
02033808, 8.7, 1565, 巴黎圣母院
01372356, 8.9, 1223, Lolita
30441551, 8.8, 1326, 烧纸
01077638, 8.1, 3192, 耻
01807501, 9.2, 829, 最高機密1
01937127, 8.5, 1808, 穆斯林的葬礼
25756947, 7.4, 9649, 地狱
26578141, 8.7, 1404, 医生的精进
02213463, 8.6, 1580, 拯救与逍遥
01042157, 9.1, 903, 黑镜头（1、2册）
01037594, 8.3, 2266, 瓦尔登湖
04876369, 8.7, 1360, 姐姐的守护者
02242467, 7.2, 13399, 湖边凶杀案
01056979, 8.2, 2331, 千只鹤
01040126, 8.5, 1537, 洛丽塔
01936756, 8.6, 1277, 诊疗椅上的谎言
01427831, 8.7, 1118, The Perks of Being a Wallflower
06832303, 6.8, 24795, 别相信任何人
05394380, 8.2, 1947, 华莱士人鱼
03137979, 8.5, 1310, 道德情操论
06731202, 8.3, 1529, 恋文
01031857, 7.8, 2998, 虐恋亚文化
34988734, 9.1, 616, 走出唯一真理观
03238339, 8.7, 914, 人以什么理由来记忆
01986050, 8.7, 860, 哲学 科学 常识
02040646, 9.0, 629, 银河铁道999
01056917, 8.8, 750, 十诫
04000736, 9.1, 549, 正义论（修订版）
06126815, 7.9, 2201, 水泥花园
01914625, 7.7, 2914, 老师的提包
06060436, 7.6, 3361, D坂杀人事件
01370250, 8.8, 686, 孽子
01760082, 9.2, 450, 丹东之死
02257878, 7.8, 2253, 水泥花园
25867785, 8.6, 815, 正义之心
01393269, 8.7, 708, 铁皮鼓
01276771, 8.1, 1427, 政府论（上篇）
04218911, 7.6, 2788, 理由
01449325, 8.7, 676, My Sister&#39;s Keeper
02036573, 7.7, 2347, 儿子与情人
11597271, 7.9, 1737, 恶魔吹着笛子来
01083309, 9.0, 486, 论可能生活
01780208, 8.8, 591, 凯恩斯传
01319893, 8.0, 1476, 当和尚遇到钻石
01780035, 8.6, 716, 如何改变世界
26878908, 8.0, 1458, 儿童法案
01070872, 9.3, 361, 实践理性批判
01948813, 7.8, 1901, 赤い指
01788654, 8.3, 960, 我是你爸爸
05383916, 6.6, 15597, 十宗罪
06047527, 8.6, 658, 恍惚的人
03127122, 7.8, 1691, 公主之死
01817332, 8.7, 571, 爱因斯坦谈人生
02087398, 8.3, 868, 神様ゲーム
26392840, 9.2, 347, 沉重的肉身
20366367, 7.8, 1609, 金钱不能买什么
01824497, 8.2, 903, 呼唤
05247109, 8.7, 520, Never Let Me Go
01398925, 8.6, 575, 沙乡年鉴
01069168, 7.4, 2513, 钢琴教师
34876107, 7.9, 1165, 无处安放的同情
05260199, 8.6, 511, ≠ ノットイコール(1)
02143443, 8.8, 414, 奇子 1
04262654, 7.4, 2295, 我的男人
01918122, 7.4, 2216, 门
03237711, 8.7, 433, 自由的伦理
01041704, 9.5, 215, 卡拉马佐夫兄弟（上下）
26792376, 7.2, 2778, 分身
03093253, 8.7, 400, To Kill A Mockingbird
25923364, 8.8, 343, 微喜重行
04248132, 8.9, 307, 论可能生活
33455193, 7.3, 2024, 猎人
01079892, 7.8, 963, 橘子红了
03199212, 8.4, 470, 伦理学导论
01857240, 8.5, 421, 榆树下的欲望 漫长的旅程
01852591, 8.4, 466, 君王论
01038010, 7.2, 2149, 血玲珑
22051527, 8.5, 398, 自我的追寻
01261446, 7.3, 1744, 樱花树下
04000102, 8.0, 665, 自殺島 1
02064067, 7.6, 1107, 一个人
01315165, 7.6, 1084, 维纳斯的诞生
25910230, 8.1, 578, 爱的饥渴
30159078, 8.2, 501, 水泥花园
30304858, 7.9, 683, 色情
02008235, 7.6, 961, 丑闻笔记
07153418, 7.1, 2019, 富士山禁恋
07064149, 8.6, 303, 別讓我走
01364783, 7.8, 706, The Lovely Bones
06425265, 8.7, 272, 廊桥遗梦
02024995, 8.8, 248, 家变
01784676, 8.9, 226, 占有还是生存
30265800, 8.4, 356, 平常的恶
01970105, 8.0, 538, 拣尽寒枝
03405756, 7.9, 604, 生活的暗面
01941575, 8.4, 348, 田园交响曲
01869096, 8.3, 354, 乱伦禁忌及其起源
01135056, 8.4, 319, 道德原则研究
06811711, 7.0, 1898, 桥声
02119586, 7.8, 601, 窄门
06124240, 8.6, 259, 歧途哭返说战国
01769975, 9.1, 169, 僧侶與哲學家
02220782, 7.7, 670, 千万别丢下我
27089259, 8.2, 377, 陌生人溺水
06719658, 6.4, 5817, 谋杀似水年华
01010750, 8.7, 223, 伦理学的两个基本问题
04857077, 8.2, 355, 医学伦理
02154515, 7.5, 793, 寂寞的撒旦
02301012, 7.7, 607, 一个岛的可能性
10740043, 7.2, 1200, 白光
01832035, 8.9, 182, 雷雨
01002013, 7.6, 669, 曼特莱斯情人
05937121, 8.1, 369, 为什么我不是基督教徒
02051819, 8.7, 204, 神义论
01021876, 8.9, 171, 学术与政治
01775813, 8.6, 216, 存在的勇气
03215710, 7.9, 413, 伦理学的邀请
01375917, 9.1, 136, Complications
02098523, 9.3, 117, Oedipus the King
04703943, 7.5, 645, 第十层地狱
03023039, 8.1, 302, Nudge
01252661, 8.8, 160, 追寻美德
01016822, 8.5, 204, 美德的起源
01400159, 7.2, 887, 幻觉
01961884, 8.4, 207, 功利主义
01939887, 8.3, 225, 姊姊的守護者
20386252, 7.6, 471, 金融与好的社会
01068068, 8.9, 129, 沉思录
01232603, 8.9, 128, 原本大学微言
01077867, 7.7, 390, 沉船
01077151, 7.3, 619, 瑞典火柴
26785388, 7.4, 530, 賢者之愛
02069662, 7.9, 291, 法律人，你为什么不争气？
01068227, 8.2, 195, 人的问题
01390512, 8.5, 145, 家庭论
02059987, 8.8, 114, 自我、他人与道德
06873431, 8.9, 103, 知性乃道德职责
01274118, 9.0, 94, 论可能生活
02130286, 8.6, 126, 小窗幽纪
01939258, 8.3, 160, 殺人暗黑館 (上)
25917542, 7.7, 286, 共情时代
26926164, 7.1, 593, 我们的后人类未来
01082212, 9.1, 83, 塞·奈特的真实生活
03614521, 7.6, 299, 我们时代的伦理学
26311199, 8.0, 195, 违童之愿
19961182, 8.5, 120, 牛虻
01939260, 8.3, 140, 殺人暗黑館 (下)
03177113, 8.4, 124, 爱的艺术
02028835, 8.0, 176, 警世通言
02042046, 8.8, 90, 麦芒上的圣言
01939331, 7.9, 185, 別讓我走
27133478, 7.3, 354, 超人类革命
01245726, 8.8, 85, 自然的经济体系
02252423, 7.7, 217, 花园的旋转木马
21248716, 8.6, 93, あなたのことはそれほど 1
01949509, 8.6, 92, 飞越疯人院
02197289, 8.0, 147, 智慧背囊全集（1-10辑）
02026925, 8.6, 89, 冰点
01039412, 7.3, 295, 伦理学是什么
34930608, 8.1, 130, 巡山报告•基因编辑婴儿
26889296, 8.8, 71, 天涯若比邻
01281180, 7.5, 206, 《耶路撒冷的艾希曼》:伦理的现代困境
03410714, 8.0, 120, 古代思想文化的世界
30443294, 9.1, 52, 当代元伦理学导论
05389531, 8.4, 82, 老旦是一棵树
02193089, 8.0, 112, 老戏的前世今生
26413033, 7.4, 197, 姐姐的守护者
11595599, 9.1, 50, 伦理之业
06809637, 8.5, 71, 伦理学导论
06512293, 7.4, 182, 渐行渐远渐无书
33433739, 7.4, 177, 去洞庭
01336681, 8.8, 56, 沿海岸線徵友
25708065, 7.7, 129, 我的男人
30413518, 8.1, 87, 完美的七天
02348699, 8.5, 63, 伦理学关键词
34950156, 9.4, 36, 不正义的多重面孔
27078396, 7.2, 183, 背叛
26785866, 7.7, 109, Weapons of Math Destruction
01315195, 8.0, 83, 恶的象征
02002051, 6.8, 281, 于丹论语心得（典藏本）
01790232, 7.9, 88, 野蛮人的性生活
02046884, 6.6, 356, 小学館文庫 僕は妹に恋をする
02032478, 7.7, 102, 死刑囚042 1
01841779, 7.8, 91, Man
01276740, 7.9, 83, 美国联邦主义
04889940, 9.1, 37, 母慈子孝
10617732, 7.6, 106, 因为痛，所以是爱情
26723952, 9.1, 36, Being Mortal
01315264, 9.0, 37, 政治的正义性
01315244, 7.6, 99, 伦理学原理
01257659, 7.9, 76, 他人的血
01947374, 9.4, 27, Moral Luck
02264195, 7.8, 73, 地球也是它们的!
27038163, 7.8, 73, 法的经济解释
25845606, 8.1, 56, 何为道德
03092556, 7.9, 65, 弗洛尔和她的两个丈夫
30479196, 8.7, 37, 洞穴奇案
01064386, 7.2, 103, 恶为什么这么吸引我们？
30168192, 9.0, 28, 当代弗兰肯斯坦
01727907, 8.4, 39, What Really Matters
11226137, 8.1, 47, 為什麼狗是寵物？豬是食物？
06750400, 7.8, 58, 自由主义与正义的局限
01074312, 8.6, 34, 人之常情
01438932, 9.1, 26, 沉重的肉身
02049384, 8.1, 43, 选择与结果
01314722, 7.7, 57, 解放・传媒・现代性：关于传媒和社会理论的讨论
01803133, 7.8, 50, 公共意识与中国文化
01046518, 7.8, 49, 比天空更广阔的
05978069, 8.2, 37, Sing You Home
01906214, 7.8, 46, 大规划
01781773, 8.0, 40, 冰点
01998052, 8.3, 33, 伦理学
01082402, 8.5, 29, 美国来的妻子
04213131, 8.7, 26, 心理咨询与治疗伦理
10464942, 7.0, 87, 湖光山色
02222774, 7.8, 40, 商业生态学
06516185, 7.2, 64, 中国的忧伤
01373138, 8.1, 32, The Lives of Animals
26280534, 7.8, 38, 记者与谋杀犯
34937607, 9.3, 17, 论家
04152441, 8.1, 31, 生而向善
26721512, 8.4, 26, 为谁辛苦为谁忙
20527273, 9.0, 19, The People in the Trees
01139599, 7.7, 39, 围炉夜话
02286173, 7.3, 50, Hotel
26848782, 6.6, 96, 幻觉
03179477, 7.1, 58, 抱歉
34431983, 7.6, 37, 他的秘密
03578281, 8.1, 26, 李宗吾厚黑处世智慧全书
06760071, 7.7, 33, 不良父母
01256252, 7.3, 44, 安乐死和医生协助自杀
05243478, 8.9, 17, 基督徒看钱、性与权势
03566249, 8.2, 24, Handle with Care
02369373, 8.5, 20, Truth and Truthfulness
34822824, 7.5, 36, 电影与伦理：被取消的冲突
02071219, 7.4, 37, 道德与新闻
03640116, 7.9, 26, Ghosts
05415359, 8.7, 17, 自主权利的道德界限
02973333, 6.9, 54, 希腊激情
03653543, 8.0, 24, 轴心时期的儒家伦理
04270329, 8.0, 24, The Slap
02032376, 8.3, 20, 死是容易的
27074707, 8.5, 18, 背德者
01826797, 6.9, 51, 像哲学家一样思考-冰点的思考
06520627, 7.4, 34, 一枕繁花
25942323, 7.8, 26, The Children Act
03120787, 9.0, 14, 信望爱圣经伦理学导论
01055653, 8.8, 15, 伦理学和政治学中的人类社会
06777998, 7.5, 30, 道德情操论
01130863, 7.9, 23, 拇指铐
06123792, 7.6, 27, 打破心理治疗师心中的禁忌
01288855, 7.3, 33, 中国伦理思想研究
03270350, 8.3, 18, 经济分析、道德哲学与公共政策
02175548, 8.2, 18, 现代环境伦理
26657770, 7.8, 22, 疾行之人
25931535, 8.0, 19, 恶习的美德
02687674, 7.9, 20, 视觉时代的听觉细语
27079167, 8.2, 17, A Crack in Creation
26868579, 6.5, 55, 卐
10791682, 7.6, 23, 不存在的孩子
04196433, 8.0, 18, 伦理观的故事
02653767, 8.5, 14, Salem Falls
30151816, 7.0, 30, 道德情操论
06718285, 6.8, 34, 看不見的門和鶴的天空
01609077, 8.6, 12, 与命与仁
02153615, 8.6, 12, Cave in the Snow
02188638, 6.6, 40, Snow Flower and the Secret Fan
03270992, 8.8, 11, 保护弱势
04178239, 8.2, 14, 中国传统伦理思想史
01041604, 7.1, 26, 道德的沦陷
06516264, 7.2, 23, 孤独六讲
27008909, 7.9, 15, 人體交易
02234941, 8.2, 13, 金代道教研究
02174988, 7.1, 24, 康德的智慧
04847256, 8.0, 14, 医学伦理学经典案例
03300348, 7.5, 18, 東京家族
01837508, 7.6, 17, 幸福与优雅
02160067, 7.8, 15, 21世纪的十诫
05399402, 6.9, 26, 流苏树
34936017, 7.2, 21, 娘の友達 3
01811531, 7.9, 14, 工程伦理概念和案例
01910131, 7.0, 23, 经济伦理学
04923296, 7.7, 15, 论伦理精神
11595600, 7.7, 15, 儒教与道教（最新修订版）
02222602, 6.9, 24, 铁笼，还是乌托邦
04224611, 6.4, 35, 传媒法规与伦理
04721864, 6.5, 32, 道德边缘
01662766, 7.6, 15, 爱的存在与勇气
04170872, 7.0, 21, 伦理能不能管科学
26609445, 8.2, 11, 火的礼物：人类与计算技术的终极博弈（第4版）
03898983, 7.6, 14, 黑白分明
04146301, 7.2, 17, 你好，帕金森
01275159, 7.4, 15, 西方伦理学名著提要
05418505, 7.5, 14, 平面设计伦理与风格手法
24721820, 7.5, 14, 责任原理
01663363, 7.3, 15, 天、地与我
01988395, 7.1, 15, 计算机伦理学
30395941, 7.6, 11, 你不可不知的50个伦理学知识
01920427, 7.0, 15, Giving an Account of Oneself
01258708, 6.8, 17, 性伦理学
01663364, 6.8, 17, 动物福利
24878542, 6.2, 26, 道德情操论
25750904, 6.5, 19, 公私辨
01843994, 5.8, 24, 二十四孝图说
04931544, 6.4, 13, 裸婚的日子
01288670, 6.4, 11, 网络传播伦理
01258582, 6.3, 11, 生命伦理学导论
25833456, 4.1, 34, 文学伦理学批评导论
02160952, 2.2, 699, 让孩子告别网瘾
01814587, 0.0, 10, 敬畏自然
27131807, 0.0, 10, 工程伦理
03226199, 0.0, 11, 哲学的伦理学
06389870, 0.0, 11, 人生中的大问题
03292220, 0.0, 12, 青紅皂白（修訂本）
02194545, 0.0, 13, 故乡在纸上
01908422, 0.0, 26, Everyware
26331658, 0.0, 47, 爱上你的声音
26757676, 0.0, 112, 二胎驾到
