2020-07-05 15:59:55

number of books, tag name
244, 余华

ID, rating, votes, title
04913064, 9.4, 496836, 活着
01084336, 9.0, 576750, 小王子
01770782, 8.9, 647920, 追风筝的人
06082808, 9.2, 294569, 百年孤独
03211779, 8.9, 411936, 嫌疑人X的献身
01008145, 8.9, 372541, 围城
02567698, 8.8, 375303, 三体
01200840, 9.0, 251381, 平凡的世界（全三部）
01082154, 9.1, 190795, 活着
10594787, 9.0, 184318, 霍乱时期的爱情
01029791, 8.8, 191227, 许三观卖血记
01089243, 8.9, 124069, 黄金时代
01061118, 9.1, 86508, 活着
01057244, 8.7, 178948, 边城
01829226, 9.1, 85327, 肖申克的救赎
03995526, 8.6, 185203, 目送
01017143, 8.5, 200885, 不能承受的生命之轻
02143732, 8.8, 91248, 灿烂千阳
02154960, 8.7, 107018, 一个陌生女人的来信
03608208, 8.5, 120383, 牧羊少年奇幻之旅
04760224, 9.0, 46963, 许三观卖血记
04117922, 9.0, 46246, 嫌疑人X的献身
01040771, 8.2, 206805, 达·芬奇密码
01949338, 8.9, 53038, 明朝那些事儿（贰）
01786670, 8.9, 52345, 百年孤独
01948901, 8.3, 160111, 盗墓笔记
04742918, 8.3, 111155, 1Q84 BOOK 1
01775691, 8.4, 81346, 少有人走的路
05350303, 9.3, 17512, 活着
01400705, 8.1, 134115, 情人
01401425, 8.3, 84771, 兄弟（上）
01059258, 9.4, 12589, 道德经精义
03803820, 8.4, 51377, 人生
01059419, 8.1, 90759, 海边的卡夫卡
01418686, 8.7, 27666, 红拂夜奔
01461903, 7.8, 138118, 何以笙箫默
01044663, 8.7, 22167, 许三观卖血记
27064488, 9.4, 8013, 活着
04884218, 8.8, 17960, 我的阿勒泰
01394364, 8.8, 17668, 银河系漫游指南
20441957, 8.5, 26921, 兄弟
05366248, 8.2, 44291, 你一定爱读的极简欧洲史
01084165, 9.0, 11422, 平凡的世界
01082138, 8.4, 25748, 在细雨中呼喊
03151596, 9.2, 6601, 活着
01061977, 8.7, 12954, 血色浪漫
01050339, 7.7, 77672, 文化苦旅
20421947, 8.6, 14521, 在细雨中呼喊
01125186, 8.5, 16404, 半生缘
01039752, 7.8, 57364, 且听风吟
01056023, 8.6, 12986, 鼠疫
02360269, 9.4, 4122, タッチ 完全版（1）
04882133, 8.5, 13515, 兄弟
04011440, 8.0, 31722, 最初的爱情 最后的仪式
05990251, 8.5, 12900, 西藏生死书
01034067, 8.8, 7674, 美的历程
04010969, 7.8, 40236, 当我们谈论爱情时我们在谈论什么
03711709, 8.7, 8252, 娱乐至死 童年的消逝
03102324, 7.7, 44693, 秘密
01009393, 8.4, 12386, 在细雨中呼喊
02282097, 8.8, 6330, 像自由一样美丽
06018916, 9.0, 4128, 许三观卖血记
02036561, 8.4, 9409, 城堡
01453210, 7.4, 59053, 一座城池
01013419, 8.8, 5025, 张爱玲全集1：长篇小说·半生缘
03266345, 8.1, 14080, 三杯茶
03391246, 8.2, 10494, 潮骚
04267149, 8.5, 6323, 人生
27141102, 9.2, 2522, 许三观卖血记
01703544, 7.4, 43431, 兄弟（下）
03137087, 8.8, 3615, 许三观卖血记
03698217, 8.5, 5358, 花田半亩
02237621, 8.5, 4295, 十八岁出门远行
03176760, 8.4, 4925, 革命时期的爱情
01011228, 8.4, 3958, 远大前程
01071921, 8.1, 5727, 现实一种
24540864, 6.9, 55195, 第七天
25846358, 9.5, 944, 活着
02375977, 8.4, 3113, 香椿树街故事
03149443, 8.4, 3106, 兄弟
04053593, 9.1, 1270, 鹿鼎记
06015822, 8.5, 2503, 在细雨中呼喊
01471705, 8.7, 1815, 送你一匹马
27176647, 8.0, 4666, 吃瓜时代的儿女们
01090042, 8.5, 2305, 流言
04072044, 8.1, 3913, 微笑的咖啡杯
04162705, 8.8, 1554, 康熙大帝（全四册）
03131814, 8.7, 1749, 笔记大自然
01006737, 7.8, 5921, 米
01456203, 9.0, 1118, 銀河鐵道999 （1）
20406553, 8.1, 3418, 现实一种
01038861, 7.8, 4765, 手机
01080789, 8.6, 1489, 白鹿原
03886832, 7.5, 7079, 废都
20397280, 8.2, 2299, 黄昏里的男孩
01041912, 8.0, 2910, 黄昏里的男孩
01839627, 8.3, 1852, 香草山
25823739, 9.3, 598, 活着
03298988, 8.5, 1363, 直视骄阳
01069227, 7.9, 2699, 世事如烟
01035146, 7.7, 3534, 非常罪，非常美
30259153, 7.7, 3398, 第七天
06120501, 7.4, 5365, 中国式青春
06313528, 8.4, 1141, 了不起的盖茨比
05988636, 7.8, 2519, 雏菊人生
04896497, 8.2, 1450, 一一风荷举
03151597, 8.5, 1007, 在细雨中呼喊
03773943, 8.5, 976, 爱与孤独
01046276, 8.1, 1576, 温暖和百感交集的旅程
01433336, 8.6, 853, 山居岁月
01387819, 8.3, 1200, 青之炎
01024733, 7.7, 2649, 鲜血梅花
02999641, 8.3, 1166, 现实一种:余华中短篇小说集
01062148, 7.5, 3548, 我胆小如鼠
01490736, 7.8, 2192, 古典爱情
06753739, 7.7, 2383, 大方 No.2
03521168, 7.0, 7863, 谢谢你离开我
05996565, 7.8, 2023, 麦田里的守望者
01734833, 8.2, 1150, 余华精选集
01082236, 8.4, 855, 我没有自己的名字
20436853, 8.8, 551, 许三观卖血记
01063418, 7.7, 2037, 没有一条道路是重复的
02241214, 8.7, 584, 味至浓时即家乡
02052760, 8.1, 1023, 我能否相信自己
03691443, 8.8, 473, 京华烟云（全两册）
01048411, 7.6, 1999, 战栗
01069441, 8.3, 787, 纯粹理性批判
01038703, 7.8, 1311, 音乐影响了我的写作
30162553, 9.0, 348, 兄弟
03079279, 8.7, 452, 感動，如此創造
06073365, 9.5, 224, 余华长篇小说
20397289, 7.9, 1097, 没有一条道路是重复的
04067659, 8.0, 904, 德语课
02356871, 7.0, 3931, 欢喜
20426613, 7.7, 1289, 世事如烟
20426710, 7.7, 1285, 鲜血梅花
03293742, 7.8, 1116, 战争画师
26654202, 9.9, 150, 余华长篇小说
01433382, 7.9, 889, 河边的错误
02081256, 7.9, 869, 我要的不多
01438394, 8.3, 543, 更多的人死于心碎
30204337, 8.4, 453, 在细雨中呼喊
20406554, 7.6, 1091, 战栗
03194378, 7.8, 805, 你流泪时我会哭
01081403, 7.5, 1174, 我的梦想在燃烧
01256826, 8.8, 252, 温暖的旅程
03137022, 8.1, 462, 温暖和百感交集的旅程
01956018, 9.0, 197, 世界哲学史
26291216, 6.5, 5198, 我们生活在巨大的差距里
03072319, 8.0, 453, 劫梦惊魂
26273828, 8.7, 223, 兄弟
20389870, 8.2, 347, 温暖和百感交集的旅程
01477146, 8.8, 180, 豺狼的日子
27108783, 7.8, 477, 文学或者音乐
27606107, 7.5, 688, 河边的错误
03032467, 9.0, 148, 活著（特別紀念版）
01353275, 8.8, 172, 許三觀賣血記
03154105, 7.7, 506, 世事如烟
20437010, 9.5, 102, 余华作品（全13册）
01075896, 7.6, 558, 光与影
01001911, 7.3, 802, 灵魂饭
03137024, 7.8, 422, 黄昏里的男孩
30178336, 6.9, 1285, 我只知道人是什么
03374558, 7.1, 861, 把妹达人
03137079, 7.7, 391, 现实一种
25856942, 8.4, 186, 在细雨中呼喊
01438470, 7.9, 300, 我能否相信自己
33444357, 7.8, 329, 没有一种生活是可惜的
03684925, 8.3, 172, 一九三四年的逃亡
06607288, 8.1, 204, China in Ten Words
20426614, 6.8, 990, 我胆小如鼠
03665981, 7.5, 364, 吃的大冒险
26907736, 7.6, 320, 我没有自己的名字
03137096, 7.5, 329, 鲜血梅花
01436957, 8.5, 120, 兄弟【上部】（繁體版）
20426612, 7.3, 395, 音乐影响了我的写作
01205631, 8.3, 135, 余华作品集
01053543, 7.8, 197, 内心之死
25779678, 7.5, 262, 一九八六年
01291530, 9.0, 72, 活著（台灣麥田版）
27016179, 7.7, 208, 我胆小如鼠
24861111, 7.0, 460, 第七天
03137020, 7.2, 324, 我胆小如鼠
20763877, 9.3, 52, 活著
30142313, 7.4, 222, 四月三日事件
01766678, 8.2, 96, 兄弟【下部】（繁體版）
10452432, 8.8, 62, 余华中短篇小说（6册）
01484922, 8.8, 56, To Live
24749664, 8.6, 61, 余华长篇小说（the Classical Novel of Yu Hua）
25744655, 8.4, 63, 间奏：余华的音乐笔记
01089445, 8.0, 82, 走向诺贝尔·余华卷
01823078, 8.1, 75, 十八歲出門遠行
01057729, 7.8, 94, 光明的迷途
26036290, 8.5, 54, 余华中短篇小说
06434231, 7.6, 106, 偶然事件
26263601, 8.4, 49, 温暖和百感交集的旅程
26276942, 8.1, 55, 没有一条道路是重复的
26273810, 7.3, 100, 现实一种
04103555, 8.4, 40, 呼喊與細雨
01832476, 7.7, 62, 余华研究资料
26273819, 8.2, 43, 战栗
01352942, 8.3, 38, 呼喊與細雨
01121670, 7.5, 66, 说话
02187296, 7.5, 65, 余华研究资料
26273825, 7.5, 61, 黄昏里的男孩
02126897, 7.6, 51, 鮮血梅花
01352756, 7.8, 41, 世事如煙
30468532, 7.7, 44, 余华:我能够对现实发言了
01002034, 7.7, 41, 鲜血梅花
25883332, 7.8, 36, 余华随笔
04749884, 7.4, 47, 西北風呼嘯的中午
10448559, 7.6, 40, 余华散文-共3册
20414781, 7.3, 50, 鲜血梅花
01966621, 7.8, 34, 余华精品文集
03322273, 7.8, 34, 現實一種
05288646, 8.4, 22, La Chine en dix mots
05913390, 9.0, 16, 释经讲道七阶
03564127, 8.3, 22, 中国先锋小说精选
26273824, 6.7, 70, 我胆小如鼠
05384644, 8.9, 16, 开始学动画
01444711, 7.5, 34, 现实一种（上下）
03087424, 7.5, 34, The Book of Illusions
02069291, 6.9, 53, The Ghost Next Door
02998675, 7.0, 46, 彼得·林奇传
01929678, 6.5, 71, 余华论
05243493, 7.2, 37, 当代小说阅读五种
26273814, 6.7, 50, 世事如烟
01329982, 7.3, 30, 读与写
01352702, 7.2, 27, 黃昏裡的男孩
02269104, 5.3, 237, 殘金缺玉
27180986, 6.0, 75, 黄棠一家
01063752, 7.4, 20, 先锋浪潮中的余华
30179929, 8.5, 11, 我只知道人是什麼
20471946, 6.5, 36, 錄像帶電影
04024126, 7.0, 24, 我能否相信自己
03831325, 6.7, 22, 沒有一條道路是重複的
34982140, 6.8, 19, 米兰讲座
01054418, 6.2, 21, 先锋余华
26958761, 6.2, 16, 余华评传
01814278, 4.8, 76, 给余华拔牙
04739486, 0.0, 13, 戰慄
05966191, 0.0, 14, 許三觀賣血記
02121566, 0.0, 17, 音乐美的构成
06114389, 0.0, 19, 文学
