2020-07-05 15:59:56

number of books, tag name
218, 余秋雨

ID, rating, votes, title
01200840, 9.0, 251381, 平凡的世界（全三部）
05414391, 9.0, 41467, 寻路中国
02297697, 8.6, 34198, ZOO
02194123, 8.4, 24264, 相约星期二
01077528, 8.8, 12561, 通往奴役之路
01050339, 7.7, 77672, 文化苦旅
22163516, 8.6, 8326, 云雀叫了一整天
19940743, 8.1, 17871, 文化苦旅
02042063, 8.4, 10349, 伊斯坦布尔
01054889, 7.7, 26355, 行者无疆
01001204, 7.9, 14594, 山居笔记
01020241, 7.6, 23825, 千年一叹
01949485, 9.0, 2483, 消失中的江城
01026655, 8.4, 3807, 相约星期二
01000482, 7.7, 8737, 山居笔记
01223575, 7.8, 6608, 文化苦旅
01287823, 7.8, 5895, 千年一叹
04706499, 7.7, 6641, 燃烧的男孩
01049215, 7.4, 10482, 借我一生
01264104, 8.6, 1510, 夜航船
01075495, 7.2, 10860, 霜冷长河
20383606, 8.0, 2304, 中国文脉
20394952, 7.9, 2350, 九篇雪
25875172, 9.1, 560, 艺术创造学
01433336, 8.6, 853, 山居岁月
06808160, 8.6, 821, 行者无疆
25869261, 7.7, 2532, 且听风吟
01017541, 7.3, 4854, 读城记
03081744, 8.0, 1613, 寻觅中华
04778442, 7.8, 1824, 我等不到了
20383607, 8.1, 1184, 千年一叹
01082201, 7.3, 3346, 霜冷长河
20259788, 8.4, 678, 北大授课
01083465, 7.7, 1455, 欧洲之旅
06808159, 8.0, 879, 千年一叹
03893324, 8.2, 692, 我山之石
06060491, 8.0, 859, 现代中国的历程
34670250, 8.4, 527, 中国文化课
20383610, 7.9, 879, 山河之书
20383609, 7.9, 859, 行者无疆
07052624, 7.3, 1862, 辞职，去旅行！
05906116, 8.2, 514, 橙色女孩
01069801, 7.5, 1204, 出走十五年
01398460, 7.8, 749, 余秋雨散文
24884411, 8.7, 275, 世界戏剧学
04035398, 7.5, 976, 问学
21321799, 8.3, 354, 中国文脉
11509654, 8.4, 297, 金融怪杰
10758627, 7.7, 637, 文化苦旅- 余秋雨
03527567, 8.3, 322, 历史的暗角
01054725, 7.6, 711, 晨雨初听
26888211, 8.2, 353, 北大授课：中华文化四十七讲
21321804, 8.2, 329, 千年一叹
06424963, 7.8, 506, 中华文化四十七堂课
03223570, 8.1, 329, 寻觅中华
02044903, 8.3, 238, 等你，在雨中
20495152, 8.1, 276, 千年一叹
25762708, 8.2, 250, 中国戏剧史
01083467, 7.7, 399, 中国之旅
25944855, 7.1, 870, 君子之道
21321800, 8.0, 284, 山河之书
21321802, 8.1, 249, 行者无疆
12032184, 6.9, 1114, 何谓文化
26890956, 9.0, 113, 君子之道·精装本
33444357, 7.8, 329, 没有一种生活是可惜的
06510379, 7.5, 455, 蒋介石画传
01048531, 7.1, 770, 笛声何处
11444402, 8.0, 255, 千年一叹
25844243, 8.2, 208, 山河之书
01083466, 7.8, 311, 心中之旅
25972308, 8.4, 173, 文化苦旅（典藏修订版）
25714762, 7.5, 409, 吾家小史
26938424, 9.4, 77, 中华文化四十八堂课
02016627, 7.3, 497, 余秋雨人生哲言
01988229, 7.1, 651, 历史的脸谱
26640305, 9.3, 80, 文化苦旅（精装插图珍藏版）
11530993, 7.6, 339, 上天赐予的一场戏
27052265, 7.4, 426, 泥步修行
26888560, 8.0, 219, 文化苦旅
01107531, 8.1, 193, 余秋雨的历史散文
01393413, 8.5, 134, 艺术创造论
25815393, 8.7, 111, 中国文脉
01820620, 7.6, 290, 中国戏剧史
21321794, 8.2, 157, 中国文脉
04210336, 8.5, 121, 戏剧理论史稿
26718556, 7.8, 212, 余秋雨散文
25747862, 7.2, 414, 极端之美
24745219, 7.2, 411, 心经随喜
25815682, 8.0, 171, 观众心理学
26352566, 6.9, 563, 空岛
01813141, 7.7, 208, 千年庭院
01291792, 8.1, 141, 余秋雨简要读本
27036635, 8.2, 127, 文化苦旅
25808233, 8.9, 74, 吾家小史
30271977, 9.6, 47, 北大授课
27123108, 8.3, 110, 门孔
01071100, 8.1, 126, 从敦煌到平遥
02004488, 7.2, 316, 生生世世
02304789, 8.2, 114, 回望两河
21321798, 7.8, 158, 何谓文化
02308917, 8.1, 119, 游走废墟
01900577, 7.0, 365, 好色一代男
01361166, 7.5, 201, 借我一生
01440454, 7.7, 156, 文明的碎片
25726520, 7.9, 129, 炸裂志
33376745, 7.2, 264, 雨夜短文
21321795, 9.2, 48, 山河之书
27036650, 8.8, 59, 千年一叹
02335132, 7.8, 126, 余秋雨散文集
25766610, 8.0, 105, 吾家小史
01423893, 7.7, 133, 观众心理学
01206646, 8.0, 100, 遥远的回响
03734555, 7.6, 143, 左手中国人右手日本人
21321797, 8.0, 93, 千年一叹
20373245, 7.9, 97, 何谓文化
06973855, 7.7, 113, 伟大作品的隐秘结构
10750325, 8.9, 46, 伟大作品的隐秘结构
11524105, 9.2, 38, 寻觅中华
10594996, 7.9, 89, 观众心理美学
27036641, 8.7, 49, 行者无疆
27060595, 8.3, 61, 内在的星空：余秋雨人文创想
33409911, 8.9, 41, 文化苦旅（修订本）
11588723, 7.7, 95, 文明之旅
05314774, 8.9, 40, 遥远的绝响
01017293, 7.6, 101, 文化苦旅
26388494, 5.8, 1117, 孤独是生命的礼物
11444697, 7.3, 120, 行者无疆
01081522, 8.2, 55, 吴越之间-余秋雨眼里的中国文化（彩图本）
27044653, 8.3, 51, 慢读秋雨:余秋雨慢笔文选
02212123, 8.1, 58, 余秋雨人生哲言
26249289, 5.8, 966, 冰河
03086045, 7.8, 71, 余秋雨的历史散文
01925989, 7.6, 83, 大家
25861674, 7.7, 75, iOS测试指南
01089421, 8.1, 55, 南冥秋水
03527856, 7.4, 96, 读城记
03024204, 7.8, 68, 余秋雨散文精品
01057582, 8.2, 50, 北方的遗迹
01000599, 7.4, 93, 千禧之旅(上下)
01361022, 8.3, 46, 行者無疆
25864474, 7.7, 71, 吾家小史
27036653, 8.3, 43, 山河之书
27036655, 7.8, 56, 中国文脉
03242468, 7.8, 53, 新文化苦旅
02077446, 8.8, 28, 艺术创造工程
01360994, 8.3, 37, 從都江堰到嶽麓山
01390642, 6.9, 116, 藏着的中国
23774680, 7.7, 54, 中国人的紧箍咒
01391606, 7.1, 89, 余秋雨语录
01022727, 7.4, 67, 月暗吴天秋雨冷
01957912, 8.0, 42, 秋雨作品
25864478, 7.0, 96, 极端之美
06798500, 8.5, 30, 中华文化四十七堂课
02021035, 7.4, 62, 南人北北人南
04097982, 9.1, 21, 戏剧审美心理学
20440027, 6.8, 107, 山居笔记   余秋雨著
01042103, 7.8, 41, 中学生·余秋雨散文赏析
01013138, 8.5, 26, 摄影珍藏版--从都江堰到岳麓山
01009567, 7.9, 36, 余秋雨现象批判
25798085, 7.7, 41, 大国的文脉
01051539, 7.2, 60, 到绿光咖啡屋听巴赫读余秋雨
06805160, 7.9, 35, 余秋雨散文集
01094251, 7.5, 46, 东西南北人
03576286, 8.3, 27, 听余秋雨讲文化
02307069, 7.1, 60, 舞台哲理
04920302, 6.8, 79, 书衣魅影
03707574, 8.7, 19, 中国戏剧文化史述
01060938, 7.6, 35, 八千里路云和月
27036662, 8.0, 27, 何谓文化
01045674, 7.4, 38, 中华散文珍藏本
03680912, 6.7, 69, 闲说中国人
01087745, 7.3, 40, 决定一生的八种能力
01096136, 7.3, 40, 大学生·余秋雨散文赏析
27078218, 8.0, 24, 慢读秋雨
01372471, 7.7, 28, 鞦韆架
27123107, 7.6, 28, 文化苦旅(插图增订终极版)
02057562, 7.2, 37, 人生風景
01799589, 7.1, 40, 陈逸飞传
02060342, 6.1, 109, Google品牌战略
01041712, 7.3, 32, 智者的声音
01768983, 7.5, 27, 霜冷長河
01360993, 8.0, 20, 從敦煌到平遙
01691956, 7.5, 25, 人一生要读的100篇散文
02160434, 7.1, 33, 山居筆記
27036658, 8.3, 16, 极端之美
03518730, 7.3, 28, 余秋雨语录
25864480, 7.1, 32, 极端之美(便携本)
01212714, 6.6, 46, 五十大话
01891357, 8.4, 14, 世界华文散文精品余秋雨卷
02171759, 6.6, 43, 一个王朝的背影
05913457, 7.3, 23, 我们为什么不快乐
03072635, 7.0, 28, 余秋雨评传
04924955, 6.9, 28, 我等不到了
01443981, 7.0, 25, 文化名家静思录/名家雅谈
01322124, 6.0, 60, 庭外&#34;审判&#34;余秋雨
11524106, 7.2, 21, 摩挲大地
02146918, 7.6, 16, 《易经》与人生运势
01002351, 6.5, 32, 吾师余秋雨
05317031, 7.1, 20, 余秋雨作品集
26945138, 7.6, 14, 余秋雨学术六卷：中国戏剧史
02006108, 6.7, 24, 旅行笔记
05029410, 7.1, 18, 爱的路上
01421606, 7.5, 14, 余秋雨现象大盘点
26381165, 7.5, 14, 極品美學
25845228, 8.2, 10, 2013中国小说学会中篇小说排行榜
01368997, 7.7, 11, 藏著的中國
04938793, 6.2, 29, 问教余秋雨
34825957, 7.4, 11, 文明之旅
30288190, 5.7, 38, 古典今译
01003356, 5.7, 37, 秋风秋雨愁煞人――关于余秋雨
02213881, 5.5, 34, 鲁迅的故事
03345982, 5.7, 21, 解读贵州
01360989, 0.0, 12, 北方的遺跡
02255025, 0.0, 13, 园青坊老宅
02063055, 0.0, 18, 藝術創造工程
01761192, 0.0, 20, 傾聽秋雨
01062835, 0.0, 27, 文化突围――世纪末之争的余秋雨
01962990, 0.0, 43, 千禧日记
