2020-07-05 15:59:56

number of books, tag name
732, 俄国文学

ID, rating, votes, title
01856494, 9.4, 14944, 卡拉马佐夫兄弟
01858568, 9.1, 12216, 罪与罚
25884880, 9.0, 14069, 我不知道该说什么，关于死亡还是爱情
02253380, 9.2, 9765, 安娜·卡列尼娜
25887924, 9.7, 4576, 卡拉马佐夫兄弟
01022632, 8.8, 11717, 罪与罚
26435510, 9.5, 3627, 雕刻时光
02253381, 9.3, 4330, 战争与和平（全四册）
10759466, 9.2, 4642, 地下室手记
06313496, 9.5, 3115, 卡拉马佐夫兄弟
01013502, 7.6, 60625, 钢铁是怎样炼成的
01859108, 8.9, 5906, 白痴
01010472, 8.5, 10146, 安娜·卡列尼娜（上下）
01255288, 8.1, 19263, 复活
25887912, 9.3, 3212, 罪与罚
02253402, 9.1, 4016, 罪与罚
01083435, 8.8, 5405, 契诃夫短篇小说选
25837845, 9.5, 2247, 战争与和平
01077492, 9.0, 3949, 大师和玛格丽特
26853356, 8.9, 4216, 鱼王
01013469, 8.7, 5340, 战争与和平（全四册）
04908886, 9.1, 2915, 金蔷薇
01024062, 9.6, 1518, 卡拉马佐夫兄弟
01066558, 9.4, 1854, 卡拉马佐夫兄弟（上下）
25887933, 9.5, 1663, 白痴
02042633, 9.0, 2934, 金蔷薇
01880987, 8.6, 4783, 安娜·卡列尼娜
26602467, 9.0, 2838, 我是女兵，也是女人
01088418, 9.1, 2398, 死屋手记
26394018, 9.3, 1869, 生活与命运
25867057, 9.2, 2070, 安娜·卡列尼娜
27140882, 9.2, 2066, 伊凡·伊里奇之死
01019817, 9.3, 1794, 战争与和平（上下）
26053771, 8.9, 2714, 小于一
27619602, 9.2, 1883, 娜塔莎之舞
01315844, 9.2, 1868, 古拉格群岛（上中下）
01009285, 7.7, 14695, 童年
01469878, 8.5, 3995, 日瓦戈医生
30438790, 9.5, 1206, 罪与罚
25912106, 9.3, 1474, 万尼亚舅舅·三姊妹·樱桃园
01016911, 9.0, 1996, 大师与玛格丽特
02228707, 8.9, 2098, 癌症楼
25912108, 9.4, 1196, 伊凡诺夫·海鸥
26787273, 9.5, 1077, 罪与罚
01437488, 9.3, 1316, 群魔
01012489, 7.7, 11802, 童年 在人间 我的大学
25887930, 9.3, 1284, 被伤害与侮辱的人们
27016167, 9.6, 948, 被淹没与被拯救的
01880990, 8.3, 3972, 复活
21993104, 8.1, 5171, 白夜
25897649, 9.6, 817, 契诃夫短篇小说选
01003650, 9.1, 1343, 罪与罚
01434071, 7.9, 6634, 我们
04908877, 9.1, 1339, 静静的顿河
02973335, 8.7, 2125, 微暗的火
01033148, 8.7, 2020, 白夜
01894740, 8.6, 2258, 猎人笔记
01021623, 8.9, 1556, 安娜·卡列宁娜（上下）
01023467, 8.7, 1887, 叶甫盖尼·奥涅金
05406578, 9.1, 1190, 罪与罚
04708144, 8.9, 1313, 被侮辱与被损害的人
27191009, 9.3, 856, 往事与随想
01021409, 9.2, 942, 白痴
02131426, 9.0, 1133, 涅朵奇卡·涅茨瓦诺娃
02142574, 8.7, 1592, 时光中的时光
21371490, 9.2, 883, 癌症楼
27079433, 8.5, 1887, 纳博科夫短篇小说全集
01027002, 8.7, 1435, 被欺凌与被侮辱的
01031354, 8.1, 3115, 死魂灵
02042638, 9.1, 912, 大师和玛加丽塔
25887921, 8.9, 1119, 白夜
01005801, 9.2, 800, 静静的顿河（全四册）
26945830, 9.3, 701, 大师和玛格丽特
23243142, 9.2, 773, 大师和玛格丽特
03902733, 9.0, 943, 红色骑兵军
34928037, 9.4, 620, 生活与命运
01076728, 8.5, 1606, 复活
01085856, 7.9, 3607, 在人间
25760686, 8.8, 1110, 复活
01074155, 8.9, 990, 骑兵军
25887917, 9.3, 655, 鬼
25837866, 8.6, 1375, 复活
01185883, 9.0, 881, 白轮船
25887915, 8.7, 1216, 死屋手记
01083030, 9.0, 861, 双重人格 地下室手记
02266567, 9.2, 702, 伊凡·伊里奇的死
25897651, 9.3, 631, 静静的顿河
06952192, 8.8, 1045, 日瓦戈医生
01485943, 8.9, 913, 安娜·卡列尼娜
24935031, 9.3, 611, 战争与和平
06791962, 8.8, 1015, 契科夫短篇小说精选
25841074, 9.7, 422, 契诃夫小说全集
01507461, 8.6, 1182, 安娜·卡列尼娜
01089893, 8.0, 2520, 童年
26374785, 9.5, 470, 罪与罚
04191696, 8.9, 834, 狗心
01021928, 8.5, 1297, 这里的黎明静悄悄……
02994181, 7.9, 2837, 钢铁是怎样炼成的
03903121, 9.0, 720, 第六病室
01964168, 9.5, 446, 卡拉马佐夫兄弟（共两册）
03586491, 8.7, 974, 防守
01039020, 8.5, 1211, 普希金诗选
26427029, 9.4, 479, 罪与罚
01046680, 8.7, 946, 茨维塔耶娃文集·诗歌
01855425, 8.7, 944, 当代英雄
05446438, 9.1, 617, 变色龙
01119471, 9.0, 673, 罪与罚
26570629, 9.1, 602, 生存与命运
01959257, 8.2, 1643, 玛丽
26856774, 9.1, 577, 当代英雄
25773651, 9.1, 576, 白痴
02084254, 9.3, 470, 金蔷薇
10582341, 9.2, 493, 红色骑兵军
01926728, 9.4, 404, 往事与随想
01105150, 9.0, 580, 菲雅尔塔的春天
05253168, 9.0, 578, 安娜·卡列尼娜（全两册）
01880639, 8.9, 635, 猎人笔记
26529831, 8.2, 1398, 忏悔录
10539993, 8.7, 767, 大师和玛格丽特
26831681, 9.2, 455, 复活
01894744, 7.6, 3071, 钢铁是怎样炼成的
02328539, 9.4, 376, 契诃夫戏剧集
25973243, 9.1, 487, 安娜·卡列尼娜
27069991, 9.3, 392, 大师与玛格丽特
01766725, 8.1, 1409, 斩首之邀
03136920, 8.6, 772, 复活
01011399, 7.6, 2786, 钢铁是怎样炼成的
02033107, 9.1, 458, 契诃夫小说选
26786085, 9.2, 405, 大师和玛格丽特
01466999, 8.2, 1161, 上尉的女儿
34455885, 9.2, 403, 大师和玛格丽特
26952828, 8.4, 906, 演员的自我修养
05945451, 9.0, 481, 战争与和平
01205419, 8.3, 1011, 初恋
01937449, 9.2, 393, 陀思妥耶夫斯基诗学问题
02032772, 9.1, 430, 罪与罚
28351116, 8.9, 512, 契诃夫书信集
26285595, 8.7, 600, 死屋手记
01511457, 8.2, 1050, 套中人
26324821, 9.6, 266, 群魔
34990839, 9.4, 310, 地下室手记
24738206, 9.2, 361, 曼德施塔姆夫人回忆录
25799790, 9.4, 299, 安娜·卡列尼娜
01907894, 8.6, 629, 复活
01201946, 8.0, 1245, 父与子
01031244, 9.4, 290, 鬼
03183234, 9.2, 339, 金蔷薇
01123597, 8.1, 1062, 钢铁是怎样炼成的
01040034, 8.9, 436, 日瓦戈医生
02364815, 8.5, 648, 伊凡·杰尼索维奇的一天
07051380, 9.1, 356, 白痴
01641472, 9.0, 386, 白痴
04079114, 8.7, 513, 抒情诗的呼吸
01084714, 8.1, 1000, 我们
03076986, 8.7, 503, 复活
10540004, 8.9, 412, 被伤害与侮辱的人们
06878082, 9.0, 374, 托尔斯泰或陀思妥耶夫斯基
01042702, 8.3, 760, 钦差大臣
26352553, 8.7, 495, 樱桃园
03127197, 8.3, 750, 穷人
26802170, 9.3, 280, 科雷马故事
25283615, 8.8, 435, 萨哈林旅行记
25838428, 7.5, 2085, 我们
30237871, 8.9, 385, 七个被绞死的人
02055794, 8.9, 384, 赌徒
01893969, 7.8, 1305, 童年·在人间·我的大学
01916659, 8.6, 495, 关于陀思妥耶夫斯基的六次讲座
24871605, 8.9, 370, 人不单靠面包活着
26912760, 9.3, 261, 战争与和平
26286330, 8.8, 405, 俄罗斯文学讲稿
02364764, 9.0, 331, 彼得堡故事
04940236, 8.7, 437, 日瓦戈医生
03223375, 9.0, 330, 装在套子里的人
02973343, 7.9, 1072, 眼睛
30376131, 8.8, 394, 狗心
25798867, 7.8, 1214, 我们
27135229, 9.0, 327, 大师和玛格丽特
26427038, 9.2, 271, 地下室手记
26775452, 9.7, 183, 陀思妥耶夫斯基文集（全9册）
01222136, 8.2, 710, 猎人笔记
04883587, 8.8, 377, 猎人笔记
03069267, 9.1, 285, 陀思妥耶夫斯基的世界观
05406566, 8.9, 339, 变色龙
02970799, 9.7, 177, 契诃夫小说全集（第10卷）
01843808, 9.4, 219, 蒲宁文集（全五册）
01186425, 9.2, 256, 中短篇小说选
01962233, 8.7, 398, 故事形态学
05247161, 9.7, 169, 费·陀思妥耶夫斯基全集（全22卷）
01485960, 9.3, 227, 契诃夫小说选（上下）
26986047, 9.1, 266, 樱桃园
02056167, 9.3, 224, 死屋手记
01066178, 9.0, 285, 契诃夫小说选
01205380, 8.8, 339, 罪与罚
01959124, 8.9, 309, 生活之路
26427025, 9.3, 219, 卡拉马佐夫兄弟
01272868, 8.0, 782, 童年 在人间 我的大学
23858368, 8.8, 335, 叶甫盖尼·奥涅金
06313447, 9.3, 217, 战争与和平（上、下）
25944529, 8.7, 362, 地下室手记
01199419, 8.8, 329, 白夜
05406576, 8.8, 325, 复活
26879595, 7.5, 1438, 我们
01546424, 8.7, 352, 初恋
10554712, 9.5, 179, 卡拉马佐夫兄弟-全二册
02044009, 9.1, 245, 古拉格群岛(上册)
27112663, 9.8, 143, 契诃夫戏剧全集
26879642, 9.0, 262, 牵小狗的女人
02243057, 8.8, 308, 叶甫盖尼·奥涅金
01048826, 7.6, 1166, 钢铁是怎样炼成的
01017699, 9.0, 253, 草原和群山的故事
01964164, 9.2, 214, 群魔
20452450, 9.2, 213, 群魔
01959147, 8.5, 398, 复活
01704585, 8.9, 272, 奥勃洛莫夫
26986054, 9.1, 229, 叶甫盖尼·奥涅金
01083478, 8.4, 436, 前夜 父与子
28170953, 9.0, 248, 荣耀
01014622, 8.8, 295, 当代英雄 莱蒙托夫诗选
33376836, 9.5, 167, 安娜·卡列尼娜
25784670, 9.1, 227, 骑兵军
01052091, 9.4, 178, 大师和玛格丽特
01074603, 8.9, 264, 被伤害与侮辱的人们
34924508, 9.0, 241, 假面的告白
02048297, 8.6, 342, 安娜.卡列尼娜-世界文学名著典藏（上.下）
01048580, 8.6, 340, 契诃夫短篇小说精选
01000325, 8.7, 309, 人·岁月·生活（全三册）
01983356, 8.6, 334, 敖德萨故事
03200784, 9.6, 147, 卡拉马佐夫兄弟
01950146, 9.2, 197, 陀思妥耶夫斯基中篇小说选
01033145, 8.0, 618, 童年 在人间 我的大学
01371886, 9.1, 210, Crime and Punishment
01199423, 9.4, 166, 卡拉马佐夫兄弟
06858576, 9.2, 193, 古拉格群岛
01085553, 9.2, 190, 卡拉马佐夫兄弟
25943060, 8.1, 525, 新年问候
01858599, 8.1, 523, 罗亭 贵族之家
21325488, 9.4, 158, 俄国文学史（上下卷）
34845998, 8.9, 234, 萨宁
26288112, 8.9, 233, 第六病室
02082032, 7.8, 703, 巴登夏日
33476154, 9.1, 193, 金蔷薇
01058488, 8.0, 542, 跳来跳去的女人
02146422, 9.1, 189, 大师和玛格丽特
01916455, 8.8, 242, 当代英雄
30449796, 9.2, 173, 林荫幽径
26600684, 8.6, 286, 除非 朝霞有一天赶上晚霞
02033339, 9.1, 185, 癌病房
01169930, 8.6, 281, 罪与罚
05393839, 9.4, 145, 卡拉马佐夫兄弟（上下）
01958880, 9.0, 194, 绝境
01017855, 8.9, 209, 白痴
01482496, 9.4, 141, 一生的故事（全六册）
26943606, 8.8, 224, 逃亡
02972555, 7.5, 913, 魔法师
01019076, 9.3, 149, 旷野呼告 无根据颂
26337311, 8.5, 290, 日瓦戈医生
03752758, 8.7, 240, 少年
01203644, 8.9, 202, 罪与罚
06743308, 8.9, 201, 捍卫记忆
30324580, 9.1, 171, 帕斯捷尔纳克的诗
03656549, 9.5, 127, 往事与随想(上下)
26428661, 8.5, 284, 上尉的女儿
01955395, 8.8, 216, 阿尔谢尼耶夫的一生
26297866, 8.2, 380, 王，后，杰克
26111114, 8.4, 310, 契诃夫短篇小说选
01784339, 8.6, 256, 诸神之死
34394911, 9.1, 168, 陀思妥耶夫斯基
19980346, 8.9, 197, 伊万·伊里奇之死
06863526, 8.7, 232, 克莱采奏鸣曲
01685867, 8.3, 326, 罗亭 贵族之家
01996620, 8.5, 268, 论宗教大法官的传说
01785350, 8.5, 264, 第四十一
04922496, 9.2, 147, 安娜·卡列尼娜（上、下）
26579650, 9.4, 127, 耿济之译卡拉马佐夫兄弟
11442576, 8.8, 199, 陀思妥耶夫斯基中短篇小说选
33372569, 8.5, 259, 普宁
25985087, 9.0, 167, 大师和玛格丽特
03212963, 9.0, 165, 外套
01105613, 8.9, 177, 红色骑兵军
01003115, 9.4, 121, 战争与和平（全四册）
01466764, 8.1, 367, 我们
01125262, 8.6, 226, 托尔斯泰忏悔录
02032656, 8.6, 225, 莱蒙托夫诗选
01905884, 8.7, 206, 撒旦日记
11597355, 8.2, 328, 荣耀
26782163, 8.3, 296, 安魂曲
01400721, 8.7, 205, 美好而狂暴的世界
03274502, 9.1, 148, 白痴
01084838, 8.9, 171, 金玫瑰
01801835, 8.5, 238, 狄康卡近乡夜话
03058216, 8.3, 287, 春潮
01064103, 8.1, 349, 普希金诗选
01520679, 8.7, 197, 安娜·卡列宁娜（上、下）
03094726, 8.3, 283, 大卫·格德尔 舞会
02970793, 9.4, 115, 契诃夫小说全集（第8卷）
02073035, 8.9, 166, 萨哈林旅行记
03200737, 8.3, 281, 这里的黎明静悄悄
01005044, 8.8, 179, 癌症楼
01525173, 8.2, 304, 初恋
05920823, 8.7, 191, 安娜·卡列宁娜
06065841, 8.8, 175, 玛丽娜·茨维塔耶娃（全三册）
01459071, 8.6, 206, 手提箱
02032512, 8.3, 268, 死魂灵
02032559, 9.2, 125, 托尔斯泰中短篇小说选
01274500, 8.9, 156, 时代的喧嚣
25837850, 8.2, 289, 猎人笔记
02368784, 9.2, 124, 罪与罚
25924210, 8.2, 287, 从莫斯科到佩图什基
27577257, 8.7, 180, 彼得堡
26802368, 9.1, 131, 敖德萨故事
01245762, 8.6, 195, 米佳的爱情
02165015, 8.4, 233, 幽暗的林荫小径
21778487, 8.9, 152, 安娜·陀思妥耶夫斯卡娅回忆录
11637635, 8.7, 178, 伊凡·杰尼索维奇的一天
01432227, 9.0, 139, 时代的喧嚣
01212599, 8.5, 205, 安娜·卡列尼娜 （上下册）
27146640, 9.1, 126, 猎人笔记
01523564, 9.2, 117, 当代英雄
02212362, 8.8, 158, 奇人录
02194124, 8.2, 269, 死农奴
26920932, 8.1, 296, 她等待刀尖已经太久
01395772, 8.8, 157, 契诃夫手记
01915370, 8.7, 170, 普希金诗集
02970763, 9.5, 94, 契诃夫小说全集（第5卷）
10539990, 8.2, 263, 黑桃皇后
26324840, 8.9, 142, 被侮辱与被损害的
03149865, 8.6, 181, 爱
02060483, 7.8, 393, 克雷洛夫寓言
01408175, 9.3, 105, 往事与随想（全三册）
03076983, 8.8, 150, 哈吉穆拉特
27056404, 8.9, 138, 三作家传
26144689, 9.1, 118, 三死
06313526, 8.5, 190, 猎人笔记
10582339, 8.6, 172, 复活
02970794, 8.7, 158, 契诃夫小说全集（第2卷）
01292221, 9.0, 125, 撒旦起舞
02970764, 9.4, 94, 契诃夫小说全集（第6卷）
27101998, 9.4, 94, 罪与罚
01077446, 8.4, 202, 复活
30376128, 8.2, 243, 不祥的蛋
25973242, 8.8, 143, 复活
26899535, 8.8, 141, 海鷗
01275567, 9.1, 112, 林中水滴
11597329, 7.7, 397, 第二次诞生
26324804, 9.6, 80, 少年
10589336, 7.0, 986, 致一百年以后的你
33417103, 8.9, 127, 契诃夫短篇小说精选
01309274, 8.3, 208, 不祥的蛋
10807305, 8.2, 227, 小公务员之死
01657787, 8.8, 135, 猎人笔记
01955028, 8.3, 206, 套中人
25912102, 8.3, 206, 没有父亲的人·林妖
07053764, 9.4, 88, 安娜.卡列尼娜（上下）
01859073, 9.3, 91, 七个被绞死的人
03131603, 8.0, 264, 活下去，并且要记住
33439314, 9.1, 104, 战争与和平
01592768, 8.0, 259, 童年·在人间·我的大学
26427028, 8.9, 118, 白痴
02161695, 7.9, 283, 前夜 父与子
30200832, 8.8, 126, 叶甫盖尼·奥涅金
30409229, 9.3, 88, 骑兵军
01928543, 8.1, 227, 死魂灵
05391969, 9.4, 81, 罪与罚
03076990, 8.8, 123, 哥萨克
03181295, 9.2, 92, 罪与罚
01753104, 7.6, 380, 钢铁是怎样炼成的
02162195, 8.6, 142, 诸神复活
04876333, 9.4, 79, 第一圈（上、下）
26890735, 9.3, 84, 帕斯捷尔纳克传（上、下）
03181299, 9.5, 74, 大师和玛格丽特
02150647, 9.0, 103, 女性三部曲
30232616, 8.7, 128, 安魂曲
03525034, 8.6, 138, 叩问生命的神性
03542509, 7.6, 362, 我的大学
30319980, 8.8, 117, 布罗茨基谈话录
03143881, 9.0, 101, 金蔷薇
26910989, 8.1, 212, 莫里哀先生传
25887925, 7.8, 286, 少年
26879641, 8.7, 125, 套中人
02295156, 8.8, 115, 叶塞宁诗选
26743255, 9.0, 99, 彼得堡的故事
26837506, 9.3, 79, 第一圈
26910978, 8.0, 221, 蓝色笔记本
02970795, 9.3, 77, 契诃夫小说全集（第4卷）
26866592, 9.3, 77, 契诃夫短篇小说集
26946223, 8.2, 178, 阿赫玛托娃诗全集 (第一卷)
10826897, 8.0, 214, 白夜
03198420, 8.3, 162, 假如生活欺骗了你（普希金卷）
01479323, 9.0, 93, Anna Karenina
07916498, 9.5, 67, 复活
10779948, 8.6, 124, 猎人日记
03040287, 9.8, 56, 古拉格群岛(中册)
04149804, 8.7, 114, 普希金抒情诗全集
26578531, 8.7, 114, 这里的黎明静悄悄……
26787209, 8.1, 188, 日瓦戈医生
01048573, 8.7, 112, 红笑
01099009, 8.8, 103, 萨宁
02970796, 9.0, 89, 契诃夫小说全集（第3卷）
26671791, 8.1, 182, 看，那些小丑！
25781003, 9.4, 68, 外国中短篇小说藏本：陀思妥耶夫斯基
01101545, 8.4, 139, 被侮辱与被损害的人
02032114, 8.9, 94, 奥勃洛摩夫
03076988, 8.4, 137, 童年·少年·青年
01101614, 9.4, 67, 当代英雄
02212262, 8.9, 93, 断头台
24696728, 7.3, 419, 我知道怎样去爱
26651508, 8.8, 98, 当代英雄
03065936, 9.1, 79, 爱之路
26664927, 9.0, 84, 奥勃洛莫夫
10589335, 7.9, 207, 刀尖上的舞蹈
01105672, 8.8, 96, 安德烈耶夫中短篇小说集
05269156, 8.8, 95, 道德·上帝与人
01704583, 7.6, 272, 母亲
25743453, 9.5, 59, 白痴
01094809, 8.3, 136, 陀思妥耶夫斯基的“大法官”
02260799, 8.8, 91, 陀思妥耶夫斯基中短篇小说选
03746142, 8.3, 134, 驿站长
02602581, 7.7, 234, 怎么办
01014531, 8.2, 143, 十二把椅子
05391972, 8.2, 143, 穷人
10539994, 8.3, 130, 死农奴
30389977, 8.9, 82, 阿霞
04733883, 8.1, 153, 黑桃皇后
02033514, 8.8, 86, 从彼得堡到斯德哥尔摩
34826113, 9.5, 55, 地下室手记
02031485, 8.3, 126, 温柔的幻影
30484726, 9.1, 70, 当代英雄
01041228, 8.7, 92, 烟雨霏霏的黎明
01205429, 8.3, 125, 叶赛宁诗选
20434580, 8.8, 85, 白痴
01100942, 9.0, 74, 石榴石手镯
27576801, 8.3, 124, 阿尔谢尼耶夫的一生
01326905, 8.6, 97, 白夜
26700940, 9.0, 73, 叶甫盖尼·奥涅金
01179913, 8.5, 104, 夏伯阳与虚空
01019395, 8.6, 95, 白卫军
02174398, 8.2, 129, 醋栗集
01022884, 8.8, 81, 剧院情史
34907886, 9.5, 52, 陀思妥耶夫斯基的世界观
26603268, 8.8, 79, 群魔(上下册)
01949660, 9.4, 54, 屠格涅夫中短篇小说集
01950070, 8.9, 73, 哈吉穆拉特
25743787, 8.1, 133, 死屋手记
03931727, 8.8, 77, 契诃夫手记
01038272, 8.7, 81, 落叶集
01361340, 8.7, 81, 死靈魂
01208228, 8.5, 93, 穷人 白夜 赌徒
01085015, 8.9, 70, 上尉的女儿
26735057, 8.7, 80, 第二本书
30232614, 8.8, 74, 我会爱
01413256, 8.1, 126, 海燕
01050748, 8.4, 98, 冬天里的夏日印象
06828860, 9.1, 60, 卡拉马佐夫兄弟（上下）
01982847, 8.9, 68, The Master and Margarita
07004558, 8.9, 68, 日瓦戈医生
26912761, 8.9, 68, 复活
02036746, 8.8, 71, 切文古尔镇
26425538, 9.2, 55, 宗教大法官
04941433, 8.9, 66, 安娜·卡列尼娜
01203228, 8.6, 80, 罪与罚
03058220, 8.5, 86, 少年
24851815, 8.2, 108, 滨河街公寓
03909842, 7.9, 140, 普希金抒情诗精选集
02293768, 7.6, 187, 在人间
30201441, 9.4, 47, 罪与罚
03132507, 8.9, 63, 契诃夫短篇小说精选
01085555, 8.5, 83, 叶甫盖尼·奥涅金
20504512, 8.5, 82, 蒲宁中短篇小说选
27131778, 8.4, 88, 萨宁
25956994, 8.3, 95, 安全保护证
11601087, 8.8, 66, 第六病房
03076987, 8.5, 81, 一个地主的早晨
26365993, 8.9, 61, 一个人的遭遇
30477638, 9.7, 38, 生活的故事
02049480, 7.5, 188, 白夜/别人的妻子床下的丈夫
04320887, 9.0, 56, 外国中短篇小说藏本·普希金
02470105, 9.5, 42, War and Peace
26585186, 9.8, 36, 风雨人生
26580928, 7.9, 126, 我要生活！我要悲哀……
01085024, 9.2, 49, 当代英雄
26042422, 8.4, 83, 阿霞
03090606, 9.7, 37, The Annotated Lolita
01125533, 8.3, 88, 克鲁采奏鸣曲
01198519, 9.8, 35, 蒲宁文集（第3卷）
01916465, 7.9, 119, 前夜 父与子
01057104, 8.9, 56, 谁在俄罗斯能过好日子
26148546, 8.0, 107, 迷宫
26683427, 9.2, 46, How much land does a man need?
05391978, 8.6, 67, 作家日记（上下）
01015757, 8.7, 62, 日出之前
10606512, 8.3, 82, 屠格涅夫 爱情小说
03610158, 7.9, 112, 艺术与现实的审美关系
34927268, 9.6, 36, 初恋（作家榜经典文库）
01034736, 7.6, 144, 普希金诗选
01056817, 7.9, 109, 莫斯科
26616263, 7.7, 130, 杏子酱
20412119, 9.2, 43, 普希金全集（全十卷）
26824109, 8.9, 51, 叶甫盖尼·奥涅金
27011127, 9.0, 48, 祖列依哈睁开了眼睛
01085498, 8.4, 71, 左琴科幽默讽刺作品集
02054347, 9.5, 36, 契诃夫文集（第十二卷）
26144637, 8.5, 65, 父与子
25793954, 9.0, 47, 外国中短篇小说藏本：果戈理
01084847, 8.8, 53, 耶利哥的玫瑰
21778431, 8.6, 60, 同时代人回忆陀思妥耶夫斯基
01612000, 8.9, 49, Crime and Punishment
19995908, 9.1, 43, 契诃夫短篇小说选
34780700, 8.6, 58, 一束令人头晕目眩的阳光
01642108, 8.2, 76, 上尉的女儿
01019052, 7.7, 115, 托尔斯泰读书随笔
10759467, 8.5, 61, 契诃夫中短篇小说选
06716227, 8.9, 47, 布宁文集（共四卷）
06958682, 8.5, 60, 索尔仁尼琴读本
03819438, 9.1, 41, 安德列耶夫中短篇小说集
26364711, 8.9, 46, 缅怀玛丽娜·茨维塔耶娃
01506972, 7.4, 146, 铁流
26393940, 9.6, 31, 果戈理文集（全7册 ）
25699310, 8.7, 51, 叶甫盖尼·奥涅金
01085508, 7.8, 99, 死魂灵
06784727, 8.6, 54, 谢尔基神父
10617087, 8.3, 66, 契诃夫讽刺小说
01097053, 8.7, 50, 普希金中短篇小说集
01592751, 8.7, 50, 猎人笔记
30318652, 8.7, 50, 大师和玛格丽特
05354653, 8.0, 82, 安娜·卡列尼娜
26580929, 8.3, 65, 彼得堡之恋
07057101, 9.1, 39, 哥萨克
30324087, 9.1, 39, 陀思妥耶夫斯基与尼采
34857278, 9.6, 30, 生命是赌注
06958065, 9.4, 33, 战争与和平（全四册）
05042701, 8.8, 46, 契诃夫短篇小说选
01427638, 8.6, 52, 亚玛街
02346222, 8.9, 42, 论契诃夫的戏剧创作
06951000, 8.2, 65, 白夜
01077214, 8.1, 70, 复活
30320036, 7.3, 142, 穿裤子的云
01511502, 8.9, 41, 叶甫盖尼·奥涅金
26678756, 7.4, 125, 曼德尔施塔姆诗选
04338882, 9.6, 28, Notes from Underground and The Double (Penguin Classics)
07004444, 9.6, 28, 罪与罚
01950875, 8.6, 48, 罗亭 贵族之家
02078901, 9.8, 25, 金玫瑰
30389957, 9.2, 33, 木木集
03268710, 8.2, 60, 父与子
06016142, 8.2, 60, 托尔斯泰论文艺
20375530, 7.3, 128, 帕斯捷尔纳克诗全集
01664099, 8.7, 42, 蒲宁精选集
03202495, 8.0, 67, 爱之路
01916481, 8.9, 37, 小说戏剧选
02364816, 7.1, 152, 怎么办？
26600182, 8.6, 44, 上尉的女儿
03542489, 8.0, 66, 在人间
10773545, 8.3, 53, 爱之路
03200747, 8.4, 49, 被欺凌与被侮辱的
30320041, 8.8, 38, 莫斯科的小提琴
03371265, 8.4, 48, One Day in the Life of Ivan Denisovich
05367819, 8.6, 42, 当代英雄
02281978, 8.8, 37, 书信选
02157233, 8.1, 58, 烟
01096326, 8.7, 39, 变色龙
10539984, 7.7, 77, 前夜·父与子
03132487, 8.3, 49, 童年
30170236, 8.9, 34, 我体内的魔鬼
01039802, 8.5, 43, 果戈理幽默作品选
01055240, 9.2, 29, 蒲宁散文精选
26443650, 9.3, 27, 屠格涅夫文集（全6册）
03601118, 9.6, 23, The Brothers Karamazov
26948576, 6.2, 403, 我的夜晚是对你的狂想
05351956, 8.2, 49, 战争与和平
30389958, 8.2, 49, 红花集
04093238, 8.9, 32, The Lady with the Dog
02077029, 9.0, 30, Notes from Underground
06985260, 7.5, 82, 脑残
27149771, 7.5, 82, 致群山中的她
05406580, 7.6, 75, 童年 在人间 我的大学
01394033, 8.5, 39, 普里什文随笔选
24717873, 8.6, 36, 少年
26769820, 9.2, 26, 小鹌鹑
03344811, 8.5, 38, 贵族之家
26802364, 8.2, 46, 故事与特写
26853462, 8.9, 30, 罪与罚（上中下）
01121396, 8.4, 40, 安娜·卡列尼娜（上下）
03040260, 8.6, 35, 白夜 舅舅的梦
01958055, 7.6, 70, 模仿者
01327117, 8.5, 37, 恶魔
01042821, 8.2, 44, 红木
01085068, 8.1, 47, 阿列霞
03081398, 8.3, 41, 列斯科夫中短篇小说选
26700348, 8.6, 34, 塞纳河畔
02973872, 7.6, 66, 处女地
07053766, 8.6, 33, 童年·少年·青年
02242521, 9.4, 22, Anna Karenina
03193649, 8.7, 31, 平凡的故事
01357805, 9.6, 20, The Idiot
03058185, 8.2, 41, 父与子
06852589, 8.5, 34, 契诃夫中短篇小说选
03104114, 8.9, 27, 列夫·托尔斯泰童话
24882294, 7.1, 95, 夜深时分
01532744, 7.8, 52, 阿尔巴特街的儿女
30389960, 9.6, 19, 家庭的戏剧
06811962, 8.8, 27, 战争与和平（上中下）
01143262, 9.0, 24, 俄国文史采微
26166826, 7.5, 62, 背叛指南
26328895, 8.9, 25, Gooseberries
03900403, 7.1, 87, 大雷雨
01162929, 8.6, 29, 被侮辱与被损害的人
26910986, 7.6, 56, 秋天的哀歌
25837328, 7.1, 86, 陀思妥耶夫斯基
26938563, 8.7, 27, 蒲宁文集·短篇小说卷（下）
01050228, 8.5, 30, 托尔斯泰的解脱
30459969, 9.4, 19, 叶甫盖尼·奥涅金
01452842, 7.8, 46, 童年
01322238, 8.1, 37, 假面舞会
27093898, 7.9, 42, 俄国文学演讲录
30205823, 7.9, 42, 库科茨基医生的病案
25748089, 8.1, 36, 钦差大臣
02081146, 7.8, 44, 士官生
04058818, 9.3, 19, 普希金小说选
06805100, 6.7, 117, 圣彼得堡文学地图
01260520, 8.3, 31, 猎人笔记
30195139, 9.5, 17, 卡拉马佐夫兄弟
01160068, 7.6, 48, 俄罗斯文学史
03126386, 8.3, 30, 果戈理小说选
05283617, 8.4, 28, 阿尔巴特街的儿女们
25952963, 6.9, 87, 太阳的芳香
02295151, 7.9, 38, 麦克白夫人
03273077, 8.6, 25, 俄国现代派诗选
06852159, 8.6, 25, 另一个高尔基
04827990, 8.8, 22, 布列斯特的要塞
10759401, 7.6, 45, 被欺凌与被侮辱的人
02368683, 8.2, 30, 前夜 父与子
02146382, 8.3, 28, 岸
02298998, 8.0, 33, 克莱采奏鸣曲
01445713, 8.1, 31, 别林斯基文学论文选
03642984, 8.9, 20, Eugene Onegin
01144164, 8.0, 32, 鹰之歌
01908550, 8.0, 32, 透气孔
04882403, 8.4, 25, 叶赛宁诗选
26597665, 9.5, 15, 古拉格群岛
30389933, 7.5, 44, 伊戈尔出征记
03088506, 8.6, 22, 阿列霞
26678754, 7.1, 60, 帕斯捷尔纳克诗选
25772547, 8.5, 23, 幼年·少年·青年
01910461, 7.5, 43, 陀思妥耶夫斯基小说艺术研究
25713232, 9.0, 18, 凡尼亞舅舅・三姐妹
26802225, 9.0, 18, 当代英雄
02024644, 7.4, 45, 俄国文学大花园
27665156, 8.5, 22, 雅科夫的梯子
01823842, 8.9, 18, 契诃夫短篇小说精选
01085137, 7.7, 35, M县的麦克白夫人
02345361, 8.1, 27, 帕斯捷尔纳克抒情诗选
03081263, 8.1, 27, 大堂神父
03090131, 8.3, 24, 黑桃皇后
30489668, 7.8, 32, 游猎惨剧
26787329, 8.2, 25, 前夜 父与子
26830138, 8.6, 20, 巴别尔书信集
20268244, 8.5, 21, 超值金版-死魂灵；钦差大臣
01593815, 7.6, 35, 盲音乐家
27036611, 8.0, 27, 俄罗斯抒情诗选
01544401, 8.2, 24, 石榴石手镯
03127208, 7.8, 30, 女房东
01290594, 8.1, 25, 最后一个夏天
01317929, 8.6, 19, 军人不是天生的（上下卷）
35008720, 8.7, 18, 米佳的爱情
26802350, 8.0, 26, 巴别尔剧作集
01044374, 7.3, 41, 我与俄罗斯文学
30291121, 8.9, 16, 来自彼岸
01115257, 7.1, 47, 谁之罪?
30394161, 9.4, 13, 玫瑰和雪
33463682, 9.2, 14, 一生的故事（非琴俄罗斯文学经典译文集）
11530612, 7.6, 32, 日瓦戈医生
25800693, 8.4, 20, 我的中尉
02071435, 8.5, 19, 费特诗选
25933834, 8.3, 21, 金蔷薇
27116310, 7.5, 33, 莫斯科
03251101, 8.0, 24, 左撇子（列斯科夫中短篇小说选）
06932501, 8.2, 21, 童年
01387633, 8.7, 16, The Gulag Archipelago
01080110, 7.5, 31, 前夜 父与子
04744009, 7.0, 45, 插图本俄国文学史
06266312, 8.2, 20, 猎人笔记
01068662, 7.9, 23, 箴言集
02331649, 7.8, 24, 从彼得堡到莫斯科旅行记
01085017, 8.2, 19, 决斗
01085059, 8.4, 17, 亚玛镇
30165845, 7.9, 22, 钦差大臣/世界文学名著
26335876, 7.7, 24, 彼得堡之恋
25985989, 8.6, 15, 叶尔特舍夫一家
01556417, 8.2, 18, 母亲
26644403, 7.3, 30, 也算肖像
01507463, 8.0, 19, 一江春水
27620329, 6.8, 41, 我是被天空遗忘的诗人
01831602, 7.1, 32, 俄罗斯文学简史
02080062, 7.9, 19, 克雷洛夫寓言精选
30282308, 8.0, 18, 我的同时代人的故事
05341142, 6.9, 37, 从集市上来
05406425, 7.8, 20, 陀思妥耶夫斯基论作为文化机制的俄国自杀问题
26144652, 7.0, 34, 烟
01511649, 7.3, 26, 亚玛街的烟花女
01326906, 8.0, 17, 独白
06532540, 8.1, 16, 我们俩有个无言的秘密
25957020, 6.5, 47, 特辖军的一天
01597284, 8.5, 13, 普希金全集
27175934, 7.9, 17, 飞鸟不惊的地方
03191513, 8.0, 16, 中短篇小说选
02037329, 8.1, 15, 前夜 父与子
25933828, 8.1, 15, 涅瓦河畔/诗意人生系列/俄罗斯精短文学经典译丛
04306506, 7.3, 23, 言与思的越界
26135952, 7.6, 19, 大自然的日历
30206404, 8.7, 11, 猎人笔记
25954507, 6.4, 45, 雪野茫茫俄罗斯
02004343, 7.2, 23, 爱神草
26899165, 8.6, 11, 彼得大帝
26598779, 6.8, 29, 一只燕子不成春
07058729, 7.7, 15, 钢铁是怎样炼成的
25810962, 7.7, 15, 猎人日记
03822061, 7.6, 15, 死魂灵
01545960, 8.2, 11, 海盗
27149758, 7.2, 18, 鬼玩偶
33427233, 7.2, 18, 春潮
26416424, 7.6, 14, 鲁迅与俄国
26652382, 7.5, 14, 库什涅尔诗选
03138916, 7.1, 16, 谁之罪？
03085846, 7.1, 13, 普希金抒情诗100首
26148433, 6.3, 18, 官家童话
21362062, 6.2, 13, 灰色马
01506363, 6.0, 13, 走向最后的海洋
01466874, 0.0, 10, Resurrection
04328383, 0.0, 10, 生活与美学
26248175, 0.0, 10, 雪地寻踪
20411772, 0.0, 12, 烟
26986871, 0.0, 12, 契诃夫文集
