2020-07-05 15:59:56

number of books, tag name
712, 信仰

ID, rating, votes, title
01084336, 9.0, 576752, 小王子
25985021, 9.1, 131603, 人类简史
01829226, 9.1, 85328, 肖申克的救赎
01209899, 9.1, 59159, 我与地坛
02143732, 8.8, 91248, 灿烂千阳
01064275, 8.4, 155621, 老人与海
33440205, 8.9, 60920, 你当像鸟飞往你的山
03608208, 8.5, 120383, 牧羊少年奇幻之旅
01040771, 8.2, 206805, 达·芬奇密码
01022060, 8.2, 146119, 狼图腾
01775691, 8.4, 81346, 少有人走的路
01086249, 8.6, 44973, 荆棘鸟
01803022, 9.0, 15958, 圣经
26803714, 9.2, 8314, 人性的枷锁
01322455, 8.7, 14199, 遥远的救世主
25897657, 9.5, 4391, 悲惨世界
02244146, 8.1, 26924, 穆斯林的葬礼
05990251, 8.5, 12900, 西藏生死书
05366382, 8.8, 7442, 夜航西飞
03034480, 9.4, 3380, 圣经
20326626, 8.6, 8526, 少年Pi的奇幻漂流
01012637, 8.2, 15547, 牛虻
05252677, 8.0, 18433, 幸福了吗?
04922655, 8.3, 8295, 酥油
01311280, 9.0, 3119, 灵魂的事
02066374, 9.2, 2170, 返璞归真
03905366, 7.8, 16450, 迟到的间隔年
27124847, 8.5, 5181, 葡萄牙的高山
01444900, 8.6, 4371, 爱的五种语言
03842847, 8.5, 3856, 深河
01048173, 8.1, 6289, 忏悔录
03022521, 8.2, 5363, 天官赐福
01060531, 8.5, 3396, 忏悔录
06139592, 7.9, 8030, 11处特工皇妃
26662515, 7.7, 10095, 他知道风从哪个方向来
01955405, 8.4, 3312, 家
03797322, 9.1, 1379, 悲惨世界
01482625, 8.8, 1943, 德兰修女传
03866885, 8.5, 2794, 沉默
21692809, 8.5, 2671, 深河
21712307, 8.6, 2169, 沉默
10788580, 8.0, 4923, 穆斯林的葬礼
26962859, 7.7, 7399, 美国众神
03007708, 9.3, 907, 六祖坛经
24748615, 8.3, 2828, 天幕红尘
06510070, 8.2, 3217, 人生不设限
04827134, 9.3, 845, 灵魂的事
25774978, 8.8, 1439, 眼泪与圣徒
01925067, 9.3, 833, 圣经
01254278, 8.7, 1590, 思想录
10530396, 9.6, 588, 圣经
02213463, 8.6, 1580, 拯救与逍遥
10512506, 7.7, 5633, 世界上的另一个你
25886351, 7.5, 7895, 耶路撒冷三千年
27191970, 8.2, 2410, 月亮和六便士
26303520, 8.6, 1374, 婚姻的意义
19963287, 9.0, 853, 诸神的面具
25707600, 9.2, 696, 返璞归真
11528305, 8.2, 2135, 朝圣
01839627, 8.3, 1852, 香草山
05954613, 9.1, 730, 谁可以这样爱我
26869026, 8.9, 892, 箭术与禅心
19964969, 9.1, 714, 你往何处去
19955069, 7.8, 3458, 遇见未知的自己
02568268, 8.8, 946, 四种爱
04884858, 9.4, 519, 魔鬼家书
03649304, 8.9, 842, 无语问上帝
30220005, 8.7, 1041, 我在西南联大的日子
01945160, 8.3, 1644, 游子吟
30331835, 8.0, 2410, 窄门
04202352, 9.3, 533, 基督教要义
03034706, 9.2, 579, The Last Lecture
05347700, 7.8, 2934, 我坐在彼德拉河畔，哭泣
02066445, 8.7, 863, 卿卿如晤
02999785, 8.4, 1156, 塔木德
26529831, 8.2, 1398, 忏悔录
27619764, 8.5, 968, 琅琊榜之风起长林
19963296, 9.4, 394, 一掷千金的上帝
01057879, 9.0, 565, 荒漠甘泉(附黑门山路)
03016150, 9.8, 277, 圣经（天主教思高版）
04812799, 8.9, 598, 认识佛教
01027390, 8.6, 816, 拯救与逍遥
01780032, 8.2, 1276, 六世达赖仓央嘉措情歌及秘史
04007145, 8.5, 892, 我有平安如江河
04898535, 8.4, 983, 来一点信仰
01019308, 8.0, 1615, 圣经的故事
01310155, 8.3, 1095, 莱博维茨的赞歌
01021529, 8.8, 625, 重负与神恩
02989572, 9.5, 316, 圣经（启导本）
03174506, 8.6, 734, 一个自行发完病毒的病例
27138978, 8.7, 642, 海上钢琴师
26956479, 7.6, 2551, 草原动物园
04223661, 8.9, 513, 值得
06010792, 8.5, 766, 与神对话（第三卷）
01754852, 9.4, 314, 認識神
02066232, 8.8, 541, 痛苦的奥秘
01986775, 8.7, 586, 清心守候的女人
11442895, 8.6, 629, 永不抵达的列车
04214003, 9.1, 380, 密室
05946558, 8.4, 733, 莲生与阿玉
25787839, 8.6, 579, 纳尼亚传奇
25741377, 9.5, 254, 圣洁
01400697, 7.8, 1449, 古兰经
25707589, 8.9, 408, 魔鬼家书
01439413, 9.1, 339, 《圣经Holy Bible》（中英\NRSV\皮面金边\索引)
04767833, 9.3, 279, 恩典多奇异
02023257, 8.6, 510, 深入非洲三万里
04881638, 7.7, 1489, 钢铁是怎样炼成的
07161323, 7.6, 1707, 藏地密码珍藏版大全集（共10册）
01835305, 8.9, 375, 荒漠甘泉
01829527, 9.5, 225, 中英對照聖經
03753941, 9.2, 283, 我爱吕西安
06869079, 8.2, 719, 但愿婚前我知道
06967540, 9.5, 207, 《加拉太书》注释
25908039, 8.5, 503, 少年派的奇幻漂流：一部电影的诞生
26910593, 7.3, 2341, 重生
01979209, 8.8, 357, 上帝之城
10796071, 8.9, 324, 里外更新
01078516, 7.8, 1072, 心灵史
02024220, 8.2, 656, 从异教徒到基督徒
02777035, 8.8, 336, 前车可鉴
05906677, 8.2, 608, 过犹不及
26722581, 9.2, 228, 基督教史（上下）
01283295, 8.2, 581, 平衡的智慧
24912330, 8.9, 285, 廖智：感谢生命的美意
06527144, 8.7, 339, 狱中书简
26767611, 8.5, 407, 工作的意义
01418793, 9.0, 256, Mere Christianity
01462846, 8.8, 305, 克尔凯戈尔日记选
20440204, 9.3, 199, 宗教情感
04260799, 9.2, 215, 灵魂幸存者
01062511, 8.4, 443, 这一代人的怕和爱
05348946, 8.6, 361, 金枝
02976685, 9.1, 231, 病隙碎笔
02377537, 8.3, 488, 活着，为了什么？
04006535, 8.8, 295, 神的杰作
20273641, 9.1, 226, 狂热的爱
02142176, 9.6, 152, 渴慕神
11444012, 8.2, 518, 昼信基督夜信佛
01391672, 9.0, 238, 罗马书释义
05422864, 7.6, 1056, 孤独的赢家
33439236, 7.8, 785, 云中记
02046136, 7.6, 1008, 圣经故事
01938320, 7.7, 881, 美国的本质
06429701, 9.5, 152, 我们合理的信仰
06397251, 8.8, 260, 回到正统
27188666, 9.2, 185, 基列家书
01264155, 9.0, 217, 带着爱来中国
04231733, 8.6, 304, 论自由意志
11527197, 9.0, 209, 谦卑
25707605, 8.5, 326, 卿卿如晤
02074583, 8.7, 266, 思想录
01253713, 8.7, 264, 基督教神学思想史
04035941, 9.0, 202, 与马同跑
01085245, 8.0, 530, 天路历程
01007492, 9.0, 201, 在约伯的天平上
01658437, 9.1, 183, 作门徒的代价
01915479, 8.8, 234, 从岁首到年终
26953599, 8.3, 365, 海狼
01982432, 9.0, 193, 新铁证待判
03185701, 7.7, 714, 钢铁是怎样炼成的
34993195, 9.4, 141, 我会在六月六十日回来
01155817, 8.3, 360, 基督教概论
01019076, 9.3, 149, 旷野呼告 无根据颂
10578474, 8.9, 197, 基督教会史
01315211, 8.9, 195, 论三位一体
27019752, 8.8, 211, 为何是他
30216638, 9.1, 165, 少年Pi的奇幻漂流
02063619, 8.8, 208, 历史的轨迹
05976878, 9.2, 149, 荒漠甘泉
03024819, 9.5, 120, 浪子回头
22166524, 9.3, 138, 圣徒永恒的安息
06712850, 8.2, 357, 法律创世记
10868148, 8.8, 203, 改变带来医治
01763890, 8.7, 217, 加尔文传
10787196, 8.2, 345, 灵魂只能独行
01058767, 9.0, 168, 活着就是爱
06977907, 8.6, 235, 至高喜乐的传承
04199629, 7.1, 1360, 棚屋
07014878, 9.3, 131, 基督徒的生活
19941238, 8.6, 228, 预备成为帮助者
01125262, 8.6, 226, 托尔斯泰忏悔录
01261542, 8.3, 296, 基督教会史
33384916, 7.6, 638, AWM绝地求生 下册
01215598, 8.3, 291, 载满鹅的火车
01194965, 8.3, 286, 为什么真爱需要等待
03810394, 9.7, 95, 磐石之上
10472533, 9.0, 155, 清心守候的女人
03732363, 9.0, 152, 论信望爱
10944735, 9.2, 129, 团契生活
04060789, 9.0, 148, 天路客的行囊
03711441, 8.8, 173, 马丁·路德·金自传
01082506, 8.4, 244, 天路历程
02025442, 9.1, 136, 穿越荣耀之门
04844101, 9.1, 136, 一生的呼召
04221368, 9.7, 88, 研读版圣经新译本
01856633, 8.7, 181, Blankets
02197028, 8.5, 215, The Alchemist
01433418, 8.8, 166, 深河
01146605, 8.7, 178, 六A的力量
03404608, 8.2, 279, 丧钟为谁而鸣
04855584, 8.4, 229, 我心狂野
03645425, 9.0, 137, 挚爱中华——戴德生
03637184, 8.6, 188, 用生命爱中国
25707601, 8.5, 204, 痛苦的奥秘
10548353, 8.9, 146, 你当刚强壮胆
01441533, 8.6, 183, 相爱的秘密
10767378, 8.6, 183, 不再约会
06750744, 9.3, 107, 暗室之光
26384976, 9.1, 122, 慷慨的正义
19964308, 9.4, 99, 浪子回头
24888041, 9.4, 98, 敬虔与圣洁生活的严肃呼召
03538497, 9.2, 112, 地狱来鸿(大榔头写给蠹木的抒情书)
10502466, 8.4, 211, 与神对话
24848638, 7.4, 621, 天堂的证据
03193134, 8.7, 161, 人生观的故事
02216161, 8.9, 136, 心灵花园
25852130, 8.8, 147, 致年轻加尔文主义者的信
20625420, 7.9, 336, 怀疑的时代需要怎样的信仰
03396876, 9.6, 82, 加爾文基督教要義(上下冊)
10605693, 9.0, 123, 入世的清教徒
10601559, 8.8, 138, 上帝的情书
26221000, 9.0, 118, 山雨
01101549, 8.9, 126, 天路历程
34688638, 8.8, 136, 死海之滨
21330243, 9.3, 94, 宽容的不宽容
05372672, 8.5, 172, 自由在哪里
02368198, 8.4, 187, 一生必读的关于信仰与人生的30部经典
01641385, 9.6, 77, 虚云法师年谱
01862074, 8.3, 201, 古兰经
01971644, 9.1, 105, 与神同在
10540807, 8.6, 153, 爱与罪
04709554, 9.0, 112, 大河之源
04712849, 9.1, 104, 神的形象
06052092, 9.1, 104, 清教徒的脚踪
01248788, 9.0, 110, 天路历程
01040187, 8.1, 234, 老木的琴
10601568, 9.1, 102, 基督教神学导论
25798756, 6.9, 1008, 麻雀
01423896, 9.4, 80, 思辨与启示
01853137, 8.6, 141, 司布真传
05423786, 8.5, 152, 殉道史
26874772, 9.0, 102, 天路历程
10745487, 9.7, 65, 精读本圣经
01233381, 9.1, 95, 基督教导论
01474588, 9.1, 95, A Grief Observed
30379644, 9.1, 95, 十架君王
26307654, 8.3, 178, 人之废
26165690, 8.9, 108, 当他沉默时
26767617, 8.4, 160, 软弱之道——靠主得力的人生
26988180, 9.0, 100, 智慧的开端
26415833, 8.3, 174, 刺我一个吻
25837865, 8.5, 143, 钢铁是怎样炼成的
03007789, 9.6, 66, 心灵爱语
02342028, 8.3, 168, 收刀入鞘
05988595, 8.8, 111, 牵手一世情
01891862, 9.3, 78, 疾風烈火
04941751, 9.3, 78, 效法基督
05328018, 8.4, 150, 各自的朝圣路
05910691, 7.7, 293, 仓央嘉措诗传
24871240, 9.2, 82, 安息日的真谛
01430367, 8.6, 125, 特里莎嬷嬷
01261543, 8.2, 175, 旧约概论
03713669, 9.2, 80, 靈性低潮
02969365, 8.6, 123, 七重山
01197433, 8.7, 112, 为孩子立界线
01338285, 9.0, 90, 如何為自己禱告
03195320, 9.2, 78, 祷告的学校
26887236, 9.0, 89, 叛教者
01169532, 9.1, 83, 虚云和尚开示录
26871653, 9.2, 77, 负伤的治疗者
03798415, 8.6, 118, The five people you meet in heaven /（你在天堂遇到的五个人）
02339932, 7.9, 219, 男人需要尊重 女人需要爱
06890297, 9.3, 72, 莫测树下
04830180, 8.2, 163, 特蕾莎修女传
01012469, 7.8, 237, “蝙蝠”文库系列丛书（4种）
04285881, 8.7, 107, The 5 Love Languages
27072605, 9.6, 59, 论做十架神学家
26388575, 9.3, 70, 《马太福音》释经默想
03604385, 9.0, 85, 又四十年
03796614, 9.1, 79, 给未曾归正者的警告
19961182, 8.5, 120, 牛虻
26414755, 9.8, 51, 讲道与讲道的人
03112184, 9.3, 68, 师主篇（Imitation of Christ ）
01485484, 8.3, 140, 死亡9分钟
01398448, 8.1, 166, 张承志散文
06894147, 7.4, 343, 妻子，荣耀的帮助者
20385103, 9.3, 67, 清教徒之约
03697475, 8.9, 86, 论道成肉身
01316620, 8.0, 178, 花香满径
26840136, 8.7, 99, 惊悦
01011411, 8.2, 148, 信仰之旅
01019818, 8.5, 114, 林巧稚
04001861, 9.4, 61, 与神同行
03944885, 8.1, 156, 全然美丽
03607722, 9.0, 76, 击开捆锁
26284639, 8.4, 117, 切今之事
03503921, 8.3, 127, 源于期待
04772522, 8.2, 138, 隐士
26589040, 8.8, 86, 转化生命的友谊
01084508, 8.1, 150, 信仰的法则
04073606, 8.4, 116, 为约会立界线
05392122, 8.9, 80, 德兰修女传
03554826, 9.1, 70, 送你一首渡河的歌
03412006, 9.7, 49, 传福音与神的主权（修订版）
34448703, 8.5, 106, 雅姆诗选
06892857, 9.0, 74, 女人误信的谎言
26726406, 9.3, 61, 爱的持久战
02129371, 7.3, 336, 泯灭
01450094, 9.4, 57, 路德文集1
01907494, 9.2, 64, 暗室之后
01897803, 9.3, 60, 無語問上帝／Disappointment with God
20281430, 8.7, 89, 奉他的名
01888099, 8.3, 121, 馨香的没药/Sweet Smelling Myrrh
07564679, 8.2, 131, 从异教徒到基督徒
25733501, 8.8, 81, 关于《纳尼亚传奇》的那些事：给孩子们的信
04851778, 9.2, 62, 现代世界之道
06878088, 9.0, 70, 成功的辅导
02283758, 8.9, 74, 我愿意
10606366, 8.6, 91, 珍珠项链
01077043, 8.3, 114, 基督教哲学1500年
03163734, 8.8, 78, 传道书
26829208, 9.0, 68, 同行：最美的陪伴（漫画书）
01825938, 8.8, 76, 我有一个梦想
27099464, 8.7, 81, 人如何改变
03016042, 8.4, 101, The Shack
30336595, 7.8, 170, 藏传佛教极简史
20282379, 8.9, 70, 沙漠教父言行录
03192640, 8.7, 80, 怀特菲尔德传
25778386, 9.0, 65, 客旅
06002633, 9.4, 51, 天路历程
25662491, 8.1, 127, 陶恕传
03678013, 10.0, 37, 馬丁路德羅馬書講義
33422202, 9.7, 43, 路德的人生智慧
02252638, 7.8, 164, 道歉的五种语言
30199746, 9.1, 60, 教学七律
26664062, 7.5, 219, 消失的地平线
06423681, 8.4, 96, 灵心小史
04001955, 9.7, 42, 基督教真伪辨
30176795, 8.1, 120, 心灵外史
01213572, 8.6, 81, 玛利·琼斯和她的《圣经》
26369111, 8.8, 70, 朋霍费尔
10355220, 8.4, 93, 牛虻
03075613, 8.2, 108, 恩典与自由
03900879, 8.0, 128, 光与盐
01957786, 8.5, 85, 人的破碎与灵的出来
30297174, 9.3, 50, 莱拉
04040450, 9.2, 53, 圣灵论
01033413, 7.8, 151, 神的历史(修订版)
03211855, 9.1, 56, 心思的战场
04074633, 9.7, 40, 神学入门
04009714, 9.6, 42, 海德堡要理问答
11636069, 7.9, 136, 安拉.别为我哭泣
06965593, 7.5, 201, 当你途经我的盛放
04240439, 8.9, 63, 圣经里的故事
06867651, 9.5, 44, The Meaning of Marriage
04141814, 8.7, 71, 论四福音的和谐
06025651, 9.0, 58, 约翰·牛顿自传
26585473, 8.2, 100, 上帝的火柴
05945436, 8.0, 118, 美国宪法的基督教背景
04317808, 9.6, 40, 常常祷告
11632543, 6.9, 384, 然后在第八天
01125187, 8.3, 90, 奥古斯丁忏悔录
05340971, 7.6, 166, 放下，刹那花开
10726569, 8.1, 104, 当男孩爱上女孩
01923451, 7.7, 148, 天路历程
03041091, 9.0, 54, 陌生客 同路人
05355296, 8.3, 87, 摩西的生平
07060546, 8.8, 61, 良心的自由
30416702, 7.9, 121, 人类群星闪耀时
02382225, 9.3, 45, 基督教要義（上）
06527145, 9.6, 38, 保罗的祷告
25762156, 9.0, 53, 褥子团契
01058376, 7.7, 143, 复乐园
01071998, 8.8, 60, 基督的人生观
10537526, 9.4, 42, 一掷千金的上帝
06849708, 8.3, 85, 工作的呼召
05283656, 8.2, 91, 路德三檄文和宗教改革
02373376, 9.0, 52, 亚当——神的爱子
03526023, 9.2, 46, 效法耶稣的服侍
21329286, 9.2, 46, 为何是祂
25905766, 9.5, 39, 理所当然的侍奉
05401863, 9.6, 37, 耶穌所傳的福音
03711542, 8.8, 58, 养生书
03986138, 9.8, 33, 基督榮耀的身體
06903094, 9.5, 38, 攻克己身
25894667, 7.6, 147, 谁都不敢欺负你
01766127, 9.6, 36, I Kissed Dating Goodbye
05328053, 8.1, 94, 卡尔·萨根的上帝
23679340, 8.8, 56, 生命的旅程
04848543, 10.0, 29, 圣经（研用本）
34978184, 8.8, 55, 想見你 寫真書
03709140, 9.7, 33, Counterfeit Gods
03993911, 8.9, 51, 改教家的神学思想
26707865, 9.0, 48, 约翰·克里斯托夫
05401928, 8.8, 54, 炼爱
26107847, 8.8, 54, 丰盛的恩典
03104080, 9.4, 38, 跨越希望的門檻
04820334, 8.3, 75, 世界观的革命
03123649, 8.9, 50, 世界观的故事
27177384, 8.4, 69, 被遗忘的圣灵
01910715, 8.3, 74, 班扬传
02229239, 9.7, 32, 新生命 福音性查经
02979678, 9.3, 39, 我的信仰
02330891, 9.2, 41, 始于静谧处
04304273, 8.9, 48, 赞美诗（新编）
04709436, 8.9, 48, 诸天述说
01662575, 8.4, 66, 奥古斯丁的基督教思想
26593659, 9.2, 40, 论三位一体
26639308, 8.6, 57, 荣耀之重
03993924, 8.1, 80, 加尔文传
03739780, 8.2, 74, 做个真女人
05904040, 9.4, 35, 只夸基督十架
01561392, 8.9, 46, 协同书－路德教会信仰与教义之总集
03918129, 8.7, 52, 人啊，你往何處去？
01082238, 8.2, 73, 非常选择 非常MATCH
10754681, 9.6, 31, 健康教会九标志
01868317, 9.2, 38, 基督教神学手册
03611687, 9.2, 38, 祷告
11595204, 9.0, 42, 四福音注释
04830828, 7.6, 116, 上帝的语言
01138432, 7.8, 96, 死海古卷
03015472, 9.1, 39, The Reason for God
11600230, 9.1, 39, 谁需要神学?
06756178, 10.0, 25, 君尊皇族的觉醒
06730542, 8.9, 43, 相系深深
10521792, 8.4, 59, 信与思
02133692, 9.7, 28, My Utmost for His Highest
03012588, 9.3, 34, 心靈面包
03793113, 7.5, 119, 现代化的本质
03905251, 8.4, 57, 可爱的中国
06438580, 8.8, 44, 荒漠甘泉
01901195, 7.4, 129, 末世迷踪
01255010, 8.9, 41, 觅人的上帝
01784973, 8.2, 64, 重复
30396435, 8.8, 43, 寻求更大的事
26414006, 8.7, 45, 现代基要主义不安的良心
05924514, 8.5, 51, 领袖
04066608, 9.3, 32, 天命与你
01027330, 8.1, 67, 无形的宗教
26845776, 8.4, 54, 陌生的荣耀
30374399, 7.9, 78, 拿你所有的，换你想要的
04234808, 10.0, 23, 基督教要道初階
32581311, 9.8, 25, 心灵的重塑
05341017, 8.6, 47, 创世六日
33461677, 8.6, 47, 寻求引导
20513306, 8.4, 53, 活得精彩
10023768, 9.6, 27, 揭开奥秘
07061375, 9.5, 28, 改变生命 改变心
05392509, 8.5, 48, 圣诞礼物
03056633, 9.8, 24, 如何明白神的引領
01391500, 8.3, 54, 宗教的意义与终结
03684063, 8.3, 54, 爱的简约
01180223, 8.5, 47, 基督教文学经典选读（上下）
21214034, 8.5, 47, 德兰修女传
01434126, 7.9, 72, 东正教神学导论
26256212, 8.4, 50, 与上帝拔河
01799938, 7.1, 151, 态度决定一切
03023027, 9.5, 27, 信仰、试炼与得胜
04102932, 8.1, 61, 说禅论道
06856532, 9.2, 31, 基督教释经学
03619485, 8.6, 43, 系统神学
26575642, 7.0, 163, 天堂来的第一个电话
01201121, 9.0, 34, 上帝在哪里
05341176, 8.8, 38, 直奔标竿
25795760, 9.1, 32, 圣经导读：解经原则（第3版）
20380740, 8.7, 40, 真正的复兴
01736970, 8.5, 45, 为了每一天
05413945, 8.9, 35, 聖經
06872852, 8.7, 39, 丛林的秘密
19949360, 8.5, 44, 寻便寻见
01196477, 8.3, 50, 论灵魂及其起源
10554314, 8.2, 53, 旧约圣经背景注释
04229135, 9.5, 25, 巴哈伊祷文
20264570, 9.5, 25, 恩典作王
01029778, 7.9, 64, 见证基督
03012933, 8.9, 33, 黎明路上
04005299, 9.5, 24, 约翰福音注释-卡森
04023399, 9.8, 21, 人的景况与神的大能
10523818, 8.3, 46, 林巧稚传
01360376, 8.9, 32, 另一世界的傳言
30383678, 8.9, 32, 惊喜之旅
01952723, 9.3, 26, 改變生命的教學
01315814, 8.3, 45, 基督教音乐之旅
02996486, 8.3, 45, 诺克斯传
05339852, 8.4, 42, 婚姻书
27667649, 8.0, 55, 顶天立地谈信仰
34875474, 8.6, 37, 十分婚姻
26393721, 9.1, 28, 试探治死罪
27012341, 5.4, 1962, 特工皇妃楚乔传
01859507, 8.5, 39, 慕迪神学手册
01957777, 9.6, 22, 圣经·新国际版研读本
06012507, 8.2, 47, 圣经里的女性
04908956, 9.4, 24, 天堂沉默半小時
03411404, 7.5, 80, 《出埃及记》释义
26291459, 8.1, 50, 我这一生：林语堂口述自传（最新修订精装纪念典藏版！）
25717775, 7.6, 73, 冈底斯遗书
04238959, 9.2, 26, 西敏小要理問答
03559582, 8.5, 38, Crazy Love
27046064, 8.9, 30, 论秩序
01045015, 8.6, 35, 与上帝交谈
03777715, 8.3, 42, 《约伯记》双重修辞解读
03131840, 8.5, 37, 陈织娘的一生
04083382, 8.5, 37, The Pilgrim&#39;s Progress
27043797, 9.0, 28, 不可叫人小看你年轻
01438200, 9.5, 22, 若 IF
03021775, 9.4, 23, 默观的新苗
34939363, 9.4, 23, 生命的洗练
25852256, 7.4, 80, 和最爱的人去西藏
25843163, 9.4, 22, 基督教旧约伦理学
26690929, 9.4, 22, 忘我的自由
10606997, 9.3, 23, 在那神聖與愛的國度
24532222, 9.3, 23, 悔改真义
24697837, 9.3, 23, 走出心理幽谷
34918843, 9.3, 23, 走出死荫幽谷——忧郁症重生之歌
01470412, 8.0, 48, 先贤之信
26857786, 8.0, 48, 理家理心
01420764, 7.7, 60, 生命中不可错过的智慧
26439032, 9.1, 25, 你欠生命一份奇迹
24759598, 9.0, 26, 回来吧.巴芭拉-祈祷回来的女儿
02678181, 8.5, 34, 契合与转化
26028785, 8.5, 34, 师徒之道
01393651, 7.8, 54, 积极思考就是力量
01938841, 7.6, 63, 古兰经的故事
10506819, 6.9, 120, 警察难做
11507160, 9.3, 22, 渴慕神
30199936, 9.5, 20, 圣经研修本
01081842, 6.6, 164, 达尔文的黑匣子
11509639, 8.0, 44, 香草山
01207180, 8.4, 34, 仁爱一生
30168505, 10.0, 16, 《不再一样》
26856375, 7.3, 76, 愿人心温暖，万物复苏
03120756, 8.8, 27, 返璞归真的牧养艺术
01426158, 7.4, 69, 优质思考的十个习惯
24746527, 9.2, 22, 盟约
01888090, 9.1, 23, 遵主圣范 / 效法基督 / 师主篇
26345988, 9.1, 23, 彩虹花园
30245155, 8.0, 43, 脱身
01450093, 9.5, 19, 路德文集2
01359569, 8.6, 29, 但以理讀書法
03129044, 7.4, 66, 原野的花束
26589678, 8.8, 26, 当青蛙念到蜗牛大学
01267997, 7.9, 44, 约瑟夫著作精选
25918578, 8.5, 30, 幸福真谛
03928543, 8.9, 24, 圣灵 良心或撒旦的声音
10571764, 7.9, 43, 十六世纪的无信仰问题
06959769, 8.3, 33, 今日如何读新约
11622234, 7.7, 49, 日本平安时代的社会与信仰
05257704, 7.9, 42, 平衡的智慧
02979306, 8.2, 34, 不一样的人生
03285045, 9.1, 21, 生命中的耶稣
01416244, 7.1, 78, 中世纪的信仰
03352158, 7.5, 55, 古兰经故事
06425298, 9.3, 19, 信仰.希望.爱
10483864, 9.3, 19, 简明神学
03621177, 8.2, 33, 圣经考古大发现
01683963, 7.9, 40, 为婚姻立界线
26861381, 9.1, 20, 上帝的火柴2
25893917, 8.8, 23, Seeking Allah
10440019, 7.6, 48, 生命的觉醒
26271911, 9.2, 19, 天堂在召唤
26307847, 9.2, 19, 敬虔的丈夫
26700942, 9.6, 16, 与永恒有关的30个观念
26945223, 9.3, 18, 禱告解密
01148001, 7.9, 38, 爱情书
06856533, 7.6, 47, 圣经的来源
01439215, 8.6, 25, 圣地家书
19986601, 8.2, 31, 圣经戏剧
26791806, 8.0, 35, 启示与更新
27614962, 8.5, 26, 存在的勇气
04196710, 8.3, 29, 如何认识和提升自己
06053705, 9.7, 15, 属灵人
05944963, 8.9, 21, 当好人遭难时
19938159, 8.9, 21, 抉择时刻
27178847, 8.8, 22, 当男孩爱上女孩
25819969, 8.4, 27, 旧约历史
26657351, 8.4, 27, 丰盛的筵席
04199944, 9.1, 19, 婚姻灵修学
10739665, 9.1, 19, 改变生命的代祷
07564424, 9.5, 16, 夢幻巴士
26413168, 9.3, 17, 儿子的超自然觉醒
01359431, 9.8, 14, Gravity and Grace
04174026, 7.3, 55, 细节中的文明
26721512, 8.4, 26, 为谁辛苦为谁忙
27012248, 9.4, 16, From sand and ash
03097748, 8.6, 23, 建立高 EQ 的教會
02976065, 8.5, 24, 在基督里长进
10763465, 8.0, 32, 上帝的国度
03909499, 9.2, 17, 都是恩典
10484717, 8.7, 21, 绘画大师的心灵世界
06266069, 8.8, 20, 卓越人生
11579997, 8.9, 19, Every Good Endeavor
25910995, 9.0, 18, 重建范型
26995083, 9.0, 18, 燃烧吧！大学魂
05921502, 9.6, 14, 路德选集
30870078, 8.1, 28, 士者弘毅
04887985, 7.4, 45, 当你爱得太深时
01819772, 8.5, 22, The Language of God
01233002, 7.9, 31, 信仰的深情
24295000, 7.0, 61, 小雅歌
30255653, 8.9, 18, 信仰的动力学
30290459, 7.7, 35, 虔敬的奥秘
17888297, 9.5, 14, The Freedom of Self-Forgetfulness
02161960, 9.3, 15, 言语的威力
25785836, 9.3, 15, 静夜亮光
26986963, 9.3, 15, 在清真寺尋找，十字架下尋見
06772214, 7.0, 59, 永不磨灭的番号
25728279, 8.2, 25, 圣经导读：按卷读经
25706099, 9.6, 13, 神学认识论
33412361, 7.9, 29, The Second Mountain
26854216, 9.2, 15, 人如何改变
26832814, 8.4, 21, 乖小孩 大危机
03666010, 9.1, 15, 正常的基督徒信仰/ The Normal Christian Faith
06429295, 9.1, 15, 中世纪灵修文学选集
26852549, 9.1, 15, 心灵渴望
30438895, 9.1, 15, 释经学40问
02372601, 7.8, 29, 你为何要信
04909374, 8.1, 24, 理性、浪漫主义和基督教
04007279, 9.2, 14, 教我如何不信祂
04908814, 9.2, 14, 心灵希望丛书-成功
06307428, 9.2, 14, 基督教早期文献选集
01682568, 7.8, 28, 铸就一生的9种品格
03876183, 8.6, 18, 比翼双飞
06124721, 9.0, 15, 全民讀經法
04908813, 8.7, 17, 心灵希望丛书-得胜
07051457, 8.7, 17, 喜乐的家
03313673, 7.6, 31, 我的人质岁月
10565153, 7.7, 29, 相信
03289717, 8.0, 24, The Love Dare
04012377, 9.3, 13, 圣灵的大能
05379136, 8.4, 19, 生命的冠冕
25794579, 8.9, 15, 给盼望一个理由
26650159, 8.1, 22, 奔走天路
26705802, 8.0, 23, 美好品格的塑造
06027375, 7.9, 24, 华理克读经法
01950660, 9.0, 14, 我究竟為何而活
21330680, 9.0, 14, 唤醒平信徒
26650157, 9.0, 14, 自省
04196547, 8.8, 15, 撒但的餌
26149239, 8.1, 21, Lila
10773969, 8.5, 17, 昼信基督夜信佛
01015988, 7.9, 23, 华莱士财富宣言
25958315, 9.1, 13, 再生情缘
26293397, 8.8, 14, 旧日光辉
26289086, 9.4, 11, 光与盐（第二卷）
27115921, 8.2, 18, 科学、信仰与社会
26721519, 8.9, 13, 人生休止符
27038962, 8.9, 13, 薛华传
01443342, 7.8, 22, 理性与信仰
03865542, 8.7, 14, 见证的火炬
01227003, 8.4, 16, 坏脾气的格蕾丝
12460151, 8.8, 13, 三位一体之美
03151017, 7.8, 21, 英国自然神论
06010223, 8.6, 14, 反叛有因-葛福临传
01928520, 7.7, 22, 信仰、革命与权力秩序
04312785, 7.8, 20, The Pilgrim&#39;s Progress
21616923, 6.3, 62, 当我们回到上帝怀里
01938183, 8.8, 12, 启示录神学
03266562, 8.6, 13, 读经的艺术（How to Read the Bible for All Its Worth）
06533409, 6.4, 55, 忠诚与背叛
02120866, 7.5, 22, 假如给我学习的机会
25818548, 8.5, 13, 我不理解的上帝
24841665, 6.7, 39, 基督教对文明的影响
26945679, 8.9, 11, 无与伦比的恩典
03191402, 7.2, 26, 如果沒有耶穌
06311971, 7.9, 17, 优秀是训练出来的
01057272, 7.6, 20, 天职
04731701, 7.6, 20, 在爱中学会爱
26695841, 7.6, 20, 约翰·欧文传
01096349, 6.2, 61, 中国冥界诸神
04729351, 7.0, 29, 从零岁开始
01920279, 8.2, 14, 信仰的历程
01262291, 7.8, 17, 活着的萨满
10456938, 7.8, 17, 早期基督教思想的精神
11524681, 7.2, 24, 花祭
27110256, 7.6, 18, 驅魔師
05372595, 7.8, 16, 基督教义的根基
05379135, 8.6, 11, 生命的冠冕
02986342, 8.3, 12, 天香
30403752, 6.9, 25, 狱中诗
34812882, 8.4, 11, 喜乐流放者
01464475, 7.8, 14, 事物的核心
01795728, 7.3, 18, Beyond Death&#39;s Door
04915874, 7.2, 19, 我本无名
02120683, 7.1, 19, 认识《圣经》文学
03018129, 7.7, 13, 当代基督徒的人文素养
25976263, 8.1, 10, 当你不愿饶恕时
30404528, 6.9, 18, 自律就是自由
30140412, 7.5, 12, 愿将一生献中国
01472791, 6.5, 15, 新职业观
27041607, 6.3, 13, 天变与日常
26854419, 3.2, 848, 四世生花
06053702, 0.0, 10, 屬靈人（下冊）
10784878, 0.0, 10, 古兰经译注
11637979, 0.0, 10, 青春的契机
20415798, 0.0, 10, 神操新譯本
26651627, 0.0, 10, 启示录注疏
27158487, 0.0, 10, 论灵魂及其起源
34995174, 0.0, 10, 敉平与破裂
04900287, 0.0, 11, 狂飆後的微聲
07067713, 0.0, 11, 生命更新解经系列  效忠基督（马太福音）
27129147, 0.0, 11, 大国军魂
03245074, 0.0, 12, 心意更新
24858337, 0.0, 13, 圣经新普及译本
04113431, 0.0, 14, 返璞归真：创世记；蒙召得赎：出埃及记；分别为圣：利未记；忠心善仆：民数记；整装待发：申命记
04293690, 0.0, 14, 新约背景
02006901, 0.0, 15, 简明圣经史地图解
03996933, 0.0, 15, 当代基督门徒
06784698, 0.0, 16, 道家做人儒家做事佛家修心 大全集
03788438, 0.0, 19, 吴勇全集(共33册)
04090407, 0.0, 19, 穆斯林圣训实录全集
26834739, 0.0, 24, 遇见信天翁
