2020-07-05 15:59:56

number of books, tag name
737, 修行

ID, rating, votes, title
26954760, 8.8, 149123, 月亮与六便士
33440205, 8.9, 60920, 你当像鸟飞往你的山
04242172, 8.1, 230389, 天才在左 疯子在右
01529893, 8.0, 90410, 莲花
26369699, 8.6, 26243, 被讨厌的勇气
03609132, 8.4, 35480, 把时间当作朋友
02340100, 8.0, 73634, 遇见未知的自己
06021440, 8.7, 18586, 黑客与画家
01963912, 8.8, 14668, 正见
01056295, 8.2, 39845, 人性的弱点全集
01322455, 8.7, 14199, 遥远的救世主
01409704, 8.9, 7650, 金刚经说什么
05990251, 8.5, 12900, 西藏生死书
03158482, 8.9, 5419, 新世界
03522695, 8.5, 9597, 瓦尔登湖
01011215, 8.8, 5313, 论语别裁(上下)
01840859, 9.6, 2019, 心经
04843456, 9.4, 2384, 金刚经·心经
03151990, 8.5, 7024, 达摩流浪者
10747883, 8.0, 15268, 怦然心动的人生整理魔法
02381748, 9.2, 2657, 金刚经 心经 坛经
05332713, 9.0, 3143, 人间是剧场
01872158, 8.2, 9682, 蝇王
02277299, 8.4, 6924, 当下的力量
06526752, 8.8, 3763, 生命之书
03413836, 8.4, 6563, 当下的力量
24749465, 7.4, 31521, 断舍离
27186106, 8.3, 6155, 心流
07064313, 7.7, 16545, 突然就走到了西藏
10546850, 8.8, 2965, 内在的天空
01812011, 9.0, 2308, 佛教的见地与修道
01626532, 9.5, 1157, 地藏菩萨本愿经
05332932, 9.2, 1448, 佛教的见地与修道
06744767, 8.9, 1986, 我们内心的冲突
26827590, 8.6, 2848, 八万四千问
24758481, 8.6, 2708, 当下的力量（珍藏版）
02122992, 9.0, 1531, 故道白云
01441488, 8.4, 3084, 宫本武藏·剑与禅（上下）
01859649, 8.1, 4595, 生命的不可思议
25978763, 8.7, 2007, 僧侣与哲学家
05450660, 8.6, 2239, 次第花开
25819842, 9.0, 1389, 佛陀传
01077129, 8.5, 2528, 一生的学习
02372450, 8.7, 1929, 改变，从心开始
04726852, 8.5, 2478, 正念的奇迹
03123393, 7.6, 9739, 遇见心想事成的自己
03042785, 8.7, 1877, 学佛三书（共3册）
04843444, 9.4, 851, 维摩诘经
24863163, 9.0, 1224, 恩宠与勇气：超越死亡
10773358, 8.1, 3629, 意志力
04898627, 8.4, 2381, 禅者的初心
03910883, 9.0, 1151, 观呼吸
01258513, 8.5, 2043, 爱与寂寞
02241168, 8.7, 1571, 内在的探索
06052834, 8.0, 3799, 亲密关系
03671442, 8.5, 1784, 修炼当下的力量
03622904, 7.2, 13723, 不抱怨的世界
02347737, 8.0, 3399, 深夜加油站遇见苏格拉底
02250289, 7.9, 3823, 一个人不要怕
25898124, 7.6, 6202, 得未曾有
01485625, 9.0, 940, 瑜伽之光
06718250, 8.5, 1624, 生命的不可思议
25777461, 8.3, 2040, 日日是好日
03875610, 8.9, 934, 内观
27136747, 9.0, 820, 正见
26869026, 8.9, 892, 箭术与禅心
01000804, 9.2, 656, 楞严大义今释
01016033, 9.2, 644, 圆觉经略说
03069690, 8.5, 1367, 人生的起点和终站
01915094, 9.3, 577, 近乎佛教徒
19955069, 7.8, 3458, 遇见未知的自己
05364104, 8.8, 929, 朝圣
01030054, 7.2, 9490, 水知道答案
03874168, 8.1, 2106, 零极限
03327830, 7.7, 3774, 前世今生：16堂生死启蒙课
04843463, 9.3, 526, 圆觉经
04836697, 8.3, 1532, 看见真相的男孩
06509886, 8.7, 939, 人生哲思录
04843458, 8.8, 824, 四十二章经
21324451, 8.9, 724, 不是为了快乐
05248376, 8.7, 893, 一味
11542550, 9.2, 528, 论语新解
11601993, 8.1, 1802, 安静
02049781, 8.4, 1223, 世界在你心中
04062809, 8.7, 866, 改善情绪的正念疗法
02256361, 8.7, 839, 箭术与禅心
06946710, 7.7, 3035, 前世今生
01256284, 8.4, 1166, 谋生之道
34870933, 7.7, 2992, 人生十二法则
02355018, 8.4, 1150, 字里藏医
03802048, 8.8, 709, 我说参同契（上）
03005076, 8.7, 782, 再活一次
01045248, 8.9, 627, 如何修证佛法
01895965, 8.9, 617, 鬼谷子
05383915, 7.7, 2629, 只为途中与你相见
01051931, 9.0, 540, 西藏度亡经
04830829, 9.2, 444, 根道果
25771551, 9.2, 438, 不离：上师人生开示录
01076067, 9.7, 285, 妙法莲华经
04053315, 8.2, 1242, 一念之转
25916679, 8.8, 628, 能断金刚
25693190, 8.2, 1224, 舍得让你爱的人受苦
02324913, 9.5, 316, 佛陀的啟示
03894081, 8.6, 733, 最后的日记
23780225, 8.7, 645, 能断
01075729, 8.9, 512, 药师经的济世观
01160733, 8.4, 858, 静坐修道与长生不老
03276880, 9.2, 379, 光耀生命
06534492, 9.8, 232, 僧伽吒经
10801462, 7.8, 1808, 苦才是人生
07001419, 9.4, 313, 突破修道上的唯物
03696966, 9.0, 444, 踏上心灵幽径
03618256, 8.7, 589, 禅与生命的认知初讲
01335318, 8.4, 798, 正信的佛教
03012903, 9.0, 423, 关于这颗心
30408662, 8.5, 689, 拥有一个你说了算的人生. 活出自我篇
06125682, 7.5, 2546, 力量
02240928, 8.7, 553, 当生命陷落时
23037911, 8.8, 492, 正念禅修
23316673, 7.7, 1771, 知日·日本禅
25955940, 8.4, 724, 透过佛法看世界
26546733, 9.0, 391, 鳴響雪松系列1：阿納絲塔夏
01855097, 8.3, 770, 万里任禅游
03023149, 8.5, 613, 狂喜之后
04812801, 9.2, 312, 太上感应篇
03784639, 8.6, 547, 超越时空
20394988, 9.1, 338, 灵性炼金术
06062348, 9.1, 329, 前往伊斯特兰的旅程
25747198, 9.2, 298, 脈輪全書
26822680, 7.8, 1318, 写出我心
03159897, 8.0, 1006, 小言黄帝内经与生命科学
03236762, 9.0, 347, 事事本无碍
26323530, 8.4, 621, 念完哈佛念阿弥陀佛
03358570, 8.5, 556, 你可以不怕死
19989305, 8.4, 613, 做才是得到
03823020, 8.8, 407, 性、生态、灵性
04045849, 8.7, 446, 无可摧毁的纯真
04254672, 7.5, 1878, 不抱怨的世界2
01366878, 9.4, 233, 与神对话
10759777, 7.9, 1044, 秘密副作用
26910859, 7.9, 1038, 冥想
05905901, 9.1, 293, 78度的智慧
01418383, 9.2, 266, 靈魂永生（賽斯書）
26826152, 9.4, 224, 曾国藩家书
04258808, 8.2, 695, 还我本来面目
33434249, 8.2, 680, 善哉善哉，就你话多
10762737, 8.4, 540, 禅者的初心
21329705, 8.6, 439, 灵性开悟不是你想的那样
01051715, 8.1, 735, 道家、密宗与东方神秘学
10539120, 8.4, 524, 寂静之道
01476920, 9.3, 228, 五十奥义书
11509401, 6.9, 4367, 正能量
10795220, 7.6, 1376, 喃喃
10560279, 9.0, 290, 没有疆界
25912907, 8.7, 381, 烦恼都是自找的
05260230, 8.9, 309, 与生命相约
25894316, 9.2, 237, 有求
05338827, 8.1, 688, 空谷幽兰
06858459, 8.1, 688, 当下的力量Ⅱ
20496057, 9.2, 235, 约书亚的传导
26785340, 9.1, 255, 金刚经说什么
11592003, 8.1, 684, 不得贪胜
01941925, 9.1, 254, 入菩萨行论
25753429, 9.3, 215, 世界上最快乐的人
05288625, 9.0, 271, 活在喜悦中
04812797, 9.3, 211, 改造命运 心想事成
06557779, 8.6, 389, 告别娑婆
26126563, 8.2, 589, 囚徒健身2
04817590, 8.2, 588, 雪洞
04151190, 8.1, 658, 完美的爱，不完美的关系
04062735, 8.4, 469, 对生命说是
03183283, 8.5, 423, 无常
01127363, 9.3, 207, 影尘回忆录
04905966, 9.0, 262, 時空之外
04715266, 8.5, 415, 人生中不可不想的事
04132844, 9.0, 254, 心的经典
25893196, 8.4, 446, 与自己和解：治愈你内心的内在小孩
30236383, 8.8, 301, 月亮与六便士
23780851, 8.3, 492, 金刚经修心课
06515939, 6.8, 4264, 世界如此险恶，你要内心强大
02286166, 9.0, 246, 大师在喜马拉雅山
06878387, 8.9, 268, 奇迹课程
01255989, 9.1, 226, 化书
01861325, 8.1, 591, 图解西藏生死书
02044433, 9.7, 143, 清净道论
26914216, 8.9, 265, 山是山水是水
03681639, 8.3, 464, 正念
25798953, 8.6, 340, 大地母亲时代的来临
04126251, 9.1, 216, 八正道
03772058, 7.4, 1344, 吸引力法则
25885179, 9.0, 226, 我为青春狂
25805198, 8.3, 429, 初学者的冥想书
10344040, 7.5, 1123, 一个瑜伽行者的自传
27153403, 9.2, 188, 新世界：灵性的觉醒（精装修订本）
05907290, 8.6, 314, 业力管理
01255977, 9.1, 203, 童蒙止观校释
04056324, 8.4, 374, 因是子静坐养生法
20475763, 9.4, 158, 个人实相的本质
26708403, 9.4, 157, 大圆满前行
10755668, 8.5, 334, 自我观察
03120844, 9.1, 195, 世界上最快乐的人
26905389, 7.7, 803, 人生所有经过的路，都是必经之路
02134266, 9.8, 117, 普贤上师言教
03572716, 9.1, 190, 瑜伽之光
04864406, 8.7, 266, 教育就是解放心灵
26680362, 8.7, 266, 我们误解了这个世界
06507601, 9.1, 188, 生命喜悦的祈祷
02048022, 8.6, 288, 图解金刚经
03545532, 9.7, 121, 瑜伽师地论（全九册）
03662079, 8.4, 348, 呼吸之间
04262950, 8.4, 348, 关系的真谛
24533105, 8.5, 315, 生命这出戏
06714584, 8.1, 475, 轮回
11522757, 8.7, 255, 生命之花的靈性法則
20442309, 9.5, 135, 炁體源流
04039932, 8.2, 407, 内证观察笔记
03881415, 9.6, 122, 一梦漫言
26838900, 9.4, 140, 塔罗冥想
26767504, 8.0, 485, 孤独
03796598, 8.5, 288, 爱情与工作的每日禅
25774384, 8.5, 284, 冥想
05299768, 8.7, 236, 希腊左巴
01769975, 9.1, 169, 僧侶與哲學家
03155162, 8.0, 469, 《南怀瑾－小言黄帝内经与生命科学》
02297545, 9.3, 142, What Makes You Not a Buddhist
26377479, 7.9, 509, 素食
01388288, 9.5, 121, 個人實相的本質（賽斯書）上、下冊
21249031, 8.6, 244, 灵性亲密关系
25711748, 8.7, 223, 灵性的自我开战
06101341, 8.4, 291, 回到当下的旅程
03066678, 8.4, 286, 花出青嶂
05404240, 8.9, 183, 无我的智慧
06440652, 8.8, 197, 六祖讲金刚经
30197730, 8.6, 232, 焦虑症与恐惧症手册
03874474, 8.6, 229, 人之初
02227747, 9.0, 163, The Art of Learning
06126239, 9.2, 138, 围棋入门
04030358, 8.0, 403, 心灵午夜密谈
03082201, 9.5, 111, 大智度论
03238342, 8.4, 265, 山中花开
03928558, 8.7, 199, 宁静的森林水池
01003972, 8.5, 234, 般若之旅
25662148, 8.6, 213, 南师所讲呼吸法门精要
02018401, 9.0, 153, 习禅录影
04713688, 8.3, 278, 一生的学习
24872436, 8.6, 210, 超越孤独
01134133, 9.3, 121, 米拉日巴传
07015323, 6.8, 1879, 日月
11513516, 9.6, 96, 藥師琉璃光如來本願功德經
01418371, 8.6, 200, 灵魂之旅
26589327, 8.2, 290, 阿米：星星的孩子
01418098, 8.9, 155, 正念的奇迹
26359465, 9.3, 115, 永不失败的面包烘焙教科书
03352074, 8.1, 317, 萨提亚冥想－内在和谐、人际和睦与世界和平
05063600, 9.5, 100, 人间是剧场
02977280, 9.1, 132, 降伏其心
01881776, 8.6, 196, 现在开始讲解瑜伽
06886394, 8.3, 256, 你可以不生气
10791825, 9.1, 130, 觉醒之后
04823003, 8.1, 309, 比神更快乐
06894125, 8.5, 208, 回家之旅
34866369, 7.4, 681, 内向心理学
06006409, 7.7, 466, 生命数字密码
01008656, 8.4, 224, 静坐修道与长生不老
03804304, 9.0, 135, 证悟
30141131, 7.8, 405, 饮食滋味（《黄帝内经》饮食版）
06840678, 7.2, 871, 于丹趣品人生
34888157, 8.0, 325, 十分钟冥想
02374344, 9.5, 94, 掌中解脫
04225194, 8.6, 179, 生活的难题
03797804, 9.8, 76, 观世音普门品
05288935, 9.2, 112, 我说参同契（上中下）
03643702, 8.4, 212, 作為上師的妻子：我和邱陽創巴的人生
24758482, 8.4, 212, 当下的力量实践手册
26021872, 9.9, 71, 阿毗达摩讲要（上）
26372364, 7.9, 344, 你在忙什么
06424417, 9.0, 126, 一心走路
04164215, 7.6, 471, 当一切改变时，改变一切
25792009, 7.9, 333, 不分心：初学者的正念书
02382446, 9.8, 73, 妙法莲华经
01440054, 8.7, 155, 心靈寫作－創造你的異想世界
03388249, 9.9, 68, 靈性成長
06800946, 7.1, 884, 做自己的先知
11507035, 8.6, 166, 与生活相遇
01348215, 9.4, 91, 花雨滿天（上下冊）
26393094, 8.7, 149, 薄伽梵歌（注释本）
04077967, 8.4, 190, 这个世界的真相
06027725, 8.5, 173, 生死学十四讲
25928760, 9.2, 100, 瑜伽之心
01641385, 9.6, 77, 虚云法师年谱
30322562, 9.9, 64, 前行笔记之耕耘心田
26389904, 8.8, 131, 剑圣宫本武藏.第一辑
06011081, 7.0, 908, 冥想5分钟，等于熟睡一小时
01423467, 9.0, 111, 浩渺无垠
01511511, 8.9, 119, 学佛者的基本信念
01372203, 9.2, 96, 內在的火焰－唐望故事
03931781, 9.9, 62, 王骧陆居士全集（上下）
25755541, 8.4, 176, 不抑郁的活法：六祖坛经修心课
21966337, 8.6, 148, 论关系
25910207, 8.9, 117, 灵性冲撞
26683589, 9.8, 65, 寿康宝鉴（白话）
20375539, 9.3, 88, 動中修行
10812235, 8.6, 146, 荷欧波诺波诺的幸福奇迹
05301258, 8.5, 158, 个人觉醒的力量
25770208, 9.3, 87, 八部金刚功
24531830, 8.8, 124, 道家真气
05348108, 8.7, 134, 因是子佛学入门
06839769, 8.3, 187, 与神对话（套装全3卷）
26383445, 8.8, 123, 开悟者眼中的生命真相
05962438, 9.8, 63, 蓮師心要建言
02185252, 9.4, 80, 蕙兰瑜伽
03179498, 9.3, 85, 覺悟勇士：香巴拉的智慧傳承
20388493, 10.0, 56, 前行备忘录
06775832, 8.6, 141, 生而为人
03653133, 9.4, 79, 光的课程
24371137, 8.0, 240, 城市就是健身房
26838508, 7.3, 532, 具身认知
01245515, 9.0, 103, 神圣人生论（全两册）
02278308, 8.5, 150, 生命輪迴
05214622, 9.4, 78, 般若经讲记
11516429, 7.8, 281, 只要会呼吸.就能做冥想
26650929, 9.5, 71, 寿命是一点一滴努力来的
04312357, 8.4, 156, 這一生為何而來
02111837, 9.2, 85, 瑜伽气功与冥想
20563181, 8.2, 183, 巴坦加里的瑜伽经
01423464, 8.7, 120, 思考从结论开始吗
01776884, 8.9, 103, 巫士唐望的教誨
34860967, 8.2, 181, 性格拼图
02371261, 9.3, 78, 新世紀揚昇之光
01752625, 8.8, 108, 对生命的敬畏:阿尔贝特·施韦泽自述
19990858, 9.2, 81, 百业经
05422851, 8.2, 175, 觉悟的生活
10480843, 8.8, 107, 身心灵全面疗愈
03103049, 8.2, 174, Thiaoouba Prophecy
02226356, 8.8, 106, Zen Mind
11525305, 8.3, 158, 禅与心理分析
27021541, 8.4, 145, 内在生命：精神分析与人格发展
02297815, 8.6, 123, 一念之轉
20474818, 8.9, 97, 呼吸之间
01374489, 9.0, 89, 疾病的希望
02159947, 8.5, 128, 参禅日记
20440847, 7.7, 270, 前世今生2
05346154, 9.0, 88, 佛陀之心
01057794, 8.3, 150, 东洋冥想的心理学
22224886, 7.9, 217, 深夜加油站遇见苏格拉底
01838801, 9.6, 59, 转识成智——贾题韬与佛学
01029184, 8.8, 99, 曾国藩家训
02327357, 8.8, 99, 博伽梵歌原意
04932919, 8.4, 135, 黄庭禅
04301498, 9.2, 75, 愛
26743743, 8.4, 134, 穿越孤独
19959643, 7.4, 363, 星光下的灵魂
03348425, 9.8, 52, 空行法教：蓮師親授空行母伊喜．措嘉之教言合集
10354347, 9.1, 79, 哈达瑜伽之光
02284446, 9.2, 74, 修行
01332101, 9.3, 69, 老子常清靜經
04879642, 8.9, 89, 大师读心经
03194576, 8.2, 153, 纽约
05063378, 7.7, 246, 进入你的感官世界
25977138, 7.6, 271, 金钱的灵魂
26710502, 8.8, 93, 幕后：一位觉者的实修日记
03719444, 7.3, 382, 变形纪·找自己
05408900, 8.1, 163, 阴影的力量
26844213, 9.9, 47, 雪漠2016年最新力作《空空之外》
03272443, 8.2, 148, 生命的教导
03681643, 7.6, 262, 世上是不是有神仙
26276646, 8.6, 105, 灵魂的暗夜
03885660, 8.1, 159, 生命不仅仅如此
06105662, 8.2, 145, 不思考的練習
01957092, 8.6, 104, 藏传佛教中观哲学
10426423, 8.2, 144, 佛陀的厨房
05977469, 9.6, 54, 明月
04806691, 8.0, 172, 你值得更幸福
06967324, 9.5, 57, 佛法修证心要（套装上下册）
06969134, 8.9, 83, 凯龙星
06737815, 8.0, 169, 嶄新的理所當然
06952711, 8.3, 129, 生命之光
01418379, 9.5, 56, 未知的實相（賽斯書）一、二卷
26778193, 9.2, 67, 辩证行为疗法
02018399, 8.7, 93, 生与死
26350938, 8.1, 149, 悟道录
05422846, 8.4, 115, 正念之道－每天解脱一点点（万千心理）
20493038, 9.0, 74, 太阳，我的心
02185633, 7.7, 217, 吃茶一水间
27080582, 8.6, 98, 人的宗教
01873114, 9.8, 46, 佛法要论
03451011, 9.8, 46, 瑜伽师地论科句披寻记
03628063, 8.1, 146, 從未知中解脫
10546097, 8.2, 133, 陪伴生命
04723785, 8.3, 122, 冥想的力量
30855349, 8.8, 82, 内在工程
02025890, 9.2, 63, 认识与存在
01418142, 9.1, 67, 药师经法研究
25783416, 7.1, 414, 去远方发现自己
04914780, 8.5, 101, 谋生之道
26643059, 8.5, 101, 话说中庸
20423414, 8.0, 153, 不思考的练习
01418387, 9.4, 55, 心靈的本質（賽斯書）
05401208, 8.4, 108, 李小龍：生活的藝術家
26720006, 8.6, 91, 人本食气
06866219, 8.7, 84, 真正的修行
21427100, 7.5, 239, 内在小孩
01870217, 8.9, 72, 平靜的第一堂課─觀呼吸
06517272, 9.1, 63, 慧心自在
02378182, 7.9, 157, 图解瑜伽经
06829168, 8.7, 81, 唤醒能量
19987165, 7.9, 155, 破碎重生
24704442, 8.3, 109, 靈魂的出生前計畫
26932297, 8.5, 92, The Headspace Guide to Meditation and Mindfulness
10607781, 8.5, 91, 耶稣也说禅
01360193, 8.8, 73, 脈輪能量書1
04071592, 9.5, 47, 喜乐的曼达拉
03161191, 8.7, 77, 迴旋宇宙序曲
26743650, 8.7, 77, 未來預演
03269870, 8.4, 96, 奥义书
03203236, 8.8, 71, 雪洞──丹津．葩默悟道历程
25763702, 8.7, 76, 看不见的彩虹：人体的耗散结构
04191631, 8.4, 93, 中国的道教
24873059, 9.9, 37, 松嶺寶藏:蓮師向空行母伊喜 措嘉開示之甚深寶藏口訣
01353203, 8.9, 64, 禪者的初心
23801765, 9.3, 50, 前行引导文
26436273, 8.7, 72, 剑圣宫本武藏 第二辑
10807774, 8.5, 83, 读佛即是拜佛
26319996, 7.5, 199, 鬼股
24743319, 7.3, 248, 打造创意版自己
01189952, 8.4, 88, 佛教禅定
06437041, 7.6, 177, 沉默入门
22601779, 9.0, 58, 与无常共处
25843915, 8.0, 120, 爱是勇者的游戏
04714816, 8.1, 109, 心经
06952510, 8.6, 74, 活得安详
02052420, 8.2, 100, 圣雄箴言录
22994123, 7.9, 129, 禅与生活
26436686, 7.1, 300, 王阳明心学：典藏修订版
10831893, 9.6, 40, 指月录（上下册）
01157084, 8.2, 97, 止学
03925150, 9.2, 49, 滅苦之道
03691428, 8.5, 77, 灵性科学入门
04269725, 9.0, 55, 性命圭旨
26143622, 8.3, 89, 禅的黄金时代
04212459, 8.3, 88, 心的导引
25843053, 7.8, 134, 生命的真相
03031841, 8.6, 70, 阿斯汤伽瑜伽
33459496, 8.9, 57, Twelve Rules for Life
04171549, 9.0, 53, 虚云和尚全集（全9册）
03336908, 9.7, 36, 解深密经
01532274, 9.2, 47, 黄元吉文集:道德经讲义、乐育堂语录
04882127, 8.2, 92, 阿维斯塔
01289226, 7.8, 129, 纯粹瑜伽
01360194, 9.3, 44, 脈輪能量書II
03597822, 9.7, 35, 佛子行三十七颂
10727271, 9.7, 35, 大佛顶首楞严经讲义（上下册）
03360984, 8.8, 58, 大手印实修心髓
06773038, 8.8, 58, 生命的完整
27133582, 9.2, 45, 精准瑜伽解剖书1：流瑜伽及站姿体式
25810092, 8.3, 80, 如其本来
03675518, 8.4, 74, 托尔斯泰传
26815956, 8.2, 86, 当下的力量实践手册（白金版）
01331720, 8.7, 60, 難以置信：科學家探詢神祕信息場
07004129, 8.0, 101, 爱的能量
04067264, 9.0, 49, 靈魂之愛
25798759, 8.9, 52, 世界上最幸运的人
26908649, 8.9, 52, 我就是那
05908488, 9.4, 39, 掌中之叶
04915338, 8.1, 90, 上帝从不眨眼
26793485, 8.7, 58, 在印度，听见一片寂静
27007503, 8.7, 58, 八周正念之旅
04850325, 8.5, 65, 高僧传
26334620, 8.0, 95, 幸福来自绝对的信任
07564216, 9.1, 44, 禅定入门
25979349, 9.7, 32, 《俱舍论颂疏集注》
02022775, 9.4, 37, 金刚密乘大圆满
01347453, 8.9, 49, 修行
01245491, 9.0, 46, 学佛者的信念
30352262, 7.4, 158, 无论何时，我们还是会笑
26919615, 8.9, 48, 大圆满禅定休息简说
25850143, 8.4, 66, 我们真正的归宿
27103115, 8.5, 61, 活出生命的所有可能
27140869, 7.3, 161, 情绪勒索
27625635, 8.0, 84, 巫士唐望的教诲
06973956, 8.5, 58, 唐立淇2012星座運勢大解析
06870643, 9.4, 34, 瑜珈:身心靈合一之旅
30801744, 8.1, 77, 业力管理
20501448, 9.8, 28, 靈魂永生
21365396, 7.8, 98, 伪善入门
03013474, 8.9, 44, 心灵简史
03633469, 8.6, 53, 图解楞严经
25725591, 8.3, 65, 红尘中最美的重逢
26313131, 7.6, 115, 秘密实践版
03609323, 10.0, 25, 移喜措嘉佛母密传
25850977, 10.0, 25, 大佛頂首楞嚴經義貫
10799208, 9.0, 41, 圣严法师教禅坐
25760164, 8.6, 52, 阴符经集释
03214577, 8.5, 55, 我从西藏来
04294466, 8.3, 63, 沉思课
01358626, 9.1, 38, 空，大自在的微笑
01511427, 9.1, 38, 雪狮的蓝绿色鬃毛
05394994, 9.7, 28, 如是（上）
02046190, 8.8, 45, Be Here Now
10750459, 7.5, 120, 慢慢喝水，就能消除焦虑的慢动作冥想法
02091863, 8.9, 42, 大念住经要义
02339040, 7.8, 90, 超越宗教
01046423, 8.3, 61, 太玄集注
22994122, 7.6, 104, 悟性的提升
01910716, 8.4, 55, 心传录-一位西藏著名修行者的笔记
05407498, 9.2, 34, 真愛的功課
20562736, 9.2, 34, 就在今生
04292048, 8.2, 63, 秘源
11603695, 8.4, 54, 罗素说理想与历程
01962491, 7.7, 92, 瑜伽哲学十四讲
10583429, 8.6, 47, 禅：两刃相交
04730245, 7.7, 91, 内在小孩解道德经
26953903, 8.3, 57, 老子的心事
26991632, 9.2, 33, 生命之樹卡巴拉
20241536, 7.9, 76, 转念的力量
01411340, 8.6, 46, 临济录
03042387, 9.3, 31, 佛学今诠
03009036, 6.3, 463, 口吐莲花
27071413, 7.0, 178, 一平方米的静心
10531537, 7.8, 81, 我的禅修生活
25922430, 7.8, 80, 不辩，是一种智慧
25915757, 8.0, 67, 五轮书
26802106, 9.0, 35, 重生手记（插图修订本）
04827137, 8.5, 47, 爱的提醒
01758469, 7.8, 78, The Monk Who Sold His Ferrari
26785227, 9.1, 33, 越用力 越焦虑
26895478, 8.2, 57, 芳疗实证全书
04309492, 7.7, 84, 秘源
10588664, 9.2, 31, 請練習，好嗎？：明就仁波切「開心禪」引導
05959519, 8.0, 65, 明日之神
26434953, 7.5, 98, 一个冥想者的觉知书
25800318, 9.0, 34, 正念療癒力
01661161, 9.8, 23, 《长短经》校证与研究
25850131, 8.7, 40, 莲花中的珍宝
03350687, 9.6, 25, 佛法要论（上下）
04258869, 8.1, 59, 生命可以如此（下）
02160114, 9.2, 30, 印加巫士的智慧洞見
01530038, 8.1, 58, 修道入门
03005138, 8.4, 47, 禅说庄子（一）
05437087, 7.7, 78, 窈窕淑女的标准
06958231, 8.2, 53, 星云禅语
01703667, 8.5, 43, Zen in the Art of Archery
25770195, 9.2, 29, 米晶子济世良方
26291539, 7.7, 76, 正念冥想
03594079, 7.6, 82, 听南怀瑾讲佛学
05276712, 10.0, 20, 图解心经
25941529, 8.5, 42, 《禅海蠡测》语译
24696936, 8.7, 37, 随处自在
04172457, 8.9, 33, 黄帝内经素问译释
10594366, 9.6, 23, 瑜伽师地论-声闻地讲录(上册）
14267173, 9.7, 22, 動中修行
10433885, 7.7, 72, 李叔同说佛
11505940, 9.1, 29, 为爱修行
01811549, 9.4, 25, 来果禅师语录
02064837, 8.4, 43, 狂野寫作
01019410, 9.3, 26, 钟吕传道集注译・灵宝毕法注译
20431439, 8.0, 56, 心灵治疗与宇宙传统
02185156, 8.1, 52, 道海玄微
25841081, 9.2, 27, 竹窗随笔
19985176, 8.7, 35, 了烦脱俗
03703077, 8.9, 31, 大准提陀罗尼法门
10517927, 9.5, 23, 大圆满前行释修宝典
06759143, 7.8, 62, 冥想日记
04103321, 9.8, 20, 守護天使指引卡
24718563, 8.9, 30, 禅宗入门
26378655, 9.4, 23, 走向靜默 如你本來
18605460, 9.6, 21, 禅修次第
02556325, 9.3, 24, If You Meet Buddha on the Road
03643714, 9.7, 20, 蓮師傳：蓮花生大士的生平故事
25760316, 9.7, 20, 罗素论人类理想境界
05248396, 8.9, 29, 观音菩萨与观音法门
06973241, 8.9, 29, 姥姥的靈悟天書-生命大覺醒的智慧
30451722, 9.9, 18, 告别娑婆
02346846, 9.4, 22, 顯密圓通成佛心要集
05390837, 9.2, 24, 十善业道经讲记
26285518, 8.3, 39, 佛陀传
26666446, 9.1, 25, 影尘回忆录
03211750, 9.0, 26, 射艺中的禅
24841280, 8.9, 27, 袁了凡静坐要诀
26941028, 8.9, 27, 全部的你(增訂版)：跳出局限，擁抱生命無限的可能
20876070, 9.4, 21, 《佛说大集会正法经》解读
24876698, 8.4, 35, 心智力
03904766, 9.1, 24, 新编吕洞宾真人丹道全书（上中下）
25943604, 9.1, 24, 寻找药师佛
30156969, 9.1, 24, 覺醒的你
03072614, 7.7, 56, 不笑烟花只笑禅
01331729, 8.9, 26, 與靈溝通
20444264, 8.5, 32, 改造生命的原理
02221907, 8.3, 36, 止观讲义
03278942, 8.3, 36, 空谷幽蘭
10776300, 7.3, 75, 心学大师王阳明
02008751, 9.2, 22, 罗摩功行之湖
01821723, 8.1, 40, 中华仙学养生全书（全三册）
06729199, 7.7, 53, 哲学书简
04278490, 8.3, 35, 邀請你的指導靈
03410454, 9.5, 19, 尊者阿迦曼传
03423684, 9.6, 18, 大圆满传承源流—蓝宝石
20282888, 7.6, 55, 与奇人相遇
26588563, 7.6, 55, 断舍离·瑜伽篇
02138218, 7.9, 44, 禅者的思索
26363155, 8.7, 27, 飞跃
02206330, 8.2, 36, 禅是无的宗教
26819668, 9.1, 22, 眾神的食物
01879279, 9.2, 21, 手臂录
25955929, 9.0, 23, 和平勇士的智慧之道
11631823, 7.0, 92, 王阳明最神奇的心学
26731105, 8.6, 28, 湿婆经的112种冥想方法
27062571, 8.7, 26, 静坐的科学与心灵之旅
02101454, 8.3, 32, 与天堂对话
25960652, 6.4, 165, 英雄
04291226, 8.1, 35, 真爱无惧
04852642, 7.7, 46, 生活中的修行
02989617, 8.6, 26, 鬼谷子人生智慧
24755316, 8.9, 22, 印度尋祕之旅：在印度遇見馬哈希
26842396, 8.8, 23, 通知
02006810, 8.0, 36, 曲肱斋全集
26981867, 8.7, 24, 九种奥义书
01915651, 9.4, 17, The Way of Zen
11629259, 8.3, 29, 巴门的行走
24700156, 8.3, 29, 老子的智慧
03275969, 7.9, 37, 生命不再等待
03653613, 9.7, 15, Cutting Through Spiritual Materialism
04707975, 9.7, 15, 心性休息大车疏
02346880, 8.9, 21, 禪與腦：開悟如何改變大腦的運作
04738691, 8.9, 21, 《问道》第五～九辑
05944963, 8.9, 21, 当好人遭难时
22010232, 8.9, 21, 心靈女戰士
01527320, 8.8, 22, 心灯录
03699031, 8.1, 32, 图解观呼吸
01060759, 9.2, 18, 原本的真实
24714158, 7.2, 61, 喝茶是修行
10738024, 7.7, 41, 道路无限宽广
25841259, 7.6, 44, 心海的消息
04766748, 6.7, 98, 绝望中遇见梅尔达
10460266, 9.6, 15, 菩提道次第广论讲记
26941020, 9.6, 15, 神聖的你：活出身心健康、快樂和全部的潛能
06513845, 8.9, 20, 找回祈禱的力量
04222475, 8.3, 27, 天堂教我的七堂課
03560425, 7.8, 36, 五十到一百的人生规划
06124328, 7.5, 44, 冥想
03132971, 7.7, 38, 卖掉法拉利的高僧
26976737, 7.9, 33, 圖解人類圖
06805998, 8.7, 21, 靈性覺醒
25984262, 7.4, 47, 静下来，一切都会好
01470032, 8.6, 22, The First and Last Freedom
05243667, 9.0, 18, 活出一的法則首部曲-我的選擇
26947815, 8.2, 27, 觉醒之光
34930719, 9.6, 14, 妈妈禅
06963747, 8.3, 25, 今生
11250291, 8.6, 21, The Antidote
26575651, 8.8, 19, 博伽梵歌原意
01199912, 8.9, 18, 白玛邓灯尊者传记及道歌
05919516, 8.9, 18, 因是子静坐法·因是子静坐法续篇·冈田式静坐法
11578301, 7.5, 40, 科学禅定
30174953, 9.6, 13, 洞山指月
05323819, 9.2, 15, 習禪錄影
26663456, 7.6, 34, 爱情的幸福修行
04885262, 8.7, 18, 夢瑜伽與自然光的修習
26947817, 8.7, 18, 我在
33476242, 8.1, 24, 松果體的奇跡
10830574, 7.5, 35, 情绪的惊人力量
26964140, 8.4, 20, 因是子静坐法
26320905, 8.7, 17, 千日回峰行
26921117, 8.7, 17, 雲水一年
04228478, 8.8, 16, 图解藏密拙火禅修法
04028206, 8.3, 20, 图解西藏睡梦瑜伽
02117989, 8.6, 17, 靜坐修道與長生不老
25873060, 6.7, 60, 不离不弃，且行且珍惜
01548741, 7.9, 24, 禅定述要
25829295, 7.7, 27, 小王子流浪记
10524093, 6.9, 48, 改变大脑的灵性力量
02982662, 7.8, 24, 如何安心如何空
01790823, 8.3, 18, 甘露法洋
05398205, 8.0, 21, 禅定与苦修
26326530, 8.0, 21, 夜行的鸟
26755270, 9.0, 13, 禅修入门
26734831, 9.2, 12, 光的彩虹橋
25769462, 7.6, 26, 愈少愈自由
26183907, 7.6, 26, 自立
26348120, 8.6, 15, 回到当下的旅程
03491242, 9.3, 11, The Joy of Living
21730133, 8.5, 15, 医道还元
22723035, 8.8, 13, 你應該吃我嗎?
34846277, 8.8, 13, 洞山指月
11588693, 7.7, 22, 找寻内心的平静
27014971, 7.7, 22, 大思想的神奇
25782884, 9.2, 11, 药师经讲记
26266831, 9.2, 11, 印光法师文钞全集
02978400, 7.2, 30, 内丹养生功法指要
27126570, 7.4, 26, 全然的自由 Ⅰ
24756946, 8.0, 18, 老子的心灵处方
20493155, 7.3, 26, 自控力修习术
24700980, 9.0, 11, 禅无境界
26663458, 8.4, 14, 全然接受这样的我
06437080, 7.7, 19, 烦恼有八万四千种解药
06769929, 9.1, 10, The Miracle of Mindfulness
02227017, 7.1, 27, 用声音打通经络
19995915, 6.6, 38, 守住这颗心
04816970, 7.3, 21, 养生有良方
26800309, 4.7, 757, 答案之书
25980767, 8.0, 14, 葛吉夫
07916377, 7.1, 23, 当企业家遇上禅
04216649, 7.6, 15, 密教特异功能开发法
34997276, 7.6, 15, 微行动
04717432, 8.0, 12, 作为佛教的佛教
10575323, 7.3, 17, 千手观音
03161318, 8.0, 11, 禅定指南
01134764, 7.8, 12, 找回心灵的宁静
26308425, 6.6, 22, 有人因你活着而幸福吗？
26581103, 6.2, 29, 宇宙的裂缝：一位修禅者的科学观
03666683, 6.7, 19, 走出困境的十五堂心理课
20441553, 7.3, 12, 圣雄修身录
05030592, 5.8, 28, 莲叶清单
26959158, 6.2, 15, 预见
06998435, 5.5, 16, 冥想投资法
01332062, 0.0, 10, 正念瑜伽-結合佛法與瑜伽的身心雙修
02354799, 0.0, 10, 正念之道
03111318, 0.0, 10, 统御你的世界
10345027, 0.0, 10, 浅说五十种禅定阴魔
26346009, 0.0, 10, 道教修炼养生学
26438357, 0.0, 10, 藥師經、藥師琉璃光七佛本願功德經（合本）
02052450, 0.0, 11, 蘇菲思想
25871168, 0.0, 11, 如何安心如何空(第二版)
26661548, 0.0, 11, 降临
01842007, 0.0, 12, 探寻生命的奥秘
04090651, 0.0, 12, 老子人体生命科学
26370316, 0.0, 12, 法界之心
01438673, 0.0, 13, 雙手能量療法
02316820, 0.0, 13, 大学中庸贯义人生内圣修养心法
01359390, 0.0, 14, 再創造自己
01125830, 0.0, 15, 生命的修炼
27005491, 0.0, 16, 到彼岸赏月
23744106, 0.0, 18, 30岁之后最好的修行是婚姻
05285227, 0.0, 19, 人生何必太计较
26358716, 0.0, 23, 心经修行课：过往不恋 将来不负
35002434, 0.0, 50, 再读黄帝内经
25881583, 0.0, 52, 密意单传
