2020-07-05 15:59:56

number of books, tag name
233, 傅雷

ID, rating, votes, title
04908885, 9.0, 129264, 局外人
01186392, 8.7, 10622, 约翰·克利斯朵夫
01047719, 8.5, 10260, 傅雷家书
25811462, 8.2, 11653, 小顾聊绘画·壹
01851058, 9.1, 2952, 约翰·克利斯朵夫（共四册）
01033248, 8.9, 3605, 幸福之路
01119528, 8.0, 13528, 高老头
01181690, 8.7, 4614, 傅雷家书
01485597, 8.7, 3470, 傅雷家书
26817324, 8.7, 2464, 傅雷家书
01076426, 8.8, 2108, 世界美术名作二十讲
03191214, 9.3, 1070, 约翰·克利斯朵夫（共四册）
01005915, 8.7, 2027, 艺术哲学
01097835, 8.0, 5036, 名人传
27000443, 8.6, 1771, 世界美术名作二十讲
07000672, 9.4, 641, 约翰·克利斯朵夫
01592800, 9.7, 441, 三国演义
01045934, 8.9, 908, 幻灭
01987987, 8.4, 1596, 欧也妮·葛朗台
01060294, 8.8, 994, 艺术哲学
01947611, 8.8, 886, 傅雷家书
02221112, 8.8, 866, 幸福之路
26847581, 9.2, 540, 艺术哲学
04881640, 8.1, 1813, 名人传
01987986, 8.6, 957, 高老头
02033093, 8.5, 1028, 欧也妮·葛朗台 高老头
01072015, 9.2, 497, 人间喜剧 第一卷
30289629, 8.8, 701, 傅雷家书
01283330, 8.9, 571, 世界美术名作二十讲
01437889, 9.5, 330, 约翰・克利斯朵夫
02266339, 8.7, 689, 贝多芬传
01006435, 8.7, 681, 世界美术名作二十讲
27043527, 9.6, 290, 傅雷译品典藏
01100124, 8.9, 479, 约翰·克利斯朵夫（全二册）
27194526, 9.8, 207, 约翰·克利斯朵夫
01022210, 8.5, 641, 贝姨
01038594, 8.7, 516, 罗丹艺术论
04606351, 9.1, 338, 傅雷谈艺录
01920894, 8.8, 445, 三个火枪手（上下册）
26900311, 8.4, 660, 世界美术名作二十讲
27599933, 9.2, 300, 约翰克利斯朵夫
01100157, 7.8, 1327, 欧也妮·葛朗台
01082178, 8.9, 358, 幸福之路
01903578, 8.3, 632, 人生五大问题
27108920, 8.4, 562, 老实人
26859655, 8.8, 375, 傅雷家书（经典译林）
03023649, 9.0, 303, 夏倍上校
30324722, 9.1, 258, 艺术哲学
01940607, 9.0, 264, 幻灭
26331783, 7.8, 907, 宋家客厅
04238140, 8.7, 325, 世界美术名作二十讲
01069249, 8.2, 535, 卓别林自传
24834615, 8.1, 590, 费正清中国回忆录
01012976, 8.8, 263, 巨人三传
26806649, 9.1, 198, 傅雷家书（新课标本）
01001432, 8.9, 229, 傅译传记五种
01017829, 9.2, 175, 艺术哲学
06998611, 9.2, 172, 艺术哲学
01547466, 8.3, 376, 欧也妮·葛朗台 高老头
02024848, 8.6, 279, 约翰·克里斯朵夫
30489158, 9.2, 154, 艺术哲学
27009736, 8.3, 335, 欧也妮·葛朗台
01084206, 9.0, 179, 巨人三传
03004721, 8.3, 331, 名人传
26992554, 9.5, 120, 傅雷译 约翰·克利斯朵夫（全4册）
26394207, 7.9, 495, 给孩子的散文
01033034, 8.4, 281, 与傅聪谈音乐
01438056, 8.2, 335, 傅雷谈音乐
03023704, 8.8, 190, 搅水女人
27601561, 9.8, 90, 高老头(傅雷先生诞辰110周年纪念精装珍藏版)(精)
01084720, 9.8, 89, 傅雷全集
01894765, 8.1, 341, 欧也妮.葛朗台（高中部分）
01072021, 8.2, 305, 傅聪：望七了！
30189174, 9.3, 120, 人间喜剧
03091169, 8.8, 175, 嘉尔曼
01949574, 9.4, 110, 约翰·克利斯朵夫（上下）
01185820, 9.0, 141, 幻灭
26938513, 9.0, 141, 傅雷谈艺录
25806269, 8.6, 188, 恋爱与牺牲
04891534, 8.7, 170, 傅雷书信选
26859649, 8.9, 143, 傅雷家书（50周年纪念版）
01084207, 9.0, 132, 幻灭
26986052, 9.3, 101, 约翰·克利斯朵夫
01443778, 8.5, 186, 艺术哲学
26639870, 8.5, 186, 傅雷家书
26947695, 8.8, 143, 世界美术名作二十讲（全新彩图本）
01202182, 8.7, 154, 约翰·克利斯朵夫（上下）
01785485, 8.6, 166, 邦斯舅舅（共两册）
01596320, 9.6, 80, 傅雷译文集
06515859, 9.6, 78, 傅译巴尔扎克代表作1
01881213, 8.3, 206, 傅雷谈翻译
27601557, 8.6, 156, 世界美术名作二十讲(精)
25887858, 8.2, 220, 人生五大问题
27136876, 8.3, 196, 这难得的世间
01916476, 8.5, 154, 伏尔泰小说选
30198516, 8.7, 127, 傅雷家书
01737239, 9.7, 62, 傅雷译罗曼·罗兰名作集
06889340, 9.0, 93, 傅雷家書（繁體字增補版）
01440168, 8.2, 174, 傅雷谈美术
01935991, 8.6, 114, 傅雷与傅聪谈音乐
01910267, 9.0, 85, 傅雷文集
01010924, 9.3, 67, 约翰.克利斯朵夫
26043805, 7.3, 384, 你因灵魂被爱
01134254, 8.0, 176, 贝姨
25960243, 9.2, 69, 世界美术名作二十讲
26894279, 9.3, 64, 傅雷书信选
25787951, 8.5, 108, 人生五大问题（新版中学图书馆文库）
33417634, 8.3, 121, 世界美术名作二十讲
02087612, 8.8, 82, 赛查·皮罗多盛衰记
02266345, 8.6, 93, 都尔的本堂神甫·比哀兰德
34943850, 8.8, 75, 艺术哲学(作家榜经典文库）
27118334, 9.6, 46, 约翰克利斯朵夫
01084211, 8.2, 117, 高老头
06515861, 9.8, 41, 傅译巴尔扎克代表作3
10739166, 9.1, 60, 傅聪版傅雷家书
26436139, 9.1, 60, 傅雷译幻灭
01657484, 8.3, 104, 高龙巴
01958389, 10.0, 36, 艺术哲学
26640956, 8.8, 71, 傅雷家书
26978476, 9.7, 40, 约翰·克利斯朵夫
01084205, 8.4, 90, 搅水女人
06515860, 9.5, 44, 傅译巴尔扎克代表作2
01084203, 8.1, 102, 夏倍上校
01232992, 7.7, 144, 托尔斯泰传
01223645, 8.1, 95, 欧也妮·葛朗台
04187935, 8.5, 70, 傅雷家书
01083948, 8.2, 87, 性面具
26230250, 8.3, 80, 翻译似临画
26896944, 9.1, 47, 傅雷谈艺录（增订本）
01801417, 8.2, 84, 罗丹论艺术
01975320, 9.4, 37, 高老头
06803866, 8.6, 54, 希腊的雕塑
06802000, 8.4, 61, 艺术品的本质
01440165, 8.2, 68, 傅雷书简
27085288, 9.5, 30, 世界美术名作二十讲(插图本)(精)/国民阅读经典
01037246, 7.8, 89, 生活的智慧
01737185, 8.9, 41, 傅雷译梅里美/服尔德名作集
10733127, 8.4, 56, 巨人三传
03023479, 8.6, 49, 贝姨
21318644, 7.6, 105, 贝多芬传
01059434, 8.8, 43, 傅雷文集-书信卷(上下)
01084209, 8.9, 40, 贝姨
02250080, 7.6, 102, 生活的智慧
05397461, 8.8, 40, 听傅雷谈艺术
04061892, 8.6, 45, 夏洛外传
21334843, 7.9, 72, 米开朗琪罗传
26928603, 8.5, 46, 世界美术名作二十讲
24845782, 6.3, 422, 不忘初心
27097656, 8.1, 60, 艺术哲学
03194257, 8.3, 51, 欧也妮.葛朗台 高老头
30252930, 8.0, 63, 伏尔泰小说精选
26582887, 8.1, 58, 世界美术名作二十讲
06129284, 7.6, 86, 宪益舅舅的最后十年
01916526, 9.1, 31, 傅雷家書
27112397, 9.9, 21, 约翰·克利斯朵夫
04840400, 10.0, 20, 傅雷译文集（第七卷）
02266344, 8.2, 50, 查第格
26476928, 8.3, 46, 人生五大问题
06803868, 7.9, 61, 意大利文艺复兴时期的绘画
26344318, 8.5, 40, 世界美术名作二十讲
30128079, 8.5, 40, 世界美术名作二十讲
26865817, 8.1, 51, 人生五大问题
01291606, 8.5, 39, 走出家书
25975675, 8.6, 36, 傅雷家书全编（1954-1966）
30326683, 8.3, 41, 亚尔培.萨伐龙-民国世界文学经典译著
01222789, 8.5, 35, 赛查·皮罗多盛衰记
30457503, 8.6, 33, 罗丹艺术论
02266342, 7.2, 91, 于絮尔·弥罗埃
30230117, 8.5, 34, 傅雷家信精选
01004729, 8.6, 32, 文明
06801995, 7.9, 47, 尼德兰的绘画
01034495, 7.3, 74, 傅雷与傅聪
03300188, 7.5, 61, 人生五大问题
05341537, 8.8, 26, 傅雷家书
03921773, 9.3, 20, 傅译传记五种
10558366, 8.6, 28, 傅雷艺术随笔
06803892, 8.6, 27, 艺术中的理想
01008638, 8.4, 30, 傅雷文集-艺术卷
26995255, 8.2, 33, 艺术哲学
26639693, 8.3, 31, 傅敏编傅雷家书
05333055, 9.5, 17, 傅雷译文集（第一卷）
27074726, 9.1, 20, 艺术哲学
03465446, 8.1, 34, 傅雷传
03188486, 7.9, 38, 高龙巴
01367387, 8.5, 26, 傅雷家書
01453063, 8.2, 30, 吃馬鈴薯的日子
01213231, 7.8, 38, 搅水女人
26557940, 9.6, 15, 傅雷家書
01011678, 8.2, 29, 傅雷文集-文学卷
03307144, 8.7, 22, 嘉尔曼 高龙巴
27034484, 8.3, 26, 傅雷译 名人传
27915079, 8.8, 20, 艺术哲学
03921779, 8.4, 24, 世界美术名作二十讲
03178938, 8.2, 25, 人生的开端 卡迪央王妃的秘密
03136030, 6.9, 59, 听傅雷讲艺术
02972505, 9.4, 13, 傅雷译文集（第十四卷）
25703113, 7.7, 30, 爱+恨数学
04902489, 7.0, 50, 解读傅雷一家
30281430, 7.9, 25, 伏尔泰传
34834741, 8.0, 23, 世界美术常识
01099473, 8.2, 20, 弥盖朗琪罗传
28553572, 8.9, 14, 世界美术名作二十讲
05336202, 9.8, 10, 傅雷译文集（第八卷）
01026614, 7.6, 26, 傅雷别传
01398163, 7.2, 34, 傅雷的最后17年
26434535, 8.1, 19, 傅雷家书
27088140, 8.2, 18, 巨人三传
30433731, 8.9, 13, 傅雷谈艺录及其他
01368393, 7.7, 23, 傅雷音樂講堂－認識古典音樂.
01023012, 7.9, 20, 傅雷与他的世界
27104816, 7.2, 30, 英国绘画
01368392, 7.8, 20, 傅雷美術講堂－世界美術名作二十講與中國.畫
27041272, 8.5, 14, 世界美术名作二十讲
05362331, 7.9, 18, 傅雷文集（套装全4册）
01048406, 7.8, 18, 傅雷散文
01947441, 6.8, 33, 我听傅雷讲艺术
27106023, 7.9, 16, 世界美术名作二十讲(悦读精赏本)(精)/傅雷谈艺系列
01476055, 8.7, 11, 世界美术名作二十讲/人人袖珍文库
27068670, 8.8, 10, 傅雷家书
21331242, 7.1, 23, 托尔斯泰传
04221909, 8.0, 13, 巴尔扎克选集-中短篇小说选
01820628, 7.1, 21, 傅雷家书-世界文学名著
03781002, 7.9, 13, 傅雷家书
05327998, 7.9, 13, 铁骨傅雷
03064088, 7.8, 13, 走进傅雷的翻译世界
03250859, 7.8, 13, 邦斯舅舅
26324138, 8.4, 10, 有朋自远方来——傅雷与黄宾虹的艺术情谊
27220095, 7.8, 12, 名人传
26928612, 7.7, 12, 傅译传记五种
26985922, 6.6, 23, 巨人三传
01914016, 7.3, 12, 江声浩荡话傅雷
01201919, 0.0, 10, 傅雷译文集(全十五册)盒装
03532683, 0.0, 12, 两个新娘的回忆
