2020-07-05 15:59:56

number of books, tag name
862, 儿童

ID, rating, votes, title
01041007, 9.1, 170784, 哈利·波特与魔法石
01046209, 9.2, 88882, 安徒生童话故事集
01009257, 9.0, 126015, 哈利·波特与火焰杯
06781808, 9.2, 77179, 杀死一只知更鸟
02295163, 9.0, 100634, 哈利·波特与死亡圣器
01254588, 9.0, 100377, 城南旧事
01007914, 8.7, 158677, 窗边的小豆豆
01043008, 9.0, 69493, 格林童话全集
03576486, 9.1, 31087, 小狗钱钱
01085470, 8.5, 80220, 海底两万里
26879778, 9.3, 20735, 杀死一只知更鸟
01035848, 8.7, 44557, 一千零一夜
01036274, 8.6, 51785, 夏洛的网
01052990, 9.0, 20402, 草房子
01119839, 9.1, 15884, 王尔德童话
01433640, 9.3, 11921, 猜猜我有多爱你
01028409, 9.4, 10265, 中国少年儿童百科全书（全四册）
02361768, 9.3, 9337, 爷爷变成了幽灵
01257365, 9.0, 13345, 活了100万次的猫
05437113, 9.1, 10733, 窗边的小豆豆
02160556, 9.1, 10182, 十万个为什么
02008284, 8.7, 18452, 佐贺的超级阿嬷
01064841, 9.1, 8990, 绿山墙的安妮
03465080, 9.0, 9439, 好妈妈胜过好老师
01026035, 9.1, 7781, 你看起来好像很好吃
01028270, 8.8, 11467, 舒克和贝塔历险记
01041128, 8.6, 15195, 天蓝色的彼岸
01004088, 9.0, 8175, 长袜子皮皮
01021193, 8.8, 10603, 皮皮鲁传
27133274, 9.0, 7895, 孩子们的诗
04826530, 9.1, 6680, 我亲爱的甜橙树
01794620, 7.8, 48449, 芒果街上的小屋
03826899, 8.7, 8979, 布鲁克林有棵树
01370897, 9.2, 4154, The Little Prince
01318622, 8.7, 7598, 青铜葵花
01540211, 9.5, 2687, 丁丁历险记（共22本）
01017563, 8.8, 6384, 我的野生动物朋友
27029890, 8.0, 22474, 外婆的道歉信
01542939, 9.8, 1771, 哈尔罗杰历险记(全套共14册)
04049269, 9.5, 2412, 狐狸的窗户
34659228, 8.7, 6410, 你想活出怎样的人生
02129427, 9.0, 4197, 三毛从军记全集
01907739, 8.6, 6910, 当世界年纪还小的时候
26855315, 9.4, 2449, 冒险小虎队
04832665, 9.2, 3073, 草房子
02349930, 8.8, 4709, 秘密花园
04864832, 9.3, 2288, 为什么学生不喜欢上学?
01077778, 8.1, 11798, 爱的教育
02117875, 8.8, 4096, 我爸爸
02117871, 8.8, 4081, 大卫，不可以
03089661, 9.1, 2780, 永远永远爱你
04860554, 8.8, 4021, 淘气包马小跳系列
01436586, 9.1, 2735, 你真好
30228730, 8.5, 6006, 观山海
03420606, 8.7, 4531, 正面管教
25955474, 7.4, 42248, 坏小孩
02121010, 8.8, 3932, 我妈妈
02161691, 8.3, 8017, 伊索寓言
01965464, 9.2, 2300, 毛毛
01397331, 8.9, 3245, 爷爷一定有办法
06007431, 8.4, 6021, 我不是完美小孩
30288379, 9.1, 2392, 有呀有呀书店
02275635, 8.8, 3231, 如何说孩子才会听，怎么听孩子才肯说
01912993, 9.2, 1973, 海蒂
01073333, 8.8, 3110, 我的妈妈是精灵
01072126, 9.1, 2030, 我是霸王龙
01152745, 9.1, 2017, 花香小镇
03106707, 8.9, 2546, 好饿的毛毛虫
01855231, 8.5, 4224, 银河铁道之夜
03338216, 9.4, 1406, 猜猜我有多爱你
26304087, 9.1, 1919, 孩子：挑战
01092965, 8.3, 5232, 智齿
33455762, 9.6, 1081, 你好小朋友复刻版
02120339, 8.6, 3390, 是谁嗯嗯在我的头上
01448645, 8.8, 2609, 鳄鱼怕怕牙医怕怕
26278316, 8.8, 2599, 夏洛的网
01115397, 9.1, 1772, 我要做好孩子
25960141, 9.1, 1743, 地图（人文版）
01065799, 8.5, 3628, 男生贾里全传
02050768, 8.5, 3605, 夏洛的网
01899006, 9.1, 1661, 我想去看海
03376905, 8.5, 3233, 绝对小孩2
01142578, 8.4, 3690, 汤姆索亚历险记
01192706, 9.2, 1330, 大盗贼
01290911, 9.2, 1324, 银孔雀
01285961, 8.4, 3429, 根鸟
01782032, 8.8, 2042, Charlotte&#39;s Web
10560097, 9.3, 1133, 不一样的卡梅拉（1-10册）
01054899, 8.3, 3797, 女生贾梅全传
34840201, 8.4, 3240, 你的孩子不是你的孩子
30237190, 8.8, 1902, 银河铁道之夜
05378433, 9.1, 1348, 绿山墙的安妮
01008459, 9.1, 1329, 毛毛
25914783, 9.7, 728, 你好小朋友
25913612, 8.2, 3971, 给孩子的诗
03338175, 8.0, 5222, 诗翁彼豆故事集
02274454, 9.1, 1249, 我的爸爸叫焦尼
01046883, 8.5, 2539, 查理和巧克力工厂
01067049, 8.8, 1659, 孩子，把你的手给我
30133852, 9.0, 1230, 坏狐狸
02193875, 8.5, 2120, 尼尔斯骑鹅旅行记
03891855, 8.6, 1856, 第56号教室的奇迹
01066133, 9.0, 1140, 怪老头儿
01486658, 9.2, 914, 奥菲利娅的影子剧院
01936204, 8.4, 2292, 女生日记
01546437, 8.8, 1368, 蚯蚓的日记
01959287, 8.6, 1733, 月亮的味道
02212064, 9.0, 1093, 小房子
04744788, 9.2, 859, 田鼠阿佛
04139056, 8.1, 3125, 爱的教育
04149287, 8.9, 1113, 好绘本如何好
26681417, 9.2, 796, P.E.T.父母效能训练
03614177, 9.1, 880, 你看起来好像很好吃
04773507, 9.2, 766, 晚安，大猩猩
10604035, 9.1, 842, 点点点
26780098, 8.7, 1296, 夏日庭院
03240293, 9.2, 756, 7号梦工厂
01001309, 8.6, 1447, 苦儿流浪记
26735085, 7.7, 5056, 奇迹
01192700, 9.0, 916, 永远讲不完的故事
03628184, 8.9, 1019, 猫武士
03620504, 9.0, 899, 玛蒂尔达
35006237, 9.0, 874, 大山里的小诗人
03187629, 9.2, 712, 爷爷一定有办法
01068606, 8.6, 1352, 艺术与视知觉
03283582, 8.7, 1202, 大卫上学去
01885229, 8.2, 2225, 爱的教育
01486619, 8.2, 2219, 阁楼上的光
06084402, 8.5, 1501, 游戏力
03759379, 9.1, 757, 父母效能训练手册
02171327, 8.4, 1655, 好饿的小蛇
01902982, 8.8, 1013, 獾的礼物
01041104, 8.7, 1131, 吹牛大王历险记
25872646, 9.2, 656, 野兽国
01476304, 9.1, 722, 夏洛的网
06127332, 9.0, 786, 肚子里有个火车站
03040952, 8.8, 964, 团圆
26791320, 8.4, 1513, 哇，历史原来可以这样学1
05980371, 8.6, 1174, 爱德华的奇妙之旅
10831090, 9.5, 472, 我们的身体
03536343, 9.1, 684, 朱家故事
03621921, 8.6, 1165, 大卫惹麻烦
06127333, 9.0, 740, 牙齿大街的新鲜事
26710042, 9.1, 669, 多莱尔的希腊神话书
01032764, 7.7, 3739, 小时候就在想的事
01168575, 8.6, 1105, 爱和自由
03621942, 8.3, 1563, 了不起的狐狸爸爸
26792171, 9.3, 526, 美国儿科学会育儿百科（第6版）
03999126, 8.5, 1194, 爱和自由
03712514, 8.8, 846, 抱抱
01085038, 8.4, 1293, 水孩子
01912513, 9.0, 664, 我去找回太阳
01062137, 9.7, 351, 最新21世纪少年儿童百科
02119272, 9.1, 596, 忙忙碌碌镇
26319794, 8.0, 2130, 童年的消逝
26428611, 9.6, 371, 宫西达也恐龙系列
03023897, 9.1, 577, 希腊三部曲Ⅰ 追逐阳光之岛
01451453, 9.2, 524, 女大学生安妮
01975886, 8.5, 1067, 一片叶子落下来
04005745, 8.8, 764, 棕色的熊、棕色的熊，你在看什么？
01063733, 8.5, 1059, 神秘的女老师
02042967, 8.3, 1346, 木偶奇遇记
01264253, 9.1, 555, 少女安妮
01436584, 8.5, 1044, 彩虹色的花
01444555, 8.7, 828, 要是你给老鼠吃饼干
05378929, 8.5, 1030, 培养孩子从画画开始
03116027, 9.1, 545, 小蓝和小黄
25969064, 9.4, 409, 神奇校车 桥梁书版
02042511, 8.5, 1002, 第五个
04753975, 8.8, 720, 100层的房子
04758246, 8.7, 794, 夏山学校
04744698, 9.2, 474, 点
01210735, 7.9, 2087, 王子与贫儿
34993975, 8.4, 1091, 姜二嫚的诗
01843788, 9.3, 429, 再见了，艾玛奶奶
03686974, 8.5, 947, 樱桃沟的春天
03354744, 8.9, 606, 逃家小兔
02983793, 8.3, 1163, 蓝色的兔耳朵草
03927859, 9.0, 543, 玛德琳
10439099, 9.1, 493, 旅之绘本（全六册）
03651087, 9.0, 542, 噼里啪啦系列（共7册）
02119381, 9.3, 406, 轱辘轱辘转
01939168, 7.8, 2176, 丢三落四的小豆豆
01257342, 8.2, 1258, 爱丽丝梦游仙境
25697495, 8.6, 783, 情感依附
30384279, 9.7, 282, DK博物大百科
03867627, 9.2, 425, 松鼠先生和第一场雪
05912701, 7.7, 2405, 查理九世1·黑贝街的亡灵
04087909, 8.4, 923, 借东西的小人
03743038, 9.5, 313, 写给孩子的哲学启蒙书（共6册）
05939303, 9.0, 482, 自己的颜色
04309584, 8.5, 805, 孩子的宇宙
03661060, 8.4, 895, 小屁孩日记
03023898, 9.2, 397, 希腊三部曲Ⅱ 桃金娘森林宝藏
33476150, 9.3, 363, 建筑的故事
03197563, 9.0, 474, 在森林里
26682576, 8.0, 1451, 给孩子读诗
26832470, 8.5, 791, 独生小孩
04230636, 8.3, 991, 不平等的童年
26760537, 8.8, 571, 给孩子的动物寓言
06971390, 7.3, 4130, 小狗钱钱2
26740070, 8.9, 514, 我和老爸
03621919, 8.5, 776, 菲菲生气了
04255374, 9.4, 324, 巴巴爸爸的诞生
01871364, 8.4, 862, 三个强盗
01436583, 8.5, 768, 蚂蚁和西瓜
30241191, 9.6, 273, 儿童艺术大书：黄色版
03420221, 8.4, 852, 实用程序育儿法
10758030, 8.6, 673, 让孩子的大脑自由
01442791, 8.9, 493, 我和小姐姐克拉拉
03044158, 8.1, 1188, 小豆豆频道
03237608, 8.7, 592, 小威向前冲
04852805, 8.7, 590, 希利尔讲世界史
02135572, 8.7, 580, 打瞌睡的房子
06759256, 8.2, 1002, 你就是孩子最好的玩具
01967845, 8.5, 709, 从出生到3岁
04730201, 8.7, 570, 有一天
01470686, 8.5, 704, The Secret Garden
01083033, 8.9, 467, 小公主
01840280, 9.0, 418, Brown Bear
01000934, 8.8, 504, 詹姆斯与大仙桃
05038469, 9.1, 376, 杨梅
10773248, 8.5, 674, 无条件养育
03121040, 8.6, 602, 爱花的牛
01844858, 8.2, 938, 超级市长
04118428, 9.3, 310, 十万个为什么
06507880, 8.6, 595, 不睡觉世界冠军
04943558, 9.3, 303, 青蛙弗洛格的成长故事-全12册
25915102, 9.3, 302, 写给儿童的中国历史
01879829, 8.4, 705, 朗读手册
03067705, 9.7, 214, 绿宝石阴谋
27125070, 7.5, 2251, 高敏感是种天赋
01043880, 9.6, 229, 新编十万个为什么图画本(自然科学)(全八册)
26221688, 9.2, 316, 亲爱的汉修先生
11498230, 9.1, 344, 从百草园到三味书屋
05269184, 9.0, 374, 有个老婆婆吞了一只苍蝇
05912705, 7.8, 1408, 查理九世2·恐怖的巫女面具
03664843, 9.0, 367, 我的图画书论
05402475, 8.7, 481, 地下100层的房子
03755086, 8.8, 436, 发展心理学（第八版）
01962718, 8.4, 648, 宝葫芦的秘密
24891592, 9.1, 324, 永远讲不完的故事（新译本）
03074881, 8.9, 384, 苏菲的杰作
01762738, 9.7, 196, 小淘气尼古拉和他的死党们
01576005, 9.0, 346, Anne of Green Gables
03023900, 9.0, 346, 希腊三部曲Ⅲ 众神的花园
25905185, 7.9, 1130, 蝇王
01184872, 8.2, 778, 捕捉儿童敏感期
26612510, 8.1, 876, 教养的迷思
05328956, 9.1, 311, 可爱的鼠小弟01-鼠小弟的小背心
02274446, 9.1, 310, 橡树上的逃亡（共两部）
34450525, 9.0, 337, 神探狗狗1
22224887, 8.4, 607, 全脑教养法
01000904, 8.1, 847, 卡尔·威特的教育
30241438, 9.6, 203, 儿童艺术大书：白色版
19967277, 8.3, 666, 爱哭鬼小隼
01216165, 8.3, 665, 没头脑和不高兴
25734421, 8.3, 660, 胡萝卜须
02229649, 8.1, 830, 童年的秘密
26825522, 8.7, 429, 生活三部曲：生活的样子
25923082, 9.2, 270, 万物运转的秘密
26873719, 9.0, 319, 这不是书
05942276, 8.3, 630, 战马
27664289, 8.9, 341, 不平等的童年
02122703, 8.6, 452, 阿文的小毯子
01254504, 8.0, 869, 小大人丁文涛
07065579, 9.3, 229, 从窗外送来的礼物
27194530, 9.3, 229, 人类简史
01482975, 9.1, 265, 普希金童话诗
07007255, 8.9, 314, 睡觉去，小怪物！
05939315, 8.7, 371, 鱼就是鱼
34938986, 8.8, 337, 猛犸爷爷
05948514, 9.7, 162, 气候大挑战
04744693, 8.9, 305, 鳄鱼哥尼流
06088440, 9.1, 256, 佩泽提诺
11534101, 9.0, 278, 星星和蒲公英
35074464, 9.3, 216, 光景宛如昨
01447704, 9.4, 198, 法布尔昆虫记
01758919, 7.8, 973, 小豆豆与我
03525603, 8.7, 357, 小凯的家不一样了
10537771, 9.1, 249, 登天之梯
27020871, 8.7, 352, 全部都喜欢
20500693, 8.7, 345, 寻找黑骑士
11612033, 9.2, 219, 从头动到脚
24840354, 8.8, 307, 时代广场的蟋蟀
03132594, 7.9, 781, 鸡皮疙瘩：死亡古堡·神秘实验室
19963465, 9.1, 229, 走进奇妙的数学世界（全3册）
01290266, 9.2, 211, 林汉达中国历史故事集
06540225, 8.7, 324, 好脏的哈利
03607874, 8.6, 350, 别让鸽子开巴士
26074846, 8.3, 472, 我们的天真填满整个宇宙
05404942, 9.3, 189, 苹果树上的外婆
01844857, 8.0, 650, 跳跳电视台
06852292, 9.2, 202, 晚安，小鸡球球
01101435, 9.1, 214, 倪亚达很不屑
02120267, 8.2, 497, 一百条裙子
01065109, 8.8, 270, 小鹿斑比
34446050, 9.7, 134, 后来呢后来怎么了
26606518, 8.9, 246, 草房子
26797923, 9.0, 226, 好绘本如何好
04231294, 8.8, 266, 小屁孩日记
02274208, 8.0, 599, 小熊和最好的爸爸（全7册）
33423283, 8.9, 243, 你好灯塔
01420762, 8.5, 347, 特别的女生萨哈拉
26848063, 9.5, 148, 小鸡球球成长绘本系列
04869395, 8.7, 282, 假小子戴安
06048869, 8.4, 375, 鬼妈妈
03129408, 8.2, 456, 1只小猪和100只狼
10809718, 8.4, 369, 我爱幼儿园
04822227, 8.6, 303, 小种子
01007886, 8.8, 252, 游戏中的科学
02010938, 8.1, 498, Alice&#39;s Adventures in Wonderland
30330362, 8.4, 359, 儿童教育心理学
01045342, 8.2, 437, 诺贝尔奖获得者与儿童对话
03171267, 9.2, 176, 阿黛拉和西蒙在巴黎
01345430, 8.7, 267, 那天，我用爸爸換了兩條金魚
30181220, 8.8, 243, 创造自己的世界
10460408, 9.2, 173, 揭秘汽车
26952911, 8.8, 239, 乌蒙山里的桃花源
05416916, 8.8, 238, 乌鸦面包店
03354727, 8.6, 284, 我的连衣裙
26280915, 9.3, 158, 阿宝两只脚 凳子四只脚
03272507, 9.7, 119, 一梦五千年
25945507, 8.6, 281, 帕瓦娜的守候
01887677, 9.4, 144, 大侦探小卡莱
26918931, 8.2, 406, 彼得兔
04743852, 9.2, 165, 14只老鼠过冬天
06802416, 8.8, 228, 世界图画书阅读与经典
04826068, 8.2, 402, 童年的秘密
04237558, 9.3, 152, 小房子
05404956, 8.7, 245, 一百条裙子
04239425, 8.6, 267, 走开，绿色大怪物！
25931480, 8.6, 267, 完整的成长
30486813, 8.7, 243, 不同的音调
04038741, 8.6, 265, 跟屁虫
25835053, 9.4, 138, 第一次上街买东西
10830082, 9.0, 186, 好安静的书
34932093, 9.2, 159, 大山里的小诗人
02141585, 8.1, 426, 生气汤
07565203, 9.4, 136, 可怕的科学-经典数学系列套装-全12册
01199036, 8.5, 284, 青鸟
03698663, 8.5, 282, 天空在脚下
30178045, 8.0, 467, 银河铁道之夜
20300971, 8.6, 255, 十岁那年
04229367, 8.2, 375, 宝贝，宝贝
03522597, 9.3, 143, 大嗓门妈妈
01836207, 8.9, 195, 它们是怎么来的
04852719, 8.2, 371, 希利尔讲世界地理
05404960, 8.9, 194, 蓝色的海豚岛
01799781, 8.5, 273, 家庭教育
03909967, 8.0, 454, 如何培养孩子的社会能力
34808781, 8.5, 272, 游侠小木客：桃花源迷踪
04796701, 7.1, 1474, 养育男孩
01101840, 8.7, 220, 斯宾塞的快乐教育
05299980, 8.2, 353, 教出乐观的孩子
26349688, 8.2, 350, 儿童教育心理学
01311994, 8.9, 184, 穿风衣的猫
26216499, 8.8, 199, 火车头
03772650, 8.2, 347, 生气的亚瑟
02010066, 9.5, 117, 幽默儿童文学名著译丛 （全6册）
06800784, 8.3, 313, 故事知道怎么办
25830759, 8.0, 424, 查理九世21·沙海谜国
06391198, 8.9, 181, 夏日的一天
03634394, 8.5, 255, 桃花源的故事
01831098, 8.9, 180, 难过的弗洛格
04055861, 8.7, 210, 卡夫卡变虫记
01214563, 8.4, 274, 有吸收力的心灵
22677141, 7.9, 455, 杨红樱淘气包马小跳系列
04194978, 8.4, 269, 完整的成长
23782049, 8.1, 363, 儿童的世纪
27120533, 9.3, 128, 日月楼中日月长
04030903, 8.7, 204, 小塞尔采蓝莓
30318697, 9.7, 97, 《神奇小孩在哪里》
03112185, 9.0, 158, 京剧猫之武松打虎
02304415, 8.6, 219, 倾听孩子
10761531, 8.9, 170, 格林爷爷的花园
04197893, 8.5, 239, 我的兔子朋友
04861188, 9.1, 144, DK儿童百科全书
30316743, 8.9, 168, 给孩子的科幻
27616926, 8.6, 215, 给无价的孩子定价
03526059, 9.5, 107, 小淘气尼古拉的烦恼
34793646, 9.0, 153, 关于小精灵的几乎全部真相
05285282, 8.2, 304, 爱的教育
34808814, 8.4, 250, 游侠小木客：可怕的预言
02368114, 8.1, 335, 男孩的冒险书
25833287, 8.5, 227, 我的第一本艺术启蒙书
01091879, 8.0, 370, 马场闹鬼记
01988540, 8.7, 189, 雷梦拉八岁
03074880, 8.7, 188, 警官巴克尔和警犬葛芮雅
30156169, 9.4, 110, 信谊世界精选图画书:我的情绪小怪兽
20384764, 9.2, 126, 开车去兜风
25718213, 8.7, 186, 像自由一样美丽
26314736, 8.6, 202, 希腊神话
30303516, 9.5, 102, 绿山墙的安妮
01418517, 8.6, 201, Charlie and the Chocolate Factory
06390602, 7.6, 568, 查理九世8·白骨森林
26589327, 8.2, 290, 阿米：星星的孩子
05906937, 9.5, 101, 神奇校车-漫游电世界
26302003, 7.5, 635, 小狗钱钱2
04124278, 9.3, 114, 狮心兄弟
06519211, 9.2, 122, 老鼠记者
25782298, 8.9, 152, 爸爸带我看宇宙
30262912, 8.9, 152, 如果你住在这里
06523868, 8.6, 193, 大雨哗啦哗啦下
03088958, 8.3, 253, 谁拿走了孩子的幸福
26707638, 9.4, 103, 大自然中的美食
25722936, 8.6, 189, 孩子们的书
26774382, 8.3, 247, 公主怎么挖鼻屎
04145396, 8.3, 246, 阿朝来啦
27117955, 9.3, 109, 生命：万物不可思议的连接方式
26275936, 9.8, 79, 写给儿童的世界历史
34874797, 9.0, 135, 教育的情调
26788824, 9.6, 89, 数学家讲解小学数学
05026623, 8.7, 169, 小屁孩日记-午餐零食大盗-5
20301228, 9.0, 133, 芒果猫
25826896, 9.3, 107, 汉声数学图画书
25933918, 9.1, 121, 你好，安东医生
03734720, 8.5, 195, 这样的尾巴可以做什么？
26995832, 8.9, 140, 我不敢说，我怕被骂
05980568, 8.7, 164, 书中书
01264366, 8.2, 256, 谁拿走了孩子的幸福
01843070, 8.4, 212, 儿童的人格教育
04743858, 9.1, 120, 14只老鼠洗衣服
01956019, 9.4, 97, 儿童纪律教育
30193222, 9.1, 119, 美国学生阅读技能训练
26201895, 8.0, 307, 孩子与恶
01754151, 8.9, 136, Papa
26891182, 8.5, 188, 在孩子下次生病前
07162078, 8.9, 134, DK儿童恐龙百科全书
02255068, 9.0, 123, I SPY视觉大发现
25962540, 8.4, 200, 神奇糖果店
34868503, 8.7, 154, 捉猫故事集
01222924, 8.1, 262, 蒙台梭利早期教育法
01489169, 8.4, 197, 我要做好孩子
27154263, 9.2, 104, 我什么办法都试过了！理解一至五岁孩子
01844364, 9.5, 85, 海蒂
01461388, 9.6, 79, 20世纪世界儿童文学名著精粹
05348041, 9.6, 79, 伝説の美少女西村理香
01115132, 8.1, 254, 童年的秘密
04933549, 8.9, 127, 谁的自行车
26768783, 9.7, 74, 0-8岁儿童纪律教育
06889885, 9.0, 117, 看看我有什么
04743861, 9.1, 108, 14只老鼠的秋天进行曲
10568097, 9.0, 116, 汤姆的小妹妹
20267984, 9.0, 116, 尼尔斯骑鹅旅行记
25723267, 9.4, 88, 魔法树
04847299, 8.6, 157, 林间最后的小孩
26938537, 8.3, 201, 树上的时光
03305559, 9.6, 76, The Boy Who Was Raised as a Dog
07564238, 9.3, 92, DK儿童太空百科全书
11612041, 9.4, 86, 棕色的熊，棕色的熊，你在看什么？
19897027, 9.1, 104, 小怪兽
25849307, 9.0, 111, 奇先生妙小姐（新译本）
03121289, 9.5, 79, 尼姆的老鼠
10527094, 8.6, 150, 大脚丫和玻璃鞋
04826983, 9.9, 62, 宝宝晚安----儿童睡前故事366
01322750, 8.3, 193, 城里最漂亮的巨人
02253398, 8.1, 230, 哈克贝利·费恩历险记
25695604, 9.0, 107, 十万个为什么
30156147, 8.7, 134, 写给儿童的古诗游戏书
26315532, 9.3, 86, 小猪小象系列绘本——长鼻子折了！
03729117, 8.6, 141, 善解童贞
04604035, 8.4, 166, 可爱的身体
07007227, 8.6, 140, 爱德华：世界上最恐怖的男孩
01223050, 8.1, 217, 发现孩子
06801237, 8.6, 138, 吃掉你的豌豆
26605896, 9.1, 95, 儿童发展心理学：费尔德曼带你开启孩子的成长之旅（原书第6版）
03074879, 7.8, 289, 七只瞎老鼠
01485699, 8.1, 213, 银顶针的夏天
01808657, 8.1, 210, 孩子是如何学习的
03623853, 7.9, 255, 鸽子捡到一个热狗！
34850356, 9.3, 81, 花猫三丫上房了
07064161, 8.1, 207, 孩子，先别急着吃棉花糖
04226366, 9.1, 92, 鼹鼠的故事
24529131, 8.5, 144, 自然野趣DIY
30159675, 9.2, 85, 思考世界的孩子
02074498, 9.1, 90, 性之耻，还是伤之痛
06859534, 9.2, 84, 颜色的世界
03393174, 7.9, 243, 为什么孩子要上学
01001984, 9.8, 58, 牛津少年儿童百科全书（上、下编）
25788823, 9.6, 65, 科瓦奇讲植物、动物、天文与地理
27058321, 9.3, 78, 宝宝第一套高情商养成书:皮特猫(第二辑)(套装共6册)
01075829, 8.9, 101, 鬼马少年
02059147, 8.9, 101, 列那狐的故事
21349662, 9.7, 60, 四川寻宝记
30434968, 9.3, 76, 秘密之旅：黑骑士的秘密
27155389, 9.5, 67, 故事盒子
06713131, 8.9, 99, 解放父母解放孩子
30434959, 8.6, 124, 秘密之旅：蒙娜丽莎的秘密
26677439, 8.8, 106, 儿童精神分析
06528567, 7.9, 227, 王妃黑叶猴
02255065, 9.2, 79, 深夜古堡-视觉大发现
06049984, 7.8, 250, 绘本之力
25726072, 9.0, 90, 亲爱的小莉
01425813, 7.9, 225, 儿童心理学
05918381, 8.3, 154, 儿童的人格教育
26647338, 8.5, 130, 哲学与幼童
19967686, 10.0, 49, 简单折纸大百科
25961266, 8.3, 153, 宝宝也是哲学家
33435429, 8.6, 119, 游戏图鉴
26841229, 8.5, 128, 妈妈的心灵课
34972174, 9.2, 77, 小小的王国
01026840, 9.0, 88, 哪吒传奇.1
30336828, 8.8, 101, 神奇的逻辑思维游戏书
34799769, 7.6, 299, 我们都曾受过伤，却有了更好的人生
25819804, 8.5, 126, 妈妈，为什么？
03187420, 8.6, 116, 让孩子着迷的77×2个经典科学游戏
26297433, 9.4, 66, 小太阳
26600743, 9.2, 74, 月亮，生日快乐
03312325, 8.6, 113, 给无价的孩子定价
11542591, 9.5, 61, 女巫温妮
10464301, 7.6, 278, 没头脑和不高兴
04237552, 8.7, 102, 第五个
02669490, 8.6, 110, Does a Kangaroo Have a Mother
26931441, 8.7, 101, 神奇的专注力训练游戏书
01084022, 8.4, 126, 观赏鱼
03549894, 8.4, 125, 鹅妈妈童谣
34869385, 9.4, 62, 动物的家超有趣：铃木守的109种动物巢穴大揭秘
25712707, 8.1, 161, 孩子提问题 大师来回答
04100368, 9.5, 58, 我，是什么？
26410876, 9.2, 69, 思考的魅力
04902823, 9.4, 61, 你很特别
06726098, 9.6, 54, 我的感觉系列（全7册）
10767251, 9.1, 73, 365个艺术创意
27154473, 9.3, 64, 登月
01125797, 8.1, 155, 蒙台梭利儿童教育手册
10454001, 9.0, 76, 儿童的利益
27056227, 8.9, 81, 小鸡球球触感玩具书
30286122, 7.6, 248, 灯把黑夜 烫了一个洞
27104799, 8.4, 116, 怪物书
26894360, 8.9, 80, 快跑，云梯消防车
25862219, 8.2, 136, 蝇王
11612040, 8.2, 135, 画了一匹蓝马的画家
05363821, 9.8, 46, 把整个心灵献给孩子
04237555, 9.2, 64, 石头汤
06394622, 9.2, 64, 成长三部曲《五三班的坏小子》《漂亮老师和坏小子》《假小子戴安》
24284798, 8.8, 83, 城里狗
02982279, 9.8, 45, 20世纪世界儿童文学名著精粹
04270401, 9.6, 50, 父与子  全集增补本
01320411, 8.8, 82, 风又三郎
11441815, 8.8, 81, 柳林风声
02277313, 8.4, 109, 打造儿童阅读环境
01151060, 7.9, 166, 五毛钱的愿望
26612334, 8.7, 85, 想象有一天
01939957, 9.0, 69, 十四岁的森林
25805686, 8.5, 98, 她只是个孩子
27030030, 8.9, 73, 爱、罪疚与修复
27053767, 9.5, 50, 儿童教养
02377380, 8.3, 112, 大船
27136823, 8.2, 119, 汉字是画出来的
02049481, 9.0, 66, 孤女寻亲记
30190243, 7.7, 188, 蓝筹孩子
06773363, 8.2, 118, 教养大震撼
34909430, 9.1, 61, 你好，艺术！（全13册）
05400164, 8.9, 69, 许多孩子，许多月亮
24742657, 9.2, 57, 原版引进意大利最经典左右脑训练工具书（全8册）
03182346, 10.0, 37, 儿童百科全书
33420644, 6.6, 738, 你可以帮我挠挠背吗？
01083034, 8.4, 97, 小爵爷
06719654, 8.7, 77, 快乐儿童的7个习惯
02081961, 9.1, 59, 阿信坐在云彩上
06429356, 9.1, 59, 倉橋のぞみ・ラストメッセージ（15歳）
35016764, 7.2, 305, 病毒、细菌与人类
10455394, 8.5, 88, 想要一棵好大的树
26972319, 9.2, 55, 熊亮：兔儿爷
20272118, 8.0, 131, 儿童大脑开窍手册
04631568, 9.1, 58, Everyone Poops
05958252, 8.4, 93, 罗伯生气了
03078487, 8.5, 86, 儿童的一百种语言
10742755, 8.4, 91, 颜色的战争
30129202, 7.5, 203, 儿童教育心理学
27101954, 9.4, 47, 小线条大故事
07565200, 9.7, 40, 可怕的科学-经典科学系列套装-全20册
01110068, 9.5, 44, 哪吒传奇.2
24696743, 9.2, 52, 死亡是怎么回事
34711825, 9.3, 49, 这就是物理
03107327, 8.6, 76, 吱咕.吱咕.嘎
25920373, 7.8, 146, 儿童的人格形成及其培养
04206379, 8.8, 66, 我想有个家
20492063, 9.1, 54, 人体历险记1-我的第一本科学漫画书-25
27622568, 7.1, 305, 可怕的两岁
27661915, 8.5, 80, 小小国
01426211, 8.3, 93, 优秀是教出来的
26994228, 9.4, 45, 时代广场的蟋蟀
26585473, 8.2, 100, 上帝的火柴
26645331, 8.4, 85, 童年哲学
26682078, 8.8, 64, 那年深夏
26282480, 8.2, 99, 精灵鼠小弟
02274453, 7.5, 186, 小熊不刷牙
10734624, 8.9, 59, 温尼科特
10515073, 9.3, 46, 儿童健康指南
34945327, 8.8, 62, 自然图鉴
27040497, 8.1, 103, 亲爱的世界，你好呀
03755232, 9.1, 51, 中国童话 汉声
30265354, 9.0, 54, 熊猫澡堂
33457142, 8.6, 70, 每个孩子都需要被看见
25985354, 8.8, 61, 锯齿形的孩子
25913875, 8.6, 69, 重访三种文化中的幼儿园
19986453, 8.5, 74, 群星之战-猫武士-星预言-四部曲之6
27030035, 9.1, 50, 嫉羡与感恩
03666720, 9.0, 53, 儿童心理学手册
26265845, 9.0, 53, 小猪小象系列绘本——小猪节快乐
26862600, 7.3, 216, 蜻蜓眼
34905535, 7.9, 118, 爱上阅读的秘密（精装书+豪华手账珍藏套装）
30281751, 9.4, 41, 给孩子的世界说明书
01011708, 8.0, 105, 图像中的孩子
34884006, 8.0, 103, 上帝的骰子
20496334, 8.4, 75, 3-6岁儿童学习与发展指南
26972296, 8.3, 80, 熊亮：小石狮
03809679, 8.6, 64, 你别想让河马走开
20491175, 8.6, 64, 如何培养孩子的社交商
03583739, 8.5, 68, 遊戲與現實
02116123, 10.0, 29, 内裤超人与史屁多教授
34806537, 9.3, 41, 雨滴项链
01500328, 8.3, 77, 儿童与青少年焦点解决短期心理咨询
04800852, 8.2, 83, 根鸟
34901550, 8.2, 82, 企鹅之旅
25822605, 9.3, 40, DK儿童人体百科全书
34869401, 9.8, 31, 太棒了，我们的职业
04733825, 8.7, 57, 儿童早期艺术创造性教育
27600344, 8.4, 70, 朋友还是敌人——儿童社交的爱与痛
30163757, 8.9, 49, 大熊的访客
02597123, 9.8, 30, Yummy Yucky
27202472, 9.3, 38, 狮子和老鼠的225次相遇
19898214, 7.9, 96, 北京  中轴线上的城市
25976924, 8.8, 50, 高空走索人
25878882, 8.9, 47, 输不起的莎莉
02304506, 7.9, 95, 儿童绘画心理学
35065466, 8.5, 60, 中国童话
26201961, 8.1, 80, 简笔画5000例，一本就够
01072638, 9.4, 35, 创造与心智的成长
25838686, 7.5, 135, 让孩子远离焦虑
26420571, 8.8, 49, 和孩子聊书吧
01935297, 8.5, 59, 女儿的故事
01082360, 9.0, 43, 实用游戏图鉴
01214294, 10.0, 26, 六仙女
01958721, 10.0, 26, 彩图世界儿童百科全书—探索篇
01214598, 7.7, 109, 幽默水浒
26578302, 8.3, 67, 铃木绘本蒲公英系列
30139272, 9.6, 31, 揭秘海洋
30216289, 7.9, 91, 游戏是孩子的功课
35030202, 8.2, 71, 童年
26692330, 8.9, 44, 说说图画
04874274, 8.6, 53, 雪人
27615628, 9.1, 39, 美国家庭万用亲子英文
26274883, 9.2, 36, 孩子的权利
03596979, 9.1, 38, 写给孩子的哲学启蒙书(第6卷)(精)
25792525, 7.9, 85, 儿童技能教养法
01755417, 9.3, 34, 少年国王传奇
26919240, 8.3, 62, 辅食添加，让宝宝做主
01781232, 8.5, 54, Unequal Childhoods
27124465, 8.7, 47, 黄花梨棋盘
27054213, 8.8, 44, 他怎么总找我麻烦
34905916, 8.8, 44, 给孩子的100堂诗歌课
01912458, 9.3, 33, 儿童思维发展
02990698, 9.3, 33, 3-8岁儿童的数学经验
02371121, 9.1, 36, 嬰兒觀察
26843097, 9.1, 36, 洞悉孩子的灵魂
07007257, 7.7, 94, 尼尔森老师不见了！
04244880, 8.5, 50, 儿童发展
35033585, 8.9, 39, 动物有灵
02256111, 8.8, 41, 大盗贼第二次出现
27143120, 8.8, 41, 资优儿童
01854137, 7.9, 76, 一个人的冬天
34852467, 8.6, 46, 迷人的材料（彩图升级版）
30434966, 8.0, 69, 秘密之旅：福尔摩斯的秘密
33442266, 6.7, 248, 我的老师是侦探
26975489, 9.3, 30, 大自然解剖书系列科普绘本
25962797, 8.2, 57, 林间最后的小孩
04915889, 8.3, 53, 狗狗旅馆
04744208, 9.2, 31, 老鼠记者第1季
26692360, 9.2, 31, 穿靴子的猫
26382499, 7.6, 91, 我爸爸超厉害
01805009, 8.5, 46, 小鹿斑比
06751316, 8.9, 36, 孩子成长历程
10583149, 8.9, 36, 和孩子一起玩艺术
05921200, 9.3, 29, 四五快读（第1册）
24732639, 8.7, 40, 童画家
04840044, 8.2, 55, 红鞋子
01189921, 7.8, 72, 书包里的老师
26918842, 8.4, 46, 太空
06720796, 8.8, 36, 小丫林晓梅
30204779, 8.9, 34, 给孩子的自然图鉴（全2册）
27156388, 8.2, 52, 倾听，成就孩子健全人格
01085490, 8.6, 40, 背井离乡的365天
01043813, 7.9, 64, 孩提时代
03187123, 8.0, 59, 观察儿童
06977924, 8.2, 51, 说来听听
03091489, 8.8, 35, 儿童的道德判断
07047182, 8.4, 44, 这是我爸爸和我妈妈
30395988, 6.6, 228, 伟大的艺术献给小小鉴赏家
03375442, 8.1, 53, Magic Tree House 1
33411376, 9.4, 25, 快乐狮子经典绘本系列
26656050, 9.2, 27, 孤独症儿童早期干预丹佛模式
21332398, 8.3, 45, 学会爱自己（第2辑）
30270835, 8.4, 42, 了不起的作家
26339348, 8.6, 37, 荒野求生
02191427, 9.8, 20, 剑桥少儿百科全书
11444644, 7.1, 116, 你的5岁孩子
03342559, 9.1, 27, 儿童与艺术/美术教育学系列译丛
26345778, 9.1, 27, DK儿童历史大百科
26913847, 9.1, 27, 海蒂
27030033, 8.1, 48, 儿童精神分析
05287530, 8.5, 37, 揭秘数学
30462163, 8.8, 31, 婴儿观察
35040127, 8.0, 51, 艺术游戏力
25927025, 9.3, 24, 亲亲科学图书馆—真干净
04093485, 9.2, 25, My Dad
04154924, 9.2, 25, 数学绘本
01265600, 7.7, 63, 童年之死
24850384, 8.0, 50, 不会唱歌的小鸟
34995282, 7.8, 56, 游戏力养育
03737359, 9.3, 23, 四年级烦恼多
04894558, 8.5, 34, 童年的秘密
26774575, 9.3, 22, Cry
26591864, 8.5, 33, 小鸟
01179164, 8.3, 37, 儿童精神哲学
34952316, 9.6, 19, 祖母的动物故事集
03679094, 9.7, 18, 丰子恺儿童漫画集
06962717, 8.3, 36, 与儿童交谈
25857455, 8.2, 38, 鲁冰花
05377504, 7.8, 50, 美国国家地理少儿版百科
26853787, 9.2, 22, 千千万万只蚂蚁
02326877, 9.5, 19, 一块烫石头
27125527, 7.4, 67, 鸭子开车记
26804681, 8.9, 25, 所有人都要嗯嗯
24529222, 7.1, 87, 春天在到来的路上
01060603, 8.6, 29, 男孩彭罗德的烦恼
27073410, 8.8, 26, DK儿童数学思维手册
30379852, 9.9, 16, DK儿童创造力大作战：无所不能的纸箱游戏
06873377, 8.3, 34, 孩子，你的情绪我在乎
30246868, 9.1, 22, 说给儿童的中国历史
01279099, 9.0, 23, 拉拉与我(小马杜茵)
03237030, 8.3, 33, 儿童的语言与思维
02981963, 8.5, 29, 图画捉迷藏
25805688, 7.5, 56, 沉默的洁蒂
35064532, 9.6, 17, 多元智能情景认知游戏书
26847291, 8.2, 34, 涂鸦与梦境
10429548, 9.1, 21, 托马斯的奇画迷宫
04140110, 8.9, 23, 奧力佛是個娘娘腔
34901317, 9.3, 19, 奇迹博物馆：植物博物馆（奇想国精选植物百科书） 风靡全球的重量级自然科普图鉴大系
27094685, 7.7, 47, 孩子的心灵
26878934, 7.4, 59, 怪盗二十面相
34894399, 9.4, 18, 小猪小象系列绘本（2019版）
30469190, 6.7, 114, 伟大的艺术献给小小鉴赏家
01443666, 8.0, 37, The Painted Bird
10570472, 9.0, 21, 宫西达也系列-全四册
01109017, 7.9, 39, 儿童产品设计攻略
25944695, 8.5, 27, 寻猫启事
34990018, 9.6, 16, 科学超有趣•让孩子爆笑的漫画科学书(函套共8册)
24851638, 8.0, 35, 诺贝尔奖获得者与儿童对话
32942555, 8.8, 22, 郑渊洁四大名传:皮皮鲁传+鲁西西传+大灰狼罗克传等(套装共4册)
20472720, 9.1, 19, 最简单的迷宫书
30173536, 8.6, 24, 如何培养孩子的社会能力（2018新版）
27017234, 9.2, 18, 我们的太空
20470929, 8.2, 29, 穿过云朵的少女
30238901, 6.9, 78, 陪孩子读诗
04222031, 9.0, 19, 愛、罪疚與修復
06720826, 8.6, 23, 贾梅日记
26707106, 9.5, 15, 走进奇妙的几何世界
26640673, 7.5, 43, 儿童与战争
34908094, 8.7, 20, 猎人与猎犬
34935067, 8.6, 21, 戏剧游戏：儿童戏剧游戏
25921394, 8.2, 26, 科瓦奇讲植物
30163513, 8.8, 19, 动物大数据
11528381, 8.4, 23, 叮当响的大街
30139320, 8.9, 18, 无所畏惧
04246059, 9.0, 17, 男孩的冒险书
30155602, 9.3, 15, 幼三国
34651773, 9.3, 15, 未名诗歌分级读本
25904364, 8.2, 25, 数学原来可以这样学
34897041, 9.1, 16, 费顿艺术启蒙认知：约瑟夫·艾尔伯斯的形状
26996455, 8.3, 23, 李中莹亲子关系全面技巧(白金版)
33423770, 8.3, 23, 3—5岁幼儿为什么问个不停
26838853, 7.4, 40, 儿童心理画
03049156, 8.1, 25, 十万个为什么
30242520, 9.0, 16, 儿童情绪认知与管理绘本（全9册）
30167706, 10.0, 11, 消失的另一半
26856961, 8.8, 17, DK儿童太空大百科
01820106, 7.6, 33, 童年忆往
06388652, 9.2, 14, 安柏在等待
34932708, 9.6, 12, 不会爬树的卢比
06902401, 8.6, 18, 每个孩子都爱学
02573738, 8.7, 17, Mr. Brown Can Moo
10560096, 8.7, 17, 哲学鸟飞罗系列
30388796, 6.9, 54, 当动物有钱了
03106164, 8.0, 24, 这就是元素
30325396, 8.2, 21, the bad seed
34899825, 8.0, 23, 小学生心理学漫画（全六册）
26004087, 7.3, 36, 我的童年受伤了
25866340, 8.7, 16, 儿童情绪管理与性格培养绘本:我当大姐姐了
33401940, 9.2, 13, 《我们的一天》
27099808, 8.2, 20, 荒野求生少年生存小说系列
27133414, 8.0, 22, 时间的四个方向
25894639, 8.5, 17, 格林斯潘心理育儿0-5岁
25702526, 7.7, 26, 星空
26608068, 9.1, 13, 秦始皇陵历险记1
10740032, 8.0, 21, 怪怪园的怪老师（全六册）
26816453, 7.7, 25, 千变万化的手
01050171, 9.0, 13, 本能的缪斯--激活潜在的艺术灵性
02386081, 9.0, 13, Pricing the Priceless Child
35012864, 9.0, 13, 五种感觉
34447975, 7.9, 20, 五千年良渚王国
34785181, 7.7, 22, 如何科学开发孩子的大脑
30440099, 7.6, 23, 呀！故宫
26430342, 8.4, 15, 文化溯源
03321953, 7.8, 20, 牛年的礼物
30166187, 7.8, 20, 孩子的方式(儿童绘画心理分析与观察指南)(精)
02262610, 8.6, 13, First 100 Words
33375480, 8.6, 13, 给童年留白
06720829, 8.0, 17, 贾里日记
04899412, 7.4, 24, 数学真好玩
05377255, 7.5, 22, 建造常识
26272253, 8.2, 15, 给孩子一口漂亮牙齿
35030918, 8.5, 13, 给孩子恰到好处的爱  做不焦虑的父母
30634525, 7.8, 18, 颜色里的中国画（全4册）
24872484, 7.2, 26, 世界上最美的歌声
04268103, 7.6, 20, 读懂幼儿的思维
25795964, 7.7, 18, 岩石，如此活泼
05260305, 8.5, 12, 最美的礼物
26372230, 8.8, 10, 看漫画读经典系列
26676863, 7.5, 18, 早安豆浆店
01320155, 7.4, 19, 摇篮里的科学家
04721467, 8.7, 10, I SPY 视觉大发现挑战系列 豪华精装版（全5册）
01010864, 8.2, 12, 苦儿流浪记
30549215, 8.2, 12, 乌丢丢的奇遇 曹文轩推荐儿童文学经典书系
26371264, 7.8, 14, 婴儿、儿童和青少年（第5版）
30281247, 8.1, 12, 走进奇妙的蓝色国度
25740161, 7.0, 22, 西方儿童史（上卷）
27101038, 6.0, 50, 儿童沟通心理学
20423386, 8.2, 11, 我会表达自己
26046338, 7.6, 14, 西维亚公主
26995874, 7.7, 13, 儿童发展心理学
02991606, 7.6, 13, 儿童游戏
26792030, 6.5, 23, 好习惯攻略
27010739, 5.7, 49, 七田真0-6岁右脑教育法
26593642, 7.8, 10, China&#39;s Hidden Children
20491180, 6.8, 13, 人鱼少年
01340900, 0.0, 10, 貓頭鷹在家
02525190, 0.0, 10, The Wheels on the Bus
04173421, 0.0, 10, 大猩猩和小星星
04182599, 0.0, 10, 花园宝宝故事书-全套共8册
06720832, 0.0, 10, 小鬼鲁智胜
26864608, 0.0, 10, 中国儿童数学百科全书
27624166, 0.0, 10, 正面管教教师指南(A-Z)
30189752, 0.0, 10, 晚安，熊猫先生
30589555, 0.0, 10, 儿童时间管理效能手册 30天让孩子的学习更主动/豆豆妈妈系列图书
34937375, 0.0, 10, 在山上
35019444, 0.0, 10, 小王子
21323843, 0.0, 11, 同桌冤家走天下
30432959, 0.0, 11, DK烧脑训练游戏书
34882344, 0.0, 11, 给孩子的数学三书
34897043, 0.0, 11, 费顿艺术启蒙认知：埃尔斯沃斯·凯利的反义词
10750276, 0.0, 12, 考第一名的中等生
01485640, 0.0, 13, 如何与孩子谈性
04050847, 0.0, 13, 与孩子们共同生活
34884016, 0.0, 13, 去旅行：中国版特色篇
10512691, 0.0, 14, 野天鹅
34912824, 0.0, 14, 我发现数字无处不在
34979571, 0.0, 14, 若·见 陪伴孩子快乐成长绘本合集第一季（全4册）《贝贝礁的美人鱼》《爱织毛衣的大力士艾可多》《贝尔兔骗钱记 》《月亮罗莎和狼的美丽传说》
26682072, 0.0, 19, 报童的夏天
05973139, 0.0, 26, 热带雨林历险记
