2020-07-05 15:59:56

number of books, tag name
92, 先知

ID, rating, votes, title
01041482, 8.9, 143749, 万历十五年
01082387, 9.3, 35131, 一九八四·动物农场
01058661, 8.9, 50613, 飞鸟集
05299764, 9.4, 20464, 1984
01012611, 8.2, 98205, 乌合之众
03131626, 9.0, 10401, 荒原狼
01077528, 8.8, 12561, 通往奴役之路
06265745, 8.7, 13977, 银河系搭车客指南
11584574, 8.6, 13972, 万物静默如谜
06009029, 9.3, 4920, 三體 Ⅱ
01012032, 8.6, 8484, 查拉图斯特拉如是说
02212371, 9.1, 4185, 先知
02025235, 9.1, 2523, 顾准文集
01438602, 8.8, 3446, 白鹿原
03154624, 9.3, 1848, 一九八四 动物农场
24829798, 8.6, 4057, 解憂雜貨店
05288327, 8.3, 5516, 鸟，看见我了
01451270, 9.1, 1827, 纪伯伦诗集
01219090, 9.1, 1784, 沙与沫
30247517, 8.3, 4278, 镖人
03151603, 9.2, 1142, 先知
26266067, 8.9, 1571, 重返美丽新世界
10732771, 8.3, 1997, 我的心只悲伤七次
06874612, 8.1, 2443, 孤独的池塘
01329973, 9.2, 646, 顾准文集
02999785, 8.4, 1156, 塔木德
20537674, 9.4, 364, 先知三部曲（全新插图修订本）
01268600, 9.0, 518, 先知·沙与沫
03816895, 8.1, 1300, 雪崩
05940473, 9.0, 477, 先知· 沙与沫
01326838, 9.4, 291, 纪伯伦散文诗经典
03802289, 7.6, 1710, 灵心
06990221, 9.2, 275, 纪伯伦诗选
03734300, 8.7, 415, 不可思议的物理
01778062, 9.0, 271, 荣格文集
01401099, 9.3, 206, The Prophet
26616500, 9.2, 223, 先知·沙与沫：纪伯伦诗文集
06712304, 7.3, 1800, 怪诞心理学2
02261591, 8.2, 547, 怎样写作
01883254, 9.3, 189, 纪伯伦散文诗精选
01047120, 8.4, 399, 神学政治论
24756836, 9.1, 175, 先知•沙与沫
25884868, 8.1, 416, 先知
01119473, 9.1, 166, 纪伯伦全集
01488585, 9.2, 129, 先知
01039339, 8.2, 259, 摩西与一神教
25731757, 8.5, 188, 沉默
20382304, 8.9, 101, 离别时.我的爱不曾旧老
10785920, 7.7, 277, 虚构的犹太民族
04212270, 8.9, 96, 以色列与启示
03663988, 9.1, 78, 先知沙与沫
10607781, 8.5, 91, 耶稣也说禅
03059438, 9.1, 60, 托洛茨基亲述十月革命
03894821, 7.7, 166, 五千年犹太文明史
02135493, 8.6, 71, 韦伯作品集XI：古犹太教
01495244, 8.7, 63, 犹太教神秘主义主流
01078685, 7.9, 82, 塔木德四讲
01255010, 8.9, 41, 觅人的上帝
01165000, 7.8, 84, 简明犹太民族史
26173218, 7.9, 77, 俄国革命史（全三卷）
01791062, 7.8, 75, 犹太史
05938923, 8.3, 49, 先知
30462444, 9.3, 26, 先知·沙与沫
03052961, 9.1, 26, 先知
06969145, 8.1, 44, 斯宾诺莎传
01354149, 8.5, 33, 先知
01547009, 7.4, 61, 论犹太教
01048724, 8.0, 38, 论凝思的生活
01556553, 8.0, 37, 犹太教的本质
26268796, 7.1, 73, 世界帝国史话：阿拉伯帝国
06519542, 8.7, 23, 密释纳
06861496, 7.4, 52, 论《创世记》
01422280, 8.4, 25, 人性的尝试
01254366, 8.9, 15, 犹太复国主义史
10564897, 7.3, 33, 上帝的代言人
01547010, 8.1, 20, 犹太教:一种文明
05977440, 9.1, 12, 犹太政治传统（第1卷）
03081828, 7.1, 33, 犹太战争
10755820, 8.4, 15, 古典时代犹太教导论
01181180, 7.9, 19, 近现代犹太宗教运动
05980117, 9.1, 11, 犹太政治传统（第2卷）
02247151, 7.3, 27, 论摩西的生平
01035028, 7.8, 19, 美国犹太人
01075451, 7.0, 31, 以色列2000年
01911071, 7.1, 23, 都市帝国与先知
03082011, 7.3, 20, 耶路撒冷
26348574, 7.3, 19, 穆罕默德生平
02185607, 7.1, 21, 希腊化世界中的犹太人
10464950, 7.3, 16, 希腊化文明与犹太人
01043432, 7.0, 18, 犹太教史
02247150, 6.7, 17, 论律法
01858508, 0.0, 10, Meta Modern Era 超越现代
