2020-07-05 15:59:56

number of books, tag name
782, 入门

ID, rating, votes, title
01873231, 8.7, 182706, 明朝那些事儿（壹）
01949338, 8.9, 53038, 明朝那些事儿（贰）
01045818, 8.5, 105805, 苏菲的世界
03576486, 9.1, 31087, 小狗钱钱
01467022, 9.2, 22489, 上帝掷骰子吗
01012611, 8.2, 98205, 乌合之众
01028842, 9.1, 15425, 经济学原理（上下）
01476651, 9.0, 17667, 社会心理学
01922216, 9.2, 13065, 全球通史(上)
03719533, 9.4, 9787, 经济学原理
02326403, 8.9, 13822, 认识电影
01922246, 9.2, 8774, 全球通史(下)
01225977, 8.9, 12731, 全球通史（第7版 上册）
01008189, 8.9, 11519, 西方哲学史（上卷）
02328458, 9.1, 8451, 社会性动物
26390842, 8.6, 15084, 哲学家们都干了些什么
25961458, 9.3, 5228, 大问题
01885170, 9.3, 4993, 算法导论（原书第2版）
03291111, 8.5, 11107, 富爸爸穷爸爸
26435630, 9.6, 2547, 经济学原理(第7版)
25926542, 8.9, 5178, 一本书读懂财报
05248516, 9.2, 3435, 改变心理学的40项研究
04822685, 9.2, 3285, 编码
01071227, 9.0, 4032, 大问题
30280804, 8.4, 9202, 薛兆丰经济学讲义
26772731, 8.3, 9956, 七堂极简物理课
26829016, 9.1, 3105, Python编程
04889838, 9.1, 3045, 鸟哥的Linux私房菜
10546125, 9.3, 2380, JavaScript高级程序设计（第3版）
26163454, 8.9, 3677, 数学之美 （第二版）
03143537, 9.4, 1978, 津巴多普通心理学
14439405, 8.9, 3428, 哲学的故事
01052241, 9.0, 2908, 设计模式
25708312, 9.4, 1757, C++ Primer 中文版（第 5 版）
01033163, 9.2, 2184, 老子注译及评介
26417490, 8.1, 8976, 写给大家的西方美术史
26658395, 9.2, 2013, 政治学通识
03707886, 8.9, 2873, 中国通史
01236999, 9.6, 1305, The  C Programming Language
01436276, 8.8, 3043, 建筑：形式、空间和秩序
10590165, 9.4, 1494, 聆听音乐
01024846, 9.2, 1825, 所罗门王的指环
25747852, 8.9, 2553, 世界上最简单的会计书
01045119, 8.9, 2530, 宇宙的琴弦
26388289, 9.6, 1160, 经济学原理(第7版)
26290085, 8.7, 3084, 手把手教你读财报
01066108, 8.5, 3873, 易经杂说
30379527, 8.9, 2240, 世界观（原书第2版）
30242320, 8.3, 4897, 薛兆丰经济学讲义
03055719, 8.7, 2809, 经济学的思维方式（第11版）
01024570, 9.3, 1384, 编码的奥秘
25966785, 9.2, 1505, 与社会学同游
01154707, 8.7, 2646, 素描的诀窍
26588758, 8.9, 2039, 全球通史
26286031, 9.3, 1274, 心理学与生活（第19版）
30276984, 9.1, 1551, 女性主义
28003156, 8.8, 2165, 给青年的十二封信
05939751, 9.2, 1307, 货币金融学
03095037, 9.1, 1447, 听音乐（插图第6版）
03990023, 9.0, 1612, 美国纽约摄影学院摄影教材（下册）
25816940, 8.5, 2824, 富爸爸穷爸爸（最新修订版）
01322336, 9.0, 1528, 控制论与科学方法论
03225979, 8.4, 3203, 一课经济学
01221479, 8.9, 1695, 与“众”不同的心理学
25924609, 9.6, 810, 发现社会
02125973, 9.4, 982, 心理学导论
26287453, 8.9, 1677, 这才是心理学（第9版）
04100551, 8.5, 2596, 建筑师成长记录
02051332, 8.3, 3307, 解读基金
26897464, 8.0, 5098, 小岛经济学
26353666, 9.2, 1085, 量子物理史話
03042785, 8.7, 1877, 学佛三书（共3册）
26686251, 8.8, 1655, 这才是心理学
26431646, 8.9, 1433, 语言学的邀请
01045246, 8.6, 2005, 西方文学十五讲
04246032, 9.4, 800, 西方哲学史讲演录
25752357, 9.3, 882, Head First HTML与CSS（第2版）
04723970, 7.6, 8339, 人人都是产品经理
06038371, 8.7, 1624, JavaScript DOM编程艺术 （第2版）
26792521, 9.4, 749, C Primer Plus（第6版）中文版
01038746, 8.7, 1511, 佛教常识答问
10808841, 9.3, 763, 夜观星空
26314063, 7.9, 4231, 斯坦福极简经济学
21706191, 9.6, 564, An Introduction to Statistical Learning
30176572, 9.4, 674, 大问题（第10版）
25902141, 8.9, 1116, 正见
26664522, 8.7, 1385, 写给大家看的设计书（第4版）
02005481, 9.0, 949, 法律之门
03126411, 9.0, 931, 与社会学同游
03171735, 9.4, 618, 行为科学统计
27104764, 8.3, 2069, 经济学通识课
02000732, 8.7, 1261, Head First Java（第二版·中文版）
26979890, 8.4, 1801, 算法图解
26388291, 9.3, 660, 经济学原理(第7版)
01428117, 8.9, 974, 普通生物学
05948760, 8.7, 1191, A Byte of Python
01857295, 9.0, 853, 荣格心理学入门
03786755, 7.2, 11287, 每天懂一点色彩心理学
25863515, 8.1, 2485, 图解HTTP
24250054, 8.5, 1457, SQL必知必会
01921890, 8.7, 1150, JavaScript DOM编程艺术
10510736, 8.8, 1026, 经济学的思维方式（修订第12版）
02270925, 8.5, 1413, 病者生存
03235486, 9.4, 548, 陶哲轩实分析
30441530, 8.8, 997, 打开
26584734, 8.1, 2343, 乐之本事
03755149, 8.9, 879, 诗词格律
01045314, 8.7, 1089, 诗词格律
01331454, 8.6, 1215, 西方正典
30270959, 9.4, 526, 深度学习入门
34948951, 7.9, 2924, 大话西方艺术史
26892991, 8.1, 2193, 你的第一本哲学书
01077688, 9.1, 681, 逻辑新引・怎样判别是非
24721654, 8.8, 920, 红书
26836700, 9.0, 741, Python编程快速上手
01626392, 8.4, 1437, 女士品茶
01867208, 9.1, 658, 政治学
26278816, 8.9, 793, 耶鲁大学公开课 : 政治哲学
20501422, 8.6, 1094, 文学理论入门
25793459, 8.3, 1539, 电影编剧的秘密
03354490, 8.4, 1356, MySQL必知必会
25957263, 9.7, 366, 史记（全十册）
26604224, 8.9, 751, 经济学的思维方式
04843458, 8.8, 824, 四十二章经
06429781, 9.0, 669, 诡辩与真相
24754537, 7.4, 5588, 简单的逻辑学
10769749, 8.1, 1845, 推荐系统实践
25842926, 9.2, 534, 理论入门
05263615, 8.1, 1826, 五天学会绘画
25838004, 8.9, 712, 法学论文写作
25919579, 8.8, 776, 刑法的私塾
01227966, 7.8, 2719, 你的第一本哲学书
03160549, 8.6, 956, 建筑空间组合论
03277343, 8.1, 1703, 生命四元素
01033848, 7.8, 2587, 第二届全国新概念作文大赛获奖作品选
03317670, 8.5, 1032, 终朝采蓝
04042959, 9.0, 599, 政治哲学导论
01950154, 8.8, 728, 小说鉴赏（双语修订第3版）
30391626, 9.4, 406, 社会学基本概念
17153313, 9.0, 578, 哲学导论
27009488, 7.7, 2813, 财务自由之路
04856930, 9.1, 520, 汉语的本质和历史
04827904, 9.3, 430, 入門
04866934, 8.0, 1790, Python基础教程（第2版）
01208741, 9.2, 467, 约翰·汤普森简易钢琴教程(1)
02310726, 8.7, 759, 社会学
20387173, 8.6, 841, 30天学会绘画
04196774, 8.3, 1083, 看电影的艺术
01138353, 8.7, 689, 统计学的世界
01215178, 9.3, 385, 汇编语言
02057864, 8.9, 558, 风景园林设计要素
26791309, 9.3, 380, 初识传播学（插图第7版）
02278535, 8.5, 836, 哲学的邀请
02324913, 9.5, 316, 佛陀的啟示
26896124, 9.2, 398, 设计入门教室：设计的基本规则
02222030, 8.0, 1459, 生活中的经济学
06756007, 8.2, 1124, 时评写作十讲
01058276, 8.5, 789, 走近中医
25764449, 8.5, 789, 社会学的邀请
10483002, 8.5, 788, 中国人史纲（全两册）
26698020, 8.3, 970, 认识商业（插图修订第10版）
04088038, 8.9, 509, Perl语言入门
01907517, 8.3, 963, 社会学与生活（插图修订第9版）
03172450, 8.4, 856, 佛学入门
03922162, 8.3, 956, 认识商业
03184668, 8.1, 1178, 人人都爱经济学
01777478, 8.5, 735, 剑桥中国明代史（上卷）
27129662, 9.5, 285, 詹森艺术史（插图第7版）
30194663, 9.1, 397, 股市真规则（畅销版）
26839342, 8.9, 478, 文明之光
01335318, 8.4, 798, 正信的佛教
26774272, 8.0, 1266, 一平米健身：硬派健身
26849476, 8.8, 509, 金花的秘密
05432475, 9.0, 412, 穿越计算机的迷雾
06127657, 9.7, 227, 珍爱生命
02327417, 9.3, 306, 大师之路
01392568, 8.9, 436, 哲学之树
03948354, 8.2, 916, Python学习手册
07056708, 8.5, 648, 深入浅出统计学
10789789, 8.6, 577, C++ Primer Plus
20502310, 9.5, 249, 经济学
06862061, 9.2, 317, 计算机科学概论（第11版）
01319751, 8.5, 618, C++Primer Plus
26666408, 8.4, 685, 东大爸爸写给我的日本史2
01007667, 8.1, 965, 心理学的故事
03065652, 8.0, 1082, 像艺术家一样思考Ⅲ:贝蒂的色彩
01588297, 9.2, 303, 统计学
04772962, 8.5, 584, 以交易为生
11632329, 8.8, 423, 经济学讲义（上）
03215660, 8.3, 710, 社会学的邀请
26955856, 9.0, 350, 思想的力量
01929918, 9.0, 335, 心理学的邀请
24527462, 8.7, 442, 人类学入门
26262681, 9.4, 234, 陈阅增普通生物学（第4版）
01148191, 8.7, 431, 费曼讲物理入门
10829270, 8.0, 920, 法的门前
04926595, 8.6, 467, 醉汉的脚步
04077879, 8.4, 575, 零起点学中医
27055712, 9.0, 316, SQL基础教程
02979316, 8.1, 786, 人类学的邀请
30176774, 8.5, 500, 第一本经济学
25942191, 8.5, 490, 第一行代码
01691802, 8.7, 394, 中医入门
01418842, 7.9, 953, 建筑形式的逻辑概念
26916794, 8.8, 357, 车浩的刑法题
27181900, 8.2, 658, 哲学起步
26915433, 8.6, 427, 第一行代码：Android（第2版）
26267406, 8.9, 321, 逻辑学导论（第13版）
06001611, 8.6, 414, 瑜伽之树
02298552, 8.6, 408, 中国史学入门
04200664, 8.4, 497, 管理的常识
26285406, 9.1, 254, 正则表达式必知必会（修订版）
25951835, 9.1, 253, 社会心理学（第8版）
25887932, 8.4, 483, 当代西方文艺理论
25762168, 8.3, 535, Java核心技术·卷1：基础知识（原书第9版）
03199212, 8.4, 470, 伦理学导论
02209114, 8.9, 290, 什么是哲学
06729589, 8.1, 650, 救命饮食
26032227, 7.5, 1407, 金融的解释
10540291, 9.3, 206, 经济学（第十九版）
01552290, 8.8, 312, 诤语良言
27175898, 9.7, 151, 公司法学（上）
27167650, 7.7, 1024, 给新手的极简股票课
26685165, 9.1, 234, 物权法论（第二版）
04496038, 8.8, 303, Head First Java
04132844, 9.0, 254, 心的经典
01025576, 7.9, 777, 中国史学入门
24841239, 9.0, 250, SQL基础教程
05944389, 8.8, 297, 佛教常识答问
03164293, 8.7, 323, 七天读懂宏观经济
26960678, 8.9, 269, 计算机网络（第7版）
27021786, 7.6, 1108, 靠谱
27110806, 8.5, 384, 巴黎评论·作家访谈4
02338733, 8.5, 380, 西方的智慧
01183146, 9.6, 151, 晶体管电路设计（上）
35044046, 9.4, 174, 神经网络与深度学习
05417093, 8.9, 254, 水彩入门
01915388, 8.5, 361, 电影的故事
05338024, 8.4, 395, 与孩子一起学编程
03990439, 8.5, 354, 希腊史研究入门
11941213, 8.4, 381, Learn Python the Hard Way
01869923, 9.4, 158, Introduction to Quantum Mechanics
30784282, 8.1, 506, 解读基金——我的投资观与实践（修订版）
30459271, 9.3, 168, 极简天文学
03719511, 8.2, 446, 政治学的邀请
01010587, 8.1, 495, 古典作曲家排行榜
25811177, 8.5, 323, 众神的星空
10561367, 7.9, 613, Head First Python（中文版）
24749903, 8.4, 355, 世界是数字的
27045310, 8.6, 290, 像人类学家一样思考
10600614, 8.4, 348, 哲学与人生 （第二版）
03022640, 8.0, 528, 逻辑学十五讲
26644832, 8.2, 423, 政治是什么？
26264642, 7.8, 659, &#34;笨办法&#34;学Python
05311625, 8.8, 235, 财务智慧
25798422, 9.3, 155, 心理学导论
03043693, 8.6, 271, C语言入门经典
01068824, 7.8, 629, 政治学十五讲
33590016, 8.7, 245, 这世上的偶然
26838900, 9.4, 140, 塔罗冥想
06049132, 7.9, 549, Python学习手册（第4版）
02985995, 8.1, 434, 爱上统计学
03246499, 8.0, 479, 疯狂Java讲义
24748698, 9.3, 144, C#图解教程
01080119, 8.6, 252, 史籍举要
01075836, 7.1, 1524, 一口气读完世界历史
03609073, 8.4, 303, 社会学与生活
02297545, 9.3, 142, What Makes You Not a Buddhist
04891532, 8.6, 250, 世界美术名作二十讲
01012890, 8.1, 400, 文言津逮
01053354, 7.8, 557, 历史学是什么
24901947, 8.8, 202, 心理学的故事（最新增补修订版）
26999520, 9.7, 103, 计算机科学概论（第12版）
02124377, 8.1, 385, SQL必知必会（第3版）
20452670, 7.4, 899, 看电影的门道（插图第2版）
02038599, 7.8, 533, 数据挖掘概念与技术
27167590, 9.4, 123, 想透彻
04875599, 8.9, 178, C++程序设计原理与实践
25730741, 9.1, 152, 私募股权投资管理
06068005, 8.6, 228, 原型与集体无意识-荣格文集（第五卷）
21618173, 8.9, 176, 政治学
26005639, 8.5, 248, 父与子的编程之旅
25848404, 8.5, 246, Android编程权威指南
06126239, 9.2, 138, 围棋入门
30414788, 7.6, 646, 通识
30438868, 9.0, 159, 1848
01679623, 7.0, 1501, C程序设计
01142213, 8.2, 319, 计算机科学导论
05350226, 8.4, 260, 中东史
30247531, 9.3, 124, 听音乐（全彩插图第11版）
01786294, 8.8, 181, C语言编程：一本全面的C语言入门教程（第三版）
01429901, 9.2, 132, 财务会计教程
03290954, 8.7, 193, 弗洛伊德心理学入门
10779534, 8.4, 246, Think Python
01771794, 9.1, 137, What Does It All Mean?
26675127, 8.5, 223, Python语言及其应用
34974775, 9.3, 117, 认识建筑
01672392, 8.3, 263, 剧作法
04130904, 8.3, 263, 社会学精要
35005013, 8.8, 169, 想点大事
25836317, 8.8, 168, 黎东方讲史之续·细说宋朝
25894685, 7.7, 491, 啊哈!算法
26148763, 8.6, 187, 计算的本质
26953559, 8.4, 220, 24堂财富课
24719686, 9.0, 133, 大众天文学
01044896, 9.1, 123, 商周古文字读本
04010127, 8.1, 290, 漫画傅里叶解析
26780404, 8.3, 235, 第一本Docker书 修订版
30310340, 8.8, 151, Flask Web开发实战
20395700, 9.0, 129, 西方哲学史（影印第8版）
30209224, 8.5, 192, 人工智能基础（高中版）
04175522, 9.2, 110, 概率导论
05214629, 9.1, 118, 佛法概论
27070172, 9.9, 70, 哲学的历程
03159708, 8.4, 201, 西方服装通史经典图鉴
01801050, 7.8, 363, 软件测试
26201896, 8.2, 240, 法学野渡
07564081, 8.8, 142, 人类学
01010570, 7.5, 515, 人类学是什么
23779374, 8.9, 131, 明解C语言
26316200, 8.5, 180, 离散数学及其应用（原书第7版）
04272325, 8.4, 196, 宗教学导论
01886340, 8.7, 151, 篆刻五十讲
10557754, 8.2, 234, 荣格与炼金术
03242379, 8.5, 178, 心理学与我们
03076736, 8.9, 128, 五线谱入门
25781017, 9.5, 83, 分析心理学的理论与实践
01926476, 7.6, 429, 茶道入门三篇
04268015, 9.3, 94, 行为科学统计概要
33384286, 8.8, 134, 古代汉语常识
04927697, 8.4, 186, 社会学之思（第二版）
02280545, 8.8, 133, Accelerated C++中文版
20373356, 7.5, 463, 谁说菜鸟不会数据分析
01048489, 8.7, 141, 周易入门
06952757, 8.4, 181, 政治科学
24295133, 7.6, 392, 社会学的意识-牛津通识读本
26919485, 8.4, 173, 从Python开始学编程
01069533, 8.3, 189, 音乐剧魅影
27176052, 8.3, 189, 寻求灵魂的现代人
26397183, 7.4, 486, 计算机是怎样跑起来的
26320455, 8.3, 185, 社会学
26870407, 8.6, 143, 像计算机科学家一样思考Python (第2版)
25750516, 8.5, 155, 潜意识与心灵成长
01013136, 7.5, 425, 美学是什么
27186717, 7.7, 335, 手机摄影凭什么比相机还酷
25808248, 8.1, 221, 政治学的邀请
01219421, 8.2, 201, 实验心理学
33414479, 8.7, 131, 深度学习的数学
05310233, 8.0, 241, Head First Python
21371526, 8.8, 120, 法学导论
26593260, 9.1, 96, 图解艺术
02592191, 7.5, 409, 古典音乐简单到不行！
30458212, 8.9, 108, 性学观止
25728189, 8.1, 208, 像计算机科学家一样思考Python
02226068, 8.4, 156, 国学入门
26842557, 8.4, 156, 政治思考（修订版）
01182434, 9.4, 75, 环境科学（上下）
26285326, 8.3, 170, 细讲中国历史丛书·宋史
27080999, 9.6, 66, 逻辑与哲学
22226727, 8.1, 202, Linux命令行大全
02131799, 9.4, 73, The Inner Sky
07000917, 9.0, 95, 政治经济学概论
26742300, 7.7, 293, 极简医学史
03137128, 8.0, 213, 见树又见林
25873525, 9.1, 87, 哲学的邀请：问题与选择
24522045, 7.8, 260, Redis入门指南
25876158, 8.7, 114, The Business Book
20172592, 8.2, 170, 40堂哲学公开课
04732242, 9.0, 90, Java入门1•2•3
25892709, 8.7, 111, Python for Informatics
26966433, 8.7, 109, 零基础入门学习Python
01057794, 8.3, 150, 东洋冥想的心理学
05291061, 8.3, 148, 为什么做个好人很难？
24673067, 7.2, 473, 完全咖啡知识手册
27005571, 9.5, 62, 朱子讀書法
26371104, 7.9, 210, 哲学的快乐
26353603, 8.3, 143, 伦理学的邀请
27178745, 8.5, 121, 当代中国博物馆
01031877, 7.2, 452, 社会学是什么
02109513, 7.6, 277, 传播学是什么
26866611, 8.6, 109, 社会学入门（第3版）
25831800, 8.9, 87, 我的第一本古典音乐书
27667375, 8.2, 150, Python基础教程（第3版）
06773572, 9.0, 80, 人类学讲义稿
10559362, 9.0, 80, 西尔格德心理学导论（第14版）
10807960, 8.1, 161, 风格的要素
02145881, 8.1, 157, 国学课
03824580, 8.1, 156, 社会学与十个大问题
01229757, 8.1, 155, 新编阿拉伯语（第一册）
25720141, 9.0, 77, A Tour of C++
06890457, 7.7, 228, 从象牙塔到广告圈
01034820, 8.1, 154, 全国新概念作文大赛获奖作品精选
26712843, 8.5, 109, 见树又见林
26832495, 7.8, 202, 设计入门教室1
30331613, 8.6, 100, 写作提高一点点
26940347, 7.8, 197, 当代政治学十讲
03698524, 8.8, 85, 社会学何为？
26663756, 9.0, 74, 明解C语言（第3版）
25848932, 9.2, 65, 因是子佛学入门
26914378, 9.2, 65, Python for Everybody
26364794, 9.1, 69, 篆刻五十讲（增订本）
30359954, 8.4, 114, 鸟哥的Linux私房菜 基础学习篇 第四版
26373637, 8.2, 134, 大棋局
01122700, 8.1, 144, 刑法的启蒙
01287105, 8.1, 144, 西方哲学精神
26864947, 8.5, 102, 看，这是哲学 II
06019104, 8.3, 119, 社会学与生活（精要插图第11版）
04244699, 8.2, 129, 赢单九问
02607402, 9.1, 66, Head First Java (2nd Edition)
34898994, 9.4, 55, Java核心技术·卷 I（原书第11版）
26790607, 9.0, 70, 简析荣格
30320792, 8.1, 138, 失眠疗愈
26719967, 8.6, 92, 普拉提初学到高手
34856701, 8.6, 92, 自然语言处理入门
05367369, 7.8, 181, 像心理学家一样思考
27052022, 8.5, 98, 荣格心理学七讲
26743625, 8.2, 124, 表哥的Access入门
01270576, 8.3, 114, 西方哲学智慧
26830882, 9.0, 68, 走进社会学
06068017, 8.5, 96, 人格的发展
21617927, 9.1, 63, 佛教常识答问
01042797, 8.1, 132, 荣格心理学与西藏佛教
05423049, 8.2, 120, 如何学习研究世界史
26183133, 8.2, 120, 你早该这么玩excel（WiFi版）
04254318, 8.5, 93, MATLAB实用教程
03610834, 8.4, 98, 向智識分子介紹佛教
06772417, 8.5, 87, 开始设计
34458510, 8.8, 70, 手工图鉴
04297287, 8.6, 80, 跟我学摄影
26278751, 9.2, 54, 心理学的邀请（原书第9版）
01273913, 8.9, 65, 希腊人
27061912, 9.2, 53, 什么是数学
01153547, 8.7, 72, 围棋入门一月通
26634683, 9.0, 59, Think Python
02209119, 7.7, 162, 图解经济学
25816946, 8.3, 95, 富爸爸投资指南（最新修订版）
01239501, 7.3, 242, Python语言入门
26334505, 7.9, 131, 海德格尔与哲学的开端
27056206, 8.3, 93, 结构主义
26427491, 7.4, 210, 高效阅读法
25870930, 7.6, 170, 介绍丛书：拉康
20381154, 7.5, 188, 深入浅出数据分析
30357170, 7.3, 231, 我的第一本算法书
01855348, 8.8, 63, Law 101
04841522, 8.8, 63, 金融学原理
01053192, 7.0, 328, 哲学是什么
01081004, 8.6, 71, 词学名词释义
34945327, 8.8, 62, 自然图鉴
02980192, 7.1, 283, 流派（建筑卷）
05344443, 9.1, 51, Computer Networks
03354536, 8.2, 94, 北京土话
01085851, 8.7, 65, 俄语入门（全三册）
33377417, 8.9, 57, 数据结构与算法图解
05248504, 7.6, 159, 无用之学
06809087, 7.2, 243, 大话处理器
24298703, 8.0, 109, 社会学有什么用?
01831719, 8.8, 60, 机器人学导论
26664044, 7.3, 213, 女权主义简史
06435570, 6.7, 451, 对冲基金到底是什么？
26340982, 9.7, 35, 流形导论
03691281, 8.8, 58, 心理学实验的设计与报告
25764445, 7.7, 136, 哲学的邀请
10748145, 9.8, 33, 数码单反摄影全攻略
27133582, 9.2, 45, 精准瑜伽解剖书1：流瑜伽及站姿体式
33384284, 9.2, 45, 哲学导论
01254437, 8.0, 103, 佛教基本知识
27044660, 8.6, 65, 管理者14天看懂财务报表
25831313, 9.3, 42, 经济学基础(第6版)
04119925, 8.4, 73, 社会学
26942162, 7.5, 158, 全球通史
10727748, 8.1, 91, 常识的求知
03338887, 8.1, 90, 西洋占星學入門
26644962, 7.6, 137, 耶鲁科学小历史
03116103, 8.0, 94, 逻辑学
01863555, 7.7, 121, 中国古代算命术
26899135, 9.3, 39, 鲁迅精读（第二版）
24715620, 7.0, 253, 谁说菜鸟不会数据分析（工具篇）
26386888, 9.5, 35, Core Java
04584747, 8.6, 59, 语言学概论
05273663, 9.6, 33, Vision
26599858, 8.4, 67, 权力与选择（插图第13版）
25881407, 7.7, 117, 如何写学术论文
30194498, 7.7, 117, 民主
30338777, 8.1, 83, 耶鲁极简科学史
19941467, 8.4, 66, 周易经传十五讲
05373969, 8.0, 88, 常用字解
35044898, 7.9, 95, 别想生活有答案
03215709, 7.2, 187, 法学的邀请
26808917, 7.7, 113, 导读阿多诺
03771251, 8.4, 64, 佛教常识答问
06430393, 9.5, 33, 经济学基础
04086069, 9.0, 43, 西方哲学智慧
05409237, 8.4, 63, 《易经》的智慧
35012879, 8.3, 67, 抉择
04852347, 7.6, 118, 从《理想国》到《正义论》
26419240, 7.5, 128, Redis入门指南（第2版）
01248509, 8.8, 47, 少年哲学奇思录
07045687, 8.4, 60, Excel 2010应用大全
30312285, 9.6, 30, 中国文学简史
01435660, 8.8, 46, 机器人制作入门篇
04243081, 7.7, 103, 小老板的生意经
03660163, 7.5, 123, 纽约时报歌剧评论精选
26220998, 7.9, 86, 政治学的思维方式
30481485, 7.2, 166, 小学二年级就能读懂的经济学
34678937, 9.2, 36, 书法答问
26957348, 9.7, 28, 零起点学针灸
03343284, 8.8, 45, 西方当代美术
30264636, 8.3, 62, 彼得·林奇教你理财（典藏版）
20271383, 8.5, 54, 文化人类学
27074809, 8.0, 77, MyBatis从入门到精通
26287363, 9.2, 35, The iOS Apprentice
26287445, 9.2, 35, Python编程初学者指南
30443577, 7.6, 106, 对比Excel，轻松学习Python数据分析
26826799, 7.4, 128, 明史十讲
01033625, 8.4, 56, 哲学通论
26812722, 8.6, 49, 刺猬的正义
01901715, 7.6, 105, 亚瑟王传奇
26806538, 8.5, 52, 當代政治學十講
02024419, 7.5, 114, 读史入门
30194825, 6.7, 276, 学会洞察行业
03358357, 7.6, 100, 心理占星學全書
27140059, 9.1, 35, 精准瑜伽解剖书2：身体前弯及髋关节伸展体式
26328416, 6.7, 259, 自由&#34;字&#34;在:字体设计与创意
25880388, 7.0, 177, Python基础教程（第2版•修订版）
25770836, 8.9, 38, 从零学相对论
30361190, 8.3, 55, 走进伦敦设计博物馆
33376509, 8.2, 59, 育狗全书
34873566, 8.2, 59, 耶路撒冷三千年（全新增订版）
26320896, 6.8, 216, OpenCV3编程入门
26928770, 6.0, 733, 打开文学的方式
24716396, 8.4, 49, 佛陀说
03393542, 8.2, 56, 宏观经济学
10606380, 8.6, 43, 大众社会学
04847812, 7.6, 89, 巅峰摄影
11501496, 7.6, 88, 揭示宇宙奥秘的13个常数
01157475, 7.8, 74, 古典音乐
01901714, 7.4, 104, 生存游戏
03214042, 8.9, 35, 西方名著入门 1 文学
27038163, 7.8, 73, 法的经济解释
01392977, 8.1, 58, 射频和无线技术入门
03720194, 8.4, 47, 鈴木大拙禪學入門
01775637, 8.5, 44, Policy Paradox
01262460, 7.1, 136, 精神分析导论
03803611, 7.5, 91, Head First Data Analysis
25803528, 7.5, 89, Linux系统命令及Shell脚本实践指南
06802391, 6.6, 236, 我最需要的金融常识书
27188000, 8.0, 58, 博弈论平话
19990747, 9.0, 31, The Big Questions
25921659, 8.5, 41, 人性之窗
30288314, 8.4, 43, 认识戏剧
30482711, 9.2, 27, 法國高中生哲學讀本（全五冊套書）
01065295, 7.4, 88, 大众哲学
05297295, 7.0, 128, 法学野渡
26795416, 7.2, 102, 字体设计进化论
34838834, 8.0, 52, 没有疼痛的身体
25773122, 7.1, 112, Python编程入门（第3版）
03413617, 8.3, 42, SQL Server编程必知必会
26348894, 7.6, 70, Web安全深度剖析
26318326, 6.6, 197, 基金投资入门与实战技巧
26807331, 8.8, 31, 人口学概论
26698373, 7.9, 54, 法律是什么
30382590, 8.3, 41, 计算机科学精粹
26600183, 8.5, 36, 计算机系统基础
30354924, 7.4, 80, 逻辑十九讲
26280706, 7.9, 52, 哲学问题
30353329, 9.4, 22, 天文学入门
24849858, 8.1, 45, 科学哲学十讲
26696971, 8.1, 45, 算法基础
06126361, 7.6, 65, 半知一解
26821588, 7.6, 65, 写给大家看的算法书
02245095, 9.6, 20, Computability and Logic
06726798, 9.1, 25, 如何做心理学实验
04894822, 8.8, 29, 西方法律思想导论
01320150, 6.7, 156, 普通心理学
07059900, 7.1, 99, Python编程实践
04923965, 7.9, 50, 我的第一本日语学习书
34998001, 7.9, 50, 642件可写的小事
06508420, 8.2, 40, 面向制造和装配的产品设计指南
35047189, 9.3, 22, 简明量子力学
05269200, 8.8, 28, 超簡單經濟學
04020919, 7.3, 79, 佛学启蒙
01381174, 9.5, 20, 当代精神分析导论理论与实务
03346152, 8.0, 45, 什么是心理学
02159997, 8.2, 39, 谚语录
34814833, 8.9, 26, 冰心给孩子的写作课(全3册)
03747011, 8.4, 34, 微观经济学
34908290, 8.3, 36, 如何理解建筑
06716197, 8.8, 27, 数学与哲学
26986379, 9.2, 22, Introduction to Logic
01060158, 9.3, 21, 三国志辞典
30481930, 6.6, 155, 写给所有人的编程思维
24307320, 7.0, 98, 读懂财务语言
26652166, 7.5, 61, 写给程序员的数据挖掘实践指南
30419778, 7.4, 66, Python编程无师自通
30222593, 7.6, 56, 秦汉简史
30354356, 6.7, 131, 极简西方哲学史
01208098, 8.3, 34, 市场研究实务
03710533, 8.4, 32, 理解社会
04199356, 7.6, 55, 城市与城市文化
24924613, 8.5, 30, 精通iOS开发
01844097, 7.1, 84, 吸血鬼猎手
01817075, 9.3, 20, 漫畫榮格
06795933, 9.3, 20, Computer Science
30350506, 7.3, 69, 第一次发现名画之美：高更
02075160, 7.0, 90, 知道点世界哲学
26843170, 7.4, 61, 逻辑学十五讲
34835529, 9.6, 17, 水彩颜料调色方法600例
11606478, 9.1, 21, 人工智能
30266428, 8.9, 23, 经济学基础（第7版）
30142951, 8.4, 30, 明解Java
34990231, 7.8, 44, 伪装的艺术
01121986, 7.7, 47, 金石丛话
01071719, 7.2, 70, 世界经济入门：改变你观察世界的81个经济学概念
27596221, 9.7, 16, 先史考古学方法论
30253553, 6.8, 99, 艺术的源代码
26627778, 7.1, 72, 哲学九讲
26319314, 7.5, 50, 十三经说略
26826545, 7.6, 46, 我的第一本编程书
26415707, 8.8, 22, 简帛文献纲要
07014867, 9.5, 16, 生命的起源
26425959, 7.3, 57, 看懂世界绘画第一本书
26371167, 8.2, 30, Java学习笔记
30490196, 6.5, 127, 数据产品经理修炼手册——从零基础到大数据产品实践
21335520, 7.5, 48, 從0開始畫水彩
01089406, 6.7, 100, 韩国语入门
02189660, 7.7, 41, 完全傻瓜系列：古典音乐
06717350, 7.4, 51, 什么是认知语言学
35068130, 8.1, 31, 身材管理
01839110, 7.0, 70, 白色巨石
03111748, 8.5, 24, 中国史学名著题解
01911189, 8.0, 32, 闲谈写对联
26021799, 5.6, 467, 咖啡原来是这样的啊
03402748, 6.4, 131, 流派（宗教卷）
30200825, 8.2, 28, 化学之书
26396020, 6.3, 148, 从零开始学炒股：股票入门与实战
27131596, 7.9, 33, 康德与《纯粹理性批判》
27611778, 8.6, 22, 力学原来这么有趣
03277357, 9.3, 16, 时间之河
34835834, 9.3, 16, 丙烯颜料调色方法500例
26297151, 8.9, 19, 经典常谈
05343653, 8.5, 23, 宝石名鉴
30305635, 9.0, 18, Java语言程序设计与数据结构(基础篇)(原书第11版)
25819388, 8.2, 27, 我的第一本歌剧书
26876447, 7.5, 42, 南朝大争霸：1.刘宋崛起
26978749, 7.5, 42, 妙趣横生的统计学
26845226, 7.3, 49, 如何豢養一隻奴隸
30304565, 7.3, 48, 咖啡极客
06831432, 9.2, 16, 微积分学导论（上册）
25976688, 7.8, 33, 感悟考古
34994206, 7.8, 33, 栗原晴美的每日便当
02129785, 8.9, 18, Classical Dynamics of Particles and Systems
04672956, 9.3, 15, Conceptual Mathematics: A First Introduction to Categories
20375465, 7.6, 35, 非洲史研究入门
26337440, 7.6, 35, 永不变老的日记
27074667, 7.4, 40, 手机摄影之美
02991345, 7.5, 37, 室内设计概论
25974679, 7.7, 32, 图解经济学
26279224, 7.7, 32, 希腊罗马神话故事/奥德赛（名画全彩版）
30480783, 6.4, 101, 极简地理学
06426388, 7.3, 42, 从零开始学茶艺
01881778, 7.0, 53, 十五堂哲学课
30213139, 7.8, 29, 大数据技术体系详解：原理、架构与实践
06850840, 7.3, 41, 西方汉学十六讲
01584063, 7.2, 44, 社会学
26381442, 9.4, 13, Prayer
01885777, 7.7, 30, 基础乐理
26955877, 7.7, 30, 社会学概要（修订第3版）
01173659, 7.6, 32, 服装设计师完全素质手册
01172428, 8.5, 19, 工笔花鸟画技法
26778387, 8.5, 19, 李昌镐儿童围棋课堂:启蒙篇
11759332, 8.2, 22, Philosophical Devices
30354182, 6.8, 60, 第一次发现名画之美：毕加索
01253137, 8.7, 17, 化学史传--化学史与化家传
26986091, 8.7, 17, 大英博物馆展览
11026297, 6.8, 58, 微单相机摄影从入门到精通
06011920, 7.2, 40, 期货市场教程（第七版）
27119204, 7.4, 34, 女性的星空
26979278, 6.3, 94, 牛奶可乐经济学2
30442187, 6.9, 50, 白话机器学习算法
34875288, 9.4, 12, 手绘艺术史
10459134, 6.5, 72, 从一杯星巴克开始的“白骨精”理财手册
04630803, 8.8, 15, 目录学与工具书
34460937, 8.4, 18, 我的财富自由手册：才女到财女的人生必修课
26604879, 8.9, 14, 趣学Python
01387448, 8.2, 19, But Is It Art?
26654413, 8.2, 19, 业余无线电通信（第四版）
25793077, 8.0, 21, 社会学
30280378, 7.9, 22, Web安全攻防：渗透测试实战指南
26852046, 7.3, 32, 时装买手实用手册（第二版）
06846632, 6.9, 43, Python编程入门经典
01446782, 7.3, 30, 经济学的第一堂课
30283622, 6.1, 91, Flink基础教程
03554573, 7.9, 20, 手把手教你建筑结构设计
01475473, 7.4, 27, 30部必读的经济学经典
26833374, 5.8, 127, 传播学原来这么有趣
26738977, 7.1, 32, 手冲咖啡
04933018, 6.8, 40, 一生的理财计划
04933146, 6.8, 40, 我心中的少林
10786569, 7.0, 33, 佛学纲目
30172313, 8.8, 12, 刑法学名师讲演录（第二版）
30391631, 6.5, 50, 我的第一本社会学入门
27073551, 6.0, 86, 买基金小红书
01311601, 7.1, 29, 概率统计超入门
34845963, 7.5, 22, 读完本书你可能会变得更加话痨
33463085, 8.2, 15, 未来的坐标
25704390, 8.5, 13, 古笔考
04712098, 7.4, 23, 时装的觉醒
01151107, 8.3, 14, 《诗经》散论
26378143, 7.6, 20, python入门经典
04437919, 7.3, 24, 民法第一课
34908320, 6.8, 34, 语言的诞生
30213347, 6.9, 31, 极简德国史:60分钟读懂德国
03766943, 7.7, 18, 社会学是什么？
26948052, 7.7, 18, 蚂蚁摄影原创大白话教程
30351007, 6.7, 35, 亚马逊跨境电商运营从入门到精通
26801243, 5.5, 138, 你一定爱读的极简金融史
30238519, 7.5, 19, 美国法律体系
01261738, 5.8, 82, 口才训练十五讲
02989580, 7.2, 22, 零起点股票投资
02635429, 8.8, 10, Watercolor Basics
01067296, 6.6, 34, 趣味哲学
01923716, 7.7, 16, Learn to Program
26894153, 8.5, 11, 管理学
27662927, 7.3, 20, Python程序设计（第3版）
04012045, 6.8, 28, CSS Web设计快速上手
26731705, 7.9, 14, Adobe Illustrator CC经典教程
01193312, 7.1, 22, 摄影爱好者手册
30310958, 7.6, 16, 从零开始学Python数据分析
06521372, 7.2, 20, 葡萄酒指南
04917113, 6.3, 40, 从零开始学炒股大全集
26789096, 7.8, 14, 伊斯蘭朝代簡史
06969787, 6.0, 53, 基金投资入门与技巧
05257433, 7.3, 18, Flex 4一学就会
06011142, 7.3, 18, 会计新手成长手记
26704156, 7.3, 18, 围棋阶梯培训教程：入门教程（零起点到8级）
30206042, 7.3, 18, TensorFlow+Keras深度学习人工智能实践应用
01976310, 6.2, 41, 教育学是什么
03170749, 7.4, 16, 族群性与民族主义
34924029, 7.2, 18, 我身体里的恶作剧：肠道无难事
01070251, 7.0, 20, 中国道教基础知识
11232785, 7.6, 14, Java 7入门经典
26284661, 6.6, 26, 古代希腊帝国
01879933, 7.1, 18, 趣味哲学
27623523, 6.1, 39, 非洲简史
34951096, 8.0, 11, Go语言趣学指南
04125996, 7.2, 16, Learn to Earn
20475582, 7.3, 14, 水彩风景漫步写生的10堂课
26581698, 8.0, 10, 中国名画世界名画全鉴
34435473, 6.2, 29, 2小时读懂物联网
27338603, 5.2, 99, 金融学从入门到精通
06021230, 6.1, 31, 一本书读通金融史-极品超值最新版
03669565, 6.3, 25, 药物史话
11506401, 7.6, 11, Collins Get Ready for IELTS Writing
30523381, 6.9, 16, 不可不知的匈牙利史
01620483, 6.5, 21, 美学导论
27081188, 5.7, 42, 架构解密：从分布式到微服务
28533962, 5.8, 36, 清华大学荐读书目
10533209, 7.2, 12, 希利尔讲艺术史
27141121, 7.2, 12, 流程管理
34811483, 7.2, 11, Python金融大数据挖掘与分析全流程详解
24698712, 6.2, 19, 你知道或不知道的法国史
25850294, 6.8, 11, 小明经济学
25837035, 6.8, 10, 不可不知的印度史
26794987, 5.8, 17, 英国简史
05300820, 6.4, 10, 房地产投资原理
30375390, 4.9, 40, 从零开始学项目管理
26415160, 5.7, 13, 学科入门指南：哲学·宗教学
02180873, 0.0, 10, 论语讲座
19978909, 0.0, 10, 行政人事6+6全解析
27031824, 0.0, 10, Unreal Engine 4蓝图完全学习教程
27183704, 0.0, 10, 文化研究指南
34996720, 0.0, 10, 游戏开发：世嘉新人培训教材
27090792, 0.0, 12, 中国哲学简史（插图修订版）
30419686, 0.0, 12, 安德鲁·路米斯的素描课Ⅰ
01533672, 0.0, 14, 新编MCS-51单片机应用设计
30434801, 0.0, 14, Windows黑客编程技术详解
03744895, 0.0, 16, 中国术数概观
25794620, 0.0, 16, Hadoop基础教程
35016428, 0.0, 16, 中国节令
01910925, 0.0, 20, 学说藏语300句
35062142, 0.0, 55, 365天子弹笔记
35091194, 0.0, 64, 我的小阳台四季有花
