2020-07-05 15:59:56

number of books, tag name
406, 兴趣

ID, rating, votes, title
03259440, 9.1, 460306, 白夜行
06082808, 9.2, 294569, 百年孤独
03211779, 8.9, 411936, 嫌疑人X的献身
02567698, 8.8, 375304, 三体
01858513, 9.0, 135106, 月亮和六便士
01041482, 8.9, 143749, 万历十五年
01873231, 8.7, 182706, 明朝那些事儿（壹）
01057244, 8.7, 178949, 边城
03006581, 8.9, 98927, 无人生还
01017143, 8.5, 200885, 不能承受的生命之轻
01449351, 8.9, 90232, 呐喊
02154960, 8.7, 107018, 一个陌生女人的来信
01449352, 8.8, 85157, 朝花夕拾
01336330, 9.3, 32524, 冰与火之歌（卷一）
04011670, 8.3, 189104, 人间失格
01046265, 8.0, 317931, 挪威的森林
30172069, 9.1, 35655, 失踪的孩子
03162991, 9.6, 14971, 艺术的故事
01022060, 8.2, 146118, 狼图腾
01034282, 8.8, 46650, 时间简史
01467022, 9.2, 22489, 上帝掷骰子吗
01016003, 8.1, 153080, 鲁滨逊漂流记
06789605, 9.1, 23064, 树上的男爵
06709783, 9.0, 26434, 浪潮之巅
01012611, 8.2, 98205, 乌合之众
24153048, 8.9, 27067, 东方快车谋杀案
01818347, 8.7, 36082, 尼罗河上的惨案
01915958, 9.4, 11935, 野草
01786387, 8.6, 39605, 影响力
01813841, 8.7, 32089, 枪炮、病菌与钢铁
01483894, 9.4, 10928, 三国演义
01449348, 8.9, 22092, 彷徨
01316648, 8.3, 58851, 查令十字街84号
24859822, 8.6, 34267, 无人生还
01941558, 8.6, 29621, 设计中的设计
01062193, 8.5, 34988, 娱乐至死
01461903, 7.8, 138119, 何以笙箫默
03578470, 9.0, 15418, 德米安
01213546, 8.4, 40967, 变形记
25976544, 9.2, 10325, 故事
02053249, 8.1, 62226, 麦田里的守望者
01007433, 8.2, 47495, 红与黑
02326403, 8.9, 13822, 认识电影
05366248, 8.2, 44292, 你一定爱读的极简欧洲史
01084165, 9.0, 11422, 平凡的世界
02253379, 8.6, 20969, 简爱
03649782, 8.6, 19855, 达·芬奇密码
01422833, 8.7, 16761, 多情剑客无情剑(上、中、下)
05375620, 8.7, 15221, 失控
26340138, 7.6, 120571, 岛上书店
01026035, 9.1, 7781, 你看起来好像很好吃
01050339, 7.7, 77672, 文化苦旅
01144185, 9.1, 6743, 美国宪政历程
01048007, 8.2, 26141, 高效能人士的七个习惯（精华版）
01037602, 8.9, 8574, 别闹了，费曼先生
03719531, 9.3, 4979, 经济学原理
01465324, 7.7, 67778, 洛丽塔
01439216, 8.7, 10732, 伯爵該隱 ~ 诅咒之子
03316422, 8.9, 7652, 猫国物语
03323633, 8.6, 11675, 写给大家看的设计书（第3版）
24715686, 8.8, 8583, 仿生人会梦见电子羊吗？
03511129, 9.4, 3794, 我的团长我的团（下部）
11445548, 8.5, 12512, 自私的基因
10759466, 9.2, 4642, 地下室手记
02359003, 8.2, 18865, 沉思录
06811366, 8.3, 14266, 禅与摩托车维修艺术
01056868, 8.5, 9930, 河童旅行素描本
01212488, 8.3, 13283, 罗密欧与朱丽叶（名著名译插图本）
01441853, 8.9, 5397, 伯里曼人体结构绘画教学
01400059, 8.6, 8213, 心
04953695, 7.8, 31692, 拆掉思维里的墙
01005576, 8.9, 5249, 影响力
04282084, 8.8, 5567, 论摄影
06425061, 8.5, 8444, 哲学家们都干了些什么？
01320282, 9.1, 3650, 什么是数学
01057444, 8.6, 6947, 大唐双龙传
01049522, 8.8, 5138, 西西弗的神话
02363651, 8.1, 14544, 十四堂人生创意课
01024217, 7.4, 55654, 第一次的亲密接触
01025643, 8.8, 4788, 全球通史
25982198, 9.4, 2286, 社会心理学
01075538, 8.2, 11561, 普罗旺斯的一年
20473505, 8.7, 5288, 山月记
01417385, 9.0, 3544, 博尔赫斯诗选
10439064, 8.9, 4011, 发现之旅
20443559, 7.7, 25863, 小王子
01275907, 8.3, 8888, 八十天环游地球
03888123, 8.6, 5574, 写作这回事
01397331, 8.9, 3245, 爷爷一定有办法
01050743, 8.7, 4194, 西藏生死之书
02996596, 8.4, 6128, 特别的猫
04202422, 8.3, 7058, 云图
01292412, 9.1, 2281, 叔本华思想随笔
26983338, 8.8, 3296, 老人与海
01437973, 8.7, 3733, 亲密关系
26929955, 7.8, 14297, 腾讯传
04246979, 8.1, 8108, 窄门
01317485, 8.7, 3271, 生命是什么
01045119, 8.9, 2530, 宇宙的琴弦
24107596, 8.1, 6506, 神经漫游者
05378434, 8.9, 2127, 罗生门
01463256, 8.3, 4673, 大明王朝的七张面孔
01436348, 7.7, 12147, 八月未央（修订版）
01288939, 8.7, 2650, 阴阳师·龙笛卷
28171580, 7.7, 12013, 人间便利店
26265303, 8.0, 6690, 小顾聊绘画·贰
01140726, 8.3, 4228, 计算中的上帝
03688489, 7.7, 10997, 异类
01420740, 8.6, 2752, 阴阳师·生成姬
03204645, 9.6, 868, 明式家具研究
03463292, 9.2, 1290, 叔本华美学随笔
01779243, 8.9, 1724, 摄影构图学
33408247, 8.2, 4304, 病毒星球
06028977, 8.5, 2730, 零ZEЯRO
01370944, 9.4, 943, 席勒（中文版- BASIC )
01397467, 7.9, 6305, 理智与情感
03908032, 7.3, 18031, 怪诞心理学
01056867, 9.1, 1235, 政治学
01473250, 7.6, 9980, 魔鬼经济学
03286829, 7.9, 5888, 脑髓地狱
01321544, 9.3, 903, 西游记
01044203, 8.1, 3761, 伤花怒放
01027030, 8.5, 2158, 常识
01047957, 9.3, 858, 比亚兹莱大师图典
01285504, 8.1, 3612, 狼牙
01053249, 8.7, 1607, 一点巴黎
25942507, 7.5, 9419, 参与感
34922269, 9.6, 607, Mondo电影海报艺术典藏
01042150, 9.3, 803, 艺术发展史
01050640, 8.2, 2850, 云海玉弓缘（上下）
01433700, 7.4, 10072, 孔雀森林
01139873, 8.8, 1281, 陆小凤传奇系列（上中下）
01014493, 8.1, 3083, 萍踪侠影录
01488876, 9.1, 876, 深入浅出设计模式（影印版）
01485625, 9.0, 940, 瑜伽之光
01427023, 9.0, 914, 希罗多德历史（上下）
25808977, 8.5, 1612, 全息玫瑰碎片
03035593, 8.2, 2312, 崩溃
01159949, 7.8, 3993, 杰克·韦尔奇自传
03544984, 8.8, 1069, 瞬间的背后
01055088, 8.3, 1923, 像艺术家一样思考
02042631, 7.9, 3365, 弗兰肯斯坦
01072363, 8.8, 1053, 人类群星闪耀时
34925415, 9.5, 514, 当权的第三帝国
01128401, 8.9, 917, 两个人的回忆
02382433, 8.7, 1070, 罗伯特议事规则
01422017, 8.9, 854, O先生
01449451, 8.4, 1511, 为了告别的聚会
34948951, 7.9, 2924, 大话西方艺术史
01450035, 9.4, 504, 比亚兹莱插画集
01321790, 8.1, 2049, 华氏451
01965977, 7.4, 6046, 我的抑郁症
01097564, 7.8, 3101, 24重人格
01145428, 8.7, 893, 我喜欢你
03410812, 7.4, 5185, 死在这里也不错
01436584, 8.5, 1044, 彩虹色的花
01027602, 8.7, 819, 奢侈、宁静和享乐
01043201, 6.8, 15347, 毕业那天我们一起失恋
01483573, 8.8, 698, 其實你已經很塔羅了
01049016, 8.7, 749, 戴眼镜的女孩
01441919, 9.3, 412, 物理世界奇遇记
01100470, 7.5, 3591, 现在，发现你的优势
01823298, 8.9, 599, If you don&#39;t want to be perfect
01084020, 8.6, 820, 宝石
01251842, 9.4, 375, 巴曼尼得斯篇
01395495, 8.9, 588, Hackers and Painters
01257342, 8.2, 1258, 爱丽丝梦游仙境
01446959, 8.8, 632, 唐代的外来文明
10430397, 8.8, 632, 艺术通史
26689045, 9.0, 511, 了不起的盖茨比
01048672, 8.0, 1578, 尼采生存哲学
01271862, 9.1, 453, 偶然、反讽与团结
03555465, 8.5, 832, 马未都说收藏·杂项篇
01205419, 8.3, 1011, 初恋
01279659, 8.3, 1008, 组织行为学
33476150, 9.3, 363, 建筑的故事
01457211, 7.8, 1897, 吃主儿
01958312, 7.5, 2925, 关于方文山的素颜韵脚诗
03845101, 7.8, 1796, 24堂财富课
01493134, 8.6, 660, 文化人类学
02094609, 7.9, 1499, 弹痕
24884999, 9.0, 411, 食物与厨艺
01023357, 7.6, 2098, 行走中的玫瑰
01435793, 9.2, 334, 世界园林植物与花卉百科全书
01130002, 8.5, 652, 好好照顾我的花
01319751, 8.5, 618, C++Primer Plus
01483285, 7.5, 2223, 有关品位
01025623, 8.5, 615, 航空信
01130069, 8.1, 972, 巨人传
26235467, 7.4, 2453, 你不懂咖啡
01391745, 8.9, 393, 新量子世界
01084010, 8.7, 465, 岩石与矿物
01439253, 9.0, 348, 国家精英
25930025, 8.2, 790, 只是为了好玩
26975767, 8.8, 418, 画家之眼
01339950, 9.4, 243, 風與樹之歌
01450606, 8.2, 752, 爱的序位
02149669, 7.4, 2139, 设计东京
01479129, 8.2, 690, 兵王
01449802, 9.2, 250, 爺爺有沒有穿西裝
01095832, 8.0, 828, 音乐理论基础
03224599, 8.8, 350, 艾玛画画
01084009, 8.4, 508, 树
01446407, 8.7, 369, 发现的乐趣
01400674, 8.6, 400, 常见野花
01277376, 8.9, 291, 埃涅阿斯纪
01283295, 8.2, 581, 平衡的智慧
06522008, 8.7, 333, 与艺术相伴
26968788, 8.1, 602, 自卑与超越
01046774, 8.3, 481, 爱是从喜欢开始的
01470118, 9.0, 245, 大众行为与公园设计
26262036, 8.4, 417, 朗读手册
01441852, 8.3, 454, 平面设计原理
02295954, 7.7, 895, 挑食的设计
01027074, 8.7, 293, 经典常谈
03410830, 7.8, 753, 北京跑酷
22506376, 7.8, 742, 看不见的剪辑
01055522, 7.2, 1670, 亲历历史
01014456, 7.1, 1960, 天秤座事故
01053463, 8.5, 334, 英诗的境界
24885010, 8.7, 276, 食物与厨艺
01051010, 7.2, 1594, 斑马森林
01316642, 9.1, 190, The Visual Display of Quantitative Information
01460966, 7.3, 1335, 凭海临风
01156866, 7.9, 589, 系统思考
02995283, 7.3, 1278, 脏话文化史
01054967, 8.6, 267, 剑桥艺术史(一)
04884848, 8.0, 480, 发现教堂的艺术
01115916, 9.3, 141, 灵飞经小楷墨迹
01138908, 8.6, 240, 我是谁?我的爱... ...
01048114, 8.9, 184, 你是不会说话的人――一个猫家族的故事
01453922, 8.1, 383, 人力资源管理
01046665, 7.4, 889, 海蒂性学报告：情爱篇
01084023, 8.7, 214, 蝴蝶与蛾
01084024, 9.0, 164, 化石
34982925, 8.2, 335, 五万年中国简史（上）
26696383, 9.3, 129, 古代人的自由与现代人的自由
03432870, 7.5, 741, 日下书
01025820, 7.3, 962, 口号万岁
24885007, 8.5, 238, 食物与厨艺
03424068, 7.7, 530, 生命的心流
01362624, 7.5, 648, 碧血劍（全二冊）
01394161, 8.6, 193, 哀歌
01341757, 9.5, 96, 安徒生童话.绘本原画展
03528067, 8.5, 203, 圣杯与剑
01148778, 8.1, 289, 心印
26126225, 7.4, 636, 你的降落伞是什么颜色
01397579, 7.5, 558, 我不在家，就在去博物馆的路上
01484312, 6.8, 1533, 曼陀罗
04077883, 8.2, 253, 纹章插图百科
01446301, 8.1, 276, 丰子恺谈音乐
34937365, 7.9, 311, 日本的世界观
35060315, 7.4, 541, 向上生长
34908379, 8.1, 241, 廷巴克图
01309272, 7.3, 581, 心理黑洞
01434521, 7.6, 392, 知识分子都到哪里去了
01105616, 8.3, 186, 跟亚当斯学摄影
01336275, 9.2, 92, 芳香療法配方寶典
01438447, 8.5, 154, 物理天文学前沿
30192257, 7.3, 528, 兴趣变现
01332029, 8.0, 237, 細胞記憶
01451395, 9.0, 100, A Light in the Attic
01428101, 7.5, 396, 智高无上
01417123, 7.4, 439, 纹章学
01024526, 8.2, 170, 著名画家、雕塑家、建筑家传
34908363, 8.6, 121, 奥斯维辛的文身师
01043571, 8.0, 204, 杜子华英语成功学
01118984, 7.2, 496, 给讨厌数学的人
02127454, 8.3, 152, 山头火俳句集
01057794, 8.3, 150, 东洋冥想的心理学
05920831, 7.6, 294, 圣经故事
03929465, 8.6, 113, 縫熊志
35016930, 8.7, 100, 男性的衰落
01084022, 8.4, 126, 观赏鱼
03550280, 7.9, 177, 葡萄酒品鉴大全
01358402, 7.9, 173, 互吹不如單打
01342694, 8.3, 117, 工作大不同
01283625, 7.6, 222, 植物猎人
03553339, 6.6, 814, 高迪密码
01056293, 6.8, 576, 你如此需要安慰
01453557, 6.7, 662, 常常旅行
04782934, 7.5, 233, 诡刺
03425531, 8.6, 84, 书法
02299690, 7.1, 338, 小T大做
01753047, 6.8, 500, 时尚：幕后的策动
01048628, 7.8, 151, 女性权力的崛起
27622525, 8.2, 106, 咖啡迷的风格器物学
02158991, 9.2, 50, More Than Human
25725384, 8.7, 68, 爱伦·坡诗集
01340143, 8.2, 98, 色鉛筆的散步隨筆
01429927, 7.6, 166, 寓言的密码
01105385, 7.9, 117, 喜欢 一个人
01349847, 7.0, 292, 恋物百科全书
03194298, 9.2, 45, 象征的图像
01129562, 8.6, 65, 世界史上的科学技术
01425834, 8.2, 86, 世界没有角落
02061854, 7.2, 220, 数学乐旅
26760198, 8.2, 85, 幸存者回忆录
01117091, 7.0, 263, 乱步侦探作品集.11
01332380, 9.0, 47, 植物的秘密生命
01881116, 7.9, 101, 精油图鉴
01383323, 8.4, 66, JONATHAN LIVINGSTON SEAGULL
01034032, 8.6, 57, 认识与兴趣
03576630, 8.1, 81, 香学会典
01478249, 9.5, 33, An Introduction to Probability Theory and Its Application
01027068, 8.2, 73, 塔木德
01463251, 8.4, 62, 玉米人
26667019, 8.3, 66, 李小龙基本中国拳法
04077881, 7.6, 116, 象征符号插图百科
01439791, 7.0, 213, 正是高三时
01476791, 7.0, 198, 社交舞
30349084, 8.3, 60, 捕梦艺术
02120269, 7.2, 154, 时尚插画 fashion illstration（欧洲设计现在时)
01400420, 8.0, 74, 经典密码学与现代密码学
26798352, 7.4, 123, 蒸汽朋克艺术
01321896, 7.2, 149, 魔鬼的历史
01399954, 8.7, 44, 象徵世界的語言
30306880, 8.6, 45, 艺术密语书系：教堂建筑的秘密语言
01452451, 8.3, 54, 绘画色彩基础教程
01027324, 7.8, 78, 论历史
27593492, 6.8, 213, 大话方言
26706089, 8.1, 61, 对“什么是启蒙”的回答
04932843, 7.1, 143, 摄影构图圣经
03664204, 6.7, 226, 人像写真摄影圣经
01126596, 7.5, 93, 香料鉴赏手册
01440932, 6.6, 242, 一天·诗人·天空
01325972, 7.9, 62, 永远的小王子
01121624, 7.8, 67, 希腊建筑
01357600, 9.5, 24, Seventy-Eight Degrees of Wisdom
01430472, 7.4, 89, 基础家居布置
01041714, 7.5, 79, 女子巷弄.2号
01104524, 7.9, 57, 无聊与兴趣
27063498, 8.5, 37, 古往今来的秘密第一辑：失落的密码
01141956, 8.1, 47, 论基督君主的教育
03099668, 8.3, 38, 星球大战
02120798, 7.6, 62, 夜间思维
30341191, 7.8, 53, 老師才沒教你那種事!
01401309, 7.3, 80, 大教堂的风采
01430473, 7.3, 78, 基础家居装饰
01430474, 7.2, 83, 基础家居配色
01665950, 7.2, 81, 红墙大事（上下）
30300859, 7.3, 72, 手机摄影必修课
01275104, 7.6, 54, 历史上的星占学
01489033, 7.2, 72, 身体政治
01422321, 7.3, 65, 文化的迷宫
26842467, 7.7, 46, 专精力
03783784, 9.0, 21, 令你苦思冥想的数学趣题
30306886, 8.6, 23, 艺术密语书系：文艺复兴的秘密语言
01396755, 7.2, 56, 一个成本杀手的管理自白
25819388, 8.2, 27, 我的第一本歌剧书
20452428, 9.0, 16, 塔罗逆位牌
01432493, 6.8, 66, 书店风格
01146202, 7.4, 39, 一生要读知的100处世界著名建筑
01142627, 8.3, 22, 花卉绘画百科
01027572, 7.5, 36, 人类征服的故事
20513346, 7.9, 27, 万物皆数
02351443, 8.0, 25, 人猿泰山
01366169, 7.4, 36, 太多男人太少時間
01054119, 7.1, 43, 永远的风花雪月 永远的附庸风雅
03522827, 6.6, 63, 数码摄影必读
01276159, 7.1, 40, 地图的由来
01103317, 7.4, 31, 你是坏蛋
01135583, 7.3, 33, 山海经
30306889, 7.7, 25, 艺术密语书系：油画艺术的秘密语言
10519582, 8.4, 17, 肖像摄影实用教程
19949021, 7.5, 28, 60秒学物理学常识
04770481, 7.2, 31, 微距摄影艺术
01119602, 7.5, 25, 塔杜施先生
03050633, 8.2, 15, 香气与心灵
25811493, 7.4, 23, 乐高创意手册
01146203, 7.8, 18, 一生要读知的100处世界名址
01150413, 7.4, 21, 一生要读知的100件世界大事&lt;上下&gt;图文本(附光盘)
25879629, 6.3, 50, 如何移动富士山
01288911, 7.8, 16, 中国地书
06551839, 5.6, 112, 霍金究竟知道什么？
01150244, 7.9, 15, 宝石学与宝石鉴定
01145995, 6.4, 39, 广告学教程
03478145, 6.6, 30, 双零年代
01409873, 7.9, 13, 塔利班政权的兴亡及其对世界的影响
35071198, 7.7, 14, 聪明人的才华战略
01954716, 7.4, 16, 中国腹地行
03344162, 7.1, 19, 厨师培训教材
01540066, 7.5, 15, 20世纪家具
01157795, 6.4, 30, 一生要读知的100本世界名书
04825901, 7.5, 14, 1200种花卉品鉴金典
04909740, 7.3, 15, 玩铝线做杂货
04241115, 7.5, 13, 别怀疑！我就是一番50音
01042367, 7.6, 12, 动物世界百科全书（上中下）
04912761, 7.0, 15, 如何罚点球
04001603, 5.9, 36, 网易掌门人丁磊
06535453, 6.3, 22, 爱旅行 爱摄影
03448623, 7.2, 12, 女像摄影进阶
03427822, 6.6, 17, 中国人最爱喝的100种茶
10454016, 6.3, 20, 不该存在的现象
01539285, 7.2, 11, 中国企业批判
01486744, 7.3, 10, 大思维
01150347, 6.8, 13, 一生要读知的100件中国大事
05432444, 6.2, 13, 7小时精通数码单反人像摄影
05347485, 6.0, 15, 我最想要的人像摆姿书
01053560, 0.0, 10, 岩石学
03676018, 0.0, 10, 本草纲目图鉴
01148080, 0.0, 11, 一生要读知的100位世界名人
02210358, 0.0, 11, 各国语言手册
01157923, 0.0, 12, 钢笔淡彩画
03007227, 0.0, 12, 外国儿童文学发展史
35088492, 0.0, 76, 生活蒙太奇
