2020-07-05 15:59:56

number of books, tag name
586, 养生

ID, rating, votes, title
26706730, 9.0, 6605, 肠子的小心思
20431965, 8.5, 12989, 只有医生知道!
26304954, 9.6, 1760, 存在主义心理治疗
25747217, 8.5, 4917, 只有医生知道！2
01254942, 9.2, 1732, 黄帝内经
02000641, 8.2, 4552, 求医不如求己
01060298, 8.6, 2559, 思考中医
03181927, 7.6, 11037, 大便书
27590675, 9.0, 1479, 你是你吃出来的
03318174, 8.1, 4435, 这书能让你戒烟
01440885, 7.9, 5370, 人体使用手册
01105890, 8.1, 3711, 生命的重建
26359758, 7.8, 4991, 硬派健身
26671406, 9.3, 698, 儿童健康讲记
01485625, 9.0, 940, 瑜伽之光
25768216, 8.8, 1081, 冀连梅谈：中国人应该这样用药
01447232, 9.5, 509, 伤寒论
10678825, 8.4, 1321, 小白素食记录
27023900, 7.4, 5640, 睡眠革命
02271572, 8.2, 1626, 求医不如求己2
02355018, 8.4, 1150, 字里藏医
30437166, 8.3, 1226, 饮食的迷思
02195980, 8.9, 619, 圆运动的古中医学
01984347, 8.2, 1281, Power Sleep
01900356, 8.5, 881, 中国健康调查报告
30230380, 9.3, 387, 经典中医启蒙
21330892, 8.8, 594, 黄帝内经·四气调神
03263008, 8.4, 910, 求医不如求己3
01058276, 8.5, 789, 走近中医
01160733, 8.4, 858, 静坐修道与长生不老
03276880, 9.2, 379, 光耀生命
03843957, 9.0, 448, 黄帝内经
24879935, 8.7, 596, 黄帝内经 上古天真
04106854, 9.3, 318, 四圣心源
01862145, 7.9, 1308, YOU：身体使用手册
03159897, 8.0, 1006, 小言黄帝内经与生命科学
05068077, 8.2, 787, 拉伸
01447162, 9.3, 260, 黄帝内经素问
01418484, 9.0, 336, 开启中医之门
24696686, 8.2, 750, 范志红
04077879, 8.4, 575, 零起点学中医
03924442, 8.4, 573, 黄帝内经家用说明书(上古天真论)/国医健康绝学系列
25917319, 8.7, 413, 徐文兵、梁冬对话·黄帝内经·金匮真言
02310529, 8.9, 335, 遵生八笺
05411583, 8.5, 482, 中国居民膳食指南
01691802, 8.7, 394, 中医入门
02041978, 8.7, 389, 本草纲目
01916819, 8.1, 724, 美丽圣经
03374562, 8.3, 575, 营养圣经
02339948, 7.9, 899, 黄帝内经·养生智慧
01678412, 9.0, 273, 名老中医之路
25882638, 6.8, 4724, 轻断食
06729589, 8.1, 650, 救命饮食
04881692, 9.0, 264, 了凡四训讲记
25843816, 8.5, 417, 徐文兵、梁冬对话：《黄帝内经·天年》
03619883, 8.7, 337, 神医这样看病
01447164, 9.2, 216, 金匮要略
26292422, 7.5, 1306, 顾中一说：我们到底应该怎么吃？
03271484, 9.5, 167, 全注全译黄帝内经(上下)
03353023, 8.6, 350, 求医不如求己（全三册）
22993407, 7.7, 961, 跑步，该怎么跑？
02240612, 7.1, 2286, 不生病的智慧
01875737, 8.8, 272, 本草纲目
26377453, 7.1, 2114, 谷物大脑
03083546, 8.5, 346, 田中宥久子的塑颜按摩法
04912738, 9.1, 201, 黄帝内经
04056324, 8.4, 374, 因是子静坐养生法
03140556, 7.7, 807, 内因决定外貌
02136633, 7.3, 1406, 31岁小美女的养颜经
26435681, 8.7, 272, 图解舌诊
02362918, 9.7, 124, 药师经
03572716, 9.1, 190, 瑜伽之光
03662079, 8.4, 348, 呼吸之间
25869853, 8.5, 315, 徐文兵、梁冬对话:黄帝内经•异法方宜
03148591, 7.6, 850, 从头到脚说健康
03567734, 7.6, 834, 黄帝内经使用手册
03115895, 7.9, 548, 两个素食者的创意厨房
05067922, 8.2, 392, 回家吃饭的智慧
04910392, 8.3, 352, 一个传统中医的成长历程
04178539, 9.5, 114, 四圣心源
03419515, 8.0, 414, 青花鱼教练让男人拥有“王”字腹肌
01925936, 9.1, 150, 默克家庭诊疗手册
10738864, 9.1, 143, 中医人生
25662148, 8.6, 213, 南师所讲呼吸法门精要
05921328, 8.4, 254, 麦肯基疗法
06742678, 10.0, 77, 伤寒杂病论
27043292, 7.9, 410, 我的最后一本减肥书
30399656, 9.1, 136, 崔玉涛育儿百科
25698974, 8.1, 326, 吃对你的家常菜
03070273, 7.8, 451, 人体复原工程
06389915, 7.5, 611, 脸要穷养，身要娇养（全新图文修订版）
01087375, 9.3, 110, 孙禄堂武学录
30141131, 7.8, 405, 饮食滋味（《黄帝内经》饮食版）
01057546, 9.8, 77, 濒湖脉学
01499901, 9.0, 129, 脾胃论
30309385, 7.7, 432, 为什么精英这样用脑不会累
02992165, 8.7, 162, 郝万山伤寒论讲稿
27146756, 9.0, 125, 心转病移
23860392, 8.1, 269, 人体使用手册
01798844, 7.1, 895, 水是最好的药
26815038, 7.1, 857, 说医不二
03042606, 7.3, 627, 温度决定生老病死
05977133, 7.4, 530, 营销革命3.0
24294495, 7.5, 462, 脾虚的女人老得快
06011081, 7.0, 908, 冥想5分钟，等于熟睡一小时
01907518, 8.2, 216, 气的乐章
06828163, 6.4, 2564, 4点起床
27090957, 8.0, 261, 让家人吃出健康（全新修订版）
25916656, 8.6, 149, 伤精与养精康复之道
06799531, 7.6, 397, 人体地图
26683589, 9.8, 65, 寿康宝鉴（白话）
27667267, 7.3, 570, 明年更年轻
03924465, 7.9, 280, 手到病自除
05044283, 8.7, 135, 食物营养与配餐
02052636, 7.7, 345, YOU身体使用手册2-腰部管理
26844579, 9.0, 107, 顶天立地的功夫
25770208, 9.3, 87, 八部金刚功
24531830, 8.8, 124, 道家真气
03815817, 9.1, 98, 圆运动的古中医学续集
04827425, 8.2, 202, 阴阳一调百病消
03793789, 8.0, 242, 不生病的纪律
25863453, 8.2, 198, 专属你的解决方案:完美皮肤保养指南
03758306, 8.3, 179, 女人的身体 女人的智慧
04209949, 7.8, 281, 胖补气 瘦补血
34464343, 7.8, 280, 学会呼吸
02111837, 9.2, 85, 瑜伽气功与冥想
06879179, 9.0, 94, 字裡藏醫
30311827, 8.3, 158, 知己
27074110, 7.7, 282, 30歲起這樣吃，代謝好就不難瘦
20474818, 8.9, 97, 呼吸之间
01926393, 9.2, 79, 傅青主女科
01156370, 8.8, 104, 黄帝内经素问白话解
01261928, 9.8, 55, 跟我吃——不会便秘
03065729, 7.9, 225, 素女经
06510145, 8.7, 110, 新世纪饮食
26984978, 7.0, 642, 医本正经
02969712, 8.0, 196, 中国居民膳食指南
03903009, 7.2, 475, 不上火的生活
26698334, 7.9, 210, 胃靠养，肠靠清
03245223, 9.8, 52, 黄帝内经素问
01393189, 9.2, 73, 养小录
05308694, 8.4, 128, 黄帝内经四季养生法
04841681, 8.3, 135, 黄帝内经·胎育智慧
30176310, 7.7, 237, 医学就会
03681643, 7.6, 262, 世上是不是有神仙
03885660, 8.1, 159, 生命不仅仅如此
30351542, 6.5, 1182, 斯坦福高效睡眠法
06810826, 8.5, 110, 回家吃饭的智慧 2
02007012, 8.4, 119, 特异功能三百例
05260214, 8.5, 109, 真气运行法
03056109, 8.2, 139, 哈他瑜伽关键肌肉全解
04855867, 7.9, 181, 两个素食者的创意厨房2
01883933, 9.1, 70, 医学衷中参西录（上册）
25905338, 7.7, 219, 太极跑
27198443, 8.3, 125, 极简健康蔬果汁
10454414, 8.6, 98, 真原醫
24858364, 6.5, 1085, 神奇的肌肤能量书
06990085, 8.3, 120, 这样选购食品最安全
34436485, 9.1, 67, 优雅老去
03527661, 7.4, 288, 医行天下
01288733, 8.8, 79, 嗓音的科学训练与保健
26720006, 8.6, 91, 人本食气
26808894, 9.6, 48, 回家吃饭的智慧（全新修订典藏版 上、中、下三册）
01540270, 9.2, 60, 太极拳全书
05339799, 9.4, 53, 黄帝内经素问校注语译
02161392, 8.0, 144, 百岁医生教我的生机健康法
26417745, 8.5, 95, 寿康宝鉴
04229369, 8.1, 131, 24节气养生法
26806685, 7.1, 375, 范志红写给女人的美丽健康书
06114170, 9.3, 55, 血管决定生老病死
10519504, 7.6, 205, 生命沉思录
01959947, 8.6, 83, 火柴棒医生手记
04833459, 8.0, 134, 选择中医
01254205, 8.3, 98, 营养学
30187990, 7.7, 164, 营养圣经
03607427, 7.6, 181, 中医体质养生
25980172, 8.2, 104, 脾虚的孩子不长个、胃口差、爱感冒
01706224, 9.3, 49, 随息居饮食谱
26615680, 7.6, 178, 暖暖的女人不生病
04139324, 6.5, 733, 把吃出来的病吃回去
01522021, 8.4, 87, 素食者膳食指南
04774243, 7.1, 307, 瘦子房间的秘密
02247567, 8.9, 60, 医学源流论
10593883, 9.6, 40, 捏捏小手百病消
27601524, 7.5, 188, 与身体对话
26168860, 9.4, 44, 养性延命录校注
25761492, 8.2, 97, 真原医
26639257, 7.7, 150, 女人暖养更年轻
34872298, 9.3, 45, 女人艾灸：驱寒养颜补气血
01289226, 7.8, 129, 纯粹瑜伽
27075998, 6.7, 457, 轻断食：戒糖篇
10441545, 8.4, 78, 茶包小偏方喝出大健康
05936417, 8.2, 89, 不可替代的牙齿
03711542, 8.8, 58, 养生书
06851609, 6.7, 441, 养瘦
04821930, 8.1, 96, 德国足球队队医的完全健康手册
01263565, 8.0, 104, 健康生活新开始
30408725, 7.2, 229, 不吃糖的理由：上瘾、疾病与糖的故事
05096984, 10.0, 30, 101种降低高血脂的特效法
01035697, 8.3, 81, 疾病的希望
26856750, 9.0, 50, 保健按摩（修订版）
02340007, 8.2, 86, 不生病凭什么
24535401, 7.5, 159, 慢食之后
05096982, 9.4, 39, 101种降低高血压的特效法
30434592, 8.0, 99, 女性养生三步走
04931705, 7.5, 155, 空腹力革命
10528384, 8.1, 89, 阴阳一调百病消
10729466, 7.3, 188, 于康 吃好每天3顿饭
30166870, 7.5, 152, 吃土
01425247, 9.3, 40, 遵生八笺
26287084, 8.6, 61, 吃法决定活法：四季养命食方
07564216, 9.1, 44, 禅定入门
01071651, 8.5, 64, 黄帝内经
01000795, 8.8, 52, 千金方
20278065, 9.6, 33, 要瘦就瘦，要健康就健康
02175084, 9.1, 43, 象形拳法真诠
03027426, 7.1, 209, 不生病的智慧2
33379178, 8.3, 69, 医目了然：家庭常见病中成药使用指南（当当专享签名本）
20270775, 8.8, 49, 肠道黄金书
04090362, 8.3, 67, 漫画健康养生手册
01213862, 7.6, 118, 精油全书
02309625, 7.8, 97, 步入中医之门
03135250, 8.7, 49, 陈撄宁仙学精要（上下）
27044106, 7.5, 124, 阿育吠陀疗法
06990157, 7.5, 122, 很老很老的老偏方， 女人烦恼一扫光
03105216, 7.2, 164, 不生病的智慧3
03731307, 8.1, 72, 图解经络穴位按摩速查手册
30189908, 8.3, 62, 桥本甲状腺炎 90天治疗方案
01953079, 8.6, 50, 灸绳
06714220, 7.5, 116, 子宫好 女人才好
26939337, 9.1, 36, 求医不如求己（典藏版）
26266097, 8.7, 45, 不生气就不生病
34859188, 8.8, 42, 血糖控制一本就够
05272429, 8.1, 67, 喝茶的智慧
26631574, 9.3, 31, 大成传习录
01041166, 8.3, 56, 心理的力量
02241285, 7.5, 106, 特效穴位使用手册
20428695, 8.1, 63, 郝万山说健康
24878554, 8.3, 54, 主食变变变
01839241, 8.6, 44, 医学心悟
01572598, 8.4, 50, 人体药库学
01883934, 9.1, 33, 医学衷中参西录（下册）
06059005, 9.1, 33, 保健按摩
01282131, 8.2, 57, 脑内革命 第一卷:重新认识、开发、利用你的大脑
03522012, 7.6, 89, 别让不懂营养学的医生害了你
01035302, 8.4, 48, 黄庭经注译・太乙金华宗旨注译
02075096, 8.5, 45, 无痛一身轻
04258869, 8.1, 59, 生命可以如此（下）
26841235, 7.6, 87, 我要内脏变年轻
27593004, 7.5, 95, 达脸
26302002, 7.5, 93, 健康快到碗里来
02308673, 8.4, 46, 图解中医
25770195, 9.2, 29, 米晶子济世良方
03119802, 7.4, 99, 千古中医故事
03238388, 7.4, 99, 不一样的自然养生法
35064536, 9.4, 26, 清血管降三高
01431224, 8.0, 59, 食物是最好的医药2
04846242, 8.8, 35, 茶经·续茶经
04172457, 8.9, 33, 黄帝内经素问译释
26361664, 7.0, 143, 女人面色润、妇科好、精神足， 养好内分泌是关键
06616158, 7.5, 87, 養瘦
26036233, 8.7, 36, 马氏温灸法
03923590, 7.4, 93, 颈椎腰椎康复书
26412020, 8.8, 33, 精微體
33428410, 7.3, 97, 四季养生全书
10736522, 9.5, 23, 通则不痛痛则不通
01032585, 7.4, 87, 素食主义
01261665, 8.7, 34, 中医望诊相法
10539102, 9.2, 26, 郝万山话中医
04853567, 8.2, 46, 黄帝内经·生命智慧
04854513, 8.0, 52, 黄帝内经·养生智慧
03238219, 7.3, 91, 牛奶  谎言与内幕
25851706, 7.9, 55, 牙齿有毛病，身体一定出问题
01369326, 8.4, 39, 思考中医
01046672, 6.6, 192, 无毒一身轻21天改造体质（随光盘）
02970322, 6.9, 134, 中国香文化
25728350, 6.9, 134, 美容教母90天肌肤大改造
02046384, 7.8, 58, 不生病的活法
30242517, 7.5, 74, 抗衰老饮食
25852573, 6.2, 335, 神奇的肌肤能量书Ⅱ
34865717, 8.5, 36, 精油大全
26940380, 7.5, 73, 女人会养不会老
04198061, 7.9, 53, 我的单一饮食之路
26866081, 8.2, 43, 无病到天年2：大病预防先除湿
25918071, 7.3, 86, 女人体虚先变丑
01083499, 7.7, 61, 新饮食习惯
03370177, 9.3, 23, 新编张三丰先生丹道全书
26384318, 8.2, 42, 张宝旬妙招，按压手穴祛百病
01811040, 8.4, 37, 运动解剖学图谱
02374744, 7.2, 92, 水是最好的药Ⅲ
10448612, 8.5, 34, 范志红餐桌上的营养智慧
34880704, 7.3, 82, 久坐不伤身
20385436, 7.2, 90, 全食物调养秘笈-每天清除癌细胞
01156371, 8.4, 36, 黄帝内经灵枢白话解
05390794, 8.6, 32, 山野式头部SPA
24841280, 8.9, 27, 袁了凡静坐要诀
01035196, 8.4, 35, 吃的营养科学观
30418003, 6.6, 166, 非药而愈
02161162, 8.1, 42, 图解艾灸疗法
19955761, 8.2, 39, 营养圣经实用指南
20442487, 6.2, 281, 瘦孕
05291096, 7.3, 77, 柔美人，“强”秀发
06512048, 7.7, 55, 发现粗食好味道
03090796, 8.0, 44, 饮膳正要
04897136, 7.2, 83, 和眼镜说再见 改善视力的贝茨博士护眼法
02024658, 9.2, 22, 中药大辞典（全2册）
06729798, 9.1, 23, 一本书说透中医养生
26691114, 8.0, 43, 我是大医生：医生不说你不懂
03365079, 7.8, 49, 黄帝内经十二时辰养生法
06985999, 8.9, 25, 修龄要指
06440188, 8.1, 39, 你吃对营养了吗？
02078052, 7.7, 51, 抗衰老计划
04201847, 8.9, 24, 中里巴人健康私房话
34458726, 7.8, 46, 健康日历2020
06946868, 8.8, 25, 8步治背痛
03671526, 7.6, 53, 点食成金
02215106, 8.1, 37, 中国龙文化养生之道
02239609, 8.1, 36, 吃错了
02275168, 8.8, 24, 爱德加·凯西自然疗法健康手册
02249323, 7.6, 50, 全食物密码
04203633, 7.6, 49, 从头到脚说健康2
04853960, 6.8, 100, 瑜伽天后LULU瘦身美学
02271100, 8.0, 36, 细说黄帝内经
26780208, 7.0, 78, 《为我的身体养阳气》
26378010, 7.9, 37, 不衰老不疲劳的生活
25848442, 7.1, 69, 肌肤改变命运
05399455, 7.9, 36, 大成拳站桩与道德经
01320382, 8.3, 28, 神奇的少食健康法
26287136, 7.7, 41, 养胃百日去病根
02115140, 6.8, 89, 病由心生
04007343, 8.1, 31, 黄帝内经十二时辰养生法Ⅱ
01393341, 8.5, 24, 老老恒言
04265125, 8.5, 24, 唤醒身体自愈的潜能
02122107, 8.0, 32, 中国古代房室养生集要
03186240, 8.0, 32, 塑造平衡美人
26107378, 8.0, 32, 吃的百科
04226933, 7.0, 69, 向肉食说NO
04743187, 7.9, 34, 根除烦恼的秘诀
03802056, 6.5, 113, 内脏减脂书
06426232, 8.3, 26, 本草纲目
03293144, 8.7, 21, 地球上最健康的150种食材
01026815, 8.5, 23, 第一营养
25770202, 8.5, 23, 万病之源
04267217, 6.6, 98, 不老书
10763498, 8.2, 27, 颈椎病康复指南
05920907, 9.6, 14, 外经微言
26856938, 6.9, 70, 别让不懂营养学的医生害了你
06791741, 7.8, 34, 步行冥想
05343048, 7.2, 52, 自愈力
21356610, 8.5, 22, 太极拳之研究——太极拳概论
24764928, 8.4, 23, 人体使用手册：亲子漫画版
05919516, 8.9, 18, 因是子静坐法·因是子静坐法续篇·冈田式静坐法
06094966, 8.9, 18, 生食秘笈
10416436, 7.2, 51, 瑜伽天后LuLu28天生理瑜伽
03186239, 8.1, 27, 魔法不老美人
03290906, 7.5, 40, 手会说话
34889194, 7.6, 37, 中里巴人极简养生法
01221145, 9.3, 15, 金丹养生的秘密:《太乙金华宗旨》语译评介
26674300, 9.3, 15, 大医生说：五谷杂粮吃对比药好
02173404, 7.7, 34, 图解千年导引术
06885556, 8.0, 28, 脊椎告诉你的健康秘密
03549623, 7.3, 45, 刮痧变美-赠送价值20元刮痧板
34938960, 6.8, 70, 湿胖
03265674, 8.5, 21, 图解遵生八笺
26600716, 8.2, 24, 癌细胞害怕我们这样吃
01911006, 7.8, 30, 经方的魅力
03697771, 8.1, 25, 体温决定生老病死2
20271222, 8.1, 25, 手到病自除3
26881881, 8.6, 19, 养生堂教你健康100分
03085869, 8.8, 17, 黄帝内经
26613401, 8.8, 17, 马博士谈营养
11589963, 7.7, 30, 神奇的肝胆排石法
01154850, 8.5, 19, 基础临床按摩疗法
10734705, 8.5, 19, 天天吃醋
03576877, 7.8, 28, 补气血中医养生智慧
02116689, 7.5, 34, 王晨霞说寿
01425821, 7.1, 46, 抗衰老饮食
10745695, 7.2, 42, 很老很老的老偏方
26317392, 8.7, 17, 胡海牙仙学养生文集
26769732, 7.4, 36, 女人不发胖、容颜好、不生病，化瘀通络是关键
03205272, 7.5, 33, 不生病的活法2·实践篇
05270781, 9.1, 14, 求医不如求己大全集（套装共4册）
03351949, 6.9, 52, 不生病的智慧4
10772891, 8.2, 21, 提高体温变健康
21336232, 8.2, 21, 古法艾灸 寒湿一去消百病
33411305, 7.2, 40, 万物·生命
26656040, 8.7, 16, 洪昭光健康经
24757480, 7.5, 31, 吃我吃我：38种改善情绪和恢复精力的神奇食材
01700901, 7.7, 27, 健身气功
04247712, 8.2, 20, 治愈癌症救命疗法
05996052, 7.8, 25, 管好体温不生病
03784613, 8.5, 17, 不生病的三大免疫力
04244919, 7.4, 32, 你可以不吃药
03359772, 7.3, 34, 312经络养生法
30336261, 6.3, 85, 从治疗到自愈
03780492, 8.1, 20, 遵生八笺
01156372, 8.0, 21, 难经白话解
01485579, 7.1, 38, 40岁登上健康快车
04246071, 8.5, 16, 五代中医救命养生帖
03724795, 6.7, 52, 八卦象数疗法
26290253, 6.1, 100, 断食：饮食也要断舍离
05337719, 9.4, 11, 方壶外史（上下册）
26284334, 7.5, 27, 脾不虚病不找
25723904, 7.6, 25, 仁者寿
26107961, 8.7, 14, 脊柱健康书
25848972, 7.4, 28, 癌症 别急着开刀
06982372, 7.3, 30, 哇!身体这么奇妙
30121327, 7.5, 26, 沈氏女科600年：女人肾好不衰老
25746582, 6.6, 53, 一万种美白方法
05395711, 8.0, 19, 女人养生养脾胃
01943556, 7.9, 20, 黄帝内经
04017925, 7.9, 20, 地球上最有效的78种自然药物和疗法
27598640, 8.2, 17, 思考文化医学
02058351, 6.9, 39, 素食养生谭
10567709, 8.6, 14, 无病到天年
26866091, 8.6, 14, 养好脾胃不生病
05338210, 7.5, 25, 筋柔百病消
04149914, 7.6, 23, 本草纲目和黄帝内经中的女人养颜经
05263563, 7.6, 23, 我是誰
02978400, 7.2, 30, 内丹养生功法指要
06428359, 8.4, 15, 抗衰老指南
10530670, 8.7, 13, 胖补气，瘦补血（升级版）
26821675, 7.9, 19, 二十四节气养生经
03105421, 7.7, 21, 量子觸療好簡單！
04089861, 7.2, 29, 自愈有道-家庭常用快速祛病法
04102054, 8.2, 16, 张秀勤刮痧精粹
01374908, 6.6, 47, 无毒一身轻
26422744, 6.6, 47, 28天内分泌平衡书
26585319, 7.0, 33, 3天改變體質的斷糖飲食
06088005, 6.6, 46, 荷尔蒙成就你的女人味
03676070, 7.5, 23, 打开疾病黑盒子2
34840617, 6.3, 61, 身体真相
26851660, 6.6, 45, 慢养自有高颜值
05922592, 8.0, 17, 我们该把自己交给谁?
22786227, 8.0, 17, 名医大会诊
10593527, 8.1, 16, 给爸妈最贴心的养生书
26847875, 8.1, 16, 我是大医生：医生不说你不懂2
30241028, 6.9, 34, 癌症后这样吃，我多活了14年
01169969, 6.7, 40, 正确呼吸变年轻
06954432, 7.2, 27, 最美中国方
06984740, 7.7, 19, 养性延命录 摄生消息论
04727771, 7.6, 20, 不衰老的活法
06522068, 7.6, 20, 静坐洗心500问
34923182, 7.6, 20, 小麦肚：小麦食品让你变胖、生病、加速衰老的惊人真相
04932552, 7.5, 21, 《黄帝内经》呼吸养生法
02007826, 8.1, 15, 林海峰营养配方手册
06966924, 8.1, 15, 气功药饵疗法与救治偏差手术
26639223, 8.6, 12, 为什么要素食
04886199, 8.4, 13, 少林禅武医精要
25711927, 8.2, 14, 小心！大病都有特别的小信号
10764918, 7.7, 18, 每天淡定五分钟，你能多活十几年
01485750, 7.6, 19, 轻松瑜伽
26332606, 7.8, 17, 一个危重冠心病患者的康复日记
03018251, 6.3, 50, 早餐的革命
04840317, 7.6, 18, 寻医不如自医
26262957, 7.6, 18, 温暖子宫的健康书
23116975, 7.2, 23, 你买的保养品是垃圾还是宝?
21330895, 7.8, 16, 遵生八笺
02151233, 8.6, 11, 寿亲养老新书
22538495, 5.0, 333, 吃到自然瘦
06722065, 6.8, 29, 断食瑜伽
07154318, 7.4, 19, 净化血液不生病
30358145, 6.6, 33, 从头到脚皮肤好
10448564, 6.2, 46, 宋美龄养颜秘录
02157411, 6.9, 25, 人体营养手册
02308615, 7.4, 18, 王晨霞说掌纹与五脏六腑
01109410, 7.6, 16, 中医养生学
01054749, 7.0, 23, 食物改变你的一生
06781153, 6.8, 26, 免疫力是最好的药
10753938, 7.1, 21, 不吃饱的生活
20563171, 7.3, 18, 万事问阿嬷
02178868, 7.9, 13, 李氏自我养生康复法
03248958, 7.6, 15, 经络松筋法
25708375, 6.4, 34, 大病预防先除湿热毒
06885165, 7.0, 21, 最伟大的排毒术
03818408, 6.7, 26, 你的食物就是最好的医药
06509764, 6.8, 24, 生姜养生法
25875121, 6.8, 24, 芳香疗法情绪宝典
05503270, 6.9, 22, 痘痘书
19982759, 7.8, 13, 不上火的好生活
21364514, 7.8, 13, 一週腰瘦10公分的神奇骨盤枕
03269837, 7.2, 18, 一用就灵
26931529, 7.5, 15, 一看就懂!图解经皮毒
04113390, 6.7, 25, 孔令谦谈
30163665, 5.8, 59, 吃到自然瘦（全新增订版）
10452250, 6.2, 37, 身体暖暖就能瘦
03440500, 6.6, 26, 从头到脚有毛病：曲黎敏养生书的135个错误
26081535, 6.8, 22, 酵素（畅销版）
01960207, 7.6, 13, 女人的三春
03902976, 7.2, 16, 增阳减阴求长生
04090652, 7.2, 16, 养生就是养气血
02307395, 7.3, 15, 粥膳养生堂1000例
26974987, 6.7, 22, 上班族的养生经
30121455, 7.7, 12, 熊小知说健康：医点就通
03597647, 6.8, 20, 全食物再发现
04862525, 7.5, 13, 王鸿谟自诊祛病法
10532877, 6.0, 39, 九种体质使用手册
26718823, 6.3, 29, 玻璃罐排毒水DETOX WATER
26348301, 6.9, 18, 气血才是命根子
01455087, 7.3, 14, 佛教养生之道
01430017, 7.4, 13, 水果养生事典
01879432, 6.4, 24, 我眼里的健康人生
34950713, 6.5, 22, 拒绝生病：预防和遏制致命慢性疾病的65条科学法则（乔布斯主治医师大卫?阿古斯博士全新力作！《纽约时报》畅销书，全球畅销18个国家和地区）
04731135, 6.2, 28, 女人不生病的生活方式
10426448, 6.4, 23, 身体不适怎么办
30862040, 7.1, 14, 养好内分泌：女人气色佳、情绪好、病不找
04323441, 6.4, 22, 体温升高就健康
04853209, 5.8, 38, 一本书解决男人所有健康问题
01207198, 7.3, 12, 中华脉诊
04835831, 6.7, 17, 0.8生活
27110687, 7.1, 13, 救命療法
26751582, 5.8, 35, 养脾胃就是养命
24868945, 6.4, 20, 名医话养生
05286597, 6.1, 25, 祛湿一身轻
26696521, 7.0, 13, 养气血就是养命
20474188, 6.2, 22, 中国人该怎么吃
03895418, 5.6, 40, 空腹健康革命
10449756, 6.6, 16, 丹道薪传
04118661, 6.9, 13, 健康是磨出来的
24737835, 7.4, 10, 爱上小蛮腰
01945751, 5.7, 30, 林光常21天排毒养生餐
04007780, 6.5, 15, 一本书学会中医养生
06711108, 6.7, 13, 养好卵巢女人不老
26429932, 6.7, 13, 失传的美容书
05063778, 6.0, 21, 拯救睡眠
03527847, 6.0, 20, 最好的养生是睡眠
01143954, 6.8, 11, 杨力养生23讲
04039399, 6.2, 16, 黄帝内经中的体质养生养颜经
33418196, 6.6, 11, 脂肪革命 高脂低碳 科学生酮
24532060, 6.5, 11, 沈氏女科六百年养生秘诀
05295608, 6.4, 10, 范长伟极简艾灸
01028070, 6.2, 10, 睡个好觉
04714339, 5.0, 26, 全世界最简单的养生法
07068066, 4.9, 18, 一切疑难杂症都是纸老虎！
04836659, 4.6, 23, 世界上最有效的减肥方法
01078406, 0.0, 10, 实用家庭营养治疗处方百科
01180199, 0.0, 10, 骨盆塑身操
03037919, 0.0, 10, 鉴证长寿
03049323, 0.0, 10, 大成拳筑基功-生理运动健身祛疾法
03116259, 0.0, 10, 中国古代文化全阅读·合阴阳/素女经/养性延命录(第一辑37)
03353218, 0.0, 10, 生命的疆界
04165811, 0.0, 10, 打开五脏说养生
04207748, 0.0, 10, 一定瘦
04721381, 0.0, 10, &lt;&lt;黄帝内经&gt;&gt;中的女人养颜经
04836661, 0.0, 10, 世界上最有效的内外兼修美白精华课
04845373, 0.0, 10, 最好的医生是养生
04895744, 0.0, 10, 活人书
05906452, 0.0, 10, 碱性体质不得病
06711103, 0.0, 10, 黄帝内经二十四节气养生法
06794267, 0.0, 10, 本草纲目中的女人美容养颜经
10565758, 0.0, 10, 这种食谱最健康
21240867, 0.0, 10, 椰子療效
25757014, 0.0, 10, 女人28天生理周期保鲜术
27008376, 0.0, 10, 养生就要养五脏
27191869, 0.0, 10, 女人开心药典
01342190, 0.0, 11, 月經是女人一生健康美麗的指南
02983608, 0.0, 11, 免疫大革命
04151598, 0.0, 11, 中医五脏养生
05944655, 0.0, 11, 小宅女的中医养颜经
06509765, 0.0, 11, 年轻十岁的柔体健康法
26674239, 0.0, 11, 大医生说： 女人要好好爱自己
30303841, 0.0, 11, 燃脂生酮：21天启动计划
01284963, 0.0, 12, 中国气功功法大全
01391675, 0.0, 12, 五谷杂粮养生事典
02365640, 0.0, 12, 黄帝内经
03140869, 0.0, 12, 吳永志不一樣的自然養生法
05348770, 0.0, 12, 身心柔软与平衡的智慧
25927023, 0.0, 12, 这样吃，我的白发变黑发，年轻15岁！
26866076, 0.0, 12, 肝好人不老
03248269, 0.0, 13, 问道
26816957, 0.0, 13, 汪芳说 血管清爽活百岁
01879715, 0.0, 14, 清晨8分钟-瘦臀细腿4周训练秘笈
02009367, 0.0, 14, 养生经
10575126, 0.0, 14, 无病到天年
01048898, 0.0, 15, 性与爱大全
03595020, 0.0, 15, 峨眉十二庄释密
05336687, 0.0, 15, 黄帝内经体质养生法
01748217, 0.0, 16, 中华食物养生大全
03172462, 0.0, 16, 增订真气运行法
04733735, 0.0, 16, 都市人的辟谷养生
02073001, 0.0, 17, 图解四部医典
19962853, 0.0, 18, 颈椎病防治
26585556, 0.0, 18, 睡前捏一捏，宝宝不生病
01860855, 0.0, 22, 中国鹤翔庄气功
04208576, 0.0, 22, 不可不知的美白祛痘法
35002434, 0.0, 50, 再读黄帝内经
