2020-07-05 15:59:56

number of books, tag name
619, 内地

ID, rating, votes, title
04913064, 9.4, 496838, 活着
01007305, 9.6, 291289, 红楼梦
01200840, 9.0, 251381, 平凡的世界（全三部）
01254588, 9.0, 100377, 城南旧事
06518605, 9.4, 49450, 三体全集
03995526, 8.6, 185202, 目送
11524204, 9.3, 51908, 围城
01449351, 8.9, 90232, 呐喊
01085799, 8.7, 102796, 白鹿原
01449352, 8.8, 85157, 朝花夕拾
01090043, 8.5, 146979, 倾城之恋
01795079, 9.2, 36595, 乡土中国
01029553, 8.9, 58696, 西游记（全二册）
01767945, 8.8, 67475, 一只特立独行的猪
04760224, 9.0, 46963, 许三观卖血记
01060852, 8.9, 54732, 呼兰河传
01949338, 8.9, 53038, 明朝那些事儿（贰）
02052448, 8.9, 44031, 明朝那些事儿（叁）
01963684, 8.6, 69830, 半生缘
03813669, 8.6, 69120, 民主的细节
24754316, 8.7, 56074, 最好的我们
01022060, 8.2, 146118, 狼图腾
01014578, 9.1, 28792, 我的精神家园
01855364, 9.2, 23986, 围城
01192090, 8.7, 53415, 球状闪电
01013416, 8.6, 60021, 雷雨
02253642, 8.8, 40156, 明朝那些事儿（肆）
03554154, 8.9, 33158, 阿狸·梦之城堡
01069848, 9.0, 27897, 围城
03009821, 8.8, 36683, 明朝那些事儿（伍）
05910656, 9.2, 18811, 我与地坛
05916880, 8.4, 68096, 华胥引（全二册）
03633461, 8.7, 37284, 一句顶一万句
01080309, 8.5, 51713, 尘埃落定
23008971, 9.1, 18815, 平如美棠
03410718, 9.2, 16162, 美的历程
01052990, 9.0, 20402, 草房子
01321017, 8.8, 27834, 九州·缥缈录
01449348, 8.9, 22092, 彷徨
05275059, 7.9, 138107, 1988：我想和这个世界谈谈
01028409, 9.4, 10265, 中国少年儿童百科全书（全四册）
04231381, 8.4, 48887, 那些回不去的年少时光
01418686, 8.7, 27666, 红拂夜奔
26414020, 8.0, 95858, 我不喜欢这世界，我只喜欢你
03012517, 8.6, 27902, 小姨多鹤
26923390, 8.5, 33077, 长夜难明
01391191, 8.5, 32583, 京华烟云
01431836, 8.6, 27000, 我的路
01776683, 9.0, 14345, 沉默的大多数
01034329, 8.9, 16252, 白鹿原
01033825, 8.8, 18698, 顾城的诗
04884218, 8.8, 17960, 我的阿勒泰
03311253, 9.0, 12976, 额尔古纳河右岸
22714154, 8.7, 19623, 繁花
01675478, 9.1, 10699, 天朝的崩溃
20441957, 8.5, 26922, 兄弟
01082349, 8.2, 45886, 长恨歌
01812439, 8.1, 53774, 步步惊心
02160556, 9.1, 10182, 十万个为什么
04173968, 8.4, 30157, 盗墓笔记6
03800166, 8.4, 29860, 盗墓笔记5
04124727, 8.1, 51464, 孤独六讲
02057285, 8.2, 42256, 盗墓笔记2
01431779, 8.9, 12862, 九州·缥缈录Ⅱ·苍云古齿
01082150, 8.4, 28333, 白银时代
02567919, 8.2, 39776, 匆匆那年（上下）
01859140, 8.9, 12202, 上学记
02131415, 8.8, 13972, 我的路2
01001885, 8.5, 21774, 带一本书去巴黎
01082138, 8.4, 25748, 在细雨中呼喊
03426869, 7.8, 80129, 三生三世 十里桃花
01036684, 9.3, 6601, 现代汉语词典（修订本）
02067299, 8.8, 12853, 我的路4
01819974, 8.7, 14612, 我的路3
03191322, 8.9, 10581, 边城
01025753, 8.2, 32611, 妻妾成群
01418180, 8.9, 10128, 思维的乐趣
05395407, 8.8, 11282, 阿狸·永远站
04872671, 8.2, 27465, 佛祖在一号线
03268399, 8.4, 18451, 上海堡垒
01440089, 8.3, 21712, 那些生命中温暖而美好的事情
01792668, 8.4, 17832, 苏东坡传
01003986, 8.8, 9525, 病隙碎笔
01073349, 8.9, 8174, 写在人生边上 人生边上的边上 石语
01926103, 8.0, 34241, 鬼吹灯之云南虫谷
06431994, 8.2, 23660, 悟空传
03544376, 9.1, 5810, 顾城的诗 顾城的画
01040466, 8.9, 7571, 谈美
02244146, 8.1, 26924, 穆斯林的葬礼
05269439, 8.4, 15975, 城门开
01783349, 8.8, 8453, 倾城之恋
01058679, 8.7, 9654, 人·兽·鬼
01082522, 8.2, 21510, 家
01014763, 9.3, 4235, 三国志（全五册）
03270617, 9.3, 4146, 我与地坛
01482200, 9.0, 6042, 我的精神家园
01043485, 8.2, 19607, 檀香刑
30336863, 8.4, 13616, 回答不了
01025723, 8.3, 15891, 潜规则
01003284, 8.1, 22270, 退步集
01325507, 9.0, 5557, 江村经济
26803179, 8.3, 15285, 平原上的摩西
01886385, 8.0, 25786, 来不及说我爱你
03897928, 8.7, 7986, 我的路5
26775466, 8.5, 10591, 小家，越住越大
01061242, 8.8, 6778, 写在人生边上
01078250, 8.2, 16241, 洗澡
03264642, 8.8, 6423, 似水流年
03194071, 8.6, 8458, 少年巴比伦
01938591, 7.9, 27064, 鬼吹灯之昆仑神宫
30362170, 8.1, 18790, 冬泳
01441869, 8.9, 5441, 没有教不好的学生
04953695, 7.8, 31692, 拆掉思维里的墙
01018153, 7.8, 31681, 水仙已乘鲤鱼去
03616310, 7.6, 47493, 小团圆
01058234, 7.7, 37343, 二三事
06974232, 8.0, 20903, 盗墓笔记8·大结局（上）
02082194, 8.2, 14360, 小时候
03547099, 8.6, 7555, 贾想1996—2008
01012561, 8.6, 7331, 上下五千年
01029159, 7.5, 51463, 八月未央
27170951, 8.1, 15861, 生吞
06730371, 9.4, 2550, 麒麟之生死與共
10549863, 8.6, 6961, 光明与磊落
01317899, 8.2, 12867, 生死场
02988943, 8.3, 10677, 青灯
01925232, 7.8, 25330, 大漠谣
30163844, 8.3, 10371, 镖人
01015584, 8.1, 14270, 看上去很美
03108829, 7.8, 23899, 全世爱
01829614, 8.6, 6357, 琼美卡随想录
05290564, 8.3, 9918, 青春
25811462, 8.2, 11653, 小顾聊绘画·壹
03561591, 7.9, 19288, 凤囚凰（上中）
01905830, 8.7, 5274, 风色四叶草
01437858, 8.7, 5244, 天行健（全4册）
02267883, 8.0, 15433, 色，戒
06730832, 9.4, 2176, 麒麟之快意人生
06896252, 9.5, 1943, 麒麟之兵天血地
05904212, 8.1, 12866, 心理罪
03069729, 8.2, 10837, 碧甃沉
01054889, 7.7, 26355, 行者无疆
05333599, 8.3, 9169, 春天责备
04324975, 8.7, 5044, 下垂眼
01321018, 8.2, 10579, 九州·羽传说
01076378, 9.1, 2989, 传统十论
03879026, 8.2, 10540, 死亡通知单
03412107, 8.3, 8982, 步步惊心（上下）
03274182, 8.5, 6393, 莲花
01394433, 8.4, 7352, 藍宇
06773643, 8.0, 14047, 橘生淮南·暗恋
03392046, 8.2, 9997, 当彩色的声音尝起来是甜的
03464389, 9.1, 2812, 大淖记事
02317973, 8.1, 11565, 素年锦时
25829434, 7.9, 16322, 暗恋·橘生淮南
03778004, 8.2, 9731, 致我们终将逝去的青春
05401989, 8.0, 13280, 自由在高处
25955474, 7.4, 42252, 坏小孩
04041998, 8.6, 5185, 孤城闭
02216583, 8.8, 3927, 沉重的肉身
01067907, 8.1, 10936, 长恨歌
01288925, 8.8, 3842, 五味
03406518, 8.5, 5804, 追随她的旅程
04866987, 8.7, 4383, 如果·宅
25984204, 7.3, 49262, 乖，摸摸头
30237176, 8.2, 8828, 19年间谋杀小叙
02340300, 7.9, 14497, 鬼吹灯Ⅱ之三·怒晴湘西
06974102, 7.6, 25387, 盗墓笔记8·大结局（下）
02025235, 9.1, 2523, 顾准文集
01948502, 7.7, 20593, 1995-2005夏至未至
03506871, 7.5, 30454, 曾有一个人，爱我如生命
03137087, 8.8, 3615, 许三观卖血记
02189703, 8.9, 3151, 血色浪漫
01489555, 7.7, 19994, 寂寞空庭春欲晚
03662230, 8.5, 5332, 七十年代
03071688, 8.7, 4010, 黄金时代
05686369, 7.7, 19284, 何以笙箫默
03018339, 7.7, 19209, 万物生长
04241870, 7.6, 23160, 我在回忆里等你
02048124, 8.1, 9356, 后宫·甄嬛传Ⅲ
01063245, 7.6, 22606, 通稿2003
10607710, 8.0, 10330, 世间的盐
05366278, 7.9, 12255, 走吧，张小砚
01028693, 8.1, 8639, 骆驼祥子
26309861, 8.3, 6276, 摇摇晃晃的人间
03927199, 8.1, 8569, 后宫·甄嬛传VII
01748232, 8.0, 10010, 忽而今夏
03244068, 8.3, 6209, 庆余年·陆
03061282, 7.6, 20503, 山月不知心底事
02010284, 8.1, 8443, 春风沉醉的晚上
01856285, 7.2, 47608, 人生若只如初见
04846547, 8.7, 3502, 北海怪兽
02980812, 7.8, 13922, 踮脚张望的时光
03080607, 8.3, 6086, 我爱问连岳Ⅱ
01437131, 8.8, 3037, 80℃ 第1、2册
07064313, 7.7, 16545, 突然就走到了西藏
26284304, 7.9, 11276, 簪中录
02081876, 7.2, 43595, 货币战争
02237621, 8.5, 4295, 十八岁出门远行
01007196, 8.6, 3701, 闲情偶寄
06742586, 7.8, 12726, 我不是潘金莲
01781300, 8.5, 4196, 玛塔
05288327, 8.3, 5516, 鸟，看见我了
30199037, 8.6, 3579, 小家，越住越大2
02986026, 9.0, 2134, 沉默的大多数
01438539, 8.7, 3088, 西方美学史
04746554, 7.9, 10035, 年华是无效信
03891900, 7.9, 9821, 金融的逻辑
03345595, 8.5, 3911, 猫城记
01933479, 9.0, 2055, 小灵通漫游未来
03777123, 7.8, 11516, 告别天堂
01452923, 8.0, 8071, 九州·斛珠夫人
03464725, 8.1, 6817, 后宫·甄嬛传Ⅵ
03829245, 9.1, 1739, 城南旧事
05275500, 7.7, 12846, 尘曲
01065799, 8.5, 3628, 男生贾里全传
04118599, 8.3, 4776, 武侠，从牛A到牛C
02265312, 7.6, 15236, 鬼吹灯Ⅱ之二·南海归墟
03323987, 7.3, 27776, 杜拉拉2华年似水
03673670, 8.3, 4707, 怨女
01006884, 8.6, 3099, 随园食单
03033729, 8.0, 7443, 后宫·甄嬛传V
04225582, 8.6, 3072, 寂地
01436348, 7.7, 12147, 八月未央（修订版）
04729585, 8.3, 4589, 死亡通知单2：宿命（上）
01437152, 8.9, 2043, 80℃（3、4）
01805764, 8.6, 2965, 宫女谈往录
01888215, 8.4, 3831, 即兴判断
04242146, 8.1, 5948, 素年锦时
10743137, 7.7, 11422, 绿皮火车
01420368, 7.5, 16012, 裂锦
01047927, 8.8, 2120, 郑渊洁十二生肖童话（12册）
10601137, 7.6, 12828, 你永远都无法叫醒一个装睡的人
04741216, 7.3, 23095, 我的奋斗
01015403, 7.7, 10580, 今生今世
04066045, 9.3, 1194, 超合金社团5
01078809, 8.0, 6309, 三重门
01807769, 8.8, 2071, 假如你愿意你就恋爱吧
03604331, 8.4, 3422, 午夜之门
03887847, 8.5, 2979, 浮光
01318431, 8.0, 6122, 幽灵旗
04732150, 7.9, 7175, 心理罪
02160037, 8.2, 4404, 我是你儿子
05290534, 7.7, 9723, 为了报仇看电影
02969572, 7.9, 6910, 后宫·甄嬛传Ⅳ
03016219, 8.0, 5869, 二三事
01074841, 7.5, 13715, 葵花走失在1890
01007334, 7.1, 31166, 草样年华
03669595, 8.5, 2777, 妞妞
03889682, 8.4, 3174, 饕餮娘子
05403007, 7.6, 11125, 剩者为王
01087758, 7.3, 19657, 花季雨季
03279284, 7.7, 9154, 像少年啦飞驰
03033668, 7.8, 7621, 闪开，让我歌唱八十年代
01083257, 7.3, 19027, 烈火如歌
04197740, 7.9, 6309, 告别天堂
03284067, 7.5, 12509, 佳期如梦之海上繁花
04867367, 8.4, 2927, 死亡通知单2：宿命（下）
01972266, 7.7, 8492, 余欢
01064862, 8.1, 4446, 男生贾里  女生贾梅
10485696, 7.6, 10123, 我就是想停下来，看看这个世界
01448768, 9.0, 1378, 平凡的世界（全三部）
06718314, 8.0, 5025, 晚来寂静
02345727, 7.4, 14000, 蜗居
03197635, 8.9, 1493, 结局或开始
01086468, 8.5, 2380, 黑骏马
06800500, 7.5, 10952, 南音 （下）
01796596, 7.2, 19686, 左耳
03440557, 8.5, 2310, 亲爱的沙皮
01012039, 8.1, 3968, 我的视觉日记
11614293, 7.5, 10702, 人生需要揭穿
02058479, 9.1, 1125, 史铁生散文
04894980, 7.8, 6285, 心术
06386087, 7.9, 5314, 金陵十三钗
02257188, 7.6, 8799, 致女儿书
01596305, 6.8, 47421, 泡沫之夏
03255922, 8.9, 1367, 湘行散记
04773741, 7.5, 10308, 杜拉拉3
03810672, 7.7, 7107, 8分钟的温暖
01050349, 8.1, 3766, 上海的金枝玉叶
01780253, 8.0, 4331, 亡者永生
01006737, 7.8, 5921, 米
03437246, 8.2, 3170, 夏达短篇漫画集(共2册)
03273876, 8.0, 4242, 被劫持的私生活
04820214, 8.6, 1863, 印度走着瞧
03246230, 7.6, 8146, 鲤·嫉妒
01012802, 7.2, 17175, 十爱
04238299, 8.0, 4151, 宝贝，宝贝
02032666, 7.6, 7936, 零下一度
01190868, 7.4, 11419, 烈火如歌
04706499, 7.7, 6641, 燃烧的男孩
03364858, 7.8, 5597, 再见，冥王星
03727329, 7.1, 20567, 千山暮雪
03113567, 8.1, 3479, 蔷薇岛屿
25748787, 7.6, 7661, 平生欢
01144826, 8.2, 2937, 最有意义的生活
03279273, 7.6, 7444, 长安乱
34824414, 8.7, 1520, 小家，越住越大3
01291355, 7.9, 4379, 非常道
01855343, 7.0, 22989, 泡沫之夏Ⅱ
02133556, 6.9, 28660, 光荣日（第一季）
02062430, 7.0, 22283, 泡沫之夏Ⅲ
01316651, 8.3, 2347, 北京人
04833920, 7.3, 11803, 十八岁给我一个姑娘
03373490, 7.7, 5606, 鲤·谎言
06759059, 7.9, 4025, 二号首长2
03921405, 7.6, 6529, 芙蓉如面柳如眉
02062604, 8.2, 2568, 人间
01440101, 7.2, 13441, 就这么漂来漂去
01987453, 7.8, 4574, 人生不过如此
06100947, 7.6, 6355, 刘氏女
01396339, 7.6, 6325, 创意市集
01006881, 6.7, 40651, 左手倒影，右手年华。
03886832, 7.5, 7079, 废都
01291760, 6.6, 48030, 会有天使替我爱你
01489158, 7.8, 3953, 过年
03666600, 7.5, 6476, 光荣日 第一季
04843178, 7.7, 4466, 北京，北京
01075495, 7.2, 10860, 霜冷长河
01071874, 9.2, 670, 士兵
04135618, 7.5, 6030, 丹尼海格
03279233, 7.7, 4295, 一座城池
33424453, 8.5, 1390, 诡秘之主
06087472, 7.2, 10258, 浮世浮城
01854753, 7.5, 5890, 返祖
01785508, 8.2, 1995, 今晚去哪里
20389195, 7.3, 7887, 慢慢来，一切都来得及
04894982, 7.8, 3318, 历史是个什么玩意儿4
01479194, 8.2, 1866, 他们的世界
03723236, 8.1, 2129, 我与父辈
01432422, 7.2, 9219, 草样年华Ⅱ
06710720, 6.9, 17149, 春宴
04920062, 7.3, 7483, 别跟我说你懂日本
26309974, 8.8, 891, 电影批评
02278790, 7.8, 3108, 草木芳华
01060779, 7.4, 5970, 圈里圈外
01313195, 7.8, 3077, 冰是睡着的水
02248892, 8.5, 1205, 一本杂志和一个时代的体温
01494787, 8.2, 1687, 客心短篇漫画集：BLUE、ORANGE
24083865, 7.7, 3435, 女人明白要趁早之三观易碎
03225756, 8.1, 1880, 灰故事
10508054, 7.7, 3357, 云中人
01080812, 7.1, 9420, 红鞋
06792678, 6.8, 16925, 杉杉来吃
01036297, 7.8, 2681, 同性恋亚文化
05403006, 7.7, 3095, 《文艺风象+文艺风赏》第一期合刊
01079629, 7.6, 3534, 碎脸
01981355, 6.8, 16068, 墨迹
05293030, 7.2, 7033, 那些有伤的年轻人
02360485, 7.0, 10356, 沙漏Ⅲ
05259293, 7.6, 3447, 蔷薇求救讯号
03151852, 9.0, 578, 英语语法新思维中级教程
03100852, 7.5, 3880, 兰陵缭乱Ⅱ
02081286, 6.9, 11876, 沙漏II
26992823, 8.7, 778, 波峰与波谷
03127865, 7.5, 3789, 兰陵缭乱3
03684873, 8.5, 955, 长大
01340429, 8.2, 1365, 女性主义
04302762, 8.0, 1773, 一百种尾巴或一千张叶子
10946178, 7.9, 2020, 无尾狗
03919409, 9.1, 505, 汪曾祺散文
25775069, 7.1, 7534, 让我留在你身边
04243284, 7.3, 5189, 直到最后一句
01012242, 6.7, 17160, 地狱的第19层
03795720, 7.1, 7332, 任凭这空虚沸腾
01041550, 6.6, 21468, 爱与痛的边缘
04240403, 7.1, 7072, 最好的女子
03244051, 7.6, 2907, 哈娜·宅
01083375, 7.2, 5645, 活不明白
03610492, 7.9, 1814, 好色的哈姆莱特
01082515, 7.5, 3299, 理工大风流往事
03253866, 7.9, 1807, 想象中的动物
01491253, 7.2, 5508, 猫眼
03587025, 8.0, 1559, 九州·星痕
26612460, 8.5, 838, Lens·视觉003：不需要安全感就是自由
21979064, 7.3, 4479, 等风来
01459494, 7.5, 3123, 岛（Vol.6）
03993883, 8.7, 656, 星轨是天空的道路2
01031818, 7.4, 3581, 我爱阳光
01016193, 7.8, 1929, 悲观主义的花朵
10490350, 7.0, 7333, 后宫·如懿传
01075743, 7.2, 5001, 我把青春献给你
05502946, 7.5, 2999, 元气糖
04224227, 7.4, 3431, 怪你过分美丽
03151851, 9.2, 374, 英语语法新思维高级教程
26739968, 8.1, 1120, 威尼斯日记
01081010, 7.4, 3052, 莎菲女士的日记
05399267, 8.6, 620, 北岛作品精选
04912669, 7.4, 2928, 忧伤的老板
04027816, 7.0, 5874, 浮世德
03024352, 7.0, 5867, 离歌（Ⅰ）
01494098, 7.7, 1811, 往南方岁月去
01072368, 7.5, 2444, 我爱比尔
01058943, 7.4, 2850, 岛（Vol.4）
04901554, 7.2, 3968, 一个都不正经
04244319, 7.7, 1787, 他的国
01016204, 7.2, 3961, 不过如此
01021597, 6.6, 13177, 一光年的距离有多远
03608183, 7.3, 3251, 人间（上卷）
20394889, 7.6, 2014, 妮玛！这就是大学！
22993496, 7.5, 2274, 女人明白要趁早
01902601, 7.3, 3086, 岛（Vol.8）
11498230, 9.1, 344, 从百草园到三味书屋
01022492, 7.0, 5199, 是你来检阅我的忧伤了吗
06796987, 7.9, 1228, 寡人
04822183, 7.4, 2512, 俗话说
03266335, 7.7, 1586, 爱与乐的彼岸
01808767, 7.3, 2913, 岛（VOL.7）
06265750, 7.1, 4101, 三体X
03684715, 7.4, 2464, 声息2
04194622, 7.4, 2425, 收纳空白
26935001, 9.0, 356, 豆瓣电影生活日历2017
01023598, 7.4, 2363, 支离破碎
04822417, 8.4, 631, 时间胶囊
02359212, 7.5, 1981, 文化@私生活
02381034, 7.0, 4591, 当时明月在
24754720, 6.8, 6778, 我的朋友陈白露小姐
01034479, 6.5, 13033, 我为歌狂
03728340, 7.3, 2669, 甲骨碎
01036116, 7.6, 1675, 深牢大狱
02042966, 6.9, 5419, 双生水莽
01902593, 7.1, 3638, 最小说（第一辑）
03594782, 7.2, 3047, 声息
34998019, 9.0, 325, 秋园
04042499, 8.5, 526, 有你在身边
25891574, 9.1, 289, 甲午海战
01444174, 7.7, 1316, 伤心至死·万劫
06041678, 7.3, 2326, 人生何处不尴尬
01062508, 7.2, 2723, 岛
01958640, 6.6, 8170, 蝴蝶公墓
01291021, 7.9, 933, 狗日的粮食
01036290, 6.5, 10074, 校服的裙摆
06828611, 6.2, 20879, 小时代3.0：刺金时代
01037589, 6.6, 7193, 天亮说晚安
05248387, 7.5, 1438, 夜谭十记
20472534, 6.7, 5696, 迎男而上
02342023, 7.2, 2268, 最小说·第十四辑
01312733, 7.6, 1228, 理工大往事外传
03673709, 8.5, 416, 人与永恒
03822248, 7.3, 1841, 薄暮
01321315, 8.0, 704, 半梦
01983931, 7.3, 1823, 最小说（第五辑）
01961690, 7.2, 2064, 最小说（第四辑）
01174653, 7.2, 2061, 夏天在倒塌
04737152, 6.9, 3307, 时光机
02995375, 8.3, 467, 天狗
04196320, 7.5, 1243, 一豆七蔻
30259686, 7.9, 729, 指数基金投资
04175342, 7.8, 811, 思念人之屋
01034928, 7.3, 1621, 粉红四年
30273665, 6.8, 3680, 春日宴
03901021, 7.3, 1532, 左耳
01066681, 6.8, 3527, 刻下来的幸福时光
02239124, 7.2, 1756, 恋爱习题
02239127, 7.2, 1755, 假面舞会
02239128, 7.3, 1475, 不许时光倒流
06845414, 6.5, 6292, 去，你的旅行
01082820, 6.5, 6243, 无往而不胜的童话
06002030, 7.5, 1069, 最大的一场大火
02057508, 7.2, 1668, 最小说（第七辑）
02157753, 7.3, 1418, 最小说 第十辑
02034998, 7.2, 1642, 最小说（第六辑）
03069481, 7.7, 783, 太平
02081758, 7.2, 1580, 最小说(2007.06 第八辑)
35005098, 8.1, 483, 春山
01060939, 6.8, 3122, 喜欢你
01947159, 7.1, 1836, 最小说（第三辑）
01857446, 6.6, 4562, 碧奴
01082821, 6.4, 6929, 水晶般透明
02297693, 7.3, 1298, 最小说第13辑
02263931, 7.3, 1251, 最小说.第12辑
01004391, 8.5, 294, 中西风马牛
01034262, 7.9, 545, 西川的诗
02135907, 8.0, 478, 1934年的逃亡
02229412, 7.3, 1114, 最小说（2007.09 第十一辑）
19970056, 8.1, 402, 江南
02974971, 9.0, 175, 老海棠树
03584719, 6.3, 6835, 景年知几时
01082652, 8.3, 320, 爸爸在天上看我
01087934, 7.9, 487, 池莉小说精选
26947922, 8.0, 432, 有药
01309276, 6.7, 2817, 爱人的头颅
01056973, 6.5, 4189, 心的1/2
02148199, 8.1, 380, 现在让我们赞美富人
01036753, 6.5, 3983, 爱上爱情
01946862, 8.5, 242, 三寸金莲
01078128, 7.1, 1196, 何乐不为
01449981, 6.2, 6669, 无极
06017133, 6.6, 2755, 下一站·神奈川
03351931, 7.1, 1141, 多数人死于贪婪
27083662, 9.4, 108, 幸
25728167, 8.5, 217, 任航诗集
30332757, 9.4, 107, 大明锦衣卫之踏雪者
27617213, 7.5, 617, 手把手教你玩脱口秀
01082653, 8.4, 228, 往事
04290353, 8.3, 233, 沉没的甲午
26863265, 9.0, 128, 白纸味儿的书
10566132, 7.6, 480, 青年电影手册（第五辑）
30140448, 7.5, 532, 唐诗的读法
02362698, 6.6, 2100, 新狂人日记
05989228, 7.8, 370, 十四首素歌
02225732, 8.3, 222, 少年天子
01292069, 7.4, 588, 离
01445825, 6.5, 2423, 糖衣
01041111, 6.4, 2856, 北京娃娃
04783285, 7.9, 302, 明日歌·山河曲1
27044151, 6.7, 1536, 如果没有明天
25709399, 6.5, 2173, 不省心
04864202, 6.8, 1252, 小时代1.5·青木时代VOL.3
26881124, 9.1, 101, 王家衛
03086261, 7.5, 427, 华丽转身
02343030, 8.4, 166, 神精榜1
01077541, 7.8, 288, 我胆小如鼠
04912665, 7.5, 403, 张元：有种
25764469, 8.3, 174, 如此博学的饥饿：欧阳江河集
05364360, 7.8, 282, 水与火的缠绵
01042703, 7.8, 272, 站在虚构这边
03113301, 7.6, 320, 天使爱混蛋
10509933, 7.0, 684, 去趟民国
25893458, 7.6, 284, 空巢
04918257, 6.3, 1836, 风语
03389990, 7.4, 337, 暗算
04249099, 7.4, 325, 找呀找呀找工作
02004350, 6.9, 618, 饶雪漫全集之青春奇幻小说
26942507, 9.2, 67, 我的路2：时间海洋
06428081, 9.9, 45, 晶晶探奥秘-蛇国大战
06460712, 8.1, 152, 相声溯源
01004234, 7.0, 518, 宫崎骏的感官世界
01515701, 5.8, 4846, 天使街23号 Ⅰ
03235672, 8.6, 98, 血色湘西
25834799, 7.7, 210, 阵痛
01444220, 6.1, 2204, 她死在QQ上
05370449, 8.0, 153, 池莉经典文集
01032030, 6.3, 1253, 我为歌狂中终结本8848
30463577, 8.1, 126, 初瞳
21355908, 8.0, 134, 谋杀电影
01007562, 5.8, 3408, 哈佛女孩刘亦婷
02182284, 8.9, 66, 飞.日志
04823708, 6.9, 425, 鲁迅的胡子
05323568, 6.6, 640, 嗨！台北
01125871, 8.7, 70, 蓝花
02002866, 5.9, 2229, 天使街23号. V5
35007046, 9.1, 50, 聪明的老板不苛责摸鱼的人
04098259, 6.9, 342, 嬗变
35017678, 8.9, 54, 流溪
10519366, 7.0, 281, 神印王座3·永恒之塔
04915901, 7.6, 142, 她们说
01438244, 7.2, 212, 征婚启事
04040655, 7.4, 169, 那不勒斯的九月
26824352, 6.8, 328, 爵迹：永生之海
01138631, 8.7, 55, 猪豆木木
03086137, 7.8, 107, 静水深流
03921414, 7.6, 126, 离异的人
05985000, 7.8, 104, 慶餘年 參部曲 2 松芝仙令
05944680, 7.3, 159, 大家手笔
26915875, 7.9, 88, 极度分裂 01
03079006, 8.3, 63, 季羡林散文
20259484, 8.8, 45, 少壮派导演报告
04922734, 6.1, 646, 第四人称
04237518, 6.5, 332, 一本书读懂日本史
26754944, 8.3, 54, 持续执政的逻辑
30406313, 7.1, 150, 吴氏石头记增删试评本
33447469, 7.5, 100, 基金定投实战宝典
04178798, 6.4, 360, 海是天倒过来的模样
26940241, 9.1, 32, 船政史
03057677, 8.1, 58, 世界是你的
03124814, 7.9, 67, 绝版中国
02995371, 7.8, 70, 丑石
04201652, 7.7, 72, 毕淑敏养心妙语
25850135, 7.5, 81, 必须冒犯观众
27194802, 8.0, 54, 小散逆袭：手把手教你做量化定投
26824353, 6.1, 429, 爵迹：冷血狂宴
01393896, 7.5, 77, 伤心碧
03455790, 7.9, 55, 初中英语第一册(上)//九年义务教育三年制初级中学教科书
24636723, 8.9, 29, 散装麻雀
26859793, 7.6, 67, 王牌御史1
03741257, 6.4, 241, 棉花糖
26388421, 6.9, 127, 春闺梦里人（上）
04269705, 6.8, 139, 观念的街头
01094445, 9.0, 25, 老舍文萃
26994888, 8.7, 27, 用手绘思考
26265166, 6.6, 143, 欢喜
06810930, 6.9, 99, 说出去就会死
04083139, 6.5, 156, 天使暂时离开
01462169, 8.2, 34, 迷谷
05373478, 6.6, 133, 星
30423111, 8.5, 28, 中国卡车司机调查报告No.2
05984267, 6.6, 131, 高墙与鸡蛋
30318596, 7.0, 79, 三国•荆州
27056984, 8.6, 24, 星空club
27604219, 6.4, 115, 中国经济2018
03717250, 7.1, 55, 张爱玲传
06519758, 7.5, 39, 回家
02324950, 8.4, 20, 晴天娃娃 小果(CD)
01319054, 7.8, 27, 谢霆锋私人相册
27095299, 5.7, 222, 癸酉本石头记(后28回典藏版)
01206796, 8.0, 23, 身体上的国境线
03413941, 6.4, 81, 领导司机
30125625, 7.0, 44, 宝宝辅食添加每周计划
04283180, 7.7, 26, MOON vol.11
33422923, 6.5, 68, 陪你朝暮不相思
01059061, 6.3, 77, 厦门远华大案
03283274, 7.5, 27, 海明威传
07067055, 6.7, 48, 牛闪闪成长记
03182022, 8.2, 17, 浮躁
03198378, 6.1, 63, 青絲 下
20562509, 6.4, 44, 让我们一起恨天才
24859812, 7.5, 17, 林中小屋
01042725, 7.2, 20, 丧俗
30189860, 7.6, 13, 依侬画卿
06396833, 7.0, 17, 卜骨
01102848, 6.3, 25, 北京胡同女孩
04187226, 7.2, 13, 混乱之神
26853574, 6.4, 22, 蚀骨塔
10776221, 5.2, 79, 新妖怪志
01003773, 6.0, 23, 和珅传奇人生的成功与失败
03529722, 5.3, 30, 搜王李彦宏
04839944, 5.0, 15, 一块银元
34857209, 0.0, 12, 66节保险法商课
