2020-07-05 15:59:56

number of books, tag name
781, 军事

ID, rating, votes, title
01019568, 9.3, 122042, 三国演义（全二册）
01088022, 8.9, 19846, 亮剑
01949420, 9.4, 8771, 孙子兵法
03297466, 9.3, 4601, 我的团长我的团（上部）
06531656, 9.3, 4341, 麒麟之与子同袍
03511129, 9.4, 3794, 我的团长我的团（下部）
02026211, 9.0, 5775, 士兵突击
25891318, 9.0, 5494, 1453
26820347, 8.9, 5336, 红星照耀中国
06730371, 9.4, 2550, 麒麟之生死與共
02148992, 9.2, 3084, 亮剑
01851955, 9.3, 2738, 唐诗三百首
06533042, 9.2, 2908, 南明史
06730832, 9.4, 2176, 麒麟之快意人生
06896252, 9.5, 1943, 麒麟之兵天血地
25891321, 9.0, 3228, 海洋帝国
26853835, 8.3, 6765, 丝绸之路
01038241, 8.8, 3172, 兄弟连
26897747, 8.3, 6165, 黑旗
26296352, 8.9, 2628, 财富之城
26354200, 8.9, 2565, 华杉讲透孙子兵法
06879356, 9.5, 1154, 孙子兵法
02026281, 8.7, 2616, 大棋局
01396491, 9.1, 1559, 第三帝国的兴亡（全三册）
01125731, 8.8, 2122, 第三帝国的兴亡（上中下）
20499504, 9.4, 1079, 麒麟·戰爭之王·浴血南珈
20499500, 9.4, 1041, 麒麟·戰爭之王·劫後重生
20499503, 9.4, 1012, 麒麟·戰爭之王·海外護航
01009529, 8.8, 1826, 毛泽东、斯大林与朝鲜战争
03381387, 9.1, 1268, 论持久战
26451505, 8.9, 1541, 伯罗奔尼撒战争
01430597, 8.9, 1532, 狼群1
03418938, 9.0, 1334, 被遗忘的士兵
03824491, 8.9, 1436, 父亲的战场
05063131, 9.3, 923, 亮剑
01285504, 8.1, 3612, 狼牙
26435040, 8.3, 2557, 世界秩序
03106593, 8.7, 1525, 狼群(上、下)(全二册)
03880774, 8.8, 1341, 1944：松山战役笔记
10435653, 9.1, 904, 第三帝国的兴亡（上下册）
01928500, 8.7, 1388, 三十六计
03610090, 8.9, 1086, 第二次世界大战战史
26221838, 9.5, 565, 亮剑
01214303, 8.9, 1003, 韩非子
01392588, 8.0, 3083, 最后一颗子弹留给我
01009105, 8.9, 955, 战争论
30258604, 8.9, 934, 八月炮火
10740958, 8.8, 1025, 剑桥中国史（全十册）
26825933, 9.0, 817, 不含传说的普鲁士
02348135, 8.4, 1602, 拿破仑传
02140283, 8.2, 2030, 国破山河在
34204669, 8.2, 2000, 日本人为何选择了战争
01899764, 8.5, 1334, 长征
27025626, 9.1, 682, 君主论
01511912, 8.5, 1270, 高卢战记
03098671, 9.2, 589, 士兵突击完全版
01313195, 7.8, 3077, 冰是睡着的水
03432401, 7.9, 2622, 苦难辉煌
05376976, 8.7, 948, 德意志的另一行泪
04827423, 8.4, 1339, 浩瀚大洋是赌场
01207500, 8.8, 846, 布局天下
01314467, 9.6, 375, 读史方舆纪要
01000531, 8.7, 818, 第二次世界大战回忆录（全六卷）
26905142, 8.9, 648, 罗马帝国的陨落
01042928, 9.3, 441, 战争风云
01058889, 9.1, 524, 西洋世界军事史（全三卷）
01924904, 9.1, 487, 孙子兵法 孙膑兵法
04104794, 8.2, 1269, 有一类战犯叫参谋
01002958, 8.8, 638, 战争论（全三卷）
26826782, 8.5, 881, 恺撒
30297216, 9.0, 518, 克里米亚战争
01858458, 8.3, 1047, 兵以诈立
27102845, 8.4, 929, 最寒冷的冬天
03701605, 8.2, 1142, 朝鲜战争
03924388, 8.1, 1280, 解放战争（上）（1945年8月—1948年9月）
24869701, 9.3, 360, 无畏之海
28135034, 8.1, 1195, 南北战争三百年
01197914, 8.7, 568, 长征记
20259784, 8.7, 550, 大崩溃
01134086, 8.7, 549, 中国文化与中国的兵
24396667, 9.1, 368, 失去的胜利
26802226, 8.7, 530, 拿破仑大帝
26387790, 8.4, 727, 苦难辉煌（全新修订增补版）
01012114, 8.1, 1020, 远东 朝鲜战争
26917969, 9.3, 292, 华杉讲透《孙子兵法》（修订版）
26584746, 8.8, 458, 天谴行动
03728560, 8.1, 984, 孤独的幸存者
01860524, 9.4, 261, 战争史研究
01538532, 9.0, 364, 第二次世界大战战史（全二册）
26427189, 8.6, 532, 抗日战争
01001057, 8.4, 649, 龙旗飘扬的舰队
26600363, 9.4, 248, 失去的胜利
33454876, 8.0, 956, 中央帝国的军事密码
04090803, 8.3, 655, 商君书
01060204, 7.7, 1365, 历史的天空
26686622, 8.3, 644, 滑铁卢
04102053, 8.1, 804, 解放战争（下）（1948.10-1950.5）
01322401, 8.6, 461, 八月炮火
25891574, 9.1, 289, 甲午海战
02376738, 8.5, 504, 阅微草堂笔记
26912644, 8.2, 689, 冷战
26600365, 9.5, 199, 隆美尔战时文件
01421547, 8.2, 632, 猎杀“红十月”号
01264559, 8.5, 449, 闪击英雄
01214078, 8.7, 366, 第二次世界大战回忆录
01312942, 8.6, 398, 隆美尔战时文件
04145391, 9.2, 232, 第三共和国的崩溃
26640805, 8.1, 671, 午夜将至
01920619, 7.7, 1092, 刺客
03782155, 8.7, 352, 印度对华战争
26959626, 8.9, 293, 战争的余烬
26896530, 9.0, 267, 美丽与哀愁
03803518, 8.7, 344, 日落共青城
26582466, 8.8, 299, 银翼夜枭01：暗夜女巫
01023495, 8.9, 273, 战争论（全三卷）
26575912, 9.2, 209, 银翼夜枭03：伍尔夫与莉莉娅
26782012, 8.6, 351, 医院骑士团全史
26663098, 8.3, 459, 第二次世界大战在亚洲及太平洋的起源
20399472, 8.8, 282, 经略幽燕
26258900, 8.4, 413, 俄国与拿破仑的决战
26387875, 9.2, 199, 1944：松山战役笔记（增订本）
03711433, 8.1, 562, 五轮书
26614493, 8.9, 253, 华杉讲透孙子兵法
03434743, 7.9, 675, 尊严不是无代价的
01872721, 7.8, 763, 历史的天空
24527472, 8.3, 424, 狗日的战争
04117627, 8.5, 330, 千古名将英雄梦（壹）
04293155, 8.6, 299, 士兵的重负
27138726, 9.0, 210, 最长的一天
01007918, 8.6, 297, 第一次世界大战回忆录（全五卷）
10577556, 7.8, 682, 中东现场
30406745, 9.3, 161, 三国兵争要地与攻守战略研究
24851444, 9.4, 148, 断剑
26865732, 8.4, 345, 纳粹医生
27086018, 8.5, 311, 南京1937
01915910, 8.3, 379, 内战记
30362495, 8.7, 258, 企鹅欧洲史·追逐荣耀
06090958, 9.1, 184, 战争改变历史
01436076, 8.6, 281, 凯恩舰哗变
25725055, 9.2, 168, 一战秘史（修订版）
27093323, 8.1, 454, 百年战争简史
01160154, 8.1, 430, 亚历山大远征记
02058587, 8.8, 216, 遥远的桥
20386240, 9.1, 168, 中国历代战争史（第1册）
01811695, 8.5, 277, 高山下的花环
01058527, 8.6, 250, 孙子兵法新注
26433342, 8.1, 403, 波斯战火
21328036, 7.5, 826, 逃离德黑兰
26598329, 8.9, 190, 战争风云
01430895, 7.9, 483, 超限战
11629001, 9.1, 157, 中国的兵
25885817, 8.5, 260, 1944：腾冲之围
05941142, 8.0, 427, 左宗棠传
20278566, 7.4, 895, 艰难一日
26899255, 7.4, 881, 进击的局座
03149816, 8.8, 195, 中途岛海战
02216197, 9.0, 161, 粟裕战争回忆录
02183783, 8.6, 220, 粟裕回忆录
24849025, 7.3, 944, 战争就是这么回事儿
26612175, 8.7, 200, 史迪威与美国在中国的经验（1911-1945）
30197313, 9.1, 145, 士兵突击
03827061, 8.4, 260, 二战风云2
10825075, 8.8, 182, 巨人的碰撞
03770531, 8.9, 165, 北洋海军舰船志
10487779, 8.6, 212, 兵以诈立
10608507, 9.2, 131, 十一家注孙子
34783968, 8.7, 194, 蒋介石的战略布局（1939-1941）
01427451, 8.7, 193, 驼峰航线
03875719, 8.8, 177, 中国古代战争的地理枢纽
02008590, 8.8, 171, 西方战争艺术
20399478, 8.7, 185, 拓边西北
02156890, 8.8, 169, 第三帝国内幕
02210591, 8.3, 261, 史迪威与美国在中国的经验
01908673, 8.6, 198, 特战先驱
26577842, 8.5, 216, 抗日战争
01420498, 8.7, 179, 图说西洋甲胄武器事典
10789137, 8.2, 282, 雪白血红
26766981, 8.3, 254, 帝国之弧
01048632, 8.5, 209, 西方战略思想史
26213988, 7.8, 423, 革命之夏
02982254, 8.1, 305, 蒋介石王牌悍将张灵甫传
10435585, 8.1, 305, 明末农民战争史
26666022, 9.1, 128, 战争与回忆
25733363, 9.0, 135, 从战争中走来
26646483, 8.8, 157, 不折之鹰
03270380, 8.5, 202, 西方美学史纲
26593066, 8.4, 220, 抗日战争
03527808, 9.3, 107, 《潜伏》创事纪
02344062, 8.3, 239, 美军生存手册
10587458, 8.7, 166, 从战争到战争
01003136, 8.1, 284, 战争论
04290353, 8.3, 233, 沉没的甲午
01227902, 8.8, 151, 中国抗日战争正面战场作战记
04861161, 8.8, 151, 燃烧的岛群
25859085, 9.4, 97, 海权论
26582461, 8.4, 207, 闪击英雄
26751983, 8.3, 226, 隐形军队
02307859, 8.7, 159, 曾胡治兵语录
25895918, 8.2, 244, 1661，决战热兰遮
06783954, 8.6, 168, 山的那一边
02235852, 8.3, 218, 克里姆林宫的枢机主教
26293794, 8.3, 218, 二战史
25750844, 8.8, 142, 狗日的战争2
23038645, 8.9, 131, 帝国骑士（第1卷）
03797108, 8.6, 166, 画说中国历代甲胄
04882046, 8.2, 237, 第一次世界大战战史
21268040, 8.8, 140, 竞逐富强
26974867, 8.3, 214, 五角大楼之脑
25953929, 7.4, 573, 一战简史
01679427, 9.3, 97, 抗日战争正面战场（上中下）
01010262, 8.7, 151, 闪电战
19971138, 8.7, 144, 泥泞中的老虎
03100196, 8.8, 132, 六韬
27019662, 8.9, 122, 地中海与菲利普二世时代的地中海世界
26594136, 9.1, 105, 二战史诗三部曲
01919843, 9.5, 80, 林副主席论战术思想与战斗作风
27156011, 9.1, 104, 最后一役
01427421, 8.1, 236, 惊天核网（上下册）
24855142, 8.5, 162, 焦土:苏德战争(1943-1944)
20480824, 8.3, 193, 大国的兴衰（下）
01607720, 9.1, 101, 孙子兵法 孙膑兵法 附三十六计
01313421, 8.2, 209, 古德里安将军战争回忆录
27096824, 8.3, 187, 决战朝鲜
26858119, 8.5, 156, 轰炸东京
30315038, 9.4, 80, 论持久战
27090330, 8.1, 221, 进击的局座：悄悄话2
26435048, 8.2, 197, 遥远的桥
34820917, 8.2, 196, 第一次十字军东征
26416956, 7.7, 325, 战争史
26587298, 9.6, 69, 大国外交
02047854, 9.3, 83, 国际事务概览.第二次世界大战（全11卷）
01082930, 8.2, 194, 德军总参谋部
26835575, 8.2, 193, 十字军史
04104406, 8.4, 161, 简氏枪械鉴赏指南
27065440, 8.9, 108, 二战大牌局
01690499, 8.6, 134, 二战军服全记录
01261139, 8.7, 122, 制空权
02337526, 8.4, 152, 冈村宁次回忆录
30358492, 7.7, 298, 从丹药到枪炮
01427460, 8.3, 165, 燃眉追击
02223671, 8.8, 110, 一招制敌-徒手格斗大全
01084607, 8.1, 197, 第二次世界大战的回顾与省思
25918080, 8.3, 160, 苏联军队的瓦解
01490396, 7.8, 255, 中国的1948年
03244719, 8.9, 98, 拓邊西北
10799669, 8.3, 154, 海权论
01247901, 8.7, 111, 中国历代军事战略（上下）
01027808, 8.6, 119, 战略论
01726000, 8.5, 128, 吴子兵法
26863068, 8.7, 109, 不列颠太阳下的美国海权之路
25790419, 8.3, 149, 步兵攻击
34876875, 8.8, 100, 透过地理看历史
02131180, 8.3, 147, 中国刀剑
30394477, 8.8, 98, 浩瀚大洋是赌场
05990882, 8.4, 133, 国防论
26293216, 7.2, 463, 二战简史
26734935, 9.1, 79, 大东亚战争全史
26815710, 7.7, 255, 知中·孙子兵法指南书
25862563, 8.4, 132, 死亡之手
01475741, 8.1, 171, 绝望中诞生
30270816, 9.2, 73, 泥足巨人
27601526, 8.8, 95, 中世纪战争艺术史（第一卷）
04734380, 9.0, 82, 普洛科皮乌斯战争史
27069926, 8.2, 152, 朝鲜战争
02343045, 8.1, 165, 诺曼底登陆
01156993, 9.3, 67, 维诺那计划
01275950, 9.3, 67, 纪效新书
27037093, 8.3, 138, 拼实业
01163629, 8.6, 107, 缔造战略
01491862, 8.4, 123, 中国兵器史稿
26579840, 8.5, 113, 亚历山大战史
05252169, 9.8, 48, Iron Kingdom
25829252, 7.9, 187, 最残酷的夏天
01030243, 8.6, 101, 孙子三论
10772478, 8.6, 101, 剑拔弩张的盟友
06938352, 8.9, 81, 国防论
01689655, 8.8, 85, 岳飞和南宋前期政治与军事研究
06039257, 8.3, 124, 猎杀“红十月”号
02701313, 7.9, 177, 虎贲万岁
25855959, 7.8, 194, 战争从未如此热血1
26295466, 8.0, 159, 虎部队：国民党抗日王牌七十四军
01059491, 8.4, 112, 山本五十六
01074900, 8.7, 89, 猎杀红色十月号
03196793, 8.5, 103, 隆美尔
04746569, 8.2, 131, 驼峰航线
20492088, 8.6, 95, 中国历代战争史（第4册）
01343503, 8.8, 82, COMBATBIBLE戰門聖經
34912074, 9.1, 67, 大海战
25846881, 7.8, 187, 无路可退的战士
26766852, 7.3, 309, 杀戮与文化
01735165, 9.8, 43, 世界地图集
01036402, 8.0, 147, 战争艺术
20386242, 8.8, 78, 中国历代战争史（第3册）
30432968, 9.0, 68, 有一类战犯叫参谋
02046813, 8.5, 95, 恶魔导演的战争
01005019, 8.6, 87, 日本人眼里的朝鲜战争（上下）
02229940, 8.6, 87, 中国历代战争史（1—18）
30267190, 8.3, 108, 战争史
27089758, 7.6, 203, 日俄战争
23489419, 8.8, 73, 靖海澄疆
01378845, 9.1, 60, COMBATBIBLE2戰門聖經2
24849654, 8.4, 97, 中国历代战争史（礼品装）
25741359, 8.6, 83, 英国陆军史
01683521, 8.5, 89, 战争艺术概论
01261135, 7.8, 161, 总体战
03262678, 9.1, 59, CAT SHIT ONE越戰狂想曲(0)
34857903, 9.0, 62, 战斗妖精·雪风 〈改〉
01084608, 8.4, 94, 历史与战略
34866949, 7.9, 143, 独霸中东
05327987, 8.7, 75, 二战风云4：地狱之门
01040650, 8.1, 118, 战略研究
24874063, 8.3, 100, 决战葛底斯堡
26989765, 8.7, 74, 军人与国家
02025814, 8.4, 92, 虚拟演兵：兵棋、作战模拟与仿真
34978585, 9.3, 50, 战争的试炼
24862738, 8.7, 73, 帝国骑士（第2卷）
24742976, 8.0, 126, 红圈 : 海豹突击队前狙击手总教练回忆录
24878141, 7.2, 279, 心胜
04293818, 9.1, 54, 伯罗奔尼撒战争史
21519621, 8.5, 80, 中国古代军戎服饰
35006321, 8.2, 100, 条顿骑士团
03178518, 8.3, 92, 世界武器图典
05502199, 7.9, 128, 战争的文化
01010475, 8.0, 114, 战略家
04165529, 7.6, 164, 海图腾
01702679, 8.8, 62, 火的考验
03449736, 8.4, 81, 原子弹秘史（上下册）
06390078, 7.6, 159, 太平洋战争
01418100, 8.2, 93, 獵殺紅色十月號
19958706, 8.6, 69, 龙旗飘扬的舰队
02372461, 8.5, 74, 说剑丛稿
20365862, 8.0, 108, 士兵系列004:士兵
25907759, 7.5, 172, 中国，被遗忘的盟友
04838087, 8.5, 72, 最后的胜利
26971246, 9.2, 46, 大秦帝国
34978375, 8.9, 55, 普法战争
26603265, 7.4, 187, 十杆枪
30284403, 7.6, 151, 图说世界格局
04016458, 8.0, 104, 死神镰刀
34453015, 8.8, 57, 拓边西北
10522646, 8.2, 87, 刀剑
27085807, 8.1, 94, 飞虎队
20501523, 8.4, 74, 马世民的战地日记
33377948, 7.8, 118, 我是怎样设计飞机的
04912691, 8.1, 91, 边镇粮饷
34887403, 9.3, 41, 亚历山大继业者战争
26369400, 7.2, 212, 朱可夫
02156564, 8.6, 62, 中国古兵器论丛
03114172, 9.0, 48, 第二次世界大战史
25830990, 8.4, 71, 为将之道
01066993, 7.8, 114, 黄克诚自述
26629399, 8.9, 50, 朱可夫
27205430, 7.9, 103, 1944阿登战役
30458192, 8.6, 60, 战争的一瞬间
01531549, 7.8, 111, 中国古代军戎服饰
04907526, 7.8, 110, 黑色雪绒花
26842603, 8.9, 49, 通往柏林之路(集合卷)(典藏版)
02377370, 8.4, 67, 绿色贝雷帽
03198455, 7.6, 129, 百战奇略
26364218, 7.1, 215, 金一南讲：世界大格局，中国有态度
33369909, 8.5, 61, 经略幽燕
04104400, 8.6, 57, 简氏飞机鉴赏指南
18606608, 8.8, 50, 十一家注孙子校理/新编诸子集成
26789805, 8.3, 70, 秦汉军制演变史稿
01232527, 7.8, 103, 为将之道
26646663, 9.3, 37, 飞机全书
25720158, 9.1, 41, 民国海军舰船志
21365815, 8.7, 52, 兵法简述
20283225, 9.7, 30, 最强航母
01474656, 7.5, 132, 枪火
10528619, 8.3, 67, 枪
34451242, 8.3, 67, 第二次世界大战军服、徽标、武器图解百科
03147347, 9.6, 31, 世界海军史
27061666, 7.6, 117, 魂兮归来
01735469, 9.5, 32, 中国军事通史
30389780, 8.5, 57, 深蓝帝国
03931947, 8.1, 76, 南宋地方武力
25666026, 7.6, 116, 我的河山：会战
33409772, 8.9, 44, 皇帝的刺刀
01536632, 9.0, 41, 练兵实纪
01347417, 8.8, 46, COMBATBIBLE3戰門聖經3
26856471, 8.8, 46, 长征（修订版）(上下）
26668276, 9.5, 31, 无畏之海
34826130, 8.3, 63, 滑铁卢
03288259, 7.3, 149, 明斯克号出击
03591511, 9.3, 34, 第二次世界大战史
01734121, 8.5, 54, 现代战略的缔造者
03664005, 7.4, 132, 日本最漫长的一天
03064854, 7.4, 130, 一招制敌
04828954, 8.8, 44, 太平洋战争三部曲之3：机动部队
10557674, 9.0, 39, 三略
26373296, 7.9, 82, 普鲁士之战：1944-1945
25854442, 8.1, 70, 东方风暴
33446820, 9.3, 33, 日德兰1916
26736881, 7.6, 105, 不需要的战争
27076514, 9.4, 31, 导弹和向日葵
02007523, 7.2, 154, 锅盖头
04715209, 9.6, 28, 建国以来毛泽东军事文稿
01397176, 9.0, 38, 美国陆军军官手册
26244052, 9.0, 38, 英国海上主导权的兴衰
30418154, 9.0, 38, 重探抗戰史（一）
27617734, 8.3, 58, 我在美军航母上的8年
05328157, 8.0, 72, 日本海军联合舰队舰艇全览
04236320, 7.5, 110, 马上天下
01964659, 8.1, 66, 彭德怀传
26916444, 8.1, 66, 太平洋战争（二）铤而走险
33369984, 8.7, 44, 第一次世界大战军服、徽标、武器图解百科
01772150, 8.2, 61, Old Man&#39;s War
03262646, 8.4, 53, 谍海孤舟
26684341, 8.4, 53, 远去的胜利
01682295, 8.5, 49, 唐代前期北衙禁军制度研究
01488414, 8.4, 52, 装甲战
25890010, 8.1, 64, 一战画传
01215321, 8.3, 55, 简氏枪械识别指南
01077748, 8.2, 59, 尼米兹
03760936, 8.8, 40, 靖海澄疆
21871073, 8.5, 48, 悄悄的自杀
02028864, 8.6, 45, 亚洲古兵器图说
19986223, 7.4, 114, 解放军为什么能赢
24307332, 8.3, 54, 高卢战记
03105892, 8.0, 67, 从沉沦到荣光
24734255, 7.4, 112, 这才是战争
03149496, 7.5, 101, 图解世界战争战法/中世纪时期
03149439, 7.6, 92, 图解世界战争战法/近代早期
02306698, 8.3, 53, 将苑-中国第一将领圣经
25709394, 7.8, 77, 我的河山：幕后
05367509, 7.7, 83, 超限战
26667350, 7.7, 83, 明帝国边防史
26021360, 7.5, 99, 太平洋战争
01052510, 8.4, 49, 兵法简述
01891428, 8.0, 65, 孙膑兵法
25785260, 8.9, 36, 航母舰队司令
25743313, 8.3, 52, 大国与将军
01975991, 7.7, 82, 大纵深战役理论
05402000, 9.1, 32, 用兵之道
26940241, 9.1, 32, 船政史
01347719, 8.2, 55, COMBATBIBLE4戰門聖經4
02138365, 8.4, 48, 狙击战术技巧手册
20492091, 8.4, 48, 中国历代战争史（第8册）
01082287, 8.1, 59, 英国皇家特种部队训练手册
26038620, 7.9, 68, 张召忠说军事
03437585, 8.8, 37, 海权论
30468404, 9.4, 27, 日俄海战1904—1905
01043171, 7.8, 73, 恺撒战记
27625616, 7.6, 86, 战争的面目
03772617, 8.4, 47, 碧海群狼（上下册）
34995650, 8.3, 50, 战争的本质
26871014, 9.1, 31, 李卫公问对校注
01842265, 8.4, 46, 马歇尔
30156818, 8.3, 49, 劳工神圣
26709125, 8.9, 34, 情报的兴衰
33428439, 8.6, 40, 罗马世界甲胄、兵器和战术图解百科
27168443, 7.5, 90, 1683维也纳之战
26307241, 7.9, 64, 倭寇战争全史
27131708, 7.8, 69, 最漫长的下午
24759008, 7.8, 68, 大国作手
33422825, 8.6, 39, 珍珠港
30140265, 8.3, 47, 最后的武士
06039256, 7.5, 87, 爱国者游戏
20504848, 7.5, 87, 瓦良格谜局
27099830, 8.7, 36, 决战
02148691, 7.8, 66, 古代战争与西方战争文化
30432886, 8.2, 49, 进击的局座：悄悄话3
01221549, 8.9, 32, 饮冰室合集集外文（上中下）
02730747, 8.9, 32, 十九顆星
01064595, 9.3, 26, 世界军事历史全书
26667881, 7.5, 84, 中原大战
02183561, 7.7, 70, 徐向前回忆录
26263327, 7.6, 75, 战场决胜者 001
34887406, 8.0, 54, 两次世界大战之间的日本陆军
03662224, 7.5, 80, 跨海之战
20514825, 7.5, 80, 美国军队及其战争
05974576, 7.8, 62, 党卫军第3骷髅装甲师
04114530, 8.7, 34, 攻击攻击再攻击
35024023, 8.7, 34, 西方史纲
27167481, 8.0, 53, 大崩溃
30248300, 8.2, 46, 烽火巴黎
26614559, 7.4, 85, 彭大将军
26139619, 8.9, 30, 老兵长存
06900673, 8.4, 40, 武装党卫军第十二“希特勒青年团”装甲师官方战史（中册）
26373673, 8.0, 52, 复盘甲午
26838122, 8.1, 48, 痞子英雄
27156799, 8.3, 42, 军功爵制研究
26314599, 7.6, 70, 亲历抗美援朝战争
01197691, 7.3, 91, 二战时期苏德军服图说
25709395, 7.3, 91, 我的河山：人物
30591935, 6.9, 137, 日俄战争
25814673, 9.5, 22, 驼峰空运
26801246, 8.8, 31, 浴血太平洋
30329246, 7.4, 82, 古代中国的战争之道
01754870, 9.2, 25, 契丹王朝政治军事制度研究
30163883, 9.2, 25, 二战史诗三部曲 （修订珍藏版）
01764127, 7.9, 54, 克里姆林宫的红衣主教
04238535, 7.9, 54, 城市作战
04861167, 7.8, 58, 北极光下的幽灵
33406373, 7.8, 58, 现代的异化
06038873, 8.6, 34, 惊天核网（上、下）
26083929, 7.0, 118, 阴影中的军队
02344596, 7.9, 53, 今井武夫回忆录
03138950, 8.0, 49, 麦克阿瑟回忆录
25979254, 8.5, 35, 美国特种部队
25790377, 9.2, 24, 锋从磨砺出
26742278, 8.3, 39, 日本·军鉴001：萨长政权
03574002, 7.5, 70, 图解五轮书
26314645, 7.5, 70, 最寒冷的冬天Ⅳ：日本人眼中的朝鲜战争
27044861, 8.9, 27, 崩塌的世界
27056065, 6.7, 151, 这才是美军
03426318, 8.2, 40, 战略入门
26430793, 9.3, 22, 图解第三帝国空军综合事典1935-1945
25804595, 7.9, 48, 战争事典003
24882079, 7.4, 71, 二战德国陆军单兵装备
26666113, 8.9, 26, 中国古兵器集成
06785573, 7.8, 51, 黑天鹅之死-武装党卫军的最后一战
27050282, 8.0, 44, 麦克阿瑟回忆录
06811621, 8.4, 34, 美军生存手册
25892650, 7.6, 59, 孤独的幸存者Ⅱ
01755401, 7.9, 47, 一九八五年八月的第三次世界大战
25769810, 7.0, 101, 最寒冷的冬天Ⅲ
30136467, 8.8, 27, 美国内战回忆录
06886313, 9.3, 21, 堑壕里的机枪
30466207, 8.0, 43, 军事革命？
04100226, 8.7, 28, 全甲板攻击
01975142, 8.1, 40, 艾森豪威尔回忆录
21966326, 7.5, 62, 国家威胁
34857886, 8.5, 31, 战斗妖精·雪风 GOOD LUCK
25845733, 8.9, 25, 南太平洋海战记
27054507, 8.0, 42, 金一南讲：世界大格局，中国有态度（再版）
34802158, 7.7, 52, 韦伯与马克思
26613727, 8.8, 26, 美国记者眼中的八路军
26847753, 7.5, 60, 割裂世纪的战争
30347173, 7.5, 60, 六舰
06803241, 7.3, 71, 走向深蓝（上下）
27097443, 8.4, 32, 永不屈服：丘吉尔自传
26802165, 8.2, 36, 战略论：间接路线
26305941, 9.3, 20, 北洋海军舰船志（修订版）
30324028, 9.3, 20, 亚洲古兵器图说
27592318, 8.6, 28, 第二次世界大战（1939-1945）
26387803, 7.3, 69, 勒热夫绞肉机
07163657, 7.8, 46, 绝美谋杀
01166685, 8.8, 25, 航空发动机
04738707, 8.1, 37, 火力1
34462470, 6.4, 177, 黄同学漫画二战史
20506596, 7.6, 52, 不平等的世界
26667449, 7.0, 88, 武士崛起之路
27001210, 7.5, 56, 太平洋战争（三）不宣而战
26890912, 8.9, 23, 斯大林格勒三部曲第一部：兵临城下（1942.4—1942.8）
02101388, 8.0, 38, 苏联军队是怎样崩溃的
03236045, 8.0, 38, 热的雪
34431267, 9.4, 18, 巴巴罗萨脱轨.第二卷
27146622, 8.2, 33, 美国的凯撒大帝：麦克阿瑟（上）
01261130, 7.9, 40, 理论后勤学
30184217, 8.1, 35, DK武器大百科：一部兵器与装甲的视觉史
25799742, 7.7, 46, 战争事典002
26312202, 7.7, 46, 南越第一共和國興亡史
26422335, 7.4, 58, 帝国强军：欧洲八大古战精锐
26593737, 7.4, 58, 回形针行动
27094419, 8.6, 26, 斯大林格勒三部曲第三部
30143010, 8.6, 26, 步兵攻击
30198242, 8.4, 29, 叙利亚战争沉思录
20381811, 9.0, 21, 战友同志
25944496, 9.0, 21, 美国军事史
06808595, 7.9, 39, 北洋海军珍藏图片集
27126835, 9.1, 20, 中国近代海军史事编年（1860—1911）
30422551, 9.1, 20, 巨浪上的舰队
30165152, 8.0, 36, 莫斯科战役1941
01491283, 8.4, 28, 冷战时期局部战争大参考
03735762, 8.4, 28, 聂荣臻回忆录
26845769, 7.5, 50, 论游击战
04827990, 8.8, 22, 布列斯特的要塞
27040630, 8.8, 22, 斯大林格勒三部曲第二部
06746318, 6.3, 167, 百年航母
05384919, 8.0, 34, 舰船知识
03071264, 8.2, 30, 郑洞国回忆录：我的戎马生涯
27040390, 6.6, 113, 朝鲜战争
25792589, 6.9, 81, 李奇微回忆录
34451966, 6.7, 99, 兵者不祥
34886855, 10.0, 13, 制胜的科学
19981010, 7.9, 35, 火蓝刀锋
06965469, 8.9, 20, 孙子浅说
01280000, 9.4, 16, 宋夏关系史
27093191, 9.4, 16, 斯大林格勒三部曲第三部（第二卷）：终局（典藏版）
01042297, 9.1, 18, 粟裕军事文集
04137277, 7.6, 42, 血肉磨坊
34996408, 8.0, 32, 亚洲与一战
26390172, 7.7, 39, 战败之夏
27057403, 6.6, 103, 大国战略
25767538, 8.2, 28, 号角1
26836381, 7.8, 36, 战争论
30140718, 7.4, 48, 斯科尔茨内回忆录
30157677, 8.7, 21, 列宁格勒战役
30353744, 8.9, 19, 通往斯大林格勒之路
01396390, 7.6, 40, 中国战线从军记
03714675, 7.6, 40, 烈火金刚
26821842, 7.2, 54, 谋帅刘伯承
02017224, 8.0, 30, 司马法
26374164, 9.2, 16, 第二次世界大战全史
27117928, 9.2, 16, DK士兵百科
26852345, 8.7, 20, 超越战争论
26709509, 8.5, 22, 民国海军舰船志
07067397, 7.4, 44, 简氏飞机鉴赏指南
30279627, 9.0, 17, 英国太平洋舰队
04219646, 7.7, 34, 宋元战争史
06983497, 8.0, 28, 唐代蕃将
30228947, 9.1, 16, 雪白血红
26922301, 6.5, 97, 怛逻斯之战
03140142, 7.3, 45, 終極傭兵01
27017875, 7.1, 53, 胜利的法则
20385769, 6.3, 122, 美军第一狙击手
27093315, 6.7, 77, 帝国的坟场
34917654, 9.6, 13, 三国兵争要地与攻守战略研究
20423469, 8.8, 18, 哈尔科夫之战图集
30484825, 7.8, 31, 战神粟裕
25845838, 7.5, 38, 战争事典004
03269759, 7.6, 35, 在志愿军司令部的岁月里
03398189, 8.0, 27, 国民党军事制度史（上下）
02223111, 8.2, 24, 缅甸，中日大角逐
26422318, 8.2, 24, 海战事典001
01312465, 7.2, 47, 中国历史中的决定性会战
06776635, 6.9, 61, 名将之死（红卷）
26717031, 7.0, 55, 帝国强军：中国八大古战精锐
02337482, 8.1, 25, 希特勒副官的回忆
04006945, 7.9, 28, 被遗忘的战斗
26372181, 8.4, 21, 决胜诺曼底
01491294, 8.3, 22, 世纪末局部战争大参考
26628986, 7.6, 33, 战场决胜者 002
27000940, 6.8, 62, 欧洲的陨落
33439369, 8.9, 16, 从闪电战到沙漠风暴
25865673, 8.0, 25, 抗战机密档中日军队轻武器史料
01172729, 7.2, 43, 开国第一战(上下册)
06039218, 7.5, 34, 冷血悍将
30288258, 8.2, 22, 唐代行军制度研究（增订本）
30356969, 7.5, 33, 重读《论持久战》
26879889, 8.0, 24, 希特勒的救火队员
34907837, 8.0, 24, 战斗妖精·雪风 不破之矢
01669524, 9.3, 13, 毛泽东军事文集(豪华本 全六卷)
01754866, 9.3, 13, 契丹王朝政治軍事制度研究
34808295, 9.1, 14, 从投石索到无人机：战争推动历史
04924947, 9.5, 12, 毛泽东军事文选 : 内部本
25894845, 8.3, 20, 16-17世纪西方火器技术向中国的转移
33391383, 8.3, 20, 明末农民战争（修订版）
35023262, 8.3, 20, 规训、惩罚与征服
30464976, 8.2, 21, 库尔斯克会战
02343552, 8.6, 17, 四野·纵横天下
34832803, 7.3, 36, 冷战启示录
03572870, 8.7, 16, 武经七书
34908382, 9.2, 13, 东线坦克战
02140976, 8.2, 20, 史迪威事件
01443698, 7.3, 35, 第二次世界大战史
25720183, 7.7, 26, 他选择了中国
30131482, 7.8, 24, 战争科学论--认识和理解战争的科学基础与思维方法
24734184, 8.3, 18, 国防论
34882177, 8.3, 18, 一本书看懂枪械百年史：从无烟火药到理想单兵战斗武器
06982525, 7.4, 30, 雄心铁拳
24529918, 7.5, 28, 缅甸战役
26281156, 6.9, 44, 海豹突击队
10494245, 7.3, 32, 自由开火地带
26773050, 7.4, 29, 日本航空母舰全史
33436264, 8.1, 19, 第一次世界大战的起源
03196794, 7.5, 27, 蒙哥马利
11520730, 8.0, 20, 六韬.三略译注
01157384, 8.3, 17, 克劳塞维茨传
27033891, 8.3, 17, 丧钟为谁而鸣
26281734, 7.6, 25, 美國狙擊手【限量電影書衣版】
02173815, 8.7, 14, 守城录注译
30288260, 8.4, 16, 医院骑士团九百年
34873178, 8.4, 16, 决胜波罗的海
26712681, 7.7, 23, 坚不可摧
06794385, 8.1, 18, 对地！对地！
26576301, 7.5, 25, 破晓的军队
01622953, 8.3, 16, 血战台儿庄
26589033, 8.4, 15, 近代日本对华军事谍报体系研究（1868-1937）
03494237, 8.0, 18, 红鹰中队
26995489, 7.8, 20, 南美大陆的战火
25715230, 7.3, 27, 二战德国王牌飞行员
25962576, 8.3, 15, 第二次世界大战史（上、下）
05503478, 8.6, 13, 商代战争与军制
30255019, 6.9, 35, 美国国防部如何审查电影
26755854, 6.6, 45, 没有不可能的任务
04221978, 6.4, 54, 遍地狼烟
26388423, 7.6, 21, 奠边府战役
26955243, 6.5, 48, 超限战与反超限战
25969254, 8.7, 12, 中途岛奇迹
10603430, 5.5, 169, 二战意大利爆笑史
01373665, 6.6, 42, 熊與龍（上＋下）
25710280, 7.6, 20, 兰德报告
30284734, 7.6, 20, 古希腊罗马军事史
06809069, 6.3, 54, 从南京到台北
01024469, 7.3, 23, 战争离我们有多远
01873843, 7.6, 19, 北宋武將研究
05259465, 7.6, 19, 二战装甲战术
26576636, 7.5, 20, 鸢尾花的海上浮沉
28553487, 6.2, 57, 我在伏龙芝学军事
30270817, 7.2, 24, 战术
33424505, 8.5, 12, 崛起与毁灭
02009606, 8.0, 15, 世纪战争（上下卷）
26643267, 8.0, 15, 血色财富
27050387, 8.0, 15, 枪支中的科学
33372578, 7.5, 19, 骑兵论
01265258, 7.8, 16, 陆军五星上将乔治·C·马歇尔
01941955, 6.6, 36, 中国历代军事装备
01270005, 6.7, 33, 四野战事珍闻全记录
26613280, 7.4, 20, 英国战列舰全史 1914-1960
26771982, 7.4, 20, 战争事典018
25789524, 7.9, 15, 充满血腥的死亡之路
27093192, 8.8, 10, 斯大林格勒三部曲
19957225, 6.9, 27, 黑色闪电
33474399, 7.5, 18, 海权
01370711, 7.6, 17, 總統命令&lt;上下合售&gt;
30412913, 5.9, 70, 战上海
01221212, 7.7, 16, 二野战事珍闻全记录
30451628, 8.1, 13, 德国战列舰“俾斯麦”号覆灭记
27037771, 8.4, 11, 西貢淪陷
27042831, 8.4, 11, 杀器
01541307, 7.6, 16, 第四野战军征战纪实
26701710, 7.2, 20, 败在海上
03117125, 8.6, 10, 太白阴经
26414638, 7.2, 19, 郁金香的海上兴衰
26368758, 7.7, 14, 诺曼底1944
11528819, 8.0, 12, 大国威仪
30223170, 8.0, 12, 新军会操
26739346, 7.4, 16, 苏俄战略火箭军全史
30191246, 7.4, 16, Army of None
07161289, 7.1, 19, 简氏特种作战装备鉴赏指南
02114671, 7.5, 15, 鏖战锦州城-国共生死大决战
07154545, 6.6, 27, 简氏舰艇鉴赏指南
05391092, 8.1, 11, 悲歌三湘
26385861, 7.7, 13, 中西火炮与英法联军侵华之役
26930025, 7.7, 13, 战场决胜者005
04087920, 7.3, 16, 成为美国海军陆战队员
26667889, 7.1, 18, 中日装甲兵全史 1938-1945
25837354, 6.5, 27, 陆权论
05399047, 8.2, 10, 二战坦克装甲
33451439, 8.2, 10, 国防军
03238108, 6.8, 21, 1895-1912年中国军事力量的兴起
06014907, 6.8, 21, 昨日军统
30180502, 7.6, 13, 东线：辽阔的南方大地
10456838, 7.9, 11, 极地战争
01647848, 7.7, 12, 海豹突击队
34976595, 7.6, 12, 少数给中国的飞机
22275285, 6.8, 18, 最后的天朝
30338474, 7.5, 12, 战场决胜者
27609867, 6.0, 33, 叙利亚战争启示录
01270004, 7.6, 11, 三野战事珍闻全记录
34461200, 7.6, 11, 俾斯麦战争中的普鲁士军队
34954826, 7.8, 10, 诺门罕1939
04844588, 6.9, 16, 战地指挥官
30167303, 7.1, 14, 东线
26438161, 6.6, 19, 古兵雕虫
25875718, 6.8, 16, 林彪元帥文集（全二冊）
10544884, 6.3, 20, 党卫军秘密档案
06506962, 6.6, 16, 钢铁苍穹
27943052, 6.5, 16, 有趣的时代
03318725, 7.3, 10, 秘密战五百年
27118713, 5.6, 33, 朝鲜战争
03262742, 7.0, 11, 裝甲擲彈兵
01042121, 6.7, 13, 中国古代士兵生活与征战
30376816, 6.3, 17, 德国总参谋部
04933131, 6.7, 12, 中南海往事追踪报告（上、下）
34980987, 6.7, 12, 21世纪战争论
01638494, 5.3, 39, 军事思想纵横谈
02108232, 6.6, 12, 谍报密码
26897701, 6.7, 11, 中越战争秘录
05907921, 6.3, 13, 抗日战争正面战场档案全纪录（上、中、下）
02092794, 6.6, 10, 草庐经略注译（上下）
27036052, 5.5, 16, 二战的细节
06977964, 5.8, 11, 文化大革命中的人民解放军
30204173, 3.8, 332, 毛泽东思想与中国特色社会主义理论体系概论
26346807, 5.0, 14, 苏俄远程战略航空兵全史
30250637, 3.4, 130, 思想道德修养与法律基础:2018年版
30436203, 2.8, 37, 中国近代史纲要
03215565, 0.0, 10, 108位中国千古将帅（全两册）
03327929, 0.0, 10, 卡彼拉的篝火
26346218, 0.0, 10, 刺客之王
34948817, 0.0, 10, 军团与方阵
35006595, 0.0, 10, 作战指挥
01548804, 0.0, 11, 中国雄师第四野战军
01604297, 0.0, 11, 中国人民解放军全史（1-10卷）
27129147, 0.0, 11, 大国军魂
05063459, 0.0, 14, 1984高地：老山战斗日志
25716730, 0.0, 16, 终极猎杀2
34971051, 0.0, 17, T-34
