2020-07-05 15:59:57

number of books, tag name
317, 几米

ID, rating, votes, title
01084336, 9.0, 576752, 小王子
10554308, 9.1, 272213, 白夜行
01023045, 8.7, 239541, 我们仨
01066462, 8.4, 103237, 向左走·向右走
03554154, 8.9, 33158, 阿狸·梦之城堡
01012611, 8.2, 98205, 乌合之众
01358873, 8.6, 45605, 月亮忘記了
03633461, 8.7, 37284, 一句顶一万句
03665874, 9.0, 19298, 星空
04714734, 8.3, 60224, 这些都是你给我的爱
01346815, 8.4, 42440, 一個人住第5年
01056733, 8.3, 50627, 地下铁
01431836, 8.6, 27000, 我的路
02053249, 8.1, 62227, 麦田里的守望者
01021847, 8.5, 22885, 我的心中每天开出一朵花
01915170, 9.2, 7854, 小王子
01049354, 8.6, 16375, 又寂寞又美好
01358413, 8.5, 18249, 我只能為你畫一張小卡片
05395407, 8.8, 11282, 阿狸·永远站
01070441, 8.6, 13951, 月亮忘记了
01033190, 8.8, 10180, 失落的一角
01030052, 7.9, 47083, 清醒纪
02256438, 7.8, 55994, 素年锦时
02250587, 7.6, 82962, 一个人的好天气
01367458, 8.4, 17310, 照相本子
01065970, 7.8, 51148, 彼岸花
03699108, 8.6, 12189, 我的错都是大人的错
03316422, 8.9, 7652, 猫国物语
02244146, 8.1, 26924, 穆斯林的葬礼
01059937, 8.4, 14760, 微笑的鱼
01034067, 8.8, 7674, 美的历程
02180619, 8.0, 28059, 偷书贼
02251434, 9.0, 5674, 被爱路过
01013248, 8.6, 9537, 向左走·向右走
03822879, 8.8, 6781, 躲进世界的角落
01061367, 8.4, 11624, 幸运儿
02278402, 9.3, 3213, 小王子
02042063, 8.4, 10349, 伊斯坦布尔
01367964, 8.2, 14123, 布瓜的世界
01761056, 8.3, 11627, 蓝石头
04012128, 9.0, 4088, 星空
02148524, 8.8, 5309, 我的心中每天开出一朵花
03223711, 8.1, 14880, 怪诞行为学
06902639, 7.8, 24876, 青春
01031575, 8.1, 13599, 听幾米唱歌
01026686, 8.3, 9637, 履历表
10439064, 8.9, 4011, 发现之旅
01019338, 8.6, 5901, 我只能为你画一张小卡片
01021425, 8.5, 6650, 照相本子
02258803, 8.3, 8442, 一個人去旅行
05243268, 8.6, 5345, 走向春天的下午
05401989, 8.0, 13280, 自由在高处
10553760, 9.0, 3067, 时光电影院
03075281, 8.6, 5190, 世界上所有的夜晚
01003148, 8.3, 7766, 遗失了一只猫
06007431, 8.4, 6021, 我不是完美小孩
02567730, 8.7, 3917, 我只能为你画一张小卡片
01382829, 8.6, 4388, 萬水千山走遍
01026411, 8.2, 7875, 你们 我们 他们
01082416, 8.9, 2848, 温柔的夜
10607710, 8.0, 10330, 世间的盐
10598170, 8.1, 8713, 我不要你死于一事无成
03003763, 8.8, 3174, 又寂寞又美好
01361249, 8.4, 5478, 地下鐵
04237837, 9.0, 2414, 月亮忘记了
01011662, 8.0, 9873, 再袭面包店
01887754, 8.3, 6125, 失乐园1
01048537, 8.3, 5693, 布瓜的世界
06114393, 8.1, 7665, 大家都有病
01394536, 8.6, 3593, 我的心中每天開出一朵花
01078554, 8.0, 8371, 情人
01441707, 8.2, 5919, 小蝴蝶小披风
02567856, 8.6, 3272, 微笑的鱼
01857022, 8.9, 2132, 大剑 1
04225582, 8.6, 3072, 寂地
01358416, 7.8, 10132, 1.2.3.木頭人
01049190, 8.1, 5945, 森林里的秘密
01013001, 7.9, 7964, 森林唱游
01082369, 8.4, 3547, 滚滚红尘
02046279, 8.5, 2948, 失乐园 IV：魔法失灵了
02153359, 8.8, 2014, 我的错都是大人的错
02150582, 8.5, 2615, 失乐园-奇迹迷路了
04862350, 8.6, 2258, 我不是完美小孩
05940493, 8.6, 2216, 世界別為我擔心
01317893, 8.6, 2145, 西厢记
03770707, 8.3, 3067, 恋之风景
04175411, 8.9, 1407, 象背2 交接
06844341, 7.6, 8506, 牡蛎男孩忧郁之死
02567727, 8.5, 2121, 你们我们他们
02970118, 8.8, 1399, 幾米故事的開始
03014429, 8.2, 2838, 森林里的秘密
02135803, 8.7, 1412, 今天运气怎么这么好
10862975, 8.9, 1112, 向左走向右走
20418203, 8.4, 1839, 拥抱
25848538, 9.0, 911, 星空
04191594, 7.3, 8958, 绑架游戏
01128401, 8.9, 917, 两个人的回忆
01965977, 7.4, 6046, 我的抑郁症
01418345, 8.3, 1461, 英国病人
01038977, 8.6, 995, 谈判是什么
05411366, 8.6, 989, 林徽因与梁思成
01389910, 9.2, 522, 辛波絲卡詩選
01980222, 8.2, 1510, 丑陋的中国人
06437035, 7.3, 5956, 扶摇皇后（上下）
10830533, 8.8, 703, 向左走.向右走
01026855, 7.8, 2361, 黑白异境
06889910, 8.2, 1359, 世界别为我担心
01073063, 8.5, 946, 人论
30284415, 9.1, 460, 不爱读书不是你的错
10862974, 8.9, 541, 地下铁
04237834, 8.4, 843, 森林唱游
26825460, 8.5, 728, 我的世界都是你
04933087, 7.2, 4387, 机场里的小旅行
01460398, 8.5, 712, 失樂園III 祕密花開了
06507880, 8.6, 595, 不睡觉世界冠军
02060432, 7.0, 5539, 红颜露水
04887920, 8.6, 568, 蓝石头
01358367, 8.6, 562, 花とアリス
03078848, 7.7, 1671, 紫极舞
06889834, 7.4, 2612, 往复书简
01367457, 8.7, 496, 照相本子
04167914, 9.1, 325, 幾米袖珍本2000-2002
01368414, 8.6, 517, 微笑的魚（平裝）
06889909, 8.4, 630, 世界别为我担心
07153424, 8.3, 697, 人性的证明
02024548, 9.1, 309, Animal Farm
03063125, 7.9, 1091, 呼吸的意义
01358691, 8.2, 743, 聽幾米唱歌
06854327, 9.1, 285, 月亮忘记了
03686257, 9.2, 256, 星空 (精裝)
01359623, 8.5, 486, 又寂寞又美好（平裝）
04167915, 9.1, 275, 幾米袖珍本2002-2003
03284110, 7.9, 950, 王贵与安娜
01358924, 8.9, 318, 月亮忘記了（精裝）
19979635, 8.7, 355, 我的心中每天开出一朵花
01368413, 8.7, 343, 微笑的魚（精裝）
06080085, 9.3, 202, 辛波絲卡
01962514, 9.3, 199, 向左走‧向右走（精裝）(2007年新版)
10607714, 7.9, 779, 如何抢救我的神经病
26610688, 8.2, 548, 忘记亲一下
26117896, 8.2, 547, 故事的开始
01346919, 8.5, 385, 小蝴蝶小披風（平裝）
05413931, 7.1, 2192, 月亮说它忘记了
07057385, 8.5, 361, 听幾米唱歌
06007432, 8.8, 271, 我不是完美小孩
06894467, 7.2, 1797, 血腥的盛唐
06007433, 8.3, 428, 小完美
04230583, 9.3, 175, 《There&#39;s a dark dark wood inside my head》
01765436, 8.5, 330, 藍石頭（精裝）
05990205, 8.7, 271, 時光電影院
01368084, 8.3, 392, 幸運兒（平裝）
25829338, 8.1, 483, 真的假的啊？
10588842, 7.7, 752, 而我只有你
01822439, 8.4, 333, 謝謝你毛毛兔，這個下午真好玩
01947357, 7.3, 1228, 比如，单身
11542227, 9.2, 163, 幾米袖珍本2004-2006
01137615, 8.4, 323, 一见钟情
01346918, 8.6, 267, 小蝴蝶小披風 Shiny and Moony
02137632, 9.0, 185, 天堂之鸟
01343654, 8.7, 237, 幾米地下鐵：一個重新想像的旅程
03916132, 8.5, 279, 晚学盲言（上下）
01424343, 8.3, 336, 向左走·向右走
03072319, 8.0, 453, 劫梦惊魂
01212984, 8.9, 191, 春雨
05990204, 8.9, 191, 時光電影院
01082260, 8.2, 353, 我喜欢你
02160594, 8.9, 185, 我的錯都是大人的錯
11542225, 8.2, 336, 你们我们他们
01358703, 8.2, 328, 森林唱遊
03194045, 8.9, 173, 躲進世界的角落（精裝）
06389905, 8.3, 292, 童年下雪了
26135620, 8.4, 262, 故事团团转
04229584, 7.8, 481, 幸福的料理箱
06967984, 7.8, 462, 约翰·史密斯的告白
10563246, 7.5, 622, 跟我去台北
25799031, 8.7, 179, 微笑的鱼
01777910, 8.8, 162, 藍石頭
01367726, 8.2, 275, 森林唱遊
25802924, 8.7, 173, 布瓜的世界
19962475, 8.8, 158, 又寂寞又美好
01359624, 8.6, 186, 又寂寞又美好（精裝）
01342928, 8.2, 260, 森林裡的秘密（精裝）
25830725, 7.8, 393, 我的错都是大人的错
05948997, 8.9, 140, 世界別為我擔心
30264909, 8.1, 282, 忽远忽近
04191718, 8.9, 139, 走向春天的下午（平裝）
01359644, 8.1, 281, 開始(筆記書)
04724245, 9.2, 110, 最新几米创作精选
02154693, 9.0, 124, WE ALL NEED SOMEONE TO KISS US GOODBYE
01368412, 8.2, 240, 森林裡的秘密（平裝）
01367647, 8.4, 198, 聽幾米唱歌.簽名愛藏版 (小開本)
25927079, 9.0, 118, 照相本子
01902741, 9.3, 90, 热带雨林
05296815, 8.5, 163, 走向春天的下午
24866028, 8.3, 194, 并不很久很久以前
01088079, 8.6, 148, 黑色的春天
06784039, 5.7, 13525, 你若安好便是晴天
06389903, 8.5, 155, 奇迹迷路了
01255269, 8.1, 222, 微笑的鱼
01358895, 8.0, 242, 黑白異境
06389906, 8.1, 215, 寂寞上场了
20452583, 8.7, 122, 並不很久很久以前
25810850, 8.3, 167, 幸运儿
25952173, 8.3, 167, 躲进世界的角落
04906784, 8.4, 151, 我不是完美小孩（精裝）
03449159, 9.0, 95, The Whispering Game and 5 Years of b.wing 2004-2008
30264938, 8.9, 102, 月亮忘记了
04827789, 9.2, 82, 幾米作品全集
01398193, 8.4, 141, 梦想的翅膀
10830534, 8.5, 125, 地下铁
10446308, 6.8, 801, 孤岛之谜
26952837, 8.2, 153, 忽遠忽近
25743662, 8.3, 140, 真的假的啊？
01367965, 8.4, 128, 布瓜的世界（精裝）
20497398, 8.5, 115, 如果我可以许一个愿望
06518857, 8.3, 134, 我會做任何事！
03182994, 9.3, 65, 幾米袖珍本2002-2003
06389904, 8.1, 154, 秘密花开了
19959619, 7.8, 201, 又寂寞又美好
19959618, 8.3, 127, 我的心中每天开出一朵花
01367637, 8.3, 123, 月亮忘記了(小開本)
01395419, 8.4, 112, 地下鐵（精裝）
11542228, 7.6, 225, 1.2.3.木头人
01442185, 9.5, 50, 失乐园全集
04906783, 9.0, 63, 月亮忘記了（精裝）（2007年新版）
03177616, 8.8, 71, 石之花(01)
06515913, 9.2, 55, 幾米袖珍本(2004-2006)
30255013, 8.4, 94, 地下铁
04179341, 9.0, 61, 幾米畫冊: 創作精選
25952184, 8.3, 100, 谢谢你毛毛兔，这个下午真好玩
04060759, 7.8, 153, 花开以后静静生活
10761604, 8.2, 103, 金子美铃全集（全三卷）
03180822, 8.4, 88, 森林唱遊
06079997, 8.0, 119, 魔法失灵了
01042311, 7.2, 268, 亲子银行
25886006, 7.9, 126, 我只能为你画一张小卡片
26610682, 8.8, 63, 忘记亲一下
11542226, 7.7, 149, 1.2.3.木头人
01141808, 7.5, 181, 几米阅读忧伤的城市
06848531, 8.5, 71, 森林唱游
25885954, 8.5, 70, 森林里的秘密
26711049, 8.6, 63, 我的世界都是你
10749206, 9.3, 41, 正红旗下.牛天赐传-小人物自述
01072208, 7.7, 122, 地下铁电影珍藏纪事
04906781, 8.8, 51, 向左走‧向右走（平裝）(2008年新版)
25731758, 8.2, 77, 如果我可以许一个愿望
30407912, 8.3, 68, 闭上眼睛一下下
06087549, 7.7, 109, 距离寂寞还有几米
03168028, 8.5, 58, 森林里的秘密
03338075, 8.4, 62, 吃掉黑暗的怪獸
25803357, 8.0, 79, 真的假的啊？
01368257, 8.7, 46, 你們我們他們（精裝）
26655751, 8.4, 55, 走向春天的下午
11542224, 8.3, 57, 你们我们他们
10787841, 8.4, 53, 小擁抱（筆記書）
30172614, 8.5, 48, 不愛讀書不是你的錯
26394431, 8.8, 39, 忘記親一下
26909137, 7.7, 78, 四季
01012912, 8.0, 58, 距离幸福还有几米：听大师们怎么说
04906782, 9.2, 28, 月亮忘記了（平裝）（2007年新版）
30264910, 8.2, 45, 我的心中每天开出一朵花
06023107, 7.5, 75, 我为什么讨厌学校
01392945, 8.4, 38, 跟塞斯学素描
26655750, 7.3, 83, 恋之风景
34942582, 8.5, 34, 但愿有一天你会懂
05944019, 7.9, 47, 人生若只如初见
27146637, 8.0, 43, 同一個月亮
24834965, 7.4, 68, 乖乖小恶魔
30284443, 7.8, 49, 微笑的鱼
04011860, 8.9, 25, Laugh alone collection postcard
20002885, 7.2, 80, 小拥抱
30284447, 8.2, 36, 世界别为我担心
20477026, 7.5, 59, 我可以做一切
30264916, 8.8, 25, 照相本子
25927109, 8.2, 33, 开始（笔记书）
04906786, 8.0, 34, 聽幾米唱歌（平裝）（2008年新版）
33428189, 8.2, 30, 时光电影院
25724378, 7.9, 35, 光之飞鸟
03275097, 8.8, 21, 我的心中每天開出一朵花(袖珍本)
06960746, 7.7, 38, 星空电影青春纪念册
10554976, 7.4, 47, 星空电影青春纪念册
30284413, 8.6, 22, 不爱读书不是你的错（精装）
01492230, 8.2, 24, 与几米一起幻想
01356217, 8.8, 17, 履歷表（精裝）
30284407, 7.6, 31, 故事团团转
30284432, 8.3, 20, 拥抱
04244978, 6.6, 68, 美丽笔记
33477479, 7.8, 26, 但願有一天你會懂
25787905, 7.6, 29, 吹泡泡（笔记书）
26303445, 7.8, 25, 小担心（笔记书）
01345445, 8.5, 17, 遺失了一隻貓（精裝）
05389586, 7.9, 23, I Can Be Anything!
30284452, 7.5, 29, 如果我可以许一个愿望
33435461, 8.1, 20, 几米：并不很久很久以前
30333931, 8.4, 17, 閉上眼睛一下下
30745787, 8.6, 15, 几米：听幾米唱歌
03624291, 7.6, 25, 武汉人
10560539, 6.9, 39, 和之风
10459070, 7.8, 19, China
30407904, 7.8, 18, 森林唱游
20495116, 8.1, 15, 世界别为我担心
30284440, 8.2, 14, 谢谢你毛毛兔，这个下午真好玩（精装）
04906785, 8.0, 14, 聽幾米唱歌（精裝）（2008年新版）
04819146, 7.5, 17, 鏡子裡的小孩
04906787, 7.5, 17, 森林唱遊（精裝）（2008年新版）
01075746, 7.0, 22, 人际沟通高手
03700676, 8.3, 11, 19982008几米创作10年精选
06518549, 7.7, 13, Esconderse en un rincon del mundo
02364880, 7.2, 17, 寂寞之城
01367497, 7.6, 13, 1.2.3.木頭人(精裝)
03426072, 6.1, 26, 环保局长（上下）
04856076, 5.4, 26, 闺蜜
01388439, 0.0, 11, The Rules of Attraction
06026298, 0.0, 12, 王者的血脉
06519106, 0.0, 13, 向左走．向右走（精裝）
03179617, 0.0, 16, Smile of Fish
11536792, 0.0, 19, 几米经典（套装共5册）
