2020-07-05 15:59:57

number of books, tag name
150, 列夫·托尔斯泰

ID, rating, votes, title
02253380, 9.2, 9765, 安娜·卡列尼娜
02253381, 9.3, 4330, 战争与和平（全四册）
01255288, 8.1, 19263, 复活
02253402, 9.1, 4016, 罪与罚
01880986, 9.2, 3229, 悲惨世界（上下）
25837845, 9.5, 2247, 战争与和平
01013469, 8.7, 5340, 战争与和平（全四册）
01880987, 8.6, 4783, 安娜·卡列尼娜
25867057, 9.2, 2070, 安娜·卡列尼娜
27140882, 9.2, 2066, 伊凡·伊里奇之死
01019817, 9.3, 1794, 战争与和平（上下）
01880990, 8.3, 3972, 复活
01021623, 8.9, 1556, 安娜·卡列宁娜（上下）
01097835, 8.0, 5036, 名人传
25760686, 8.8, 1110, 复活
25837866, 8.6, 1375, 复活
02266567, 9.2, 702, 伊凡·伊里奇的死
01485943, 8.9, 913, 安娜·卡列尼娜
24935031, 9.3, 611, 战争与和平
25973245, 9.6, 447, 战争与和平
01507461, 8.6, 1182, 安娜·卡列尼娜
05253168, 9.0, 578, 安娜·卡列尼娜（全两册）
26529831, 8.2, 1398, 忏悔录
25973243, 9.1, 487, 安娜·卡列尼娜
01089120, 8.6, 754, 安娜·卡列宁娜
05945451, 9.0, 481, 战争与和平
01047173, 8.7, 644, 战争与和平（上下）
25799790, 9.4, 299, 安娜·卡列尼娜
01907894, 8.6, 629, 复活
01037725, 8.2, 934, 复活
01073778, 9.3, 307, 战争与和平（全四册）
03076986, 8.7, 503, 复活
06878082, 9.0, 374, 托尔斯泰或陀思妥耶夫斯基
02256514, 8.3, 754, 复活
01647083, 8.8, 440, 安娜·卡列尼娜
04149229, 9.4, 259, 托尔斯泰与陀思妥耶夫斯基（上下）
01062478, 8.7, 450, 安娜·卡列宁娜
01498819, 9.4, 242, 战争与和平（第一卷）
26912760, 9.3, 261, 战争与和平
01011709, 8.9, 332, 战争与和平
01959124, 8.9, 309, 生活之路
06313447, 9.3, 217, 战争与和平（上、下）
05406576, 8.8, 325, 复活
01823105, 8.8, 319, 河的第三条岸
04841506, 8.5, 424, 忏悔录
01959147, 8.5, 398, 复活
02996509, 8.8, 293, 复活
01340007, 9.2, 190, 伊凡．伊里奇之死
10742716, 8.9, 242, 忏悔录
04605582, 9.4, 162, 战争与和平（全四册）
01041015, 8.5, 321, 战争与和平
25837841, 9.4, 142, 安娜·卡列宁娜
06863526, 8.7, 232, 克莱采奏鸣曲
03004721, 8.3, 331, 名人传
04922496, 9.2, 147, 安娜·卡列尼娜（上、下）
01981483, 8.7, 212, 复活
01520679, 8.7, 197, 安娜·卡列宁娜（上、下）
01085466, 8.7, 191, 战争与和平
01090609, 8.6, 205, 安娜.卡列尼娜
06435874, 9.2, 126, 安娜.卡列尼娜
01253339, 7.9, 402, 复活
02056492, 9.5, 99, 战争与和平（插图本）
26144689, 9.1, 118, 三死
10582339, 8.6, 172, 复活
02344013, 8.1, 269, 复活
01084482, 9.2, 107, 战争与和平（1-4册）（董秋斯译文集）
25973242, 8.8, 143, 复活
01012198, 8.1, 244, 复活
01150697, 9.2, 93, 列夫·托尔斯泰文集
06862405, 9.4, 81, 复活
03076990, 8.8, 123, 哥萨克
01029675, 8.8, 120, 天国在你们心中
01186367, 9.2, 81, 托尔斯泰中短篇小说选
01951010, 9.2, 79, 安娜·卡列尼娜
01088970, 8.7, 109, 安娜.卡列尼娜
03076988, 8.4, 137, 童年·少年·青年
25721698, 9.3, 67, 列夫·托尔斯泰文集
25772542, 9.4, 61, 战争与和平
01209813, 8.6, 103, 安娜·卡列宁娜
01702929, 9.0, 71, 安娜・卡列宁娜(上下册)
01445012, 8.4, 107, 艺术论
01950070, 8.9, 73, 哈吉穆拉特
10572926, 9.8, 40, 战争与和平（全4册）
01833518, 8.0, 131, 生活值得过吗
03076987, 8.5, 81, 一个地主的早晨
01109970, 8.4, 87, 安娜·卡列宁娜
26640950, 9.4, 45, 托尔斯泰与陀思妥耶夫斯基
01125533, 8.3, 88, 克鲁采奏鸣曲
01232992, 7.7, 144, 托尔斯泰传
25796204, 6.7, 464, 想念，却不想见的人
03191436, 8.5, 65, 童年 少年 青年
25886221, 8.7, 51, 名人传
07057101, 9.1, 39, 哥萨克
25772544, 9.6, 30, 安娜·卡列尼娜
06958065, 9.4, 33, 战争与和平（全四册）
25736964, 9.4, 32, 战争与和平
01077214, 8.1, 70, 复活
03741314, 8.4, 55, 生活即幸福
03200761, 8.6, 47, 安娜.卡列宁娜
03626317, 9.2, 33, 家庭的幸福
04257103, 8.6, 45, 复活
02057011, 9.3, 28, 哥萨克：中短篇小说 1857-1863（托尔斯泰小说系列/插图本）
01151328, 8.9, 33, Anna Karenina
30389973, 8.6, 39, 童年
10571228, 9.2, 28, 安娜•卡列尼娜
25904144, 7.9, 57, 一日一善（全4册）
01121396, 8.4, 40, 安娜·卡列尼娜（上下）
07053763, 8.6, 35, 克鲁采奏鸣曲
01641480, 9.1, 26, 复活
01085524, 8.7, 32, 托尔斯泰中短篇小说选
03181980, 7.8, 56, 名人传
07053766, 8.6, 33, 童年·少年·青年
02242521, 9.4, 22, Anna Karenina
25894989, 8.0, 48, 生活之路
25885336, 8.0, 47, 托尔斯泰大传
03104114, 8.9, 27, 列夫·托尔斯泰童话
02056490, 8.4, 35, 童年 少年 青年
01080301, 8.7, 28, 托尔斯泰散文选
02370600, 8.1, 37, 复活
25772545, 8.7, 26, 复活
07053765, 8.8, 23, 一个地主的早晨
07053767, 8.0, 36, 哈吉穆拉特
02057002, 8.4, 28, 一个地主的早晨：中短篇小说 1852-1856（托尔斯泰小说系列/插图本）
01833033, 8.3, 28, 战争与和平（上下）
25772547, 8.5, 23, 幼年·少年·青年
10570825, 8.8, 19, 安娜.卡列尼娜-世界文学名著（上下册）
32568197, 8.5, 21, 少年
25743948, 7.3, 36, 托尔斯泰短篇小说集
30389972, 8.7, 15, 青年
01520612, 8.9, 13, 安娜·卡列尼娜（上下）
20384896, 7.7, 21, 复活
03194177, 9.1, 11, 安娜.卡列宁娜
02056488, 8.6, 13, 一个地主的早晨
02472107, 8.6, 13, War And Peace
02011752, 8.1, 14, 托尔斯泰夫人日记（上下）
01843923, 8.2, 13, 复活
25861557, 8.2, 13, 名人传
21331242, 7.1, 23, 托尔斯泰传
05406364, 8.4, 11, 天国在你心中
02187192, 7.9, 12, 狗的故事
02244461, 7.3, 13, 酒色与生命
26585427, 7.8, 10, 人依靠什麼而活
23707953, 6.2, 26, 与伟大灵魂的对话
02329246, 0.0, 10, 复活
26581859, 0.0, 10, 复活
01517881, 0.0, 11, 战争与和平（上下）
03826881, 0.0, 11, 安娜·卡列尼娜
03991394, 0.0, 11, 复活
10571227, 0.0, 13, 复活
02056388, 0.0, 14, 托尔斯泰传
