2020-07-05 15:59:57

number of books, tag name
223, 刘慈欣

ID, rating, votes, title
03066477, 9.3, 222575, 三体Ⅱ
05363767, 9.2, 214994, 三体Ⅲ
04820710, 9.3, 147866, 1984
02567698, 8.8, 375305, 三体
01200840, 9.0, 251381, 平凡的世界（全三部）
04908885, 9.0, 129264, 局外人
06518605, 9.4, 49451, 三体全集
03006581, 8.9, 98928, 无人生还
04238362, 8.6, 126793, 送你一颗子弹
02035162, 9.0, 54996, 刀锋
01192090, 8.7, 53415, 球状闪电
03266609, 8.6, 56900, 流浪地球
01258490, 9.2, 13205, 基地
01803022, 9.0, 15958, 圣经
01394364, 8.8, 17668, 银河系漫游指南
01559310, 9.0, 12552, 鹿鼎记
01032501, 8.8, 16313, 心理学与生活
05366248, 8.2, 44292, 你一定爱读的极简欧洲史
26704403, 8.8, 13981, 二手时间
02056749, 8.1, 40337, 时间旅行者的妻子
04230237, 9.1, 7875, 设计中的设计 | 全本
10763902, 7.7, 87525, 偷影子的人
02340609, 9.1, 6668, 2001太空漫游
06009029, 9.3, 4920, 三體 Ⅱ
01140727, 8.7, 10881, 安德的游戏
01187842, 9.0, 7035, 你一生的故事
10767124, 8.5, 13725, 乡村教师
01195590, 8.6, 9351, 带上她的眼睛
26210607, 8.4, 10832, 时间移民
04152754, 7.6, 42775, 时生
07007241, 9.3, 2853, 2001：太空漫游
01292405, 8.6, 6482, 自私的基因
03571732, 8.4, 8375, 全频带阻塞干扰
26427703, 9.2, 2837, 三体2
01146267, 8.8, 4452, 深渊上的火
01010349, 8.1, 12537, 丰乳肥臀
05332713, 9.0, 3143, 人间是剧场
04098263, 9.2, 2382, 论语译注
26807576, 8.5, 5661, 赡养人类
04113090, 7.4, 38777, 我们台湾这些年
01161852, 8.1, 9923, 天意
04224758, 7.6, 21023, 花千骨（上下）
26856061, 8.9, 2696, 球状闪电
20470849, 8.4, 4939, 神的九十亿个名字
26427705, 9.0, 2248, 三体3
05938333, 8.8, 2766, 三體
26807573, 8.3, 5180, 流浪地球
01035478, 8.7, 2778, 静静的顿河（全四册）
01767736, 8.5, 3549, 舞 ! 舞 ! 舞 !
03652388, 8.8, 2375, 程序员的自我修养
04326055, 8.4, 3885, 微纪元
01140729, 8.6, 2933, 星船伞兵
27077612, 9.5, 997, 三体
26210632, 8.1, 5584, 2018
02340610, 8.8, 2069, 2010太空漫游
33420947, 9.4, 1053, 三体全集
27191786, 8.6, 2407, 朝闻道
03636385, 7.5, 11692, 超新星纪元
02193881, 8.2, 3543, 汤姆·索亚历险记
01292322, 8.2, 3435, 群星，我的归宿
26427702, 8.7, 1732, 三体
25729093, 8.5, 2219, 中国太阳
03290026, 8.8, 1514, 火星编年史
04723970, 7.6, 8339, 人人都是产品经理
01170539, 8.6, 1849, 带上她的眼睛
03266663, 8.1, 3284, 魔鬼积木·白垩纪往事
01350063, 8.6, 1637, Life of Pi
04245620, 8.4, 2096, 时光尽头
26658900, 8.4, 2091, 镜子
19965972, 7.5, 7844, 我读书少，你可别骗我
06518299, 9.1, 854, 三體 Ⅲ
26423329, 8.6, 1470, 带上她的眼睛
03983118, 8.2, 2450, 流浪地球
04725541, 7.6, 5990, 大漠苍狼
01192700, 9.0, 916, 永远讲不完的故事
01102870, 7.9, 3319, 超新星纪元
24846072, 9.1, 754, 隐藏的现实
01484695, 8.0, 2682, 季羡林谈人生
02310062, 8.4, 1445, 大角快跑
26962862, 8.3, 1522, 流浪地球
02360390, 8.9, 763, 我知道你明天干了什么
01906155, 8.5, 1163, 爱因斯坦赤道
02995621, 9.0, 672, 论法的精神
25841131, 9.2, 549, The Three-Body Problem
04832901, 7.8, 2751, 白垩纪往事
01227966, 7.8, 2719, 你的第一本哲学书
05375571, 7.6, 3691, 大漠苍狼
26392016, 7.9, 1990, 未来边缘
26657597, 8.6, 829, 人和吞食者
06779980, 7.4, 4188, 天命
26437740, 8.3, 1062, 梦之海
05996565, 7.8, 2023, 麦田里的守望者
06790599, 8.4, 891, 色彩设计的原理
26609776, 8.9, 515, 最糟的宇宙，最好的地球
10799984, 7.4, 3480, 大数据
26631837, 8.6, 693, 孤独的进化者
02340613, 8.0, 1327, 2061太空漫游
02340615, 8.1, 1157, 3001太空漫游
06151679, 8.4, 802, 人生不相见
03673637, 7.5, 2584, 水知道答案
30455321, 7.6, 2182, 流浪地球
10864154, 8.3, 836, 刘慈欣卷：天使时代
10345553, 7.1, 4634, 为了N
33446904, 7.6, 2005, 烧火工
30443982, 8.4, 668, 流浪地球
26599027, 7.7, 1595, 鲸歌
30162713, 8.2, 767, 流浪的地球
06855803, 7.6, 1654, 奇点临近
30437364, 8.1, 817, 《流浪地球》电影制作手记
01448632, 8.8, 346, 埃达
01125282, 7.4, 1695, 魔鬼积木
10560806, 8.9, 270, 迷雾之子3·永世英雄（上下册）
10482022, 8.5, 357, 球狀閃電
05350835, 8.1, 512, 读库1005
34429247, 8.7, 261, 最璀璨的银河
30352721, 8.0, 527, IV诗云
26631833, 8.5, 299, 爱因斯坦赤道
25985405, 9.1, 178, The Dark Forest
26413139, 8.2, 395, 时间移民
30245933, 8.6, 262, 三体全集(签章典藏版)（套装共3册）
03123067, 8.4, 307, 超新星紀元
03916132, 8.5, 279, 晚学盲言（上下）
26708572, 7.9, 485, 蝴蝶
26631836, 8.3, 304, 十亿分之一的文明
30316743, 8.9, 168, 给孩子的科幻
26692194, 7.5, 678, 超新星纪元
27170793, 7.7, 526, 我也是鲁迅的遗物
26381048, 9.2, 115, Death&#39;s End
26631834, 8.3, 239, 动物园里的救世主
33372274, 7.6, 504, 三体艺术插画集
34954111, 8.9, 141, 乡村教师
04187788, 7.2, 843, 第一本哲学漫画书
25789151, 7.7, 434, 刘慈欣谈科幻
30271625, 6.8, 1523, 十二个明天
26990639, 9.0, 127, 带上她的眼睛（新世纪作家文丛第二辑）
34334959, 9.6, 82, 少年科幻小说大奖书系（套装4册）
30275106, 8.3, 219, 银河边缘001：奇境
34983166, 9.2, 105, 刘慈欣科幻漫画系列 第1辑
26807574, 7.6, 431, 超新星纪元
04202105, 7.8, 321, 星云7
26892734, 7.4, 484, 信使
26393369, 7.2, 629, 我书架上的神明
07064495, 9.3, 84, 大亨小傳
26631838, 7.9, 251, 第三次拯救未来世界
27001126, 7.6, 343, 未来镜像
01016953, 8.1, 192, 宇宙最初三分钟
34983165, 8.8, 107, 流浪地球
30464868, 8.8, 99, 刘慈欣少儿科幻系列
26896842, 7.3, 416, 流浪地球
01159410, 9.4, 63, 2003年度中国最佳科幻小说集
06720131, 7.3, 375, 未来在现实的第几层
26413034, 7.9, 194, 2018
01082538, 8.4, 122, 瓮葬
01211320, 8.9, 76, 2001年度中国最佳科幻小说集
27077966, 8.0, 147, 莲绛·缘起
26579509, 6.9, 510, 2.5次世界大战
20513291, 9.7, 45, 宇宙的最后三分钟
26896841, 8.1, 133, 变型战争
26828116, 7.2, 317, 宇宙坍缩
30311982, 8.7, 76, 刘慈欣科幻小说自选集
26389399, 7.8, 156, 离线·科幻
26632240, 7.1, 335, 微纪元
26579518, 6.5, 800, 虫子的世界
26599024, 8.1, 113, 中国太阳
26676960, 7.4, 191, 平行的世界
26962863, 8.1, 96, 白垩纪往事 魔鬼积木
33464346, 9.0, 51, 刘慈欣少年科幻科学小说系列第二辑：赡养世界
27185992, 7.8, 121, 寂寞的伏兵
02918997, 7.6, 145, 中国科幻小说年选
34954110, 7.5, 159, 圆圆的肥皂泡
26896844, 7.8, 119, 生存实验
33458155, 9.8, 28, 三体
26896843, 8.0, 80, 星际远征
30176796, 6.5, 412, 思维导图笔记整理术
26765924, 6.7, 298, 宇宙往事
04272255, 9.0, 39, 人民文学
33464351, 9.3, 29, 刘慈欣少年科幻科学小说系列第二辑
27053818, 7.5, 97, 《三体》的X种读法
26599026, 7.8, 74, 白垩纪往事
26839157, 8.7, 39, 宇宙观察者
34459898, 8.5, 43, 乡村教师
33370670, 8.0, 57, 三体3：死神永生
01037802, 7.5, 83, 20世纪末10年中国科幻小说精品选
33474705, 8.9, 31, 刘慈欣少年科幻科学小说系列第二辑：天使时代
30175854, 8.9, 30, 鲁迅选集•杂感I
01774933, 7.6, 65, 一针见血
26668314, 6.8, 138, 我是刘慈欣
33474672, 8.4, 35, 刘慈欣少年科幻科学小说系列第二辑  全频带阻塞干扰
26986926, 7.3, 75, 星际争霸
27181992, 9.4, 20, 鲁迅选集·小说
10769183, 6.9, 104, 地獄的第十九層
06120021, 7.0, 85, 星潮
34954113, 6.9, 94, 梦之海
33455250, 7.3, 64, 乡村教师
30312029, 8.7, 24, 朝闻道（教育部新编语文教材推荐阅读书系）
30853148, 7.1, 59, 科普科幻卷15岁·圆圆的肥皂泡（全民阅读·阶梯文库）
33435186, 7.3, 47, 《三体》中的物理学
35021390, 7.0, 59, 地火
33474715, 8.5, 20, 刘慈欣少年科幻科学小说系列第二辑：中国太阳
26647632, 6.3, 109, 追杀K星人
26284790, 7.9, 26, 黄金时代
26962861, 7.7, 25, 时空迷航
30476283, 8.3, 15, 超新星纪元
04326053, 9.0, 11, 天堂之外
26694803, 5.5, 180, 星际战争
27178057, 5.6, 119, 水星播种
30207021, 7.8, 16, 梦之海
30476001, 6.8, 30, 刘慈欣经典
20322814, 7.1, 23, 纤维
30262720, 6.4, 36, 人类基地
33474432, 8.0, 11, 刘慈欣少年科幻科学小说系列第二辑 流浪地球
01065035, 7.6, 13, 2004年中国奇幻文学精选
33392696, 6.6, 23, 我是刘慈欣
25727596, 7.1, 15, 삼체
04860641, 7.0, 12, 中国传统图案设计
10570576, 0.0, 11, いたいけな瞳
10441139, 0.0, 12, 龙和大蛇
30175892, 0.0, 14, 鲁迅选集•散文 散文诗 诗 书信
04326054, 0.0, 15, 影子·恋人
30243144, 0.0, 28, 幻影游船·5·玛德琳奇妙文具店
01167417, 0.0, 34, 人体与写生.素描
26427294, 0.0, 56, 君心莫测 上
11524397, 0.0, 151, 中学教材全解-七年级语文上
