2020-07-05 15:59:57

number of books, tag name
530, 初中

ID, rating, votes, title
01007305, 9.6, 291290, 红楼梦
01770782, 8.9, 647919, 追风筝的人
01068920, 9.3, 158305, 飘
01200840, 9.0, 251381, 平凡的世界（全三部）
01082154, 9.1, 190795, 活着
01019568, 9.3, 122042, 三国演义（全二册）
01361264, 9.0, 186395, 撒哈拉的故事
01083428, 8.9, 186589, 傲慢与偏见
01023045, 8.7, 239541, 我们仨
01046209, 9.2, 88882, 安徒生童话故事集
01255625, 9.1, 102635, 天龙八部
01060068, 9.2, 79442, 撒哈拉的故事
01061118, 9.1, 86508, 活着
01057244, 8.7, 178949, 边城
02295163, 9.0, 100634, 哈利·波特与死亡圣器
01254588, 9.0, 100377, 城南旧事
01827374, 9.0, 96683, 东方快车谋杀案
01007914, 8.7, 158677, 窗边的小豆豆
01002299, 9.0, 88425, 笑傲江湖（全四册）
03995526, 8.6, 185202, 目送
01017143, 8.5, 200885, 不能承受的生命之轻
01449351, 8.9, 90232, 呐喊
01044547, 9.0, 64630, 射雕英雄传（全四册）
02154960, 8.7, 107018, 一个陌生女人的来信
01085799, 8.7, 102796, 白鹿原
01449352, 8.8, 85157, 朝花夕拾
01090043, 8.5, 146979, 倾城之恋
01002898, 9.2, 37773, 父与子全集
01064275, 8.4, 155621, 老人与海
01205054, 9.0, 49788, 悲惨世界（上中下）
03608208, 8.5, 120385, 牧羊少年奇幻之旅
01060852, 8.9, 54732, 呼兰河传
01786670, 8.9, 52345, 百年孤独
01045818, 8.5, 105806, 苏菲的世界
01058661, 8.9, 50613, 飞鸟集
02159042, 8.5, 101231, 挪威的森林
01119522, 8.4, 102867, 呼啸山庄
01022060, 8.2, 146118, 狼图腾
01085470, 8.5, 80220, 海底两万里
01855364, 9.2, 23986, 围城
01401841, 9.0, 32404, 傲慢与偏见
01003000, 8.3, 112845, 悟空传
01013416, 8.6, 60021, 雷雨
01051193, 8.6, 57877, 麦琪的礼物
01008357, 8.6, 57730, 水浒传（全二册）
01102403, 9.7, 10582, 机器猫哆啦A梦（共45册）
01400705, 8.1, 134115, 情人
01358873, 8.6, 45605, 月亮忘記了
03014576, 8.3, 64402, 陪安东尼度过漫长岁月
01483894, 9.4, 10928, 三国演义
01421921, 8.9, 22186, 幽游白书（全19册）
03803820, 8.4, 51378, 人生
04714734, 8.3, 60224, 这些都是你给我的爱
01789837, 9.0, 18077, 射雕英雄传
03693974, 9.4, 9537, 小王子
01529893, 8.0, 90410, 莲花
01461903, 7.8, 138119, 何以笙箫默
01882933, 8.1, 73251, 鬼吹灯之精绝古城
01004821, 8.7, 22709, 理想国
01853785, 8.8, 19037, 天是红河岸
03879301, 7.9, 95237, 微微一笑很倾城
01082162, 8.4, 35988, 第一炉香
01021615, 9.1, 11161, 小王子（中英文对照本）
01559310, 9.0, 12552, 鹿鼎记
01005521, 8.2, 46591, 伊豆的舞女
02022979, 8.0, 62015, 喜宝
01789841, 8.7, 17310, 倚天屠龙记
02209098, 7.8, 90008, 致我们终将逝去的青春
03649782, 8.6, 19855, 达·芬奇密码
03673671, 9.1, 9231, 梦里花落知多少
01064841, 9.1, 8990, 绿山墙的安妮
01963310, 8.2, 36978, 大地之灯
01082518, 7.9, 59966, 麦田里的守望者
01045926, 9.1, 7964, 傲慢与偏见
01419841, 9.0, 9133, 神秘的魔法石
01025753, 8.2, 32611, 妻妾成群
03598313, 7.9, 55931, 西决
01028270, 8.8, 11467, 舒克和贝塔历险记
01464989, 9.1, 7463, 围城
01059112, 9.1, 7027, 百年孤独
01760548, 9.2, 6126, 三毛作品集
01030052, 7.9, 47083, 清醒纪
01028404, 8.9, 8585, 鲁西西传
02256438, 7.8, 55994, 素年锦时
01465324, 7.7, 67778, 洛丽塔
04275017, 9.1, 6377, 骆驼祥子
01186392, 8.7, 10622, 约翰·克利斯朵夫
01731370, 8.9, 7652, 东方快车谋杀案
01794620, 7.8, 48449, 芒果街上的小屋
02244146, 8.1, 26924, 穆斯林的葬礼
01007772, 8.3, 18853, 双城记
01063190, 8.0, 32199, 蔷薇岛屿
01006639, 9.3, 4382, 蜡笔小新（全32册）
01059937, 8.4, 14760, 微笑的鱼
01065239, 8.6, 10523, 我的宝贝
01058759, 8.8, 7821, 魔戒（第二部）
02271450, 8.6, 10284, 镜·神寂
01013502, 7.6, 60626, 钢铁是怎样炼成的
01049688, 8.4, 13158, 妞妞
01013248, 8.6, 9537, 向左走·向右走
01275608, 8.7, 8090, 神秘岛
01135537, 9.1, 4491, 福尔摩斯探案集
01010472, 8.5, 10146, 安娜·卡列尼娜（上下）
01312333, 8.2, 16342, 蔷薇岛屿
01540211, 9.5, 2687, 丁丁历险记（共22本）
01061367, 8.4, 11624, 幸运儿
01016300, 7.1, 161990, 梦里花落知多少
02282097, 8.8, 6330, 像自由一样美丽
01012637, 8.2, 15547, 牛虻
01018153, 7.8, 31681, 水仙已乘鲤鱼去
26820347, 8.9, 5336, 红星照耀中国
01064682, 8.8, 6023, 稻草人手记
01031741, 7.8, 30925, 欧也妮·葛朗台
02339950, 7.7, 37705, 被窝是青春的坟墓
01058234, 7.7, 37343, 二三事
02331434, 7.6, 44726, 原来你还在这里
01926700, 7.7, 35875, 关于莉莉周的一切
01382846, 8.6, 7500, 稻草人手記
04580972, 7.7, 34607, 流星之绊
01880829, 8.6, 7230, 呼啸山庄
01083435, 8.8, 5405, 契诃夫短篇小说选
03654604, 8.4, 9563, 天使与魔鬼
01776300, 8.7, 5973, 席慕容诗集
01453210, 7.4, 59053, 一座城池
01000121, 8.6, 6540, 昆虫记
01201821, 8.0, 16720, 梦的解析
01805514, 8.2, 11867, 阳光下的罪恶
03810699, 9.0, 3660, 水浒传
01075538, 8.2, 11561, 普罗旺斯的一年
01013469, 8.7, 5340, 战争与和平（全四册）
01026686, 8.3, 9637, 履历表
01019338, 8.6, 5901, 我只能为你画一张小卡片
01889128, 8.4, 7785, 茶花女
01021425, 8.5, 6650, 照相本子
01158934, 8.5, 6552, 钟表馆幽灵
01430530, 8.3, 8831, 汤姆叔叔的小屋
01055128, 9.1, 2865, 传奇(上下)
02258803, 8.3, 8442, 一個人去旅行
01010520, 8.1, 11399, 血薇
01012203, 7.7, 22770, 檞寄生
01456183, 8.2, 9388, 我的帝王生涯
01027247, 7.8, 18689, 丑陋的中国人
01102876, 9.0, 3030, 草房子
01060383, 9.2, 2301, 中国少年儿童百科全书
01880987, 8.6, 4783, 安娜·卡列尼娜
01948502, 7.7, 20593, 1995-2005夏至未至
01025721, 8.6, 4665, 新概念英语（2）
01489555, 7.7, 19994, 寂寞空庭春欲晚
01076045, 7.7, 19940, 连城诀
01020241, 7.6, 23825, 千年一叹
01442920, 8.2, 8192, 镜·破军
01434525, 8.3, 6970, 记得
01062455, 8.4, 5924, 康熙大帝（共四册）
01063245, 7.6, 22606, 通稿2003
01006004, 7.5, 25662, 樱桃之远
01028693, 8.1, 8639, 骆驼祥子
01073333, 8.8, 3110, 我的妈妈是精灵
01748232, 8.0, 10010, 忽而今夏
01856285, 7.2, 47608, 人生若只如初见
02980812, 7.8, 13922, 踮脚张望的时光
01437131, 8.8, 3037, 80℃ 第1、2册
01025243, 8.4, 5208, 雨季不再来
04818929, 7.6, 19506, 夏至未至
01048537, 8.3, 5693, 布瓜的世界
03259587, 8.5, 4267, 我与狗狗的十个约定
01023500, 7.6, 18591, 告别薇安
01042434, 8.1, 7652, 安妮日记
01829836, 7.7, 15125, 品三国（上）
01009285, 7.7, 14695, 童年
01056616, 8.6, 3499, 槭树下的家（席慕蓉作品典藏版）
01410157, 9.4, 1337, 现代汉语词典（第5版）
03777123, 7.8, 11516, 告别天堂
01200843, 8.1, 6978, 芙蓉镇
01441707, 8.2, 5919, 小蝴蝶小披风
01065799, 8.5, 3628, 男生贾里全传
01468493, 7.5, 18353, 梦回大清
01915536, 7.3, 27397, 尘埃星球
01276032, 8.3, 4690, 地心游记
01436348, 7.7, 12147, 八月未央（修订版）
02042907, 7.8, 10016, 品三国（下）
01012489, 7.7, 11802, 童年 在人间 我的大学
01066463, 8.6, 2919, 我是钱
01049190, 8.1, 5945, 森林里的秘密
01914078, 7.6, 13705, 三重门
01013001, 7.9, 7964, 森林唱游
01089515, 7.8, 9260, 武林外史（上下）
01059330, 8.3, 4197, 午夜凶铃
03056892, 7.3, 22535, 幻城
01880990, 8.3, 3972, 复活
01057206, 7.3, 22205, 数字城堡
01285961, 8.4, 3429, 根鸟
02977174, 7.8, 8553, N.世界
01873268, 7.8, 8398, ふしぎ遊戯 1
01955405, 8.4, 3312, 家
01054899, 8.3, 3797, 女生贾梅全传
01074841, 7.5, 13715, 葵花走失在1890
03225979, 8.4, 3203, 一课经济学
01100766, 8.9, 1704, 神秘岛
01007334, 7.1, 31166, 草样年华
01228109, 8.4, 3185, 朝花夕拾
01879023, 8.2, 4154, 忽而今夏Ⅱ
03279284, 7.7, 9154, 像少年啦飞驰
01495303, 7.8, 7578, 魔卡少女樱
01083257, 7.3, 19027, 烈火如歌
01006720, 8.4, 3004, 新概念英语第一册
01061572, 8.5, 2588, 随想
01062134, 8.1, 4450, 狼图腾（简装本）
01064862, 8.1, 4446, 男生贾里  女生贾梅
26582558, 8.0, 4862, 经济学通识
01204179, 8.3, 3121, 安娜·卡列尼娜
01223575, 7.8, 6608, 文化苦旅
01022341, 8.2, 3511, 白客
01027814, 8.3, 3029, 鲁滨孙飘流记
01789842, 7.4, 13156, 侠客行
01796596, 7.2, 19686, 左耳
01331571, 7.6, 9044, 地下室
01893466, 8.0, 4471, 鲁滨孙历险记
01205373, 7.8, 6004, 苔丝
01006737, 7.8, 5921, 米
01022951, 8.4, 2419, 长生殿
01012802, 7.2, 17175, 十爱
01190868, 7.4, 11419, 烈火如歌
03364858, 7.8, 5597, 再见，冥王星
01999037, 7.7, 6272, 薄荷关系
01050640, 8.2, 2850, 云海玉弓缘（上下）
01090109, 7.6, 7181, 红岩
01202373, 8.9, 1174, 边城
02004509, 7.5, 8490, 梦回大清
01855343, 7.0, 22989, 泡沫之夏Ⅱ
02062430, 7.0, 22283, 泡沫之夏Ⅲ
01644403, 8.1, 3111, 警世通言
01841531, 8.3, 2276, 鲁滨孙漂流记
01667254, 7.8, 4675, 飞狐外传（上下册）
01022702, 8.2, 2569, 小丫林晓梅
01058956, 7.4, 9045, 碧血剑
01483923, 7.8, 4547, 雪山飞狐
01046385, 7.1, 15888, 毒
01036243, 7.4, 8640, 夜玫瑰
01908505, 9.0, 922, ANGEL CAGE
02240591, 8.8, 1143, 小妇人
01467914, 8.9, 1018, 幽遊白書 1
01025562, 8.1, 2716, 城北地带
01466836, 8.1, 2649, 喻世明言
01001895, 7.8, 4131, 靠自己去成功
01002479, 8.7, 1203, 香水
01062514, 7.8, 3597, 白发魔女传
02008972, 6.8, 24022, 沙漏
01205351, 8.7, 1055, 双城记
01201947, 8.2, 1914, 哈克贝里·费恩历险记
01855531, 7.5, 5456, 橘子酱男孩
02994181, 7.9, 2837, 钢铁是怎样炼成的
01442037, 7.2, 9246, 书剑恩仇录
03279242, 7.5, 5202, 三重门
01057702, 8.2, 1811, 汤姆·索亚历险记
01012747, 7.2, 8803, 亦恕与珂雪
01059938, 8.9, 770, 泰戈尔诗选
01006646, 7.2, 8435, 幻城
01028916, 6.9, 14750, 雨衣
01080812, 7.1, 9420, 红鞋
01033848, 7.8, 2587, 第二届全国新概念作文大赛获奖作品选
02298340, 7.6, 3404, 银色舞台 1
01043201, 6.8, 15347, 毕业那天我们一起失恋
02081286, 6.9, 11876, 沙漏II
01026855, 7.8, 2361, 黑白异境
03056241, 8.5, 941, 烈火青春Part1
01012242, 6.7, 17160, 地狱的第19层
01394319, 7.6, 3013, 夜玫瑰
26374036, 8.2, 1283, 一课经济学
01065264, 7.7, 2519, 格列佛游记
01951750, 8.3, 1107, 春
01011399, 7.6, 2786, 钢铁是怎样炼成的
01425086, 7.5, 3231, 岛（Vol.05）
01459494, 7.5, 3123, 岛（Vol.6）
01958312, 7.5, 2925, 关于方文山的素颜韵脚诗
01033790, 6.9, 8647, 狼的诱惑
01055401, 7.0, 6295, 小妖的金色城堡
01955404, 8.4, 778, 秋
01058943, 7.4, 2850, 岛（Vol.4）
03869949, 8.1, 1043, 经济学通识
01021597, 6.6, 13177, 一光年的距离有多远
01059644, 7.5, 2362, 七剑下天山
01202184, 9.0, 385, 蝉为谁鸣
01050091, 8.1, 991, 属于少年刘格诗的自白
01786244, 8.9, 418, 烈火青春Part2
01902601, 7.3, 3086, 岛（Vol.8）
01069628, 6.7, 9446, 那小子真帅2
01059668, 8.1, 939, 八十天环游地球
01808767, 7.3, 2913, 岛（VOL.7）
01463013, 6.8, 7084, 玛格丽特的秘密
03132509, 8.3, 692, 骆驼祥子
01026755, 8.4, 612, 女生贾梅新传
03056234, 9.0, 338, 烈火青春Part6
01203623, 8.1, 861, 雾都孤儿
02311695, 7.2, 3094, 岛（Vol.09）
01963783, 7.1, 3554, 神風怪盜貞德 07 (完)
03056227, 9.0, 318, 烈火青春Part11
03056238, 8.9, 345, 烈火青春Part5
03056240, 8.8, 372, 烈火青春Part3
01069071, 6.9, 4778, 岛
02074103, 8.1, 776, 残酷な童話たち
02235870, 9.3, 237, 武林群侠传(2CD)
02179956, 6.9, 4629, 左手倒影.右手年华
01127426, 7.2, 2660, 窗外
01041259, 7.9, 957, 秘密花园
26775813, 7.2, 2577, 十年一品温如言（修订珍藏版）
03056219, 9.0, 291, 烈火青春Part13
01036290, 6.5, 10074, 校服的裙摆
01205380, 8.8, 339, 罪与罚
01027334, 8.4, 473, 多里安・格雷的画像
01028540, 7.8, 947, 冰心散文
02342023, 7.2, 2268, 最小说·第十四辑
01058564, 7.9, 788, 因为年轻所以流浪
01203240, 7.6, 1152, 珍妮姑娘
03228066, 7.7, 996, 红岩
01174653, 7.2, 2061, 夏天在倒塌
01705591, 8.5, 388, 官场现形记
02266643, 6.5, 7628, 甜酸
01902073, 8.3, 472, 少年维特的烦恼
04737152, 6.9, 3307, 时光机
01217739, 8.1, 570, 少年维特的烦恼
01823839, 8.2, 503, 朝花夕拾
01026424, 7.7, 910, 1.2.3.木头人
01044405, 7.5, 1177, 我们不结婚，好吗
01028122, 8.5, 355, 水浒传(上、下)
01066681, 6.8, 3527, 刻下来的幸福时光
01123668, 7.8, 755, 圣诞欢歌
01082820, 6.5, 6243, 无往而不胜的童话
01040887, 7.9, 647, 远大前程
01203241, 8.1, 511, 笑面人
01131617, 8.1, 494, 变色龙
01060939, 6.8, 3122, 喜欢你
01168774, 7.4, 1165, 流浪歌手的情人
01857446, 6.6, 4562, 碧奴
01082821, 6.4, 6929, 水晶般透明
01013283, 7.7, 745, 捆绑上天堂
01012995, 7.4, 1114, 冰川天女传（上下）
01473332, 7.8, 645, 星际争霸
01059197, 8.4, 334, 上帝的残屑
01203624, 8.3, 356, 远大前程
01909973, 8.3, 354, 好兵帅克
01027832, 6.5, 4856, 猜火车
01054503, 7.7, 646, 空城
01739814, 9.4, 130, 看听学
01056973, 6.5, 4189, 心的1/2
01200845, 7.3, 1004, 沉重的翅膀
01036753, 6.5, 3983, 爱上爱情
01060452, 7.5, 751, 金银岛
01200841, 7.1, 1316, 许茂和他的女儿们
01032197, 7.0, 1540, 烟雨濛濛
01090038, 7.0, 1539, 一帘幽梦
01027461, 7.8, 502, 下一站，成功
01212453, 6.5, 3754, 蛋白质女孩
01679623, 7.0, 1501, C程序设计
02231418, 9.3, 122, 古龙作品全集（全53册）
01203645, 7.9, 423, 格列佛游记
01449981, 6.2, 6669, 无极
01059036, 9.2, 120, 唐宋词三百首
03101592, 9.0, 138, 我在北极光下（初中自渎课本第一册）
01059133, 7.4, 601, 沙僧日记
01064810, 8.8, 144, 坟-鲁迅杂文
01202182, 8.7, 154, 约翰·克利斯朵夫（上下）
01873299, 7.0, 1013, 恋曲7200秒
01781856, 7.9, 318, 宝贝当家
04916069, 8.5, 178, 五·三班的坏小子
06393886, 6.5, 2150, 夏有乔木 雅望天堂2
10761556, 8.7, 137, 骆驼祥子
01092263, 8.0, 251, 金银岛 化身博士
04296398, 6.9, 984, 碎夢天堂
01212495, 6.5, 1957, 爱上爱情
01052549, 7.0, 801, 赤道划破城市的脸
02374497, 8.7, 127, 唐传奇鉴赏集
01542509, 8.0, 235, 毛泽东诗词集
01680634, 8.4, 159, 数学 七年级 上册
02998717, 6.0, 5066, 午后薰衣茶
01518600, 8.2, 186, 星际争霸
01015459, 8.0, 224, 妈妈的心有多高
03395965, 7.7, 299, 銀色指輪
03032934, 7.9, 242, 神州传奇
01024131, 6.2, 2946, 雨夜里的星星沙
01061958, 8.0, 214, 戏谑天空下的大师-莫泊桑和他的情人
03346578, 10.0, 48, New Horizons in English
01705423, 6.5, 1396, 蝴蝶来过这世界
02173019, 6.9, 718, 雪天使
02326860, 8.9, 90, 奇奇怪怪国
01203502, 7.9, 203, 失落的文明：巴比伦
01200839, 7.5, 282, 冬天里的春天（全二册）
01515701, 5.8, 4846, 天使街23号 Ⅰ
01026697, 8.0, 158, 抓住心灵的震颤
01486116, 5.9, 3478, 麻雀要革命Ⅰ
01333601, 8.9, 76, 一課經濟學（50週年紀念版）
01320222, 6.1, 2196, 恶魔之吻1
02126831, 6.8, 613, 喜歡，所以喜歡(01)
03095349, 7.8, 182, 江湖传奇
01026784, 8.2, 126, 布克狗
01417143, 6.2, 1673, 恶魔之吻2
01771915, 6.0, 2503, 天使街23号II
01792307, 6.0, 2313, 麻雀要革命Ⅱ
03395764, 7.5, 226, 漫画摘星梦
01059468, 8.6, 85, 论语
01276006, 7.5, 209, 再造地狱之门
01434245, 6.1, 1638, 龙日一，你死定了2
02082024, 7.8, 147, 吸血少女 3
03395030, 7.6, 177, 藏在书包里的玫瑰
06403850, 6.1, 1453, 如果巴黎不快乐
01666369, 6.9, 383, 梦的衣裳
01959795, 5.9, 2144, 天使街23号Ⅳ
01028797, 7.9, 125, 笑死你不偿命-网络经典幽默文集
01062897, 7.4, 199, 提拉米苏带我走
01444822, 7.7, 141, 繁星春水
01006488, 7.1, 248, 破袜子
01062053, 9.0, 49, 水浒传
01526244, 9.1, 46, 科学探索者.天文学
30267730, 7.7, 126, 一课经济学
02371311, 9.4, 37, 哦，大海
04024547, 7.6, 127, 梦幻占卜恋（2）
01059568, 5.9, 1321, 没有任何借口
03655518, 7.8, 100, 后会无期
02284921, 7.9, 91, 窗子里的脸 / 灵魂主人 / 恶运之钟 / 地狱来信
01952744, 8.5, 56, 魔鬼辞典
01873274, 7.0, 208, おてなみ拝見！
03942986, 8.6, 51, 在希望的田野上
03101611, 8.5, 53, 在山的那边
02264591, 9.3, 32, 李璟李煜词
01257343, 8.1, 63, 怪医杜立德
01205716, 9.0, 35, 新语文读本-(修订版)·初中卷 1
01666368, 6.4, 374, 月满西楼
05952677, 8.3, 53, 黄河之水天上来
04832501, 8.3, 48, 七月轮舞
01061302, 7.6, 74, 超学习法
10739319, 6.0, 519, 如果巴黎不快乐Ⅱ
01107521, 8.1, 48, 生活的物理
04149096, 7.3, 89, 奇侠传奇
01666366, 5.9, 561, 新月格格
01502179, 7.5, 74, C程序设计题解与上机指导
01680549, 9.1, 26, 白天的星星
01114662, 6.5, 216, 幸运草
01043298, 6.3, 249, 哈利·波特与9 3/4月台
01146491, 8.6, 31, 化学也疯狂
03259252, 7.3, 78, 青春万岁
01256974, 7.4, 69, 简单地喜欢你
24875089, 7.4, 66, 一认真你就赢了
03340244, 8.6, 28, 新正气歌
05958837, 7.3, 69, 神雕侠侣漫画
01161718, 6.5, 154, 我是坏女生
26677549, 6.1, 266, 声声慢
01578358, 7.5, 52, 语文（七年级 下册）
01663838, 7.8, 40, 在人间
01205712, 9.0, 20, 新语文读本
04156826, 7.2, 61, 隐侠传奇
01205713, 8.8, 21, 新语文读本・初中卷4
02266317, 7.5, 46, 与狼共舞
01171420, 7.7, 39, 神祗之眼上.沉默之刃
01528286, 8.1, 30, 中学数学用表
02992935, 6.6, 102, 浦丫丫和咕噜P的小生活
01622490, 8.6, 22, 孙维刚初中数学
01026793, 7.5, 43, 鲁迅传
02187269, 8.2, 26, 中学语文自读课本七/下
02078655, 6.0, 194, 激情无禁忌
01434072, 9.1, 16, 新语文读本
01680496, 7.0, 56, 语文 八年级 上册
01263024, 8.4, 21, 战神的后裔
30240919, 7.9, 27, 斗破苍穹（10）
03873036, 7.3, 40, 我要嫁给你
01638617, 8.0, 25, 复活
01254691, 7.4, 37, 非常公民
30274149, 8.4, 19, 斗破苍穹-11
01085836, 8.2, 21, 妙语短篇B2
05952676, 8.0, 23, 长城万里行
01846008, 5.7, 217, 骑彩虹者
01221938, 8.4, 18, 妙语短篇B3/上外朗文学生系列读物
01537017, 7.3, 34, 翻过那座山
01060651, 6.7, 56, 徐志摩传奇
01680481, 6.9, 45, 语文 七年级 上册
25836449, 5.2, 472, 如果巴黎不快乐Ⅲ
01390552, 5.3, 356, 我为画狂
01680532, 7.6, 25, 中学世界历史九/上
01088494, 7.7, 23, 妙语短篇A1/上外朗文学生系列读物
03415773, 6.9, 40, 19岁，为爱不顾一切
01249830, 8.0, 19, 英语（新目标）
01205714, 8.3, 16, 新语文读本
30236626, 7.6, 23, 斗破苍穹漫画(8)
04010139, 7.7, 21, 苦菜花
01579070, 7.4, 25, 数学
03207806, 9.0, 11, 妙语短篇
30236627, 8.0, 17, 斗破苍穹（9）
01148167, 6.9, 34, 古镜情缘
01043060, 8.2, 15, 聊斋志异
06723195, 6.8, 35, 神女传奇
01954175, 7.7, 18, 魔法英语中学语法大全
30236623, 7.7, 18, 斗破苍穹漫画版7
01052782, 5.6, 120, 爱情合影
30376998, 7.8, 16, 斗破苍穹.15
01680542, 6.5, 38, 中国历史 七年级 上册
20477288, 8.8, 10, 一課經濟學
30376991, 7.5, 18, 斗破苍穹.14
01628147, 7.1, 23, 中国历史
01680476, 7.1, 23, 生物学
01578342, 7.3, 20, 地理 七年级 上册
01119175, 8.4, 11, 初中生必背古诗词
01626310, 7.3, 19, 中学生物八/下
01626309, 6.8, 26, 世界历史
30376988, 7.5, 16, 斗破苍穹（12）
01578369, 7.2, 19, 生物学八年级上册
01209354, 7.6, 15, 刻着名字的夏天
01214332, 5.4, 115, 红苹果乐园
01626289, 7.3, 17, 中学生物七/下
01242993, 7.8, 13, 英语（新目标）
01203396, 7.6, 14, 以心吻美
02100908, 7.0, 19, 数学
01080149, 6.9, 19, MVP情人
01722288, 5.6, 61, 如果我是你的天使
30355855, 7.3, 14, 斗破苍穹13
01680599, 6.3, 25, 中学历史八/上
01579038, 6.4, 22, 思想品德 七年级 上册
01159116, 6.2, 24, 影响世界的100次战争
01628154, 6.4, 20, 思想品德
24737828, 5.3, 60, 校花的贴身高手2·拯救女神
01680475, 6.9, 12, 物理 八年级 上册
02097434, 7.0, 10, 五月的麦地
05266078, 6.3, 14, 初中人教版新目标英语七年级初一上册课本教材教科书
01028070, 6.2, 10, 睡个好觉
27065491, 6.0, 10, 化学 多大点事儿
01242982, 0.0, 10, 英语
01069624, 0.0, 11, 历史百科
03458923, 0.0, 12, 5年中考3年模拟·初中数学·人教版·八年级（下）
30449898, 0.0, 13, 典范英语9
01025126, 0.0, 16, 三角裤超人挑战邪恶的机器辫女人（漫画版）
03442767, 0.0, 19, 拳皇外传（全5册）
07057136, 0.0, 30, 小甘初中英语单词
25952773, 0.0, 30, 高原上有一团温暖的红
