2020-07-05 15:59:57

number of books, tag name
610, 动物

ID, rating, votes, title
02035179, 9.2, 90989, 动物农场
03808982, 9.3, 27257, 动物庄园
04187411, 8.8, 18256, 万物有灵且美
01257365, 9.0, 13345, 活了100万次的猫
01883353, 8.8, 10340, 野性的呼唤
01001193, 8.6, 13416, 再见了，可鲁
03316422, 8.9, 7652, 猫国物语
04714015, 9.0, 5440, 万物既伟大又渺小
01017563, 8.8, 6384, 我的野生动物朋友
04882023, 9.2, 3236, 万物既聪慧又奇妙
01079680, 8.7, 5850, 你今天心情不好吗？
03774884, 9.1, 2721, 子猫絮语
01180105, 9.3, 1964, 恐怖宠物店(2)
02996596, 8.4, 6128, 特别的猫
01180106, 9.3, 1796, 恐怖宠物店(3)
05410174, 9.1, 2232, 万物刹那又永恒
10808988, 9.0, 2424, 重返狼群
10519369, 9.3, 1674, 万物生光辉
01180100, 9.3, 1666, 恐怖宠物店(5)
04061972, 8.4, 5157, 狼王梦
01024846, 9.2, 1825, 所罗门王的指环
20283570, 9.2, 1808, 所罗门王的指环
03259587, 8.5, 4267, 我与狗狗的十个约定
01180099, 9.3, 1497, 恐怖宠物店(4)
03395865, 9.1, 1708, 北極熊 café
04060362, 9.1, 1708, 猫城小事
01221327, 8.5, 3418, 少年Pi的奇幻漂流
26952487, 9.2, 1384, BEASTARS 1
27108971, 9.1, 1522, 游隼
04055487, 8.4, 3602, 伊藤潤二的貓日記
26341546, 8.8, 2077, 大灭绝时代
34897038, 9.1, 1407, 地球上最孤单的动物
26673246, 9.4, 933, 重返狼群（第二部）
01488794, 9.0, 1334, 荒野的呼唤
01431177, 7.9, 5547, 藏獒
25373041, 8.7, 1505, 我和狗狗的16年
03830607, 9.4, 710, 恐怖寵物店(08)
33432324, 7.7, 6038, 一见你就好心情
03830603, 9.5, 642, 恐怖寵物店(07)
01082323, 9.1, 875, 昆虫记（全10册）
03830583, 9.4, 623, 恐怖寵物店(03)
03628184, 8.9, 1019, 猫武士
04234598, 9.3, 666, 猫国物语-子猫絮语-猫城小事-全三册
03830588, 9.4, 588, 恐怖寵物店(04)
03830594, 9.4, 567, 恐怖寵物店(05)
03830599, 9.3, 608, 恐怖寵物店(06)
03401258, 7.9, 3157, 小猫杜威
26797271, 8.7, 1113, Lens·目客004·猫：懒得理你
26924424, 8.1, 2276, 喜欢我也没关系
02222866, 8.4, 1524, 猫奴契约书
01963685, 9.0, 769, 流浪狗之歌
02332274, 9.0, 764, 新恐怖寵物店(04)
03830578, 9.3, 557, 恐怖寵物店(02)
03008232, 9.1, 671, 新恐怖寵物店(05)
03886080, 9.2, 598, 新恐怖寵物店(06)
19943826, 8.4, 1408, 找到这颗星球
03910853, 9.3, 539, 可爱的鼠小弟(全12册)
02979054, 8.3, 1588, 动物绝对不应该穿衣服
03830610, 9.4, 474, 恐怖寵物店(09)
26744154, 9.0, 666, 猫咪家庭医学大百科
33413076, 9.7, 346, 濒危
27089022, 8.5, 1083, 海洋中的爱与性
03265350, 8.4, 1169, 最后一头战象
34873348, 8.4, 1138, 熊与狸的四季之旅
01489166, 9.0, 590, 狼王梦
03265351, 8.2, 1443, 第七条猎狗
03265347, 8.2, 1410, 斑羚飞渡
06528570, 9.1, 517, 红飘带狮王
26335757, 8.8, 689, 最后的熊猫
03271467, 8.6, 851, 与狗狗的10个约定
01387007, 8.9, 617, 再見了，可魯
03253866, 7.9, 1807, 想象中的动物
24696662, 8.0, 1561, 爱猫奇洛
27204079, 7.7, 2378, 玩儿
26931262, 8.4, 934, 是我把你弄哭了吗？
04025226, 8.6, 744, 我和狗狗的10个约定
04061965, 8.6, 719, 雪豹悲歌
03023898, 9.2, 397, 希腊三部曲Ⅱ 桃金娘森林宝藏
02120228, 8.6, 705, 奥莉薇
27108800, 8.3, 937, 纸上动物园
03192130, 9.0, 438, 艰难的归程
26942699, 8.7, 585, 动物园的生死告白（14岁懂社会系列）
01960333, 8.0, 1305, 藏獒二
03631485, 9.1, 392, 猫武士
26628313, 8.2, 967, 柴犬绅士
34953939, 8.2, 949, 巨大的拥抱
03629943, 9.1, 367, 猫武士
04923845, 8.5, 625, 混血豺王
03016336, 8.4, 695, 我们为什么不说话
21318089, 7.6, 1933, 巴别塔之犬
04140341, 9.0, 378, 新恐怖寵物店(07)
03265345, 8.3, 772, 再被狐狸骗一次
04923844, 8.6, 545, 疯羊血顶儿
06886409, 9.7, 208, 小恐龙阿贡（1-7）
03629944, 8.9, 398, 猫武士
02587201, 9.1, 322, Dear Zoo
01867482, 9.0, 348, 酷貓小黑的生活日記 6
20283571, 9.0, 337, 灰雁的四季
10430786, 9.0, 336, 北極熊 café 芒果味
27025101, 8.0, 959, 动物集
25848493, 8.3, 660, 猿猴的把戏
01015524, 9.1, 295, 荒野的呼唤.白牙
01685958, 8.4, 560, 谁藏起来了
10536672, 8.9, 340, 我家的街貓 01
01041297, 8.4, 556, 猫啊，猫
02082282, 9.0, 310, Neargo子貓絮語
01029259, 8.5, 493, 风语河岸柳
01842181, 8.9, 334, 塔克的郊外
01458838, 7.8, 1108, 东京昆虫物语
01084027, 8.3, 598, 猫
11640471, 9.1, 275, 忠犬八公
26595796, 9.8, 152, 万物生光辉
26419146, 8.6, 396, 遇见动物的时刻
03247224, 8.8, 327, 昆虫记
04293667, 8.2, 579, 狗狗心事
01031355, 8.7, 344, 狗的家世
02027891, 9.6, 164, 狼王洛波
04903088, 7.9, 814, 当我养狗时，我还养了一只猫
34792334, 8.1, 627, 穗子的动物园
26369891, 8.6, 365, 猿形毕露
04923842, 8.3, 483, 双面猎犬
26936850, 7.6, 1127, 没人听过兔子说的话
20283575, 8.6, 356, 狗的家世
10439936, 8.6, 351, 残狼灰满
01617395, 8.6, 348, Black Beauty
01387178, 9.2, 204, 我的野生動物朋友
01372026, 8.6, 344, The Call of the Wild
25767531, 9.0, 240, 你们仨.1
01013814, 9.1, 219, 西顿野生动物故事集
34461219, 8.6, 334, 朱鹮的遗言
03087618, 8.1, 553, 小豆豆动物剧场
33416840, 7.7, 889, 就喜欢你看不惯我又干不掉我的样子4
25948870, 9.1, 206, 南瓜與我的野放生活
03832151, 9.0, 223, 野性的呼唤
01264791, 8.2, 476, 色铅笔的动物日记
05398584, 8.8, 260, 新恐怖宠物店(08)
03713001, 9.1, 198, 小银和我
03669397, 8.9, 233, 马利与我
30393570, 9.0, 210, BEASTARS 12
01008121, 9.1, 193, 斑纹
26936474, 8.9, 226, 鸟的感官
07153012, 9.7, 122, 黑天鹅紫水晶
30448280, 9.1, 188, BEASTARS 13
01084003, 8.8, 239, 鸟
03229838, 9.5, 138, 眷恋昆虫
03859882, 9.1, 184, 成为家中一员的麻雀小珠
01030864, 8.4, 341, 丛林故事
27601734, 8.2, 416, 我们为什么不说话
01914569, 9.0, 197, 爱的奇妙滋味-学会给予爱和接受爱-青蛙弗洛格的成长故事
06509456, 8.2, 410, 猫生十年
26828433, 8.3, 367, 猫语大辞典
25761548, 8.5, 301, 被遗忘的动物们
26261036, 9.7, 115, 生命之灵
05405678, 8.5, 293, 红豺
33377950, 9.7, 112, 野鸟形态图鉴
20431859, 8.4, 316, 我的山居动物同伴们
06528568, 8.7, 236, 一只猎雕的遭遇
17421402, 8.5, 277, A Street Cat Named Bob
26429888, 8.6, 241, 动物的朋友圈
01048114, 8.9, 184, 你是不会说话的人――一个猫家族的故事
01097836, 8.0, 424, 伊索寓言全集
27182058, 9.7, 101, 大地的窗口
03265349, 8.2, 337, 和乌鸦做邻居
26278916, 9.2, 141, 与狼同行：狼的隐秘生活
30225902, 8.3, 303, 企鹅与其他海鸟
30266498, 8.6, 225, BEASTARS 10
04744705, 8.5, 246, 魅力猫咪
02058266, 9.2, 138, 再被狐狸骗一次
03222736, 7.9, 449, 一只狗的遗嘱
03137455, 9.4, 118, 柴王(04)
26286707, 8.5, 241, 了不起的地下工作者
30468608, 8.9, 170, 白牙
26661075, 8.6, 216, 等鹿来
26756448, 9.2, 133, 北方狐狸的梦
30264649, 8.6, 213, 吉本家的猫咪们
03137456, 9.4, 114, 柴王(05)
25923223, 9.2, 131, 貓咪家庭醫學大百科
25774980, 8.2, 305, 猫咪学问大
01649256, 8.3, 274, 普通动物学
33407545, 9.6, 97, 猫咪与爷爷2
10438573, 8.3, 265, 象母怨
04096847, 8.5, 210, 希望的收获
10758745, 8.9, 150, 新恐怖寵物店(09)
27077841, 8.5, 209, 野性的呼唤
10541076, 8.4, 227, 低吟的荒野
30183960, 8.5, 207, 我们迷人的鸟
30245480, 8.3, 247, 超自然变形动物图鉴
01005996, 8.7, 171, 野兽之美
26838609, 8.1, 296, 猫山狗海，穿越人间
24848906, 8.9, 145, 新恐怖寵物店(12)
26232736, 8.6, 184, 北极熊Café
27052114, 8.7, 169, 让我陪你重返狼群
01030997, 8.1, 292, 一只狗的遗嘱
30278190, 8.7, 167, 动物解放
34991633, 9.6, 87, MOVE图鉴 昆虫
04872126, 8.2, 259, 恋猫物语
30183961, 8.7, 165, 我们花园里的鸟
24706049, 7.1, 970, 知日·犬
02256190, 8.1, 283, 狗智慧
01318267, 9.0, 128, 熊猫虎子
01060088, 8.6, 175, 蚂蚁的故事
30384144, 8.0, 307, 乌鸦
25911585, 8.2, 249, 小店里的招牌猫
07162078, 8.9, 134, DK儿童恐龙百科全书
30336946, 9.9, 69, 物种日历2019
30296201, 8.6, 165, 鸟类的天赋
27096131, 9.4, 91, 云南花鸟
03661063, 8.2, 234, 乌鸦
03431944, 9.7, 75, 故事口袋
26327402, 8.4, 194, 猿猴家书
04923843, 8.1, 255, 黑熊舞蹈家
05977392, 9.5, 84, 动物画技法
01258500, 8.2, 226, 黑猫尼诺
26756431, 8.8, 134, 湖边的猫头鹰
04146278, 8.1, 245, 爱猫就该懂猫
34710113, 8.5, 169, 逛动物园是件正经事
20497243, 8.8, 132, 新恐怖寵物店(10)
04061925, 7.6, 405, 鸟奴
30199957, 8.6, 147, 鸟有膝盖吗
06114848, 7.7, 347, 动物怪谭
01009322, 9.0, 107, 鹦鹉查理
26258060, 8.9, 115, 你们仨.2
34940570, 8.0, 249, 于谦动物园
34847036, 9.2, 92, BEASTARS 16
01252645, 8.2, 202, 帅狗杜明尼克
06062359, 9.1, 97, 中国昆虫生态大图鉴
02244365, 8.8, 119, Don&#39;t Let the Pigeon Drive the Bus!
30225899, 8.6, 139, 我们唱歌的鸟
26232765, 9.2, 89, 北极熊Café 草莓味
01723410, 9.6, 69, 世界动物百科全书
26756452, 8.8, 118, 跑向春天的梅花鹿
01410217, 7.8, 286, 小狼小狼
25903143, 7.2, 581, 逝者如渡渡
25752974, 8.5, 146, 从相残到相爱
01387672, 9.4, 76, King Solomon&#39;s Ring
21322404, 8.8, 113, 新恐怖寵物店(11)
03234215, 8.8, 112, 下吧
30398395, 9.1, 90, 深海之下
01084026, 8.5, 140, 马
30225898, 8.5, 140, 我们林地里的鸟
01914350, 8.7, 115, 斑羚飞渡
01067096, 8.4, 146, 鸟奴
01030018, 8.0, 209, 猫咪博物馆
01416237, 8.4, 145, 动物行为学
02380355, 9.3, 75, What&#39;s Michael (1)
27179607, 9.5, 65, 針棘クレミーと王の家 1
26232767, 9.3, 73, 北极熊Café 蜜瓜味
01227942, 7.8, 245, 动物素描
34816461, 8.4, 140, 名画中的猫
26718143, 8.1, 182, 古代中国的动物与灵异
11633535, 8.1, 181, 大鱼之道
05290526, 8.7, 109, 别跟狗争老大
03992999, 8.4, 138, 普通动物学-第4版
01965957, 8.0, 197, 中国虎
30357910, 7.2, 474, 想太多的猫和淡定的狗
27126005, 8.9, 92, 动物的精神生活
06985558, 8.0, 188, 你猫叔了没？3
03171291, 6.7, 950, 一只到处旅行的猫
26706772, 7.6, 279, 你知不知道我很担心你啊
27611143, 9.1, 77, BEAST COMPLEX
34437676, 8.6, 109, 遇见天堂鸟
01084022, 8.4, 126, 观赏鱼
10437127, 7.6, 269, 野犬女皇
01084963, 9.3, 66, 希望的理由
34869385, 9.4, 62, 动物的家超有趣：铃木守的109种动物巢穴大揭秘
01919164, 9.6, 55, The Art of Animal Drawing
01789968, 8.5, 114, 动物记1
34984648, 8.0, 172, 生命在于静止
26357911, 8.8, 88, 万物既伟大又渺小
30270084, 9.2, 67, 中国鸟类图鉴
26232768, 9.1, 71, 北极熊Café 芒果味
01175006, 8.6, 98, 黑骏马
20562045, 8.7, 91, 重返狼群
11612040, 8.2, 135, 画了一匹蓝马的画家
26589043, 9.3, 61, 昆虫Q&amp;A
34648287, 8.2, 134, 幻兽动物园
01065299, 8.8, 84, 最后的熊猫
03187376, 8.8, 84, 西顿野生动物故事集
26368578, 8.4, 113, 赞成！
04061964, 7.3, 333, 骆驼王子
26849394, 8.2, 130, 消失的脚印
27608646, 6.9, 544, 人类“吸猫”小史
19975629, 8.7, 87, 北極熊Café
06721893, 9.5, 52, 西顿动物记
26949118, 8.2, 125, 预言猫
26840523, 8.1, 135, 柴犬大叔
25862411, 8.3, 113, 乌鸦的教科书
01316109, 7.8, 175, 快跑，乌拉拉
01488793, 8.8, 77, 白比姆黑耳朵
26232758, 8.6, 88, 北极熊Café 核桃味
01472793, 8.3, 110, 黑焰
04837161, 9.5, 49, 消逝中的荒野
25778094, 9.2, 58, 灭绝的哺乳动物图鉴
04238215, 8.5, 92, 隼
30463577, 8.1, 126, 初瞳
01346213, 9.5, 46, The Gruffalo
03074055, 9.5, 46, 第七条猎狗
03169783, 9.1, 58, 小狗汪汪 1
10780028, 9.7, 41, 动物大百科
23038603, 8.2, 107, 猫咪心事
20513228, 9.3, 50, 中国国家地理自然百科系列：野生动物
27060157, 9.2, 53, 万物有灵且美
03243069, 8.2, 106, 101只斑点狗
21336903, 8.4, 90, 貓咪這樣教，主人好快樂
10568969, 8.2, 104, 諾亞動物診所病歷記錄簿第一季 I
01015359, 7.8, 147, 消失的动物-古生物绝版图鉴
04233371, 8.1, 112, 动物老友记
06973854, 8.1, 112, 说狐
34795871, 8.8, 66, 世界野生猫科动物
26983759, 8.5, 81, 动物农场
33108182, 8.0, 120, 醉鲨
26691683, 9.5, 43, 夏洛的网
27147219, 7.6, 172, 共病时代
25900643, 8.9, 60, DK动物生活大百科
02025004, 9.6, 40, 动物远征队
05379665, 9.7, 38, 超人气狗狗的选购和驯养指南
34841542, 9.0, 56, 密林侦探
26642435, 7.9, 127, 原来如此的故事
26835895, 7.3, 229, 猫的私人词典
25699038, 7.8, 137, 从前啊，有一只猫小宝
30204703, 7.7, 149, 消失的动物
34945327, 8.8, 62, 自然图鉴
02079916, 8.1, 102, 常见昆虫野外识别手册
04010764, 8.9, 57, 月轮熊
04747110, 9.3, 44, 驯鹿之国
04177613, 8.4, 78, 中国兽类野外手册
03410837, 8.1, 98, 虎
10575134, 9.2, 46, 好鼠兔
26649127, 8.3, 83, 世界名猫驯养百科
34835160, 8.2, 89, 万智有灵
01672745, 9.0, 51, 与生俱来的自由
10549645, 9.0, 51, 力
03803828, 8.9, 53, 揭秘恐龙
26299638, 8.8, 56, 我的宠物是恐龙！
25912352, 9.2, 44, 大迁徙：地球上最伟大的生命旅程
01103993, 9.0, 49, 猫鼬情怀
27599534, 8.6, 63, 动物知道人性的答案
01200739, 9.1, 46, 狼王洛波
11591842, 8.4, 72, 狗狗心事3
03437272, 8.5, 66, 逝者如渡渡
03334065, 9.2, 42, 我所知道的野生动物
01922389, 8.6, 60, 和黑猩猩在一起
06398404, 8.7, 56, 与兽同在
01200740, 9.0, 46, 猛狮爱尔莎
35023465, 9.2, 41, 奇怪的生物图鉴
01398295, 8.9, 48, 动物宝宝
01870448, 8.2, 77, 美丽的乔
19989142, 8.2, 77, 这些年，追过我的野生动物们
27202472, 9.3, 38, 狮子和老鼠的225次相遇
04169250, 8.7, 54, 哲學家與狼
27113516, 7.1, 213, 鸡征服世界
06973833, 9.0, 43, 芙么芙么＆小熊悠悠
30314824, 8.0, 84, 自然纪事
01022177, 8.9, 45, 红奶羊
05922095, 8.9, 45, 世界绘画经典教程——动物素描
03289551, 8.0, 83, 非洲狮
01789979, 8.3, 66, 动物记2
05947293, 8.5, 57, 让猫咪长寿的50个秘诀
26853957, 8.4, 61, 我心爱的雷龙
10809308, 8.5, 56, 荒野孤舟
02538693, 8.8, 45, An Atlas of Animal Anatomy for Artists
26828549, 8.8, 45, 狗狗水底游
25828677, 9.4, 32, 常见野鸟图鉴·北京地区
04202355, 8.4, 57, 动物志
20395758, 8.8, 44, 北極熊Café草莓味！
24637324, 10.0, 24, Across the Ravaged Land
34908170, 8.7, 46, 狼的智慧
30203265, 9.7, 27, I Am a Cat
27169746, 9.4, 31, 椋鸠十动物小说 • 第一辑
01080438, 8.3, 58, 风鸟皮诺查
10725274, 9.7, 26, 动物远征队
35033585, 8.9, 39, 动物有灵
03164069, 8.0, 70, 动物趣谈
04847650, 7.5, 107, 天狼
33476127, 7.6, 97, 旅猫日记
25933432, 8.9, 38, 昆虫家谱
33376509, 8.2, 59, 育狗全书
26762917, 7.7, 86, 一只小狗的故事
34921938, 9.3, 30, 万物有灵
30275382, 7.6, 93, 来自中国的礼物
20445480, 8.1, 62, 喵星上的福尔摩斯
34945918, 8.6, 44, 两栖爬行动物的神话与传说
27604278, 9.5, 27, 窦桂梅与你共读名著：我所熟悉的野生动物
01805009, 8.5, 46, 小鹿斑比
27044618, 9.3, 29, 论攻击
10764920, 7.9, 69, 狗狗心事2
10786475, 7.9, 69, 狮语者
03210790, 6.7, 231, 猫*人
30389385, 9.6, 25, 谁的骨头？
34816455, 8.2, 55, 名画中的鸟
01104561, 8.5, 45, 熊的真相
03463846, 8.3, 51, 西顿动物记5·红颈环的林中悲歌
27068369, 8.3, 51, 动物的秘密语言
26893026, 9.2, 30, 野鸟放大镜食衣篇
01873330, 7.3, 115, 动物园的历史
26368584, 7.5, 92, 野狼瘪肚子
10597778, 8.8, 36, 不如相濡以沫
26336523, 8.3, 49, 图解动物园设计
04097233, 8.7, 38, 猫鼠的幸福生活
01204930, 9.9, 21, 中国蝶类志(上下修订本) (1999)
24849783, 7.8, 70, 跟着动物去旅行
04086949, 9.1, 30, 狼灌河
05414075, 8.2, 51, 飞鸟天堂
27034921, 8.2, 51, 城市里的野生动物
26714667, 9.2, 28, 冬日的世界
02134094, 9.0, 31, 狩猎台上的风景
01789983, 7.7, 73, 动物记3
25812369, 7.8, 67, 狗狗学问大
03422712, 7.3, 102, 北极乌鸦的故事
33709538, 9.3, 26, 自然的影调
30223072, 9.2, 27, 丛林：虎
30266135, 8.1, 51, 猫
02375951, 6.7, 188, 狗故事
01953555, 7.8, 63, 太平狗
26292904, 8.1, 50, 小鹿斑比
01257030, 9.3, 25, 猫科动物
30346168, 9.0, 29, 如何拥有属于自己的动物园
30385790, 8.6, 36, 动物不简单•第1辑
26772820, 6.9, 140, 嘿，和我聊会儿天吧
27040059, 8.0, 52, 动物如友邻
27185142, 7.3, 92, 海怪
10797734, 7.8, 60, 鸟类之书
20471355, 8.3, 42, 荒野的呼唤
26611725, 6.0, 488, 虫子书
01004941, 8.5, 37, 养狗指南
30363018, 7.6, 69, 一只名叫鲍勃的流浪猫
30303190, 9.7, 20, 猫行为健康和福利
11226137, 8.1, 47, 為什麼狗是寵物？豬是食物？
33395278, 9.1, 26, 猫头鹰的秘密生活
10345564, 8.4, 38, 小狗天国的来信
34788216, 9.0, 27, 鸟的魔力
26970113, 8.3, 40, 昆虫的私生活
34778572, 8.7, 31, 动物寓言集
30160651, 7.7, 60, 猫的秘密
33395277, 9.7, 19, 地表最强熊虫
26893028, 8.6, 32, 野鸟放大镜住行篇
01878163, 8.7, 30, The Gruffalo&#39;s Child
03161013, 8.7, 30, 野性之聲01
30223070, 8.7, 30, 丛林：狐
30322530, 8.5, 33, DK名犬百科
01451344, 7.4, 72, 银狐
27667297, 9.0, 25, 动物骨大发现
03463838, 8.7, 29, 西顿动物记1
27044860, 6.5, 177, 兔子小史
20375969, 9.1, 23, 金枝玉叶
34872400, 9.4, 20, 《熊猫中国：中国大熊猫纪实》
30406008, 8.0, 42, 狐狸爸爸笑了
19986217, 8.0, 41, 狗狗心事4
01399639, 9.0, 23, 我的野生动物朋友
30364330, 9.0, 23, 中世纪动物图鉴
26814115, 8.9, 24, 国际插画大师惠特拉奇的动物绘本
26608895, 8.6, 28, 只要一分钟
26379081, 8.3, 33, DK 世界名犬驯养百科
01400702, 8.2, 35, 狗不是爱情骗子
01178501, 6.9, 100, 当人遇见猫
30422602, 7.4, 62, 失控的农业
26971318, 8.5, 29, 动物生死书
26275290, 7.7, 48, Leaving Time
30839470, 7.1, 79, 动物的内心戏
10461632, 9.2, 20, 到森林去
04191857, 7.9, 41, 动物权利研究
25772274, 7.2, 71, 狗为什么改不了吃屎
04874448, 9.3, 19, 猫武士漫画版之2:武士避难
05349572, 8.7, 25, 神秘的红狐阵
30142302, 8.3, 31, 丛中鸟
03174561, 8.6, 26, 怀疑主义与动物信仰
30223079, 8.4, 29, 丛林：狮
34816450, 7.5, 53, 名画中的狗
04822272, 7.9, 39, 数数小兔子
01138621, 9.1, 20, 青藏高原上的生灵
02249732, 9.2, 19, The Companion Species Manifesto
35069280, 9.2, 19, 养蜂的秘密
01434207, 8.0, 36, 动物权利论争
06829206, 8.4, 28, 还来得及说爱你吗
27621510, 7.3, 59, 海
02983855, 7.8, 40, 小老鼠分果果
26878012, 8.0, 34, 古生物饲养指南
34431982, 8.0, 34, 为什么狗是宠物猪是食物？
26022312, 7.0, 72, 猫语教科书
01179204, 9.6, 15, 昆虫分类（上下）
11542969, 8.6, 23, 狼獾河
27069494, 8.3, 27, 海伦的苍鹰
30160656, 8.3, 27, 狗的秘密
26903284, 9.1, 18, 世界鸟巢图鉴
33424591, 7.0, 69, 动物的屁事儿
30223075, 8.4, 25, 丛林. 恐龙
06877658, 7.7, 38, A.S.野性第六感 Vol.1
26430461, 8.3, 26, 柳林风声
25914524, 8.7, 21, 燕园动物
30391633, 8.8, 20, 请带我回家
01885999, 8.1, 29, 中国历史时期植物与动物变迁研究
06390099, 8.5, 23, 藏獒
01369313, 8.2, 27, 菜市場魚圖鑑
10459393, 8.4, 24, 大象罗拉
34841109, 7.8, 34, 菜市场鱼图鉴
26869777, 8.3, 25, Staying with the Trouble
03785957, 7.7, 36, Animal Liberation
34436005, 9.2, 16, 神奇动物在这里
25921394, 8.2, 26, 科瓦奇讲植物
25959180, 8.5, 22, 愛心動物醫生1
34842452, 8.5, 22, 写给人类的100封信
01071477, 7.4, 44, 哲学家的狗
01316236, 8.9, 18, 继续生存的机会
07060195, 8.9, 18, 小狐狸空空和小狸猫冬冬
34950388, 9.5, 14, 生命的进化
25755905, 8.1, 27, 狗狗心事5：小狗昵语
01167042, 7.9, 30, 鸟类学
26586322, 7.5, 39, 我的似水流年
01434205, 8.5, 21, 动物权利导论
03525913, 8.4, 22, Drawing Birds with Colored Pencils
30385739, 6.6, 85, 野性之美：非洲野生动物初窥
25736921, 7.8, 31, 卫斯理的守候
26606621, 7.4, 41, 爱思考的猫
34933736, 7.7, 33, 猫书
26811114, 9.2, 15, 猫病学（第4版）
30337096, 8.9, 17, 甲虫博物馆
26728985, 7.6, 35, 世界尽头的梦幻岛屿：马达加斯加
10779942, 8.0, 27, 等一等再睡觉
20395918, 6.5, 89, 乘公交车的猫
26735682, 8.3, 22, 动物的身体1：动物的眼睛
30461810, 8.8, 17, 一家人看世界
03995563, 7.9, 27, 追求无残酷的文化
26852539, 9.2, 14, 化石知道生命的旅程
03832142, 7.1, 46, 寻找考迈克
30312971, 9.8, 11, 水母之书
03411772, 8.8, 16, 迷糊動物醫生(01)
33379608, 6.5, 78, 猫咪海洋简史
30345296, 7.9, 25, 生命之美
25722274, 8.3, 20, 动物素描基础
27096934, 6.0, 143, 臭脸猫的人生指南
33721009, 8.9, 15, 逝者如渡渡
27596629, 8.6, 17, 动物列车开来了
01594159, 9.0, 14, 中国两栖动物图鉴
01491037, 7.4, 33, 真实的藏獒
26653177, 7.5, 30, 动物也疯狂
25913239, 8.0, 22, 谁吃谁大冒险（第1辑）
26811980, 7.3, 34, 猫町
34858769, 8.6, 16, 动物王朝
05038095, 9.5, 11, My Family and Other Animals
12025008, 8.2, 19, The Nature of the Beasts
25940205, 8.4, 17, Animal Architecture
03225225, 7.9, 22, 狐狸弗雷德的故事
34444336, 9.0, 13, 常见爬行动物野外识别手册
10345568, 7.3, 31, 狐狸先生的宴会
30140426, 8.0, 20, 图书馆里的喵星人
27136587, 7.6, 25, 狗智慧
34615310, 7.8, 22, 比人更有趣的哺乳动物
24851401, 8.7, 14, 猛犸、剑齿虎、人类
30275899, 8.4, 16, 动物博物馆
26579929, 6.9, 41, 极端动物笔记
26606619, 6.9, 41, 我的狗
26606616, 7.4, 25, 怀念
06527060, 7.6, 22, 生命的季节
26995359, 7.6, 22, 猫图鉴
30314670, 8.6, 13, 大象和我（我的动物朋友）
27157950, 8.1, 16, 贝壳博物馆
04159986, 7.5, 22, Just Mommy and Me
35072983, 9.2, 10, 丛林守护天使
24733767, 7.7, 19, 动物考古学
26911618, 8.6, 12, 舌尖上的贝类
01553550, 8.4, 13, 中国古代动物学史
01080702, 8.7, 11, 动物世界
30396680, 7.6, 18, 我与大自然的奇妙相遇·寻觅兽类
26253248, 7.2, 23, 冰河世纪
34853900, 6.0, 66, 动物奇葩说
10604025, 8.6, 11, 一切有心
20423429, 8.2, 13, 消失的动物
10954918, 8.8, 10, Zog
26671498, 6.5, 37, 人类接管手册
26268232, 7.6, 16, 鲸鱼与海豚
26412934, 7.6, 16, 大屁屁熊
10564975, 7.2, 20, 水豚君
26586365, 6.9, 24, 我的光辉岁月
01370484, 7.5, 16, 狗狗的異想世界
25796182, 6.8, 25, 狗狗心事6：狗狗养育的七个年龄段
26787189, 7.0, 21, 动物生活史
27044551, 7.0, 21, 发现奇异的动物
30229647, 8.0, 12, 海豚
01814630, 7.0, 18, 金毛寻回猎犬
20279692, 6.5, 25, 猫咪狂想曲
26607837, 6.5, 23, 澳洲鹦鹉的那些事儿
01390443, 7.0, 16, 鱼类的爱情故事
27621423, 6.8, 18, 神话动物园
33587080, 6.0, 34, 动物思维
26606609, 6.6, 19, 我的流浪生活
30217494, 7.5, 11, 狗知道答案
01397875, 7.3, 12, 动物也说话
05370258, 6.4, 21, 与虎同行
03352714, 7.0, 13, 家养水龟百科
27021758, 5.8, 30, 蔡志忠漫画：猫狗春秋
01809862, 7.0, 12, 卡通漫画绘画技法
03510079, 6.6, 14, 动物的文化
21358063, 6.6, 14, 图解狗狗心理学
04742424, 6.7, 13, 动物素描
03821926, 7.0, 10, Eating Animals
30347045, 6.8, 11, 极简动物图志
34466321, 5.8, 15, 奇兽：山海经动物图鉴1
03249290, 0.0, 10, 狗狗医学百科
21983607, 0.0, 10, Cat Sense
24542217, 0.0, 10, Primates of the World
34796371, 0.0, 10, 生骨肉饮食指南：猫狗的生食喂养篇
04891386, 0.0, 11, 被宠坏的狗熊
10593644, 0.0, 11, 火狐
27065513, 0.0, 11, 夏日的世界
30145709, 0.0, 11, 蛙类博物馆
33427393, 0.0, 11, 不匹配的一对
34937623, 0.0, 11, 世界动物绘本（超大版）
27037902, 0.0, 13, 金角鹿
03155274, 0.0, 15, 避雨的豹
03582615, 0.0, 15, 狼与狐
