2020-07-05 15:59:57

number of books, tag name
970, 励志

ID, rating, votes, title
04913064, 9.4, 496840, 活着
01200840, 9.0, 251381, 平凡的世界（全三部）
26954760, 8.8, 149124, 月亮与六便士
01829226, 9.1, 85328, 肖申克的救赎
01474773, 9.5, 38592, 海贼王
01017143, 8.5, 200885, 不能承受的生命之轻
01141406, 8.5, 186821, 简爱（英文全本）
01221515, 9.5, 28454, 灌篮高手31
01064275, 8.4, 155621, 老人与海
33440205, 8.9, 60922, 你当像鸟飞往你的山
03608208, 8.5, 120385, 牧羊少年奇幻之旅
10517238, 9.0, 42305, 平凡的世界
03523041, 9.1, 32238, 平凡的世界（全三册）
01016003, 8.1, 153080, 鲁滨逊漂流记
06798611, 8.7, 47505, 史蒂夫·乔布斯传
01775691, 8.4, 81346, 少有人走的路
03261600, 9.2, 16419, 人生的智慧
01786387, 8.6, 39605, 影响力
26864984, 8.9, 24068, 金色梦乡
11622283, 9.2, 15215, 滚蛋吧!肿瘤君
03369600, 8.2, 78462, 当我谈跑步时我谈些什么
03803820, 8.4, 51378, 人生
04231381, 8.4, 48887, 那些回不去的年少时光
01033778, 8.3, 58349, 富爸爸，穷爸爸
01476651, 9.0, 17667, 社会心理学
01880831, 9.2, 11740, 基督山伯爵（上下册）
30336340, 8.7, 23730, 撒野
24934182, 8.1, 68609, 一个人的朝圣
26369699, 8.6, 26244, 被讨厌的勇气
03533221, 8.4, 35529, 非暴力沟通
03609132, 8.4, 35480, 把时间当作朋友
02340100, 8.0, 73634, 遇见未知的自己
02025999, 9.8, 4547, 灌篮高手（全31卷）
10786473, 8.2, 45623, 自控力
02008284, 8.7, 18452, 佐贺的超级阿嬷
02256039, 7.8, 92458, 杜拉拉升职记
26210487, 9.0, 11134, 强风吹拂
01056295, 8.2, 39845, 人性的弱点全集
02194123, 8.4, 24264, 相约星期二
02046807, 9.5, 4883, 飘
01322455, 8.7, 14199, 遥远的救世主
27608239, 8.4, 22260, 原则
27154246, 9.9, 2764, 助张继科成就大满贯
01048007, 8.2, 26141, 高效能人士的七个习惯（精华版）
05330333, 8.6, 12858, 活出生命的意义
01783349, 8.8, 8453, 倾城之恋
04010196, 8.1, 25031, 世界因你不同
01084080, 9.1, 5290, 平凡的世界（全三册）
01880992, 8.5, 12435, 老人与海
03826899, 8.7, 8979, 布鲁克林有棵树
02180619, 8.0, 28059, 偷书贼
01013502, 7.6, 60626, 钢铁是怎样炼成的
01069805, 8.8, 7318, 给青年的十二封信
03291111, 8.5, 11107, 富爸爸穷爸爸
04180711, 8.2, 16359, 拖延心理学
05325618, 8.4, 11282, 高效能人士的七个习惯
01012637, 8.2, 15547, 牛虻
04953695, 7.8, 31692, 拆掉思维里的墙
01286547, 8.6, 7678, 菜根谭
34659228, 8.7, 6410, 你想活出怎样的人生
01040397, 8.1, 16343, 假如给我三天光明
26664352, 8.9, 4690, 褚时健传
02193877, 8.0, 18353, 你在天堂里遇见的五个人
24753751, 8.1, 14701, 向前一步
02083981, 8.7, 5662, 了凡四训
25810506, 9.1, 3280, 史蒂夫·乔布斯传（修订版）
10562233, 8.6, 6129, 人生
30254298, 7.7, 27001, 云边有个小卖部
25717097, 8.6, 5682, 囚徒健身
34836531, 8.8, 4254, 了不起的我
01115353, 8.3, 8674, 奇特的一生
01005193, 8.6, 5526, 重新认识你自己
34466299, 8.6, 5461, 天才基本法
01262986, 8.1, 11395, 我不是教你诈
30175475, 8.8, 4017, Educated
07059662, 8.1, 11221, 考拉小巫的英语学习日记
02277299, 8.4, 6924, 当下的力量
26306686, 8.3, 7928, 创业维艰
03413836, 8.4, 6563, 当下的力量
06835758, 8.6, 4900, 平凡的世界
01269900, 8.1, 10335, 活法
03164521, 8.8, 3684, 简爱
05408858, 8.9, 3196, 建筑家安藤忠雄
01017180, 8.2, 8480, 定位
26895993, 7.9, 13598, 刻意练习
03834938, 8.3, 6915, 与神对话（第一卷）
03558629, 8.4, 5942, 小强升职记
26983338, 8.8, 3296, 老人与海
27113040, 8.5, 4843, 打火机与公主裙·长明灯
10598170, 8.1, 8713, 我不要你死于一事无成
24749465, 7.4, 31521, 断舍离
01313181, 8.4, 5379, 富兰克林自传
04199248, 8.8, 3011, 佐贺的超级阿嬷
01292359, 8.4, 5107, 相约星期二
01211267, 8.5, 4302, 阿甘正传
26759508, 8.1, 7793, 硅谷钢铁侠
25735727, 8.2, 6552, 站在两个世界的边缘
01793990, 9.0, 2113, 早晨从中午开始
20507212, 8.0, 8158, 习惯的力量
01135734, 8.6, 3257, 追寻生命的意义
01161817, 8.6, 3112, 洛克菲勒留给儿子的38封信
03266968, 7.2, 33362, 秘密
26609645, 8.1, 6092, 而立·24
03664754, 8.1, 6089, 米娅，快跑
20384337, 8.3, 4498, Lean In
05389557, 8.5, 3365, 姥姥语录
01026655, 8.4, 3807, 相约星期二
25863621, 8.0, 6894, 异类
01021056, 7.1, 37959, 谁动了我的奶酪？
26761696, 7.5, 16125, 精进
22994632, 8.9, 1928, 成功，动机与目标
34797578, 8.1, 5658, 人间值得
03688489, 7.7, 10997, 异类
03449759, 8.2, 4778, 一个人漂泊的日子①
04741216, 7.3, 23095, 我的奋斗
24758481, 8.6, 2708, 当下的力量（珍藏版）
04881637, 8.7, 2376, 老人与海
26352388, 9.2, 1279, 约翰·克里斯朵夫
01183730, 8.5, 2808, 谈话的力量
25985683, 7.7, 9325, 人性的弱点
02225735, 7.9, 6606, 谁动了我的奶酪？
01071821, 8.1, 4722, 你不可不知的人性
11507862, 8.2, 4047, 独自上场
01837006, 8.0, 5441, 人性的弱点
01221511, 9.7, 704, 灌篮高手28
25870384, 8.3, 3401, 你的生命有什么可能
34816684, 8.9, 1563, 天才基本法·完结篇
01221516, 9.7, 690, 灌篮高手27
03318174, 8.1, 4435, 这书能让你戒烟
25870991, 8.3, 3309, 曾国藩的正面与侧面
01221514, 9.7, 676, 灌篮高手23
01221509, 9.7, 675, 灌篮高手25
11542577, 8.6, 2179, 天生就会跑
01097835, 8.0, 5036, 名人传
03123393, 7.6, 9739, 遇见心想事成的自己
01221512, 9.7, 668, 灌篮高手26
26353666, 9.2, 1085, 量子物理史話
01342175, 8.7, 1893, The Alchemist
02065564, 8.1, 4205, 一日重生
01083403, 7.8, 6725, 世界上最伟大的推销员
01135754, 8.1, 4120, 你的灯亮着吗?
35009826, 8.8, 1624, 一生的旅程
20504749, 8.5, 2229, 那些回不去的年少时光（套装上下册）
01427679, 7.5, 10399, 做最好的自己
26747208, 8.0, 4474, 优秀的绵羊
26606389, 7.3, 15225, 白说
04112632, 8.2, 3283, 活法（修订版）
33440237, 9.0, 1198, 强风吹拂
06510070, 8.2, 3217, 人生不设限
01105890, 8.1, 3711, 生命的重建
10739290, 7.8, 5896, 30岁前别结婚
01221513, 9.7, 593, 灌篮高手22
10773358, 8.1, 3629, 意志力
01221510, 9.7, 578, 灌篮高手21
05408860, 8.2, 3062, 风雨哈佛路
05302113, 8.3, 2590, 三双鞋
24871655, 8.5, 1964, 无比美妙的痛苦
10476698, 7.5, 8760, 因为痛，所以叫青春
01827578, 7.6, 7216, 输赢
07952978, 8.8, 1307, Wonder
27203393, 8.3, 2403, 见风
20480823, 8.2, 2744, 幸福的方法
04722180, 7.7, 5786, 谁动了我的奶酪?-纪念版
10512506, 7.7, 5633, 世界上的另一个你
01499783, 8.3, 2254, 将心注入
03622904, 7.2, 13723, 不抱怨的世界
02140496, 8.5, 1734, 幸福的拾荒者
02347737, 8.0, 3399, 深夜加油站遇见苏格拉底
01359005, 8.7, 1357, 活出意义来
03622445, 8.6, 1476, 贫民窟的百万富翁
26274005, 8.3, 2142, 阿甘正传
01731825, 7.4, 8706, 读大学，究竟读什么
25858068, 7.4, 8625, 100个基本
04898553, 9.1, 833, 阿加西自传
27154533, 7.6, 5878, 终身成长
04150038, 8.0, 3087, 海鸥乔纳森
01001895, 7.8, 4131, 靠自己去成功
01956419, 8.3, 1997, 一公升の眼泪
04934733, 8.1, 2617, 真实的幸福
02980795, 7.7, 4725, 内向者优势
01159949, 7.8, 3993, 杰克·韦尔奇自传
06438293, 8.8, 1064, 富爸爸 穷爸爸（财商教育版）
10432334, 8.3, 1940, Me Before You
06854863, 9.0, 856, 老人与海
04934590, 8.3, 1909, 活出最乐观的自己
04628394, 9.1, 758, 热爱生命
20382353, 9.3, 623, 排球少年 1
02149626, 8.6, 1298, 恰同学少年
20434430, 8.0, 2834, 你要如何衡量你的人生
26284789, 8.6, 1294, 高效能人士的七个习惯
26043287, 8.0, 2802, 我的拖延症女友
06724865, 8.8, 1019, 坚不可摧
04066638, 9.4, 555, 宇宙兄弟1
01902303, 9.1, 724, Man&#39;s Search for Meaning
26584387, 7.6, 4984, 一个人的朝圣2
25777982, 7.6, 4970, 在难搞的日子笑出声来
03410763, 8.6, 1219, 最后的演讲
06041708, 7.7, 4159, 世上另一个我(修订版)
01085660, 8.0, 2587, 尽管去做
19955069, 7.8, 3458, 遇见未知的自己
20389195, 7.3, 7887, 慢慢来，一切都来得及
02994181, 7.9, 2837, 钢铁是怎样炼成的
01769548, 9.3, 552, 阿信(一)
03874168, 8.1, 2106, 零极限
06966843, 7.8, 3198, 重遇未知的自己
01436707, 7.5, 5177, 如何掌控自己的时间和生活
03098671, 9.2, 589, 士兵突击完全版
04007097, 8.5, 1237, 富兰克林自传
04010185, 8.0, 2353, 哪来的天才？
27173866, 8.1, 2045, 颠覆者
03034706, 9.2, 579, The Last Lecture
03715982, 8.4, 1346, 当幸福来敲门
06890672, 8.7, 948, 这一生，至少当一次傻瓜
01253222, 8.5, 1191, 居里夫人传
10565381, 7.9, 2567, 活法
24083865, 7.7, 3435, 女人明白要趁早之三观易碎
05344908, 7.9, 2492, 别独自用餐
01427920, 8.7, 900, The 7 Habits of Highly Effective People
27623508, 8.4, 1261, 走出荒野
24756947, 9.2, 532, 肖申克的救赎
05975566, 8.6, 983, 牺牲
04931797, 8.4, 1240, 十四堂人生创意课
04881640, 8.1, 1813, 名人传
01077497, 7.2, 7525, 水煮三国
04726323, 7.4, 4931, 一万小时天才理论
26420555, 8.0, 1948, 何必等来生
34870933, 7.7, 2992, 人生十二法则
26171593, 7.4, 4880, 今天也要用心过生活
26693418, 7.4, 4805, 按自己的意愿过一生
02133074, 7.0, 10207, 20几岁，决定女人的一生
26925607, 8.2, 1451, 不如去闯
02119843, 6.8, 15342, 钝感力
04932095, 7.6, 3328, 好好爱自己
27009488, 7.7, 2813, 财务自由之路
20389192, 7.1, 7626, 30岁前的每一天
30359587, 7.9, 2013, 科比自传
01894744, 7.6, 3071, 钢铁是怎样炼成的
01100470, 7.5, 3591, 现在，发现你的优势
10797625, 8.7, 736, 当李晓峰成为SKY
04846035, 7.5, 3563, 干法
33414023, 8.3, 1137, 我曾走在崩溃的边缘
03354936, 7.9, 1907, 假如给我三天光明
03113720, 9.2, 436, REAL(01)
25895442, 6.6, 20115, 你的孤独，虽败犹荣
23044177, 7.9, 1825, 挺住，意味着一切
26704143, 8.6, 757, 把时间当作朋友(罗辑思维独家定制版)
03284230, 7.4, 3821, 我的成功可以复制
02054246, 8.0, 1526, 你的误区
03006483, 7.7, 2320, 每周工作4小时
01082601, 7.5, 3159, 羊皮卷
26220798, 7.6, 2631, 生命不息，折腾不止
01058229, 8.6, 723, 智慧书
26220259, 8.3, 1012, 褚时健
25917140, 7.1, 6153, 不要让未来的你，讨厌现在的自己
04032387, 9.0, 477, 太空步
04006425, 7.8, 1924, 我是一只IT小小鸟
25731990, 8.4, 889, 我是落花生的女儿
04109194, 8.4, 883, 为自己出征
03267945, 7.8, 1881, 疯狂的程序员
26590267, 7.3, 4110, 工作前5年，决定你一生的财富
07054652, 8.0, 1404, 创业36条军规
01007864, 7.9, 1600, 商道
04075835, 8.2, 1077, 从优秀到卓越
02984241, 8.7, 612, 思维改变生活
26781120, 8.0, 1371, 优秀到不能被忽视
01019917, 8.4, 838, 杰出青少年的七个习惯
05399425, 8.4, 838, 销售就是要搞定人
06938350, 8.3, 933, 销售就是要搞定人
30285035, 7.9, 1548, 蜜蜂与远雷
25836825, 7.2, 4602, 你是最好的自己
01138763, 8.6, 664, 林肯传
03192130, 9.0, 438, 艰难的归程
26109489, 8.2, 1022, 我是马拉拉
20270482, 8.1, 1146, 潜水钟与蝴蝶
10747361, 7.8, 1684, 遇见心想事成的自己
27102701, 7.9, 1446, 另一种选择
06125682, 7.5, 2546, 力量
25788697, 7.4, 2980, 一切都是最好的安排
25923063, 8.2, 961, 考拉小巫的留学成长日记
03585473, 8.1, 1085, What I Wish I Knew When I Was 20
06080059, 8.2, 946, 将心注入
01491590, 7.9, 1381, 人性的优点
01123597, 8.1, 1062, 钢铁是怎样炼成的
02113347, 8.4, 745, 卡耐基经典全集
04729468, 7.6, 2075, 全中国最穷的小伙子发财日记
26319626, 8.2, 927, 向前一步
26353581, 7.5, 2408, 成龙：还没长大就老了
01175941, 8.6, 589, 本杰明·富兰克林自传
04816212, 7.4, 2807, 真希望我20几岁就知道的事
01271579, 7.5, 2367, 礼物
34834155, 8.6, 583, 一间自己的房间
03149514, 8.0, 1153, 战胜拖拉
03654465, 7.6, 1998, 少有人走的路Ⅲ
25747597, 7.3, 3158, 不能不去爱的两件事
22993496, 7.5, 2274, 女人明白要趁早
26317953, 8.7, 509, 这一生，至少当一次傻瓜（精装版）
01000972, 8.0, 1101, 一生的忠告
03616968, 7.8, 1419, 活法（贰）
01049071, 7.7, 1618, 杰克·韦尔奇自传
34973161, 8.5, 593, 她们
01423818, 7.9, 1194, 如何在大学里脱颖而出
01032621, 7.9, 1181, 世界上最伟大的推销员
27139846, 7.0, 4809, 我在未来等你
01082186, 8.2, 807, 乞丐囝仔
01958394, 7.8, 1307, 工作DNA
26648884, 7.5, 2000, 干法
26275063, 8.5, 556, 活得明白
01021977, 7.7, 1453, 思考致富
27012154, 7.3, 2659, 我喜欢生命本来的样子
04254672, 7.5, 1878, 不抱怨的世界2
21364188, 7.2, 3038, 书都不会读，你还想成功
25734421, 8.3, 660, 胡萝卜须
03113731, 9.6, 201, REAL(06)
27088215, 8.4, 591, 自我成长的力量
25891495, 8.2, 725, 自控力
01051492, 7.8, 1190, 我很重要
01028372, 8.0, 914, 要事第一
26656532, 7.3, 2444, 最重要的事，只有一件
27115882, 6.6, 9120, 我不
27094416, 7.9, 1015, 羊与钢的森林
27017308, 8.3, 628, 醒来
01365035, 8.4, 548, Rich Dad
26598945, 7.5, 1694, 请尊重一个姑娘的努力
05410582, 7.3, 2213, 伟大是熬出来的
11509401, 6.9, 4367, 正能量
02081433, 8.6, 421, 纽约美女
24737118, 7.9, 920, 不要等到毕业以后
26628237, 7.5, 1549, 哪有没时间这回事
27182214, 8.2, 617, 助理建筑师
06510688, 8.0, 775, 看见成长的自己
11592003, 8.1, 684, 不得贪胜
30156481, 8.9, 302, 像阿德勒一样思考和生活
05906677, 8.2, 608, 过犹不及
26879777, 8.3, 544, 在难熬的日子里痛快地活
04249313, 7.6, 1289, 活在当下
04244979, 8.0, 760, 我就是要挑战这世界
25921293, 6.5, 9060, 愿有人陪你颠沛流离
26365909, 7.3, 1984, 人生只有一次，去做自己喜欢的事
26694904, 7.4, 1687, 世界很大
04159343, 7.7, 1094, 潜意识的力量
11597283, 9.1, 246, 听见颜色的女孩
26422275, 7.2, 2256, 向死而生
30292813, 7.3, 1916, 2023非虚构成长
26737134, 7.8, 939, 就要一场绚丽突围
26362975, 7.8, 938, 藏在这世间的美好
10786476, 7.8, 936, 每周工作4小时
25891329, 8.3, 514, 心法
25852441, 7.0, 3112, 当我足够好，才会遇见你
26897266, 7.9, 814, 考拉小巫的英语学习日记
24912330, 8.9, 285, 廖智：感谢生命的美意
26739865, 6.9, 3717, 向着光亮那方
03425151, 9.0, 260, 焦虑情绪调节手册
20273266, 8.1, 633, 假如给我三天光明
25876244, 7.3, 1854, 在绝望中寻找希望
24699104, 6.8, 4417, 你要去相信，没有到不了的明天
01254463, 8.0, 703, 人性的优点
25832152, 8.6, 367, 自尊的力量
01048826, 7.6, 1166, 钢铁是怎样炼成的
26663954, 7.5, 1335, 吉田医生哈佛求学记
04279822, 8.5, 402, 阿甘正传
11526985, 7.2, 2101, 直到世界尽头
20283087, 7.8, 880, 十年徒步中国
33536171, 9.1, 231, 原子習慣
25911858, 8.3, 485, 我们能做什么
02184750, 8.7, 325, 哈佛家训
03087896, 6.8, 4146, 旋风少女
03613841, 8.1, 598, 自信的秘密
24318992, 8.0, 654, 别在异乡哭泣
01958071, 9.5, 163, 求
26178225, 8.0, 651, 巧克力色微凉青春I
25855770, 7.9, 728, 就因為「沒時間」，才什麼都能辦到
25985499, 7.6, 1071, 这一生，静待时光检验
26628022, 7.3, 1640, 我的盖世英熊
26865124, 8.1, 568, 我本浪人
27116268, 8.3, 456, 牧羊少年奇幻之旅
01061615, 7.5, 1212, 方与圆
04867187, 8.0, 624, 稻盛和夫自传
04247329, 8.4, 402, 致青年学者
26599189, 7.8, 786, 生命不息，折腾不止
06801742, 7.4, 1351, 人生定位
24318966, 8.1, 548, 我在哈佛的最后一堂课
24297906, 6.6, 5491, 不畏将来 不念过去
26656779, 7.0, 2552, 当你的才华还撑不起你的梦想时
03772058, 7.4, 1344, 吸引力法则
01051650, 7.9, 681, 羊皮卷
02377817, 9.7, 133, 明日吹く風のために……
02368126, 7.9, 673, 思考致富
30152934, 7.4, 1301, 佛系：如何成为一个快乐的人
01041591, 7.7, 841, 爱就注定了一生的漂泊
01675580, 8.7, 283, 居里夫人传
02244655, 8.2, 464, 敏行快跑!(01)
01436473, 8.2, 451, 人性的弱点全集
33446985, 6.8, 3280, 你是我的荣耀
26363418, 7.3, 1409, 我坚信
01004325, 6.5, 5986, 致加西亚的信
26794518, 7.4, 1197, 25岁，如何规划你的人生
01337291, 7.3, 1360, Who Moved My Cheese?
01911166, 8.2, 431, 活出自己
26689692, 8.0, 534, 不完美，才美
04920383, 7.3, 1327, 这辈子，只能这样吗？
26920860, 7.3, 1307, 脱轨
30459025, 7.9, 583, 一问一世界
02024848, 8.6, 279, 约翰·克里斯朵夫
05325859, 7.3, 1268, 天下没有怀才不遇这回事
01053836, 6.7, 3485, 细节决定成败
34481753, 9.1, 179, 奇记，奇迹
06084515, 8.5, 300, 叫我第一名
06430264, 9.2, 165, 曾国藩大传
03185701, 7.7, 714, 钢铁是怎样炼成的
10603541, 8.5, 297, 洛克菲勒留给儿子的38封信
03335271, 7.0, 1975, 娜写年华
01442238, 8.0, 495, 学习改变命运
03925917, 7.7, 708, 巴比伦最富有的人
26262143, 7.7, 707, 女人明白要趁早之米字路口问答
06004438, 7.4, 1055, 做你自己
26948733, 8.1, 439, 我在天堂那五年
01009052, 7.8, 618, 生生世世未了缘
30209866, 7.4, 1019, 每一天梦想练习
27120009, 8.8, 215, 走出自己的天空
04188928, 7.9, 514, 林肯传
30319712, 10.0, 89, 灌籃高手 新裝再編版(01)~(20)全套
33440045, 7.4, 955, 高效休息法
25867688, 6.7, 2992, 一粒红尘
03441145, 8.6, 247, 自尊的6大支柱
04826033, 7.9, 503, 全力以赴
34879684, 7.5, 824, 因为这是你的人生
26313089, 7.1, 1444, 姑娘，欢迎降落在这残酷世界
26815948, 8.0, 436, 当下的力量（白金版）
27614739, 8.3, 318, 生活教会我
11511203, 8.8, 199, 驭风少年
25829661, 9.5, 116, 蒼い炎
01001054, 7.6, 676, 冲破人生的冰河
26434719, 6.5, 4048, 你一年的8760小时
06607708, 8.5, 252, 最高职责
03042990, 7.4, 866, 郎朗 千里之行：我的故事
25718134, 7.1, 1342, 女不强大天不容
27009733, 7.4, 861, 我不惧怕成为这样“强硬”的姑娘
30458408, 7.2, 1145, 逆商
26659614, 6.9, 1829, 谢谢自己够勇敢
04100307, 8.9, 174, 丛林守护神
26794032, 8.5, 242, 创业36条军规
03513006, 7.8, 493, 失落的致富经典
05243507, 7.2, 1085, 许你再见钟情
34801236, 8.8, 181, 中国精神读本
05063028, 8.7, 195, 本杰明·富兰克林自传
10797680, 8.3, 273, 我是马政委
26838223, 7.3, 878, 三观易碎
20278327, 5.8, 18892, 谁的青春不迷茫
20434433, 8.1, 327, 永不止步
26452494, 8.3, 264, 世界因你不同:李开复自传(纪念版)
24396665, 7.8, 445, 一辈子做女孩
01220597, 7.6, 548, 高效能人士的第八个习惯
25782643, 7.4, 706, 你若不勇敢，谁替你坚强
11632947, 8.3, 255, 富兰克林自传
01213404, 8.2, 280, 穷理查年鉴
04146300, 7.8, 426, 谁动了我的奶酪(青少年版)
33375419, 7.5, 612, 是谁出的题这么难，到处都是正确答案
34848957, 7.4, 695, 格局
26936260, 6.7, 2050, 斜杠青年
26183838, 7.5, 593, 我想看到的世界
25756626, 8.0, 329, 布雷特的生命清单
05398985, 7.8, 408, 积极情绪的力量
06758610, 6.8, 1640, 人脉是设计出来的
27608713, 8.2, 266, Eleanor Oliphant is Completely Fine
26878947, 6.9, 1384, 我不过低配的人生
25714765, 8.4, 219, 漫漫自由路
01107519, 7.6, 510, 把握我们有限的今生
30303600, 7.7, 448, 18
34845754, 7.7, 446, 精准努力：刘媛媛的逆袭课
02212292, 8.3, 237, 季羡林谈人生
10740449, 8.0, 318, 关键冲突
30400047, 9.1, 121, Can&#39;t Hurt Me
26108383, 6.6, 2246, 人生永远没有太晚的开始
19949017, 7.2, 833, 魔力
01055881, 7.4, 618, 你的降落伞是什么颜色？
25960840, 9.0, 127, 龙与猫之国
24527645, 8.0, 306, 心的处方笺
05364404, 8.7, 160, 少有人走的路
20485924, 8.3, 227, Give and Take
02516411, 8.3, 225, How to Become a Straight-A Student
27194818, 7.4, 604, 请停止无效社交
30328453, 7.5, 527, 财务自由之路. Ⅱ
30348435, 7.5, 526, 如何想到又做到
34915110, 9.1, 115, 敢行动，梦想才生动：梦想清单训练手册
26425651, 6.1, 5976, 你只是看起来很努力
07916024, 7.3, 678, 雨中的3分58秒
33452604, 7.3, 674, 当你又忙又美，何惧患得患失
01581273, 8.5, 181, 行动转变性格
02327273, 8.4, 196, 我好-你好
24298931, 7.0, 1010, 专注力
01022753, 7.6, 443, 离合悲欢总是缘
25819483, 8.1, 256, 成功这件小事
04323622, 7.5, 488, 向宇宙下订单
26378862, 7.0, 969, 气质
04812990, 9.0, 116, 成长
26631269, 8.6, 158, 洛克菲勒写给儿子的38封信
26448151, 6.5, 2233, 离开前请叫醒我
35060315, 7.4, 541, 向上生长
26935479, 7.6, 421, 在对的时间做对的事
33444178, 7.8, 328, 自信的力量
26740257, 7.7, 365, 内在革命：一本关于成长的书
26682509, 9.5, 80, 排球少年 17
03250801, 7.2, 680, 星巴克拯救了我的生命
26108431, 8.1, 237, 世界是我念过最好的大学
06828163, 6.4, 2564, 4点起床
05325861, 6.3, 3147, 气场
30489284, 9.1, 103, 谢谢努力的自己
24722622, 7.6, 388, 为什么是毛泽东
26388007, 8.1, 225, 照着想象去生活
24531896, 6.9, 983, 不曾走过
01753104, 7.6, 380, 钢铁是怎样炼成的
26928381, 9.5, 75, 圣境预言书
05243163, 8.5, 153, 盔甲骑士
30247737, 7.0, 815, 加速：从拖延到高效，过三倍速度人生
30335334, 7.3, 533, 不租房的606天
26779589, 6.1, 4275, 我喜欢这个&#34;功利&#34;的世界
26269693, 6.9, 931, 像狗一样奔跑
30302827, 7.9, 260, 遇见一只猫
04720223, 8.1, 212, 一生的计划
10524786, 8.5, 148, 老人与海
27026937, 6.8, 1063, 你自以为的极限，只是别人的起点
34952366, 8.9, 108, 别在成长的年纪选择平庸
06110455, 7.6, 356, 唤醒心中的巨人
24870336, 8.7, 124, 奔腾年代
33439323, 6.8, 1036, 精进2
25953842, 7.4, 442, 步行者日记
34952525, 8.9, 106, 攀岩人生
26650929, 9.5, 71, 寿命是一点一滴努力来的
25879321, 7.2, 571, 梦想还是要有的，万一实现了呢
30401988, 9.6, 66, Educated
26412718, 6.9, 861, 我的漂亮朋友
02342028, 8.3, 168, 收刀入鞘
26935293, 7.5, 381, 重塑自我：如何成为一个很幸福的人
27028523, 6.2, 3069, 好的孤独
26682507, 9.4, 74, 排球少年 18
26924276, 7.2, 550, 愿你的青春不负梦想
04924204, 7.4, 419, 从容一生
26627873, 6.9, 830, 格局逆袭
01532073, 7.4, 417, 卡耐基写给女人一生幸福的忠告
01271492, 8.3, 163, 钢铁是怎样炼成的
02057037, 8.3, 162, 摇着轮椅上北大
27132559, 7.8, 261, 关于“工作的幸福”这件事儿（14岁懂社会系列）
26695301, 7.0, 693, 你一年的8760小时（升级版）
05502402, 7.9, 232, 哈佛积极心理学笔记
25756576, 7.9, 232, 自我激励的100种方法
01459087, 8.9, 99, 学习9段 傲气10段
01482762, 8.3, 159, Whatever You Think
26425103, 6.4, 1877, 余生请多指教
01221602, 7.6, 318, 钢铁是怎样炼成的
26428516, 6.7, 1093, 我只是敢和别人不一样
26902288, 7.9, 227, 人生没有白走的路，每一步都算数
26678730, 7.0, 666, 谁动了我的奶酪？
02016451, 8.0, 204, 万能钥匙
26598800, 7.4, 391, 十字路口
02046213, 6.9, 766, 世界上最神奇的24堂课
30259299, 7.4, 383, 侣行3
27026871, 8.3, 152, 留住所有时间变美好
26650151, 7.3, 432, 谁说咸鱼没有梦想
26429552, 8.3, 151, 假如给我三天光明：海伦·凯勒自传
26921601, 6.8, 869, 人生的84000种可能
27665233, 7.8, 233, 给成交一个理由(叶云燕的销售圣经)
25830853, 7.2, 466, 如何把事情做到最好
30156430, 7.8, 232, 你拿什么去过想要的生活
30229762, 7.3, 406, 别生气啦
30218245, 8.1, 172, 你要如何衡量你的人生
04715270, 6.8, 815, 读心术
30253311, 7.1, 523, 美好人生运营指南
26728018, 6.2, 2387, 你所谓的稳定，不过是在浪费生命
07065290, 7.1, 520, 我把一切告诉你1
26823158, 8.4, 130, 能量：9个能量场实验激活不可思议人生
10809151, 7.7, 248, 失语者
11628193, 8.0, 182, 少爷小姐要争气
03798470, 8.6, 109, 世界上最神奇的24堂课(原版经典全译本)
27661940, 6.4, 1509, 好看的皮囊千篇一律有趣的灵魂万里挑一
25886899, 6.9, 655, 我对时间有耐心
33704066, 6.8, 759, 每天演好一个情绪稳定的成年人
26289139, 7.3, 376, 你远比想象中强大
30265798, 7.8, 213, 去当你想当的任何人吧
01548529, 8.4, 123, 轮椅上的梦
26067769, 9.2, 69, 鲁滨逊漂流记
02046288, 8.4, 122, Breaking Night
04817621, 6.9, 625, 丢掉50样东西，找回100分人生
01334151, 9.6, 54, 十月的天空
10541306, 6.2, 2096, 墨菲定律
01035801, 6.2, 1999, 把信送给加西亚
26960889, 7.3, 350, 成龙：还没长大就老了（修订版）
26785900, 6.4, 1348, 永不放弃
26960742, 7.5, 276, 电竞恋人
03359251, 7.9, 179, 如何停止忧虑，开创人生
27008207, 7.4, 301, 做一个有风骨的女子
05359859, 7.9, 176, 意林
01016324, 7.7, 214, 珍贵的礼物
30264813, 7.5, 265, 好忠告
01000687, 6.1, 2309, 学习的革命
30259025, 7.0, 489, 行动变现：如何让我们的拼搏更有价值
11978131, 8.4, 112, 激发无限潜能
26767643, 6.8, 639, 愿所有美好如期而至
30247498, 8.0, 153, 一个人的修养，看失意时的善良
25731151, 6.2, 1765, 愿我的世界总有你二分之一
34440551, 7.6, 225, 赢家法则
26873915, 9.3, 58, 这个世界很美好，值得我们去奋斗
26974490, 6.4, 1185, 你要么出众，要么出局
27117000, 8.2, 124, 金格格理财逆袭记
26846606, 7.3, 303, 品格之路
34884817, 8.5, 96, 引爆自律力
26874593, 6.6, 791, 技巧
25765450, 7.0, 430, 如何控制自己的情绪
04319942, 8.0, 142, 爱情公寓
24708172, 7.2, 330, 自控力2
03019938, 7.5, 233, 思考致富
01210286, 7.7, 187, 属于那个叛逆的年代
27073387, 6.6, 757, 二十几岁，没有十年
25901055, 7.7, 182, 野蛮进化
30283559, 8.0, 137, 你要去相信，没有到不了的明天
30405067, 7.0, 407, 高能量姿势
11622361, 8.3, 105, 洛克菲勒留给儿子的38封信
30196434, 8.0, 135, 你的气质里，藏着曾走过的路
04833863, 7.5, 217, 我的兄弟，我的篮球
26815401, 7.0, 392, 你的坚持，终将美好
03350290, 8.0, 132, 大思想的神奇
05259532, 7.3, 269, 把时间留给最重要的事
04137515, 7.1, 343, 峰与谷
27127180, 7.1, 343, 30岁趁势而为
01189784, 6.5, 822, 狼道
01007562, 5.8, 3408, 哈佛女孩刘亦婷
01458702, 7.2, 300, 誰搬走了我的乳酪
26992887, 7.2, 297, 活得漂亮
27112536, 7.3, 263, 决定你上限的不是能力，而是格局
26394467, 6.9, 435, 就像没有明天那样去生活
01256269, 8.5, 85, 写给青年
01491087, 8.1, 116, 我的奋斗
26359398, 6.8, 484, 你要好好爱自己
26980766, 7.1, 322, 不管怎样
25843833, 8.2, 104, 世界上最伟大的推销员（平装）
26718873, 9.3, 49, 一切都不是你的错
27080625, 7.9, 134, 不要让未来的你，讨厌现在的自己：百万纪念版
26289077, 7.3, 247, 这善变的世界，难得有你
34941134, 8.2, 103, 我的漂亮朋友
35043951, 9.0, 58, 心
22741183, 7.8, 144, 人生就是一场海选
27069153, 6.1, 1471, 人生效率手册
02245997, 8.3, 92, 把好運吸過來
33407770, 7.0, 337, 趁早（十周年畅销升级版）
20472839, 7.9, 124, 演讲达人成长记
01410489, 7.3, 226, 自己就是一座宝藏――陈安之成功法则
05038470, 6.9, 368, 震动
25740139, 7.6, 162, 富爸爸点石成金
01451070, 7.9, 122, 人性的弱点全集
26924263, 7.0, 318, 你就要很独特
34897663, 7.2, 248, 我不怕这漫长黑夜
30354657, 8.5, 75, 愿你成熟但不世故
01799920, 8.8, 61, 你值得成为最优秀的
01944612, 8.4, 80, The Magic of Thinking Big
03409306, 8.4, 80, 盐丁儿
03719588, 7.4, 195, 清华北大不是梦
25894902, 8.7, 64, 櫻花莊的寵物女孩 10
26978767, 8.0, 108, 巧克力色微凉青春Ⅲ
30176580, 7.5, 172, 你那么懂事，一定很辛苦吧
30252744, 7.5, 167, 成都姑娘
05924486, 6.5, 597, 亲爱的，我们活在最好的年代
30406446, 6.8, 380, 30岁前的每一天
30140005, 6.3, 828, 早起的奇迹
02147625, 6.3, 819, 硅谷禁书
03465505, 8.6, 65, 态度决定一切
25894667, 7.6, 147, 谁都不敢欺负你
01025558, 8.0, 101, 卡耐基口才训练教程
05348036, 6.1, 1129, 淡定的人生不寂寞
27608248, 6.8, 357, 反脆弱：做一个内心强大的人
01813129, 7.7, 127, 女人的资本全集
01319448, 7.5, 153, 每人头上一片天
26419428, 6.6, 460, 先成为自己的英雄
19954280, 7.4, 169, 卖掉法拉利的高僧
01462831, 6.7, 397, 你在为谁读书
01926627, 8.8, 54, 逆境的祝福
10604793, 8.8, 54, 当幸福来敲门
26971169, 7.5, 151, 你内心的无能为力，来自对世界的恐惧
26296636, 7.9, 104, 心理控制方法
01443886, 7.7, 124, 狼道全集
26919454, 7.6, 136, 人生很短，你要做个聪明人
26339251, 6.4, 610, 人生随时可以重来
27180847, 7.8, 111, 我偏爱少有人走的路
34856060, 6.6, 436, 穷忙，是你不懂梳理人生
02999307, 7.2, 197, 秘密全集
01024145, 8.9, 48, 思考与成功
25845208, 8.5, 62, 人生不设限（中英文双语版）
30347828, 8.3, 71, 最好时光是现在
01082282, 7.3, 172, 邮差弗雷德
25772285, 6.2, 792, 当时忍住就好了
27662277, 8.2, 76, 人生没有后悔药
24875705, 7.1, 211, 假如我的青春在哈佛
04137718, 8.2, 74, 钢铁是怎样炼成的
34782396, 7.3, 165, 你要好好的
33417878, 8.5, 59, 别让相爱败给相处
01059568, 5.9, 1321, 没有任何借口
33444399, 7.8, 100, 青春的梦，在青春做完
35003590, 5.8, 1623, 一年顶十年
25772765, 6.9, 255, 别再为小事抓狂：小事永远只是小事
26655590, 7.2, 177, 世界不曾亏欠每一个努力的人
30307201, 6.8, 281, 活力
27120321, 7.6, 116, 女人明白要趁早之活到淋漓
01048939, 7.3, 156, 寻找自己
35000362, 8.0, 82, 思维不设限
11534576, 9.3, 35, 读研在美国
06425264, 8.3, 64, 老人与海
03687077, 6.3, 562, 请给我结果
01033342, 8.3, 63, 高效能家庭的7个习惯
27137043, 7.0, 207, 迭代2.4
27055310, 6.5, 402, 你不努力，谁也给不了你想要的生活
26598613, 7.5, 121, 你要学着自己强大
26780220, 9.0, 40, 没有双脚，所以努力奔跑
26140526, 6.3, 544, 你值得拥有最好的一切
02123367, 7.2, 160, 钢铁是怎样炼成的
27034272, 6.8, 253, 你是最好的自己:全新修订版
27112872, 9.3, 33, 你必须叫醒那个沉睡的自己
30335315, 6.9, 221, 无论你在想什么，反过来想想
26895627, 6.8, 250, 很感谢你能来，不遗憾你离开
25919310, 7.6, 105, 人生没岔路
26839601, 7.0, 195, 成功的真谛
34814339, 7.7, 95, 所有遗憾，都是对未来的成全
34853881, 7.1, 170, 走出孤独
03136924, 8.1, 67, 卓娅和舒拉的故事
03981568, 8.6, 47, 不要忧伤
30377842, 8.1, 66, 创业7堂课
01082286, 7.9, 76, 我是谢坤山
26944986, 8.5, 49, 有种，请坐第一排
27086119, 7.4, 116, 设计你的人生
26613582, 7.3, 128, 世间所有的美好，都是因为坚持
34913119, 7.3, 127, 我在100天内自学英文翻转人生（3分钟掌握方法，3个星期卓见成效，3个月翻转人生）
26755861, 8.3, 54, 唯奋斗者得功名
03171493, 6.3, 433, 致加西亚的信
30463541, 7.8, 77, 舍得对自己下狠手，生活才会对你温柔
24834723, 7.3, 120, 做更自信的自己
26791537, 7.0, 163, 心静的力量
01844991, 7.4, 107, 羊皮卷
06522294, 7.6, 89, 想飞的猪
26842572, 7.5, 97, 你总是太容易放过自己
26337889, 5.5, 2039, 我们都一样，年轻又彷徨
06861869, 7.2, 128, 你的形象价值百万
26755728, 8.0, 63, 不抱怨的世界.人际关系篇
26747084, 7.5, 95, 野芒坡
35042841, 7.8, 73, 说笑
03056118, 7.3, 114, 硅谷禁书III
22757908, 7.9, 67, 在天涯的尽头，归零
30328798, 6.4, 331, 你的努力要配得上你的野心
34444755, 6.8, 192, 细节的力量
26599836, 8.4, 46, 激流男孩
26755104, 6.9, 165, 20几岁，你为什么害怕来不及
30216122, 6.7, 210, 姑娘脱贫比脱单更重要
03123968, 7.1, 130, 切·格瓦拉之死
10445470, 6.9, 162, 吃透曾国藩
33391212, 6.9, 162, 你要的是幸福还是对错
34855003, 6.9, 160, 成为极少数
26275048, 7.0, 142, 没拼过的青春，不值一过
01041499, 7.8, 67, 哈佛主义
20394641, 6.2, 407, 做内心强大的女人
27183701, 6.7, 197, 时间的格局
01106247, 7.7, 71, 过河卒
26429924, 8.0, 56, 马云全传
35059739, 8.1, 52, 脱胎换骨的人生整理术：爱自己从整理开始
03032187, 7.8, 65, 失落的致富经典
26952349, 6.9, 151, 爱到极致是放手
33370506, 7.1, 121, 简单，应对复杂世界的利器
26413397, 5.8, 799, 格局
04022711, 7.2, 107, 与自己和解
27125108, 8.3, 44, 信念
26609154, 8.2, 47, 某一天
27129045, 6.4, 273, 你只是看起来很努力(全新修订)
33463895, 8.6, 36, 从服务员开始，开挂人生
27042365, 5.7, 925, 把力气花在你想要的生活上
01966028, 7.2, 100, 别说不可能
33457437, 6.5, 223, 不疲惫的精力管理术
26981713, 6.1, 401, 让我们相逢在更高处
30299460, 6.4, 251, 大学不迷茫
25914803, 7.7, 63, 成功是道选择题：斯坦福大学人生规划课
27080971, 7.2, 97, 你不是迷茫，而是自制力不强
26852890, 6.6, 188, 吸引力是这样炼成的
30268099, 6.9, 128, 1%法则
01085725, 7.8, 56, 挥杆
26890196, 5.8, 628, 最怕你一生碌碌无为，还安慰自己平凡可贵
04293441, 8.2, 41, 季羡林人生智慧书
30335327, 6.7, 154, 关键不是你现在有多棒，而是你想成为多棒的人
01393651, 7.8, 54, 积极思考就是力量
30396711, 7.9, 50, 海鸥乔纳森 ( 精装彩绘版）
27001547, 8.0, 46, 河神计划
34913471, 7.8, 52, 放弃很容易，但坚持更酷
26818130, 8.0, 45, 姑娘，你不必讨好全世界
27148470, 6.6, 163, 让成长带你穿透迷茫
30419140, 8.2, 39, 愿你永远是少年
26394915, 7.6, 60, 临终前最后悔的五件事
30390053, 7.2, 85, 我离婚了
25773281, 8.7, 29, 假如给我三天光明
26426124, 6.6, 161, 像爱奢侈品一样爱自己
30176093, 9.2, 22, 《不怕输，才会赢得漂亮》
34995266, 7.9, 46, 你有多独立，就有多美好
34913371, 8.4, 33, 愿世间温暖与你相拥
34939905, 8.3, 35, 弗里达·卡罗
25733011, 8.9, 25, 等你在清华北大
26335676, 6.7, 134, 女人的格局决定结局
30133313, 6.5, 170, 哈佛凌晨四点半
26313658, 8.8, 26, 海豹突击队成功之道
30457943, 8.3, 34, 巧克力色微凉青春Ⅱ
26374988, 6.4, 187, 一个人就是一支骑兵
30300999, 9.3, 20, 生活让你哭，我来让你笑
01914739, 6.7, 127, 请记住
26324706, 7.6, 54, 雨中的3分58秒
27106720, 5.8, 474, 不好意思，我也是第一次当大人
27024321, 7.6, 53, Make Your Bed
25878779, 7.1, 81, 幸运心理学
02270107, 6.7, 122, 世界上最神奇的24堂课
03818480, 6.2, 225, 销售女神徐鹤宁
01420797, 7.7, 47, 生命从明天开始
25960652, 6.4, 165, 英雄
34943276, 7.3, 62, 荆棘与荣耀：新时代女排奋斗记
27608619, 7.7, 45, 做自己的女神
33416559, 7.5, 52, 头条都是他.4
32586496, 8.3, 30, 撑过去，你终将成为更好的自己
30378804, 6.5, 138, 想把余生的温柔都给你
01252787, 8.0, 35, 拉自己一把
30348594, 5.5, 677, 我们最好的十年
35026067, 6.3, 171, 即答力
05407336, 7.9, 37, 挺立在孤独失败与屈辱的废墟上
24699601, 7.2, 63, 巨匠卡拉瓦乔：放荡不羁的一生
30292589, 5.6, 529, 谁的青春不迷茫
27008941, 6.8, 91, 趁一切还来得及，做自己喜欢的事
01082476, 7.4, 52, 活出生命能量
05244158, 7.7, 41, 风雨考研路
26761335, 7.3, 55, 请尊重一个姑娘的努力
05504198, 7.9, 35, 羊皮卷大全集
30187854, 7.9, 35, 富兰克林自传
04014018, 8.7, 22, How To Win Friends And Influence People
34439734, 7.5, 46, 孤勇如你
30197336, 6.0, 233, 《我这么自律，就是为了不平庸至死》
21791991, 7.6, 42, 卖菜叔日记
01171968, 9.2, 17, 生死链:中国首例核辐射受害者与生命对话
26757172, 6.2, 167, 每一个不曾起舞的日子，都是对生命的辜负
35021866, 7.7, 38, 深度改变
34794067, 8.0, 31, 向着你的方向生长
34854893, 6.3, 143, 生活需要高级感
03800442, 7.5, 43, 奋力向前
33414761, 6.6, 98, 勇气
26895283, 5.6, 424, 为热爱而活
30474700, 7.2, 53, 只有一个人生
30217320, 8.1, 28, 富者的遗言
27084019, 8.7, 20, 百年优雅
01024969, 7.8, 33, 拯救沉船
26968284, 8.3, 24, 所有的动力都来自内心的沸腾
30252141, 9.0, 17, The Sun Does Shine
26701060, 6.1, 165, 阿德勒100句人生革命
27017712, 8.1, 26, Unshakeable
34929028, 8.4, 22, 活出一个强大到温柔的小宇宙
30327749, 9.6, 13, 这不是我想要的世界
01074604, 7.4, 41, 枕草纸
10758683, 6.4, 106, 站着上北大
30328758, 7.9, 29, 你有多努力.就有多自由
26285755, 6.2, 136, 将来的你，会感谢现在不放弃的自己
30187727, 8.0, 27, 势不可挡
34439589, 7.0, 56, 逆袭
10773370, 7.8, 30, 步步为赢
01416184, 8.6, 19, 世界上最伟大的励志书
34463108, 8.2, 23, 你本天生有翼，何须匍匐前行
35043893, 7.6, 33, 精进有道
11609814, 7.2, 42, 学会自己长大
30465597, 8.7, 17, 高尔基自传三部曲
27607125, 4.9, 1492, 生活需要仪式感
34941343, 9.3, 13, 跑起来，只为认真对自己
34839379, 8.4, 19, 麦肯锡12堂工作思维课
30376774, 6.6, 68, 刻意选择
34833439, 5.9, 162, 你没有退路，才有出路
26853032, 5.2, 601, 把生活过成你想要的样子
24740866, 7.8, 26, 强者思维
26747695, 4.8, 1803, 所有失去的都会以另一种方式归来
25755525, 5.3, 467, 戒了吧，拖延症
30159250, 6.2, 104, 这才是我要的工作
19967413, 7.9, 24, 只为遇见更好的自己
01042026, 7.1, 41, 积极思考的力量
03596714, 8.8, 15, 我的一生 对个性的探讨
26771604, 4.9, 1214, 穿越人海拥抱你
33161754, 6.0, 124, 这世界很烦，但你要很可爱
27137154, 6.3, 84, 叠被子
10831173, 7.5, 29, 生命的重建·问答篇
25715736, 5.9, 139, 雷军传
33441611, 6.5, 66, 精进
30262391, 5.5, 250, 你有多自律，就有多自由
34887267, 6.7, 50, 108件小事
33386298, 5.9, 124, 向上吧！女孩
26857732, 7.3, 30, 新鲜感
26952540, 5.6, 188, 周星驰 做人如果没有梦想，跟咸鱼有什么分别
26335682, 7.1, 34, 做灵魂有香气的女人
26303493, 5.4, 253, 20-30岁，我拿十年做什么？
27064758, 7.1, 32, 澳门赌王：何鸿燊全传
30377776, 5.8, 123, 有见识的姑娘，活的更高级
26612373, 5.5, 198, 用时间换天分 越努力越幸运
02063047, 6.6, 47, 橘子郡男孩
35024142, 6.2, 69, 三十岁，一切刚刚开始
35101053, 8.6, 13, 惜花芷
20399067, 8.4, 14, 十八歲起，你的格局不一樣
01055861, 7.6, 21, 唤醒心中的巨人
34866935, 7.5, 22, 好看的外表千篇一律，有趣的灵魂万里挑一
11502334, 5.3, 239, 把信送给加西亚
19986616, 4.9, 561, 哈佛凌晨4点半
30319486, 5.7, 114, 你坚持的原则其实害了你
01037437, 7.0, 29, 最伟大的力量
34891024, 6.8, 33, 如何识别人生陷阱
26976515, 7.6, 19, 把生活折腾成你想要的样子
34918781, 7.9, 16, 心智力
01212478, 7.3, 22, 人生第一课
34859818, 7.7, 17, 华为没有成功，只有成长：任正非传
35047237, 7.7, 17, 每一种优秀，都有一段静默时光
26183872, 6.9, 28, 为什么我总是能心想事就成
26350948, 6.1, 57, 轻轻走向完美
32297223, 7.4, 17, 余生很长，姑娘别慌
34866451, 8.2, 11, 优秀的人都是聪明的勤奋者
04883923, 7.8, 13, 30岁时你是谁
26107950, 7.8, 13, 洛克菲勒留给儿子的38封信
25777373, 4.5, 890, 哈佛凌晨四点半（升级版）
26938707, 4.8, 346, 世界上另一个我
27098271, 8.1, 11, 致富的勇气
01082503, 7.3, 16, 财富羊皮卷
27152262, 5.8, 56, 趁早把生活折腾成你想要的样子
25913208, 4.3, 1602, 将来的你，一定会感谢现在拼命的自己
25728352, 4.9, 246, 邓文迪：我不是传奇
03350899, 6.9, 20, 赚钱机器
10524484, 4.6, 509, 别让不好意思害了你
33476442, 6.2, 34, 钝感力
30253505, 6.0, 40, 我不要忙碌一生，却始终生活在底层
05260238, 6.4, 27, 小动作大减压
34432080, 5.5, 72, 口才三绝
03810078, 7.2, 15, 人性的弱点
26346148, 7.2, 15, 做你喜欢的事，什么时候都不晚
26931365, 5.1, 130, 邓文迪：女人明白要趁早
34778625, 5.8, 43, 口才三绝+为人三会+修心三不(套装全3册）
26893020, 5.6, 51, 愿所有等待终不被辜负
26857132, 4.7, 245, 别在吃苦的年纪选择安逸
34908504, 4.8, 181, 破局 超越同龄人的思考与行动指南
26789115, 6.8, 14, 因为痛，所以叫青春2
05333945, 5.6, 34, 有钱人的秘密
34443858, 5.6, 26, 狼道
26682840, 5.2, 38, 不惧前行，不忘初衷
05921685, 6.4, 10, 淡定的人生不寂寞
31860305, 5.2, 24, Girl
11599976, 4.7, 44, 蔡康永教我们的那些事
26786056, 4.1, 170, 最是人间留不住
20365933, 4.6, 38, 雷军
30481846, 4.8, 13, 天赋觉醒：创造不一样的人生
30136981, 3.6, 118, 高考生看哭了，我们为什么要努力？
26281286, 3.4, 162, 你的努力，终将成就无可替代的自己
30261973, 3.1, 26, 跟任何人都聊得来
27108562, 2.2, 3526, 愿你历尽千帆，归来仍是少年
01712165, 0.0, 10, 做人一定要有企图心
03249193, 0.0, 10, 做个会说话会办事会赚钱的女人
26867412, 0.0, 10, 一放下你就赢了
30474705, 0.0, 10, 你那么努力，为什么还是不成功
35084310, 0.0, 10, 冰淇淋当早餐也不错
35088358, 0.0, 10, 该是重新点亮星星的时候了
27075415, 0.0, 11, 被拒絕的勇氣
34923719, 0.0, 11, 意林成长音乐小说--·夜的勋章似少年的光
02360493, 0.0, 12, 成熟力
26599812, 0.0, 12, 北大悟道  一个北大旁听生的逆袭人生
34784781, 0.0, 12, 姑娘，活得大气才够精彩
24756942, 0.0, 14, 伟大是熬出来的
25867786, 0.0, 14, 你当懂得
01728991, 0.0, 15, 心态决定命运
02220059, 0.0, 15, 思考的人
35025626, 0.0, 16, 刻意成长
30457925, 0.0, 22, 十六岁，晴天似雨天①·小镇来信
34907521, 0.0, 27, 猎星者（全二册）
35040015, 0.0, 36, 人生没有技巧，就是笃定地熬
35015681, 0.0, 39, 玛蒂尔达效应
26745032, 0.0, 47, 世界第一的公主殿下2
03712842, 0.0, 49, 学习改变命运
