2020-07-05 15:59:57

number of books, tag name
140, 博客

ID, rating, votes, title
04238362, 8.6, 126793, 送你一颗子弹
03813669, 8.6, 69120, 民主的细节
07163250, 9.2, 21828, 明朝那些事儿
03014576, 8.3, 64402, 陪安东尼度过漫长岁月
05275059, 7.9, 138107, 1988：我想和这个世界谈谈
06397275, 8.9, 16343, 此生未完成
06021440, 8.7, 18586, 黑客与画家
05327697, 8.2, 37791, 橙
01026425, 7.4, 108283, 三重门
04010196, 8.1, 25031, 世界因你不同
06709809, 8.4, 14209, 暗时间
04180711, 8.2, 16359, 拖延心理学
25753361, 8.6, 7287, 最好金龟换酒
05290564, 8.3, 9918, 青春
03009033, 7.8, 21727, 杂的文
03392046, 8.2, 9997, 当彩色的声音尝起来是甜的
25986341, 8.1, 11494, 万万没想到
07059662, 8.1, 11221, 考拉小巫的英语学习日记
20425053, 7.6, 24203, 我所理解的生活
02052596, 8.2, 5927, 退步集续编
04741216, 7.3, 23095, 我的奋斗
04163938, 8.7, 2321, 软件随想录
01972266, 7.7, 8492, 余欢
03018322, 7.5, 10443, 活着活着就老了
02032666, 7.6, 7936, 零下一度
03065232, 8.0, 4036, 藏地白皮书
01781120, 7.8, 5272, 可不可以不要上班
25847160, 8.7, 1456, What If?
20424614, 7.6, 6103, 红
03225748, 7.9, 3115, 路上有惊慌
02140283, 8.2, 2030, 国破山河在
03770726, 7.6, 4546, 草
10779597, 8.2, 1802, 思考的乐趣
05378548, 8.3, 1462, 一沙一世界
05293030, 7.2, 7033, 那些有伤的年轻人
01968643, 7.3, 4686, 无目的美好生活
20502695, 7.6, 2412, 我所理解的生活
01959248, 8.5, 707, 科学成就健康
25923063, 8.2, 961, 考拉小巫的留学成长日记
05355305, 7.8, 1596, 可爱的洪水猛兽
04822183, 7.4, 2512, 俗话说
04175452, 7.8, 1384, 美味关系
06393733, 7.3, 2773, 当我们聊起日本时
01759860, 7.4, 2347, 不许联想
05355303, 7.5, 2001, 杂的文
03673386, 7.2, 3102, 廉价哲学
03063697, 8.2, 703, 依然饭特稀
01438691, 7.7, 1212, 都是妖蛾子
06129534, 7.8, 1031, 不曾苟且
03292848, 7.9, 823, 于忧郁的明天升上天空
06904615, 7.0, 3046, 再不相爱就软了
01871590, 7.1, 2469, 爱你就像爱生病
10344037, 7.1, 2141, 给理想一点时间
03446452, 7.7, 877, 人生就是不停的戰鬥
11528562, 7.5, 985, 给理想一点时间Ⅱ
07067774, 7.8, 609, 青春
25826578, 7.0, 1674, MacTalk 人生元编程
02377715, 8.7, 209, 向记忆道歉
03921392, 7.8, 502, 多谢您的小费
33396364, 9.3, 125, 胭脂与焉支
05399266, 7.9, 413, 生命的品质
20278327, 5.8, 18892, 谁的青春不迷茫
25884108, 7.9, 397, 程序员的呐喊
03446444, 7.6, 480, 不是盡力，是一定要做到
02281055, 7.8, 363, 小就是大
26268552, 7.6, 457, 如何变得有思想
04233474, 7.6, 436, 设计网事
25981182, 6.9, 1116, 荆棘王冠
03438876, 7.5, 453, 马未都说
04910522, 8.5, 163, 猪八戒和夏小嫣的幸福
04822157, 6.6, 1552, 我呸
03697835, 7.6, 317, 马未都说
03744558, 7.1, 564, 奥美的数字营销观点
03611897, 7.5, 317, 马未都说
04910521, 7.3, 368, 中国心绞痛
26022186, 6.5, 1056, 跨界
04910523, 7.7, 182, 别怕!我是搭讪英文书
10600828, 7.7, 165, 打死我也不说
01206869, 7.5, 195, 解读大众文化
01996138, 6.8, 454, 无薇不至
01483179, 8.5, 79, 有姿有色
10537422, 6.7, 413, 一到三十就回忆
25768864, 7.3, 183, 谎言的年代：萨拉马戈杂文集
10571273, 7.7, 110, 给你一个亿-你能干什么？
05950149, 8.0, 82, 個人意見
01445712, 7.7, 98, 我的脑中有个洞
11444002, 7.7, 82, 等待我的离去
01765739, 6.9, 173, 勃客郑渊洁
10488720, 7.7, 71, 惊艳台湾
06776602, 6.5, 255, 审计师的浮生六记
19954845, 6.2, 382, 人生就是不停的战斗
02326715, 7.3, 95, 绝对神经
21319004, 8.7, 32, 看得远的，就是好母亲
21319023, 8.8, 29, 给孩子的人生先修班
02382100, 7.5, 69, 完美网页设计艺术
03064506, 8.9, 26, 五年级进行时-我们班的博客
04846064, 6.7, 117, 无目的美好生活
06750813, 8.5, 27, Excel 2010 SQL完全应用
06516094, 6.0, 262, 搭配其实很好玩
07059031, 6.8, 85, 设计的深读
03097578, 8.4, 25, 家书·流亡编号
03246140, 7.0, 59, Web标准和SEO应用实践
02382751, 7.8, 31, 老子博客
06975353, 6.3, 94, 民主不是说着玩的
05419534, 6.2, 103, 中国人的思维危机
01835528, 7.2, 38, 媒介批评·第二辑
04837849, 8.1, 19, 编目的未来
21319027, 7.9, 20, 我们都会成为父亲
03026691, 8.2, 16, 一屋四人一日一誌
03190146, 7.5, 23, 脚.鞋.性
01962703, 6.2, 62, 互联网草根革命
25727588, 5.9, 86, 平台
25816196, 6.0, 75, 这个世界是有趣的
02118598, 6.8, 31, 医生的一天
01814546, 7.3, 21, 写给Phoebe的繁星之夜
01409435, 5.8, 73, 20不着46
01159669, 7.3, 19, 口碑
06049319, 7.4, 17, 博客也疯狂
03039531, 7.2, 18, 智者不惑
02057911, 6.8, 22, 变动世界的经营者手记
01221343, 6.6, 25, 疯狂医生
01842314, 6.1, 36, 博客语录
03058626, 6.8, 19, 你在看誰的部落格?
03007988, 7.4, 13, 私权媒体
01961715, 7.8, 10, Why we blog
03462329, 7.4, 12, 建中读书博客日志
03699104, 6.6, 18, 名利场·男人事
01862803, 6.5, 19, 顺风新博客论
02992130, 7.4, 11, 博客俄罗斯
01129409, 6.8, 14, 博客
01766019, 6.8, 14, 博客
01333553, 7.3, 10, 草根媒體
02058784, 6.1, 16, 你也可以成为博客高手
01552256, 6.7, 10, 手把手教你BLOG行销
26596227, 6.3, 12, 时尚博客
02185534, 5.9, 11, 打造你的金牌博客
01235802, 0.0, 13, 新编国际商务英语函电
25799471, 0.0, 13, 不信梦想唤不回
02691280, 0.0, 14, 孔子博客
03064007, 0.0, 22, 一年级进行时-我们班的博客
