2020-07-05 15:59:57

number of books, tag name
985, 历史

ID, rating, votes, title
04913064, 9.4, 496843, 活着
04820710, 9.3, 147868, 1984
01019568, 9.3, 122045, 三国演义（全二册）
25985021, 9.1, 131605, 人类简史
01255625, 9.1, 102635, 天龙八部
01041482, 8.9, 143750, 万历十五年
03674537, 9.1, 87789, 明朝那些事儿（1-9）
01873231, 8.7, 182707, 明朝那些事儿（壹）
01044547, 9.0, 64630, 射雕英雄传（全四册）
10564071, 9.2, 45211, 白鹿原
01085799, 8.7, 102796, 白鹿原
01003479, 9.2, 43010, 中国历代政治得失
26698660, 8.9, 66328, 巨人的陨落
01795079, 9.2, 36595, 乡土中国
04760224, 9.0, 46964, 许三观卖血记
01949338, 8.9, 53038, 明朝那些事儿（贰）
20424526, 9.2, 29825, 邓小平时代
20440644, 9.1, 33978, 文学回忆录（全2册）
02052448, 8.9, 44031, 明朝那些事儿（叁）
03239549, 9.2, 26753, 夹边沟记事
01027191, 9.0, 36516, 历史深处的忧虑
03162991, 9.6, 14971, 艺术的故事
01077847, 9.5, 16880, 史记（全十册）
06880158, 8.8, 44082, 陆犯焉识
01467022, 9.2, 22489, 上帝掷骰子吗
05337248, 8.9, 35472, 台北人
07163250, 9.2, 21828, 明朝那些事儿
01008357, 8.6, 57730, 水浒传（全二册）
02253642, 8.8, 40156, 明朝那些事儿（肆）
03009821, 8.8, 36683, 明朝那些事儿（伍）
06709783, 9.0, 26434, 浪潮之巅
03626924, 8.9, 30843, 明朝那些事儿（柒）
03183775, 9.3, 15311, 四世同堂
03274113, 8.8, 31101, 明朝那些事儿（陆）
01981042, 9.1, 19319, 万历十五年（增订本）
01080309, 8.5, 51713, 尘埃落定
26953606, 9.1, 18808, 人类简史
03410718, 9.2, 16162, 美的历程
01970428, 8.8, 28882, 激荡三十年（上）
01813841, 8.7, 32089, 枪炮、病菌与钢铁
10471333, 9.0, 19513, 叫魂
01483894, 9.4, 10928, 三国演义
01858410, 9.0, 19293, 万历十五年
01046492, 9.3, 12142, 國史大綱（上下）
01922216, 9.2, 13065, 全球通史(上)
01088022, 8.9, 19846, 亮剑
01014561, 9.1, 13723, 古文观止
04842446, 8.7, 25344, 巨流河
26943161, 8.4, 41440, 未来简史
26899537, 8.4, 40186, 长安十二时辰 上
01022238, 8.2, 58121, 菊与刀
26957760, 8.8, 19764, 世界的凛冬
01139360, 9.3, 9401, 毛泽东选集 第一卷
06861664, 9.0, 13606, 白鹿原
01021273, 8.9, 15248, 中国哲学简史
01062343, 9.2, 9840, 昨日的世界
01014825, 9.0, 13038, 我也有一个梦想
01083762, 8.7, 20483, 人类的群星闪耀时
01056315, 8.8, 17437, 总统是靠不住的
02326571, 8.5, 28324, 琅琊榜
02380307, 8.8, 17228, 激荡三十年（下）
01675478, 9.1, 10699, 天朝的崩溃
10583099, 9.1, 10627, 全球通史
05366248, 8.2, 44292, 你一定爱读的极简欧洲史
01922246, 9.2, 8774, 全球通史(下)
01225977, 8.9, 12731, 全球通史（第7版 上册）
01476213, 9.4, 6171, 中國近代史（上冊）
01859140, 8.9, 12202, 上学记
26704403, 8.8, 13981, 二手时间
10434849, 9.3, 6772, 中国历代政治得失
04071859, 9.4, 5920, 我在伊朗长大
01001885, 8.5, 21774, 带一本书去巴黎
26641665, 9.1, 8729, 切尔诺贝利的悲鸣
01008189, 8.9, 11519, 西方哲学史（上卷）
20501147, 9.3, 6501, 中国哲学简史
20507206, 9.1, 8206, 众病之王
01060774, 8.7, 14596, 君主论
30414743, 8.7, 14584, 显微镜下的大明
11229072, 9.4, 5445, 中国历代政治得失
01041385, 9.2, 6982, 论美国的民主
01836555, 9.5, 4565, 史记
01762869, 8.9, 9777, 如彗星划过夜空
26390842, 8.6, 15084, 哲学家们都干了些什么
30137806, 9.9, 2764, 红楼梦
01050339, 7.7, 77672, 文化苦旅
01012307, 9.2, 6236, 规训与惩罚
03079029, 8.7, 12314, 大秦帝国
25882276, 8.8, 10342, 陆犯焉识
01144185, 9.1, 6743, 美国宪政历程
01032063, 8.9, 8865, 旧制度与大革命
10758290, 9.4, 4375, 东晋门阀政治
01792668, 8.4, 17832, 苏东坡传
04238162, 9.4, 4307, 昨日的世界
01015699, 8.2, 25003, 中国大历史
20440053, 9.5, 3772, 南京大屠杀
01962923, 8.6, 11344, 西班牙旅行笔记
02376486, 8.9, 7268, 中国近代史
26413154, 9.2, 4680, 李光耀观天下
25935941, 9.4, 3633, 天朝的崩溃（修订版）
03151575, 8.6, 10522, 激荡三十年
25893465, 9.1, 5172, 万历十五年
26861418, 9.5, 3124, 奥斯维辛
19920715, 8.6, 10164, 论中国
01225983, 8.7, 8729, 万物简史
01147193, 9.1, 5021, 世说新语
01025723, 8.3, 15891, 潜规则
27180479, 9.2, 4332, 奥古斯都
03034480, 9.4, 3380, 圣经
01070711, 8.8, 7230, 城记
25891318, 9.0, 5494, 1453
06967919, 8.7, 8164, 长歌行 01
01005492, 8.9, 6110, 光荣与梦想
25742211, 9.2, 3993, 上帝掷骰子吗?
20441569, 9.3, 3513, 被淹没和被拯救的
01433411, 8.9, 5614, 新教伦理与资本主义精神
02029680, 9.5, 2631, 资治通鉴
26820347, 8.9, 5336, 红星照耀中国
01076685, 8.9, 5333, 李鸿章传
02016749, 8.2, 15221, 金陵十三钗
19940743, 8.1, 17871, 文化苦旅
01072438, 8.3, 12583, 大败局
30236335, 9.0, 4535, 切尔诺贝利的祭祷
01220853, 8.3, 12200, 伟大的博弈
25902942, 9.0, 4401, 文明之光（第一册）
01062991, 8.4, 10090, 北京法源寺
01982427, 9.1, 3786, 大明王朝1566
07055441, 8.8, 5599, 罗马人的故事1
07064370, 9.2, 3325, 罗马人的故事2
01012561, 8.6, 7331, 上下五千年
26265745, 8.2, 13626, 清明上河图密码
27179563, 8.3, 11480, 激荡十年，水大鱼大
02032141, 9.0, 4122, 陈寅恪魏晋南北朝史讲演录
30224833, 8.5, 8148, 圣殿春秋
01317899, 8.2, 12867, 生死场
25746578, 9.2, 3121, 大英博物馆世界简史（全3册）
01926289, 9.3, 2751, 三国志
24851460, 8.6, 6799, 历代经济变革得失
02148992, 9.2, 3084, 亮剑
01037060, 8.6, 6754, 曾国藩（上中下）
25883305, 9.1, 3407, 阿拉伯的劳伦斯
01315190, 8.8, 4907, 想象的共同体
25912076, 9.2, 2946, 叫魂
06892579, 8.4, 8649, 美国种族简史
01823751, 9.0, 3738, 中国近代史
06533042, 9.2, 2908, 南明史
26418524, 9.0, 3677, 万历十五年
01000280, 8.5, 7247, 袁氏当国
27599025, 8.9, 4144, 激荡三十年
02747765, 9.0, 3616, 中国古代文化常识
20473505, 8.7, 5288, 山月记
04202004, 8.6, 5987, 文明的冲突与世界秩序的重建
30259720, 8.1, 12984, 今日简史
01006560, 8.2, 10934, 血酬定律
06558202, 9.0, 3440, 容忍与自由
01125026, 9.3, 2401, 毛泽东选集 第二卷
01076378, 9.1, 2989, 传统十论
01427825, 8.5, 6650, 中国人史纲（上中下）
25891321, 9.0, 3228, 海洋帝国
26377063, 9.5, 1812, 魏晋之际的政治权力与家族网络
26925171, 9.3, 2205, 大明王朝1566
02133254, 8.1, 11423, 流血的仕途
33111439, 8.8, 3968, 有所不为的反叛者
04041998, 8.6, 5185, 孤城闭
25712811, 9.4, 1912, 世界电影史（第二版）
26945094, 8.7, 4334, 未来简史
02326273, 8.9, 3274, 欧洲中世纪史
01001204, 7.9, 14594, 山居笔记
04113090, 7.4, 38777, 我们台湾这些年
20503529, 9.2, 2265, 古拉格：一部历史
34879050, 9.1, 2542, 清明上河图密码6
01322358, 9.0, 2851, 费马大定理
01201620, 8.3, 7442, 人类群星闪耀时
30377678, 8.6, 4800, 曾国藩传
02025235, 9.1, 2523, 顾准文集
27007549, 8.4, 6358, 中央帝国的财政密码
23286393, 8.9, 3187, 尘埃落定
27615361, 9.5, 1582, 昨日的世界
25938605, 8.6, 4688, 天国之秋
01062423, 8.4, 6228, 牛棚杂忆
01161852, 8.1, 9923, 天意
27025036, 8.8, 3500, 清明上河图密码4
26314954, 8.7, 3965, 光荣与梦想（套装共4册）
10797092, 8.6, 4516, 蒋介石与现代中国
21329239, 8.8, 3453, 巴黎烧了吗?
01048930, 9.0, 2687, 联邦党人文集
26394018, 9.3, 1870, 生活与命运
26853835, 8.3, 6765, 丝绸之路
04903692, 9.1, 2304, 东京梦华录
01002690, 8.7, 3796, 陈寅恪的最后20年
01017795, 9.6, 1325, 隋唐制度渊源略论稿 唐代政治史述论稿
01055304, 9.6, 1325, 中国历史地图集（全八册）
26417490, 8.1, 8976, 写给大家的西方美术史
03707886, 8.9, 2873, 中国通史
26354440, 9.0, 2517, 野蛮大陆
01010204, 8.5, 4827, 宽容
05372471, 9.2, 1967, 党员、党权与党争
26899538, 7.6, 20944, 长安十二时辰 下
10436418, 8.9, 2773, 战争与革命中的西南联大
01224279, 9.2, 1932, 中国法律与中国社会
26897747, 8.3, 6165, 黑旗
01054760, 8.9, 2700, 枪炮、病菌与钢铁
20433554, 9.2, 1886, 关山夺路
27619602, 9.2, 1883, 娜塔莎之舞
26545308, 9.4, 1508, 南京大屠杀
05914484, 8.9, 2664, 巨流河
01752349, 8.7, 3432, 胡雪岩（全三册）
01315844, 9.2, 1868, 古拉格群岛（上中下）
20366370, 8.7, 3409, 变革中国
25777432, 9.1, 2073, 罗马人的故事（礼品装，全15册）
26296352, 8.9, 2628, 财富之城
11629131, 9.2, 1842, 李鸿章传
11636077, 8.4, 5089, 饥饿的盛世
26771878, 9.2, 1834, 中国通史
06790302, 9.8, 988, 资治通鉴
01439441, 9.0, 2299, 伯罗奔尼撒战争史
27168433, 8.7, 3324, 基因传
10607615, 8.7, 3312, 第三种黑猩猩
26354200, 8.9, 2565, 华杉讲透孙子兵法
02081876, 7.2, 43595, 货币战争
26708306, 8.6, 3746, 北欧，冰与火之地的寻真之旅
03580750, 8.2, 6586, 潜规则（修订版）
06311230, 9.4, 1422, 秦汉魏晋史探微
03101021, 8.7, 3194, 极权主义的起源
01055347, 9.1, 1949, 中国史纲
20516443, 8.4, 4736, 洗澡
05246800, 8.3, 5465, 毛泽东传
25928708, 8.6, 3576, 佛祖都说了些什么?
26021455, 9.5, 1247, 中国古代文化常识（插图修订第4版）
04146127, 9.6, 1101, 春秋左传注（全四册）
26423502, 9.7, 996, 艺术的故事
20433556, 8.8, 2659, 昨天的云
01247769, 8.9, 2347, 家庭、私有制和国家的起源
26276743, 8.6, 3415, 金雀花王朝
34433981, 8.3, 5119, 汴京之围
01107841, 9.1, 1815, 战国策
25971624, 8.7, 2912, 政治秩序的起源
01315199, 9.1, 1790, 历史研究
26944962, 8.9, 2250, 地理学与生活
27003014, 7.5, 19504, 半小时漫画中国史（修订版）
03290028, 8.4, 4317, 孤城闭
33385476, 8.3, 4973, 人类群星闪耀时
25750468, 8.7, 2815, 中国现代国家的起源
02101774, 9.0, 1942, 金枝
25953571, 8.8, 2450, 耳语者
26292964, 8.6, 3161, 世界小史
30396677, 9.0, 1919, 谜宫·如意琳琅图集
26847644, 8.2, 5526, 苏东坡传
01463256, 8.3, 4673, 大明王朝的七张面孔
20394150, 8.9, 2081, 八次危机
26588758, 8.9, 2039, 全球通史
01805764, 8.6, 2965, 宫女谈往录
06025373, 8.1, 5977, 风起陇西
01050175, 8.1, 5972, 赫逊河畔谈中国历史
05922204, 8.3, 4412, 曾国藩的正面与侧面
27016167, 9.6, 948, 被淹没与被拯救的
33400679, 9.0, 1760, 死屋
27025715, 7.8, 9522, 永恒的边缘
01139359, 9.1, 1561, 毛泽东选集 第四卷
25752043, 8.7, 2506, 信息简史
01396491, 9.1, 1559, 第三帝国的兴亡（全三册）
26261240, 7.7, 11279, 古董局中局 3
26747700, 9.0, 1741, 撒马尔罕的金桃
25756955, 9.0, 1740, 爱与黑暗的故事
10488580, 8.9, 1949, 鬼谷子
34617780, 9.2, 1387, 鸟瞰古文明
01077621, 9.0, 1731, 毛泽东选集 第三卷
30473240, 8.4, 3675, 十二年故人戏
26992884, 9.3, 1239, 冰雪王国
11607261, 8.6, 2801, 旧制度与大革命
01051231, 8.4, 3658, 黄河青山
03810698, 9.5, 1006, 三国演义
25963518, 8.3, 4150, 鹤唳华亭
03409620, 9.1, 1499, 东周列国志
01125731, 8.8, 2122, 第三帝国的兴亡（上中下）
26334507, 8.6, 2701, 人类的群星闪耀时
06100919, 9.2, 1305, 治史三书
06004630, 9.3, 1172, 国史大纲（上下册）
01016864, 8.9, 1800, 士与中国文化
03228779, 8.7, 2281, 出埃及记
26834183, 8.6, 2575, 艾希曼在耶路撒冷
30320887, 9.0, 1586, 我的世界观
01036478, 8.9, 1772, 大外交
03410759, 9.0, 1578, 隔江山色
25902448, 8.7, 2249, 枪炮、病菌与钢铁
26576515, 8.1, 5119, 清明上河图密码 2
30269311, 9.1, 1400, 以色列
26298832, 8.7, 2223, 零年：1945
26746839, 8.3, 3778, 清明上河图密码3
01068912, 8.4, 3268, 中国文化的深层结构
04012143, 8.6, 2495, 伟大的博弈
04243276, 9.3, 1107, 田园诗与狂想曲
30191803, 7.5, 13783, 半小时漫画世界史
26743265, 8.8, 1928, 枪炮、病菌与钢铁
30236304, 8.8, 1928, 列奥纳多·达·芬奇传
05390091, 8.6, 2460, 人皮论语
26427101, 9.3, 1099, 历史三调
26279878, 8.3, 3668, 历史的教训
04908877, 9.1, 1339, 静静的顿河
34431806, 9.0, 1470, 失败者的春秋
26591790, 8.7, 2082, 我还是想你，妈妈
20501270, 8.5, 2676, 大唐明月1·风起长安
01009529, 8.8, 1826, 毛泽东、斯大林与朝鲜战争
26603137, 9.1, 1295, 危机与重构
34434342, 8.5, 2644, 人类群星闪耀时
03733083, 8.8, 1816, 你往何处去
27045287, 8.7, 2014, 谁在世界中心
01082361, 8.4, 2938, 张居正
01506961, 8.4, 2935, 西行漫记
26700104, 8.5, 2548, 穿越百年中东
06313277, 8.9, 1555, 学术训练与学术规范
25870991, 8.3, 3309, 曾国藩的正面与侧面
03206270, 8.9, 1547, 拥抱战败
27127895, 9.2, 1113, 明朝那些事儿(增补版)(套装共9册)
26451505, 8.9, 1541, 伯罗奔尼撒战争
05288371, 8.4, 2857, 蒋经国传
26171466, 9.5, 810, 筚路维艰
21267489, 9.2, 1084, 加德纳艺术通史
30284738, 9.1, 1200, 罗马元老院与人民
05906321, 9.2, 1072, 开放中的变迁
01065142, 8.5, 2412, 欧洲文明十五讲
01034470, 9.0, 1323, 柳如是别传（全三册）
03787085, 8.5, 2398, 三国史话
01063736, 8.4, 2729, 人类的故事
01057653, 8.7, 1856, 草原帝国
02363834, 8.8, 1640, 春秋大义
03117247, 9.0, 1304, 中国古代思想史论
22806583, 8.7, 1839, 国家的常识
04827310, 8.8, 1622, “中间地带”的革命
26376049, 8.8, 1617, 阿兰的战争
20389202, 7.7, 7631, 唐朝穿越指南
01444252, 9.3, 928, 城市发展史
27591495, 8.6, 2032, 万古江河
25774379, 8.6, 2011, 图说中国绘画史
27145016, 8.9, 1406, 创造自然
34501169, 8.4, 2598, 简读中国史
06854919, 8.7, 1775, 安妮日记
01069724, 8.7, 1769, 晚清七十年
25961497, 9.0, 1249, 中国古代物质文化
21325858, 8.8, 1556, 文明的冲突
26305373, 9.4, 819, 慈禧全传
25926462, 9.4, 809, 西方哲学史
30411849, 8.6, 1916, 棉花帝国
04850629, 8.6, 1884, 言论的边界
26392466, 8.3, 2757, 从晚清到民国
27191009, 9.3, 856, 往事与随想
25986748, 8.2, 3088, 我的应许之地
06895949, 9.2, 929, 联合政府与一党训政
26742784, 8.3, 2649, 饥饿的盛世
25908550, 8.4, 2294, 历史的终结与最后的人
03746915, 9.7, 567, 资治通鉴
26419408, 9.2, 903, 清代旅蒙商述略
26435040, 8.3, 2557, 世界秩序
01439260, 8.9, 1225, 历史三调
33436921, 8.8, 1340, 战国歧途
05988185, 8.3, 2475, 宅兹中国
30215869, 8.4, 2155, 孤城闭
01090109, 7.6, 7181, 红岩
26789604, 9.0, 1050, 茶馆之殇
26418529, 9.1, 942, 拥抱战败
01315258, 9.1, 937, 中国古代服饰研究
26828349, 8.1, 3176, 东北游记
26700745, 8.4, 2096, 南渡北归
01028805, 7.7, 5823, 品人录
26150549, 8.6, 1612, 人性中的善良天使
27093233, 7.9, 4192, 历史的温度
27156016, 9.0, 1017, 失焦
25760457, 8.7, 1411, 三案始末
30147582, 9.1, 907, 近代中国社会的新陈代谢
06840152, 8.1, 3059, 甘南纪事
20272113, 8.5, 1777, 逃不开的经济周期
02713409, 8.9, 1111, 国民党的“联共”与“反共”
25752592, 8.9, 1111, 从黎明到衰落（上下）
25886351, 7.5, 7895, 耶路撒冷三千年
30141667, 8.8, 1225, 乌托邦年代
01916533, 8.4, 1973, 毛泽东选集 第五卷
03610090, 8.9, 1086, 第二次世界大战战史
26648636, 8.1, 2926, 成化十四年
05406571, 9.1, 870, 九三年
26897187, 8.4, 1929, 活着回来的男人
25846182, 7.4, 8893, 鱼羊野史·第1卷
30206117, 7.4, 8892, 半小时漫画中国史2
26901940, 8.7, 1312, 征服者
25801864, 8.9, 1036, 孤城闭
20516441, 9.1, 831, 美术、神话与祭祀
34928037, 9.4, 620, 生活与命运
01427023, 9.0, 914, 希罗多德历史（上下）
26647781, 8.9, 1014, 从俾斯麦到希特勒
27084077, 9.0, 907, 利奥波德国王的鬼魂
30221537, 8.7, 1259, 奥斯曼帝国六百年
26607419, 8.9, 991, 论中国
03035593, 8.2, 2312, 崩溃
30311816, 8.0, 3057, 荒诞医学史
27203505, 8.4, 1772, 从大都到上都
01191433, 7.6, 5720, 我的前半生
01422105, 8.6, 1383, 江湖丛谈
27030380, 9.1, 798, 记忆的性别
30206893, 9.7, 456, 中国历代政治得失
34869500, 8.6, 1368, 被统治的艺术
03640150, 8.0, 2988, 血酬定律
26586326, 8.8, 1079, 来自纳粹地狱的报告
01132689, 8.7, 1205, 洪业
06437880, 7.4, 7890, 哑舍
30232294, 7.5, 6583, 半小时漫画中国史3
33408126, 9.2, 704, 征服与革命中的阿拉伯人
01009105, 8.9, 955, 战争论
26817050, 9.3, 631, 治史三书
06428078, 9.1, 767, 罗马帝国衰亡史（套装共6册）
06556296, 8.3, 1917, 亚洲教父
25911978, 7.6, 5371, 知行合一王阳明（1472—1529）
30258604, 8.9, 934, 八月炮火
34925415, 9.5, 514, 当权的第三帝国
10740958, 8.8, 1025, 剑桥中国史（全十册）
30386618, 9.2, 671, 长安与河北之间
10488582, 9.3, 609, 洛阳伽蓝记
27172829, 8.6, 1269, 无敌舰队
26825933, 9.0, 817, 不含传说的普鲁士
25783325, 8.1, 2382, 敦煌
02348135, 8.4, 1602, 拿破仑传
02079931, 8.8, 1001, 大转型
26840828, 8.5, 1409, 古拉格之恋
25844017, 8.5, 1408, 讲谈社·中国的历史（十卷本）
21964791, 8.4, 1585, 两次全球大危机的比较研究
34928222, 9.4, 542, 第三帝国的到来
01047370, 8.5, 1393, 拉丁美洲被切开的血管
34204669, 8.2, 2000, 日本人为何选择了战争
24316409, 8.3, 1746, 忍不住的“关怀”
24529164, 8.0, 2620, 楼兰
26552069, 9.4, 530, 黑暗之城
04767483, 8.7, 1066, 中国通史
26856478, 8.7, 1055, 无路可逃
27025626, 9.1, 682, 君主论
06810086, 9.2, 613, 朱熹的历史世界
30127132, 9.2, 610, 宋案重审
30383694, 7.7, 3877, 进击的智人
26907972, 8.6, 1139, 现代日本史
01626392, 8.4, 1437, 女士品茶
01511912, 8.5, 1270, 高卢战记
30398413, 8.3, 1624, 午夜北平
25758414, 8.3, 1608, 苏联的最后一天
27121473, 9.0, 725, 大英博物馆世界简史
30203779, 8.6, 1108, 空王冠
11587576, 7.6, 4352, 大清相国
26870405, 7.7, 3699, 龙头凤尾
34449288, 9.3, 534, 20世纪思想史
34447865, 9.5, 446, 西方哲学史（第9版）
27021578, 8.1, 2035, 大国的崩溃
26334500, 8.3, 1561, 说中国
25748848, 9.0, 707, 华夏边缘：历史记忆与族群认同（增订本）
26847586, 8.5, 1212, 哈佛中国史（全六卷）
03432401, 7.9, 2622, 苦难辉煌
25957263, 9.7, 366, 史记（全十册）
27046300, 8.9, 765, 命运攸关的抉择
01207500, 8.8, 846, 布局天下
01051524, 8.3, 1498, 断头王后
25879507, 8.9, 752, 五四运动史
01012929, 9.4, 462, 二十四史
01197950, 9.2, 552, 希腊罗马名人传
26603782, 9.5, 419, 古拉格群岛
20516442, 9.4, 457, 中国青铜时代
26570629, 9.1, 602, 生存与命运
33385217, 8.4, 1278, 全球科技通史
10491608, 8.5, 1126, 神祇、陵墓与学者
26368070, 8.0, 2131, 秦崩
27036549, 8.2, 1604, 秦谜
30187217, 8.0, 2092, 宋徽宗
26658022, 9.5, 403, 紫禁城100
27067973, 9.4, 439, 昨日世界
01907655, 9.4, 438, 东京梦华录笺注（上下）
26865333, 8.4, 1218, 中国1945
26816981, 8.4, 1210, 十二幅地图中的世界史
30132713, 9.0, 628, 讲给大家的中国历史01
01421923, 8.2, 1549, 大国的兴衰
26711101, 8.3, 1353, “边缘人”纪事
26869694, 8.5, 1059, 奥斯曼帝国的衰亡
25908552, 7.6, 3616, 上瘾五百年
01315167, 9.0, 619, 历史的用途与滥用
03423098, 8.6, 941, 波峰与波谷
26721301, 8.8, 755, 反思史学与史学反思
27598715, 9.2, 507, 汉密尔顿传
33474750, 9.2, 507, 浪潮之巅（第四版）（上下册）
25926547, 8.5, 1039, 黑毡上的北魏皇帝
27184989, 9.1, 552, 企鹅欧洲史·地狱之行
33391323, 9.3, 456, 五四运动史
30276702, 8.1, 1689, 中央帝国的哲学密码
01000531, 8.7, 818, 第二次世界大战回忆录（全六卷）
26890863, 8.7, 818, 我们如何走到今天
25817153, 9.6, 345, 辩论
26905142, 8.9, 648, 罗马帝国的陨落
27085641, 8.3, 1261, 邻人
26986678, 8.4, 1117, 人类群星闪耀时
26581737, 8.8, 715, 权力的毛细管作用
01801407, 8.3, 1256, 苦命天子
02224879, 9.4, 401, 毛泽东选集
10539156, 8.2, 1412, 绚烂的世界帝国：隋唐时代
27666002, 9.0, 578, 品三国
27074042, 8.6, 870, 曾国藩
26992823, 8.7, 778, 波峰与波谷
02185235, 8.5, 966, 历史是什么?
04891219, 8.2, 1381, 甜与权力
25869117, 8.5, 962, 失败的帝国
26803736, 9.4, 390, 国史大纲
26592899, 8.6, 851, 政治秩序与政治衰败
26921196, 8.8, 682, 北京的城墙与城门
25819260, 8.2, 1355, 易中天中华史
25828759, 8.0, 1760, 中华的崩溃与扩大： 魏晋南北朝
25893995, 9.0, 557, 亚洲大趋势
26591910, 9.1, 503, 历史的巨镜
27055137, 8.9, 610, 地中海史诗三部曲
25936051, 8.7, 741, 我的一生
26767261, 8.7, 740, 海都物语
03212602, 9.0, 545, 毛泽东选集（第五卷）
01063540, 8.3, 1163, 中华帝国晚期的叛乱及其敌人
26295138, 9.0, 543, 士大夫政治演生史稿
27667348, 9.0, 541, 思想是生活的一种方式
25844463, 8.4, 1020, 摩根财团
27025729, 9.0, 536, 天生幸存者
26876054, 8.4, 1015, 纵乐的困惑
26945180, 8.9, 590, 卡尔·马克思
01080223, 9.2, 443, 人与国家
34884051, 8.2, 1266, 镖人
20537674, 9.4, 364, 先知三部曲（全新插图修订本）
26826782, 8.5, 881, 恺撒
24531079, 7.5, 3398, 哑舍Ⅲ
27037087, 8.7, 703, 断头王后：玛丽·安托瓦内特传
30297216, 9.0, 518, 克里米亚战争
25735703, 8.1, 1407, 芥子
27011415, 8.9, 565, 能夏则大与渐慕华风
26707803, 8.2, 1229, 千面英雄
05914497, 9.0, 511, 作为方法的中国
26377294, 8.3, 1081, 坐天下
34833419, 7.7, 2410, 半小时漫画中国史4
05253517, 8.1, 1370, 大逃港
25659944, 8.8, 611, 执拗的低音
01053109, 9.0, 500, 封建社会（上、下卷）
26639302, 9.0, 497, 世界的演变
34907838, 9.2, 412, 血与火：坦格利安王朝史 第一卷
27102845, 8.4, 929, 最寒冷的冬天
03435537, 8.7, 666, 大流感
26657935, 8.6, 733, 历史深处的民国
06397293, 8.1, 1321, 这个世界会好吗？
27136549, 8.7, 655, 思想史
25894807, 9.6, 287, 西方文明中的音乐
34842935, 9.6, 287, 历史学与社会理论（第2版）
25791940, 8.1, 1301, 战起1938
33476150, 9.3, 363, 建筑的故事
06440640, 9.4, 332, 清代地方政府
30230911, 8.4, 877, 亢奋战
27150794, 8.3, 980, 如果历史是一群喵
04241783, 9.2, 384, 历史的观念
26368072, 7.9, 1601, 楚亡
30348068, 8.5, 759, 无规则游戏
01069138, 8.4, 848, 中国古代房内考
34893711, 9.8, 232, 将无同
01038279, 9.4, 318, 15至18世纪的物质文明、经济和资本主义（全三卷）
27119171, 8.3, 948, 成吉思汗与今日世界之形成
06750187, 7.6, 2422, 王氏之死
26426959, 8.2, 1056, 丝绸之路新史
28135034, 8.1, 1195, 南北战争三百年
06984992, 8.7, 598, 张力与限界
30226265, 8.7, 595, 教宗与墨索里尼
25853524, 9.0, 443, 一切坚固的东西都烟消云散了
01020329, 8.5, 726, 世界史纲
01776851, 8.9, 479, 中国共产党成立史
34997975, 8.4, 802, 文明、现代化、价值投资与中国
02040853, 7.8, 1702, 紫禁城的黄昏
34929521, 8.9, 472, 刺客列传
25719688, 8.2, 1003, 中国经济史
25498796, 8.4, 785, 梦醒子
27025893, 9.3, 322, 两汉魏晋南北朝宰相制度研究
30169979, 7.8, 1650, 战后日本经济史
30262204, 8.0, 1248, 20世纪简史
26136469, 8.8, 503, 祖宗之法
24876481, 8.1, 1092, 人的宗教（珍藏版）
27156012, 8.9, 453, 美国增长的起落
33441524, 7.1, 4872, 半小时漫画唐诗
25762288, 9.2, 337, 风景与记忆
01772151, 8.8, 486, 翻身
26997145, 8.7, 534, 印加帝国的末日
30115763, 9.0, 399, 家庭、私有制和国家的起源
25163000, 9.0, 397, 文明的进程
26802226, 8.7, 530, 拿破仑大帝
26387790, 8.4, 727, 苦难辉煌（全新修订增补版）
10435397, 8.6, 585, 中国历史精神
04838107, 8.1, 1031, 新宋
26897748, 8.1, 1028, 维京传奇
26743425, 8.8, 474, 逃避统治的艺术
30199056, 8.2, 904, 铁道之旅
27608153, 7.8, 1510, 创造日本
30302919, 9.6, 236, 拓跋史探
01138452, 8.5, 642, 意大利文艺复兴时期的文化
27945076, 7.7, 1731, 历史的温度2
34788663, 9.6, 235, 传统十论
26782702, 8.3, 798, 何以中国
30240081, 9.4, 273, 印度佛教史
26827546, 8.4, 706, 大历史
26162975, 9.3, 296, 原则与妥协（增订版）
30335758, 8.2, 886, 拉丁美洲被切开的血管
25971616, 8.0, 1121, 没有宽恕就没有未来
27000152, 8.1, 986, 海洋与文明
34432198, 8.5, 618, 伊斯坦布尔三城记
26702850, 9.0, 375, 大博弈
25975620, 8.5, 607, 漫漫自由路
34984693, 8.1, 956, 剧变
26284866, 8.7, 492, 北魏平城时代
33435992, 9.4, 261, 思想史研究课堂讲录（增订版）
26371591, 8.1, 942, 常识
27009472, 8.5, 595, 创新者
27602003, 7.5, 2108, 枢纽
01013253, 8.2, 822, 细说宋朝
26929967, 8.0, 1049, 拜占庭帝国
30234331, 8.4, 654, 你一定爱读的极简欧洲史（增订纪念版）
24530428, 7.6, 1786, 许倬云说历史：台湾四百年
25986743, 9.0, 356, 中国通史（上下册）
27008294, 8.7, 473, 事实改变之后
26854269, 7.7, 1536, 雍正帝
27593408, 8.3, 719, 寡头
27155983, 8.1, 902, 贸易打造的世界
34850420, 7.5, 2034, 半小时漫画唐诗2
01019945, 8.3, 711, 拉贝日记
26883500, 8.9, 384, 在历史中寻找中国
26600363, 9.4, 248, 失去的胜利
27001534, 9.4, 247, 十五至十八世纪的物质文明、经济和资本主义
23774456, 8.1, 886, 周恩来传
30258601, 8.5, 552, 世界简史
30337300, 8.3, 685, 希腊人的故事
02280575, 8.7, 448, 大唐西域记
27116331, 7.7, 1447, 瘟疫与人
21331443, 7.9, 1092, 中国是部金融史
27665420, 8.8, 401, 美国的故事(共7册)
02998637, 8.6, 487, 俄罗斯史
33454876, 8.0, 956, 中央帝国的军事密码
26413582, 8.9, 364, 大棋局中的国共关系
20516438, 8.2, 746, 人有病天知否
04090803, 8.3, 655, 商君书
34998019, 9.0, 325, 秋园
01795078, 8.4, 579, 民族与民族主义
26830337, 8.1, 798, 国民党高层的派系政治
25891574, 9.1, 289, 甲午海战
30354900, 9.5, 206, 德国
26912644, 8.2, 689, 冷战
34712156, 8.9, 337, “山中”的六朝史
34982927, 8.7, 406, 五万年中国简史（全2册）
30288066, 8.7, 402, 宋宴
26584021, 9.1, 279, 革命年代
01051386, 8.4, 544, 大国政治的悲剧
24859453, 7.4, 1956, 这个历史挺靠谱
25919531, 8.7, 395, 日本史
26600365, 9.5, 199, 隆美尔战时文件
33443912, 9.4, 213, 黎东方讲史之续·细说宋朝
27661640, 9.3, 230, 现代政治的思想与行动
27624429, 9.2, 249, 历史
34781358, 8.2, 655, 史记的读法
30426749, 8.8, 349, 皇帝圆舞曲
34995678, 9.6, 180, 毛泽东早期文稿
27593864, 8.6, 421, 马其顿的亚历山大
35009938, 7.3, 2141, 半小时漫画宋词
30279065, 8.4, 512, 考古的故事
03558787, 8.6, 414, 美国大萧条
34875240, 8.5, 457, 竹不如肉
30289543, 8.1, 705, 龙
34938986, 8.8, 337, 猛犸爷爷
26902009, 8.1, 695, BBC世界史
34879976, 8.3, 547, 什么是民粹主义？
30277466, 8.2, 608, 南宋行暮
27056339, 9.0, 275, 君主论
27012065, 8.2, 604, 秦汉帝国
26419895, 9.1, 252, 曾国藩家书
26848828, 9.1, 252, 战国史
26979435, 8.7, 360, 东风
11232882, 8.9, 299, 革命（全四册）
34945889, 7.7, 1099, 东言西语
26722581, 9.2, 228, 基督教史（上下）
03782155, 8.7, 352, 印度对华战争
26959626, 8.9, 293, 战争的余烬
01316549, 8.7, 348, 极端的年代
06023969, 8.7, 348, 论个人在历史上的作用问题
33446823, 8.5, 421, 民族的重建
30302906, 7.6, 1214, 北上
01048771, 8.4, 462, 长征
30306429, 8.6, 373, 大流感
03921409, 8.1, 631, 一个大国的崛起与崩溃（共三册）
03402992, 8.0, 703, 历史大脉络
27106738, 9.2, 217, 霍布斯鲍姆年代四部曲（套装共4册）
27623676, 9.1, 235, 郑天挺西南联大日记
30354245, 7.6, 1145, 注定一战
30333443, 7.9, 761, 我的前半生(全本)(精)
26776858, 9.4, 179, 中国社会史
27600526, 8.8, 293, 金与铁
04210829, 7.0, 2839, 蒋介石传
33450028, 8.0, 666, 天才为何成群地来
01002582, 8.6, 350, 西方的没落
27026691, 7.9, 743, 千年金融史
34949339, 8.3, 470, 致命流感
34784867, 8.3, 468, 南京传
27031979, 9.4, 175, 极端的年代：1914—1991
27672664, 8.7, 312, 阿尔比恩的种子
30308672, 7.5, 1237, 郭论
30322990, 9.2, 202, 拜占庭帝国史
30394978, 8.8, 276, 至高权力
34834133, 8.8, 276, 无泪而泣
30306978, 8.5, 359, 讲给大家的中国历史02
30365847, 7.6, 1002, 博物馆里的极简中国史
30170661, 9.3, 177, 中国乡村
03097530, 8.3, 429, 来自上层的革命
04733982, 8.3, 423, 轴心时代
05920841, 8.7, 283, 毛泽东传（全6卷）
34432189, 8.5, 340, 罗马的命运
26975985, 8.2, 462, 时间地图
30422816, 9.7, 128, 田园诗与狂想曲
26577706, 7.6, 939, 档案
03031727, 9.3, 169, 中国货币史
34997313, 9.2, 182, 巴芒演义：可复制的价值投资
30337489, 7.2, 1642, 袍哥
27203334, 8.7, 271, 文明的冲突
30318729, 8.9, 227, 文明的故事
30176576, 8.4, 359, 美国秩序的根基
27056271, 8.2, 440, 公主之死
26878735, 8.0, 548, 中国国民性演变历程
34990166, 7.6, 890, 半小时漫画经济学3：金融危机（完结篇）
35005098, 8.1, 483, 春山
30406745, 9.3, 161, 三国兵争要地与攻守战略研究
33411668, 8.5, 317, 马背上的朝廷
30126870, 9.0, 203, 近代的尺度
02976744, 8.5, 315, 若干重大决策与事件的回顾（上下）
30362495, 8.7, 258, 企鹅欧洲史·追逐荣耀
30309611, 8.6, 282, 追寻现代中国
06085541, 9.7, 119, 白话资治通鉴
34437434, 7.3, 1278, 古代人的日常生活
34898273, 8.0, 507, 倒退的帝国
34879052, 8.6, 274, 见鬼
01070147, 7.7, 717, 大分流
30475747, 8.7, 248, 自由的声音
26871064, 7.5, 930, 美第奇家族的兴衰
34393750, 8.5, 295, 波兰史
34983746, 8.3, 354, 长安客
32567709, 8.1, 434, 五四的另一面
25723401, 8.4, 316, 第三帝国的语言
26657357, 7.3, 1145, 世界简史
03916132, 8.5, 279, 晚学盲言（上下）
34974742, 9.3, 142, 曾彦修访谈录
25806559, 8.4, 302, 血酬定律
26449219, 9.5, 123, 鼠族（新译本）
06559258, 7.9, 501, 西方将主宰多久
30420866, 9.4, 129, DK大历史
30312128, 7.7, 631, 企鹅欧洲史·古典欧洲的诞生
23779370, 9.2, 148, 读通鉴论
34978358, 9.0, 172, 余下只有噪音
30194494, 8.7, 219, 欧洲与没有历史的人
30165631, 9.1, 157, 越南
33440223, 8.0, 424, 文字的力量
34982925, 8.2, 335, 五万年中国简史（上）
25854660, 7.9, 459, 邓小平传
34897872, 8.9, 175, 分身
34907824, 9.1, 148, 第三帝国的兴亡
30438868, 9.0, 159, 1848
27058898, 8.5, 241, 伯罗奔尼撒战争史
25716134, 7.6, 632, 印度，漂浮的次大陆
26612175, 8.7, 200, 史迪威与美国在中国的经验（1911-1945）
30240975, 8.1, 349, 燃烧的远征
34438693, 8.5, 236, 庞贝
30309815, 9.1, 143, 从舞台边缘走向中央
34857216, 8.7, 196, 传统的发明
34911695, 8.6, 209, 丝绸之路与唐帝国
27614470, 7.1, 1189, 人类酷刑简史
10589345, 9.0, 149, 世界通史
30953816, 8.5, 223, 肯·福莱特世纪三部曲全9册套装：《巨人的陨落》《世界的凛冬》《永恒的边缘》
34443586, 9.6, 96, 艺术通史
33387414, 8.6, 201, 奥斯曼帝国
34852280, 7.6, 568, 历史的温度4
34992172, 8.1, 322, 宋仁宗：共治时代
30328938, 8.5, 218, 古罗马的日常生活
25786148, 7.8, 442, 被颠覆的文明
02210591, 8.3, 261, 史迪威与美国在中国的经验
34933266, 7.4, 723, 隐
27197930, 9.5, 100, 伯罗奔尼撒战争史
27197932, 8.8, 166, 拜占庭的新生
34466273, 8.1, 308, 南渡君臣
27625548, 9.0, 139, 全球史是什么
34869664, 8.2, 275, 从“天下”国家到民族国家
30259504, 8.2, 271, 伟大的海
26394048, 7.9, 366, 上帝的跳蚤
27034240, 9.7, 83, 史学理论手册
35006198, 8.6, 184, 大宋之变
30401299, 7.8, 393, 德国极简史
30434010, 7.5, 562, 社交媒体简史
04290353, 8.3, 233, 沉没的甲午
33417161, 8.3, 232, 企鹅欧洲史·罗马帝国的遗产
27931094, 7.5, 554, 风雅宋：看得见的大宋文明
30398015, 9.3, 104, 全球通史
30175373, 7.1, 950, 在深渊里仰望星空
24705266, 7.2, 821, 忽必烈的挑战
34809067, 8.1, 269, 华杉讲透资治通鉴
26770396, 10.0, 65, 先秦政治思想史
26962803, 9.1, 114, 魏晋南北朝史
33393515, 7.8, 360, 布达佩斯往事
30370330, 7.5, 508, 埃及四千年
33462994, 9.4, 91, 历史学家的技艺
34937365, 7.9, 311, 日本的世界观
30457516, 9.2, 102, 中国历史通论
30275093, 7.7, 386, 1924
26827323, 7.4, 555, 上帝之饮
30428109, 8.1, 244, 五胡十六国
34908379, 8.1, 241, 廷巴克图
30364327, 7.2, 675, 大唐兴亡三百年
34984904, 8.8, 128, 穿越非洲两百年
34446247, 8.3, 188, 北方以北
33950530, 9.6, 71, 体国经野之道
34820917, 8.2, 196, 第一次十字军东征
34887374, 7.9, 249, 毒品史
34797388, 8.0, 225, 近代朝鲜与日本
35005708, 8.8, 113, 仿佛若有光
30303327, 9.8, 59, 二十五史简明读本（全15册）
34882633, 6.6, 1417, 半小时漫画中国史（番外篇）
26600157, 7.1, 631, 宋
33375446, 8.2, 181, 知宋：写给女儿的大宋历史
34870279, 8.5, 138, 大征服
25763756, 9.0, 94, 现代世界体系（四卷本）
34907465, 7.5, 364, 赛雷三分钟漫画中国史
35006231, 8.8, 107, 故土的陌生人
27616950, 7.0, 688, 武曌
30428815, 7.7, 284, 起源
34833943, 8.3, 158, 寻找亚洲
30200242, 6.9, 787, 故宫的古物之美
30329248, 8.4, 143, “爱国的”独裁者
34908363, 8.6, 121, 奥斯维辛的文身师
34842532, 8.6, 120, 与神作战
34661989, 8.7, 111, 共有的习惯
33463340, 7.3, 434, 论大战略
34826151, 7.4, 382, 黑暗时代的爱
30762052, 9.2, 77, 陈寅恪：魏晋南北朝史讲演录
35060452, 8.7, 109, 中国人史纲
34876875, 8.8, 100, 透过地理看历史
34835561, 7.6, 293, 战争时期日本精神史
34840609, 7.4, 368, 广场与高塔
34873200, 8.8, 97, 罗马的复辟
33395089, 8.3, 143, 欧罗巴一千年
34781396, 7.6, 282, 宋仁宗和他的帝国精英
34986715, 9.2, 72, 东西街
27069926, 8.2, 152, 朝鲜战争
34940789, 8.5, 118, 应仁之乱
33376541, 8.6, 109, 梅特涅：帝国与世界
07162591, 8.3, 137, 《地球编年史》指南
34983206, 8.6, 106, 人类大瘟疫
34853188, 9.3, 65, 中国文明起源新探
30446952, 8.2, 145, DK医学史
34970321, 7.8, 211, 1918年之疫
34997980, 8.7, 97, 耶路撒冷之前的艾希曼
35013926, 7.4, 323, 如果故宫会说话
26929931, 8.6, 102, 美国史（第13版）
26318981, 9.3, 63, 中国文化史
34800959, 7.9, 180, 晋武帝司马炎
34869428, 8.4, 115, 讲谈社·兴亡的世界史
34834204, 8.5, 104, 东印度公司与亚洲之海
34986847, 9.5, 53, 《辽史》探源
34845962, 8.2, 130, 读完本书你可能会成为一个话痨
26745881, 8.8, 79, 全球通史：从史前到21世纪（上册）
34900595, 8.5, 98, 食物探险者
34834428, 8.2, 122, 血夏
30267190, 8.3, 108, 战争史
30372353, 8.0, 139, 自由与毁灭
30266483, 8.2, 111, 古希腊人
34441055, 8.8, 70, 维多利亚女王
35000681, 8.5, 86, 此时怀抱向谁开
30222822, 7.9, 141, 地图中的历史
35039515, 7.6, 187, 市舶司沉船案
34978585, 9.3, 50, 战争的试炼
27070163, 8.8, 68, 西方的兴起
27156274, 8.2, 106, 德国人
34446495, 9.5, 44, 柏杨白话版资治通鉴
34994064, 8.3, 94, 这辈子
34873198, 7.4, 215, 吃
35006321, 8.2, 100, 条顿骑士团
34830074, 8.3, 92, 沿坟墓而行
30251645, 8.6, 71, 美國的反智傳統
34396190, 7.9, 121, 敌人与邻居
26658414, 7.6, 154, 绝望者日记
34978375, 8.9, 55, 普法战争
34992175, 8.9, 55, 神话之城
34660492, 9.8, 33, 秦汉地方行政制度
34912073, 7.8, 123, 古代人的日常生活（当当典藏版）
34431892, 9.0, 50, 从“异域”到“旧疆”
34432453, 7.8, 121, 巴比伦
34869429, 8.1, 92, 奥斯曼帝国
34920873, 7.9, 105, 废墟阅读者
35059162, 8.4, 70, 了不起的古希腊
34908427, 8.0, 92, 维京人的世界
35045199, 8.7, 55, 中世纪的英雄与奇观
34895563, 8.3, 72, 轴心时代
34839990, 8.7, 54, 却将谈笑洗苍凉
35084260, 7.0, 237, 半小时漫画科学史
30331832, 7.7, 113, 大明
26962119, 8.4, 63, 宋史
35012879, 8.3, 67, 抉择
34442425, 9.6, 31, DK世界家具大百科
34970434, 9.1, 40, 拜占庭的巅峰
34970437, 9.4, 33, 拜占庭的衰亡
34991852, 8.4, 59, 肮脏的三十年代
33436261, 7.7, 102, 匈人王阿提拉
35006258, 7.9, 84, 大故宫六百年风云史
34854757, 8.4, 57, 肇造区夏
34884945, 7.1, 176, 老鼠、虱子和历史
34945437, 8.9, 41, 灯塔之书
34947791, 9.0, 38, 大汉兴亡四百年
34963502, 8.0, 73, 唐人时代
34978404, 8.5, 51, 水浒寻宋
34826220, 9.3, 32, 5000年文明启示录
30484697, 8.8, 42, 单一民族神话的起源
34460923, 8.4, 52, 中国与世界社会
34437431, 9.2, 32, 全球史学史（第二版）
34913207, 9.2, 32, 易代
35076051, 8.7, 42, 苏联设计时代1950—1989
34902086, 7.9, 72, 藏着
30359550, 9.1, 32, 非凡抄本寻访录
34986545, 8.1, 59, 史诗之城
30420997, 8.9, 35, 东亚古代的诸民族与国家
34995650, 8.3, 50, 战争的本质
34790040, 8.9, 34, 中国政治思想史
34937342, 9.8, 22, 《春秋》与“汉道”
34979052, 9.6, 24, 人类飞翔史
35046432, 9.6, 24, 非常年代
35026082, 8.6, 40, 西方史纲
34910653, 8.5, 42, 发明自由
33422825, 8.6, 39, 珍珠港
34902713, 9.2, 28, 使日十年
34840696, 8.1, 53, 作与不作
35011421, 8.7, 34, 亨利八世与都铎王朝
35024023, 8.7, 34, 西方史纲
34908426, 7.5, 79, 日本社会的诞生（岩波日本史 第一卷）
33423720, 7.6, 70, 掘墓人
30489181, 6.7, 170, 图解中国传统服饰
34978376, 9.1, 26, 天生的标签
34989904, 7.4, 79, 从汉城到燕京
33461969, 9.4, 22, 记忆之场
34869746, 8.2, 41, 边境
34969872, 8.4, 35, 宫廷社会
34879939, 8.8, 27, 成神
34908425, 8.1, 40, 飞鸟·奈良时代（岩波日本史 第二卷）
34945335, 8.2, 37, 平安时代（岩波日本史 第三卷）
34997440, 8.4, 32, 故宫五十年
34996964, 8.2, 36, 纳粹掌权
35005066, 7.1, 84, 菊花王朝
30364330, 9.0, 23, 中世纪动物图鉴
35015188, 7.5, 58, 简明日本史
34990231, 7.8, 44, 伪装的艺术
34937625, 7.3, 63, 丝绸之路
35040282, 8.4, 29, 刀头上的绝响
34995558, 9.0, 21, 科举史
30424141, 9.2, 19, 历史性的体制
34889907, 7.9, 38, 巨兽
34991851, 8.2, 31, 法老的宝藏
34991896, 8.3, 29, 最伟大的骑士
35032079, 7.2, 63, 秦俑两千年
35016469, 8.4, 27, 当代历史哲学和史学理论
34942845, 9.1, 19, 1840年以来的中国
35011095, 8.3, 28, 德川幕府与御三家
35005170, 7.7, 40, 新政之后
34996408, 8.0, 32, 亚洲与一战
35003834, 7.3, 50, 锦衣卫
34933207, 7.7, 35, 故宫六百年
34917654, 9.6, 13, 三国兵争要地与攻守战略研究
34946248, 7.4, 39, 国家的歧路
35023262, 8.3, 20, 规训、惩罚与征服
35003734, 8.6, 17, 最后的武士
34954811, 9.3, 12, 英国皇家学会
35048675, 7.6, 25, 幸运儿
34462893, 7.2, 32, 战时中国
34789044, 8.0, 19, 西垂有声
34900052, 8.3, 16, 塞尔维亚史
34900604, 7.7, 22, 明治维新（岩波日本史 第七卷）
34991722, 9.0, 11, 一座梦想之城的创造与死亡
34971260, 7.4, 22, 重新发现欧洲：西班牙何以成为西班牙
34982189, 7.0, 27, 故宫六百年
34661930, 7.8, 15, 第一次世界大战
34886845, 6.8, 27, 人写的历史必须是人的历史吗？
34953572, 6.9, 15, 希腊史
34868005, 0.0, 10, 账簿与权力
34970035, 0.0, 10, 大屠杀
35043904, 0.0, 10, 九品官人法研究
33658177, 0.0, 11, 黑色雅典娜：古典文明的亚非之根（第一卷）
34990840, 0.0, 14, 掠夺尼罗河
34813540, 0.0, 18, 从西郊到南郊
30389686, 0.0, 23, 恺撒之死
35023732, 0.0, 23, 猎巫
35005083, 0.0, 25, 第三帝国的兴亡（增订版）
35019774, 0.0, 135, 秦砖
