2020-07-05 15:59:58

number of books, tag name
452, 反思

ID, rating, votes, title
04913064, 9.4, 496843, 活着
01084336, 9.0, 576754, 小王子
06082808, 9.2, 294571, 百年孤独
10554308, 9.1, 272216, 白夜行
04820710, 9.3, 147868, 1984
01082154, 9.1, 190795, 活着
25862578, 8.5, 642220, 解忧杂货店
20427187, 8.8, 276224, 看见
01023045, 8.7, 239542, 我们仨
01046209, 9.2, 88884, 安徒生童话故事集
01054685, 9.1, 100731, 沉默的大多数
01089243, 8.9, 124072, 黄金时代
01017143, 8.5, 200885, 不能承受的生命之轻
01209899, 9.1, 59159, 我与地坛
01003479, 9.2, 43010, 中国历代政治得失
01090043, 8.5, 146979, 倾城之恋
01082387, 9.3, 35131, 一九八四·动物农场
01858576, 9.3, 31339, 一九八四
01043815, 8.4, 151822, 骆驼祥子
03369793, 8.6, 102482, 亲爱的安德烈
01046265, 8.0, 317931, 挪威的森林
03808982, 9.3, 27257, 动物庄园
01088065, 8.7, 71893, 阿Q正传
02159042, 8.5, 101232, 挪威的森林
04242172, 8.1, 230388, 天才在左 疯子在右
05299764, 9.4, 20464, 1984
03239549, 9.2, 26753, 夹边沟记事
03813669, 8.6, 69120, 民主的细节
01014578, 9.1, 28792, 我的精神家园
01855364, 9.2, 23986, 围城
06880158, 8.8, 44082, 陆犯焉识
01024197, 8.4, 90709, 巴黎圣母院
01051193, 8.6, 57877, 麦琪的礼物
26382433, 8.2, 115948, 无声告白
06709783, 9.0, 26434, 浪潮之巅
01401425, 8.3, 84771, 兄弟（上）
01863930, 8.8, 34011, 看不见的城市
01018136, 9.1, 21044, 动物庄园
01981042, 9.1, 19319, 万历十五年（增订本）
01426971, 8.8, 30175, 野火集
01205370, 8.2, 86294, 羊脂球
01970428, 8.8, 28882, 激荡三十年（上）
01786387, 8.6, 39605, 影响力
02035171, 9.0, 20027, 人生的枷锁
01858410, 9.0, 19293, 万历十五年
01865089, 8.4, 51684, 瓦尔登湖
05275059, 7.9, 138107, 1988：我想和这个世界谈谈
01922216, 9.2, 13065, 全球通史(上)
01088022, 8.9, 19846, 亮剑
01062193, 8.5, 34988, 娱乐至死
01258498, 8.4, 40249, 项链
01022238, 8.2, 58121, 菊与刀
03012517, 8.6, 27902, 小姨多鹤
24934182, 8.1, 68609, 一个人的朝圣
01776683, 9.0, 14345, 沉默的大多数
01034329, 8.9, 16252, 白鹿原
01044663, 8.7, 22167, 许三观卖血记
02053249, 8.1, 62227, 麦田里的守望者
02340100, 8.0, 73634, 遇见未知的自己
01062343, 9.2, 9840, 昨日的世界
01675478, 9.1, 10699, 天朝的崩溃
06021440, 8.7, 18586, 黑客与画家
01922246, 9.2, 8774, 全球通史(下)
04124727, 8.1, 51464, 孤独六讲
01082150, 8.4, 28333, 白银时代
01859140, 8.9, 12202, 上学记
01001885, 8.5, 21774, 带一本书去巴黎
03344676, 8.1, 42994, 常识
01082518, 7.9, 59966, 麦田里的守望者
11229072, 9.4, 5445, 中国历代政治得失
01322455, 8.7, 14199, 遥远的救世主
20463108, 8.3, 26235, 观念的水位
01050339, 7.7, 77672, 文化苦旅
03537590, 8.4, 20146, 朗读者
26278687, 7.6, 86054, 皮囊
01255500, 9.2, 5540, 动物农场
26319730, 8.5, 15007, 娱乐至死
01005358, 9.3, 4706, 寻找家园
01054917, 8.5, 14082, 沧浪之水
01082522, 8.2, 21510, 家
01917972, 7.8, 45237, 在路上
01082584, 8.7, 9283, 追忆似水年华 Ⅰ
06709809, 8.4, 14209, 暗时间
01815640, 9.1, 5068, 王小波全集（第一卷 杂文）
19920715, 8.6, 10164, 论中国
02359003, 8.2, 18865, 沉思录
01025723, 8.3, 15891, 潜规则
02154079, 8.8, 7337, 追风筝的人
01003284, 8.1, 22270, 退步集
01070711, 8.8, 7230, 城记
26803179, 8.3, 15285, 平原上的摩西
01073744, 9.0, 5148, 四世同堂（上下）
20441569, 9.3, 3513, 被淹没和被拯救的
01078250, 8.2, 16241, 洗澡
01255288, 8.1, 19263, 复活
19995918, 8.3, 13337, 蛙
04953695, 7.8, 31692, 拆掉思维里的墙
01467776, 8.4, 10724, 朗读者
01851385, 7.9, 25133, 我的名字叫红
01220853, 8.3, 12200, 伟大的博弈
02042063, 8.4, 10349, 伊斯坦布尔
01132956, 8.4, 9949, 白银时代
01880829, 8.6, 7230, 呼啸山庄
05252677, 8.0, 18433, 幸福了吗?
06902639, 7.8, 24876, 青春
20428922, 8.3, 10345, 学会提问
01045716, 8.7, 5607, 人生中不可不想的事
26413027, 7.5, 41581, 虚无的十字架
01045466, 9.3, 2455, 一九八四
04169424, 7.9, 18242, 蛙
02064450, 8.5, 6815, 大败局Ⅱ
01050566, 8.2, 10841, 一地鸡毛
01054889, 7.7, 26355, 行者无疆
01822857, 9.0, 3396, 王小波全集（第二卷 杂文）
01076378, 9.1, 2989, 传统十论
01079252, 8.2, 10490, 爱情笔记
01115353, 8.3, 8674, 奇特的一生
01703544, 7.4, 43431, 兄弟（下）
01119528, 8.0, 13528, 高老头
01027247, 7.8, 18689, 丑陋的中国人
03067169, 7.9, 15431, 丑陋的中国人
04113090, 7.4, 38777, 我们台湾这些年
25749845, 8.4, 6279, 把时间当作朋友（第3版）
20425053, 7.6, 24203, 我所理解的生活
01783111, 8.7, 3905, 存在与时间
26974262, 9.4, 1668, 小王子
01949485, 9.0, 2483, 消失中的江城
25639223, 8.3, 6364, 身边的江湖
01151873, 8.2, 7090, 我是你爸爸
01315844, 9.2, 1868, 古拉格群岛（上中下）
01777823, 8.1, 8068, 八十年代访谈录
01767310, 9.0, 2321, 黄金时代 黑铁时代
06114393, 8.1, 7665, 大家都有病
01721111, 8.6, 3663, 周国平人生哲思录
01469878, 8.5, 3995, 日瓦戈医生
02361442, 9.1, 1864, 骨の音
01083054, 9.1, 1709, 现代性与大屠杀
01161817, 8.6, 3112, 洛克菲勒留给儿子的38封信
01129216, 9.0, 1865, 天真的人类学家
01919072, 7.7, 12063, 长尾理论
01874488, 8.1, 6012, 别做正常的傻瓜
01050175, 8.1, 5972, 赫逊河畔谈中国历史
01021056, 7.1, 37959, 谁动了我的奶酪？
01152701, 7.8, 9084, 漂亮朋友
02981589, 8.7, 2292, 美妙的新世界
01465543, 8.8, 1961, 异端的权利
01068912, 8.4, 3268, 中国文化的深层结构
26279878, 8.3, 3668, 历史的教训
01231590, 9.1, 1355, Effective C++中文版
01045862, 8.4, 3179, 第五项修炼
03710137, 8.6, 2340, 沉思录
01062134, 8.1, 4450, 狼图腾（简装本）
01077129, 8.5, 2528, 一生的学习
02229229, 8.0, 5071, 穿条纹衣服的男孩
01083265, 9.0, 1319, 西线无战事
30346218, 8.1, 4167, 态度
01075492, 8.0, 4809, 洛丽塔
07916069, 8.8, 1568, 被禁锢的头脑
26747208, 8.0, 4474, 优秀的绵羊
01927902, 7.6, 8572, 九型人格
01055187, 8.3, 2753, 我的前半生
01044979, 9.0, 1170, 天朝的崩溃
01041616, 7.4, 10994, 那些忧伤的年轻人
06060455, 7.7, 6137, 浮世画家
30441551, 8.8, 1327, 烧纸
02071071, 8.7, 1466, 巴斯克维尔的猎犬
25756947, 7.4, 9649, 地狱
01731825, 7.4, 8706, 读大学，究竟读什么
01084098, 8.4, 1786, 守望的距离
01074155, 8.9, 990, 骑兵军
25924860, 8.0, 3001, 设局
01203421, 9.4, 572, 王阳明全集（全二册）
02070807, 8.5, 1478, 懂得爱
01648606, 8.6, 1285, 宽容
01839627, 8.3, 1852, 香草山
01144865, 9.2, 669, 见证
26421462, 8.7, 1124, 呼兰河传
11511204, 7.4, 7060, 悖论13
02029640, 8.4, 1566, 南怀瑾讲演录
19986376, 8.8, 978, 黄金时代
05391766, 7.3, 8137, 忽然七日
06802371, 8.0, 2580, 一个游荡者的世界
01440223, 8.4, 1510, Don&#39;t Make Me Think
01834541, 8.8, 946, 柏杨白话版资治通鉴 第一辑
01084434, 9.0, 754, 以自由看待发展
26146992, 7.4, 6468, 我们为什么会分手？
25741244, 7.1, 11091, 我承认我不曾历经沧桑
01439583, 8.9, 805, 追風箏的孩子
01437162, 8.2, 1802, 随想录
26962862, 8.3, 1522, 流浪地球
10582351, 7.4, 5551, 虚实之间
01216715, 9.1, 597, 光荣与梦想
01966593, 9.2, 541, 100个人的10年
01205431, 8.9, 705, 九三年
01980222, 8.2, 1510, 丑陋的中国人
19961140, 9.1, 534, 古希腊戏剧选
01828292, 8.8, 706, 黑暗时代的人们
01815627, 8.6, 838, 书斋里的革命
01024733, 7.7, 2649, 鲜血梅花
01050368, 7.2, 5580, 子夜
10485866, 8.2, 1173, 暴风雨的记忆
01858594, 7.2, 5275, 暗算
01083309, 9.0, 486, 论可能生活
01190746, 8.6, 703, 河图洛书
04720131, 8.5, 759, 太傻十日谈
01919723, 8.3, 948, 龍應台的香港筆記 @ 沙灣徑25號
01801923, 8.3, 919, 红顶商人
01051324, 7.8, 1712, 铁屋中的呐喊
11602692, 9.2, 361, 动物庄园
01021677, 8.9, 448, 中国一九五七
01809669, 8.7, 544, 容忍与自由—胡适演讲录
01020820, 7.8, 1571, 超越自己
02141865, 8.5, 647, 家庭会伤人
01225982, 8.7, 521, 束星北档案
30365007, 8.0, 1155, 重新理解创业
01766308, 9.1, 343, 明夷待访录
10831855, 8.1, 964, 俞敏洪口述
01060856, 9.0, 366, 故事新编
01097397, 8.7, 463, 死亡的脸
11637051, 8.1, 889, 平壤水族馆
03002863, 8.5, 561, 后望书
01963368, 7.9, 971, 青木川
01083333, 8.4, 541, 积极生活
03024461, 8.5, 455, 摩洛哥田野作业反思
01097725, 7.5, 1436, 化身
01067625, 7.9, 837, 成长是一种美丽的疼痛
01903073, 7.8, 912, 安藤忠雄都市彷徨
01205778, 7.7, 1036, 睡美人
02003441, 8.9, 268, 西藏生死書（修訂版）
02142176, 9.6, 152, 渴慕神
01427726, 8.1, 576, 耻辱者手记
01439347, 8.8, 284, Angela&#39;s Ashes
01819840, 8.8, 283, 阁楼的秘密
01052245, 8.7, 301, 访苏归来
01810540, 8.2, 483, 德语课
01836616, 8.4, 390, 写文化
01856498, 7.6, 984, 黑郁金香
02165033, 9.3, 175, 地下室手记
02115948, 8.1, 515, 解读“疯狂”——热点话题人物的心理分析
01200301, 8.9, 231, 实践自由
20434393, 7.9, 612, 销售无处不在
01097396, 8.6, 292, 生命的脸
02074583, 8.7, 266, 思想录
11528562, 7.5, 985, 给理想一点时间Ⅱ
05063384, 7.5, 969, 思考的艺术
11505930, 7.2, 1427, 杀鹌鹑的少女
02059360, 8.1, 434, 人啊，人！
01799224, 7.3, 1183, 仙人指路
01767646, 8.2, 372, 彭德怀自述
01450985, 8.6, 249, 黑格尔辩证法讲演录
01212850, 8.7, 226, 菜根谭
01658346, 8.4, 288, 思想史上的失踪者
01421049, 8.1, 378, 刷盘子，还是读书？
05280404, 8.0, 416, 上学真的有用吗
01078460, 8.5, 250, 美妙的新世界
02051674, 7.6, 656, 悖论简史
01466764, 8.1, 367, 我们
01962680, 6.9, 1818, 下流社会
03067185, 7.8, 497, 我们要活得有尊严
01055355, 8.3, 289, 储安平
26987022, 7.5, 707, 哈佛的6堂独立思考课
01921738, 8.5, 229, 外婆的古城
01220840, 7.5, 675, 1949年
11580821, 7.8, 462, 环保的暴力
01898651, 8.2, 297, 民主和专制的社会起源
11612914, 7.0, 1323, 恶俗
01459390, 9.3, 111, 弗洛姆文集：我相信人有实现自己的权利
27084151, 7.6, 499, 逻辑思维（MBA轻松读）
01974714, 8.4, 210, 丰富的痛苦
01074659, 8.3, 230, 甲午战争前后之晚清政局
25815700, 8.4, 204, 苏菲的选择
01211063, 8.5, 186, 并非孤独
27054637, 7.0, 1042, 隐性逻辑
03374625, 8.2, 236, 随想录
01679427, 9.3, 97, 抗日战争正面战场（上中下）
01814035, 7.8, 336, 随想录
11503105, 8.4, 181, 无字书图书馆
03413327, 8.6, 147, 经济学的邀请
03053004, 8.5, 149, 魔女宅急便2
01048423, 8.7, 123, 奥威尔文集
01464424, 8.1, 204, 創龍傳(13)
01186929, 8.0, 224, 幽谷百合
01074032, 8.3, 169, 温故（之二）
01186899, 8.2, 183, 思想的未来
02080389, 9.0, 95, 人心
11620321, 7.3, 453, 王石说
01025355, 8.2, 170, 1966
01824389, 8.1, 186, 宫廷文化
26417295, 7.3, 424, 我父亲是恐怖分子
19959643, 7.4, 363, 星光下的灵魂
11619669, 8.3, 145, 思考的藝術
01951369, 7.5, 311, 草根才是主流
01084623, 8.4, 128, 梁漱溟先生讲孔孟
01022343, 8.1, 163, 王实味: 野百合花
33704066, 6.8, 759, 每天演好一个情绪稳定的成年人
01950334, 7.8, 215, 从历史看时代转移（第二版）
30366602, 7.1, 448, 认知迭代
20414892, 8.0, 158, 人与永恒
01488184, 7.7, 209, 我在暖昧的日本
01081380, 8.7, 87, 顾准：民主与“终极目的”
01687833, 8.6, 93, 东西文化及其哲学
02021051, 8.4, 108, Irrational Exuberance
01228007, 7.9, 164, 背道而驰
06855383, 8.0, 149, 在世界边缘的沉思
01122785, 7.7, 194, 莫斯科日记
02026925, 8.6, 89, 冰点
25872911, 8.2, 119, 被压迫者教育学（修订版）
04328953, 7.7, 187, 嘘
01444940, 6.9, 442, 艺术的阴谋
01762619, 9.3, 50, 弗洛姆著作精选：人性、社会、拯救
01022665, 8.2, 106, 反思欧洲
01041727, 8.6, 77, 直面历史
02024377, 7.3, 246, 从历史看人物（第二版）
34819201, 9.5, 42, 生死二十八天
01814065, 7.6, 168, 真话集
01064359, 7.7, 148, 天皇的玉音放送
01018311, 8.3, 88, 九十年代反思录
01964892, 8.1, 102, 中国式MBO
26970561, 7.0, 315, 走神的艺术与科学
02253626, 7.8, 128, 阳光像花儿一样绽放
01789579, 9.4, 40, The Great Divorce
06428210, 8.7, 60, 中国法学向何处去
01776304, 8.3, 77, 我願意為你朗讀
01023033, 8.5, 66, 半张脸的神话
01881689, 7.5, 148, 世界上最幸福的感觉
01623494, 7.8, 111, 中国人的德行
01082831, 8.4, 68, 帕帕朗基
01505059, 8.0, 92, 温故之六
01870207, 8.7, 55, Nice Girls Don&#39;t Get the Corner Office
03574218, 8.5, 60, 千年楼市
27049004, 9.4, 35, 小王子(英汉对照注释版)/世界经典文学名著双语系列
03290407, 7.6, 121, 流逝的岁月
10429536, 8.4, 63, 邓晓芒讲演录
27061666, 7.6, 117, 魂兮归来
05294891, 8.6, 52, 反思与比较
01550703, 8.2, 66, 恐怖的法官
01814059, 7.6, 107, 探索集
01861319, 8.2, 65, 女人是什么
03900509, 8.7, 46, 百年人生（上.下）
01025061, 8.1, 68, 神圣回忆
01854979, 6.9, 214, 失忆的城市
04712093, 6.8, 235, 大国悲剧
04854077, 8.8, 41, 成年礼
01814071, 7.9, 76, 无题集
01446985, 7.6, 95, 二千年间
02133263, 7.7, 85, 温故之八
25784423, 8.0, 60, 卡内基沟通与人际关系（新版）
30216122, 6.7, 210, 姑娘脱贫比脱单更重要
01898111, 7.4, 97, 精神历程
01666271, 7.4, 90, 全球化陷阱
02159838, 7.1, 120, 毁灭
01060292, 8.0, 54, 庐山风云--1959年庐山会议简史
14267910, 6.7, 185, 乡愁里的中国
05242766, 8.6, 36, 重读大师
01479130, 8.0, 53, 信息崇拜
03239980, 7.8, 61, 陈永贵沉浮中南海
01866346, 7.9, 55, 失窃的收成
10758716, 7.9, 54, 只是历史已清零
21321796, 7.9, 54, 行者无疆
11538079, 7.4, 80, 我要心有所属地浪迹天涯
26690929, 9.4, 22, 忘我的自由
01005346, 8.1, 45, 学术自述与反思
01814069, 7.3, 84, 病中集
01937563, 7.1, 97, 追寻80年代
02978278, 8.1, 42, 自由备忘录
03164136, 8.4, 34, 胡适读本/中国沉思
01285929, 8.0, 43, 随想录
20475898, 9.0, 24, 克里希那穆提哲言录
01080916, 8.9, 25, 世纪之问---来自知识界的声音
30203207, 6.8, 118, 人工智能会抢哪些工作
04268016, 7.7, 48, 人人需要知道的50种哲学思想
01067674, 8.1, 36, 虽九死其犹未悔
01805493, 7.3, 65, 不做教书匠
01272283, 7.2, 67, 游戏
02382297, 8.1, 34, 漢字簡化得不償失
26904320, 7.9, 36, 灯草和尚·肉蒲团·绣榻野史·碧玉楼
03208420, 8.3, 28, 九十年代日记
25901164, 6.7, 98, 甲午殇思
30289055, 7.3, 55, 国家的计算
24383299, 6.5, 121, 一个孤独漫步者的遐想
11601995, 7.4, 50, 经济到底为了什么
01955854, 7.1, 64, 闲说中国人
25811986, 8.1, 30, 假面舞会
02988744, 8.7, 21, 永无尽头的春天
25764490, 8.8, 20, 季羨林日記（1935.1.1—1936.12.31）
10617622, 7.7, 37, 见解
03235502, 7.0, 62, 其实.他不够爱你
01076158, 8.4, 23, 王造时：我的当场答复
30187900, 7.2, 51, 卖掉法拉利的高僧
01050917, 7.5, 39, 胡风：死人复活的时候
04157647, 7.2, 49, 搬个菠萝晒太阳
01921122, 6.9, 62, 反思现代性
02284734, 9.3, 14, 渔夫和金鱼
01044779, 6.9, 59, 两种文化
01911410, 6.9, 56, 天朝落日
04085870, 7.1, 47, 中国反思
01109899, 8.0, 25, 方圆四十里
26381442, 9.4, 13, Prayer
01534878, 8.5, 19, 民法总则之现在与未来
01068593, 7.8, 28, 追寻生存之根
01939988, 8.3, 21, Works and Lives
01995143, 9.6, 12, 靈魂倖存者
21794178, 8.6, 18, 红之羽
33402278, 7.1, 46, 硅谷帝国
26837020, 8.0, 24, 华北的饥荒
05381386, 6.5, 76, 重点中学
01911111, 7.1, 43, 罪孽的报应
01752748, 9.0, 14, The Lion
02605928, 6.6, 65, 弗洛伊德批判——精神分析黑皮书
19967243, 5.9, 147, 我想我已活到了一个尴尬的年龄
01489490, 6.6, 62, 美国的战争
01183295, 6.4, 75, 我们的七十年代
01190182, 7.6, 26, 人类的内在限度
01908644, 7.6, 26, 拐点
01084102, 7.0, 38, 教育孩子需要大智慧
26587538, 7.3, 29, 我所亲历的胡风案（全新修订本）
01275521, 6.8, 42, 只有一个地球
11640486, 8.0, 18, 身为教师
04883499, 8.5, 14, 零距离美国课堂
11590080, 8.1, 16, 宽容
18606623, 8.1, 16, 苏联那些人那些事
11589956, 6.4, 50, 设计
01838103, 7.4, 21, 中国思想的底线
02004555, 6.5, 40, 行成于思
01129129, 7.0, 24, 教育病
01088421, 7.2, 20, 性别种族文化(托妮•莫里森的小说创作修订版) (平装)
03008764, 8.0, 12, 抹不掉的记忆
27667921, 7.5, 15, 耶稣也说禅
01852542, 6.4, 32, 反思中国教育
01957980, 5.1, 179, 罗马与长安
06531289, 7.5, 14, 当代文学60年回望与反思
05995562, 7.8, 12, “文化大革命”中的名人之死
02180732, 8.1, 10, 启蒙面面观
25827548, 6.2, 27, 中国的自由传统
05940675, 5.6, 49, 中国的疼痛
01830017, 7.1, 13, 误导与发展
01159815, 7.1, 12, 纸糊的典故
02004489, 6.9, 13, 你到底要什么
10739650, 6.0, 24, 我真的要和他共度此生嗎
01605954, 6.5, 12, 谁“害”了北大学生
03723822, 5.8, 19, 两个人的旋转木马
20375231, 6.0, 16, 女性主义与中国当代文化
01916061, 6.0, 15, 梦断现代性
06535030, 6.6, 10, The Spirit of the Chinese People. with an Essay on &#34;The War and the Way Out
30261973, 3.1, 26, 跟任何人都聊得来
01021048, 0.0, 10, 关于中国社会科学的思考
01011850, 0.0, 11, 先有鸡，先有蛋？：透视中国教育
01739586, 0.0, 11, 科举百年
01876962, 0.0, 11, Desolation Angels
17690736, 0.0, 11, To Save Everything
11532382, 0.0, 14, 我们的学术生态
02039310, 0.0, 16, 沉重的母爱
