2020-07-05 15:59:58

number of books, tag name
171, 叔本华

ID, rating, votes, title
01082154, 9.1, 190795, 活着
01209899, 9.1, 59159, 我与地坛
01043815, 8.4, 151822, 骆驼祥子
01203426, 9.0, 40008, 人间词话
03261600, 9.2, 16419, 人生的智慧
01752755, 8.6, 14328, 第九个寡妇
01004699, 9.0, 6903, 作为意志和表象的世界
01292409, 9.1, 5025, 人生的智慧
25867570, 9.4, 3245, 人生的智慧
03010130, 7.7, 21790, 悲观主义的花朵
01017180, 8.2, 8480, 定位
01783111, 8.7, 3905, 存在与时间
01292412, 9.1, 2281, 叔本华思想随笔
01045201, 8.2, 7548, 哲学的慰藉
01079104, 8.6, 3802, 尼采
03245212, 9.4, 1408, 叔本华思想随笔
05921213, 8.4, 4249, MBA教不了的创富课
06797919, 9.3, 1356, 人生的智慧
03633588, 8.8, 2382, 幸福之路
03463292, 9.2, 1290, 叔本华美学随笔
01116338, 9.0, 1398, 叔本华论说文集
03684193, 9.0, 1288, 叔本华的治疗
01464593, 8.7, 1806, 目标
04036180, 9.0, 1180, 营销管理
01041452, 8.5, 2125, 存在与虚无
03260902, 8.6, 1644, 智慧书
03162179, 8.5, 1682, 一个广告人的自白
25867564, 9.4, 637, 叔本华美学随笔
01027085, 8.3, 2029, 叔本华人生哲学
27204787, 9.2, 702, 人生的智慧
11516567, 8.7, 985, 四步创业法
04323275, 8.5, 1188, 哲学的慰藉
27081974, 9.3, 465, 人生的智慧
25867553, 9.3, 439, 叔本华思想随笔
05419233, 9.3, 437, 叔本华论道德与自由
03869711, 8.1, 1545, 消费者行为学 （第8版·中国版）
02012794, 8.9, 599, 罗素论幸福人生
01039400, 9.0, 531, 叔本华美学随笔
03794450, 8.3, 1120, 细节营销
02004426, 8.8, 639, 叔本华文集：悲观论集卷
03014162, 9.1, 466, 叔本华的治疗
01852677, 8.5, 774, 爱与生的苦恼
01275842, 9.0, 463, 充足理由律的四重根
26608256, 9.9, 217, 鲁迅经典全集1：小说全集
01731081, 9.0, 450, 叔本华论道德与自由
23780616, 8.6, 630, 一个悲观主义者的积极思考
10485841, 8.9, 407, 作为教育家的叔本华
01011617, 8.2, 820, 蔚蓝诡计
25714687, 9.1, 318, 文化战略
01949061, 8.5, 524, 不合时宜的沉思
26651253, 8.3, 641, 人生的智慧
26948431, 9.2, 269, 人生智慧箴言
30215911, 8.7, 418, 人生的智慧
10826978, 8.8, 332, 作为意志和表象的世界
01022230, 9.1, 238, 人生的智慧
01426973, 8.4, 401, 诗人哲学家
30480707, 9.5, 152, 附录和补遗（第1卷）
05937120, 9.2, 185, 叔本华及哲学的狂野年代
26934549, 8.7, 266, 要么孤独，要么庸俗
26309078, 8.8, 236, 人间词话精读
24301821, 8.6, 277, 要么孤独要么庸俗
25870853, 8.4, 319, 叔本华
26640137, 9.2, 157, 作为意志和表象的世界
03165369, 8.3, 340, 叔本华散文
01785680, 8.7, 226, 叔本華的眼淚
01045120, 8.5, 270, 骆一禾诗全编
01010750, 8.7, 223, 伦理学的两个基本问题
04716717, 8.2, 356, 论世间苦难
26889036, 9.2, 133, 人生的智慧
03265171, 8.8, 178, 作为意志和表象的世界
25811092, 8.2, 299, Capital in the Twenty First Century
04742475, 8.5, 223, 凿空
02015536, 8.0, 324, 消费者行为学
26727149, 9.1, 118, 教育家叔本华
03300417, 8.4, 199, 人生为何不同
30475278, 8.3, 207, 《人生的智慧：如何幸福度过一生》作家榜经典文库
01116370, 8.9, 114, 王国维文学论著三种
27135574, 8.0, 247, 孤独读书术
25867566, 8.6, 143, 叔本华论道德与自由
26881206, 8.5, 154, 人生的智慧/西方经典文库系列
01725467, 8.2, 192, 红楼梦评论 石头记索隐(插图本)
26320590, 8.6, 132, 意志决定命运
04872491, 8.1, 194, 叔本华
02250340, 8.8, 105, 嵇康：声无哀乐论
33416576, 8.4, 141, 我的哲学之师叔本华
01940994, 8.8, 102, 叔本华与尼采
01171791, 8.1, 175, 禅外说禅
01476953, 8.0, 192, 生存空虚说
10779305, 8.2, 149, &lt;&lt;红楼梦&gt;&gt;评论
03547881, 7.5, 289, 叔本华
26628295, 8.1, 151, 叔本华哲言录
30276854, 8.1, 146, 一切都在孤独里成全：叔本华的人生智慧
27192110, 8.4, 113, 叔本华传
01011028, 8.1, 141, 沙漏
10523749, 9.5, 52, 人生为何不同
27205488, 7.8, 177, 孤独通行证
26771619, 9.5, 50, 人生智慧录
24879968, 8.2, 114, 作为教育家的叔本华
01056575, 7.9, 146, 风景中的人类
01331647, 8.8, 69, 意志與表象的世界
01806534, 7.0, 367, 行为糟糕的哲学家
10736780, 7.9, 135, 叔本华随笔
27182394, 9.1, 55, 作为意志和表象的世界
01512559, 7.6, 172, 论实证精神
06101303, 8.1, 104, 叔本华谈人生得失
26651257, 8.9, 55, 智慧书：为人处世第一书(中国作家榜官方推荐译本)
04162699, 8.2, 87, 得与失的智慧
30278635, 8.3, 79, 叔本华与梵•高：箴言与绘画
27598709, 9.0, 49, 叔本华哲学随笔
02298185, 8.9, 51, 人生的智慧
01459245, 9.0, 46, The World As Will and Representation (Volume 1)
30276959, 7.9, 95, 建议与箴言
02042485, 7.4, 136, 看电影学销售
24839234, 6.8, 234, 自由意志
32312805, 9.3, 31, 哲学与智慧
30135670, 9.2, 31, 作为意志和表象的世界
34983284, 9.4, 28, 附录和补遗（第2卷）
26854286, 7.5, 99, 叔本华的辩论艺术
26863426, 8.0, 61, 爱与生的苦恼
26986705, 8.8, 36, 人生的智慧
03635768, 8.3, 46, 外国哲学名家丛书
27204788, 8.9, 32, 叔本华论道德与自由
27604131, 8.0, 56, 爱与生的苦恼【精装】
26433320, 7.5, 80, 叔本华论生存与痛苦
27072977, 9.1, 27, 人生的智慧
02561224, 8.7, 33, The Wisdom of Life
01358475, 8.3, 40, 叔本華論文集
25963164, 8.1, 45, 叔本华评传
06714026, 9.5, 20, 叔本华作品集
27075508, 8.4, 30, 作为意志和表象的世界
25741265, 6.6, 119, 叔本华心灵咒语
03735816, 8.2, 31, 叔本华论文集
02041165, 8.9, 21, The World As Will and Representation (Volume 2)
26901061, 7.1, 67, 人生的智慧
30259166, 7.3, 56, 叔本华暮年之思
25835160, 7.8, 36, 叔本华
25981160, 8.4, 25, 人生的智慧
26674043, 8.7, 21, 认识力
26381090, 7.1, 57, 叔本华静心课
01071922, 8.2, 26, 意欲与人生之间的痛苦――叔本华随笔和箴言集
01007860, 7.7, 34, 叔本华散文选
02084033, 7.6, 36, 自然界中的意志
26201902, 7.3, 43, 谈美书简
01813208, 7.3, 40, 人生的智慧
04129213, 7.7, 30, 尼采和主体性哲学
27139174, 7.9, 24, 不堪孤独，就无法脱离庸俗
02560992, 9.4, 12, Nihilism Before Nietzsche
30173831, 7.1, 36, 玩的就是规则
01375555, 7.8, 20, Schopenhauer
01054107, 8.2, 16, 王国维诗学研究
01004246, 7.8, 18, 处世智慧
10049705, 8.8, 11, 人生的智慧箴言
22015389, 7.9, 16, 不灭的灵魂
01360869, 8.6, 11, Essays and Aphorisms
24672994, 7.0, 25, 叔本华的顿悟口诀
01395788, 6.8, 29, 世界大师思想盛宴 （全28册）
03109945, 7.7, 16, 意志及其解脱之路
05937154, 6.9, 22, 叔本华谈意志
30227615, 7.5, 15, 观念力
19986369, 6.9, 21, 听大师讲哲学
30471295, 6.9, 17, 读书与书籍
01076456, 7.6, 11, 选择·接受与疏离
06139725, 7.6, 10, 人生的智慧
30222676, 6.8, 12, 在孤独中修行
10781332, 5.1, 11, 基业常青
02021220, 0.0, 10, 叔本华文集-人生智慧
06779191, 0.0, 11, 叔本华文集
30489663, 0.0, 11, 叔本华与尼采
01322117, 0.0, 14, 意志及其解脱之路
01048027, 0.0, 15, 抑郁的心灵之光 叔本华传
26298566, 0.0, 15, 曼荼罗﹒红（上）
