2020-07-05 15:59:58

number of books, tag name
568, 古典诗词

ID, rating, votes, title
01007305, 9.6, 291292, 红楼梦
01203426, 9.0, 40008, 人间词话
01883245, 9.4, 17420, 诗经
01059258, 9.4, 12589, 道德经精义
03410718, 9.2, 16162, 美的历程
03128104, 8.9, 9188, 游园惊梦
01053088, 9.3, 4332, 陶庵梦忆 西湖梦寻
01040382, 9.0, 5168, 人间词话手稿本全编
01776300, 8.7, 5973, 席慕容诗集
01108762, 9.3, 2563, 诗经
02005705, 9.1, 3191, 唐宋词十七讲
11601199, 9.1, 3146, 人间词话
01393724, 9.1, 3067, 楚辞
01810785, 9.4, 2096, 唐诗三百首
01132550, 9.4, 1919, 宋词鉴赏辞典
01420734, 9.2, 2173, 飲水詞箋校
01081144, 9.3, 1841, 古詩源
01015104, 9.4, 1643, 陶渊明集
01856285, 7.2, 47608, 人生若只如初见
01925933, 8.9, 2306, 浮生六记
03787127, 9.2, 1602, 人间词话
01002513, 9.3, 1429, 詩經注析（全二冊）
01146536, 9.5, 1146, 唐诗三百首
01203523, 9.5, 1032, 唐宋词鉴赏辞典(唐五代北宋)
01961670, 9.3, 1208, 叶嘉莹说汉魏六朝诗
01964773, 8.9, 1879, 论语译注
01910477, 8.9, 1828, 千秋一寸心
25881958, 9.0, 1625, 人间词话七讲
03522118, 9.5, 949, 资治通鉴（全四册）
04917220, 9.3, 1142, 楚辞
01921441, 8.9, 1744, 诗经
02147370, 9.0, 1529, 人间词话
03993392, 9.4, 967, 苏轼词集
03124589, 9.0, 1394, 人间词话
01079309, 9.1, 1241, 人间词话
03286829, 7.9, 5888, 脑髓地狱
10796035, 9.1, 1214, 中国古典诗词感发
03994721, 8.0, 4987, 纳兰容若词传
01317893, 8.6, 2145, 西厢记
01317891, 8.9, 1421, 桃花扇
01770652, 9.2, 1004, 顾随诗词讲记
25744944, 8.4, 2548, 既见君子
01038492, 8.7, 1534, 追忆
02005704, 9.1, 983, 北宋名家词选讲
02139684, 9.2, 866, 南唐二主詞校訂
10482102, 8.0, 3657, 蒋勋说宋词
02775720, 9.1, 931, 叶嘉莹说初盛唐诗
01877096, 8.1, 2892, 花间十六声
03993396, 8.7, 1336, 纳兰词集
01033327, 9.3, 696, 唐宋词鉴赏辞典
01543917, 9.0, 932, 納蘭詞箋注
01062971, 8.8, 1108, 纳兰性德词选
01862115, 7.1, 14171, 当时只道是寻常
03993390, 9.2, 692, 李煜词集
01081778, 9.6, 463, 李太白全集（全三册）
25779213, 8.4, 1590, 蒋勋说文学
26602807, 8.7, 1109, 人间词话
02226332, 9.4, 544, 稼轩词编年笺注(增订本)
03755149, 8.9, 879, 诗词格律
01012560, 9.3, 589, 樂府詩集（全四冊）
01045314, 8.7, 1089, 诗词格律
02005545, 7.3, 7218, 红颜乱
01026532, 9.0, 690, 人间词话
01005619, 9.6, 385, 王维集校注（全四册）
02034127, 7.2, 7946, 陌上花开缓缓归
01931318, 7.0, 10860, 于丹《论语》心得
03009778, 8.6, 947, 纳兰词
05402205, 8.4, 1183, 空灵
01049464, 9.5, 388, 唐诗百话
04714187, 7.4, 4879, 不负如来不负卿
01908517, 7.0, 9970, 思无邪
02052471, 8.7, 788, 诗经别裁
01891441, 9.3, 437, 汉魏六朝诗选
06004479, 9.2, 478, 诗经（上下册）
03843962, 9.1, 520, 宋词三百首
01223808, 9.4, 396, 李白诗选
02039292, 8.8, 695, 迦陵说词讲稿
01507657, 9.2, 455, 小山词
05383915, 7.7, 2629, 只为途中与你相见
01545936, 9.4, 369, 唐宋名家词选
02028082, 9.0, 527, 唐五代名家词选讲
02030606, 8.8, 631, 叶嘉莹说陶渊明饮酒及拟古诗
02049360, 8.8, 627, 南宋名家词选讲
02025893, 8.8, 617, 人间词·人间词话
30252866, 8.9, 545, 花间集
01795374, 8.0, 1525, 莲花次第开放
01982553, 9.1, 446, 古本山海经图说（上下）
01774062, 9.0, 481, 宋词选
01027880, 9.5, 300, 全宋词（共5册）
01958312, 7.5, 2925, 关于方文山的素颜韵脚诗
01030529, 9.2, 385, 李商隐诗选
03993399, 9.0, 456, 李清照词集
02003451, 7.2, 4709, 于丹《庄子》心得
01065258, 9.2, 377, 唐宋词选释
02995251, 8.5, 753, 叶嘉莹说中晚唐诗
19975143, 9.4, 316, 汉魏六朝诗选
03519722, 9.1, 410, 四书五经
03073062, 7.5, 2713, 纳兰词典评
01168976, 9.2, 363, 納蘭詞箋注
01161592, 9.5, 280, 全唐诗（全二十五册）
01975992, 7.8, 1639, 西风独自凉
01435197, 9.4, 294, 李商隐诗选
02027949, 8.8, 496, 漱玉词·断肠词
03183666, 8.8, 491, 风景旧曾谙
01025238, 9.5, 263, 苏轼诗词文选评
01935587, 8.7, 538, 宋诗选注
25942457, 9.1, 364, 唐诗百话（全三册）
01023735, 9.0, 389, 诗境浅说
01254354, 9.3, 298, 庄子集解·庄子集解内篇补正
02382393, 8.9, 424, 叶嘉莹说诗讲稿
01045566, 8.4, 695, 随园诗话（上，下）
03423150, 9.2, 316, 二晏词笺注
01857104, 9.3, 286, 唐诗三百首全解
01773575, 8.3, 747, 花间集
03218229, 7.1, 4172, 陌上花开
04209091, 9.0, 361, 诗境浅说
03794113, 9.1, 325, 唐诗杂论
01029440, 9.3, 273, 苏轼诗选
01040681, 9.5, 232, 先秦漢魏晉南北朝詩（全三冊）
01003584, 9.2, 295, 汉魏六朝诗讲录
07001042, 8.4, 617, 无计花间住
01393733, 9.2, 280, 李煜集
01010286, 8.4, 599, 盛唐诗
19975146, 9.3, 256, 乐府诗选
01122957, 9.3, 238, 纳兰词:线装巾箱本(共2册)--书韵楼丛刊
02103067, 9.4, 217, 苏轼集
01874796, 8.8, 362, 诗经译注（上下）
01543906, 8.7, 398, 古诗十九首与乐府诗选评
01014359, 9.2, 253, 李白诗选
02071209, 8.5, 481, 红楼梦诗词曲赋全解
03278377, 9.4, 211, 淮海居士长短句笺注
06430503, 8.7, 381, 万叶集精选
01988066, 8.6, 419, 词之美感特质的形成与演进
19975139, 9.1, 262, 诗经选
01762505, 8.9, 307, 诗词格律
01140194, 9.3, 219, 唐诗三百首
01536629, 9.2, 236, 陶淵明集箋注
05403734, 9.0, 269, 饮水词笺校
01961661, 8.3, 517, 叶嘉莹说阮籍咏怀诗
01201824, 9.1, 241, 古文观止译注(上下)
01976204, 9.0, 260, 诗词格律概要 诗词格律十讲
03746944, 9.3, 203, 汉魏六朝诗选
05258411, 9.0, 256, 姜夔词集
20406775, 8.4, 439, 人间词话
01046813, 9.0, 249, 先秦诗鉴赏辞典
01223810, 9.2, 205, 杜甫诗选
01095648, 8.4, 421, 白香词谱
26296240, 9.4, 172, 叶嘉莹说初盛唐诗
01892000, 9.2, 200, 杜甫诗选注
01067119, 8.6, 335, 纳兰词笺注
01410360, 8.9, 255, 词学十讲
02149452, 9.1, 215, 唐诗三百首新注
01289022, 9.0, 231, 辛弃疾词选
01055460, 8.4, 398, 诗词格律概要
01546037, 9.3, 180, 唐宋词鉴赏辞典
03056096, 9.1, 210, 诗词散论
01905621, 8.9, 248, 人间词话
01053846, 9.4, 166, 蘇軾詩集（全八冊）
01891934, 9.0, 227, 唐诗选
04133113, 8.8, 262, 楚辞
02031262, 9.2, 185, 宋词三百首全解
01084403, 9.2, 184, 读词偶得 清真词释
03361101, 9.6, 134, 清真集箋注（全二冊）
01021809, 8.2, 440, 诗经植物图鉴
06528558, 8.6, 294, 纳兰词全编笺注
02235829, 9.0, 200, 驼庵诗话
01022229, 7.8, 658, 玫瑰门
27109595, 8.9, 213, 丰子恺漫画古诗词
01891562, 9.3, 155, 唐诗三百首详析
01064205, 9.2, 166, 李清照集校注
10345332, 8.9, 209, 古诗十九首与乐府诗选评
01036179, 9.0, 190, 乐府诗选
05407722, 7.1, 1642, 世间所有相遇都是久别重逢
01228065, 8.4, 311, 万川之月
01963501, 9.4, 135, 不可思议的剖面
03899534, 7.8, 587, 一生最爱纳兰词
01760849, 9.3, 140, 陶淵明集校箋
01027525, 9.2, 147, 曹植集校注
04736008, 9.2, 145, 古诗今选
01223809, 9.0, 167, 白居易诗选
02990320, 9.2, 141, 人间词话
01709390, 9.2, 137, 杜诗镜铨（全二册）
01074472, 9.3, 126, 李贺诗选评
06808345, 7.0, 1468, 人生若只如初见 （增订版）
01020398, 8.2, 314, 唐诗地图
04842455, 8.3, 283, 古典诗的现代性
01545943, 9.1, 142, 兩當軒集
01015063, 8.5, 232, 迦陵论词丛稿
02128011, 6.6, 2859, 惜春纪
01891556, 9.2, 130, 唐诗别裁集（全二册）
03101061, 9.0, 150, 宋词纪事
07015323, 6.8, 1879, 日月
01838327, 8.9, 157, 白话诗品 二十四诗品
01959911, 8.5, 219, 金圣叹评点才子古文
06719924, 7.6, 563, 饰琳琅
01059332, 8.7, 182, 王国维及其文学批评
10752087, 7.0, 1299, 于丹：重温最美古诗词
01084719, 9.3, 114, 饮水词笺校
25996988, 9.2, 122, 苏轼选集
01277728, 9.4, 103, 唐宋诗举要(上下)
04150303, 8.1, 302, 唐诗的唯美主义
01545948, 9.5, 96, 李白集校注(全二册)
01069678, 8.6, 188, 杜甫秋兴八首集说
01875179, 9.0, 136, 韦庄集笺注
01097266, 9.3, 109, 诗词曲语辞汇释 (上下)
01223807, 9.1, 124, 两汉诗选
01637413, 8.5, 200, 纳兰性德词新释辑评
03706207, 8.7, 168, 宋词三百首
01027917, 9.1, 121, 王维诗选
02342839, 7.5, 556, 康震评说李清照
03715379, 8.3, 231, 纳兰词
05997517, 9.4, 96, 唐宋词鉴赏辞典
26296238, 8.9, 135, 叶嘉莹说中晚唐诗
30140448, 7.5, 532, 唐诗的读法
04773104, 7.7, 407, 诗经译注
03563614, 8.6, 164, 中国诗歌艺术研究
02082133, 6.9, 1175, 长安月下红袖香
05388848, 7.9, 308, 簪花的少年郎
04909052, 6.5, 2278, 世有桃花
04009401, 8.7, 146, 一蓑烟雨任平生
01023368, 9.5, 82, 鲁迅全集(9)
01227898, 8.2, 221, 纳兰词注
02015280, 9.1, 105, 苏轼集
02056180, 8.2, 218, 几番魂梦与君同
01198338, 9.1, 103, 人间词话 人间词
01890891, 8.9, 117, 声律启蒙
01208219, 9.0, 108, 唐诗三百首
06313869, 9.4, 82, 人间词话疏证
01894003, 7.6, 379, 昆曲:今生看到的前世
03078137, 7.2, 627, 人间词话典评
26647787, 8.8, 121, 清词选讲
01279928, 9.0, 103, 柳永词
01273744, 9.4, 75, 全唐诗（全二册）
01064536, 8.3, 167, 读词常识
01435199, 8.8, 107, 秦观词选
26872968, 7.8, 258, 宋词背后的秘密
01062740, 8.7, 114, 清词丛论
01326768, 8.7, 113, 南宋名家词讲录
01223806, 8.9, 97, 楚辞选译
06785967, 7.0, 661, 当时只道是寻常 （新订版）
04188010, 8.1, 184, 诗经讲评之风人深致
01880451, 8.4, 141, 唐诗综论
01141524, 9.6, 61, 稼轩长短句
03165653, 8.9, 95, 朱自清《古诗十九首释》手稿(国家图书馆古籍馆特藏名家手稿)
03118140, 9.4, 68, 杜诗详注
01031556, 8.4, 139, 唐宋词名家论稿
03063774, 9.3, 72, 词综
10617729, 8.6, 117, 曹操集
04274461, 8.7, 108, 周邦彦词集
06813950, 9.2, 76, 李义山诗集
04028221, 8.2, 160, 人间词话讲评
03178008, 9.2, 75, 声律启蒙
01223818, 8.7, 104, 谢灵运鲍照诗选
05999402, 7.4, 354, 看诗不分明
03076253, 8.8, 95, 王国维及其文学批评
06121523, 6.7, 924, 在最深的红尘里重逢
01907846, 8.2, 152, 红袖添香婉约词
25975291, 9.3, 67, 唐宋名家词选
26296243, 8.6, 108, 叶嘉莹说陶渊明饮酒及拟古诗
03685507, 7.6, 269, 赵晓岚说李煜
03222416, 8.9, 85, 光宣诗坛点将录笺证（上下）
01435194, 8.7, 98, 杜牧诗选
03413661, 8.7, 98, 纳兰词
01752731, 8.0, 175, 为谁风露立中宵(同一首诗1)
05979761, 9.1, 73, 王国维诗词笺注
03882379, 9.3, 64, 李白诗选
02242845, 7.4, 316, 最是寻常梦
02264927, 8.0, 162, 大学诗词写作教程
02974927, 8.5, 106, 中国最美丽的词
26081620, 9.0, 74, 杜甫秋兴八首集说
03421790, 7.6, 240, 笔底明珠无处卖
04725332, 9.0, 73, 李清照
30185367, 8.8, 82, 驼庵诗话（修订本）
01543858, 9.3, 59, 玉谿生詩集箋注
23757831, 9.3, 59, 许渊冲经典英译古代诗歌1000首（套装共10册）
01818022, 8.4, 109, 词学通论
01524482, 8.6, 92, 南唐二主词新释辑评
01014758, 8.9, 74, 杜牧诗选
06004629, 8.4, 105, 汉魏六朝诗论丛
04261182, 8.6, 90, 梦里不知身是客
04269108, 8.8, 78, 谁道人间秋已尽
01151827, 8.5, 96, 闲坐说诗经
05913109, 7.2, 338, 相见何如不见时
04204416, 7.2, 335, 此生只为一人去
01709356, 8.8, 76, 唐诗三百首新注
26767557, 7.8, 171, 草木缘情
26292871, 8.2, 118, 古诗十九首释
10416491, 9.1, 61, 李贺诗选评
01059178, 9.2, 57, 李贺集
02138987, 6.6, 730, 美人如诗 草木如织
01391613, 9.2, 56, 杜甫集
27000187, 9.7, 42, 王维诗全集:汇校汇注汇评
03204248, 8.9, 67, 三曹诗选
06394566, 8.3, 103, 黄仲则诗选
02017051, 9.3, 52, 李白集
06624346, 8.8, 71, 依然旧时明月
01223814, 8.4, 94, 周邦彦词选
03368860, 8.2, 108, 朱淑真集注
04163920, 8.2, 108, 忆昔花间初识面
30413816, 8.9, 64, 讲给大家的诗经
02333035, 7.9, 138, 如梦蝶恋花(词牌名的古典风情）
05326353, 8.3, 98, 宛如花间
04741211, 6.9, 405, 佳期如梦，爱如胭红
01435191, 8.4, 88, 谢朓庾信诗选
01685356, 9.0, 58, 乐章集
30137044, 9.7, 39, 宋诗选注
01228057, 9.1, 53, 稼轩词注
03758532, 8.8, 64, 唐诗三百首
01871562, 7.8, 134, 中国诗画语言研究
06738680, 9.4, 43, 顾随论学精要
01658959, 9.2, 48, 杜甫诗选注
10564509, 8.4, 81, 月迷津渡
03427199, 8.5, 75, 宋诗精华录
01055165, 7.6, 154, 唐诗植物图鉴
01170255, 9.6, 37, 唐诗选注
01752732, 7.8, 126, 美人如玉剑如虹
01547717, 8.6, 66, 李白诗选评
06758670, 9.2, 45, 苏轼诗文鉴赏辞典
04882064, 8.5, 70, 词学通论
01985838, 8.5, 68, 唐人七绝诗浅释
25881878, 8.7, 59, 古典诗歌吟诵九讲
30142298, 9.4, 39, 诗词散论
26323424, 8.5, 67, 杜诗详注
03034155, 8.8, 54, 郁达夫诗词抄
03313921, 9.5, 36, 白香词谱笺
02342852, 8.7, 57, 海上明月共潮生-名家说唐诗
03161188, 7.8, 113, 诗书生活
03085862, 8.5, 65, 婉约词
01016973, 9.0, 47, 迦陵文集（1-10卷）
01592993, 9.1, 44, 韩昌黎诗系年集释
06891460, 9.4, 37, 诗品集注
05296581, 7.1, 225, 温文尔雅
06007927, 8.9, 49, 顾随讲词曲
01954900, 8.4, 68, 豪放词
05502633, 8.8, 52, 无可奈何花落去
03080562, 9.2, 41, 诗经选
03126848, 6.5, 502, 看电影
01204436, 9.2, 40, 李煜词选注/诗仙词圣精品文库
01967638, 7.2, 192, 康震品李白
02274868, 7.3, 165, 落花人独立
01041174, 8.0, 86, 我的诗词道路
01435193, 8.7, 52, 陆游诗词选
01223815, 8.5, 59, 韦应物诗选
01861052, 7.8, 101, 不携名妓即名僧
03882375, 9.0, 43, 杜甫诗选
04874395, 6.7, 335, 李清照
01144373, 8.3, 67, 李商隐诗选评
03063107, 8.1, 77, 中国现代新诗与古典诗歌传统
26854518, 8.1, 77, 词学胜境
01086857, 8.7, 50, 李清照集
03222738, 6.7, 322, 山月不知心里事
01883246, 9.1, 39, 河岳英灵集注
04163934, 8.5, 56, 此情无计可消除
01967740, 9.0, 41, 汉魏六朝诗选
02221838, 8.3, 64, 诗经全注
01223805, 7.8, 94, 诗经选译
05027252, 9.1, 38, 诗词赏析七讲
01801449, 7.9, 84, 印象盛唐
02015090, 8.1, 71, 唐诗的故事
01311278, 8.4, 57, 影响了我的两百首诗词
01796878, 8.6, 49, 新选唐诗三百首
06808346, 6.5, 377, 观音
01288555, 8.1, 69, 绝妙好词
01062437, 8.8, 43, 陶渊明集全译
26363407, 7.7, 95, 大学诗词写作教程
01022320, 7.5, 113, 红楼梦诗词鉴赏
06879379, 8.9, 40, 诗词赏会
02131779, 8.0, 73, 纳兰性德和他的词
02264591, 9.3, 32, 李璟李煜词
02031133, 8.0, 72, 迦陵诗词稿
03240143, 8.1, 66, 玉溪华年
05401961, 8.7, 44, 诗词例话
01151839, 8.4, 53, 夜阑话韩柳
04258108, 7.1, 162, 此物最相思
01291305, 9.3, 31, 唐诗选
01955113, 8.5, 49, 诗词例话
01021248, 8.3, 56, 赋-国学经典
01211269, 8.9, 38, 李清照词鉴赏
26403761, 6.8, 223, 安得盛世真风流
06536736, 7.7, 87, 今生何世
06822680, 8.6, 45, 炉边诗话
03882380, 8.4, 51, 李商隐诗选
06126813, 7.4, 113, 算来一梦浮生
20373422, 7.1, 144, 陌上花开
04758263, 7.0, 160, 迷人的诗谜
05979764, 8.1, 59, 山谷词校注
01814797, 9.5, 26, 王摩诘文集（共2册）
06433149, 6.6, 259, 染花集
01910475, 7.8, 72, 唐宋词名篇讲演录
02080341, 8.9, 34, 二十四诗品译注评析
26802540, 8.5, 43, 苏辛词说
25904381, 8.2, 52, 唐宋词名家论稿
04737387, 8.0, 60, 玉楼明月长相忆
03227830, 8.3, 47, 壮哉唐诗
02342851, 8.1, 53, 似曾相识燕归来-名家说宋词
26439850, 8.7, 36, 闻一多说唐诗
06721568, 8.8, 34, 宋词鉴赏辞典
03421789, 7.0, 136, 忆昔花间相见时
04902421, 8.3, 45, 人面桃花相映红
01035306, 8.8, 33, 李白诗选
30139524, 9.7, 21, 赏词如风(王立群品读经典诗词Ⅰ)
20433994, 8.1, 50, 李商隐选集
30394416, 8.7, 34, 纳兰词
02331311, 7.8, 61, 李清照集
05277889, 8.5, 37, 韶华不为少年留
03653424, 7.9, 55, 此物最相思─古典詩詞的愛情體驗
03115713, 9.4, 23, 迦陵论诗丛稿
03203904, 9.4, 23, 汉语诗律学（增订本）
01897343, 8.4, 39, 名篇词例选说
01895112, 9.2, 25, 唐诗鉴赏
03915328, 7.3, 89, 流年梦惆怅
05992244, 7.4, 80, 笑看沧海欲成尘
04821757, 8.1, 46, 張孝祥詞校箋
26081645, 8.2, 43, 迦陵论诗丛稿
05417385, 9.0, 27, 陈维崧集（全三册）
03713245, 8.3, 40, 词林正韵
03556020, 8.5, 35, 李璟李煜集
02224531, 9.5, 21, 历代词萃
01861047, 7.7, 60, 一钩新月天如水
26921744, 7.2, 91, 与诗书在一起
03239552, 8.7, 30, 易草离
03023267, 7.0, 102, 莫道不销魂
04737378, 8.0, 43, 长恨此身非我有
02367290, 6.9, 110, 宛在水中央
01155761, 8.1, 40, 唐宋诗词鉴赏
01942722, 8.3, 35, 俞平伯论古诗词
11637889, 6.8, 120, 一本书读完最美古诗词（上.下）
10344721, 8.8, 26, 李商隐诗选
01021526, 8.3, 34, 禅思与诗情
10518870, 9.0, 23, 李煜全集
25975282, 8.3, 33, 唐五代词选注
01861041, 8.1, 37, 各领风骚数百年
01988166, 7.7, 48, 宋词之旅
10456780, 7.3, 65, 读宋诗随笔
01139501, 8.8, 24, 王维诗集笺注
03112442, 7.9, 39, 且听风吟
10440971, 8.1, 34, 最美的宋词
25761193, 8.1, 34, 唐诗十家精讲
05943277, 9.2, 19, 人间词话
05505001, 8.4, 28, 隔花人远天涯近
01524656, 7.9, 38, 李清照词新释辑评
10794530, 8.5, 26, 唐宋名家词选
02277559, 6.8, 93, 一人独洒一江愁
01029331, 8.2, 30, 诗经全注
03397134, 7.4, 52, 宋词说宋史
06121435, 7.2, 61, 你可记得我倾国倾城
21319531, 6.8, 89, 一种相思两处愁
27604113, 7.3, 55, 一本书读懂经典古诗人
01159434, 8.8, 21, 词谱简编
10455736, 8.8, 21, 宋诗鉴赏举隅
01940918, 7.0, 69, 我生之初尚无为
01686415, 8.1, 30, 高适岑参诗选
01767053, 8.1, 30, 紅毹紀夢詩注
03882376, 8.1, 30, 辛弃疾词选
01940904, 6.9, 71, 刘扬体细解经典中的爱情
03062938, 7.9, 32, 宋诗别裁集
01029709, 8.1, 28, 词林观止
07065490, 6.6, 94, 宋词排行榜
02287383, 9.2, 16, 诗人玉屑
01606402, 8.8, 19, 王右丞集 孟浩然集
03882378, 8.5, 22, 白居易诗选
01882430, 7.4, 44, 诗情史意
26975789, 7.2, 51, 中国诗词大会
01875553, 9.5, 14, 风景旧曾谙
01446630, 8.0, 28, 李清照
01218467, 7.5, 39, 三曹诗选评
01030320, 6.9, 64, 宋词地图
01708154, 8.7, 19, 陶渊明
01223816, 7.9, 29, 高启诗选
25769823, 8.9, 17, 唐宋词选读百首
03692418, 6.3, 117, 锦堂风月落花尘
05245616, 7.8, 30, 红楼诗梦
03994574, 6.2, 130, 香草美人志
34453463, 8.3, 22, 珠玉词
03988287, 6.5, 87, 佳期杳如年
25536507, 7.7, 31, 多少事  欲说还休
01287263, 7.7, 30, 宋诗精选
01271065, 8.4, 20, 古今文学名篇(上下)
02197396, 8.4, 20, 唐宋词流派史
01411949, 8.5, 19, 唐宋词精选
01958807, 8.5, 19, 古今诗文精粹丛书
06894782, 7.0, 50, 阑珊集
03882377, 8.8, 16, 杜牧诗选
03069056, 9.1, 14, 劍南詩稿校注
26374169, 9.1, 14, 柳永词选
01078920, 8.4, 19, 花间集全译
06832332, 6.0, 143, 唐诗排行榜
02175487, 8.0, 23, 诗经 楚辞
06041679, 7.0, 45, 当代诗坛点将录
05375948, 7.8, 25, 古代诗词三十讲
26355936, 8.6, 16, 王维诗
06958016, 6.8, 50, 纳兰容若词传仓央嘉措诗传 大全集
01073719, 8.6, 15, 中国诗史
01762262, 8.7, 14, Eureka
01445675, 7.2, 31, 红楼梦诗词赏析
01427193, 7.8, 21, 一蓑烟雨任平生
01063023, 8.6, 14, 罗洪小说：薄暮的哀愁
03882373, 8.3, 16, 龚自珍诗词选
06435272, 8.3, 16, 诗词赏会二集
04920584, 8.4, 15, 诗律详解
03229883, 7.1, 32, 词牌故事
30304853, 8.1, 17, 麒麟之志
03654845, 9.1, 11, 宋四家词选
01880458, 7.6, 22, 唐代歌行论
26974760, 9.3, 10, 诗游记
05397217, 7.8, 19, 古诗一百首
01811137, 7.6, 21, 断肠芳草远
01072604, 8.1, 16, 金元明清词选
02081470, 7.5, 22, 诗与文化心灵
01391605, 8.7, 12, 高适集·岑参集
01169693, 8.5, 13, 读词入门
03220085, 8.5, 13, 岁寒居说词
20591636, 8.5, 13, 李贺诗
06509583, 8.9, 11, 苏轼诗词选注
02209306, 7.8, 18, 对联入门
03242828, 6.8, 35, 穿越唐诗宋词
04035329, 6.4, 49, 此情须问天
25745911, 8.1, 15, 王国维诗词笺注
26602815, 8.1, 15, 唐诗讲演录 唐五代词概说
26647279, 8.2, 14, 黄仲则诗选注
03839669, 6.6, 39, 诗经解读
04908981, 6.3, 52, 别笑，一本正经的文言文
27175458, 6.7, 34, 看诗不分明（增补本）
03990483, 7.6, 18, 清代北京竹枝词（十三种）
26853758, 7.5, 19, 柏桦唐诗三百首
10440056, 8.2, 13, 最美的唐诗
02109906, 8.2, 12, 红楼梦诗词赏析
03798158, 7.6, 16, 沈祖棻:赏析唐宋词(扬之水·黄家喜书法插图)
03715848, 7.3, 19, 是谁，在我的宋词里轻舞飞扬
10571213, 7.6, 15, 古体诗律学
01721932, 8.0, 12, 李白
01826089, 7.1, 19, 新兴与传统
05373548, 6.8, 23, 纳兰词解读
27074613, 6.2, 38, 独自流浪在沉默的边缘
03882371, 6.9, 21, 李清照诗词选
01538824, 7.0, 19, 唐名家诗导读
06813274, 6.2, 34, 纳兰词话
25806575, 5.1, 142, 世有桃花
11622275, 6.6, 23, 才下眉头，却上心头
01446631, 7.5, 13, 苏轼
24708173, 6.3, 29, 所有的美好
01935246, 7.4, 13, 元曲选评
21351549, 6.8, 17, 陶渊明的文学世界
03882374, 7.4, 12, 陆游诗词选
01077464, 7.2, 13, 千家诗插图珍藏本
06114638, 6.2, 26, 云中谁寄锦书来
10740845, 6.4, 17, 相思树上合欢枝
10518156, 6.5, 15, 向来痴·从此醉
01636628, 6.4, 16, 柳永及其词之论衡
03451536, 6.7, 12, 落日楼台一笛风
11588692, 6.5, 13, 愿得一心人
01815814, 6.0, 17, 诗情画意总关禅
10539394, 6.0, 17, 柳永
06962883, 6.0, 14, 最美不过诗经II
05940402, 5.1, 34, 几个忘了爱的词牌
06386788, 5.7, 11, 慢讀 宋詞
03163923, 0.0, 10, 宋词解读
07002595, 0.0, 10, 词律综述
11533188, 0.0, 10, 一生最爱人间词
11534339, 0.0, 10, 白居易与日本古代文学
30179302, 0.0, 10, 千载有余情--周汝昌赏会古典诗词(上下)
01609067, 0.0, 11, 唐诗解（上下）
01802068, 0.0, 11, 爱情韵语
03346234, 0.0, 11, 通志堂集
01011102, 0.0, 12, 律诗三百首(图文本)
01107522, 0.0, 12, 中华古词观止
01052836, 0.0, 13, 中诗英韵探胜
03824054, 0.0, 16, 烟花散尽在何处
