2020-07-05 15:59:58

number of books, tag name
455, 古典音乐

ID, rating, votes, title
25862578, 8.5, 642221, 解忧杂货店
06388661, 8.8, 56131, 这些人，那些事
01291204, 9.4, 6399, 哥德尔、艾舍尔、巴赫
01186392, 8.7, 10622, 约翰·克利斯朵夫
01949679, 8.7, 10531, 素履之往
01092149, 8.7, 9379, 梵高传
01181690, 8.7, 4614, 傅雷家书
10590165, 9.4, 1494, 聆听音乐
01875227, 8.9, 1853, 交響情人夢(07)
03095037, 9.1, 1447, 听音乐（插图第6版）
01779243, 8.9, 1724, 摄影构图学
01536776, 9.1, 1091, 拜厄钢琴基本教程
26584734, 8.1, 2343, 乐之本事
01824613, 9.3, 587, 约翰·克利斯朵夫(两册)
01085660, 8.0, 2587, 尽管去做
25829051, 8.1, 1804, 与小泽征尔共度的午后音乐时光
01530822, 9.4, 422, 巴赫初级钢琴曲集
01322264, 7.8, 2310, 陈丹青音乐笔记
02266339, 8.7, 689, 贝多芬传
25894807, 9.6, 287, 西方文明中的音乐
04215454, 7.9, 1688, 外国音乐在外国
10442281, 8.2, 1084, 她比烟花寂寞
30285035, 7.9, 1548, 蜜蜂与远雷
04238217, 9.1, 391, 游艺黑白（上下）
26688765, 9.3, 321, 论巴赫
06785551, 7.7, 1698, 我在回忆里等你
03645098, 8.7, 503, 生活在音乐中
01059690, 8.5, 600, 辛丰年音乐笔记
01020207, 8.7, 488, 贝多芬传（插图珍藏本）
01428307, 9.3, 273, 西方文明中的音乐
01038703, 7.8, 1311, 音乐影响了我的写作
24851599, 7.1, 3783, 知日·断舍离
01209594, 9.4, 230, 莫扎特钢琴奏鸣曲集
01773585, 9.5, 209, Godel
01116305, 9.3, 228, 论钢琴表演艺术
03432785, 9.3, 228, 西方文明中的音乐
25762729, 8.6, 411, 四月是你的謊言 01
07007774, 7.7, 1153, 没有意义就没有摇摆
27085977, 8.6, 384, 极简音乐史
02032347, 8.8, 317, 怎样欣赏音乐
01005381, 8.7, 347, 音乐圣经
01198520, 8.5, 408, 北方人的巴赫
02247444, 9.1, 221, 勋伯格和声学
01492685, 9.1, 216, 作曲基本原理
01122587, 9.2, 189, 阿劳谈艺录
01010587, 8.1, 495, 古典作曲家排行榜
01096037, 9.7, 124, 肖邦夜曲
33426136, 9.1, 192, 音乐的极境
01076234, 8.7, 268, 人类的音乐
01440188, 8.7, 261, 在音乐与社会中探寻
03423381, 8.7, 256, 不可思议的惊奇
02024848, 8.6, 279, 约翰·克里斯朵夫
01031144, 7.7, 737, 音乐笔记
02294572, 8.6, 274, 管风琴手记
25803500, 7.7, 722, 古典音乐的巨匠时代（1685—1897）
01063414, 9.0, 192, 简明牛津音乐史
34978358, 9.0, 172, 余下只有噪音
25917406, 8.7, 220, 音乐神童加工厂
24855915, 8.7, 217, 格伦·古尔德谈话录
25928734, 9.0, 169, 古典风格
01033034, 8.4, 281, 与傅聪谈音乐
01226672, 7.6, 667, TOEFL词汇词根+联想记忆法
05914557, 8.9, 176, 伟大指挥家
27621033, 8.5, 247, 白鸟之歌
26952431, 7.4, 814, 穿T恤听古典音乐
30247531, 9.3, 124, 听音乐（全彩插图第11版）
02322220, 9.4, 115, 中国古典音乐历年黄金年鉴(6CD+1书册)
01536733, 8.9, 166, 论钢琴演奏
25984621, 9.2, 131, 樂之本事
26931364, 8.0, 373, 如何听懂音乐
05344916, 8.7, 181, 上帝送我一把小提琴
01084976, 8.0, 350, 狂恋大提琴
25894782, 8.6, 194, 不朽的钢琴家
04716640, 8.0, 340, CD流浪记
02133516, 9.3, 109, 和声的结构功能
34796171, 9.3, 107, 游艺黑白
01092163, 8.0, 316, 西方音乐通史
01446301, 8.1, 276, 丰子恺谈音乐
01434526, 8.9, 134, 富特文格勒的指挥艺术
05299805, 7.9, 331, 写意巴洛克
04060765, 7.8, 367, 纽约时报古典乐评精选
23781718, 9.0, 123, 古典音乐
02029857, 8.0, 288, 音乐逸事
04913076, 8.1, 255, 书生活
25750940, 8.1, 249, 想乐
01329697, 8.2, 223, 西方音乐史
01445750, 8.3, 195, 乐迷闲话
26666877, 9.4, 84, 古典风格
01075651, 7.5, 448, 音乐欣赏十五讲
26265059, 9.0, 109, 练琴
03665239, 8.6, 144, 驯服的艺术
03054847, 8.9, 114, 作为戏剧的歌剧
01175627, 8.5, 155, 论音乐的美
27085617, 8.6, 141, 音乐与情感
01130234, 9.2, 89, 牛津简明音乐词典
10488490, 9.3, 81, 勋伯格：风格与创意
05309521, 9.2, 84, What to Listen For in Music
01390172, 9.1, 89, 键盘上的反思
02551289, 9.1, 89, Listening to Music
06920204, 8.3, 163, 忆马勒
06851010, 7.9, 237, 孩子学钢琴，父母先上课
27068380, 8.1, 193, 重要的是音乐
01127432, 8.8, 107, 乐理自学指南
01232499, 7.8, 258, 基本乐理简明教程
26991500, 7.5, 358, 古典音乐简单到不行！
30434839, 8.7, 114, 我的瓦格纳人生
03169788, 8.8, 105, 三联爱乐·2007年第1期
02334673, 8.2, 171, 女钢琴师的心灵之旅
01941440, 8.0, 206, 莫扎特的成败
30383423, 8.7, 111, 为什么是马勒？
01437446, 8.4, 137, 我的青年时代
30339403, 8.9, 93, 聆听音乐（第七版）
01935991, 8.6, 114, 傅雷与傅聪谈音乐
07004460, 9.0, 85, The Secret Piano
01796853, 8.4, 132, 修补裂痕
01440191, 8.3, 143, 萧翁谈乐
10784838, 9.1, 78, 钢琴大师教学笔记
04864801, 7.5, 305, 最美的音乐史
25831800, 8.9, 87, 我的第一本古典音乐书
01138197, 8.8, 92, 涅高兹谈艺录
01464418, 8.5, 114, 琴恋
25900773, 9.3, 65, 二十世纪音乐
06085413, 7.1, 469, 法国文人相轻史
01033392, 8.2, 143, 瓦格纳戏剧全集（上、下册）
01026646, 8.3, 131, 音乐圣经
03895264, 9.7, 50, 巴赫演奏指南
01037101, 7.3, 345, 谁杀了古典音乐
01031331, 8.9, 80, 古斯塔夫·马勒
01439288, 8.9, 78, 春风风人
06977590, 9.1, 68, 我的第一本古典音乐启蒙书
02249275, 8.8, 83, 指挥家的境界
02270333, 9.0, 72, The Rest Is Noise
04109147, 9.0, 72, 音乐分析法
01050124, 8.0, 156, 瓦格纳寓言
27054018, 6.9, 544, 古典音乐说明书
25802943, 7.6, 228, 童子与魔法
01194876, 9.1, 66, 东亚乐器考
01536744, 8.9, 75, 钢琴演奏技巧
01075642, 8.7, 85, 莫扎特：音乐的神性与超验的踪迹
10761240, 8.2, 121, 古典作曲家排行榜
01810022, 8.2, 120, 看听读
01771304, 8.5, 94, 欧洲中世纪音乐
10571762, 7.6, 207, 音乐的极境
26260326, 8.9, 69, 伟大指挥家
07153481, 9.0, 64, 灵魂与呐喊
30133721, 7.3, 273, 穿T恤听古典音乐：巨匠时代
25837032, 8.4, 95, 音乐的容器
34907856, 9.3, 50, 贝多芬传
30290327, 9.2, 52, 乐迷闲话
01905729, 8.9, 62, 音乐美学观念史引论
25758648, 7.9, 133, 我为什么要练琴
01536735, 7.6, 177, 西方音乐史
27012115, 8.0, 121, 文学的阅读
03198589, 9.8, 37, 拜厄钢琴基础教程
26799155, 9.3, 47, 浪漫音乐：十九世纪欧洲音乐风格史
01854780, 9.2, 49, 律学
06847502, 7.6, 164, 古典音乐一本通
01794180, 8.7, 66, 世界名曲欣赏·上·德奥部分
02159625, 8.4, 79, 三联爱乐·2007年第3期
03668684, 9.7, 35, 巴赫平均律钢琴曲集
06395948, 8.0, 103, 音乐的故事
06728871, 8.3, 81, 西方古典音乐入门
01647096, 8.0, 102, 孤独与超越:钢琴怪杰古尔德传
01091124, 9.1, 47, 卡尔·弗莱什回忆录
26896944, 9.1, 47, 傅雷谈艺录（增订本）
25954581, 8.9, 53, 有生之年非听不可的1001张唱片（第8版）
01098246, 9.2, 44, 巴赫法国组曲
01108903, 8.3, 79, 与钢琴大师在一起的岁月
01078986, 8.7, 59, 外国音乐辞典
02222544, 9.1, 46, 遊藝黑白：世界鋼琴家訪問錄（下）
01188789, 8.0, 98, 李斯特论肖邦
26874238, 7.2, 211, 呼吸
10527659, 7.7, 126, 我的音乐笔记
06010200, 7.9, 104, 莫扎特论
01919210, 7.8, 113, 莫扎特家书
01320251, 8.9, 50, 俄罗斯作曲家与20世纪
10545543, 9.1, 44, 莫扎特和他的歌剧
26986170, 8.9, 49, 古尔德读本
01768005, 8.4, 67, 乐迷闲话
02372479, 8.2, 77, 歌剧与观念
01288417, 7.7, 115, 基本乐理通用教材
01905746, 8.8, 50, 音乐史学原理
30701501, 9.6, 32, 两百年来的古典音乐
07051733, 8.0, 87, 热爱音乐
01029851, 7.4, 148, 巴赫传
01061036, 8.2, 73, 贝多芬：伟大的创造性年代
25744655, 8.4, 63, 间奏：余华的音乐笔记
11599398, 7.4, 145, 古典音乐日课书
01023510, 7.8, 99, 肖邦画传
03774799, 9.1, 40, 新编世界名曲欣赏
01759370, 9.6, 30, The New Grove Dictionary of Music and Musicians
34660108, 9.0, 41, 珍珠·松香·夜莺·序列
03660163, 7.5, 123, 纽约时报歌剧评论精选
27178525, 7.8, 92, 我该几时鼓掌
30173541, 8.1, 72, 乐读(古典音乐漫游指南)
01391532, 9.6, 29, 论贝多芬交响曲的演出
01063615, 7.9, 81, 贝多芬传（罗曼.罗兰著)
24696880, 7.9, 81, 听不完的历史
01121770, 8.2, 64, 音乐门铃
25925205, 8.8, 43, 书信里的辛丰年
01456117, 8.3, 59, 指挥生涯——我的游学随笔
01071433, 7.5, 113, 巴赫
26756122, 7.4, 124, 我是你的莫扎特：莫扎特书信集
26148513, 8.6, 48, 音乐诗学六讲（修订版）
01046138, 7.2, 151, 莫扎特传
01248312, 7.7, 92, 悲怆交响曲
01179719, 7.8, 82, 最后的浪漫主义者
01811801, 7.8, 82, 冷鋒指揮家
06711927, 7.5, 106, 电影×音乐
01135029, 8.2, 59, 肖邦的创作
26900364, 9.0, 35, 罗曼·罗兰音乐笔记
01184211, 8.7, 41, 歌德与贝多芬
04860605, 7.8, 77, 钢琴笔记
27107546, 8.0, 65, 古典音乐那些人
30230904, 8.2, 55, 意义的边界
01157475, 7.8, 74, 古典音乐
27107556, 8.2, 54, 古典音乐那些事
01617794, 9.0, 33, 莫扎特钢琴奏鸣曲 钢琴/内田光子5片装(CD)
34993142, 9.0, 33, 天堂城堡中的音乐
01062189, 8.0, 60, 弦裂：柏林爱乐乐团首席小提琴家斯特恩回忆录
27054497, 7.0, 148, 古典音乐一下就听懂！
01084709, 8.3, 48, 弗朗茨·舒伯特及其时代
21690526, 7.9, 63, 名字之歌
03220317, 8.3, 47, 樂來樂想
30251531, 8.0, 57, 星船与大树
30299367, 9.1, 29, 辛丰年音乐文集
27131699, 7.0, 139, 贝多芬的头骨
01036441, 8.2, 48, 贝多芬传
01148216, 7.5, 82, 卡拉扬访谈录
03118074, 9.1, 28, 新版唱片聖經
02158245, 9.0, 29, 舒曼论音乐与音乐家
26314560, 8.3, 43, 音樂大歷史
01038590, 8.1, 49, CD流浪记
24735284, 8.0, 52, 音乐中的伟大性
34947486, 8.6, 35, 音乐迷醉指南
03434991, 9.3, 24, 爱乐 2008 第3期 瓦格纳歌剧
27100497, 8.3, 41, 缺失的档案：顾圣婴读本
10521797, 7.4, 81, 巴赫的烟斗
01055079, 7.8, 58, 歌剧:一种新的聆听方法
30188011, 8.0, 49, 音乐文章写作指南
01178416, 7.3, 86, 瓦格纳
01751770, 7.3, 86, 德国音乐地图
30289503, 8.9, 28, 处处有音乐
01290147, 7.6, 65, 50经典歌剧
30276266, 9.6, 20, 中世纪音乐
11611486, 8.3, 39, 鎏金舞台
02120746, 7.9, 51, 德彪西
02347696, 8.5, 34, 读音乐
01127450, 8.7, 30, 李斯特音乐文选
11622732, 8.1, 43, 静默的音乐
02075790, 7.7, 57, 琴语人生
01291796, 7.5, 67, 经典音乐故事
01118439, 7.1, 96, 西方音乐史简编
02054562, 8.8, 28, 李斯特
05938866, 9.1, 24, 巴斯蒂安成人钢琴教程第一册
01034272, 7.5, 66, 莫扎特
03333603, 7.4, 70, 肖邦不住17号
25986613, 7.9, 47, 雅纳切克私信集
02000834, 8.9, 25, 音乐的人文诠释
06876907, 8.4, 32, 亲爱的阿尔玛
01964837, 9.1, 22, 李斯特论柏辽兹与舒曼
06938430, 9.4, 19, 小提琴之梦
02030229, 7.2, 75, 乐游德意志
06989173, 8.2, 35, 剑桥西方音乐理论发展史
10560884, 9.5, 18, 怎样练习小提琴的运弓
25918031, 7.4, 62, 聆听巴赫
26358690, 7.4, 62, 音乐的历史
26712908, 8.1, 37, 音乐至上：里卡尔多·穆蒂自传
11626960, 7.0, 85, 我和郎朗30年
01010208, 7.6, 50, 因为古典，所以音乐
02057713, 9.4, 18, Music in Western Civilization
06394704, 7.5, 53, 请赴音乐的盛宴
01019332, 7.7, 45, 唱片里的世界
03697488, 7.6, 48, 灵魂深处的乐思
03116895, 7.8, 41, 勃拉姆斯
05261672, 7.6, 47, 音乐之神
01983188, 7.1, 71, 莫扎特的德意志兰
01066432, 8.1, 33, 音乐气质
01156401, 8.2, 31, 萨蒂
02270280, 8.0, 35, 爱乐 2007 第4期
25760446, 8.3, 28, 莫扎特神灯
01291496, 8.5, 25, 音乐圣经.CD辞典
05248483, 9.3, 17, Listen to This
01219873, 8.0, 33, 房龙讲述音乐的故事
01779158, 8.7, 22, 德奥古典音乐大师经典指南
03250136, 7.0, 68, 朝圣
01003918, 7.4, 48, 马勒传
02256434, 8.7, 21, 周广仁钢琴教学艺术
01199275, 8.8, 20, 西方文化中的音乐简史
01043324, 8.5, 23, BBC音乐导读
34947566, 9.0, 18, 听音乐（普及版）
26273817, 7.3, 50, 音乐影响了我的写作
01195003, 7.3, 49, 马勒
01852291, 7.3, 49, 基本乐理教程
02354859, 8.3, 25, 音乐欣赏
24851717, 7.2, 53, 缪斯的歌唱
01291759, 8.1, 28, 悲情柴科夫斯基
01019571, 7.5, 41, 古典CD鉴赏
24284799, 8.8, 19, 凤凰咏
30292202, 8.8, 19, 冬夜繁星：古典音乐与唱片札记
04208610, 6.7, 82, 与卡拉扬相伴的日子
06999403, 9.1, 16, 聆听贝多芬
25812905, 7.3, 45, 夜莺障碍
07067421, 8.4, 22, 贝多芬
01074964, 6.5, 95, 贝多芬之魂
10588855, 7.3, 44, 隐秘的肖邦
01167345, 8.2, 24, 牧神午后
01182354, 8.2, 24, 小提琴的名琴
01463239, 7.0, 56, 李岚清音乐笔谈
03365511, 8.1, 25, 爱乐(2008年第4期)
26276006, 7.7, 32, 不朽的小提琴家
01390933, 8.3, 22, 飞跃高加索的琴韵
01431037, 7.7, 31, 拉威尔画传
27602653, 6.1, 139, 认识古典音乐的40堂课
26415528, 8.0, 25, 我的音乐世界
02263830, 7.4, 37, 古典音樂簡單到不行！
01432047, 9.2, 14, The Great Pianists
25756210, 6.5, 82, 巴托克：独自对抗第三帝国
33389979, 9.0, 15, 近世西洋十大音乐家故事
30261634, 7.7, 29, CD流浪记
01322234, 6.6, 71, 听音小札
04582369, 7.8, 27, 乐话·音乐通论
06010202, 7.8, 27, 作曲家的人格声音
04847300, 7.2, 41, 爱因斯坦的小提琴
01035744, 7.5, 32, 世界大音乐家与名曲
01036401, 8.0, 23, 吉尼斯古典音乐大师
06957578, 6.8, 55, 钢琴欣赏十八讲
01988143, 7.2, 39, 一生必知的100年流行音乐经典
02044980, 6.9, 50, 拉赫玛尼诺夫画传
01019864, 7.6, 29, 不朽的人与乐
01491060, 7.9, 24, 命运夺走我们的一切
01427207, 7.8, 25, 李重光基本乐理书面作业习题集
26688854, 8.6, 16, 音乐中的思想
01948899, 6.4, 76, 莫扎特的爱与死
30124809, 7.3, 33, 音乐如何可能？
30311901, 8.3, 18, 十指魅影
01081795, 7.5, 28, 谈乐录
30156463, 7.3, 32, 莫扎特传
01167085, 8.8, 14, 柴科夫斯基论音乐与音乐家
01253264, 7.7, 24, 西方音乐体裁及形式的演进
01194920, 7.9, 21, 群鸟之歌
01054956, 7.6, 25, 歌剧经典
03724339, 8.4, 16, 小提琴八大名家的演奏
27034254, 5.8, 141, 古典音乐就是这样子！
01368393, 7.7, 23, 傅雷音樂講堂－認識古典音樂.
01659046, 8.5, 15, 西方音乐欣赏
01010158, 7.6, 24, 音乐大师和唱片
25766383, 8.1, 18, 听音乐：音乐欣赏教程（影印第7版）
01263924, 7.4, 27, 你不可不知道的音乐大师及其名作
26877989, 8.2, 17, 命运的叩门
03054804, 7.8, 21, 音乐作品的想象博物馆
01065730, 8.0, 18, 音乐之门
20390277, 7.8, 20, 民国音乐
01095484, 7.7, 21, 青草课本
01754440, 8.2, 16, 西方早期合唱艺术
05037390, 8.3, 15, 弗朗茨·李斯特的钢琴大师班：1884年-1886年奥古斯特·戈莱里希的日记记载
05264827, 6.6, 46, 音乐与建筑
01320641, 7.2, 28, 贝多芬钢琴奏鸣曲研究
24696776, 8.6, 13, 不亦乐乎集：乐苑雅趣逸史①
01074238, 7.1, 30, 巴赫传
01194995, 7.7, 20, 罗伯特·舒曼
01059292, 8.4, 14, 剧场的魔术师歌剧赏析
06711070, 7.6, 21, 经典音乐如是说
01881236, 7.5, 22, 瓦格纳乐剧《尼伯龙根的指环》思想寓意研究
04817910, 8.7, 12, 顧爾德：琴鍵上的秘密
01033204, 7.2, 26, 此恨绵绵：帕格尼尼的一生
01121073, 8.0, 16, 西洋音乐名作故事
01194998, 6.5, 45, 克拉拉·舒曼
24701904, 7.5, 21, 拉赫玛尼诺夫
34454084, 8.1, 15, 橄榄古典音乐03·肖邦简史
30218370, 6.9, 31, 橄榄古典音乐02：音乐会观赏指南
01116103, 8.8, 11, 音乐百科词典
26276009, 6.7, 36, 不朽的大提琴家
03344274, 8.2, 14, 音乐风格的艺术原则
02019068, 7.8, 17, 音乐朝圣进阶
03375010, 7.8, 17, 海顿
26015351, 7.5, 20, 柴科夫斯基和他的世界
30230488, 9.0, 10, 宁静乐园
26011992, 7.4, 21, 音乐无疆
01505811, 8.0, 15, 时空重组（上册）
01803175, 6.3, 49, 马友友的音乐人生
01043656, 8.1, 14, 圆舞曲之王
01271423, 8.1, 14, BBC音乐导读6  贝多芬  交响曲
02236202, 6.7, 33, 欧洲音乐简史
03900709, 7.9, 15, 三联爱乐·2008年第5期
03596648, 7.1, 24, 我的生平
25745097, 6.8, 29, 柴可夫斯基传
02139909, 7.1, 23, 有声唱片的无声世界
01194997, 7.7, 16, 巴托克
01280187, 7.7, 16, 俄罗斯当代著名钢琴家特写
10530042, 7.3, 20, 克拉拉·舒曼情史
26611517, 7.2, 21, 西方古典音乐入门
01675353, 7.0, 24, 西方古典音乐欣赏指南
02994409, 8.4, 11, 莱蒙钢琴练习曲
01065671, 7.3, 19, 古典音乐
01181384, 7.8, 14, 普契尼
01918977, 7.8, 14, 贝多芬 弦乐四重奏
05405039, 7.8, 14, 伯恩斯坦名家谈
26241901, 8.1, 12, 帝国飞散变奏曲
01103763, 7.4, 17, 弓弦之王
01707783, 7.4, 17, 3天了解古典音乐
01494461, 7.5, 16, 肖斯塔科维奇
01672175, 7.1, 20, 音乐处方
06887764, 6.1, 45, 歌剧欣赏十八讲
24722477, 8.2, 11, 枝繁叶茂
10588856, 6.8, 24, 弹出来的亨德尔
01508907, 7.3, 17, 音乐美学
01881416, 7.3, 17, 曲式分析基础教程
01506559, 7.2, 18, 初恋音乐-古典也流行-流行也精彩（全两册）
01081882, 7.0, 20, 名曲的诞生
02999951, 7.0, 20, 舒伯特
25783999, 7.0, 20, 音乐的故事
01195005, 7.9, 12, 柴科夫斯基
01005059, 7.3, 16, 维也纳古典的乐圣 维也纳古典乐曲赏析
01130212, 8.0, 11, 管弦乐总谱读法
01067436, 7.8, 12, 浪漫派的巨星 浪漫派乐曲赏析
01194357, 7.6, 13, 小提琴之王
06752920, 6.5, 26, 音乐问题如数家珍
01070501, 7.0, 18, 吉尼斯经典唱片1000张
04012757, 7.3, 15, 普罗科菲耶夫
01046048, 6.7, 22, 古典音乐小百科
01228786, 7.7, 12, 明清间的中西音乐交流
02013948, 6.3, 29, 莫扎特说话了
25818790, 7.1, 16, 灯塔的光
01056764, 7.0, 17, 贝多芬的头发
04199243, 7.8, 11, 西方音乐鉴赏
30189751, 7.6, 12, 好音樂的科學 II
03604367, 7.3, 14, 大提琴
01809991, 6.7, 20, 基督宗教音乐史
01195002, 7.4, 13, 德沃夏克
01271424, 7.5, 12, BBC音乐导读4：贝多芬:钢琴奏鸣曲
02120692, 7.5, 12, 柏辽兹
11526504, 7.2, 14, 王勇博士谈古典音乐大师
25907632, 7.8, 10, 当代俄罗斯著名钢琴家访谈实录
01045873, 7.4, 12, 唱片中的德彪西(CD+书)
26011666, 6.8, 15, 耳根清净
02125548, 6.6, 17, 卡拉扬自传
01038249, 7.0, 12, 唱片中的普契尼(CD+书)
01466049, 6.6, 15, 西方音乐史
26374268, 7.0, 11, 怎样听一首名曲
04224593, 6.8, 12, 安东·布鲁克纳
01065591, 6.2, 14, 20世纪世界小提琴大师精粹
26645655, 4.9, 17, 戴着口罩听巴赫
01032791, 0.0, 10, 音乐心情
01065019, 0.0, 10, 爱乐手册
01105775, 0.0, 10, 卡拉扬
01432046, 0.0, 10, Arrau on Music and Performance
01823326, 0.0, 10, On Late Style
01959484, 0.0, 10, 罗西尼
03325590, 0.0, 10, 音樂語言
26664331, 0.0, 10, 古尔达
01386464, 0.0, 11, Classical Music for Dummies
04044684, 0.0, 11, 西方音乐史普修教程
26602904, 0.0, 23, 车尔尼钢琴初级教程 作品599（重点提示版）
27021973, 0.0, 29, 观浪者
