2020-07-05 15:59:58

number of books, tag name
705, 古希腊

ID, rating, votes, title
25985021, 9.1, 131606, 人类简史
01004821, 8.7, 22709, 理想国
21570668, 9.3, 4313, 会饮篇
01076330, 9.1, 3426, 奥狄浦斯王
01062694, 8.9, 4095, 荷马史诗·奥德赛
01212469, 8.9, 3917, 荷马史诗·伊利亚特
02161691, 8.3, 8018, 伊索寓言
01051943, 9.2, 2288, 尼各马可伦理学
01036446, 9.0, 2761, 诗学
06073019, 9.0, 2584, 斐多
01053009, 9.3, 1652, 游叙弗伦 苏格拉底的申辩 克力同
01439441, 9.0, 2299, 伯罗奔尼撒战争史
02170983, 9.1, 1948, 苏格拉底的申辩
01027280, 9.2, 1389, 柏拉图的《会饮》
34617780, 9.2, 1387, 鸟瞰古文明
01070410, 9.0, 1725, 柏拉图对话集
11232671, 9.2, 1266, 悲剧的诞生
03464436, 8.9, 1578, 剑桥艺术史：古希腊罗马艺术
01056867, 9.1, 1235, 政治学
26451505, 8.9, 1541, 伯罗奔尼撒战争
25897683, 9.4, 816, 荷马史诗·伊利亚特
01085477, 9.0, 1209, 伊利亚特
01077833, 8.8, 1458, 形而上学
01071981, 8.5, 2093, 希腊神话和传说
01043613, 8.5, 1919, 工作与时日 神谱
25837854, 9.4, 713, 荷马史诗·奥德赛
01880825, 8.2, 2721, 希腊神话
21357072, 9.3, 743, 裴洞篇
03283762, 9.2, 816, 柏拉图文艺对话集
02127498, 9.5, 605, 罗念生全集：第二卷：埃斯库罗斯悲剧三种、索福克勒斯悲剧四种
03171735, 9.4, 618, 行为科学统计
01427023, 9.0, 914, 希罗多德历史（上下）
26807340, 9.6, 506, 索福克勒斯悲剧五种
01160320, 8.9, 996, 政治学
01796861, 8.4, 1764, 希腊神话故事
01050471, 8.9, 970, 斐多
25900268, 9.3, 634, 奥德赛
19965872, 8.9, 837, 理想国
01170052, 9.4, 501, 罗念生全集：第五卷：荷马史诗《伊利亚特》
04733295, 9.0, 731, 理想国
01228193, 8.5, 1215, 回忆苏格拉底
01197950, 9.2, 552, 希腊罗马名人传
06719660, 8.8, 802, 苏格拉底之死
02219098, 9.2, 489, 古希腊悲剧喜剧全集（全8册）
01603984, 8.0, 1879, 希腊神话故事
19961140, 9.1, 534, 古希腊戏剧选
02032103, 9.3, 442, 索福克勒斯悲剧二种
10831381, 9.2, 475, 伊利亚特
26584727, 9.1, 506, 柏拉图四书
26342182, 8.5, 933, 天堂之火
02364616, 8.5, 930, 伊索寓言
01251842, 9.4, 375, 巴曼尼得斯篇
02364765, 8.8, 654, 变形记
02032280, 8.5, 875, 伊索寓言
25723773, 9.1, 471, 柏拉图对话录
26594676, 9.5, 328, 古典传统
01511839, 8.9, 548, 希罗多德历史
02364763, 8.8, 576, 古希腊戏剧选
24753669, 9.1, 419, 柏拉图文艺对话集
06784981, 9.5, 296, 几何原本
04190173, 9.1, 408, 人应该如何生活
01987902, 9.2, 367, 希腊的神话和传说
01789833, 8.9, 482, 希腊城邦制度
04007098, 8.7, 574, 理想国
06723590, 9.2, 356, 古希腊悲剧喜剧集（上下）
01197914, 8.7, 568, 长征记
19970664, 9.4, 290, 柏拉图对话中的神
03134824, 8.7, 550, 奥德修纪
26657198, 9.2, 341, 荷马史诗中的生与死
04872918, 8.4, 747, 希腊古典神话
01034011, 8.3, 805, “萨福”：一个欧美文学传统的生成
26004339, 9.3, 290, 伊西斯的面纱
03031072, 9.1, 337, 历史
01048712, 8.5, 568, 柏拉图全集（第一卷）
01950767, 8.6, 506, 萨福抒情诗集
26807314, 9.5, 225, 欧里庇得斯悲剧五种
26323706, 8.9, 373, 理想国
30337300, 8.3, 685, 希腊人的故事
26686803, 8.8, 402, 葬礼竞技会
01170051, 9.3, 246, 罗念生全集 第三卷
01013568, 9.2, 259, 古希腊戏剧选
27575829, 9.5, 198, 善的脆弱性（修订版）
27624429, 9.2, 249, 历史
01578541, 8.9, 320, 古代城邦
01506334, 9.2, 247, 论反讽概念
27593864, 8.6, 421, 马其顿的亚历山大
27086099, 9.3, 220, 理想国
03672259, 8.4, 495, 比利提斯之歌
25836261, 8.6, 403, 希腊精神
10355298, 9.3, 215, 论柏拉图的《会饮》
26863402, 8.7, 361, 荷马史诗
01315215, 8.6, 389, 蒂迈欧篇
02284288, 9.0, 269, 善的脆弱性
20276111, 9.0, 269, 智者
01467508, 9.1, 247, 古希腊悲剧经典（上）（下）
01170050, 9.2, 223, 埃斯库罗斯悲剧三种 索福克勒斯悲剧四种
26906381, 8.5, 415, 希腊罗马神话
26706079, 9.3, 199, 会饮篇
01784328, 8.8, 302, 诗学
02152222, 9.0, 251, 罗念生全集：第四卷：阿里斯托芬喜剧六种
26807312, 9.2, 211, 埃斯库罗斯悲剧六种
26259073, 8.7, 323, 斐多
26910562, 8.3, 474, 你是黄昏的牧人
01657796, 8.2, 510, 古希腊神话与传说
01107649, 8.6, 337, 柏拉图全集（第二卷）
07062892, 8.9, 252, 斐多
02278697, 8.5, 362, 赫拉克利特著作残篇
03226085, 9.3, 178, 论真理的本质
03990439, 8.5, 354, 希腊史研究入门
06802809, 8.8, 265, 希腊悲剧时代的哲学
03806060, 9.2, 188, 爱比克泰德论说集
01476068, 9.1, 202, 论僭政
01053602, 9.4, 160, 古希腊罗马神话(漫画版1-2)
26940250, 8.4, 373, 宇宙、诸神与人
01474179, 9.1, 199, 欧里庇得斯悲剧二种
03985086, 9.2, 182, 斐多篇
03071729, 8.3, 404, 希腊精神
01084419, 8.8, 249, 形而上学
30279077, 9.4, 154, 斐德若篇
24834807, 8.9, 228, 古希腊抒情诗选
01802134, 8.6, 297, 云 马蜂
26640201, 9.6, 132, 尼各马可伦理学
02123398, 8.9, 221, 會飲篇
01252117, 8.6, 288, 范畴篇 解释篇
26354332, 9.0, 198, 泰阿泰德
02122180, 8.5, 306, 古希腊罗马哲学讲演录
26362918, 9.5, 135, 自然与希腊人 科学与人文主义
02127491, 9.3, 154, 罗念生全集：补卷：埃斯库罗斯悲剧三种、索福克勒斯悲剧一种、古希腊碑铭体诗歌选
27034364, 8.9, 206, 西方思想的起源
01982345, 8.6, 266, 拉丁语和希腊语
03288544, 8.7, 242, 希腊人和希腊文明
01085575, 8.2, 390, 特洛伊之歌
01160154, 8.1, 430, 亚历山大远征记
03267933, 8.4, 314, 古代艺术与仪式
02002906, 9.4, 135, Nicomachean Ethics
01723738, 8.4, 299, 雅典政制
01008013, 8.1, 403, 苏格拉底的审判
26433342, 8.1, 403, 波斯战火
30312128, 7.7, 631, 企鹅欧洲史·古典欧洲的诞生
27120516, 9.5, 120, 柏拉图对话中的神
01082943, 9.0, 165, 罗念生全集:第一卷:亚理斯多德《诗学》《修辞学》·佚名《喜剧论纲》
26934202, 9.2, 141, 苏格拉底的申辩
02127499, 9.3, 130, 罗念生全集 第三卷
01114551, 9.0, 160, 欧几里得·几何原本
01872112, 9.0, 159, The Odyssey
27058898, 8.5, 241, 伯罗奔尼撒战争史
01157313, 8.4, 264, 物理学
26807352, 9.4, 117, 阿里斯托芬喜剧六种
25959397, 8.5, 235, 安提戈涅
20367006, 8.5, 232, 理想国
04123514, 8.6, 212, 波斯战火
10593787, 8.9, 163, 古代哲学的智慧
03522799, 8.7, 191, 诗学 诗艺
26314736, 8.6, 202, 希腊神话
27197930, 9.5, 100, 伯罗奔尼撒战争史
04863596, 9.1, 132, 世界文明史
01809503, 8.4, 234, 政治家
26436107, 8.9, 152, 罗念生译古希腊戏剧
01084417, 8.4, 231, 政治学
34785084, 8.4, 231, 亚历山大的征服与神话
19998054, 9.0, 138, 悲剧的诞生
05343348, 8.5, 204, 神谱笺释
03528067, 8.5, 203, 圣杯与剑
01134840, 9.2, 116, 路吉阿诺斯对话集（上下）
01765583, 8.8, 156, 俄耳甫斯教祷歌
01145497, 8.0, 325, 伊索寓言
03550738, 9.2, 115, 诗学
03346699, 9.0, 133, 奥德赛
01252393, 8.8, 155, 蒂迈欧篇
26476894, 9.1, 123, 古代艺术与仪式
26666912, 8.3, 234, 理想国
01227901, 7.9, 344, 剑桥插图古希腊史
01354174, 9.1, 117, The Three Theban Plays
01310157, 8.4, 205, 古希腊哲学史纲
01315242, 8.8, 145, 形而上学
03870856, 9.0, 124, 古希腊政治、社会和文化史
01274080, 8.4, 200, 希腊思想的起源
01016764, 9.0, 121, 希腊哲学史 第一卷
01071177, 9.1, 112, 古希腊哲学
02220775, 9.9, 67, Plato&#39;s Symposium
01197923, 9.3, 97, 古希腊语汉语词典
04747132, 8.0, 284, 神谱
03543603, 9.7, 74, The Nicomachean Ethics
30383244, 8.9, 125, 鸟·凶宅·牧歌
02274861, 8.0, 275, 100名画：古希腊罗马神话
01808910, 8.2, 220, 修辞学
26660844, 8.7, 142, 抄工与学者
01027709, 8.2, 219, 古希腊的传说和神话
30193117, 9.3, 91, 古希腊抒情诗集（全4册）
10831443, 9.1, 104, 论柏拉图式的爱
30206364, 8.1, 232, 哲学的指引
01074688, 8.5, 161, 自然与快乐
03918093, 8.6, 147, 阿尔喀比亚德
01084705, 8.5, 155, 希腊精神
01030957, 8.7, 131, 希腊精神
01000427, 8.1, 220, 古希腊风化史
03527555, 8.3, 178, 理想国(套装全2册)(一力文库)(The republic)
01464377, 8.3, 176, 色诺芬的《会饮》
03361619, 9.1, 94, 城邦的世界
06397525, 8.5, 147, 巴门尼德著作残篇
06536384, 8.6, 135, 黑色雅典娜
30370341, 8.9, 106, 奥德修斯的世界
26637794, 8.2, 183, 希腊史
06313490, 7.5, 378, 希腊神话
01879663, 8.1, 200, 希腊神话与英雄传说
26859833, 8.4, 151, 黑暗中的女人
11595914, 7.7, 293, 普罗米修斯之罪
19951129, 7.7, 290, 古典哲学的趣味
03721840, 8.6, 125, 读柏拉图
25902636, 8.7, 115, 希腊人
27157960, 7.8, 256, 古代世界
25723777, 8.8, 105, 古希腊散文选
30388054, 9.4, 70, 奥德修纪
03523852, 8.6, 122, 理想国
03165428, 8.4, 143, 罗马精神
27136526, 9.3, 74, 古代哲学的智慧
01216206, 8.7, 112, 工具论（上下册）
34842532, 8.6, 120, 与神作战
02305069, 8.4, 141, 古希腊哲学史纲
26393359, 9.4, 68, 古希腊悲剧喜剧全集
01092818, 8.0, 198, 古希腊神话与传说
26733749, 8.9, 94, 奥德赛
02295160, 8.2, 164, 阿伽门农王
01802133, 8.6, 117, 地母节妇女 蛙
01512250, 8.5, 126, 灵魂论及其他
01277270, 8.9, 93, 神话与政治之间
26686940, 9.1, 81, 亚理斯多德《诗学》《修辞学》
01433771, 8.3, 148, 凯若斯(古希腊语文教程共2册)
25743483, 8.8, 99, 历史（上下）（新译详注本）
26791987, 9.5, 62, 罗念生全集：增订典藏版
03247025, 8.7, 105, 荷马史诗·奥德赛
24834981, 8.3, 144, 蔷薇园
34892525, 8.9, 90, 几何原本
25744949, 9.3, 68, 《范畴篇》笺释
01783138, 8.7, 102, 论古人的智慧
25798901, 8.8, 94, 古希腊艺术
02160885, 8.6, 108, 居鲁士的教育
02988630, 9.2, 71, 古希腊罗马及教父时期名著名言辞典
07008200, 9.5, 59, The Iliad of Homer
10416537, 9.4, 62, 陈康：论希腊哲学
05996724, 9.1, 74, 阿尔戈英雄纪(全两册)
30417846, 9.3, 65, 理想国
03264894, 8.3, 132, 早期希腊
25901853, 8.0, 170, 希腊神话和传说
01841881, 9.6, 53, The Landmark Thucydides
02032760, 8.6, 101, 古希腊抒情诗选
20376134, 8.8, 86, 伯罗奔尼撒战争的爆发
26319796, 8.9, 80, 劳作与时日笺释
30306717, 7.3, 344, 希腊罗马神话
01900001, 8.6, 99, Oedipus Rex
22755045, 8.2, 136, 柏拉图对话集
10862503, 9.0, 74, 狄俄尼索斯颂歌
26265978, 8.2, 135, 柏拉图的理想国
01441880, 9.1, 69, If Not
01910450, 9.4, 57, 达夫尼斯和赫洛亚 真实的故事
04881511, 7.5, 254, 伊索寓言全集
30466183, 8.0, 152, 雅典的胜利
26744683, 8.1, 138, 古希腊罗马哲学讲演录
25921044, 9.4, 54, 哈佛百年经典第22卷：柏拉图对话录 : 申辩篇、克利同篇、斐多篇 ; 爱比克泰德金言录 ; 马库思·奥勒留沉思录
30195116, 8.9, 73, 欲望的治疗
10567137, 8.5, 96, 海上霸主
04619168, 8.6, 89, 希腊神话故事
01981032, 8.4, 103, 伊索寓言
06772471, 7.8, 174, 古典时期的图书世界
03004812, 7.4, 265, 古典哲学的趣味
01449794, 9.0, 67, Poetics
27039389, 8.5, 95, 神话的智慧
02472052, 9.2, 59, The Odyssey of Homer
01884504, 7.6, 211, 经济论 雅典的收入
30489681, 8.8, 76, 希腊悲剧时代的哲学
21360242, 8.0, 142, 古代世界的政治
03008963, 7.5, 233, 古希腊星象说
10589330, 8.3, 109, 古希腊罗马的图书与读者
04880639, 9.1, 61, 希腊黄金时代的古代科学
27182031, 8.5, 92, 奥德赛
02836735, 9.5, 48, Politics
03389557, 9.4, 50, 游叙弗伦 苏格拉底的申辩 克力同
26717281, 9.2, 56, 博物馆与古希腊文明
03014027, 9.0, 63, 古希腊罗马哲学
24323296, 7.8, 160, 亚里士多德的世界-牛津通识读本
03071752, 8.0, 133, 希腊的回声
30266483, 8.2, 111, 古希腊人
10759445, 7.4, 238, 读懂柏拉图的第一本书-理想国
03072550, 7.8, 157, 伊翁
10550644, 8.9, 65, 奥德赛
20471820, 7.8, 151, 希腊人
01084629, 8.8, 68, 古希腊宗教的社会起源
01947368, 9.8, 38, The Fragility of Goodness
01664110, 8.3, 97, 伊索寓言全集
26958207, 8.1, 114, 理想国
06067751, 8.9, 63, 柏拉图对话六种
10537660, 8.4, 89, 希腊人和希腊文明
25757301, 8.7, 71, 柏拉图与亚里士多德
10791249, 8.9, 62, 高尔吉亚篇
26967800, 8.8, 66, 希腊化史
30150954, 7.8, 145, Circe
26807356, 9.5, 43, 古希腊罗马文学
24841729, 9.1, 54, 柏拉图《理想国》剑桥指南
01258700, 8.8, 65, 生命与逻各斯
01980859, 8.6, 73, 希腊宗教研究导论
20431880, 8.0, 116, 古代的希腊和罗马
04218913, 7.2, 259, 亚里士多德的世界
04121039, 8.4, 83, 九章集（上下）
30218889, 8.5, 77, 希腊悲剧时代的哲学
01873256, 8.3, 88, 奥瑞斯提亚三部曲
06401132, 8.2, 95, 希腊思想的起源
02363003, 8.1, 103, 古希腊人的性与情
26765673, 7.5, 179, 荷马3000年
30200872, 9.5, 40, 荷马史诗：伊利亚特·奥德赛（上下册）
01049635, 7.9, 119, 希腊人的艺术
27185154, 7.7, 143, 霍桑的希腊神话（套色版画插图本）
02042842, 9.8, 34, The Laws of Plato
02053877, 7.7, 141, 柏拉图与《理想国》
01020103, 7.6, 154, 希腊的诞生――灿烂的古典文明
01075683, 8.7, 63, 苏格拉底的最后日子
01740727, 9.0, 52, Meno
02560024, 9.2, 46, Politics
03602712, 8.9, 55, 希腊史
25839995, 7.8, 126, 柏拉图的本原学说
25851115, 8.4, 77, 前苏格拉底哲学家：原文精选的批评史
02127496, 9.4, 41, 罗念生全集：第五卷：伊利亚特
06139561, 8.2, 89, 亚里士多德伦理学
01196473, 8.8, 58, 哲学谈话录
02529442, 9.2, 45, Aeschylus I: Oresteia
27096132, 8.0, 102, 古希腊悲剧研究
02361229, 9.9, 31, Euclid&#39;s Elements
34854381, 9.9, 31, 索福克勒斯悲剧集
30279086, 8.6, 64, 卡尔弥德篇 枚农篇
25733120, 8.4, 73, 外族的智慧
02073271, 7.6, 143, 巫师苏格拉底
34887403, 9.3, 41, 亚历山大继业者战争
27056210, 7.5, 156, 希腊对德意志的暴政
01988929, 8.8, 55, Phaedrus
02062277, 8.3, 77, 希腊人的神话和思想
27095944, 9.0, 48, 雅典帝国的覆亡
33417165, 9.4, 38, 柏拉图对话集
35059162, 8.4, 70, 了不起的古希腊
05376890, 8.3, 75, 民主与城邦的衰落
06743313, 8.9, 50, 色诺芬的苏格拉底
01465599, 7.4, 164, 古希腊罗马时期不确定的性别
04898564, 9.7, 32, 希腊哲学史（第四卷 全二册）
02471653, 8.9, 49, The Oresteia
25909290, 8.2, 78, 古希腊语入门教程
04900276, 8.8, 51, 统治的热望
26421237, 8.5, 62, 心灵与自我的希腊模式
25833951, 8.2, 77, 希腊的回声
26562354, 8.0, 90, 希腊精神
26644779, 9.0, 45, 苏格拉底
02038109, 8.4, 66, 索福克勒斯与雅典启蒙
06531062, 8.4, 66, 古代的艺术与仪式
01323619, 8.2, 76, 早期希腊科学
04327644, 8.2, 76, 希腊神话故事
26312980, 7.9, 95, 苏格拉底的审判
27147070, 8.0, 87, 古典世界的战争
02143891, 7.9, 94, 众说苏格拉底
02302814, 8.7, 52, 古希腊三大悲剧家研究
01084618, 7.4, 146, 古希腊罗马神话与传奇
01008815, 7.9, 92, 希腊的遗产
01463769, 8.9, 45, 古典共和精神的捍卫
06803866, 8.6, 54, 希腊的雕塑
30360112, 9.4, 34, The Odyssey
03013783, 8.5, 57, 古希腊语（新约）教程［1－3卷］
26914763, 8.7, 50, 古代哲学研究
30355980, 9.0, 41, 皮浪学说概要
24818554, 8.7, 49, 爱欲与城邦
04023787, 8.2, 68, 苏格拉底前后
02361481, 8.5, 55, 鸿蒙中的歌声
04202427, 7.4, 135, 荷马，伊利亚特
06369609, 9.7, 28, Learn to Read Greek
26793840, 8.6, 51, 柏拉图文艺对话集
04741642, 8.7, 47, 幽暗的诱惑
02186433, 8.4, 57, 神话与历史
04202355, 8.4, 57, 动物志
02051976, 7.5, 118, 希波战争史
01029945, 7.7, 98, 埃斯库罗斯悲剧集（共二册）
05247880, 7.8, 88, 亚历山大大帝
01664096, 9.0, 38, 荷马精选集
34834485, 8.6, 48, 柏拉图《法义》研究、翻译和笺注（三卷本）
26831404, 9.3, 32, 论月面
30175895, 9.3, 32, 赫耳墨斯秘籍
06847779, 8.4, 54, 哲学的政治
01489714, 8.6, 47, 古希腊罗马神话鉴赏辞典
01890241, 9.0, 37, The Histories
25813130, 8.9, 39, 亚里士多德
03018479, 9.2, 33, 圆锥曲线论（卷Ⅰ-Ⅳ）
27093853, 8.4, 53, 奥瑞斯提亚
01073411, 7.9, 76, 众神飞飏
25789343, 8.6, 46, 古典历史研究史（上卷）
26761121, 8.5, 49, 伯罗奔尼撒战争（罗辑思维版）
26657201, 8.7, 43, 论古代与近代的历史学
01962760, 9.0, 36, 伊利亚特
26585456, 9.0, 36, 人应该如何生活
26683668, 7.8, 81, 古风与古典时期的希腊艺术
01252032, 8.1, 64, 从开端到柏拉图
03169394, 8.0, 69, 荷马诸问题
03293594, 8.9, 38, Antigone
02967517, 8.8, 40, The Last of the Wine
01268037, 8.5, 48, 古希腊哲学探本
01988600, 8.4, 51, 修昔底德的春秋笔法
04303817, 9.3, 30, 名哲言行录
01275487, 8.5, 47, 亚里士多德全集（第九卷）
25867526, 8.4, 50, 德摩斯提尼时代的雅典民主：结构、原则与意识形态
05377232, 8.0, 66, 赫拉克勒斯之盾笺释
10454565, 8.3, 53, 古希腊简史
33455208, 9.4, 28, 阅读希腊悲剧
26935152, 7.5, 99, 希腊哲学简史
04845004, 8.0, 65, 斯巴达人
01039614, 8.2, 56, 民主的曙光・古雅典
01068287, 8.1, 60, 柏拉图
26803255, 8.8, 37, 安提戈涅的故事
26809867, 8.1, 58, 法律篇
02331473, 8.2, 54, 希波克拉底文集
02084863, 9.0, 33, Reading Greek
26766447, 9.0, 33, 西方三大师
05350199, 8.3, 50, 东方化革命
26733748, 8.6, 41, 埃斯库罗斯悲剧全集
01025229, 7.6, 84, 亚历山大东征传奇
03073447, 7.8, 71, 论柏拉图
19965874, 8.4, 46, 《阿卡奈人》笺释
02037061, 8.9, 34, 希腊罗马散文选
02162843, 9.2, 29, 古代希腊土地制度研究
05272998, 8.0, 60, 希腊罗马神话与传说中的恋爱故事
04122404, 7.3, 108, 希腊化世界
01082661, 8.1, 54, 柏拉图的哲学戏剧
26907634, 8.3, 47, 回忆苏格拉底
27625562, 7.5, 87, 伊索寓言
01959917, 7.1, 127, 荷马史诗导读
02152286, 9.1, 29, 罗念生全集：第六卷：《醇酒·妇人·诗歌》《伊索寓言》
02140578, 8.9, 32, Medea
19958272, 7.9, 60, 古希腊风化史
26323675, 10.0, 19, The Classical Tradition
30257754, 9.5, 23, 工具论
26752545, 7.7, 68, 希腊漫话
26705440, 8.0, 54, 剑桥希腊罗马政治思想史
05912560, 7.4, 88, 古希腊神话故事大全集
01062565, 7.9, 58, 伊壁鸠鲁主义的政治哲学
03071045, 8.4, 41, 阿威罗伊论《王制》
01766796, 9.3, 25, The Complete Works of Aristotle
04725164, 8.0, 53, 民主政治与古典希腊
30385553, 8.8, 32, 文明的故事2：希腊的生活
02450082, 10.0, 18, The Peloponnesian War
02151425, 7.5, 76, 古希腊文学史
02476273, 9.6, 21, Clouds
26974730, 8.1, 47, 希腊神话的性质
26308289, 8.0, 50, 古希腊人的宗教生活
25789345, 8.7, 32, 古典历史研究史（下卷）
01512936, 8.4, 38, 希腊政治理论
03697500, 7.7, 62, 扶友损敌
26427663, 7.5, 73, 希腊的遗产
06715028, 7.7, 61, 光荣属于希腊
01059893, 8.0, 48, 神话与政治之间
01545894, 8.7, 31, 亚里士多德全集（第二卷）
01663358, 8.7, 31, 希腊罗马古代社会研究
06851740, 8.7, 31, 柏拉图《法义》的论辩与情节
34880307, 9.6, 20, 《奥德赛》中的歌手、英雄与诸神
01082605, 9.1, 25, 古希腊罗马神话.3
01481982, 7.7, 59, 希腊化研究
01150463, 7.5, 69, 希腊艺术与希腊精神
01020304, 7.7, 58, 当代学术入门：古典学
26355340, 7.7, 58, 我看见了爱神
03081673, 7.6, 62, 神圣的荷马
01725579, 7.3, 80, 希腊帝国主义
25706537, 7.5, 66, 恩培多克勒·斯宾诺莎的光芒
02307553, 8.3, 37, 伊利亚特
06974000, 8.0, 45, 对亚里士多德的现象学解释
30314739, 7.7, 56, 亞歷山大的征服與神話
25887894, 7.5, 64, 古希腊人是否相信他们的神话
26426683, 7.5, 64, 理想国
30210725, 9.2, 22, 伯罗奔尼撒战争史
34453294, 9.2, 22, 古代哲学导论
01543715, 7.9, 46, 自然与古希腊
01610399, 7.9, 46, 亚里士多德全集（第三卷）
03181279, 7.9, 46, 希腊神话和传说
26261124, 9.4, 20, 无敌大卫及其古亚美尼亚文《亚里士多德&lt;前分析篇&gt;评注》研究
26807367, 9.4, 20, 《伊索寓言》古希腊诗歌散文选
01068847, 7.4, 67, 苏格拉底传
34880297, 8.0, 42, 萨福的情歌
26280132, 7.7, 52, 古希腊神话与悲剧
26769667, 7.3, 71, 地图上的古希腊史(第二版)
26981889, 8.3, 34, 另一个古代世界
06970124, 8.5, 30, 真假之辨
26975006, 9.0, 23, 古代文明惊奇透视：古希腊
25936013, 8.1, 38, 在大英博物馆读古希腊
03025187, 7.7, 50, 柏拉图的“克里特远征”
01480722, 8.6, 28, 红星佚史
01797630, 8.6, 28, 奥德赛
33437473, 8.4, 31, 古希腊人
01546579, 7.9, 42, 古希腊罗马与基督宗教
25921648, 7.8, 45, 情敌
06536970, 6.9, 98, 古希腊罗马神话
10538411, 8.0, 39, 哲学之诗
11875346, 9.6, 17, Aeschylus II
06147465, 8.6, 27, Mythology
02308362, 8.3, 32, 政治学
01555805, 8.2, 34, 亚里士多德全集（第七卷）
02150864, 8.9, 23, 自然与希腊
35034271, 9.4, 18, 从政治到哲学的运动
03749091, 7.7, 46, 希腊的故事
01014957, 8.0, 37, 希腊僭主
04202354, 8.9, 22, 动物四篇
06065551, 8.9, 22, 20世纪希腊神话研究史略
27101995, 7.6, 48, 帝国的兴衰
26284664, 7.1, 73, 古代埃及帝国
01055344, 8.7, 24, 修辞学
01080079, 7.8, 41, 劝勉希腊人
26785214, 8.1, 33, 柏拉图与城邦
02511712, 8.2, 31, Epictetus: The Handbook
05347739, 8.2, 31, 雅典谐剧与逻各斯
26616414, 7.3, 59, 牛津古希腊史
24816890, 8.0, 35, 解读苏格拉底
30255012, 7.8, 40, 不为人知的奥德修斯
03008240, 8.3, 29, 希腊罗马神话词典
26391253, 7.3, 58, 运动通史
26261125, 8.9, 21, 灵魂的转向
10826343, 8.8, 22, 政治哲学的悖论
26873431, 9.1, 19, 世界文明史 卷二
01275530, 8.1, 32, 亚里士多德全集（第八卷）
02560076, 9.5, 16, The Discourses of Epictetus - The Handbook - Fragments
04900290, 8.0, 34, 神话诗人柏拉图
34840141, 8.0, 34, “萨福”
20475571, 7.5, 48, 古希腊神话
27127777, 8.5, 25, 范畴篇 解释篇
06053643, 7.5, 47, 特洛伊战争
03261051, 9.6, 15, 柏拉图著作集 2 （英文本）
26253918, 7.7, 40, 地图上的古希腊史
03437777, 8.9, 20, 赖锡斯 拉哈斯 费雷泊士
26392992, 8.3, 27, 从古典重新开始
03265370, 7.6, 42, 历史
26994846, 8.0, 32, 希腊艺术导论
01757813, 8.2, 28, 古希腊文学史
30353287, 9.2, 17, 理想国
20365737, 8.3, 26, 希腊精神
25981162, 8.0, 31, 诗学·诗艺
20374973, 8.1, 29, 伯罗奔尼撒战争史
26580927, 8.6, 22, 谁来教育老师
03275335, 7.6, 40, 古代悲剧与现代科学的起源
01084747, 7.5, 43, 谢里曼传:一位寻金者的故事
01121818, 7.7, 37, 希腊拉丁作家远东古文献辑录
26816651, 8.0, 30, 哲学进入城邦——柏拉图《理想国》研究
25786695, 7.8, 34, 《吕西斯》译疏
04236897, 7.6, 39, 荷马的世界
26700471, 8.3, 25, 为哲学的写作技艺一辩
27086067, 8.3, 25, 城邦与灵魂
02025804, 9.2, 16, 古希腊罗马神话15:奥德修斯归来
01513265, 8.7, 20, Greek Drama
02444237, 8.7, 20, Ancient Greece
25982700, 7.0, 62, 古希腊的神话与宗教
03127406, 8.6, 21, 希腊的生活
30268889, 8.2, 26, 自然史
06396375, 7.6, 38, 古希腊罗马奴隶制
30199875, 8.8, 19, 爱之云梯
26244304, 8.3, 24, 酒神的女信徒
25663394, 7.4, 43, 论人类学与古典学的关系
25729848, 7.4, 43, 希腊肃剧与政治哲学
26947787, 8.6, 20, 战争与史诗
10757877, 7.0, 58, 希腊史
26306392, 8.5, 21, 希腊美术模仿论
01772780, 8.7, 19, The Greek Way
26738021, 8.7, 19, 古代希腊社会生活
30424102, 8.7, 19, 尼基阿斯和约与西西里远征
01252976, 7.8, 31, 古希腊神话与传说
06440182, 7.8, 31, 不满的苏格拉底
10590230, 7.8, 31, 古希腊-罗马文明：社会、思想和文化
30428814, 7.0, 57, 神在人间的时光
04766967, 7.7, 33, 城邦与自然
01983444, 9.2, 15, The World of Odysseus
04166249, 9.2, 15, Nature and Culture in the Iliad
03188263, 7.6, 35, 希腊方式
25789300, 8.0, 27, 古典民主与共和传统（上卷）
04248131, 7.3, 43, 希腊空间概念
30489665, 8.4, 21, 古典柏拉图主义哲学导论
03262504, 8.7, 18, 古希腊史
30327554, 9.1, 15, 柏拉图文艺对话集
04930835, 7.8, 29, 工作与时日 神谱
24530950, 7.4, 38, 希腊神话故事
04712540, 7.1, 48, 古希腊语简明教程
04247223, 8.1, 24, 探寻古希腊文明
34988737, 8.9, 16, 理性与神秘
03880710, 9.2, 14, 世界神话辞典
30279080, 9.2, 14, 柏拉图的理念学说
03003255, 8.4, 20, 雅典民主的谐剧
01185813, 9.0, 15, 古希腊罗马神话.8，金羊毛
02025807, 9.0, 15, 古希腊罗马神话13
02559435, 8.7, 17, Meno
26352543, 7.4, 36, 希腊民主的问题
01721382, 8.1, 23, 亚里士多德全集（第十卷）
30361646, 6.9, 54, 抽签与民主、共和
03638453, 8.0, 24, 德性之镜
01046862, 7.8, 27, 希腊思想和科学精神的起源
25731519, 8.8, 16, 西方美学史
26658500, 9.3, 13, 修辞术的诞生
33402252, 9.1, 14, 公益与私利
06812101, 7.2, 40, 古希腊神话与传说
01007898, 7.3, 37, 从亚里士多德到奥古斯丁
02074553, 8.9, 15, 古希腊名题与现代数学
26617211, 7.7, 28, 古希腊语语法速记表·古希腊语基本词汇手册
26582856, 8.1, 22, 早期希腊科学
01029411, 7.0, 46, 古代希腊罗马美术
06041373, 8.3, 19, 回忆苏格拉底
01837682, 8.8, 15, 柏拉图
25876755, 6.9, 48, 古希腊的民主和科学精神
02556072, 8.5, 17, On Rhetoric
27092891, 8.5, 17, 玄理参同
26906813, 9.1, 13, 温克尔曼的希腊艺术图景
26346846, 6.6, 62, 雅典考古博物馆
01890889, 8.7, 15, The Nicomachean Ethics
11593664, 8.2, 19, 柏拉图最精巧的敌人
30180480, 8.2, 19, 希腊奇迹的观念基础
10599005, 8.0, 21, 希腊史
06885353, 7.7, 25, 审判雅典
07103616, 8.4, 17, Apology
27078750, 9.2, 12, 哲学谈话录
27093320, 8.5, 16, 民主反对专家
27060606, 8.8, 14, 普鲁塔克的《对比列传》
27040499, 7.8, 23, 荷马的竞赛
01607215, 8.6, 15, 古代希腊仪式文化研究
34663110, 8.6, 15, 伊索寓言
33399000, 8.4, 16, 希腊史
03390951, 9.6, 10, Gorgias and Rhetoric
27129085, 8.5, 15, 自由与僭越
30441544, 8.5, 15, 色诺芬《斯巴达政制》译笺
34787467, 8.5, 15, 伯罗奔尼撒战争的爆发
26293619, 6.5, 58, 古希腊罗马浮世绘
26732331, 7.8, 21, 古代世界的政治
26706377, 7.7, 22, 苏格拉底式公民身份
26264198, 6.9, 38, 亚里士多德的《形而上学》
03232716, 8.9, 12, Antigone
25894189, 8.9, 12, 希腊哲学史（第一卷）
04171967, 9.1, 11, The Seventh Letter (Forgotten Books)
26304283, 8.3, 15, 实践中的古希腊政治思想
01159355, 7.2, 28, 希波克拉底誓言
23009510, 7.2, 28, 德性、修辞与政治哲学
26807337, 8.8, 12, 从芙蓉城到希腊
30346155, 8.6, 13, 古代民主与现代民主
04742982, 7.8, 19, 柏拉图与政治现实
30408771, 9.0, 11, 古希腊贸易与政治
04741655, 8.0, 17, 菜园哲人伊壁鸠鲁
19967670, 8.0, 17, 古希腊-罗马文明
26247465, 8.0, 17, 苏格拉底传
26944425, 7.6, 21, 希腊神话的迈锡尼源头
06710003, 7.0, 30, 希罗多德的王霸之辨
30237170, 7.9, 17, 《申辩篇》中的苏格拉底
30284734, 7.6, 20, 古希腊罗马军事史
26362923, 6.9, 32, 自由的文化
02152287, 8.0, 16, 罗念生全集：第九卷：从芙蓉城到希腊
30329505, 8.0, 16, 希腊神话
26301751, 8.1, 15, 古希腊演说辞全集
05406397, 7.9, 16, 名哲言行录（上下）
03232508, 8.3, 13, The Library of Greek Mythology
03193100, 6.9, 29, 埃斯库罗斯的神义论
24872428, 8.1, 14, 色诺芬与苏格拉底
25876648, 8.1, 14, 想象中的希腊：神话的多重语境
02578507, 8.6, 11, Oxford Grammar of Classical Greek
07153924, 8.6, 11, 古希腊哲学探研及其他
02073237, 8.2, 13, Theogony and Works and Days
34929047, 8.0, 14, 古典文学
01426847, 7.1, 23, 古希腊戏剧史
26265812, 7.8, 15, 苏格拉底之城
26967784, 7.8, 15, 埃斯库罗斯笔下的城邦政制
26994850, 7.8, 15, 亚里士多德《政治学》中的教诲
25777132, 7.5, 17, 古希腊史
26445798, 7.6, 16, 必歌九德
30249396, 7.3, 19, 古代希腊
26722444, 8.0, 13, 诗歌形式、语用学和文化记忆
26837271, 8.0, 13, 希腊哲学的精神
04804158, 7.2, 20, 圣经故事古希腊神话故事古罗马神话故事大全集
25791258, 7.2, 19, 苏格拉底或政治哲学的诞生
26907193, 7.3, 17, 从吉本到奥登
30214190, 7.8, 13, 希腊古风诗教考论
30352724, 7.1, 19, 希腊史
10732653, 7.9, 12, 希腊春秋
25960683, 7.9, 12, 普罗塔戈拉与逻各斯
25960919, 7.7, 13, 高尔吉亚与新智术师修辞
26298378, 6.8, 22, 追寻特洛伊
06131473, 8.0, 11, 愛、性與悲劇
30327843, 7.6, 13, 古希腊神话与传说
26986435, 7.3, 15, 柏拉图全集  4
01668355, 7.4, 14, 探索·古希腊
01008182, 7.2, 15, 如歌岁月-古希腊文明探秘
03016211, 7.8, 11, 智者运动
26242405, 7.5, 12, 希腊化文明
26686946, 7.5, 12, 伯里克利
06891423, 7.4, 12, 实践哲学
06087811, 6.3, 24, 宙斯的天空
34953572, 6.9, 15, 希腊史
34460432, 5.8, 36, 刺客信条：奥德赛
02230639, 7.1, 13, 古希腊人的爱
01933642, 5.6, 42, 古希腊语言文字语法简说
04258363, 7.3, 10, 伯里克利
10571217, 5.9, 19, 希腊文学 罗马文学
02362322, 6.2, 14, 《赫拉克利特著作残篇》评注
30352715, 5.4, 25, 希波战争
06857338, 4.4, 21, 2030中国
10435552, 2.7, 86, 中国2020
26423489, 2.4, 222, 虚构的古希腊文明
30380083, 2.0, 216, 党规学
03435093, 0.0, 10, 苏格拉底
03636926, 0.0, 10, The Routledge Handbook of Greek Mythology
03643002, 0.0, 10, Politics
26289563, 0.0, 10, 从宗教到哲学
30367975, 0.0, 10, 模仿荷马
33387409, 0.0, 10, 希腊史纲
34948817, 0.0, 10, 军团与方阵
33658177, 0.0, 11, 黑色雅典娜：古典文明的亚非之根（第一卷）
34928251, 0.0, 11, 德谟斯提尼演说集II
