2020-07-05 15:59:58

number of books, tag name
145, 古诗

ID, rating, votes, title
01254588, 9.0, 100378, 城南旧事
01203426, 9.0, 40008, 人间词话
01883245, 9.4, 17420, 诗经
01391191, 8.5, 32583, 京华烟云
01084165, 9.0, 11422, 平凡的世界
01108762, 9.3, 2563, 诗经
01810785, 9.4, 2096, 唐诗三百首
01081144, 9.3, 1841, 古詩源
01856285, 7.2, 47608, 人生若只如初见
01146536, 9.5, 1146, 唐诗三百首
01961670, 9.3, 1208, 叶嘉莹说汉魏六朝诗
01910477, 8.9, 1828, 千秋一寸心
01921441, 8.9, 1744, 诗经
10796035, 9.1, 1214, 中国古典诗词感发
25744944, 8.4, 2548, 既见君子
10354427, 8.1, 3241, 蒋勋说唐诗
02775720, 9.1, 931, 叶嘉莹说初盛唐诗
03993396, 8.7, 1336, 纳兰词集
01862115, 7.1, 14171, 当时只道是寻常
02349498, 9.4, 542, 古詩十九首集釋
01008023, 9.4, 447, 杜詩詳注（全五冊）
01223813, 9.1, 559, 李清照诗词选
01223808, 9.4, 396, 李白诗选
26682576, 8.0, 1451, 给孩子读诗
03191334, 9.2, 390, 宋词赏析
01030529, 9.2, 385, 李商隐诗选
19975143, 9.4, 316, 汉魏六朝诗选
03992177, 9.5, 272, 東坡樂府箋
03183666, 8.8, 491, 风景旧曾谙
02984029, 9.6, 241, 王右丞集箋注
01223811, 9.1, 327, 苏轼诗词选
01029440, 9.3, 273, 苏轼诗选
03201442, 9.2, 296, 唐人七绝诗浅释
01961661, 8.3, 517, 叶嘉莹说阮籍咏怀诗
05258411, 9.0, 256, 姜夔词集
05058551, 9.1, 233, 晏殊词集·晏几道词集
01961668, 8.4, 444, 好诗共欣赏
01891934, 9.0, 227, 唐诗选
26183860, 8.5, 343, 学诗浅说
01082760, 8.6, 297, 詩品注
34983746, 8.3, 354, 长安客
01223809, 9.0, 167, 白居易诗选
01686414, 9.0, 149, 王维孟浩然诗选
10752087, 7.0, 1299, 于丹：重温最美古诗词
04238147, 8.9, 130, 文言读本
01952696, 8.6, 161, 楚辞译注
01998376, 9.5, 79, 诗词散论
01435189, 8.6, 147, 三曹诗选
30156147, 8.7, 134, 写给儿童的古诗游戏书
03124601, 7.4, 482, 独自莫凭栏
10480120, 8.8, 119, 宋元明诗概说
02155010, 9.4, 77, 韦应物集校注
01274790, 8.6, 127, 唐诗三百首详析
06758294, 9.2, 82, 古诗评选
01084347, 8.7, 115, 四溟詩話 薑齋詩話
02968786, 8.8, 104, 谢宣城集校注
01880451, 8.4, 141, 唐诗综论
03118140, 9.4, 68, 杜诗详注
30294089, 8.3, 151, 灵魂访客
05999402, 7.4, 354, 看诗不分明
02003234, 9.4, 62, 宋诗选注
03222416, 8.9, 85, 光宣诗坛点将录笺证（上下）
26375110, 9.7, 49, 汉语诗律学
04052394, 7.7, 182, 宋代诗画中的政治隐情
30263347, 7.8, 159, 我寂寞的时候，别人不知道
03276325, 9.5, 45, 幼读古诗一百首
01150505, 9.1, 48, 古诗三百首
06758670, 9.2, 45, 苏轼诗文鉴赏辞典
01326013, 9.4, 40, 唐诗三百首新注
30337694, 9.4, 39, 叶嘉莹说汉魏六朝诗
34817216, 7.6, 142, 己亥
26323424, 8.5, 67, 杜诗详注
03584770, 8.9, 51, 十八家诗钞（上下）
27041943, 7.7, 121, 你应该熟读的中国古诗
06891460, 9.4, 37, 诗品集注
04708688, 8.0, 87, 竹林七贤
30217318, 9.1, 37, 北大百年新诗
30240149, 9.5, 29, 诗境浅说
03859941, 9.3, 32, 采菽堂古诗选（全二册）
02344035, 8.4, 51, 唐宋诗一百句
03180585, 8.6, 43, 古诗神韵
02282565, 9.3, 29, 唐诗三百首
01151829, 8.3, 50, 南朝诗魂
26348756, 8.3, 49, 品唐诗
10345330, 9.1, 29, 李白诗选评
01331519, 8.9, 32, 中华诗词名句鉴赏辞典
25880054, 9.1, 26, 词综
04898524, 9.1, 24, 词史
26811425, 8.2, 35, 李贺全集
01188244, 9.5, 17, 宋词300首
30378920, 7.6, 46, 牧云的风
33439138, 7.1, 67, 枕上诗书：一本书读懂最美古诗词【彩图珍藏版】《中国诗词大会》经典诗词精选
27604113, 7.3, 55, 一本书读懂经典古诗人
10345337, 8.0, 33, 王维孟浩然诗选评
01052599, 8.1, 30, 范成大诗选
26291911, 8.4, 25, 历史岂有底稿
01666293, 9.2, 17, 杜律启蒙
06088039, 7.5, 44, 千古五言之祖
03118126, 9.3, 16, 孟浩然诗选
03034858, 8.5, 20, 唐宋诗举要（上）
04328347, 8.5, 20, 白氏长庆集
30461695, 9.0, 15, 每日读诗日历2019
06530072, 8.8, 16, 李商隐诗选译
26597365, 7.9, 25, 陶渊明诗
01719199, 8.5, 18, 宋词三百首
03523066, 8.1, 22, 王士禛诗选
27618510, 6.8, 56, 诗酒趁年华(郦波品诗词与人生)
04110979, 9.1, 13, 熟读古诗二百首
25813147, 7.8, 23, 名家讲唐诗
03815388, 7.6, 26, 爱情，诗流域
01079123, 7.9, 21, 高适岑参诗选
25820260, 7.8, 21, 名家讲古诗
05244152, 8.7, 13, 人一生要读的古典诗词大全集
01619488, 8.2, 16, 六朝十大名家诗
01073160, 7.9, 18, 诗意每一天
30287002, 8.4, 14, 中国诗词大会第三季
01818847, 7.6, 21, 古诗一百首
24883408, 7.7, 19, 唐诗画谱
01069959, 8.8, 11, 杜牧全集
06007580, 8.1, 13, 诗经
01546569, 8.0, 13, 绝妙好诗
06059092, 7.8, 14, 雪莱抒情诗全集
26698913, 7.7, 14, 李商隐
02224767, 7.7, 13, 王维诗选
01080329, 8.0, 11, 古诗源（上下）
27077911, 7.6, 13, 宋诗选
26329523, 6.7, 22, 一日看尽长安花
11622275, 6.6, 23, 才下眉头，却上心头
03199321, 7.8, 10, 古诗
01546862, 6.5, 13, 王荆公诗注补笺
01836105, 6.6, 11, 读唐诗学日语汉字
30473103, 6.0, 12, 如何阅读一首诗
26751797, 4.3, 16, 无咎诗三百
01285972, 0.0, 10, 绝句三百首
03567297, 0.0, 10, 珠吟玉韵
26945517, 0.0, 10, 吴文英词鉴赏辞典
30472589, 0.0, 10, 《幼儿学古诗（全2册）》
33458258, 0.0, 10, 笑背古诗系列
34854246, 0.0, 10, 每日读诗日历2020
01710531, 0.0, 11, 禅诗三百首
01093885, 0.0, 12, 看图读古诗(修订版)
34450753, 0.0, 12, 骑象研学手账 跟着诗词游中国
05172520, 0.0, 13, 黄冈小状元课文详解六年级语文上
27620504, 0.0, 15, 日有所诵 第五版（小学五年级）
01729445, 0.0, 96, 教材全解-八年级语文下
