2020-07-05 15:59:58

number of books, tag name
374, 古龙

ID, rating, votes, title
06082808, 9.2, 294573, 百年孤独
01255625, 9.1, 102635, 天龙八部
01002299, 9.0, 88426, 笑傲江湖（全四册）
01141406, 8.5, 186822, 简爱（英文全本）
02143732, 8.8, 91248, 灿烂千阳
23008971, 9.1, 18815, 平如美棠
01483894, 9.4, 10928, 三国演义
01789837, 9.0, 18077, 射雕英雄传
06746289, 8.4, 33942, 新参者
01559310, 9.0, 12552, 鹿鼎记
01789841, 8.7, 17310, 倚天屠龙记
01089512, 8.7, 16975, 陆小凤传奇
01422833, 8.7, 16761, 多情剑客无情剑(上、中、下)
01264579, 8.8, 12889, 欢乐英雄
02218216, 9.5, 4920, 金庸作品集
01089517, 8.4, 15209, 绝代双骄（全三册）
01089521, 8.4, 13808, 楚留香传奇
01256186, 8.3, 12197, 护花铃
03140801, 8.0, 20254, 姑获鸟之夏
06425061, 8.5, 8444, 哲学家们都干了些什么？
01203244, 8.3, 10546, 三个火枪手
01089523, 8.3, 8706, 七种武器（全三册）
20397330, 8.7, 4758, 小李飞刀1：多情剑客无情剑（上中下）
01059406, 7.0, 101836, 幻城
06794021, 7.8, 17143, 红手指
01076045, 7.7, 19941, 连城诀
27079142, 8.9, 3019, 有匪3
01209676, 8.5, 4902, 绝代双骄
01089518, 7.9, 12001, 萧十一郎
02245889, 8.8, 3122, 多情剑客无情剑
01793132, 7.6, 20270, 白马啸西风
01068308, 7.6, 20016, 雪山飞狐
01704006, 8.0, 8141, 边城浪子（上下）
04118599, 8.3, 4776, 武侠，从牛A到牛C
01767736, 8.5, 3549, 舞 ! 舞 ! 舞 !
01607112, 8.7, 2718, 小李飞刀系列
03266968, 7.2, 33362, 秘密
01731521, 8.2, 5134, 生死桥
01089510, 7.8, 9402, 流星·蝴蝶·剑
01089515, 7.8, 9260, 武林外史（上下）
01401231, 9.1, 1476, 鹿鼎记
03056892, 7.3, 22535, 幻城
01088089, 8.5, 3012, 风云第一刀
01480630, 7.9, 7327, 天涯·明月·刀
01136998, 8.7, 2197, 楚留香传奇系列
01209674, 8.7, 2148, 陆小凤（1-4册）
01441488, 8.4, 3084, 宫本武藏·剑与禅（上下）
02148947, 8.7, 2012, 阴阳师·太极卷
01103990, 8.4, 2943, 阿衰on line之一
10485696, 7.6, 10123, 我就是想停下来，看看这个世界
01093078, 9.2, 1092, 古龙作品全集（全53卷）
06784976, 7.8, 6796, 圣女的救济
01089511, 7.6, 9485, 三少爷的剑
01789842, 7.4, 13156, 侠客行
01139873, 8.8, 1281, 陆小凤传奇系列（上中下）
20516996, 8.4, 2032, 陆小凤传奇3：决战前后
05979743, 8.3, 2292, 歃血1
01667254, 7.8, 4675, 飞狐外传（上下册）
01483923, 7.8, 4547, 雪山飞狐
01607113, 9.1, 796, 新版古龙全集(一箱53册)
24743902, 8.6, 1350, 欢乐英雄（上下）
01521829, 8.5, 1380, 七种武器
20516999, 8.0, 2501, 陆小凤传奇1：金鹏王朝
01088088, 7.6, 4611, 大人物
03034205, 8.1, 2128, 天涯明月刀
01432422, 7.2, 9219, 草样年华Ⅱ
20516998, 8.1, 2073, 陆小凤传奇2：绣花大盗
01089513, 7.6, 3786, 白玉老虎（上下）
01089519, 7.5, 4432, 大旗英雄传（上下）
20397327, 8.0, 1945, 小李飞刀2：边城浪子（上下）
03057124, 8.3, 1258, 行过死荫之地
30126626, 8.3, 1237, 一瓣河川
01635897, 8.7, 776, 欢乐英雄
20516992, 8.1, 1580, 陆小凤传奇5：幽灵山庄
21778489, 8.1, 1565, 萧十一郎
01768100, 8.1, 1550, 江湖外史
01738639, 7.4, 4376, 九月鹰飞
01443458, 8.0, 1465, 迷行记
01209675, 7.9, 1635, 武林外史（上、中、下）
01187843, 8.5, 746, 星丛
20397341, 8.0, 1325, 楚留香新传2：蝙蝠传奇
01512937, 7.7, 1997, 四大名捕会京师(上下)
01738640, 7.7, 1968, 英雄无泪
03211103, 7.2, 4300, 越女剑
21778097, 8.2, 959, 七种武器 1：长生剑·孔雀翎
01089509, 7.0, 5811, 圆月弯刀
10529099, 8.2, 864, 笑红尘
07047148, 6.7, 9526, 同级生
30395154, 8.8, 442, 苗疆道事1：饥饿年代
24872480, 8.1, 935, 绝代双骄
01738644, 7.5, 2042, 火并萧十一郎
21778288, 8.2, 764, 七种武器 2：碧玉刀·多情环
01207626, 8.4, 573, 谁来跟我干杯
02030664, 6.8, 5744, 我的千岁寒
02170250, 7.9, 985, 血海飘香
01038140, 7.3, 2169, 侠客行(上下)
21778498, 8.1, 714, 七种武器3：离别钩·霸王枪
03782093, 8.2, 622, 陸小鳳傳奇（四）幽靈山莊——古龍精品集
01738651, 7.2, 2442, 风铃中的刀声
11580823, 8.7, 367, 多情剑客无情剑
01033866, 7.0, 3367, 浣花洗剑录（上下）
01738649, 7.4, 1687, 七杀手
20516997, 7.4, 1684, 陆小凤传奇4：银钩赌坊
20472534, 6.7, 5696, 迎男而上
24870338, 7.5, 1375, 三少爷的剑
20397329, 7.6, 1121, 小李飞刀4：天涯·明月·刀 飞刀又见飞刀（上下）
01704005, 7.3, 1545, 碧血洗银枪
01276235, 8.3, 433, 多情剑客无情剑(1-3)
01209671, 7.6, 978, 白玉老虎（上中下）
02059009, 7.9, 667, 流星蝴蝶剑（上下）
03128115, 6.4, 8017, 鸳鸯刀
10618119, 8.1, 518, 大沙漠
03423697, 8.5, 340, 楚留香传奇（全三册）
27145813, 8.9, 236, 绝代双骄（共四册）
24871623, 7.9, 633, 流星·蝴蝶·剑
20397326, 7.4, 1206, 小李飞刀3：九月鹰飞（上下）
01137000, 9.0, 208, 欢乐英雄
01394296, 7.8, 686, 画眉鸟
03316279, 7.7, 759, 极刑
01494764, 8.2, 423, 天涯明月刀（下）
20397334, 7.2, 1508, 楚留香新传1：借尸还魂
24705157, 8.3, 367, 楚留香传奇
01089522, 7.0, 1894, 血鹦鹉
01264931, 7.0, 1845, 大地飞鹰
03072319, 8.0, 453, 劫梦惊魂
01089535, 7.1, 1443, 名剑风流(上下册)
03781988, 9.3, 135, 多情劍客無情劍（下）——古龍精品集
20516993, 7.1, 1326, 陆小凤传奇6：凤舞九天
02245873, 8.2, 329, 萧十一郎
01738645, 6.8, 2104, 剑花·烟雨·江南
24760712, 7.9, 428, 白玉老虎
02231418, 9.3, 122, 古龙作品全集（全53册）
01136997, 7.7, 522, 武林外史
03550470, 7.9, 413, 孔雀翎
02292275, 6.7, 2295, 飞刀，又见飞刀
21778389, 7.4, 758, 火并萧十一郎
03781985, 9.2, 115, 多情劍客無情劍（中）——古龍精品集
02170313, 7.5, 569, 绝不低头（上中下）
01440941, 7.4, 643, 圆月弯刀
03550505, 9.0, 128, 多情劍客無情劍
02292271, 7.9, 339, 白玉老虎
01512741, 6.9, 1266, 护花铃（上下）
20644953, 7.3, 677, Inferno
03782035, 9.0, 119, 流星·蝴蝶·劍（下）——古龍精品集
21778316, 7.4, 562, 七种武器 4：愤怒的小马·七杀手
03427786, 9.6, 78, 欢乐英雄（三册）
06073464, 8.1, 250, 死亡区域
02245915, 9.2, 98, 七种武器
03021840, 8.8, 130, 陆小凤（1-4）
02995905, 8.1, 227, 武林外史
20516994, 6.8, 1160, 陆小凤传奇7：剑神一笑
24743901, 7.3, 550, 武林外史（上中下）
02377138, 7.3, 546, 午夜兰花
24760707, 7.8, 301, 英雄无泪
24708299, 7.4, 475, 大人物
03782111, 7.5, 412, 楚留香新傳（一）借尸還魂——古龍精品集
01513097, 6.9, 882, 情人箭（上下）
20397344, 6.9, 860, 楚留香新传4：新月传奇·午夜兰花
03781996, 8.5, 141, 三少爺的劍（下）——古龍精品集
01941266, 8.7, 120, 欢乐英雄
03782005, 8.8, 111, 絕代雙驕（一）——古龍精品集
30274990, 8.9, 100, 小李飞刀（全九册）
03267342, 7.0, 697, 上班族必懂的OFFICE天择定律
03782378, 8.9, 99, 天涯·明月·刀（下）含飛刀又見飛刀——古龍精品集
01850441, 7.2, 507, 猎鹰·赌局（上下）
01186602, 6.9, 769, 大漠鹰飞
03055739, 9.5, 63, 少林武功
02269118, 8.5, 121, 血海飄香
03782361, 8.4, 127, 邊城浪子（上）——古龍精品集
06023771, 8.7, 100, 萧十一郎
01484306, 6.7, 880, 银女
03550472, 7.5, 292, 長生劍
03021851, 8.0, 174, 三少爷的剑（上下）
03782162, 7.6, 260, 七種武器（四）七殺手／拳頭——古龍精品集
02003483, 7.2, 414, 新月传奇
30297703, 8.7, 92, 古龙小说原貌探究
02377134, 7.0, 503, 桃花传奇
03069421, 8.7, 91, 风云第一刀
03782030, 8.9, 77, 流星·蝴蝶·劍（上）——古龍精品集
02245859, 8.3, 120, 邊城浪子第五部: 傅紅雪
01513095, 6.7, 738, 那一剑的风情
03782003, 8.8, 80, 絕代雙驕（二）——古龍精品集
03782366, 8.6, 91, 邊城浪子（中）——古龍精品集
06973743, 9.3, 57, 七种武器
03782026, 8.9, 73, 絕代雙驕（五）——古龍精品集
24708302, 7.3, 303, 碧血洗银枪
02245847, 8.3, 113, 三少爺的劍（上）——古龍精品集
01738638, 6.7, 682, 湘妃剑
03782023, 8.8, 77, 絕代雙驕（四）——古龍精品集
03782370, 8.5, 94, 邊城浪子（下）——古龍精品集
27203679, 9.4, 51, 本色古龍
20397343, 6.4, 1026, 楚留香新传3：桃花传奇
02061610, 8.3, 105, 武林外史（一）——古龍精品集
03782007, 8.8, 72, 絕代雙驕（三）——古龍精品集
03067656, 8.4, 93, 古龙妙语
27146350, 7.6, 189, 三少爷的剑
01738641, 6.5, 790, 孤星传
03782158, 8.0, 126, 七種武器（三）多情環／離別鉤——古龍精品集
03021836, 8.8, 68, 七种武器（1-4）
03021829, 8.5, 83, 武林外史（1-4）
01687345, 9.1, 54, 古龙作品集
24743903, 7.0, 344, 绝不低头
03018404, 7.9, 123, 蝙蝠传奇（上下）
21324053, 7.9, 117, 花解语-盛世狂歌-卷六
03782138, 7.2, 230, 楚留香新傳（五）新月傳奇——古龍精品集
06259281, 8.1, 95, 谁会感到不安
01264578, 6.4, 679, 飘香剑雨（上下）
01209673, 6.6, 493, 剑玄录（上中下）
03550489, 7.2, 221, 霸王槍
03782382, 8.6, 64, 蕭十一郎（上）附 劍·花·煙雨江南——古龍精品集
10742454, 7.9, 107, 圓月彎刀（上）——古龍精品集
01394291, 7.8, 114, 浣花洗劍錄
01607111, 8.0, 95, 流星·蝴蝶·剑
03057707, 8.0, 93, 萧十一郎
24760705, 7.2, 201, 风铃中的刀声
01136999, 7.4, 156, 大旗英雄传
03782050, 8.3, 70, 武林外史（三）——古龍精品集
26782037, 8.4, 64, 古龙作品文集（大陆正版合法授权）（精装72册）
01776130, 8.0, 85, 英雄无泪
04270926, 8.8, 48, 歡樂英雄（上）
05504368, 9.3, 36, 欢乐英雄
03782047, 8.1, 74, 武林外史（二）——古龍精品集
24708485, 7.2, 167, 血鹦鹉
01172466, 6.3, 556, 失魂引
03782051, 8.3, 62, 武林外史（四）——古龍精品集
01738650, 6.3, 542, 彩环曲
01041810, 7.7, 99, 古龙英雄谱
03036570, 8.1, 70, 绣花大盗
01089516, 6.2, 614, 剑客行（上下）
01169294, 6.6, 328, 剑玄录（上下）
02287840, 8.3, 60, 九月鹰飞
03782385, 8.3, 59, 蕭十一郎（下）附 劍·花·煙雨江南——古龍精品集
24760709, 6.5, 368, 圆月弯刀
01088777, 6.2, 576, 剑毒梅香（全三册）
02995903, 7.4, 121, 铁血大旗（全三册）
24708300, 6.5, 348, 七星龙王
30329504, 8.1, 65, 陆小凤传奇（全七册）
03034235, 7.3, 130, 风铃中的刀声
03080388, 8.7, 43, 白玉老虎（全三册）
05350899, 8.5, 47, 陆小凤（六）
10742468, 7.7, 81, 圓月彎刀（下）——古龍精品集
01056335, 6.8, 203, 古龙传奇
10742449, 8.2, 55, 九月鷹飛（中）——古龍精品集
30124839, 8.5, 45, 英雄无岁
03423733, 7.4, 103, 大旗英雄传（上下）
06097478, 6.8, 196, 借尸还魂
03034247, 7.8, 72, 火并萧十一郎
10739727, 7.8, 72, 九月鷹飛（上）——古龍精品集
01089520, 6.0, 649, 月异星邪
10742457, 7.9, 65, 圓月彎刀（中）——古龍精品集
24708486, 6.9, 165, 猎鹰·赌局
24871659, 6.9, 164, 名剑风流
03782036, 7.6, 81, 白玉老虎（上）——古龍精品集
03782055, 8.0, 58, 武林外史（五）——古龍精品集
04270928, 8.5, 41, 歡樂英雄（中）
03021831, 8.0, 57, 白玉老虎（全三册）
03782037, 7.8, 64, 白玉老虎（中）——古龍精品集
24852794, 7.1, 115, 大旗英雄传
03782393, 7.5, 76, 火併蕭十一郎（下）——古龍精品集
03782039, 7.7, 64, 白玉老虎（下）——古龍精品集
02245911, 8.0, 51, 绝代双骄（全五册）
03021826, 7.6, 69, 名剑风流(全三册)
03034245, 8.2, 44, 情人箭
05350898, 8.6, 34, 陆小凤（五）
01089514, 5.6, 1006, 苍穹神剑
02141085, 6.1, 374, 少年股神
04270934, 8.5, 34, 歡樂英雄（下）
01339841, 6.7, 152, 飛刀．又見飛刀
03134774, 8.1, 42, 誰來跟我乾杯
03550477, 8.5, 32, 七殺手
34915291, 8.5, 32, 古龙武侠小说知见录
03922486, 9.0, 24, 多情劍客無情劍﹙一至四﹚
03423729, 7.8, 49, 情人箭（上下）
01394294, 8.2, 37, 流星．蝴蝶．劍
03082876, 6.6, 148, 古龙一百句
05350896, 8.3, 34, 陆小凤（四）
01738643, 6.0, 327, 游侠录
05350895, 8.4, 31, 陆小凤（三）
05969478, 7.5, 56, 流星蝴蝶剑
03782390, 7.3, 66, 火併蕭十一郎（上）——古龍精品集
02287729, 8.2, 34, 绝不低头
01117077, 5.8, 421, 边城刀声
05350894, 8.2, 33, 陆小凤（二）
01363887, 8.0, 37, 逆水寒（上卷）背叛＜四大名捕逆水寒系列.
03060505, 8.9, 22, 古龙妙语录
02245960, 6.5, 139, 剑·花·烟雨江南
10739728, 8.0, 35, 九月鷹飛（下）——古龍精品集
03782063, 7.0, 75, 名劍風流（二）——古龍精品集
30366081, 7.8, 39, 楚留香新传（全四册）
01138580, 8.0, 34, 英雄无泪（上下册）
03243929, 7.7, 41, 离别勾
01327332, 7.0, 72, 护花铃(下)-古龙经典作品集
01417583, 8.2, 29, 梦林玄解
02245800, 7.4, 49, 七杀手
03021835, 8.0, 32, 江海英雄（1-4）
03586693, 9.3, 16, 楚留香傳奇
01511813, 6.1, 188, 怒剑狂花
06780847, 6.5, 108, 时间的灰烬三
10449926, 6.5, 103, 最后开的花
01873614, 6.9, 67, 武侠世界的怪才——古龙小说艺术谈
02210153, 7.4, 43, 浣花洗剑录(上中下)
03423696, 6.8, 72, 湘妃剑
03082938, 8.5, 21, Accounting With Symphony
05350893, 8.4, 22, 陆小凤（一）
03063684, 8.7, 18, 大金鹏王
05382067, 6.7, 67, 枪手·手枪
02033217, 5.3, 521, 九阴九阳
01607115, 6.5, 76, 剑玄录
03558777, 6.9, 50, 古龙传
24760719, 6.2, 100, 大地飞鹰
03423732, 6.8, 52, 孤星传
02075441, 7.4, 32, 快刀浪子
30373585, 7.9, 23, 萧十一郎（全三册）
24705169, 6.9, 45, 浣花洗剑录
01512259, 6.3, 81, 续补古龙作品集(珍藏本)-剑气严霜(全4册)
01089532, 6.4, 66, 铁剑红颜(上下册)
10739724, 8.2, 17, 大地飛鷹(上)——古龍精品集
02269104, 5.3, 237, 殘金缺玉
24872477, 6.1, 70, 失魂引
27146807, 7.0, 29, 英雄无泪
03021841, 6.7, 36, 护花铃（上下）
02996780, 7.8, 17, 从北国到南国
02980757, 7.5, 20, 九月鹰飞
03782060, 7.5, 19, 名劍風流（一）——古龍精品集
01394288, 7.8, 16, 護花鈴
25810168, 6.9, 28, 谁来与我一起干杯
25733651, 5.9, 73, 月异星邪
01737257, 7.2, 21, 古龙豪侠传（全五册）
24705162, 7.0, 24, 湘妃剑
24760718, 5.7, 77, 护花铃
03550389, 7.5, 16, 繡花大盜
24760716, 5.9, 58, 彩环曲
27146810, 8.0, 12, 大地飞鹰（上下册）
03021858, 6.9, 21, 河洛一剑（全三册）
06719986, 6.9, 21, 那一剑的风情
10739725, 8.0, 11, 大地飛鷹(中)——古龍精品集
03021864, 6.5, 27, 孤星传（上下）
03034240, 7.6, 13, 傲世鬼才一古龙
10739726, 7.3, 15, 大地飛鷹(下)——古龍精品集
24871632, 5.6, 66, 剑毒梅香
03021849, 6.7, 22, 怒剑狂花（全三册）
01052072, 5.8, 48, 浪子悲客-古龙传
24871619, 5.4, 79, 剑客行
02269087, 5.6, 58, 失魂引
05406990, 6.3, 27, 水浒英雄传·风云篇
24872510, 5.3, 74, 飘香剑雨
03361400, 6.0, 31, 苍穹神剑
20366708, 6.5, 20, 国民性
24870347, 5.4, 61, 游侠录
10487098, 6.3, 23, 赌国小煞星
04270922, 6.7, 17, 劍毒梅香(中)附新出土的《神君別傳》
24705163, 6.2, 23, 情人箭
26036365, 7.0, 13, 七星龙王
03021860, 6.0, 27, 长干行（全三册）
24705166, 6.1, 24, 孤星传
25783168, 7.2, 11, 飞刀·又见飞刀
26995809, 6.3, 17, 古龙传
03040996, 5.5, 36, 怒剑狂花
24871626, 4.8, 100, 苍穹神剑
25902238, 4.8, 43, 风的寂寞只有云懂
24853142, 4.3, 83, 剑气书香
27146812, 5.3, 17, 彩环曲
01144840, 0.0, 10, 暗战
21266980, 0.0, 10, 英雄無淚
02139143, 0.0, 11, 銀雕
03053431, 0.0, 11, 剑气满天花满楼（上下）
26617552, 0.0, 16, 巴岡特反英雄譚 05
24320177, 0.0, 22, 古龍的江湖
26337117, 0.0, 39, 吞噬苍穹
24751929, 0.0, 465, 大旗英雄傳(7)
24751930, 0.0, 521, 大旗英雄傳(8)
24751919, 0.0, 650, 大旗英雄傳(1)
24751924, 0.0, 696, 大旗英雄傳(4)
24751921, 0.0, 703, 大旗英雄傳(2)
