2020-07-05 15:59:58

number of books, tag name
929, 台湾

ID, rating, votes, title
27614904, 9.2, 192578, 房思琪的初恋乐园
01361264, 9.0, 186396, 撒哈拉的故事
01060068, 9.2, 79444, 撒哈拉的故事
01254588, 9.0, 100378, 城南旧事
03995526, 8.6, 185203, 目送
06710437, 9.3, 50258, 撒哈拉的故事
02070844, 8.8, 76292, 梦里花落知多少
03369793, 8.6, 102482, 亲爱的安德烈
06388661, 8.8, 56131, 这些人，那些事
01029111, 8.9, 44655, 哭泣的骆驼
04207781, 8.7, 62351, 孩子你慢慢来
01066462, 8.4, 103237, 向左走·向右走
05337248, 8.9, 35472, 台北人
01036490, 8.8, 34554, 万水千山走遍
02136140, 8.7, 40389, 雨季不再来
01358873, 8.6, 45605, 月亮忘記了
03604517, 9.3, 14974, 撒哈拉的故事
01426971, 8.8, 30175, 野火集
03665874, 9.0, 19298, 星空
02068211, 9.3, 12326, 撒哈拉的故事
05337254, 9.1, 15638, 孽子
02068249, 9.1, 15389, 温柔的夜
01082398, 8.8, 22112, 梦里花落知多少
04842446, 8.7, 25344, 巨流河
01056733, 8.3, 50627, 地下铁
26963900, 8.9, 18159, 房思琪的初戀樂園
03057333, 9.1, 13382, 城南旧事
03607117, 8.9, 14585, 稻草人手记
04729583, 8.9, 13360, 野火集
04124727, 8.1, 51464, 孤独六讲
01089512, 8.7, 16975, 陆小凤传奇
01422833, 8.7, 16761, 多情剑客无情剑(上、中、下)
01958227, 8.2, 39113, 那些年，我们一起追的女孩
03673671, 9.1, 9231, 梦里花落知多少
01021847, 8.5, 22885, 我的心中每天开出一朵花
06558707, 9.0, 10216, 梦里花落知多少
01264579, 8.8, 12889, 欢乐英雄
05337243, 8.7, 14581, 纽约客
01794844, 8.5, 19466, 有一天啊，宝宝……
01049354, 8.6, 16375, 又寂寞又美好
01420862, 8.9, 10068, 孩子你慢慢来
01358413, 8.5, 18249, 我只能為你畫一張小卡片
26253699, 9.1, 7333, 台北人
01070441, 8.6, 13951, 月亮忘记了
03604520, 8.7, 10955, 雨季不再来
26997048, 9.1, 6213, 撒哈拉的故事
03713237, 8.8, 9139, 亲爱的三毛
01076654, 8.8, 8850, 孽子
03131048, 8.8, 8817, 目送
01089517, 8.4, 15209, 绝代双骄（全三册）
01082399, 8.6, 10918, 闹学记
01059937, 8.4, 14760, 微笑的鱼
03698398, 9.0, 6036, 万水千山走遍
01878708, 8.3, 17051, LA流浪记
01065239, 8.6, 10523, 我的宝贝
21346636, 9.5, 3141, 三毛典藏全集
02376570, 9.3, 3936, 浪漫的逃亡
01089521, 8.4, 13808, 楚留香传奇
21617765, 8.8, 7531, 亲爱的安德烈
02136133, 9.0, 5695, 万水千山走遍
05040220, 8.9, 6295, 蒋勋说红楼梦（第一辑）
01013248, 8.6, 9537, 向左走·向右走
06558708, 8.9, 6003, 稻草人手记
06558706, 8.9, 5973, 温柔的夜
03822879, 8.8, 6781, 躲进世界的角落
26253695, 9.1, 4450, 孽子
27104286, 8.4, 11895, 寂寞的游戏
03698390, 8.6, 8730, 送你一匹马
30280610, 8.6, 8142, 天长地久
01337171, 9.6, 2254, 五月天之素人自拍
01044446, 8.7, 6788, 在黑暗的河流上
05332948, 9.0, 4431, 這些人，那些事
01367964, 8.2, 14123, 布瓜的世界
01062991, 8.4, 10090, 北京法源寺
25809269, 8.5, 8645, 目送
06558705, 8.5, 8598, 雨季不再来
02150588, 8.8, 5352, 地下铁
04012128, 9.0, 4088, 星空
06558709, 8.6, 6987, 万水千山走遍
01351678, 9.0, 3909, 夏宇詩集／Salsa
01791664, 8.7, 5802, 千江有水千江月
02363651, 8.1, 14544, 十四堂人生创意课
01024217, 7.4, 55654, 第一次的亲密接触
03723589, 8.5, 7395, 滚滚红尘
04773224, 8.2, 11606, 生活十讲
01031575, 8.1, 13599, 听幾米唱歌
25870310, 8.8, 4667, 野火集
01026686, 8.3, 9637, 履历表
01019338, 8.6, 5901, 我只能为你画一张小卡片
01049070, 8.4, 7889, 等一个人咖啡
06937888, 8.6, 5774, 树犹如此
02150586, 8.7, 5015, 照相本子
01427825, 8.5, 6650, 中国人史纲（上中下）
05913472, 9.3, 2337, 蒋勋细说红楼梦
03054373, 9.2, 2600, 荷西 我爱你
34836531, 8.8, 4254, 了不起的我
01089523, 8.3, 8706, 七种武器（全三册）
01013801, 8.8, 4219, 倾城
20397330, 8.7, 4758, 小李飞刀1：多情剑客无情剑（上中下）
07564736, 8.2, 9963, 那些年，我们一起追的女孩
02310418, 8.8, 4099, 親愛的安德烈
05243268, 8.6, 5345, 走向春天的下午
02295324, 8.6, 5308, 地下乡愁蓝调
01262986, 8.1, 11395, 我不是教你诈
01485495, 8.0, 13386, 楼下的房客
02275502, 8.2, 9517, 十年一觉电影梦
01012203, 7.7, 22770, 檞寄生
01027247, 7.8, 18689, 丑陋的中国人
03735576, 8.6, 5112, 我的宝贝
03067169, 7.9, 15431, 丑陋的中国人
01031146, 8.9, 3415, 台北人
01003148, 8.3, 7766, 遗失了一只猫
04113090, 7.4, 38777, 我们台湾这些年
01949068, 8.4, 6447, 最好的时光
02376336, 8.5, 5477, 未央歌
05367304, 8.4, 6145, 城邦暴力团（上）
06007431, 8.4, 6021, 我不是完美小孩
10797092, 8.6, 4516, 蒋介石与现代中国
05355492, 9.0, 2686, 蒋勋说红楼梦（第二辑）
02123957, 8.2, 8085, 绝对小孩
01471701, 8.8, 3369, 梦里花落知多少
01209676, 8.5, 4902, 绝代双骄
04159088, 7.8, 14892, 理想的下午
01089518, 7.9, 12001, 萧十一郎
02245889, 8.8, 3122, 多情剑客无情剑
04237837, 9.0, 2414, 月亮忘记了
20433554, 9.2, 1886, 关山夺路
01025243, 8.4, 5208, 雨季不再来
05914484, 8.9, 2664, 巨流河
05317075, 7.1, 57684, 蔡康永的说话之道
03880832, 8.2, 6892, 认得几个字
02034893, 7.6, 19389, 那些男孩教我的事
01344238, 8.7, 3329, 等一個人咖啡
03662594, 8.1, 7874, 荒人手记
06815826, 8.6, 3754, 亲爱的三毛
06114393, 8.1, 7665, 大家都有病
02377012, 8.6, 3645, 聆听父亲
03759808, 8.7, 3183, 流星雨
06003716, 9.0, 2180, 蒋勋说红楼梦（第三辑）
01999519, 9.2, 1689, 三毛全集
01056616, 8.6, 3499, 槭树下的家（席慕蓉作品典藏版）
20433556, 8.8, 2659, 昨天的云
01478890, 8.5, 3857, 杀手
01704006, 8.0, 8141, 边城浪子（上下）
01441707, 8.2, 5919, 小蝴蝶小披风
01038476, 8.7, 2879, 小说稗类
01128376, 8.8, 2535, 背影
02567856, 8.6, 3272, 微笑的鱼
04124716, 8.5, 3729, 汉字书法之美
05367303, 8.5, 3643, 城邦暴力团（下）
01906681, 8.8, 2462, 猎人们
04169341, 8.3, 4717, 水问
03410833, 8.6, 3103, 给青年艺术家的信
04208780, 8.1, 6287, 流浪集
01020407, 8.9, 2101, 庄子说
01358416, 7.8, 10132, 1.2.3.木頭人
01343089, 8.3, 4549, LA流浪記
05337250, 8.4, 3824, 寂寞的十七岁
06398002, 9.0, 1785, 蒋勋说红楼梦（第四辑）
01029149, 8.5, 3303, 乌龙院(1-6)
04749115, 7.5, 16432, 蔡康永的說話之道
01082417, 8.5, 3244, 送你一匹马
01048441, 8.3, 4283, 透明的哀伤
01089510, 7.8, 9402, 流星·蝴蝶·剑
03376905, 8.5, 3233, 绝对小孩2
06815824, 8.3, 4219, 送你一匹马
01089515, 7.8, 9260, 武林外史（上下）
26253698, 8.8, 2133, 纽约客
34442090, 8.5, 2973, 王考
04169342, 8.5, 2972, 女儿红
01001377, 8.7, 2280, 月亮忘记了
02046279, 8.5, 2948, 失乐园 IV：魔法失灵了
04246151, 8.0, 6044, 厨房里的人类学家
01136998, 8.7, 2197, 楚留香传奇系列
34840201, 8.4, 3240, 你的孩子不是你的孩子
05918942, 9.0, 1530, 孽子
01047066, 8.6, 2461, 亲爱的三毛
20433553, 8.8, 1895, 怒目少年
01084169, 9.1, 1324, 城南旧事
01071821, 8.1, 4722, 你不可不知的人性
06815827, 8.3, 3525, 我的宝贝
06815828, 8.4, 3050, 流星雨
06820477, 8.2, 3970, 滚滚红尘
30217599, 8.1, 4602, 断代
01859649, 8.1, 4595, 生命的不可思议
01061572, 8.5, 2588, 随想
04862350, 8.6, 2258, 我不是完美小孩
01444177, 8.7, 1965, 地底三万尺
01985973, 9.1, 1238, 備忘錄
05940493, 8.6, 2216, 世界別為我擔心
05288371, 8.4, 2857, 蒋经国传
30296432, 8.6, 2136, 猴子·罗汉池
01089511, 7.6, 9485, 三少爷的剑
01088423, 8.8, 1616, 台北人
01471705, 8.7, 1815, 送你一匹马
01092614, 9.2, 1035, 蔡志忠古典漫画（全八册）
25764295, 8.3, 3013, 百年好合
01053914, 8.6, 2028, 游园惊梦
01072189, 8.8, 1586, 百年思索
30345416, 9.1, 1120, 铁浆
26305373, 9.4, 819, 慈禧全传
10563025, 9.0, 1233, 蒋勋说红楼梦（第七辑）
04201004, 9.4, 814, 民法思维
10564097, 9.0, 1217, 蒋勋说红楼梦（第八辑）
06829323, 7.9, 5121, 我，睡了，81个人的沙发
25762598, 8.9, 1276, 尽头
30276134, 9.0, 1132, 邦查女孩
03880846, 8.6, 1794, 学飞的盟盟
04213445, 8.0, 3939, 击壤歌
04723735, 8.8, 1370, 没有神的所在
01781120, 7.8, 5272, 可不可以不要上班
03223552, 7.8, 5261, 转山
01790132, 8.5, 1906, 那些年
34453066, 8.8, 1327, 送行
10354427, 8.1, 3241, 蒋勋说唐诗
10482102, 8.0, 3657, 蒋勋说宋词
26700745, 8.4, 2096, 南渡北归
11527635, 8.1, 3144, 鳄鱼手记
03693394, 7.9, 4231, 后青春期的诗
01048692, 8.8, 1258, 六祖坛经
02226178, 9.0, 1006, 城南旧事
20516996, 8.4, 2032, 陆小凤传奇3：决战前后
25977110, 8.2, 2644, 美的沉思
19995933, 8.6, 1561, 蓝色大门
04901590, 7.7, 5390, 初夏荷花时期的爱情
03644095, 7.9, 3806, 越读者
01471687, 8.9, 1046, 背影
25809148, 8.7, 1303, 孩子你慢慢来
06718250, 8.5, 1624, 生命的不可思议
04170274, 8.4, 1840, 只缘身在此山中
20418203, 8.4, 1839, 拥抱
25848538, 9.0, 911, 星空
02377014, 8.3, 2050, 阅读的故事
10466439, 8.5, 1579, 人与土地
01001895, 7.8, 4131, 靠自己去成功
04201009, 9.7, 456, 民法总则
01987995, 8.2, 2283, 在云上
01016261, 8.4, 1737, 狼嚎
26371292, 8.1, 2567, 不在他方
25803923, 7.8, 4000, 你是我不及的梦
03911404, 8.6, 1335, 一把青
03287781, 9.1, 773, 腹語術
26831788, 7.8, 3949, 旅行与读书
11601312, 8.6, 1318, 北京法源寺
26337806, 8.8, 1026, 树犹如此
25858712, 8.4, 1633, 这样装修不后悔（插图修订版）
03667132, 8.2, 2113, 侯孝贤电影讲座
01026884, 8.6, 1256, 左手的掌纹
25779213, 8.4, 1590, 蒋勋说文学
25964392, 8.8, 993, 不在他方
26584734, 8.1, 2343, 乐之本事
04621342, 7.8, 3535, 世纪末的华丽
05333081, 9.3, 579, 妈妈，买绿豆！
02023846, 8.2, 1962, 春香说
24875976, 8.3, 1720, 失落的优雅
01104808, 8.6, 1187, 烈火青春（1-13）
01062326, 6.9, 18186, 爱尔兰咖啡
11527634, 7.6, 4712, 蒙马特遗书
20516999, 8.0, 2501, 陆小凤传奇1：金鹏王朝
01088088, 7.6, 4611, 大人物
01262205, 8.4, 1457, 寂寞的十七岁
02294740, 7.6, 4495, 诚品副作用
01464824, 7.8, 3203, 交错时光的爱恋
06799513, 8.9, 799, 跨国灰姑娘
20516998, 8.1, 2073, 陆小凤传奇2：绣花大盗
10553189, 8.6, 1107, 传家
10834769, 7.7, 3545, 门外汉的京都
30382687, 8.4, 1344, 度外
26997078, 8.6, 1049, 梦里花落知多少
06749472, 8.1, 1926, 赖声川的创意学
25918820, 7.6, 3986, 吴哥之美
03662581, 7.6, 3976, 巫言
01889450, 7.8, 2904, 赖声川的创意学
26744154, 9.0, 666, 猫咪家庭医学大百科
05293823, 7.9, 2500, 四喜忧国
01028916, 6.9, 14750, 雨衣
10794355, 7.7, 3360, 台湾念真情
01340986, 7.6, 3919, 你睡不著我受不了
03056620, 7.7, 3304, 声音与愤怒
04067778, 8.5, 1121, 文字的故事
21363319, 8.2, 1617, 林清玄散文精选
01079708, 8.1, 1844, 写给大家的西方美术史
05976294, 9.1, 590, 撒哈拉歲月
02240757, 8.4, 1250, 孤獨六講
01089513, 7.6, 3786, 白玉老虎（上下）
01089519, 7.5, 4432, 大旗英雄传（上下）
30132713, 9.0, 628, 讲给大家的中国历史01
26726972, 7.9, 2263, 人生最美是清欢
26999709, 7.7, 3044, 孤独六讲
20397327, 8.0, 1945, 小李飞刀2：边城浪子（上下）
26847432, 8.1, 1696, 為了活下去
03078098, 8.6, 921, 哲学与人生
04311468, 8.3, 1296, 炎夏之都
06519779, 8.7, 810, TEA FOR TWO
01375428, 8.9, 655, 英雄志【十七】天之正道
04896497, 8.2, 1450, 一一风荷举
02973270, 7.7, 2916, 六弄咖啡馆
26995850, 8.4, 1125, 雨季不再来
10437353, 8.1, 1622, 我想遇见你的人生
20516992, 8.1, 1580, 陆小凤传奇5：幽灵山庄
21778489, 8.1, 1565, 萧十一郎
03056241, 8.5, 941, 烈火青春Part1
26416401, 7.3, 5147, 我敢在你怀里孤独
06826615, 7.8, 2298, 台北小吃札记
26293322, 8.3, 1178, 杨牧诗选 1956-2013
04908905, 8.4, 1044, Re：没有代表作
01056501, 8.2, 1326, 传统下的独白
26639786, 8.0, 1721, 舍得，舍不得
01054719, 8.3, 1159, 古都
01859798, 8.8, 652, 傷心咖啡店之歌
01349683, 8.0, 1660, 亂寫
25925760, 8.9, 584, 再见杨德昌
26997095, 8.8, 642, 温柔的夜
03910220, 7.5, 3402, 十四堂人生创意课Ⅱ
27662422, 7.6, 2866, 台风天
25715245, 9.1, 467, 台北人
06827451, 8.2, 1227, 美，看不见的竞争力
02081068, 7.8, 2087, 期待度
25933841, 7.1, 6647, 蔡康永的说话之道2
26310686, 8.6, 759, 鸟道
01450472, 7.9, 1766, 恐惧炸弹
26590901, 8.6, 742, 一百年漂泊
03662614, 7.9, 1732, 淡江记
27006978, 8.7, 656, 蒋勋说红楼梦（全八辑）
02054019, 9.3, 369, 听听那冷雨
02265482, 8.1, 1297, 遥远的乡愁
10483002, 8.5, 788, 中国人史纲（全两册）
10745270, 7.6, 2548, 只剩一个角落的繁华
01289044, 8.2, 1106, 画眉记
10601655, 8.2, 1094, 台北爸爸，纽约妈妈
05288521, 7.6, 2488, 时代的噪音
06826594, 8.1, 1233, 故事照亮未来
02024007, 8.6, 686, HBL之死亡时间
05423772, 7.8, 1823, 西夏旅馆
01367245, 9.1, 415, 人子
26738797, 7.7, 2100, 小说课（壹）
01968936, 9.1, 413, 城南旧事
26953532, 7.4, 3333, 白先勇细说红楼梦
25761068, 8.4, 828, 天桥上的魔术师
26842329, 9.4, 312, 瞬：陳綺貞歌詞筆記
20397341, 8.0, 1325, 楚留香新传2：蝙蝠传奇
25830077, 7.7, 1992, 阿尼玛
03662629, 8.3, 906, 黄金盟誓之书
01335318, 8.4, 798, 正信的佛教
34929521, 8.9, 472, 刺客列传
10568017, 8.5, 704, 传家
25699117, 8.1, 1122, 都是遗风在醉人
27082415, 8.3, 875, 恋恋风尘
04151253, 8.6, 622, 台湾流行音乐200最佳专辑（1975～2005）
03574008, 9.0, 414, 台北人
21778097, 8.2, 959, 七种武器 1：长生剑·孔雀翎
01263410, 7.7, 1855, 抢来的新娘
26995854, 8.5, 679, 稻草人手记
06026129, 8.3, 835, 高处眼亮
01020820, 7.8, 1571, 超越自己
01089509, 7.0, 5811, 圆月弯刀
06507880, 8.6, 595, 不睡觉世界冠军
25871638, 7.6, 2080, 品味四讲
26997185, 8.8, 482, 亲爱的三毛
04177701, 8.3, 820, 红气球的旅行
26808364, 8.0, 1177, 四季红
02219537, 8.6, 585, 火王（全14册）
25961455, 8.5, 648, 重读
10440147, 8.4, 718, 世间的名字
01926195, 9.0, 388, 地下鄉愁藍調
07051478, 9.0, 386, 詩60首
34835536, 8.5, 617, 西北雨
10529099, 8.2, 864, 笑红尘
01015807, 7.8, 1439, 肯定自己
20433557, 8.0, 1098, 文学江湖
25918436, 8.4, 679, 大唐李白·凤凰台
26657573, 8.3, 757, 眼前
01334117, 9.4, 263, 關山奪路
25836467, 8.3, 751, 正方形的乡愁
06729209, 7.7, 1603, 遣悲怀
02137802, 8.1, 928, 杀夫
10527118, 8.9, 395, 精品咖啡學 上
24530428, 7.6, 1786, 许倬云说历史：台湾四百年
02344563, 8.9, 390, 邱妙津日記(上下)
01064630, 8.2, 809, 半岛铁盒
01082186, 8.2, 807, 乞丐囝仔
25756932, 7.4, 2402, 两个故宫的离合
01802079, 8.8, 424, 余光中精选集
05914556, 7.6, 1694, 台湾味道
01786239, 8.8, 408, 烈火青春Part14
21778288, 8.2, 764, 七种武器 2：碧玉刀·多情环
34792357, 8.5, 548, 无伤时代
01347635, 8.3, 680, 十四堂人生创意课
01003373, 7.8, 1255, 李敖快意恩仇录
02972014, 8.1, 827, 巫言
26915721, 8.5, 521, 简单·丰盛·美好
01339908, 8.4, 570, HBL之契學修正【上】
03321469, 8.6, 459, 城南旧事
26178736, 8.6, 459, 字型散步
01321897, 8.0, 893, 岁月台湾
07916066, 7.6, 1517, 欲爱书
06027733, 7.5, 1756, 因为孤独的缘故
30382784, 8.3, 624, 水门的洞口
03072498, 9.0, 312, 孩子你慢慢來
01373144, 7.6, 1496, 陽具森林
06100952, 8.0, 861, 公寓导游
05935776, 9.0, 304, Angel―ビビアン・スー写真集
26738798, 7.7, 1269, 《小说课》（贰）
30476694, 9.3, 234, 我們與惡的距離
01127426, 7.2, 2660, 窗外
26427913, 8.8, 354, 农禅寺：水月
25731387, 7.9, 920, 理想的下午
26371102, 8.8, 345, 亲爱的安德烈（插图第2版）
21778498, 8.1, 714, 七种武器3：离别钩·霸王枪
02009489, 8.3, 566, 亞細亞的孤兒
06781409, 6.8, 5092, 窗里窗外
01036864, 8.4, 502, 余光中散文
26253697, 8.5, 452, 寂寞的十七岁
01738651, 7.2, 2442, 风铃中的刀声
11519297, 7.8, 1002, 台湾往事
01112779, 7.2, 2411, 上错花轿嫁对郎
10427207, 8.8, 331, 海邊的房間
01033866, 7.0, 3367, 浣花洗剑录（上下）
21346161, 9.1, 254, 法学方法论
01767763, 8.9, 297, 收信快乐
01079892, 7.8, 963, 橘子红了
20516997, 7.4, 1684, 陆小凤传奇4：银钩赌坊
27104297, 8.0, 745, 秀才的手表
24742929, 8.5, 419, 碎琉璃
26215044, 7.2, 2204, 我们台湾这些年2
35005125, 8.6, 376, 阅读的故事
19963470, 7.8, 917, 掉伞天
03793773, 9.0, 259, 没有神的所在
02211852, 7.6, 1164, 皇上说的是
19973737, 8.1, 613, 永远的尹雪艳
26117896, 8.2, 547, 故事的开始
25882989, 8.3, 484, 女儿红
20397329, 7.6, 1121, 小李飞刀4：天涯·明月·刀 飞刀又见飞刀（上下）
34868504, 9.1, 227, 商禽诗全集
06977672, 8.9, 267, 天橋上的魔術師
01347937, 9.1, 222, 怒目少年
25913083, 8.3, 466, 无人是孤岛
10515067, 7.8, 830, 杨德昌的电影世界
11540711, 8.6, 341, 阅读的故事
04124415, 7.9, 724, 虚拟街头漂流记
26373145, 7.5, 1214, 耳朵借我
03664305, 8.5, 366, 蔣經國傳（2009新版）
01101435, 9.1, 214, 倪亚达很不屑
25869991, 7.9, 696, 正义的成本：当法律遇上经济学
27034284, 8.4, 398, 教养在生活的细节里：洪兰 蔡颖卿 爱与智慧的对谈
26419652, 8.1, 545, 地下乡愁蓝调
06038174, 9.1, 209, 反景入深林
01704005, 7.3, 1545, 碧血洗银枪
05283569, 8.4, 385, 台湾
07916068, 7.6, 976, 路上书
33374199, 8.8, 261, 听听那冷雨
02142012, 8.7, 284, 台北人
01041591, 7.7, 841, 爱就注定了一生的漂泊
26390716, 8.2, 464, 大唐李白·将进酒
30261648, 8.0, 567, 情绪勒索
30267032, 8.8, 251, 巨流河
01765436, 8.5, 330, 藍石頭（精裝）
07916067, 7.5, 1050, 忘言书
05990205, 8.7, 271, 時光電影院
26416549, 8.1, 491, 兰屿之歌 清泉故事
21329129, 8.3, 394, 偽詩集
26997307, 8.7, 267, 流星雨
05301889, 8.0, 536, 我折叠着我的爱
26578184, 7.6, 870, 家的模样
10568084, 9.0, 202, 其後
05986543, 7.4, 1142, 11元的铁道旅行
06732242, 8.3, 382, 读者时代
27598697, 8.1, 472, 下辈子更加决定：叶青诗集
26644832, 8.2, 423, 政治是什么？
05394463, 8.9, 218, 那隻斑馬
10515312, 8.5, 311, 书店风景
01902945, 8.9, 217, 去帝國
25864000, 7.0, 2103, 台湾这些年所知道的祖国
25731355, 7.9, 586, 都市速写簿
20397334, 7.2, 1508, 楚留香新传1：借尸还魂
25740175, 8.2, 416, 奇来前书
04050400, 8.9, 215, 爱的3温暖
26705289, 7.7, 741, 三十三年梦
25820165, 8.5, 307, 田园之秋
02205654, 9.4, 145, 看示范·学水彩
27123526, 9.0, 196, 看见台湾
34392552, 8.3, 369, 暗恋桃花源
01822439, 8.4, 333, 謝謝你毛毛兔，這個下午真好玩
01043579, 6.6, 4203, 美容大王
06391164, 7.9, 562, 想我眷村的兄弟们
20395644, 7.6, 815, 大量流出
19955049, 8.3, 361, 精品咖啡学（上）
11542227, 9.2, 163, 幾米袖珍本2004-2006
25723702, 8.5, 295, 永远的少年
03265311, 8.1, 442, 乡愁
26422097, 7.6, 803, 这就是台湾
03667780, 7.4, 1053, 七月七日晴
19961797, 7.4, 1050, 少年台湾
01009052, 7.8, 618, 生生世世未了缘
01440196, 9.0, 186, 美丽深邃的亚细亚（全五册）
20431859, 8.4, 316, 我的山居动物同伴们
01760488, 8.0, 480, 杀夫
01343654, 8.7, 237, 幾米地下鐵：一個重新想像的旅程
30263503, 8.6, 259, 真確
26367370, 8.1, 420, 那时没有王，各人任意而行
03687743, 8.1, 415, 亚细亚的孤儿
30186233, 8.1, 412, 池上日记
01474793, 9.0, 178, 王鼎钧散文
25708094, 8.6, 250, 洛夫诗全集
03288165, 7.3, 1106, 阿嬰
30348030, 8.2, 363, 旱魃
10574746, 7.4, 945, 自在台湾
25958725, 8.3, 325, 王谢堂前的燕子
27045943, 8.3, 320, 品牌的技术与艺术
01876271, 8.7, 220, 異域
34392911, 9.2, 146, 宝岛一村
26940987, 7.5, 784, 文章自在
26369862, 8.1, 383, 浮光
26781744, 7.2, 1186, 台北女孩看大陆
04842450, 7.6, 671, 我者与他者
01786899, 8.2, 335, 又见棕榈 又见棕榈
19955048, 8.5, 250, 精品咖啡学（下）
25833477, 8.5, 248, 人与土地（增补本）
20516993, 7.1, 1326, 陆小凤传奇6：凤舞九天
26608213, 8.6, 226, 刹那时光
26894990, 8.6, 225, 祕愛色譜 (1)
01769559, 8.7, 206, 想我眷村的兄弟們
01032197, 7.0, 1540, 烟雨濛濛
26842354, 9.7, 98, 吉他手的小動作
02216174, 8.6, 223, 粉红色噪音
01212453, 6.5, 3754, 蛋白质女孩
01738645, 6.8, 2104, 剑花·烟雨·江南
26363718, 8.4, 264, 谁在银闪闪的地方，等你
30403440, 8.1, 354, 见字如来
33721000, 7.0, 1486, 冬将军来的夏天
30216251, 8.2, 319, 做工的人
26135620, 8.4, 262, 故事团团转
26759612, 8.9, 168, TYPOGRAPHY 字誌  Issue 01
28597532, 7.8, 486, 李敖自传
01055823, 8.7, 194, 纵欲与虚无之上
25903745, 7.6, 600, 微尘众：红楼梦小人物1
04120698, 7.7, 526, 下一站，幸福
05355710, 7.7, 524, 时光队伍
01873969, 7.1, 1179, 上山·上山·爱
11530736, 8.3, 271, 林清玄经典散文菩提十书之紫色菩提
05394464, 8.9, 160, 這隻斑馬
05966160, 8.2, 298, 許舜英購物日記
04061759, 8.1, 328, 阿鼻剑:寻觅、觉醒（上下部）
25915944, 8.4, 240, 人生三书
11632296, 8.3, 261, 老派約會之必要
04145423, 7.9, 390, 设计东京2.0
26210757, 8.4, 234, 你的孩子不是你的孩子
10563246, 7.5, 622, 跟我去台北
25884914, 7.6, 547, 水问
10539598, 7.7, 479, 飘零一家
01089499, 8.1, 305, 将军族
04729548, 7.7, 473, 跟云门去流浪
30209701, 8.8, 161, 天長地久
25895402, 8.9, 148, 郊遊
27082406, 8.0, 335, 一念：蔡明亮谈电影
26992957, 8.2, 273, 爱情社会学
03105516, 8.7, 170, Kellys私房口金包
01107519, 7.6, 510, 把握我们有限的今生
32582335, 8.4, 215, 我喜欢她，但是我迟到了
26894476, 8.6, 180, 华人育儿百科
06887668, 8.8, 151, 太陽的血是黑的
25977560, 8.8, 151, 在星空中的一隅
19974381, 7.4, 632, 味道台北
26921062, 7.9, 346, 台湾四百年
27038949, 8.0, 310, 人情之美
03230417, 8.2, 251, 經驗匱乏者筆記
10436653, 7.8, 377, 迷路的诗
01512741, 6.9, 1266, 护花铃（上下）
25895918, 8.2, 244, 1661，决战热兰遮
11444517, 9.9, 69, 寻找新民法
26281820, 8.1, 267, 人物速写
01781014, 8.2, 242, 我有友情要出租
34931986, 6.9, 1216, 怪奇事物所
03183090, 8.0, 291, 许倬云问学记
26373435, 7.5, 504, 蒋勋破解米开朗基罗
01022753, 7.6, 443, 离合悲欢总是缘
30222208, 8.0, 284, 一叶秋
21778316, 7.4, 562, 七种武器 4：愤怒的小马·七杀手
03669108, 9.1, 109, 商禽詩全集
26649824, 8.5, 174, 因为风的缘故
25750940, 8.1, 249, 想乐
26785998, 8.8, 132, 纵欲与虚无之上
25843222, 8.1, 239, 你不可不知的人性
03121640, 9.2, 97, 東周英雄傳(1)
27083219, 8.0, 263, 在台湾发现历史
30389581, 8.9, 120, 苦雨之地
27065155, 8.5, 165, 困守与反攻
33420833, 8.8, 129, 中华史纲
01042831, 7.2, 666, 中国性研究
34466510, 8.0, 257, 日日三餐，早·午·晚
26359066, 7.2, 652, 一瓢纽约
26678752, 9.0, 108, 我等就来唱山歌
34432297, 9.9, 61, 齒與骨
20516994, 6.8, 1160, 陆小凤传奇7：剑神一笑
26253696, 8.2, 203, 女儿
30560141, 8.7, 132, 大江大海
25890645, 7.5, 423, 脸之书
27591360, 7.6, 374, 诚品时光
26974774, 9.1, 97, 做工的人
25740177, 8.0, 241, 奇来后书
01925111, 7.8, 293, 不如去流浪
25862667, 8.2, 196, 解释的工具：生活中的经济学原理
01036937, 9.2, 89, 陈映真自选集
06793017, 9.2, 89, 野趣盆栽
01369500, 8.5, 149, 降生十二星座
01024249, 8.2, 192, 番薯人的故事
01476952, 7.9, 256, 酱缸
26426092, 9.1, 93, 野火集
26385621, 7.2, 577, 恋爱课
34939516, 9.0, 99, 鬼與天國 上
30334631, 8.1, 207, 古都
33406383, 8.9, 106, 民歌40
01418429, 9.3, 80, 忠孝公園
01114670, 6.9, 867, 庭院深深
04853177, 8.3, 169, 杀鬼
24744996, 7.5, 383, 旅行创意学
04038671, 8.7, 121, 陈映真文选
20397344, 6.9, 860, 楚留香新传4：新月传奇·午夜兰花
05986054, 7.6, 340, 我，作词家
03117244, 8.8, 112, 陈映真自选集
02342028, 8.3, 168, 收刀入鞘
03139355, 8.1, 201, 蒋经国传
03022874, 9.2, 83, 禁咒師Ⅶ
03401051, 8.2, 180, 抑郁与超越
27013547, 9.1, 88, 马拉松全方位科学训练指南
34842016, 8.9, 101, 鯨吞億萬
03434994, 9.5, 68, 占星学
26133987, 6.5, 1605, 云去云来
04715249, 8.8, 108, 没有围墙的学校
30247859, 7.4, 410, 那些闪电指向你
26279891, 8.3, 161, 台湾，请听我说
35008586, 8.0, 212, 想见你
04218980, 9.2, 81, 周夢蝶詩文集 卷二: 有一種鳥或人
26371103, 7.5, 360, 岁月台湾（第4版）
05288564, 8.4, 145, 欲愛書：寫給Ly’s M
06788195, 8.8, 105, 忠孝公园
26767764, 8.6, 122, 无悔
25986420, 8.5, 132, 第九味
26997408, 9.2, 79, 洛夫长诗
05966157, 8.0, 203, 許舜英古著文本
26997278, 7.9, 223, 滚滚红尘
01114699, 6.9, 762, 还珠格格(共三册)
26701176, 6.7, 1045, 美丽的权利
22145673, 9.4, 68, 债法原理
26925526, 7.8, 243, 白玉苦瓜
30164714, 7.7, 270, 战夏阳
26815878, 7.2, 489, 击壤歌
26771872, 8.3, 151, 岁月在，我在
25908729, 8.2, 164, 张晓风散文精选
21323613, 8.0, 196, 番薯人的故事
01775913, 8.7, 108, 戀戀風塵
03301838, 8.6, 116, 清香流動: 品茶的遊戲
02214270, 8.6, 115, 始皇(01)
11615474, 9.1, 80, 超越聲音藝術
01975667, 8.9, 90, 成為「日本人」
30485146, 7.7, 252, 我们都是有歌的人
26419655, 7.3, 395, 昨日书
04140512, 7.2, 439, 雨夜庄谋杀案
03805397, 7.3, 386, 少年冷血
27178748, 7.5, 298, 穷中谈吃
01950334, 7.8, 215, 从历史看时代转移（第二版）
01948777, 8.3, 135, 雨季不再来
03784922, 9.0, 78, 我在建中的日子
05408888, 7.5, 288, 美学的经济
26278192, 8.9, 83, 幌马车之歌[增订版]
26126393, 8.4, 120, 黃色小說
27598780, 7.3, 355, 雨水直接打进眼睛：叶青诗集
03290179, 8.7, 94, 梦里花落知多少
26685987, 7.6, 248, 月球姓氏
05243440, 7.0, 504, 陽痿美國
07836044, 8.1, 146, 台湾民主转型的经验与启示
03711186, 8.4, 112, 大雄
30135399, 8.5, 102, 山羌圖書館
25661917, 8.4, 109, 青春之歌
25930491, 7.6, 225, 初夏荷花时期的爱情
01114686, 6.8, 615, 失火的天堂
30178058, 8.2, 127, 小宇宙 ：现代俳句266首（全彩插画版）
04604953, 7.5, 248, 有光的所在
01114665, 7.1, 398, 几度夕阳红
02043286, 8.0, 149, 儿子的大玩偶
03026275, 8.3, 115, 台湾诗人十二家
06535800, 7.2, 346, 我是许凉凉
01269911, 7.6, 215, 奇迹安琪拉
26944445, 7.5, 236, 摩天大楼
21458711, 7.7, 191, 阅读是最浪漫的教养
30166849, 7.6, 211, 听闻
03244227, 8.8, 76, 夏日烟愁
26344840, 6.7, 655, 丑陋的中国人
11587505, 7.7, 188, 附魔者
01666371, 6.6, 761, 梅花烙
26854985, 8.1, 128, 對號入座
02351258, 8.0, 138, 剑海鹰扬
24828689, 7.4, 250, 菜市场里的大厨
25854376, 8.8, 73, 那些閃電指向你
06938853, 7.7, 180, 後青春期的詩
25919471, 8.5, 90, 寻豆师
30176009, 7.9, 147, 我们台湾这些年(Ⅰ)
02137742, 7.1, 350, 我的故事——琼瑶自传
34982185, 7.8, 161, 时间龙
03121639, 8.4, 96, 刺客列傳
30124872, 8.1, 121, 纯真的担忧
34429360, 8.8, 71, 认得几个字
26848011, 9.4, 49, 等待花開時   3
02150764, 8.7, 76, 楊牧詩集Ⅰ
26315806, 7.8, 158, 台湾往事
03553282, 9.5, 46, 同化的同床異夢
01114685, 6.7, 582, 燃烧吧! 火鸟
30208052, 7.5, 209, 漫游者
04736042, 7.7, 170, 又见棕榈，又见棕榈
19961100, 8.4, 91, 廿四分之一挑食
01432095, 9.1, 55, 寂寞的遊戲
01334641, 8.1, 112, 旋風
34808482, 8.5, 81, 失焦的深度 上
24743903, 7.0, 344, 绝不低头
27024344, 9.1, 53, 十年再见 杨德昌
34962620, 7.5, 188, 想見你
03121641, 9.0, 56, 東周英雄傳(2)
01007877, 7.9, 127, 微雨魂魄
26930659, 8.4, 84, 可以哭，别认输
30401156, 7.5, 179, 生活是甜蜜
04715248, 9.0, 54, 移动的学校
26760360, 6.5, 649, 轻描淡写
30364256, 8.4, 80, 台湾小吃全书
26881327, 7.4, 195, 所有的遗憾都是成全
25796204, 6.7, 464, 想念，却不想见的人
26706618, 7.9, 118, 种地书
34997652, 9.0, 52, 云淡风轻
01090046, 6.8, 385, 聚散两依依
30244061, 7.1, 259, 国宴与家宴
10461392, 6.4, 701, 筆記女王的手帳活用術3
25743432, 9.1, 48, 彳亍躓頓七十年
01421907, 8.7, 61, 誰在那邊唱自己的歌
06717547, 8.6, 65, 送給孩子的字
27593625, 8.0, 102, 红茶经
26835958, 9.2, 44, 等待花開時 2
01000437, 6.4, 658, 索多玛城
27040809, 9.0, 49, 刺客列傳: 大師經典珍藏版
01366990, 8.3, 78, 吉陵春秋
27067762, 8.2, 84, 台湾史学史
34978184, 8.8, 55, 想見你 寫真書
01127425, 6.5, 540, 青青河边草
10565036, 8.5, 66, 我經過了一首詩
01073876, 7.2, 207, 中国命研究
25901647, 7.8, 113, 假如，给你一间老房子
34882634, 7.3, 184, 哪吒
01114706, 8.2, 80, 悲悯情怀
22741368, 7.9, 101, 探险途上的情书
26992417, 7.1, 225, 少年台湾
03532342, 8.9, 49, 臺灣
26832582, 8.3, 73, 何为正义
30294375, 7.5, 142, 树犹如此
26751836, 8.9, 48, 單車失竊記
10426917, 9.3, 38, 回首我們的時代
26720133, 9.4, 36, 左眼台湾
30468656, 7.9, 97, 我还有一片风景要完成
26958848, 6.7, 354, 台湾战后七十年
30270062, 8.2, 75, 估算錯誤的不幸戀愛故事
01125380, 6.5, 462, 还珠格格(第1部共2册)
01375081, 8.6, 55, 王考
34461452, 8.4, 63, 羅曼史作為頓悟
25785271, 7.2, 181, 男人的菜市场
34353668, 9.1, 40, 把你的心跟肺挖出來帶回鄉下餵狗
07053841, 6.2, 717, 台湾，你一定要去
01083937, 7.5, 129, 我是街上的游魂而你是闻到我的人(伍佰诗歌集1990-2002附写真集)
01372690, 9.0, 42, 悲傷
02304032, 7.7, 106, 抓住一个春天
30485155, 7.0, 218, 爱的24则运算
26414520, 7.1, 192, 迷宫中的恋人
26945042, 7.5, 121, 失落的优雅
26716268, 8.9, 42, 戰後臺灣政治史
25843109, 7.0, 203, 被误解的台湾史
26829060, 8.6, 50, 等待花開時 1
01090039, 6.6, 336, 雁儿在林梢
26708567, 7.8, 90, 饮膳札记
02150766, 9.2, 35, 楊牧詩集Ⅱ
25887109, 7.2, 157, 活着你就得有种
26390364, 8.7, 46, 民歌40
05399270, 8.5, 52, 名家散文经典
25953659, 7.4, 124, 台共党人的悲歌
03870395, 8.6, 48, 殺鬼
03014710, 8.0, 72, 黃金盟誓之書
01088777, 6.2, 576, 剑毒梅香（全三册）
01262063, 7.5, 109, 愫细怨
01114672, 6.5, 341, 白狐
26825048, 8.1, 64, 一本书读懂台湾史
03044962, 6.6, 288, 虛擬的十七歲
26344552, 8.1, 63, 55歲開始的Hello Life
01114678, 6.6, 281, 秋歌
01434061, 7.0, 170, 鬼丈夫
01642014, 7.9, 71, 看海的日子
04140513, 7.1, 145, 尼罗河魅影之谜
03268814, 8.7, 40, 萧敬腾的成年礼
10825645, 7.3, 117, 即将消失的百年美味
20512916, 7.7, 81, 第十九層地獄
03142886, 8.5, 45, 余光中六十年詩選
03788644, 8.5, 45, 體物入微
27001613, 8.3, 51, 谁创造的经济奇迹？
01340372, 8.8, 37, 茶、糖、樟腦業與臺灣之社會經濟變遷
01114688, 6.5, 292, 望夫崖
01776348, 9.1, 31, 猴杯
26779207, 7.3, 112, 藏在小日子里的慢调台湾
04844772, 8.3, 49, 夜行之子
06068237, 8.9, 34, 楊牧詩集 Ⅲ
20472541, 8.1, 56, 昔我往矣
26358466, 7.6, 83, 父后七日
01114671, 6.6, 238, 星河
26299317, 7.4, 97, 里台湾
26671012, 8.7, 37, 永別書
01114675, 6.5, 262, 浪花
30362180, 9.5, 24, 奴工島
27664296, 8.8, 34, 刺蔣
27591155, 7.8, 66, 迷宫书店
26657352, 7.0, 137, 云淡风轻近午天
33372630, 8.4, 41, ROMEO羅密歐 3
25858001, 7.5, 79, 台湾舌头
25919826, 6.8, 160, 王道剑
30298074, 7.8, 61, 國際橋牌社的時代
20453514, 8.4, 40, 始皇
25895059, 8.8, 31, 書店本事
03174297, 9.1, 26, 滚滚辽河
30176010, 7.2, 97, 我们台湾这些年(Ⅱ)
01363614, 7.1, 106, 北港香爐人人插
01114676, 6.1, 381, 碧云天
26416715, 8.5, 35, 台海‧冷戰‧蔣介石
03865361, 7.8, 55, 涩女郎(1-4)(青春酷活版)(套装共4册)
30283331, 7.2, 87, 冲吧！大小姐
25857455, 8.2, 38, 鲁冰花
05386093, 7.9, 46, 微雨之城
34807829, 8.3, 34, 朝藍天呼喚·續
01351797, 7.9, 44, 讓高墻倒下吧
33191981, 9.0, 23, 一邊夢遊，一邊鎌倉
03721236, 9.4, 19, 深淵
01433964, 6.9, 98, 夢的衣裳
25984505, 9.1, 21, 真實的叩問
27622100, 9.2, 20, 關山奪路: 王鼎鈞回憶錄四部曲. 3
10457059, 8.1, 36, 惑鄉之人
03036904, 8.8, 24, 十字架上的校長：張敏之夫人回憶
01114687, 6.9, 93, 剪不断的乡愁
01117077, 5.8, 421, 边城刀声
03317797, 7.6, 49, 戀愛大過天
25944695, 8.5, 27, 寻猫启事
26720014, 8.2, 32, 學著，好好愛
05421809, 8.3, 30, 彩虹熟年巴士
34812232, 8.0, 36, 率真的你&amp;做作的我
25698257, 7.8, 41, 路
04027803, 8.3, 29, 希望教室
34650113, 7.4, 53, 悬崖边的树
04213360, 8.1, 32, 妖怪純情詩
25968028, 7.8, 38, Mao Cult
02334213, 7.4, 51, 皇帝和他們的權力
33437348, 9.3, 17, 绿岛家书
27664523, 8.0, 32, 這也不算是戀愛。
30387530, 6.9, 76, 優しいパンツの脱がせ方
33424062, 8.2, 28, 拚教養
01361906, 8.0, 31, 青春之歌
26857127, 9.3, 16, 台灣之胱
26201252, 8.5, 23, 陈映真的第三世界
30181107, 7.3, 50, 美食的誘惑
01433980, 6.6, 97, 金盞花
34841109, 7.8, 34, 菜市场鱼图鉴
26942607, 8.3, 25, 重游我庄
26671816, 6.4, 113, 弃的故事
19972312, 8.2, 25, 神‧鬼‧祖先
03310576, 8.7, 19, 赵南栋-陈映真选集
27091306, 8.8, 18, 花鳥風月(06)限定版
26919148, 6.7, 76, 赤い糸の執行猶予
26632953, 7.4, 40, 英派
34849054, 8.1, 25, 蔡康永的情商課2：因為這是你的人生
30360215, 7.4, 39, 俺達は新婚さんかもしれない
01887988, 8.7, 18, 散步到他方
25951996, 8.7, 18, 楊牧詩選. 1956-2013
26337439, 6.4, 98, 关键十六天
02257278, 7.6, 32, 台湾三十年
27075331, 8.2, 22, 我將前往的遠方
26944198, 7.9, 26, 翻譯偵探事務所
34792546, 9.3, 13, 我不可告人的乡愁
03317789, 7.2, 40, 爱情限时挂号
27606025, 8.0, 23, 臺灣的想像地理
03874400, 8.3, 19, 回歸現實
02335268, 7.5, 29, 世间女子
04817573, 8.7, 15, 戀影天使 2
30463232, 7.9, 22, 本来
03621619, 8.5, 16, 身體政治與媒體批判
33379182, 7.6, 25, 微晕的树林
01434054, 6.5, 55, 一顆紅豆
01762470, 8.4, 15, 展示臺灣
01208841, 7.4, 26, 台湾黑社会内幕
01017489, 7.9, 18, 彼岸视点-美国国家地理杂志中国探险纪实（1.2册）
33420913, 7.9, 18, 鱼龙舞01
01433975, 6.2, 65, 紫貝殼
34808314, 8.2, 15, 甜蜜身高差
01769588, 7.6, 20, 好男好女
26682117, 8.8, 11, 時尚現代性
30344071, 5.7, 110, 雨狗空间
06857061, 8.3, 13, 想望台灣
34807848, 8.3, 13, 玫瑰人生 01
30400232, 6.8, 29, 想摸我就回來我身邊
34791795, 6.6, 33, 生死之間
30172285, 6.8, 27, 酱缸震荡
19964309, 7.3, 19, 台湾黑猫旅社
30228632, 7.3, 19, ネコにはいぬを ワンもあ
02215912, 8.6, 10, 台湾
30181359, 7.4, 17, 我們告別的時刻
34792551, 7.7, 14, 盛夏的事
26676066, 7.5, 15, 黑水
02368229, 7.5, 14, 在亞洲的星空下
30289293, 7.5, 14, 如此人生
34807819, 8.0, 11, 永不結束的福利時間
30417656, 6.7, 23, 我的小小吸血鬼
26337465, 7.6, 13, 少女之愛
26598280, 6.4, 28, 遇见生活中的小情调
26698195, 7.9, 11, 台湾早期史纲
04743676, 7.7, 12, 「去日本化」「再中國化」
01114703, 7.0, 17, 烛光·秋夜·紫罗兰
26351347, 7.0, 15, 台北巷弄日和
03104563, 6.6, 19, 解構鄭成功
34481372, 7.6, 10, 鱼龙舞03
20494130, 7.0, 13, 台湾史稿（上下卷）
30417665, 6.5, 17, 我的主子愛王子
26648714, 7.1, 11, 猛獸校園日記
34939009, 6.8, 13, 高嶺の花は、散らされたい 下
33396066, 6.3, 15, 寻租中国
34821318, 5.1, 19, 絕倫地獄～再次懷上我的孩子吧。(01)
24844073, 0.0, 10, 找回无条件的爱
35025705, 0.0, 10, 清香流动
01387275, 0.0, 13, 龍應台當官
03915900, 0.0, 30, 完全私家侦探手册
35044057, 0.0, 31, 匡超人
35023261, 0.0, 185, 猴杯
