2020-07-05 15:59:58

number of books, tag name
193, 史记

ID, rating, votes, title
06082808, 9.2, 294573, 百年孤独
01873231, 8.7, 182708, 明朝那些事儿（壹）
01077847, 9.5, 16880, 史记（全十册）
01059258, 9.4, 12589, 道德经精义
01813841, 8.7, 32089, 枪炮、病菌与钢铁
01046492, 9.3, 12142, 國史大綱（上下）
02326571, 8.5, 28324, 琅琊榜
01675478, 9.1, 10699, 天朝的崩溃
01836555, 9.5, 4565, 史记
01072295, 9.4, 3722, 資治通鑑（全二十冊）
01000280, 8.5, 7247, 袁氏当国
01433477, 9.4, 2182, 史记
10436418, 8.9, 2773, 战争与革命中的西南联大
01844629, 8.5, 3979, 灿烂涅槃
05390091, 8.6, 2460, 人皮论语
02363834, 8.8, 1640, 春秋大义
01870003, 8.5, 2221, 二十位人性见证者
05362836, 8.6, 1465, 我的抗战
06779397, 9.6, 506, 史记
25660928, 9.7, 454, 史记（点校本二十四史修订本）
10740958, 8.8, 1025, 剑桥中国史（全十册）
02140283, 8.2, 2030, 国破山河在
25957263, 9.7, 366, 史记（全十册）
05416832, 7.6, 4063, 辛亥：摇晃的中国
02701417, 9.2, 514, 史记（全四册）
02333837, 7.9, 2250, 雨天炎天
02275558, 9.1, 494, 中庸
01223765, 8.3, 1104, 请宰了我
02058145, 8.0, 1571, 王立群读《史记》之汉武帝
26716260, 8.1, 1335, 中国文学史
25751114, 7.8, 1898, 易中天中华史：从春秋到战国
01212800, 8.9, 498, 从黎明到衰落
34929521, 8.9, 472, 刺客列传
04892923, 9.1, 373, 古典学术讲要
04745305, 7.6, 1927, 北洋裂变
01048943, 9.3, 281, 古代汉语词典
02081341, 9.1, 315, Neil French
01823064, 8.0, 970, 倾听村上春树
02069630, 9.1, 307, 史记
02121038, 8.6, 481, 白话史记（上中下）
01170187, 9.2, 270, 史记
03272882, 8.0, 868, 王立群读《史记》之秦始皇（上）
34781358, 8.2, 655, 史记的读法
02347287, 9.5, 174, 史记
02008542, 8.7, 332, 创意之道
24863350, 7.4, 1544, 易中天中华史：文明的意志与中华的位置
01494156, 9.4, 165, 资治通鉴（全四册）
04915729, 9.2, 175, 史记（全九册）
01277757, 9.4, 148, 史记选
02171187, 8.2, 392, 华北的叛乱者与革命者（1845—1945）
05403728, 9.2, 152, 史记（全四册）
02285534, 9.1, 163, 震川先生集（上下）
05288681, 8.6, 235, 被“废除不平等条约”遮蔽的北洋修约史（1912-1928）
27599929, 9.4, 103, 史记新本校勘
02222530, 8.5, 200, Oxide 2X
01919099, 8.0, 311, Zoom in Zoom Out
26359328, 9.8, 72, 史记会注考证
03183159, 7.4, 565, 王立群读《史记》之吕后
25895144, 8.9, 127, 秦始皇
01448404, 8.3, 209, 史记精读
01633090, 9.7, 73, 二十四史全译
25728569, 8.8, 130, 父子大学
03323331, 8.8, 117, 文白对照全译资治通鉴（第一辑 全三册）
26584741, 8.2, 187, 《史记·太史公自序》讲记（外一篇）
26929156, 9.3, 79, 史记:精注全译（全6册）
03401051, 8.2, 180, 抑郁与超越
03006510, 7.3, 469, BL新日本史
03067807, 9.3, 76, 中華二千年史
01918723, 7.4, 403, 整形日本
03055638, 8.2, 173, Print Work
01664102, 9.1, 85, 卡夫卡精选集
06713540, 7.8, 242, 大风歌（下）
27104147, 7.8, 241, 宫崎市定解读《史记》
10679323, 8.0, 197, 汉武帝的三张面孔
01945559, 8.6, 108, 司马迁之人格与风格
01022985, 9.2, 70, 史记
26925117, 8.2, 141, 天人之际
19912135, 7.6, 229, 清亡启示录
26990451, 9.0, 69, 中斷的天命
10439185, 9.5, 48, 史记（全四册）
20442103, 8.2, 116, 章服之实
01391803, 8.7, 78, 史记笺证
02110197, 9.4, 50, 史记
02106053, 8.3, 102, 汉代风云人物之吕后－CCTV百家讲坛6DVD
01451669, 8.5, 86, Radiohead
01058607, 7.4, 232, 味之旅
19935184, 9.1, 55, 照片中的世界史
30168601, 9.6, 41, 古典学术讲要
03251003, 9.6, 40, 于阗史丛考
01789051, 8.0, 112, Sticker Graphics 2
01821126, 8.3, 83, Tattoo Icons Victionary 3
01475426, 8.8, 56, Tokyo Art Directors Club Annual 2004 (Adc Tokyo Art Director&#39;s Club Annual)
01921590, 8.9, 51, 史记志疑
01346615, 8.1, 86, Sticker Graphics
02004353, 7.8, 101, LOGOLOGY
26874156, 7.9, 89, 王立群读《史记》之文景之治
30129248, 9.6, 28, 史记选
02182760, 8.6, 48, 史记菁华录
03359698, 9.0, 36, 史记
03072866, 9.1, 33, 史記
26865879, 8.4, 49, 少年读史记·霸主的崛起
25768697, 8.4, 46, 司马迁之人格与风格
02130681, 9.0, 32, 史记
11532748, 6.7, 212, 《史记·五帝本纪》讲稿
01041653, 7.9, 61, 历史大讲堂
02342877, 6.6, 223, 披头士
01792478, 8.3, 45, 史记新证
30313440, 7.9, 57, 中国古代文学：从《史记》到陶渊明
30370326, 8.1, 49, 司马迁的故事
04237960, 7.5, 77, 司马迁笔下的牛人们
01793837, 7.4, 84, musa book
04322857, 8.4, 38, 中国小说史略
02146111, 9.7, 19, 全注全译史记
03192639, 8.0, 46, 史记之魂（全二册）
03501306, 9.2, 23, 史记-(插图珍藏本)(文白对照全译)(全四册)
30302974, 8.5, 31, 壶里春秋
04724401, 7.7, 51, 從《史記》到《漢書》
26945087, 8.5, 30, 史记
34790294, 7.5, 59, 历史与正义
25715870, 9.0, 23, 《史记》选读
27031280, 7.6, 54, 陈舜臣说《史记》：帝王业与百姓家
05383584, 8.8, 25, 史记菁华录
26899137, 7.9, 39, 史记精读（第二版）
01085729, 7.0, 80, IT史记1
03731059, 8.6, 24, 史记选
02215721, 9.3, 17, 诗经-中文经典100句
04833787, 9.4, 16, 中国史纲
26738865, 7.8, 36, 历史的个性：兵家
01064266, 7.1, 62, 欧洲绘画史
02280848, 8.8, 20, 百家汇评本（上下册）
03172748, 9.6, 14, 史记(1-10)
26738861, 7.8, 34, 历史的个性：江湖
30396151, 7.4, 42, 武帝文教与史家笔法
19995707, 8.5, 21, 战国子家叙论 史学方法导论 史记研究-傅斯年文集
01414709, 8.1, 26, 史记鉴赏
01959327, 8.6, 19, 史记编纂学导论
02568992, 7.1, 49, 史记讲座
01147357, 7.8, 29, IT史记3
01351078, 7.5, 35, Dotmov
26427967, 9.2, 14, 读书杂志
10544206, 8.8, 16, 史记  全本/文白对照  全四册
02085872, 7.1, 44, 趣读史记：不可不知的十九类《史记》事件
02143955, 6.9, 50, 乱世浮生
01832721, 7.8, 24, 史记选评
21964877, 7.3, 31, 司马迁的微小说
05432494, 7.5, 26, 商族起源与先商社会变迁
26387785, 7.3, 28, 司马迁之志
01082709, 7.6, 23, IT史记4
02308307, 8.0, 18, 史记详节
03369832, 7.8, 20, 关注
25898413, 9.0, 11, 名家集评全注全译
01709738, 7.6, 21, 白话史记(上下)
06030082, 7.6, 19, 史记研究
01325537, 7.9, 16, 史记全译
01738791, 6.5, 37, 史记讲读
30216467, 8.3, 12, 天学真原
03361359, 8.1, 13, 史记论文 史记评议
01559708, 7.2, 21, 《史记·货殖列传》研究
23566646, 6.4, 39, 纪连海点评史记（上下册）
27138604, 8.0, 13, 日本《史记》研究论稿
26852506, 8.6, 10, 史记观止
33374778, 8.6, 10, 史记书录
02127163, 6.3, 35, 趣读史记
25974760, 7.7, 13, 读史有学问
01789552, 7.1, 18, 改變世界的100天
01546920, 7.0, 19, 《史记》文献学丛稿
07052089, 6.3, 32, 读史有学问
01200414, 6.7, 22, 司马迁评传
01441666, 7.9, 11, 史记注译
19962309, 5.9, 45, 追问大历史
30136867, 5.9, 44, 《史记》人物四十五讲
01072392, 7.0, 14, 史记十大名篇解读
25794173, 7.6, 10, 最美国学·史记
02160057, 7.2, 11, 蚁国史记
01197953, 6.8, 13, 史记版本研究
03249328, 6.7, 13, 《史记》解读
02175500, 6.4, 14, 史记全译
03174567, 6.6, 12, 史家绝唱.司马迁
03273226, 6.5, 11, 史记新论
02179553, 5.8, 17, 半夏读《史记》
04827731, 6.2, 12, 史记十五讲
02380608, 6.0, 11, 秦汉历史地理与文化分区研究
02177968, 5.8, 12, 读史记心得
01197090, 0.0, 10, 史记选注集说
01542613, 0.0, 10, 史记新注
01830953, 0.0, 10, 史記菁華錄
06785830, 0.0, 10, 《史记》商周史事新证图补（壹）
10570955, 0.0, 10, 漫画史记
01623434, 0.0, 11, 史记研究集成
03174113, 0.0, 11, 史记 文白对照
03409079, 0.0, 11, 史记
03399079, 0.0, 13, 史記(01)
02181470, 0.0, 17, 史记
