2020-07-05 15:59:58

number of books, tag name
443, 启蒙

ID, rating, votes, title
06082808, 9.2, 294573, 百年孤独
01200840, 9.0, 251383, 平凡的世界（全三部）
01082154, 9.1, 190796, 活着
01041007, 9.1, 170784, 哈利·波特与魔法石
01858513, 9.0, 135111, 月亮和六便士
01071241, 9.0, 131714, 哈利·波特与阿兹卡班的囚徒
01046209, 9.2, 88884, 安徒生童话故事集
01009257, 9.0, 126015, 哈利·波特与火焰杯
01054685, 9.1, 100731, 沉默的大多数
01089243, 8.9, 124072, 黄金时代
02295163, 9.0, 100634, 哈利·波特与死亡圣器
03995526, 8.6, 185203, 目送
01432596, 8.8, 109944, 哈利·波特与混血王子
01209899, 9.1, 59159, 我与地坛
01013129, 8.7, 106672, 哈利·波特与凤凰社
04238362, 8.6, 126794, 送你一颗子弹
01082387, 9.3, 35131, 一九八四·动物农场
01002898, 9.2, 37773, 父与子全集
03369793, 8.6, 102482, 亲爱的安德烈
03608208, 8.5, 120385, 牧羊少年奇幻之旅
01045818, 8.5, 105805, 苏菲的世界
03576486, 9.1, 31090, 小狗钱钱
03162991, 9.6, 14971, 艺术的故事
03813669, 8.6, 69120, 民主的细节
01085470, 8.5, 80221, 海底两万里
01192090, 8.7, 53417, 球状闪电
01883245, 9.4, 17420, 诗经
01775691, 8.4, 81346, 少有人走的路
01011754, 8.9, 33452, 海子的诗
02284311, 8.8, 37675, 苏菲的世界
01035848, 8.7, 44558, 一千零一夜
01036274, 8.6, 51786, 夏洛的网
01018136, 9.1, 21044, 动物庄园
01012611, 8.2, 98206, 乌合之众
01013208, 8.4, 63346, 如何阅读一本书
01059258, 9.4, 12589, 道德经精义
01865089, 8.4, 51684, 瓦尔登湖
01789837, 9.0, 18077, 射雕英雄传
01033778, 8.3, 58349, 富爸爸，穷爸爸
01213546, 8.4, 40967, 变形记
01056315, 8.8, 17437, 总统是靠不住的
02160556, 9.1, 10182, 十万个为什么
01102715, 9.1, 9674, 从一到无穷大
01277981, 8.8, 13601, 社会契约论
01001885, 8.5, 21774, 带一本书去巴黎
01008189, 8.9, 11519, 西方哲学史（上卷）
01060774, 8.7, 14596, 君主论
01041385, 9.2, 6982, 论美国的民主
01049354, 8.6, 16375, 又寂寞又美好
01026035, 9.1, 7781, 你看起来好像很好吃
20463108, 8.3, 26235, 观念的水位
01050339, 7.7, 77672, 文化苦旅
27013716, 8.9, 9348, 沉默的大多数
01883353, 8.8, 10340, 野性的呼唤
01255500, 9.2, 5540, 动物农场
01483522, 9.3, 4843, 365夜
10750155, 8.7, 10768, 数学之美
01186392, 8.7, 10622, 约翰·克利斯朵夫
01054917, 8.5, 14082, 沧浪之水
01040466, 8.9, 7571, 谈美
01962923, 8.6, 11344, 西班牙旅行笔记
01026425, 7.4, 108283, 三重门
01092149, 8.7, 9379, 梵高传
01000534, 9.2, 4695, 中国少年儿童百科全书
11445548, 8.5, 12512, 自私的基因
01225983, 8.7, 8729, 万物简史
01292409, 9.1, 5025, 人生的智慧
03860856, 8.1, 22173, 可爱的洪水猛兽
03711709, 8.7, 8252, 娱乐至死 童年的消逝
03291111, 8.5, 11107, 富爸爸穷爸爸
01230413, 9.5, 2761, 深入理解计算机系统
01012032, 8.6, 8484, 查拉图斯特拉如是说
02212371, 9.1, 4185, 先知
04953695, 7.8, 31692, 拆掉思维里的墙
04099464, 9.3, 3033, 一九八四
01216737, 9.0, 4238, 纯粹理性批判
02213272, 9.4, 2578, 1984
01047138, 7.8, 26888, 少年维特的烦恼
01907199, 8.6, 6902, 扫起落叶好过冬
01049522, 8.8, 5138, 西西弗的神话
01201821, 8.0, 16720, 梦的解析
01025643, 8.8, 4788, 全球通史
01108762, 9.3, 2563, 诗经
01054889, 7.7, 26355, 行者无疆
02240482, 8.0, 14922, 走到人生边上
01077778, 8.1, 11798, 爱的教育
01027247, 7.8, 18689, 丑陋的中国人
14439405, 8.9, 3428, 哲学的故事
01454687, 9.0, 3024, 政府论（下篇）
01024062, 9.6, 1518, 卡拉马佐夫兄弟
01400195, 8.7, 4285, 论自由
01001204, 7.9, 14594, 山居笔记
01657455, 8.6, 4790, 论人类不平等的起源和基础
25749845, 8.4, 6279, 把时间当作朋友（第3版）
01048930, 9.0, 2687, 联邦党人文集
01045201, 8.2, 7548, 哲学的慰藉
02193876, 8.8, 3198, 浮士德
01468426, 8.7, 3634, 利维坦
01873569, 9.3, 1758, 郑渊洁童话全集(33卷)
02003111, 9.2, 1910, 格林童话
03740431, 8.4, 5306, 灵魂只能独行
01024846, 9.2, 1825, 所罗门王的指环
04016689, 9.1, 1993, 王小波全集（第一卷 杂文）
01022318, 8.7, 3245, 爱弥儿
06749832, 9.0, 2221, 复杂
01204488, 8.4, 4666, 格兰特船长的儿女
06430022, 8.6, 3355, 一路走来一路读 （增补本）
01255237, 8.6, 3166, 纸牌的秘密
01048173, 8.1, 6289, 忏悔录
01020407, 8.9, 2101, 庄子说
01010898, 7.7, 11779, 格列佛游记
01026655, 8.4, 3807, 相约星期二
01021056, 7.1, 37959, 谁动了我的奶酪？
01048441, 8.3, 4283, 透明的哀伤
30276984, 9.1, 1551, 女性主义
01027280, 9.2, 1389, 柏拉图的《会饮》
01825593, 9.4, 1092, 小学生十万个为什么
01016930, 9.0, 1552, 论法的精神（上）
01228109, 8.4, 3185, 朝花夕拾
03090693, 9.5, 880, 小学生十万个为什么
01087758, 7.3, 19657, 花季雨季
03025921, 7.7, 8383, 黑天鹅
04240969, 8.7, 1947, 民主是一种现代生活
06878212, 7.9, 5914, 一个村庄里的中国
01027030, 8.5, 2158, 常识
01204911, 8.8, 1454, 洋葱头历险记
04115323, 8.7, 1601, 论人类不平等的起源
01254278, 8.7, 1590, 思想录
02189613, 8.4, 2298, 战胜华尔街
02209227, 8.2, 2999, 一个孤独漫步者的遐想
05422665, 8.0, 3951, 大设计
01162773, 9.0, 1089, 地狱一季
01049215, 7.4, 10482, 借我一生
26864166, 9.3, 783, 声律启蒙：吴冠中插图珍藏版
01471580, 8.8, 1297, 老子说
01207847, 8.5, 1847, 增广贤文
01048692, 8.8, 1258, 六祖坛经
01024785, 9.1, 886, 西方现代思想史
01310233, 8.7, 1283, 世界五千年
01178535, 8.7, 1255, 人性论（上下）
01051226, 9.7, 432, 阶梯新世纪百科全书
10539147, 9.3, 611, 宇宙的结构
01810944, 8.7, 1052, 启蒙辩证法
03132641, 8.7, 1032, 中国现代思想史论
01052937, 8.3, 1566, 打喷嚏
06877598, 8.7, 972, 士人风骨
26605738, 8.6, 1077, 做孩子最好的英语学习规划师
01051659, 8.9, 753, 我与你
01079962, 9.0, 666, 论法的精神（下）
01045718, 8.5, 1133, 菜根谭――人生的滋味
01358806, 8.9, 725, Sophie&#39;s World
01227966, 7.8, 2719, 你的第一本哲学书
05402682, 7.4, 5080, 牛奶可乐经济学
01073535, 9.1, 559, 人与自我
01815627, 8.6, 838, 书斋里的革命
26591910, 9.1, 503, 历史的巨镜
03284954, 8.8, 676, 三字经
01260295, 9.6, 318, 可怕的科学（共57册）
01048109, 8.6, 817, 第三波
01080223, 9.2, 443, 人与国家
01044934, 7.9, 1905, 橙色女孩
01046202, 9.0, 526, 自由选择
01276771, 8.1, 1427, 政府论（上篇）
01228775, 8.5, 856, 玫瑰的名字
01048672, 8.0, 1578, 尼采生存哲学
01511983, 8.6, 756, 劝学篇
01253974, 9.1, 425, 纯粹理性批判
06826594, 8.1, 1233, 故事照亮未来
01227223, 8.6, 688, 哲学导论
30181355, 9.2, 383, 谈美
01099275, 8.7, 614, 论人类不平等的起源和基础
01224733, 8.7, 610, 开明国语课本（上下册）
01229236, 8.8, 549, 断弦的耳朵
01051324, 7.8, 1712, 铁屋中的呐喊
04118428, 9.3, 310, 十万个为什么
25774843, 9.1, 367, 快乐王子
01114108, 7.5, 2384, 西窗法雨
02182122, 7.5, 2325, 成都今夜请将我遗忘
01255384, 8.6, 563, 史记
01190181, 8.4, 651, 国家的视角
30376593, 8.2, 811, 当下的启蒙
02275738, 9.1, 304, 细讲弟子规
02287348, 8.4, 587, 论科学与艺术
04149376, 8.2, 722, 朝闻道集
20258506, 7.7, 1359, 怎样读书
01116325, 8.7, 421, 人类理解论（上下）
01024513, 9.2, 265, 新版小灵通漫游未来
05978079, 7.8, 1112, 百家姓
01051387, 8.4, 542, 论语
03205317, 8.8, 350, 爱弥尔
01005993, 7.6, 1385, 压伤的芦苇
01026628, 8.9, 316, 原则与妥协（修订本）
02252371, 8.6, 413, 絶愛 1
26863402, 8.7, 361, 荷马史诗
01223497, 8.5, 427, 长腿叔叔
01890681, 9.0, 248, 二十世纪西方文学理论
01024572, 8.3, 469, 灵魂只能独行
03791339, 9.2, 198, 论法的精神（上下）
01209671, 7.6, 978, 白玉老虎（上中下）
33387411, 9.1, 196, 保守主义思想
02023300, 8.6, 289, 野火集
01310477, 9.5, 137, 天空与地球
03272507, 9.7, 119, 一梦五千年
05503967, 8.6, 278, 织梦人
02259144, 9.8, 108, 《365夜故事》图画本
03916140, 8.0, 477, 启蒙札记
01245535, 8.4, 306, 国家篇 法律篇
02158882, 8.5, 277, 中国启蒙运动
01050731, 8.1, 409, 十六岁少女
03193690, 9.3, 137, 春秋故事
06946737, 8.5, 263, 当代中国的启蒙与反启蒙
04744011, 8.6, 233, “新启蒙”知识档案
01461650, 8.2, 319, 启蒙运动的生意
26191395, 8.9, 166, 佛教常识答问
02219913, 8.4, 255, 爱弥儿
01451379, 9.3, 121, Dialectic of Enlightenment
02208867, 9.2, 124, 辞海 1979年版缩印本
03454707, 9.6, 92, 精编小学生十万个为什么 第三系列
02240520, 8.4, 217, 启蒙的自我瓦解
26690708, 9.6, 85, 幼儿数学核心概念
01226368, 8.6, 175, 元史学
26104025, 8.4, 204, 启蒙时代（上）
01116326, 7.3, 690, 人是机器
01460684, 8.6, 171, 定命论者雅克和他的主人
03374558, 7.1, 861, 把妹达人
25920898, 8.8, 136, 启蒙的三个批评者
25807664, 9.1, 108, 澄衷蒙学堂字课图说
01047590, 7.9, 299, 谈美书简
26706616, 9.0, 111, 启蒙时代（下）
01245454, 9.1, 103, 刑法的基本立场
27180140, 9.1, 103, 给孩子的古诗故事
01221635, 9.4, 83, 18个童话女孩子
01013136, 7.5, 425, 美学是什么
01072932, 8.2, 197, 哲学辞典
01393220, 8.9, 106, 启蒙运动与现代性
30159675, 9.2, 85, 思考世界的孩子
01061195, 8.8, 111, 启蒙哲学
25902458, 8.6, 120, 身边的科学（最受欢迎的儿童生活百科全书）
30371825, 9.3, 73, 发生了什么
02231515, 8.9, 95, 声律启蒙 训蒙骈句
01045819, 7.7, 263, 新爱洛伊丝
02242588, 7.7, 257, 薛刚反唐
26976069, 9.2, 74, 公民社会与启蒙精神
25943155, 9.5, 61, 澄衷蒙学堂字课图说
07051339, 8.0, 171, 波斯人信札
05939743, 8.4, 120, 美国语文读本1
01202622, 9.6, 53, 小学生自然百科(全6册)
05373474, 7.8, 201, 憩园
29957463, 8.3, 126, 启蒙运动
04602358, 9.5, 53, 精编小学生十万个为什么(平装)(全四册)平修订
06831289, 8.1, 142, 儒家与启蒙
01084204, 8.1, 140, 老实人
05414076, 8.4, 106, 启蒙如何起死回生
01529986, 9.3, 57, 中国成语故事
02197289, 8.0, 147, 智慧背囊全集（1-10辑）
30355949, 8.3, 111, 批判与启蒙
01027438, 9.9, 40, 儿童看图读古诗(上册)
02977735, 9.4, 52, 世界少年奇才
26382825, 8.3, 110, 《艺术原来可以这样看（修订版）》
02189780, 9.3, 55, Sofies Verden
02180117, 8.0, 137, 解读易经
06533303, 8.8, 72, 劝学书
01981995, 8.5, 89, Revolution of the Heart
03597839, 8.7, 77, 论法的精神
26743876, 8.5, 87, 法国大革命反思录
01315193, 7.8, 149, 哲学通信
26926101, 7.5, 195, 我的第一本地理启蒙书
01128320, 8.6, 73, 蒙学经典
04856969, 8.3, 90, 启蒙到大革命
01053192, 7.0, 328, 哲学是什么
01049690, 8.4, 82, 欲望与利益
01183710, 8.1, 103, 唱片经典
19964290, 7.7, 141, 启蒙的精神
04297680, 8.0, 107, 你爱谁多一些
27088915, 7.9, 113, Enlightenment Now
01254437, 8.0, 103, 佛教基本知识
01047033, 8.7, 61, 电视艺术哲学(上编)
01169358, 8.8, 57, 政府论两篇
25734723, 8.1, 94, 从谎言开始的旅程
01024239, 9.9, 31, 儿童看图读古诗（下册）
01189484, 8.6, 64, 胡适之先生晚年谈话录
26666349, 9.8, 32, 豆宝宝大创意系列2：《你一半我一半》《别学我》《一条尾巴十只老鼠》
10543199, 8.3, 73, 斯宾诺莎的理性启蒙
26638083, 9.1, 43, 蓬蓬猫去上学
01424739, 9.9, 28, Theology and the Scientific Imagination
10761553, 8.3, 70, 朝花夕拾
26701712, 7.8, 103, 启蒙运动
10429536, 8.4, 63, 邓晓芒讲演录
01958721, 10.0, 26, 彩图世界儿童百科全书—探索篇
03438541, 8.8, 48, 复活节岛上的海神梦
04070953, 9.4, 34, 班级日记
11612035, 8.5, 56, 袋鼠也有妈妈吗？
01057052, 7.1, 189, 直话直说的政治
30359411, 8.7, 48, 写给孩子们的图画史
03942986, 8.6, 51, 在希望的田野上
01217796, 8.5, 54, 镜花缘
04287520, 8.1, 70, 共鉴“五四”
03210734, 8.6, 49, 白话孙子兵法
01801823, 7.7, 96, 波斯人信札
26314604, 8.7, 44, 艺术大书
19906957, 7.7, 91, 笛卡尔的骨头
01160039, 9.2, 33, 世界著名短篇小说分类文库・荒诞小说
01834160, 7.7, 89, 蒙田随笔集
04908342, 9.1, 34, 德国民法典
02216592, 8.3, 55, 沉思与反思
30435806, 8.8, 40, 启蒙
26417276, 7.5, 104, 世界上最聪明的孩子
03803448, 9.0, 35, 彩图典故词典
30297224, 8.4, 50, 平面国
34615598, 8.8, 36, 唐诗三百首精选：彩图注音版
01733346, 9.7, 23, 世界的影像:文学理想启蒙读本(上下)
02116788, 8.9, 33, 写给孩子的哲学启蒙书·第4卷
26665579, 8.9, 32, 小红和小绿
33439311, 8.3, 45, 给孩子的古文
02116549, 8.9, 31, 写给孩子的哲学启蒙书·第5卷
02999566, 8.9, 30, 古今楹联拾趣
01056919, 8.0, 52, 杜兰讲述哲学的故事
02003538, 8.0, 52, 中国的启蒙运动
26673817, 8.8, 31, 咯咯哒太太
01252591, 7.5, 75, 何新集
05365440, 7.8, 58, 苏格兰启蒙运动
03052961, 9.1, 26, 先知
01393442, 8.7, 32, 写给孩子的哲学启蒙书（第3卷）
01122443, 7.7, 61, 启蒙的面具
01289788, 10.0, 17, 英文金曲（磁带）
01048020, 7.4, 76, 人类精神进步史表纲要
26394914, 9.0, 26, 声律启蒙·笠翁对韵诵读本
01222623, 9.8, 18, 不共戴天
06977977, 8.3, 38, 午夜的幽光
01393212, 7.5, 67, 战争与和平法
03009964, 8.5, 33, 声律启蒙·弟子规
02359210, 8.2, 38, 人体解剖学
06858548, 9.2, 22, 简爱
01204956, 9.3, 21, 格林童话(彩图世界童话金库)
01208171, 8.3, 35, 雷锋的故事
02335449, 8.5, 31, 辜鸿铭文集
01203525, 9.3, 20, 古代名句故事/绘画语言故事词典
03310929, 10.0, 15, 动物园里的趣闻
21334794, 8.3, 33, 歌德自传
03197819, 7.1, 82, 莱温斯基自传
02981963, 8.5, 29, 图画捉迷藏
03221735, 8.7, 26, 饭桶超人
01248524, 7.3, 65, 恋爱宝典
02218428, 7.3, 65, 思想·山水·人物
03056339, 8.8, 24, 趣味数学一百题
01004903, 8.0, 38, 船山思问录
03103556, 9.4, 18, 童年时代的朋友
26639226, 9.4, 18, 爱胡闹的露比
26984154, 7.0, 83, 清华少儿艺术启蒙·第一次发现名画之美
01078870, 8.1, 34, 走我自己的路
01093629, 8.7, 24, 胡适学术文集.哲学与文化
01923666, 8.0, 35, 世界美术史
01157522, 8.4, 27, 再读胡适
01330041, 7.8, 39, 游手好闲地思想
02270991, 8.3, 27, 启蒙运动的内在问题
10875955, 7.4, 46, 启蒙的时代
30167705, 9.8, 13, 奇数真好玩
01885316, 7.9, 32, 启蒙时代欧洲的中国观
01019173, 8.0, 30, 说文解气
01836701, 8.0, 30, 苏格兰启蒙运动
01787203, 7.8, 34, 美国公民与宪法
02283635, 7.7, 36, 语文
25921394, 8.2, 26, 科瓦奇讲植物
01325149, 8.5, 22, 理性缺位的启蒙
30167701, 8.9, 18, 偶数大发现
03055932, 9.5, 14, 电影的秘密
34854044, 9.0, 17, 启蒙运动的纲领
06127340, 9.1, 16, 从小爱数学
03148635, 8.3, 23, 世界自然之谜大观
03736892, 8.0, 27, 图说政治学
03053288, 7.3, 43, 一场夭折的中国文化启蒙运动
10526750, 7.7, 32, 星尘深处
01061524, 8.7, 18, 爱因斯坦
26382819, 7.8, 29, 20世纪艺术原来可以这样看
03422129, 8.5, 19, 龙文鞭影
01092234, 8.6, 18, 女人问题
01011589, 8.0, 24, 青春读本2
25921318, 8.8, 16, 宝宝好习惯养成书
01023069, 8.2, 21, 走出蒙昧
01022313, 8.1, 22, 宇宙之海的涟漪：引力波探测
30348075, 7.1, 42, 启蒙观念史
06985809, 7.4, 33, 一张大事年表，快读世界历史
03056058, 8.3, 19, 中国古代科学家的故事
06039232, 8.4, 18, 论宗教宽容
01969825, 8.5, 17, 梁启超选集（上下卷）
06390084, 7.7, 26, 现代性之路
03606176, 9.3, 12, 安徒生童话选
01021762, 7.8, 24, 经济学茶座
01072009, 8.3, 18, 蔚蓝的思维
26388014, 7.4, 30, 艺术原来可以这样看（2）
25858910, 9.2, 12, 鲁迅全集（全20卷）
01018225, 8.0, 20, 杨哲“主义”
03072329, 8.0, 20, 安乐死
26735205, 7.6, 24, 启蒙
33430932, 8.9, 12, 新版·小熊很忙·第3辑：工地小帮手
01006234, 8.0, 18, 哲学通信
01420681, 8.0, 18, 儒家传统与启蒙心态
26974763, 8.0, 18, DADA全球艺术启蒙系列 第二辑 今日艺术
02361314, 7.7, 21, 纪鸾英遭劫
05063738, 9.3, 10, 十四朝文學要略
01228769, 7.9, 18, 上帝的秘密（上下册）
27015513, 8.0, 17, 《我的第一本汉字书》第一辑（全套四册）
01248017, 8.1, 16, 幼儿钢琴教学问答
03029155, 7.5, 22, 启蒙与世俗化
01952747, 6.9, 33, 红楼梦中人
02560047, 8.9, 11, Critique and Crises
26718494, 8.3, 14, 孟德斯鸠传
01038961, 7.6, 20, 中国现代思想散论
26382820, 6.9, 32, 凡尔赛宫原来可以这样看
02024740, 7.7, 18, 声律启蒙.弟子规-中华国粹经典文库
02002981, 7.1, 26, 荣格
01111928, 9.0, 10, 学生万事通
30299501, 7.4, 21, 康德比我强在哪儿？
02207320, 6.9, 29, 考古人類學隨筆
01732752, 6.4, 42, 听大师讲哲学
01019929, 8.5, 11, 皇帝与流氓
01423701, 6.7, 29, 欧洲近代生活
06313206, 7.6, 15, 为自由招魂
34876205, 6.6, 29, 半小时喵星哲学史
26926195, 7.8, 13, 读给孩子的诗
01802014, 7.4, 16, 中国当代启蒙文学思潮论
04289202, 7.9, 12, 0-12个月视觉激发卡·黑白卡
01159944, 7.1, 17, 康德与启蒙
01953945, 7.4, 14, 启蒙的结果
05440328, 7.7, 12, 跟着达芬奇做飞行梦
02180732, 8.1, 10, 启蒙面面观
06847426, 6.8, 20, 学数学，就这么简单！
04292397, 7.2, 15, 启蒙的遗产与反思
05344692, 7.4, 13, 爱是心生活
01157304, 7.0, 14, 欧洲历史的100断面
04319804, 6.6, 18, 以启蒙的名义
01018023, 7.4, 10, 世界名人大传
26905311, 6.2, 18, 通往幸福之路
01183307, 6.3, 16, 苏东坡创业记
01076301, 6.6, 10, 中华文化之谜
01091539, 0.0, 10, 古代世界
01206652, 0.0, 11, 魔屋历险
01582740, 0.0, 11, 20世纪中国思想史
05398776, 0.0, 11, 洗衣船
03073230, 0.0, 13, 神秘的蚂蚁国
24849581, 0.0, 14, 第一套自然科学启蒙书
06021304, 0.0, 20, 双头之狼
34874541, 0.0, 26, 《1001英语单词大书》
