2020-07-05 15:59:59

number of books, tag name
407, 哲学入门

ID, rating, votes, title
01084336, 9.0, 576756, 小王子
03211779, 8.9, 411942, 嫌疑人X的献身
04908885, 9.0, 129268, 局外人
01017143, 8.5, 200885, 不能承受的生命之轻
01795079, 9.2, 36596, 乡土中国
03608208, 8.5, 120385, 牧羊少年奇幻之旅
01786670, 8.9, 52345, 百年孤独
01045818, 8.5, 105805, 苏菲的世界
04242172, 8.1, 230388, 天才在左 疯子在右
02284311, 8.8, 37675, 苏菲的世界
03026879, 8.8, 28936, 爱的艺术
01003078, 9.2, 12311, 小王子
01062193, 8.5, 34988, 娱乐至死
01949420, 9.4, 8771, 孙子兵法
01021273, 8.9, 15248, 中国哲学简史
02046236, 9.4, 7508, 庄子
06021440, 8.7, 18586, 黑客与画家
01291204, 9.4, 6399, 哥德尔、艾舍尔、巴赫
01963912, 8.8, 14668, 正见
01277981, 8.8, 13601, 社会契约论
01008189, 8.9, 11519, 西方哲学史（上卷）
20501147, 9.3, 6501, 中国哲学简史
04074636, 7.6, 121325, 放学后
02076623, 9.5, 4752, 金刚经
26390842, 8.6, 15084, 哲学家们都干了些什么
01883991, 9.4, 4702, 王小波全集
25961458, 9.3, 5228, 大问题
01004699, 9.0, 6903, 作为意志和表象的世界
06152040, 9.1, 5943, 维特根斯坦传
01794620, 7.8, 48450, 芒果街上的小屋
05408882, 9.0, 6197, 公正
05366275, 8.4, 12765, 我怎样毁了我的一生
06811366, 8.3, 14266, 禅与摩托车维修艺术
01012032, 8.6, 8484, 查拉图斯特拉如是说
03522695, 8.5, 9597, 瓦尔登湖
01286547, 8.6, 7678, 菜根谭
01216737, 9.0, 4238, 纯粹理性批判
06425061, 8.5, 8444, 哲学家们都干了些什么？
01071227, 9.0, 4032, 大问题
01049522, 8.8, 5138, 西西弗的神话
01292405, 8.6, 6482, 自私的基因
01201821, 8.0, 16720, 梦的解析
10747883, 8.0, 15268, 怦然心动的人生整理魔法
05914587, 8.5, 6765, 启示录
01089398, 8.8, 4402, 西方哲学史（下卷）
03410709, 9.2, 2634, 中国哲学简史
01005193, 8.6, 5527, 重新认识你自己
14439405, 8.9, 3428, 哲学的故事
01051943, 9.2, 2288, 尼各马可伦理学
27172839, 9.0, 2770, 苏菲的世界
01783111, 8.7, 3905, 存在与时间
02296687, 8.5, 5080, 纸牌的秘密
06073019, 9.0, 2584, 斐多
03740431, 8.4, 5306, 灵魂只能独行
06310946, 9.1, 2130, 公正
07064313, 7.7, 16545, 突然就走到了西藏
04246979, 8.1, 8108, 窄门
05253759, 9.2, 1836, 中国哲学简史
01079104, 8.6, 3802, 尼采
06749832, 9.0, 2221, 复杂
01721111, 8.6, 3663, 周国平人生哲思录
04766921, 9.0, 2193, 解体概要
04138982, 8.9, 2330, Alchemist
02283920, 8.5, 3757, 西方哲学史
30379527, 8.9, 2240, 世界观（原书第2版）
03633588, 8.8, 2382, 幸福之路
04266008, 8.3, 4353, 给一个未出生孩子的信
02060491, 8.9, 1976, 逻辑学导论
01034259, 8.6, 2775, 小逻辑
01964773, 8.9, 1879, 论语译注
01076280, 8.8, 2067, 第一哲学沉思集
01868698, 8.4, 3440, 为什么读经典
03095037, 9.1, 1447, 听音乐（插图第6版）
01253292, 9.2, 1297, 老子今注今译
01049872, 8.9, 1731, 西方哲学史（下卷）
03025921, 7.7, 8383, 黑天鹅
06780545, 9.0, 1367, 中国哲学史
01274953, 8.9, 1413, 伦理学
25926462, 9.4, 809, 西方哲学史
04246032, 9.4, 800, 西方哲学史讲演录
19956866, 9.1, 1070, 苏菲的世界
03389811, 8.8, 1482, 西方哲学史（修订第8版）
04115323, 8.7, 1601, 论人类不平等的起源
26949210, 8.2, 2933, 如果没有今天，明天会不会有昨天？
01005692, 8.4, 2193, 西方哲学史
01074030, 8.5, 1800, 西方哲学十五讲
30176572, 9.4, 674, 大问题（第10版）
03750309, 8.4, 1995, 安静的位置
01024785, 9.1, 886, 西方现代思想史
02111791, 8.7, 1367, 哲学问题
26769136, 8.7, 1331, 为什么长大？
26438558, 9.2, 753, 西方哲学史
04124876, 8.1, 2684, 易经的奥秘
01203421, 9.4, 572, 王阳明全集（全二册）
02070807, 8.5, 1478, 懂得爱
01061043, 8.7, 1146, 当尼采哭泣
30441530, 8.8, 997, 打开
04244859, 8.4, 1567, 超越金融
02045166, 9.2, 632, 中国哲学简史（上下册）
01053526, 8.4, 1509, 哲学与人生
26892991, 8.1, 2193, 你的第一本哲学书
03132641, 8.7, 1032, 中国现代思想史论
01998842, 8.8, 880, 尼采：在世纪的转折点上
34447865, 9.5, 446, 西方哲学史（第9版）
01507315, 9.1, 639, 自然哲学之数学原理
01651032, 8.6, 1059, 西方哲学史
03241907, 8.4, 1338, 维特根斯坦笔记
03773959, 8.4, 1338, 只有一个人生
10345571, 7.9, 2552, 哲学的慰藉
27605891, 8.8, 825, 惊呆了！哲学这么好
06719660, 8.8, 802, 苏格拉底之死
01227966, 7.8, 2719, 你的第一本哲学书
01986050, 8.7, 860, 哲学 科学 常识
01253835, 9.3, 468, 哲学史教程（上卷）
26723539, 8.7, 839, 事件
03078098, 8.6, 921, 哲学与人生
04042959, 9.0, 599, 政治哲学导论
03101425, 8.7, 814, 尼采
05419233, 9.3, 437, 叔本华论道德与自由
17153313, 9.0, 578, 哲学导论
01110656, 8.8, 682, 语言哲学
03464486, 8.7, 743, 瓦尔登湖
25782240, 8.7, 696, 西方哲学史
01967819, 8.7, 688, 李叔同解经
05350197, 8.5, 839, 中国文化的命运
02278535, 8.5, 836, 哲学的邀请
01271862, 9.1, 453, 偶然、反讽与团结
05377278, 8.1, 1343, 西方哲学简史
01936629, 8.3, 1044, 周易江湖
03743038, 9.5, 313, 写给孩子的哲学启蒙书（共6册）
05423861, 9.4, 325, 中国哲学简史
01275842, 9.0, 463, 充足理由律的四重根
01227223, 8.6, 688, 哲学导论
26892222, 8.0, 1375, 生活的哲学
01069576, 8.5, 752, 西方哲学史
01025502, 8.9, 471, 哲学的故事（上下）
01259315, 8.7, 571, 哲学问题
03222065, 8.5, 704, 伦理学与生活
05283502, 9.1, 377, 尼采著作全集（第4卷）
01500045, 8.6, 601, 猜想与反驳
01811507, 8.6, 597, 历史哲学
01392568, 8.9, 436, 哲学之树
05247109, 8.7, 520, Never Let Me Go
02285230, 7.8, 1469, 玛雅
01817494, 8.0, 1110, 弟子规
10434858, 8.6, 539, 我们为什么离正义越来越远
30136393, 9.4, 255, 做哲学
01880660, 9.1, 327, 自然哲学的数学原理
01810945, 8.2, 815, 东西文化及其哲学
03186720, 8.7, 468, 谈美
04835563, 8.9, 386, 奥义书
26955856, 9.0, 350, 思想的力量
03773956, 8.2, 789, 思想的星空
03874395, 9.0, 337, 思想的力量
01792133, 8.3, 678, 孟子他说1
03191679, 8.3, 663, 八戒说禅
01065051, 7.6, 1531, 西方哲学简史
06060491, 8.0, 859, 现代中国的历程
01067969, 9.4, 218, 哲学史教程（下卷）
27181900, 8.2, 658, 哲学起步
01884735, 9.5, 192, 判断力批判
24899765, 9.2, 227, 海德格尔哲学概论
03171864, 7.6, 1239, 一头想要被吃掉的猪
02209114, 8.9, 290, 什么是哲学
01936511, 8.3, 519, 孟子他说
01963430, 8.7, 336, 欧洲思想史
06515939, 6.8, 4264, 世界如此险恶，你要内心强大
03097364, 8.4, 442, 尼采与形而上学
01799735, 8.4, 439, 邓晓芒讲黑格尔
27203767, 7.5, 1275, 柏拉图和鸭嘴兽一起去酒吧
01031720, 7.8, 836, 现代西方哲学十五讲
02338733, 8.5, 380, 西方的智慧
01043903, 8.8, 286, 哲学的故事
05906116, 8.2, 514, 橙色女孩
26644896, 8.0, 637, 我是谁？
26564149, 9.3, 182, 中国哲学简史（英汉双语）
03674493, 8.7, 297, 中国哲学史（上下）
10344037, 7.1, 2141, 给理想一点时间
03042524, 8.4, 391, 李天命的思考艺术
01266211, 9.1, 204, 论意识操纵（上下）
01968882, 7.5, 1085, 冰鉴
10737589, 8.7, 280, 西方哲学史
01047782, 8.8, 256, 哲学的故事
30257757, 8.8, 254, 哲学是做出来的
01221710, 7.6, 927, 塞莱斯廷预言
01232728, 8.9, 231, 康德《纯粹理性批判》指要
05399343, 7.8, 702, 论证是一门学问
01768046, 8.6, 292, 从黑格尔到尼采
01252117, 8.6, 288, 范畴篇 解释篇
10600614, 8.4, 348, 哲学与人生 （第二版）
04230644, 9.0, 202, 分道而行
01018272, 8.2, 425, 通向哲学的后楼梯
30282643, 8.4, 340, 佛祖都说了些什么
02122180, 8.5, 306, 古希腊罗马哲学讲演录
01956018, 9.0, 197, 世界哲学史
05503967, 8.6, 278, 织梦人
03189917, 8.8, 228, 书和画像
02984016, 8.8, 223, 爱因斯坦晚年文集
03075468, 9.0, 180, 哲学史方法论十四讲
02076962, 8.9, 192, 长短经（上下）
01042464, 8.4, 283, 哲学简史
05757927, 9.4, 124, The History of Western Philosophy
27167590, 9.4, 123, 想透彻
27012050, 8.6, 222, 和大师聊哲学
01254667, 8.3, 291, 西方哲学史（第七版）
24882901, 6.8, 2064, 不疯魔，不哲学
01060196, 8.9, 166, 思想家
10593787, 8.9, 163, 古代哲学的智慧
01771794, 9.1, 137, What Does It All Mean?
01259303, 8.6, 204, 科学哲学的兴起
10748231, 9.1, 136, 哲学论稿
06761174, 7.6, 576, 身边的逻辑学
07057593, 7.3, 850, 尼采的心灵咒语
04116672, 8.7, 182, 老子的智慧
01006093, 8.7, 173, 哲学的故事
01907506, 8.3, 245, 哲学要义
27620804, 8.5, 202, 撼动世界史的思想家格斗
20395700, 9.0, 129, 西方哲学史（影印第8版）
03741492, 8.5, 192, 快乐的知识
27608196, 7.9, 341, 通向哲学的后楼梯
27070172, 9.9, 70, 哲学的历程
01443778, 8.5, 186, 艺术哲学
01289025, 8.7, 152, 大哲学家
30253316, 8.7, 151, 季风青少年哲学课
01879307, 8.4, 194, 哲学与人生
01467300, 8.4, 193, 黑格尔导读
01292314, 8.6, 161, 理性、真理与历史
01828272, 8.5, 173, 西方哲学史
26585194, 9.0, 116, 最美的哲学史
01266727, 7.7, 371, 新编中国哲学史（上册）
01228753, 8.9, 120, 马克思恩格斯全集（第1卷）
01872142, 8.3, 192, 伟大的书
04863798, 8.2, 205, 哲学与人生
01037048, 7.5, 424, 逻辑学是什么
26793140, 9.3, 85, 形而上学与西方思维
02060051, 7.8, 297, 为不高兴的欢乐
02980711, 8.1, 212, 观念的发明者
30276253, 8.7, 126, 哲学不思议
05917293, 7.6, 355, 爱的五重奏
20499308, 7.8, 271, 哲学的思与惑
04165362, 7.4, 426, 尼采的锤子
10416539, 8.5, 137, 中国哲学史大纲
25873525, 9.1, 87, 哲学的邀请：问题与选择
26711191, 8.0, 208, 简单的哲学
01833592, 8.6, 123, 宗教哲学
04821458, 7.9, 225, 中国思想地图
26697999, 8.0, 202, 看，这是哲学
06520642, 8.4, 139, 哲学是什么
03803226, 9.5, 64, 庄子
05291061, 8.3, 148, 为什么做个好人很难？
26744155, 8.9, 88, 法國高中生哲學讀本 I 政府是人民的主人還是僕人？
03012985, 8.3, 139, 心灵导论
02125921, 8.0, 179, 西方哲学与人生(第一卷)
01254950, 8.3, 133, 哲学概论
01546378, 9.2, 68, 朱子哲学研究
26337354, 8.1, 153, 像哲学家一样思考
06811756, 9.0, 76, 西方哲学导论
06791426, 7.5, 272, 反哲学入门
04289275, 8.9, 78, 维特根斯坦的《逻辑哲学论》
26919245, 7.5, 258, 哈佛中国哲学课
04739361, 9.2, 63, The Big Questions
26864947, 8.5, 102, 看，这是哲学 II
03595851, 9.0, 71, 砍去自然神论头颅的大刀
27055853, 8.0, 154, 智者星球
26744683, 8.1, 138, 古希腊罗马哲学讲演录
05500884, 8.6, 92, 哲学百科
01270576, 8.3, 114, 西方哲学智慧
26627891, 8.6, 87, 哲学要义（修订版）
03877625, 8.0, 141, 该不该把桥上的男人推下去
03008597, 8.5, 93, 刑法的启蒙
25956745, 8.1, 127, 伦理学
01005873, 7.8, 167, 哲学修养十五讲
30304329, 7.4, 245, 苏菲的哲学课
26731660, 8.8, 69, 哲學超圖解
01949568, 7.8, 153, 这是个什么样的世界
26386366, 8.3, 99, 政治学百科
01080838, 8.4, 85, 思远道
02165276, 7.9, 126, 西方哲学经典讲演录
25786008, 9.2, 49, 希腊悲剧时代的哲学
01053192, 7.0, 328, 哲学是什么
30218889, 8.5, 77, 希腊悲剧时代的哲学
26850053, 8.7, 66, 文德尔班哲学导论
05248504, 7.6, 159, 无用之学
01675255, 7.3, 213, 哲学通论
03522378, 8.6, 67, 生生之美
03087474, 8.3, 83, 马克思思想导论
06809637, 8.5, 71, 伦理学导论
25764445, 7.7, 136, 哲学的邀请
03448962, 8.1, 92, 信仰之问
26587381, 9.4, 39, 传习录集评
05384055, 7.8, 117, 思维迷宫
26770923, 7.3, 190, 与哲学家一起思考
03016981, 8.0, 94, 二十世纪德国哲学
04882021, 7.6, 134, 牛津西方哲学史（全四卷）
03439307, 7.8, 111, 我们对世界的认识
03244513, 8.9, 46, Think
34845961, 7.5, 134, 哲学是怎样炼成的
10429536, 8.4, 63, 邓晓芒讲演录
04231532, 8.1, 78, 哲学的陌生感
01287627, 9.0, 42, 哲学经典选读
26253748, 7.5, 126, 哲学了没？
04256631, 6.7, 316, 中国人的思维批判
01983099, 7.8, 95, 哲学史思路
01009881, 8.6, 52, 萌芽-西方哲理漫画（1）
02110798, 7.7, 102, 柏拉图读本
01313070, 7.6, 111, 101个哲学问题
02271522, 7.8, 91, 图解哲学
34833898, 8.3, 61, 理性的边界
01033625, 8.4, 56, 哲学通论
27096046, 7.5, 107, 世界哲学简史
01945509, 8.6, 46, 哲学的主要问题
25708146, 8.0, 69, 二十世纪的政治哲学家
02562308, 9.2, 32, An Introduction to the Theory of Knowledge
26381088, 7.3, 123, 尼采解忧书
26959789, 8.2, 57, 做哲学
06885956, 8.8, 37, 西方哲学史（下卷）
27179371, 8.7, 39, 哲学导论讲记
27134003, 7.8, 72, 激活你的日常
04238294, 8.4, 46, 理想国
26286525, 7.5, 90, 图解后现代主义
02116788, 8.9, 33, 写给孩子的哲学启蒙书·第4卷
19990747, 9.0, 31, The Big Questions
26958656, 9.6, 23, 少儿哲学丛书
06015417, 6.9, 151, 改变人生的哲学教室
11597326, 5.7, 984, 我的心略大于整个宇宙
26263669, 6.7, 184, 世界第一好懂的哲学课
24735455, 8.8, 32, 信仰之问
01056919, 8.0, 52, 杜兰讲述哲学的故事
27030788, 6.6, 195, 从柏拉图到维尼熊
27074656, 8.9, 29, 法國高中生哲學讀本III 我能夠認識並主宰自己嗎？
25723271, 7.6, 66, 另一种哲学
03602949, 9.4, 22, 西方哲学原著选读(1983)
24849858, 8.1, 45, 科学哲学十讲
06126361, 7.6, 65, 半知一解
26919471, 8.8, 28, 法國高中生哲學讀本 II 人能自主選擇而負擔道德責任嗎？
01776809, 9.8, 17, Le Monde de Sophie
01796022, 6.4, 200, 自从有了哲学家
26832715, 8.2, 36, 与思想家交谈
02075160, 7.0, 90, 知道点世界哲学
01510739, 7.7, 48, 感觉的分析
01061067, 6.9, 96, 哲学家的咖啡馆
06719908, 7.9, 41, 图文哲学101句
24735415, 7.7, 47, 思维迷宫
01288906, 7.1, 74, 中国古典哲学名著选读
27159269, 8.1, 34, 廁所裡的哲學課
07001427, 8.4, 28, 史上最強哲學入門
27027288, 9.4, 17, 思考哲学基本问题（万千教育）
03669288, 7.4, 53, 哲学的初体验
01069213, 7.7, 42, 哲学导论
03885062, 8.5, 25, 逃向世界
30428816, 7.1, 66, 极简哲学史
03025003, 8.0, 32, 犹太哲学史（上、下卷）
03704416, 9.2, 17, 科学哲学基本问题与经典文本解读
20036240, 8.9, 19, 哲学经典（上下册）
34437322, 7.1, 60, 打开哲学家的正确方式
30129624, 6.9, 69, 哲学气质
01335272, 8.6, 21, 通往哲學的後門階梯－34位哲學大師的生活
10555147, 8.6, 20, Sophie&#39;s World 苏菲的世界
34836850, 8.0, 27, 哲学100问：从古希腊到黑格尔
10600447, 7.2, 46, 史上最牛思想史
01881778, 7.0, 53, 十五堂哲学课
27052943, 8.9, 16, 思想
01288950, 7.7, 29, 人生哲学
26841031, 7.7, 29, 哲学的奥秘：人类如何知道一切
01924743, 7.0, 48, 西方哲学概论
05316636, 8.6, 17, 荀子
25969223, 9.1, 13, The Art of Reasoning
02223699, 8.3, 18, 哲学浅说新编
30300332, 9.3, 11, 法國高中生哲學讀本IV：文化是讓人脫離本性還是實現本性？
01338095, 8.3, 16, 圖解哲學
05283404, 7.6, 23, 哲学的精神
03213308, 8.5, 14, 照見清淨心—禪修入門指引
06999608, 8.2, 16, 本体论研究
10557517, 6.7, 42, 怎样思考才正确？
01359209, 9.0, 11, 哲学入门九堂课
04306202, 7.7, 20, Neoliberalism
01267208, 7.2, 27, 中西生死哲学
03115904, 6.8, 36, 完全图解哲学
26374537, 7.9, 17, 思想者心灵简史
30376852, 6.4, 49, 世界第一好懂的哲学课 （修订版）
03244348, 7.6, 19, 走进马克思
30376312, 7.8, 17, 哲学讲话
02104934, 7.6, 17, 智慧人格
30304737, 6.9, 26, 沉默的艺术
11524196, 7.1, 22, 冯友兰论人生
26837271, 8.0, 13, 希腊哲学的精神
02972758, 7.8, 14, 哈佛諾頓講座之大師與門徒
03258901, 5.7, 74, 马克思主义基本原理概论
01245638, 7.7, 14, 马克思历史辩证法的主体向度
20438719, 7.7, 14, 生活，原本可以更美
06537020, 7.9, 12, 哲学的故事
03062642, 6.5, 28, 7天教你读懂哲学
26892728, 6.4, 29, 完全解读哲学用语事典
01801741, 7.5, 13, 哲学与智慧
27017352, 6.2, 32, 《跟着白色兔子，到哲学世界去》
03630904, 6.9, 17, 左手鬼谷子 右手菜根谭
25800703, 7.9, 10, 圖解哲學家看世界的47種方法
04833107, 7.0, 14, 知道点世界哲学
30865373, 6.5, 19, 哲学原来很有趣
30318594, 6.3, 19, 小哲学
26776061, 6.2, 18, 完全解读哲学名著事典
03620229, 5.3, 27, 图说哲学
06796383, 0.0, 10, 哲学概论
26694823, 0.0, 10, 史上最強哲學入門
01727268, 0.0, 11, 一个“孤独”者对自由的探索
06861490, 0.0, 11, 认识与谬误
03446500, 0.0, 14, 柏拉图文集
