2020-07-05 15:59:59

number of books, tag name
993, 哲学

ID, rating, votes, title
01084336, 9.0, 576756, 小王子
05363767, 9.2, 214996, 三体Ⅲ
02567698, 8.8, 375312, 三体
25985021, 9.1, 131606, 人类简史
01858513, 9.0, 135111, 月亮和六便士
04908885, 9.0, 129268, 局外人
01054685, 9.1, 100731, 沉默的大多数
01017143, 8.5, 200885, 不能承受的生命之轻
01209899, 9.1, 59159, 我与地坛
02035162, 9.0, 54996, 刀锋
03608208, 8.5, 120385, 牧羊少年奇幻之旅
01045818, 8.5, 105805, 苏菲的世界
01058661, 8.9, 50614, 飞鸟集
04242172, 8.1, 230388, 天才在左 疯子在右
01034282, 8.8, 46650, 时间简史
01003000, 8.3, 112845, 悟空传
01467022, 9.2, 22489, 上帝掷骰子吗
01775691, 8.4, 81346, 少有人走的路
02284311, 8.8, 37675, 苏菲的世界
01856494, 9.4, 14944, 卡拉马佐夫兄弟
06789605, 9.1, 23065, 树上的男爵
24257229, 9.1, 22334, 鼠疫
03406401, 9.0, 25409, 悉达多
01012611, 8.2, 98206, 乌合之众
04920007, 8.8, 31632, 不能承受的生命之轻
01059258, 9.4, 12589, 道德经精义
03261600, 9.2, 16419, 人生的智慧
26953606, 9.1, 18808, 人类简史
03410718, 9.2, 16162, 美的历程
04908879, 9.4, 12170, 动物农场
03026879, 8.8, 28936, 爱的艺术
02035171, 9.0, 20028, 人生的枷锁
01865089, 8.4, 51684, 瓦尔登湖
24257486, 9.1, 16016, 局外人
10555509, 9.0, 17483, 看不见的城市
26276775, 9.0, 17378, 异乡人
03693974, 9.4, 9537, 小王子
01803022, 9.0, 15958, 圣经
03578470, 9.0, 15418, 德米安
01213546, 8.4, 40967, 变形记
01949420, 9.4, 8771, 孙子兵法
01964774, 9.1, 12791, 论语
01139360, 9.3, 9401, 毛泽东选集 第一卷
01004821, 8.7, 22709, 理想国
26369699, 8.6, 26244, 被讨厌的勇气
01021273, 8.9, 15248, 中国哲学简史
02340100, 8.0, 73634, 遇见未知的自己
02046236, 9.4, 7508, 庄子
03391248, 8.7, 20074, 金阁寺
26980487, 9.4, 7311, 悉达多
26295448, 8.6, 21897, 你一生的故事
04124727, 8.1, 51464, 孤独六讲
01102715, 9.1, 9674, 从一到无穷大
01291204, 9.4, 6399, 哥德尔、艾舍尔、巴赫
01963912, 8.8, 14668, 正见
03131626, 9.0, 10401, 荒原狼
01277981, 8.8, 13601, 社会契约论
01008189, 8.9, 11519, 西方哲学史（上卷）
05375620, 8.7, 15222, 失控
20501147, 9.3, 6501, 中国哲学简史
01077528, 8.8, 12561, 通往奴役之路
01060774, 8.7, 14596, 君主论
01322455, 8.7, 14199, 遥远的救世主
02076623, 9.5, 4752, 金刚经
03057556, 8.9, 10226, 狂热分子
01418180, 8.9, 10128, 思维的乐趣
10549934, 9.1, 7435, 悉达多
26390842, 8.6, 15084, 哲学家们都干了些什么
06789551, 8.9, 9509, 不存在的骑士
06711405, 8.9, 9488, 不能承受的生命之轻
01012307, 9.2, 6237, 规训与惩罚
06781794, 8.8, 10843, 过于喧嚣的孤独
33424487, 8.9, 9321, 时间的秩序
25961458, 9.3, 5228, 大问题
03697494, 9.1, 6558, 洞穴奇案
01056023, 8.6, 12987, 鼠疫
02334065, 9.4, 4309, 塔希里亚故事集
02359052, 8.9, 8275, 查拉图斯特拉如是说
01003986, 8.8, 9526, 病隙碎笔
05330333, 8.6, 12858, 活出生命的意义
01431870, 9.0, 6972, 源泉
01060117, 8.6, 12455, 不朽
01433377, 8.7, 10606, 生命中不能承受之轻
01004699, 9.0, 6903, 作为意志和表象的世界
01949679, 8.7, 10531, 素履之往
06152040, 9.1, 5943, 维特根斯坦传
01409704, 8.9, 7650, 金刚经说什么
01040466, 8.9, 7571, 谈美
04908883, 9.0, 6572, 荒原狼
01056461, 8.3, 18401, 旅行的艺术
21570668, 9.3, 4313, 会饮篇
04745950, 9.3, 4261, 第二性Ⅱ
05990251, 8.5, 12900, 西藏生死书
05408882, 9.0, 6197, 公正
05406559, 8.8, 8054, 鼠疫
11445548, 8.5, 12512, 自私的基因
01009789, 9.5, 3239, 道德经
10759466, 9.2, 4642, 地下室手记
06313496, 9.5, 3116, 卡拉马佐夫兄弟
26418475, 9.2, 4460, 逃避自由
01225983, 8.7, 8729, 万物简史
01292409, 9.1, 5025, 人生的智慧
02359003, 8.2, 18865, 沉思录
01004322, 8.7, 8464, 第二性
03034480, 9.4, 3380, 圣经
06397522, 9.3, 3789, 论自由
01762527, 9.1, 4765, 飞鸟集
25867570, 9.4, 3245, 人生的智慧
01036541, 8.8, 6785, 疯癫与文明
04745949, 8.7, 7794, 第二性Ⅰ
06811366, 8.3, 14266, 禅与摩托车维修艺术
02165063, 9.2, 3924, 纳尔齐斯与歌尔德蒙
01063852, 8.9, 5776, 悲剧的诞生
01015864, 9.0, 4922, 惶然录
01433411, 8.9, 5614, 新教伦理与资本主义精神
01012032, 8.6, 8484, 查拉图斯特拉如是说
03003032, 9.3, 3291, 浪漫主义的根源
01065977, 8.7, 7184, 共产党宣言
02212371, 9.1, 4185, 先知
03522695, 8.5, 9597, 瓦尔登湖
25900384, 9.1, 3909, 不能承受的生命之轻
01286547, 8.6, 7678, 菜根谭
26831789, 8.7, 6450, 穷查理宝典
01216737, 9.0, 4238, 纯粹理性批判
06425061, 8.5, 8444, 哲学家们都干了些什么？
01840859, 9.6, 2019, 心经
01071227, 9.0, 4032, 大问题
05940553, 8.8, 5231, 当尼采哭泣
01049522, 8.8, 5138, 西西弗的神话
05991872, 8.9, 4463, 爱的艺术
02033081, 8.2, 12443, 身份的焦虑
20376604, 9.1, 3408, 源泉
04843456, 9.4, 2384, 金刚经·心经
01534951, 9.0, 3817, 逃避自由
02083981, 8.7, 5663, 了凡四训
01393447, 9.1, 3337, 忧郁的热带
01045716, 8.7, 5607, 人生中不可不想的事
01201821, 8.0, 16720, 梦的解析
27170538, 8.6, 6336, 存在主义咖啡馆
05038752, 9.2, 2891, 谈美
03765331, 8.6, 6285, 恋人絮语
01038292, 8.6, 6226, 精神分析引论
01150503, 9.2, 2824, 资本论（第一卷）
26826605, 9.1, 3101, 加缪手记
26304954, 9.6, 1760, 存在主义心理治疗
01017238, 8.7, 5183, 美学散步
06558202, 9.0, 3440, 容忍与自由
01125026, 9.3, 2401, 毛泽东选集 第二卷
01089398, 8.8, 4402, 西方哲学史（下卷）
03899039, 8.1, 12439, 刺猬的优雅
01079252, 8.2, 10490, 爱情笔记
03410709, 9.2, 2634, 中国哲学简史
01139980, 9.3, 2322, 四書章句集注
06110110, 9.2, 2602, 社会契约论
03007268, 9.3, 2314, 传习录
03815126, 8.7, 4834, 瓦尔登湖
01005354, 9.2, 2555, 逻辑哲学论
01005193, 8.6, 5527, 重新认识你自己
01033248, 8.9, 3605, 幸福之路
01277275, 9.2, 2454, 学术与政治
01311280, 9.0, 3119, 灵魂的事
02277299, 8.4, 6924, 当下的力量
02216583, 8.8, 3927, 沉重的肉身
04098263, 9.2, 2382, 论语译注
14439405, 8.9, 3428, 哲学的故事
01454687, 9.0, 3024, 政府论（下篇）
25952961, 8.8, 3893, 博尔赫斯谈话录
26945094, 8.7, 4334, 未来简史
06526752, 8.8, 3763, 生命之书
01400195, 8.7, 4285, 论自由
01051943, 9.2, 2288, 尼各马可伦理学
01269900, 8.1, 10335, 活法
02025235, 9.1, 2523, 顾准文集
01657455, 8.6, 4790, 论人类不平等的起源和基础
02165076, 9.0, 2815, 玻璃球游戏
01051919, 9.3, 1968, 庄子今注今译（全三册）
27172839, 9.0, 2770, 苏菲的世界
01033163, 9.2, 2184, 老子注译及评介
01036446, 9.0, 2761, 诗学
10488619, 8.9, 3042, 洞穴奇案
24257403, 8.8, 3446, 西西弗神话
25935944, 9.2, 2117, 查拉图斯特拉如是说
03834938, 8.3, 6915, 与神对话（第一卷）
01783111, 8.7, 3905, 存在与时间
01071023, 8.7, 3863, 谈谈方法
02296687, 8.5, 5080, 纸牌的秘密
06533041, 9.3, 1832, 纳尔齐斯和歌尔德蒙
06073019, 9.0, 2584, 斐多
25822104, 9.2, 2035, 第二性（合卷本）
01292412, 9.1, 2281, 叔本华思想随笔
01315213, 9.0, 2569, 中国文化要义
20366368, 9.1, 2266, 公正
04131380, 9.1, 2253, 忧郁的热带
26323163, 9.3, 1788, 共产党宣言
01045201, 8.2, 7548, 哲学的慰藉
01010204, 8.5, 4827, 宽容
01468426, 8.7, 3634, 利维坦
26975609, 8.7, 3610, 方向
05312095, 8.7, 3599, 西西弗神话
02302217, 8.6, 4070, 阿特拉斯耸耸肩（上下）
01849409, 9.1, 2158, 易经
03740431, 8.4, 5306, 灵魂只能独行
25782902, 8.1, 8361, 反脆弱
01116367, 8.8, 3060, 道德情操论
01059537, 8.7, 3400, 沉重的肉身
01053009, 9.3, 1652, 游叙弗伦 苏格拉底的申辩 克力同
05253759, 9.2, 1836, 中国哲学简史
01070007, 8.8, 2953, 致命的自负
01028268, 8.9, 2586, 正义论
01079104, 8.6, 3802, 尼采
01252057, 9.0, 2275, 1844年经济学哲学手稿
26354200, 8.9, 2565, 华杉讲透孙子兵法
01317485, 8.7, 3271, 生命是什么
01460340, 8.9, 2529, 人性的，太人性的
26292550, 9.0, 2239, 悉达多
25902450, 8.6, 3713, 德米安
01022318, 8.7, 3245, 爱弥儿
06749832, 9.0, 2221, 复杂
01721111, 8.6, 3663, 周国平人生哲思录
03101021, 8.7, 3194, 极权主义的起源
03245212, 9.4, 1408, 叔本华思想随笔
05363278, 8.4, 4796, 素履之往
04766921, 9.0, 2193, 解体概要
02170983, 9.1, 1948, 苏格拉底的申辩
01254942, 9.2, 1732, 黄帝内经
25928708, 8.6, 3576, 佛祖都说了些什么?
01438539, 8.7, 3088, 西方美学史
01433192, 9.1, 1895, 普通语言学教程
01489494, 8.5, 4022, 人与永恒
20258505, 9.4, 1338, 规训与惩罚(修订译本)(第4版)
01247769, 8.9, 2347, 家庭、私有制和国家的起源
01921597, 9.0, 2080, 大学·中庸
01829799, 8.7, 2978, 爱的觉醒
01066108, 8.5, 3873, 易经杂说
03270161, 9.9, 805, 机械制造厂电能的合理使用
01006614, 8.6, 3321, 我们内心的冲突
25971624, 8.7, 2912, 政治秩序的起源
26363926, 8.7, 2906, 何为良好生活
10608319, 8.5, 3771, 存在主义是一种人道主义
10877051, 9.1, 1780, 顾城哲思录
02283920, 8.5, 3757, 西方哲学史
30379527, 8.9, 2240, 世界观（原书第2版）
06879356, 9.5, 1154, 孙子兵法
01135734, 8.6, 3257, 追寻生命的意义
01030554, 8.6, 3240, 恶心
01492634, 8.3, 4848, 生活的艺术
01015748, 8.8, 2452, 开放社会及其敌人（全二卷）
26292964, 8.6, 3161, 世界小史
04146756, 8.3, 4795, 浮生取义
01440243, 8.8, 2438, 索拉里斯星
01083054, 9.1, 1709, 现代性与大屠杀
24257192, 9.3, 1364, 卡利古拉
25966785, 9.2, 1505, 与社会学同游
01159967, 8.6, 3085, 第二性
01489670, 8.6, 3076, 老子他说
03633588, 8.8, 2382, 幸福之路
01048173, 8.1, 6289, 忏悔录
26264154, 8.7, 2679, 悲伤与理智
01060531, 8.5, 3396, 忏悔录
04266008, 8.3, 4353, 给一个未出生孩子的信
02060491, 8.9, 1976, 逻辑学导论
01139359, 9.1, 1561, 毛泽东选集 第四卷
26827590, 8.6, 2848, 八万四千问
10488580, 8.9, 1949, 鬼谷子
01077621, 9.0, 1731, 毛泽东选集 第三卷
20258504, 9.1, 1536, 疯癫与文明
26674343, 8.6, 2796, 容忍与自由
20376550, 9.1, 1530, 科学革命的结构
01034259, 8.6, 2775, 小逻辑
10601137, 7.6, 12828, 你永远都无法叫醒一个装睡的人
24758481, 8.6, 2708, 当下的力量（珍藏版）
01076280, 8.8, 2067, 第一哲学沉思集
26298597, 9.0, 1590, 我们赖以生存的隐喻
26834183, 8.6, 2575, 艾希曼在耶路撒冷
11232671, 9.2, 1266, 悲剧的诞生
01068912, 8.4, 3268, 中国文化的深层结构
01787729, 8.5, 2849, 单向度的人
02122992, 9.0, 1531, 故道白云
01322336, 9.0, 1528, 控制论与科学方法论
30236304, 8.8, 1928, 列奥纳多·达·芬奇传
26279878, 8.3, 3668, 历史的教训
01064734, 8.3, 3618, 疾病的隐喻
04843462, 9.5, 882, 楞严经
01921589, 9.0, 1482, 周易
01315184, 9.0, 1480, 哲学研究
30327868, 8.3, 3508, 非平面
27139938, 8.7, 2066, 哲学·科学·常识
03710137, 8.6, 2340, 沉思录
01091964, 9.2, 1162, 路易·波拿巴的雾月十八日
19962341, 9.1, 1288, 非理性的人
30394971, 9.4, 943, 论自由
01437687, 8.8, 1806, 性经验史
03151603, 9.2, 1142, 先知
03381387, 9.1, 1268, 论持久战
25978763, 8.7, 2008, 僧侣与哲学家
06436972, 9.1, 1252, 中国文化要义
05450660, 8.6, 2239, 次第花开
25819842, 9.0, 1390, 佛陀传
01056867, 9.1, 1235, 政治学
03025921, 7.7, 8383, 黑天鹅
03431988, 9.0, 1374, 人的境况
27018918, 9.2, 1107, 当尼采哭泣
02116916, 8.8, 1722, 动机与人格
06780545, 9.0, 1367, 中国哲学史
25784280, 9.2, 1089, 偶像的黄昏
04061963, 8.7, 1873, 荣格自传
24257448, 9.3, 963, 反抗者
06068432, 9.2, 1064, 自由及其背叛
01137244, 9.1, 1170, 判断力批判
03117247, 9.0, 1304, 中国古代思想史论
06310320, 8.7, 1840, 人都是要死的
06854525, 7.9, 5594, 黑天鹅
01049136, 8.7, 1822, 数学：确定性的丧失
03684193, 9.0, 1288, 叔本华的治疗
01274953, 8.9, 1413, 伦理学
05918057, 8.8, 1570, 玩笑
03007708, 9.3, 907, 六祖坛经
01276479, 8.9, 1384, 发达资本主义时代的抒情诗人
25926462, 9.4, 809, 西方哲学史
03389960, 7.5, 10266, 自卑与超越
01012379, 8.6, 1931, 知识分子论
04246032, 9.4, 800, 西方哲学史讲演录
01005813, 9.1, 1080, 自由秩序原理
24748615, 8.3, 2828, 天幕红尘
05936857, 8.5, 2155, 笑忘录
19956866, 9.1, 1070, 苏菲的世界
01105890, 8.1, 3711, 生命的重建
03389811, 8.8, 1482, 西方哲学史（修订第8版）
33436180, 9.4, 783, 牛津大学哲学通识课：政治哲学
01041452, 8.5, 2125, 存在与虚无
01077833, 8.8, 1458, 形而上学
01077196, 8.6, 1849, 蒙田随笔全集（全三册）
04898627, 8.4, 2381, 禅者的初心
01400030, 8.6, 1840, 推理的迷宫
25774978, 8.8, 1439, 眼泪与圣徒
19977858, 9.0, 1148, 朱光潜谈美
01254278, 8.7, 1590, 思想录
25908550, 8.4, 2294, 历史的终结与最后的人
02209227, 8.2, 2999, 一个孤独漫步者的遐想
02049128, 8.1, 3433, 丧家狗
02301475, 8.3, 2582, 人间食粮
05422665, 8.0, 3951, 大设计
26949210, 8.2, 2933, 如果没有今天，明天会不会有昨天？
01079756, 8.5, 1933, 释梦
01005692, 8.4, 2193, 西方哲学史
03646976, 9.0, 1074, 菜根谭
10530396, 9.6, 588, 圣经
01018360, 8.6, 1664, 性心理学
01223897, 9.2, 852, 实践理性批判
03260902, 8.6, 1644, 智慧书
10546888, 9.3, 763, 苦炼
01207847, 8.5, 1847, 增广贤文
26150549, 8.6, 1612, 人性中的善良天使
01074030, 8.5, 1800, 西方哲学十五讲
21357072, 9.3, 743, 裴洞篇
30176572, 9.4, 674, 大问题（第10版）
02213463, 8.6, 1580, 拯救与逍遥
19935557, 9.1, 897, 谈修养
01928500, 8.7, 1388, 三十六计
01030294, 8.9, 1105, 林中路
01089142, 8.4, 1988, 消费社会
03658093, 8.2, 2586, 哲学的慰藉
02111791, 8.7, 1367, 哲学问题
01916533, 8.4, 1973, 毛泽东选集 第五卷
01070246, 8.6, 1534, 置身于苦难与阳光之间
26319527, 8.0, 3408, 性学三论
02304817, 8.6, 1529, 资本论
02347737, 8.0, 3399, 深夜加油站遇见苏格拉底
02287712, 8.8, 1210, 美国精神的封闭
19967339, 8.8, 1206, 流浪者之歌
03006742, 8.6, 1521, 改变
25900948, 8.4, 1942, 消费社会
26769136, 8.7, 1331, 为什么长大？
25867564, 9.4, 637, 叔本华美学随笔
25742296, 8.3, 2166, 有限与无限的游戏
01911687, 7.4, 8872, 厚黑学
10594802, 8.0, 3228, 写给无神论者
01186712, 8.2, 2412, 各自的朝圣路
01287508, 8.2, 2409, 明室
26438558, 9.2, 753, 西方哲学史
01393233, 9.1, 829, 古典时代疯狂史
26392337, 8.3, 2088, 与神对话
01025001, 8.4, 1816, 东方学
01178535, 8.7, 1255, 人性论（上下）
25939476, 9.4, 606, 存在与时间
23774527, 9.2, 732, 时代的精神状况
05905979, 9.1, 804, 斜目而视
04285631, 8.7, 1237, 意识形态起源和影响
10515314, 9.1, 801, 红书
01077428, 9.1, 799, 自然权利与历史
03116096, 8.2, 2280, 象与骑象人
25957575, 9.4, 592, 老子
03640150, 8.0, 2988, 血酬定律
20376605, 8.6, 1360, 阿特拉斯耸耸肩
01009105, 8.9, 955, 战争论
27204787, 9.2, 702, 人生的智慧
26810561, 9.2, 700, 对空言说
19963287, 9.0, 853, 诸神的面具
02305738, 8.6, 1320, 存在与虚无
06822342, 9.5, 524, 王阳明全集
01075249, 8.9, 941, 西方哲学原著选读(上卷)
25911978, 7.6, 5371, 知行合一王阳明（1472—1529）
26852425, 8.7, 1164, 什么是科学
03550249, 8.8, 1032, 科学哲学
27136747, 9.0, 820, 正见
01095849, 8.8, 1012, 词与物
01123740, 8.7, 1122, 科学革命的结构
02115906, 9.1, 733, 周易译注
30441530, 8.8, 997, 打开
26869026, 8.9, 892, 箭术与禅心
03213781, 9.1, 725, 启迪
04244859, 8.4, 1567, 超越金融
20273773, 8.1, 2258, 人生的意义
01053526, 8.4, 1509, 哲学与人生
06859959, 9.0, 765, 健全的社会
01810944, 8.7, 1052, 启蒙辩证法
26892991, 8.1, 2193, 你的第一本哲学书
07057936, 8.4, 1482, 批判性思维
01391740, 8.5, 1311, 逻辑的引擎
19965872, 8.9, 837, 理想国
27025626, 9.1, 682, 君主论
01077688, 9.1, 681, 逻辑新引・怎样判别是非
04189215, 9.2, 616, 灵之舞
03132641, 8.7, 1032, 中国现代思想史论
06810086, 9.2, 613, 朱熹的历史世界
03465962, 9.0, 746, 素书
10582727, 9.9, 332, 四书章句集注
26107897, 9.2, 608, 存在与虚无
27194525, 9.2, 604, 福柯的生死爱欲
03722967, 8.2, 1850, 人生十论
04733295, 9.0, 731, 理想国
01082457, 9.2, 596, 美学（第一卷）
06052799, 9.2, 594, 自由论
02979192, 8.8, 890, 矛盾论
10449401, 9.4, 490, 现代性的神学起源
26373271, 8.7, 986, 活出生命的意义[珍藏版]
02045704, 8.9, 794, 权力意志
26278816, 8.9, 793, 耶鲁大学公开课 : 政治哲学
34449288, 9.3, 534, 20世纪思想史
34447865, 9.5, 446, 西方哲学史（第9版）
26663535, 9.3, 533, 善恶的彼岸
01507315, 9.1, 639, 自然哲学之数学原理
01228193, 8.5, 1215, 回忆苏格拉底
03072490, 8.5, 1214, 功利主义
02213965, 8.2, 1731, 他人就是地狱
30331839, 9.0, 691, T. S. 艾略特传
05396636, 9.2, 567, 资本主义与精神分裂 （卷二）
03773959, 8.4, 1338, 只有一个人生
06509886, 8.7, 939, 人生哲思录
34988734, 9.1, 617, 走出唯一真理观
01051659, 8.9, 753, 我与你
10565381, 7.9, 2567, 活法
26337444, 8.4, 1316, 论人类不平等的起源和基础
25768266, 9.4, 464, 人的自我寻求
10345571, 7.9, 2552, 哲学的慰藉
10876715, 8.8, 828, 论法的精神
27605891, 8.8, 825, 惊呆了！哲学这么好
01245533, 8.5, 1152, 论优美感和崇高感
24754537, 7.4, 5588, 简单的逻辑学
04917249, 9.0, 667, 韩非子
02051821, 8.8, 816, 论革命
26581735, 8.8, 816, 黑格尔
01039771, 9.0, 656, 法哲学原理
26847581, 9.2, 540, 艺术哲学
06006691, 8.7, 895, 现代性与大屠杀
30316493, 8.9, 716, 鼠疫
01455362, 9.2, 530, 历史理性批判文集
03803268, 8.6, 982, 历史决定论的贫困
26286235, 8.3, 1399, 爱情笔记
01392562, 8.6, 963, 康德哲学讲演录
01986050, 8.7, 860, 哲学 科学 常识
01675500, 9.1, 569, 后现代主义与文化理论
24257152, 8.2, 1546, 堕落
04711466, 8.0, 2007, 培根随笔
27039296, 8.3, 1354, 幸福的勇气
01074364, 9.1, 564, 哲学史讲演录(第一卷)
01253835, 9.3, 468, 哲学史教程（上卷）
27131100, 8.1, 1746, 小王子的领悟
25766592, 9.3, 467, 精神现象学
06797700, 8.3, 1345, 自我与本我
01315167, 9.0, 619, 历史的用途与滥用
27081974, 9.3, 465, 人生的智慧
03339862, 8.6, 939, 性别麻烦
26723539, 8.7, 839, 事件
24716011, 9.0, 612, 人论
06139564, 9.0, 607, 雅克•拉康
26320417, 9.0, 606, 自然社会
03078098, 8.6, 921, 哲学与人生
04000736, 9.1, 549, 正义论（修订版）
04833802, 8.9, 668, 薄伽梵歌
34870933, 7.7, 2993, 人生十二法则
30276702, 8.1, 1689, 中央帝国的哲学密码
02999785, 8.4, 1156, 塔木德
05214612, 8.2, 1474, 福柯
04042959, 9.0, 599, 政治哲学导论
01009891, 8.6, 909, 公共领域的结构转型
24532503, 8.2, 1458, 佛学概论
26609146, 9.2, 490, 自我技术
26865819, 8.3, 1264, 景观社会
25881325, 7.1, 8085, 庆祝无意义
25867553, 9.3, 439, 叔本华思想随笔
01949782, 8.6, 881, 快乐的科学
25771588, 9.4, 401, 逻辑哲学论
17153313, 9.0, 578, 哲学导论
01828292, 8.8, 706, 黑暗时代的人们
26529831, 8.2, 1398, 忏悔录
01067603, 9.0, 566, 暗淡蓝点
26818873, 8.1, 1562, 我们都是食人族
04903266, 8.3, 1207, 超越感觉
19964304, 8.2, 1352, 爱的多重奏
30417612, 8.2, 1352, 非对称风险
24845883, 8.7, 751, 空间的诗学
34855047, 8.9, 609, 卢浮地宫
26579926, 9.4, 380, 瓦尔登湖
26975206, 8.3, 1167, 人是一根会思考的芦苇
03212602, 9.0, 545, 毛泽东选集（第五卷）
26264205, 9.2, 450, 道德的谱系
27667348, 9.0, 541, 思想是生活的一种方式
01251842, 9.4, 375, 巴曼尼得斯篇
06799998, 9.4, 375, 纯粹理性批判
04846035, 7.5, 3563, 干法
25867785, 8.6, 815, 正义之心
26655572, 9.5, 344, 中国哲学简史
25970429, 9.0, 538, 没有个性的人
26945180, 8.9, 590, 卡尔·马克思
26591902, 9.1, 486, 中国思想史十讲（上卷）
02256360, 9.0, 526, 胡塞尔现象学
06004480, 9.1, 478, 周易
01960256, 8.5, 880, 机械复制时代的艺术
27083202, 9.3, 396, 新教伦理与资本主义精神
26782124, 9.0, 521, 瞧，这个人
25723773, 9.1, 471, 柏拉图对话录
01021529, 8.8, 625, 重负与神恩
34969956, 8.7, 692, 遗忘通论
25928726, 8.6, 765, 导读拉康
01421310, 8.7, 683, 知识分子的鸦片
03069173, 8.2, 1210, 单向度的人
02979191, 8.7, 680, 实践论
01511983, 8.6, 756, 劝学篇
01927487, 7.7, 2362, 乌托邦
02278535, 8.5, 836, 哲学的邀请
01271862, 9.1, 453, 偶然、反讽与团结
26660579, 8.7, 672, 直视骄阳：征服死亡恐惧
26832583, 9.2, 412, 世界哲学史
05377278, 8.1, 1343, 西方哲学简史
25923695, 8.0, 1530, 电车难题
06397293, 8.1, 1321, 这个世界会好吗？
04712697, 9.2, 405, 康德《纯粹理性批判》句读
03743038, 9.5, 313, 写给孩子的哲学启蒙书（共6册）
01083309, 9.0, 486, 论可能生活
27136549, 8.7, 655, 思想史
10785860, 8.6, 727, 现代性
04753726, 9.0, 484, 宗教与科学
01148437, 9.1, 440, 传习录
01444141, 9.2, 398, 演讲与论文集
03074246, 9.0, 466, 无政府、国家和乌托邦
26820496, 9.1, 422, 神圣人
01275842, 9.0, 463, 充足理由律的四重根
30208077, 8.8, 561, 禅与摩托车维修艺术
04241783, 9.2, 384, 历史的观念
01227223, 8.6, 688, 哲学导论
25817581, 9.3, 351, 维特根斯坦传（插图版）
06784981, 9.5, 296, 几何原本
01050527, 8.9, 500, 逻辑学（上卷）
34815132, 8.3, 949, 圆圈正义
26892222, 8.0, 1375, 生活的哲学
01915608, 8.8, 545, 人类理解研究
01251894, 8.6, 670, 培根论说文集
04190173, 9.1, 408, 人应该如何生活
25853524, 9.0, 443, 一切坚固的东西都烟消云散了
26323176, 9.4, 310, 1844年经济学哲学手稿
01255584, 8.4, 812, 时间与自由意志
01095500, 8.9, 478, 意识形态的崇高客体
01022187, 8.2, 1013, 知识考古学
01252183, 9.0, 432, 毛泽东选集 第二卷
01125216, 9.6, 258, 庄子
26598286, 9.0, 429, 论人与人之间不平等的起因和基础
03222065, 8.5, 704, 伦理学与生活
30389924, 7.9, 1456, 爱欲之死
02308876, 8.6, 628, 政府论
01799240, 8.5, 699, 君主论
25928725, 8.9, 462, 导读齐泽克
21324342, 8.8, 509, 西西弗斯神话
26849476, 8.8, 509, 金花的秘密
21355964, 8.2, 979, 生活的艺术家
03986188, 9.3, 321, 小逻辑
26831912, 8.8, 507, 利维坦
19956259, 7.9, 1429, 人生有何意义
01040538, 8.2, 971, 中国哲学史大纲
30295044, 8.7, 557, 西西弗神话
26392840, 9.2, 347, 沉重的肉身
24876481, 8.1, 1092, 人的宗教（珍藏版）
19980351, 8.7, 553, 西西弗斯的神话
24697397, 9.6, 248, 畏惧与颤栗 恐惧的概念 致死的疾病
03865451, 8.9, 453, 现象学导论
20366367, 7.8, 1609, 金钱不能买什么
01477442, 8.9, 452, 为自己的人
19970664, 9.4, 290, 柏拉图对话中的神
34437694, 9.0, 409, 惶然录
26286738, 8.9, 449, 现代性的五副面孔
02149157, 8.5, 674, 墙
26823033, 8.3, 840, 梦的解析
01500045, 8.6, 601, 猜想与反驳
03546574, 8.7, 539, 扭曲的人性之材
03987027, 9.1, 368, 非此即彼（上卷）
01052276, 8.9, 442, 路标
33709396, 9.2, 335, 知觉的世界
01392568, 8.9, 436, 哲学之树
33442259, 7.9, 1339, 倦怠社会
25955940, 8.4, 724, 透过佛法看世界
01015941, 8.7, 523, 继承人
26696386, 9.0, 389, 内在经验
23060145, 9.5, 254, 未来形而上学导论
27028393, 8.7, 514, 为何一切尚未消失?
06431982, 9.1, 352, 说理
02248893, 9.1, 351, 德意志意识形态
01069441, 8.3, 787, 纯粹理性批判
26004339, 9.3, 290, 伊西斯的面纱
25861814, 9.4, 266, 尼采与哲学
01475128, 8.9, 411, 人的潜能和价值
30335756, 8.3, 756, 我是个怪圈
26641576, 9.7, 208, 林中路
26980490, 8.0, 1071, 恶之花
30136393, 9.4, 255, 做哲学
01048529, 8.6, 527, 论老年 论友谊 论责任
01880660, 9.1, 327, 自然哲学的数学原理
30376593, 8.2, 811, 当下的启蒙
26136989, 8.2, 806, 王阳明大传：知行合一的心学智慧（全三册）
30171338, 8.8, 425, 复杂
34876107, 7.9, 1165, 无处安放的同情
26955856, 9.0, 350, 思想的力量
26874890, 9.5, 230, 自然权利与历史
26397584, 8.3, 702, 单向街
26648884, 7.5, 2000, 干法
25833480, 8.7, 455, 单向度的人
26323706, 8.9, 373, 理想国
30297159, 8.2, 766, 爱的艺术
27012154, 7.3, 2659, 我喜欢生命本来的样子
30289559, 9.4, 241, 逻辑新引·怎样判别是非
26426343, 8.8, 396, 传习录
26913479, 8.8, 396, 华杉讲透《论语》
26609148, 8.6, 479, 声名狼藉者的生活
04090803, 8.3, 655, 商君书
27093835, 8.6, 475, 不可能性
26890706, 9.1, 297, 科学与宗教的领地
30489680, 9.0, 324, 悲剧的诞生
01949061, 8.5, 524, 不合时宜的沉思
27063506, 8.6, 467, 西方神秘学指津
26651253, 8.3, 641, 人生的智慧
04202381, 9.2, 269, 逻辑学讲义
33442258, 8.1, 806, 他者的消失
01116325, 8.7, 421, 人类理解论（上下）
30395243, 7.8, 1172, 爱的艺术
26967794, 8.7, 420, 从卢梭到尼采
26825934, 9.4, 227, 总体与无限
30215911, 8.7, 418, 人生的智慧
01903578, 8.3, 632, 人生五大问题
26905777, 8.4, 566, 一个孤独漫步者的遐想
27108920, 8.4, 563, 老实人
26826152, 9.4, 224, 曾国藩家书
01042153, 8.9, 341, 人类理智研究
27011409, 8.3, 620, 每当我找到生命的意义，它就又变了（珍藏版）
05373892, 8.2, 692, 宗教的本质
27088083, 8.8, 370, 西西弗神话
26159020, 9.0, 308, 视差之见
03786363, 8.6, 448, 沉思录
01139361, 9.2, 255, 毛泽东选集 第三卷
25846075, 7.9, 954, 技术的本质
01979209, 8.8, 357, 上帝之城
26600130, 8.8, 357, 忏悔录
27575829, 9.5, 198, 善的脆弱性（修订版）
27181900, 8.2, 658, 哲学起步
10571622, 8.8, 353, 知识分子的鸦片
27102950, 8.3, 584, 了凡四训
26267406, 8.9, 321, 逻辑学导论（第13版）
24298157, 8.8, 351, 来日方长
03205317, 8.8, 350, 爱弥尔
01034729, 8.9, 319, 开放社会科学
26806808, 9.3, 226, 人性论
26610904, 9.2, 242, 无法还原的象
06953288, 9.0, 285, 什么是政治哲学
04809797, 8.8, 338, 论生命之短暂
27086099, 9.3, 220, 理想国
03462267, 8.6, 407, 占有还是存在
04248132, 8.9, 307, 论可能生活
30324722, 9.1, 258, 艺术哲学
24838618, 8.7, 367, 反脆弱
05921814, 8.5, 445, 后现代状态
30340107, 7.9, 876, 直觉泵和其他思考工具
33455183, 9.8, 150, 规训与惩罚
20282896, 8.4, 491, 冷记忆：1980—1985
01945984, 9.0, 277, 诚与真
27056339, 9.0, 275, 君主论
04735985, 8.9, 300, 保卫马克思
26389495, 9.9, 136, 当代政治哲学
26600395, 9.0, 268, 人的行为
26974841, 9.0, 267, 人的境况
05336230, 8.3, 524, 论诱惑
02209114, 8.9, 290, 什么是哲学
06023969, 8.7, 348, 论个人在历史上的作用问题
04905966, 9.0, 262, 時空之外
26606416, 9.1, 240, 西方哲学史
26716508, 9.2, 219, 国家与革命
04882100, 8.7, 338, 人类知识原理
30217954, 8.3, 496, 告别的仪式
01228654, 8.6, 363, 物性论
30296440, 9.3, 193, 数学简史
27203767, 7.5, 1275, 柏拉图和鸭嘴兽一起去酒吧
01002582, 8.6, 350, 西方的没落
34464687, 8.6, 349, 魔术师时代
34460342, 9.7, 142, 人生哲思录
25963469, 8.4, 422, 好好讲道理
25736285, 8.8, 287, 简明语言哲学
27625550, 8.3, 467, 身份的焦虑
01430203, 8.9, 262, 系统的哲学
10575163, 9.4, 175, 象征交换与死亡
25732544, 8.6, 337, 福柯 / 布朗肖
06041368, 9.5, 159, 现代政治思想的基础（上、下卷）
02141589, 8.9, 255, 眼与心
33417102, 8.9, 255, 牛津大学哲学通识课：道德哲学
30367977, 9.1, 215, 重负与神恩
26838875, 7.7, 909, 齐泽克的笑话
06002242, 8.9, 253, 现代性的哲学话语
01783734, 8.2, 495, 现代性与后现代性十五讲
02278697, 8.5, 362, 赫拉克利特著作残篇
03349509, 8.7, 299, 科学发现的逻辑
26304315, 9.2, 195, 例外状态
21256236, 9.0, 228, 奥义书
30304858, 7.9, 683, 色情
26184242, 8.4, 390, 无穷的开始
07056695, 9.0, 224, 论我们教育机构的未来
06830062, 9.5, 152, 国富论
30480707, 9.5, 152, 附录和补遗（第1卷）
30420818, 7.8, 761, 在群中
03806060, 9.2, 188, 爱比克泰德论说集
04733982, 8.3, 423, 轴心时代
24699319, 9.5, 150, 哲学史讲演录
03370214, 8.1, 524, 深奥的简洁
27060620, 8.7, 285, 观念的力量
01959938, 9.4, 160, 哲学的贫困
01393386, 8.8, 258, 主体解释学
27009630, 9.6, 138, 纯粹理性批判
34449286, 9.4, 159, 浪漫主义的根源
30270219, 7.4, 1250, 恶的科学
26925467, 8.4, 371, 白板
30257757, 8.8, 254, 哲学是做出来的
33387411, 9.1, 196, 保守主义思想
03222291, 8.6, 302, 意识的解释
01027977, 9.0, 212, 新科学
34440655, 8.8, 248, 尼采：在世纪的转折点上
30331841, 8.9, 227, 被诅咒的部分
02157346, 8.3, 396, 笛卡尔的错误
10578442, 8.1, 489, 爱欲与文明
26640201, 9.6, 132, 尼各马可伦理学
30265800, 8.4, 356, 平常的恶
20472904, 9.2, 176, 第一哲学的支点
26934549, 8.7, 266, 要么孤独，要么庸俗
01265785, 8.6, 291, 笑
30137402, 8.9, 222, 马克思与《资本论》
01252117, 8.6, 288, 范畴篇 解释篇
10600614, 8.4, 348, 哲学与人生 （第二版）
04230644, 9.0, 202, 分道而行
26610903, 8.5, 314, 旅行人信札
26945819, 8.9, 219, 英雄之旅
03022640, 8.0, 528, 逻辑学十五讲
33435467, 9.0, 201, 人性的枷锁
25762630, 9.1, 185, 社会契约论
03805815, 9.2, 171, 控制论
25873059, 9.6, 127, 康德的先验观念论
04091025, 8.6, 278, 消解性别
34908495, 8.9, 213, 大图景
06129747, 9.2, 166, 资本论
25870939, 9.2, 166, 哈贝马斯
01907590, 8.9, 206, 从存在到存在者
27034364, 8.9, 206, 西方思想的起源
26150390, 7.5, 914, 你会杀死那个胖子吗？
27031860, 8.7, 239, Why Buddhism is True
26893391, 9.5, 126, 善恶的彼岸
34802764, 9.4, 135, 加缪手记
26718544, 9.3, 145, 世俗时代
34678463, 7.7, 667, 重来也不会好过现在
06062279, 9.3, 144, 现象学运动
03916132, 8.5, 279, 晚学盲言（上下）
01000506, 8.5, 277, 蜜蜂的寓言
01279934, 8.5, 277, 马克思主义、毛泽东主义与乌托邦主义
27167270, 8.2, 370, 像哲学家一样生活
25823987, 8.4, 302, 增广贤文
02228717, 8.9, 193, 寻觅意义
01443526, 8.2, 368, 新工具
30133467, 9.1, 164, 查拉图斯特拉如是说
34464685, 9.7, 107, 论再生产
27098940, 9.5, 122, 意识形态的崇高客体
30426274, 9.5, 122, 《存在与时间》读本
24732489, 8.6, 247, 生命安宁
01545830, 7.9, 493, 形式逻辑
01563766, 9.2, 147, 猜想与反驳
30389922, 8.0, 436, 精神政治学
02012543, 9.0, 171, 易经
27601528, 8.8, 201, 流动的现代性
26791174, 8.0, 425, 死亡哲学：耶鲁大学第一公开课
02082154, 8.7, 214, 历史的起源与目标
25813166, 9.3, 133, 无限与视角
27167590, 9.4, 123, 想透彻
04313494, 8.5, 252, 愚人颂
30367963, 8.0, 416, 存在的艺术
26381874, 9.1, 152, 人心：善恶天性
30400716, 7.9, 464, 异端
05340426, 9.3, 130, 诠释学Ⅰ、Ⅱ
30360494, 8.7, 207, 物体系
04201118, 8.0, 407, 我们如何思维
26831805, 8.4, 269, 精神疾病与心理学
02138068, 8.9, 173, 真理与方法（修订本）
02051819, 8.7, 204, 神义论
26700929, 8.1, 356, 知鱼之乐
01060196, 8.9, 166, 思想家
26913521, 9.7, 94, 存在与时间
01315265, 8.3, 281, 从混沌到有序
26989503, 9.1, 141, 伦理学与哲学的限度
30351729, 9.5, 106, 现代性的神学起源
02051548, 9.0, 151, 人的奴役与自由
06529665, 7.0, 1399, 马克思为什么是对的
26610902, 9.0, 145, 从感觉开始
35019783, 8.3, 259, 生存还是毁灭
04062211, 9.4, 104, 还原与给予
30354898, 9.3, 111, 圣经、新教与自然科学的兴起
26370027, 8.9, 147, 尼采与陀思妥耶夫斯基
27620804, 8.5, 202, 撼动世界史的思想家格斗
30839047, 9.5, 94, 黑格尔
01472294, 8.9, 143, 逻辑学
33427962, 9.1, 121, 差异与重复
34866852, 9.3, 105, 福柯：关键概念
25718139, 7.2, 833, 每个人都会死，但我总以为自己不会
27608196, 7.9, 341, 通向哲学的后楼梯
26757718, 8.3, 228, 火的精神分析
27070172, 9.9, 70, 哲学的历程
26672408, 6.5, 2490, 本书书名无法描述本书内容
33590444, 9.1, 114, 生命与新物理学
26136477, 9.2, 105, 正义的两面（修订版）
25982071, 8.4, 196, 人性能达到的境界
30389717, 8.4, 196, 花园里的哲学
30383926, 8.1, 260, 表象与本质
30316487, 10.0, 63, 资本论
34991116, 7.7, 392, 爱神之泪
33438841, 8.5, 176, 有限与无限的游戏
26847521, 9.5, 84, 论美国的民主
30223287, 6.7, 1607, 好的爱情
01292314, 8.6, 161, 理性、真理与历史
27119176, 9.4, 89, 政治与历史
30326083, 8.4, 189, 梦
03561136, 8.8, 134, 逻辑之旅
26757719, 8.5, 170, 水与梦
35000842, 8.0, 268, 当你学会独处
27093836, 9.1, 104, 《荒岛》及其他文本
30488945, 8.8, 128, 偶像的黄昏或怎样用锤子从事哲学思考
30157658, 9.6, 74, 哲学史方法论十四讲
30206364, 8.1, 232, 哲学的指引
30325321, 8.7, 134, 东西之道
30464903, 8.4, 171, 中国哲学十五讲
34863425, 7.9, 274, 论爱与死亡
04742975, 8.7, 131, 法兰克福学派
26945586, 9.5, 74, 理与人
05350988, 8.3, 178, 我们从未现代过
01288386, 8.5, 149, 理与人
30278178, 9.3, 82, 生命是什么
34940791, 9.4, 76, 时间与他者
05406422, 8.3, 171, 大众的反叛
26896209, 9.4, 75, 周易译注(增订版)
34841553, 7.8, 276, 美的救赎
27080999, 9.6, 66, 逻辑与哲学
27074696, 8.7, 121, 长青哲学
25947164, 7.5, 382, 哲学家死亡录
27028523, 6.2, 3069, 好的孤独
34869836, 9.6, 64, 自由及其背叛
25873525, 9.1, 87, 哲学的邀请：问题与选择
34841405, 7.9, 230, 与恶魔对话
01135048, 8.4, 145, 人类理智新论
26711191, 8.0, 208, 简单的哲学
30211863, 8.9, 98, 系统的哲学
26843928, 9.5, 66, 思辨的张力
34842532, 8.6, 120, 与神作战
33416576, 8.4, 141, 我的哲学之师叔本华
26697999, 8.0, 202, 看，这是哲学
26640915, 8.6, 119, 爱，为什么痛？
26985790, 9.2, 77, 女人、火与危险事物
03658068, 7.5, 330, 大众哲学
27157291, 7.5, 326, 沉思录
26371104, 7.9, 210, 哲学的快乐
06048889, 9.5, 61, 诠释学：真理与方法
30331840, 8.3, 141, 敞开
26744155, 8.9, 88, 法國高中生哲學讀本 I 政府是人民的主人還是僕人？
33426139, 9.7, 52, 逻辑学Ⅰ
30329577, 8.4, 124, 疯狂的谱系
30417846, 9.3, 65, 理想国
10541306, 6.2, 2097, 墨菲定律
30386234, 8.1, 154, 橘子不是橘色的
33442277, 7.6, 252, 娱乐何为
27074052, 9.3, 63, 尼采思想传记
26337354, 8.1, 153, 像哲学家一样思考
20271285, 9.0, 75, 实用主义
34953968, 9.4, 58, 无知的教师
27096043, 8.6, 95, 记忆，历史，遗忘
34922184, 9.6, 50, 西方政治思想史
30305800, 8.4, 110, 沉思录
30145666, 8.9, 76, 功利主义
34907886, 9.5, 52, 陀思妥耶夫斯基的世界观
30389743, 8.7, 85, 不安之书
34429817, 7.1, 394, 存在主义救了我
30195116, 8.9, 73, 欲望的治疗
30186878, 9.3, 56, 导读维特根斯坦《逻辑哲学论》
34836648, 9.5, 49, 宗白华讲美学
34943850, 8.8, 75, 艺术哲学(作家榜经典文库）
30124799, 7.2, 320, 和伊壁鸠鲁一起旅行
30304329, 7.4, 245, 苏菲的哲学课
30270223, 9.9, 38, 学术研究方法论
01958389, 10.0, 36, 艺术哲学
27065463, 8.4, 91, 日常生活批判
30141208, 9.2, 53, 性别之伤与存在之痛
34834963, 9.1, 56, 自然的弃儿
25909291, 9.0, 58, 从文本到行动
35043951, 9.0, 58, 心
27056206, 8.3, 93, 结构主义
26738836, 8.0, 119, 好用的哲学
30441181, 7.6, 173, 敢于孤独的勇气
34785073, 8.7, 69, 有闲阶级论
25847649, 8.7, 68, 复杂性思维：物质、精神和人类的计算动力学
04121039, 8.4, 83, 九章集（上下）
34841552, 7.7, 145, 暴力拓扑学
33376514, 8.6, 69, 于尔根·哈贝马斯传：知识分子与公共生活
33405075, 9.6, 37, 批判性思维：原书第5版
33384284, 9.2, 45, 哲学导论
30591740, 8.8, 56, 语言与死亡
34841549, 7.1, 244, 透明社会
34840903, 8.8, 55, 拉康选集
33417165, 9.4, 38, 柏拉图对话集
34851670, 8.6, 61, 建筑与虚无主义
26733524, 6.9, 297, 要命的选择：霍尔姆斯杀人案、洞穴奇案和吉姆的困境
30376588, 9.0, 46, 20世纪分析哲学史1
34826137, 9.8, 30, 康德历史哲学论文集
35044898, 7.9, 95, 别想生活有答案
26700926, 6.6, 401, 物演通论
34845961, 7.5, 134, 哲学是怎样炼成的
26888827, 9.3, 36, 九鬼周造著作精粹
34933772, 9.4, 33, 伽达默尔传：理解的善良意志
34923176, 8.0, 80, 禅与饮茶的艺术
35029799, 8.3, 61, 自由主义的重生与政治德性
34779925, 7.0, 194, 何为真正生活
34449268, 7.8, 85, 莱布尼茨、牛顿与发明时间
34816984, 8.2, 62, 文明及其不满
30386364, 8.2, 59, 为什么速度越快，时间越少
34897216, 8.7, 42, 混沌互渗
27017633, 9.2, 31, 二分心智的崩塌
30135670, 9.2, 31, 作为意志和表象的世界
34983284, 9.4, 28, 附录和补遗（第2卷）
34919595, 8.7, 39, 现代西方哲学十五讲
26929937, 7.8, 72, 他者女人的窥镜
33413090, 8.6, 41, 神学与科学的想象
30479196, 8.7, 37, 洞穴奇案
34933361, 8.1, 54, 自我的本质
34913424, 9.0, 31, 克尔凯郭尔传
30482711, 9.2, 27, 法國高中生哲學讀本（全五冊套書）
30463857, 8.0, 54, 人人都该懂的科学哲学
30167654, 8.3, 41, 存在与事件
35025258, 8.3, 41, 一个人的阳台
34834130, 9.8, 19, 德国观念论的终结
34925413, 9.2, 24, 大众的反叛
35003058, 9.2, 23, 中国哲学小史
34928258, 9.1, 23, 追寻消失的真实
34995584, 7.7, 52, 网上遗产
34908344, 9.0, 23, 德勒兹论音乐、绘画和艺术
33418847, 8.0, 38, 论电影
35034271, 9.4, 18, 从政治到哲学的运动
34894027, 8.5, 27, 现代性
30336143, 9.6, 16, 哲人神彩 : 100位世界著名哲学家肖像
34937607, 9.3, 17, 论家
35024534, 9.8, 14, 形而上学俱乐部
34979050, 9.6, 15, 《中国哲学史新编》（手绘插图版）
34902749, 9.3, 16, 德国哲学1760-1860
10755788, 8.9, 19, 游戏的哲学
26918568, 9.1, 16, 自由·平等·博爱
34979051, 9.5, 13, 《中国哲学史》（手绘插图版）
33447926, 8.9, 16, 知识论
34988737, 8.9, 16, 理性与神秘
34840594, 9.0, 15, 剑桥文艺复兴哲学史
33979590, 7.1, 44, 如何形成清晰的观点
27115921, 8.2, 18, 科学、信仰与社会
34990007, 8.8, 13, 在哲学与艺术之间（全新修订版）
30376595, 6.6, 49, 审美无意识
30229201, 8.4, 13, 乡愁
35012611, 7.2, 20, 人人都该懂的认识论
02244156, 4.0, 1985, 马克思主义基本原理概论
34995174, 0.0, 10, 敉平与破裂
34950358, 0.0, 11, 超现实主义宣言
35069016, 0.0, 34, 柏拉图上班记
