2020-07-05 15:59:59

number of books, tag name
390, 唐诗

ID, rating, votes, title
01013267, 9.4, 14479, 唐诗三百首
01021990, 9.3, 4128, 唐诗鉴赏辞典
22163516, 8.6, 8326, 云雀叫了一整天
02005705, 9.1, 3191, 唐宋词十七讲
01810785, 9.4, 2096, 唐诗三百首
01146536, 9.5, 1146, 唐诗三百首
01910477, 8.9, 1828, 千秋一寸心
01409305, 9.4, 1052, 唐诗鉴赏辞典
03843961, 9.3, 1074, 唐诗三百首
10796035, 9.1, 1214, 中国古典诗词感发
02775787, 9.1, 1003, 叶嘉莹说杜甫诗
01007577, 9.0, 1106, 唐诗杂论
10354427, 8.1, 3241, 蒋勋说唐诗
10482102, 8.0, 3657, 蒋勋说宋词
02775720, 9.1, 931, 叶嘉莹说初盛唐诗
01142794, 9.2, 778, 太平广记
01137748, 8.7, 1084, 元曲三百首
25793097, 9.7, 407, 唐诗鉴赏辞典（新一版）
25802944, 8.1, 2037, 大唐李白·少年游
01005619, 9.6, 385, 王维集校注（全四册）
01008023, 9.4, 447, 杜詩詳注（全五冊）
01049464, 9.5, 388, 唐诗百话
30422566, 8.3, 1327, 观看王维的十九种方式
27065497, 7.6, 3507, 六神磊磊读唐诗
01223808, 9.4, 396, 李白诗选
26022054, 8.1, 1244, 蒋勋说唐诗（修订版）
01030529, 9.2, 385, 李商隐诗选
30398858, 9.1, 421, 蒙曼品最美唐诗：人生五味
02995251, 8.5, 753, 叶嘉莹说中晚唐诗
30160617, 8.2, 1058, 四时之诗：蒙曼品最美唐诗
01161592, 9.5, 280, 全唐诗（全二十五册）
01435197, 9.4, 294, 李商隐诗选
33441524, 7.1, 4872, 半小时漫画唐诗
02984029, 9.6, 241, 王右丞集箋注
25942457, 9.1, 364, 唐诗百话（全三册）
01547110, 8.7, 522, 沧浪诗话校释
01023735, 9.0, 389, 诗境浅说
30271860, 8.7, 499, 唐诗可以这样读
01857104, 9.3, 286, 唐诗三百首全解
02052228, 9.3, 282, 李賀詩歌集注
03794113, 9.1, 325, 唐诗杂论
03201442, 9.2, 296, 唐人七绝诗浅释
03191866, 8.1, 904, 杜甫的五城
34850420, 7.5, 2034, 半小时漫画唐诗2
01110159, 9.3, 258, 诗品集解·续诗品注
01010286, 8.4, 599, 盛唐诗
01833394, 8.8, 394, 唐诗杂论
02341188, 8.9, 337, 唐诗选注
01891984, 9.4, 221, 李白诗选
01014359, 9.2, 253, 李白诗选
01626882, 9.2, 220, 杜詩鏡銓
24878414, 8.3, 499, 少有人看见的美
01961668, 8.4, 444, 好诗共欣赏
01137745, 9.0, 247, 唐诗三百首
02969313, 9.6, 151, 唐诗百话
01000855, 9.5, 162, 全唐诗
26296240, 9.4, 172, 叶嘉莹说初盛唐诗
01891934, 9.0, 227, 唐诗选
01066198, 8.5, 346, 唐诗说
02031262, 9.2, 185, 宋词三百首全解
02979274, 9.8, 114, 李太白全集（全三冊）
03803387, 9.3, 161, 钱注杜诗（全二册）
01891562, 9.3, 155, 唐诗三百首详析
01393765, 9.3, 146, 李商隐集
10555394, 9.5, 126, 李长吉歌诗编年笺注
02065055, 9.5, 120, 談藝錄
26184836, 7.9, 493, 朱雀
25877579, 9.0, 169, 古典名著聚珍文库：二十四诗品
06077699, 9.4, 125, 施蛰存全集·唐诗百话
34906880, 9.1, 154, 蒙曼：唐诗之美
01891083, 9.3, 132, 唐代进士行卷与文学
26667426, 9.8, 92, 李太白全集
02156248, 9.6, 104, 唐代交通图考
01891556, 9.2, 130, 唐诗别裁集（全二册）
01686414, 9.0, 149, 王维孟浩然诗选
26275163, 9.4, 110, 唐人选唐诗新编（增订本）
01292422, 9.4, 108, 唐诗三百首
10752087, 7.0, 1299, 于丹：重温最美古诗词
25800339, 7.3, 799, 唐诗风物志
04150303, 8.1, 302, 唐诗的唯美主义
01545948, 9.5, 96, 李白集校注(全二册)
01556074, 9.7, 83, 李太白集  杜工部集
04835977, 9.5, 94, 唐诗杂论
02226279, 9.3, 107, 被开拓的诗世界
26329754, 8.8, 155, 蒋勋说文学之美（全5册修订版）
03074779, 9.1, 122, 杜甫秋兴八首集说
30255690, 8.4, 213, 美玉生烟
34468477, 7.7, 437, 给孩子的唐诗课
01109998, 9.2, 110, 唐代科举与文学
26296238, 8.9, 135, 叶嘉莹说中晚唐诗
30140448, 7.5, 532, 唐诗的读法
26932828, 9.0, 121, 金性尧注唐诗三百首
24858284, 9.4, 91, 唐代进士行卷与文学　古诗考索
25750202, 8.8, 136, 唐诗三论
01331524, 8.6, 159, 唐诗宋词鉴赏辞典
34942549, 7.5, 483, 鲜衣怒马少年时-唐宋诗人的诗酒江湖
25818901, 8.7, 144, 杜甫
26366654, 7.5, 421, 在唐诗里孤独漫步
25774962, 8.6, 140, 盛唐诗
01129831, 8.7, 129, 唐诗杂论
02154873, 9.5, 74, 唐诗故事
30175619, 9.2, 89, 杜诗艺术与辨体
03258983, 9.3, 83, 杜牧集系年校注
26293795, 9.1, 94, 唐诗近体源流
10532829, 8.7, 122, 唐诗综论
01545945, 9.2, 85, 王右丞集箋注
01274790, 8.6, 127, 唐诗三百首详析
25778148, 9.3, 77, 唐诗选注评鉴(上下)
19976896, 8.9, 97, 唐诗杂论 诗与批评
03124602, 7.2, 492, 昨夜闲潭梦落花
27192750, 9.2, 77, 教孩子读伟大的唐诗
30122105, 9.3, 72, 唐诗选（修订第二版）
30247637, 8.6, 116, 唐诗选注
34463612, 9.3, 70, 唐诗百话
05388160, 9.1, 78, 访古学诗万里行
04822596, 8.7, 101, 唐诗风貌
01078783, 9.3, 67, 唐诗选
01435194, 8.7, 98, 杜牧诗选
26642468, 9.5, 57, 李商隐诗集
01924892, 9.0, 77, 唐诗三百首鉴赏辞典
30277932, 9.8, 47, 唐诗百话
01155043, 9.0, 75, 美丽古典
26081620, 9.0, 74, 杜甫秋兴八首集说
01659142, 9.0, 73, 唐诗三百首详注
03712810, 8.9, 76, 大历诗风
01065486, 8.8, 81, 唐诗宋词三百首
01043012, 9.0, 69, 唐诗选（上下）
02056025, 9.0, 69, 绝句三百首
01122765, 9.0, 68, 唐代诗人丛考
01709356, 8.8, 76, 唐诗三百首新注
10416491, 9.1, 61, 李贺诗选评
25785390, 8.1, 127, 留白
01122721, 8.2, 116, 古典诗学的现代诠释
26427673, 9.0, 64, 元白詩箋證稿
26258489, 9.4, 50, 唐诗三百首
05921587, 8.9, 67, 杜甫评传（上中下）
02017051, 9.3, 52, 李白集
06624346, 8.8, 71, 依然旧时明月
26992761, 9.2, 55, 王维诗集
02365379, 8.1, 119, 唐诗小史
01742043, 9.4, 48, 刘禹锡集笺证（上中下）
27030338, 8.0, 127, 诗映大唐春
03369180, 9.2, 53, 元白詩箋證稿
01116215, 8.8, 67, 高適詩集編年箋注
02330080, 9.5, 44, 王右丞集笺注
03229750, 9.2, 51, 李商隐诗选
34802645, 8.7, 70, 题写名胜
26808921, 9.1, 54, 李贺诗集
03065230, 8.8, 65, 唐诗别裁集
02133034, 8.4, 86, 唐诗的魅力
01826124, 9.4, 45, 杜工部集
01018658, 8.0, 118, 唐诗四季 唐诗概论
27062679, 8.8, 63, 银鞍白马度春风：回到唐诗现场
27016510, 8.8, 60, 一日看尽长安花：英译唐诗之美
01055165, 7.6, 154, 唐诗植物图鉴
06116260, 8.7, 63, 抒情传统与政治现实
03118232, 9.0, 52, 李贺诗集
03181476, 9.0, 52, 闻一多论唐诗
02176207, 8.1, 98, 晚唐钟声
03032922, 8.9, 55, 唐诗语汇意象论
01170255, 9.6, 37, 唐诗选注
30337691, 9.6, 35, 叶嘉莹说初盛唐诗
03402750, 8.5, 67, 杜诗杂说全编
01037242, 8.6, 62, 元曲三百首
01535632, 9.0, 48, 诗式校注
02342852, 8.7, 57, 海上明月共潮生-名家说唐诗
01490825, 8.7, 56, 唐诗三百首
34826393, 8.7, 56, 跟熊逸一起读唐诗
28553434, 9.1, 43, 唐诗杂论
33441963, 9.0, 45, 莫砺锋讲唐诗课
26770472, 9.7, 31, 李商隐诗全集
26607221, 7.8, 104, 诗圣杜甫
03803379, 9.4, 35, 錢注杜詩（全二冊）
04122591, 9.4, 35, 元白诗笺证稿(二版)
27084071, 8.8, 49, 唐诗流变论要
03711194, 7.0, 232, 坐火车游盛唐
03882375, 9.0, 43, 杜甫诗选
01543907, 8.3, 67, 王维孟浩然诗选评
26906677, 8.3, 66, 最好的方法读唐诗
25858596, 8.5, 56, 本事诗
04132088, 7.0, 213, 唐史并不如烟（第二部）
20444090, 9.5, 31, 李清照集校注
03553717, 8.7, 48, 唐诗研究入门
10344723, 8.7, 48, 李贺诗集
01446625, 9.3, 34, 中国古典诗词精品赏读丛书
02128649, 8.4, 58, 唐诗杂论
01801449, 7.9, 84, 印象盛唐
02015090, 8.1, 71, 唐诗的故事
27156618, 9.5, 30, 杜诗镜铨
01703507, 7.8, 89, 王维研究
33395297, 8.5, 52, 唐诗三百首
24843462, 8.1, 66, 唐诗中的大唐
10344724, 9.1, 34, 国学经典丛书-李白诗文选
01116216, 8.4, 49, 韦应物诗集系年校笺
03180585, 8.6, 43, 古诗神韵
05957087, 9.0, 34, 李白诗集
30384204, 8.4, 48, 唐诗课
11524187, 7.5, 96, 美得令人窒息的唐诗
02331350, 8.5, 43, 李贺集
03118236, 9.8, 22, 樊川诗集注
01275819, 9.6, 24, 唐诗三百首新译
25904381, 8.2, 52, 唐宋词名家论稿
02121102, 6.7, 207, 只是当时已惘然-唐诗的美丽读法
02342851, 8.1, 53, 似曾相识燕归来-名家说宋词
02052472, 8.8, 34, 元曲三百首-新注本
04851556, 7.5, 85, 最风流 醉唐诗
01275450, 8.3, 46, 唐诗学引论
02173834, 6.4, 293, 李白与杜甫
02342229, 8.7, 35, 唐诗纪事校笺（全八册）
01391611, 8.1, 51, 元稹集
02121513, 9.5, 23, 唐诗故事
29140202, 6.9, 146, 唐诗简史
30137035, 9.3, 25, 王维诗选
01202746, 9.0, 29, 唐诗汇评(上中下)
20444091, 9.2, 26, 薛涛诗笺
27188033, 7.4, 83, 唐诗现场
01895112, 9.2, 25, 唐诗鉴赏
05275511, 8.5, 36, 林庚文选
01069829, 8.7, 32, 戴敦邦图说唐诗宋词
26896016, 9.3, 23, 唐诗之美日历2017珍藏版
25773468, 9.6, 20, 李商隐传论(增订本)
03057482, 8.4, 35, 唐诗纪事（全二册）
04279234, 7.6, 61, 莫砺锋评说白居易
27662614, 7.4, 71, 唐诗为镜照汗青（上下册）
03650184, 8.2, 39, 齐梁诗歌向盛唐诗歌的嬗变
10429594, 8.0, 44, 唐诗鉴赏辞典
03918747, 7.8, 50, 启功说唐诗
03008076, 9.1, 23, 陈子昂集
25753322, 8.8, 26, 中信国学大典：唐诗三百首
01147195, 8.4, 32, 杜牧集
03319942, 8.4, 32, 玉谿生诗醇
03553718, 8.7, 27, 唐诗入门
01688696, 7.8, 47, 岑嘉州诗笺注（全二册）
34994040, 9.1, 22, 诗的秘密
35005322, 9.2, 21, 唐诗三百首（作家榜经典文库）
34816313, 8.6, 28, 释放自己 便生欢喜；王维传
35032392, 8.8, 25, 在唐诗里孤独漫步
26811425, 8.2, 35, 李贺全集
01045874, 9.0, 22, 孟浩然集校注
25716112, 6.5, 149, 时光印痕：唐诗宋词中的节气之美
02179809, 8.4, 29, 大历诗人研究
01158718, 9.0, 21, 唐诗三百首宋词三百首元曲三百首
03118150, 9.2, 19, 杜臆
01065269, 8.3, 30, 唐女郎鱼玄机诗集
01081688, 7.4, 56, 诗文地理
03755967, 9.3, 18, 杜工部诗集辑注
30248715, 7.4, 55, 莺飞草长，杂树生花：唐诗植物图鉴
01826018, 8.6, 25, 唐诗的历史
01054443, 7.5, 50, 杜牧传
01204606, 9.7, 15, 唐诗三百首(彩图注音)
21241257, 8.4, 27, 遇见最美的唐诗
03052702, 8.6, 24, 骆临海集笺注
01113825, 8.0, 33, 唐诗风貌
01487975, 8.1, 31, 佛法与诗境
26915718, 8.4, 26, 唐诗小札
24883377, 9.0, 19, 唐诗别裁集（全二册）
03212581, 8.6, 23, 王绩诗注
01686415, 8.1, 30, 高适岑参诗选
01211453, 8.7, 21, 唐诗精选
01276575, 8.7, 21, 唐七律诗精评
01087937, 7.4, 47, 怅望千秋
02016050, 8.1, 29, 元曲三百首全解
06407656, 9.0, 18, 张籍集系年校注（全三册）
02301284, 8.2, 27, 长江集新校
02126954, 7.9, 32, 《唐诗综论》
01278373, 9.2, 16, 杜甫研究论集
27598777, 8.7, 20, 唐诗综论
10472047, 8.8, 19, 唐诗宋词元曲三百首
03810778, 7.9, 31, 长安月下红袖香(江湖夜雨讲述全唐诗)
01025653, 8.5, 21, 刘长卿集编年校注
03089738, 8.8, 18, 王维诗选
01663749, 7.4, 41, 陈寅恪“元白诗证史”讲席侧记
30259145, 6.8, 68, 梅边消息
01114394, 8.0, 27, 歌者的悲欢
27602217, 9.5, 13, 唐诗三百首
04066465, 8.3, 22, 唐诗论丛
30392751, 6.2, 126, 读唐诗
25775850, 8.8, 17, 钝吟杂录
30384994, 9.2, 14, 王维诗选
03599458, 8.6, 18, 着壁成绘
01050365, 8.2, 22, 大历诗人研究（全二册）
25798626, 9.0, 15, 杜诗注解商榷 杜诗注解商榷续编
26319330, 9.3, 13, 唐诗品汇
01274386, 9.1, 14, 唐五律诗精评
06832332, 6.0, 143, 唐诗排行榜
21722093, 8.9, 15, 杜牧集系年校注
20591638, 8.1, 22, 李白诗
03451609, 7.8, 26, 长安大道连狭斜
03510176, 8.7, 16, 唐代詩人叢考
27096804, 9.0, 14, 千首唐人绝句
25726298, 8.8, 15, 唐詩四季
01152847, 8.0, 22, 千载佳句
01546046, 8.5, 17, 白居易集
05979663, 7.0, 43, 读杜札记
04319801, 8.9, 14, 玉谿生年谱会笺
30318629, 8.9, 14, 诗里特别有禅
24743905, 7.8, 24, 唐诗之旅-万遍千回梦里惊
27090354, 8.3, 18, 最好的方法读唐诗(2)(签名版)赠送唐诗记忆卡
04875748, 7.2, 34, 唐诗素描
30417735, 5.9, 130, 桃李春风一杯酒
25778845, 8.6, 15, 八世纪诗风
10457235, 8.1, 19, 唐诗鉴赏举隅
01523410, 8.9, 13, 唐宋诗词名句鉴赏
02331356, 8.7, 14, 刘禹锡集
03733095, 7.3, 30, 日日新-我的唐诗生活与阅读
06852870, 9.3, 11, 河岳英灵集研究
06981852, 9.0, 12, 唐诗杂论
01099716, 8.7, 13, 唐诗三百首新编
04143289, 6.9, 36, 唐诗里的衣食住行
10607709, 7.5, 23, 唐诗的唯美主义
01117101, 8.6, 13, 李商隐全集
02262865, 6.8, 38, 说李白
04177554, 9.0, 11, 类纂李商隐诗笺注疏解
26709628, 7.5, 22, 唐诗的博物学解读
01331528, 8.2, 15, 唐诗三百首鉴赏辞典
03642614, 8.2, 15, 孟东野诗集
25958225, 6.6, 43, 也说李白与杜甫
05446404, 8.7, 12, 唐诗别裁
24883408, 7.7, 19, 唐诗画谱
25788101, 6.8, 35, 莺飞草长，杂树生花
30466535, 8.0, 16, 唐诗里藏着故事
26602815, 8.1, 15, 唐诗讲演录 唐五代词概说
25986446, 8.6, 12, 杜牧集
06877313, 5.8, 94, 人生何处不离人
20471901, 7.2, 24, 慢读唐诗
27190978, 6.9, 28, 崩壞國文
03045765, 8.6, 11, 唐诗一万首
01546755, 8.2, 13, 贾岛集校注
27057173, 8.8, 10, 唐诗风神及其他
02290756, 7.8, 15, 唐宋词分类选讲
02109906, 8.2, 12, 红楼梦诗词赏析
34438904, 8.2, 12, 唐诗杂论
01546569, 8.0, 13, 绝妙好诗
27599293, 5.7, 80, 一卷大唐的风华
01028997, 8.3, 11, 新选唐诗三百首
21964878, 8.2, 11, 诗意栖居的朝代——唐代诗选
19985974, 7.5, 15, 绣口一吐，就是半个盛唐
27115361, 8.1, 11, 唐诗三百首（儿童注音美绘本）
23938420, 7.9, 12, 唐诗风情
01928380, 7.2, 17, 陈文丁画之唐诗图
34951591, 7.3, 16, 唐人如何吟诗
02296176, 7.1, 18, 唐宋诗文的艺术世界
01113827, 7.4, 15, 唐诗的美学阐释
01538824, 7.0, 19, 唐名家诗导读
04028504, 7.5, 14, 大唐碎片
30264081, 7.5, 14, 唐朝的春风大雅
01171636, 8.0, 11, 元稹诗文选
26360387, 8.0, 11, 唐人诗中所见当时妇女生活
03597760, 7.8, 12, 唐诗杂论
04729758, 7.8, 12, 杜甫诗选
26365997, 8.2, 10, 唐诗杂论
04240159, 7.6, 13, 瓯北诗话
04850312, 7.2, 16, 禅与唐宋诗学
20591640, 7.3, 15, 白居易诗
25783978, 7.3, 15, 唐代文化与诗人之心
02187396, 7.8, 11, 唐诗三百首评注
05395314, 7.6, 12, 唐诗三百首鉴赏大全集
01926649, 7.2, 14, 马勒《大地之歌》研究
06720807, 6.6, 20, 唐诗
01546759, 7.6, 11, 唐诗演进论
01879440, 7.4, 12, 唐人选唐诗
01629480, 7.5, 11, 林庚推荐唐诗
01624786, 6.5, 20, 经典唐诗鸟类图鉴
04834968, 7.2, 12, 读懂唐诗 (平装)
04843316, 7.4, 10, 唐诗是不想告别的聚会
01445776, 6.6, 15, 唐代妇女生活与诗
03525965, 6.0, 23, 唐诗美学精读
01390161, 7.0, 11, 元稹集编年笺注：诗歌卷
03451536, 6.7, 12, 落日楼台一笛风
25884718, 6.7, 12, 琴声十三象
01065935, 5.8, 13, 中国选本批评
26285334, 5.3, 16, 千年烟月在
11622274, 5.0, 21, 一寸相思一寸灰
01125338, 0.0, 10, 唐诗选注集评
01331511, 0.0, 10, 唐诗比较研究
03220531, 0.0, 10, 陈子昂诗注
03556026, 0.0, 10, 高适岑参集
04076265, 0.0, 10, 李贺研究
04104717, 0.0, 10, 唐诗地图
06728128, 0.0, 10, 唐朝诗人那些事儿
01054946, 0.0, 11, 唐诗：珍藏本
01604079, 0.0, 11, 另类说唐诗
01609067, 0.0, 11, 唐诗解（上下）
01655013, 0.0, 11, 名家读唐诗
03071470, 0.0, 11, 元稹评传
03581510, 0.0, 11, 晚唐五代诗僧群体研究
04296149, 0.0, 11, 披沙拣金说唐诗
04903504, 0.0, 12, 安史之乱与盛唐诗人
03425813, 0.0, 14, 唐诗选注
26974765, 0.0, 21, 唐诗： 诗人与文化
