2020-07-05 15:59:59

number of books, tag name
988, 商业

ID, rating, votes, title
03576486, 9.1, 31090, 小狗钱钱
06798611, 8.7, 47506, 史蒂夫·乔布斯传
06709783, 9.0, 26434, 浪潮之巅
01970428, 8.8, 28882, 激荡三十年（上）
01786387, 8.6, 39605, 影响力
01033778, 8.3, 58349, 富爸爸，穷爸爸
01028842, 9.1, 15425, 经济学原理（上下）
03719533, 9.4, 9787, 经济学原理
02380307, 8.8, 17228, 激荡三十年（下）
06021440, 8.7, 18586, 黑客与画家
05346110, 8.9, 11551, 穷查理宝典
05375620, 8.7, 15222, 失控
01261560, 9.0, 9208, 国富论
01322455, 8.7, 14199, 遥远的救世主
27608239, 8.4, 22260, 原则
01322025, 8.7, 13300, 卓有成效的管理者
03151575, 8.6, 10522, 激荡三十年
03291111, 8.5, 11107, 富爸爸穷爸爸
26435630, 9.6, 2547, 经济学原理(第7版)
05325618, 8.4, 11282, 高效能人士的七个习惯
04929844, 8.3, 13251, 怪诞行为学
05243775, 8.9, 5442, 聪明的投资者
01072438, 8.3, 12583, 大败局
25926542, 8.9, 5178, 一本书读懂财报
01220853, 8.3, 12200, 伟大的博弈
26831789, 8.7, 6450, 穷查理宝典
27179563, 8.3, 11480, 激荡十年，水大鱼大
01958714, 8.7, 6266, 彼得·林奇的成功投资
26664352, 8.9, 4690, 褚时健传
26163553, 8.7, 6074, 投资中最简单的事
24738302, 9.2, 3133, 浪潮之巅（第2版）（套装上下册）
30280804, 8.4, 9203, 薛兆丰经济学讲义
24851460, 8.6, 6800, 历代经济变革得失
11530078, 9.6, 1899, 经济学原理
25810506, 9.1, 3280, 史蒂夫·乔布斯传（修订版）
27599025, 8.9, 4144, 激荡三十年
02348372, 8.3, 9761, 野蛮生长
02064450, 8.5, 6815, 大败局Ⅱ
05914587, 8.5, 6765, 启示录
33379779, 8.3, 8756, 美国陷阱
25918895, 8.9, 3705, 大江东去
01031526, 8.3, 8040, 一个广告人的自白
02791877, 9.2, 2394, One Billion Customers
26306686, 8.3, 7928, 创业维艰
10799082, 8.7, 4226, 投资最重要的事
01269900, 8.1, 10335, 活法
04010186, 8.6, 4773, 跌荡一百年（下）
01017180, 8.2, 8480, 定位
05320866, 8.3, 7136, 重来
26838557, 8.4, 5998, 智能时代
03313327, 8.6, 4476, 跌荡一百年（上）
03002878, 8.7, 3599, 优势谈判
01313124, 8.2, 7381, 赢
26929955, 7.8, 14297, 腾讯传
01433346, 8.7, 3516, 旁观者
25782902, 8.1, 8361, 反脆弱
30222786, 8.8, 3060, Bad Blood
26297606, 7.5, 24548, 从0到1
26860776, 8.4, 5225, 鞋狗
01752349, 8.7, 3432, 胡雪岩（全三册）
26658379, 8.4, 5180, 必然
26296352, 8.9, 2628, 财富之城
02309689, 8.0, 9359, 圈子圈套1
02081876, 7.2, 43595, 货币战争
25747852, 8.9, 2553, 世界上最简单的会计书
26759508, 8.1, 7793, 硅谷钢铁侠
26582822, 8.2, 6547, 重新定义公司
25968115, 8.9, 2347, 激荡三十年：中国企业1978~2008. 上
01020644, 8.1, 6844, 金字塔原理
01894695, 9.0, 1997, 营销管理
10945606, 8.3, 4996, 精益创业
05921213, 8.4, 4249, MBA教不了的创富课
30242320, 8.3, 4897, 薛兆丰经济学讲义
05421787, 8.0, 7782, 定位
33385402, 8.1, 6415, 事实
03000997, 7.5, 18357, 牛奶可乐经济学
01161817, 8.6, 3112, 洛克菲勒留给儿子的38封信
01919072, 7.7, 12063, 长尾理论
26270679, 8.1, 6093, 零售的哲学
01867642, 7.6, 14224, 世界是平的
04051739, 8.7, 2601, 第五项修炼
26792439, 9.2, 1429, 浪潮之巅（第三版）（上下册）
25863621, 8.0, 6894, 异类
20429677, 7.5, 16516, 大数据时代
30473907, 8.1, 5326, 坏血
01022936, 8.2, 4476, 基业长青
06980818, 8.6, 2540, 浩荡两千年
25816940, 8.5, 2824, 富爸爸穷爸爸（最新修订版）
04243770, 8.5, 2815, 创新者的窘境
03889178, 8.7, 1988, Rework
26849305, 8.8, 1749, 成为乔布斯
26287433, 9.1, 1235, 心若菩提
03025921, 7.7, 8383, 黑天鹅
05297291, 8.4, 2849, 大而不倒
25969067, 8.9, 1529, 激荡三十年：中国企业1978~2008. 下
30144978, 8.0, 5071, 见识
01059769, 8.0, 4900, 从优秀到卓越
30356081, 8.1, 4165, 奈飞文化手册
06854525, 7.9, 5594, 黑天鹅
10773362, 8.1, 4094, 随机漫步的傻瓜
35009826, 8.8, 1624, 一生的旅程
01464593, 8.7, 1806, 目标
04020857, 8.8, 1590, 卓有成效的管理者
01058131, 8.4, 2603, 金融炼金术
30486499, 8.7, 1760, 债务危机
27167992, 8.1, 3911, 见识
06718487, 8.4, 2515, 商业模式新生代
27593848, 8.3, 2836, 增长黑客
30411849, 8.6, 1916, 棉花帝国
24748615, 8.3, 2828, 天幕红尘
04723970, 7.6, 8339, 人人都是产品经理
04036180, 9.0, 1180, 营销管理
05913475, 8.2, 3160, 高难度谈话
01433050, 7.9, 4891, 圈子圈套
05313010, 7.9, 4875, Facebook效应
10828002, 7.9, 4849, 游戏改变世界
24541955, 8.0, 4116, 史玉柱自述
25942507, 7.5, 9419, 参与感
24753651, 8.3, 2658, Zero to One
30186119, 8.9, 1254, 硅谷增长黑客实战笔记
05302113, 8.3, 2590, 三双鞋
01046164, 8.2, 2898, 巴菲特致股东的信
01084435, 8.4, 2177, 策略思维
30164963, 9.1, 961, 巴菲特致股东的信
01827578, 7.6, 7216, 输赢
01972412, 8.1, 3182, 说谎者的扑克牌
26665230, 8.4, 2082, 硅谷之谜
10605328, 8.4, 2075, 红顶商人胡雪岩
03900987, 7.6, 6816, 引爆点
26390229, 7.9, 4085, 把生命浪费在美好的事物上
20272113, 8.5, 1777, 逃不开的经济周期
11528220, 8.3, 2258, 系统之美
01499783, 8.3, 2254, 将心注入
26738885, 9.1, 880, Shoe Dog
26873486, 7.9, 3966, 运营之光
02304817, 8.6, 1529, 资本论
04225644, 8.6, 1523, 街头生意经
06508275, 8.7, 1329, 大败局Ⅱ
03816827, 8.2, 2387, 沸腾十五年
03313363, 8.4, 1816, 演说之禅
26335181, 8.5, 1567, 巴菲特之道
26314955, 8.7, 1228, 创新公司
05914475, 7.9, 3496, 无价
24739213, 9.1, 790, 浪潮之巅（上册）
01159949, 7.8, 3993, 杰克·韦尔奇自传
06556296, 8.3, 1917, 亚洲教父
04953707, 8.1, 2469, 门口的野蛮人
04020854, 9.0, 832, 管理的实践
10510736, 8.8, 1026, 经济学的思维方式（修订第12版）
34952676, 8.3, 1838, 苏世民：我的经验与教训
26411602, 8.2, 2038, 富甲美国
26596778, 8.7, 1097, 计算广告
05914480, 8.7, 1089, 富可敌国
25779152, 8.2, 2005, 超级符号就是超级创意
25928983, 7.6, 4886, 周鸿祎自述
04216944, 8.8, 960, 卖轮子
03138847, 7.9, 3013, 思考的技术
04050758, 8.3, 1720, 基业长青
20473412, 7.9, 2953, 品牌洗脑
30416923, 9.0, 760, 价值投资实战手册
34872361, 8.3, 1692, 文案的基本修养
23780847, 8.8, 934, 民企江湖
25807982, 8.5, 1304, 创新者的窘境(全新修订版)
01318427, 7.7, 3910, 蓝海战略
01951372, 8.9, 822, 创新与企业家精神
26372738, 8.5, 1282, Elon Musk
26608585, 8.3, 1631, 重新定义团队：谷歌如何工作
27039312, 8.6, 1120, 艰难的制造
11589950, 7.7, 3747, 沃顿商学院最受欢迎的谈判课
30357931, 8.1, 2080, 智能商业
26541801, 7.7, 3735, 增长黑客
11516567, 8.7, 985, 四步创业法
27173866, 8.1, 2045, 颠覆者
01578545, 8.3, 1568, 背叛
03808887, 7.5, 4963, 做单
03184666, 7.7, 3481, 世界是平的（3.0版）
01048859, 8.7, 931, 大染坊
06052860, 7.2, 8100, 海底捞你学不会
04039936, 8.8, 820, 旁观者
01464442, 7.6, 3969, 道路与梦想
01958120, 8.6, 1012, 格鲁夫给经理人的第一课
20505765, 8.8, 802, 精益创业实战
01038977, 8.6, 995, 谈判是什么
26324497, 8.0, 2098, 支付战争
33396395, 8.3, 1407, 幕后产品
25908391, 8.1, 1822, 大败局1
25908079, 8.5, 1091, 新经济，新规则
05402682, 7.4, 5080, 牛奶可乐经济学
33474750, 9.2, 507, 浪潮之巅（第四版）（上下册）
03419122, 8.2, 1495, 22条商规
06404010, 7.8, 2573, 不懂项目管理，还敢拼职场
02155342, 8.9, 667, 货币的非国家化
02015368, 9.1, 544, 价值评估
01435909, 8.6, 906, 竞争战略
01059490, 7.6, 3441, 麦肯锡方法
25908390, 8.5, 1012, 大败局2
06536593, 8.4, 1104, 领导梯队
01473323, 7.8, 2436, 引爆点
26976593, 8.8, 705, 孵化皮克斯
26278639, 8.3, 1239, 精益数据分析
30244461, 8.1, 1567, 规模
03869711, 8.1, 1545, 消费者行为学 （第8版·中国版）
25893995, 9.0, 557, 亚洲大趋势
30417612, 8.2, 1352, 非对称风险
25947310, 7.7, 2684, 21世纪资本论
03932520, 7.5, 3659, 免费
24714655, 8.2, 1329, 我看电商
24700126, 8.9, 603, 格鲁夫给经理人的第一课(纪念版)
26767261, 8.7, 740, 海都物语
25775696, 7.6, 3055, 金字塔原理
04846035, 7.5, 3563, 干法
19977078, 8.5, 909, 股权战争
25844463, 8.4, 1020, 摩根财团
26876054, 8.4, 1015, 纵乐的困惑
33414023, 8.3, 1137, 我曾走在崩溃的边缘
26771893, 9.0, 531, 光变
30191451, 7.5, 3486, 流量池
33413106, 9.4, 366, 一本书看透股权架构
03794450, 8.3, 1120, 细节营销
01911519, 8.3, 1118, 不得往生
25823036, 8.8, 636, The Hard Thing About Hard Things
01277389, 8.1, 1377, 食荤者
05431183, 9.0, 506, 格鲁夫给经理人的第一课
05325852, 7.9, 1776, 思考的技术
27132072, 7.4, 3802, OKR工作法
27020287, 8.0, 1536, 运营之光 2.0
01011509, 7.8, 2009, 谁说大象不能跳舞？
03006483, 7.7, 2320, 每周工作4小时
25886309, 8.3, 1035, 翻转课堂的可汗学院
25975454, 7.8, 1980, 九败一胜
27069302, 9.1, 439, 资本的规则
05300079, 8.4, 900, 科学的广告+我的广告生涯
01319893, 8.0, 1476, 当和尚遇到钻石
30147418, 8.5, 793, 经营者养成笔记
01913066, 8.8, 576, 市场营销原理
02301904, 9.1, 430, Case in Point
26879263, 9.3, 357, 营销管理（第15版）
26698020, 8.3, 970, 认识商业（插图修订第10版）
01435907, 8.5, 771, 我在通用汽车的岁月
07054652, 8.0, 1404, 创业36条军规
25813579, 8.2, 1086, 让创意更有黏性
01007864, 7.9, 1600, 商道
03922162, 8.3, 956, 认识商业
04075835, 8.2, 1077, 从优秀到卓越
03845101, 7.8, 1796, 24堂财富课
05399425, 8.4, 838, 销售就是要搞定人
04893663, 8.2, 1058, 市场的逻辑
06938350, 8.3, 933, 销售就是要搞定人
26376865, 8.3, 927, 钱商
05941341, 8.5, 734, 全球“猎身”
01000900, 8.0, 1335, 顾客为什么购买
27038261, 9.0, 437, 信贷的逻辑与常识
11589951, 8.0, 1314, 长尾理论
30161884, 7.6, 2299, 贫穷的本质
25876611, 7.4, 3145, 引爆点
30443502, 7.8, 1710, 周期
34997975, 8.4, 802, 文明、现代化、价值投资与中国
06526032, 8.3, 900, 大败局Ⅰ
06851608, 7.9, 1487, 奢侈的！
01427527, 8.7, 576, 竞争优势
34907971, 7.8, 1674, 俞军产品方法论
20270741, 8.4, 785, 消费森林×品牌再生
27030507, 7.4, 3029, 上瘾
27025877, 8.0, 1258, 小米生态链战地笔记
26201890, 7.9, 1428, 第四消费时代
26682111, 7.4, 2986, 从零开始做运营
04822145, 8.7, 556, 创新者的解答
01454393, 8.6, 613, 21世纪的管理挑战
27156012, 8.9, 453, 美国增长的起落
24745639, 7.6, 2149, 麦肯锡教我的写作武器
06080059, 8.2, 946, 将心注入
01963140, 8.4, 747, 商战
26901342, 8.5, 663, 管理的常识
10433837, 8.6, 596, 采购与供应链管理
10946226, 8.8, 483, 管理学
25777433, 9.2, 330, Creativity
26603244, 9.2, 329, 市场营销
30365007, 8.0, 1155, 重新理解创业
02158889, 8.3, 788, 权力的48条法则
05269192, 7.8, 1446, 创业的国度
25782608, 7.8, 1441, 大道当然
25909355, 8.4, 686, 数据化管理
04912165, 8.7, 495, 销售巨人
27065675, 9.0, 371, 组织行为学(第16版)
30418697, 7.0, 5141, 变量
04851372, 8.4, 670, 怎样卖龙虾
27009472, 8.5, 595, 创新者
03631947, 8.0, 1050, 销售圣经
06105339, 7.6, 1801, 煤老板自述三十年
06753830, 7.8, 1348, 文案训练手册
27616695, 9.0, 353, 郭鹤年自传
26652329, 8.2, 803, 失控
27614523, 7.5, 2034, 刷新
25714687, 9.1, 318, 文化战略
01002474, 7.6, 1726, 只有偏执狂才能生存
26648884, 7.5, 2000, 干法
04238931, 7.3, 2711, 麦肯锡方法
26996693, 7.9, 1123, 知的资本论
26743607, 7.4, 2290, 商业的本质
04894684, 8.6, 491, 创业之初你不可不知的融资知识
06078123, 7.6, 1650, 一路向前
01013638, 8.7, 440, 销售巨人1
01839796, 9.2, 279, 管理
26870611, 8.3, 667, 超级符号就是超级创意（全彩增订版）
26915104, 8.0, 948, 你凭什么做好互联网
24854628, 7.7, 1399, 文案创作完全手册
30300335, 7.9, 1052, 新零售：低价高效的数据赋能之路
02249558, 8.3, 651, 光环效应
01006203, 9.2, 272, 工商巨子
27029547, 8.0, 916, 人人都是产品经理2.0
01044177, 7.5, 1798, 李嘉诚全传
03320425, 8.3, 639, 跨越鸿沟
01049727, 8.6, 465, 我的广告生涯·科学的广告
03007108, 8.6, 464, 财务智慧
26288194, 9.0, 313, 权力与领导（第5版）
06967535, 7.6, 1511, 资本之王
26816874, 8.1, 776, 理解未来的7个原则
26308014, 7.4, 2001, 联盟
27005605, 8.4, 551, 鞋狗
04830099, 9.0, 304, 市场营销原理
34650267, 9.0, 300, 稻盛和夫的人生哲学
04178327, 8.3, 596, 谁说大象不能跳舞(珍藏版)
25766700, 7.4, 1927, 一网打尽
26786410, 7.8, 1078, 超级版图
07051113, 8.7, 391, 优势谈判
33406377, 8.3, 587, 战胜一切市场的人
03717183, 7.5, 1625, 餐巾纸的背面
05432449, 8.1, 735, 商战
27015112, 7.3, 2189, 人工智能
03682751, 7.7, 1195, 谈判力
27155168, 8.9, 315, 5分钟商学院•商业篇
01475258, 7.4, 1789, 青瓷
05439620, 8.0, 786, 艺术创业论
10557289, 9.2, 234, 商务与经济统计
04178328, 8.5, 440, 赢
24538225, 8.5, 438, The Everything Store
10809140, 9.3, 214, 战略历程
27129563, 8.3, 539, 用户思维+：好产品让用户为自己尖叫
24523169, 7.9, 857, 策略思维
04118751, 7.6, 1273, 阿米巴经营
03837280, 8.1, 670, 黑天鹅
34799998, 7.9, 846, 格局
04020863, 8.8, 322, 创新与企业家精神
20492093, 7.5, 1434, 平台战略
27178870, 9.1, 244, 格鲁夫给经理人的第一课
34893628, 8.4, 464, 模型思维
04246084, 8.7, 337, Delivering Happiness
25962560, 8.8, 307, 跌荡一百年：中国企业1870～1977（上）
04720006, 7.9, 787, 峭壁边缘
30422684, 8.8, 303, 品牌设计法则
27088971, 8.7, 332, 财务报表分析与股票估值
01951395, 8.4, 444, 科学管理原理
05362909, 7.4, 1536, 只有偏执狂才能生存
34799648, 8.8, 300, The Ride of a Lifetime
25804890, 7.2, 2077, 疯传
26663738, 8.4, 439, 一个广告人的自白（纪念版）
30278560, 7.7, 990, 创始人手记
06548683, 7.6, 1132, 商业的常识
24862722, 8.2, 531, 链接
27021786, 7.6, 1108, 靠谱
26898190, 8.0, 665, 日本制造
27041645, 8.1, 589, 百万富翁快车道
05415644, 8.2, 526, 蔚蓝诡计
30399682, 8.3, 472, 创业突围
20261700, 8.1, 587, 好战略，坏战略
27026691, 7.9, 743, 千年金融史
34810876, 9.2, 205, 一本书读懂财报（全新修订版）
01792212, 8.2, 518, 丰田生产方式
26400900, 7.1, 2297, 创京东
01311874, 8.4, 417, 说服
30175590, 8.5, 376, 激荡四十年
30396635, 7.5, 1230, 这就是OKR
30203275, 8.2, 513, 谈判
33385896, 8.1, 573, 技术垄断
26979428, 9.1, 216, 管理学(第13版)
23009947, 8.6, 333, 科学管理原理
22229485, 7.7, 908, 需求
04867187, 8.0, 624, 稻盛和夫自传
26904600, 8.8, 275, 商业模式新生代
11601991, 7.8, 793, 哈佛最受欢迎的营销课
06798414, 8.2, 496, 2小时品牌素养
05408875, 7.3, 1587, 一胜九败
07155725, 8.5, 362, How Will You Measure Your Life?
26008422, 8.0, 618, How Google Works
26599189, 7.8, 786, 生命不息，折腾不止
27598664, 7.3, 1572, 可复制的领导力
27621512, 8.6, 326, 认识商业（修订第10版）
04187421, 7.6, 1008, 给你一个亿
26382598, 7.6, 1007, 零售心理战
30373573, 8.7, 294, 十亿美元分子
07007666, 7.0, 2516, 认知盈余
01474667, 7.9, 671, 搜
30322083, 7.9, 669, 行为设计学(打造峰值体验)(精)
30305583, 7.2, 1756, AI·未来
05907290, 8.6, 314, 业力管理
01394499, 8.3, 422, Good to Great
01068793, 9.0, 220, 从资本家手中拯救资本主义
27088810, 8.8, 261, 资本回报·穿越资本周期的投资
34925941, 7.5, 1107, 变量2
27142454, 8.1, 522, 房地产周期
06999354, 7.9, 655, 玩法变了
01967814, 9.2, 185, 企业战略博弈
01205456, 8.0, 577, 未来之路
25905229, 8.6, 307, 竞争战略
24902403, 8.9, 234, 忙总管理笔记
27168595, 7.7, 824, 小群效应
01830106, 9.1, 198, 與龍共舞
27168701, 7.1, 1919, 爆款文案
04030556, 8.6, 298, 哈佛经典谈判术
10588814, 8.3, 400, 魏斯曼演讲圣经1
02354988, 7.7, 798, 集装箱改变世界
03350931, 8.0, 553, 2小时品牌素养
34836784, 7.2, 1586, 定投十年财务自由
26611940, 8.8, 242, 创新者的处方
03622624, 8.3, 386, 绝对成交
30180458, 8.2, 419, 5分钟商学院•商业篇
05311622, 8.6, 282, 蓝海战略
05311625, 8.8, 235, 财务智慧
26864253, 8.3, 371, 商界局外人
03837299, 8.1, 458, 黑天鹅的世界
01928404, 7.5, 951, 1929年大崩盘
10796953, 8.7, 252, 资本的游戏
03253861, 8.7, 251, 管理成就生活
06129747, 9.2, 166, 资本论
26981115, 7.8, 639, 让大象飞
26702646, 8.9, 210, Never Split the Difference
02169896, 8.3, 354, 企业参谋
26823208, 7.6, 784, 离经叛道
27077379, 7.6, 776, 阿里铁军
25758308, 7.6, 768, 巨富
34949599, 8.3, 344, 溢出
25785829, 8.0, 468, 咨询的奥秘
26951812, 8.8, 214, 赌金者
26986691, 7.5, 863, 金钱永不眠
03605924, 7.6, 755, 滚雪球
24325339, 7.4, 988, 全新思维
06966327, 8.6, 254, 外贸高手客户成交技巧
25849758, 7.7, 655, 富足
02160713, 9.0, 176, 卓有成效的组织
01053848, 8.8, 207, 看得见的手
26919762, 8.0, 448, 畅销的原理
05904151, 7.4, 941, 马云内部讲话
25857538, 7.8, 561, 掌舵
24700113, 8.5, 267, 赢（纪念版）
27043167, 8.2, 356, 创业就是要细分垄断
26642422, 8.4, 291, 自我发现与重塑
26748262, 8.3, 320, 贼巢
30136330, 8.5, 264, 如何让他买：改变消费者行为的十大策略
26851693, 8.7, 219, 单点突破
24872319, 7.8, 546, 理性的非理性
26362040, 7.3, 1050, 解密无印良品
27056289, 8.1, 388, HR+三支柱：人力资源管理转型升级与实践创新
26953172, 8.4, 286, 如此不同如此成功
03625123, 8.6, 236, 销售的革命
24834617, 8.2, 344, 滚雪球（上）(纪念版)
26437067, 7.6, 681, 文案训练手册
34786491, 8.9, 180, What It Takes
26901046, 8.2, 336, 穿过迷雾
34870061, 7.7, 586, 超级转化率：如何让客户快速下单
27155410, 8.6, 228, 企业生命周期
33395019, 7.4, 855, 低风险创业
01073106, 7.9, 457, 做生意的艺术
25663745, 8.0, 407, 22条商规
04758384, 8.1, 365, 贼巢
06843244, 7.5, 737, 广告人手记
04020870, 8.6, 224, 德鲁克管理思想精要
01477425, 8.7, 205, 市场演进的故事
26659834, 7.3, 968, 盐糖脂
07051024, 7.3, 967, 眨眼之间
05997269, 8.6, 223, The Millionaire Fastlane
01022541, 7.7, 565, 追求卓越
26838147, 8.9, 172, 给创业小白的财报书
26584041, 7.7, 564, 长尾理论
26794032, 8.5, 242, 创业36条军规
26646553, 7.7, 558, 指数型组织
26823428, 8.3, 290, 趋势红利
30158062, 7.2, 1089, 我在碧桂园的1000天
33430445, 8.3, 289, 谷歌方法
24708136, 8.5, 239, 估值
30133649, 8.4, 262, 第五项修炼①
27062805, 7.3, 927, 3G资本帝国
26885117, 7.3, 923, 在线
27128282, 9.0, 154, 心若菩提(增订本)
26108557, 8.2, 312, 洞见远胜创意
25879027, 7.8, 456, 谷歌和亚马逊如何做产品
25857804, 7.8, 455, 硅谷百年史
04931700, 9.4, 110, 创新的先知
25843241, 7.3, 857, 互联网思维独孤九剑
25956628, 7.4, 745, 创业小败局
21363088, 7.9, 402, 价格游戏
26945934, 7.8, 449, 奢侈的
04178326, 8.3, 262, 杰克·韦尔奇自传
01019155, 8.5, 216, 小沃森自传
06790576, 7.9, 392, 顾客为什么购买
26830108, 7.8, 436, 疯传：让你的产品、思想、行为像病毒一样入侵（全新修订版）
27074585, 8.9, 152, 重新定义推销 好Pitch让客户和投资人主动找你
25873066, 6.9, 1483, 麦肯锡工作法
25774831, 7.6, 544, 道路与梦想
26183356, 7.3, 804, 以奋斗者为本
26969935, 6.8, 1747, 故事思维
26764871, 7.7, 479, 将心注入
26857016, 8.4, 230, 抢单手记：销售就是要搞定人
30386555, 7.3, 796, 茑屋经营哲学
06718052, 8.1, 306, 从“为什么”开始
25911445, 8.5, 207, 理解公司
25742292, 8.1, 300, 创新者的解答
26929917, 8.2, 270, 领导力
34894376, 8.2, 269, 华为团队工作法
33407743, 7.9, 366, 增长五线：数字化时代的企业增长地图
26673111, 8.4, 220, MR.HUA创业手记
26953559, 8.4, 220, 24堂财富课
25783682, 7.8, 403, 营销的16个关键词
02015536, 8.0, 324, 消费者行为学
27177950, 8.5, 200, 从报表看企业
30281784, 7.5, 575, 抢占心智
02137823, 8.2, 260, 经济发展理论
27084151, 7.6, 499, 逻辑思维（MBA轻松读）
01083600, 8.6, 180, 我在通用汽车的岁月
20413922, 7.1, 971, 视觉锤
30415984, 8.0, 311, 崩溃
27027690, 7.0, 1106, 马云：未来已来
26659659, 7.7, 430, 劳阿毛说并购
10484709, 8.0, 307, 让顾客自己来定价
34108874, 8.2, 251, 销售铁军
26857846, 7.6, 480, 销售洗脑
04235591, 7.9, 338, 团队协作的五大障碍
25958751, 7.7, 420, 伟大创意的诞生
25958166, 7.6, 471, 吸金广告
01014242, 8.3, 223, 洛克菲勒:一个关于财富的神话
26379069, 7.1, 913, 麦肯锡入职培训第一课
25911254, 8.7, 157, The Culture Map
10862311, 8.5, 184, 人力资源管理
01491595, 8.2, 242, 稻盛和夫的实学：经营和会计
26760576, 8.4, 199, 清教徒的礼物
34990216, 8.5, 182, 精益商业思维
27202742, 8.0, 292, 我的创业史
01062007, 8.0, 291, 富甲美国
24838489, 8.7, 153, 一根萝卜的革命
26340695, 8.8, 141, 三位一体
03738701, 8.3, 215, 经营沉思录
30364484, 8.2, 235, 创投42章经
26702075, 8.0, 285, 经营战略全史
30322086, 8.0, 285, 行为设计学(零成本改变)
27156385, 7.4, 568, 极简思考
27004031, 6.9, 1163, 蚂蚁金服
06866769, 8.7, 149, Case in Point
25850087, 8.3, 210, 有的放矢
06753831, 9.0, 118, 国家竞争优势（上）
25850257, 8.0, 280, 消费者行为学
01272879, 8.1, 250, 棋行天下
26253507, 8.7, 146, 互联网思想十讲
01313875, 8.4, 186, 创新者的窘境
24873559, 8.5, 169, 洛克菲勒传
30347705, 8.0, 268, 阿里局
25902032, 7.8, 329, 只有偏执狂才能生存
30391910, 8.2, 219, 行为设计学
30234603, 7.4, 523, 任天堂哲学
04177311, 7.5, 461, 创造商业头脑的7种框架力
30147790, 8.6, 152, 跌荡一百年
04843742, 9.0, 111, 创造高收益 贰
01042737, 8.6, 151, 困境与出路
30254233, 8.4, 178, Billion Dollar Whale
03527725, 8.5, 163, 决策思维
34834004, 8.3, 194, 财富的起源
30419982, 7.7, 356, 阿里铁军销售课
26850431, 8.4, 176, 奖赏
30268898, 8.5, 161, 战略简史
20453004, 8.1, 231, 创业者手册
30373953, 8.4, 174, 5分钟商学院 管理篇
03827035, 7.8, 312, 战略品牌管理
01159542, 9.0, 108, 新企业的起源与演进
26315800, 7.6, 389, 智慧社会
03655164, 8.9, 115, 战略
01027818, 7.6, 385, 洛克菲勒回忆录
27045323, 8.0, 247, 合伙人制度
30224687, 7.9, 272, 哈佛商学院最受欢迎的营销课
25795595, 7.6, 375, 集装箱改变世界（修订版）
26983819, 7.2, 614, 痛点
20272125, 7.9, 266, 选择卓越
01957941, 9.2, 90, High Output Management
30282615, 8.6, 140, 未来地图
26685018, 7.8, 295, 科技想要什么
25975485, 7.0, 803, 穿布鞋的马云
24702402, 8.9, 110, 公司治理之道
30355229, 8.0, 237, 下一站 火星：马斯克、贝佐斯和太空争夺战
26338015, 8.3, 178, 民企教父沈万三
25659812, 7.6, 361, 无价
20444472, 7.9, 260, 经营的本质
26362997, 7.1, 683, 商业冒险
01659228, 9.1, 94, 战略与结构
26697242, 6.9, 909, 钓愚
26383733, 7.7, 317, 颠覆式创新：移动互联网时代的生存法则
25875806, 8.1, 209, 并购之王
01348358, 8.3, 173, Blue Ocean Strategy
02021604, 8.5, 145, 管理决策中的判断
34779940, 7.5, 385, 第二曲线创新
25756491, 8.2, 185, 稻盛和夫的实学
34431781, 7.3, 487, 出身
30244208, 7.6, 337, 5分钟商学院•个人篇
27125427, 8.4, 153, 史玉柱自述
01136648, 8.8, 111, 很久很久以前
35017592, 8.1, 198, 好的经济学
26599526, 7.0, 720, 阿里传
26988204, 9.2, 83, 深度营销：解决方案式销售行动指南
25762445, 8.2, 180, 奢侈品战略
34791926, 7.5, 371, 闪电式扩张
26989977, 7.4, 417, 无印良品管理笔记
25808226, 8.1, 196, Hooked
05264781, 7.8, 264, 创意阶层的崛起
34842016, 8.9, 101, 鯨吞億萬
01084649, 8.8, 108, 企业生命周期
25784098, 7.2, 528, 华尔街之狼
25862775, 6.9, 805, 游戏化思维
27029104, 7.2, 519, 一页纸创意思考术
27000756, 7.6, 312, 无印良品世界观
26739670, 7.4, 394, 众媒时代
27618864, 7.7, 277, 中间人经济
26938700, 7.2, 502, 超市里的原始人
25947541, 8.9, 96, 竞争优势
03526116, 7.6, 306, 买
34781297, 7.6, 306, 西贝的服务员为什么总爱笑
30230632, 8.2, 167, 哈佛商学院最受欢迎的领导课
30203403, 8.0, 197, 与运气竞争
03160742, 8.6, 117, 管理的真相
25756203, 8.1, 178, 底特律往事
01476618, 7.9, 214, 光电帝国
30460634, 8.2, 160, 治愈未来：数字困境的全球解决方案
26959159, 7.4, 362, 岁月凶猛
01811450, 8.6, 111, 创造知识的企业
27044783, 7.3, 396, 哈佛商学院谈判课
33396592, 7.7, 247, 用得上的商学课
25866380, 8.2, 152, 互联网思维的企业
26862478, 6.8, 780, 特朗普自传
30390604, 7.9, 199, 行为设计学
27037093, 8.3, 138, 拼实业
30443496, 8.5, 117, 创新者的任务
30331725, 7.6, 270, 全球上瘾
27171481, 7.7, 242, 平台革命
26774911, 7.8, 218, 决战大数据（升级版）
33456375, 7.3, 381, 产品思维：从新手到资深产品人
33436272, 8.4, 125, 贸易的冲突
26319982, 8.2, 148, 商业百科
20507211, 7.2, 426, 创新者的基因
27074369, 7.1, 480, 可口可乐传
01479355, 7.7, 234, 谈判天下
01843185, 8.3, 133, 远见
30487907, 7.6, 258, 不妥协的谈判
05408888, 7.5, 288, 美学的经济
27622011, 7.3, 364, 新零售的未来
27609916, 7.6, 256, 营销革命 4.0
27038676, 7.6, 255, 斯坦福商业决策课
06785918, 7.7, 227, 任天堂快乐创意方程式
10726537, 8.2, 141, 魏斯曼演讲圣经3
01084651, 9.9, 45, 把握变革
34888158, 6.7, 809, 中国经济2020
20492915, 7.8, 201, 领导力
26785900, 6.4, 1348, 永不放弃
05920818, 7.2, 392, 从20万到30亿
26700719, 8.0, 164, 洛克菲勒自传
25891112, 9.1, 70, 我在通用汽车的岁月：斯隆自传
33407572, 8.5, 107, 硅谷蓝图
27599920, 7.4, 302, 查理·芒格的原则
27156550, 8.9, 79, The Power of Moments
26611892, 7.1, 436, 共享经济
25663883, 7.8, 195, 品牌22律
30407984, 7.3, 334, 富人思维
26386566, 7.1, 428, 一个人的电商
06878784, 8.5, 104, 经销商管理动作分解培训
26808540, 7.6, 236, 战略的本质
25857796, 7.6, 231, Show Your Work!
26932845, 6.9, 547, 名创优品没有秘密
01085646, 7.7, 206, 商业秀
34441071, 7.7, 205, 混乱的猴子
26681681, 7.5, 253, 深度案例思考法
04147028, 7.4, 283, 迷失的盛宴
26702089, 6.9, 537, 商业模式全史
06827446, 8.1, 138, MBA十日读
30194157, 8.3, 116, 可口可乐帝国：一部资源掠夺史
30230309, 9.2, 61, 专业服务公司的管理（经典重译版）
34780437, 9.2, 61, 资本的规则II
26986362, 8.8, 79, 冲浪板上的公司
01187241, 9.3, 57, 零售管理
26704121, 8.3, 114, 科学的广告+我的广告生涯
27606996, 7.0, 447, 谢谢你迟到
03650828, 7.5, 240, 云攻略
26732447, 8.5, 96, Sprint
30185857, 8.2, 122, 战略节奏
01925372, 9.3, 56, 走向自主创新
33429540, 8.8, 77, 地产是部金融史
26430818, 7.4, 266, 合伙人
30248063, 7.6, 213, 5分钟商学院•工具篇
04721726, 8.2, 121, 发现利润区
34867399, 7.4, 261, 我的改变
27141005, 8.0, 142, 超级激励者
27593604, 7.6, 209, 好战略，坏战略
27114728, 8.0, 141, 程序化广告实战
26779446, 7.1, 370, 顾客为什么购买（珍藏版）
26956971, 7.3, 289, 屏幕上的聪明决策
30446527, 7.3, 289, 独立，从财富开始：水湄物语的理财20课
26822490, 8.0, 139, 我们在为什么样的广告买单
02279726, 8.4, 99, 发现利润区
34951531, 8.4, 99, 要领
26642365, 8.4, 97, 哈佛商业评论管理必读：大师十论
26258203, 8.3, 104, 战略品牌管理
34789035, 8.3, 104, 终身学习（领导力篇）
26668824, 7.6, 196, 隐形冠军
30388376, 7.0, 396, 订阅
06047919, 7.4, 240, 感官品牌
26856935, 7.1, 341, 富人的逻辑
26579684, 8.0, 131, 营销的本质
30147343, 8.0, 131, 浩荡两千年
05482329, 8.6, 81, How Brands Grow
30177472, 7.1, 337, 创业在路上
34821729, 8.7, 74, 市场的逻辑
01484103, 8.6, 79, 规模与范围
26578034, 8.3, 99, 宝洁制胜战略
33384854, 7.5, 206, 暗知识：机器认知如何颠覆商业和社会
30434869, 6.9, 422, HBO的内容战略
01129051, 8.5, 84, 聚焦法则
27002242, 8.8, 68, Radical Candor
33395539, 8.9, 63, 卓有成效的管理者
26709609, 7.6, 181, 京瓷哲学
30311023, 7.8, 147, D&amp;DEPARTMENT开店术
27154449, 7.3, 246, 品牌思维
34923245, 7.7, 161, 商业的本质和互联网
34429983, 6.7, 539, 蒂姆·库克传
35043951, 9.0, 58, 心
26883531, 7.4, 218, 网易一千零一夜
01151152, 8.1, 111, 发现你的销售力量
30216368, 8.5, 81, 注意力商人
11445547, 8.6, 75, 国家竞争优势（下）
26778836, 7.7, 158, 免费:商业的未来
27021986, 7.7, 158, 清醒(如何用价值观创造价值)(精)
27084153, 6.9, 393, 冲突
30312510, 6.1, 1479, 深度思考
26810317, 6.2, 1210, 爆品战略
30265847, 7.6, 172, 黑石的选择
26468881, 9.2, 50, 高效商业分析
30224315, 7.3, 232, 极致产品
01032803, 8.8, 63, 现代资本主义
26910199, 8.9, 59, To Pixar and Beyond
26694830, 8.9, 58, 新解决方案销售
01312095, 7.7, 148, 隐形冠军
25912682, 8.7, 66, 创造奇迹
30649813, 9.8, 35, 采购与供应链管理（第3版）
30338445, 7.6, 162, 突破现实的困境：趋势、禀赋与企业家的大战略
27616994, 7.9, 122, 富豪的心理
10945357, 9.0, 54, 竞争论
34902178, 7.8, 132, 华为灰度管理法
03106569, 8.6, 69, 商务动态分析方法
04924898, 7.1, 273, 群体的智慧
26710938, 6.6, 531, 爆款：如何打造超级IP
04063315, 8.6, 67, 師父-那些我在課堂外學會的本事
30382477, 7.5, 168, 数据资本时代
30192587, 7.1, 260, 塑造世界经济的50项伟大发明
02147625, 6.3, 819, 硅谷禁书
06530484, 7.3, 202, 与众不同
30309475, 7.1, 254, 情感驱动
30230300, 8.6, 65, 值得信赖的顾问
26775006, 9.3, 42, 转危为安
20501523, 8.4, 74, 马世民的战地日记
26435017, 7.2, 220, 资源革命
01098941, 8.0, 97, 利润模式
30433146, 8.1, 89, Trillion Dollar Coach
35002954, 7.6, 138, 成就 : 优秀管理者成就自己，卓越管理者成就他人
24845286, 7.2, 209, 28岁赚千万
01227751, 7.8, 113, 金字塔底层的财富
30193207, 7.4, 165, 永远的零售：厉玲的零售经营哲学
05421788, 6.9, 289, 什么是战略
06900660, 7.4, 162, 在家就能读MBA
24858563, 8.2, 79, 管理大师
34839920, 7.3, 179, 智能战略
06048943, 8.6, 59, 市场营销学
30411491, 7.4, 158, 品牌公关实战手册(姐夫李的20年公关方法论)(精)
25866871, 6.7, 365, 大开眼界
02122386, 8.9, 48, 能力构筑竞争
26838799, 7.1, 218, 以客户为中心
02343956, 7.3, 174, 龙行天下
34815985, 7.8, 106, 金龙鱼背后的粮油帝国
30481836, 8.6, 57, 美孚石油公司史
25806284, 8.8, 50, Crossing the Chasm
27057878, 7.2, 189, 第二曲线：跨越“S型曲线”的二次增长
34860725, 7.3, 169, 增长思维
34940580, 7.9, 94, 工具，还是武器？
26716899, 7.5, 135, 重新定义战略
25887120, 6.8, 297, 星巴克
26426008, 7.6, 121, MBA十日读（第四版）
10571273, 7.7, 110, 给你一个亿-你能干什么？
26951833, 8.6, 54, 如何测试商业模式
01479072, 8.1, 76, 消费者行为学
33405128, 6.9, 246, 特斯拉传
34885494, 8.3, 65, 阿里巴巴管理三板斧
34441739, 8.5, 56, 企业再造
34625758, 7.0, 214, 弹性
10758677, 9.4, 33, 中国企业如何定战略
34798939, 9.4, 33, 每个人的商学院（全8册）
26924386, 6.9, 237, 感官品牌
34817279, 8.4, 59, Super Pumped
34442779, 8.5, 55, 绝对坦率
26643780, 7.0, 207, 重新定义管理
30340262, 7.1, 184, 看得见的与看不见的：商界、政界及经济生活中的隐形决策思维
26642427, 8.4, 58, 哈佛商业评论管理必读：什么造就了领导者
33479229, 7.3, 146, 互联网四大
30206773, 7.1, 181, 游戏改变人生
30347559, 8.0, 77, 哥伦比亚商学院商业策略课
02126561, 6.9, 224, 行棋无悔
26866492, 7.3, 141, 非传统营销
26930070, 8.1, 69, 隐秘的商机：如何预测和整合未来趋势
30255054, 7.4, 126, 一本书看透IPO：A股IPO全流程深度剖析
01315192, 8.8, 43, 知识资产：在信息经济中赢得竞争优势
10773360, 7.2, 153, 货币崛起
01676578, 7.4, 124, 算法的陷阱
34459721, 8.9, 40, 权力与领导
30194825, 6.7, 276, 学会洞察行业
26895877, 8.0, 73, 哈佛商业评论管理必读：重塑战略
02003889, 9.3, 32, The Billion Dollar Molecule
25800025, 6.8, 239, 网飞传奇
30255733, 8.4, 54, 風格是一種商機
30377842, 8.1, 66, 创业7堂课
02985736, 8.3, 57, 信息改变了美国
05336012, 7.0, 183, 再造卓越
30137889, 7.6, 99, Measure What Matters
30281684, 7.3, 131, 故事与估值
03172862, 8.6, 46, 日本造：盛田昭夫和索尼公司
34778196, 9.3, 31, 认识顾客（原书第13版）
26689271, 7.0, 179, 韩娱经济学
34913538, 6.7, 258, 被看见的力量
27166613, 8.4, 52, 精益扩张
33423656, 7.6, 96, Range
34941742, 6.4, 387, 瑞幸闪电战
01684505, 7.1, 156, 澳门赌王何鸿燊全传
27108680, 6.7, 248, 传染：塑造消费、心智、决策的隐秘力量
30194615, 7.5, 102, 注意力经济: 如何把大众的注意力变成生意
30339211, 8.9, 37, 5分钟商学院（套装）
26894743, 8.0, 66, 创业的艺术2.0
30444872, 8.7, 41, 每个人的商学院（全8册）
25876460, 6.7, 240, 乐高
26888648, 8.4, 49, 培训机构业务全景图
04827688, 7.3, 119, 富爸爸如何创办自己的公司
34976597, 7.2, 130, 叙事经济学
03271015, 8.4, 48, 定价战略与战术
27126686, 7.7, 80, 零边际成本社会
35004561, 7.6, 87, 华为智慧——转型与关键时刻的战略抉择
27593849, 8.2, 54, Capitalism without Capital
03666747, 7.5, 94, 首富真相
05308745, 8.6, 41, 完美销售教练
30384062, 8.8, 36, 彼得德鲁克全集·德鲁克管理思想精要
27078610, 6.9, 169, 新制造时代
27205448, 7.4, 100, 常青：如何持久吸引客户
11529166, 9.8, 22, 应用公司财务
25981994, 7.7, 73, 不毛之地(套装上下册)
26909782, 6.3, 351, 漫威宇宙
30215212, 8.1, 53, 赢家的逻辑：《孙子兵法》商学院
04924860, 6.8, 175, 谁说商业直觉是天生的
26801425, 8.2, 49, 我的财富观：安德鲁·卡内基自传
25958419, 7.5, 84, 专利凶猛
30186132, 6.9, 151, 意会时刻
26134019, 8.7, 35, 大失衡
34878557, 7.4, 89, 流量是蓝海
33431894, 7.8, 63, 就是要逛才有趣
30184215, 7.3, 97, 重来
26952157, 7.6, 74, 苦酿百威
30773485, 9.0, 29, 消费者行为学（第12版）（工商管理经典译丛·市场营销系列）
33435389, 6.5, 236, 爱彼迎传
25909507, 7.5, 79, 绝对价值
25818731, 8.2, 46, 交易的艺术
30311945, 7.7, 66, 四季酒店经营哲学
03700212, 6.4, 265, 黄光裕真相
34842275, 8.0, 51, 华为营销基本法
30396204, 6.5, 222, 本质
34442757, 7.4, 82, 解谜茑屋
06052196, 9.2, 25, 管理控制系统
26328689, 8.0, 50, 商业设计
26895875, 8.5, 36, 哈佛商业评论管理必读：团队竞争力
20473494, 6.3, 284, 富爸爸21世纪的生意
34930790, 7.6, 67, 经营最重要的事
31391477, 8.1, 46, 营销按钮：扣动一触即发的力量（“营销=传播”时代必读书籍）
34778432, 7.1, 105, 流量黑洞：席卷国内70个新物种爆红逻辑与方法
30409582, 6.9, 127, 重构
30224718, 7.1, 101, 沃顿商学院最受欢迎的谈判课
27029472, 7.7, 59, 创业清单
26945308, 7.4, 74, 任正非：商业的本质
27143772, 8.0, 46, 如何撰写商业计划书(第5版)(精)/创造成功经典系列
04171045, 8.0, 45, 为什么人们不买我的东西
27180566, 8.1, 42, 创业者的窘境
30207723, 6.5, 187, 冷启动
34937467, 9.0, 25, 硬核晋升
34852373, 7.3, 78, 有效竞品分析：好产品必备的竞品分析方法论
26035304, 8.2, 39, X创新
30245165, 7.3, 77, 淘宝运营速成指南——电商军规 81 讲
27137979, 6.3, 241, 下一个倒下的会不会是华为(终极版)(精)
20474827, 8.3, 36, 战略就是讲故事
20365734, 8.0, 43, 贩卖怀疑的商人
25905680, 7.9, 45, 公司进化论
30247617, 8.6, 29, 零售无界
34812013, 7.0, 96, 中台战略：中台建设与数字商业
34833418, 8.0, 40, 锁定高端
35022812, 7.3, 68, 巴菲特和查理·芒格内部讲话
30255604, 6.9, 99, 从1到N
05907386, 8.3, 32, 四万万顾客
27021779, 8.4, 30, 智慧转型：重新思考商业模式
34442557, 7.8, 44, 股权战争
27145401, 6.5, 150, 成为独角兽
26387551, 5.6, 642, 互联网+
35036262, 8.7, 25, 工作需要仪式感
26382826, 8.2, 33, 梦想力
27058495, 8.3, 31, 突破之道
34841860, 7.2, 68, 平台化管理
34995191, 7.4, 57, 写给管理者的睡前故事
26932497, 5.7, 476, 华为工作法
33425362, 5.8, 392, 5G时代
27135864, 7.2, 66, 公司理财(原书第11版)
34856449, 7.8, 41, 华为崛起
27085336, 8.2, 31, 成长之痛(建立可持续成功组织的路径图与工具第5版)/MBA精读系列
33381085, 6.4, 148, 25%的回头客创造75%的利润
34455784, 7.7, 42, 激进市场
26786208, 8.0, 34, 无边界组织
26320572, 8.6, 24, The Mom Test
30289766, 7.3, 56, 全球电商进化史
30201751, 6.3, 156, 趋势：商业巨变时代的300条建议
30292204, 8.7, 22, 极致服务指导手册：给顾客一个选择你的理由
30368721, 9.1, 18, 彼得德鲁克全集·创新与企业家精神
26419492, 7.5, 44, 特拉蒙普自传
30352001, 8.7, 21, 从大到伟大2.0
35078020, 7.3, 51, 无止之境：中国平安成长之路
34915092, 6.8, 78, 5G时代:经济增长新引擎
01030231, 7.0, 64, 上帝、国家、可口可乐
26878560, 9.4, 15, 大染坊
26997783, 7.3, 49, 颠覆式创新：企业实现突破的15种方式
26831650, 6.6, 92, 转向：用工程师思维解决商业难题
26952181, 6.5, 100, 从0到ZARA
20260646, 7.9, 30, 骑着轮子奔跑
30338345, 8.6, 20, 发现利润区
26436391, 7.0, 57, 工业互联网
27071985, 7.6, 35, 从0到估值1000万
34894289, 8.2, 24, 资本游戏
34906743, 8.5, 20, 商业模式2.0图鉴：全球100家新创企业的成功之道
30321171, 8.0, 25, Blitzscaling
26864006, 6.4, 93, 执行：如何完成任务的学问
27128564, 6.7, 67, 引爆社群：移动互联网时代的新4C法则（第2版）
26995807, 7.1, 43, 供应链架构师
34632339, 7.8, 26, The Infinite Game
35018167, 6.5, 69, 贝佐斯的数字帝国：亚马逊如何实现指数级增长
27019172, 7.8, 24, 商业数据分析
35009070, 7.8, 24, 跨界竞争
26894636, 7.3, 33, 开放式组织
33415902, 6.1, 103, 21世纪的定位：定位之父重新定义“定位”
01024739, 8.8, 14, 长寿公司
30284623, 9.4, 11, High Growth Handbook
10945655, 8.0, 20, 战略
27045532, 6.7, 47, 商业模式创新设计大全：90%的成功企业都在用的55种商业模式
34567752, 8.8, 13, 一人公司
20509125, 6.9, 39, 做局高手
35017007, 7.5, 25, 时尚永不眠
34793074, 6.7, 41, 良性增长：盈利性增长的底层逻辑
26988218, 6.7, 40, 麦肯锡定价（原书第2版）
35030210, 6.7, 40, 飞轮效应
34841555, 7.8, 18, 一定要告诉孩子的18堂商业思维课
30185861, 7.2, 25, 平台垄断: 主导21世纪经济的力量
30359753, 5.6, 126, 深度粉销：高转化、高复购的用户运营黄金法则
30372242, 7.9, 16, 提高利润的78个方法
34793920, 8.0, 15, Kochland
34912616, 7.3, 22, 我的投资生涯
34924022, 8.6, 11, MBA教不了的创富课
02079272, 8.2, 13, Doing Business in China For Dummies
26564682, 7.6, 17, The Amazon Way
21266836, 7.3, 20, 商业分析方法与案例
34897638, 6.7, 30, 去规模化
26838819, 6.7, 29, 赛道为王
34875333, 7.3, 19, 公司制的黄昏
34836833, 6.4, 36, 品牌年轻化
30380628, 6.7, 25, This is Marketing
24756835, 7.3, 16, 铃木敏文的情感经济学
34477385, 7.6, 13, 解决问题的商业框架图鉴
31600647, 6.7, 20, Loonshots
34860887, 6.3, 27, 长期价值
30414178, 4.8, 219, 苦难英雄任正非
26878499, 5.7, 48, 任正非：华为的冬天
34921527, 7.2, 13, 无形经济的崛起
34895599, 5.7, 34, IoT变现
26921070, 5.2, 53, 《微信营销方法1+2+3》
33444701, 5.0, 67, 商业产品经理——腾讯教我的产品工作思维
26929129, 5.5, 33, 吃大鱼：像第一名一样思考，挑战者品牌八大制胜法则
27108590, 0.0, 12, DK企业运营百科
30360812, 0.0, 12, 重塑海尔：可复制的组织进化路径
34804202, 0.0, 17, 门头战略：低成本引爆餐饮旺铺
35032183, 0.0, 78, 陈昌文方法
35047171, 0.0, 248, 影响商业的50本书
