2020-07-05 15:59:59

number of books, tag name
352, 商战

ID, rating, votes, title
06709783, 9.0, 26434, 浪潮之巅
01786387, 8.6, 39605, 影响力
03210843, 9.2, 9723, 冰与火之歌·卷四·群鸦的盛宴（全两册）
02380307, 8.8, 17228, 激荡三十年（下）
02256039, 7.8, 92458, 杜拉拉升职记
03649782, 8.6, 19855, 达·芬奇密码
01322455, 8.7, 14199, 遥远的救世主
04010196, 8.1, 25031, 世界因你不同
03151575, 8.6, 10522, 激荡三十年
03432304, 8.9, 5314, 大江东去（共三部）
02348372, 8.3, 9761, 野蛮生长
04169424, 7.9, 18242, 蛙
02064450, 8.5, 6815, 大败局Ⅱ
33379779, 8.3, 8756, 美国陷阱
01262986, 8.1, 11395, 我不是教你诈
26306686, 8.3, 7928, 创业维艰
10799082, 8.7, 4226, 投资最重要的事
06512188, 8.9, 2947, Steve Jobs
03002878, 8.7, 3599, 优势谈判
01313124, 8.2, 7381, 赢
01752349, 8.7, 3432, 胡雪岩（全三册）
02309689, 8.0, 9359, 圈子圈套1
02081876, 7.2, 43595, 货币战争
10945606, 8.3, 4996, 精益创业
03043491, 7.7, 12858, 浮沉
03323987, 7.3, 27776, 杜拉拉2华年似水
01867642, 7.6, 14224, 世界是平的
30264380, 8.3, 4399, 大江大河四部曲
20429677, 7.5, 16516, 大数据时代
01420368, 7.5, 16012, 裂锦
01853323, 7.9, 7692, 圈子圈套2
02257609, 7.9, 6822, 圈子圈套3
01260251, 8.6, 2114, 茶人三部曲（全三册）
06831057, 8.2, 3431, 杜拉拉大结局
04773741, 7.5, 10308, 杜拉拉3
04723970, 7.6, 8339, 人人都是产品经理
01433050, 7.9, 4891, 圈子圈套
05302113, 8.3, 2590, 三双鞋
01084435, 8.4, 2177, 策略思维
01827578, 7.6, 7216, 输赢
10605328, 8.4, 2075, 红顶商人胡雪岩
02339892, 8.5, 1535, 海龟交易法则
04736118, 7.9, 3460, 结网
03359739, 7.6, 5564, 格子间女人
04953707, 8.1, 2469, 门口的野蛮人
03028009, 7.0, 16059, 温暖的弦
23780847, 8.8, 934, 民企江湖
01318427, 7.7, 3910, 蓝海战略
01578545, 8.3, 1568, 背叛
03808887, 7.5, 4963, 做单
01038977, 8.6, 995, 谈判是什么
26324497, 8.0, 2098, 支付战争
06404010, 7.8, 2573, 不懂项目管理，还敢拼职场
01911519, 8.3, 1118, 不得往生
01277389, 8.1, 1377, 食荤者
01443196, 8.1, 1260, 诚信的背后
11625032, 7.3, 4118, 欢乐颂  第一季
01007864, 7.9, 1600, 商道
05399425, 8.4, 838, 销售就是要搞定人
02341489, 6.9, 7809, 香寒
01477232, 8.0, 1268, 乔家大院
01011772, 8.1, 1074, 泥鸽靶
01963140, 8.4, 747, 商战
06712293, 8.1, 886, 宽客
03633492, 8.2, 784, 琉璃时代
03376907, 7.9, 1106, 思科九年
02084946, 8.3, 681, 冲撞 续
03267887, 7.5, 1819, 一个外企女白领的日记
01369551, 7.6, 1514, 昨天（上）
06967535, 7.6, 1511, 资本之王
01475258, 7.4, 1789, 青瓷
06802856, 7.6, 1275, 山月不知心底事
26148475, 6.7, 5015, 你和我的倾城时光
27012039, 8.3, 460, 逆光而行
26834876, 8.1, 570, 金牌投资人
02364619, 7.8, 793, 输赢之摧龙六式
04904712, 8.2, 482, 投机者的扑克
03622262, 8.2, 464, 步步为营
03089852, 7.7, 789, 白骨精列传
01484542, 7.8, 674, 蓝海战略
01856892, 8.3, 378, 该隐与亚伯
26798682, 6.9, 2283, 莫负寒夏（上下）
01843491, 8.2, 380, 暗算
01465385, 7.9, 527, 余生
03229849, 8.0, 469, 粮食危机
11529225, 8.2, 376, 红顶商人胡雪岩2
03740422, 7.4, 983, 创始人
25857538, 7.8, 561, 掌舵
04923147, 8.0, 425, 史上最伟大的交易
01701954, 9.4, 122, 电视剧场 创世纪 地产风云 7片装(DVD)
03214461, 6.8, 1977, 水北天南
25865556, 8.7, 193, 大生意人2
02979220, 7.6, 595, 子夜
05976260, 7.3, 868, 我要逆风去
03423551, 7.8, 421, 人事总监
27612686, 8.3, 250, 金牌投资人(3创业者与资本方的争锋对决)
11620291, 8.1, 297, 红顶商人胡雪岩3
10508587, 7.6, 519, 输赢2
26979282, 8.1, 290, 金牌投资人2
03254051, 7.1, 969, 猎头局中局
11625788, 7.3, 702, 资本剑客
04703925, 7.8, 351, 洗钱
01042737, 8.6, 151, 困境与出路
02343878, 7.3, 583, 阿里巴巴神话
01771000, 8.4, 176, 大骗子克鲁尔的自白
27118367, 8.0, 252, 奋斗者
10508586, 7.5, 426, 输赢
01666052, 8.8, 116, Thinking Strategically
01774940, 7.7, 315, 修炼
05318519, 8.3, 173, 圈子圈套3
02980425, 7.3, 487, 马云如是说
25947257, 7.7, 293, 掌舵2
01707977, 8.0, 213, 裸情恨
10536046, 6.2, 2862, 爱你是最好的时光Ⅱ
05318518, 8.2, 170, 圈子圈套2
26728590, 6.3, 2191, 阮陈恩静
30326231, 7.2, 499, 华年
33434717, 8.7, 111, 最后的御厨
33379111, 9.1, 83, 荣耀之路（全两册）
04081908, 7.6, 302, 管理咨询的神话
01393960, 8.7, 108, 骗枭
34890450, 8.1, 177, 我们的时代
19982410, 7.8, 237, 红顶商人胡雪岩4
03090706, 8.8, 99, Liar&#39;s Poker
11599470, 8.6, 112, オレたちバブル入行組
07065290, 7.1, 520, 我把一切告诉你1
01484456, 8.0, 186, 迪斯尼战争
06065424, 7.0, 537, 日本商业四百年
11587934, 7.4, 313, 美人凶猛（上、下册）
26854281, 8.0, 164, 拉戈·云奇1：继承者&amp;W集团
30254999, 7.9, 180, 亿万
01364983, 9.1, 68, Fiasco
05355455, 7.5, 251, 新规则
04124956, 7.0, 457, 争锋
30199955, 8.4, 98, 恋战金融梦
04283197, 7.4, 248, 骗子的游戏
01434831, 8.3, 105, IT通史
34822854, 9.1, 58, 最后的御厨 ：大结局
10570590, 7.6, 180, 我把一切告诉你2
02296561, 7.4, 221, 我在美联储监管银行
10542977, 7.1, 314, 金庸政治学
03272662, 6.7, 532, 朝九晚五
26891439, 8.4, 87, 大生意人6
03080387, 6.6, 611, 猫猫的白领生活
10539157, 7.5, 191, 不如就上商学院
33474846, 8.0, 118, 最后一个金融大鳄2
02145925, 7.5, 189, 狼商
02133035, 6.5, 696, 操盘手
26741842, 7.9, 126, 大生意人5
03795719, 7.2, 258, 饕餮
11636070, 7.5, 183, 螳螂
04857574, 8.8, 61, 大染坊
03191253, 6.5, 643, 北京诱惑
26960582, 8.1, 101, 理想丰满
03426322, 6.6, 531, 不认输
01907341, 8.1, 98, The User Is Always Right
02253359, 7.5, 162, 商人的咒
01817125, 7.7, 133, Trump
05271444, 7.0, 277, 潜伏在资本市场
06009680, 7.3, 193, 拿下
25697245, 8.9, 51, 坐稳
03214468, 6.8, 347, 狩猎
26843375, 7.7, 126, 输赢
01558971, 8.7, 57, 盛世危言
02136614, 7.3, 181, 不对称创新
04746765, 8.7, 55, 不毛地帶（上）
26705649, 7.6, 128, 舵手：掌舵是一门艺术
27592545, 8.2, 76, 王牌创业者：风口游戏
26873783, 7.6, 124, 仇敌
26598166, 8.1, 80, 那趟从不停靠的列车
02287687, 6.8, 285, 从零到百亿
03344127, 6.7, 323, 马云传
01088442, 7.7, 105, 升起的太阳
27614940, 7.8, 95, 奋斗者
01777436, 6.7, 311, 逃离外企
03733096, 8.1, 73, 正道诡道
03919715, 7.1, 182, 锦绣
30354420, 8.0, 76, 奋斗者
03265316, 6.6, 333, 对决
06820331, 6.8, 254, 我们的千阙歌
10607717, 7.6, 105, 日本商业四百年2
03175366, 9.0, 38, 企业家的战略头脑
01867795, 7.2, 152, 谍影重重
05261726, 7.1, 161, 富豪俱乐部2
30217473, 7.6, 97, 麻雀与凤凰的战争
01864232, 8.0, 69, 广州的一场春梦
01764990, 7.2, 137, 圈套玄机
10761600, 7.8, 77, 青瓷 (足本)
02053166, 7.0, 165, 高位出局
30459063, 7.9, 70, 天下商帮
27178836, 7.2, 130, 上海不相信爱情（第一部）
30411226, 6.8, 203, 最后一个金融大鳄
26361454, 7.8, 73, 秘密调查师3·家族阴谋
05308745, 8.6, 41, 完美销售教练
04303794, 7.2, 120, 富同学穷同学
03272665, 7.4, 98, 猎天下
03562139, 6.7, 201, 问鼎
25894769, 9.6, 23, 造城时代的爱情
35045885, 9.6, 23, 繁星如你
25958419, 7.5, 84, 专利凶猛
03136623, 7.2, 109, 首席代表
24721215, 8.7, 35, 高人2
03115885, 7.8, 64, 狼战
04224761, 7.2, 107, 做局
03001407, 8.1, 49, 出轨
27126107, 7.0, 126, 定制曝光
20475419, 8.2, 45, 转型时代的娱乐狂欢
01685372, 6.6, 198, 狼道
25698499, 6.3, 296, 半欢半爱
03908071, 5.4, 1721, 豆瓣，流行的秘密
02141085, 6.1, 374, 少年股神
04104119, 7.6, 64, 铁规则
06509454, 7.1, 100, 富豪俱乐部3
04843774, 7.9, 50, 卢作孚（全三册）
05363822, 7.9, 48, 不存在未出版的错误条目
26668438, 8.0, 43, 胜算
04857344, 6.3, 228, 话语操纵术
06509811, 6.3, 221, 高盛在中国
05248336, 7.5, 59, 亚洲华人企业家传奇
03186371, 8.0, 40, 竞争力的探求
27106034, 8.0, 40, 大地产商之观澜
02989587, 6.9, 99, 上市公司
03724794, 7.3, 66, 利益链
03263886, 6.6, 133, 暗战
06773229, 7.6, 49, 底线.com
10482130, 6.3, 177, 任天堂传奇
26873788, 7.6, 47, 仇敌2
02367590, 6.3, 174, 局中局
05384911, 6.6, 115, 统计套利
01595292, 7.6, 45, 知识英雄 2.0
03017051, 9.2, 18, 競合策略
34892955, 7.5, 48, 我们的时代
01777164, 7.1, 67, How to Get Rich
02255017, 6.8, 88, 职场风雨飘
04127151, 7.5, 45, 猎狼
26878560, 9.4, 15, 大染坊
04116644, 6.3, 134, 棋逢对手
02970684, 6.2, 145, 北京不向北
01391799, 7.9, 30, 大败笔
01431564, 6.9, 64, 谋之刃
03030659, 6.6, 86, 魔鬼营销人
04920791, 7.8, 29, 猎人猎物
34892957, 7.1, 47, 我们的时代
26820926, 7.3, 40, 苏筱的战争
04878626, 6.2, 118, 涨停
03215901, 7.1, 46, 定价的艺术
25726640, 7.8, 27, 豪门调香师
04257837, 7.5, 31, 隐交易
03038076, 6.8, 53, 商场官场
02381343, 6.4, 79, 苏宁
05406312, 7.6, 28, 上流下流
04189211, 7.4, 32, 梦断华尔街
01252118, 7.6, 27, 比尔.盖茨的野蛮兵团
04236440, 6.2, 93, 赢单
04778403, 6.1, 104, 暗灯
01834854, 7.4, 30, 我是这样当上总裁的
10781291, 7.8, 23, 瘾私门
26767466, 8.9, 13, 巅峰
05285198, 7.8, 22, 大时代
05360772, 6.9, 41, 门后
04727735, 6.8, 44, 盛夏来袭
26160375, 8.0, 19, 商战之电商风云  正版现货
06828699, 8.1, 18, 创业男成吉思汗
24749403, 6.8, 42, 暖擎天（套装上下册）
25951843, 7.2, 30, 输赢之惊鸿商机
03100251, 6.9, 37, 策动II
01309391, 7.8, 20, 谁比谁傻
26980768, 7.8, 20, 对弈2
02351233, 6.8, 40, 在路上·抢单
04841822, 7.2, 29, 圈里圈套
21214116, 7.2, 28, 投资
04005776, 7.1, 30, 地王之王
04817657, 7.3, 26, 下套儿
04200208, 6.1, 76, 李嘉诚全传
26732671, 7.6, 21, 对决
03293440, 6.9, 34, 意料之外的CEO
03616359, 7.5, 22, 微波炉战争
06786043, 8.2, 15, 不宣而战
06000332, 6.8, 36, 圈里圈外
05990693, 7.4, 23, 谁的心不曾轻狂
04841570, 5.6, 141, 下一站
30237032, 7.1, 28, 网络英雄传
26732673, 7.6, 20, 对决2
05350879, 7.5, 21, 亿万订单
25693188, 8.1, 15, 谈判说服力
01914109, 6.0, 76, 股殇
04246643, 7.8, 17, 圈单
01421197, 7.5, 20, 犹太商战幽默
03425397, 6.1, 64, 非常媒戒
04846038, 7.0, 27, 石油战（上下册）
06866124, 6.4, 44, 骗局
01309390, 7.8, 16, 找不着北/都市系列
06073103, 6.2, 53, 良时景归来
06832277, 7.1, 24, 代理CEO
01415326, 6.8, 29, 房地产神曲
03485456, 6.7, 31, 我所知道的国美真相
26863336, 8.0, 13, 胜负
05063394, 6.2, 45, 银行高管职场浮沉记
26014646, 6.6, 30, 关键运作
25960686, 7.4, 17, 先胜
05030609, 7.3, 18, 抢单
03183093, 7.6, 14, 香港，誰邊緣化了妳？
05936471, 7.6, 14, 商不厌诈
04102052, 6.4, 31, 密战
26919848, 7.2, 17, 商战
26728456, 7.4, 15, 绝情华尔街
19985235, 6.5, 27, 古时兵法今时用
02306739, 6.3, 32, 阿迪达斯对阵彪马
03405343, 6.8, 21, 挑战百万年薪
04189172, 5.6, 68, 办公室风声
01518066, 6.7, 22, 杰克·特劳特营销定位
25799792, 6.2, 33, “上火”的凉茶：解密加多宝和王老吉的营销之战
21966348, 6.3, 29, 奢侈品之王
06085180, 8.0, 10, 纳斯达克病毒
26925359, 5.1, 128, 谋局者
04818156, 6.2, 29, 资本主义为什么会自我崩溃?
27609918, 7.3, 13, 手腕
26348720, 6.4, 23, 锦绣缘
03833027, 5.9, 36, 最后的晚餐
01705325, 6.8, 17, 暴富年代
03560647, 5.7, 43, 你能跟上10年后的中国吗
05350814, 7.0, 14, 高盛魅影
25762469, 6.3, 22, 逆袭
03019936, 6.1, 26, 金融帝国1
01799351, 6.7, 16, 任天堂传奇
01939702, 5.7, 37, 外企局内人
04778458, 6.2, 22, 拍卖师
06797688, 7.0, 12, 暗庄
20462795, 6.0, 24, 大时代·命运操盘手
11500069, 5.2, 59, 银行行长
01481811, 5.2, 46, 财道
03056969, 6.8, 11, 贴身经理人
26936860, 6.8, 11, 不得不爱
10508057, 6.8, 10, 沸腾的钱途.2
10441795, 6.3, 13, 如履薄冰
03786744, 5.2, 36, 大国企
01290172, 5.6, 16, 世界著名战役与著名商战的思维对接
02970349, 5.5, 15, 金融圈
04074831, 0.0, 10, 金融城的灰姑娘
06146102, 0.0, 10, 苍商
10781294, 0.0, 10, &#34;瘾&#34;私门3
25867689, 0.0, 10, 掌控
02987057, 0.0, 11, 谋定终端跑店之路（上册）
05406621, 0.0, 11, 剩女与宅男
25731161, 0.0, 13, 商业筹码狙击战
30451729, 0.0, 13, 招标
24756951, 0.0, 14, 3号地产商
27088190, 0.0, 15, 电脑大王王安传
27106174, 0.0, 15, 谋局者(3风起云涌)
26617138, 0.0, 16, 青春K线图
30401983, 0.0, 21, 追击
26869982, 0.0, 77, 所爱隔山海
