2020-07-05 15:59:59

number of books, tag name
214, 四大名著

ID, rating, votes, title
01007305, 9.6, 291295, 红楼梦
02567698, 8.8, 375312, 三体
01019568, 9.3, 122046, 三国演义（全二册）
01029553, 8.9, 58698, 西游记（全二册）
01203426, 9.0, 40009, 人间词话
06880158, 8.8, 44082, 陆犯焉识
01008357, 8.6, 57730, 水浒传（全二册）
01016003, 8.1, 153079, 鲁滨逊漂流记
01059258, 9.4, 12589, 道德经精义
01483894, 9.4, 10928, 三国演义
01061803, 9.2, 8165, 西游记
01277981, 8.8, 13601, 社会契约论
30137806, 9.9, 2764, 红楼梦
27053166, 9.7, 3052, 红楼梦
01470625, 9.2, 4288, 西游记（全三册）
01001924, 9.3, 2640, 三国演义
01774227, 9.6, 1890, 脂砚斋重评石头记庚辰校本
03810699, 9.0, 3660, 水浒传
02042562, 8.9, 3499, 水浒传
05355492, 9.0, 2686, 蒋勋说红楼梦（第二辑）
01174701, 9.5, 1395, 红楼梦
06712512, 9.8, 1025, 脂砚斋评石头记（上下）
01002375, 9.5, 1364, 红楼梦
01014903, 9.5, 1326, 脂砚斋重评石头记甲戌校本
01829836, 7.7, 15125, 品三国（上）
01891015, 9.5, 1244, 三国演义（共两册）
01485961, 9.6, 1076, 红楼梦
01844794, 9.7, 941, 红楼梦（上下册）
01468493, 7.5, 18353, 梦回大清
02042907, 7.8, 10016, 品三国（下）
04264564, 9.5, 1054, 石头记
03810698, 9.5, 1006, 三国演义
01608873, 9.3, 1168, 山海經
01321543, 9.5, 949, 红楼梦
01072774, 8.8, 2024, 水浒传
01174703, 9.4, 989, 西游记
01854151, 9.2, 1208, 金圣叹批评本水浒传
02221889, 8.1, 4860, 无限恐怖
01507423, 8.4, 2717, 儒林外史
04723735, 8.8, 1370, 没有神的所在
02002025, 8.9, 1168, 东周列国志
01059116, 8.8, 1180, 水浒全传
01321545, 9.3, 687, 三国演义
01176151, 9.3, 657, 三国演义
01321547, 8.8, 889, 水浒传
02076583, 9.5, 442, 红楼梦
01881837, 8.1, 2010, 三言二拍
26680378, 9.7, 315, 脂砚斋批评本·红楼梦
01015410, 9.3, 432, 三国演义(上、下)
01891221, 9.2, 442, 金瓶梅词话（全六册）
01925241, 9.4, 369, 红楼梦
01510363, 8.8, 601, 水浒全传（上中下）
02266558, 8.6, 687, 西游补
02076575, 9.4, 322, 三国演义（上下册）
01080314, 8.1, 1227, 红楼小讲
01418173, 7.1, 5623, 刘心武揭秘红楼梦（第一部）
01705455, 9.3, 344, 红楼梦
03797308, 9.7, 213, 红楼梦
01801857, 9.5, 234, 红楼梦
03810697, 9.4, 249, 红楼梦
01925246, 9.3, 268, 西游记
24872789, 8.1, 832, 煮酒探西游
01647089, 9.4, 228, 金圣叹批评水浒传（全二册）
01440358, 7.1, 3349, 刘心武揭秘红楼梦（第二部）
01201945, 9.0, 312, 西游记
01844792, 8.9, 331, 毛宗岗批评本三国演义（上下）
04065179, 9.5, 200, 三国演义
03803512, 8.0, 791, 博弈三国
07002748, 7.7, 1032, 黑水浒
01203370, 9.3, 195, 三国演义(上下)
03810700, 9.4, 178, 西游记
01397886, 8.4, 423, 西游记与中国古代政治
01181277, 9.4, 169, 四大名著（全四册）
01174702, 9.0, 227, 水浒全传
01028122, 8.5, 355, 水浒传(上、下)
01093094, 9.3, 176, 西游记
03998030, 8.7, 285, 妖怪记事簿
01092838, 9.2, 186, 水浒全传
03519776, 8.3, 388, 留白
02150090, 7.1, 1805, 刘心武揭秘红楼梦（第三部）
02076581, 9.0, 191, 水浒传（上下）
02033597, 8.8, 211, 水浒
03651150, 8.1, 407, 鲍鹏山新说《水浒》
01203399, 9.3, 139, 红楼梦（三家评本）（全二册）
01410350, 7.8, 531, 水浒传与中国社会
03879543, 8.7, 213, 鲍鹏山新说《水浒》2
01202197, 9.7, 100, 红楼梦
03177125, 8.9, 177, 金圣叹评点西厢记
02128484, 9.9, 84, 红楼梦
05254837, 9.3, 122, 红楼梦（全二册）
02304788, 7.1, 1196, 刘心武揭秘红楼梦（第四部）
02076579, 9.0, 149, 西游记（共二册）
06313273, 7.4, 699, 窥破金瓶
26416768, 9.6, 88, 三国演义
26825964, 9.3, 105, 三国演义
26305065, 9.6, 83, 三国演义（校注本）
01253894, 7.0, 1062, 习惯的力量
02052468, 8.0, 296, 红楼小讲
03535359, 9.7, 74, 红楼梦
02343073, 9.0, 117, 水浒传
01659532, 9.4, 83, 水浒传
03177126, 8.6, 147, 吴吴山三妇合评牡丹亭
04005454, 7.3, 565, 妖眼看西游
06105383, 8.3, 189, 水浒传
01667629, 9.7, 67, 西游记
01844795, 8.6, 141, 李卓吾批评本西游记（上下）
02214316, 8.5, 152, 水浒论衡
26304869, 9.0, 99, 水浒传（校注本）
03797413, 9.4, 71, 三国演义
03713870, 9.7, 57, 红楼梦
06006349, 8.4, 137, 红楼梦辨
04065177, 9.5, 63, 西游记
01826068, 9.5, 62, 西游记
02128483, 9.1, 73, 西游记
01076701, 9.4, 60, 三国演义.图文本 全三册
01705454, 8.8, 88, 水浒传
01162575, 9.5, 56, 石头记
01673964, 8.6, 101, 水浒传
01451589, 9.1, 70, 三國演義（上下）
03132504, 9.3, 61, 三国演义（上下册）
01705457, 9.1, 69, 西游记
01053728, 7.1, 429, 周汝昌梦解红楼
01425822, 7.4, 267, 红楼启示录
10761552, 9.6, 45, 西游记
01061174, 9.1, 58, 三国演义
03022013, 9.1, 58, 西游记（全二册）
01114653, 8.5, 83, 水浒传
02128482, 8.4, 87, 水浒传
01410521, 7.1, 292, 王蒙活说红楼梦
04866954, 9.1, 50, 毛宗岗批评本三国演义(上下）
01460446, 9.4, 41, 重校《八家评批红楼梦》
01062053, 9.0, 49, 水浒传
01866728, 7.6, 142, 三国谈心录
01962908, 8.5, 66, 三国演义
04836040, 9.4, 38, 第五才子书施耐庵水浒传（全八册）
01004014, 8.7, 57, 水浒传
01221719, 9.5, 35, 西游记
01881807, 8.3, 73, 西游记漫话
02216335, 7.9, 95, 水浒二论
03244985, 8.8, 49, 三国演义（上下）
26828351, 8.8, 49, 红楼梦
01055275, 8.7, 52, 水浒传
01027124, 8.7, 50, 中国古典四大名著
04732134, 8.8, 43, 李卓吾批评本西游记
34978404, 8.5, 51, 水浒寻宋
03772799, 7.3, 131, 西游记潜规则
02287096, 8.3, 56, 西游补
01004601, 9.4, 29, 三国演义
05254391, 9.4, 28, I.Q.博士(14)
04065176, 8.4, 47, 水浒传
02090133, 9.3, 28, 影印金圣叹贯华堂本水浒传
30240832, 7.5, 92, 红楼十二层
01944930, 9.5, 25, 三國志通俗演義
01092876, 7.0, 149, 三国演义
01925242, 8.3, 47, 水浒全传
03059660, 8.4, 44, 西游记
02327153, 7.3, 102, 眼前春色梦中人
03126282, 6.9, 151, 周汝昌评说四大名著
01885745, 8.9, 31, 红楼梦
02231446, 8.9, 29, 水浒全传
02254468, 7.7, 60, 品西游
01446193, 7.1, 99, 乱弹水浒
03191809, 9.3, 22, 贯华堂第五才子书水浒传（下）
01665918, 8.5, 33, 水浒传
01885746, 9.3, 21, 三国演义
10427710, 6.8, 120, 历史是个商学院
03199322, 7.1, 86, 红楼梦诗词赏析
04212175, 6.9, 100, 傻儿皇帝
03989457, 9.6, 17, 《红楼梦》名家批注图文本（全3册）
01641770, 9.3, 19, 水浒传
01016718, 8.8, 24, 苦海与极乐
03433284, 8.5, 28, 西游记（绘画本）/中国四大古典文学名著
01881843, 9.5, 17, 水浒传
03535357, 9.0, 21, 水浒全传
03044003, 7.2, 66, 品水浒
01328376, 7.4, 53, 西游补·续西游记
01371405, 9.5, 16, The Story of the Stone
03535358, 9.2, 18, 三国演义
01093213, 7.0, 72, 水浒传
03139976, 8.8, 21, 三国演义（共两册）
24862874, 7.8, 37, 西游洞天
02003298, 6.7, 93, 曾仕强剖析三国演義
01111181, 8.8, 19, 三国演义
01743393, 8.7, 19, 水浒全传
03129092, 8.0, 23, 红楼梦
03708918, 8.3, 19, 水浒传
02181768, 7.8, 25, 三国演义（上下册）
27136236, 8.6, 16, 三国演义
04152096, 8.9, 14, 绣像全本西游记
06048868, 9.7, 10, 名家点评四大名著
01370787, 9.1, 12, The Story of the Stone
33452379, 9.1, 12, 为孩子解读《三国演义》
02678768, 6.8, 44, 悲情曹雪芹
01810964, 8.2, 17, 三国演义
03235500, 7.7, 22, 说《水浒》人物
01201788, 7.6, 22, 三国演义
01093191, 6.8, 37, 西游记
24705868, 8.8, 11, 三国演义
03265176, 6.7, 31, 阿斗
01169678, 7.7, 16, 李安纲批评西游记
05910915, 7.1, 22, 三国水浒与西游
01272857, 5.2, 190, 反三国演义
03227369, 6.1, 42, 盗寇的潜规则
01951764, 6.6, 25, 李国文新评三国演义（上中下）
01436467, 7.1, 17, 西游潜规则
05984734, 8.0, 10, 绣像全本水浒传
04722004, 6.2, 26, 四大名著中的人性之痛
07067038, 6.8, 15, 大三国·还原真实的三国历史
02044732, 5.1, 30, 煮酒说水浒
01066784, 0.0, 10, 三国演义  中国古典文学名著少年版
01891173, 0.0, 10, 新说西游记图像（全三册）
27022310, 0.0, 10, 勘破西游(共3册)
01082784, 0.0, 12, 水浒传
01556386, 0.0, 13, 鲁迅、胡适等解读《西游记》
