2020-07-05 15:59:59

number of books, tag name
441, 国史

ID, rating, votes, title
01041482, 8.9, 143750, 万历十五年
03674537, 9.1, 87790, 明朝那些事儿（1-9）
01873231, 8.7, 182709, 明朝那些事儿（壹）
01003479, 9.2, 43010, 中国历代政治得失
01949338, 8.9, 53039, 明朝那些事儿（贰）
20424526, 9.2, 29825, 邓小平时代
02052448, 8.9, 44031, 明朝那些事儿（叁）
03626924, 8.9, 30843, 明朝那些事儿（柒）
10471333, 9.0, 19513, 叫魂
01046492, 9.3, 12142, 國史大綱（上下）
01225977, 8.9, 12731, 全球通史（第7版 上册）
01476213, 9.4, 6171, 中國近代史（上冊）
10434849, 9.3, 6772, 中国历代政治得失
01836555, 9.5, 4565, 史记
10758290, 9.4, 4375, 东晋门阀政治
01147193, 9.1, 5021, 世说新语
01325507, 9.0, 5557, 江村经济
01076685, 8.9, 5333, 李鸿章传
01060025, 8.8, 5888, 中国近代史
01286547, 8.6, 7678, 菜根谭
02032141, 9.0, 4122, 陈寅恪魏晋南北朝史讲演录
01926289, 9.3, 2751, 三国志
01269182, 8.7, 5665, 叫魂
02083981, 8.7, 5663, 了凡四训
01823751, 9.0, 3738, 中国近代史
06533042, 9.2, 2908, 南明史
01006560, 8.2, 10934, 血酬定律
01076378, 9.1, 2989, 传统十论
01139980, 9.3, 2322, 四書章句集注
02133254, 8.1, 11423, 流血的仕途
33111439, 8.8, 3968, 有所不为的反叛者
01049348, 8.9, 3289, 万历十五年
02245468, 9.3, 2023, 南京浩劫
25938605, 8.6, 4688, 天国之秋
01017795, 9.6, 1325, 隋唐制度渊源略论稿 唐代政治史述论稿
01055304, 9.6, 1325, 中国历史地图集（全八册）
03707886, 8.9, 2873, 中国通史
01949485, 9.0, 2483, 消失中的江城
10472702, 8.2, 7326, 重说中国近代史
01777823, 8.1, 8068, 八十年代访谈录
06311230, 9.4, 1422, 秦汉魏晋史探微
01829836, 7.7, 15125, 品三国（上）
01055347, 9.1, 1949, 中国史纲
34433981, 8.3, 5119, 汴京之围
01029723, 9.3, 1333, 汉书（全十二册）
02042907, 7.8, 10016, 品三国（下）
01051231, 8.4, 3658, 黄河青山
02118743, 8.6, 2762, 银元时代生活史
01374626, 8.9, 1866, 袁氏當國
01050929, 8.6, 2672, 隐蔽的秩序
03522118, 9.5, 949, 资治通鉴（全四册）
01016864, 8.9, 1800, 士与中国文化
03901238, 7.5, 14247, 历史是个什么玩意儿1
04243276, 9.3, 1107, 田园诗与狂想曲
01277267, 8.6, 2455, 国史新论
01491537, 8.9, 1666, 近代中国社会的新陈代谢
05399227, 8.0, 5604, 南渡北归（第一部）
34431806, 9.0, 1470, 失败者的春秋
01784790, 9.0, 1448, 傅山的世界
01337448, 9.0, 1445, 简明中国历史地图集
01057653, 8.7, 1856, 草原帝国
04827310, 8.8, 1622, “中间地带”的革命
01069724, 8.7, 1769, 晚清七十年
01044979, 9.0, 1170, 天朝的崩溃
06895949, 9.2, 929, 联合政府与一党训政
03794107, 9.3, 836, 中国史纲
03223586, 8.5, 2025, 中国人史纲（上下）
02049128, 8.1, 3433, 丧家狗
01291355, 7.9, 4379, 非常道
01270509, 8.9, 1168, 中国史学名著
01065335, 9.1, 920, 朱熹的历史世界
05906312, 8.7, 1389, 兴盛与危机
01041622, 9.2, 808, 后汉书（全十二册）
01022938, 8.4, 1968, 中国历史研究法
01211052, 8.6, 1495, 罗马帝国衰亡史（上册）
01051928, 9.3, 686, 跨越边界的社区
01091953, 9.5, 567, 史记
10597973, 8.2, 2389, 旧山河
30206893, 9.7, 456, 中国历代政治得失
01139065, 9.0, 875, 党员、党权与党争
01132689, 8.7, 1205, 洪业
01022232, 8.6, 1340, 中国思想史
01446867, 9.2, 694, 两晋南北朝史（上下）
03923369, 9.0, 847, 中华人民共和国建国史研究1
01052968, 8.9, 940, 剑桥中华人民共和国史（下卷）
06822683, 8.9, 940, 朱镕基讲话实录 第一卷
01034653, 8.8, 1043, 國學概論
10740958, 8.8, 1025, 剑桥中国史（全十册）
10532828, 9.4, 552, 隋唐制度渊源略论稿 唐代政治史述论稿
01005047, 8.7, 1112, 剑桥中华人民共和国史（上卷）
01047001, 8.1, 2313, 资本主义与二十一世纪
24316409, 8.3, 1746, 忍不住的“关怀”
06803721, 9.2, 625, 中国历代政治得失
01280568, 8.8, 939, 毛泽东与莫斯科的恩恩怨怨
06810086, 9.2, 613, 朱熹的历史世界
01427450, 9.0, 732, 白话本国史
01322324, 8.8, 895, 思想史研究课堂讲录
02299164, 7.9, 2741, 帝国的终结
04248275, 8.6, 1043, 革命与反革命
05416832, 7.6, 4063, 辛亥：摇晃的中国
01049584, 7.9, 2399, 北京法源寺
01064387, 8.4, 1231, 中国人史纲
01879204, 8.7, 841, 武梁祠
01076013, 8.9, 680, 明史（全二十八册）
01274491, 8.3, 1322, 文化、权力与国家
03317670, 8.5, 1032, 终朝采蓝
01421029, 7.5, 4130, 帝国的惆怅
01116205, 8.9, 668, 晋书（全十册）
01958740, 7.7, 2959, 大国崛起
01143930, 8.3, 1278, 毛泽东传
06791427, 7.8, 2433, 帝国最后的荣耀
01740073, 8.6, 847, 中国绅士
03212602, 9.0, 545, 毛泽东选集（第五卷）
10440415, 8.9, 593, 傅斯年：中国近代历史与政治中的个体生命
01796672, 8.2, 1255, 万古江河
05392430, 9.5, 327, 魏晋南北朝史论丛
01053109, 9.0, 500, 封建社会（上、下卷）
01803230, 8.8, 601, 中国近三百年学术史
01289247, 8.7, 659, 戊戌变法史事考
02128063, 8.3, 1011, 抗战时代生活史
02255277, 9.1, 427, 魏晋南北朝史札记
01322186, 8.8, 565, 秦汉的方士与儒生
03923370, 8.7, 615, 中华人民共和国建国史研究2
05299274, 7.5, 2857, 前朝梦忆
02138608, 8.7, 606, 中国社会中的宗教
05343931, 8.6, 667, 中国通史（上下册）
01776851, 8.9, 479, 中国共产党成立史
01775389, 9.0, 427, 梁漱溟 王实味 储安平
01794125, 9.0, 415, 中国近代史大纲
01023084, 8.3, 852, 大门口的陌生人
05392437, 9.3, 315, 魏晋南北朝隋唐史三论
01134086, 8.7, 549, 中国文化与中国的兵
01025137, 7.9, 1380, 放宽历史的视界
01014006, 8.8, 486, 中国近三百年学术史（全两册）
01052932, 7.9, 1336, 大历史不会萎缩
06860955, 7.6, 1972, 太平天国
01766308, 9.1, 343, 明夷待访录
01211051, 8.6, 535, 罗马帝国衰亡史（下册）
01232523, 8.4, 659, 中国：传统与变迁
01013253, 8.2, 822, 细说宋朝
02173201, 8.2, 816, 停滞的帝国
01025156, 8.6, 523, 中国史学名著
03518433, 8.1, 902, 毁灭的种子
01825044, 8.9, 380, 清史讲义
01071931, 8.8, 411, 隋唐帝国形成史论
03168449, 9.6, 200, 唐代政治史略稿
01315804, 8.6, 475, 上海罢工
25790421, 8.1, 822, 红雨
03834416, 8.1, 797, 说春秋之一齐楚崛起
01072260, 8.4, 563, 义和团运动的起源
01876864, 8.7, 412, 祖宗之法
01903612, 8.5, 502, 吕著三国史话
02142687, 7.3, 2360, 张学良口述历史
01277262, 8.1, 772, 孔子传
01024666, 7.6, 1432, 王氏之死
02005521, 8.7, 386, 中苏关系史纲
02173528, 9.2, 241, 編戶齊民
01116206, 8.9, 278, 新五代史（全三册）
01271411, 8.5, 404, 六至九世纪中国政治史
01025576, 7.9, 777, 中国史学入门
01046738, 8.8, 294, 拓跋史探
02065347, 8.3, 474, 走出中世纪
05328239, 8.5, 373, 唉，我的沧桑50年（1959至今）
01313715, 8.4, 407, 春秋史
03741483, 8.0, 628, 大动乱的年代
02042216, 9.0, 232, 毛泽东选集（第一卷）
01049686, 9.1, 206, 盐铁论
26665644, 8.8, 257, 国民党的“联共”与“反共”
01866520, 9.1, 196, 明季北略(全二册)
03753913, 8.2, 450, 国史十六讲
01045334, 8.6, 298, 北齐书（全二册）
01815669, 9.3, 159, 魏晋南北朝史论拾遗
03924144, 9.0, 196, 党员、党权与党争
01891759, 8.5, 289, 两头蛇
01047146, 8.0, 473, 1912-1928:文武北洋
01951495, 8.1, 416, 帝国的回忆
02024828, 8.8, 212, 曾国藩家书
04843865, 8.3, 335, 失去的机会？
05403728, 9.2, 152, 史记（全四册）
06429292, 8.8, 209, 杜甫
03050620, 9.2, 151, 魏晋南北朝隋唐史三论
26297159, 9.2, 149, 李鸿章传
01069675, 8.1, 382, 蒙元入侵前夜的中国日常生活
01040267, 9.1, 154, 两汉思想史（共3册）
02336279, 9.0, 162, 中国社会史
01826566, 9.0, 156, 經略幽燕
01039507, 7.7, 545, 朱元璋传
01220840, 7.5, 675, 1949年
01270517, 8.1, 319, 庄老通辨
25836317, 8.8, 168, 黎东方讲史之续·细说宋朝
01909748, 7.5, 636, 中国史纲要
02131993, 9.4, 107, 國史大綱 (修訂本) (上中下)
25913359, 8.9, 153, 中国近代史
19894446, 8.0, 347, 明末农民战争史
02045956, 7.6, 548, 复活的历史
01289199, 8.7, 179, 左传译文
03358492, 8.8, 164, 李鸿章与北洋舰队
06426084, 9.5, 97, 资政院议场会议速记录
01255978, 8.9, 148, 纲鉴易知录（全八册）
01936437, 7.8, 415, 大国崛起/葡萄牙 西班牙
01322125, 7.8, 401, 明代的漕运
01055062, 7.6, 497, 内闱
01055470, 9.6, 86, 通典(全五册)
01923012, 8.6, 176, 清俗纪闻
06536607, 8.0, 309, 暮色紫禁城
03442805, 8.4, 204, 革命逸史（全三册）
01017604, 8.3, 216, 晚明史
02263064, 9.1, 112, 毛泽东选集（第三卷）
01290059, 8.8, 140, 义和团战争的起源
01597318, 9.1, 110, 魏晋南北朝史论丛:外一种
01085273, 7.7, 384, 怀柔远人
01633090, 9.7, 73, 二十四史全译
03706302, 8.4, 183, 学问有道
04184340, 8.4, 183, 服周之冕
01958888, 9.4, 86, 严耕望史学论文选集（二册）
01050199, 9.0, 111, 明代粮长制度
01262810, 8.6, 150, 旧五代史（全六册）
19978286, 8.8, 126, 国史新论
26314790, 9.3, 88, 新五代史(全3册)
01067620, 8.6, 146, 辽史(全五册)
20258645, 7.3, 522, 血腥的盛唐4
03091586, 8.9, 107, 中国民族史两种
01777465, 7.4, 444, 天安门诗抄
01920777, 8.2, 188, 德国与中华民国
02157039, 7.7, 306, 延安日常生活中的历史
03028847, 8.4, 152, 倾城倾国
02158598, 9.0, 95, 北朝胡姓考
01871281, 8.4, 150, 中国土地制度史
01104135, 9.3, 76, 中国通史
01908546, 7.5, 359, 武夫当国
01777490, 8.4, 146, 從大歷史角度讀蔣介石日記
01823186, 8.0, 209, 我這一代香港人
26583162, 7.2, 510, 晚明大变局
01022267, 8.5, 132, 金史（全八册）
01909506, 8.8, 103, 建康兰陵六朝陵墓图考
02057348, 9.2, 77, 戊戌变法史研究
02076588, 7.7, 267, 香港史
03582647, 7.9, 217, 吕著三国史话
01013919, 7.4, 375, 细说秦汉
01956172, 7.6, 289, 南明史
01869719, 8.3, 145, 中国史
02353877, 8.3, 144, 东周与秦代文明
01775189, 8.5, 122, 中国通史简编(修订本 第二编)
01780119, 8.2, 156, 资治通鉴皇家读本（上中下）
01196921, 8.8, 96, 告别中世纪
01816342, 9.1, 78, 五朝门第
01908337, 7.9, 205, 激变时代的文化与政治
05392432, 9.5, 60, 唐书兵志笺正
03022015, 8.5, 118, 吕思勉中国文化史
01936152, 8.2, 151, 中国历史年表
06534729, 7.1, 497, 冰鉴
26762895, 9.5, 59, 遼史
01823678, 8.8, 92, 碑铭所见前秦至隋初的关中部族
03431057, 9.4, 61, 剑桥中华人民共和国史（1949-1965年）
02119830, 9.1, 73, 国史要义
01961624, 9.3, 64, 古代中国的历史与文化
02161684, 9.0, 77, 义和团的起源及其运动
02039633, 8.3, 130, 陈龙川传
01835165, 8.1, 154, 中国城市发展史论集
01490481, 8.3, 128, 三国前传
06436988, 9.6, 52, 山居存稿续编
03124456, 8.5, 107, 吕思勉讲三国
01834833, 8.7, 92, 中国通史选读
01818351, 7.4, 300, 变局
01879755, 8.1, 145, 我们的时代
06535731, 7.9, 171, 历史意识与帝王意志
04043824, 9.1, 66, 中国上古史研究讲义
10535287, 8.2, 124, 天衡
01733783, 8.9, 73, 十七史商榷
04871286, 8.8, 78, 邓广铭治史丛稿
01391803, 8.7, 78, 史记笺证
25910926, 8.5, 88, 雍正传
06116198, 9.0, 62, 先秦诸子系年
04095406, 8.9, 66, 先秦凶猛
25881601, 8.9, 66, 余英时文集 第二卷
02062517, 8.0, 129, 汉代社会结构
03532127, 9.0, 61, 朝鲜李朝实录中的中国史料
06308039, 9.6, 43, 中国史纲
03181674, 7.7, 167, 品味奢华
03882367, 8.5, 83, 先秦史十讲
01323580, 7.4, 223, 中国皇帝
02229217, 8.8, 65, 明清史讲义（上下册）
01946969, 8.3, 93, 中国近代经济史研究
01962745, 8.7, 69, 吕思勉论学丛稿
06436991, 9.7, 38, 山居存稿三编
01329977, 7.3, 233, 从鸦片战争到五四运动
26853197, 6.9, 379, 《资治通鉴》与家国兴衰
02075632, 7.4, 204, 开放的帝国
06730629, 9.6, 39, 晚明史籍考
01266771, 8.6, 71, 自由的所以然
01790996, 7.9, 123, 一个被放弃的选择
01832715, 8.9, 56, 心史丛刊
01734372, 7.6, 155, 清史大纲
02363132, 7.7, 139, 中国民主政治的困境
06538117, 8.1, 97, 百年辛亥（上册）
01778338, 8.4, 73, 清朝全史（上下）
04912691, 8.1, 91, 边镇粮饷
04852588, 8.0, 98, 政学私言
06534488, 9.1, 45, 蒙古入侵时期的突厥斯坦（全二册）
01838055, 8.6, 60, 满洲开国史讲义
02005759, 9.7, 32, 建国以来毛泽东文稿第12册
03238622, 9.1, 43, 黃土與中國農業的起源
01048680, 8.0, 90, 烈士精神与批判意识
01056669, 7.4, 156, 域外中国学十论
34839990, 8.7, 54, 却将谈笑洗苍凉
01080114, 8.3, 71, 明清之际党社运动考
01982353, 7.7, 115, 1500-1800：中西方的伟大相遇
01016473, 7.3, 169, 清史十五讲
01052920, 8.2, 74, 吕著中国近代史
01289201, 8.2, 73, 两汉纪
01958875, 6.8, 293, 大唐帝国
04251874, 8.5, 58, 中国通史（全7册）
34911995, 9.1, 40, 江河旋律
01891104, 6.8, 273, 帝国如风
05294891, 8.6, 52, 反思与比较
26655248, 8.9, 43, 蒋氏秘档与蒋介石真相
02177253, 7.5, 122, 晚清史事
02038784, 8.2, 67, 人文与理性的中国
26045410, 8.5, 54, 国史通鉴
06425764, 7.7, 99, 从历史看组织
02039549, 7.9, 83, 蒋百里传
02279257, 9.0, 39, Making Revolution
01725036, 8.9, 41, 社会转型时期的西欧与中国
01901339, 8.7, 45, 玉光剑气集（上下册）
06436985, 8.7, 45, 讲义三种
02300634, 7.7, 92, 狷介与风流
06778383, 7.0, 183, 三百年来伤国乱
01056010, 7.0, 182, 武则天传（插图本）
03175169, 8.5, 49, 辽西夏金元史十五讲
01201854, 7.2, 142, 中国通史纲要
04074691, 8.1, 63, 大萧条时期的中国
02145262, 9.1, 33, 刘咸炘学术论集·史学篇(上下)
03648581, 6.6, 277, 饕餮之欲
02969439, 7.7, 83, 伟大的历史
03196521, 8.2, 56, 中国近代史八种
03200632, 7.8, 73, 国史札记
06433237, 7.3, 111, 激变良民
04201730, 8.3, 47, 明史讲义
01784340, 7.3, 102, 乾隆一日
02124445, 9.9, 20, 增訂晚明史籍考
01963358, 8.3, 45, 我有這樣一個母親
02075913, 8.9, 31, 国史要义
02024394, 7.8, 63, 失败的遗产
04201096, 7.8, 63, 老风口
07060414, 7.4, 87, 如果这是宋史.4，仁宗盛世卷.下
01837687, 8.0, 53, 汉代思想史
26583390, 9.2, 26, 唐人轶事汇编
01777736, 7.9, 56, 证照百年
01135064, 8.5, 37, 绎史（共10册）
01313788, 8.6, 34, 日本国志（上下）
01034976, 7.8, 57, 北宋政治改革家王安石
01114757, 8.8, 30, 南京大屠杀
01081608, 9.5, 20, 百年国士(共四册)
01556306, 8.6, 31, 国史要义
03124171, 7.5, 63, 清史大纲
01658955, 9.2, 22, 建国以来毛泽东文稿第5册
01944879, 9.0, 24, 建国以来毛泽东文稿第4册
03115974, 7.8, 49, 昙花王朝
25972564, 7.3, 72, 姜鹏品读《资治通鉴》
34840520, 9.2, 21, 通鉴纪事本末（注译本）
01084251, 7.3, 69, 大一统
01999816, 8.2, 34, 天平
24871236, 7.4, 58, 毛主义的崛起
26414636, 8.6, 26, 中国抗日战争正面战场作战记（修订版）
01203297, 7.8, 42, 民国时期的土匪
06808595, 7.9, 39, 北洋海军珍藏图片集
01975969, 7.6, 46, 发现古脉
01012118, 7.9, 37, 中国近代史上的关键人物(上下)
02153488, 8.6, 24, 契丹国志
01069889, 8.5, 25, 中国历史研究法
20419078, 8.2, 29, 白话本国史（全二册）
02154611, 8.3, 27, 史记斠证（全五册）
02118329, 7.9, 34, 魏晋南北朝史纲
01959888, 7.7, 38, 香港人之香港史1841-1945
02369601, 8.3, 26, 明史简述
01058013, 7.9, 33, 中国社会之史的分析
06977028, 7.9, 33, 中国通史
01747767, 8.5, 23, 客家传统社会(上下编)(附光盘1张)
26593306, 7.8, 34, 无上光荣
02035129, 8.7, 20, 贞观政要
01684848, 8.0, 29, 1421
27016293, 8.5, 21, 画说中国历代甲胄
02053956, 8.4, 21, 中西交通史
01116854, 8.6, 19, 毛泽东阅点资治通鉴
26772748, 9.1, 15, 中國史新論：古代文明的形成分冊
01547659, 8.2, 23, 易堂寻踪
01392225, 7.4, 37, 明代文官铨选制度研究
01087590, 7.5, 34, 中国的王权主义
10520109, 7.9, 26, 二十世纪中国史纲
06117976, 8.0, 24, 清史探微
04129217, 9.3, 13, 民国时期中苏关系史（上中下）
01262806, 7.6, 30, 趣味考据（二）
03798721, 6.7, 60, 兄弟结拜与秘密会党
30278520, 8.5, 17, 中国文化小史
01883171, 7.2, 36, 明代后期士人心态研究
01139172, 7.8, 23, 梁启超启蒙思想的东学背景
03140315, 7.0, 39, 禅宗与中国文化
01941928, 7.5, 27, 晚明佛教改革史
01983489, 6.8, 46, 证照中国1949-1966
26587538, 7.3, 29, 我所亲历的胡风案（全新修订本）
02992725, 7.3, 28, 早期三十年的教学生活 五四
01155601, 7.5, 24, 先秦士人与社会
02254231, 7.0, 34, 中国政治经济史论
05913494, 8.1, 17, 中國史新論：宗教史分冊
03731052, 8.6, 13, 资治通鉴选
01948688, 7.8, 19, 明史选举志考论
02152311, 8.2, 15, 刘咸炘学术论集：子学编（上下册）
03770805, 6.9, 33, 国史札记
33455479, 7.8, 18, 诞生：共和国孕育的十个月
06006298, 8.3, 14, 读史集
06561059, 7.6, 20, 这样读资治通鉴
01941955, 6.6, 36, 中国历代军事装备
01004720, 6.8, 30, 哥大与现代中国
04008866, 8.2, 13, 民国人物与民国政治
01660611, 7.4, 18, 民国政史拾遗
01942299, 7.6, 16, 梁启超文选
01312039, 6.8, 22, 华夏春秋志
02145105, 6.0, 44, 溥仪的后半生
01326756, 8.0, 11, 冷战与内战
01799855, 8.0, 11, 唐代军费问题研究
03584228, 7.7, 12, 謝雪紅評傳
01934269, 7.1, 16, 汉代地方政治史论
01723666, 7.3, 14, 商务印书馆:民间出版业的兴衰 (平装)
20495149, 6.3, 27, 毛泽东与林彪
04819394, 6.8, 18, 五代史话
01278824, 7.2, 14, 月冷西湖
04869313, 5.9, 38, 汪东兴日记
01777496, 7.4, 12, 學運世代：眾聲喧嘩的十年
01273748, 7.1, 14, 皇帝与皇权
02107876, 6.7, 17, 天朝末日
05945042, 6.6, 17, 证照中国
06430348, 6.9, 14, 秦汉与罗马
03272780, 7.2, 11, 飛燕驚龍記
03080944, 6.2, 18, 明清之交文人游幕与文学生态
06731459, 6.7, 10, 万里河山
01948886, 6.2, 13, 简明宋史
04191003, 0.0, 10, 中国历代兴衰十六讲
01253589, 0.0, 11, 古代交通地理丛考
02176411, 0.0, 11, 古巴
01275459, 0.0, 74, 中国的大饥荒
06148964, 0.0, 105, 勝利的困境
