2020-07-05 16:00:00

number of books, tag name
999, 外国文学

ID, rating, votes, title
01084336, 9.0, 576759, 小王子
03259440, 9.1, 460307, 白夜行
01770782, 8.9, 647929, 追风筝的人
06082808, 9.2, 294575, 百年孤独
03211779, 8.9, 411942, 嫌疑人X的献身
10554308, 9.1, 272223, 白夜行
01068920, 9.3, 158306, 飘
04820710, 9.3, 147870, 1984
25862578, 8.5, 642226, 解忧杂货店
01041007, 9.1, 170784, 哈利·波特与魔法石
10594787, 9.0, 184321, 霍乱时期的爱情
01083428, 8.9, 186591, 傲慢与偏见
01858513, 9.0, 135111, 月亮和六便士
01071241, 9.0, 131714, 哈利·波特与阿兹卡班的囚徒
01040211, 9.2, 92086, 福尔摩斯探案全集（上中下）
02035179, 9.2, 90991, 动物农场
04908885, 9.0, 129270, 局外人
01046209, 9.2, 88884, 安徒生童话故事集
01009257, 9.0, 126015, 哈利·波特与火焰杯
06781808, 9.2, 77180, 杀死一只知更鸟
01039487, 8.9, 126753, 哈利·波特与密室
26954760, 8.8, 149130, 月亮与六便士
01829226, 9.1, 85329, 肖申克的救赎
02295163, 9.0, 100634, 哈利·波特与死亡圣器
01085860, 9.0, 100575, 基督山伯爵
01827374, 9.0, 96685, 东方快车谋杀案
01007914, 8.7, 158678, 窗边的小豆豆
03006581, 8.9, 98929, 无人生还
01017143, 8.5, 200885, 不能承受的生命之轻
01432596, 8.8, 109944, 哈利·波特与混血王子
01141406, 8.5, 186822, 简爱（英文全本）
01043008, 9.0, 69495, 格林童话全集
02143732, 8.8, 91248, 灿烂千阳
24531956, 9.7, 21882, 哈利•波特
03646172, 8.4, 195276, 恶意
02154960, 8.7, 107018, 一个陌生女人的来信
01013129, 8.7, 106672, 哈利·波特与凤凰社
26698660, 8.9, 66328, 巨人的陨落
02035162, 9.0, 54996, 刀锋
01064275, 8.4, 155622, 老人与海
33440205, 8.9, 60927, 你当像鸟飞往你的山
04011670, 8.3, 189104, 人间失格
01858576, 9.3, 31339, 一九八四
01205054, 9.0, 49788, 悲惨世界（上中下）
03608208, 8.5, 120386, 牧羊少年奇幻之旅
01040771, 8.2, 206805, 达·芬奇密码
26986954, 9.0, 45483, 新名字的故事
01046265, 8.0, 317932, 挪威的森林
04123116, 9.1, 38126, 月亮和六便士
01786670, 8.9, 52345, 百年孤独
03808982, 9.3, 27257, 动物庄园
01045818, 8.5, 105805, 苏菲的世界
01058661, 8.9, 50614, 飞鸟集
01080370, 8.6, 86192, 情书
30172069, 9.1, 35655, 失踪的孩子
02159042, 8.5, 101233, 挪威的森林
07060185, 9.0, 37398, 江城
01008988, 8.4, 107085, 了不起的盖茨比
01119522, 8.4, 102867, 呼啸山庄
26672693, 9.0, 34649, 一个叫欧维的男人决定去死
01085470, 8.5, 80221, 海底两万里
26879778, 9.3, 20736, 杀死一只知更鸟
01401841, 9.0, 32404, 傲慢与偏见
04742918, 8.3, 111156, 1Q84 BOOK 1
01024197, 8.4, 90709, 巴黎圣母院
01092335, 9.0, 31551, 教父
01051193, 8.6, 57877, 麦琪的礼物
01016003, 8.1, 153079, 鲁滨逊漂流记
03136271, 8.7, 47432, 罗生门
01775691, 8.4, 81346, 少有人走的路
26382433, 8.2, 115949, 无声告白
02284311, 8.8, 37675, 苏菲的世界
01035848, 8.7, 44558, 一千零一夜
01856494, 9.4, 14944, 卡拉马佐夫兄弟
06789605, 9.1, 23065, 树上的男爵
01036274, 8.6, 51786, 夏洛的网
03815131, 9.4, 14560, 一九八四
01400705, 8.1, 134115, 情人
24257229, 9.1, 22334, 鼠疫
01013380, 8.2, 107430, 茶花女
10560798, 8.7, 41720, 面纱
03406401, 9.0, 25410, 悉达多
26576861, 9.0, 25134, 最好的告别
26878124, 8.5, 58235, 我的天才女友
01863930, 8.8, 34011, 看不见的城市
26425831, 8.8, 33334, 斯通纳
01012611, 8.2, 98208, 乌合之众
25829693, 9.0, 23606, 永恒的终结
01086249, 8.6, 44973, 荆棘鸟
24153048, 8.9, 27067, 东方快车谋杀案
04920007, 8.8, 31632, 不能承受的生命之轻
04885241, 8.4, 62833, 1Q84 BOOK 2
01818347, 8.7, 36082, 尼罗河上的惨案
03261600, 9.2, 16419, 人生的智慧
04908879, 9.4, 12170, 动物农场
01205370, 8.2, 86294, 羊脂球
27104959, 8.7, 34371, 离开的，留下的
26864984, 8.9, 24071, 金色梦乡
02035171, 9.0, 20028, 人生的枷锁
01813841, 8.7, 32089, 枪炮、病菌与钢铁
25762009, 9.1, 16809, 教父
01291809, 8.6, 37092, 世界尽头与冷酷仙境
01865089, 8.4, 51684, 瓦尔登湖
01006197, 8.6, 35739, 哈姆莱特
01059419, 8.1, 90759, 海边的卡夫卡
24257486, 9.1, 16016, 局外人
01119839, 9.1, 15885, 王尔德童话
25826936, 9.5, 9111, 冰与火之歌
01316648, 8.3, 58851, 查令十字街84号
24859822, 8.6, 34270, 无人生还
10555509, 9.0, 17483, 看不见的城市
26276775, 9.0, 17378, 异乡人
04881639, 9.0, 17360, 傲慢与偏见
03693974, 9.4, 9537, 小王子
26362836, 9.0, 16354, 献给阿尔吉侬的花束
01292416, 8.5, 36285, 香水
01803022, 9.0, 15958, 圣经
26840298, 8.7, 25324, 无人生还
01880831, 9.2, 11740, 基督山伯爵（上下册）
01062193, 8.5, 34989, 娱乐至死
10738023, 8.7, 24759, 了不起的盖茨比
03578470, 9.0, 15419, 德米安
01213546, 8.4, 40967, 变形记
01258498, 8.4, 40249, 项链
24934182, 8.1, 68609, 一个人的朝圣
26957760, 8.8, 19764, 世界的凛冬
24382569, 8.7, 22963, 一桩事先张扬的凶杀案
01004821, 8.7, 22709, 理想国
01858568, 9.1, 12217, 罪与罚
25796120, 8.9, 16371, 小径分岔的花园
25884880, 9.0, 14069, 我不知道该说什么，关于死亡还是爱情
20428302, 9.1, 12133, 失明症漫记
27611824, 8.9, 16157, 如父如子
04187411, 8.8, 18256, 万物有灵且美
02053249, 8.1, 62227, 麦田里的守望者
01321789, 8.7, 21100, 美丽新世界
27204805, 9.2, 9921, 那不勒斯故事四部曲
01394364, 8.8, 17668, 银河系漫游指南
01062343, 9.2, 9840, 昨日的世界
01424741, 8.5, 28758, 心是孤独的猎手
02158189, 8.5, 28641, 海边的卡夫卡
02160226, 9.2, 9797, 快乐王子
02253380, 9.2, 9765, 安娜·卡列尼娜
01083762, 8.7, 20483, 人类的群星闪耀时
03391248, 8.7, 20074, 金阁寺
26757680, 9.0, 12703, 面纱
26980487, 9.4, 7311, 悉达多
01007433, 8.2, 47495, 红与黑
01005521, 8.2, 46591, 伊豆的舞女
25818441, 9.4, 7128, 1984
27002046, 9.1, 10537, 美丽新世界
03054821, 9.2, 9157, 渴望生活
26896859, 8.8, 15975, 当呼吸化为空气
26295448, 8.6, 21897, 你一生的故事
01440972, 9.2, 8945, 博尔赫斯小说集
01013225, 8.4, 29488, 生活在别处
02253379, 8.6, 20969, 简爱
25887924, 9.7, 4577, 卡拉马佐夫兄弟
01015452, 8.3, 34933, 国境以南 太阳以西
26357614, 9.1, 9777, 海风中失落的血色馈赠
26210487, 9.0, 11134, 强风吹拂
26803714, 9.2, 8314, 人性的枷锁
07065521, 9.0, 10804, 银河帝国：基地
03649782, 8.6, 19855, 达·芬奇密码
26586492, 8.9, 12446, 火星救援
27054340, 9.2, 8065, 一个叫欧维的男人决定去死
03815125, 8.9, 12280, 香水
20392523, 8.5, 22947, 没有人给他写信的上校
30471298, 9.2, 8030, 2001：太空漫游
28659562, 8.8, 14038, 夏日终曲
26704403, 8.8, 13981, 二手时间
03131626, 9.0, 10401, 荒原狼
01064841, 9.1, 8990, 绿山墙的安妮
01885224, 8.9, 11919, 傲慢与偏见
04071859, 9.4, 5920, 我在伊朗长大
26641665, 9.1, 8729, 切尔诺贝利的悲鸣
02158684, 9.1, 8595, 象棋的故事
26389895, 9.5, 5072, 银河帝国：基地七部曲
04074636, 7.6, 121325, 放学后
01228110, 8.2, 35374, 天使与魔鬼
26340138, 7.6, 120573, 岛上书店
25733470, 8.2, 35176, 没有色彩的多崎作和他的巡礼之年
26695174, 9.1, 8342, 灯塔
02194123, 8.4, 24264, 相约星期二
02046807, 9.5, 4883, 飘
01082518, 7.9, 59966, 麦田里的守望者
02056749, 8.1, 40337, 时间旅行者的妻子
06265745, 8.7, 13979, 银河系搭车客指南
10763902, 7.7, 87525, 偷影子的人
01022632, 8.8, 11717, 罪与罚
01424313, 9.3, 5795, Animal Farm
26657570, 9.0, 8541, 活着为了讲述
10774752, 9.0, 8493, 毛姆短篇小说精选集
27107109, 9.4, 4987, 百年孤独
01041128, 8.6, 15195, 天蓝色的彼岸
25897657, 9.5, 4392, 悲惨世界
23774518, 9.3, 5551, 1984
06789551, 8.9, 9509, 不存在的骑士
06711405, 8.9, 9488, 不能承受的生命之轻
30142261, 8.9, 9459, 长日将尽
01004088, 9.0, 8175, 长袜子皮皮
06781794, 8.8, 10844, 过于喧嚣的孤独
34434309, 7.9, 50438, 82年生的金智英
03537590, 8.4, 20146, 朗读者
01170801, 8.9, 9129, 泰戈尔诗集
01203251, 8.1, 33315, 雾都孤儿
24845582, 8.4, 19464, 群山回唱
34672176, 8.6, 14047, 呼吸
01883353, 8.8, 10340, 野性的呼唤
11584574, 8.6, 13972, 万物静默如谜
04826530, 9.1, 6680, 我亲爱的甜橙树
01039752, 7.8, 57364, 且听风吟
03315879, 8.6, 13533, 恶童日记
03697494, 9.1, 6558, 洞穴奇案
26685994, 9.0, 7398, 给青年诗人的信
01465324, 7.7, 67778, 洛丽塔
10555486, 8.7, 11174, 分成两半的子爵
01031740, 8.2, 25255, 寻羊冒险记
01056023, 8.6, 12988, 鼠疫
02250587, 7.6, 82962, 一个人的好天气
04238162, 9.4, 4307, 昨日的世界
05330333, 8.6, 12859, 活出生命的意义
21979017, 9.5, 3787, 魔戒
26344078, 9.0, 7117, 夜莺与玫瑰
01860750, 8.4, 17417, 了不起的盖茨比
26264967, 8.4, 17192, 神们自己
01431870, 9.0, 6972, 源泉
01060117, 8.6, 12455, 不朽
01186392, 8.7, 10622, 约翰·克利斯朵夫
01433377, 8.7, 10606, 生命中不能承受之轻
01254731, 8.8, 8914, 欧·亨利短篇小说选
28656614, 8.3, 19434, 山茶文具店
03597825, 8.6, 11836, 我的孤独是一座花园
01794620, 7.8, 48450, 芒果街上的小屋
30468519, 8.8, 8721, 局外人
04908883, 9.0, 6573, 荒原狼
26628811, 8.8, 8640, 世上最美的溺水者
01007772, 8.3, 18853, 双城记
24715686, 8.8, 8583, 仿生人会梦见电子羊吗？
04011440, 8.0, 31722, 最初的爱情 最后的仪式
01427288, 8.4, 15591, 小妇人
26707295, 8.7, 9675, 月亮和六便士
26768309, 8.1, 25853, 查令十字街84号
01917972, 7.8, 45237, 在路上
03169746, 8.7, 9541, 荆棘鸟
26839300, 8.9, 7155, 局外人
25941890, 9.1, 5445, 海伯利安
03608235, 8.5, 12866, 失物之书
26598807, 9.0, 6108, 人鼠之间
05406559, 8.8, 8054, 鼠疫
24736899, 8.0, 29791, 雪国
05988624, 8.2, 20692, 远山淡影
03987362, 8.9, 6948, 春雪
26371317, 8.1, 24574, 24个比利
04105446, 8.2, 20473, 十一种孤独
10759466, 9.2, 4642, 地下室手记
26907961, 9.4, 3629, Born a Crime
03259428, 8.6, 10505, 斜阳
30128204, 8.9, 6771, 莫斯科绅士
01045352, 8.8, 7786, 二十首情诗与绝望的歌
01033997, 8.6, 10444, 呼啸山庄
01081422, 9.0, 5903, 卡夫卡小说全集（全三册）
03826899, 8.7, 8979, 布鲁克林有棵树
01418058, 9.1, 5166, 小径分岔的花园
03347997, 8.4, 14007, X的悲剧
06313496, 9.5, 3116, 卡拉马佐夫兄弟
25796049, 9.0, 5728, 沙之书
25717151, 9.2, 4414, 基督山伯爵（上下）
05993310, 9.1, 5011, 直捣蜂窝的女孩
04010969, 7.8, 40237, 当我们谈论爱情时我们在谈论什么
26374532, 8.9, 6490, 霍乱时期的爱情
26451351, 8.7, 8603, 爱情和其他魔鬼
05366382, 8.8, 7442, 夜航西飞
01013502, 7.6, 60626, 钢铁是怎样炼成的
02359003, 8.2, 18865, 沉思录
27180479, 9.2, 4332, 奥古斯都
10779650, 9.2, 4324, 追忆似水年华
03034480, 9.4, 3380, 圣经
01083477, 8.1, 22174, 包法利夫人
30316475, 8.2, 18505, 漫长的告别
06016234, 8.9, 6317, 奇风岁月
02669319, 9.1, 4797, Flipped
01762527, 9.1, 4765, 飞鸟集
11535042, 8.6, 9537, 请以你的名字呼唤我
25867570, 9.4, 3245, 人生的智慧
03402999, 8.7, 7944, 到灯塔去
01878265, 9.1, 4605, 安徒生童话
01859108, 8.9, 5906, 白痴
06857344, 8.5, 10510, 夜莺与玫瑰
04745949, 8.7, 7795, 第二性Ⅰ
20441569, 9.3, 3513, 被淹没和被拯救的
01135537, 9.1, 4491, 福尔摩斯探案集
06811366, 8.3, 14266, 禅与摩托车维修艺术
02165063, 9.2, 3924, 纳尔齐斯与歌尔德蒙
03335362, 8.5, 10212, 大教堂
30125030, 9.1, 4389, 天生有罪
03014444, 8.6, 8676, 自深深处
10555535, 8.9, 5622, 如果在冬夜，一个旅人
01015864, 9.0, 4922, 惶然录
01255288, 8.1, 19263, 复活
26863404, 9.1, 4320, 美丽新世界
25788092, 8.7, 7380, 古都
20326626, 8.6, 8526, 少年Pi的奇幻漂流
26733851, 8.9, 5523, 月亮与六便士
03836566, 8.6, 8436, 玫瑰的名字
27029890, 8.0, 22476, 外婆的道歉信
01212488, 8.3, 13283, 罗密欧与朱丽叶（名著名译插图本）
30293663, 8.6, 8312, 绝对笑喷之弃业医生日志
02212371, 9.1, 4185, 先知
03522695, 8.5, 9597, 瓦尔登湖
01012637, 8.2, 15547, 牛虻
01083434, 8.7, 7130, 莫泊桑短篇小说选
01400059, 8.6, 8213, 心
03673651, 7.7, 39083, 岛
26820347, 8.9, 5337, 红星照耀中国
03673771, 9.0, 4670, 项塔兰
25887912, 9.3, 3212, 罪与罚
26912631, 8.9, 5281, 道林·格雷的画像
27132345, 8.8, 6038, 太古和其他的时间
06712407, 9.0, 4615, 巴黎评论·作家访谈Ⅰ
25796122, 9.3, 3167, 阿莱夫
26729776, 8.1, 17810, 雪人
01031741, 7.8, 30925, 欧也妮·葛朗台
30236335, 9.0, 4535, 切尔诺贝利的祭祷
01079440, 8.1, 17527, 遇到百分之百的女孩
01851385, 7.9, 25133, 我的名字叫红
01982200, 8.7, 6794, 爱德华的奇妙之旅
01049957, 8.7, 6780, 浮士德
26292535, 9.0, 4505, 帷幕
05502995, 7.6, 44664, 1Q84 BOOK 3
25900384, 9.1, 3909, 不能承受的生命之轻
02042063, 8.4, 10349, 伊斯坦布尔
04313207, 8.4, 10341, 致D
01020959, 8.2, 14215, 斯普特尼克恋人
04127527, 8.1, 16857, 厨房
21346008, 8.5, 8740, 米格尔街
01040397, 8.1, 16343, 假如给我三天光明
26896878, 8.9, 4787, 刀锋
25796061, 9.1, 3702, 杜撰集
01880829, 8.6, 7230, 呼啸山庄
25773575, 9.2, 3249, 哈姆雷特
26276924, 8.7, 6223, 梦中的欢快葬礼和十二个异乡故事
01083435, 8.8, 5405, 契诃夫短篇小说选
24737009, 8.3, 11269, ABC谋杀案
03654604, 8.4, 9563, 天使与魔鬼
01047138, 7.8, 26888, 少年维特的烦恼
27041533, 8.7, 6115, 仿生人会梦见电子羊吗？
05958726, 8.0, 18545, 质数的孤独
30224833, 8.5, 8148, 圣殿春秋
25837845, 9.5, 2247, 战争与和平
01052074, 8.8, 5280, 喧哗与骚动
27024398, 8.6, 6988, 阅读是一座随身携带的避难所
02193877, 8.0, 18353, 你在天堂里遇见的五个人
02036561, 8.4, 9409, 城堡
05940553, 8.8, 5231, 当尼采哭泣
04286204, 8.1, 15101, 麦田里的守望者
01077492, 9.0, 3949, 大师和玛格丽特
30155720, 8.2, 12599, 小小小小的火
27200257, 8.6, 6776, 挪威的森林
01005918, 8.0, 17663, 堂吉诃德
02033081, 8.2, 12443, 身份的焦虑
01203244, 8.3, 10546, 三个火枪手
01076330, 9.1, 3426, 奥狄浦斯王
01400707, 8.1, 14545, 广岛之恋
02215160, 9.2, 2987, 神秘岛（全三册）
01000121, 8.6, 6540, 昆虫记
30134903, 8.9, 4311, 鼠疫
27603501, 8.8, 4922, 奇迹男孩
03266345, 8.1, 14080, 三杯茶
01201821, 8.0, 16720, 梦的解析
25873415, 8.9, 4255, 月亮和六便士
01255326, 9.0, 3733, 新月集·飞鸟集
30218241, 9.1, 3290, 建筑师
26728835, 9.4, 2308, 动物农场
26853356, 8.9, 4216, 鱼王
27170538, 8.6, 6336, 存在主义咖啡馆
20370889, 8.6, 6333, 霍比特人
02061644, 8.2, 11675, 伤心咖啡馆之歌
10512236, 8.4, 8476, 时间的针脚
01894745, 8.4, 8458, 简·爱
03765331, 8.6, 6285, 恋人絮语
01082147, 9.0, 3659, 热爱生命
02349930, 8.8, 4709, 秘密花园
01062694, 8.9, 4095, 荷马史诗·奥德赛
01013469, 8.7, 5340, 战争与和平（全四册）
27150656, 9.1, 3156, Call Me by Your Name
30277179, 9.1, 3147, 打开一颗心
20473505, 8.7, 5288, 山月记
01803641, 8.9, 4036, 小公主
01417385, 9.0, 3544, 博尔赫斯诗选
07154675, 8.8, 4592, 怦然心动
02141139, 9.0, 3531, 欧亨利短篇小说精选
25708359, 8.5, 6876, 了不起的盖茨比
04908872, 8.6, 5896, 都柏林人
03769738, 8.7, 5081, 万火归一
20443559, 7.7, 25863, 小王子
27192538, 8.4, 7739, 雨
03899039, 8.1, 12439, 刺猬的优雅
03391246, 8.2, 10494, 潮骚
01079252, 8.2, 10490, 爱情笔记
01275907, 8.3, 8888, 八十天环游地球
01430530, 8.3, 8831, 汤姆叔叔的小屋
01937228, 9.3, 2309, 百年孤独
04908886, 9.1, 2916, 金蔷薇
01000856, 7.9, 17163, 我是猫
25982254, 8.1, 12097, 大萝卜和难挑的鳄梨
03888123, 8.6, 5574, 写作这回事
19962936, 8.7, 4850, 只是孩子
04737325, 8.2, 10189, 维罗妮卡决定去死
03594151, 8.1, 11996, 柑橘与柠檬啊
27598133, 9.0, 3248, 以你的名字呼喚我
27193117, 8.6, 5514, 我们一无所有
27079479, 8.8, 4192, 南方高速
01016880, 8.8, 4189, 道连·格雷的画像
30161861, 8.8, 4189, 与罗摩相会
01077778, 8.1, 11798, 爱的教育
05431784, 8.3, 8454, 雪落香杉树
01063796, 8.7, 4691, 小说的艺术
27128608, 8.9, 3593, 一个陌生女人的来信
25779593, 8.7, 4666, 族长的秋天
26939269, 9.0, 3156, 只是孩子
06435891, 9.7, 1441, 飘
01119528, 8.0, 13528, 高老头
26952166, 8.9, 3549, 指匠
01872158, 8.2, 9682, 蝇王
01894742, 8.5, 6074, 红与黑
01874411, 8.4, 6983, 乞力马扎罗的雪
05063806, 8.6, 5174, 茶花女
27036317, 8.1, 11089, 独居的一年
02161691, 8.3, 8018, 伊索寓言
26580084, 8.6, 5118, 烛烬
25952961, 8.8, 3893, 博尔赫斯谈话录
06313450, 8.9, 3412, 包法利夫人
11528350, 8.8, 3857, 哈扎尔辞典（阳本）
03100584, 8.8, 3820, 麦克白
02295912, 9.0, 2955, 佩德罗·巴拉莫
26759579, 8.5, 5740, 事物的味道，我尝得太早了
25887933, 9.5, 1663, 白痴
01965464, 9.2, 2300, 毛毛
20501761, 8.3, 7627, 地球上最后的夜晚
02253413, 8.9, 3290, 巴黎圣母院
03164521, 8.8, 3684, 简爱
26421126, 8.7, 4196, 万物静默如谜
01201620, 8.3, 7442, 人类群星闪耀时
27194720, 9.2, 2235, 追寻逝去的时光·第一卷：去斯万家那边
02165076, 9.0, 2815, 玻璃球游戏
27042344, 8.8, 3594, 醒来的女性
27113801, 8.3, 7277, 使女的故事
27615361, 9.5, 1582, 昨日的世界
26701959, 8.6, 4662, 我脑袋里的怪东西
27663541, 8.5, 5364, 我要快乐，不必正常
27172839, 9.0, 2770, 苏菲的世界
03831788, 8.1, 9841, 逃离
06440343, 8.8, 3535, 荒原
01014144, 8.3, 7146, 大卫·科波菲尔（上下）
01045365, 8.6, 4584, 恶之花
04202422, 8.3, 7059, 云图
01088418, 9.1, 2398, 死屋手记
26431326, 8.9, 3056, 所有我们看不见的光
01013457, 9.1, 2385, 给一个青年诗人的十封信
21329239, 8.8, 3453, 巴黎烧了吗?
27124847, 8.5, 5182, 葡萄牙的高山
24257403, 8.8, 3446, 西西弗神话
24163576, 8.3, 6941, 漫长的告别
06800379, 8.7, 3905, 2666
26908211, 9.1, 2363, 鼠疫
26394018, 9.3, 1870, 生活与命运
01034106, 8.1, 9332, 威尼斯商人
24541883, 8.1, 9302, 消失的爱人
25867057, 9.2, 2070, 安娜·卡列尼娜
27140882, 9.2, 2066, 伊凡·伊里奇之死
25985126, 8.7, 3821, 迷宫中的将军
26983338, 8.8, 3296, 老人与海
05993314, 8.0, 10666, 安吉拉·卡特的精怪故事集
04140380, 8.7, 3709, 第七重解答
20428313, 8.7, 3702, 冷血
03191247, 8.7, 3696, 好兆头
03815129, 8.6, 4221, 老人与海
01045201, 8.2, 7548, 哲学的慰藉
01010204, 8.5, 4827, 宽容
11533585, 9.5, 1429, 动物庄园
26275572, 9.2, 1975, 奥克诺斯
01912993, 9.2, 1973, 海蒂
05312095, 8.7, 3599, 西西弗神话
26642866, 8.1, 8652, 萤火虫小巷
01035477, 7.9, 12094, 德伯家的苔丝
26324832, 9.1, 2180, 西线无战事
25858680, 8.2, 7323, 二十首情诗和一首绝望的歌
01051714, 8.3, 6260, 等待戈多
27199470, 7.5, 25342, 刺杀骑士团长
01030469, 8.3, 6246, 青鸟
26261735, 8.4, 5361, 编舟记
06797396, 8.5, 4643, 焚舟纪
25837852, 8.9, 2721, 堂吉诃德
26053771, 8.9, 2714, 小于一
04898521, 8.5, 4590, 呼啸山庄
27131538, 8.6, 3978, 白天的房子，夜晚的房子
27619602, 9.2, 1883, 娜塔莎之舞
04154988, 8.0, 9719, 纯真博物馆
10519369, 9.3, 1674, 万物生光辉
26279019, 8.0, 9670, 恋情的终结
01315844, 9.2, 1868, 古拉格群岛（上中下）
10439392, 9.1, 2080, 风沙星辰
04246979, 8.1, 8108, 窄门
05958737, 9.1, 2067, 尤利西斯
25897678, 9.0, 2288, 包法利夫人
25986273, 8.4, 5021, 五只小猪
20392525, 7.9, 10844, 枯枝败叶
03393056, 8.2, 6613, 流动的盛宴
26286299, 8.6, 3714, 自深深处
11607435, 8.7, 3244, 廊桥遗梦
04011668, 8.5, 4228, 女生徒
01042434, 8.1, 7652, 安妮日记
01012117, 8.3, 5568, 仲夏夜之梦
04766921, 9.0, 2193, 解体概要
01085467, 8.9, 2468, 神秘岛
10554709, 8.7, 3167, 第二十二条军规
26267087, 8.6, 3575, 猎魔人1：白狼崛起
01009285, 7.7, 14695, 童年
01064707, 8.7, 3122, 从卡夫卡到昆德拉
26630480, 8.6, 3562, 毒木圣经
30225784, 8.8, 2723, 偷书贼
25873424, 8.7, 3088, 刀锋
01040632, 8.5, 4002, 木偶奇遇记
01469878, 8.5, 3995, 日瓦戈医生
30438790, 9.5, 1206, 罪与罚
06131589, 8.6, 3409, 普罗旺斯的一年
04621099, 8.3, 5171, 死于威尼斯
26953294, 8.7, 2970, 你的夏天还好吗？
27077129, 8.3, 5153, 华氏451
26594159, 8.7, 2966, 德米安
26897469, 8.6, 3376, 红与黑
26278316, 8.8, 2599, 夏洛的网
10608319, 8.5, 3771, 存在主义是一种人道主义
33385476, 8.3, 4973, 人类群星闪耀时
01030554, 8.6, 3240, 恶心
26120130, 9.1, 1745, 天才的编辑
26276279, 7.8, 10875, 苦妓回忆录
30140436, 7.9, 9136, 清单人生
24107596, 8.1, 6507, 神经漫游者
01440243, 8.8, 2438, 索拉里斯星
04175473, 8.6, 3107, 波斯少年
10555538, 9.2, 1499, 美国讲稿
01048173, 8.1, 6289, 忏悔录
04882159, 7.6, 14777, 橘子不是唯一的水果
30427430, 9.1, 1665, 月亮与六便士
02228707, 8.9, 2098, 癌症楼
03266968, 7.2, 33362, 秘密
26264154, 8.7, 2679, 悲伤与理智
26787273, 9.5, 1077, 罪与罚
01174721, 8.4, 3938, 丧钟为谁而鸣
01437488, 9.3, 1316, 群魔
10583075, 8.5, 3426, 英国病人
03908240, 7.7, 11928, 情人
01012489, 7.7, 11802, 童年 在人间 我的大学
30181685, 8.7, 2599, 莫失莫忘
25796066, 8.3, 4465, 恶棍列传
26384735, 9.1, 1608, 致未来的诗人
01988414, 9.0, 1801, 二十世纪西方文学理论
25887930, 9.3, 1284, 被伤害与侮辱的人们
26331659, 9.0, 1781, 道林格雷的画像
04266008, 8.3, 4353, 给一个未出生孩子的信
25847717, 8.6, 2875, 不安之书
27025715, 7.8, 9522, 永恒的边缘
34889883, 8.7, 2503, 云游
01021056, 7.1, 37959, 谁动了我的奶酪？
25756955, 9.0, 1740, 爱与黑暗的故事
01142578, 8.4, 3690, 汤姆索亚历险记
06313476, 8.8, 2190, 远大前程
01122914, 8.5, 3210, 鲁滨逊漂流记
26639310, 8.6, 2785, 我的名字叫红
27108971, 9.1, 1522, 游隼
01082946, 8.8, 2155, 我弥留之际
26863797, 8.5, 3162, 逃离
10794550, 8.9, 1904, 柳林风声
02062599, 8.5, 3134, 雪
27015443, 9.4, 1096, 西南联大英文课
01771464, 8.7, 2398, 微物之神
26649304, 8.9, 1871, 一个无政府主义者的意外死亡
26334507, 8.6, 2701, 人类的群星闪耀时
04881637, 8.7, 2377, 老人与海
01880990, 8.3, 3972, 复活
30366534, 8.0, 6220, 熊镇
04894485, 7.8, 8639, 麦田里的守望者
05395157, 7.9, 7230, 小夜曲
03228779, 8.7, 2281, 出埃及记
26352388, 9.2, 1279, 约翰·克里斯朵夫
21993104, 8.1, 5171, 白夜
30269311, 9.1, 1400, 以色列
10605850, 9.1, 1398, 海浪
25985982, 8.4, 3261, 遥远的星辰
26671805, 9.0, 1541, 另一个，同一个
02350407, 8.2, 4284, 寂静的春天
30236304, 8.8, 1928, 列奥纳多·达·芬奇传
25897649, 9.6, 817, 契诃夫短篇小说选
01052055, 8.3, 3650, 闪灵
26220767, 8.9, 1691, 过于喧嚣的孤独
05378433, 9.1, 1348, 绿山墙的安妮
01434071, 7.9, 6634, 我们
04908877, 9.1, 1339, 静静的顿河
34911983, 8.2, 4158, 坡道上的家
05321895, 8.3, 3578, 那些忧伤的年轻人
01893972, 8.2, 4129, 漂亮朋友
33459737, 8.2, 4129, 书店日记
30418935, 9.0, 1480, 月亮与六便士
26410730, 7.8, 7699, 我是猫
05920819, 8.5, 2693, 茶花女
01373788, 8.4, 3058, 玩偶之家
26773323, 9.0, 1456, 莫泊桑短篇小说精选
10486418, 8.2, 4018, 十一种孤独
34434342, 8.5, 2644, 人类群星闪耀时
03733083, 8.8, 1816, 你往何处去
19962341, 9.1, 1288, 非理性的人
26689063, 8.2, 3968, 卡罗尔
03151603, 9.2, 1142, 先知
34835082, 9.1, 1263, 一间只属于自己的房间
01894740, 8.6, 2258, 猎人笔记
26266067, 8.9, 1571, 重返美丽新世界
26681991, 8.6, 2252, 鳄鱼街
04219125, 8.3, 3349, 坟场之书
33395266, 9.1, 1251, 愤怒的葡萄
26284408, 8.6, 2238, 命运的内核
30161856, 8.4, 2897, 苹果酒屋的规则
26276923, 7.9, 5975, 礼拜二午睡时刻
01097835, 8.0, 5036, 名人传
26290041, 9.0, 1345, 喧哗与骚动
25852235, 8.3, 3191, 查泰莱夫人的情人
25919825, 8.5, 2434, 大河湾
10565151, 7.5, 11443, 我是个年轻人 我心情不太好
33426127, 8.4, 2750, 渺小一生
26765928, 8.4, 2732, 屠夫十字镇
34813209, 8.7, 1857, 蝲蛄吟唱的地方
33383582, 9.2, 1052, 审判
01867064, 7.7, 7814, 八百万种死法
06310320, 8.7, 1840, 人都是要死的
03215997, 9.2, 1047, 饥饿艺术家
02193881, 8.2, 3543, 汤姆·索亚历险记
35009826, 8.8, 1624, 一生的旅程
10749924, 8.3, 3057, 天真的和感伤的小说家
26631867, 9.1, 1153, 现实与欲望
26591905, 8.2, 3508, 蝴蝶梦
01220098, 9.0, 1281, 羊脂球
26676528, 8.5, 2283, 如何阅读一本文学书
06854919, 8.7, 1775, 安妮日记
01045246, 8.6, 2005, 西方文学十五讲
03127268, 8.5, 2274, 简爱
05918057, 8.8, 1570, 玩笑
07916069, 8.8, 1568, 被禁锢的头脑
01075371, 8.7, 1765, 马丁·伊登
26575658, 7.8, 6278, 被掩埋的巨人
26962859, 7.7, 7399, 美国众神
26387640, 8.2, 3372, 忧伤的时候，到厨房去
01888031, 7.8, 6186, 格列佛游记
30278166, 8.7, 1736, 金阁寺
01893466, 8.0, 4471, 鲁滨孙历险记
27115714, 8.3, 2890, 大雪将至
26837288, 8.2, 3318, 钓鱼的男孩
30297123, 9.2, 979, 基督山伯爵
25890145, 8.2, 3276, 线
01085477, 9.0, 1209, 伊利亚特
04846126, 8.1, 3752, 巴别塔之犬
26434970, 8.5, 2167, 智利之夜
27141620, 9.2, 967, 失明症漫记
30401373, 8.9, 1332, 海风中失落的血色馈赠
11539568, 8.7, 1677, 变形记
33422839, 8.5, 2144, 发条橙
04198469, 8.2, 3191, 轻舔丝绒
26836970, 7.7, 6926, 沙丘
02193875, 8.5, 2120, 尼尔斯骑鹅旅行记
26877993, 9.1, 1055, 不能承受的生命之轻
03127852, 8.6, 1857, 推销员之死
02032523, 8.5, 2094, 失乐园
30167142, 9.1, 1044, 绿野仙踪
34799583, 9.1, 1035, 马可瓦尔多
26356515, 7.7, 6609, S.
04891108, 8.5, 2045, 爱伦坡惊悚小说全集
30254236, 8.7, 1599, 4321
02050779, 8.3, 2651, 魔山
25986497, 8.3, 2634, 疑问集
02301475, 8.3, 2582, 人间食粮
30443973, 8.5, 1987, 想象一朵未来的玫瑰
26905152, 8.8, 1379, 麦田里的守望者
25724491, 8.2, 2945, 突然，响起一阵敲门声
26303655, 8.3, 2546, 欧·亨利短篇小说精选
04881634, 8.4, 2221, 海底两万里
05921802, 7.6, 7437, 邮差总按两遍铃
21371490, 9.2, 883, 癌症楼
04213981, 8.4, 2211, 好人难寻
06060455, 7.7, 6137, 浮世画家
25837854, 9.4, 713, 荷马史诗·奥德赛
02050777, 8.2, 2835, 小妇人
30441551, 8.8, 1327, 烧纸
01420500, 8.4, 2160, 百万英镑
26110579, 7.7, 6064, 暗店街
26253088, 8.3, 2456, 肠子
01174722, 8.0, 3755, 太阳照常升起
27079433, 8.5, 1887, 纳博科夫短篇小说全集
25844144, 8.4, 2127, 一间自己的房间
01077638, 8.1, 3192, 耻
10546888, 9.3, 763, 苦炼
01880825, 8.2, 2721, 希腊神话
04139056, 8.1, 3125, 爱的教育
01031354, 8.1, 3115, 死魂灵
24295354, 9.3, 752, 浮士德
02221902, 8.1, 3104, 少年维特之烦恼
27091776, 9.1, 912, 文学讲稿
07056685, 7.5, 8040, 天黑以后
26607924, 8.4, 2039, 午夜之子
25756947, 7.4, 9649, 地狱
30420900, 8.8, 1250, 奥丽芙·基特里奇
02193878, 8.1, 3041, 红字
30147566, 8.7, 1392, 五号屠场
25886351, 7.5, 7895, 耶路撒冷三千年
04125911, 8.1, 2981, 蝇王
25882167, 9.1, 887, Wonder/奇迹男孩
02170030, 8.1, 2974, 白鲸
26862626, 7.6, 6454, 克苏鲁神话
30134652, 9.1, 874, 局外人
30244058, 8.8, 1206, 奥斯卡与玫瑰奶奶
05406571, 9.1, 870, 九三年
27007881, 7.9, 3849, 乡下人的悲歌
01279212, 7.4, 8925, 十日谈
06879215, 7.5, 7397, 乌克兰拖拉机简史
05275747, 8.7, 1313, 红与黑
26975428, 8.7, 1313, 故园风雨后
27045888, 8.0, 3238, 囚鸟
25708977, 9.7, 478, 摹仿论
26828753, 8.6, 1448, 一个陌生女人的来信
25774861, 8.6, 1447, 奥兰多
25748132, 8.5, 1629, 复明症漫记
34661936, 9.2, 752, 我的天才女友
34928037, 9.4, 620, 生活与命运
26392337, 8.3, 2088, 与神对话
07046857, 8.3, 2080, 长日留痕
25808977, 8.5, 1612, 全息玫瑰碎片
27102207, 7.4, 8338, 放学后
25699387, 8.6, 1411, 星辰时刻
01085856, 7.9, 3607, 在人间
05406569, 8.8, 1112, 羊脂球
30311816, 8.0, 3057, 荒诞医学史
25837866, 8.6, 1375, 复活
25887915, 8.7, 1216, 死屋手记
01040126, 8.5, 1537, 洛丽塔
30329883, 9.0, 874, 马尔多罗之歌
34826166, 8.6, 1352, 夜的命名术
30177172, 8.7, 1195, 没有人给他写信的上校
25886226, 9.0, 855, 巴黎圣母院
25900268, 9.3, 634, 奥德赛
03534238, 8.4, 1695, 玩偶之家
27194483, 8.2, 2199, 知更鸟
25897651, 9.3, 631, 静静的顿河
06428078, 9.1, 767, 罗马帝国衰亡史（套装共6册）
06952192, 8.8, 1045, 日瓦戈医生
30346652, 9.7, 436, 基督山伯爵
34672178, 8.8, 1028, 你一生的故事
33451968, 9.1, 745, 世界杂货店
10955921, 8.2, 2097, 骂观众
06832303, 6.8, 24795, 别相信任何人
25764939, 8.3, 1810, 达·芬奇密码
30144095, 7.9, 3128, 海边的卡夫卡
33427364, 8.5, 1395, 熊镇2
26899541, 8.3, 1785, 漫长的告别
26584387, 7.6, 4984, 一个人的朝圣2
02355626, 8.5, 1354, 雾都孤儿
34970385, 8.2, 1961, 鞋带
01917962, 7.9, 2964, 金银岛
34897115, 9.0, 762, 美与暴烈
26133488, 8.9, 845, 死刑判决
34948951, 7.9, 2924, 大话西方艺术史
01089893, 8.0, 2520, 童年
34912805, 8.8, 932, 七个疯子
03327495, 8.3, 1664, 万有引力之虹
30373656, 8.6, 1147, 遇见你之前
26291587, 8.1, 2139, 源氏物语
27091030, 8.1, 2138, 面纱
25861387, 7.6, 4527, 情人
30230907, 8.7, 1014, 活山
02568067, 8.2, 1852, 中性
30301376, 8.5, 1268, 企鹅经典：小黑书 第一辑
26286751, 8.7, 1001, 文学阅读指南
30331835, 8.0, 2410, 窄门
27041894, 8.2, 1829, 轻舔丝绒
34444574, 8.4, 1396, 看不见的爱
27073878, 8.5, 1231, 爱的进化论
03621942, 8.3, 1563, 了不起的狐狸爸爸
01083317, 7.8, 3118, 北回归线
20267987, 7.4, 6002, 孤独美食家
30331839, 9.0, 691, T. S. 艾略特传
06065493, 8.5, 1184, 简爱
23858192, 8.4, 1332, 最蓝的眼睛
01051524, 8.3, 1498, 断头王后
30284744, 8.0, 2230, 伯纳黛特，你要去哪
26603782, 9.5, 419, 古拉格群岛
26570629, 9.1, 602, 生存与命运
30255676, 9.0, 663, 我一直想要告诉你的事
30390651, 7.4, 5525, 时间的礼物
05406557, 7.9, 2461, 夜色温柔
34464677, 8.7, 898, 外面是夏天
23858362, 9.0, 649, 神曲
30309597, 8.2, 1609, 一起连环绑架案的新闻
27035185, 8.9, 717, 贝伦与露西恩
34954108, 8.2, 1604, 坟场之书
02253375, 8.3, 1393, 红与黑
01902852, 8.5, 1080, 一个女人一生中的24小时
19950612, 7.1, 9039, 伊斯坦布尔假期
26356948, 6.2, 82151, 摆渡人
30297180, 9.2, 516, 英国病人
27140763, 8.3, 1336, 给所有昨日的诗
27602608, 8.5, 1050, 光年
27026458, 8.3, 1334, 剧本
34808267, 8.2, 1484, 萨拉戈萨手稿
03888110, 8.7, 813, 天使望故乡
02033673, 8.7, 808, 名利场
26312708, 8.5, 1009, 达洛维夫人
30325325, 8.0, 1888, 全能侦探社
01449947, 8.5, 1003, 小妇人
26986678, 8.4, 1117, 人类群星闪耀时
25881325, 7.1, 8085, 庆祝无意义
35005062, 8.4, 1110, 银河系边缘的小失常
27128593, 8.6, 877, 伊斯坦布尔
02308408, 8.1, 1603, 唐吉诃德
27605362, 8.8, 685, 愤怒与神秘：勒内·夏尔诗选
34826128, 8.5, 944, 我的隐藏人生
26323408, 8.4, 1050, 我坦言我曾历尽沧桑
30259159, 8.5, 934, 24个比利
26831681, 9.2, 455, 复活
26579926, 9.4, 380, 瓦尔登湖
01894744, 7.6, 3071, 钢铁是怎样炼成的
25970429, 9.0, 538, 没有个性的人
26921825, 8.0, 1680, 弗兰肯斯坦
30340893, 8.2, 1275, 面纱
26748179, 8.6, 794, 盲刺客
27622171, 7.4, 4063, 橘子不是唯一的水果
27171658, 8.4, 987, 她一生的秘密
26986888, 9.4, 363, 米德尔马契
27037087, 8.7, 703, 断头王后：玛丽·安托瓦内特传
26594676, 9.5, 328, 古典传统
34969956, 8.7, 692, 遗忘通论
26689045, 9.0, 511, 了不起的盖茨比
01316443, 8.5, 855, 厄舍府的崩塌
26437349, 7.7, 2406, 消失的地平线
26863398, 8.3, 1053, 我是猫
27130212, 8.5, 833, 肉桂色铺子及其他故事
34907838, 9.2, 412, 血与火：坦格利安王朝史 第一卷
27139766, 9.5, 316, 四十个房间
30390667, 8.9, 537, 奥斯特利茨
26881227, 8.2, 1162, 乞力马扎罗的雪
03082882, 8.1, 1301, 理智与情感
30165023, 7.4, 3533, 北欧众神
30354883, 8.8, 565, 快乐的死
25901849, 9.0, 462, 浮士德
27108849, 8.6, 687, 月光下的旅人
30321026, 8.4, 843, 修道院纪事
30159088, 8.0, 1337, 最初的爱情，最后的仪式
34990839, 9.4, 310, 地下室手记
20507368, 7.0, 6578, 了不起的盖茨比
04872916, 8.1, 1167, 格列佛游记
30280340, 8.9, 482, 格林童话（上下）
30181683, 8.5, 725, 同情者
26984469, 8.2, 1021, 小妇人（经典译林）
33436278, 8.7, 572, 一个叫欧维的男人
34995610, 7.9, 1465, 八百万种死法
27176305, 9.4, 298, 酒吧长谈
25986620, 8.6, 622, 阁楼上的疯女人
01050006, 7.8, 1624, 伪君子
19980351, 8.7, 553, 西西弗斯的神话
34437694, 9.0, 409, 惶然录
34924767, 8.3, 840, 女生徒
33413098, 8.0, 1176, 战时灯火
34834155, 8.6, 583, 一间自己的房间
33428358, 8.6, 556, 加西亚·马尔克斯访谈录
26711222, 8.6, 547, 一九〇六
30397063, 8.2, 844, 被涂污的鸟
33422832, 7.1, 4175, 聊天记录
33445298, 8.8, 438, 人鼠之间
30471282, 8.9, 397, 呼啸山庄
33402255, 8.7, 479, 和博尔赫斯在一起
27112627, 8.9, 392, 俄罗斯文学讲稿
27599933, 9.2, 300, 约翰克利斯朵夫
34461202, 7.8, 1332, 企鹅的忧郁
30237871, 8.9, 385, 七个被绞死的人
04881638, 7.7, 1489, 钢铁是怎样炼成的
25905185, 7.9, 1130, 蝇王
34841936, 9.3, 264, 紫与黑
34982078, 7.9, 1118, 安德鲁不想孤独终老
26863401, 8.6, 498, 都柏林人
27592209, 8.2, 768, 小妇人
30142312, 7.0, 4510, 本源
33437472, 8.1, 848, 风之影
26972277, 7.3, 2542, 寻找时间的人
30434081, 9.2, 265, 帝国轶闻
24284797, 8.0, 881, 无欲的悲歌
35016961, 9.1, 283, 鼠疫
34970373, 9.3, 239, 熔炉
33422386, 7.2, 2726, 世界尽头的咖啡馆
34950362, 7.7, 1272, 我将独自前行
34873156, 8.2, 676, 去往猴面包树的旅程
27138973, 8.5, 472, 克苏鲁神话合集
30180821, 7.1, 2867, 那不勒斯的萤火
34908576, 9.7, 160, 堂吉诃德
34942379, 8.9, 298, 移民
33451948, 7.5, 1465, 春日序曲
26667282, 8.4, 481, 见信如晤
30485007, 8.8, 322, 德伯家的苔丝
26879595, 7.5, 1438, 我们
34950849, 8.7, 349, 一个知识女性的思考系列
34937425, 8.3, 509, 在路上
34954100, 9.3, 202, 刚多林的陷落
30187222, 8.9, 266, 夜航西飞
34949339, 8.3, 470, 致命流感
34978587, 9.0, 240, 光明共和国
34917793, 8.8, 279, 帝国游戏
34937631, 8.9, 233, 给一个未出生孩子的信
34863429, 9.0, 214, 香水
35060088, 9.0, 213, 德米安
34662028, 9.7, 126, 罪与罚
33391930, 8.3, 399, 一场游戏一次消遣
27134325, 6.3, 9161, 摆渡人2重返荒原
34863428, 8.9, 219, 夏先生的故事
27141613, 8.5, 313, 死缓
33440284, 8.1, 458, 那些活了很久很久的树
34993195, 9.4, 141, 我会在六月六十日回来
34907958, 8.3, 342, 小妇人
34394911, 9.1, 168, 陀思妥耶夫斯基
26707942, 6.4, 5832, 知更鸟女孩
30431388, 7.9, 521, 万有引力之虹
34911027, 7.9, 521, 在路上
35005049, 8.0, 462, 想成为神的巴士司机
26265743, 8.7, 214, 蒲公英女孩
34992548, 8.4, 273, 紫阳花日记
34661933, 8.0, 381, 罗马阳台 世间的每一个清晨
30953816, 8.5, 223, 肯·福莱特世纪三部曲全9册套装：《巨人的陨落》《世界的凛冬》《永恒的边缘》
34893654, 7.2, 939, 火光之色
34991116, 7.7, 392, 爱神之泪
01068246, 7.8, 336, 越洋情书（上下卷）
05300536, 9.0, 113, 来日方长
30383411, 8.9, 119, 安提戈涅
34437702, 8.4, 176, 巴别塔
34836460, 8.9, 115, 比利时的哀愁
34863425, 7.9, 274, 论爱与死亡
34924580, 8.8, 119, 霍乱时期的爱情
34908334, 9.1, 93, 人树
34464665, 8.1, 207, 写在身体上
34861340, 8.4, 151, 一只猫的生活与哲学观
34826184, 8.5, 138, 大小谎言
34969918, 7.5, 359, 柠檬桌子
24859374, 7.5, 356, 瘟疫年纪事
35016096, 9.1, 85, 杀死一只知更鸟
34808250, 9.5, 65, 被弃的意象
34826151, 7.4, 382, 黑暗时代的爱
33392950, 6.3, 2097, 摆渡人3无境之爱
34942344, 7.7, 256, 逝物录
34978410, 9.1, 77, 审查官手记
34866954, 9.5, 60, 梅塘之夜
34969912, 8.2, 141, 亚瑟与乔治
34914941, 8.6, 100, 火中遗物
34893656, 7.4, 304, 尚待商榷的爱情
35011091, 7.9, 176, 永远不要说你老了
34974563, 8.4, 113, 小手
34937417, 7.7, 210, 午后四点
34845962, 8.2, 130, 读完本书你可能会成为一个话痨
34907886, 9.5, 52, 陀思妥耶夫斯基的世界观
34974767, 8.9, 75, 卡特制造
34900487, 6.7, 716, 东京百景
34956569, 8.2, 125, 静物
34942807, 8.6, 90, 钱德拉教授想做一个幸福的人
25870756, 8.1, 131, 永远没有的真相
34893791, 7.3, 295, J
34986454, 8.8, 75, 天上再见
34974561, 9.8, 41, 天路历程
35009820, 8.7, 77, 耶稣之子
34902738, 8.8, 71, 在路上
35010150, 8.1, 117, 易碎品
34974518, 8.6, 79, 两兄弟
34995955, 8.8, 67, 草仍然绿，水仍在流
34922071, 9.2, 47, 世界名著大师课·英国卷
34908317, 8.4, 79, 天堂的电脑
34889217, 8.0, 107, 盲人之歌
34854381, 9.9, 31, 索福克勒斯悲剧集
34881102, 6.6, 467, 亲爱的伯德太太
34858732, 8.2, 81, 秘鲁传说
34920260, 8.9, 50, 三个火枪手
34834201, 9.0, 44, 人工呼吸
34940780, 8.7, 52, 身着狮皮
30216772, 8.6, 52, 意大利的冬天
35006240, 9.0, 40, 在路上
34826135, 9.3, 30, 神曲
34986545, 8.1, 59, 史诗之城
34970076, 9.4, 25, 变形记
33401937, 6.1, 390, Find Me
34990155, 7.7, 49, 时间之舞
03067954, 8.1, 35, 巴比伦公主
01806373, 8.8, 23, 夜未央
34971544, 8.3, 26, 绝望夏日
34971214, 8.0, 29, 外星人之恋
35013445, 8.6, 14, 布拉格公墓
30282308, 8.0, 18, 我的同时代人的故事
35013916, 6.0, 23, 无辜者
35067446, 0.0, 12, 螺丝在拧紧
