2020-07-05 16:00:00

number of books, tag name
777, 外国名著

ID, rating, votes, title
01084336, 9.0, 576757, 小王子
03259440, 9.1, 460307, 白夜行
06082808, 9.2, 294575, 百年孤独
01008145, 8.9, 372547, 围城
01068920, 9.3, 158306, 飘
01041007, 9.1, 170784, 哈利·波特与魔法石
10594787, 9.0, 184321, 霍乱时期的爱情
01083428, 8.9, 186591, 傲慢与偏见
01858513, 9.0, 135111, 月亮和六便士
01040211, 9.2, 92086, 福尔摩斯探案全集（上中下）
04908885, 9.0, 129270, 局外人
01046209, 9.2, 88884, 安徒生童话故事集
01829226, 9.1, 85329, 肖申克的救赎
01085860, 9.0, 100575, 基督山伯爵
01007914, 8.7, 158678, 窗边的小豆豆
01432596, 8.8, 109944, 哈利·波特与混血王子
01141406, 8.5, 186822, 简爱（英文全本）
01043008, 9.0, 69495, 格林童话全集
02154960, 8.7, 107018, 一个陌生女人的来信
02035162, 9.0, 54996, 刀锋
01002898, 9.2, 37773, 父与子全集
01064275, 8.4, 155622, 老人与海
04011670, 8.3, 189104, 人间失格
01205054, 9.0, 49788, 悲惨世界（上中下）
03608208, 8.5, 120385, 牧羊少年奇幻之旅
04123116, 9.1, 38126, 月亮和六便士
01786670, 8.9, 52345, 百年孤独
03808982, 9.3, 27257, 动物庄园
01045818, 8.5, 105805, 苏菲的世界
01058661, 8.9, 50614, 飞鸟集
05299764, 9.4, 20464, 1984
01008988, 8.4, 107085, 了不起的盖茨比
01119522, 8.4, 102867, 呼啸山庄
01085470, 8.5, 80221, 海底两万里
01401841, 9.0, 32404, 傲慢与偏见
01024197, 8.4, 90709, 巴黎圣母院
01092335, 9.0, 31551, 教父
01051193, 8.6, 57877, 麦琪的礼物
01016003, 8.1, 153079, 鲁滨逊漂流记
03136271, 8.7, 47432, 罗生门
02284311, 8.8, 37675, 苏菲的世界
01035848, 8.7, 44558, 一千零一夜
01013380, 8.2, 107430, 茶花女
10560798, 8.7, 41720, 面纱
01018136, 9.1, 21044, 动物庄园
01086249, 8.6, 44973, 荆棘鸟
04920007, 8.8, 31632, 不能承受的生命之轻
03410718, 9.2, 16162, 美的历程
01205370, 8.2, 86294, 羊脂球
01006197, 8.6, 35739, 哈姆莱特
26276775, 9.0, 17378, 异乡人
04881639, 9.0, 17360, 傲慢与偏见
01003078, 9.2, 12311, 小王子
01880831, 9.2, 11740, 基督山伯爵（上下册）
01213546, 8.4, 40967, 变形记
01258498, 8.4, 40249, 项链
26707463, 8.8, 19534, 月亮与六便士
01858568, 9.1, 12217, 罪与罚
02053249, 8.1, 62227, 麦田里的守望者
01321789, 8.7, 21100, 美丽新世界
01159939, 8.6, 24423, 一个陌生女子的来信
01062343, 9.2, 9840, 昨日的世界
01424741, 8.5, 28758, 心是孤独的猎手
02160226, 9.2, 9797, 快乐王子
02253380, 9.2, 9765, 安娜·卡列尼娜
01021615, 9.1, 11161, 小王子（中英文对照本）
01007433, 8.2, 47495, 红与黑
01083474, 9.2, 9430, 飘（全二册）
01005521, 8.2, 46591, 伊豆的舞女
01440972, 9.2, 8945, 博尔赫斯小说集
02253379, 8.6, 20969, 简爱
01017749, 9.4, 6215, 乱世佳人(上、下)
01064841, 9.1, 8990, 绿山墙的安妮
01885224, 8.9, 11919, 傲慢与偏见
01052203, 8.9, 11727, 局外人
02158684, 9.1, 8595, 象棋的故事
02039931, 9.1, 8363, 小王子
01214416, 9.4, 5576, 福尔摩斯探案全集
02046807, 9.5, 4883, 飘
01060774, 8.7, 14596, 君主论
01082518, 7.9, 59966, 麦田里的守望者
01261560, 9.0, 9208, 国富论
01045926, 9.1, 7964, 傲慢与偏见
01022632, 8.8, 11717, 罪与罚
30142261, 8.9, 9459, 长日将尽
01203251, 8.1, 33315, 雾都孤儿
01883353, 8.8, 10340, 野性的呼唤
06313461, 9.1, 6772, 月亮和六便士
01465324, 7.7, 67778, 洛丽塔
01136881, 9.3, 4889, 悲惨世界
01860750, 8.4, 17417, 了不起的盖茨比
01186392, 8.7, 10622, 约翰·克利斯朵夫
01254731, 8.8, 8914, 欧·亨利短篇小说选
01794620, 7.8, 48450, 芒果街上的小屋
01007772, 8.3, 18853, 双城记
01427288, 8.4, 15591, 小妇人
02253381, 9.3, 4330, 战争与和平（全四册）
21570668, 9.3, 4313, 会饮篇
03757732, 8.9, 7248, 人类的群星闪耀时（增订版）
01917972, 7.8, 45237, 在路上
03169746, 8.7, 9541, 荆棘鸟
26598807, 9.0, 6108, 人鼠之间
01082584, 8.7, 9283, 追忆似水年华 Ⅰ
04246968, 8.9, 6948, 局外人
01033997, 8.6, 10444, 呼啸山庄
01081422, 9.0, 5903, 卡夫卡小说全集（全三册）
01455812, 9.2, 4433, Pride and Prejudice
01013502, 7.6, 60626, 钢铁是怎样炼成的
02359003, 8.2, 18865, 沉思录
10779650, 9.2, 4324, 追忆似水年华
01083477, 8.1, 22174, 包法利夫人
01878265, 9.1, 4605, 安徒生童话
06857344, 8.5, 10510, 夜莺与玫瑰
01135537, 9.1, 4491, 福尔摩斯探案集
01010472, 8.5, 10146, 安娜·卡列尼娜（上下）
01084973, 8.9, 5673, 基督山伯爵（上下）
01255288, 8.1, 19263, 复活
01212488, 8.3, 13283, 罗密欧与朱丽叶（名著名译插图本）
03522695, 8.5, 9597, 瓦尔登湖
01012637, 8.2, 15547, 牛虻
01083434, 8.7, 7130, 莫泊桑短篇小说选
01031741, 7.8, 30925, 欧也妮·葛朗台
02253402, 9.1, 4016, 罪与罚
01996678, 9.4, 2777, 乱世佳人
01049957, 8.7, 6780, 浮士德
01072319, 8.5, 9013, 长腿叔叔
03043562, 9.4, 2748, 飘
04099464, 9.3, 3033, 一九八四
01040397, 8.1, 16343, 假如给我三天光明
01880829, 8.6, 7230, 呼啸山庄
10540001, 8.8, 5368, 刀锋
01047138, 7.8, 26888, 少年维特的烦恼
25837845, 9.5, 2247, 战争与和平
01052074, 8.8, 5280, 喧哗与骚动
01088743, 8.5, 8092, 简・爱
02036561, 8.4, 9409, 城堡
01005918, 8.0, 17663, 堂吉诃德
04149805, 8.5, 7753, 了不起的盖茨比
01203244, 8.3, 10546, 三个火枪手
01400707, 8.1, 14545, 广岛之恋
01255326, 9.0, 3733, 新月集·飞鸟集
01894745, 8.4, 8458, 简·爱
01082147, 9.0, 3659, 热爱生命
06313524, 9.0, 3612, 人生的枷锁
01062694, 8.9, 4095, 荷马史诗·奥德赛
01803641, 8.9, 4036, 小公主
10574912, 8.9, 3934, 一个陌生女人的来信
01089049, 9.4, 2151, 莎士比亚全集（全8册）
01889128, 8.4, 7785, 茶花女
01275907, 8.3, 8888, 八十天环游地球
01851058, 9.1, 2952, 约翰·克利斯朵夫（共四册）
01430530, 8.3, 8831, 汤姆叔叔的小屋
01937228, 9.3, 2309, 百年孤独
01000856, 7.9, 17163, 我是猫
01077778, 8.1, 11798, 爱的教育
02008724, 9.1, 2847, 百年孤独
01119528, 8.0, 13528, 高老头
01872158, 8.2, 9682, 蝇王
01894742, 8.5, 6074, 红与黑
01874411, 8.4, 6983, 乞力马扎罗的雪
05063806, 8.6, 5174, 茶花女
01083432, 8.7, 4505, 巴黎圣母院
02161691, 8.3, 8018, 伊索寓言
01085021, 8.3, 7717, 蝴蝶梦
02253413, 8.9, 3290, 巴黎圣母院
01105146, 8.9, 3247, 局外人
03164521, 8.8, 3684, 简爱
01880987, 8.6, 4783, 安娜·卡列尼娜
01034922, 9.0, 2805, 莎士比亚喜剧悲剧集
01882915, 8.9, 3153, 莎士比亚四大悲剧
03831788, 8.1, 9841, 逃离
01014144, 8.3, 7146, 大卫·科波菲尔（上下）
01055234, 8.6, 4560, 神曲（全三册）
24257403, 8.8, 3446, 西西弗神话
01205076, 9.2, 2094, 悲惨世界（上中下）
01880991, 8.7, 3879, 堂吉诃德
01261842, 9.2, 2093, 基督山伯爵
01034106, 8.1, 9332, 威尼斯商人
25867057, 9.2, 2070, 安娜·卡列尼娜
01262979, 9.2, 2040, 基度山伯爵（上下）
01019628, 8.8, 3288, 卡夫卡中短篇小说选
01019817, 9.3, 1794, 战争与和平（上下）
02193876, 8.8, 3198, 浮士德
06097966, 8.0, 10277, 发条橙
01035477, 7.9, 12094, 德伯家的苔丝
01860757, 8.1, 8613, 少年维特的烦恼
01051714, 8.3, 6260, 等待戈多
01030469, 8.3, 6246, 青鸟
01837654, 8.8, 3113, 审判
01880824, 8.6, 4034, 一千零一夜
25837852, 8.9, 2721, 堂吉诃德
04898521, 8.5, 4590, 呼啸山庄
01748848, 9.5, 1364, 飘
01885214, 8.6, 3955, 双城记
05062697, 9.2, 1868, 基督山伯爵（上、下）
01088028, 8.5, 4468, 海底两万里
01042168, 8.4, 5075, 李尔王
01205372, 8.1, 7985, 茶花女
01018482, 8.1, 7961, 汤姆・索亚历险记
25897678, 9.0, 2288, 包法利夫人
01083431, 8.7, 3321, 堂吉诃德（上下）
01012117, 8.3, 5568, 仲夏夜之梦
01085467, 8.9, 2468, 神秘岛
01948922, 8.3, 5466, 面纱
01009285, 7.7, 14695, 童年
01204488, 8.4, 4666, 格兰特船长的儿女
01040632, 8.5, 4002, 木偶奇遇记
01469878, 8.5, 3995, 日瓦戈医生
01078554, 8.0, 8371, 情人
01125283, 9.0, 2074, 莎士比亚悲剧集
01011702, 8.2, 5617, 廊桥遗梦
03023360, 8.7, 2798, 巴黎圣母院
01885215, 8.2, 5538, 雾都孤儿
01011228, 8.4, 3958, 远大前程
01174721, 8.4, 3938, 丧钟为谁而鸣
01017841, 8.4, 3937, 老人与海
03908240, 7.7, 11928, 情人
01491853, 8.3, 4494, 变色龙
01643566, 9.2, 1448, 基督山伯爵
01012489, 7.7, 11802, 童年 在人间 我的大学
01010898, 7.7, 11779, 格列佛游记
04893071, 8.8, 2282, 荆棘鸟
26331659, 9.0, 1781, 道林格雷的画像
01038196, 8.4, 3756, 尤利西斯
01021056, 7.1, 37959, 谁动了我的奶酪？
01142578, 8.4, 3690, 汤姆索亚历险记
01122914, 8.5, 3210, 鲁滨逊漂流记
30394154, 8.5, 3162, 山月记
01839492, 9.2, 1358, 傲慢与偏见
02253389, 8.6, 2754, 呼啸山庄
01152701, 7.8, 9084, 漂亮朋友
01547860, 9.3, 1202, 基督山伯爵（上下）
01933695, 8.9, 1869, 小王子
26334507, 8.6, 2701, 人类的群星闪耀时
04881637, 8.7, 2377, 老人与海
02161692, 8.4, 3504, 海底两万里
03272411, 9.2, 1300, 追忆似水年华（全三册）
26352388, 9.2, 1279, 约翰·克里斯朵夫
01205394, 8.2, 4464, 红与黑
01092246, 8.1, 5135, 百万英镑
03797322, 9.1, 1379, 悲惨世界
01064532, 8.5, 2810, 秘密花园（2册）
01100766, 8.9, 1704, 神秘岛
03181270, 9.6, 818, 飘
01003650, 9.1, 1343, 罪与罚
01092264, 8.6, 2417, 格兰特船长的儿女
01893972, 8.2, 4129, 漂亮朋友
05920819, 8.5, 2693, 茶花女
01885262, 8.6, 2363, 笑面人
01373788, 8.4, 3058, 玩偶之家
01397467, 7.9, 6305, 理智与情感
01894740, 8.6, 2258, 猎人笔记
01098641, 8.9, 1562, 野性的呼唤
02253414, 8.9, 1559, 哈姆莱特
01021623, 8.9, 1556, 安娜·卡列宁娜（上下）
01186350, 7.8, 7146, 红字
02295122, 8.4, 2877, 卡门
01097835, 8.0, 5036, 名人传
01083483, 8.6, 2172, 一个陌生女人的来信
01441899, 9.3, 970, 飘（上、下二册）
04893069, 9.3, 962, 莎士比亚喜剧悲剧集
01083265, 9.0, 1319, 西线无战事
01204179, 8.3, 3121, 安娜·卡列尼娜
01075492, 8.0, 4809, 洛丽塔
01512245, 9.2, 1049, 海底两万里
01097052, 8.4, 2673, 包法利夫人
01487996, 8.8, 1604, 城堡
01027814, 8.3, 3029, 鲁滨孙飘流记
04832194, 9.4, 833, 莎士比亚全集
03127268, 8.5, 2274, 简爱
01075371, 8.7, 1765, 马丁·伊登
26389589, 9.3, 912, 基督山伯爵
01888031, 7.8, 6186, 格列佛游记
01893466, 8.0, 4471, 鲁滨孙历险记
01885218, 8.2, 3249, 苔丝
01087036, 8.3, 2767, 鲁宾逊漂流记
01858583, 8.4, 2417, 蝴蝶梦
04742954, 9.3, 855, 基度山恩仇记
05407295, 9.3, 855, 悲惨世界（上下）
01071981, 8.5, 2093, 希腊神话和传说
01084999, 9.0, 1156, 野性的呼唤
01056657, 8.7, 1606, 泰戈尔诗选
01026547, 8.2, 3067, 一生
02033808, 8.7, 1565, 巴黎圣母院
01070759, 8.4, 2269, 高老头
01014867, 9.3, 811, 约翰.克利斯朵夫(上、下)
01070729, 8.3, 2548, 小妇人
06897140, 8.2, 2909, The Fault in Our Stars
01427281, 8.2, 2887, 羊脂球
04266039, 9.1, 966, 傲慢与偏见
02050777, 8.2, 2835, 小妇人
01420500, 8.4, 2160, 百万英镑
02174410, 8.3, 2456, 名利场
01174722, 8.0, 3755, 太阳照常升起
01083476, 8.2, 2783, 欧也妮·葛朗台
26745030, 8.6, 1640, 陌生女人的来信
01009536, 8.9, 1150, 九三年
02221902, 8.1, 3104, 少年维特之烦恼
01290181, 8.2, 2680, 茶花女
01121443, 8.7, 1412, 简·爱
02193878, 8.1, 3041, 红字
01065261, 8.4, 2005, 哈姆莱特
01841531, 8.3, 2276, 鲁滨孙漂流记
01039840, 7.6, 6526, 查特莱夫人的情人
02170030, 8.1, 2974, 白鲸
01093098, 7.8, 4652, 爱玛
01858585, 8.3, 2232, 欧叶妮·格朗台 高老头
01279212, 7.4, 8925, 十日谈
03076984, 9.1, 836, 战争与和平
01001309, 8.6, 1447, 苦儿流浪记
01100754, 8.5, 1614, 变形记
01085856, 7.9, 3607, 在人间
01016966, 8.8, 1116, 热爱生命
05406569, 8.8, 1112, 羊脂球
25760686, 8.8, 1110, 复活
03275645, 8.4, 1782, 少年维特的烦恼
01796861, 8.4, 1764, 希腊神话故事
01451699, 8.3, 1931, 鲁滨孙飘流记
03024280, 8.4, 1684, 劝导
01083170, 8.4, 1670, 老人与海
01123546, 8.8, 1030, 一个陌生女人的来信
01485943, 8.9, 913, 安娜·卡列尼娜
24935031, 9.3, 611, 战争与和平
01045934, 8.9, 908, 幻灭
01041104, 8.7, 1131, 吹牛大王历险记
01987987, 8.4, 1596, 欧也妮·葛朗台
01063388, 9.0, 806, 福尔摩斯四大奇案
01083473, 8.4, 1571, 德伯家的苔丝
02161698, 8.1, 2287, 八十天环游地球
01082156, 8.1, 2281, 麦田里的守望者
02052229, 8.2, 1969, 爱丽斯奇境历险记
01072508, 8.2, 1965, 哈克贝利·费恩历险记
01917962, 7.9, 2964, 金银岛
01507461, 8.6, 1182, 安娜·卡列尼娜
01125284, 8.5, 1325, 巴黎圣母院
01422227, 8.4, 1496, 了不起的盖茨比 夜色温柔
03078243, 8.9, 840, 失乐园
01089893, 8.0, 2520, 童年
01201947, 8.2, 1914, 哈克贝里·费恩历险记
02364762, 8.7, 1038, 唐璜（上下册）
01205073, 8.7, 1020, 堂吉诃德（共两册）
26710042, 9.1, 669, 多莱尔的希腊神话书
02994181, 7.9, 2837, 钢铁是怎样炼成的
01212486, 8.5, 1263, 马克·吐温中短篇小说选
01914223, 8.3, 1611, 哈克贝里·芬历险记
02032651, 8.1, 2089, 格列佛游记
01088030, 8.7, 979, 莎士比亚喜剧集
04881510, 8.6, 1077, 羊脂球
01059938, 8.9, 770, 泰戈尔诗选
01027786, 8.6, 1058, 大卫.科波菲尔（上下）
06065493, 8.5, 1184, 简爱
04881509, 8.7, 942, 飞鸟集
05446438, 9.1, 617, 变色龙
01098639, 8.4, 1312, 纯真年代
01119471, 9.0, 673, 罪与罚
01275563, 8.4, 1298, 格兰特船长的儿女
06313522, 8.8, 823, 野性的呼唤
05446437, 8.4, 1278, 红与黑
01085848, 9.1, 597, 静静的顿河
01089122, 9.4, 448, 悲惨世界(上中下)/名著名译丛书
03025256, 8.9, 716, 哈姆雷特
02050776, 9.0, 647, 凯旋门
01269364, 8.3, 1394, 孤星血泪
02253375, 8.3, 1393, 红与黑
01205431, 8.9, 705, 九三年
03464487, 9.2, 521, 绿山墙的安妮
10530008, 8.8, 775, 老人与海
01083032, 8.1, 1767, 气球上的五星期
01020080, 9.3, 460, 悲惨世界（上下）
01511533, 8.4, 1157, 蝴蝶梦
01019642, 7.9, 2216, 理智与情感
03100579, 8.3, 1295, 仲夏夜之梦
01033638, 8.4, 1136, 浮士德
03310808, 9.2, 488, 九三年
01449947, 8.5, 1003, 小妇人
01283223, 8.4, 1126, 80天环游地球
01089890, 9.0, 585, 白痴（上下）
04881508, 8.4, 1108, 简·爱
05253168, 9.0, 578, 安娜·卡列尼娜（全两册）
02308408, 8.1, 1603, 唐吉诃德
01210735, 7.9, 2087, 王子与贫儿
01075791, 8.7, 752, 梅里美中短篇小说集
01832460, 8.4, 1047, 鲁滨逊漂流记
01083475, 8.6, 833, 三剑客
01894744, 7.6, 3071, 钢铁是怎样炼成的
01907862, 8.8, 658, 呼啸山庄
01210736, 8.3, 1151, 茶花女
01512230, 9.2, 445, 神秘岛
25973243, 9.1, 487, 安娜·卡列尼娜
01035476, 8.6, 800, 巴黎圣母院
01065264, 7.7, 2519, 格列佛游记
04108901, 8.4, 994, Letter from an Unknown Woman
01205775, 8.3, 1118, 汤姆叔叔的小屋
04175231, 8.9, 571, 三个火枪手
01105272, 8.4, 973, 羊脂球
03076985, 9.1, 461, 安娜·卡列尼娜
01089120, 8.6, 754, 安娜·卡列宁娜
03210501, 9.1, 455, 远大前程
05996565, 7.8, 2023, 麦田里的守望者
01479662, 8.5, 821, 茶花女
05920833, 9.1, 446, 约翰·克利斯朵夫
01466999, 8.2, 1161, 上尉的女儿
24935028, 9.5, 311, 安娜·卡列尼娜
01205419, 8.3, 1011, 初恋
01532829, 9.0, 471, 哈姆雷特
01083445, 9.3, 358, 莎士比亚全集(一)
01253244, 8.6, 700, 好兵帅克历险记
02264147, 8.5, 767, 最后一课
06864086, 9.4, 321, 基督山伯爵
34895266, 8.6, 675, 柏林苍穹下
01596488, 8.1, 1200, 鲁滨逊漂流记
02359470, 9.3, 341, 飘
01511457, 8.2, 1050, 套中人
01083430, 7.8, 1766, 十日谈
01136277, 7.4, 3165, 嘉莉妹妹
26787222, 9.4, 306, 斯·茨威格中短篇小说选
01204231, 8.4, 806, 羊脂球(莫泊桑中短篇小说选)
03200743, 8.6, 647, 一千零一夜
01462161, 8.5, 716, 简·爱
01060444, 8.4, 797, 羊脂球
01164423, 8.5, 709, 莎士比亚十四行诗集
01017941, 8.3, 889, 卡门
01471777, 9.1, 388, 傲慢与偏见
06152974, 8.5, 701, 茶花女
01907894, 8.6, 629, 复活
01201946, 8.0, 1245, 父与子
06012787, 8.9, 456, 追忆似水年华（第三卷）
01703952, 8.3, 850, 海底两万里
01028964, 8.2, 954, 忏悔录
01074298, 8.3, 833, 海底两万里
02323413, 7.9, 1356, 查泰莱夫人的情人
01449644, 8.6, 592, 神曲
01082167, 8.5, 656, 红与黑
03181271, 8.4, 731, 呼啸山庄
02044034, 7.8, 1523, 爱玛
01085011, 8.2, 910, 了不起的盖茨比
01022210, 8.5, 641, 贝姨
01084971, 9.0, 388, 傲慢与偏见
01185636, 7.6, 1984, 娜娜
01125281, 8.9, 419, 傲慢与偏见
01088922, 8.0, 1120, 黑骏马
01050609, 8.2, 875, 呼啸山庄
01047704, 7.8, 1445, 红字
01130069, 8.1, 972, 巨人传
01204487, 8.1, 971, 从地球到月球
02027999, 8.7, 488, 布拉热洛纳子爵
01090880, 8.2, 838, 我是猫
01471278, 8.6, 537, 昆虫记
01078488, 8.0, 1065, 爱的教育
27012513, 8.3, 740, 局外人
01123437, 8.7, 475, 三个火枪手
02048616, 8.7, 469, 大卫·考坡菲
04902445, 8.2, 804, 爱丽丝漫游奇境记
01100157, 7.8, 1327, 欧也妮·葛朗台
01935037, 8.4, 638, 红与黑
01045166, 8.4, 633, 红与黑
01145488, 8.4, 633, 竞选州长
01203122, 8.9, 381, 呼啸山庄
03023514, 9.0, 347, 这里的黎明静悄悄
04881638, 7.7, 1489, 钢铁是怎样炼成的
01062478, 8.7, 450, 安娜·卡列宁娜
01498819, 9.4, 242, 战争与和平（第一卷）
03024277, 8.2, 767, 爱玛
01644409, 8.5, 547, 蝴蝶梦
01195054, 8.9, 368, 欧·亨利小说全集（全四卷）
01925125, 9.2, 281, 吉檀迦利－泰戈尔散文诗选
01292350, 9.5, 220, 乱世佳人（上下）
03101720, 8.5, 536, 堂吉诃德
03223375, 9.0, 330, 装在套子里的人
06732523, 8.5, 532, 牛虻
01000728, 7.8, 1195, 苔丝
01015524, 9.1, 295, 荒野的呼唤.白牙
01629671, 8.7, 425, Tess of the d&#39;Urbervilles
01228075, 9.0, 319, 浮士德
03333491, 9.5, 210, 飘
01222136, 8.2, 710, 猎人笔记
01228395, 7.8, 1162, 化身博士
01786582, 8.9, 345, 海上劳工
01185896, 8.1, 794, 包法利夫人
01657778, 8.6, 453, 双城记
04766916, 8.6, 453, 爱默生随笔
02050778, 8.3, 619, 萌芽
24748570, 8.6, 451, 走出非洲
02153762, 8.6, 447, 大卫·科波菲尔
01918325, 8.8, 368, 荒凉山庄
01040970, 8.1, 764, 汤姆叔叔的小屋
01051960, 8.0, 861, 鲁滨孙飘流记
01477793, 8.1, 746, 卡门
01641470, 8.0, 826, 十日谈
05920828, 8.2, 647, 百万英镑
01763669, 8.4, 519, 蝴蝶梦
02161690, 8.7, 383, 二十年后
01119908, 7.9, 912, 钢铁是怎样炼成的
01996574, 8.8, 340, 荆棘鸟
01059629, 8.3, 561, 复活
01409878, 8.1, 700, 漂亮朋友
02259223, 8.5, 452, 玛戈王后
01084884, 8.2, 621, 二十年后
01272868, 8.0, 782, 童年 在人间 我的大学
01986127, 9.0, 280, 一千零一夜（三）
01074803, 8.2, 611, 白鲸
01210502, 9.1, 249, 傲慢与偏见
20414863, 8.6, 388, 荒原狼
10554712, 9.5, 179, 卡拉马佐夫兄弟-全二册
01168737, 8.4, 466, 妇女乐园
01213892, 8.2, 577, 简爱
26911464, 8.7, 345, 雾都孤儿
01880333, 8.8, 313, 奥德修纪
01119637, 9.1, 240, 基度山伯爵（上下）
01012671, 8.3, 511, 地底旅行
03162277, 8.8, 310, 傲慢与偏见
01203267, 8.7, 339, 巴黎圣母院
01205385, 9.0, 259, 傲慢与偏见
01885227, 7.7, 1038, 嘉莉妹妹
01060138, 8.6, 372, 巴黎圣母院
01083437, 8.2, 559, 少年维特的烦恼 赫尔曼和多罗泰
03030895, 8.5, 406, 老人与海-译林名著精选
01048826, 7.6, 1166, 钢铁是怎样炼成的
26787243, 9.3, 199, 神曲
01083478, 8.4, 436, 前夜 父与子
01753403, 7.5, 1281, 诺桑觉寺
01144294, 8.8, 286, 唐吉诃德（上下册）
03197763, 9.3, 188, 教父
04872915, 8.3, 459, 鲁滨孙飘流记
26135908, 9.1, 214, 瓦尔登湖
01126207, 8.0, 620, 斯巴达克斯
01033145, 8.0, 618, 童年 在人间 我的大学
05922532, 8.6, 325, 雾都孤儿
01221889, 7.7, 876, 漂亮朋友
02335875, 9.5, 153, 基督山伯爵（上下）
01123668, 7.8, 755, 圣诞欢歌
01512670, 8.3, 424, 简.爱
01047814, 8.3, 421, 唐吉诃德(上下)
01479770, 7.8, 740, 少年维特之烦恼
01474179, 9.1, 199, 欧里庇得斯悲剧二种
01203241, 8.1, 511, 笑面人
03597835, 8.3, 410, 爱玛
01092559, 8.1, 508, 雾都孤儿
01774075, 8.4, 369, 唐璜
01066217, 7.9, 633, 坎特伯雷故事
03100586, 8.8, 251, 哈姆莱特
01459046, 8.5, 327, 从此以后
02989097, 8.8, 248, 培根论人生
01042783, 8.1, 494, 黑桃皇后
01131617, 8.1, 494, 变色龙
03024283, 7.4, 1196, 诺桑觉寺
01020715, 9.0, 206, 白牙
01217867, 7.8, 682, 母亲
02994759, 9.0, 204, 福尔摩斯探案精选
01085552, 8.0, 529, 匹克威克外传
01119515, 8.1, 469, 一生 漂亮朋友
01029151, 8.0, 522, 贵族之家
01205424, 8.4, 341, 唐璜（上下）
01547466, 8.3, 376, 欧也妮·葛朗台 高老头
02024848, 8.6, 279, 约翰·克里斯朵夫
01092448, 8.4, 330, 汤姆叔叔的小屋
05922514, 9.1, 178, 莎士比亚悲剧集
01520658, 8.5, 298, 三个火枪手
03185701, 7.7, 714, 钢铁是怎样炼成的
01254249, 7.9, 558, 包法利夫人
01053375, 8.2, 399, 希腊古典神话
01090396, 8.1, 440, 双城记
01203624, 8.3, 356, 远大前程
06313502, 8.8, 223, 马丁·伊登
03866705, 8.9, 204, 坎特伯雷故事集
03164520, 8.9, 203, 呼啸山庄
01203644, 8.9, 202, 罪与罚
01159935, 7.5, 892, 恋爱中的女人
01026787, 8.6, 260, 呼啸山庄
01823846, 8.5, 285, 笑面人
05254266, 8.2, 383, 欧叶妮·格朗台
01030312, 8.3, 339, 愤怒的葡萄
03004721, 8.3, 331, 名人传
02274319, 8.3, 328, 八十天环游地球
03562377, 8.7, 225, 夜間飛行
01748847, 8.0, 438, 少年维特之烦恼
01916464, 8.5, 260, 一位女士的画像
01212485, 7.7, 605, 嘉莉妹妹
03127862, 7.6, 681, 王子与贫儿
01084555, 8.2, 341, 所罗门宝藏
01210734, 8.5, 251, 野性的呼唤
01031657, 8.4, 273, 苦儿流浪记
01928536, 8.2, 331, 白鲸
01833376, 8.8, 188, 巴尔扎克中短篇小说集
04850828, 8.7, 202, 复活
02040614, 8.3, 291, 温莎的风流娘儿们
01048798, 8.5, 237, 蝇王
01928541, 8.4, 260, 高老头
01084550, 8.1, 346, 王子复仇记
01055446, 8.5, 234, 威尼斯商人
01077870, 8.2, 307, 茶花女
01087214, 8.3, 278, 最后一课
01027986, 8.1, 338, 神曲
05285282, 8.2, 304, 爱的教育
26997409, 8.0, 374, 阅读计划：一个陌生女人的来信
05920823, 8.7, 191, 安娜·卡列宁娜
01085560, 8.2, 298, 小男人
01210796, 7.8, 458, 一生
01090609, 8.6, 205, 安娜.卡列尼娜
01253339, 7.9, 402, 复活
07007770, 8.5, 217, 追忆逝水年华
01038959, 8.1, 316, 钢铁是怎样炼成的
01185820, 9.0, 141, 幻灭
01095084, 8.4, 233, 高老头
02165015, 8.4, 233, 幽暗的林荫小径
01212599, 8.5, 205, 安娜·卡列尼娜 （上下册）
01444804, 9.7, 83, 莎士比亚戏剧集（全八册）
01255202, 8.0, 325, 死魂灵
01978293, 8.7, 168, 好兵帅克
02194125, 8.3, 236, 帕尔马修道院
01182749, 8.4, 215, 欧·亨利短篇小说选集
01464107, 7.6, 499, 钢铁是怎样炼成的
24888041, 9.4, 98, 敬虔与圣洁生活的严肃呼召
04894484, 7.9, 346, 童年 在人间 我的大学
01264225, 8.1, 279, 猎人笔记
01275594, 8.0, 307, 十五岁的船长
01092569, 8.1, 275, 童年  在人间  我的大学
01849001, 8.8, 146, The Wizard of Oz
05252607, 9.3, 101, 野性的呼唤
01504938, 8.2, 244, 大卫·科波菲尔
01512732, 7.9, 320, 幽谷百合
26988937, 8.4, 194, 傲慢与偏见
01123024, 8.5, 177, 大卫·考波菲尔
02702836, 9.3, 96, 悲惨世界（上.下）
01077867, 7.7, 390, 沉船
01006433, 8.0, 278, 茶花女
02115692, 8.0, 278, 环游地球八十天
25895960, 8.2, 228, 理智与情感
26248189, 8.5, 173, 呼啸山庄
01004874, 8.2, 226, 八十天环游世界－世界名著之旅
01162930, 7.9, 305, 交际花盛衰记
04880389, 9.0, 115, 一个陌生女人的来信
01292358, 7.1, 814, 斯佳丽
01042691, 7.9, 297, 高老头 欧叶妮・格郎台
01085184, 8.1, 240, 爱丽丝镜中奇遇记
01894741, 8.0, 265, 伪君子吝啬鬼
04246996, 8.6, 153, 爱丽斯漫游奇境
03099721, 9.3, 91, 飘
01134253, 7.9, 292, 儿子与情人
02274570, 8.5, 165, 汤姆叔叔的小屋
02303178, 8.5, 160, 茶花女
01089802, 8.1, 229, 爱玛
01530755, 7.6, 389, 古希腊神话与传说
01092263, 8.0, 251, 金银岛 化身博士
01928543, 8.1, 227, 死魂灵
26693996, 8.9, 115, 麦克贝斯
05922531, 8.2, 205, 少年维特之烦恼
01795634, 8.6, 144, 老人与海
11530013, 9.2, 92, 荆棘鸟
01753104, 7.6, 380, 钢铁是怎样炼成的
01030541, 8.1, 223, 王子复仇记
01025081, 7.5, 414, 哈克贝利·费恩历险记
01078788, 8.5, 151, 马丁·伊登
26693984, 8.5, 150, 威尼斯商人
02037053, 8.8, 118, 流动的圣节
03542509, 7.6, 362, 我的大学
06714029, 8.5, 145, 海底两万里
01020475, 8.1, 201, 克雷洛夫寓言全集
01132545, 9.0, 96, 王尔德童话
02122322, 8.5, 140, 纯真年代
24713701, 9.5, 69, 悲惨世界(上中下册)
04847333, 9.1, 89, 草叶集
01083472, 7.7, 297, 娜娜
30294371, 9.4, 73, 哈利·波特与“混血王子”
01075392, 7.7, 296, 艾凡赫
01119470, 8.5, 138, 名利场（共两册）
01820292, 8.5, 138, 布拉日隆子爵
34870279, 8.5, 138, 大征服
26988126, 7.9, 238, 西西里柠檬
04106716, 8.8, 108, 战争与和平-上下册-全译本
01085129, 8.5, 135, 莎士比亚四大悲剧
26578531, 8.7, 114, 这里的黎明静悄悄……
02339505, 9.2, 80, 洋葱头历险记-青少版
02003001, 9.1, 85, 十五少年漂流记
01951010, 9.2, 79, 安娜·卡列尼娜
01328662, 8.1, 185, 圆桌武士
01836587, 8.3, 152, 卡门
01168761, 7.8, 244, 冰岛渔夫·菊子夫人
01092818, 8.0, 198, 古希腊神话与传说
01452570, 8.5, 124, 村上春树作品集
04880392, 9.1, 80, 双城记
01928528, 8.7, 106, 四百万-世界文学名著典藏
01136278, 8.1, 173, 奇婚记
02361090, 7.8, 231, 欧也妮葛朗台
01286790, 7.7, 255, 小东西
03200726, 8.1, 168, 欧也妮·葛朗台
04025005, 8.4, 129, 安妮日记
04024331, 8.1, 167, 鲁滨孙漂流记
03671490, 7.7, 245, 查泰莱夫人的情人
01469598, 7.8, 220, 浮生梦
03094123, 8.5, 114, 三剑客
03746142, 8.3, 134, 驿站长
03013144, 8.2, 146, 少年维特之烦恼
01700409, 8.4, 122, 老人与海
04106719, 8.3, 132, 远大前程
03200731, 9.2, 66, 罗密欧与朱丽叶
30155780, 8.0, 163, 活出生命的意义（新版）
01087209, 7.5, 271, 十日谈
01091777, 7.8, 197, 格列佛游记
01072230, 8.2, 134, 邦斯舅舅
01543987, 7.2, 377, 藻海无边
01511759, 7.7, 209, 漂亮朋友
03197508, 9.1, 66, 普希金文集
02364277, 9.8, 44, 明希豪森奇游记
01451948, 8.7, 86, 简.爱
01834219, 8.3, 116, 奥德赛
01210035, 8.3, 115, 包法利夫人
06313519, 8.2, 123, 海底两万里
02025636, 7.9, 159, 神曲
01031731, 7.9, 156, 斗士参孙
02380325, 8.0, 141, 俊友
01291786, 7.6, 207, 名人传
03205327, 8.9, 70, 基督山伯爵
01265895, 7.7, 183, 最后一课
01413256, 8.1, 126, 海燕
01926001, 8.4, 98, 萨朗波
02101406, 8.3, 105, 母亲
26796321, 8.3, 105, 大卫·科波菲尔/世界文学名著
01097054, 7.7, 174, 漂亮朋友
01265892, 7.8, 157, 孤星血泪
01687846, 7.6, 184, 世界大战
02188217, 7.5, 204, 汤姆.索亚历险记-书虫.牛津英汉双语读物
05912259, 8.5, 84, 老人与海
30201441, 9.4, 47, 罪与罚
25727355, 7.7, 154, 瓦尔登湖
01856891, 8.0, 117, 卓娅与舒拉
05922520, 8.2, 98, 莎士比亚喜剧集
06711776, 8.0, 113, 变形记
06879002, 8.3, 88, 傲慢与偏见
01996809, 8.0, 111, 老古玩店(上下)
26347963, 8.7, 65, 海底两万里
01312196, 9.2, 47, 三个火枪手
06114625, 8.8, 60, 老人与海
01534109, 7.9, 115, 爱玛
01066470, 8.0, 105, 德伯家的苔丝
01017542, 7.2, 228, 阿格尼斯·格雷
03797404, 7.7, 127, 欧也妮·葛朗台
01732990, 8.1, 87, 海狼
03710342, 7.8, 112, 王子与贫儿
10524091, 8.4, 64, 雾都孤儿
01018083, 8.6, 55, 爱丽丝梦游仙境
01085246, 7.7, 110, 十日谈
02304753, 7.6, 117, 童年.在人间.我的大学
01935874, 9.0, 41, 爱的教育
05505136, 7.5, 123, 浮士德
01253541, 7.8, 91, 一个世纪儿的忏悔
01380716, 8.7, 47, 罗马帝国衰亡史
01709537, 8.5, 49, 苦难的历程（全三册）
01840197, 7.5, 102, 童年 我的大学(高尔基名著系列)
03542489, 8.0, 66, 在人间
27023071, 8.7, 35, 月亮和六便士(英文版)/英文全本典藏
02012836, 8.5, 36, 昆虫记
01928535, 7.9, 52, 嘉莉妹妹
01107584, 8.2, 41, 雾都孤儿
03534280, 8.6, 31, 鲁滨孙飘流记
01326854, 7.6, 59, 黑郁金香
01084966, 7.6, 58, 复活
03479011, 8.3, 34, WIND IN THE WILLOW柳林风
35000711, 8.0, 40, 奥之细道
34990155, 7.7, 49, 时间之舞
03628554, 7.9, 41, 假如给我三天光明
01806373, 8.8, 23, 夜未央
01157398, 8.5, 24, 无家可归的小鸟
07154689, 7.6, 42, 浮士德
06435884, 7.7, 38, 三个火枪手
03262509, 8.1, 27, 一千零一夜（分夜全譯本）
01042760, 7.3, 46, 七日谈
01772626, 9.6, 13, Romeo and Juliet - Arden Shakespeare
30488950, 8.9, 14, 浮士德
02302874, 7.4, 31, 印度的发现
24935038, 7.9, 20, 呼啸山庄
26320157, 7.5, 21, Dead Wake
03759289, 8.6, 12, 格林童话全集
03197100, 7.8, 17, 駿河城御前試合―南条範夫原作集 (上巻)
06808774, 5.9, 32, 爱伦.坡惊悚小说选
30194675, 7.6, 10, 黃色壁紙
01147358, 6.8, 10, 世界文学名著百部  100卷 32开
