2020-07-05 16:00:00

number of books, tag name
750, 外国

ID, rating, votes, title
01084336, 9.0, 576756, 小王子
01770782, 8.9, 647927, 追风筝的人
06082808, 9.2, 294575, 百年孤独
01041007, 9.1, 170784, 哈利·波特与魔法石
10594787, 9.0, 184321, 霍乱时期的爱情
25985021, 9.1, 131607, 人类简史
01083428, 8.9, 186591, 傲慢与偏见
04908885, 9.0, 129270, 局外人
01046209, 9.2, 88884, 安徒生童话故事集
06781808, 9.2, 77180, 杀死一只知更鸟
01085860, 9.0, 100575, 基督山伯爵
01007914, 8.7, 158678, 窗边的小豆豆
03006581, 8.9, 98929, 无人生还
01017143, 8.5, 200885, 不能承受的生命之轻
01043008, 9.0, 69495, 格林童话全集
03646172, 8.4, 195276, 恶意
25924253, 9.0, 53703, 嫌疑人X的献身
01064275, 8.4, 155621, 老人与海
33440205, 8.9, 60926, 你当像鸟飞往你的山
01205054, 9.0, 49788, 悲惨世界（上中下）
26986954, 9.0, 45483, 新名字的故事
04123116, 9.1, 38126, 月亮和六便士
01045818, 8.5, 105805, 苏菲的世界
01058661, 8.9, 50614, 飞鸟集
30172069, 9.1, 35655, 失踪的孩子
05299764, 9.4, 20464, 1984
01119522, 8.4, 102867, 呼啸山庄
26879778, 9.3, 20736, 杀死一只知更鸟
01024197, 8.4, 90709, 巴黎圣母院
01092335, 9.0, 31551, 教父
01051193, 8.6, 57877, 麦琪的礼物
01016003, 8.1, 153079, 鲁滨逊漂流记
03136271, 8.7, 47432, 罗生门
01082334, 8.1, 144824, 穆斯林的葬礼
26382433, 8.2, 115948, 无声告白
01035848, 8.7, 44558, 一千零一夜
06789605, 9.1, 23065, 树上的男爵
01400705, 8.1, 134115, 情人
01013380, 8.2, 107430, 茶花女
10560798, 8.7, 41720, 面纱
26878124, 8.5, 58235, 我的天才女友
01863930, 8.8, 34011, 看不见的城市
26425831, 8.8, 33334, 斯通纳
01086249, 8.6, 44973, 荆棘鸟
03261600, 9.2, 16419, 人生的智慧
01205370, 8.2, 86294, 羊脂球
27104959, 8.7, 34371, 离开的，留下的
01813841, 8.7, 32089, 枪炮、病菌与钢铁
03369600, 8.2, 78462, 当我谈跑步时我谈些什么
25762009, 9.1, 16809, 教父
01291809, 8.6, 37092, 世界尽头与冷酷仙境
01006197, 8.6, 35739, 哈姆莱特
01433640, 9.3, 11921, 猜猜我有多爱你
24859822, 8.6, 34269, 无人生还
02297697, 8.6, 34200, ZOO
01258490, 9.2, 13205, 基地
26276775, 9.0, 17378, 异乡人
01292416, 8.5, 36285, 香水
26840298, 8.7, 25324, 无人生还
10738023, 8.7, 24759, 了不起的盖茨比
03578470, 9.0, 15419, 德米安
01213546, 8.4, 40967, 变形记
24382569, 8.7, 22963, 一桩事先张扬的凶杀案
01858568, 9.1, 12217, 罪与罚
20381804, 9.4, 8037, 冰与火之歌·卷五·魔龙的狂舞（全三册）
27611824, 8.9, 16157, 如父如子
03533221, 8.4, 35529, 非暴力沟通
02160226, 9.2, 9797, 快乐王子
03210843, 9.2, 9723, 冰与火之歌·卷四·群鸦的盛宴（全两册）
01007433, 8.2, 47495, 红与黑
01083474, 9.2, 9430, 飘（全二册）
01986590, 9.1, 10567, 小王子
27002046, 9.1, 10537, 美丽新世界
03054821, 9.2, 9157, 渴望生活
01765512, 9.1, 10367, 海的女儿
02008284, 8.7, 18452, 佐贺的超级阿嬷
26357614, 9.1, 9777, 海风中失落的血色馈赠
07065521, 9.0, 10804, 银河帝国：基地
20392523, 8.5, 22947, 没有人给他写信的上校
03131626, 9.0, 10401, 荒原狼
01064841, 9.1, 8990, 绿山墙的安妮
01277981, 8.8, 13601, 社会契约论
04071859, 9.4, 5920, 我在伊朗长大
01263399, 9.0, 9915, 无人生还
03187737, 8.3, 29651, 占星术杀人魔法
01214416, 9.4, 5576, 福尔摩斯探案全集
01020670, 8.3, 27952, 舞！舞！舞！
01041385, 9.2, 6982, 论美国的民主
01045926, 9.1, 7964, 傲慢与偏见
03057556, 8.9, 10226, 狂热分子
26647769, 8.2, 31063, 人间失格
01322025, 8.7, 13300, 卓有成效的管理者
10549934, 9.1, 7435, 悉达多
10774752, 9.0, 8493, 毛姆短篇小说精选集
01041128, 8.6, 15195, 天蓝色的彼岸
06789551, 8.9, 9509, 不存在的骑士
34434309, 7.9, 50438, 82年生的金智英
01203251, 8.1, 33315, 雾都孤儿
24845582, 8.4, 19464, 群山回唱
34672176, 8.6, 14047, 呼吸
01115748, 9.2, 5814, 故事
01048007, 8.2, 26141, 高效能人士的七个习惯（精华版）
30183051, 8.3, 21601, 鱼翅与花椒
01465324, 7.7, 67778, 洛丽塔
01056023, 8.6, 12988, 鼠疫
02359052, 8.9, 8275, 查拉图斯特拉如是说
01431870, 9.0, 6972, 源泉
01060117, 8.6, 12455, 不朽
28656614, 8.3, 19434, 山茶文具店
01731370, 8.9, 7652, 东方快车谋杀案
01007772, 8.3, 18853, 双城记
01427288, 8.4, 15591, 小妇人
02253381, 9.3, 4330, 战争与和平（全四册）
26598807, 9.0, 6108, 人鼠之间
03025618, 9.4, 3678, 我们的祖先
04246968, 8.9, 6948, 局外人
26371317, 8.1, 24574, 24个比利
04105446, 8.2, 20473, 十一种孤独
01880992, 8.5, 12435, 老人与海
01045352, 8.8, 7786, 二十首情诗与绝望的歌
01033997, 8.6, 10444, 呼啸山庄
01081422, 9.0, 5903, 卡夫卡小说全集（全三册）
02136484, 8.7, 8907, 如果在冬夜，一个旅人
03347997, 8.4, 14007, X的悲剧
26418475, 9.2, 4460, 逃避自由
01917078, 8.6, 10191, 风之影
25796049, 9.0, 5728, 沙之书
05993310, 9.1, 5011, 直捣蜂窝的女孩
26451351, 8.7, 8603, 爱情和其他魔鬼
05366382, 8.8, 7442, 夜航西飞
01013502, 7.6, 60626, 钢铁是怎样炼成的
10779650, 9.2, 4324, 追忆似水年华
01004322, 8.7, 8464, 第二性
27174130, 8.1, 22122, 北野武的小酒馆
03711709, 8.7, 8252, 娱乐至死 童年的消逝
04714015, 9.0, 5440, 万物既伟大又渺小
01442869, 8.9, 6175, 献给阿尔吉侬的花束
01275608, 8.7, 8090, 神秘岛
03402999, 8.7, 7944, 到灯塔去
04009552, 7.5, 67277, 幻夜
01036541, 8.8, 6785, 疯癫与文明
06857344, 8.5, 10510, 夜莺与玫瑰
02165063, 9.2, 3924, 纳尔齐斯与歌尔德蒙
01063852, 8.9, 5776, 悲剧的诞生
03335362, 8.5, 10212, 大教堂
30125030, 9.1, 4389, 天生有罪
01084973, 8.9, 5673, 基督山伯爵（上下）
01017563, 8.8, 6384, 我的野生动物朋友
03836566, 8.6, 8436, 玫瑰的名字
27029890, 8.0, 22476, 外婆的道歉信
01212488, 8.3, 13283, 罗密欧与朱丽叶（名著名译插图本）
02212371, 9.1, 4185, 先知
03522695, 8.5, 9597, 瓦尔登湖
01012637, 8.2, 15547, 牛虻
01083434, 8.7, 7130, 莫泊桑短篇小说选
01441853, 8.9, 5397, 伯里曼人体结构绘画教学
01318126, 8.4, 11067, 雪国
03673771, 9.0, 4670, 项塔兰
27132345, 8.8, 6038, 太古和其他的时间
06712407, 9.0, 4615, 巴黎评论·作家访谈Ⅰ
01031741, 7.8, 30925, 欧也妮·葛朗台
02253402, 9.1, 4016, 罪与罚
01467776, 8.4, 10724, 朗读者
01079440, 8.1, 17527, 遇到百分之百的女孩
04934552, 8.8, 5890, 玩火的女孩
01926700, 7.7, 35875, 关于莉莉周的一切
04127527, 8.1, 16857, 厨房
01848256, 8.0, 20103, 东京奇谭集
01342817, 8.7, 6523, 哈利波特5 鳳凰會的密令
21346008, 8.5, 8740, 米格尔街
03013903, 8.1, 16399, 漫长的告别
10785583, 8.2, 13619, 思考，快与慢
25836270, 8.8, 5476, 厌女
26276924, 8.7, 6223, 梦中的欢快葬礼和十二个异乡故事
30230525, 8.9, 4680, 情书
01047138, 7.8, 26888, 少年维特的烦恼
30224833, 8.5, 8148, 圣殿春秋
01052074, 8.8, 5280, 喧哗与骚动
01088743, 8.5, 8092, 简・爱
02036561, 8.4, 9409, 城堡
03348010, 8.4, 9407, Y的悲剧
03223711, 8.1, 14880, 怪诞行为学
01005918, 8.0, 17663, 堂吉诃德
24753751, 8.1, 14701, 向前一步
04149805, 8.5, 7753, 了不起的盖茨比
01201821, 8.0, 16720, 梦的解析
27170538, 8.6, 6336, 存在主义咖啡馆
03137289, 8.5, 7326, 姐姐的守护者
02297706, 8.2, 11351, 平面狗
20473505, 8.7, 5288, 山月记
07154675, 8.8, 4592, 怦然心动
02141139, 9.0, 3531, 欧亨利短篇小说精选
10439064, 8.9, 4011, 发现之旅
01089049, 9.4, 2151, 莎士比亚全集（全8册）
03769738, 8.7, 5081, 万火归一
26647054, 9.3, 2373, 小王子（纯美珍藏绘本）
20443559, 7.7, 25863, 小王子
27192538, 8.4, 7739, 雨
01064828, 8.4, 7690, 好笑的爱
24736900, 8.2, 10367, 千只鹤
01430530, 8.3, 8831, 汤姆叔叔的小屋
01000856, 7.9, 17163, 我是猫
33379779, 8.3, 8756, 美国陷阱
25982254, 8.1, 12097, 大萝卜和难挑的鳄梨
01016429, 8.6, 5586, 毛姆读书随笔
01903164, 8.0, 14256, ABC谋杀案
27079479, 8.8, 4192, 南方高速
01209078, 8.8, 4142, 魔戒（第二部）
10583781, 8.8, 4138, 朗读者
03643270, 9.2, 2494, 新千年文学备忘录
06435891, 9.7, 1441, 飘
01119528, 8.0, 13528, 高老头
01872158, 8.2, 9682, 蝇王
01008074, 7.6, 28426, 失乐园
02146279, 9.0, 3070, 心灵的焦灼
01032431, 9.0, 3068, 卡尔维诺文集（第五卷）
27036317, 8.1, 11089, 独居的一年
02161691, 8.3, 8018, 伊索寓言
03442377, 8.6, 5052, 第三谎言
03100584, 8.8, 3820, 麦克白
02295912, 9.0, 2955, 佩德罗·巴拉莫
01066558, 9.4, 1854, 卡拉马佐夫兄弟（上下）
02381950, 8.8, 3719, 论摄影
26421126, 8.7, 4196, 万物静默如谜
03926717, 8.6, 4790, 雷蒙德·卡佛短篇小说自选集
01083429, 8.8, 3645, 爱伦·坡短篇小说集
01962124, 8.5, 5303, 东京塔
04202422, 8.3, 7059, 云图
01088418, 9.1, 2398, 死屋手记
01006113, 7.8, 16077, 源氏物语
03834938, 8.3, 6915, 与神对话（第一卷）
01783111, 8.7, 3905, 存在与时间
06800379, 8.7, 3905, 2666
01205076, 9.2, 2094, 悲惨世界（上中下）
01261842, 9.2, 2093, 基督山伯爵
26394018, 9.3, 1870, 生活与命运
24541883, 8.1, 9302, 消失的爱人
03246904, 8.1, 9152, 蒂凡尼的早餐
01052360, 8.9, 2918, 卡尔维诺文集（第四卷）
01262979, 9.2, 2040, 基度山伯爵（上下）
01035362, 7.9, 12494, 神的孩子全跳舞
01010204, 8.5, 4827, 宽容
03003258, 9.2, 1983, 阿莱夫
01038241, 8.8, 3172, 兄弟连
03640067, 8.8, 3159, 革命之路
01860757, 8.1, 8613, 少年维特的烦恼
26324832, 9.1, 2180, 西线无战事
01030469, 8.3, 6246, 青鸟
06797396, 8.5, 4643, 焚舟纪
01880824, 8.6, 4034, 一千零一夜
25837852, 8.9, 2721, 堂吉诃德
27131538, 8.6, 3978, 白天的房子，夜晚的房子
05958737, 9.1, 2067, 尤利西斯
01439441, 9.0, 2299, 伯罗奔尼撒战争史
01018482, 8.1, 7961, 汤姆・索亚历险记
25897678, 9.0, 2288, 包法利夫人
26582822, 8.2, 6547, 重新定义公司
01042434, 8.1, 7652, 安妮日记
03101021, 8.7, 3194, 极权主义的起源
02251691, 8.8, 2790, 弗兰妮与祖伊
01469878, 8.5, 3995, 日瓦戈医生
05404162, 8.6, 3458, 一个女人一生中的二十四小时
01078554, 8.0, 8371, 情人
02214350, 8.4, 4515, 幻影书
01318120, 8.4, 4370, 伊豆的舞女
25971624, 8.7, 2912, 政治秩序的起源
01946666, 7.9, 9367, 斯泰尔斯庄园奇案
26276279, 7.8, 10875, 苦妓回忆录
27114418, 8.1, 6540, 活下去的理由
02050768, 8.5, 3605, 夏洛的网
03000997, 7.5, 18357, 牛奶可乐经济学
04175473, 8.6, 3107, 波斯少年
02980471, 8.3, 4682, 赎罪
01023709, 8.4, 3988, 被背叛的遗嘱
03608170, 8.0, 7261, 我想吃一个小孩
06890671, 8.2, 5305, 一天
28171580, 7.7, 12014, 人间便利店
01174721, 8.4, 3938, 丧钟为谁而鸣
01017841, 8.4, 3937, 老人与海
01221327, 8.5, 3418, 少年Pi的奇幻漂流
01643566, 9.2, 1448, 基督山伯爵
01010898, 7.7, 11779, 格列佛游记
02255896, 8.8, 2280, 绿里奇迹
04266008, 8.3, 4353, 给一个未出生孩子的信
34889883, 8.7, 2503, 云游
25756955, 9.0, 1740, 爱与黑暗的故事
01792749, 8.5, 3169, 等待戈多
01082946, 8.8, 2155, 我弥留之际
30394154, 8.5, 3162, 山月记
03003466, 8.6, 2738, 恶棍列传
02161692, 8.4, 3504, 海底两万里
01088812, 8.3, 4017, 第二十二条军规
03111928, 8.1, 5344, 安迪·沃霍尔的哲学
01880990, 8.3, 3972, 复活
30366534, 8.0, 6220, 熊镇
04894485, 7.8, 8639, 麦田里的守望者
01044316, 8.3, 3932, 瓦尔登湖
01051440, 8.2, 4510, 在路上
03315827, 7.7, 10044, 暮光之城·新月
01092246, 8.1, 5135, 百万英镑
26298832, 8.7, 2223, 零年：1945
10522844, 8.8, 1962, 游戏的终结
01016930, 9.0, 1552, 论法的精神（上）
25985982, 8.4, 3261, 遥远的星辰
01787729, 8.5, 2849, 单向度的人
04872917, 8.9, 1705, 小王子
02973335, 8.7, 2125, 微暗的火
33459737, 8.2, 4129, 书店日记
01373788, 8.4, 3058, 玩偶之家
04173402, 8.4, 3033, 昨日之旅
03030892, 9.1, 1267, 傲慢与偏见
30177173, 7.9, 6141, 假如真有时光机
01780277, 8.7, 1987, 法兰西组曲
25956992, 9.0, 1388, 博尔赫斯，口述
01204179, 8.3, 3121, 安娜·卡列尼娜
19967336, 8.5, 2373, 彷徨少年时
01075492, 8.0, 4809, 洛丽塔
30471297, 9.2, 1051, 2010：太空漫游
24875416, 8.3, 3090, 生命最后的读书会
10749924, 8.3, 3057, 天真的和感伤的小说家
01015767, 8.0, 4722, 门萨的娼妓
04164096, 7.6, 8993, 饥饿游戏
10608315, 8.2, 3421, 华氏451
01148843, 8.4, 2592, 一个女人一生中的二十四小时
01888031, 7.8, 6186, 格列佛游记
01949268, 8.9, 1375, 夜莺
03783409, 8.7, 1735, 圣殿春秋（上）
01893466, 8.0, 4471, 鲁滨孙历险记
25786012, 9.5, 730, 艺术的故事 (袖珍本)
06844341, 7.6, 8506, 牡蛎男孩忧郁之死
30297123, 9.2, 979, 基督山伯爵
01876746, 8.3, 2849, 帷幕
26434970, 8.5, 2167, 智利之夜
30401373, 8.9, 1332, 海风中失落的血色馈赠
01087036, 8.3, 2767, 鲁宾逊漂流记
02061444, 8.7, 1619, 幽灵之家
02247259, 9.2, 927, 飞鸟集
01026547, 8.2, 3067, 一生
26941500, 8.1, 3522, 希腊棺材之谜
02245449, 8.7, 1583, 爱与黑暗的故事
03079193, 8.5, 2000, 沉思录
26849889, 9.3, 808, 莎士比亚十四行诗
17724327, 7.4, 10830, 盛夏的方程式
04881634, 8.4, 2221, 海底两万里
01427281, 8.2, 2887, 羊脂球
01203212, 8.8, 1339, 呼啸山庄
02073481, 8.6, 1682, 城市与狗
01083476, 8.2, 2783, 欧也妮·葛朗台
01090877, 8.8, 1300, 献给爱米丽的一朵玫瑰花
27001114, 8.7, 1431, 一朵桔梗花
26607924, 8.4, 2039, 午夜之子
02193878, 8.1, 3041, 红字
01883354, 8.8, 1238, 马丁·伊登
02127498, 9.5, 605, 罗念生全集：第二卷：埃斯库罗斯悲剧三种、索福克勒斯悲剧四种
03401732, 8.9, 1091, 霍乱时期的爱情
03003470, 8.8, 1218, 另一个，同一个
01093098, 7.8, 4652, 爱玛
01858585, 8.3, 2232, 欧叶妮·格朗台 高老头
20392524, 7.7, 5399, 恶时辰
01272866, 8.8, 1196, 审判・城堡
01279212, 7.4, 8925, 十日谈
02253392, 8.6, 1486, 包法利夫人
01023048, 8.0, 3261, 情人 乌发碧眼
01539027, 8.5, 1640, 阳光下的罪恶
30188003, 7.9, 3622, 为什么精英都是时间控
01982096, 8.3, 2034, 关于来洛尼亚王国的十三个童话故事
27156515, 8.0, 3052, 美术馆里聊怪咖
03024623, 8.2, 2298, 布鲁克林的荒唐事
01823058, 8.3, 1990, 关于他人的痛苦
01048014, 8.5, 1522, 外国古建筑二十讲
02283762, 8.4, 1708, 钟形罩
25886226, 9.0, 855, 巴黎圣母院
01729284, 8.0, 2917, 单行道
03534238, 8.4, 1695, 玩偶之家
01016292, 8.5, 1489, 悲剧的诞生
34672178, 8.8, 1028, 你一生的故事
03287786, 7.8, 3803, 你好，忧愁
01320521, 8.9, 914, 一个陌生女人的来信
10955921, 8.2, 2097, 骂观众
25747874, 8.7, 1119, 幸福过了头
01987987, 8.4, 1596, 欧也妮·葛朗台
01019715, 8.8, 999, 世界名画家全集--莫奈
03401258, 7.9, 3157, 小猫杜威
33427364, 8.5, 1395, 熊镇2
01210726, 8.6, 1234, 一封陌生女子的来信
02124556, 8.3, 1782, 黑书
06973816, 7.7, 4207, 古董衣情缘
02969263, 8.6, 1225, 跳房子
06041708, 7.7, 4159, 世上另一个我(修订版)
01958871, 8.2, 1993, 普宁
19898714, 7.6, 4660, 偶发空缺
30373656, 8.6, 1147, 遇见你之前
01273672, 8.8, 908, 海底两万里（上下）
26826089, 8.2, 1853, 那些古怪又让人忧心的问题
26671810, 8.3, 1593, 深沉的玫瑰
34444574, 8.4, 1396, 看不见的爱
05406558, 8.3, 1579, 到灯塔去
03586491, 8.7, 974, 防守
01083317, 7.8, 3118, 北回归线
01103282, 9.3, 528, 卡拉马佐夫兄弟
04881510, 8.6, 1077, 羊脂球
34782541, 9.0, 693, 从一到无穷大
26427575, 8.7, 942, 我们在此相遇
01812223, 7.6, 4106, 消失的地平线
02567547, 8.1, 1950, 金色眼睛的映像
05446438, 9.1, 617, 变色龙
01044499, 9.2, 559, 菲利普二世时代的地中海和地中海世界（上下卷）
01233301, 9.1, 608, 论犯罪与刑罚
01777853, 8.3, 1462, 屠猫记
25904481, 8.5, 1146, 那一天
30390651, 7.4, 5525, 时间的礼物
01959257, 8.2, 1643, 玛丽
27131837, 8.3, 1414, 女生徒
34954108, 8.2, 1604, 坟场之书
04881640, 8.1, 1814, 名人传
25831297, 8.4, 1237, 迈克尔·乔丹与他的时代
01119498, 8.3, 1376, 白鲸
04160483, 8.6, 954, 塞巴斯蒂安·奈特的真实生活
27156021, 8.6, 939, 十二怒汉
04882148, 8.4, 1174, 遥望
03431637, 8.6, 931, 野棕榈
01089892, 9.2, 503, 莎士比亚悲剧四种
02138351, 9.3, 459, E.席勒速写
03025620, 7.8, 2563, 命运交叉的城堡
05214612, 8.2, 1474, 福柯
06792277, 8.6, 912, 燃烧的原野
02133074, 7.0, 10207, 20几岁，决定女人的一生
27182450, 8.5, 1010, 夜莺与玫瑰
26986678, 8.4, 1117, 人类群星闪耀时
25881325, 7.1, 8085, 庆祝无意义
03518162, 8.7, 791, 社会研究方法
04881508, 8.4, 1108, 简·爱
02308408, 8.1, 1603, 唐吉诃德
01433336, 8.6, 853, 山居岁月
03931849, 7.6, 3175, 天黑前的夏天
24722916, 7.3, 5244, 如果一切重来
30359587, 7.9, 2013, 科比自传
26761859, 7.7, 2696, 精要主义
30317420, 7.8, 2317, 盛夏方程式
30384279, 9.7, 282, DK博物大百科
05299807, 8.7, 698, 当世界还不存在的时候
01048672, 8.0, 1578, 尼采生存哲学
02971734, 7.3, 4589, 一把雨伞给这天用
01011399, 7.6, 2786, 钢铁是怎样炼成的
30144098, 7.6, 2649, 且听风吟
02141646, 7.8, 1957, 恰似水之于巧克力
05920816, 8.6, 722, 欧·亨利短篇小说选
04032387, 9.0, 477, 太空步
30165023, 7.4, 3533, 北欧众神
01036067, 6.5, 22184, 那小子真帅
26603440, 8.3, 987, 老虎的金黄
21371529, 8.5, 770, 高老头
05394486, 7.3, 4021, 爱情没那么美好
01017227, 9.0, 450, 温迪嬷嬷讲述绘画的故事
03089401, 8.5, 729, 沉思录
04872916, 8.1, 1167, 格列佛游记
01136277, 7.4, 3165, 嘉莉妹妹
26297985, 6.6, 14946, 梦幻花
01228144, 8.4, 795, 野性的呼唤
34995610, 7.9, 1465, 八百万种死法
27080294, 8.9, 466, 白轮船
03109123, 8.3, 879, 圣经故事/旧约篇（名画全彩版）
03073401, 7.4, 2982, 隐之书
19980351, 8.7, 553, 西西弗斯的神话
23037911, 8.8, 492, 正念禅修
22790094, 8.4, 717, 玛丽娜·阿布拉莫维奇传
01824497, 8.2, 903, 呼唤
02372670, 7.8, 1453, 兔子，跑吧
26711222, 8.6, 547, 一九〇六
01083316, 8.1, 956, 南回归线
03098548, 7.3, 2866, 寻找时间的人
25756932, 7.4, 2402, 两个故宫的离合
01009459, 6.9, 5749, 菊花香
26975767, 8.8, 418, 画家之眼
01893969, 7.8, 1305, 童年·在人间·我的大学
03163177, 7.7, 1465, 传信人
26409529, 8.4, 616, 好人难寻
01291210, 8.2, 768, 北欧现代诗选
03015783, 7.8, 1267, 嫁给风的女孩
27199024, 8.9, 369, 纳齐斯与戈德蒙
01292350, 9.5, 220, 乱世佳人（上下）
01017830, 9.5, 219, 英汉对照安徒生童话全集（全三册）
10554706, 8.2, 734, 夜访吸血鬼
26968034, 8.5, 527, 正面管教
05284702, 8.4, 584, 老人与海
27608147, 7.9, 1052, 我曾这样寂寞生活
30215911, 8.7, 418, 人生的智慧
07060197, 8.6, 461, 魔桶
26945142, 8.0, 900, 背对世界
26824361, 8.0, 893, 面前的月亮·圣马丁札记
02160716, 7.7, 1318, 孤独旅者
01895846, 7.8, 1150, 马语者
02216373, 7.4, 2027, 毁灭，她说
01918325, 8.8, 368, 荒凉山庄
20453463, 7.4, 1987, 无可慰藉
01051960, 8.0, 861, 鲁滨孙飘流记
02108884, 8.7, 399, 鲁滨逊漂流记
25762006, 8.8, 356, 笨蛋没活路
27110870, 8.4, 517, 三故事
26274903, 8.1, 718, 麦田里的守望者
01119908, 7.9, 912, 钢铁是怎样炼成的
01951441, 8.5, 459, 赫索格
01023712, 9.1, 262, 小海蒂
03075152, 8.0, 792, 巴格达有爱
01778420, 8.8, 338, 昨日之歌 (01)
01084884, 8.2, 621, 二十年后
26674623, 8.6, 396, 月亮与六便士
01823105, 8.8, 319, 河的第三条岸
06023969, 8.7, 348, 论个人在历史上的作用问题
01082288, 8.6, 381, 秘密花园
06806555, 7.7, 1063, 苹果笔记本
02974194, 8.9, 285, 加德纳世界艺术史
05401999, 9.2, 220, 君主论·李维史论
07056692, 8.7, 335, 勃朗宁夫人十四行诗
03109124, 8.2, 553, 圣经故事:新约篇(名画全彩版)
04137254, 7.3, 1781, 找死专卖店
02146824, 7.7, 1001, 新人生
01078652, 8.2, 529, 天使的愤怒
10569637, 8.4, 420, 玻璃门内
10554689, 7.7, 930, 需要时，就给我电话
30251600, 8.2, 508, 书店女孩
25963767, 9.1, 216, Sapiens
34461219, 8.6, 334, 朱鹮的遗言
01475735, 7.3, 1571, 书店
01771840, 7.4, 1349, 枪侠
26877000, 8.7, 289, 爱与黑暗的故事
33439315, 9.2, 187, 心灵的焦灼
30481000, 8.0, 582, 3001：太空漫游
30389938, 8.5, 339, 春琴抄
01203241, 8.1, 511, 笑面人
01085168, 8.9, 228, 青铜骑士
02997197, 8.7, 270, 权利与意志
26936474, 8.9, 226, 鸟的感官
30181220, 8.8, 243, 创造自己的世界
01071317, 8.5, 312, 小说的兴起
01009710, 8.8, 232, 泰戈尔诗选
01018260, 7.5, 946, 竹取物语
27122365, 7.9, 566, 秦淮之夜
01048669, 8.3, 363, 漫画法国
05990145, 8.1, 438, 康德
02249411, 8.1, 434, 伊莎贝尔
27009736, 8.3, 335, 欧也妮·葛朗台
01292356, 7.6, 732, 看得见风景的房间
01139742, 8.3, 329, 名家名译随身典藏
26352279, 8.2, 362, 不要温顺地走进那个良宵
26382429, 7.0, 1720, 樱树抽芽时，想你
02356855, 7.7, 628, 德拉库拉
03757191, 8.0, 438, 茶花女
01637430, 8.5, 254, 百万英镑
01469953, 7.4, 845, 外国近现代建筑史
26717937, 7.5, 737, 女人的食指
30272669, 8.8, 185, 威权式法治
28013205, 7.4, 780, 欢迎来到黑泉镇
01037070, 7.0, 1380, 欧洲史
24739623, 8.4, 248, 爱的荒漠
01085007, 8.0, 370, 敏感的人
01084622, 9.1, 137, 圣经故事多雷版画插图集
30953816, 8.5, 223, 肯·福莱特世纪三部曲全9册套装：《巨人的陨落》《世界的凛冬》《永恒的边缘》
06970480, 9.7, 89, 周作人译文全集
02152546, 8.0, 353, 书籍设计
01005768, 8.0, 343, 猴爪
02973325, 8.2, 276, 纠正
30422600, 9.2, 119, 来自纳粹地狱的报告
26831504, 7.3, 779, 喵呜，来摸
33423293, 8.7, 172, 异乡人
04894484, 7.9, 346, 童年 在人间 我的大学
25930052, 8.1, 277, 孤岛日记
01211063, 8.5, 186, 并非孤独
33396548, 8.0, 295, 柯布西耶：直角之诗
26353828, 7.5, 520, 面包匠的狂欢节
26992220, 8.1, 266, 太阳照常升起
25748671, 9.1, 113, 论人类不平等的起源
06110329, 8.7, 153, 哈姆雷特
02008625, 7.8, 350, 发条钟
10589336, 7.0, 986, 致一百年以后的你
06714423, 8.6, 161, 累不死的O啊
01827582, 6.6, 1902, 哆来咪发唆
27103061, 8.3, 207, 竞争的艺术
25901826, 7.7, 382, 三岛由纪夫，或空的幻景
03807964, 9.1, 108, Tales From Outer Suburbia
05349583, 7.8, 339, 社会学的意识
01091729, 7.4, 539, 圣经故事
01841992, 7.9, 299, The Memory Keeper&#39;s Daughter
03010299, 7.5, 470, 记忆的群岛
03428169, 8.6, 153, 素描的高度
01433988, 8.2, 216, 包法利夫人
05388015, 7.9, 291, 亲爱的詹姆斯
01393958, 8.6, 151, 航空港
26782167, 8.4, 177, 蛾子纷落的时刻
03023662, 9.1, 101, 巴尔扎克中短篇小说选
01775718, 6.8, 1186, 黑色大丽花
01778427, 8.8, 125, 昨日之歌 (02)
34836460, 8.9, 115, 比利时的哀愁
01076124, 8.1, 223, 古埃及探秘
01030957, 8.7, 131, 希腊精神
01017064, 8.5, 150, 现代世界体系(第一卷)
01142511, 8.3, 177, 中国史通论
34431154, 7.0, 778, 学会吃饭
27014578, 7.8, 283, 魔桶
01459377, 8.9, 104, 被涂污的鸟
34913222, 7.5, 375, 书情书
34857929, 6.8, 983, 一个人办不到
06434994, 9.2, 83, The Gender of Memory
27625639, 8.1, 193, 我想和你一起生活
07916498, 9.5, 67, 复活
25712263, 8.0, 203, 幸存者游戏
06722886, 6.8, 891, 设计准则
06520642, 8.4, 139, 哲学是什么
34972174, 9.2, 77, 小小的王国
19958275, 8.2, 164, 中国人的气质
01000941, 8.6, 117, 青年艺术家的画像
26417295, 7.3, 424, 我父亲是恐怖分子
26989531, 7.4, 374, 封锁
01437446, 8.4, 137, 我的青年时代
01394123, 8.3, 149, 烈药
27593063, 8.5, 126, 大河恋
11504987, 7.0, 630, 天使的伤痕
26935088, 7.9, 213, 死亡诗社
01393972, 8.2, 158, 大饭店
04869333, 8.0, 189, 茶花女
34800934, 7.8, 228, 在森崎书店的日子
30194502, 7.5, 311, 单日人，双日人
04941424, 8.1, 165, 城堡
25887859, 7.9, 194, 伍尔夫
26848029, 8.6, 105, 培根访谈录
30446952, 8.2, 145, DK医学史
19896056, 9.4, 61, 永恆之王: 亞瑟王傳奇
01978311, 7.5, 290, 喀布尔书商
27046069, 7.3, 360, 我的奇妙书店
26870453, 8.6, 101, 离别时刻
27187909, 8.8, 85, 侏罗纪公园
01737504, 8.0, 161, 美国文化背景
01543987, 7.2, 377, 藻海无边
04905944, 7.2, 376, 怪诞经济学
04199413, 7.9, 173, 世俗的经典
30297416, 7.5, 260, 雷沙革村的读墨人
01056011, 8.9, 77, 我曾经爱过你
34461220, 7.3, 321, 遗言图书馆
22691327, 7.4, 276, 我们时代的伦理学
01420984, 7.5, 242, 隐形人
01151090, 8.0, 145, 魔幻家族
26957928, 8.0, 145, 停不下来的人
30338123, 8.1, 124, 不一样的文学史
30291736, 8.2, 111, 科学的历程（修订第4版）
01052675, 7.7, 174, 天堂与地狱之间
24706057, 8.2, 105, 培根随笔·教育部语文新课标必读推荐丛书
01142259, 8.2, 102, 灿烂而血腥的阿兹特克文明
34873198, 7.4, 215, 吃
30258608, 7.1, 294, 乳房
25886413, 8.5, 78, 爱情心理学
03780076, 8.7, 67, 高等院校美术类学生专业参考大系·速写的高度
02995084, 7.9, 122, 禁苑·梦
34912230, 9.3, 45, 鸟类行为图鉴
24737066, 7.9, 118, 雅典娜之印
03442429, 8.4, 77, 劝导
27025898, 7.9, 112, 边缘故事集
34856094, 8.1, 93, 卡塞尔不欢迎逻辑
01937909, 7.4, 177, 圣灰星期三
01263843, 7.7, 130, 空中飞人
01899810, 9.0, 49, 地球探赜索隐录
04413246, 7.7, 129, 外国建筑史
04814398, 7.4, 170, 顺流而下
05404953, 8.6, 61, 兔子坡
24704330, 8.3, 70, 老人与海
03328918, 7.9, 95, 花葬
26103628, 9.6, 31, 马基雅维利全集1：君主论·李维史论
01926841, 7.9, 90, 冷血
34860088, 8.7, 50, 珠穆朗玛
01550703, 8.2, 66, 恐怖的法官
01087421, 8.6, 50, 外国散文百年精华
34935742, 8.2, 63, 基本和食
30255662, 8.5, 50, 与爱德华共进晚餐
26999439, 8.7, 44, A Column of Fire
26296471, 7.5, 108, 戒瘾
02052257, 7.2, 142, 五日谈
27619571, 6.9, 197, 一粒砂糖里的世界史
01009689, 7.2, 138, 梦魇
01503074, 8.5, 47, 嗓音遗训
01203250, 8.0, 65, 非洲的青山
33427959, 7.8, 76, 我是猫
30457109, 7.3, 116, 乌合之众：群体心理研究
01292307, 7.2, 124, 生活的意义与价值
26826148, 8.0, 60, 血液的故事
33394985, 7.7, 74, 剩饭
34779927, 8.1, 54, 哈扎尔绅士
01041798, 7.5, 87, 又来了，爱情
01882561, 9.0, 31, 绿色法国童话
26893266, 7.5, 86, 玫瑰与紫杉
01011223, 9.8, 21, 讨厌鬼亨利
06427584, 7.2, 113, 不败经典设计
27181927, 7.9, 61, 深渊
30450061, 7.9, 61, 三四郎
01077014, 8.4, 43, 梦锁危情
01003023, 8.5, 38, 怎样画动物素描
05950887, 9.0, 28, 幸福的历史
01737059, 7.7, 64, 我的一生
34991854, 8.6, 34, 行话
06782332, 8.8, 30, 大国的兴衰
30160651, 7.7, 60, 猫的秘密
02250260, 7.3, 83, 卡耐基口才学
01015940, 7.7, 59, 奥兹国的巫师
01393864, 7.2, 91, 地图的力量
03259557, 8.8, 28, 古罗马文学史
06558437, 6.9, 115, 给心灵一次放松的机会
10578269, 6.9, 109, 吸血鬼王：黑暗恋人
02326877, 9.5, 19, 一块烫石头
34995566, 8.4, 32, 海洋之星
26958072, 8.5, 30, 想象力
10761558, 7.3, 68, 钢铁是怎样炼成的
35023521, 9.6, 17, 安妮日记（漫画版）
03628554, 7.9, 41, 假如给我三天光明
26685630, 7.5, 53, 普希金诗选
02043899, 8.3, 30, 邪恶之路
03150145, 7.4, 55, 外国科幻论文精选
01158279, 6.8, 95, 石头预言
02971870, 9.4, 17, 1929—1939年世界经济萧条
04754742, 7.2, 60, The Total Money Makeover
02009828, 8.8, 21, MICRO NATIONS
01040296, 8.5, 24, 我们被偷走的未来
01138483, 8.4, 24, 历史将宣判我无罪
01143739, 7.7, 36, 白色玛塞
34978362, 8.5, 22, 愚人沙利
34971214, 8.0, 29, 外星人之恋
26747411, 8.9, 18, 地心游记
01857833, 7.2, 50, 曼侬·雷斯戈
01085251, 8.4, 22, 僻静的庄园 (精装)
02968783, 8.4, 22, 新月集飞鸟集
30479015, 7.7, 32, 锡安长老会纪要
17093813, 7.6, 34, Mom &amp; Me &amp; Mom
06878870, 8.0, 25, 爵士乐必备唱片指南（上下）
01274628, 7.1, 42, 太平天国革命亲历记
03413403, 8.9, 14, Les Lettres De Mon Moulin
01344437, 7.8, 23, Homo Art
01194920, 7.9, 21, 群鸟之歌
02118450, 6.4, 66, 红颜史
03132483, 8.3, 16, 伊索寓言精选
01103245, 7.4, 26, 一个人的抵抗
25876159, 9.2, 10, The Science Book
34443593, 7.6, 13, 第二次世界大战
06803422, 7.9, 11, 圣甲虫杀人事件
01563515, 8.0, 10, 為什麼斑馬不會得胃潰瘍？
10807896, 7.2, 12, 美军生存手册
27167634, 6.2, 21, 人生整理术
03327929, 0.0, 10, 卡彼拉的篝火
01786570, 0.0, 11, Reinventing Your Life
04212915, 0.0, 11, 永恒的辉煌
26780348, 0.0, 11, The Sympathizer
30173825, 0.0, 13, 西方哲学史
35081921, 0.0, 13, 正常人
01596111, 0.0, 14, 宠物旅馆
