2020-07-05 16:00:00

number of books, tag name
207, 大历史

ID, rating, votes, title
01041482, 8.9, 143750, 万历十五年
01873231, 8.7, 182709, 明朝那些事儿（壹）
01003479, 9.2, 43010, 中国历代政治得失
01949338, 8.9, 53040, 明朝那些事儿（贰）
02052448, 8.9, 44031, 明朝那些事儿（叁）
01077847, 9.5, 16880, 史记（全十册）
02253642, 8.8, 40156, 明朝那些事儿（肆）
01981042, 9.1, 19319, 万历十五年（增订本）
01970428, 8.8, 28882, 激荡三十年（上）
10471333, 9.0, 19514, 叫魂
01858410, 9.0, 19293, 万历十五年
01046492, 9.3, 12142, 國史大綱（上下）
01922216, 9.2, 13065, 全球通史(上)
01083762, 8.7, 20483, 人类的群星闪耀时
02380307, 8.8, 17228, 激荡三十年（下）
01675478, 9.1, 10699, 天朝的崩溃
05366248, 8.2, 44292, 你一定爱读的极简欧洲史
01922246, 9.2, 8774, 全球通史(下)
01225977, 8.9, 12731, 全球通史（第7版 上册）
01476213, 9.4, 6171, 中國近代史（上冊）
01001885, 8.5, 21774, 带一本书去巴黎
01261560, 9.0, 9208, 国富论
01752755, 8.6, 14329, 第九个寡妇
01015699, 8.2, 25003, 中国大历史
01072295, 9.4, 3722, 資治通鑑（全二十冊）
01225983, 8.7, 8729, 万物简史
01025723, 8.3, 15891, 潜规则
01005492, 8.9, 6110, 光荣与梦想
01036541, 8.8, 6785, 疯癫与文明
01065977, 8.7, 7184, 共产党宣言
02317974, 8.5, 8822, 德川家康（第一部）
01269182, 8.7, 5665, 叫魂
01433477, 9.4, 2182, 史记
01006560, 8.2, 10934, 血酬定律
02064450, 8.5, 6815, 大败局Ⅱ
01427825, 8.5, 6650, 中国人史纲（上中下）
03289274, 9.1, 2532, 万历十五年
26853835, 8.3, 6766, 丝绸之路
01015104, 9.4, 1643, 陶渊明集
01030503, 9.2, 1851, 东晋门阀政治
02081876, 7.2, 43595, 货币战争
25971624, 8.7, 2912, 政治秩序的起源
01315199, 9.1, 1790, 历史研究
01050175, 8.1, 5972, 赫逊河畔谈中国历史
01051231, 8.4, 3658, 黄河青山
01082369, 8.4, 3547, 滚滚红尘
01016864, 8.9, 1800, 士与中国文化
01893879, 8.4, 3395, 张居正（全四册）
01036478, 8.9, 1772, 大外交
01068912, 8.4, 3268, 中国文化的深层结构
02375610, 8.2, 4047, 流血的仕途·终结版
03206270, 8.9, 1547, 拥抱战败
03071402, 8.6, 2196, 物理世界奇遇记
27591495, 8.6, 2032, 万古江河
01441901, 9.0, 1121, 万历十五年
01400710, 8.3, 2098, 读史阅世六十年
01034847, 8.5, 1580, 美国与中国
03035593, 8.2, 2312, 崩溃
01047001, 8.1, 2313, 资本主义与二十一世纪
03055477, 8.4, 1549, 西潮
02299164, 7.9, 2741, 帝国的终结
26334500, 8.3, 1561, 说中国
01006419, 8.5, 1170, 十六世纪明代中国之财政与税收
01064387, 8.4, 1231, 中国人史纲
01421923, 8.2, 1549, 大国的兴衰
01879204, 8.7, 841, 武梁祠
01421029, 7.5, 4130, 帝国的惆怅
01958740, 7.7, 2959, 大国崛起
02567326, 8.1, 1583, 从大历史的角度读蒋介石日记
26591910, 9.1, 503, 历史的巨镜
26591902, 9.1, 486, 中国思想史十讲（上卷）
01796672, 8.2, 1255, 万古江河
01768526, 7.8, 1984, 国史十六讲
27136549, 8.7, 655, 思想史
34464674, 8.9, 521, 万物发明指南
01322186, 8.8, 565, 秦汉的方士与儒生
01438662, 9.0, 452, 历史学家的技艺
01003646, 7.5, 2802, 闲话中国人
34997975, 8.4, 802, 文明、现代化、价值投资与中国
26827546, 8.4, 706, 大历史
27602003, 7.5, 2108, 枢纽
02116717, 8.9, 385, 西洋史
25952974, 9.4, 248, 人類大歷史
01057226, 8.2, 774, 伟大的中国革命
01432078, 8.1, 836, 历史的终结及最后之人
02142680, 8.5, 528, 游民文化与中国社会
01024666, 7.6, 1432, 王氏之死
01254597, 9.2, 251, 15至18世纪的物质文明、经济和资本主义（第一卷）
01413045, 8.8, 345, 西方文明史
01339435, 8.8, 329, 萬曆十五年
03042579, 7.8, 922, 费城风云
03402992, 8.0, 703, 历史大脉络
27596897, 9.2, 214, 演化的故事
01262807, 8.1, 593, 皇帝与秀才
01959837, 8.0, 661, 柏杨曰
01076506, 8.7, 317, 人类的故事
26975985, 8.2, 462, 时间地图
07051892, 7.7, 785, 文明
01253267, 9.3, 162, 15至18世纪的物质文明、经济和资本主义（第二卷）
03117982, 7.8, 670, 植物的故事
03153599, 7.8, 621, 统一与分裂
01511498, 7.7, 690, 美国宪法的诞生和我们的反思
01951495, 8.1, 416, 帝国的回忆
10557529, 7.4, 943, 许倬云说历史：大国霸业的兴废
30420866, 9.4, 129, DK大历史
04842450, 7.6, 671, 我者与他者
03410871, 8.1, 364, 谋生
30121259, 7.7, 546, 第五次开始
01058291, 8.2, 311, 文明史纲
01936600, 8.2, 297, 小历史与大历史
01254060, 8.7, 182, 文明与野蛮
01067666, 8.1, 293, 蓝衣社碎片
01322125, 7.8, 401, 明代的漕运
02284985, 9.3, 102, 黄仁宇全集（全14册）
02333901, 8.8, 142, 武器和战争的演变
02041091, 8.9, 131, 美国与中国
21268040, 8.8, 140, 竞逐富强
01370417, 8.8, 137, Guns
26382919, 9.3, 94, Sapiens
03191838, 7.9, 298, 伟大的字母
10867800, 7.2, 677, 大目标
23744088, 7.2, 665, 北洋大时代
02303907, 7.8, 310, 儒教与民族国家
01333951, 8.3, 187, 中國大歷史
01016395, 8.0, 248, 帝国落日
01059204, 7.1, 728, 蒋介石评传（上、下）
01790854, 8.8, 113, 发现者
26909876, 7.5, 359, 火枪与账簿
01777490, 8.4, 146, 從大歷史角度讀蔣介石日記
30428815, 7.7, 284, 起源
01336477, 8.3, 148, 赫遜河畔談中國歷史
01909534, 7.7, 253, 中国传统文化十五讲
26791743, 8.3, 136, 信息图中的世界史
01950334, 7.8, 215, 从历史看时代转移（第二版）
27098129, 8.2, 147, 大历史，小世界
27592521, 7.8, 197, 简明大历史
01083611, 8.1, 130, 草原帝国
02229435, 7.6, 208, 葛剑雄写史
26807027, 7.9, 152, 重读毛泽东
02568041, 7.7, 164, 中国的思想与制度
01041727, 8.6, 77, 直面历史
01370544, 9.3, 49, The Rise and Fall of the Great Powers
26944012, 7.6, 178, 极简进步史
03420395, 7.8, 139, 婚姻简史
02063258, 7.1, 292, 缅北之战
01794531, 7.4, 206, 全球城市史
27098139, 7.8, 137, 我们人类的进化
03054800, 8.4, 77, 元朝史（上下）
05919167, 7.7, 134, 不容青史尽成灰
25955500, 8.0, 102, 世界大历史
26883672, 6.8, 364, 极简海洋文明史
02018644, 7.8, 115, 天朝遥远（上下）
03810077, 8.2, 74, 人类的故事
01472871, 7.1, 193, 历史学家的三堂小说课
01553928, 8.7, 48, 世界城市史
26673183, 7.3, 138, 人类的演变
26756487, 8.9, 40, The Big Picture
01427102, 8.6, 45, 不懈的精神追求
26652943, 8.2, 58, 认识世界，认识自己
01843800, 8.2, 57, 最动人的世界史
30435830, 8.3, 53, 极简人类史
03099722, 6.7, 205, 听黄仁宇讲中国历史
06510086, 8.6, 39, 解读苏南
02098893, 8.1, 54, 大国崛起-解说词(特辑)
30294361, 8.1, 54, 新批判主义
26266105, 9.5, 23, 世界大历史：1799—1900
34853190, 8.9, 29, 生命是什么
01945954, 6.7, 163, 疾病的世界地图
25844518, 8.4, 37, 中国大历史
03144732, 7.6, 59, 中國香港
30384543, 7.9, 46, 丈量世界
02023773, 8.8, 26, 古代的希腊和罗马
01224157, 6.9, 105, 中国古代文明十讲
03218865, 8.1, 36, 人类与自然世界
02007283, 8.0, 38, 卧薪尝胆
01921765, 7.2, 67, 诸神的起源
26266186, 8.8, 20, 世界大历史：1689—1799
03292932, 7.1, 59, 西方大历史
01054796, 7.5, 40, 名画中的世界通史
30228481, 8.0, 28, Origin Story
01075956, 7.0, 55, 匪徒
01358299, 9.0, 16, Maps of Time
02378441, 8.3, 17, 上海图书馆藏历史原照
03097909, 8.6, 14, 西藏佛教发展史略
30439890, 7.0, 35, 简明大历史
02021983, 7.7, 21, 从历史看组织
02145862, 7.6, 21, A Short History of Progress
02369972, 8.0, 16, 叶圣陶叶至善干校家书
02164655, 7.3, 23, 史迪威与美国在华经验（1911——1945）
04827574, 7.2, 24, 历史大搏杀
24858405, 7.2, 24, 《头颅中国》
27017648, 8.0, 14, 大历史与人类的未来
30424134, 6.5, 35, 大历史与人类的未来
24740482, 8.2, 11, 全球文明史
01056640, 8.0, 12, 书屋(2004年第5期)
01050505, 7.1, 19, 从历史看领导--经营智慧丛书
01066874, 7.5, 15, 苦难与血泪――丘吉尔演讲集
25981416, 7.2, 17, 世界历史上的宗教
04814425, 6.1, 39, 帝王女人
25963464, 7.6, 13, 大历史：从宇宙大爆炸到今天
02191164, 7.3, 14, 唐宋变革论
11508917, 6.9, 15, 听黄仁宇讲中国历史
26591796, 7.1, 11, 欧洲奇迹
26682155, 4.5, 16, 鄂圖曼帝國三部曲1300-1923
01057240, 0.0, 10, 全球化与道德重建
02022118, 0.0, 11, 求索中国（上下册）
34858132, 0.0, 16, 唐诗带你游长安
