2020-07-05 16:00:00

number of books, tag name
570, 大师

ID, rating, votes, title
06082808, 9.2, 294575, 百年孤独
02567698, 8.8, 375312, 三体
01200840, 9.0, 251385, 平凡的世界（全三部）
10594787, 9.0, 184321, 霍乱时期的爱情
01023045, 8.7, 239543, 我们仨
01858513, 9.0, 135112, 月亮和六便士
01057244, 8.7, 178952, 边城
03995526, 8.6, 185203, 目送
01017143, 8.5, 200885, 不能承受的生命之轻
03646172, 8.4, 195276, 恶意
01003479, 9.2, 43010, 中国历代政治得失
02035162, 9.0, 54997, 刀锋
01203426, 9.0, 40009, 人间词话
20440644, 9.1, 33978, 文学回忆录（全2册）
01212893, 8.8, 45463, 鹿鼎记（全五册）
24257229, 9.1, 22334, 鼠疫
01013380, 8.2, 107431, 茶花女
01863930, 8.8, 34011, 看不见的城市
01012611, 8.2, 98208, 乌合之众
01205370, 8.2, 86294, 羊脂球
01786387, 8.6, 39606, 影响力
02035171, 9.0, 20028, 人生的枷锁
03369600, 8.2, 78462, 当我谈跑步时我谈些什么
01046492, 9.3, 12142, 國史大綱（上下）
01059419, 8.1, 90759, 海边的卡夫卡
01789837, 9.0, 18077, 射雕英雄传
01028842, 9.1, 15425, 经济学原理（上下）
01258490, 9.2, 13205, 基地
10555509, 9.0, 17483, 看不见的城市
01941558, 8.6, 29622, 设计中的设计
01213546, 8.4, 40967, 变形记
01004821, 8.7, 22710, 理想国
01858568, 9.1, 12217, 罪与罚
01440972, 9.2, 8945, 博尔赫斯小说集
06021440, 8.7, 18586, 黑客与画家
01013225, 8.4, 29488, 生活在别处
02022979, 8.0, 62015, 喜宝
01056295, 8.2, 39845, 人性的弱点全集
05375620, 8.7, 15222, 失控
20501147, 9.3, 6501, 中国哲学简史
03283983, 9.3, 6318, 乡土中国
01077528, 8.8, 12561, 通往奴役之路
11229072, 9.4, 5445, 中国历代政治得失
27608239, 8.4, 22260, 原则
01322025, 8.7, 13300, 卓有成效的管理者
01059112, 9.1, 7027, 百年孤独
01056023, 8.6, 12988, 鼠疫
01792668, 8.4, 17832, 苏东坡传
01187842, 9.0, 7035, 你一生的故事
01212910, 9.3, 4606, 笑傲江湖（全四册）
06152040, 9.1, 5943, 维特根斯坦传
01058679, 8.7, 9654, 人·兽·鬼
01212908, 9.1, 4979, 神雕侠侣（全四册）
01914636, 8.4, 12783, 蛤蟆的油
01040382, 9.0, 5168, 人间词话手稿本全编
05243775, 8.9, 5442, 聪明的投资者
01777932, 8.7, 7170, 寻找无双·东宫西宫
01958714, 8.7, 6266, 彼得·林奇的成功投资
02032141, 9.0, 4122, 陈寅恪魏晋南北朝史讲演录
03003477, 9.2, 2877, 虚构集
01013469, 8.7, 5340, 战争与和平（全四册）
01021346, 8.7, 5289, 股票作手回忆录
06558202, 9.0, 3440, 容忍与自由
01083089, 9.4, 2082, 博尔赫斯全集
03888123, 8.6, 5574, 写作这回事
04116629, 8.8, 3754, 希区柯克悬念故事集
02381950, 8.8, 3719, 论摄影
01783111, 8.7, 3905, 存在与时间
01002690, 8.7, 3796, 陈寅恪的最后20年
01052360, 8.9, 2918, 卡尔维诺文集（第四卷）
01028693, 8.1, 8639, 骆驼祥子
01270508, 8.7, 3512, 失焦
01793132, 7.6, 20270, 白马啸西风
26297606, 7.5, 24548, 从0到1
01777823, 8.1, 8068, 八十年代访谈录
01061029, 8.8, 2954, 杜尚访谈录
01457028, 8.9, 2257, 管理的实践
01030554, 8.6, 3240, 恶心
01015748, 8.8, 2452, 开放社会及其敌人（全二卷）
01082446, 9.2, 1516, 南怀瑾选集（第一卷）
01394534, 9.3, 1359, 勒·柯布西耶全集
01053623, 8.5, 3548, 文明的冲突与世界秩序的重建
01017818, 8.3, 4504, 观看之道
01178089, 9.1, 1485, 给心理治疗师的礼物
01029940, 9.2, 1326, 锦灰堆
25903505, 8.5, 2788, 蛤蟆的油
11511232, 8.9, 1686, 大师的盛宴
05399227, 8.0, 5604, 南渡北归（第一部）
01013378, 8.8, 1843, 证券分析
01637486, 8.1, 4278, 建筑师的20岁
01027587, 8.6, 2153, 恶之花 巴黎的忧郁
01212890, 8.1, 3977, 连城诀
01292322, 8.2, 3435, 群星，我的归宿
01058131, 8.4, 2603, 金融炼金术
24748706, 8.6, 1960, 陈寅恪的最后20年
01870003, 8.5, 2221, 二十位人性见证者
06119800, 8.4, 2427, 南渡北归（第三部）
01052178, 8.5, 2053, 走向新建筑
03794107, 9.3, 836, 中国史纲
01046164, 8.2, 2898, 巴菲特致股东的信
01186703, 8.6, 1699, 妞妞：一个父亲的札记
03669671, 8.4, 2120, 我们在此相遇
02382994, 8.0, 3690, 负建筑
26700745, 8.4, 2096, 南渡北归
01212152, 7.8, 4697, 萤
01987453, 7.8, 4574, 人生不过如此
01287508, 8.2, 2409, 明室
01182890, 8.4, 1834, 严厉的月亮
03116096, 8.2, 2280, 象与骑象人
01782318, 8.5, 1540, 白银时代
01087547, 8.5, 1537, 理解媒介
05290498, 8.6, 1301, 自然的建筑
01026884, 8.6, 1256, 左手的掌纹
02029640, 8.4, 1566, 南怀瑾讲演录
03069690, 8.5, 1367, 人生的起点和终站
04050758, 8.3, 1720, 基业长青
01917969, 7.9, 2902, 通向蜘蛛巢的小径
01016832, 8.5, 1254, 我负丹青
01047447, 7.6, 4233, 去中国的小船
01130500, 9.4, 476, 计算机程序设计艺术（第1卷）
02972597, 8.4, 1349, 路易斯.I.康的空间构成
01002607, 8.6, 1045, 一个导演的故事
06905341, 9.1, 609, 贝聿铭全集
04086800, 9.6, 384, 陈寅恪集
11527058, 8.2, 1528, 先生
01212894, 7.2, 7064, 侠客行（全二册）
01027427, 8.4, 1134, 论语今读
26584727, 9.1, 506, 柏拉图四书
04252512, 8.5, 936, 静谧与光明
03138839, 8.7, 746, 大师
01056501, 8.2, 1326, 传统下的独白
03054127, 7.7, 2646, 十宅论
05314887, 8.1, 1497, 邓普顿教你逆向投资
01051931, 9.0, 540, 西藏度亡经
01444563, 9.0, 520, Delirious New York
01464241, 9.5, 325, Louis I. Kahn
01029513, 8.5, 814, 聪明的投资者
01073749, 7.6, 2643, 李敖有话说
01056324, 9.1, 439, 鲁迅小说全编
25953928, 8.6, 722, 植田正治小传记
06781745, 8.9, 528, 民国语文
04122992, 8.5, 795, 人生的三路向
01074945, 8.4, 885, 奥格威谈广告
10550784, 9.2, 379, “匀质”的秩序与“清晰的建造”
01776832, 9.3, 330, The Dream Hunters (Sandman
34995610, 7.9, 1465, 八百万种死法
01006453, 8.5, 701, 南怀瑾谈历史与人生
01410829, 8.5, 698, 路易斯.I.康:在建筑的王国中
19956259, 7.9, 1429, 人生有何意义
01794125, 9.0, 415, 中国近代史大纲
02121465, 8.1, 1080, 点与线
02972992, 8.1, 1041, 时间足够你爱
25804649, 7.5, 2389, 无知的游历
01843508, 9.1, 357, 管理：使命、责任、实务（实务篇）
01777410, 8.8, 466, 我，费利尼
01193658, 8.2, 814, 机器新娘
01027568, 8.9, 384, 泰戈尔诗选
01792257, 9.4, 248, 三毛流浪记
03345576, 9.0, 343, 四世同堂（上下）
01195054, 8.9, 368, 欧·亨利小说全集（全四卷）
03115303, 8.0, 964, 一生的远行
01217905, 8.4, 601, 人性的弱点全集
01055536, 8.8, 397, 埃梅短篇小说选
01042149, 8.1, 810, 伯格曼论电影
03088963, 7.6, 1559, 陈寅恪与傅斯年
01075533, 8.6, 453, 老子他说
01436719, 9.6, 191, Josef Koudelka: the Exiles
35016961, 9.1, 283, 鼠疫
01186425, 9.2, 256, 中短篇小说选
25969353, 8.8, 362, 天鹅之死
26825519, 8.6, 439, 吾国与吾民
01016936, 9.3, 232, 语言问题
01940960, 8.7, 392, 历代大师
01597272, 9.5, 194, 巴赫金全集（全7卷）
06024015, 8.2, 630, 蚕丝：钱学森传
02014941, 9.0, 277, 鲁迅经典全集
25753429, 9.3, 215, 世界上最快乐的人
01193831, 8.2, 592, 创意
01056144, 7.5, 1405, 中的精神
01052027, 8.1, 645, 禅宗与道家
01049180, 8.1, 644, 法斯宾德论电影
19976927, 9.0, 263, 公园里的声音
01254463, 8.0, 703, 人性的优点
01810527, 9.2, 216, 梅里美小说选
30398693, 9.0, 253, 荣格与中国文化
04932772, 8.1, 608, 对冲基金风云录
25710866, 7.8, 864, 笑忘书
03076600, 8.9, 269, 朱光潜谈美（朱光潜卷）
21345677, 8.8, 291, 安妮在工作
01884446, 9.2, 206, 线性代数
24530336, 7.7, 920, 至关重要的关系
01199423, 9.4, 166, 卡拉马佐夫兄弟
01664838, 9.4, 163, 靳·柯布西耶全集(第2卷1929-1934年)
01417346, 9.0, 218, Araki by Araki
01203255, 8.8, 258, 丧钟为谁而鸣
01000067, 8.6, 292, 美丽心灵
01958880, 9.0, 194, 绝境
01070036, 8.4, 322, 当代摄影大师
01223584, 9.0, 187, 大千世界
01464981, 8.1, 432, 春
02972594, 7.9, 532, 勒.柯布西耶的住宅空间构成
01796775, 8.5, 282, 是如何
01484422, 8.8, 214, 凡·高自传
01498788, 9.3, 140, Diane Arbus Revelations
01203329, 8.3, 327, 人类行为的经济分析
01053960, 8.0, 438, 人物摄影
26381874, 9.1, 152, 人心：善恶天性
01922868, 9.2, 141, 汪曾祺文集 小说卷(上、下)
06000669, 9.3, 130, 国富论
01418838, 8.5, 246, 路易斯·康与学生的对话
02067578, 9.7, 97, Blacksad vol. 2
06097214, 9.1, 147, 中国近三百年学术史
01134133, 9.3, 121, 米拉日巴传
01179865, 8.0, 372, 从拍摄到艺术
01082468, 9.0, 146, 维特根斯坦全集（全12卷）
02031251, 9.1, 135, 无事此静坐
01068884, 7.9, 378, 水平营销
02331254, 8.3, 251, 城堡
01033917, 7.9, 362, 贝聿铭谈贝聿铭
02142034, 6.9, 1339, OFF学
02242839, 8.8, 151, 阿尔瓦·阿尔托全集
01054538, 8.1, 281, 被偷换的孩子
03676012, 8.3, 230, 看不见的花园
02287553, 9.7, 78, バガボンド（25）
06117918, 8.9, 134, 汪曾祺经典作品
25729279, 8.6, 170, 南渡北归·离别
01857314, 9.2, 107, Martin Parr
11517171, 8.5, 183, 创意，是一笔灵魂交易
01671918, 8.1, 265, 阿尔瓦罗·西扎
26613078, 8.5, 182, 父亲南怀瑾
25982071, 8.4, 196, 人性能达到的境界
01285959, 9.0, 120, 海明威短篇小说全集（下）
06846815, 7.8, 351, 民国的底气
20271917, 7.4, 559, 持续的幸福
01356890, 9.6, 78, The Great LIFE Photographers
01641385, 9.6, 77, 虚云法师年谱
02376990, 9.0, 114, Ansel Adams
27156296, 9.4, 85, 陶瓷一生
01990775, 9.4, 84, The Photographer&#39;s Eye
01002825, 8.4, 176, 诠释与过度诠释
30358955, 7.6, 388, 大师镜头 昆汀篇
26315320, 8.4, 169, 灰鸽试飞
01215642, 7.4, 481, 中国式管理
26555264, 8.6, 141, 缅北监狱
30170959, 9.1, 96, 现代建筑的形式基础
01029985, 7.5, 412, 图说相对论
01074655, 9.0, 102, 走进大师
25899645, 9.1, 95, 自我与自性
01974883, 7.8, 289, 追求卓越
27168623, 9.9, 56, 活出人生的意义
01787325, 8.1, 200, Zaha Hadid
26584140, 7.7, 299, 民国清流1
04120362, 8.3, 163, 当恐慌来临(世界当代摄影家告白Ⅱ)
24696852, 8.2, 175, 南渡北归·北归
06434372, 8.6, 124, 视觉之旅2
03726951, 8.8, 106, 亨利·卡蒂埃-布勒松
02306166, 8.7, 114, 飞去的候鸟
26412796, 8.8, 103, 孩子提问题大师来回答2
01347467, 9.2, 76, 蜘蛛丝.舞会.秋
02281380, 8.9, 93, 薛定谔讲演录
03032780, 8.0, 192, 管理大未来
10518196, 9.4, 66, 罗贝尔·杜瓦诺
01291089, 8.1, 174, 德国印象
27601732, 8.3, 145, 科学迷宫里的顽童与大师
01199500, 8.6, 112, 时光
01216329, 8.2, 155, 朝花夕拾
01232713, 8.7, 103, 比较制度分析
24857764, 6.4, 1561, 我是个大师
01310590, 8.4, 129, 波得·沃克 极简主义庭园
01320173, 8.0, 181, 管理者而非MBA
26754116, 8.5, 117, 文化与价值
25882966, 7.7, 243, 陈寅恪与傅斯年（修订版）
01028159, 7.8, 217, 瀑布上的房子
02990575, 9.2, 70, 门采尔
06952711, 8.3, 129, 生命之光
01202248, 7.9, 179, 阿尔瓦·阿尔托
01418846, 7.8, 190, 安藤忠雄
01020762, 8.9, 77, 杜瓦诺：来自巴黎的“平民”摄影家
01314828, 8.9, 77, 鲁迅小说集
01809168, 9.5, 53, 虚云老和尚法汇
01208760, 8.4, 111, 当代中国史学
01791149, 9.3, 59, 顶果钦哲法王传
05246819, 8.0, 154, 伯恩斯情绪疗法
26656026, 7.9, 167, 南渡北归1
27060441, 8.5, 100, 栖血肤下
26762696, 8.5, 99, 民国清流2
05908773, 8.0, 146, 出世入世
02160238, 7.9, 157, 管理工作的本质
02173401, 7.3, 291, 阅读的危险
25824613, 8.0, 141, 当时只道是寻常
05328080, 8.4, 100, 季羡林妙语录
03208705, 7.3, 287, 安藤忠雄的建筑迷宫
01794502, 9.3, 54, 新父女關係
01394041, 8.5, 91, 陈寅恪评传
01273479, 7.8, 165, 美学的散步
03405277, 7.5, 218, 世间情
01285973, 9.2, 55, 苏轼全集(上中下)
33446821, 7.9, 138, 给年轻科学家的信
25813591, 7.5, 202, 南怀瑾的最后100天
33395539, 8.9, 63, 卓有成效的管理者
01802543, 8.7, 72, 巨变时代的管理
01199424, 9.2, 52, 罪与罚
01216637, 8.3, 96, 系统设计的一般原理
01062529, 8.5, 82, 给大师定位
27615387, 9.4, 46, 大师语文：多说与少说
01027097, 8.7, 70, 哈尔斯曼-超现实主义的人像摄影怪杰
06121224, 7.8, 144, 一个时代的斯文
26589791, 9.1, 54, 扬·索德克JAN SAUDEK
01056467, 8.0, 117, 混沌与秩序
01451528, 8.3, 89, Richard Meier Architect
03105874, 9.7, 37, Henri Cartier-Bresson
05408926, 9.1, 51, 制作大师级黑白杰作
01452282, 8.1, 101, Richard Meier Architect
26661736, 8.2, 93, 你若爱，生活哪里都可爱
25801061, 7.5, 172, 曾国藩的启示
01457761, 9.3, 44, 卡蒂埃-布勒松摄影作品选
01134339, 8.0, 107, 玛莎·施瓦兹 超越平凡
03018312, 9.0, 52, 晚清双记
02307165, 7.9, 114, 范曾谈艺录
02137612, 9.2, 45, 想象的时空
01016818, 8.5, 70, 世界摄影大师韦斯顿
01179603, 7.4, 181, 品牌22律
03240306, 8.2, 87, 我要来抓你啦
01457711, 9.4, 40, 亚当斯：40幅作品的诞生
05405860, 9.2, 44, 赫尔佐格与德梅隆全集
25844039, 7.5, 159, 創作者的日常生活
01392939, 8.9, 52, 伦勃朗
01340446, 8.0, 99, 摄影大师的夜间与弱光拍摄秘诀
26689015, 9.6, 35, 500年大师经典
05373553, 6.9, 305, 淡定的力量
01831774, 8.8, 54, 波兰斯基回忆录
20373428, 7.5, 152, 创新者的思考
26746800, 7.7, 124, 牛啤经
02247610, 8.5, 65, 秋天的况味
01481674, 7.0, 260, 世界动画电影大师
25781305, 8.4, 69, 外国中短篇小说藏本：福克纳
01385967, 9.3, 39, South Southeast
03237429, 8.7, 55, 李居明饿命改运学
01469031, 7.8, 106, 黑泽明的世界
02081673, 8.2, 76, 人体-世界顶级摄影大师巅峰作品诞生记
25930050, 8.1, 82, 一部自传
01158629, 7.2, 187, 世界摄影图鉴
01501828, 7.5, 136, 理查德·迈耶的作品与思想
01029851, 7.4, 148, 巴赫传
01902817, 8.2, 73, The Nature of Photographs
02970071, 9.0, 43, 数码摄影师Photoshop魔法
01010463, 8.3, 67, 重读大师：一种谎言的真诚说法
01057390, 8.4, 60, 赢在影响力
10582034, 8.5, 56, 雅舍小品
03428852, 8.7, 49, 摄影名家大讲堂
24697015, 7.2, 169, 在西方发现陈寅恪
20326980, 8.1, 73, 数学大师
06856716, 8.6, 51, 那些有意思的老头儿
26794965, 9.3, 34, 城市即人民
19978005, 8.4, 58, 你不知道的自己(新版)
03133039, 8.0, 77, 扎哈·哈迪德
01098067, 8.1, 71, 经济学大师的人生哲学
03351661, 7.2, 159, 李敖议坛哀思录
25955345, 7.3, 143, 北洋大时代：大师们的理想国
27144153, 7.9, 81, 投资的常识(修订版)(精)
02069245, 8.8, 43, 冯骥才分类文集（全16卷）
10802061, 7.9, 80, 好婚姻，靠修行
06004612, 8.9, 40, 百年国士之一
04081913, 7.6, 102, 拯救人类的哲学
01071066, 9.3, 32, 精英的聚会
01777433, 8.6, 47, 城市与狗
03807977, 9.0, 37, 09 作品集 库哈斯
34989198, 9.1, 35, 少而美的极简生活
03106648, 7.6, 97, 志虑心物
20389321, 8.6, 45, 康定斯基艺术全集
02290469, 9.2, 32, The Magic Mirror of M.C. Escher
01230531, 9.0, 35, 代数拓扑的微分形式
27134135, 7.8, 78, 日本摄影50年
01012625, 8.1, 61, 我心中的画师
25984382, 8.2, 56, 摄影对话录
33386104, 8.8, 38, 齐白石作品集
01607066, 8.4, 48, 梁思成  困惑的大匠
01780442, 8.5, 45, Jeff Wall
20503851, 6.5, 299, 与青春私奔
01255402, 9.4, 27, 为学术的一生
01012345, 8.1, 58, 李敖秘藏日记
26582887, 8.1, 58, 世界美术名作二十讲
01112473, 8.3, 50, 开门
26932322, 8.2, 53, 民国清流4
01451529, 8.0, 61, Richard Meier Architect
06023208, 7.3, 111, 消逝的燕京
01391937, 7.6, 84, 秘密与谎言
02117094, 8.2, 52, 契诃夫短篇小说
01964445, 8.7, 37, 组织的概念
01223672, 7.3, 105, 名摄影师眼中的世界（黑白卷）
03058732, 9.2, 28, Sharaz-de 01
01916039, 8.4, 43, Guy Bourdin
01828711, 8.6, 37, The Photography Book
05242766, 8.6, 36, 重读大师
11524481, 8.0, 53, 民国底气
01456285, 9.2, 26, University Economics
01410803, 8.3, 43, Man Ray
01053267, 8.1, 49, 完美的对称-富勒烯的意外发现
01058269, 8.4, 40, 西洋名画巡礼・建筑讲话
03009272, 7.6, 71, 德鲁克的最后忠告
01878324, 7.9, 55, 管理前沿
25780844, 7.7, 64, 色彩与光的完美表达：莫奈作品欣赏
34812473, 7.7, 64, 大师巨匠
04242868, 7.4, 82, 不可预知时代的可预知结果
26762019, 7.1, 109, 拍出大师之作
06539170, 9.2, 25, 大六壬心法指要（珍藏版）
20278162, 8.3, 41, 卓有成效的组织
33436175, 7.5, 74, 大家小絮
01858165, 8.0, 50, &lt;&lt;一个投机者的告白&gt;&gt;之金钱游戏
01311279, 8.6, 34, 影响了我的三十二篇美文
26289170, 8.5, 36, 先生归来
02350065, 8.5, 35, 领导的轨迹
01288643, 7.5, 71, 摄影大师的构图
01998075, 7.5, 71, 贝聿铭的艺术世界
04881794, 8.2, 42, Menzel门采尔
25828597, 8.4, 37, 我的母亲
01166527, 8.7, 31, 斯蒂文·霍尔
24396331, 9.1, 25, 日本刑法总论
01598791, 8.4, 36, MARIO BOTTA 马里奥·博塔
10508723, 8.4, 36, 安藤忠雄全建筑
02995560, 7.5, 67, 摄影家的门槛
02280731, 8.0, 45, 民间记忆
02229081, 6.6, 165, 呀!弘一
02305093, 9.0, 25, 克服组织防卫
10582041, 8.7, 29, 丰子恺静观尘世
01217674, 8.0, 44, 丰子恺自述
02180667, 7.1, 92, 黑白摄影100法
01000140, 8.5, 32, 品读世界摄影大师精品(全六册)
01045778, 8.0, 43, 凯恩斯文集-投资的艺术
03744109, 8.0, 43, 管理的真相
01683893, 8.0, 42, 尊贵的回忆
01028638, 7.3, 71, 达·芬奇画传
01537413, 8.0, 41, 查尔斯·柯里亚的建筑空间
04136120, 9.1, 22, Renoir
01742664, 8.1, 38, 林泉高致
06845717, 6.9, 101, 我是谁
01203256, 8.0, 40, 岛在湾流中
01790997, 9.5, 18, Mexican Notebooks
03027126, 8.7, 26, 管理学基础文献选读
03085734, 8.3, 32, 人性的弱点全集
01011350, 7.3, 65, 海明威
34982421, 7.5, 54, 治学之道与著述之道
01316442, 8.2, 33, 肖像
01556264, 8.4, 29, 译匠天缘
02077110, 9.5, 17, Henri Cartier-Bresson
34995191, 7.4, 57, 写给管理者的睡前故事
26311274, 7.7, 45, 让思维自由
01043967, 7.5, 51, 伦勃朗
01288694, 7.6, 47, 摄影大师的用光
25762441, 7.5, 50, 极客与怪杰
01504480, 7.1, 70, 阿尔巴罗·西萨的作品与思想
01042213, 8.8, 22, 鲁迅选集
02026331, 7.4, 53, 风雅颂
01208511, 8.4, 27, 周作人经典作品选
27617228, 8.1, 32, 告别与新生
02990453, 7.9, 36, 国外建筑大师思想肖像（上）
01130864, 7.6, 44, 透明的红萝卜
05297395, 8.4, 26, 勒柯布西耶
01635082, 8.7, 22, 品读世界摄影大师精品 纽曼
06015653, 7.6, 42, 在不美的年代里
06848112, 8.1, 30, 美学拾穗集
02349708, 7.2, 57, 民国那些大师
01880615, 7.6, 41, 财富的福音
02349859, 7.2, 56, 七个天才团队的故事
26815314, 9.3, 16, 石叔诚钢琴讲堂
02508399, 9.8, 13, The Films of Fritz Lang
26865040, 7.8, 34, 发展与罪恶
05351835, 7.4, 44, 对话私募股权与风险投资大师
01163661, 6.5, 102, 世界电影大师108将
02339989, 6.8, 73, 建筑大师MOOK丛书
01684331, 7.2, 50, 大师自画像
25757010, 7.8, 32, 哈佛大学的博弈论课
02161231, 7.6, 36, 大师眼中的色彩
25839381, 8.5, 21, 先生的读书经
01035000, 8.1, 26, 白夜
34944480, 9.5, 13, 懂得的就值得：沈从文散文精选
02280729, 8.0, 26, 黄河等你来
03269738, 8.2, 23, 别梦依稀
02381274, 8.1, 24, 领导力实践
01895983, 8.0, 25, Robert Doisneau
01047614, 8.5, 19, 文化猎疑
26771877, 7.8, 28, 忆闻
03099351, 7.5, 34, 决断
02182239, 9.0, 15, 费欣素描解析
01187069, 8.1, 23, Photoshop CS数码照片专业处理技法
07045673, 7.4, 35, 北大燕南园的大师们
04941686, 7.9, 25, Auto Focus
27057217, 7.6, 30, 传奇摄影大师格雷戈尔·海斯勒(50幅人像杰作背后的奥义)(精)
01277239, 7.2, 40, 九谒先哲书
01147543, 8.9, 15, 速读中国现当代文学大师与名家丛书
19987565, 7.5, 32, 前辈
01055660, 7.1, 43, 歌德与贝多芬
20273273, 8.7, 16, 文化随笔
35018167, 6.5, 69, 贝佐斯的数字帝国：亚马逊如何实现指数级增长
01681421, 7.6, 27, 世界摄影大师社会纪实500幅鉴赏(上下)
10559836, 9.5, 11, 怎样练习小提琴
26774664, 7.3, 33, 近代十一位国学大师讲国史
01189713, 7.1, 38, 向大师学习
01963984, 6.3, 80, 季门立雪
24870779, 8.0, 20, 中国人
01053053, 7.8, 22, 阅读大师人文社科卷
01921380, 7.8, 22, 学苑春秋
21994019, 6.4, 66, 风弹琵琶，凋零了半城烟沙
10740540, 6.9, 40, 聚焦
24756827, 6.1, 90, 曾仕强说人性的弱点
20277779, 7.0, 35, 管理工作的本质
01450827, 8.0, 18, 尼基塔·米哈尔科夫
30281718, 9.4, 10, The Art of Heikala
24706668, 7.7, 21, 不曾苟活
01045938, 8.2, 16, 探求智慧之旅
01047294, 7.7, 20, 阅读大师文学艺术卷
05257565, 7.6, 21, 蒙田散文精选
20065844, 9.2, 10, Portraits
01795112, 6.9, 33, 我怎样学习和写作
06535238, 6.9, 32, 闲话陈寅恪
24745660, 6.4, 48, 天生喜剧狂
03028940, 8.0, 15, 三大师传
26326498, 8.1, 14, Bold
35029515, 6.8, 31, 《在裂缝中寻找微光：文化大师的风骨与温度》
01920719, 7.4, 20, 吞吐大荒
01319773, 7.0, 26, 新数码摄影师手册
03851857, 8.0, 14, 为什么美国盛产大师
01949058, 7.3, 20, 严复评传
02329738, 7.3, 20, 跨越传统碑石的天才
01321014, 7.4, 18, 非凡人生
01739706, 8.4, 11, 翻译家鲁迅
02175793, 8.4, 11, 战略性外包的演化
06396902, 5.8, 68, 民国那些范儿
02307675, 8.2, 11, 黄庆庆传
01197436, 8.0, 12, 清华的大师们
01026431, 6.8, 23, F.L.赖特
01157141, 6.8, 23, 思想者的盛宴
24699577, 6.6, 25, 彼得 卒姆托
06728857, 6.3, 32, 客厅内外
01103135, 7.4, 14, 大赢家
10463488, 7.7, 12, 人物头像结构形态学
01257321, 7.0, 17, 圣经故事
05312490, 7.2, 15, 范曾自述
19949812, 7.8, 11, 北大访师记
01678369, 7.4, 13, 李庄往事
25844274, 6.5, 23, 寻找大师
04119928, 6.9, 17, 理柏论财智
03078257, 6.8, 17, 记忆王中王
19952170, 6.6, 19, 大师的童年
26783193, 7.2, 13, 凡·高
05325874, 7.5, 11, 巴菲特教你管公司
01214175, 6.7, 17, 洁白如雪
01188273, 7.2, 12, 以影求知
06104542, 6.1, 23, 民国记忆
20433590, 7.0, 11, 以攝影爲樂
02331514, 6.7, 13, 投资中最重要的1件事
03337367, 6.6, 13, 文化大师的读书生活
03391156, 6.0, 18, 图解当代日本建筑大师
04178942, 6.0, 18, 网拍商品摄影、修图讲座
02996024, 6.6, 11, 凌耀星内经讲稿
01213876, 5.8, 17, 为什么我讨厌搭飞机
02348486, 5.1, 20, 旋转木马
26610094, 2.5, 28, 动画馆:世界动画电影大师(第3版)
01260429, 0.0, 10, 大师论战略
03484441, 0.0, 10, 政治经济学的国民体系
03502233, 0.0, 10, Moving On
10768972, 0.0, 10, 玩转好莱坞的电影大师斯皮尔伯格
35034361, 0.0, 10, 人生就是要过成自己舒服的样子
01811552, 0.0, 11, 古农佛学答问
03309759, 0.0, 11, 投机的艺术
01182468, 0.0, 12, 应对压力
01279240, 0.0, 12, 中片幅和大片幅摄影
01865976, 0.0, 13, 徕卡情结
03010953, 0.0, 13, 生活的回忆
26203066, 0.0, 14, 松下幸之助在哭泣
