2020-07-05 16:00:00

number of books, tag name
145, 太空

ID, rating, votes, title
03066477, 9.3, 222579, 三体Ⅱ
05363767, 9.2, 214996, 三体Ⅲ
02567698, 8.8, 375312, 三体
06518605, 9.4, 49457, 三体全集
03266609, 8.6, 56900, 流浪地球
01394364, 8.8, 17668, 银河系漫游指南
07065521, 9.0, 10804, 银河帝国：基地
30471298, 9.2, 8030, 2001：太空漫游
06265745, 8.7, 13979, 银河系搭车客指南
10604915, 9.2, 6278, 银河帝国3：第二基地
26697350, 9.1, 6635, 极简宇宙史
01418999, 9.2, 5543, 银河英雄传说
07065529, 9.0, 6576, 银河帝国2：基地与帝国
11525217, 9.1, 4472, 银河帝国4：基地前奏
11528306, 9.1, 3947, 银河帝国5：迈向基地
11528307, 9.0, 3876, 银河帝国6：基地边缘
01146267, 8.8, 4452, 深渊上的火
25737822, 9.3, 2349, 银河帝国12：机器人与帝国
30161861, 8.8, 4189, 与罗摩相会
20390695, 9.0, 2983, 银河帝国8：我，机器人
05446490, 8.8, 3544, 宇宙奇趣全集
01408254, 8.7, 3871, 宇宙尽头的餐馆
01418437, 8.7, 3711, 安德的影子
25902222, 8.9, 2774, 文明之光（第二册）
04737478, 9.3, 1639, 银河英雄传说-全十册
24531360, 8.9, 2534, 银河帝国11：曙光中的机器人
11528308, 8.6, 3594, 银河帝国7：基地与地球
24531334, 8.8, 2680, 银河帝国10：裸阳
20390696, 8.7, 3035, 银河帝国9：钢穴
20279665, 9.2, 1313, “太空漫游”四部曲
02340610, 8.8, 2069, 2010太空漫游
24768136, 9.0, 1453, The Martian
30471297, 9.2, 1051, 2010：太空漫游
12404751, 8.6, 1881, 遥远地球之歌
26413155, 8.8, 1435, 星际穿越
01428154, 8.9, 1246, 费尔南多·佩索阿诗选
04937547, 7.9, 3482, 我的征途是星辰大海
04066638, 9.4, 555, 宇宙兄弟1
24869459, 8.3, 1210, 安德的游戏
30384054, 8.5, 952, 残次品
22542737, 8.1, 1346, 银河帝国15：苍穹一粟
04032387, 9.0, 477, 太空步
01187843, 8.5, 746, 星丛
02340613, 8.0, 1327, 2061太空漫游
02340615, 8.1, 1157, 3001太空漫游
01427340, 8.3, 890, 贵族们的游戏
20504484, 8.4, 770, 火星纪事
03262395, 7.8, 1526, 垂暮之战
22542730, 7.8, 1369, 银河帝国14：星空暗流
01878074, 8.2, 772, 重力使命
04294197, 9.4, 231, 宇宙兄弟2
03734300, 8.7, 415, 不可思议的物理
04294203, 9.5, 202, 宇宙兄弟4
10570091, 8.5, 489, 天堂的喷泉
30194207, 8.6, 433, 你好，这是地球吗？
10532684, 9.0, 293, 赶往火星
22542725, 7.5, 1584, 银河帝国13：繁星若尘
04814392, 7.8, 992, 光逝
04294200, 9.4, 197, 宇宙兄弟3
04312477, 8.9, 286, 天地九重
10471552, 9.6, 163, 宇宙兄弟 9
05395149, 8.0, 689, 宇宙过河卒
03834446, 8.9, 269, 小狐狸海伦留下的……
26320244, 8.7, 321, 巫师、外星人和星舰
05916773, 9.4, 176, 宇宙兄弟 5
06511010, 9.5, 160, 宇宙兄弟 8
05355558, 9.4, 172, 宇宙兄弟 6
26615512, 9.2, 198, The Martian
05063541, 7.9, 696, 卡勒米安墓场
06123754, 9.4, 158, 宇宙兄弟 7
01427342, 8.6, 305, 记忆
10551109, 9.6, 135, 宇宙兄弟 10
26890973, 9.3, 164, 太空之眼
10739920, 9.7, 120, 宇宙兄弟(12)
30475763, 7.8, 655, 2061：太空漫游
27072133, 8.6, 263, 太空全书
27102934, 8.1, 428, 行星全书
10551123, 9.5, 125, 宇宙兄弟 11
01903743, 8.6, 254, 无尽的边界
01898194, 8.5, 266, 外交豁免权
26644974, 8.6, 221, 地球与太空：美国宇航局珍贵摄影集
14347999, 9.6, 98, 宇宙兄弟(13)
33460098, 8.5, 216, 一个天文学家的夜空漫游指南
27149532, 9.0, 141, 太空美术简史
25728813, 8.7, 177, 美国国家地理125年伟大瞬间
01894978, 8.3, 242, 科玛
30271887, 8.3, 237, 七夏娃
25835989, 6.8, 1343, 独家占有Ⅰ
26748185, 7.2, 704, 火星崛起
01937240, 7.4, 536, 星云Ⅴ：格兰格尔5号
30488574, 9.2, 99, 国家地理太空探索全书
07564238, 9.3, 92, DK儿童太空百科全书
26823975, 7.6, 376, 我们为什么要去火星？
02970042, 9.4, 79, 登陆火星
06845575, 7.0, 747, 与吾同在
24745622, 8.3, 154, 太空将来时
34888766, 8.8, 97, 我在太空的一年
34429934, 8.3, 142, 人类的未来
27593462, 9.0, 81, 地球纪元Ⅲ：时间旅者
26937232, 9.2, 71, 国家地理火星零距离
27168170, 8.7, 96, 天体写真
01820115, 8.9, 67, 基地邊緣
02065592, 8.7, 71, 惶然錄
06139597, 9.1, 53, 星空之旅 02
04882000, 7.4, 194, 太阳篡夺者
05355324, 6.8, 398, 时间轴
25918123, 7.9, 115, 太阳系三环到四环搬迁纪要
26313736, 8.4, 76, 照片里的20世纪全球史：1960年代 太空时代
01840517, 7.2, 228, 狼毒
27595496, 8.8, 57, 太空飞行课
01840521, 8.0, 83, 太空商人
26769989, 7.8, 88, 第五维度
32568248, 8.0, 74, 世界的误算2：生而为人
01772150, 8.2, 61, Old Man&#39;s War
02143142, 7.6, 85, 太阳系历险记
27146738, 7.0, 151, 太空生存指南
30329437, 8.6, 39, 群星都是你们的世界
35024865, 8.3, 46, 从太空看地球
06540174, 7.8, 53, Leviathan Wakes
04285999, 9.4, 20, 太空俘虏
01010837, 8.2, 35, 火星：我的第二家园
30379098, 8.9, 23, 《地球与太空Ⅱ：太空传奇》
04937205, 8.5, 24, Packing for Mars
01860338, 7.4, 47, 倒计时
01326421, 8.1, 29, 太阳风
01373089, 8.5, 20, Childhood&#39;s End
01263024, 8.4, 21, 战神的后裔
01764581, 8.6, 17, 拉瑪任務
03677564, 8.9, 13, 战神的后裔
01928555, 7.8, 21, 月之暗面
34840596, 7.6, 21, 人类为什么要探索太空
25922704, 7.1, 29, 沒有名字的人
27095440, 8.8, 11, 宇航员地球生活指南
27098856, 8.5, 12, 普通宇航员
33408680, 6.4, 42, 一只黑猩猩的宇宙史
01152224, 8.0, 14, 探索太空
10484084, 7.2, 20, 撒哈拉沙漠下的亚特兰蒂斯（上下）
04838270, 8.0, 11, 宇宙生物学
01925409, 7.0, 13, 真实空间
34950124, 7.0, 11, 新太空竞赛
01017643, 0.0, 10, 太空问答101
04826095, 0.0, 10, 阿波罗登月计划研究
01159527, 0.0, 11, 太空旅行记
27113992, 0.0, 11, 太空漫游
27007565, 0.0, 13, 美国科学·太空与技术·一年级
