2020-07-05 16:00:00

number of books, tag name
977, 奇幻

ID, rating, votes, title
06082808, 9.2, 294575, 百年孤独
25862578, 8.5, 642227, 解忧杂货店
01041007, 9.1, 170784, 哈利·波特与魔法石
01071241, 9.0, 131714, 哈利·波特与阿兹卡班的囚徒
01009257, 9.0, 126015, 哈利·波特与火焰杯
01039487, 8.9, 126753, 哈利·波特与密室
02295163, 9.0, 100634, 哈利·波特与死亡圣器
01432596, 8.8, 109944, 哈利·波特与混血王子
24531956, 9.7, 21882, 哈利•波特
01013129, 8.7, 106672, 哈利·波特与凤凰社
01336330, 9.3, 32524, 冰与火之歌（卷一）
03608208, 8.5, 120386, 牧羊少年奇幻之旅
01948901, 8.3, 160112, 盗墓笔记
01085470, 8.5, 80221, 海底两万里
01003000, 8.3, 112845, 悟空传
01464203, 9.4, 14007, 冰与火之歌（卷二）
04188697, 9.0, 24791, 子不语 1-2
01986291, 9.5, 12006, 冰与火之歌（卷三）
05916880, 8.4, 68097, 华胥引（全二册）
01321017, 8.8, 27834, 九州·缥缈录
01291809, 8.6, 37092, 世界尽头与冷酷仙境
25826936, 9.5, 9111, 冰与火之歌
26362836, 9.0, 16354, 献给阿尔吉侬的花束
01882933, 8.1, 73251, 鬼吹灯之精绝古城
02298149, 8.4, 37437, 盗墓笔记3
20381804, 9.4, 8037, 冰与火之歌·卷五·魔龙的狂舞（全三册）
03266344, 8.4, 34884, 盗墓笔记4
03210843, 9.2, 9723, 冰与火之歌·卷四·群鸦的盛宴（全两册）
01919201, 8.4, 32757, 七夜雪
06964050, 9.4, 7211, 冰与火之歌·卷一·权力的游戏（全三册）
01180102, 8.9, 14398, 恐怖宠物店（10）
10488620, 9.5, 6246, 冰与火之歌·卷二·列王的纷争（全三册）
06953273, 8.5, 26640, 盗墓笔记
04173968, 8.4, 30157, 盗墓笔记6
03800166, 8.4, 29860, 盗墓笔记5
02057285, 8.2, 42256, 盗墓笔记2
05254315, 8.4, 28752, 盗墓笔记7
01431779, 8.9, 12862, 九州·缥缈录Ⅱ·苍云古齿
10608468, 9.6, 4998, 冰与火之歌·卷三·冰雨的风暴（全三册）
26939596, 8.8, 13740, 殺破狼
06964047, 9.4, 5896, 冰与火之歌（卷一）
03426869, 7.8, 80129, 三生三世 十里桃花
02158161, 8.8, 13293, 世界尽头与冷酷仙境
01040104, 8.8, 12752, 魔戒（第一部）
01180108, 9.1, 7777, 恐怖宠物店1
01452610, 9.2, 6664, 蟲師 (1)  アフタヌーンKC (255)
01340758, 9.3, 5637, Harry Potter and the Sorcerer&#39;s Stone
34672176, 8.6, 14047, 呼吸
25752955, 9.0, 7366, 来自新世界 （上下）
01975797, 8.9, 8397, Harry Potter and the Deathly Hallows
01031740, 8.2, 25255, 寻羊冒险记
01418999, 9.2, 5543, 银河英雄传说
02334065, 9.4, 4309, 塔希里亚故事集
21979017, 9.5, 3787, 魔戒
26264967, 8.4, 17192, 神们自己
03851790, 8.9, 8022, 九州·缥缈录V·一生之盟
02285572, 8.7, 10535, 圣传
01926103, 8.0, 34241, 鬼吹灯之云南虫谷
06431994, 8.2, 23660, 悟空传
02284916, 8.9, 7634, 哈利波特7
11628196, 9.4, 3936, 冰与火之歌·卷四·群鸦的盛宴（全三册）
01485224, 8.5, 13109, 悟空传
02253753, 8.7, 9577, 九州·缥缈录Ⅲ·天下名将
03608235, 8.5, 12866, 失物之书
01058759, 8.8, 7821, 魔戒（第二部）
02271450, 8.6, 10284, 镜·神寂
30366217, 8.5, 11601, 无羁
06016234, 8.9, 6317, 奇风岁月
01316622, 8.3, 15482, 诛仙1
02286313, 8.6, 9059, 九州·缥缈录Ⅳ·辰月之征
01220219, 8.6, 9036, 阴阳师
20326626, 8.6, 8526, 少年Pi的奇幻漂流
01938591, 7.9, 27064, 鬼吹灯之昆仑神宫
01214898, 8.6, 8220, 哈利・波特与凤凰社
01916726, 7.8, 31507, 鬼吹灯之龙岭迷窟
02052049, 9.0, 4642, 海伯利安
26924196, 7.9, 25755, 魔道祖師 一
06974232, 8.0, 20903, 盗墓笔记8·大结局（上）
05502995, 7.6, 44664, 1Q84 BOOK 3
01256186, 8.3, 12197, 护花铃
06964051, 9.5, 2403, 冰与火之歌（卷一）
06973805, 9.4, 2687, 冰与火之歌（卷一）
01342817, 8.7, 6523, 哈利波特5 鳳凰會的密令
02382711, 8.6, 7469, 镜·龙战
02382707, 8.6, 7389, 镜·双城
03155622, 8.1, 15821, 庆余年·壹
25825717, 8.2, 13274, 龙族Ⅲ
03191044, 7.9, 22119, 华莱士人鱼
01341752, 9.2, 3171, Harry Potter And The Chamber Of Secrets
01057444, 8.6, 6947, 大唐双龙传
06434543, 8.0, 18128, 龙族Ⅱ
01316623, 8.4, 8983, 诛仙2
25957852, 9.4, 2352, 精灵宝钻
26613061, 8.9, 4247, 九州·缥缈录
01007952, 9.4, 2314, 蓝熊船长的13条半命
20370889, 8.6, 6333, 霍比特人
03854066, 8.5, 7304, 九州·缥缈录VI·豹魂
02382709, 8.5, 7255, 镜·辟天
02114580, 8.7, 5356, 听雪楼系列典藏版（全三册）
02382710, 8.6, 6143, 镜·破军
01437858, 8.7, 5244, 天行健（全4册）
01326828, 8.3, 9232, 镜·双城
01321018, 8.2, 10579, 九州·羽传说
01344161, 9.3, 2336, Harry Potter and the Goblet of Fire
01082404, 8.4, 7612, X.1
01209078, 8.8, 4142, 魔戒（第二部）
01441326, 9.5, 1800, A Game of Thrones
03034184, 8.0, 13586, 鬼吹灯Ⅱ之四巫峡棺山
01010520, 8.1, 11399, 血薇
01422116, 8.8, 4016, 混血王子的背叛
02337600, 8.0, 13063, 诛仙
11528350, 8.8, 3857, 哈扎尔辞典（阳本）
01059406, 7.0, 101836, 幻城
01965464, 9.2, 2300, 毛毛
01357483, 9.2, 2299, 空之境界（上）
01344160, 9.4, 1826, Harry Potter and the Prisoner of Azkaban
02340300, 7.9, 14497, 鬼吹灯Ⅱ之三·怒晴湘西
06974102, 7.6, 25387, 盗墓笔记8·大结局（下）
03115476, 8.7, 4104, 热夜之梦
01180105, 9.3, 1964, 恐怖宠物店(2)
01434038, 8.9, 3147, 龙枪编年史（全三册）
01161852, 8.1, 9923, 天意
03124525, 7.6, 24231, 暮色
04212812, 8.6, 4611, 紫川（全五册）
01400048, 8.5, 5253, 搜神记Ⅰ-神农使者
01442920, 8.2, 8192, 镜·破军
04737329, 7.6, 23095, 龙族Ⅰ
01458188, 8.8, 3359, 人魚之森
01357739, 9.3, 1840, 空之境界（下）
02148363, 9.4, 1648, 烙印戰士 1
03091122, 9.1, 2278, 百鬼夜行抄1 [東立]
05993314, 8.0, 10666, 安吉拉·卡特的精怪故事集
01410145, 8.2, 7703, 诛仙3
01420794, 8.1, 8991, 诛仙4
03337017, 9.4, 1617, 塔希里亚故事集Ⅱ
26775078, 9.0, 2546, 非人哉
01467599, 8.8, 3257, JOJO的奇妙冒險(01)
01180106, 9.3, 1796, 恐怖宠物店(3)
03191247, 8.7, 3696, 好兆头
01082182, 9.0, 2514, 魔戒（第三部）
01232186, 8.9, 2837, 黑暗精灵三部曲
06797396, 8.5, 4643, 焚舟纪
27115970, 8.0, 9758, 秘密
01313159, 8.1, 8195, 大漠荒颜
01180100, 9.3, 1666, 恐怖宠物店(5)
01478487, 7.8, 13493, 曼珠沙华
03165385, 8.3, 5866, 庆余年·叁
26390937, 9.0, 2299, 猎魔人2：宿命之剑
10608472, 9.6, 1185, 冰与火之歌·卷三·冰雨的风暴（中）
02149655, 7.6, 18970, 鬼吹灯Ⅱ之一·黄皮子坟
10488617, 9.3, 1608, 冰与火之歌·卷二·列王的纷争（上）
26126183, 9.2, 1793, 哈利·波特与魔法石（纪念版）
03165386, 8.3, 5680, 庆余年·肆
26674263, 8.3, 5589, 司藤
03898484, 9.3, 1570, 哈利·波特与阿兹卡班囚徒
10488616, 9.4, 1401, 冰与火之歌·卷二·列王的纷争（中）
03122477, 8.8, 2778, 魅生·涅槃卷
04219728, 9.5, 1256, 塔希里亚故事集Ⅲ
20473089, 8.6, 3597, 有顶天家族
26267087, 8.6, 3575, 猎魔人1：白狼崛起
01939182, 8.0, 8639, 美国众神
03393172, 9.5, 1217, 哈利.波特-(珍藏版)(全七册)
01180099, 9.3, 1497, 恐怖宠物店(4)
01449957, 9.2, 1641, 烙印勇士1
01668021, 8.1, 6944, 寻秦记
10488618, 9.4, 1310, 冰与火之歌·卷二·列王的纷争（下）
03920144, 8.7, 2923, 春宵苦短，少女前進吧！
01452923, 8.0, 8071, 九州·斛珠夫人
02201813, 7.5, 19672, 藏地密码1
27035382, 8.1, 6794, 七根凶简
30313981, 8.7, 2871, 西出玉门 上
03830557, 9.3, 1414, 恐怖寵物店(01)
06903227, 9.5, 1137, 魔戒（插图珍藏版）
01863163, 8.4, 4187, 异兽志
20472730, 7.7, 12780, 龙族Ⅲ
20379254, 9.1, 1713, 霍比特人
02265312, 7.6, 15236, 鬼吹灯Ⅱ之二·南海归墟
10605859, 9.2, 1521, 精灵宝钻
02075822, 9.4, 1221, JOJO的奇妙冒險STEEL BALL RUN飆馬野郎(01)
01221329, 8.5, 3537, 阴阳师·飞天卷
01400049, 8.6, 3053, 搜神记Ⅱ·大荒惊变
03723866, 7.8, 10164, 破晓
01288939, 8.7, 2650, 阴阳师·龙笛卷
02300010, 8.5, 3426, 夜访吸血鬼
01221327, 8.5, 3418, 少年Pi的奇幻漂流
01010898, 7.7, 11779, 格列佛游记
20381805, 9.3, 1291, 冰与火之歌·卷五·魔龙的狂舞（上）
10875954, 9.2, 1435, 魔戒
01433726, 8.0, 6997, 诛仙5
01422079, 9.0, 1770, 十二國記：月之影·影之海（上）
25778124, 8.7, 2522, 冰与火之歌：七王国的骑士
01262837, 8.6, 2846, 阴阳师·凤凰卷
06798506, 8.0, 6753, 华胥引
03903387, 7.5, 15677, 香蜜沉沉烬如霜
26783041, 9.0, 1669, 睡魔1：前奏与夜曲
26578003, 8.3, 4054, 无心法师 第一卷
24882304, 8.7, 2372, 地海传奇：地海巫师
05326849, 8.1, 5445, 奥杜邦的祈祷
01262039, 8.6, 2684, 阴阳师·付丧神卷
03056892, 7.3, 22535, 幻城
20381803, 9.5, 941, 冰与火之歌·卷五·魔龙的狂舞（下）
03315827, 7.7, 10044, 暮光之城·新月
26435000, 8.9, 1772, 猎魔人3：精灵之血
04898551, 8.2, 4412, 四叠半神话大系
01431629, 8.5, 2862, xxxHOLiC(01)
26734228, 8.7, 2206, 鬼吹灯全集
03889682, 8.4, 3174, 饕餮娘子
10875960, 9.4, 985, 魔戒
03124547, 7.7, 9364, 藏地密码2
01770668, 7.9, 6653, 诛仙6
05291181, 8.2, 4102, Blood X Blood：血族传说
03198422, 8.6, 2347, 光明王
10875952, 9.4, 930, 魔戒
26895508, 9.3, 1019, 睡魔2：玩偶之家
03338175, 8.0, 5222, 诗翁彼豆故事集
04219125, 8.3, 3349, 坟场之书
03364853, 7.6, 10160, 月食
01046883, 8.5, 2539, 查理和巧克力工厂
24877320, 7.7, 8371, 龙族Ⅲ
27072515, 9.2, 1097, 猎魔人6：雨燕之塔
27059272, 9.8, 616, 冰与火之歌
03241893, 7.8, 6890, 藏地密码4
01434255, 9.3, 977, 蟲師01
26907740, 9.1, 1184, 猎魔人5：火之洗礼
03830613, 9.5, 790, 恐怖寵物店(10)
01975809, 7.7, 7886, 海上牧云记
26126545, 9.5, 762, 哈利·波特与死亡圣器
20381801, 9.3, 915, 冰与火之歌·卷五·魔龙的狂舞（中）
26575658, 7.8, 6278, 被掩埋的巨人
26962859, 7.7, 7399, 美国众神
26847177, 8.9, 1388, 猎魔人4：轻蔑时代
25891911, 8.6, 1975, 光明王
03909876, 7.8, 6182, 琉璃美人煞（上中下）
03321602, 7.8, 6066, 藏地密码5
01958655, 7.5, 10207, 寻找前世之旅（上下册）
02143487, 8.0, 4311, 茅山后裔1
01469429, 8.4, 2415, 相思门
25808738, 8.9, 1313, 阴阳师典藏合集
30167142, 9.1, 1044, 绿野仙踪
26126498, 9.3, 850, 哈利·波特与阿兹卡班囚徒
25832787, 8.7, 1629, 惊悚乐园1
27059884, 8.2, 3105, 碟形世界：猫和少年魔笛手
26792804, 9.0, 1150, 魔兽世界编年史
01921362, 7.7, 6678, 诛仙7
06845421, 8.3, 2684, 盗墓笔记1·七星鲁王宫
01144385, 7.8, 5626, 镜花缘
20440568, 8.5, 2037, 赤朽叶家的传说
05360394, 9.3, 822, 塔希里亚故事集Ⅳ
01028779, 8.1, 3450, 神奇动物在哪里
25869080, 9.5, 670, 魔戒
02298769, 8.1, 3399, 殷商舰队玛雅征服史
07056972, 9.5, 668, 塔希里亚故事集Ⅴ
01388776, 8.9, 1191, Harry Potter and the Order of the Phoenix
33456675, 8.3, 2472, 镇魂
03830607, 9.4, 710, 恐怖寵物店(08)
26341728, 8.0, 3767, 山河表里
26126497, 9.1, 954, 哈利·波特与密室
03830603, 9.5, 642, 恐怖寵物店(07)
26839167, 9.0, 1047, 一人之下
26916012, 8.4, 2112, 黑暗的左手
03210683, 8.2, 2743, 星尘
04199686, 7.9, 4256, 羽·青空之蓝
26126139, 9.3, 761, 哈利·波特与火焰杯
25735699, 7.5, 8286, 三生三世 枕上书·终篇
04199431, 7.8, 4893, 天帝妖狐
26126522, 9.4, 676, 哈利·波特与&#34;混血王子&#34;
10563041, 8.3, 2325, 将夜之花开彼岸天
26634871, 9.2, 812, 迷宮飯(01)
04842735, 8.3, 2278, 海妖
03244671, 8.1, 2981, 盗墓笔记之2：怒海潜沙
01461652, 8.2, 2585, 纳尼亚传奇：狮子、女巫和魔衣柜
26862626, 7.6, 6454, 克苏鲁神话
03335951, 7.6, 6413, 我的波塞冬
25831096, 9.0, 965, 梦书之城
26425832, 9.2, 783, 纸上中洲
07056952, 9.2, 782, 哈比人
30297170, 9.3, 699, 猎魔人7
26303224, 7.9, 3791, 说部之乱
03830583, 9.4, 623, 恐怖寵物店(03)
30313983, 8.4, 1852, 西出玉门 下
03674734, 8.1, 2758, 涿鹿
01192700, 9.0, 916, 永远讲不完的故事
03628184, 8.9, 1019, 猫武士
30259677, 9.0, 913, 焚舟纪
01316584, 8.7, 1267, 玩具修理者
02373242, 9.3, 671, 酉阳杂俎
24882313, 8.6, 1408, 地海传奇2：地海古墓
26652880, 7.6, 5829, 遗落的南境1：湮灭
01452766, 8.5, 1572, 宾克的魔法
25934300, 8.7, 1236, 塞拉菲尼抄本
03225969, 7.5, 6778, 新月
26839169, 9.3, 656, 一人之下
01373706, 9.2, 720, 魔戒三部曲
02567960, 7.6, 5619, 镜·织梦者
30181592, 7.6, 5610, 天官賜福 一
03830588, 9.4, 588, 恐怖寵物店(04)
06437880, 7.4, 7890, 哑舍
04313949, 8.0, 2935, 奥汀的祝福
30303960, 8.5, 1497, 西出玉門（全四冊）
05264447, 7.4, 7706, 三千鸦杀
26327314, 8.3, 1912, 胚胎奇谭
26765930, 9.4, 572, 努门诺尔与中洲之未完的传说
04853091, 7.7, 4546, 藏地密码8
03830594, 9.4, 567, 恐怖寵物店(05)
03042924, 8.1, 2463, 茅山后裔4
06026287, 7.6, 5243, 藏地密码10
03359946, 7.6, 5226, 盘龙（1～10部）
30250562, 8.5, 1431, 六爻
03830599, 9.3, 608, 恐怖寵物店(06)
01386052, 9.4, 551, The Fellowship of the Ring
02075840, 9.8, 386, JoJo冒險野郎Part 6 石之海 1
03705820, 7.1, 12711, 斗罗大陆（全14卷）
25815081, 8.8, 986, 霍比特人
33424453, 8.5, 1391, 诡秘之主
03866397, 7.7, 4202, 鹿男
26998358, 7.8, 3587, 时光倒流的女孩
05391766, 7.3, 8137, 忽然七日
05394380, 8.2, 1947, 华莱士人鱼
05938338, 8.0, 2546, 花镜
01919733, 8.6, 1170, 彼得潘
30198534, 8.4, 1477, 死灵之书
05363651, 7.5, 5492, 浮生物语
04922018, 7.4, 6484, 斗破苍穹 2
04202300, 8.7, 1021, 都市妖奇谈
25731663, 8.6, 1143, 地海传奇3：地海彼岸
01771920, 9.0, 733, Good Omens
04847836, 7.9, 2807, 羽·赤炎之曈
02057291, 8.1, 2102, 守夜人
04272635, 7.9, 2777, 盗墓笔记：吴邪的盗墓笔记
10786074, 7.9, 2741, 如意蛋
26849245, 8.6, 1093, 子不语
26377359, 8.6, 1086, 浮生物语4（上）
01964560, 7.5, 5005, 沧海
30193601, 8.3, 1536, 好兆头
25829053, 8.3, 1534, 春宵苦短，少女前进吧！
03830610, 9.4, 474, 恐怖寵物店(09)
25748802, 8.9, 765, 地海传奇6：地海奇风
20273030, 8.3, 1518, 哈尔的移动城堡
26725405, 7.8, 3013, Harry Potter and the Cursed Child
01461898, 8.4, 1300, 蜀山剑侠传
25768277, 7.9, 2507, 苗疆蛊事1
25887972, 8.1, 1893, 怪谈·奇谭
02117552, 8.7, 912, 历史的尘埃 1
02133270, 8.5, 1142, 魔法的颜色
26647621, 7.0, 11927, 龙族Ⅳ
01157980, 9.7, 353, The Lord of the Rings
30214588, 9.3, 498, 睡魔4：迷雾季节
26126500, 9.0, 654, 哈利·波特与凤凰社
02288853, 7.9, 2447, 茅山后裔2
06952187, 8.2, 1618, 宵山万华镜
04920037, 6.9, 14301, 临界·爵迹 I
27035185, 8.9, 717, 贝伦与露西恩
34954108, 8.2, 1604, 坟场之书
26839168, 9.3, 477, 一人之下
26871656, 7.3, 6145, 哈利·波特与被诅咒的孩子
26356948, 6.2, 82151, 摆渡人
26260838, 9.5, 396, Harry Potter and the Philosopher&#39;s Stone
03191257, 8.2, 1549, 乌有乡
24871631, 9.3, 462, 哈扎尔辞典（阴本）
04146280, 7.9, 2261, 暮光之城-豪华珍藏版
04920036, 7.0, 10448, 临界·爵迹 Ⅱ
34808267, 8.2, 1484, 萨拉戈萨手稿
27592929, 8.2, 1480, 克苏鲁神话Ⅱ
25851888, 8.2, 1477, 都市传说
26851278, 8.8, 733, 浮生物语4（下）
03698543, 8.4, 1144, 胡林的儿女
01823247, 7.4, 4727, 飞天
01420524, 8.1, 1640, 夜谈蓬莱店
30257985, 8.6, 884, 三十六骑
01928374, 8.4, 1109, 道可道
10527660, 9.1, 523, 魔兽世界编年史 第二卷
06390599, 8.7, 782, 查理九世5·恶魔医务室
01461660, 8.3, 1238, 纳尼亚传奇：魔法师的外甥
03172188, 9.7, 309, 異獸魔都(10)
06890100, 8.5, 958, 缥缈·提灯卷
10749611, 7.5, 3770, 上古
02003209, 8.1, 1548, 蜘蛛男孩
26275998, 8.1, 1530, 寒武再临
10468727, 9.0, 551, 梵歌引.世间月
03172190, 9.7, 297, 異獸魔都(11)
27017782, 8.3, 1170, 二代目归来
01084341, 7.8, 2276, 神奇的魁地奇球
03172182, 9.6, 319, 異獸魔都(06)
06779980, 7.4, 4188, 天命
01102691, 8.9, 591, 吸血侠传奇-(壹)
10770739, 7.4, 4149, 哑舍Ⅱ
01054380, 9.1, 480, 龙族（一）
25742768, 8.4, 991, 地海传奇4：地海孤儿
04839148, 8.8, 638, 阿拉桑雄狮
26307399, 8.8, 638, 吉尔莫·德尔·托罗的奇思妙想
10763425, 8.2, 1257, 查理九世13·鬼公主的嫁衣
01863160, 8.6, 785, 十二國記 - 前傳 - 魔性之子
24531079, 7.5, 3399, 哑舍Ⅲ
10763426, 8.5, 873, 查理九世14·幽灵列车
30270242, 8.1, 1415, 星尘
26598799, 9.3, 393, 冰与火之歌的世界
04825807, 8.4, 977, 提嘉娜
24751077, 9.2, 428, 飓光志第一卷：王者之路（全三册）
01084335, 8.4, 969, 古堡里的月亮公主
06790474, 8.4, 965, 别拿穿越不当工作（全三册）
05912701, 7.7, 2405, 查理九世1·黑贝街的亡灵
03172186, 9.6, 299, 異獸魔都(09)
06722885, 8.1, 1354, 天鹅·闪耀
10537633, 8.2, 1190, 克苏鲁神话
25971439, 8.8, 605, 魁拔之书
34907838, 9.2, 412, 血与火：坦格利安王朝史 第一卷
01461655, 8.3, 1038, 纳尼亚传奇：黎明踏浪号
02988328, 8.9, 539, 瑪莉的音樂盒#上
26998361, 8.2, 1148, 有顶天家族
01131441, 8.3, 1014, 刺客正传Ⅰ·刺客学徒
30424595, 8.8, 577, 山海经
30165023, 7.4, 3533, 北欧众神
26956479, 7.6, 2552, 草原动物园
03679840, 8.1, 1239, 恶魔法则（全12册）
30394127, 9.1, 421, 鬼滅之刃 10
05973095, 9.6, 275, 烙印战士 12
01864119, 8.9, 508, 小飞侠彼得·潘
27185079, 8.6, 688, 睡魔3：梦境国度
27046904, 9.4, 322, 胡林的子女
26600719, 7.9, 1594, 哑舍·零
02376610, 7.7, 2095, 茅山后裔3
25758245, 8.1, 1199, 浮生物语3（上）
24383253, 9.3, 343, 塔希里亚故事集Ⅵ
25962533, 8.4, 824, 神奇动物在哪里
06813389, 8.2, 1037, 盗墓笔记7·邛笼石影
02226171, 8.1, 1173, 守日人
03033094, 9.0, 439, 地海巫師
27105444, 9.0, 439, 鬼滅之刃 7
07153409, 8.8, 532, 龙枪编年史（全3册）
30247169, 9.0, 437, 鬼滅之刃 11：混战
05448926, 9.5, 283, 烙印战士8
04895136, 7.8, 1704, 鸭川小鬼
26856953, 7.4, 3127, 夏目友人帐
01776832, 9.3, 330, The Dream Hunters (Sandman
10529920, 7.8, 1692, 1Q84（全三册）
26603434, 7.8, 1685, 无心法师 第三卷
25790201, 8.3, 887, 阴阳师·第一卷
02139618, 7.3, 3638, 寻找前世之旅续集
25829361, 8.0, 1273, 花花饭
26839170, 9.3, 323, 一人之下
01000934, 8.8, 504, 詹姆斯与大仙桃
26947721, 7.8, 1612, 百妖谱
01373705, 9.3, 314, 魔戒二部曲
27105439, 8.7, 542, 鬼滅之刃 3
27170237, 9.2, 338, 進擊的巨人 23
02216512, 7.7, 1802, 冒死记录
33424489, 9.4, 283, 中洲旅人：从袋底洞到魔多
33453244, 9.0, 400, 鬼滅之刃 15
33461538, 8.3, 817, 冰与火之歌图像小说：权力的游戏（第一卷）
34782362, 7.6, 2042, 佛兰德镜子
30180915, 9.2, 330, 哈利波特与理性之道
06856772, 9.4, 277, 哈利·波特精装全集（套装全7册）
25787839, 8.6, 579, 纳尼亚传奇
06440764, 7.6, 2013, 羽·黯月之翼
01461657, 8.2, 896, 纳尼亚传奇：银椅
01003925, 8.3, 794, 风姿物语No.1
03084682, 7.1, 4502, 琴帝
03084855, 7.2, 3758, 星辰变1
05436811, 8.0, 1130, 幻色江户历
03120450, 8.6, 565, The Graveyard Book
05905877, 7.1, 4440, 重紫（全两册）
27105437, 8.0, 1110, 鬼滅之刃 1
30334816, 8.0, 1096, 九州·飘零书·商博良
27102448, 8.3, 763, 灰猫奇异事务所
26578390, 9.0, 372, 热夜之梦
20388106, 9.2, 310, スピリットサークル 魂環 1巻
01461661, 8.2, 848, 纳尼亚传奇：最后一战
01461653, 7.9, 1233, 纳尼亚传奇：凯斯宾王子
20370555, 9.7, 208, 异兽魔都 (16)
11505944, 8.1, 940, 天鹅·余辉
20394783, 7.6, 1826, 浮生物语2
26726351, 9.0, 358, 進擊的巨人 18
26692170, 8.2, 808, 鬼吹灯3：云南虫谷
05319117, 7.2, 3344, 鬼吹灯之牧野诡事
01410229, 8.4, 639, 魔幻城堡
03897538, 8.6, 515, 大猎捕（上下卷）
25897996, 8.1, 895, 浮生物语3（下）
03001013, 7.9, 1151, 奶牛座的魔履情缘
26656291, 7.9, 1149, 上帝的图书馆
02136038, 6.8, 6947, 诛仙8（大结局）
01461658, 8.1, 886, 纳尼亚传奇：能言马与男孩
02281184, 7.8, 1296, 哈利·波特百科全书
34841936, 9.3, 264, 紫与黑
06802393, 7.9, 1095, 大漠荒颜·帝都赋
01493455, 7.7, 1430, 流云尼玛
33437472, 8.1, 848, 风之影
11444474, 8.4, 600, 缥缈·鬼面卷
26874198, 9.5, 219, 哈利·波特与密室
27059885, 8.2, 748, 碟形世界2：实习女巫和小小自由人
26545120, 9.6, 202, 塔希里亚故事集Ⅷ
03059430, 8.2, 738, 萨布莉尔
03016791, 8.3, 656, 逆流河
02010276, 7.2, 2981, 神墓1·潜龙出渊
30294602, 9.6, 199, 哈利·波特与魔法石
22693008, 8.4, 581, 兔子共和国
26435068, 9.5, 213, Harry Potter and the Chamber of Secrets
27047597, 8.9, 352, 給不滅的你 1
26405975, 8.8, 384, 九州·缥缈录Ⅴ
02272936, 8.5, 511, 图解山海经
26405967, 8.5, 511, 九州·缥缈录Ⅱ
30246175, 8.1, 796, 末日乐园1·极温地狱
27105438, 8.4, 566, 鬼滅之刃 2
06026146, 9.4, 225, 烙印戰士 20
06793756, 8.3, 625, 马戏团之夜
25908039, 8.5, 503, 少年派的奇幻漂流：一部电影的诞生
20273121, 8.2, 687, 易碎品
06845423, 8.0, 871, 盗墓笔记 2
26984868, 8.2, 682, 神奇动物在哪里
30276808, 8.7, 400, 鬼滅之刃 12：上弦集结
30312117, 8.8, 362, 高丘亲王航海记
30163501, 8.9, 329, 西行纪
24852489, 8.2, 670, 青春奇妙物语
26586126, 8.5, 482, 黑糖匣
26629413, 9.1, 273, 龍的學校在山上
30353849, 8.7, 391, 鬼滅之刃 13
25782292, 8.8, 353, 巫魔师
27138973, 8.5, 472, 克苏鲁神话合集
33430542, 8.4, 522, 沙漏做招牌的疗养院
26628814, 7.0, 3610, 龙与地下铁
26991779, 9.0, 290, 查理九世27：九尾灵猫
01795067, 7.6, 1370, 沙门空海之大唐鬼宴·卷之四·不空
30435215, 8.6, 418, チェンソーマン 1
30223818, 7.8, 1021, 时光边缘的男人
01351897, 9.5, 189, Harry Potter and the Chamber of Secrets
26220631, 8.3, 557, 霍夫曼博士的魔鬼欲望机器
26790759, 7.2, 2445, 悟空传
10580816, 9.0, 279, 卫兵！卫兵！
02147373, 7.5, 1509, 朱雀记
10344574, 7.9, 875, 傲风
26405970, 8.5, 441, 九州·缥缈录Ⅲ
33438831, 9.0, 275, 梦的宇宙志
06026147, 9.3, 214, 烙印戰士 22
20492384, 8.3, 538, 查理九世18·地狱温泉的诅咒
25921286, 7.4, 1705, 民调局异闻录1·苗乡巫祖
30394973, 8.2, 592, 克苏鲁神话Ⅲ
04118264, 7.4, 1672, 五蠹
26111149, 7.2, 2264, 第一日
04277650, 7.2, 2222, 结爱·异客逢欢
30170729, 9.4, 190, 一人之下 10
06967939, 9.2, 222, The Hobbit
04922017, 6.8, 4528, 斗破苍穹 1
20473569, 7.0, 3096, 河神1·鬼水怪谈
34954100, 9.3, 202, 刚多林的陷落
30316403, 7.9, 786, 夜行
03284415, 7.9, 773, 大厦
25973609, 8.0, 684, 时间海
27090965, 8.9, 272, 來自深淵(01)
26767242, 8.2, 539, 亲爱的阿道夫
25880067, 7.4, 1502, 安珀志1：安珀九王子
10560806, 8.9, 270, 迷雾之子3·永世英雄（上下册）
26325866, 8.9, 270, 第一律法·卷二
10540821, 7.8, 862, 龙缘（全二册）
02040795, 7.5, 1284, 佛本是道1
26320244, 8.7, 321, 巫师、外星人和星舰
01760893, 7.5, 1280, 钻石花
10605613, 8.3, 477, 千妖百魅1
26904327, 7.2, 2016, 妖猫传 1
30389693, 8.9, 267, 有一个地方叫夏
25760119, 9.1, 225, 《霍比特人》的艺术
30312387, 8.4, 426, 无名之城
25739928, 8.0, 660, 累 1
02149618, 7.9, 743, 氏族之王
25922733, 7.2, 1971, 哑舍Ⅳ
01743003, 8.2, 513, 像天使一样堕落
27027116, 7.2, 1919, 悟空传
17604305, 9.5, 160, 塔希里亚故事集
26891605, 8.0, 635, 龙血1
34431868, 8.6, 332, 六爻
26148066, 8.4, 399, 第一律法 [卷一]
01939273, 7.7, 891, 迷离夜
26534879, 7.5, 1169, 夜之国的库帕
30188470, 9.2, 193, 第一律法·卷三
26134061, 7.3, 1540, 忘川 上
03897534, 7.9, 681, 世界之眼（上下卷）
26428327, 8.3, 433, 空之境界 上
01467905, 7.4, 1317, 孔雀王01
26261403, 8.0, 592, 九州·缥缈录Ⅰ
04708141, 8.1, 528, 爱丽丝梦游仙境
30467134, 8.6, 313, 哑舍·零
06859712, 8.9, 237, 獵魔士：最後的願望
26925309, 9.7, 129, 冰与火之歌 卷三
25805143, 8.4, 376, 他方世界
26405980, 8.4, 376, 九州·缥缈录Ⅵ
04828417, 7.8, 734, 贞观幽明谭
06048869, 8.4, 375, 鬼妈妈
26722307, 7.7, 824, 暗夜独行客
26834592, 8.4, 370, 夏日遇见狄更斯
03703510, 7.0, 2326, 谜踪之国 I
26594195, 9.1, 197, 渡鸦之影Ⅱ
26281603, 8.6, 300, 渡鸦之影1·血歌（上下）
10566123, 7.9, 625, 山海经
26925311, 9.6, 133, 冰与火之歌 卷四
26692155, 8.2, 441, 鬼吹灯8：巫峡棺山
10545776, 8.3, 397, 迷雾之子1·最后帝国（上下册）
04604958, 7.8, 696, 波西.杰克逊与神火之盗
26818779, 8.6, 294, 绿里
07008029, 9.4, 151, 指环王1-3合集(3DVD9院线版)
25921287, 7.4, 1169, 民调局异闻录2·清河鬼戏
30284640, 9.4, 147, 一人之下. 11
24757288, 8.2, 415, M代表魔法
06523085, 9.4, 145, Codex Seraphinianus
25867966, 8.4, 337, 家守绮谭
06713332, 8.0, 514, 佣兵天下全集
27201425, 6.9, 2438, 妖猫传
26369156, 7.6, 819, 猫饭奇妙物语
04060086, 8.5, 298, 猫武士二部曲之1
30302117, 7.8, 627, 企鹅公路
26405972, 8.3, 359, 九州·缥缈录Ⅳ
27189923, 8.8, 224, 奇迹之书
30334629, 9.1, 175, 星球大战如何征服全宇宙
07047307, 7.7, 690, 查理九世12·失落的海底城
30470012, 8.6, 261, 怪物少女妮莫娜
25712589, 7.5, 883, 夜行
26692171, 7.6, 770, 鬼吹灯2：龙岭迷窟
03326292, 8.8, 217, Howl&#39;s Moving Castle
26879779, 8.1, 424, 失物之书
26925307, 9.6, 118, 冰与火之歌 卷五
07047309, 7.8, 593, 查理九世9·羽蛇神的黄金眼
26707942, 6.4, 5832, 知更鸟女孩
05367354, 8.2, 376, 波西·杰克逊与最终之神
30217962, 8.3, 335, 魔兽世界编年史·第三卷
02970998, 6.8, 2542, 青囊尸衣
30144093, 8.1, 407, 寻羊冒险记
27034437, 8.2, 363, 最后的独角兽
30396931, 9.5, 121, 一人之下
27030522, 8.5, 269, 时间海3
25719558, 8.0, 447, 闻香榭之一 脂粉有灵
25921289, 7.4, 937, 民调局异闻录4·亡魂列车
26692167, 7.8, 559, 鬼吹灯4：昆仑神宫
34461213, 8.7, 223, 环形物语
26913321, 8.3, 318, 康斯坦丁1：原罪
26125800, 7.4, 903, 民调局异闻录6·无边冥界
19954996, 7.4, 900, 浮生物语外传
25921288, 7.3, 1036, 民调局异闻录3·血海鬼船
26895033, 7.0, 1621, 知更鸟女孩2
33427953, 9.5, 115, 神话与魔法
30219364, 8.1, 372, 乌有乡
30264384, 7.8, 515, 山海经密码大全集
30313283, 9.1, 150, 夏日時光(01)
27069576, 7.9, 454, 幻想曲
10546893, 8.0, 406, 风之名
06789608, 8.1, 362, 濒死的地球
27609614, 9.6, 104, 爱丽丝漫游奇境 双语版
26751728, 7.1, 1287, 哑舍Ⅴ
30297157, 8.6, 221, 爱因斯坦的梦
25921424, 8.0, 393, 查理九世22·所罗门王的魔戒
26438476, 9.6, 102, ダンジョン飯 2巻
26867351, 7.5, 711, 朱颜
04090380, 7.0, 1463, 谜踪之国 II
25927836, 9.7, 95, 所有的邪恶
02886508, 8.6, 214, 纳尼亚传奇 The Chronicles of Narnia Movie Tie-in Box Set
26267088, 8.2, 311, 洛基启示录
30283392, 8.2, 310, 蜘蛛男孩
34793646, 9.0, 153, 关于小精灵的几乎全部真相
02248998, 9.6, 100, Good Omens
20414893, 7.7, 529, 齐天传
30365079, 8.1, 338, 四时歌
01449981, 6.2, 6669, 无极
30221084, 9.1, 139, 寶石之國 1
10795878, 7.0, 1377, 仙逆
21714358, 8.2, 299, 地火明夷 1
06424415, 7.1, 1166, 山海经密码
26639959, 8.4, 246, 迷雾之子1
26125718, 7.3, 865, 民调局异闻录5 ·赌城妖灵
01351869, 8.4, 245, Coraline
30156666, 8.4, 245, 像里兹饭店那样大的钻石
25777845, 7.7, 511, 浮珑
33380620, 8.8, 171, 坟场之书
26768345, 9.4, 109, 山河社稷图.1
27045883, 9.8, 84, 哈利·波特
10763427, 7.7, 502, 查理九世15·海龟岛的狩猎者
27036314, 8.5, 219, 双身记
24283497, 7.4, 730, 狐狸的故事
30401618, 9.5, 101, 一人之下
26919356, 9.0, 144, 不滅のあなたへ 1
30294601, 9.2, 124, 哈利·波特与密室
30183846, 7.1, 1113, 火神
06712400, 7.6, 559, 莫雷尔的发明
26609967, 6.8, 1805, 他与月光为邻
30370310, 8.3, 258, 约翰的预言
30258687, 8.2, 283, 战略级天使
04847645, 7.8, 430, 波西·杰克逊与巨神之咒
30362713, 8.4, 230, 魔姬 第一卷 觉醒
26666023, 8.2, 277, 睡美人与魔纺锤
26666025, 8.1, 306, 饕餮娘子1：桃花谣
25919864, 7.7, 470, 奥术神座1·女巫笔记
34874546, 8.9, 148, 唐宋传奇集
30294605, 9.4, 103, 哈利·波特与阿兹卡班囚徒
22933018, 6.2, 5661, 斗破苍穹
02232544, 6.8, 1695, 冰火魔厨
26904095, 7.3, 781, 博物学家的神秘动物图鉴
30245480, 8.3, 247, 超自然变形动物图鉴
02331243, 7.9, 368, 罗德斯岛战记VOL.1灰色魔女
33386710, 7.2, 885, 七侯笔录
06311231, 7.5, 589, 神的平衡器
33400694, 8.5, 202, 皇帝魂
26274434, 8.2, 267, 英伦魔法师
01489079, 6.8, 1637, 狂神
27187203, 8.8, 156, 饕餮记3
06265773, 7.4, 659, 巨龙的颂歌
05395351, 9.6, 88, 猫武士外传2:蓝星的预言
03210923, 7.8, 398, 荆棘王
34996428, 8.7, 163, 赤朽叶家的传说
25997575, 6.9, 1308, 天之炽1
10546528, 7.5, 548, 伊岚翠
25923242, 7.7, 429, 如何不相离
01421870, 7.8, 373, The Lion
27607072, 8.1, 271, 知更鸟女孩4末日风暴
01923602, 9.1, 115, 洪荒孤女（全四册）
04129244, 8.8, 144, 星光指路-猫武士-新预言二部曲之-4
26835827, 8.8, 144, 想象地名私人词典
26261238, 6.9, 1229, 超禁忌游戏Ⅰ
25245712, 7.4, 594, 黑暗塔1：枪侠
24153031, 7.8, 365, 夜市
05913297, 8.5, 183, 惑星公主蜥蜴騎士 01
26617142, 8.1, 263, 最后的猎巫人
02241265, 8.3, 217, 再生勇士1·失落之村
20492383, 7.5, 512, 查理九世17·外星怪客
02067316, 8.0, 286, 活埋庵夜譚
33476508, 7.6, 443, 山海戮 1
26795253, 7.8, 350, 九州·斛珠夫人
30262932, 9.2, 102, 欧赫贝26国幻游记
27113214, 7.8, 339, 黑色佣兵团
24865817, 9.0, 115, 纳尼亚传奇全集
26417441, 9.6, 77, A Song of Ice and Fire (1-5)
23933821, 7.7, 376, 傲世九重天1·苍天可逆
24715870, 7.8, 331, 战士（套装上下册）
34834474, 8.5, 168, 造物者之歌2
26929777, 6.8, 1254, 九州·海上牧云记
19936148, 9.0, 112, 偃师2
20273033, 7.9, 291, 空中城堡
03680373, 9.2, 96, 蓝熊船长的13条半命
20504955, 8.0, 259, The Ocean at the End of the Lane
26842866, 8.4, 177, 空之境界 未来福音
30161853, 7.3, 566, 迦梨之歌
05367352, 7.7, 347, 波西·杰克逊与迷宫之战
10593893, 7.3, 564, 秘境之匣
30448934, 8.2, 207, 刺客信条：大明风云
10439161, 7.0, 853, 星辰变（上中下）
26603435, 6.8, 1143, 无心法师 第四卷
22162300, 9.4, 80, Beautiful Darkness
26896735, 8.3, 181, 饕餮记2
35034742, 9.4, 79, チェンソーマン 7
06794256, 8.2, 193, 花弦月·妖裹行天（上下）
26636393, 7.6, 356, 饕餮记
02213489, 6.9, 901, 空速星痕
27615523, 8.6, 134, 不死之因 下
27615505, 8.4, 157, 不死之因 上
27168435, 8.0, 226, 第五季
05912709, 7.1, 649, 查理九世3·恶灵栖息的乌鸦城
06720787, 8.1, 204, 封神演义
24534797, 10.0, 53, The Silmarillion
05697408, 7.4, 433, 伪伦敦
34672220, 7.4, 429, 灵魂漫长而黑暗的茶点时间
26695340, 7.4, 427, 從前有座靈劍山 1
27173656, 8.3, 166, 绝迹动物古抄本
27176868, 8.5, 139, 方尖碑之门
34844421, 9.4, 73, 一人之下 16
30387898, 7.5, 368, 金色机械
33400559, 8.0, 215, 睡莲花下的奇书
30387283, 7.5, 367, 崔老道传奇
25707505, 8.1, 194, 云中兰若
26956486, 7.4, 409, 无根之木
34799480, 7.1, 602, 天气之子
26801110, 6.7, 1096, 遗落的南境3：接纳
35051813, 8.6, 122, 诡秘之主 1
26844769, 7.8, 251, 回到过去变成猫1
26283241, 7.2, 506, 光与暗的生灵
34842288, 8.3, 155, 黑暗物质Ⅰ：精灵守护神
33442264, 8.3, 153, 阴阳师·萤火卷
04050577, 8.1, 180, 猫头鹰王国1-暗算
34430494, 8.2, 163, 魔幻玩具铺
34466200, 8.8, 100, 鹅笼记
26671170, 6.9, 728, 神圣懒汉的冒险
30290250, 8.1, 175, 勉传
02379102, 8.7, 106, The Last Wish
26868923, 7.1, 533, 怪屋女孩
26857369, 8.0, 190, 烟与镜
02310458, 7.5, 321, 查布克夫人的画像
30342380, 7.8, 225, 下雨的书店
34983171, 9.4, 64, 夜闻录
30398416, 7.9, 203, 巧合制造师
34822443, 8.1, 167, 潘神的迷宫
30253006, 7.8, 220, 天宝伏妖录 卷二
26348618, 6.8, 764, 超禁忌游戏Ⅱ
25838371, 8.0, 178, 时间箭
30488238, 8.8, 92, 独角兽魔法全书
34825703, 9.4, 62, 巫兹纳德系列：训练营
05909528, 7.9, 195, 沉寂的星球
34907858, 8.5, 115, 龙彦之国绮谭集
01373609, 9.6, 55, Unfinished Tales
02150985, 6.3, 1772, 光之子（上中下）
20273032, 7.8, 213, 迷宫之屋
11522531, 7.6, 261, 斗破苍穹漫画版1
19896056, 9.4, 61, 永恆之王: 亞瑟王傳奇
30378207, 8.6, 102, 冷宴
06425903, 7.2, 403, 鱼馆幽话
05915713, 6.0, 3030, 爵迹.燃魂书
26692164, 7.2, 381, 鬼吹灯6：南海归墟
26656281, 9.5, 54, 回忆、悲伤与荆棘 卷二：诀别石
34648287, 8.2, 134, 幻兽动物园
05310814, 8.8, 84, 猫武士外传之1火星的探索
25751571, 8.2, 133, 处女座：完美年华初相见
26806567, 7.2, 376, 高能预警
30297416, 7.5, 260, 雷沙革村的读墨人
33417111, 8.0, 156, 阴阳师·醍醐卷
27174128, 8.8, 82, 黑暗精灵
10442933, 8.0, 155, 恬不知耻的紫烟
33423752, 8.0, 155, 水形物语
27156954, 6.9, 545, 亚瑟王之死
01364436, 8.2, 129, 尖牙與利爪
26854185, 7.2, 355, 克苏鲁的呼唤
33461530, 8.5, 99, 西行纪
24749046, 7.1, 398, 本日优惠日
25857006, 8.1, 135, 乌有王子1·前度的黑暗
01677117, 8.9, 73, 玛丽阿姨打开虚幻的门
06804602, 8.4, 105, A Monster Calls
33442262, 8.0, 146, 阴阳师·天鼓卷
30434070, 8.4, 103, 炼金术战争：机械人
35049445, 9.6, 47, 一人之下 21
25971870, 8.9, 70, 克鲁尔
04909029, 8.0, 139, 森林魔法师（全二册）
34436814, 8.4, 98, 纣临  1
34913472, 8.0, 134, 七个平行世界的我
04023239, 7.2, 304, 天王
05260149, 8.1, 121, 神契幻奇谭（1）
11522532, 7.2, 299, 斗破苍穹漫画版2
25901063, 8.7, 75, 十二國記: 月之影.影之海 (上)
26651639, 7.8, 155, 开始写吧！——科幻、奇幻、惊悚小说创作
35010150, 8.1, 117, 易碎品
34802295, 9.2, 52, 魔姬 第二卷 血脉
25779664, 6.4, 887, 怪谈
24545047, 8.8, 66, 天行轶事-贰
35049359, 9.8, 37, 一人之下 20
26671008, 6.1, 1458, 摸金校尉之九幽将军
30272676, 8.5, 78, 冰风谷
01164711, 7.5, 185, 光之暗面
35049612, 9.9, 34, 一人之下 19
26710462, 8.1, 104, 虛構推理 01
33448173, 7.9, 123, 我的奇异时光
30376418, 7.2, 251, 奇想博物志
27154252, 7.5, 180, 奇径人生
27110817, 7.7, 147, 魔王 I
10416530, 6.4, 773, 鬼吹灯之抚仙毒蛊
26818782, 6.7, 476, 爵迹：雾雪零尘
30256566, 6.5, 639, 狐狸男孩
35039804, 8.9, 56, 精灵薇卡：奥伯龙之怒
07163389, 6.4, 723, 光明之子-神印王座-I
20423631, 8.3, 83, 西岸三部曲1·天賦之子
02984807, 8.1, 97, 再生勇士2·发展之路
27060209, 7.5, 161, 九霄奔云传
33461541, 8.7, 59, 冰与火之歌图像小说：权力的游戏（第四卷）
25886997, 7.7, 129, 回忆、悲伤与荆棘1·龙骨椅（上下）
05329051, 8.5, 67, 再生勇士8·独立之日
26657576, 7.2, 213, 异乡人1
27120445, 6.1, 1075, 蒲公英王朝
11507219, 8.2, 82, 吞食上弦月的獅子
26712018, 6.8, 340, 悬崖的错觉
27170402, 6.2, 840, 四海鲸骑
26824352, 6.8, 328, 爵迹：永生之海
25660555, 7.6, 130, 十三绣衣使 第壹卷
33461315, 9.1, 43, 战锤:荷鲁斯之乱编年史
05914455, 7.2, 195, 阎魔
35013499, 7.8, 107, 十月国度
27098880, 8.3, 71, 飓光志2·光辉真言
10792272, 5.9, 1436, 武动乾坤1·血池石符
25910925, 7.4, 154, 天下
26684262, 8.2, 75, 奇幻文学导论
25913452, 7.5, 136, 星河
26808094, 7.5, 136, 必有恶人来
30409147, 8.7, 52, 百鬼夜行
26636683, 7.7, 108, 尸骨袋
25843901, 8.0, 83, 龙族Ⅲ
34886620, 8.7, 50, 猫城记
02009183, 8.4, 61, Anansi Boys
34648293, 7.8, 95, 幻想博物志
35051814, 8.6, 52, 诡秘之主 2
20440895, 5.8, 1455, 斗罗大陆·第二部·绝世唐门1
30354486, 7.0, 204, 惊奇与怪异
27104547, 6.2, 643, 天坑鹰猎
34811100, 7.6, 107, 克苏鲁神话
27177025, 8.6, 49, 幻想女人國 2
24389756, 8.7, 46, 帕迪多街車站
34941528, 8.2, 64, 得到你的一百种方式
27186444, 8.0, 74, HONEY BLOOD 1 你的血很甜
10799163, 8.2, 63, 7王圣钥系列
35005819, 8.9, 40, 小镇物语
25805243, 7.1, 166, 斬！赤紅之瞳 01
03197650, 7.8, 84, 再生勇士4·卫国之战
25872258, 6.4, 396, 黄衣王
27126191, 9.1, 34, 異種族レビュアーズ
03099663, 7.7, 86, 再生勇士3·游吟之旅
27098878, 9.6, 26, 飓光志1·王者之路
03412170, 7.8, 78, 再生勇士5·新的世界
33372392, 7.8, 76, 恋爱寄生虫
10867834, 6.9, 181, 光年Ⅰ
34433924, 7.9, 69, 巫师：乌鸦的诅咒
34812306, 8.6, 42, 白銀の墟 玄の月 第一巻 十二国記
25888099, 7.2, 127, 天才儿子腹黑娘亲(1)-武林萌主
01975767, 8.1, 58, 仙术超攻壳
35017509, 8.0, 61, 庆余年·第四卷：龙椅在上
34978624, 8.4, 46, 扑火
34819594, 8.7, 38, 騎乘之王
01344706, 9.0, 32, Tehanu
26299947, 7.4, 98, 机械心
27621385, 8.5, 42, 回忆、悲伤与荆棘 卷三：天使塔 上册
33445985, 9.6, 23, 消逝世界漫游指南
26435484, 6.6, 221, 刺客信条：大革命
03914688, 7.8, 65, 再生勇士6 建国之途
33421485, 7.2, 110, 奪夢
34923030, 7.8, 64, 黑暗物质三部曲
33461539, 8.0, 55, 冰与火之歌图像小说：权力的游戏（第二卷）
34936417, 6.8, 165, 天坑宝藏
25891894, 8.3, 44, 冬日传奇
27117953, 5.9, 576, 超禁忌游戏 大结局
34984900, 9.7, 20, 迷宫饭7
34949216, 8.9, 29, 万景图世界：空幽森林
33461540, 8.0, 49, 冰与火之歌图像小说：权力的游戏（第三卷）
04884908, 7.1, 104, 圖解克蘇魯神話
34461216, 6.5, 208, 沙德维尔的暗影
30324823, 8.6, 33, 偷影子的人
27087756, 7.4, 77, 故宫里的大怪兽1
11527041, 6.0, 431, 武动乾坤2·力挽狂澜
34998064, 8.4, 36, 鬼刀2WLOP个人插画作品集
20500942, 7.8, 53, 浪漫传说-2
30400026, 8.2, 40, 回忆、悲伤与荆棘3·天使塔（下）
34886470, 9.0, 25, 那年夏天，你打来的电话
05355820, 7.7, 55, 沼地森林
01864121, 7.3, 76, 重返梦幻岛
34842289, 7.8, 50, 黑暗物质Ⅱ：平行世界的精灵
26862624, 8.0, 43, 克苏鲁神话 Ⅰ
30383923, 6.8, 106, 无法完成的告别
25919828, 8.1, 35, 歌门鬼城四部曲套装
33387398, 8.0, 36, 追月亮的女孩
34853405, 6.5, 136, 一曲三笙
27063967, 7.4, 54, 刺客信条：异端
01863794, 6.5, 130, 魔法的历史
34869638, 7.6, 43, 吹牛爸爸的奇幻之旅
26727196, 7.7, 39, 镜花缘
26850593, 8.2, 26, 与魅共舞
26668296, 7.9, 31, 与魅共舞
10808624, 7.2, 50, 倒吊者
25728075, 6.8, 68, 光年Ⅱ
34996673, 9.0, 16, 阿特米斯 1：精灵的赎金
26877021, 6.1, 149, 半面妆2
10735449, 7.3, 42, 剑空
35048960, 8.8, 17, JOJO的奇妙冒險PART.8 JOJOLion 22
03924179, 9.2, 14, 月光條例(04)
03668371, 8.3, 21, 月光條例(02)
33161533, 7.5, 34, 结爱：南岳北关（上、下册）
26673852, 6.0, 147, 刺客信条：兄弟会
34834968, 7.3, 37, 纣临 2
35073589, 7.5, 32, 三線輪迴（一）
35000734, 9.4, 12, 百界歌
34826139, 7.0, 45, 隐页书城（三部曲）
30217943, 6.7, 59, 纸魔法
34902233, 8.3, 19, 蹺蹺板怪物
27135764, 7.0, 43, 御谜士三部曲（全3册）
34834108, 7.2, 36, 黑暗物质Ⅲ：没有精灵的世界
30398629, 8.7, 15, 文豪怪談──從江戶到昭和的幻想引路人
30824832, 7.6, 25, 血之遗产
34898211, 7.0, 38, 纣临 3
26640249, 5.4, 282, 半面妆
26997802, 7.8, 18, Oathbringer
30295451, 7.9, 16, 仙灵王庭纪
30379850, 6.6, 31, 妖怪小旅馆
30300204, 6.4, 34, 我不属于他们
26774522, 6.1, 40, 触摸
26756898, 7.0, 18, 奇幻世界藝術&amp;RPG地圖繪製講座
25800205, 7.3, 15, 盘龙4
27017276, 7.6, 11, 睡谷的传说——欧文奇幻短篇小说选
34710189, 5.3, 71, 邪恶力量
26613020, 0.0, 10, 平荷伊之蛋
34887904, 0.0, 10, 独角兽魔法传说
35052304, 0.0, 11, 塔希里亚故事集
34907521, 0.0, 27, 猎星者（全二册）
34893992, 0.0, 34, 江汉关传奇：张星铄与勾陈神剑
