2020-07-05 16:00:00

number of books, tag name
103, 威廉·福克纳

ID, rating, votes, title
01052074, 8.8, 5280, 喧哗与骚动
02349930, 8.8, 4709, 秘密花园
01082946, 8.8, 2155, 我弥留之际
02170469, 8.9, 1789, 喧哗与骚动
26276923, 7.9, 5975, 礼拜二午睡时刻
26290041, 9.0, 1345, 喧哗与骚动
26267263, 9.0, 1193, 八月之光
04213981, 8.4, 2211, 好人难寻
01090877, 8.8, 1300, 献给爱米丽的一朵玫瑰花
04619135, 9.1, 801, 押沙龙，押沙龙！
04619207, 8.9, 940, 我弥留之际
04619176, 8.9, 832, 喧哗与骚动
03431637, 8.6, 931, 野棕榈
03339461, 8.8, 732, 推销员之死
26267258, 8.7, 784, 我弥留之际
01958068, 9.1, 501, 喧哗与骚动
03131613, 8.5, 715, 八月之光
01082945, 9.3, 325, 押沙龙，押沙龙！
26630903, 8.9, 395, 喧哗与骚动
04618955, 9.2, 290, 去吧，摩西
26292552, 8.3, 647, 献给爱米丽的一朵玫瑰花
26980627, 8.4, 575, 献给艾米丽的一朵玫瑰
01161412, 8.9, 349, 八月之光
04619252, 8.8, 378, 八月之光
30163282, 7.8, 1024, 西西里柠檬
26811250, 8.6, 398, 野棕榈
27130354, 9.5, 183, 押沙龙，押沙龙！
26576527, 9.0, 239, 我弥留之际
01907590, 8.9, 206, 从存在到存在者
05976619, 7.5, 672, 隐者
19975223, 8.3, 273, 我弥留之际
02372034, 8.2, 286, 福克纳随笔
34918835, 9.9, 76, 威廉·福克纳短篇小说集
01064348, 9.2, 115, 喧哗与骚动
01901886, 9.5, 93, 福克纳中短篇小说选
26812677, 9.4, 84, 去吧，摩西
01037467, 9.1, 99, 押沙龙，押沙龙！
26532227, 8.7, 132, 喧哗与骚动
04618805, 7.9, 263, 圣殿
26630909, 8.7, 124, 没有被征服的
24700602, 8.6, 123, 我弥留之际
01072405, 8.8, 104, 发现者
26630908, 8.8, 90, 村子
30346983, 8.5, 100, 我弥留之际
26991554, 8.5, 91, 八月之光
01847595, 8.4, 92, 熊
26654278, 7.9, 134, 福克纳短篇小说集
26630906, 8.3, 94, 大森林
02372033, 8.2, 88, 福克纳的神话
02259927, 9.2, 42, 福克纳传（上下）
25781305, 8.4, 69, 外国中短篇小说藏本：福克纳
26630905, 8.2, 74, 圣殿
04619019, 7.9, 92, 掠夺者
30223188, 9.0, 42, 我弥留之际
04618670, 7.8, 97, 坟墓的闯入者
01658612, 9.2, 37, 村子
30219689, 8.6, 51, 喧哗与骚动
25811149, 7.8, 90, 去吧，摩西
05326052, 8.4, 54, 一支给埃米莉的玫瑰
30230103, 6.3, 431, 喧哗与骚动
30358500, 9.2, 31, 八月之光
21351590, 8.4, 45, 喧哗与骚动
30222440, 9.1, 27, 押沙龙，押沙龙！
27054039, 7.8, 60, 寓言
01420277, 8.4, 39, 威廉·福克纳研究
25163434, 8.1, 46, 去吧，摩西
26991546, 8.0, 49, 我弥留之际
01901844, 8.8, 29, 我弥留之际
20506175, 7.8, 53, 我弥留之际
03045050, 8.3, 37, 福克纳评论集
01593126, 8.7, 28, 去吧，摩西
30345792, 8.5, 31, 成为福克纳
27130347, 7.7, 50, 福克纳随笔
01292406, 7.8, 44, 圣殿
26319050, 7.5, 51, 福克纳随笔
30219691, 8.0, 34, 献给爱米丽的一朵玫瑰花
01009095, 7.9, 36, 圣殿
27141617, 8.4, 26, 寓言
26641269, 8.6, 23, 喧哗与骚动
26428665, 7.3, 49, 坟墓的闯入者
27091149, 8.0, 29, 押沙龙
26341238, 7.6, 32, 我弥留之际
27031281, 7.5, 34, 士兵的报酬
01139591, 7.1, 44, 福克纳传
01982734, 8.7, 16, 福克纳作品精粹
26694299, 8.7, 15, 威廉·福克纳：成为一个现代主义者
26662919, 8.4, 15, 许愿树
25824615, 8.2, 16, 去吧，摩西
27133596, 6.6, 42, 水泽女神之歌
26186523, 7.6, 20, 密西西比
25973796, 6.3, 55, 福克纳书信
25973795, 6.2, 60, 福克纳演说词
26424317, 7.2, 25, 诠释者
30222439, 8.3, 12, 圣殿
30222437, 7.2, 17, 福克纳随笔
30219690, 7.6, 11, 坟墓的闯入者
26290446, 6.4, 23, 圣殿
04813715, 6.2, 26, 威廉·福克纳
01022223, 7.1, 12, 坟墓的闯入者
24840360, 5.8, 25, 一个旅客的印象
25962885, 5.7, 25, 哥特式玩具房
26843150, 6.0, 15, 献给爱米丽的一朵玫瑰花
01070242, 0.0, 10, 掠夺者
