2020-07-05 16:00:00

number of books, tag name
627, 婚姻

ID, rating, votes, title
01007305, 9.6, 291296, 红楼梦
01008145, 8.9, 372549, 围城
01068920, 9.3, 158306, 飘
01029791, 8.8, 191231, 许三观卖血记
11524204, 9.3, 51908, 围城
06710437, 9.3, 50259, 撒哈拉的故事
01141406, 8.5, 186822, 简爱（英文全本）
26986954, 9.0, 45483, 新名字的故事
01963684, 8.6, 69831, 半生缘
01855364, 9.2, 23986, 围城
01401841, 9.0, 32404, 傲慢与偏见
06880158, 8.8, 44082, 陆犯焉识
01014278, 8.4, 79124, 红玫瑰与白玫瑰
01069848, 9.0, 27897, 围城
26382433, 8.2, 115949, 无声告白
10560798, 8.7, 41720, 面纱
26425831, 8.8, 33334, 斯通纳
04920007, 8.8, 31633, 不能承受的生命之轻
03633461, 8.7, 37284, 一句顶一万句
27104959, 8.7, 34371, 离开的，留下的
03026879, 8.8, 28936, 爱的艺术
04881639, 9.0, 17361, 傲慢与偏见
24745649, 9.2, 11893, 围城
01461903, 7.8, 138119, 何以笙箫默
24934182, 8.1, 68609, 一个人的朝圣
10757940, 8.7, 21626, 倾城之恋
26757680, 9.0, 12703, 面纱
03607117, 8.9, 14585, 稻草人手记
05952488, 9.0, 12180, 亲密关系
26896859, 8.8, 15975, 当呼吸化为空气
01015452, 8.3, 34933, 国境以南 太阳以西
27084173, 8.7, 15167, 阿麦从军：全新修订版
01045926, 9.1, 7964, 傲慢与偏见
01464989, 9.1, 7463, 围城
34434309, 7.9, 50438, 82年生的金智英
26585065, 9.4, 4308, 亲密关系
27070488, 9.3, 4444, 围城
01427288, 8.4, 15591, 小妇人
01083477, 8.1, 22174, 包法利夫人
03102324, 7.7, 44693, 秘密
02230208, 7.9, 25885, 我的前半生
02031604, 9.0, 4345, 离婚
30218241, 9.1, 3290, 建筑师
01792984, 8.3, 9826, 一个女人的史诗
01050465, 9.0, 3397, 浮生六记
01079252, 8.2, 10490, 爱情笔记
30389372, 8.7, 4389, 成为
02143904, 8.8, 3715, 进化心理学
27042344, 8.8, 3594, 醒来的女性
24541883, 8.1, 9302, 消失的爱人
27140882, 9.2, 2066, 伊凡·伊里奇之死
01444900, 8.6, 4371, 爱的五种语言
03640067, 8.8, 3159, 革命之路
01330009, 8.2, 6631, 我的前半生
02080764, 8.2, 6317, 为何家会伤人
01011702, 8.2, 5617, 廊桥遗梦
34460345, 8.1, 6170, 李银河说爱情
24827456, 8.5, 3407, 万箭穿心
25754589, 9.1, 1579, 革命之路
03825658, 7.8, 9385, 全世爱Ⅱ·丝婚四年
01223845, 7.6, 13031, 男人来自火星 女人来自金星
01035517, 7.6, 11383, 男人这东西
25907227, 8.1, 4933, 为何家会伤人（升级版）
34911983, 8.2, 4158, 坡道上的家
20270670, 8.2, 4020, 为何爱会伤人
01397467, 7.9, 6305, 理智与情感
01661440, 9.0, 1368, 生育制度
02345727, 7.4, 14000, 蜗居
30294357, 9.0, 1277, 倾城之恋
04741308, 9.0, 1264, 浮生六记
27111185, 8.0, 4363, 女性贫困
26363229, 7.7, 6971, 亲密关系：通往灵魂的桥梁
03273876, 8.0, 4242, 被劫持的私生活
07005249, 8.5, 2033, Gone Girl
06052834, 8.0, 3799, 亲密关系
34905537, 8.9, 1168, 好的婚姻，要守护财产和爱
01093098, 7.8, 4652, 爱玛
26665723, 7.3, 10505, 情人
03101457, 7.5, 7162, 紫阳花日记
26831234, 8.3, 2082, 不属于我们的世纪
20397280, 8.2, 2299, 黄昏里的男孩
26303520, 8.6, 1374, 婚姻的意义
01024854, 7.3, 9283, 成都，今夜请将我遗忘
02070807, 8.5, 1478, 懂得爱
01322342, 7.6, 5294, 花常好月常圆人长久
01428106, 7.6, 5226, 双面胶
11443061, 7.8, 3615, 别拿爱情说事儿
34970385, 8.2, 1962, 鞋带
26257557, 8.7, 1032, 热锅上的家庭（40周年纪念版）
27091030, 8.1, 2138, 面纱
03891452, 7.6, 4363, 纸婚
27073878, 8.5, 1231, 爱的进化论
01876936, 7.8, 3148, 新结婚时代
26359044, 8.3, 1567, 等待
34896921, 9.2, 552, 父权制与资本主义
30259153, 7.7, 3398, 第七天
25747871, 8.5, 1135, 恨，友谊，追求，爱情，婚姻
27602608, 8.5, 1050, 光年
05356342, 7.6, 3568, 男人来自火星，女人来自金星
25833051, 8.3, 1288, 幸福的婚姻
30128172, 7.8, 2522, 单身女性的时代
21764541, 8.5, 907, 爱的五种能力
30340893, 8.2, 1275, 面纱
20492971, 7.5, 3441, 都挺好
01220789, 8.0, 1619, 爱上双人舞
26298590, 8.4, 950, 出轨
02036573, 7.7, 2347, 儿子与情人
25809012, 8.0, 1455, 爱的博弈
01062346, 7.9, 1603, 王贵与安娜
01052477, 7.6, 2422, 中国式离婚
25802595, 7.1, 5485, 灵魂有香气的女子
06041690, 7.6, 2346, 婚姻是女人一辈子的事
01986775, 8.7, 586, 清心守候的女人
03988842, 7.8, 1702, 结婚十年
01471777, 9.1, 388, 傲慢与偏见
05356341, 8.0, 1227, 男人来自火星，女人来自金星2
26989099, 8.4, 753, 一个女人的史诗
01038744, 7.2, 4030, 来来往往
03027642, 7.4, 2783, 青春酷语 第七辑
02141865, 8.5, 647, 家庭会伤人
04715794, 7.8, 1471, 纸婚2
06957796, 8.4, 675, 爱得太多的女人
01021574, 8.1, 952, 双响炮1
26235729, 7.5, 2153, 单身社会
01583387, 7.6, 1799, 蓝，另一种蓝
02036683, 7.7, 1555, 幸福深处
11442509, 8.4, 641, 读懂恋人心
05386360, 8.7, 465, 爱的五种语言
30316975, 8.2, 759, 等待
01499764, 7.6, 1654, 如何说再见
06869079, 8.2, 719, 但愿婚前我知道
04249302, 7.1, 3370, 我的名字，你的姓氏
01975960, 7.0, 3731, 所以
26846721, 8.1, 730, 如何在爱中修行
03221766, 8.9, 319, 當男孩遇見女孩
30167658, 7.5, 1553, 一些时刻
01143757, 7.9, 897, 过把瘾就死
26183848, 7.1, 2788, 完美关系的秘密
04146577, 8.0, 758, 白天&amp;黑夜
01009878, 8.1, 663, 双响炮2
20472534, 6.7, 5696, 迎男而上
30416747, 7.6, 1132, 如何正确吵架
25958522, 8.2, 524, Big Little Lies
26309151, 7.4, 1451, 昼颜
01822820, 7.6, 1058, 不谈爱情
02117303, 7.8, 803, 大校的女儿
01490725, 8.0, 619, 离婚指南
01029875, 8.4, 380, 双响炮(6)-朱德庸都市生活漫画系
30248303, 8.2, 459, 爱的沟通
20434871, 8.9, 232, 离婚
01030505, 8.3, 407, 麻辣双响炮
25955348, 7.5, 1063, 紫阳花日记
34894713, 7.6, 908, 妻子们的思秋期
03771081, 7.6, 902, 为什么男人爱说谎 女人爱哭
04219027, 7.4, 1181, 大英博物馆在倒塌
34857213, 8.2, 426, 亲密陷阱
26674621, 8.5, 312, 彩色面纱
06999545, 8.1, 453, 男人的伎俩 女人的道行
01264138, 8.9, 210, 德国民法总论
27086857, 7.8, 616, 妈妈离婚记
25757988, 8.5, 289, 玩偶之家（中英对照全译本）
01012636, 8.2, 386, 双响炮(4)
26609809, 6.7, 3195, 火车上的女孩
26285423, 8.0, 473, 亲密关系的秘密
22233895, 7.1, 1519, 用男人的思维跟男人谈恋爱
34449345, 7.6, 734, 美国式婚姻
10771029, 8.3, 328, 小妇人
03011470, 9.1, 162, 《围城》汇校本
02303204, 8.0, 448, 亲和力
01006920, 8.4, 290, 性爱与婚姻
06009051, 8.1, 391, 爱上双人舞
25984842, 7.8, 530, 别对我撒谎
19941238, 8.6, 228, 预备成为帮助者
33450354, 7.8, 517, 异乡记
34992548, 8.4, 273, 紫阳花日记
30380222, 7.8, 515, 欲望与尊严
25840693, 9.0, 162, 生育制度（新版中学图书馆文库）
01194965, 8.3, 286, 为什么真爱需要等待
30429219, 7.9, 428, The Silent Patient
05361568, 8.3, 279, 获得幸福婚姻的7法则
25975450, 8.3, 279, 积极恋爱心理学
27084262, 7.3, 863, 我的前半生
05283571, 8.7, 183, 宛如阿修羅
01837520, 8.2, 284, 婚姻的烦恼
25966771, 8.0, 345, 如此苍白的心
04855584, 8.4, 229, 我心狂野
25931861, 6.5, 2871, 洗澡之后
26927344, 7.5, 582, 晚风如诉
04931702, 6.7, 1953, 女人不狠
01441533, 8.6, 183, 相爱的秘密
10767378, 8.6, 183, 不再约会
05954676, 8.1, 289, 婚姻即景
26747812, 7.6, 491, 戒律：全球恋爱约会圣经
01426706, 7.6, 482, 富萍
30159101, 8.3, 226, 在中途换飞机的时候
04922137, 7.8, 376, 双面胶
04188027, 8.3, 224, 活在爱中的秘诀
27621485, 7.5, 524, 食人魔花园
01038516, 8.1, 264, 张爱玲小说：留情
05398882, 9.2, 102, 爱灵魂自我教程
02039352, 9.2, 99, Revolutionary Road
34918510, 7.3, 609, 我们为何结婚，又为何不忠
03160037, 8.2, 221, 糟糠之妻
25863982, 8.5, 168, 幸福婚姻与性
10540807, 8.6, 153, 爱与罪
20444592, 8.6, 153, 当男孩遇见女孩
26769591, 7.8, 326, 男人来自火星
01908467, 8.6, 150, The Five Love Languages
10765457, 8.0, 258, 高潮
27192355, 8.3, 190, 紫阳花日记
30289536, 7.8, 310, 淑女的品格
26067840, 7.9, 276, 爱情无非就长这个样子
27148127, 7.7, 338, 奔月
20475265, 7.8, 301, 疼你.但怯步
07060203, 7.8, 298, 沉默的十月
27077198, 7.8, 298, 不回家的诱惑
34836534, 7.7, 327, 全职爸爸
03795904, 7.2, 603, 门第
01709524, 7.2, 593, 绝对隐私
05364360, 7.8, 282, 水与火的缠绵
26180267, 7.1, 655, 我们是不是该结婚了
03532304, 6.5, 1726, 钱多多嫁人记
01423583, 8.3, 170, 爱就是彼此珍惜
05988595, 8.8, 111, 牵手一世情
04211616, 8.6, 123, 双响炮.5
25976876, 7.8, 253, 轻疗愈
01784728, 8.6, 122, Who&#39;s Afraid of Virginia Woolf?
01430908, 7.9, 227, 结婚十年
04328952, 7.7, 274, 花常好月常圆人长久
02339932, 7.9, 219, 男人需要尊重 女人需要爱
04767452, 7.5, 329, 爱自己，和谁结婚都一样
04285881, 8.7, 107, The 5 Love Languages
05296966, 8.3, 145, 婚姻与道德
02303751, 9.2, 74, 家庭与夫妻治疗
03245505, 8.5, 122, 小猪虾米夫妻日记
26735206, 9.3, 68, 亲密伴侣
34663224, 8.4, 129, 危险关系
06894147, 7.4, 343, 妻子，荣耀的帮助者
30299534, 7.6, 271, 婚姻中的陌生人
01480937, 7.2, 435, 芥末男女
03829573, 7.3, 381, 像女人一样行动 像男人一样思考
34709936, 8.5, 116, 家族试验
25919840, 7.6, 267, 七年
30365422, 8.1, 161, 分手后，成为更好的自己（35周年纪念版）
26384630, 6.3, 1708, 红城堡
04202542, 7.0, 503, 春风沉醉
26871348, 6.9, 566, 只想和你过好这一生
01543987, 7.2, 377, 藻海无边
05326878, 7.4, 295, 果果的婚事
30375932, 8.8, 82, 婚姻心理学
26328601, 6.9, 548, The Girl on the Train
10606366, 8.6, 91, 珍珠项链
34941827, 8.1, 135, 美顺与长生
03182248, 7.0, 444, 不分手的理由
30227321, 9.5, 50, 好孕进行曲
27097352, 8.6, 89, The State of Affairs
03204342, 7.4, 265, 承诺先生
06850879, 7.9, 158, 结婚吗
19979087, 8.9, 70, 伤逝
26939969, 6.7, 645, 快乐
26877284, 7.9, 152, 双向养育
06776718, 7.2, 317, 恋爱时不折腾，结婚后不动摇
02252638, 7.8, 164, 道歉的五种语言
27001309, 8.2, 112, 1122 1
01287449, 8.5, 88, 窗外依然有蓝天
04044814, 7.1, 340, 三人行
26976634, 9.5, 46, 当号角响起时
01427886, 7.8, 157, 绝对隐私
25762319, 8.2, 110, 强迫的爱
25817045, 7.0, 377, 不分手的理由
03753064, 8.1, 117, What Alice Forgot
26847808, 7.5, 207, 浮舟
26847169, 6.8, 490, 我为什么不结婚
04202988, 7.8, 146, 麻辣鲜妻
01072169, 9.6, 41, 沈从文小说选(上下)
01676671, 8.2, 102, 我是女博我嫁谁
10801347, 8.3, 94, 红领
04292126, 7.2, 272, 早春
26719954, 7.5, 192, 我的前半生
34926212, 7.7, 156, 为爱成婚
03420395, 7.8, 139, 婚姻简史
02270464, 8.9, 59, 女人與婚姻
01505434, 7.7, 151, 大街
03204347, 7.4, 205, 双人晚餐
30186259, 7.5, 184, 形婚记
01104786, 8.3, 89, 金粉世家（上下册）
33296298, 7.2, 253, 只想和你好好生活
30203898, 9.5, 41, 跟着德国妈妈学育儿
01209753, 7.8, 133, 励志人生
34970632, 7.1, 251, 丢掉那少年
05300531, 8.8, 56, 为婚姻立界线
30159594, 7.1, 247, 男人来自火星，女人来自金星：修炼亲密关系的方法
05300082, 8.0, 100, 亲爱的，我们别吵了
26305372, 6.4, 656, The Girl on the Train
27060628, 7.6, 142, 婚姻：挑战
27599388, 7.6, 142, 怪诞行为学2
10801746, 9.1, 46, 结了.离了.爱了.复了
22925316, 7.4, 173, The Husband&#39;s Secret
27064915, 7.3, 191, 恰到好处的恋爱
25861889, 7.6, 136, 婚姻史
05910772, 7.7, 123, 不谈爱情
30413518, 8.1, 87, 完美的七天
01074084, 8.0, 92, 人类婚姻史
34446478, 8.7, 55, 谁在你家
03389457, 7.4, 158, 单身者舞会
01792057, 8.0, 90, 半路夫妻
30456466, 7.9, 97, 息壤
06541344, 7.8, 104, 亲爱的
03739780, 8.2, 74, 做个真女人
05297205, 7.2, 181, 一辈子做女孩2——承诺
05373477, 6.5, 447, 我们夫妇之间
01195875, 8.3, 66, 商周家族形态研究
25717330, 7.2, 174, 初恋41次
30424009, 8.2, 69, 爱的五种语言:创造完美的两性沟通
01066017, 7.9, 86, 相逢陌生人：当代中国人情感口述实录・采访手记
01073618, 7.5, 122, M计划
30413145, 6.8, 259, 且在人间
30153072, 6.8, 246, 完美婚姻
10802061, 7.9, 80, 好婚姻，靠修行
26271969, 8.3, 59, 人类婚姻史
26759559, 8.3, 58, 亲和力
01456491, 8.8, 42, Men Are from Mars
30167167, 7.3, 134, 两个人的餐桌，两个人的家
30161885, 7.2, 147, 莉莉的选择
26945337, 8.9, 39, 亲在人生路上
26857831, 8.0, 70, 《愿你不被生活辜负》
26752529, 7.8, 82, 流年物语
27103121, 9.3, 31, 你和我一辈子
02969364, 9.5, 28, 重建
04030748, 7.9, 75, 藏婚
26843171, 8.9, 38, 中国通史
10732495, 6.5, 336, 真爱没那么累，幸福没那么贵
01076119, 8.3, 55, 两个新嫁娘
25917251, 8.2, 59, 中国婚姻史
03576174, 7.2, 138, 我们无处安放的婚姻
01256183, 7.3, 124, 抓痒
35033231, 8.3, 54, 靡香国没有婚礼
26904484, 7.5, 102, 我们，江湖未有期
27092903, 7.6, 93, 被劫持的私生活
01221059, 7.4, 111, 婉容/文绣传
20413296, 9.5, 27, 如何为你的丈夫祷告
25693207, 6.7, 243, 婚姻心理学:婚姻是最好的修行
01068868, 7.2, 132, 中国人的性爱与婚姻
06387163, 6.6, 265, 迷失日本
26836530, 7.5, 97, 太太的历史
20435744, 8.7, 40, 发现爱.找回爱-亲密关系的重建
03808920, 7.4, 105, 情爱关系中的选择
10801901, 8.9, 35, 怀孕与分娩百科全书
01823634, 8.8, 37, 圣地爱语
30284400, 7.8, 72, 上流兒童
02568276, 8.2, 53, 深圳婚事
10442283, 9.0, 32, 婚心计之婚姻至上
03988841, 7.7, 76, 帮你看清已婚男人
34991877, 7.0, 149, 东京贵族女子
27041521, 6.3, 372, 茧
05387377, 8.3, 48, 磐石上的婚姻
26424312, 8.5, 42, Polyandry and Wife-Selling in Qing Dynasty China
33391212, 6.9, 162, 你要的是幸福还是对错
27145297, 7.4, 96, An American Marriage
01423890, 7.6, 80, 秘密
30487800, 6.6, 223, 单身时代
03679805, 7.4, 92, 人人都爱我丈夫
04147039, 8.0, 56, 谁是我的理想伴侣
03151598, 7.5, 83, 不是让女孩学坏
01490447, 7.7, 70, 值得等
01437101, 8.2, 48, Wide Sargasso Sea
01096615, 7.3, 99, 牵手
34875474, 8.6, 37, 十分婚姻
27012120, 8.2, 47, 回忆找到我
30265767, 9.0, 29, 傲慢与偏见
04274077, 7.2, 104, 原配
27186273, 6.9, 138, 与你同行
27140971, 8.1, 48, 好婚姻，就是一次又一次爱上对方
27611338, 8.7, 33, 幸福婚姻心理学：婚姻是一场修行
19985018, 7.8, 58, 老夫老妻
02224563, 8.5, 36, 理想的婚姻
34913889, 8.7, 32, 爱的陷阱：如何让亲密关系重获新生
30145230, 7.7, 62, 苏青文集：小说卷（上）
02355042, 7.8, 56, 流行性婚变
03077458, 6.6, 181, 如此之爱
10448577, 6.6, 180, 只婚不爱
04024541, 8.6, 32, 婚恋物语
11506813, 7.1, 95, 新婚3年，决定未来30年的财富
24542163, 8.6, 31, 说对爱
03924460, 7.0, 105, 生于七十年代
01798140, 6.7, 145, 感情这东西
30390053, 7.2, 85, 我离婚了
25832881, 7.3, 77, 新守婚时代
27041249, 6.7, 138, 爱情市场
25940398, 8.7, 28, 过日子就像玩闯关游戏
20258281, 8.0, 42, 纸婚（全新修订珍藏版）
01444075, 7.4, 66, 渴望激情
05333560, 7.8, 48, 像犀牛角一样只身前行
04898559, 7.1, 84, 外遇心理学
27064054, 9.0, 23, 相夫
04853066, 9.4, 19, The Origin of the Family
21329615, 6.6, 141, 谁来娶我的女儿
06520483, 7.6, 53, 安息角
06890272, 7.6, 53, 男人有风险，相爱需谨慎
01794983, 8.5, 29, 成熟之爱
26788761, 8.7, 26, I Love Dick
35014086, 7.9, 42, 环冰岛记
30399620, 7.6, 52, 内闱
01942711, 8.0, 39, 性·婚姻
06516326, 7.4, 60, 分心也有好婚姻
01683963, 7.9, 40, 为婚姻立界线
03051711, 8.0, 37, 男人都该知道的女人秘密
26262083, 6.9, 90, 谈钱不伤感情
33462970, 6.7, 111, 爱的四十条法则
25858913, 8.2, 32, 做妻子的智慧
26307847, 9.2, 19, 敬虔的丈夫
20492530, 6.8, 96, 男人需要尊重 女人需要爱-升级版
10508058, 7.2, 64, 面具之上
27178847, 8.8, 22, 当男孩爱上女孩
10430746, 7.6, 45, 中国婚姻家庭及其变迁
02326734, 8.2, 30, 满族的妇女生活与婚姻制度研究
06780886, 8.2, 30, 女性的价值
06100789, 5.9, 298, 外遇
27012284, 6.9, 80, 我本爱孤独 直到有了你
26847457, 8.0, 32, 我们
01226304, 7.7, 39, 妻子是什么
05974265, 8.2, 28, 婚姻治疗的九个步骤
26343603, 6.5, 114, China Rich Girlfriend
30474104, 7.6, 41, 离婚心理指南
02021039, 8.3, 26, The Seven Principles for Making Marriage Work
25844933, 8.0, 31, 江户时代的婚姻习俗
02027294, 7.0, 65, 京都新婚旅行杀人案
25981063, 6.8, 78, 两个人很美好，一个人也自在
04237549, 5.9, 246, 苏珊的微笑
10550144, 8.0, 30, 结婚后，爱情怎么办
10731111, 9.1, 17, The Wonder Weeks
01443118, 6.7, 85, 男人进卧室向左，女人进卧室向右
01143739, 7.7, 36, 白色玛塞
04712113, 7.3, 48, 试婚
26878036, 6.8, 75, 30岁后，你值得拥有这样的人生
01094217, 7.4, 43, 大校的女儿
04193783, 7.6, 37, 世界上最有魅力的妻子
05399571, 7.4, 42, 婚姻保单
26996455, 8.3, 23, 李中莹亲子关系全面技巧(白金版)
04837160, 7.9, 29, 不要爱上混蛋
03886783, 6.6, 82, 婆媳拼图
01498047, 7.8, 30, 仅有情爱是不能结婚的
27605725, 8.5, 20, 理财有道
01219829, 8.4, 21, 幸福婚姻圣经
03222650, 8.4, 21, 生殖崇拜与死亡抗拒
04720221, 8.6, 19, 他不需她不要
19952153, 7.5, 36, 男人需要懂得，女人需要疼爱
26357715, 6.1, 138, 丈夫这东西
01069015, 6.8, 61, 嫁给刘欢
10764909, 7.0, 50, 念叨念叨
07051457, 8.7, 17, 喜乐的家
25984264, 7.6, 31, 寻找荣耀的帮助者
25773285, 7.1, 45, 婚姻的艺术
30135928, 7.7, 29, 哪来的岁月静好
03289717, 8.0, 24, The Love Dare
06511181, 6.8, 57, 垃圾婚
26833002, 8.3, 20, 完美婚姻，女人说了算
30402768, 6.0, 142, 红城堡
01961337, 8.1, 22, 红杏出墙
03688359, 8.7, 16, 为约会立界线
03423735, 6.3, 91, 左手婚姻，右手爱情
06109432, 7.4, 33, 嫁人就嫁理科男
26831966, 7.2, 38, 结婚照
03128251, 9.6, 11, 婚前準備完全手冊-研習手冊
21338920, 7.6, 28, 接纳与表达
30427423, 7.8, 24, 面纱
26740078, 6.9, 45, 那些细碎而坚固的美好
04902769, 7.1, 38, 半婚时代
02070418, 6.5, 64, 醉爱
02019027, 7.6, 26, 地狱婚姻
04138948, 6.6, 57, 2婚
02310573, 7.2, 34, 错到极致也仰望
27102606, 7.2, 34, 我依然仰望星空
30262391, 5.5, 250, 你有多自律，就有多自由
10434856, 6.5, 61, 荷尔蒙经济学
25959235, 7.9, 21, 《与子书》
25814942, 8.9, 13, 醒着的爱
03074794, 7.0, 38, 丈母娘
33418856, 7.4, 28, 沉默的十月
01443010, 7.3, 30, 上帝的花园
20492531, 7.3, 30, 每个女人都需要有的六个丈夫
11519137, 7.2, 32, 外遇心理学
03608434, 7.0, 37, 婆婆媳妇那些事
04062873, 8.5, 15, Revolutionizing the Family
03123951, 6.8, 43, 等待离婚的日子
02981833, 8.2, 17, 相伴同行
01546712, 7.8, 21, 中国婚姻史
05364115, 6.9, 38, 爱情婚姻经济学
06854611, 7.3, 28, 懂男人的女人最幸福
26340288, 7.6, 23, 你是我最疼爱的人
04828971, 6.4, 60, 拼婚
01223677, 7.1, 32, “好”女人有人疼
11604566, 6.2, 74, 爱在伊斯坦布尔
30274792, 8.7, 13, 金粉世家
06014492, 6.8, 40, 恋爱是这么回事
06730544, 8.5, 14, 怎可以一生一世
26830900, 7.4, 25, 绝不离婚
21322584, 6.9, 36, 洋嫁
26665032, 6.9, 36, Melody的幸福3元素：閉嘴、放空、微笑
01676102, 7.5, 23, 上帝作证
01853054, 6.8, 38, 好老公是调教出来的
05297350, 6.1, 77, 蜗婚
26666140, 7.2, 27, 美丽的年轻女子
04815818, 7.3, 25, 男人说的，女人听的
26846748, 8.2, 15, 幸福時間 (1)
26417469, 7.1, 28, 不曾走过，怎会懂得
02901576, 7.9, 17, Marriage
01273616, 8.0, 16, 开放的婚姻
27111605, 8.0, 16, 爱的性格：内向和外向者的亲密之道
06521415, 6.3, 55, 性生活常识必读全书
04251221, 6.6, 40, 谁伤了婚姻的心
05372685, 7.9, 16, 心灵之约
26859392, 6.3, 51, The Couple Next Door
25693203, 6.9, 29, 男人那点小心思:我的第一本婚姻幸福书
04894875, 7.1, 25, 素婚
06722798, 7.1, 25, Tony and Susan
03914700, 7.6, 18, 单身群落
05994754, 6.4, 42, 结婚，为什么？
02014432, 7.5, 18, The Wedding
30344086, 7.6, 17, 恋爱中的海明威
05971883, 7.7, 16, 婚前财产
03164264, 6.9, 26, 钱、性、孩子
01444679, 7.2, 21, 前妻
25788910, 6.1, 53, 以你之姓，冠我之名
01492146, 6.5, 35, 临界婚姻
33446816, 6.4, 38, 游泳课
05355714, 6.0, 57, 草婚
01689494, 7.6, 16, 新结婚时代（珍藏版）
25909976, 7.6, 16, 走出婚姻的误区
01067094, 7.3, 19, 新婚夫妇必读
01962677, 7.3, 19, 伦理与生活
04931588, 7.2, 20, 毕婚
24784705, 7.0, 22, 小两口经济学
30304448, 7.9, 13, 第三者的誕生
01893847, 7.6, 15, 社会变革与婚姻家庭变动
01964325, 7.6, 15, 婚姻调查
04773603, 7.6, 15, 大女当嫁
03927652, 6.9, 23, 嫁接婚姻
05284201, 6.5, 31, 瓷婚
06977249, 8.2, 11, 离婚有方
06797868, 7.8, 13, 我们的婚姻，我们的爱情
01910876, 7.1, 19, 做你情侣的好情侣
03563641, 6.1, 42, 结婚以后
25953739, 7.7, 13, 纸婚
02110101, 6.8, 22, 墙外花枝
26715338, 6.5, 27, 佳偶天成
02365507, 7.8, 12, 给你的悄悄话
11631872, 5.8, 54, 短线爱情，长线婚姻
01431106, 6.0, 42, 分室而居
26213421, 7.1, 17, 第一次结婚就该懂的事
26111153, 7.8, 11, 婚姻
01044201, 6.7, 20, 中国历代婚姻与家庭
04922738, 6.4, 24, 小三
01792477, 6.0, 33, 婚姻内外的古代女性
10583502, 6.9, 16, 中年残暴
11511950, 7.4, 12, 多愛一個又怎樣？
06984938, 6.6, 19, 诛三计
27605730, 7.7, 10, 金钱与婚姻
03109970, 6.0, 30, 婚姻漩涡
01878914, 7.0, 14, 完全出轨手册
01676704, 5.9, 32, 无性婚姻
10793345, 7.6, 10, 不抱怨的婚姻
30304955, 5.3, 66, 最该断舍离的是丈夫？
25801919, 6.4, 20, 嫁给谁
05338145, 7.2, 12, 婚恋潜规则
01527390, 6.8, 15, 丁克家庭
07001445, 6.6, 17, 婚姻经济学
04249299, 5.8, 33, 七年之痒2
06885061, 5.7, 36, AA制婚姻
06510151, 7.1, 12, 女人，决定婚姻的成败
27664011, 7.2, 11, 喜马拉雅藏族社会家庭与婚姻研究
01163738, 6.0, 25, 离婚女人日记
04918119, 6.0, 25, 试离婚
30243047, 5.8, 29, 什么人最适合与你结婚
01227597, 6.6, 15, 当男人背叛女人
01136002, 6.8, 13, 结婚十年
26166675, 6.8, 13, The Science of Happily Ever After
03698076, 6.0, 23, 离婚以后再恋爱
05338760, 6.6, 14, 婚姻真相
35015260, 6.8, 12, A Good Marriage
02009693, 6.1, 19, 为什么好男人也会出轨
05361818, 6.4, 15, 夫妻关系中的九根毒刺
03086501, 6.6, 13, 读懂男人你会更幸福
33458982, 7.0, 10, 两周时期诸侯国婚姻关系研究
24716143, 5.5, 31, 男人使用手册
11622323, 5.6, 27, 婚姻是设计出来的
26601181, 5.5, 29, 囧婚
01031479, 6.4, 12, 中国古代婚姻史研究
01443975, 4.9, 49, 北京的上流太太
07065250, 5.6, 19, 婚姻后院
26608258, 6.0, 12, 婚姻的十万个为什么
06958927, 5.3, 21, 为谁结婚
06854523, 6.0, 11, 男人来自火星，女人来自金星
03713903, 5.0, 28, 婚恋中女人不能犯的100个错误
34933959, 4.6, 45, 完美人设：如何塑造一个不会崩塌的人设
06967205, 5.5, 10, 30天告别单身
01228513, 0.0, 10, 火星人和金星人相伴到永远——夫妻相爱的技巧
01291779, 0.0, 10, 幸福婚姻七法则
01688075, 0.0, 10, 中国婚姻史稿
04182685, 0.0, 10, 富人离婚的36个计策
05243162, 0.0, 10, 公主的童话情结
05246051, 0.0, 10, 女人言行决定男人成败
05328141, 0.0, 10, 德国家庭法
06989952, 0.0, 10, 婚恋与选择
10876165, 0.0, 10, 婚姻的经营比选择更重要
27154150, 0.0, 10, 性别与中国文化现代转型
01023023, 0.0, 11, 中国式离婚报告
01290200, 0.0, 11, 创造真爱的五项修炼
25900296, 0.0, 11, 没有爱过，怎会懂得
26297362, 0.0, 11, 婚商
30242514, 0.0, 11, 《活得漂亮才是最美的你》
30270268, 0.0, 11, 不完美，更幸福
01252135, 0.0, 12, 我们为什么要结婚
01396626, 0.0, 12, 夫妻性生活顾问
02981094, 0.0, 12, 八字合婚
04714980, 0.0, 12, 冷暴力婚姻
26897390, 0.0, 13, 山脚下的女人
34790289, 0.0, 13, 婚姻里，你孤独吗？
01048709, 0.0, 16, 他需她要
03739515, 0.0, 16, 邮递真爱
30347710, 0.0, 16, 愿你一生努力，一生被爱
04254581, 0.0, 17, 假小子戴安(2)－－愛與夢追尋
27009787, 0.0, 18, 男神，你走开
25818465, 0.0, 25, 狂喜性愛50招
04726516, 0.0, 28, 为谁活着
26330034, 0.0, 33, 一起高潮
26884754, 0.0, 58, 情感挽回
