2020-07-05 16:00:01

number of books, tag name
873, 学习

ID, rating, votes, title
33440205, 8.9, 60933, 你当像鸟飞往你的山
03162991, 9.6, 14971, 艺术的故事
06709783, 9.0, 26434, 浪潮之巅
01012611, 8.2, 98209, 乌合之众
01013208, 8.4, 63346, 如何阅读一本书
03261600, 9.2, 16419, 人生的智慧
01786387, 8.6, 39606, 影响力
01813841, 8.7, 32089, 枪炮、病菌与钢铁
01033778, 8.3, 58352, 富爸爸，穷爸爸
01028842, 9.1, 15425, 经济学原理（上下）
01476651, 9.0, 17668, 社会心理学
26963321, 8.7, 25299, 步履不停
01139360, 9.3, 9402, 毛泽东选集 第一卷
03533221, 8.4, 35530, 非暴力沟通
03609132, 8.4, 35480, 把时间当作朋友
10786473, 8.2, 45623, 自控力
01032501, 8.8, 16314, 心理学与生活
01007928, 9.1, 10315, 美国纽约摄影学院摄影教材（上）
01001896, 9.2, 7050, 新华字典（1998年修订本）
03057556, 8.9, 10226, 狂热分子
27608239, 8.4, 22260, 原则
10750155, 8.7, 10768, 数学之美
04759840, 9.7, 2957, Merriam-Webster&#39;s Vocabulary Builder
01014914, 9.5, 3665, 英语魔法师之语法俱乐部
03323633, 8.6, 11675, 写给大家看的设计书（第3版）
11445548, 8.5, 12512, 自私的基因
05333562, 9.7, 2546, 深入理解计算机系统（原书第2版）
06709809, 8.4, 14209, 暗时间
01010464, 9.0, 5544, 古汉语常用字字典
26435630, 9.6, 2547, 经济学原理(第7版)
04180711, 8.2, 16360, 拖延心理学
01039389, 9.0, 4794, 新概念英语（3）
05325618, 8.4, 11282, 高效能人士的七个习惯
05243775, 8.9, 5442, 聪明的投资者
04201317, 9.6, 2146, 美语音标
10785583, 8.2, 13619, 思考，快与慢
06425061, 8.5, 8444, 哲学家们都干了些什么？
01320282, 9.1, 3650, 什么是数学
05940553, 8.8, 5231, 当尼采哭泣
20428922, 8.3, 10345, 学会提问
11530078, 9.6, 1899, 经济学原理
01390934, 8.8, 4667, GRE词汇精选
01756614, 9.4, 2166, Word Power Made Easy
01504957, 8.6, 5752, 学会提问
25717097, 8.6, 5682, 囚徒健身
01485731, 9.6, 1679, 原动画基础教程
26575679, 8.4, 7566, 当我谈跑步时，我谈些什么（2015典藏版）
03888123, 8.6, 5574, 写作这回事
04864832, 9.3, 2288, 为什么学生不喜欢上学?
01115353, 8.3, 8674, 奇特的一生
26163454, 8.9, 3677, 数学之美 （第二版）
34466299, 8.6, 5461, 天才基本法
03143537, 9.4, 1978, 津巴多普通心理学
03748247, 8.3, 8213, 把你的英语用起来！
01433835, 9.2, 2442, The Elements of Style
07059662, 8.1, 11221, 考拉小巫的英语学习日记
07067916, 9.2, 2364, 施瓦辛格健身全书
01437852, 9.5, 1682, 费恩曼物理学讲义（第1卷）
30199434, 8.3, 7665, 原生家庭
10799082, 8.7, 4226, 投资最重要的事
25749845, 8.4, 6279, 把时间当作朋友（第3版）
01025721, 8.6, 4665, 新概念英语（2）
26895993, 7.9, 13600, 刻意练习
26314954, 8.7, 3965, 光荣与梦想（套装共4册）
26838557, 8.4, 5998, 智能时代
24749465, 7.4, 31522, 断舍离
01313181, 8.4, 5379, 富兰克林自传
27186106, 8.3, 6155, 心流
05317075, 7.1, 57684, 蔡康永的说话之道
01501873, 8.4, 5066, 中日交流标准日本语（新版初级上下册）
26290085, 8.7, 3085, 手把手教你读财报
01014385, 9.0, 2096, 新概念英语（4）
01410157, 9.4, 1337, 现代汉语词典（第5版）
01020644, 8.1, 6844, 金字塔原理
30379527, 8.9, 2241, 世界观（原书第2版）
02345548, 8.2, 5627, 学习之道（第2版）
05382213, 8.8, 2446, 股票大作手回忆录
01154707, 8.7, 2646, 素描的诀窍
20384337, 8.3, 4498, Lean In
11530079, 9.6, 961, 经济学原理
04051739, 8.7, 2601, 第五项修炼
05171244, 8.5, 3336, 把时间当作朋友
01021056, 7.1, 37959, 谁动了我的奶酪？
26761696, 7.5, 16126, 精进
03002766, 9.4, 1098, 英语词根与单词的说文解字
27015443, 9.4, 1096, 西南联大英文课
05916234, 7.6, 12697, 番茄工作法图解
05939751, 9.2, 1307, 货币金融学
01229822, 8.8, 1983, 中式英语之鉴
26593084, 8.3, 3749, 迷人的材料
01779243, 8.9, 1724, 摄影构图学
01067236, 8.8, 1939, 法理学
01045862, 8.4, 3179, 第五项修炼
34326931, 8.6, 2413, 掌控习惯
02124114, 8.8, 1869, 怎样解题
01837006, 8.0, 5441, 人性的弱点
01006720, 8.4, 3004, 新概念英语第一册
10455982, 9.3, 1017, 什么是数学
34816684, 8.9, 1564, 天才基本法·完结篇
01077129, 8.5, 2528, 一生的学习
02051332, 8.3, 3308, 解读基金
03025921, 7.7, 8383, 黑天鹅
27056409, 7.7, 8058, 深度工作
06432399, 9.5, 781, 英文魔法師之文法俱樂部
11608712, 8.6, 2059, 无器械健身
01218321, 9.1, 1127, 个人形成论
01427679, 7.5, 10399, 做最好的自己
26747208, 8.0, 4474, 优秀的绵羊
04849382, 8.3, 2777, 搞定
10773358, 8.1, 3629, 意志力
04115323, 8.7, 1601, 论人类不平等的起源
04244803, 8.8, 1402, 人格心理学
26877306, 7.7, 6187, 微习惯
27028517, 9.4, 711, 流畅的Python
01803504, 8.1, 3188, 17天搞定GRE单词
27117578, 9.1, 939, 沟通的艺术（插图修订第15版）
01383525, 8.7, 1450, How to Read a Book
20480823, 8.2, 2744, 幸福的方法
26895988, 8.0, 3574, 学习之道
25783654, 7.4, 9514, 如何高效学习
03294335, 9.4, 662, The Elements of Statistical Learning
03279028, 9.3, 726, 标准美语发音的13个秘诀
01024785, 9.1, 886, 西方现代思想史
03622904, 7.2, 13723, 不抱怨的世界
26952718, 7.7, 5486, 好好学习
26789567, 7.3, 11192, 如何有效阅读一本书
03644095, 7.9, 3806, 越读者
01485625, 9.0, 940, 瑜伽之光
01731825, 7.4, 8706, 读大学，究竟读什么
03794493, 9.1, 838, 剑桥雅思考试全真试题集7
04035330, 8.6, 1449, 研究是一门艺术
26746460, 8.9, 1030, 让数字说话
01024279, 8.0, 3156, 普通心理学
27154533, 7.6, 5878, 终身成长
30188003, 7.9, 3622, 为什么精英都是时间控
03151850, 9.0, 894, 英语语法新思维初级教程
01234683, 9.6, 500, 日本语句型辞典
06539790, 8.1, 2592, 你的剧本逊毙了！
04934590, 8.3, 1909, 活出最乐观的自己
02984229, 8.6, 1303, 十天突破雅思写作
26284789, 8.6, 1294, 高效能人士的七个习惯
24250054, 8.5, 1458, SQL必知必会
04020854, 9.0, 832, 管理的实践
26847821, 9.5, 512, 刑法学
30353486, 7.8, 3736, 认知天性
01123740, 8.7, 1122, 科学革命的结构
01092251, 8.4, 1595, 英语词汇的奥秘
26899701, 9.6, 453, 普林斯顿微积分读本(修订版)
05038844, 9.5, 487, 英语常用词疑难用法手册
01420638, 8.4, 1543, 投资学
11601218, 8.1, 2221, 眨眼之间
01672586, 9.4, 519, 基础有机化学（第三版）上册
26892991, 8.1, 2193, 你的第一本哲学书
02048893, 7.8, 3384, 财报就像一本故事书
01048922, 8.2, 1893, 硬球
03835810, 8.7, 1012, 建筑氛围
01951547, 8.5, 1265, 像艺术家一样思考
11589950, 7.7, 3747, 沃顿商学院最受欢迎的谈判课
30357931, 8.1, 2080, 智能商业
04010185, 8.0, 2353, 哪来的天才？
30462410, 9.0, 697, 造境记
11522125, 8.4, 1307, 找对英语学习方法的第一本书
24754537, 7.4, 5588, 简单的逻辑学
02147562, 8.6, 1018, 棋与人生
34864919, 8.8, 815, 写作7堂课
04720475, 9.0, 646, 英语阅读参考手册
05263615, 8.1, 1826, 五天学会绘画
27601521, 8.4, 1226, 只管去做
04726323, 7.4, 4931, 一万小时天才理论
01436092, 8.6, 918, GRE词汇逆序记忆小词典
27030775, 8.7, 798, 书读完了
01017242, 9.0, 579, TIME单挑1000
03151852, 9.0, 578, 英语语法新思维中级教程
26807400, 8.5, 977, 成功心理学
27009488, 7.7, 2813, 财务自由之路
26662600, 7.9, 2074, 哈佛非虚构写作课
26606009, 7.7, 2753, 精力管理
01234197, 8.4, 1072, 大家的日语1
20389192, 7.1, 7626, 30岁前的每一天
30417612, 8.2, 1352, 非对称风险
20387173, 8.6, 841, 30天学会绘画
25947310, 7.7, 2684, 21世纪资本论
01706181, 9.5, 350, 基础有机化学（第三版）下册
03691437, 7.3, 5044, 思维导图
27081766, 8.0, 1639, 如何学习
02252905, 9.1, 475, 刑法学
01018498, 8.8, 622, 华北的小农经济与社会变迁
02057864, 8.9, 558, 风景园林设计要素
04039368, 8.6, 760, 微观经济学
26990918, 7.7, 2391, 一本小小的红色写作书
02112359, 7.9, 1790, 高等数学（上册）
05325852, 7.9, 1776, 思考的技术
04926707, 9.1, 452, 普林斯顿微积分读本
06507262, 7.4, 3755, 如何让你爱的人爱上你
25886309, 8.3, 1035, 翻转课堂的可汗学院
04006425, 7.8, 1924, 我是一只IT小小鸟
01913066, 8.8, 576, 市场营销原理
19950884, 9.1, 422, 视觉艺术用光
02107856, 8.3, 954, 简明法语教程（上）
01122851, 8.1, 1207, 中日交流标准日本语（初级 上下）
26781120, 8.0, 1371, 优秀到不能被忽视
21354939, 9.4, 308, 美语发音秘诀
26286306, 9.1, 398, 葛传椝向学习英语者讲话
05942569, 7.6, 2261, 成为作家
24878420, 7.7, 1945, 明智行动的艺术
30395230, 7.4, 3080, 子弹笔记
25974373, 9.2, 354, 赖氏经典英语语法（新版）
25923063, 8.2, 961, 考拉小巫的留学成长日记
24745639, 7.6, 2149, 麦肯锡教我的写作武器
26260187, 7.6, 2131, 零秒思考
01083444, 8.1, 1062, 文案发烧
06064502, 7.9, 1360, 超级快速阅读
25749879, 8.4, 735, 17天搞定GRE单词
26887927, 9.7, 220, 宏观经济学（第九版）
27199584, 8.8, 475, 大学之路（第二版）
06424904, 7.9, 1307, 大话数据结构
03744041, 7.1, 4522, 晨间日记的奇迹
26917969, 9.3, 292, 华杉讲透《孙子兵法》（修订版）
03518087, 8.6, 560, 给研究生的学术建议
06710983, 8.1, 983, 我最想要的记忆魔法书
05359838, 7.9, 1259, 快速阅读
26133770, 8.8, 446, 盗火者
30180292, 7.7, 1608, 犯罪心理1
30215098, 7.9, 1216, 犯罪心理2
01945249, 9.0, 364, 论戏剧性
27047949, 8.4, 660, 学习之道
01423818, 7.9, 1194, 如何在大学里脱颖而出
27601926, 7.8, 1344, 斯坦福大学人生设计课
26594366, 8.1, 906, 魔鬼数学
26822680, 7.8, 1319, 写出我心
26648884, 7.5, 2000, 干法
01141545, 8.6, 507, TOEFL核心词汇21天突破
30489331, 7.7, 1465, 能力陷阱
27101663, 8.8, 410, 权力与特权
26893033, 7.3, 2674, 把小日子收进手帐里
11603298, 8.0, 979, Learn More
27115000, 7.8, 1263, 高效能阅读
21364188, 7.2, 3038, 书都不会读，你还想成功
24854628, 7.7, 1399, 文案创作完全手册
02033803, 7.7, 1397, 記事本圓夢計畫
27029478, 8.2, 735, 厨艺的常识
07067149, 8.8, 391, 认知心理学及其启示
26612471, 8.2, 732, 搞定Ⅰ
27591449, 7.6, 1584, 这样读书就够了
11632344, 8.5, 521, 走出思维的误区
30270831, 8.0, 894, 文学课：如何轻松理解伟大作品
27011409, 8.3, 620, 每当我找到生命的意义，它就又变了（珍藏版）
04630664, 7.2, 2779, 你的知识需要管理
26911425, 7.7, 1249, 练习的心态
03246066, 9.2, 253, 赖世雄经典语法
02117279, 7.7, 1246, 教授为什么没告诉我
01243015, 9.0, 297, 英语词缀与英语派生词
25871619, 8.6, 431, 作文十九问
01229747, 8.1, 738, 现代西班牙语(第一册)
26319791, 8.7, 388, 自我
01451400, 8.2, 644, 风格的要素
20493042, 7.3, 2161, 这样读书就够了
02002457, 9.1, 264, English Through Pictures
01140999, 9.5, 191, 展望未来英语教程1
26779688, 8.0, 798, 做出好决定
02253513, 8.2, 631, 时间管理
26427930, 9.0, 285, 股市进阶之道：一个散户的自我修养
26628237, 7.5, 1549, 哪有没时间这回事
24749842, 9.0, 284, 挑战程序设计竞赛
27119594, 7.5, 1538, 实用性阅读指南
01909890, 7.7, 1153, 新托福考试备考策略与模拟试题
01762505, 8.9, 307, 诗词格律
27122346, 8.0, 760, 七十二堂写作课
27129563, 8.3, 539, 用户思维+：好产品让用户为自己尖叫
26872634, 8.1, 668, 思辨与立场
27667378, 9.3, 208, Python数据科学手册
10786476, 7.8, 936, 每周工作4小时
04293667, 8.2, 579, 狗狗心事
34893628, 8.4, 464, 模型思维
26897266, 7.9, 814, 考拉小巫的英语学习日记
11232958, 8.0, 715, 怎样读书
01884591, 9.5, 171, 牛津英语搭配词典
02261591, 8.2, 547, 怎样写作
01345276, 8.5, 396, 塔羅葵花寶典
34863179, 7.9, 767, 好好思考
26839427, 7.7, 965, 慢思考：大脑超载时代的思考学
03573324, 8.6, 349, 如何處理仇人的骨灰
27106800, 8.6, 347, 欢迎来到一年级：幼小衔接家长手册
25717756, 8.6, 344, 写作法宝
34852768, 8.7, 313, 高效学习7堂课
26278795, 7.8, 812, 批判性思维（原书第10版）
01061615, 7.5, 1212, 方与圆
02990417, 8.4, 409, 现代西班牙语（第一册）
10554274, 8.0, 630, 关于写作
25731751, 7.7, 897, 99%的新人，没用心做好的50件事
30175690, 8.4, 399, 被解释的美
01051650, 7.9, 681, 羊皮卷
19945741, 7.9, 680, 趋势的力量
01983275, 8.8, 265, Excel实战技巧精粹
26683846, 8.1, 526, 如何学习
06077688, 6.8, 3360, 别告诉我你会记笔记
03719511, 8.2, 446, 政治学的邀请
30400712, 7.8, 697, 巨人的工具
33444642, 7.4, 1170, 麦肯锡精英高效阅读法
01900962, 7.8, 677, 通俗天文学
27092456, 8.9, 220, 电影理论解读
06085541, 9.7, 119, 白话资治通鉴
02180067, 9.6, 127, 计算流体力学基础及其应用
02984806, 8.6, 279, 内科学
34858308, 7.1, 1723, 读懂一本书：樊登读书法
03171969, 8.3, 367, 认知心理学
01614977, 8.5, 301, 新概念物理教程.力学
01911799, 9.0, 194, 酒吧圣经-调酒师宝典
02108334, 9.0, 193, 线性代数辅导讲义
01442238, 8.0, 495, 学习改变命运
04849333, 8.5, 292, 演讲的艺术
27131763, 6.9, 2278, 如何有效整理信息
01471270, 9.7, 111, 中学地理复习用参考地图册
25852784, 8.2, 382, PPT炼成记
30206819, 7.3, 1164, 会赚钱的妈妈
25785829, 8.0, 468, 咨询的奥秘
03714606, 7.7, 664, 别笑！我是日语学习书
24325339, 7.4, 988, 全新思维
06966327, 8.6, 254, 外贸高手客户成交技巧
25904953, 8.4, 303, 社会心理学
01461005, 8.6, 249, Mastery
04886883, 7.5, 831, 将才
26311133, 8.1, 404, 高等数学·上册
01264314, 7.5, 823, 新东方四级词汇词根+联想记忆法
34432673, 8.8, 205, 自学是门手艺
05908720, 7.7, 629, 十二天突破英汉翻译
27125748, 8.0, 433, 意志力：关于自控、专注和效率的心理学
26791174, 8.0, 425, 死亡哲学：耶鲁大学第一公开课
26437067, 7.6, 681, 文案训练手册
26743071, 7.2, 1181, 学会学习
01226672, 7.6, 667, TOEFL词汇词根+联想记忆法
07154320, 7.5, 759, 与爱因斯坦月球漫步
01836269, 7.6, 663, 变态心理学
02227747, 9.0, 163, The Art of Learning
28551589, 7.6, 655, 有效学习
03916049, 7.3, 965, 快速阅读
05997269, 8.6, 223, The Millionaire Fastlane
01047749, 7.8, 502, 思维导图
26838147, 8.9, 172, 给创业小白的财报书
24529239, 8.6, 221, 翻译的基本知识（修订版）
01679623, 7.0, 1501, C程序设计
25894861, 6.5, 3711, 跟任何人都聊得来
27600590, 9.0, 156, 對白的解剖
02104842, 9.0, 155, 数理化通俗演义
26394930, 8.6, 215, 词行天下
25838364, 7.3, 911, TED演讲的秘密
04097785, 9.4, 113, Principles and Practice in Second Language Acquisition
24746256, 7.8, 468, 和秋叶一起学PPT
26733566, 7.6, 589, 知识大融通
35005013, 8.8, 169, 想点大事
01869638, 9.1, 133, The Inner Game of Tennis
04083267, 8.2, 286, TOEFL词汇词根+联想记忆法
25887834, 9.7, 88, 新版日语句型地道表达200例
30216218, 7.4, 713, 终身学习
25873066, 6.9, 1483, 麦肯锡工作法
10864488, 8.2, 279, 心智的构建
03761236, 7.4, 697, 启动大脑
01189099, 8.0, 340, 简明法语教程(上册)
20480879, 7.3, 792, 思考的艺术
01811550, 9.6, 91, 金刚经讲义/中国近现代佛学大师著述系列
34866369, 7.4, 681, 内向心理学
03345059, 8.1, 301, 心理医生为什么没有告诉我
26605887, 9.3, 108, 教育心理学（原书第12版）
03865389, 7.4, 653, 超级记忆
26430442, 6.8, 1607, 秋叶：如何高效读懂一本书
01148778, 8.1, 289, 心印
34845754, 7.7, 446, 精准努力：刘媛媛的逆袭课
03729187, 7.4, 647, 博赞学习技巧
34846515, 7.7, 443, 人的全景
26927349, 7.2, 843, 从点子到产品
01092163, 8.0, 316, 西方音乐通史
06794015, 7.6, 492, 太傻天书
01973934, 8.9, 139, 聪明在于勤奋天才在于积累（华罗庚专辑）
30193222, 9.1, 119, 美国学生阅读技能训练
02037430, 9.0, 128, 李特-布朗英文写作手册
30412849, 7.8, 381, 文案变现
26740503, 7.7, 425, Python网络数据采集
02516411, 8.3, 225, How to Become a Straight-A Student
26248157, 7.9, 334, 你能写出好故事
01121234, 7.6, 470, 标准韩国语（第一册）
01443778, 8.5, 186, 艺术哲学
34851981, 8.4, 203, 如何写出高转化率文案
03815338, 9.0, 124, 英语词根词典
25913349, 8.5, 182, A Mind For Numbers
26374984, 8.2, 239, 选择做富人
03208050, 7.4, 581, 知道做到
24298931, 7.0, 1011, 专注力
10571608, 9.8, 71, 第一推动丛书（珍藏版套书）
04157223, 7.1, 861, 效率提升10倍的google化知性生产技巧
01820244, 7.7, 394, 高级口译教程
01344535, 8.3, 211, 搞定男人
26413204, 6.2, 4319, 聪明人用方格笔记本
26674196, 8.3, 208, 知道做到
11592378, 8.2, 228, So Good They Can&#39;t Ignore You
11502402, 8.2, 226, 新版中日交流标准日本语高级（上下册）
27031544, 7.5, 478, 超级运营术
26275862, 7.8, 337, 翻转式学习
02152400, 8.1, 245, 生活中的魔法数学
04079597, 8.0, 268, 怎样写文章
35023259, 9.6, 76, 这才是心理学（第11版）
30253066, 6.7, 1507, 洋葱阅读法
34793488, 7.4, 527, 认知红利
26586892, 7.6, 412, 为未知而教，为未来而学
26273310, 7.7, 366, 颠覆式创新：移动互联网时代的生存法则
04328032, 8.6, 153, 向学习英语者讲话
01459929, 8.7, 141, Investments
01024101, 8.7, 138, 权谋残卷
26787167, 6.9, 1035, 每天最重要的2小时
34439461, 7.9, 284, 范志红：吃出健康好身材
24531573, 7.2, 656, 自制力
04736469, 8.1, 231, 21天掌握当众讲话诀窍
26628523, 8.1, 230, 高等数学·下册
01501783, 7.9, 280, 速成西班牙语
03115238, 7.9, 279, 如何听如何说
01173463, 8.3, 188, 比知识还多
30237842, 8.5, 155, 笨办法学Python 3
30247737, 7.0, 815, 加速：从拖延到高效，过三倍速度人生
01006664, 8.3, 180, 逆向法巧学英语
27146611, 8.3, 179, 经验的疆界
26786537, 8.1, 213, 智识的生产技术
26580132, 8.0, 234, 学习的本质
01808657, 8.1, 210, 孩子是如何学习的
01264315, 7.3, 509, 六级词汇词根+联想记忆法
01680634, 8.4, 159, 数学 七年级 上册
21353584, 8.5, 146, 像高手一样学语法
26759609, 8.5, 146, Peak
06510682, 8.0, 227, 脑的阅读
11160553, 7.1, 654, 你的第一本思维导图操作书
04829597, 8.1, 205, 漫画数据库
26422177, 7.4, 438, 轻松学会独立思考
27028523, 6.2, 3070, 好的孤独
05946563, 7.5, 379, 学习要像加勒比海盗
02018975, 9.6, 65, 跟我学英语口语100句
30364261, 8.3, 165, 权力密码——当历史遇见经济学
27108502, 8.8, 110, 研究生完全求生手冊
30216624, 8.9, 102, How to Take Smart Notes
01824306, 7.1, 620, 学习的艺术
30354703, 7.7, 295, 学习力：颠覆职场学习的高效方法
20492754, 8.8, 108, 如何说孩子才肯学
26696756, 7.2, 530, 领导力21法则
26374552, 8.8, 107, 好妈妈胜过好老师
26285117, 9.1, 86, 立场——辩证思维训练（第一辑）（Taking Sides系列）
27029104, 7.2, 519, 一页纸创意思考术
26873699, 7.0, 679, 跟各国人都聊得来
01392709, 8.3, 157, 数学建模方法与分析
26921052, 7.9, 227, 英语写作手册：风格的要素
33376035, 7.3, 446, 跨界学习
02255378, 7.4, 392, 学习这回事
03296364, 8.1, 183, Zen To Done
25765863, 9.3, 72, 普通化学原理
30206813, 7.4, 378, 科学学习
26717715, 8.5, 127, 通往工业革命的漫长道路
01092357, 7.9, 216, 速成意大利语（上）
33452654, 6.9, 730, 学会写作
03343879, 8.3, 148, 基础泰语1
01101762, 8.9, 92, 项目计划、进度与控制
27594320, 8.8, 98, 易中天中华经典故事（全6册）
25830853, 7.2, 466, 如何把事情做到最好
26815907, 7.2, 466, 这样和世界相处
01441866, 9.2, 74, 阿哈！灵机一动
06965435, 8.1, 172, 交互式培训
34866445, 8.1, 169, 如何成为学霸
01065165, 7.9, 202, 我怎样读书
26440293, 9.5, 60, 希特勒
23846372, 9.0, 82, 英文文法有道理!重新認識英文文法觀念
26832523, 7.9, 197, 完全图解超实用思考术
20285243, 9.1, 75, 聪明教学7原理
05950394, 7.4, 334, 开始写吧!虚构文学创作
25933690, 7.6, 264, 怎样才是最好的学习？
04249895, 7.0, 554, 考上第一志願的筆記本：東大合格生筆記大公開
27099234, 8.7, 98, 把你的英语用起来!
04836530, 8.5, 114, 剑桥学习科学手册
02109512, 7.7, 234, 红宝书·考研英语词汇
10545175, 7.2, 417, 专念
01144284, 8.4, 122, 外研社德汉双解德语学习词典
34925977, 9.3, 64, 中村佑介的插画教室
02123067, 9.3, 63, 成语典故
25894673, 8.4, 117, Make It Stick
01928294, 9.0, 75, 语文素养高级读本
03007300, 7.4, 305, 中级口译教程
25960596, 7.8, 197, 我的自学小史
07007725, 7.7, 218, 阅读的力量
06750826, 9.6, 51, 数学分析
01000687, 6.1, 2309, 学习的革命
10956245, 7.2, 376, 正能量
25963524, 7.5, 259, 系统思考
35000498, 8.4, 109, 最好的学区房是你家的书房
20281495, 9.4, 55, 《标点符号用法》解读
30197924, 7.2, 356, 记忆宫殿
01536972, 8.8, 80, 学习论
30205294, 7.3, 312, 有序
05367369, 7.8, 181, 像心理学家一样思考
26304127, 9.1, 65, 玩耍精神：会玩的孩子真的有出息
01038663, 7.4, 275, 10倍速学习法
25878992, 8.3, 113, HTML5与CSS3基础教程（第8版）
25953019, 7.1, 383, 6个月学会任何一种外语
26874593, 6.6, 791, 技巧
25806911, 7.7, 192, 用图表说话
27034322, 7.1, 381, 一页纸工作整理术
20494282, 7.5, 234, 人是如何学习的
24708172, 7.2, 330, 自控力2
26785693, 7.0, 420, 过目不忘的读书法
25831032, 7.7, 186, 这才是中国最好的语文书
25746959, 8.7, 80, 一個數學家的嘆息
25954165, 8.2, 117, Fluent Forever
01393145, 8.5, 92, 脑的学习与记忆
26642263, 8.8, 73, 葛传椝英文学习法
30199746, 9.1, 60, 教学七律
34789035, 8.3, 104, 终身学习（领导力篇）
27167921, 6.9, 453, 学会写作
27044582, 7.5, 217, 记忆力心理学
04196797, 7.8, 157, 爱，生活，学习
30354425, 8.5, 85, 性本自然
30482007, 7.3, 258, 懂选择的女人更幸福
25881590, 7.9, 138, 拆出你的沟通力I
03776936, 7.6, 184, 聘之有道面试读心术
01254205, 8.3, 98, 营养学
30402230, 7.4, 225, 坚毅
26723780, 7.7, 164, 秦朝穿越指南
27615387, 9.4, 46, 大师语文：多说与少说
27178509, 7.8, 146, 落花水面皆文章
25921228, 9.6, 41, 初级美语（上）
03223458, 8.6, 75, 如何阅读一本书
11632285, 7.6, 174, 52周记忆魔法实战手册
27071913, 6.3, 1015, 刻意学习
35018583, 8.3, 93, 学会说话 社交沟通中的刻意练习
30312510, 6.1, 1479, 深度思考
03353904, 7.5, 190, 每周工作4小时
26274006, 8.0, 117, 我不该告诉你的那些事
26292238, 6.3, 975, 我的第一本思维导图入门书
03032327, 7.5, 182, 逻辑思维训练500题
19912117, 7.8, 135, 索尼秘史
25805427, 7.4, 199, 毛泽东阅读史
01085851, 8.7, 65, 俄语入门（全三册）
03719588, 7.4, 195, 清华北大不是梦
03902787, 8.2, 93, 基本乐理
02099620, 8.1, 100, 如何成为尖子生
02296845, 6.8, 400, 专注力
25702557, 9.0, 52, Secrets Of Self Made Millionaires
30247443, 8.5, 72, 不急不吼
25837839, 7.4, 187, 人的七张面孔
30393513, 6.8, 388, 如何用阅读改造大脑
24529611, 8.0, 105, 有无之境
34439444, 8.0, 105, 笔记思考术
01509168, 6.8, 382, 法理学
01444218, 8.4, 76, 中国手语日常会话
05243473, 8.5, 70, 论联合政府
26364597, 7.2, 225, 博赞学习技巧
04194745, 7.9, 110, 讀書別靠意志力
26844051, 6.5, 561, 高效人士用超级笔记术
30362294, 8.5, 68, 心理咨询与心理治疗
01064017, 7.1, 245, 魔术记忆
01193544, 6.9, 311, 超右脑照相记忆法
03419597, 8.8, 55, The Art of Learning
34455912, 8.4, 72, 突围原生家庭
26388073, 6.9, 309, 火印
01434012, 8.0, 97, How to Get Control of Your Time and Your Life
01051703, 7.8, 115, 相同与不同
34464459, 7.2, 209, 上手
26281082, 7.1, 232, 涂鸦笔记
26670648, 6.4, 609, 关键20小时，快速学会任何技能！
27081066, 6.9, 293, 如何阅读一本书
04909256, 8.4, 69, 人文地理学导论
01320151, 7.7, 121, 人是如何学习的
30406461, 6.5, 506, 微精通
33944838, 8.2, 79, 考试脑科学
26288910, 7.7, 120, 怕，有什么可怕的
28505771, 9.5, 35, 人格心理学：人与人有何不同
25870402, 6.9, 286, 整理的艺术4：升职从整理开始
33389989, 8.3, 73, 认知：所谓成长就是认知升级
03245082, 6.9, 285, 奥美有情Ⅱ
34908427, 8.0, 92, 维京人的世界
34923186, 7.9, 100, 学会如何学习
04917103, 7.5, 144, 记忆的魔术
30289367, 7.3, 177, 复原力
05918762, 7.9, 99, 别笑！我是韩语学习书
27615382, 8.8, 51, 大师语文：拆开来说
27601888, 8.6, 58, 十天搞定考研词汇 便携版
04221674, 7.4, 156, 记忆导图
05400740, 9.4, 36, How to Study in College
05386305, 7.8, 106, 意林
26833791, 6.7, 351, 马克思靠谱
24722897, 8.1, 81, 优秀大学生成长手册
02657460, 6.6, 402, 王者速读法
01276939, 8.1, 80, 中国人学英语
02050858, 8.1, 80, Interaction Design
34813901, 8.1, 80, 如何高效学习
30233927, 6.9, 262, 富有的习惯
32144202, 8.3, 68, Ultralearning
01059568, 5.9, 1321, 没有任何借口
30283557, 7.6, 120, 学习的精进
35003590, 5.8, 1623, 一年顶十年
26642354, 8.2, 72, 致青年教师
26682842, 7.6, 119, 用图秀演讲
27082580, 9.2, 38, 应用学习科学
26983776, 6.9, 251, 如何高效记忆
06434122, 8.5, 57, 跟李准基一起学习“你好！韩国语”
25756561, 8.8, 47, 稻盛和夫的实学：活用人才
26794084, 8.4, 61, 单词密码：词根+词缀，英语单词应该这样背
26797405, 8.4, 61, 狡猾的讀書法
30475137, 7.2, 174, 手写人生
34841191, 7.8, 97, 用手账管理时间：风靡全球的时间管理方法
35000362, 8.0, 82, 思维不设限
33407073, 6.4, 493, 精力管理手册
01182214, 9.1, 39, 高考作文
25881592, 7.9, 88, 拆出你的沟通力II
33455797, 7.2, 170, 给年轻人的极简金融课
30203060, 6.4, 486, 终身学习：10个你必须掌握的未来生存法则
01411349, 7.9, 86, 黑暗传
35036361, 8.3, 63, 穿透式学习
04775467, 8.4, 58, 英美外刊超精读
05408874, 8.4, 58, 第五项修炼 实践篇（上）
30224271, 6.7, 295, 10秒沟通
25870261, 7.2, 161, 练习的力量
30162699, 8.0, 76, 过剩时代的学习
01910697, 9.0, 39, 孙维刚谈立志成才
26913567, 9.5, 30, 看得见的文明史（套装共12册）
03015042, 7.6, 104, 剑桥雅思语法
30221932, 6.1, 715, 知识大迁移
30458217, 7.1, 169, 碎片化学习
27153419, 7.0, 189, 高效学习之道
25964663, 9.9, 24, 高考数学你真的掌握了吗？
26411847, 9.0, 37, 学习心理学
06890687, 6.7, 267, 真的不用读完一本书
01895932, 8.1, 66, 走遍法国：练习册.1(下)
06720471, 7.8, 82, 这样学日语最有效
25872184, 7.1, 160, 专业化生存
34809155, 6.7, 258, 给大忙人的高效阅读课
27044752, 8.0, 69, 我们如何正确思维
33423656, 7.6, 96, Range
01325209, 7.2, 141, 影视类型学
26903070, 7.9, 74, 比从前更好
30336090, 8.8, 40, 词霸天下
30391128, 9.2, 32, 深入浅出统计学
02106413, 8.8, 39, 外语教育往事谈:教授们的回忆
05909933, 9.7, 24, Key Words for Fluency - Intermediate Collocation Practice
01983051, 9.1, 32, Word Smart
05402000, 9.1, 32, 用兵之道
34434337, 6.9, 181, 极简笔记术
35033236, 8.4, 48, 肖星的财务思维课
26369324, 8.3, 51, 自由学习(第3版)
26438772, 7.1, 140, 超级记忆力训练法
34614807, 7.9, 67, 奇妙量子世界
04934521, 8.5, 44, 学习型管理
26945842, 8.0, 62, 学习、创造与使用知识
04858247, 8.3, 50, 孩子是如何学习的
26730449, 7.8, 72, 学会学习
30346545, 8.0, 61, 思维
03039768, 8.7, 38, Graphic Design
34767458, 7.0, 148, Google工作法
33451584, 7.3, 108, 图形思考与表达的20堂课
33441908, 6.4, 316, 学习的升级
33644238, 7.6, 81, 颠覆式学习
01951562, 8.2, 51, 纪录片创作
04162079, 8.9, 33, 交替传译笔记
11599335, 6.7, 202, 大量阅读的重要性
02035307, 8.1, 53, TOEFL词汇精选
01010089, 9.1, 29, 经营管理全集
26036233, 8.7, 36, 马氏温灸法
26798645, 8.3, 46, 预见未来——改变我学习的十封信
01312934, 6.9, 153, 6色荧光笔学习法
34950812, 8.5, 40, 时代的低语
26765971, 8.1, 51, 钢铁、蒸汽与资本
05388442, 9.6, 22, 变构模型-学习研究的新路径
26867826, 9.4, 24, 今日天文 太阳系和地外生命探索
01162355, 7.2, 106, 语言家
26372372, 8.2, 46, 大学该怎么读
26126524, 8.4, 40, 哈佛大学教育学院思维训练课
26797050, 7.3, 93, 导演的摄影课（修订版）
01004941, 8.5, 37, 养狗指南
26657360, 7.4, 83, 高效演讲
30350822, 9.6, 21, 极限速度揭秘
26435862, 9.3, 24, How We Learn
01005249, 8.2, 44, 许国璋《英语》（第一册）
25773226, 8.9, 29, 学习，就是找对方法
26930067, 7.3, 89, 思维导图高手
35013835, 8.0, 50, 从容路过的人生
03187419, 7.0, 119, 5分钟集中力训练
10586336, 8.5, 36, 迪士尼动画黄金圣典（卷1）
02393667, 8.2, 43, How to Start a Conversation and Make Friends
30228584, 8.3, 40, 记忆魔法师：学习考试实用记忆宝典
34678725, 6.8, 143, 优势成长
26307717, 7.8, 56, 学会选择
02026614, 9.4, 22, 西班牙语学习词典
33423699, 6.9, 125, 人生效率手册：重塑升级版
03869488, 6.5, 201, 刘亦婷的学习方法和培养细节
01500093, 8.0, 47, 公关顾问专业指南
02974819, 8.2, 41, 学习、教学和评估的分类学
02359465, 7.8, 54, 我的第一本亲子英文书
30350537, 7.1, 98, 逻辑英语语法
03795751, 7.8, 53, 跟蛋蛋老师学习日语50音
11226303, 8.8, 28, Film Art
30222644, 6.3, 250, 深度成长
01130459, 8.3, 37, 美英报刊导读
34981731, 8.0, 45, 学习的格局
01289041, 6.4, 214, 超右脑波动速读法
30280955, 7.1, 94, 《颠覆平庸》（修订版）
35064128, 8.2, 39, 轻身生活
01463898, 8.9, 26, How People Learn
01000697, 8.4, 34, 天才的思考
04015168, 8.4, 34, 概括的力量
27054052, 6.6, 159, 刻意练习：如何成为一个高手
04780693, 7.4, 69, 记忆的窍门
27037096, 6.7, 139, 东大教授教我的学习法
24875089, 7.4, 66, 一认真你就赢了
26589678, 8.8, 26, 当青蛙念到蜗牛大学
04826073, 8.1, 39, 中国传统敦煌图案与配色
26952757, 6.8, 117, 公文高手的自我修养
01600062, 8.0, 41, 优势视角
10605480, 7.2, 77, 批判性思维训练手册
26883718, 7.5, 57, 1分钟超强记忆法
06114192, 7.6, 52, 人类性反应
26658602, 9.0, 22, 动手玩转Scratch2.0编程
34846270, 9.2, 20, 自信的陷阱
03354095, 8.5, 28, 汉日翻译教程
01392652, 7.3, 62, 英语的故事
04049831, 7.7, 45, 美国国家体能协会私人教练基础
02700731, 9.0, 21, 学习心理学
04254702, 7.9, 39, 高效学习
26392810, 9.2, 19, 书法三要
11538547, 6.6, 121, 专念学习力
04041202, 8.4, 28, 沈夫人致后辈书
27136666, 8.6, 25, 一本涂书
26872481, 8.2, 31, 欧洲财政国家的兴起
02985021, 8.0, 35, 自然的快乐
03777943, 8.0, 35, 网络时代的知识和学习
10512597, 7.2, 64, 零基础学会计
27182667, 7.9, 37, Tribe of Mentors
27069620, 6.8, 93, 有效写作十三篇
26983777, 6.3, 168, 如何成为一个学习忍者
30271055, 6.7, 102, 视觉笔记术
26988165, 7.2, 62, 奋斗的正确姿势：8份工作，26项兼职教给我的职业之道
30231506, 6.0, 255, 夜脑
27136676, 6.1, 218, 超级学霸:受用终身的速效学习法
26955386, 9.2, 18, 柯林斯COBUILD高阶英汉双解学习词典(第8版)
01163627, 7.9, 36, 多元智能
01089406, 6.7, 100, 韩国语入门
01228874, 8.4, 26, 外国地名译名手册
01322408, 7.7, 40, 情景学习
04848555, 7.1, 64, 玩出好人生
01338746, 9.1, 18, 調酒師養成聖典
26978933, 7.6, 42, 重新设计工作
01261862, 8.2, 27, 羽毛球教学
01443439, 6.4, 123, 产品经理实战手册
05308674, 8.4, 24, 破冰英语
01239897, 7.8, 34, 高等数学（上册）
33424179, 6.2, 156, 所谓学习好，就是方法好
27088714, 6.1, 174, 天才源自刻意练习
21266826, 6.8, 75, 哈佛情商课
34812630, 6.5, 102, 如何高效学语言
34941473, 9.5, 14, 我和汉字玩游戏（全4册）
19966092, 6.9, 66, 1000种可爱图案，一学就会的简单铅笔画
30289577, 6.9, 66, 大学四年：我多想在入校前就知道的事
01393717, 7.0, 60, 中国法制史
02247650, 9.3, 15, 学会学习
01541579, 7.4, 42, 怎样培养真正的人
34867573, 8.7, 19, 学会高效记忆：世界记忆冠军的刻意练习法
26847345, 7.7, 33, 岁月历练的优雅
34930415, 8.1, 25, 知识图谱：概念与技术
26982950, 6.8, 65, 图解思考力：快速收获49个思考锦囊
05028918, 9.3, 14, English Vocabulary in Use Elementary with Answers
20486827, 8.0, 26, 我是房产销售冠军
26277984, 6.7, 70, 魔法师学徒的魔法书
35043893, 7.6, 33, 精进有道
26838511, 6.0, 162, 复盘+：把经验转化为能力（第2版）
26248487, 6.7, 69, UI设计黄金法则
30177820, 6.2, 119, 如何成为有效学习的高手 第3版
01225195, 8.5, 19, 脑与学习
06784164, 6.8, 60, 声入人心
34893291, 9.0, 15, 游戏改变学习
27148280, 7.3, 39, 进阶版零基础学ui
05385161, 7.6, 31, 史丰收速算法
05333961, 7.5, 33, 理解脑
35059710, 8.8, 16, 培养你的逻辑脑
34909600, 6.8, 58, 学习的答案：为终身学习者赋能
05931646, 9.1, 14, How Learning Works
35025443, 8.3, 20, 麦肯锡教我的思考武器
06717502, 8.2, 21, 考上就靠心智圖
26700370, 6.9, 50, 最强大脑
26643589, 7.3, 36, Python语言程序设计
26699643, 7.6, 29, 学会解决问题
04909047, 7.0, 45, 建筑文脉与环境
04834903, 8.4, 18, 人间词话
25822123, 8.1, 21, 物联网导论（第2版）
05407567, 8.5, 17, 让孩子自然快乐地学习
34778076, 9.1, 13, 跟菲利大叔学手绘：绘画第一课
25804956, 6.8, 48, 刘墉散文精选
03671567, 7.6, 26, 软能力
04900365, 7.6, 26, 我们如何学习
06801511, 7.6, 26, 汉英翻译技巧示例
26801549, 9.4, 11, 第二曲線
34855932, 7.1, 36, 脑力赋能
24744392, 7.3, 31, 软装设计教程
27192542, 7.5, 27, 国家、经济与大分流
27018893, 8.3, 17, 深层学习(心智如何超越经验)
01500027, 7.8, 22, Excel应用技巧宝典
01092531, 8.7, 14, 中国音乐词典
30310711, 6.1, 90, 自流量生活
34983142, 7.9, 20, 直面不确定性
04810041, 7.3, 29, 成交高于一切
30288282, 6.9, 39, 哈佛医生超强学习法
27116997, 8.7, 13, 数据挖掘与分析
35005166, 7.0, 34, 矮人星上的矮人
26365297, 6.4, 58, 给你1天72小时
30197123, 8.5, 14, 做生意的艺术
01871882, 9.1, 11, Cohesion in English
26575653, 8.6, 13, 无知
03007687, 6.0, 86, 复制猫营销101
04244388, 7.6, 21, 25歲前一定要學會的拒絕力
30205920, 6.9, 33, 听说读写赖世雄
26968850, 7.2, 26, LOGO(29个经典的前世今生)
26903340, 7.9, 17, 我们如何学习
19986616, 4.9, 561, 哈佛凌晨4点半
02263539, 6.3, 54, 法学导论
30319486, 5.7, 114, 你坚持的原则其实害了你
35054448, 8.4, 13, InfluxDB原理与实战
01942048, 7.3, 23, 中日交流标准日本语词汇详解
34891024, 6.8, 33, 如何识别人生陷阱
26654694, 5.6, 125, 快速阅读训练法
25890023, 5.5, 141, 神奇的眼脑直映快读法
27083116, 7.5, 19, 大家的日语初级1学习辅导用书
26732045, 6.7, 32, 超实用记忆力训练法
35060725, 8.1, 13, 超速學習
26774983, 7.8, 15, 心理学入门：日常生活中的心理学（原书第2版）
26872652, 8.1, 12, 君主专制政体下的财政极限
35071198, 7.7, 14, 聪明人的才华战略
25777373, 4.5, 890, 哈佛凌晨四点半（升级版）
34868506, 7.7, 13, 海外华人
30367812, 8.0, 11, 说服式设计七原则：用设计影响用户的选择
01988395, 7.1, 15, 计算机伦理学
26862211, 7.5, 12, 私董会2.0
01837301, 6.0, 33, 艺术美学
25952605, 5.0, 116, 微反应心理学全集
10563164, 6.6, 17, 全局学习法
03246514, 7.0, 13, 看图学语法不用背
25838545, 7.0, 11, 學得快才會想學！
26856577, 6.3, 17, 别再迷恋互联网思维
04244606, 5.7, 27, 向中国共产党学习
20442717, 5.9, 22, 我的第一本漫画金融书
26992871, 6.8, 10, 畫張圖想得更清楚！
34996698, 4.8, 67, 格局
35000612, 6.5, 11, 学习场景的革命
01232989, 5.5, 18, 学会怎样学习
03301449, 5.3, 19, 人心可测
27179367, 2.5, 1528, 终身学习
04489312, 0.0, 10, Research Methods in Human-computer Interaction
20563255, 0.0, 10, 站直了，主管
25772553, 0.0, 10, 改变自己
26871426, 0.0, 10, 都是套路，微商这样做就赚钱
33458553, 0.0, 10, 学好不难
34786232, 0.0, 10, The Linux Command Line
35062360, 0.0, 10, 多而不乱
01158631, 0.0, 11, 创设联结
03117107, 0.0, 11, 韩国语基础教程1
03197534, 0.0, 11, 上帝导演的并购
26266036, 0.0, 11, Visualization Analysis &amp; Design
04859477, 0.0, 12, 影响人生的24堂课
11624628, 0.0, 12, 别笑！我是泰语学习书
35051997, 0.0, 12, 本质思考
01615234, 0.0, 13, 数学百科全书第一卷
26658545, 0.0, 13, 教材帮
33474446, 0.0, 13, 自我发展
06521414, 0.0, 14, 新婚必读全书
35050941, 0.0, 14, 男孩的学习力
02220059, 0.0, 15, 思考的人
26278765, 0.0, 16, 放空一下，大脑更有活力
04909802, 0.0, 18, 金星教育·中学教材全解
01910925, 0.0, 20, 学说藏语300句
20509585, 0.0, 28, 数学-四年级下册-人教实验版-七彩课堂
27594116, 0.0, 30, 江苏省专转本考试计算机基础核心攻略
19981032, 0.0, 42, 仙道口诀
35062142, 0.0, 55, 365天子弹笔记
10955400, 0.0, 349, 小学教材全解  五年级语文（上）
