2020-07-05 16:00:01

number of books, tag name
882, 学术

ID, rating, votes, title
01041482, 8.9, 143750, 万历十五年
01003479, 9.2, 43010, 中国历代政治得失
01795079, 9.2, 36596, 乡土中国
10471333, 9.0, 19514, 叫魂
01476213, 9.4, 6171, 中國近代史（上冊）
01008189, 8.9, 11519, 西方哲学史（上卷）
01261560, 9.0, 9208, 国富论
01012307, 9.2, 6238, 规训与惩罚
33424487, 8.9, 9321, 时间的秩序
25961458, 9.3, 5228, 大问题
26697350, 9.1, 6635, 极简宇宙史
03697494, 9.1, 6558, 洞穴奇案
06712255, 8.9, 7158, 天真的人类学家
01000534, 9.2, 4695, 中国少年儿童百科全书
25935941, 9.4, 3633, 天朝的崩溃（修订版）
01010464, 9.0, 5544, 古汉语常用字字典
01310228, 9.2, 4102, 乡土中国 生育制度
01036541, 8.8, 6785, 疯癫与文明
01433411, 8.9, 5615, 新教伦理与资本主义精神
03003032, 9.3, 3291, 浪漫主义的根源
01034279, 8.6, 8151, 果壳中的宇宙
01060025, 8.8, 5888, 中国近代史
04282084, 8.8, 5567, 论摄影
01216737, 9.0, 4238, 纯粹理性批判
02256351, 8.4, 9137, 乌合之众
01269182, 8.7, 5665, 叫魂
01315190, 8.8, 4907, 想象的共同体
25912076, 9.2, 2946, 叫魂
06533042, 9.2, 2908, 南明史
01038292, 8.6, 6226, 精神分析引论
01017238, 8.7, 5183, 美学散步
01076378, 9.1, 2989, 传统十论
01041993, 9.2, 2635, 中国少年儿童百科全书
01277275, 9.2, 2454, 学术与政治
01060383, 9.2, 2301, 中国少年儿童百科全书
01322358, 9.0, 2851, 费马大定理
02025235, 9.1, 2523, 顾准文集
03016590, 9.3, 1929, 大众传播理论
25897707, 9.1, 2367, 沈从文的后半生
01003694, 9.1, 2125, 中国少年儿童百科全书
26314627, 8.9, 2656, 万物：创世
01028268, 8.9, 2586, 正义论
04312810, 8.6, 3786, 裸猿
01438539, 8.7, 3088, 西方美学史
01009270, 8.8, 2718, 中国建筑史
26423502, 9.7, 996, 艺术的故事
01203363, 9.1, 1800, 中国小说史略
25971624, 8.7, 2912, 政治秩序的起源
26363926, 8.7, 2906, 何为良好生活
25966785, 9.2, 1505, 与社会学同游
01274469, 8.4, 4020, 自杀论
01041366, 9.3, 1270, 管锥编（全五册）
20258504, 9.1, 1536, 疯癫与文明
20376550, 9.1, 1530, 科学革命的结构
11505704, 9.1, 1520, The Ph.D. Grind
01181370, 9.3, 1198, 文心雕龙注(上下)
06100919, 9.2, 1305, 治史三书
01016864, 8.9, 1800, 士与中国文化
11232671, 9.2, 1266, 悲剧的诞生
01787729, 8.5, 2849, 单向度的人
33408247, 8.2, 4304, 病毒星球
01008094, 9.4, 959, 春秋左傳注（全四冊）
01905742, 8.8, 1837, 金枝（上下册）
01085366, 9.2, 1129, 组织社会学十讲
06313277, 8.9, 1555, 学术训练与学术规范
01056867, 9.1, 1235, 政治学
03431988, 9.0, 1374, 人的境况
01410359, 9.1, 1205, 乡土中国
01277259, 8.6, 2137, 社会学的想像力
01066627, 8.2, 3601, 中国现代文学三十年
03117247, 9.0, 1304, 中国古代思想史论
01069724, 8.7, 1769, 晚清七十年
25961497, 9.0, 1250, 中国古代物质文化
30486499, 8.7, 1760, 债务危机
24748706, 8.6, 1960, 陈寅恪的最后20年
01041452, 8.5, 2125, 存在与虚无
06895949, 9.2, 929, 联合政府与一党训政
30164963, 9.1, 961, 巴菲特致股东的信
05988185, 8.3, 2475, 宅兹中国
02975972, 8.6, 1676, 文学理论入门
03908344, 9.2, 859, 图像中国建筑史
01270509, 8.9, 1168, 中国史学名著
01001646, 8.9, 1159, 中国哲学简史
24383057, 9.2, 825, 乡土中国
01428463, 8.9, 1128, 文学理论
02969410, 8.8, 1254, 与本科生谈：论文与治学
02213463, 8.6, 1580, 拯救与逍遥
01041622, 9.2, 808, 后汉书（全十二册）
01035165, 9.2, 803, 忧郁的热带
01089142, 8.4, 1988, 消费社会
01029009, 9.3, 727, 学术与政治
01022938, 8.4, 1968, 中国历史研究法
01367802, 9.0, 940, 中國現代小說史
04035330, 8.6, 1449, 研究是一门艺术
01400710, 8.3, 2098, 读史阅世六十年
26895836, 9.2, 746, 不发表 就出局
01024279, 8.0, 3156, 普通心理学
01025001, 8.4, 1816, 东方学
05905979, 9.1, 804, 斜目而视
05038750, 9.1, 793, 读书指南
01022232, 8.6, 1340, 中国思想史
26817050, 9.3, 631, 治史三书
01034653, 8.8, 1043, 國學概論
04312139, 9.4, 566, 经济学基础
26410016, 8.6, 1296, 金翼
01123740, 8.7, 1122, 科学革命的结构
03213781, 9.1, 725, 启迪
01331454, 8.6, 1215, 西方正典
01084434, 9.0, 754, 以自由看待发展
01870212, 9.0, 753, 宗教生活的基本形式
03132641, 8.7, 1032, 中国现代思想史论
06810086, 9.2, 613, 朱熹的历史世界
26952345, 8.5, 1288, 私人生活的变革
01322324, 8.8, 895, 思想史研究课堂讲录
03593300, 9.3, 541, 民主新论
30233984, 9.5, 451, 科学作为天职
10491605, 8.5, 1238, 余英时访谈录
01081863, 9.1, 631, 规训与惩罚
05396636, 9.2, 567, 资本主义与精神分裂 （卷二）
01031857, 7.8, 2998, 虐恋亚文化
04248275, 8.6, 1043, 革命与反革命
01070897, 8.5, 1169, 十九札
07174792, 8.3, 1484, 千面英雄
20516442, 9.4, 457, 中国青铜时代
04086800, 9.6, 384, 陈寅恪集
02051821, 8.8, 816, 论革命
25660994, 9.6, 379, 文字学概要（修订本）
03464792, 8.5, 1120, 风流去
25842926, 9.2, 534, 理论入门
25838004, 8.9, 712, 法学论文写作
01675500, 9.1, 570, 后现代主义与文化理论
01002262, 9.1, 560, 宋元戏曲史
03339862, 8.6, 940, 性别麻烦
30422566, 8.3, 1327, 观看王维的十九种方式
01959270, 8.1, 1715, 小世界
04836601, 8.4, 1173, 扪虱谈鬼录
04042959, 9.0, 599, 政治哲学导论
01009891, 8.6, 909, 公共领域的结构转型
30441545, 8.8, 726, 人行道王国
01048364, 8.9, 649, 日本现代文学的起源
26865819, 8.3, 1264, 景观社会
30235060, 8.2, 1428, 情感勒索
03518162, 8.7, 791, 社会研究方法
01938337, 8.9, 636, 外国电影理论文选(修订本)
04856930, 9.1, 520, 汉语的本质和历史
02974917, 8.7, 776, 自由主义
30309618, 9.4, 378, 学术与政治
01093762, 8.7, 736, 文献学概要
27667348, 9.0, 541, 思想是生活的一种方式
26876054, 8.4, 1015, 纵乐的困惑
26591902, 9.1, 486, 中国思想史十讲（上卷）
01015144, 9.3, 399, 元白诗笺证稿
01046202, 9.0, 526, 自由选择
02256360, 9.0, 526, 胡塞尔现象学
26986888, 9.4, 363, 米德尔马契
25659944, 8.8, 611, 执拗的低音
24838578, 8.3, 1061, 西南联大行思录
26791309, 9.3, 380, 初识传播学（插图第7版）
01803230, 8.8, 601, 中国近三百年学术史
26716260, 8.1, 1335, 中国文学史
04712697, 9.2, 405, 康德《纯粹理性批判》句读
34842935, 9.6, 287, 历史学与社会理论（第2版）
27069302, 9.1, 439, 资本的规则
01444141, 9.2, 398, 演讲与论文集
03074246, 9.0, 466, 无政府、国家和乌托邦
01005567, 8.6, 689, 清代学术概论
05385877, 9.1, 419, 中国近代思想与学术的系谱
05299274, 7.5, 2857, 前朝梦忆
01069138, 8.4, 848, 中国古代房内考
04122414, 9.3, 343, 经济与社会（第一卷）
03662262, 7.9, 1535, 电影化叙事
01794666, 8.7, 592, 巴黎，19世纪的首都
24838641, 8.4, 809, 神堂记忆
01095500, 8.9, 478, 意识形态的崇高客体
01022187, 8.2, 1013, 知识考古学
01058669, 8.8, 524, 现代危机与思想人物
01002135, 8.8, 516, 历史与阶级意识
26136469, 8.8, 503, 祖宗之法
01134086, 8.7, 549, 中国文化与中国的兵
04892923, 9.1, 373, 古典学术讲要
01811507, 8.6, 597, 历史哲学
01014006, 8.8, 486, 中国近三百年学术史（全两册）
03689121, 8.4, 728, 美国
01722820, 8.4, 724, 美学散步
03787198, 9.0, 393, 明史讲义
26743425, 8.8, 474, 逃避统治的艺术
04236917, 8.6, 573, 观念史研究
03117248, 8.4, 709, 中国近代思想史论
30240081, 9.4, 273, 印度佛教史
27028393, 8.7, 514, 为何一切尚未消失?
03518087, 8.6, 560, 给研究生的学术建议
06714961, 9.0, 368, 中国现代思想的起源
26286037, 9.0, 367, 古文献学讲义
02377020, 9.0, 364, 治史三书
26989781, 8.0, 1045, 自卑与超越(完整全译本)
01093249, 8.6, 527, 文化的解释
01025156, 8.6, 523, 中国史学名著
01556148, 8.7, 469, 隐形书写
30423925, 9.3, 271, 学术与政治
26955856, 9.0, 350, 思想的力量
25815890, 9.6, 212, 费曼物理学讲义 第一卷
03067148, 8.5, 565, 去政治化的政治
25833473, 8.4, 628, 疾病的隐喻
04187234, 9.0, 342, 中国当代文学史
04111675, 8.5, 555, 什么是文化史
01045279, 8.7, 445, 疯癫与文明
30346702, 9.5, 221, 中国文学传统
27593327, 9.7, 189, 白沙宋墓
01020009, 8.4, 590, 中国问题
10544787, 8.9, 357, 暴力
02287348, 8.4, 587, 论科学与艺术
06042298, 9.3, 251, 符号学原理与推演
01795078, 8.4, 579, 民族与民族主义
04149376, 8.2, 722, 朝闻道集
01116325, 8.7, 421, 人类理解论（上下）
03225124, 8.5, 511, 比较文学研究入门
01020182, 8.6, 461, 尼采与柏拉图主义
01770266, 8.9, 344, 结构人类学 （1-2）
01322247, 8.8, 377, 清代学术概论
01437862, 8.5, 502, 想像中国的方法
03665980, 9.0, 306, 从甲午到戊戌
01051386, 8.4, 544, 大国政治的悲剧
04130157, 9.4, 217, 忧郁的热带
01097745, 8.2, 671, 中国转向内在
02117279, 7.7, 1246, 教授为什么没告诉我
27181900, 8.2, 658, 哲学起步
01034729, 8.9, 319, 开放社会科学
02303128, 8.5, 458, 简析荣格
01099206, 8.9, 312, “灰阑”中的叙述
02173528, 9.2, 241, 編戶齊民
03924546, 8.5, 453, 写给大家的简明世界史
03058531, 9.2, 236, 法律与革命
01976551, 8.4, 494, 中国艺术精神
01484437, 9.4, 201, 四库提要叙讲疏
06710686, 9.0, 278, 生命政治的诞生
01541591, 8.4, 491, 质的研究方法与社会科学研究
20473479, 8.9, 300, 建元与改元
25828065, 8.5, 438, 中国政治二千年
20276111, 9.0, 269, 智者
26600395, 9.0, 268, 人的行为
25850080, 8.0, 739, 何以中国
01061468, 8.5, 424, 表征
03729665, 8.3, 522, 欧洲同性恋史
03128876, 8.4, 466, 反抗绝望
03042579, 7.8, 922, 费城风云
03402992, 8.0, 703, 历史大脉络
01077248, 8.2, 553, 文化与帝国主义
02028991, 9.3, 199, 日知錄集釋全校本（全三冊）
01025576, 7.9, 777, 中国史学入门
07054148, 8.6, 362, 批评与临床
02486955, 8.5, 396, How to Write a Lot
26593192, 8.3, 486, 思想本质
26280494, 7.3, 1759, 活着之上
01076617, 9.3, 193, 经子解题
33450028, 8.0, 666, 天才为何成群地来
25774961, 8.8, 289, 追忆
01884446, 9.2, 206, 线性代数
01709754, 8.3, 469, 电影语言
01068301, 8.4, 418, 意识形态与乌托邦
25945177, 9.3, 188, 顾准文集
30319691, 8.4, 406, 读闲书
06402688, 8.6, 331, 中国艺术与文化
04247329, 8.4, 402, 致青年学者
24316388, 9.3, 181, 旧史舆地文录
04259930, 8.1, 551, 千古文人侠客梦
01262815, 8.3, 442, 关键词
01836616, 8.4, 390, 写文化
01376870, 9.3, 177, The Origins of Totalitarianism
01258239, 8.2, 479, 西方社会学理论(上)
06717822, 8.5, 349, 中国思想史
01058031, 8.9, 240, 中国思想传统及其现代变迁
26665789, 8.3, 422, 中国神话史
24383039, 9.2, 187, 当说者被说的时候
01393386, 8.8, 258, 主体解释学
34432189, 8.5, 340, 罗马的命运
20445391, 8.5, 336, 思想史研究课堂讲录续编
26655043, 8.4, 366, 会读才会写
05399343, 7.8, 702, 论证是一门学问
27056271, 8.2, 440, 公主之死
03034476, 8.6, 295, 中国史学史
03908349, 7.5, 1029, 符号与象征
01265785, 8.6, 291, 笑
04710578, 8.5, 315, 艺术的去人性化
02294877, 8.6, 286, 钱穆与现代中国学术
02177833, 8.5, 312, 再解读
04852587, 9.0, 200, 学龠
24377608, 9.3, 158, 中国史学名著
25781016, 8.9, 216, 心理学与文学
02180067, 9.6, 127, 计算流体力学基础及其应用
01881438, 9.3, 157, 经学抉原
10769906, 9.0, 198, 中国历史通论
06526308, 7.9, 574, 怎样做文献综述
10426968, 9.2, 167, 中国近代史
01794589, 8.6, 276, 中国方术续考
26338430, 8.6, 276, 再造文明之梦
25870939, 9.2, 166, 哈贝马斯
01052528, 8.5, 300, 流动的现代性
03062072, 8.5, 300, 跨语际实践
04269889, 8.7, 249, 宋明理学概述
01072924, 8.7, 246, 共和·民主·宪政
05914495, 8.1, 441, 兰台万卷
25906168, 8.3, 356, 论天人之际
01000110, 9.0, 187, 中国古代服饰研究
06521435, 9.5, 128, 社会学的基本概念・经济行动与社会团体
01080481, 7.7, 668, 色情史
22626002, 8.9, 197, 權力的毛細管作用
02245544, 9.4, 134, Writing Academic English
02051028, 8.4, 303, 文化研究关键词
01689035, 9.0, 178, 汉语语法分析问题
06429292, 8.8, 209, 杜甫
03050620, 9.2, 151, 魏晋南北朝隋唐史三论
04071857, 9.3, 140, 魏晋玄学论稿
20284332, 8.9, 189, 学术研究，你的成功之道
03034307, 8.3, 325, 现代中国思想的兴起（全四册）
01845096, 8.2, 359, 西方社会学理论（下卷）
01209006, 8.2, 358, 实变函数论
06521433, 9.0, 173, 宗教社会学・宗教与世界
26184836, 7.9, 493, 朱雀
30389922, 8.0, 436, 精神政治学
01854768, 8.6, 239, 社会学方法与定量研究
26596363, 8.3, 317, 阅读经典
01314977, 8.6, 238, 全球化时代的文化认同
06401129, 9.4, 126, 浪漫的谎言与小说的真实
26613805, 8.1, 387, 文思泉涌
30247656, 9.2, 145, 改变心理学的40项研究（第7版）
01163767, 8.2, 345, 大众传播效果研究的里程碑
05386038, 9.5, 116, 陈垣来往书信集
03410742, 8.4, 278, 历史讲稿
01278800, 8.6, 231, 晚明清初思想十论
02382861, 9.4, 122, 宋代诗学通论
34982925, 8.2, 335, 五万年中国简史（上）
26629064, 8.7, 207, 芝加哥大学论文写作指南
01780542, 8.0, 406, 受众分析
01527290, 8.4, 270, 中国文学理论
05326144, 8.7, 203, 后戏剧剧场
01092290, 8.6, 221, 语言研究
01077502, 8.2, 322, 语言与文化
01926932, 8.2, 322, 有了博士学位还不够
02134124, 9.2, 136, 索绪尔
01157313, 8.4, 264, 物理学
19976186, 8.9, 170, 礼与十八世纪的文化转折
01436758, 7.9, 440, 结构主义
04882056, 7.8, 492, 为什么是欧洲？
01051162, 8.9, 168, 诗经名物新证
01081454, 8.3, 284, 近代中国史学十论
01092680, 8.1, 347, 消费文化与后现代主义
04842455, 8.3, 283, 古典诗的现代性
03170721, 8.2, 312, 视觉文化的转向
10570885, 8.5, 234, 芝加哥学术生涯规划
01761869, 7.8, 479, 史学九章
05942678, 8.6, 213, 国家的视角(修订版)
04071865, 8.3, 271, 石器时代经济学
01963483, 8.1, 329, 季羡林谈佛
01866298, 8.4, 244, 叙事话语 新叙事话语
01051814, 7.0, 1316, 外国文学史（上）
03410699, 8.4, 237, 中国现代哲学史
05938326, 8.9, 153, 中国传统的创造性转化（增订本）
01315239, 8.3, 257, 中国封建社会
25748806, 8.7, 179, 俄罗斯史
01840528, 8.9, 152, 后现代主义与文化理论
26826786, 8.2, 279, 社会学的想象力
10435585, 8.1, 305, 明末农民战争史
04198018, 7.1, 1055, 五百年来谁著史
01009147, 8.6, 190, 血路
01066987, 8.3, 249, 杂书过眼录
25919864, 7.7, 470, 奥术神座1·女巫笔记
02075635, 8.4, 226, 现代的诱惑
21323611, 9.5, 96, 古代中国考古学
10532815, 9.7, 84, 谈艺录
05924290, 8.9, 145, 中国前近代思想的屈折与展开
02280308, 8.5, 202, 安邦之道
01410358, 8.4, 221, 野人献曝
01499791, 9.1, 124, 读《资本论》
24840450, 8.3, 239, 黄永年先生编年事辑
26476894, 9.1, 123, 古代艺术与仪式
05906331, 9.1, 122, 文化批评往何处去
34866852, 9.3, 105, 福柯：关键概念
04894974, 9.1, 120, 西方古典学术史
26873471, 9.0, 129, 汉学书评
04818176, 9.5, 91, 中国古建筑调查报告（上下）
03183094, 8.1, 281, 许倬云观世变
01084254, 8.4, 210, 俄罗斯思想
01109998, 9.2, 110, 唐代科举与文学
03391913, 8.9, 137, 增订本中国禅思想史
26848727, 7.5, 542, 当良知沉睡：辨认身边的反社会人格者
11609934, 9.0, 126, 仰观集
03799766, 10.0, 66, 唐长孺文集（全八册）
04910647, 8.0, 302, 西方哲学史
01438102, 8.3, 223, 与齐泽克对话
24839157, 8.0, 299, 剑桥中国文学史（下卷）
10834107, 8.3, 220, 章太炎的思想
23801770, 8.2, 240, 西域考古记
26201896, 8.2, 240, 法学野渡
03183090, 8.0, 291, 许倬云问学记
01962774, 9.3, 98, 革命‧歷史‧小說
01464223, 8.3, 215, 叙事学导论
01142429, 8.6, 165, 经学通论
07162444, 7.6, 449, 中国行日记
24858284, 9.4, 91, 唐代进士行卷与文学　古诗考索
01443837, 7.8, 351, 中国现代作家的浪漫一代
01480880, 8.0, 279, 文化研究导论
02146893, 9.1, 109, 古典重温
01085273, 7.7, 384, 怀柔远人
27103061, 8.3, 207, 竞争的艺术
05243494, 8.6, 159, 官阶与服等
06970225, 9.1, 108, 中国新文学大系导论集
25815071, 8.7, 146, 理解早期文明
04807993, 8.3, 203, 谁在敲我的门
26976287, 9.8, 68, 佛典语言及传承
01958888, 9.4, 86, 严耕望史学论文选集（二册）
30288710, 8.1, 241, 行走大唐
26945178, 8.0, 266, 幽玄·物哀·寂
26816475, 9.0, 112, 迦陵谈诗
03427166, 9.2, 97, 文史通义
01645383, 8.5, 165, 中国无声电影史
06391791, 9.1, 103, 组织理论
03116596, 9.0, 109, 唐代科举与文学
02265256, 9.3, 88, Advice for a Young Investigator
03218548, 8.1, 229, 二十世纪中国文学史
06382868, 8.3, 189, 写实主义小说的虚构
01037104, 7.7, 346, 诺贝尔的囚徒
01061140, 7.9, 275, 中国政治
04123047, 7.5, 423, 厚黑学
20391430, 8.4, 168, 明史讲稿
04832495, 7.6, 375, 工作、消费、新穷人
30354854, 9.2, 91, 不正常的人
02178389, 8.8, 121, 如何撰写和发表科技论文
01476432, 7.3, 540, 中国文化概论
26164117, 9.4, 79, 悠悠长水
01968349, 8.7, 129, 中国现代化史
19954823, 7.9, 264, 明朝没有沈万三
05402225, 8.6, 139, 抒情与史诗
34822060, 9.3, 82, 法国知识分子史
05415463, 8.0, 232, 满与汉
27156964, 8.3, 175, 斯文
03719334, 8.7, 125, 汉化佛教与佛寺
34940791, 9.4, 76, 时间与他者
01393220, 8.9, 106, 启蒙运动与现代性
26344722, 8.9, 106, How to Write a Thesis
25930038, 9.5, 71, 席勒经典美学文论（注释本）
01410352, 8.2, 187, 天道与人文
04246951, 8.1, 204, 周作人
03031797, 8.3, 169, 大众传播模式论（第2版）
06129890, 8.7, 121, 为什么研究中国建筑
25793571, 8.0, 222, 脚注趣史
27108502, 8.8, 110, 研究生完全求生手冊
01003659, 7.8, 264, 政治的逻辑
21423670, 7.6, 327, 杀千刀
20434546, 8.6, 126, 人文与社会科学学术论文写作指南
01222364, 9.2, 81, 爱弥儿（下卷）
01316501, 8.4, 145, 师门问学录
01181221, 8.4, 144, 晚清女性与近代中国
02115616, 8.9, 97, 唐宋诗歌论集
25906968, 7.9, 225, 治学的门径与取法
03050574, 9.4, 69, 魏晋南北朝史论丛续编
01059632, 7.8, 245, 文化研究读本
01027808, 8.6, 119, 战略论
30354859, 9.4, 68, 安全、领土与人口
25781954, 8.0, 197, 哥伦比亚中国文学史
25863979, 8.1, 179, 民主的阴暗面
11538354, 9.2, 76, 多變的孫科
25748667, 8.2, 160, 圣战与文明
01820620, 7.6, 290, 中国戏剧史
26855019, 9.4, 66, 左宗棠全传
01427769, 8.2, 159, 启蒙的时代
27616968, 9.5, 62, 世界时代
04770564, 8.6, 113, 心理学研究方法
03360650, 8.0, 189, 中国思想之渊源
25873062, 8.5, 122, 艺术界
01033334, 7.6, 283, 数学史
03525635, 8.5, 121, 捍卫历史
01816342, 9.1, 78, 五朝门第
01439480, 8.1, 169, 日常生活中的自我呈现
01944211, 9.0, 83, 越缦堂读书记（全三册）
05924298, 8.2, 154, 希望的敌人
30133561, 8.6, 110, 社会学论文写作指南
06754274, 9.0, 82, 中国传统相声大全（全五卷）
24840464, 9.0, 82, 章太炎國學講演錄
01101741, 8.2, 152, 孔子传
10520386, 8.9, 86, 民族与古代中国史
06025483, 8.3, 135, 中古异相
33649322, 8.7, 98, 培养想象
05331403, 8.0, 175, 铁屋中的呐喊
05920562, 7.9, 190, 作为隐喻的建筑
03800835, 8.3, 130, 博士论文写作技巧
03425558, 8.6, 102, 史通
25818906, 8.9, 82, 庄子纂笺
24755553, 8.5, 110, 北大中文系第一课
33442277, 7.6, 252, 娱乐何为
27117556, 8.0, 168, 学术江湖
01893812, 8.4, 118, 明清之际党社运动考
03410743, 8.8, 87, 那高尚的梦想
30286705, 9.4, 59, 唐诗求是
01060126, 7.5, 276, 民俗与迷信
25751975, 9.3, 62, 象牙塔的变迁
20415056, 9.1, 70, 社会学的想像力
05419240, 9.7, 49, 中华科学文明史（上下）
06013061, 9.4, 58, 唐代变文
27143005, 7.6, 242, 学术论文写作与发表指引
20558377, 8.8, 85, 考古学
27004382, 8.8, 85, 塔羅葵花寶典 12周年紀念版
01247847, 8.1, 147, 简明线性代数
26603127, 7.5, 267, 南明史
01033115, 8.0, 159, 大众文化与传媒
06979665, 7.3, 331, 中国共产党
26387967, 6.6, 883, 艺术学概论
11519499, 8.5, 103, 人类与大地母亲
01492601, 7.9, 169, 媒介与文化研究方法
01687833, 8.6, 93, 东西文化及其哲学
06041445, 9.0, 70, 历史与阶级意识
04113690, 8.1, 137, 艺术理论
26910268, 9.5, 51, 我的辩词与梦想
25902444, 8.4, 106, 史源学实习及清代史学考证法
03826348, 8.0, 148, OED的故事
25775565, 9.1, 64, 論語義疏
03654608, 7.5, 239, 战争与国家形成
34803493, 7.6, 214, 男性妥协
02117493, 7.7, 192, 艺术的终结之后
03697468, 8.5, 95, 美国的言论自由
05423049, 8.2, 120, 如何学习研究世界史
06719965, 9.7, 44, 道藏源流考
25872911, 8.2, 119, 被压迫者教育学（修订版）
01843363, 8.4, 101, 政治科学研究方法
01196074, 9.4, 51, 潘光旦文集
10814769, 7.5, 226, 日本历史与日本文化
04239120, 8.1, 126, 饥荒与政治
01429345, 7.5, 225, 他者的眼光
04048227, 7.1, 360, 仇富
20392191, 8.0, 137, 中国“诗史”传统
20474992, 8.3, 105, 冷战的起源
01099522, 7.9, 148, 后现代主义的幻象
03865924, 8.1, 123, 唐代文士与中国思想的转型
34434266, 8.8, 72, 借题发挥
30270223, 9.9, 38, 学术研究方法论
01069365, 8.8, 71, 批评空间的开创
27617224, 9.1, 58, 读史存稿（增订本）
01410310, 7.7, 172, 传播与社会影响
01910763, 9.0, 61, 异域之眼
26918998, 8.3, 100, 知识社会史 (下卷)
24551716, 8.7, 74, 当代学术研究思辨
20284675, 7.7, 164, 非人
26322355, 8.5, 83, 劝读论语和论语读法
26837234, 8.4, 89, 中国上古史导论
10781491, 8.0, 123, 东亚史
02268026, 8.7, 71, 北宋文化史述论
06973854, 8.1, 112, 说狐
01210159, 8.6, 76, 女太监
30354852, 8.5, 81, 必须保卫社会
34802645, 8.7, 70, 题写名胜
01442023, 7.6, 175, 朋友·客人·同事
02072973, 8.3, 93, 有无之间
01450389, 8.3, 92, 中国现代小说的起点
01450584, 8.5, 79, 中国文化之精神价值
11577858, 8.8, 64, 后形而上学思想
25870930, 7.6, 170, 介绍丛书：拉康
01687830, 8.6, 73, 基督教哲学1500年
01329977, 7.3, 233, 从鸦片战争到五四运动
26324182, 8.3, 91, 国家与生活机遇
26411284, 7.7, 152, 奥术神座4·天空之城
04712533, 8.4, 83, 庄子哲学及其演变
06758642, 8.7, 66, 怎样做研究
20492544, 9.0, 54, 社会学方法与定量研究
27177611, 9.0, 54, 在学术界谋生存
01164146, 8.6, 70, 治学方法与论文写作
01290356, 8.1, 102, 北宋文人与党争
01107040, 7.6, 159, 大学生如何写毕业论文
26386938, 8.3, 86, 中国小说源流论
02343947, 8.0, 109, 自由·平等·博爱
02141017, 8.7, 64, 严复集
01675255, 7.3, 213, 哲学通论
27054292, 8.8, 59, 全球时代的史学写作
26337833, 9.2, 46, 学术期刊论文写作必修课
26913505, 9.2, 46, 艰辛与欢乐相随
30237380, 8.3, 83, 流动的图像
30329460, 8.4, 77, 全球化时代
26340982, 9.7, 35, 流形导论
26717713, 8.6, 66, 停云献疑录
01254437, 8.0, 103, 佛教基本知识
04213540, 8.5, 70, 社会学与生活
01421907, 8.7, 61, 誰在那邊唱自己的歌
01427011, 7.9, 111, “革命”的现代性
30354857, 8.7, 60, 说真话的勇气
04247327, 7.6, 144, 文化的重要作用
03410719, 8.5, 68, 历史地理学的视野
25881113, 8.5, 68, 两汉思想史（全3册）
20015153, 9.4, 39, A Manual for Writers of Research Papers
03884889, 9.5, 37, 当代语言学
26411286, 7.6, 142, 奥术神座5·黑暗山脉
01462696, 9.1, 46, Advice to a Young Scientist
10727748, 8.1, 91, 常识的求知
27067762, 8.2, 84, 台湾史学史
20019387, 8.8, 55, Letters to a Young Scientist
03410744, 8.4, 72, 反现代派
03563619, 8.4, 72, 陶渊明研究
26575738, 8.3, 77, The Master Algorithm
33416858, 8.2, 83, 计算社会学
04851525, 7.2, 212, 李白与杜甫
01155910, 8.4, 71, 近代家庭的形成和终结
03096218, 9.3, 40, 列朝诗集小传（全二册）
26281949, 7.4, 167, 死亡晚餐派对
03274213, 7.9, 103, 日常生活的革命
26879477, 9.1, 44, 职业系统
25863867, 9.3, 39, 中国思想史论集
01584495, 8.8, 52, 民俗文化与民俗生活
27601620, 9.6, 33, 王安石年譜長編
25881407, 7.7, 117, 如何写学术论文
04934519, 8.0, 90, 看澜集
01737557, 8.3, 71, 先秦学术概论
01270254, 8.0, 89, 批评的概念
02287720, 8.0, 89, 如何成为卓越的大学教师
05947459, 8.0, 89, 穿行书林断简
26383882, 9.5, 34, 文选学
19974314, 7.6, 126, 中国占星术的世界
03010623, 7.6, 124, 历史的崇高形象
03885143, 9.3, 37, 思想的力量：學術探索之旅的另類自傳
25750167, 7.7, 112, 纷争的年代
11623343, 8.2, 74, Academic Writing for Graduate Students
27084071, 8.8, 49, 唐诗流变论要
26377007, 8.7, 52, 有了博士学位还不够（修订版）
34845961, 7.5, 134, 哲学是怎样炼成的
25774970, 8.3, 68, 中国早期古典诗歌的生成
02098309, 7.6, 121, 文化研究
06146412, 8.0, 85, 越轨社会学
06426024, 8.0, 85, 黄永年文史五讲
06038173, 6.7, 336, 妓女与文人
01912888, 8.0, 84, 谁想成为科学家?
30371231, 8.0, 84, 学术写作指南
01084571, 9.0, 42, 李杜诗学
10038670, 9.0, 42, Stylish Academic Writing
26865152, 7.0, 220, 懂你：道德教育的语言艺术
26431493, 8.8, 47, 怎样鉴定书画
05402224, 7.8, 97, 乱世书写
04445797, 8.9, 44, Writing Your Journal Article in Twelve Weeks
26275445, 8.9, 44, 刑事诉讼法
01593589, 9.0, 41, 中国章回小说考证
30124794, 9.0, 41, 天降之任
03003634, 8.1, 74, 迈向女性主义的国家理论
04704589, 8.9, 43, 训诂学
03689103, 7.9, 86, 修辞的复兴
25725836, 7.7, 102, 传播学概论(第2版)
20431266, 9.5, 31, 四库全书总目汇订
20496140, 8.8, 45, 馮小青——一件影戀之研究
03195751, 7.9, 84, 代沟
01421318, 7.8, 90, 青楼文学与中国文化
01799833, 8.8, 44, 汉赵国史
02237379, 8.8, 44, 普实克中国现代文学论文集
01445773, 9.3, 33, 中国辞赋源流综论
02990698, 9.3, 33, 3-8岁儿童的数学经验
20431346, 9.3, 33, 胡适红楼梦研究论述全编
01216332, 8.4, 56, 天才的激情与感悟
27624441, 8.4, 56, 近代中国的学术与藏书
01312869, 8.0, 75, 政治过程
01248112, 7.5, 115, 资本主义的起源
11504865, 7.5, 115, 陶渊明传
01026856, 9.0, 38, 印度古典诗学
01033635, 8.6, 48, 鲁迅的生命哲学
01196376, 9.3, 32, 二十世纪中国小说理论资料
34439601, 9.3, 32, 校勘学
01026482, 7.8, 84, 作为修辞的叙事
26585183, 9.1, 35, 科学研究的艺术
01082777, 8.1, 66, 当科学遇到宗教
03539107, 9.2, 33, 中国科技的基石
03476139, 9.6, 27, 院士思维
02263270, 8.8, 41, 沈曾植年谱长编
30464979, 8.7, 43, 法律研习的方法
01442638, 7.8, 81, 社会文化人类学的关键概念
04713755, 8.3, 55, 反纯粹理性
24385452, 8.5, 47, 中世纪哲学（上下）
30422567, 8.5, 47, 民法研究指引
26568375, 7.8, 78, 劳作的女人
03170734, 8.1, 61, 当代中国文艺思潮与文化热点
26675076, 8.4, 49, 如何成为学术论文写作高手
30394086, 8.0, 65, 20世纪西方人类学主要著作指南
03908374, 8.2, 56, 国家、政党与社会运动
02172183, 8.6, 43, 中国文学作品选注（第4卷）
26873343, 7.9, 70, 艺术史中的汉晋与唐宋之变
24947152, 8.5, 45, 语法修辞讲话
01313450, 7.5, 96, 信任
03705248, 8.8, 37, 中古文學史論集
03368870, 9.4, 27, 沧州集
01491684, 8.1, 58, 当代中国的知识感觉与观念感觉
30404453, 9.1, 31, 时间的形状
03757800, 8.4, 46, 中国学术思想史论丛（三）
20326091, 9.1, 30, 虚伪的“日本”
01524608, 8.5, 42, 现代主义
26657161, 8.5, 42, 怎样做开题报告
06425905, 8.5, 41, 中国文献学九讲
05254883, 8.3, 46, 民间传承论与乡土生活研究法
26593656, 8.3, 46, 二十世纪西方艺术史（上卷）
01426470, 8.6, 38, 为何资本不从富国流向穷国
01888455, 6.2, 399, 涂尔干死了！
05312340, 8.7, 35, 中国古代文学通论（7卷本）
02238300, 7.5, 82, 道教与中国文化
34989767, 8.6, 37, 风险社会学
34790312, 7.9, 59, 山围故国：旧闻新语读南京
01017222, 6.6, 213, 宗教学基础十五讲
30257754, 9.5, 23, 工具论
04017723, 7.0, 128, 高级宏观经济学
25887850, 8.9, 30, 历史讲稿
26600219, 8.4, 40, 中国文化的展望
22817834, 8.3, 42, 日本中国学之发展
01919510, 8.5, 37, 对年轻科学家的忠告
04015344, 9.5, 22, 金明馆丛稿初编
34988763, 9.4, 23, 核心社会学思想家（第3版）
01100248, 8.4, 39, 社会保障学
30466163, 9.3, 24, 历史知识与历史谬误
25887853, 7.2, 99, 民主四讲
01060405, 7.5, 75, 一个巴黎女子的拉萨历险记
01912985, 7.5, 75, 西方社会学理论
25815225, 8.9, 29, 资本主义起源新论
25869802, 8.0, 50, 顺利完成硕博论文
02988811, 9.1, 26, 童书业绘画史论集（上下册）
02073054, 8.5, 36, College Writing Skills with Readings
03007903, 7.4, 80, 复变函数
30181831, 8.1, 46, 鼎革以文
01375348, 8.2, 43, Story of the Eye
27913060, 8.2, 43, 美国社会科学的起源
01081877, 8.8, 30, 中国学术精神
01289059, 8.0, 49, 国权与民权的变奏
26905462, 7.2, 95, 《左传》的书写与解读
01829618, 7.6, 66, 想象城市的方式
02026614, 9.4, 22, 西班牙语学习词典
01027417, 8.3, 39, 蔡孑民先生言行录
26936675, 7.8, 55, 汪篯汉唐史论稿
27599519, 8.8, 29, 艺术之眼
26989813, 9.7, 19, 布尔迪厄作品集
25750072, 8.4, 36, 马林诺夫斯基
03898441, 7.7, 57, 怎样写学术论文
04000449, 9.3, 22, 艺文类聚
25920891, 7.1, 96, 第十一论纲
26880628, 8.8, 28, 生命之源
06810074, 8.5, 33, 钱锺书手稿集•中文笔记
06999512, 8.5, 33, 明代中央文官制度与文学
30321101, 8.6, 31, 论数码物的存在
01420605, 7.3, 78, 人类学定位
26414521, 8.7, 29, 近代史家批判
25863440, 8.3, 36, 儒学转型与文化新命
04877785, 8.8, 27, 汉晋学术编年
24737823, 8.6, 29, 学术引注规范指南（第二版）
06847798, 8.8, 26, 佛道散论
06711952, 7.4, 65, 思想东亚
03006626, 8.4, 32, 中国新文学史
26845077, 8.0, 41, 传播学核心理论与概念
01024277, 7.8, 47, 六十年代
01265708, 9.1, 22, 现代社会学理论
26732439, 9.1, 22, 科研有方
34710218, 7.5, 59, 符号侦探
04928557, 9.4, 19, 中国史学史稿
24815977, 9.4, 19, 现代中国与少数民族文学
26331639, 7.4, 63, 精神分析引论
02475544, 9.8, 16, Touching Feeling
02327852, 7.4, 62, 章学诚的生平及其思想
05440077, 8.1, 37, 学术的年轮
01489033, 7.2, 72, 身体政治
01527923, 9.2, 20, 海绡词笺注
02293785, 8.9, 23, 学会引用
26641032, 9.3, 19, 吕思勉全集（全26册）
30348065, 9.3, 19, 士人身份与南宋诗文研究
02714331, 8.5, 28, Authoring a PhD
01066340, 9.5, 17, 清华社会学评论：特辑1
04178944, 9.0, 21, 科学人生纵横
34858189, 8.5, 27, 渔人之路和问津者之路
26898392, 7.5, 50, 书者生也
24721935, 8.0, 35, 中国现代文学编年史
34648348, 9.4, 17, 校雠广义·目录编（修订本）
02713955, 8.5, 26, The Chicago Guide to Your Academic Career
01444242, 5.9, 308, 语言学常识十五讲
01199256, 8.0, 34, 汉魏六朝文学新论
24699775, 7.4, 52, 社会学概论新修
10484711, 7.9, 36, 哈林顿博弈论
26929908, 8.4, 26, 新批评之后
28385953, 8.9, 20, Post-Truth
26870150, 6.9, 78, 中国经学史大纲
01445679, 8.7, 22, 中国俗文学史
01871770, 9.0, 19, The System of Professions
34969864, 9.0, 19, 5-6世纪北边六镇豪强酋帅社会地位演变研究
01164699, 8.3, 27, 藏学概论
01911189, 8.0, 32, 闲谈写对联
01968475, 7.8, 36, 纪录片的虚构
30353287, 9.2, 17, 理想国
30167016, 8.3, 26, 第一推动丛书·25周年纪念版 （49本合集）
26760891, 8.0, 31, 物质技术视阈中的文学景观
04074877, 7.6, 40, 如何撰写研究计划书
26643036, 8.0, 30, 树新义室学记
25858769, 7.8, 34, 怎样利用图书馆做研究（第三版）
26869777, 8.3, 25, Staying with the Trouble
30296442, 9.2, 16, 观念史论文集
20475792, 7.5, 41, 中国历代党争史
34907819, 8.8, 19, 古籍之为文物
26936137, 6.8, 74, 儒学与汉帝国意识形态
10439653, 6.9, 66, 文化记忆理论读本
01592983, 8.3, 24, 文心雕龙义证（全三册）
02180860, 8.3, 24, 学术论文的创造性阅读
01583653, 9.0, 17, 刘盼遂文集
03368872, 9.3, 15, 沧州后集
03056003, 7.9, 30, 神女之探寻
34800379, 8.5, 21, 透过性别看世界
26740644, 9.4, 14, 先秦诸子系年
02065343, 7.8, 31, 批评意识
34858563, 7.6, 35, 长路
01054291, 6.8, 67, 种族主义源流
20473429, 8.6, 19, 宋史丛考（全2册）
30229847, 8.0, 26, 学理与学谊
10507982, 7.6, 33, 门阀、庄园与政治
01396521, 8.6, 18, 怎样获得研究生学位
01927195, 8.2, 22, 古汉语语法纲要
04229943, 9.1, 14, Chaos of Disciplines
34781627, 6.4, 87, 高效写作的秘密
01816336, 8.6, 17, 中国政治体制改革的心声
06526181, 7.1, 42, 学术写作手册
26390452, 9.2, 13, 权力与信仰
25789279, 7.0, 45, 民族志：步步深入（第3版）
10429553, 8.2, 20, 中国考试制度史
04630803, 8.8, 15, 目录学与工具书
34261986, 7.1, 40, 从祖先到算法
04319801, 8.9, 14, 玉谿生年谱会笺
02304496, 8.0, 21, 价值论
25760637, 9.2, 12, 從豔史到性史
24522523, 8.5, 16, 韋伯學思路
01290609, 7.8, 23, 复仇记
04884857, 8.6, 15, 日本汉文学史
01224670, 7.1, 36, 旅游人类学
22899144, 8.3, 17, 马克思主义和语言学问题
01092531, 8.7, 14, 中国音乐词典
21932035, 7.2, 32, 南明史
27012159, 7.2, 32, 朝山
11537690, 8.5, 15, 老子通证
05361236, 8.8, 13, 新唯识论
02223657, 9.0, 12, 明代人物與史料
06039247, 8.6, 14, 时间与自由意志
34820900, 8.6, 14, 庄子的世界
23858330, 7.2, 30, 语言学教程
28568862, 8.7, 13, 文学社会学
06432377, 8.0, 18, 清初的群经辨伪学
03285393, 7.3, 26, 学术资本主义
06105528, 7.9, 18, 社會科學哲學
01025501, 7.3, 25, 中国京剧史
27143009, 8.7, 12, 法律体系的概念
04924488, 8.5, 13, 批评意识
10521116, 8.5, 13, 韩愈研究
02226059, 7.4, 23, 诗歌意象论
01689610, 7.7, 19, 近代历史纵横谈
01925571, 7.7, 19, 学记研究
24733767, 7.7, 19, 动物考古学
01157934, 8.3, 14, 世纪彷徨：老舍论
30468433, 8.3, 14, 如何撰寫畢業論文
01942986, 8.0, 16, 中国文化史论纲
03700653, 8.0, 16, 文化的科学
01196703, 8.1, 15, 为世界而生：霍奇金传
01107609, 8.8, 11, 王禹偁事迹著作编年
02713703, 7.6, 19, Writing Ethnographic Fieldnotes
01385146, 7.9, 16, 歷史與記憶
26387819, 6.8, 31, 大脑也有奇怪的习惯
26821629, 7.6, 18, 驼庵学记
04719362, 8.4, 12, 钟山札记 龙城札记 读史札记
26813755, 8.4, 12, Labor of Love
30296013, 7.9, 15, 从“山贼”到“水寇”
01067210, 8.2, 13, 中国中世语法史研究
05908748, 6.6, 34, 法学论文写作与资料检索
26042965, 7.6, 17, 图像符号学
03837717, 8.0, 13, 经史子集入门
10546092, 8.0, 13, 陈匪石先生遗稿
33446824, 7.4, 17, 博士与论文
24699254, 7.3, 17, 三曹与中国诗史
01845097, 7.8, 12, 新时代的精神
03719758, 7.6, 13, 上海沦陷时期文学期刊研究
04817399, 7.1, 17, 中国古代小说与民间宗教及帮会之关系研究
27060358, 7.2, 16, 法学是什么
26928586, 7.0, 18, 政治仪式
01019731, 7.5, 13, 法国当代中国学
01092331, 7.5, 13, 如何写研究论文与学术报告
21348389, 8.0, 10, 基础影视翻译与研究
05910698, 6.6, 21, 从零开始学点金融学
26608841, 7.6, 11, 帝国与传播（中文修订版）
26658447, 6.9, 16, 游牧考古学
03713972, 6.8, 17, 唐五代笔记考论
04828810, 6.4, 21, 研究方法论
30359906, 7.3, 11, 学术论文写作
27616998, 6.5, 16, 中国人的婚姻、婚俗与性爱
03247036, 6.8, 11, 《华阳国志》研究
34992150, 4.9, 11, 前期与后期
02564110, 0.0, 10, Ritual Theory
