2020-07-05 16:00:01

number of books, tag name
521, 宇宙

ID, rating, votes, title
03066477, 9.3, 222579, 三体Ⅱ
05363767, 9.2, 214996, 三体Ⅲ
02567698, 8.8, 375312, 三体
25985021, 9.1, 131607, 人类简史
06518605, 9.4, 49458, 三体全集
26698660, 8.9, 66328, 巨人的陨落
04242172, 8.1, 230388, 天才在左 疯子在右
01389960, 9.3, 22831, 七龍珠 34
01034282, 8.8, 46650, 时间简史
01192090, 8.7, 53418, 球状闪电
02284311, 8.8, 37675, 苏菲的世界
25829693, 9.0, 23606, 永恒的终结
25796120, 8.9, 16371, 小径分岔的花园
03311253, 9.0, 12976, 额尔古纳河右岸
01102715, 9.1, 9675, 从一到无穷大
26586492, 8.9, 12446, 火星救援
30471298, 9.2, 8030, 2001：太空漫游
26389895, 9.5, 5072, 银河帝国：基地七部曲
26657570, 9.0, 8541, 活着为了讲述
10604915, 9.2, 6278, 银河帝国3：第二基地
33424487, 8.9, 9321, 时间的秩序
26697350, 9.1, 6635, 极简宇宙史
01140727, 8.7, 10881, 安德的游戏
07065529, 9.0, 6576, 银河帝国2：基地与帝国
03228668, 9.3, 4435, 上帝掷骰子吗
01225983, 8.7, 8729, 万物简史
01034279, 8.6, 8151, 果壳中的宇宙
26210607, 8.4, 10832, 时间移民
03930318, 9.1, 3847, 超越时空
07007241, 9.3, 2853, 2001：太空漫游
01292405, 8.6, 6482, 自私的基因
26772731, 8.3, 9956, 七堂极简物理课
10488563, 8.6, 6274, 宇宙尽头的餐馆
27156306, 9.2, 2858, 现实不似你所见
26427703, 9.2, 2837, 三体2
01000445, 8.6, 5969, 时间简史
01146267, 8.8, 4452, 深渊上的火
05446490, 8.8, 3544, 宇宙奇趣全集
01408254, 8.7, 3871, 宇宙尽头的餐馆
01071023, 8.7, 3863, 谈谈方法
01399992, 9.0, 2597, 天渊
01257217, 9.1, 2209, 时间简史
26314627, 8.9, 2656, 万物：创世
20470849, 8.4, 4939, 神的九十亿个名字
01317485, 8.7, 3271, 生命是什么
26427705, 9.0, 2248, 三体3
01045119, 8.9, 2530, 宇宙的琴弦
01855231, 8.5, 4224, 银河铁道之夜
26992254, 8.8, 2799, 时间的形状
20390696, 8.7, 3035, 银河帝国9：钢穴
07647487, 8.6, 3457, 时间的形状
01140729, 8.6, 2933, 星船伞兵
01257218, 8.8, 2185, 果壳中的宇宙
01140726, 8.3, 4228, 计算中的上帝
33477229, 9.0, 1719, 上帝掷骰子吗？
03041463, 8.4, 3496, 时间回旋
20279665, 9.2, 1313, “太空漫游”四部曲
02340610, 8.8, 2069, 2010太空漫游
33420947, 9.4, 1053, 三体全集
27191786, 8.6, 2407, 朝闻道
01865765, 8.5, 2718, 童年的终结
03071402, 8.6, 2196, 物理世界奇遇记
26353666, 9.2, 1085, 量子物理史話
10555491, 8.8, 1551, 宇宙奇趣全集
03117464, 8.5, 2216, 平行宇宙
30246268, 8.6, 1951, 给忙碌者的天体物理学
01707050, 9.2, 925, 狭义与广义相对论浅说
03364858, 7.8, 5597, 再见，冥王星
01456203, 9.0, 1118, 銀河鐵道999 （1）
05422665, 8.0, 3951, 大设计
10808841, 9.3, 763, 夜观星空
01485225, 7.3, 11223, 骗局
11597373, 8.4, 1926, 爱的算法
26902370, 9.3, 707, 宇宙
03137185, 8.8, 1103, 阿米I-星星的孩子
30222424, 8.8, 1088, 遥远的地球之歌
01072767, 9.2, 702, 宇宙
03322928, 8.7, 1174, 基本上无害
24846072, 9.1, 754, 隐藏的现实
10539147, 9.3, 611, 宇宙的结构
21690283, 8.1, 2338, 再会，谢谢所有的鱼
25839522, 8.7, 1102, 银河系搭车客指南（5部曲）
01070820, 8.6, 1233, 上帝与新物理学
02377002, 7.9, 3045, 和我们的女儿谈话
03322930, 8.5, 1348, 拜拜，多谢你们的鱼
27001165, 9.0, 765, 地球之美
30459652, 8.5, 1323, 十问
01120886, 8.9, 832, 黑洞与时间弯曲
26826089, 8.2, 1853, 那些古怪又让人忧心的问题
03327830, 7.7, 3774, 前世今生：16堂生死启蒙课
30262617, 8.3, 1606, 生命3.0
26776967, 8.4, 1235, 发现的乐趣
01417484, 8.4, 1167, 恐龙文明三部曲
30404521, 8.5, 1029, 一想到还有95%的问题留给人类，我就放心了
01105956, 8.9, 664, 物理世界奇遇记
01067603, 9.0, 566, 暗淡蓝点
01206206, 8.1, 1507, 皇帝新脑
26337663, 8.2, 1298, 无言的宇宙
01173548, 9.1, 479, 程序设计实践
27611140, 8.1, 1428, 在另一个宇宙的1003天
01145593, 9.1, 454, 哥本哈根
27145908, 6.9, 9484, 宇宙超度指南
01421004, 7.4, 3461, 神的密码
30134674, 9.3, 355, 宇宙的琴弦
01157681, 8.1, 1203, 外星屠异
26214114, 8.9, 480, 暗淡蓝点
01071514, 8.8, 521, 西方哲学原著选读(下卷)
30326909, 9.1, 364, 宇宙奥德赛：漫步太阳系
26546733, 9.0, 391, 鳴響雪松系列1：阿納絲塔夏
10588021, 7.9, 1315, 技术元素
01313582, 8.6, 575, 千亿个太阳
26827546, 8.4, 706, 大历史
02285230, 7.8, 1469, 玛雅
03144300, 9.2, 320, 通向实在之路
26259174, 9.7, 211, DK宇宙大百科
03228781, 9.0, 363, 阿米Ⅱ-宇宙之心
27082359, 8.2, 828, 星空的琴弦
03269798, 9.6, 220, 量子力学
01410562, 9.6, 218, Modern Quantum Mechanics (Revised Edition)
34613713, 9.1, 317, 给仰望者的天文朝圣之旅
03358570, 8.5, 556, 你可以不怕死
02283961, 8.9, 357, 相对论
10738199, 8.5, 526, 宇宙简史
10759777, 7.9, 1044, 秘密副作用
26831075, 8.4, 573, 诗意的原子
03734300, 8.7, 415, 不可思议的物理
01418300, 9.1, 281, QED：光和物质的奇异性
26754615, 7.3, 2321, 极简人类史
30194207, 8.6, 433, 你好，这是地球吗？
10532684, 9.0, 293, 赶往火星
03174519, 8.9, 320, 神圣的存在
27045352, 8.4, 512, 穿越平行宇宙
22993873, 8.5, 460, 宇宙之书
02378592, 8.2, 622, 双重生命，第二次机会
02994505, 9.4, 203, 定性与半定量物理学
03374613, 9.0, 277, 神秘的宇宙
01223574, 8.8, 326, 黑洞
03724680, 7.3, 1942, 外星人就在月球背面
02980452, 7.7, 1084, 上帝的指纹（上下）
26844877, 8.5, 421, 神秘的量子生命
04312477, 8.9, 287, 天地九重
05362056, 8.2, 564, 无量之网
27119240, 8.2, 563, 国家地理终极观星指南
03931106, 8.9, 276, 宇宙秘密：阿西莫夫谈科学
05352345, 9.1, 227, 黑洞战争
03370214, 8.1, 524, 深奥的简洁
26284518, 8.4, 372, 超弦理论
01219557, 9.0, 215, 创世纪的第八天
30459271, 9.3, 168, 极简天文学
01050324, 8.0, 562, 霍金讲演录
01148192, 8.9, 226, 费曼讲物理 相对论
26890973, 9.3, 164, 太空之眼
27030789, 8.6, 288, 宇宙的尺度
34429247, 8.7, 261, 最璀璨的银河
10739920, 9.7, 120, 宇宙兄弟(12)
30351884, 8.9, 215, Brief Answers to the Big Questions
34908495, 8.9, 213, 大图景
03235797, 8.0, 505, 啊哈！原来如此
04839899, 8.5, 298, 冒牌大英雄（全10册）
01350811, 9.2, 163, 阿米：宇宙之心
01843501, 8.3, 357, 宇宙简史
05263103, 8.2, 394, The Grand Design
27072133, 8.6, 263, 太空全书
03410842, 8.5, 287, 继承与叛逆
01391743, 8.2, 385, 四维旅行
27102934, 8.1, 428, 行星全书
01195348, 8.4, 313, 僵尸的奇异生活
01433002, 9.2, 154, 寂静的知识
26728065, 8.2, 372, 生命的未来
01038693, 8.7, 228, 超越时空
26672581, 7.2, 1276, 嘿，三十岁
01002966, 8.7, 224, 宇宙的最后三分钟
30475754, 7.8, 557, 双星
30190069, 9.3, 138, 超空间
27028320, 7.9, 467, 柔软的宇宙
01122364, 8.3, 300, 时间、空间和万物
01337046, 9.1, 149, 阿米:愛的文明
01157313, 8.4, 264, 物理学
26939315, 8.7, 197, 宇宙信息图
26830979, 9.1, 143, 宇宙
01007323, 7.6, 606, 时间简史续编
30247370, 8.0, 377, 海奥华预言
26785898, 8.8, 176, 强力与弱力
01398416, 8.6, 203, 边缘奇迹
26589327, 8.2, 290, 阿米：星星的孩子
25720192, 8.6, 198, 世界就是一个游戏，灵魂如何才不迷失？
01003692, 8.3, 257, 真实世界的脉络
27149532, 9.0, 141, 太空美术简史
03061035, 9.2, 120, The Hitchhiker&#39;s Guide to the Galaxy
01071936, 8.4, 227, 隐秩序
01041529, 9.1, 127, 大宇宙百科全书
30216471, 8.7, 173, 星空图鉴
26682726, 8.9, 147, 鳴響雪松系列2：俄羅斯的鳴響雪松
01427682, 9.3, 108, The Ra Material: An Ancient Astronaut Speaks (The Law of One 
24719686, 9.0, 133, 大众天文学
03893151, 8.7, 166, 宇宙的起源与归宿
01340950, 9.0, 130, The Elegant Universe
26948085, 9.0, 129, 行星
19895513, 9.5, 91, 场论
26884205, 8.7, 162, 星际唱片
03353501, 9.1, 119, 天体物理概论
01465244, 9.4, 96, Pale Blue Dot
01082579, 9.2, 108, 从哈勃看宇宙
03260550, 8.7, 157, 最新天文观测手册
27104038, 8.3, 217, 给孩子讲宇宙
01416424, 8.6, 166, An Introduction to Quantum Field Theory
25928297, 7.1, 877, 我的简史
01388359, 8.9, 130, 寶瓶同謀
03003064, 8.1, 260, 一星一世界
01770421, 9.5, 85, Cosmos
33160814, 9.2, 103, NASA自然百科：认识宇宙
20492316, 8.7, 149, 大宇之形
34398024, 8.4, 190, 诗意的宇宙
26411141, 7.4, 547, 世界为何存在？
30488574, 9.2, 99, 国家地理太空探索全书
07564238, 9.3, 92, DK儿童太空百科全书
01796044, 8.8, 131, 地球守護者
01030468, 8.6, 153, 宇宙与人
01491082, 7.2, 664, 一个瑜伽行者的自传
01159821, 8.3, 193, 意识的宇宙
27018263, 7.9, 278, 漫步到宇宙尽头
02334035, 8.0, 250, 火星公主
26823975, 7.6, 376, 我们为什么要去火星？
01438447, 8.5, 154, 物理天文学前沿
02970042, 9.4, 79, 登陆火星
01453761, 8.6, 140, 改变世界的方程
04263995, 8.9, 111, 解码宇宙
02371271, 8.9, 110, 預知生命大蛻變：由恐懼走向愛的靈魂進化旅程
30355229, 8.0, 237, 下一站 火星：马斯克、贝佐斯和太空争夺战
01158657, 8.6, 137, 上帝粒子
30359490, 9.1, 94, 裸眼观星
01182629, 8.0, 232, 数学物理方法
01426377, 8.8, 115, 物理学基础
02367382, 8.8, 115, 宇宙简史
26792798, 8.9, 104, 鳴響雪松系列3：愛的空間
26996599, 7.5, 379, 万物起源
01423464, 8.7, 120, 思考从结论开始吗
30171307, 9.4, 73, 宇宙的结构
01016953, 8.1, 192, 宇宙最初三分钟
01120732, 8.1, 190, 宇宙为家
30364733, 7.8, 254, 极简科学起源课
01463278, 9.5, 66, Gravitation
01072405, 8.8, 104, 发现者
02127452, 8.9, 95, Einstein
33459535, 8.7, 108, 宇宙的规则
01545237, 9.4, 67, 量子多体理论
27074278, 8.5, 123, 大爆炸简史
26940220, 9.0, 84, 鳴響雪松系列4：共同的創造
34429934, 8.3, 142, 人类的未来
02872645, 8.4, 129, The Singularity Is Near
01419061, 8.4, 128, 生命歷程全占星
03198682, 8.5, 118, 从地球到月球 环游月球
35074423, 9.7, 53, 科幻电影中的科学：科学家奶爸的宇宙手绘
27593462, 9.0, 81, 地球纪元Ⅲ：时间旅者
26937232, 9.2, 71, 国家地理火星零距离
27098129, 8.2, 147, 大历史，小世界
01530523, 7.8, 212, 解码黑客帝国
05423784, 7.4, 326, 多重宇宙
02981866, 8.2, 144, 伽利略的手指
01072786, 7.7, 232, 时空本性
26663607, 8.6, 103, 时与光：一场从古典力学到量子力学的思维盛宴
03377058, 8.4, 119, 返璞归真
01761663, 8.7, 94, 伊甸园的飞龙
30247828, 8.4, 118, 宇宙从何而来
26675995, 8.1, 149, 大宇宙
34862623, 9.0, 74, 宇宙奥德赛：穿越银河系
25960261, 8.2, 132, 平行宇宙
26710523, 9.3, 57, 太空漫游
30145132, 8.9, 73, 黑洞与时间弯曲
01465335, 9.7, 45, Gravitation and Cosmology
25981522, 9.1, 63, 一面多彩的镜子
26420540, 8.2, 120, 平面宇宙
26951516, 9.4, 52, 丈量宇宙
26930340, 7.8, 171, 暗物质与恐龙
26934521, 9.3, 55, 宇宙图志
02095400, 9.1, 61, 宇宙與歷史
06533225, 9.1, 61, 爱因斯坦的望远镜
04062636, 8.4, 98, 天文学新概论（第四版）
26583403, 9.2, 56, 解码宇宙
03161191, 8.7, 77, 迴旋宇宙序曲
34451501, 9.3, 52, 登月使命
10571600, 9.6, 44, 第一推动丛书·宇宙系列（珍藏本）
27182584, 8.8, 71, 从一到无穷大
30209490, 8.5, 87, 上帝与新物理学
26953883, 8.5, 85, 时间重生
30484690, 8.3, 97, 宇宙密码
06727798, 9.0, 57, 宇宙传记
03420220, 8.3, 92, 六个数
01549167, 8.2, 99, 布鲁卡的脑
30331442, 7.5, 186, 给好奇者的暗黑物理学
27102213, 8.1, 106, 从量子到宇宙——颠覆人类认知的科学之旅
26907338, 9.4, 44, We Have No Idea
01551354, 8.9, 59, 统计力学 (第2版)
03689669, 8.8, 61, 宇宙极问
02345439, 9.5, 40, Quantum Field Theory in Condensed Matter Physics (Theoretical and Mathematical Physics)
01536239, 9.0, 53, 凝聚态物理学（上卷）
26307838, 8.1, 100, 星座神话
06858635, 7.3, 211, 众神的战车
01437167, 7.9, 116, 靈魂的符號
01172258, 8.1, 96, 科学新领域的探索
01014746, 9.0, 51, 银河系
33455248, 8.5, 70, 140亿年宇宙演化全史
01422191, 7.9, 111, 另一宇宙來的人
20425886, 9.3, 42, 三波志願者與新地球
26744607, 9.3, 42, 七堂簡單物理課
27098135, 8.5, 69, 我们人类的宇宙
10582157, 8.5, 68, 宇宙秘密
25896915, 9.6, 35, “哈勃”的宇宙
01128158, 8.2, 83, 一颗原子的时空之旅
01476030, 8.3, 76, 美丽星空
01168738, 8.4, 70, 系统视野与宇宙人生
11601992, 7.8, 111, 世界之战
10784720, 9.7, 32, A Brief History Of Time
03664697, 8.4, 68, 银河系简史
26915262, 8.3, 73, 叩响天堂之门
06715433, 9.7, 31, 引力论和宇宙论
03422989, 8.3, 71, 宇宙的本源
34997473, 8.7, 52, 我问宇航员
26798327, 8.2, 73, 秘密之书
30314824, 8.0, 84, 自然纪事
30244520, 8.9, 45, 时空的秘密
26604896, 7.8, 99, 奇妙的尘埃
26915258, 8.2, 70, 弯曲的旅行
26415800, 7.9, 88, 137亿光年的宇宙论
26107941, 9.0, 41, 太阳系的奇迹
27079134, 6.9, 240, 引力波
34783252, 9.2, 36, 星空词典
34808230, 7.7, 101, 冥王星沉浮记
01894013, 8.1, 71, 人的现象
30178123, 8.7, 47, 亿亿万万
33418121, 9.2, 35, 给孩子的宇宙启蒙书
01444000, 7.4, 127, 精神的宇宙
01371538, 9.3, 32, Contact
27015502, 8.8, 42, 从粒子到宇宙
04250374, 9.4, 30, 続·水惑星年代記
30368549, 8.9, 38, 千亿个宇宙
03831930, 8.8, 40, 水悦星
27063333, 8.0, 68, 星空摄影笔记
30253308, 8.1, 62, 太阳系简史
01843800, 8.2, 57, 最动人的世界史
02206727, 8.7, 41, 萬物簡史I
01938422, 7.7, 82, 寳瓶世紀全占星
04754409, 9.7, 24, 星野摄影
27200635, 8.2, 55, 求知简史
11501496, 7.6, 88, 揭示宇宙奥秘的13个常数
26289566, 9.0, 33, 死亡黑洞
05417229, 8.4, 47, 卡尔·萨根的宇宙
26918842, 8.4, 46, 太空
27146738, 7.0, 151, 太空生存指南
26858121, 8.7, 38, 身体中的宇宙
02353845, 9.0, 32, 探求上帝的秘密
23018951, 7.9, 64, 假如时间不存在?
30329437, 8.6, 39, 群星都是你们的世界
30204280, 8.4, 44, 神奇的数字零
27154067, 8.3, 46, 宇宙之美
11597326, 5.7, 984, 我的心略大于整个宇宙
24537845, 8.8, 33, Our Mathematical Universe
34836316, 9.6, 22, 大ダーク 1
27030790, 7.5, 80, 地外生命探索之旅
26807378, 8.4, 41, 尼古拉·特斯拉
01343052, 9.0, 29, 優雅的宇宙
26584556, 8.0, 53, 宇宙的地图
01941050, 8.4, 40, 星空世界的语言
01381307, 9.1, 27, Deep Simplicity
02285229, 9.1, 27, 克里昂靈性寓言故事 The Parables of Kryon
30353845, 7.4, 84, 宇宙从一粒尘埃开始
11502504, 8.4, 39, Why Does the World Exist?
25731614, 7.8, 58, 量子心世界
24700568, 8.8, 30, 宇宙学
26603126, 8.0, 49, 一星一世界
30353329, 9.4, 22, 天文学入门
20280652, 9.8, 18, 飞向人马座
02333591, 8.1, 43, 唐立淇2008星座运势大解析
25926335, 8.8, 28, 伯克利物理学教程（SI版）第1卷 力学
01494748, 9.5, 20, The Illustrated Brief History of Time
30424143, 8.2, 39, 太空旅行指南
01455941, 8.4, 34, A Brief History of Everything
01562091, 7.1, 91, 时间的由来
26781143, 7.2, 82, 全世界只有一个你
17341557, 6.9, 110, 无中生有的宇宙
01071144, 7.9, 46, 悭悭宇宙
03288937, 8.7, 28, 群已权界论
10454591, 8.1, 40, 寻找多重宇宙
30345682, 7.8, 49, 美丽之问
02084400, 8.5, 31, 度胸星1-4
26671483, 7.2, 80, 最初三分钟
27044683, 7.9, 45, 虚无
01129626, 7.8, 47, 无之书
01809771, 7.2, 76, 大自然的常数
01489222, 7.6, 54, 时间的1000个瞬间
06126313, 6.8, 110, 相对论
27096626, 7.8, 45, 35亿年的生命物语
26762145, 9.2, 20, 爱因斯坦的宇宙
30470522, 9.2, 20, 天文学与生活（原书第7版）
30379098, 8.9, 23, 《地球与太空Ⅱ：太空传奇》
01809750, 9.7, 16, 光学原理
01065316, 8.1, 35, 时间与空间
30135738, 8.2, 32, 大宇之形
30167231, 8.4, 28, 幸运的宇宙
26883113, 7.2, 65, 宇宙简史
06719673, 6.8, 93, 外星人已潜伏地球5000年
30135733, 8.8, 22, 大爆炸简史
01415393, 8.1, 32, 超越爱因斯坦
03040716, 8.6, 24, Physics of the Impossible
30145145, 8.1, 31, 黑洞战争
26775739, 7.9, 35, 宇宙使用指南
02315860, 7.8, 37, 宇宙的起源
26299666, 8.3, 27, 下一站，宇宙！
01463491, 8.0, 32, The Universe in a Nutshell
01190059, 7.0, 69, 理论力学教程
24875544, 7.7, 39, 我是宇航员
01922891, 8.4, 25, 引力与时空
30164570, 7.6, 41, 霍金讲演录
03053923, 5.9, 261, 每天读一点时间简史
03016260, 8.3, 26, 宇宙简史
01041071, 8.0, 31, 创世纪
26676519, 8.7, 21, 领悟我们的宇宙
30171308, 8.1, 29, 时间、空间和万物
26761330, 9.3, 16, 银河光之家族
03518926, 8.9, 19, 量子化学 第二版 中册
26339576, 9.4, 15, 星際效應
27618930, 8.3, 25, 星空百科
02581778, 8.6, 21, 新仪象法要译注
27002965, 6.7, 82, 宇宙的一生
30164569, 8.0, 28, 千亿个太阳
30353879, 9.1, 16, 镜中的宇宙
17393017, 6.9, 63, 宇宙流浪者
02302761, 9.0, 16, 宇宙密码
03190542, 8.6, 19, 宇宙发展史概论
26072740, 8.7, 18, 图解太阳系
26856961, 8.8, 17, DK儿童太空大百科
03111129, 7.3, 40, 小倉優子のおいしいいただき方
04760305, 8.5, 19, The Cosmic Perspective
01391746, 8.3, 21, 蟹状星云和她的明珠
01437288, 9.0, 15, Fluid Mechanics
01162395, 7.6, 31, 空间
26393793, 7.7, 29, 世界是這樣運作的
03248665, 8.7, 16, 现代宇宙学
26352507, 9.0, 14, 宇宙奇景1001图
20492488, 8.4, 18, 宇宙大碰撞
26711271, 8.1, 21, 透过哈勃看宇宙
01437293, 9.3, 12, Theory of Elasticity
27012073, 8.7, 15, 看漫画读懂宇宙知识
06558085, 8.2, 19, 天鹅座之谜
01094265, 8.1, 20, 六个数
24704576, 8.3, 18, 论无限、宇宙和诸世界
26902349, 6.5, 65, 长寿的基因
27622231, 6.9, 44, 异度拯救
01193895, 7.2, 34, 时间秘史
26780076, 9.3, 11, 星空的奥秘
26986701, 8.0, 19, 追踪引力波
26732331, 7.8, 21, 古代世界的政治
27055282, 6.5, 56, 超越生物中心主义
30439890, 7.0, 35, 简明大历史
01029870, 7.6, 23, 环宇孤心
10419929, 8.0, 18, A Universe from Nothing
26107497, 7.5, 24, 我們都是外星人，你來自哪個星球
26895860, 8.8, 12, 丈量宇宙
02345780, 7.1, 30, 外星人未解之谜
10464673, 7.8, 19, 外星灰人与灵魂收割
25903965, 7.6, 21, 宇宙的指引
26949567, 8.1, 16, 经典行星的故事
03007586, 7.1, 28, 宇宙未解之谜
26679740, 8.8, 11, 克里希那穆提彩虹之书系列
01140336, 7.8, 17, 连接宇宙
26746006, 9.0, 10, 人类宇宙 BBC纪录片同名书
27098856, 8.5, 12, 普通宇航员
26288820, 8.0, 15, 关于时间
26269095, 8.7, 11, 宇宙的奥秘
01318194, 7.0, 27, 第五元素
33461323, 6.7, 34, 寻找宜居行星
27132348, 7.2, 22, 宇宙
04723774, 8.0, 14, 宇宙的世纪
01737261, 7.4, 19, 分形论－奇异性探索
26280090, 7.7, 16, 论无限、宇宙与众世界
10863008, 7.8, 15, 共時性：自然與心靈合一的宇宙
30424134, 6.5, 35, 大历史与人类的未来
01142013, 8.2, 12, 宇宙的秘密
27101059, 8.2, 12, 时间旅行与曲速引擎(快速穿越时空的科学指南)
26418820, 7.3, 19, 追逐类星体
01048214, 8.6, 10, 星星俱乐部:(2)轻轻松松使用望远镜
23780559, 6.5, 30, 比冥王星更远的地方
30210239, 7.4, 16, 太空全书 2
01328364, 7.6, 14, 妲妲与旯旯
02855325, 7.7, 13, Hubble
26835279, 7.4, 15, 宇宙大爆炸之前
25963464, 7.6, 13, 大历史：从宇宙大爆炸到今天
06100662, 7.3, 15, UFO最新真相
30157248, 7.8, 11, 时空的未来
26581103, 6.2, 29, 宇宙的裂缝：一位修禅者的科学观
11519567, 6.2, 28, 假如外星人冒充上帝
01516660, 7.8, 10, 凝聚态物理学中的量子场论
25865076, 7.2, 13, 安慰少年
11587582, 7.0, 14, 银河①UFO与水晶头骨
26425773, 7.1, 13, 宇宙鸡尾酒
01449531, 7.4, 11, 宇宙新概念
26679842, 7.4, 11, 4%的宇宙
01500584, 6.7, 16, 宇宙之谜
01538370, 6.1, 24, 天体的音乐
03664012, 6.0, 26, 行走零度
01485569, 6.2, 20, 宇宙全息自律
04893837, 7.0, 11, 宇宙中的星系
03142976, 6.8, 12, 万维宇宙
27109240, 4.9, 63, 决战奇点
23134288, 5.2, 38, 人类消失后的地球
06796587, 5.8, 19, 宇宙是怎样来的
01025658, 0.0, 10, 推销银河系的人-博克传
01939792, 0.0, 10, The Urantia Book
05406413, 0.0, 10, 超越爱因斯坦
24761669, 0.0, 10, Cosmos
33383682, 0.0, 10, 宇宙的征程
01118707, 0.0, 11, 宇宙七大奇观
34812366, 0.0, 11, 太空密码
34884171, 0.0, 11, 万物的历程
27007565, 0.0, 13, 美国科学·太空与技术·一年级
01437289, 0.0, 14, Electrodynamics of Continuous Media
03866047, 0.0, 15, 宇宙索奇
02852657, 0.0, 19, Physical Foundations of Cosmology
19967671, 0.0, 23, 超宇宙大揭秘
26895230, 0.0, 29, 上帝密码
33413544, 0.0, 32, 给孩子的极简宇宙史
