2020-07-05 16:00:01

number of books, tag name
238, 安妮宝贝

ID, rating, votes, title
01084336, 9.0, 576762, 小王子
10554308, 9.1, 272226, 白夜行
01008145, 8.9, 372550, 围城
01082154, 9.1, 190797, 活着
20427187, 8.8, 276226, 看见
01361264, 9.0, 186400, 撒哈拉的故事
01060068, 9.2, 79446, 撒哈拉的故事
01873231, 8.7, 182709, 明朝那些事儿（壹）
03995526, 8.6, 185203, 目送
01017143, 8.5, 200885, 不能承受的生命之轻
01141406, 8.5, 186822, 简爱（英文全本）
01221515, 9.5, 28454, 灌篮高手31
04238362, 8.6, 126794, 送你一颗子弹
01085799, 8.7, 102796, 白鹿原
01064275, 8.4, 155623, 老人与海
01040771, 8.2, 206806, 达·芬奇密码
01046265, 8.0, 317932, 挪威的森林
01058661, 8.9, 50614, 飞鸟集
01080370, 8.6, 86193, 情书
02159042, 8.5, 101233, 挪威的森林
05414391, 9.0, 41467, 寻路中国
01066462, 8.4, 103238, 向左走·向右走
01400705, 8.1, 134115, 情人
01529893, 8.0, 90410, 莲花
01461903, 7.8, 138119, 何以笙箫默
03607117, 8.9, 14585, 稻草人手记
03054821, 9.2, 9157, 渴望生活
02022979, 8.0, 62015, 喜宝
01963310, 8.2, 36978, 大地之灯
02158684, 9.1, 8595, 象棋的故事
04074636, 7.6, 121326, 放学后
01077528, 8.8, 12561, 通往奴役之路
01762869, 8.9, 9778, 如彗星划过夜空
01041128, 8.6, 15195, 天蓝色的彼岸
01030052, 7.9, 47083, 清醒纪
01039752, 7.8, 57365, 且听风吟
02256438, 7.8, 55994, 素年锦时
01465324, 7.7, 67778, 洛丽塔
02250587, 7.6, 82962, 一个人的好天气
01065970, 7.8, 51148, 彼岸花
01794620, 7.8, 48450, 芒果街上的小屋
01063190, 8.0, 32199, 蔷薇岛屿
04011440, 8.0, 31722, 最初的爱情 最后的仪式
01878708, 8.3, 17051, LA流浪记
02180619, 8.0, 28059, 偷书贼
03162513, 8.4, 12451, 魍魉之匣（上）
01312333, 8.2, 16342, 蔷薇岛屿
01016300, 7.1, 161990, 梦里花落知多少
01318126, 8.4, 11067, 雪国
01018153, 7.8, 31681, 水仙已乘鲤鱼去
03616310, 7.6, 47493, 小团圆
02339950, 7.7, 37705, 被窝是青春的坟墓
01058234, 7.7, 37343, 二三事
01029159, 7.5, 51463, 八月未央
24753751, 8.1, 14701, 向前一步
01013419, 8.8, 5025, 张爱玲全集1：长篇小说·半生缘
02363651, 8.1, 14544, 十四堂人生创意课
02114580, 8.7, 5356, 听雪楼系列典藏版（全三册）
01016523, 7.5, 40378, 告别薇安
03566368, 8.2, 10649, 空谷幽兰
01458164, 8.3, 8911, 她是女子，我也是女子
03274182, 8.5, 6393, 莲花
02317973, 8.1, 11565, 素年锦时
01470158, 8.0, 13265, 圆舞
25747921, 7.0, 106909, 从你的全世界路过
01059406, 7.0, 101836, 幻城
01382829, 8.6, 4388, 萬水千山走遍
02233893, 8.1, 9218, 彼岸花
01009094, 8.7, 3797, 古都
01006004, 7.5, 25662, 樱桃之远
01856285, 7.2, 47608, 人生若只如初见
01011662, 8.0, 9873, 再袭面包店
01705507, 8.0, 9784, 胭脂扣
01914572, 7.6, 19345, 誓鸟
03662594, 8.1, 7874, 荒人手记
01023500, 7.6, 18591, 告别薇安
01489494, 8.5, 4022, 人与永恒
01452923, 8.0, 8071, 九州·斛珠夫人
03266968, 7.2, 33362, 秘密
01436348, 7.7, 12147, 八月未央（修订版）
01358416, 7.8, 10132, 1.2.3.木頭人
03908240, 7.7, 11928, 情人
04242146, 8.1, 5948, 素年锦时
01015403, 7.7, 10580, 今生今世
03087020, 8.0, 6213, 清醒纪
02977174, 7.8, 8553, N.世界
01006073, 7.5, 14660, 七月与安生
03033690, 7.9, 6914, 24重人格
03016219, 8.0, 5869, 二三事
03649661, 8.8, 1858, 说吧，记忆
03224818, 8.5, 2379, 安妮宝贝系列
20413794, 7.6, 9042, 眠空
03290010, 7.0, 28565, 澜本嫁衣
01012802, 7.2, 17175, 十爱
03113567, 8.1, 3479, 蔷薇岛屿
01793721, 7.9, 4333, 琴声如诉
03176766, 7.6, 7027, 三个 A Cup 的女人
02973589, 7.5, 8057, 少年残像
03043518, 8.0, 3536, 彼岸花
03191328, 6.5, 69879, 小时代1.0折纸时代
25898124, 7.6, 6202, 得未曾有
01456597, 7.5, 6787, 她的二三事
01862115, 7.1, 14171, 当时只道是寻常
02244170, 7.7, 4670, 电光幻影
01072767, 9.2, 702, 宇宙
03091349, 7.3, 9147, 鲤·孤独
02268080, 8.1, 2425, 素年锦时之月棠记
01082172, 7.6, 5179, 蝴蝶过期居留
01485480, 8.0, 2651, 太和舞
01078566, 7.6, 4858, 桃之夭夭
01062326, 6.9, 18186, 爱尔兰咖啡
06710720, 6.9, 17149, 春宴
01087145, 7.6, 4462, 瞬间空白
01865689, 8.6, 1115, 玻璃城堡
03390170, 7.9, 2762, 圣诞奇案
03026449, 7.6, 4268, 告别薇安
02924564, 7.8, 3030, 彼岸花
03662581, 7.6, 3976, 巫言
01080812, 7.1, 9420, 红鞋
01353132, 8.5, 1095, 沉默。暗啞。微小。
01451453, 9.2, 524, 女大学生安妮
04230591, 7.2, 7252, 我终究是爱你的
01793793, 9.2, 500, Thinking Architecture
26785701, 7.3, 5249, 月童度河
01793718, 7.7, 2396, 爱
06753739, 7.7, 2383, 大方 No.2
03521168, 7.0, 7863, 谢谢你离开我
25798977, 7.2, 5135, 去你家玩好吗
03782757, 8.4, 902, 花与爱丽丝02
03276786, 7.7, 2148, 爱尔兰咖啡
05986107, 7.1, 5777, 大方 No.1
06751046, 8.1, 1216, 莲花
02241214, 8.7, 584, 味至浓时即家乡
01316611, 8.5, 715, 沉默。暗啞。微小。
03667783, 6.9, 7012, 月
03239048, 7.2, 3402, 相亲以后
01072239, 8.3, 724, 和尚与哲学家
01036793, 7.9, 1161, 杜拉斯传
02311695, 7.2, 3094, 岛（Vol.09）
30415612, 6.9, 5351, 夏摩山谷
14449069, 8.1, 785, 春在绿芜中
01036290, 6.5, 10074, 校服的裙摆
01790759, 7.4, 1834, 无爱不欢
24860561, 7.3, 1942, 且以永日
04151190, 8.1, 658, 完美的爱，不完美的关系
02377537, 8.3, 488, 活着，为了什么？
01861325, 8.1, 591, 图解西藏生死书
24297906, 6.6, 5491, 不畏将来 不念过去
01207147, 7.2, 1676, 一塌糊涂
06751039, 7.7, 819, 蔷薇岛屿
02115041, 6.9, 2695, 邻居太太的情人
02149710, 7.5, 961, 再见了，马拉卡纳
06751038, 7.5, 901, 彼岸花
02137632, 9.0, 185, 天堂之鸟
04585039, 7.4, 992, 请继续，爱我到时光尽头
30217243, 7.4, 984, 镜湖
06751042, 7.4, 845, 二三事
06751027, 7.2, 1123, 告别薇安
04201552, 7.6, 620, 用户体验草图设计
01477146, 8.8, 180, 豺狼的日子
03858167, 7.2, 1021, 要有多勇敢，才能念念不忘
26945674, 8.7, 184, 狐狸与星
04209417, 7.6, 505, 原來你非不快樂
06751036, 7.4, 647, 八月未央
26309123, 6.9, 1320, 近在远方
03517509, 9.0, 124, 梦中小屋的安妮
02970301, 8.7, 154, 生活禅钥
25806128, 8.1, 262, 安妮宝贝文集
01223927, 7.9, 318, 空谷幽兰
27055132, 8.0, 281, 古书之美
26900050, 7.1, 827, 仍然
20549889, 6.9, 1075, 厨房里的哲学家
25942255, 8.2, 190, 莲花
03665981, 7.5, 364, 吃的大冒险
27078217, 8.1, 181, 眠空
03176268, 6.2, 2599, 七喜
04280334, 8.9, 93, 有一天
25776922, 7.0, 615, 春宴
03517498, 8.9, 88, 壁炉山庄的安妮
24226730, 7.9, 196, 人生在世便是相逢
03517510, 9.0, 77, 彩虹幽谷
20515281, 8.0, 159, 文艺风赏·第一日
03684929, 8.3, 116, 怀念声名狼藉的日子
26839443, 8.1, 131, 莲花
26411182, 7.9, 151, 眠空
27078293, 7.5, 219, 春宴
03177616, 8.8, 71, 石之花(01)
26411187, 8.2, 101, 素年锦时
03181268, 8.3, 90, 茶花女
02323644, 8.8, 58, 爷爷再次被埋葬
01291343, 7.1, 257, 改变一生的饮食计划
26679553, 7.6, 144, 蔷薇岛屿
02979831, 7.1, 241, 锦地繁花
26412757, 8.2, 80, 彼岸花
26411188, 8.1, 82, 蔷薇岛屿
26411183, 8.0, 77, 二三事
03812447, 7.0, 202, 书名
26411181, 8.1, 70, 莲花
05334296, 7.5, 104, 素年锦时
02226278, 7.5, 99, 宗教的起源与发展
01078790, 6.9, 185, 黑色唱片
25960128, 7.4, 106, 二三事
01448477, 6.3, 388, 日本简史
02133848, 8.7, 36, Getting To Maybe
25960126, 7.5, 83, 彼岸花
05955948, 7.0, 133, 数学3
01084090, 8.3, 44, 蒋梦麟自传
25960125, 7.0, 126, 告别薇安
26862227, 6.4, 249, 告别薇安
26411186, 7.7, 59, 春宴
11599188, 7.6, 60, 安妮宝贝小说集
03508103, 6.3, 235, 半糖主义
02243419, 5.7, 596, 空事
01828772, 6.1, 288, 青春电影志
30134730, 7.6, 54, 清醒纪
04179780, 7.7, 46, 在这个世上我可以投向谁
01791786, 7.2, 67, 书城2006年6月号
01097612, 7.1, 63, 实用人体模特摄影.坐姿篇
26412773, 6.5, 114, 告别薇安
25855372, 7.5, 43, 记得自己
26411180, 6.3, 128, 八月未央
30248918, 7.1, 53, 桐山·静默如谜的生活
30292871, 7.2, 41, 七月與安生
27032790, 6.5, 70, 八月未央
25811769, 6.4, 75, 饥饿的信仰（中国故事）
01385988, 7.8, 22, 失落的指纹
01071927, 7.9, 20, 2000中国年度最佳网络文学
25976991, 7.8, 20, 白雪晶晶
02828384, 7.1, 30, Erotic Manga: Draw Like the Experts(黄色漫画：像高手一样画)
23860355, 7.4, 24, 安妮宝贝作品集
02269104, 5.3, 237, 殘金缺玉
26283127, 8.0, 15, 書之美
06885912, 7.6, 12, 發現約旦
03112013, 7.3, 13, さよなら、ビビアン
04025687, 6.9, 11, 古籍春秋
01935250, 0.0, 12, 空山灵雨-竺子与33座名山的对话
30205693, 0.0, 36, 乔小姐，我是你的沈先生
26606183, 0.0, 59, 一笙相惜
