2020-07-05 16:00:01

number of books, tag name
189, 安徒生

ID, rating, votes, title
01046209, 9.2, 88885, 安徒生童话故事集
01088065, 8.7, 71893, 阿Q正传
01765512, 9.1, 10367, 海的女儿
04826530, 9.1, 6680, 我亲爱的甜橙树
01784153, 9.4, 4439, 安徒生童话
01878265, 9.1, 4605, 安徒生童话
01907739, 8.6, 6910, 当世界年纪还小的时候
01433572, 9.3, 1713, 随风而来的玛丽阿姨
01489401, 9.2, 1493, 安徒生童话
01949268, 8.9, 1375, 夜莺
01057900, 9.2, 904, 安徒生童话故事集
01010779, 9.3, 742, 安徒生童话选集
25858068, 7.4, 8625, 100个基本
01491330, 8.8, 1050, 皮皮鲁和病菌老大
03053271, 8.5, 1468, 小猫出生在秘密山洞
05417807, 7.5, 5696, 饥饿游戏2：燃烧的女孩
01263747, 9.2, 608, 海的女儿
03823070, 8.3, 1593, 最后的精灵
01949237, 9.4, 478, 柳树下的梦
01052424, 9.0, 652, 假话国历险记
01063733, 8.5, 1059, 神秘的女老师
01003502, 9.3, 454, 安徒生童话故事全集（全四册）
05355666, 8.5, 1003, 小国王
01970486, 9.5, 364, 安徒生童话和故事选
01279913, 8.6, 798, 安徒生剪影
01220517, 9.3, 365, 安徒生童话全集
01485700, 8.5, 800, 苹果树上的外婆
01052629, 9.2, 383, 魔法师的帽子
02039809, 8.8, 545, 皮皮鲁和红沙发音乐城
01203233, 9.4, 313, 安徒生童话精选
01442789, 9.0, 444, 小女巫
03755917, 9.3, 323, 安徒生童话全集（全四册）
01058413, 8.6, 609, 没有画的画册
01491327, 8.6, 556, 皮皮鲁恐怖易位
01884658, 8.7, 494, 皮皮鲁分身记
03750803, 9.5, 239, 蓝色童话
01132600, 8.8, 384, 月亮看见了
01949242, 9.0, 316, 踩着面包走的女孩
02247098, 9.4, 210, 安徒生童话全集（全四册）
01005993, 7.6, 1385, 压伤的芦苇
01278974, 9.2, 243, 海的女儿
01862008, 9.3, 218, 天国花园
01884657, 8.7, 367, 皮皮鲁和魔筷
01121424, 9.2, 219, 安徒生童话
04042069, 8.9, 273, 柳林风声
01714832, 9.5, 162, 安徒生童话全集（全4册）
01948874, 9.4, 161, 祖母
02993974, 9.6, 139, 365夜知识童话(上下)
01322449, 9.5, 149, 安徒生童话故事集
01071463, 8.4, 345, 笨狼的故事
03107917, 8.6, 275, 皮皮鲁和超能智齿（下）
30309121, 9.4, 135, 安徒生童话
01039134, 9.5, 120, 安徒生童话选集
03042870, 9.5, 110, 安徒生童话全集
01151061, 8.4, 245, 屋顶上的小孩
04299189, 8.8, 172, 皮皮鲁和有鬼电车
05354689, 8.8, 168, 安徒生童话选集
02121241, 9.8, 79, 安徒生童话精选
01278859, 8.9, 144, 坚定的锡兵
01278969, 8.9, 137, 卖火柴的小女孩
01190569, 8.9, 136, 蓝鲸的眼睛
01131805, 8.4, 202, 光荣的荆棘路
01225620, 9.3, 97, 安徒生童话故事全集·春
01278864, 9.0, 116, 丑小鸭
03077841, 9.1, 107, 孙小圣和猪小能
03040011, 9.5, 80, 安徒生童话和故事选
06313492, 9.0, 111, 安徒生童话
30236944, 9.0, 110, 小王子
02086977, 9.8, 58, 世界童话名著文库1
26611997, 8.4, 152, 故宫里的大怪兽
03195661, 9.8, 56, 安徒生童话精选
01025761, 7.7, 231, 没有尾巴的狼
02982595, 9.6, 53, 小锡兵
04117142, 9.6, 53, 安徒生童话全集-全四卷
01428475, 9.5, 54, 安徒生童话
01279003, 8.2, 129, 拇指姑娘
01914357, 9.0, 69, 小巴掌童话
01203220, 9.4, 52, 安徒生童话全集（1）
03124816, 9.4, 52, 酷蚁安特儿历险记
03035128, 9.3, 55, 长袜子皮皮
01991107, 9.5, 49, 安徒生童话全集 之四
01005652, 9.1, 61, 安徒生童话
25837863, 8.7, 77, 安徒生童话故事集
02138010, 9.7, 41, 海的女儿
01278860, 8.8, 69, 野天鹅
26679753, 8.6, 78, 鲁西西传
30296893, 8.0, 123, 阿狸·尾巴
03766701, 9.6, 41, 安徒生童话全集（上中下）
26585473, 8.2, 100, 上帝的火柴
01059351, 9.1, 52, 格林童话全集（上下）（成人双语版）
02588092, 8.7, 66, 企鹅的故事
04100098, 9.1, 51, 国王的新衣
01845049, 9.1, 50, 安徒生童话
01084402, 9.5, 37, 外国童话经典100篇
04208884, 9.3, 40, 沼泽王的女儿
05323757, 9.6, 34, 安徒生童话全集 二
01278819, 8.3, 74, 打火匣
01593808, 9.0, 46, 挂在脖子上的安娜
02982604, 9.8, 29, 拇指姑娘
34793043, 8.5, 59, 解读童话
01617063, 8.8, 48, Andersen&#39;s Fairy Tales
01860760, 9.6, 31, 安徒生童话全集之三
01025622, 8.3, 66, 一本正经的小妖精-太阳船丛书
06781805, 8.1, 75, 安徒生自传
30344997, 9.7, 28, 典藏版安徒生童话（Ⅰ）
05325949, 8.7, 46, 去年的树
01203222, 9.0, 38, 安徒生童话全集（2）
01278821, 8.6, 48, 小伊达的花儿
26597240, 8.7, 45, 豌豆公主
01278822, 8.3, 57, 皇帝的新装
01321672, 8.3, 57, 拥抱安徒生
01044095, 9.2, 33, 安徒生童话-世界著名童话作品集
30407117, 7.5, 103, 安徒生自传：我的童话人生
01004009, 8.5, 47, 白雪皇后
02379667, 9.1, 33, 小意达的花
04120859, 9.2, 31, 丑小鸭
27200421, 7.6, 91, 安徒生的帽子
01988052, 7.5, 98, 电话里的童话
01203221, 9.1, 32, 安徒生童话全集（3）
01129027, 8.9, 34, 安徒生童话
30199132, 9.2, 28, 枞树
04834508, 9.5, 24, 安徒生童话全集（上中下）
10564321, 9.1, 28, 老头子做事总不会错
03795783, 8.7, 31, 安徒生童话精选
01203504, 9.6, 20, 打火匣 小意达的花儿
30199135, 9.6, 20, 白雪皇后
01084314, 8.8, 29, 安徒生童话精选
01342356, 8.6, 32, The Little Match Girl
25916623, 8.7, 29, 叶君健权威译本：安徒生童话全集（套装1~4册）
04920273, 9.7, 18, 安徒生童话全集
01077051, 8.2, 37, 吹玻璃工的两个孩子
01483722, 10.0, 15, Hans Christian Andersen&#39;s Fairytales
01832390, 8.0, 40, 安徒生童话全集
26436133, 8.9, 23, 叶君健译安徒生童话
26692389, 9.0, 21, 小锡兵
01219813, 9.2, 19, 小人鱼
01450981, 8.6, 25, 安徒生自传（上下）
01123979, 8.2, 30, 冰雪女王
30185197, 9.6, 15, 拇指姑娘
01278825, 7.9, 35, 豌豆上的公主
01203219, 8.8, 21, 安徒生童话集（4）
01171191, 8.3, 27, 安徒生童话全集
01824413, 8.3, 26, 伊尔莎出走了
01201442, 8.8, 19, 安徒生童话
03226904, 8.9, 18, Thumbelina
01204957, 9.7, 13, 安徒生童话(彩图世界童话金库)
30230635, 8.9, 17, 别笑，我是认真的
10809064, 8.1, 25, 青草国的鹅
01046896, 9.1, 15, 安徒生童话
01226118, 8.8, 17, 安徒生童话与故事全集（上中下）
01813748, 8.8, 16, 安徒生童话
03999153, 7.2, 41, 拇指姑娘
04113125, 9.4, 12, 安徒生童话全集
01044233, 7.9, 23, 豌豆公主
03606176, 9.3, 12, 安徒生童话选
01219818, 8.4, 16, 坚定的锡兵
03059370, 8.2, 17, 鞋匠的儿子
01348571, 8.6, 14, 安徒生故事全集（全4冊不分售)
01219819, 9.2, 11, 卖火柴的小女孩
01085140, 8.4, 15, 安徒生童话
25761993, 7.9, 19, 莉莉的超级妙计
01278851, 8.2, 14, 夜莺
01203113, 7.7, 16, 安徒生童话(1-4)
01221031, 6.7, 29, 安徒生画传
01911307, 7.3, 18, 安徒生童话全集(精编)上篇/中文导读英文版
01278855, 7.5, 15, 没有画的画册
01348395, 8.1, 11, 安徒生剪紙 
03794740, 7.8, 11, 小克勞斯與大克勞斯
10560534, 6.4, 19, 安徒生自传
03393242, 7.2, 10, 安徒生童话
01654454, 0.0, 10, 从丑小鸭到童话大师
10512694, 0.0, 10, 小伊达的花
10575550, 0.0, 10, 火绒匣
10825744, 0.0, 10, 没有画的画册-安徒生童话
01219817, 0.0, 11, 豌豆上的公主
01531450, 0.0, 11, 我生命的故事
03644276, 0.0, 11, 安徒生童话
04926909, 0.0, 11, 坚定的锡兵
10512692, 0.0, 11, 丑小鸭
10512701, 0.0, 12, 阿里巴巴和四十大盗
01219815, 0.0, 14, 丑小鸭
01255020, 0.0, 14, 安徒生童话
04839614, 0.0, 14, 鲸鱼归来
19957036, 0.0, 16, 同学都说我丑
01492487, 0.0, 19, 童话故事
30258366, 0.0, 23, 不乖童话
02155818, 0.0, 28, 奇怪的大鸡蛋
10531028, 0.0, 32, 谁来当王妃
11524397, 0.0, 151, 中学教材全解-七年级语文上
