2020-07-05 16:00:01

number of books, tag name
272, 宋词

ID, rating, votes, title
01203426, 9.0, 40009, 人间词话
01006967, 9.4, 2828, 宋词三百首
02005705, 9.1, 3191, 唐宋词十七讲
01132550, 9.4, 1919, 宋词鉴赏辞典
01856285, 7.2, 47608, 人生若只如初见
01203523, 9.5, 1032, 唐宋词鉴赏辞典(唐五代北宋)
01910477, 8.9, 1828, 千秋一寸心
03993392, 9.4, 968, 苏轼词集
02005704, 9.1, 983, 北宋名家词选讲
10482102, 8.0, 3657, 蒋勋说宋词
01033327, 9.3, 696, 唐宋词鉴赏辞典
25732034, 8.4, 1839, 阿狸·尾巴
03993390, 9.2, 692, 李煜词集
02226332, 9.4, 544, 稼轩词编年笺注(增订本)
01137748, 8.7, 1084, 元曲三百首
26022052, 8.2, 1497, 蒋勋说宋词（修订版）
03843962, 9.1, 520, 宋词三百首
02039292, 8.8, 695, 迦陵说词讲稿
01545936, 9.4, 369, 唐宋名家词选
02049360, 8.8, 627, 南宋名家词选讲
01774062, 9.0, 481, 宋词选
03191334, 9.2, 390, 宋词赏析
01027880, 9.5, 300, 全宋词（共5册）
01958312, 7.5, 2925, 关于方文山的素颜韵脚诗
03826303, 9.2, 380, 姜白石词笺注
03993399, 9.0, 456, 李清照词集
05366448, 9.3, 335, 辛弃疾词集
02027949, 8.8, 496, 漱玉词·断肠词
01935587, 8.7, 538, 宋诗选注
03423150, 9.2, 316, 二晏词笺注
01857104, 9.3, 286, 唐诗三百首全解
01029440, 9.3, 273, 苏轼诗选
01023951, 9.4, 249, 稼軒詞編年箋注
03278377, 9.4, 211, 淮海居士长短句笺注
35009938, 7.3, 2142, 半小时漫画宋词
01547259, 8.7, 379, 中国历代文学作品选.中编.第2册
26341367, 8.0, 785, 小词大雅
01125096, 9.1, 252, 漱玉词
01055254, 9.2, 217, 辛弃疾词选
05258411, 9.0, 256, 姜夔词集
03004348, 9.5, 172, 姜白石詞編年箋校
01137745, 9.0, 247, 唐诗三百首
03993393, 8.8, 282, 柳永词集
01223812, 9.1, 218, 柳永词选
01007137, 8.5, 360, 宋词说
01546037, 9.3, 180, 唐宋词鉴赏辞典
02031262, 9.2, 185, 宋词三百首全解
04934828, 8.4, 343, 苍凉的独白书写
01426172, 9.3, 151, 宋词三百首笺注
01070193, 9.1, 173, 樂章集校注
05258703, 8.9, 201, 秦观词集
01948881, 9.7, 110, 稼轩词编年笺注
04821760, 9.1, 165, 蔣捷詞校注
01203464, 9.3, 135, 唐宋词一百首
25809010, 9.3, 125, 宋词鉴赏辞典（新一版）
30419899, 9.0, 156, 宋词三百首（作家榜经典文库）
03101061, 9.0, 150, 宋词纪事
29965219, 7.2, 998, 风流南宋
10752087, 7.0, 1299, 于丹：重温最美古诗词
01045323, 9.6, 91, 全宋词
02070378, 8.1, 299, 清代名家词选讲
01331524, 8.6, 159, 唐诗宋词鉴赏辞典
34942549, 7.5, 483, 鲜衣怒马少年时-唐宋诗人的诗酒江湖
04009401, 8.7, 146, 一蓑烟雨任平生
04724676, 8.1, 243, 转角遇见李清照
02015280, 9.1, 105, 苏轼集
06401121, 9.5, 80, 宋词研究
02567775, 8.1, 238, 花间词
06745128, 8.2, 212, 白香词谱
06004635, 9.3, 88, 王国维文学论著三种
05258702, 8.5, 157, 温庭筠词集·韦庄词集
34736884, 9.0, 105, 两宋诗词简史
01071939, 9.3, 83, 苏轼词选
01883401, 9.3, 83, 宋词三百首鉴赏辞典
30206758, 7.8, 279, 小山词
10532829, 8.7, 122, 唐诗综论
01064536, 8.3, 167, 读词常识
26872968, 7.8, 258, 宋词背后的秘密
01687440, 9.1, 85, 珠玉词(书韵楼丛刊.第三辑)
01326768, 8.7, 113, 南宋名家词讲录
04296209, 9.3, 73, 李清照全集
04274461, 8.7, 108, 周邦彦词集
05045165, 8.3, 133, 欧阳修词集
01842681, 7.7, 228, 且听人间词话
02974927, 8.5, 106, 中国最美丽的词
01875721, 9.1, 67, 灵谿词说
04845377, 9.1, 67, 唐宋词简释
34815661, 9.1, 66, 李清照诗词全集（作家榜经典文库）
02149447, 9.1, 64, 宋词三百首笺注
25802781, 9.4, 52, 李清照词集
04052394, 7.7, 182, 宋代诗画中的政治隐情
06624346, 8.8, 71, 依然旧时明月
01227886, 8.9, 66, 东坡词注
01223814, 8.4, 94, 周邦彦词选
25802772, 9.2, 54, 辛弃疾词集
03361104, 9.4, 47, 清真集箋注（全二冊）
26836966, 9.5, 44, 东坡乐府笺
01685356, 9.0, 58, 乐章集
27062679, 8.8, 63, 银鞍白马度春风：回到唐诗现场
27131111, 9.1, 52, 唐宋词十七讲
01171209, 9.0, 55, 词学史料学
26836953, 9.9, 33, 稼轩词编年笺注
04851569, 7.3, 198, 宋词是一朵情花
02112820, 9.0, 49, 宋词三百首
01122540, 7.9, 105, 清真集校注（全二冊）
05363547, 6.7, 393, 烟月不知人事改
01658840, 9.8, 31, 全宋词简编
02024851, 8.0, 95, 晏几道词新释辑评
30332207, 8.6, 60, 最美宋词
26361776, 7.2, 203, 温和地走进宋词的凉夜
26258160, 9.0, 46, 宋词三百首
01204436, 9.2, 40, 李煜词选注/诗仙词圣精品文库
25717088, 7.2, 184, 在最美宋词里邂逅最美的爱情
25844846, 9.3, 36, 驼庵传诗录
26904932, 8.8, 47, 苏辛词说
07056490, 8.9, 44, 离骚笺疏 李璟李煜词校注 花外集笺注
10780881, 8.8, 46, 天使（第1-3册）
01203408, 9.3, 33, 宋词选
01056887, 8.7, 46, 唐宋词选
25931004, 7.2, 154, 大宋词人往事
01211269, 8.9, 38, 李清照词鉴赏
01093638, 8.4, 51, 豪放词
02331291, 8.8, 39, 柳永集
27053824, 9.5, 27, 辛弃疾词集
01290339, 8.2, 56, 宋词二十讲
26918046, 9.3, 29, 李清照全集(汇校汇注汇评)
01543854, 9.1, 32, 淮海集箋注（全三冊）
24738417, 8.4, 47, 宋词三百首笺注
01045308, 9.1, 30, 宋词选
26936007, 9.3, 26, 宋词举（外三种）
24843469, 7.9, 60, 宋词中的大宋
19957690, 6.4, 284, 相思莫相负
03566634, 8.1, 51, 婉约词典评
04052393, 9.6, 22, 全宋词审稿笔记
30139524, 9.7, 21, 赏词如风(王立群品读经典诗词Ⅰ)
01547458, 8.6, 36, 片玉词
01715706, 8.6, 36, 宋词鉴赏辞典
10553621, 7.5, 79, 汴梁如梦正繁华
01029088, 8.5, 38, 唐诗画谱
30241688, 8.9, 30, 在星空中为你写一首宋词
10798450, 7.3, 91, 人间有味是清欢
26873762, 6.9, 137, 唐诗宋词里的趣事
30387303, 8.8, 31, 宋词赏析
27622992, 7.7, 61, 宋词一阕话古今
06745124, 7.6, 66, 陆游词集
21235141, 8.6, 33, 苏轼词
01802054, 8.7, 31, 周邦彦词新释辑评
01827589, 8.7, 31, 断肠诗词
01522244, 8.5, 34, 秦观词新释辑评
01064594, 9.6, 19, 宋词选
01531161, 7.7, 54, 晏殊词新释辑评
10457064, 7.9, 45, 宋词小札
02107443, 8.3, 34, 吴文英词新释辑评（上下）
35032390, 8.7, 27, 温和地走进宋词的凉夜
25982790, 8.5, 30, 北宋词史（上下）
03206692, 8.9, 23, 读词偶得
01637417, 8.4, 30, 柳永词新释辑评
25716112, 6.5, 149, 时光印痕：唐诗宋词中的节气之美
01077505, 9.4, 18, 宋词三百首.丹青版
01158718, 9.0, 21, 唐诗三百首宋词三百首元曲三百首
03249753, 8.8, 23, 宋词
01524656, 7.9, 38, 李清照词新释辑评
04912916, 8.5, 26, 阳春集
01075440, 8.8, 22, 宋词三百首
01098092, 8.4, 27, 宋词举
01023633, 9.2, 18, 唐宋词一百首
21319531, 6.8, 89, 一种相思两处愁
01543888, 7.7, 40, 辛弃疾词选评
05026800, 8.7, 22, 芦川词笺注
01548523, 8.5, 24, 姜夔词新释辑评
02017052, 8.3, 26, 王安石集
01003317, 8.7, 21, 宋词三百首赏译
02016050, 8.1, 29, 元曲三百首全解
03599799, 8.1, 29, 宋词二十讲/伟大传统
26826880, 9.3, 16, 乐章集校笺
03702358, 7.8, 35, 伤高怀远几时穷
24316742, 7.8, 35, 离离
01092220, 9.0, 18, 唐宋词鉴赏辞典
07065490, 6.6, 94, 宋词排行榜
10472047, 8.8, 19, 唐诗宋词元曲三百首
25794175, 9.1, 16, 最美国学·宋词
26981850, 8.7, 19, 晏殊词集·晏几道词集
01283231, 7.7, 32, 宋词赏析
01258599, 7.6, 33, 北宋词史
25707645, 9.2, 14, 乐章集
02197396, 8.4, 20, 唐宋词流派史
01331513, 8.2, 22, 宋词三百首鉴赏辞典
06894782, 7.0, 50, 阑珊集
04118254, 8.7, 17, 宋词精品
01073885, 8.8, 16, 宋词三百首全译
26374169, 9.1, 14, 柳永词选
01023190, 8.5, 18, 增订注释吴文英词
01826914, 8.0, 23, 唐诗宋词元曲各三百首
02244753, 8.5, 17, 梅溪词
01086973, 7.6, 28, 欧阳修词新释辑评
10593905, 8.7, 15, 烛影摇红
01522663, 7.3, 33, 宋词，我的忧郁抗体
01604013, 8.5, 16, 豪放词
01093639, 8.6, 15, 宋词三百首
01275888, 8.6, 15, 山谷词
01055509, 8.2, 18, 花庵词选（全二册）
01523410, 8.9, 13, 唐宋诗词名句鉴赏
01141505, 7.8, 22, 放翁词
04809543, 8.7, 14, 唐宋名家诗词赏读唐代诗人名家名作
01144376, 8.4, 16, 秦观诗词文选评
04061923, 8.4, 16, 吴小如手录宋词
06394594, 7.0, 37, 最是缠绵花间词
25787010, 7.8, 21, 名家讲宋词
07058330, 8.6, 14, 宋词
26969910, 5.4, 253, 一剪宋朝的时光
03130624, 7.6, 23, 明月几时有――品宋词
05990885, 7.5, 24, 宋词研究
03045766, 8.1, 17, 宋词一万首
01953640, 7.2, 29, 宋词与宋代的城市生活
02990522, 8.8, 12, 宋词三百首
27155041, 8.8, 12, 唐宋名家词选
30324750, 7.8, 19, 东坡乐府雅集
03316096, 8.0, 17, 宋词体演变史
01155187, 8.4, 14, 唐宋词汇评.唐五代卷
02126582, 8.1, 16, 吴梅讲词
03260618, 7.5, 22, 宋词通论
03451553, 7.8, 18, 为伊消得人憔悴
33400134, 7.1, 27, 宋词简史
03696596, 8.8, 11, 姜夔张炎词选
01151191, 7.3, 23, 倾听词心
03712807, 7.6, 19, 宋南渡词人群体研究
06877313, 5.8, 94, 人生何处不离人
01535601, 7.9, 16, 宋词选
01956451, 6.9, 29, 宋词的历史
26374919, 7.2, 23, 最相思莫如宋词
01547538, 7.7, 17, 陆游词新释辑评
03376558, 8.4, 12, 姜夔集
26752539, 8.1, 13, 两宋词境浅说
05366015, 5.9, 66, 预言杀意的宋词
03350917, 8.4, 11, 宋词三百首全解
03715848, 7.3, 19, 是谁，在我的宋词里轻舞飞扬
24743906, 7.2, 19, 曾是惊鸿照影来
26801211, 8.5, 10, 宋词演义
03465299, 7.4, 16, 少年不识愁滋味
01455067, 8.4, 10, 宋代咏物词史论
01976230, 7.2, 17, 宋词名篇的人生哲理
04123364, 7.2, 17, 花落烟云梦
06731595, 7.3, 16, 宋词素描
01058542, 8.0, 11, 宋代文学研究(上下)
01789397, 7.8, 12, 一词一画
06967389, 7.6, 13, 我欲乘风归去
06962882, 7.3, 15, 宋词是一朵情花 II
11622275, 6.6, 23, 才下眉头，却上心头
24708173, 6.3, 29, 所有的美好
03553715, 7.0, 17, 宋词研究入门
30313087, 7.8, 11, 宋词三百首
01607511, 7.3, 13, 浅酌低唱
04843318, 7.3, 13, 宋词是黄昏的窗棂
06745180, 6.9, 16, 我的歌台文坛
34848219, 7.2, 11, 宋朝茶话会
10520896, 5.8, 17, 闲品《断肠集》
20471902, 5.9, 15, 慢读宋词
24753610, 5.6, 18, 谁的到来 恰逢花开
26990650, 5.2, 25, 李煜词传——梦里不知身是客
11622274, 5.0, 21, 一寸相思一寸灰
01928578, 0.0, 10, 宋词故事
03163923, 0.0, 10, 宋词解读
03539928, 0.0, 10, 全宋词典故考释辞典
04104716, 0.0, 10, 宋词地图
26945517, 0.0, 10, 吴文英词鉴赏辞典
03570855, 0.0, 11, 绝妙好词注评
01204400, 0.0, 12, 柳永词选注/诗仙词圣精品文库
01447780, 0.0, 12, 全宋词鉴赏辞典（全12册）
01699933, 0.0, 12, 两宋词史
01211657, 0.0, 13, 唐诗三百首宋词三百首元曲三百首
03855375, 0.0, 14, 图解人间词话
34938334, 0.0, 74, 大宋之愁
