2020-07-05 16:00:01

number of books, tag name
576, 家庭教育

ID, rating, votes, title
27614904, 9.2, 192582, 房思琪的初恋乐园
01007914, 8.7, 158680, 窗边的小豆豆
33440205, 8.9, 60935, 你当像鸟飞往你的山
04207781, 8.7, 62351, 孩子你慢慢来
03576486, 9.1, 31090, 小狗钱钱
01775691, 8.4, 81346, 少有人走的路
26382433, 8.2, 115949, 无声告白
27611824, 8.9, 16157, 如父如子
03533221, 8.4, 35530, 非暴力沟通
02340100, 8.0, 73634, 遇见未知的自己
01032501, 8.8, 16314, 心理学与生活
03465080, 9.0, 9439, 好妈妈胜过好老师
26278687, 7.6, 86056, 皮囊
26681984, 8.8, 9113, 告白
21617765, 8.8, 7532, 亲爱的安德烈
25809269, 8.5, 8645, 目送
04864832, 9.3, 2288, 为什么学生不喜欢上学?
01077778, 8.1, 11798, 爱的教育
01181690, 8.7, 4614, 傅雷家书
03420606, 8.7, 4531, 正面管教
30199434, 8.3, 7665, 原生家庭
06709834, 8.4, 6577, 爸爸爱喜禾
02275635, 8.8, 3231, 如何说孩子才会听，怎么听孩子才肯说
01022318, 8.7, 3245, 爱弥儿
26304087, 9.1, 1919, 孩子：挑战
02080764, 8.2, 6317, 为何家会伤人
26817324, 8.7, 2464, 傅雷家书
34840201, 8.4, 3240, 你的孩子不是你的孩子
01077129, 8.5, 2528, 一生的学习
26584286, 8.7, 1941, 大学之路（套装）
01067049, 8.8, 1659, 孩子，把你的手给我
04177120, 8.5, 2322, 西尔斯亲密育儿百科
01218321, 9.1, 1127, 个人形成论
25733170, 8.7, 1739, 吾国教育病理
26363229, 7.7, 6971, 亲密关系：通往灵魂的桥梁
27191009, 9.3, 856, 往事与随想
03891855, 8.6, 1856, 第56号教室的奇迹
10764908, 9.4, 759, 美国儿科学会育儿百科
01101921, 8.6, 1659, 定本育儿百科
26681417, 9.2, 796, P.E.T.父母效能训练
06084402, 8.5, 1501, 游戏力
03759379, 9.1, 757, 父母效能训练手册
25963145, 8.5, 1385, 最美的教育最简单
26257557, 8.7, 1032, 热锅上的家庭（40周年纪念版）
26797268, 8.7, 982, 养育的选择
26605738, 8.6, 1077, 做孩子最好的英语学习规划师
03999126, 8.5, 1194, 爱和自由
26852275, 8.4, 1306, 好妈妈胜过好老师2:自由的孩子最自觉
10876406, 9.1, 571, 如何说孩子才会听 怎么听孩子才肯说（全新修订版）
05378929, 8.5, 1030, 培养孩子从画画开始
33374389, 8.3, 1307, 幽微的人性
06523827, 8.4, 1155, 不能错过的英语启蒙
20453160, 9.1, 544, 天才引导的历程
24706978, 8.2, 1431, 捕捉儿童敏感期
26578693, 9.5, 369, 登天之梯
24307508, 8.8, 684, 幸福的种子
25933667, 8.0, 1659, Everything I Never Told You
24756462, 8.5, 882, 骑鲸之旅
01446993, 8.8, 626, 孩子，你慢慢来
27045252, 8.7, 675, 不成熟的父母
03003684, 8.7, 657, 幸福的种子
01065003, 8.4, 910, 中毒的父母
27064858, 8.3, 1014, 我们的孩子
01879497, 8.5, 756, 新家庭如何塑造人
10758030, 8.6, 674, 让孩子的大脑自由
01019917, 8.4, 838, 杰出青少年的七个习惯
05339693, 8.5, 739, 母爱的羁绊
26352480, 8.8, 530, 魔法岁月
06759256, 8.2, 1002, 你就是孩子最好的玩具
01967845, 8.5, 709, 从出生到3岁
10773248, 8.5, 674, 无条件养育
04143867, 8.6, 599, 捕捉儿童敏感期
02141865, 8.5, 647, 家庭会伤人
26705662, 8.9, 425, 心理营养
01879829, 8.4, 705, 朗读手册
27593934, 8.3, 777, 愿你慢慢长大
25910582, 8.1, 979, 成长
03664843, 9.0, 367, 我的图画书论
30185326, 8.7, 486, 给孩子的未来脑计划
26721477, 9.1, 332, 创伤与复原
26612510, 8.1, 877, 教养的迷思
01184872, 8.2, 778, 捕捉儿童敏感期
22224887, 8.4, 607, 全脑教养法
30320765, 8.6, 491, 写给父母的未来之书
06771735, 8.8, 401, 中毒的父母
01000904, 8.1, 847, 卡尔·威特的教育
02229649, 8.1, 830, 童年的秘密
26968034, 8.5, 527, 正面管教
27664289, 8.9, 341, 不平等的童年
03107283, 7.7, 1254, 来吧孩子
26930253, 8.4, 506, 育儿基本
02276901, 8.3, 559, 斯波克育儿经
30168543, 8.9, 308, 《从尿布到约会：家长指南之养育性健康的儿童（从婴儿期到初中）》
24708326, 8.1, 668, 爱和自由
25978468, 7.6, 1259, 遇见孩子，遇见更好的自己
26892174, 8.3, 527, 50个教育法
05354379, 8.0, 738, 喂故事书长大的孩子
20258531, 8.0, 699, 法国妈妈育儿经
20414886, 9.0, 249, 让孩子心悦诚服
25761171, 8.7, 325, 骑鲸之旅2
04881264, 8.6, 352, 傅雷家书
27106800, 8.6, 347, 欢迎来到一年级：幼小衔接家长手册
26262036, 8.4, 417, 朗读手册
25919714, 7.8, 819, 养育女孩
25834256, 8.4, 411, 培养高情商的孩子
01664822, 8.6, 334, 童年的秘密
10602261, 8.7, 298, 佩蓉的妈妈经
05241378, 8.9, 249, 犯罪心理研究
01924775, 8.3, 436, 教育漫话
03010621, 8.6, 307, 如何说孩子才肯学
06507601, 9.1, 188, 生命喜悦的祈祷
27015626, 8.9, 221, 你就是孩子最好的玩具·升级版
26655552, 8.4, 349, 0-3岁孩子的正面管教
03241963, 8.2, 421, 郑玉巧育儿经·婴儿卷
26729331, 8.2, 408, 不吼不叫
03180904, 8.5, 298, 和孩子划清界限
04826068, 8.2, 402, 童年的秘密
34945489, 8.4, 322, 赞扬与责备
05921082, 8.4, 320, 培养孩子从画画开始2：孩子的话如何看怎样教
34428757, 7.8, 614, 原生家庭生存指南
03199068, 8.0, 486, 让孩子做主
27136643, 7.4, 972, 父母的语言：3000万词汇塑造更强大的学习型大脑
30384461, 7.7, 652, 不管教的勇气
01799781, 8.5, 273, 家庭教育
27169893, 8.5, 273, 魔鬼老大，天使老二
03909967, 8.0, 454, 如何培养孩子的社会能力
05354378, 7.7, 636, 培养孩子的英文耳朵
04796701, 7.1, 1474, 养育男孩
03880402, 8.5, 267, 朗读手册
04714318, 9.0, 173, 森林报
01101840, 8.7, 220, 斯宾塞的快乐教育
05299980, 8.2, 353, 教出乐观的孩子
06009051, 8.1, 391, 爱上双人舞
26349688, 8.2, 350, 儿童教育心理学
06800784, 8.3, 313, 故事知道怎么办
30357968, 8.2, 344, 郑渊洁家庭教育课
30192694, 8.4, 282, 在远远的背后带领
30281637, 7.6, 679, Normal People
33462451, 7.8, 523, 爱、金钱和孩子：育儿经济学
30187704, 7.9, 462, 忍住！别插手！让孩子独立的自我管理课
26373220, 8.7, 207, 西尔斯健康育儿百科
04194978, 8.4, 269, 完整的成长
03192554, 8.2, 325, 请让我慢慢长大
02304415, 8.6, 219, 倾听孩子
27667622, 7.6, 628, 超越原生家庭（原书第4版）
24754226, 8.2, 318, 教出乐观的孩子
01194965, 8.3, 286, 为什么真爱需要等待
04861188, 9.1, 144, DK儿童百科全书
24295824, 8.5, 230, 共读绘本的一年
26337848, 8.8, 173, 家有四男
33379155, 9.0, 143, 与打骂和溺爱说拜拜
26836764, 8.1, 314, 自私的父母
01146605, 8.7, 178, 六A的力量
03088958, 8.3, 253, 谁拿走了孩子的幸福
01490423, 8.3, 252, 陪孩子长大
03865964, 9.3, 106, 家庭与家庭治疗
25712703, 8.3, 235, 父母的觉醒
21993349, 9.4, 98, 如何说孩子才会听 怎么听孩子才肯说
01956019, 9.4, 97, 儿童纪律教育
11612235, 9.0, 128, 在爱里相遇
01032216, 7.8, 380, 素质教育在美国
26688635, 9.7, 79, 清华学爸教子经
27175821, 9.3, 102, 自主教养
27082517, 7.6, 467, 我们为什么被霸凌？
34797194, 8.9, 132, 抑郁生花
04932848, 7.7, 403, 钱文忠解读《弟子规》
01115132, 8.1, 254, 童年的秘密
26768783, 9.7, 74, 0-8岁儿童纪律教育
10506777, 8.7, 146, 罗恩老师的奇迹教育
26707322, 8.0, 274, 最好的方法给孩子
26360325, 8.4, 187, 别说你懂“英语启蒙”
19976301, 8.2, 223, 崔玉涛图解家庭育儿3
26786519, 7.6, 421, 无后为大
10344527, 8.5, 167, 妈妈的心灵课
01038305, 9.3, 91, 育儿全书
34960380, 8.7, 140, 你是孩子的光
34798855, 9.3, 89, 亲子沟通密码
06723833, 8.9, 116, 善解童贞1
30156147, 8.7, 134, 写给儿童的古诗游戏书
30241373, 7.5, 430, 天生非此
30435335, 7.8, 305, 反溺爱
01841741, 8.2, 203, 卡爾威特的教育
26602466, 7.7, 338, 安全感
25880168, 8.5, 153, 如何说孩子才会听 怎么听孩子才肯说（精华版）
03729116, 7.9, 267, 接纳孩子
01223050, 8.1, 217, 发现孩子
01808657, 8.1, 210, 孩子是如何学习的
20475885, 9.2, 87, 斯宾塞的快乐教育
04085104, 8.9, 107, 如何说孩子才会听，怎么听孩子才肯说
01944988, 8.7, 124, 杰出青少年的6个决定
06712610, 7.1, 642, 虎妈战歌
26676574, 8.3, 168, 宝宝的第一本游戏书
24295802, 7.9, 245, 由内而外的教养
34998414, 9.2, 82, 高情商养育
20492754, 8.8, 108, 如何说孩子才肯学
05492356, 6.9, 806, 我在美国做妈妈
06713131, 8.9, 99, 解放父母解放孩子
25712727, 8.5, 133, 正面管教A-Z
04730153, 8.4, 143, 为家庭疗伤（上下）
01425813, 7.9, 225, 儿童心理学
35019107, 8.1, 184, 陪孩子终身成长
35041365, 9.6, 61, 豪夫童话全集
26600414, 8.6, 119, 去情绪化管教
04073608, 8.3, 149, 为孩子立界线
30390251, 9.5, 62, 内向性格的竞争力（青少版）
27125047, 9.5, 60, 中国家风家训
26931441, 8.7, 101, 神奇的专注力训练游戏书
26717862, 8.4, 126, 让教育回归美好生活
35034428, 8.8, 92, 通往未来之路：培养有梦想的孩子
04199479, 7.3, 377, 盖茨是这样培养的
26912176, 8.0, 177, 聪明养育：像科学家一样养孩子
27192084, 8.4, 124, 我家有个小学生
30306139, 8.2, 145, 给孩子立界限
26995932, 8.1, 157, 放下手边事，坐下来读读书
23860440, 8.0, 172, 参与孩子的成长
04932768, 8.0, 167, 爱在左，管教在右
03314537, 9.1, 71, 婴儿、儿童和青少年
34432817, 8.3, 127, 正面管教魔法书
26293408, 7.8, 195, 关键期关键帮助
33446862, 9.0, 73, 不急不催
01143002, 7.9, 169, 给孩子自由
35000498, 8.4, 109, 最好的学区房是你家的书房
06109470, 9.2, 62, 好妈妈的第一本漫画育儿书
26792508, 8.3, 117, 小妇人
30166905, 7.7, 199, 优质父母教养实践指南
03997957, 8.6, 90, 有奉献精神的父母培养大人物
27111591, 9.2, 60, 教育与美好生活
04237985, 9.0, 68, 如何说孩子才能和平相处
05397095, 9.6, 47, 牵一只蜗牛去散步
05252658, 8.7, 82, 用尊重成就孩子的一生
27069115, 8.7, 82, 父母的格局
21458711, 7.7, 191, 阅读是最浪漫的教养
25870756, 8.1, 131, 永远没有的真相
26705773, 9.0, 65, 周末与爱丽丝聊天
26877284, 7.9, 152, 双向养育
27086070, 9.3, 54, 其乐无穷的战斗
20385941, 7.6, 204, 最好的教养在路上
26986741, 8.2, 115, 生命合伙人
33436046, 8.2, 115, 让孩子学会思考
10456462, 7.8, 163, 小巫教你讲故事
04747184, 8.4, 97, 管教啊
26866060, 8.4, 97, 陪伴式成长，和孩子一起成为更好的自己
03086167, 7.8, 162, 教养可以这么浪漫
19987540, 8.1, 123, 好孩子
06857343, 8.4, 95, 内向孩子的潜在优势
26868677, 8.0, 132, 奖励的恶果
02122634, 8.7, 76, 儿童爱之语
27133259, 9.2, 55, 游戏的力量
01007562, 5.8, 3408, 哈佛女孩刘亦婷
20272118, 8.0, 131, 儿童大脑开窍手册
26674740, 9.1, 58, 解放父母 解放孩子
34822714, 8.2, 107, 做孩子最好的英语学习规划师2：懒人解决方案
30129202, 7.5, 203, 儿童教育心理学
06070503, 9.2, 52, 善解童贞2
01032798, 8.3, 96, 和孩子一起享受艺术
05361413, 7.1, 311, 天才是训练出来的
26951644, 7.8, 144, 爱读书的孩子，不会变坏
01473198, 7.7, 158, 人生设计在童年
03099763, 8.1, 108, 亲子关系全面技巧
05354104, 8.8, 64, 《孩子，把你的手给我》Ⅱ
34868502, 8.7, 68, 老虎，别怕
02125914, 9.1, 52, 青春期
02058840, 7.8, 137, 我的事业是父亲
26798340, 8.1, 104, 别等孩子长大了才后悔你现在做的太多
30288839, 8.1, 103, 稻盛和夫：母亲的教诲改变我的一生
26926160, 9.1, 51, 善解童贞3
26949254, 8.1, 101, 由内而外的教养：做好父母，从接纳自己开始（10周年纪念版）
10519489, 7.1, 274, 你的3岁孩子
34798542, 9.1, 50, 寻找美猴王
03666720, 9.0, 53, 儿童心理学手册
10797738, 7.6, 157, 你的4岁孩子
06778818, 8.9, 56, 朗读手册II
26265221, 8.6, 68, 父母是孩子最好的音乐老师（修订版）
04863909, 8.0, 107, 芬兰教育给教师和父母的45堂必修课
30247443, 8.5, 72, 不急不吼
26889001, 9.5, 39, 父母艺术力
33442508, 8.3, 82, 好妈妈就是家庭CEO
27147203, 8.3, 79, 安全基地：依恋关系的起源
33443534, 8.9, 52, 不急不躁
26831362, 8.8, 55, 我要是别人就好了
01039197, 6.7, 404, 刘亦婷的学习方法和培养细节
04238773, 8.8, 54, 森林报·春
03527748, 8.7, 57, 妈妈成长记
27662745, 7.5, 148, 硅谷工程师爸爸的超强思维训练课
25832194, 8.4, 68, 父母平和 孩子快乐
03227831, 8.0, 92, 卡尔.威特的教育
27058846, 8.3, 72, 真正的蒙氏教育在家庭
11622141, 7.9, 97, 父母是孩子最好的音乐老师
26839351, 7.7, 115, 绘本123：每个妈妈都能胜任的英语启蒙
06773057, 7.8, 105, 捕捉孩子的敏感期
10862844, 8.8, 50, 华德福教育书籍《病是教養出來的》
02196503, 8.4, 65, 嘿，我知道你
03719572, 6.9, 266, 慢养
21241229, 8.0, 87, 李中莹亲子关系全面技巧
34867306, 7.9, 94, 你的亲子关系价值千万
20390979, 7.9, 93, 和孩子谈谈性
27167964, 7.6, 121, 内向孩子的潜在优势
33418502, 8.2, 73, 儿童敏感期成长指南
01291825, 8.1, 78, 迈向个性的教育
30275059, 8.6, 54, 育儿基本2：与孩子合作
27017201, 8.6, 53, 童年清单
27153480, 8.4, 60, 遇见孩子，遇见更好的自己（挑战篇）
27139143, 7.9, 86, 极简父母法则：教出快乐、自信、独立的孩子
27136653, 8.5, 55, 叛逆不是孩子的错：不打、不骂、不动气的温暖教养术（原书第2版）
03261688, 8.3, 63, 谁误解了孩子的行为
25792525, 7.9, 85, 儿童技能教养法
05354938, 8.5, 54, 卡尔·威特的教育
30133632, 8.8, 44, 0-6岁，抓住孩子的语言关键期
22749479, 9.2, 35, 火箭小子
35022414, 9.5, 30, 好父母的说话之道
26786737, 8.2, 65, 和爸爸一起读书
01059434, 8.8, 43, 傅雷文集-书信卷(上下)
26646634, 7.6, 104, 因为爱，所以节制
04843572, 8.0, 74, 男孩不该走的路
25784284, 7.4, 125, 爸爸军团
30302207, 8.9, 40, 王霄老师的5堂幸福课
30434562, 7.2, 151, 从小读到大
26666161, 9.5, 29, 帕布罗和他的椅子
33411347, 9.3, 32, 很高兴能陪你一起长大
27600345, 9.1, 35, 妈妈，他们欺负我——帮孩子解决社交难题
02944876, 9.5, 28, Parent Effectiveness Training
10564647, 8.3, 55, 我把女儿教进世界名校
25916557, 7.9, 73, 十几岁孩子的正面管教
03063061, 7.8, 78, 父亲的因素
25813490, 7.5, 99, 自卑与超越
26582027, 8.4, 49, 当我成为一个孩子的母亲
20373323, 8.3, 52, 图解儿童逆反心理
27017552, 8.4, 48, 亲爱的夏绿蒂
02174700, 8.6, 42, 父母离婚后
06509769, 6.6, 259, 婴幼儿睡眠圣经
26969710, 8.2, 54, 找对育儿方法的第一本书（0~12月）
04858247, 8.3, 50, 孩子是如何学习的
11524092, 6.5, 287, 这样跟孩子定规矩，孩子最不会抵触
26298341, 8.8, 36, 给他们恩典
24867932, 9.6, 24, 管教的智慧
27104539, 9.2, 29, 学生管理的心理学智慧（第二版）
04874532, 7.9, 64, 每个孩子都能好好吃饭
26729534, 7.8, 66, 接纳力
26781091, 8.2, 49, 妈妈，谢谢你懂我
10453914, 8.1, 52, 光有爱还不够
04209076, 7.5, 83, 寻找安详
11445553, 8.7, 35, 孩子，你的情绪我能懂
10747454, 7.4, 89, 出国不出国
34875097, 9.0, 29, 笔迹触觉与心理
11444644, 7.1, 116, 你的5岁孩子
25910159, 8.6, 36, 真正的陪伴
20471235, 8.0, 53, 卡普儿童行为手册
27058843, 7.8, 61, 真正的蒙氏教育在家庭
30139073, 7.1, 114, 通往幸福的教育
30167922, 8.9, 30, 妈妈的生日礼物
01218752, 8.3, 42, 让孩子自信过一生
27107278, 8.7, 33, 爸爸军团（经典版）
35040127, 8.0, 51, 艺术游戏力
27058845, 7.7, 63, 真正的蒙氏教育在家庭
21319004, 8.7, 32, 看得远的，就是好母亲
01921815, 7.9, 53, 孩子来自天堂
02122636, 8.8, 30, 按天性培育孩子
01058010, 8.0, 49, 培育男孩
34825765, 7.7, 61, 跟自己的孩子聊得来
04846210, 8.6, 33, 朱子治家格言研习报告
30468442, 8.6, 33, 不咆哮 让孩子爱上学习
25804481, 8.9, 28, 孩子，你的天赋妈妈懂
06981853, 8.2, 42, 童年的秘密
30472629, 7.1, 102, 情感吸血鬼
21319023, 8.8, 29, 给孩子的人生先修班
34897598, 9.0, 26, 小七老师育儿说
26906547, 8.8, 28, 快乐童年的秘密
26043646, 8.5, 33, 妈妈是最初的老师：一位母亲的十年教养札记
01179164, 8.3, 37, 儿童精神哲学
24297809, 7.3, 78, 赞赏的五种语言
03315307, 7.9, 48, 中国英才家庭造
04849963, 7.9, 47, 生命最重要的前三年
26443406, 8.8, 27, 狐狸帽子
04322839, 7.6, 58, 放下孩子
26341302, 7.6, 58, 儿童的一百种语言
30189451, 8.0, 43, The Self-Driven Child
25850231, 7.4, 68, 如何养育男孩
01071963, 7.9, 46, 赏识你的孩子
24738887, 7.0, 98, 陪孩子一起上幼儿园
03032646, 8.5, 31, 梁启超家书
25760209, 8.9, 25, 《3-6岁儿童学习与发展指南》案例式解读
10768127, 8.5, 30, 有趣的数学旅行
34994040, 9.1, 22, 诗的秘密
24242130, 8.3, 33, 家庭教育
25790387, 8.8, 25, 小儿推拿专家教，捏捏按按百病消
27058844, 7.7, 49, 真正的蒙氏教育在家庭
26805866, 6.8, 110, 0～12岁，给孩子一个好性格
23134209, 8.5, 29, 和孩子一起涂鸦
10759729, 7.8, 45, 下一代的竞争力
01843051, 7.4, 61, 卡尔·威特的教育
01460478, 8.1, 36, 教育漫话
26060727, 7.9, 41, 不批评才能培养出自觉主动的孩子
03773392, 7.7, 46, 父母的品格
34990864, 8.9, 22, 为何母爱会伤人
30274229, 9.1, 20, 神奇图书馆：人体大冒险
02115174, 7.2, 67, 3岁决定孩子的一生
26980770, 8.8, 23, 善解童贞5
01032145, 9.2, 19, 倾听孩子
33374488, 8.0, 36, 孩子，别玩手机了
02006814, 8.1, 33, 孩子，我应该这样爱你
26974067, 8.3, 29, 蒙台梭利亲子课
20419149, 7.6, 46, 我的事业是父亲
30336102, 6.4, 148, 你对我讲道理，我对你讲逻辑
10775249, 9.1, 19, 教出孩子的自信、品格和抗压力
34452005, 7.6, 45, 深度自然游戏
30173536, 8.6, 24, 如何培养孩子的社会能力（2018新版）
06397450, 7.6, 44, 幸福孩子从画画开始
24325199, 6.5, 123, 那些不能告诉大人的事
26943439, 8.2, 29, 人生转轨处
26845111, 8.3, 27, 善解童贞2（全新修订版）
06425604, 7.6, 42, 给我的孩子讲离婚
02116127, 7.7, 39, 孩子你为什么不听话
27040309, 6.4, 132, 这才是数学
10426397, 7.9, 34, 给孩子恰如其分的爱
03715558, 8.2, 28, 母亲的使命
25743021, 7.4, 48, 法国妈妈育儿经2
06024209, 7.5, 44, 快教孩子学理财
20440035, 8.8, 20, 家庭教育与父母教育
30365666, 7.8, 35, 活出精彩
05300534, 8.2, 27, 一粒珍珠的故事
07163216, 8.0, 30, 与自闭症儿子同行1
30415694, 7.7, 36, 家庭中的52个正面管教工具
26297652, 7.6, 38, 特别狠心特别爱2
04931727, 8.0, 29, 孩子为何失败
22224892, 8.0, 29, 中国式育儿
03895205, 8.9, 18, 身体的秘密（男生卷）
25944443, 7.7, 35, 天使在我家
07163219, 8.2, 25, 与自闭症儿子同行2
01541579, 7.4, 42, 怎样培养真正的人
34897041, 9.1, 16, 费顿艺术启蒙认知：约瑟夫·艾尔伯斯的形状
27114548, 8.5, 21, 世界需要父亲
26935989, 7.3, 44, 陪孩子走过初中三年（全新增订版）
26921129, 7.4, 40, 帮助你的孩子爱上阅读
25897248, 8.5, 20, 淡定的妈妈，出色的孩子
26671093, 8.5, 20, 男孩的人生目标大不同
30425738, 8.4, 21, 何捷老师的生动语文50问
04816949, 8.0, 26, 斯宾塞的快乐教育
26798590, 7.6, 33, 3岁叛逆期，妈妈怎么办
34942535, 8.1, 24, 你只是看上去在陪孩子写作业 资深优秀教师告诉你陪什么怎么陪（辅导作业鸡飞狗跳，霸道总裁式带娃行不通了）
34897476, 8.0, 25, 没有教不好的孩子：陪孩子走过关键10年
34926959, 9.4, 13, DK超级数学小玩家
07175196, 8.4, 20, 寶貝，你們好嗎？ 梁啟超?愛的家書
35009860, 8.3, 21, 创造性思维
34932708, 9.6, 12, 不会爬树的卢比
02010435, 8.6, 18, 好孩子的成功来自妈妈1%的改变
21966344, 8.7, 17, 只说一次，孩子就会听
01033992, 7.7, 29, 好妈妈慢慢来
30271185, 6.9, 53, 给孩子立规矩
01171871, 7.9, 25, 家庭
06785457, 8.2, 21, 爱让成长不烦恼
26331613, 8.9, 15, 格林斯潘心理育儿5-12岁
34795307, 8.9, 15, 好妈妈都懂的心理学
26826231, 7.7, 28, 康妈学堂
34846286, 8.7, 16, 不惊不慌笑对儿子的性教育
25879741, 8.2, 20, 读懂孩子
02122308, 8.8, 15, 教儿童学会思考
02243351, 7.8, 25, 别和青春期的孩子较劲
03164154, 8.0, 22, 理解儿童的行为
30291733, 7.6, 28, 家有小学生
01159377, 7.7, 26, 从尿布到约会·尿布卷
27059903, 7.4, 31, 0-5岁，怎样让孩子更聪明
10453130, 8.7, 15, 孩子知道你愛他嗎
33446162, 8.2, 19, P.E.T.父母效能训练：唤醒孩子的自律
25731753, 8.3, 18, 整个世界都是孩子的教室
04850569, 8.0, 21, 父母做对了孩子才优秀
02108255, 7.0, 41, 告诉孩子你真棒!-卢勤教育文集
10469914, 9.2, 12, 家庭教育
01792554, 7.3, 31, 做最好的家长
27186021, 7.9, 21, 逆风无畏
26721519, 8.9, 13, 人生休止符
26722867, 9.1, 12, 经济好好玩
34948554, 9.1, 12, 亲子折叠笔记
25963168, 7.0, 38, 自觉可以练出来：管好自己就能飞 2
01144508, 8.4, 16, 爱之语
23554710, 7.0, 35, 旅行，是最好的教养
10580943, 7.6, 23, 10岁前，培养孩子的数学脑
25921381, 7.4, 26, The Marshmallow Test
04082138, 7.8, 20, 《德慧智慧性图文思维教育——别把孩子教笨了》
01016991, 7.1, 31, 那些人生中最重要的道理我在幼儿园里都学过了
10455590, 6.9, 36, 3岁前 好妈妈一定要懂的育儿心理
26665613, 8.6, 13, 核心天性教养法
27600497, 6.9, 35, 阅读力
26953712, 6.8, 38, 青春期的烦“脑”
27054633, 7.9, 18, 接纳力2：活出完整自己的妈妈情商课
01081799, 7.8, 19, 玩的教育在美国
04881624, 7.8, 19, 粗养的智慧
01037846, 8.0, 17, 我们配做父母吗？
06790764, 8.1, 16, 读孩子如读书
02070328, 7.8, 18, 钟琬婷学习英语
03692822, 7.8, 18, 孩子，你的敏感我都懂
26855606, 7.7, 19, 女儿四岁了，我们开始聊哲学：真有圣诞老人吗？
27114945, 5.9, 89, 如何培养孩子的阅读力
01281936, 8.0, 16, 早期教育和天才
06797749, 7.5, 21, 爱的教养
26856991, 7.5, 21, 送孩子去常春藤
02026954, 7.4, 22, 我的野蛮继母
01065881, 8.4, 13, 每个孩子都应该做的101件事
01831530, 8.2, 14, 游戏与儿童早期发展
06810585, 8.2, 14, 美满的亲子关系
04876944, 7.8, 17, 每个孩子都能学好规矩
26948429, 7.5, 20, 学会爱自己第三辑——不要随便发脾气
30364334, 7.9, 16, 《父母最艰巨的工作》
25734383, 8.3, 13, 好儿子全靠妈妈教，好女儿全靠爸爸教（女儿-爸爸篇）
34952677, 8.4, 12, 做对“懒”爸妈 养出省心娃
27135863, 8.2, 13, 又到一年入学时
27599228, 6.4, 42, 儿童心理学：你其实不懂孩子（全彩手绘图解版）
25964320, 8.0, 14, 儿童心理百科
26378650, 7.2, 21, 给孩子一个间隔年
30234100, 7.9, 14, RIE育儿法
30383501, 6.8, 27, 我女儿会五种语言
30586524, 8.0, 13, 我把三个孩子送进哈佛：一位中国妈妈的教子手记
03592727, 7.7, 15, 孩子任性怎么办
21676052, 7.7, 15, 养育男孩的方法
01410403, 7.1, 21, 冯德全早教方案（1-4）
01491295, 7.8, 14, 父亲的礼物
30395462, 8.1, 12, 跟爱因斯坦一起玩数学（初级篇）
03927324, 7.5, 16, 妈妈，请这样跟我说话
11026584, 7.7, 14, 快发现孩子的天赋
26271947, 8.2, 11, 老爸的叮咛
30237489, 8.2, 11, 我的事业是父亲（十年纪念版）
01802456, 8.0, 12, 成为优秀父母的十大法则
27132943, 8.0, 12, 用孩子的逻辑，化解孩子的情绪
01277418, 6.8, 24, 好父母好孩子
01579034, 7.2, 18, 新教育之梦
01881589, 7.6, 14, 晨读10分钟
27091545, 7.6, 14, 积极养育
27607303, 7.2, 17, 男孩女孩学习大不同
33184860, 7.4, 15, 便便公主去上学
24702166, 7.8, 12, 这些书可以让你的孩子变第一名
22994724, 7.2, 16, 教育就是培养习惯
10798627, 7.0, 18, 1-3岁-美国金宝贝早教幼儿游戏
06834210, 7.4, 14, 哈佛家书
06005824, 7.7, 12, 粽子英语
02077848, 6.5, 25, 朱成在哈佛
24866232, 6.6, 23, 德国妈妈这样教自律
19977355, 7.2, 15, 培育孩子
06840133, 6.5, 23, 再忙也要做个好妈妈
34814986, 6.9, 17, 培养高情商男孩
01953706, 6.8, 17, 我的家怎么了?
05918308, 7.3, 12, 家庭和儿童教育
26461484, 6.9, 15, 自控力成就孩子一生：儿童行为问题管理手册
25760665, 7.6, 10, 爱与教育：好孩子不是管出来的
24867947, 7.2, 12, 美国妈妈这样教自信
25861053, 6.7, 16, 女儿在英国上学这几年
30183378, 6.7, 15, 养育男孩（实践版）
06391835, 6.8, 12, 做最好的家长
30123474, 6.0, 19, 中华创世神话六讲
26781998, 6.5, 12, 妈妈的情绪决定孩子的未来
06070346, 6.7, 10, 陪儿子说说话
01684373, 6.4, 10, 影响孩子一生的36种好习惯
03095232, 0.0, 10, 卢勤谈如何爱孩子
03124749, 0.0, 10, 3岁决定孩子的一生
03517530, 0.0, 10, 孩子啊，成为世界顶尖的1%吧
04199351, 0.0, 10, 发现孩子的性格优势
24396526, 0.0, 10, 如何读懂孩子的行为
25957479, 0.0, 10, 孤独症孩子希望你知道的十件事（最新增订版）
26443641, 0.0, 10, 巴菲特给儿女的一生忠告
27030487, 0.0, 10, 素养决定孩子的格局
01423263, 0.0, 11, 父母效能培训手册
05349578, 0.0, 11, 慢养2
34998034, 0.0, 11, 面向关键期
01086106, 0.0, 12, 写给世纪父母
26996507, 0.0, 12, 妈妈如何帮助青春期男孩：培养杰出男人妈妈应从 哪些方面着手
01925360, 0.0, 13, 分心不是我的错-注意力障碍儿童父母必读
34924006, 0.0, 13, 眼睛大研究（认识眼睛，打赢视力保卫战！）
02127715, 0.0, 14, 会阅读的孩子更成功
25762255, 0.0, 14, 这么养孩子，全家都会更聪明
30427544, 0.0, 14, 不急不乱
26292882, 0.0, 15, 点亮小橘灯--金波80岁寄小读者
01448310, 0.0, 16, 我教儿子学作文
25900784, 0.0, 16, 孩子，老爸陪你玩故事书
10801649, 0.0, 17, 多忙也能做个好父母
26285127, 0.0, 24, 蹲下来陪孩子一起看世界
35036233, 0.0, 30, 平井信义育儿法
19986250, 0.0, 34, 孩子的幸福从哪儿来
35015937, 0.0, 64, 生活即教育
