2020-07-05 16:00:01

number of books, tag name
266, 家族

ID, rating, votes, title
01007305, 9.6, 291297, 红楼梦
01770782, 8.9, 647932, 追风筝的人
06082808, 9.2, 294575, 百年孤独
01200840, 9.0, 251386, 平凡的世界（全三部）
03995526, 8.6, 185203, 目送
26698660, 8.9, 66328, 巨人的陨落
01795079, 9.2, 36596, 乡土中国
01786670, 8.9, 52345, 百年孤独
03523041, 9.1, 32238, 平凡的世界（全三册）
01119522, 8.4, 102869, 呼啸山庄
06880158, 8.8, 44082, 陆犯焉识
01092335, 9.0, 31551, 教父
01013416, 8.6, 60022, 雷雨
01086249, 8.6, 44973, 荆棘鸟
25762009, 9.1, 16809, 教父
04842446, 8.7, 25344, 巨流河
06861664, 9.0, 13606, 白鹿原
04874131, 8.1, 44955, 东霓
01025753, 8.2, 32611, 妻妾成群
03598313, 7.9, 55931, 西决
03091368, 9.1, 7369, 白鹿原
02244146, 8.1, 26924, 穆斯林的葬礼
01082522, 8.2, 21510, 家
03169746, 8.7, 9541, 荆棘鸟
01917078, 8.6, 10191, 风之影
02154079, 8.8, 7337, 追风筝的人
04292149, 8.5, 11052, 龙文身的女孩
01200846, 8.8, 6496, 白鹿原
03616310, 7.6, 47493, 小团圆
03448867, 9.0, 4668, 采桑子
01052074, 8.8, 5280, 喧哗与骚动
03348010, 8.4, 9407, Y的悲剧
04115698, 8.9, 4454, 京华烟云
04169424, 7.9, 18242, 蛙
01937228, 9.3, 2309, 百年孤独
01084082, 8.2, 10252, 穆斯林的葬礼
02008724, 9.1, 2847, 百年孤独
01051943, 9.2, 2288, 尼各马可伦理学
04832553, 8.2, 6920, 侯卫东官场笔记
27186298, 9.1, 2067, 平凡的世界
02081876, 7.2, 43595, 货币战争
02377012, 8.6, 3645, 聆听父亲
20473089, 8.6, 3597, 有顶天家族
26821461, 7.9, 10204, 北鸢
01762096, 9.4, 1365, 百年孤独
10282439, 9.0, 2079, 白鹿原
03191229, 9.0, 2074, 金瓶梅词话（全两册）
01058360, 8.4, 4426, 红高粱家族
05275500, 7.7, 12846, 尘曲
04893071, 8.8, 2282, 荆棘鸟
25756955, 9.0, 1740, 爱与黑暗的故事
03395241, 9.1, 1545, 豆汁记
10556006, 8.9, 1886, 状元媒
02988944, 8.6, 2535, 金翼
01794403, 9.3, 1093, 百年孤独
03697979, 8.4, 2946, 衣香鬓影2·千秋素光同
10788580, 8.0, 4923, 穆斯林的葬礼
06041686, 8.3, 3068, 父后七日
06800500, 7.5, 10952, 南音 （下）
01089885, 8.4, 2603, 家
07059909, 7.4, 12841, 南音 （上）
20440568, 8.5, 2037, 赤朽叶家的传说
03727329, 7.1, 20567, 千山暮雪
10796986, 9.2, 848, 魏晋之际的政治权力与家族网络
03082082, 9.5, 634, Clannad
04876369, 8.7, 1360, 姐姐的守护者
04047674, 9.2, 771, 如無頭作祟之物
06041632, 8.2, 2446, 雷峰塔
02703292, 7.4, 8335, 兰陵缭乱
02341866, 8.1, 2649, 合肥四姊妹
01119152, 9.1, 801, 四世同堂
05975571, 8.0, 3037, 天香
01937582, 9.3, 623, 父之曆
26410016, 8.6, 1296, 金翼
01276199, 9.0, 832, 采桑子
05269109, 9.1, 730, ＳＵＰＥＲ ＬＯＶＥＲＳ 第１巻
04038610, 8.1, 2285, 回归
02076583, 9.5, 442, 红楼梦
01127699, 8.1, 1928, 慢船去中国
02326423, 8.3, 1478, 真水无香
03100852, 7.5, 3880, 兰陵缭乱Ⅱ
03127865, 7.5, 3789, 兰陵缭乱3
10946178, 7.9, 2020, 无尾狗
03836277, 7.2, 6165, 货币战争2:金权天下
05347933, 9.2, 434, ＳＵＰＥＲ ＬＯＶＥＲＳ 第２巻
10345557, 8.8, 621, 被遗忘的花园
02698538, 7.8, 2079, 夜上海
02258056, 8.7, 685, 逍遥津
01098161, 8.5, 850, 秋
01960039, 9.0, 497, 喧哗与骚动
10601655, 8.2, 1094, 台北爸爸，纽约妈妈
04778442, 7.8, 1824, 我等不到了
01042633, 8.7, 588, 梦也何曾到谢桥
06851608, 7.9, 1487, 奢侈的！
04260525, 8.8, 522, 有頂天家族
06719028, 9.2, 342, ＳＵＰＥＲ ＬＯＶＥＲＳ 第３巻
01073869, 8.7, 547, 大宅门（上下）
02972992, 8.1, 1041, 时间足够你爱
01824497, 8.2, 903, 呼唤
07003424, 9.2, 284, ＳＵＰＥＲ ＬＯＶＥＲＳ 第４巻
01027642, 8.6, 443, 大宅门（上下）
01793720, 7.7, 1256, 无耻之徒
24295350, 9.1, 252, 呼啸山庄
02297710, 7.4, 1508, 一年天下
03155181, 8.1, 500, 路人（下）
02224566, 7.3, 1274, 香料传奇
26426460, 8.6, 274, 采桑子
01964611, 7.3, 1203, 懸崖邊的貴族
03184339, 8.0, 469, 华丽家族
06970742, 7.7, 628, 我未来次子关于我的回忆
07163123, 7.8, 418, 哀痛日记
24756360, 9.4, 103, 中国家族法原理
04175465, 8.0, 320, 拉拉的褐色披肩
01690488, 8.1, 279, 四牌楼
26979783, 7.8, 366, 海棠依旧：知否？知否？应是绿肥红瘦（叁）
27004108, 7.8, 359, 海棠依旧：知否？知否？应是绿肥红瘦（肆）
02154798, 7.7, 387, 女系家族
03002454, 8.0, 252, 旧址
03863456, 8.3, 171, 浮华世家
01529101, 6.8, 928, 烈火
03237857, 8.1, 177, 犬神家一族
05294019, 8.1, 174, 家在云之南
01816342, 9.1, 78, 五朝门第
26685987, 7.6, 248, 月球姓氏
01887983, 8.4, 116, 古船
02132639, 7.4, 303, 美第奇家族
01872039, 9.0, 73, 天使，望故乡
26713637, 9.0, 69, Homegoing
02046407, 9.3, 57, 九九归一
26883327, 8.1, 133, 蟷螂の檻 1
26925121, 8.6, 88, 大小姐们
03905269, 7.9, 156, 罗斯柴尔德家族.第2部
01493634, 8.8, 74, The Sound and the Fury
26609057, 7.9, 148, 巴金选集1·家
06425570, 8.6, 79, 金粉世家（上下）
27079554, 8.0, 125, 螳螂之檻(01)
30187797, 7.6, 176, 列族的纷争
34994064, 8.3, 94, 这辈子
01198211, 9.3, 47, 炎都（共三部）
04301949, 6.8, 439, 如果下辈子我还记得你
04246506, 8.6, 70, オハナホロホロ
03783004, 7.7, 144, 湘军崛起
26971246, 9.2, 46, 大秦帝国
05259533, 7.8, 124, 消失的艾斯蜜
05336377, 7.2, 225, 美第奇家族兴亡史
03237698, 9.6, 36, 元和姓纂
01481274, 8.5, 69, 当代中国村落家族文化
20267981, 8.0, 100, 七屋
05422350, 7.6, 139, 早期中华帝国的贵族家庭
03144738, 8.7, 57, 宋代的家庭和法律
25786899, 8.3, 75, 父辈书
05284846, 7.9, 101, 钟鸣鼎食之家
27099522, 7.9, 97, 螳螂之檻(02)
26930240, 9.1, 42, 四世同堂
30181103, 8.1, 80, 螳螂之檻(03)
07058727, 7.9, 91, 呼啸山庄
03237691, 9.1, 40, 世本八种
02099954, 7.9, 87, 羽蛇
01962660, 9.1, 37, 明清福建家族组织与社会变迁
02272115, 8.1, 70, 最後家族
26728589, 8.3, 58, 李氏家族
03655251, 7.2, 147, 长梦留痕
01472846, 8.2, 60, 桃儿杏儿
05450773, 7.5, 104, 朱门风流
27036566, 6.5, 314, 冰激凌家族
03819918, 7.9, 70, 宋代的家族与社会
25787644, 7.4, 104, 绣楼里的女人
26745120, 8.5, 44, 福特传
34658486, 8.5, 43, 父亲的军装
03403356, 8.0, 60, 秋
03565170, 7.5, 89, 水
06110322, 7.8, 69, 沃伯格家族
04258893, 7.5, 85, 百年金山
30469104, 7.3, 99, 霜降
01423187, 8.8, 33, 黑与白
26871065, 7.3, 94, 祖先
25698499, 6.3, 296, 半欢半爱
35006594, 8.3, 41, 老妈的旅行箱
04145434, 7.7, 62, 中国古代的家族与国家
03410826, 7.2, 94, 记忆深处的“老人艺”
01999898, 8.5, 32, 中国的宗族与戏剧
06105152, 8.2, 36, 近五百年来福建的家族社会与文化
19997767, 8.4, 31, 傲慢与偏见
01450644, 7.3, 66, 吴清源与他的兄弟
03403348, 7.3, 61, 春
06018186, 8.7, 24, オハナホロホロ 2
03272074, 8.3, 28, 北宋士族：家族·婚姻·生活
02335376, 8.5, 24, 戒指
06509828, 6.3, 145, 柳的四生
04020110, 6.8, 78, 教父复仇
01252573, 8.1, 27, 宋代婚姻家族史论
04246994, 7.6, 36, 充斥时间的记忆
03560918, 8.7, 19, 重力ピエロ
02000319, 8.8, 18, 二十世紀日本 : 從德川時代到現代
03567565, 7.3, 43, 中国宗族史
03561331, 7.5, 36, 宋代社会的空间与交流
01392823, 6.7, 70, 李鸿章家族
25925598, 6.3, 108, 红蝗
10571636, 8.9, 16, 中国伶人血缘之研究·明清两代嘉兴的望族
06827368, 7.1, 47, 中医不死！2，大结局
03557751, 9.4, 13, 優しい時間
27180277, 8.2, 22, 百年风雅
06711521, 6.0, 147, 中医不死
01963572, 6.8, 58, 希特勒家族
06433590, 7.9, 25, 第一家族
07155149, 7.3, 37, わがツン -わが家の長男ツンデレ社長- 1
06041923, 8.4, 18, 北斗有七星
01185819, 8.0, 22, 马亚一家
21358801, 7.8, 24, 江南.家族传奇
04026509, 8.2, 19, NOTHING TO BE FRIGHTENED OF
03176086, 7.8, 23, 魏晉南朝江東世家大族述論
03084574, 7.0, 39, 瓦格纳家族
01345450, 8.2, 18, 流轉之海
05951596, 7.0, 37, The Tiger&#39;s Wife
25940975, 6.9, 39, 丞相世家
26412074, 6.8, 42, 权力下的冰与火
04833769, 7.0, 35, 荣氏真相
02225624, 8.4, 15, 固原南郊隋唐墓地
07056929, 7.4, 26, 汉晋间社会阶层升降与历史变迁
01962404, 6.4, 58, 老钱
05435652, 7.7, 21, 呼家将
25827518, 7.7, 21, 东成西就
06084658, 8.3, 15, 細雪（上）
05442573, 9.0, 11, 六朝江东世族之家风家学研究
30232940, 7.3, 25, 贵胄
03067149, 6.7, 39, 在城市与乡村之间
03175674, 7.9, 17, 拓拔氏的漢化及其他
01799134, 8.6, 12, The Leopard
01776246, 8.2, 14, 精靈之屋
05500749, 6.8, 30, 弘明集
27148691, 7.1, 24, 家族往事
01478504, 7.5, 18, 梦回青河
26595450, 6.1, 53, 迷失哈瓦那
06794637, 7.5, 17, 我不可告人的鄉愁
01541565, 7.8, 14, 重庆火锅
03344571, 6.5, 33, 家与中国社会结构
06946793, 7.4, 17, 宗族的世系学研究
02160803, 6.8, 25, 長崎亂樂坂
01548124, 6.7, 26, 唐代三大地域文学士族研究
04119611, 8.0, 12, 宋代家族与文学研究
01922928, 8.1, 11, 古今姓氏书辩证
26985447, 5.9, 50, 忽如归
01968273, 7.4, 15, 张静江张石铭家族
01883374, 6.9, 19, 荣毅仁
06084661, 7.9, 11, 細雪（下）
30286652, 7.9, 11, 匡特家族
03376133, 7.4, 14, 无雨之城
01186670, 7.5, 13, 家族
01725454, 6.3, 29, 阿加西传奇
01607223, 7.8, 11, 血缘与地缘之间
05352152, 5.7, 53, 赚钱是一种信仰
02078759, 7.6, 12, 传统与转型
01270529, 6.6, 21, 宋代家庭研究
30288770, 7.5, 12, 三兄弟、哥哥的戀愛
25806835, 7.6, 11, 中国家族办公室
01151266, 6.7, 18, 林氏三兄弟
24283829, 6.9, 15, 蒋家门外的孩子
04260139, 7.2, 12, 欧洲最美的60座古堡
30383827, 6.4, 19, 赵小兰传奇
03354812, 7.0, 12, 蒋氏家族第三代生活纪实
24308823, 6.9, 12, 陈寅恪家族稀见史料探微
03106620, 6.4, 13, 家族战争
04288262, 6.3, 13, 宋代宗族和宗族制度研究
26629140, 6.3, 13, 神秘的东方贵族
24756990, 6.0, 14, 中国古代的家教
24294117, 5.5, 17, 美第奇的秘密
