2020-07-05 16:00:01

number of books, tag name
443, 寓言

ID, rating, votes, title
06082808, 9.2, 294575, 百年孤独
05363767, 9.2, 214996, 三体Ⅲ
01858576, 9.3, 31339, 一九八四
03608208, 8.5, 120386, 牧羊少年奇幻之旅
01767945, 8.8, 67475, 一只特立独行的猪
01786670, 8.9, 52345, 百年孤独
03808982, 9.3, 27258, 动物庄园
01066462, 8.4, 103238, 向左走·向右走
01003000, 8.3, 112845, 悟空传
04742918, 8.3, 111156, 1Q84 BOOK 1
01035848, 8.7, 44558, 一千零一夜
06789605, 9.1, 23065, 树上的男爵
01036274, 8.6, 51786, 夏洛的网
03815131, 9.4, 14560, 一九八四
24257229, 9.1, 22334, 鼠疫
01863930, 8.8, 34012, 看不见的城市
01018136, 9.1, 21044, 动物庄园
04908879, 9.4, 12171, 动物农场
01291809, 8.6, 37092, 世界尽头与冷酷仙境
02297697, 8.6, 34201, ZOO
01033778, 8.3, 58352, 富爸爸，穷爸爸
10555509, 9.0, 17483, 看不见的城市
03693974, 9.4, 9537, 小王子
01292416, 8.5, 36285, 香水
01346815, 8.4, 42440, 一個人住第5年
01056733, 8.3, 50627, 地下铁
01213546, 8.4, 40967, 变形记
03883991, 9.3, 9580, 动物农场
01257365, 9.0, 13345, 活了100万次的猫
01321789, 8.7, 21100, 美丽新世界
02046236, 9.4, 7508, 庄子
01021615, 9.1, 11161, 小王子（中英文对照本）
01986590, 9.1, 10567, 小王子
02158463, 9.2, 8361, 小王子
01424314, 9.4, 6419, 1984
01082150, 8.4, 28333, 白银时代
02046909, 9.2, 7982, 故事新编
02039931, 9.1, 8363, 小王子
02194123, 8.4, 24264, 相约星期二
01424313, 9.3, 5795, Animal Farm
01856025, 8.9, 8842, 道连·葛雷的画像
02340609, 9.1, 6668, 2001太空漫游
10555486, 8.7, 11174, 分成两半的子爵
01031740, 8.2, 25255, 寻羊冒险记
02334065, 9.4, 4309, 塔希里亚故事集
01860750, 8.4, 17417, 了不起的盖茨比
01794620, 7.8, 48450, 芒果街上的小屋
01066165, 9.3, 4306, 卡尔维诺文集（第三卷）
01329941, 8.6, 11208, 東京BABYLON (Vol. 1)
03608235, 8.5, 12866, 失物之书
26598807, 9.0, 6109, 人鼠之间
03025618, 9.4, 3678, 我们的祖先
04878745, 9.3, 4035, 动物农场
25798623, 9.3, 4029, 1984
02180619, 8.0, 28059, 偷书贼
01225983, 8.7, 8729, 万物简史
02359003, 8.2, 18865, 沉思录
01030200, 9.0, 5382, 失落的一角遇见大圆满
01370897, 9.2, 4154, The Little Prince
01914636, 8.4, 12783, 蛤蟆的油
01012032, 8.6, 8484, 查拉图斯特拉如是说
02278402, 9.3, 3213, 小王子
01079440, 8.1, 17527, 遇到百分之百的女孩
01851385, 7.9, 25133, 我的名字叫红
02042063, 8.4, 10349, 伊斯坦布尔
01926700, 7.7, 35875, 关于莉莉周的一切
04099464, 9.3, 3033, 一九八四
01059503, 9.1, 3803, 爱心树
01016486, 8.4, 9697, 笑忘录
02036561, 8.4, 9409, 城堡
01907739, 8.6, 6910, 当世界年纪还小的时候
02150587, 8.8, 4991, 向左走·向右走
26728835, 9.4, 2308, 动物农场
01045466, 9.3, 2455, 一九八四
01880823, 8.8, 4180, 格林童话
01032431, 9.0, 3068, 卡尔维诺文集（第五卷）
02161691, 8.3, 8018, 伊索寓言
01873900, 8.7, 4487, 变形记
05446490, 8.8, 3544, 宇宙奇趣全集
01076045, 7.7, 19941, 连城诀
01848193, 9.3, 1894, PLUTO 001
02296687, 8.5, 5080, 纸牌的秘密
05993314, 8.0, 10666, 安吉拉·卡特的精怪故事集
03111269, 9.2, 1966, 动物农场
01073333, 8.8, 3110, 我的妈妈是精灵
01880824, 8.6, 4034, 一千零一夜
10764013, 8.8, 3091, 克罗诺皮奥与法玛的故事
02281861, 9.1, 2025, 世说新语
01199026, 9.0, 2231, 小王子
01069885, 8.1, 7349, 你在天堂里遇见的5个人
01939182, 8.0, 8639, 美国众神
01700474, 9.3, 1496, The Little Prince
01034108, 7.2, 38502, 零下一度
01054181, 8.8, 2441, 牧羊少年奇幻之旅
01163327, 8.9, 2101, 列那狐的故事
03608170, 8.0, 7261, 我想吃一个小孩
01867642, 7.6, 14224, 世界是平的
01066463, 8.6, 2919, 我是钱
01021056, 7.1, 37959, 谁动了我的奶酪？
01490045, 9.2, 1359, 小王子
05326849, 8.1, 5445, 奥杜邦的祈祷
02340610, 8.8, 2069, 2010太空漫游
03871911, 8.3, 3957, 大树
27187557, 9.3, 1132, 动物农场
02225735, 7.9, 6606, 谁动了我的奶酪？
24371382, 9.2, 1181, 动物庄园
02149682, 8.5, 2539, 遇見未知的自己
06743298, 8.8, 1734, 经济为什么会崩溃
01342175, 8.7, 1893, The Alchemist
02065564, 8.1, 4205, 一日重生
02008406, 8.2, 3548, 红楼梦魇
26575658, 7.8, 6278, 被掩埋的巨人
01276479, 8.9, 1384, 发达资本主义时代的抒情诗人
27077957, 8.5, 2103, 红拂夜奔
02258369, 9.0, 1164, 小公主
01626883, 8.2, 2893, 阅微草堂笔记
02133556, 6.9, 28661, 光荣日（第一季）
01079945, 8.1, 3141, 生化保姆
04722180, 7.7, 5786, 谁动了我的奶酪?-纪念版
04125911, 8.1, 2981, 蝇王
02170030, 8.1, 2974, 白鲸
06010144, 8.3, 2181, 动物寓言集
02160292, 8.1, 2856, 神谕之夜
03606804, 8.2, 2448, 徒然草
02036835, 9.1, 821, 意大利童话
01982096, 8.3, 2034, 关于来洛尼亚王国的十三个童话故事
04253335, 8.7, 1212, 坎特维尔的幽灵
26953603, 8.5, 1520, 全民审判
01439746, 9.1, 761, 奇诺之旅II
01075245, 8.9, 915, 蚂蚁
01071874, 9.2, 670, 士兵
01851192, 9.1, 661, Superman
02057291, 8.1, 2102, 守夜人
01748903, 8.9, 769, 禅说
01439750, 9.1, 620, 奇诺之旅III
01316652, 9.2, 559, 王尔德作品集
01439751, 9.3, 505, 奇诺之旅IV
05347700, 7.8, 2934, 我坐在彼德拉河畔，哭泣
06902244, 8.7, 916, 明朝那些事儿·第5部
06808941, 8.0, 2107, 七日谈
01959339, 9.1, 582, 巨人的花园（中英双语）
01077497, 7.2, 7525, 水煮三国
25773651, 9.1, 576, 白痴
01067592, 8.6, 962, 要塞
02042967, 8.3, 1346, 木偶奇遇记
02364616, 8.5, 930, 伊索寓言
03418469, 7.6, 3092, 怪谈
01331441, 8.6, 821, 牧羊少年奇幻之旅
01381186, 9.2, 444, 奇诺之旅Ⅵ
01291231, 8.2, 1266, The Curious Incident of the Dog in the Night-Time
01381508, 9.3, 397, 奇诺之旅Ⅶ
01257342, 8.2, 1258, 爱丽丝梦游仙境
02032280, 8.5, 875, 伊索寓言
01775620, 9.3, 374, 奇诺之旅Ⅸ
04109194, 8.4, 883, 为自己出征
26760537, 8.8, 571, 给孩子的动物寓言
01370222, 9.2, 389, 奇诺之旅Ⅷ
10604943, 8.2, 1107, 爱情半夜餐
01367245, 9.1, 415, 人子
11602692, 9.2, 361, 动物庄园
03824761, 8.4, 799, 牡蠣男孩憂鬱之死
34797741, 9.6, 257, 進擊的巨人 29
01228700, 7.9, 1411, 爱丽丝漫游奇境记
01326838, 9.4, 291, 纪伯伦散文诗经典
02082380, 7.8, 1600, 失窃的孩子
03095195, 9.4, 284, 奇諾之旅 Ⅹ
01271579, 7.5, 2367, 礼物
01732998, 8.9, 417, 傻瓜吉姆佩尔
01082725, 7.8, 1423, 一分钟经理人
01316639, 8.4, 673, 海邊的卡夫卡（上）
01345431, 9.3, 284, 失物招領
01023186, 8.0, 1068, 海鸥乔纳森
01032621, 7.9, 1181, 世界上最伟大的推销员
01771267, 7.5, 2077, 熬至滴水成珠
26931338, 8.9, 373, 动物农场
26294048, 7.5, 1824, 黑羊
02147980, 8.7, 425, 艾瑪 1
01960031, 8.8, 384, 铁皮鼓
06534895, 8.1, 754, 走了一万一千里路
27115929, 9.1, 259, 动物农场
20380988, 8.0, 780, 众生安眠
01067625, 7.9, 837, 成长是一种美丽的疼痛
01937055, 8.4, 468, 蝇王
01933497, 8.3, 516, 一只会开枪的狮子
02070587, 8.5, 415, 我坐在琵卓河畔
02146824, 7.7, 1001, 新人生
03608659, 8.1, 590, 很禽兽
06840922, 8.7, 316, 花盼
02076915, 9.1, 219, 列那狐的故事
27116268, 8.3, 456, 牧羊少年奇幻之旅
01776490, 8.3, 448, Alice in Wonderland
02136734, 8.9, 250, The beautiful World 黒星紅白画集
26628823, 6.7, 4427, 图书馆奇谈
20375513, 9.2, 192, 桤木王
01772103, 8.2, 481, 再造“病人”
05939282, 8.7, 291, 世界上最大的房子
01795382, 8.0, 596, 上海寓言
01962648, 8.5, 349, 人行道的尽头
26606403, 8.8, 264, 美丽新世界
01962649, 8.4, 382, 向上跌了一跤
10573947, 9.5, 150, 无死的金刚心
03574690, 7.6, 967, 小导演失业日记
01288420, 9.0, 218, 小王子
25711585, 9.0, 216, 莎拉珊德
01221710, 7.6, 927, 塞莱斯廷预言
01659189, 9.0, 210, 一千零一夜（全八册）
01337291, 7.3, 1360, Who Moved My Cheese?
30237822, 8.5, 321, 大问题
01085245, 8.0, 530, 天路历程
01792544, 9.5, 137, 我一次只为一天的生活担忧
01337027, 9.2, 170, 小王子
25891097, 9.0, 197, 动物农场
26290039, 8.2, 403, 10½章世界史
03725128, 7.9, 555, 新夏娃的激情
01146290, 9.2, 162, 小王子
01994618, 9.2, 158, 倒长的树
06097359, 7.9, 524, 花与舌头
01861312, 7.9, 480, 冰山在融化
02301012, 7.7, 607, 一个岛的可能性
01097836, 8.0, 424, 伊索寓言全集
05336245, 7.3, 1005, 失落的玫瑰
01990928, 9.1, 152, The Alchemist
02003633, 9.5, 112, 365夜故事（下）
01843486, 7.6, 646, 浮城
26881625, 8.4, 267, 标本师的魔幻剧本
01048798, 8.5, 237, 蝇王
03550470, 7.9, 413, 孔雀翎
26945674, 8.7, 184, 狐狸与星
01931103, 8.8, 168, かってに改蔵 VOL.01
25828275, 8.9, 150, 查拉图斯特拉如是说
01702622, 8.7, 175, 笑面人
25880788, 8.8, 161, 皮埃尔或夜的秘密
01145497, 8.0, 325, 伊索寓言
01066281, 8.2, 262, 魔鬼与普里姆小姐
02060483, 7.8, 393, 克雷洛夫寓言
01226368, 8.6, 175, 元史学
03605656, 8.0, 304, 雛菊的人生
02342441, 8.4, 201, Lord of the Flies
01050645, 9.0, 122, 沃特希普荒原
01055629, 8.2, 235, 德国悲剧的起源
02139204, 7.2, 742, 天使坠落的城市
10539951, 9.4, 87, 森林大熊
24749445, 9.5, 80, 世界文学名著典藏·动物农场
01967977, 8.3, 189, 不是第四本書
26961674, 9.3, 86, 老张的哲学 猫城记
02046281, 7.5, 425, 大道至简
01065102, 8.3, 183, 鲵鱼之乱
02154597, 7.4, 453, 午夜善恶花园
01020475, 8.1, 201, 克雷洛夫寓言全集
20419249, 7.6, 331, 海鸥乔纳森
26640963, 9.4, 72, Animal Farm
26307569, 8.6, 126, 先知 沙与沫 流浪者
19963456, 7.5, 364, 忽至森林深处
03719221, 7.8, 249, 我们街区的孩子们
03381354, 8.2, 168, 寂寞吗雪人
02064746, 8.3, 147, Jonathan Livingston Seagull
04864981, 8.5, 119, 西夏咒
26628808, 7.8, 223, 巴比伦最富有的人
20452722, 8.4, 125, 伊藤潤二愛藏版 06
03550480, 7.8, 214, 離別鉤
26802210, 9.3, 65, 动物农庄
03782162, 7.6, 260, 七種武器（四）七殺手／拳頭——古龍精品集
03550493, 7.6, 257, 碧玉刀
03746261, 8.2, 140, 过冬的老鼠
03550483, 7.7, 223, 多情環
24296283, 9.1, 69, 熊梦蝶·蝶梦熊
01921928, 7.6, 237, 在海拔壹万叁仟米的地方
03597826, 7.9, 169, 列那狐的故事
04881511, 7.5, 254, 伊索寓言全集
26816129, 8.9, 75, 五卷书
26861067, 8.1, 137, 夜莺与玫瑰
01340671, 8.6, 91, 為自己出征
01094321, 8.3, 111, 通天塔
02242192, 8.6, 88, Aesop&#39;s Fables
02066444, 8.6, 86, 拉封丹寓言全集
02127090, 7.6, 199, 倾诉
01271597, 8.4, 97, 编程之道
02122427, 7.8, 162, 百喻经
26939975, 9.5, 47, 是你吃了狒狒吗？
01593118, 8.6, 82, 老人与海
01458702, 7.2, 300, 誰搬走了我的乳酪
02070293, 7.2, 289, 看得见风的男孩
26880781, 8.3, 98, 最後安慰
01291531, 8.3, 97, 当小燕鸥无法飞翔
01664110, 8.3, 97, 伊索寓言全集
03100152, 8.8, 66, 杀手正传
01064439, 7.8, 137, 似非而是
01923451, 7.7, 148, 天路历程
01291986, 7.6, 162, 小故事大道理全集
26916897, 8.5, 73, 阅读计划：伊索寓言
10761532, 8.0, 107, 宝藏
01851301, 7.2, 235, 江湖中国
26821741, 8.8, 58, 木偶奇遇记
35012385, 9.2, 45, 讲了100万次的故事·挪威（全两册）
03099309, 9.4, 40, 動物農莊
30346620, 8.2, 86, 列那狐的故事
27077147, 8.1, 93, 英雄与恶徒
03550489, 7.2, 221, 霸王槍
05027300, 9.1, 44, 人子
01345921, 8.3, 74, 無有鄉
26647903, 8.4, 68, 爱的学徒
01084411, 8.7, 55, 伊索寓
27004531, 8.1, 83, 群鸟的集会
26282866, 9.3, 38, 动物农场
26641574, 9.4, 35, 鸭子与猫头鹰
26584273, 6.8, 300, 动物农场
27005568, 9.5, 33, 我爱读经典：拉封丹寓言71篇
02040610, 8.2, 73, 佛本生故事选
01117339, 7.9, 90, 伊索寓言
01104591, 8.1, 73, 以美为光
01757676, 8.7, 48, Fear and Trembling
01944928, 8.5, 54, 拉封丹寓言诗选
25813156, 8.7, 47, 平面國
26766170, 8.3, 59, 澳洲动物寓言集
02143120, 9.7, 26, 奇奇怪怪国
03426653, 8.0, 68, 林清玄解百喻经
24856618, 8.7, 42, 南瓜和尚
02180357, 9.0, 35, 小王子
25754417, 6.7, 244, 碎前故事
20507367, 5.7, 1329, 动物农场
01890170, 9.0, 34, 陈文丁画之百喻图
03541256, 9.1, 32, 动物庄园
01344928, 8.1, 59, Good Luck
03007503, 8.2, 54, 国学经典-郁离子
01093805, 8.1, 55, 以爱为灯/人生寓言系列丛书
03422462, 6.5, 268, 威士忌猫咪
27625562, 7.5, 87, 伊索寓言
11520569, 7.2, 115, 翅鬼
02064482, 6.7, 202, 绵羊破案记
26757566, 8.5, 41, 谁的牙齿
26958656, 9.6, 23, 少儿哲学丛书
02152286, 9.1, 29, 罗念生全集：第六卷：《醇酒·妇人·诗歌》《伊索寓言》
01920069, 7.9, 61, 蝇王
01546926, 8.4, 42, 佛本生故事选
06873349, 9.1, 28, 伊索寓言
01005416, 7.6, 73, 经济学的著名寓言
27044600, 7.7, 67, 快乐王子
04083382, 8.5, 37, The Pilgrim&#39;s Progress
03692853, 9.4, 23, 寓言选(增订本)
06855376, 8.1, 45, 我动了你的奶酪
02783114, 8.4, 37, 杂譬喻经译注
34778572, 8.7, 31, 动物寓言集
01033539, 7.7, 60, 让幸运来敲门
01944822, 9.0, 26, THE PROPHET
30396711, 7.9, 50, 海鸥乔纳森 ( 精装彩绘版）
02341181, 9.5, 20, 悲惨世界
01666586, 8.9, 26, Red Mars
02334990, 8.8, 27, Nielsen&#39;s Fairy Tale Illustrations in Full Color
01770299, 7.4, 69, 花样女人
03675642, 8.0, 43, 克雷洛夫寓言全集
01915946, 7.2, 80, 猫的哲学
01914739, 6.7, 127, 请记住
01144819, 8.6, 28, 旅鼠的困境
01019285, 9.4, 19, 伊索寓言/彩图外国寓言名著
02299002, 8.2, 35, 卡里来和笛木乃
02222888, 6.9, 100, 思想门：先秦诸子解读
01022554, 7.6, 53, 寓言的密码
25916759, 7.4, 60, 野狐岭
02002917, 7.9, 41, 谢德林童话集
01072348, 7.2, 69, 橡皮泥大盗
01058756, 8.7, 24, 时间之谜
30222961, 8.4, 28, 很久很久以前
01535598, 8.2, 31, 五卷书
03658557, 8.0, 35, 莱辛寓言
01261838, 8.1, 31, 天使只在夜里哭
02297214, 8.9, 20, 一千零一夜
04194266, 8.9, 20, 中国古代寓言
26108175, 9.0, 18, 丹尼弗先生是个大富翁
27032567, 7.7, 37, 好团队激活个人
02052523, 8.4, 23, 小國王十二月
01399303, 7.3, 47, 百喻经
01423484, 7.7, 34, 快乐书
03167720, 8.6, 20, 寓林折枝(上、下册)
01739462, 9.2, 15, Blindness and Insight
02993973, 9.2, 15, 365夜寓言
30230635, 8.9, 17, 别笑，我是认真的
01232533, 8.4, 21, 想并说着
03746452, 8.4, 21, 狮子和老鼠
01316937, 7.0, 54, 伊夫·克莱因
03147104, 7.6, 33, 真正的高贵
01050292, 8.0, 25, 郁离子
02025730, 8.0, 25, 百喻经译注
01222333, 9.4, 13, 做并思着
01802083, 8.3, 20, 流浪者
25819039, 8.4, 19, 白乌鸦的故事
02014953, 7.5, 32, 贝洛童话
03147103, 7.4, 34, 为什么我会在这里
01752748, 9.0, 14, The Lion
01750702, 8.8, 15, 克雷洛夫寓言全集
01069355, 7.5, 30, 克雷洛夫寓言精选
01919415, 7.6, 28, 佛是一棵树
03797500, 7.8, 24, 伊索寓言
03127203, 6.5, 63, 鼠述
25811146, 7.9, 21, 哈佛百年经典第01卷：民间传说与寓言
06789823, 7.0, 38, 第九只兔子2
04833541, 6.9, 41, 书立方系列品读经典
04230496, 8.0, 19, 无法苏醒
01010231, 8.2, 17, 拉封丹寓言诗选
01931357, 7.8, 21, 人文动物园
25775992, 6.9, 38, 傻瓜伊凡 注释世界语读物
02080062, 7.9, 19, 克雷洛夫寓言精选
01014592, 7.8, 20, 莱辛寓言
01037271, 7.8, 20, 凯里来与迪木奈
01055786, 6.8, 39, 树獭该往何处去
23779352, 8.3, 15, 伊索寓言
30365627, 8.8, 12, 罗马人的伊索寓言
01013376, 6.7, 37, 一封来自天堂的信
03445321, 8.4, 13, 历代寓言选（上、下册）
06110327, 7.2, 25, 伊索寓言
10559459, 7.6, 19, 毒吐姬與星之石
01084400, 7.0, 28, 中国古代寓言故事
22994552, 7.3, 21, 拉封丹寓言选
01119790, 7.0, 25, 一只狗的品牌见解
24838965, 7.2, 21, 幸运先生和不幸女士
10539992, 6.7, 30, 伊索寓言
01199553, 7.1, 22, 动物公司
05353674, 8.2, 12, 克雷洛夫寓言
01277208, 7.2, 20, 其实
01058173, 6.7, 28, 101个影响世人思想的经典寓言
26898590, 6.9, 24, 鲑鱼
03431942, 7.6, 15, 故事篓子
01055353, 7.4, 16, 南平寓言
01053209, 6.7, 25, 寓画
02256192, 6.6, 27, 孩子，你真棒！
02281061, 6.8, 22, 藏在故事后面的心灵
03576850, 7.2, 16, 中华人民共和国食品安全法
26585190, 7.3, 15, 卢卡诺伯爵
01276748, 7.2, 15, 伊索寓言的人生智慧
25920331, 6.5, 24, 动物日记
04830456, 7.3, 14, 飞越地平线
03914606, 6.7, 20, 威利和乔
25807324, 7.4, 13, 拉封丹寓言诗全集
01248727, 6.2, 26, 大鱼吃小鱼
26919364, 5.3, 35, 当代寓言集
07056967, 6.2, 13, 谁动了我的老鼠
01227820, 0.0, 10, 领导力药片
02194752, 0.0, 10, 达·芬奇寓言故事
01934846, 0.0, 11, 杜鹃岛上的爱与幻想
04836592, 0.0, 13, 伊索寓言全集
01800122, 0.0, 15, 蒙面叢林
26826173, 0.0, 15, 迷失山海之寻找
26851677, 0.0, 17, 致郁系女孩和消失的头骨
32567720, 0.0, 17, 快乐读书吧丛书（人教版）：中国古代寓言 三年级下册
