2020-07-05 16:00:01

number of books, tag name
428, 小学

ID, rating, votes, title
01068920, 9.3, 158306, 飘
01019568, 9.3, 122049, 三国演义（全二册）
01085860, 9.0, 100576, 基督山伯爵
01449351, 8.9, 90234, 呐喊
01209899, 9.1, 59159, 我与地坛
01204889, 9.5, 28537, 机器猫哆啦A梦23
01064275, 8.4, 155623, 老人与海
01043815, 8.4, 151825, 骆驼祥子
01029553, 8.9, 58699, 西游记（全二册）
01060852, 8.9, 54734, 呼兰河传
01022060, 8.2, 146118, 狼图腾
01024197, 8.4, 90709, 巴黎圣母院
01035848, 8.7, 44558, 一千零一夜
01036274, 8.6, 51786, 夏洛的网
01013380, 8.2, 107432, 茶花女
01358873, 8.6, 45605, 月亮忘記了
01205370, 8.2, 86294, 羊脂球
01056733, 8.3, 50627, 地下铁
01258498, 8.4, 40249, 项链
01388169, 8.7, 21658, 乱马1/2
02160226, 9.2, 9797, 快乐王子
01941301, 9.3, 8455, 365夜故事（上下）
05437113, 9.1, 10733, 窗边的小豆豆
01001896, 9.2, 7050, 新华字典（1998年修订本）
01028270, 8.8, 11467, 舒克和贝塔历险记
01004088, 9.0, 8175, 长袜子皮皮
01784153, 9.4, 4439, 安徒生童话
01483522, 9.3, 4843, 365夜
01007772, 8.3, 18853, 双城记
01026425, 7.4, 108284, 三重门
01880992, 8.5, 12435, 老人与海
02271450, 8.6, 10284, 镜·神寂
01083477, 8.1, 22174, 包法利夫人
01275608, 8.7, 8090, 神秘岛
01878265, 9.1, 4605, 安徒生童话
01016300, 7.1, 161990, 梦里花落知多少
01083434, 8.7, 7130, 莫泊桑短篇小说选
01031741, 7.8, 30925, 欧也妮·葛朗台
01024217, 7.4, 55654, 第一次的亲密接触
01210303, 8.9, 4239, 名侦探柯南1
01013469, 8.7, 5340, 战争与和平（全四册）
01275907, 8.3, 8888, 八十天环游地球
01430530, 8.3, 8831, 汤姆叔叔的小屋
02130986, 8.3, 8478, 美少女战士（全18卷）
30288379, 9.1, 2392, 有呀有呀书店
01090575, 8.6, 4350, 金拇指
01028693, 8.1, 8639, 骆驼祥子
01030469, 8.3, 6246, 青鸟
01073333, 8.8, 3110, 我的妈妈是精灵
01024889, 8.6, 3993, 大灰狼罗克
02069606, 9.2, 1882, 皮皮鲁和鲁西西
04061972, 8.4, 5157, 狼王梦
01491317, 9.1, 2023, 皮皮鲁和罐头小人
01009285, 7.7, 14695, 童年
01092965, 8.3, 5232, 智齿
01023882, 8.5, 3754, 病菌集中营
01010898, 7.7, 11779, 格列佛游记
01285961, 8.4, 3429, 根鸟
01201835, 9.4, 1000, 文字学概要
01064532, 8.5, 2810, 秘密花园（2册）
03090693, 9.5, 880, 小学生十万个为什么
01087758, 7.3, 19657, 花季雨季
01204884, 9.2, 1144, 超长篇机器猫哆啦A梦9
01064862, 8.1, 4446, 男生贾里  女生贾梅
01009938, 7.8, 7021, 封神演义
02193881, 8.2, 3543, 汤姆·索亚历险记
01022341, 8.2, 3511, 白客
01888031, 7.8, 6186, 格列佛游记
01032762, 8.0, 4406, 狱门岛
01070380, 9.1, 1061, 古代汉语（第三册）
01204911, 8.8, 1454, 洋葱头历险记
01318422, 8.5, 1954, 假小子戴安
27135212, 8.7, 1428, 杨红樱笑猫日记
01022702, 8.2, 2569, 小丫林晓梅
01007396, 8.3, 2198, 男生日记
01816104, 8.4, 1718, 保姆狗的阴谋
01885229, 8.2, 2225, 爱的教育
01438098, 9.6, 462, 说文解字注
01491319, 8.7, 1103, 皮皮鲁和教室里的隐身人
02994181, 7.9, 2837, 钢铁是怎样炼成的
01032764, 7.7, 3739, 小时候就在想的事
01456628, 9.3, 518, 长袜子皮皮的冒险故事
01085038, 8.4, 1293, 水孩子
25660994, 9.6, 379, 文字学概要（修订本）
01207993, 7.9, 2401, 鬼车
01083032, 8.1, 1767, 气球上的五星期
01063733, 8.5, 1059, 神秘的女老师
01033848, 7.8, 2587, 第二届全国新概念作文大赛获奖作品选
01436119, 8.9, 654, 训诂学
06528570, 9.1, 517, 红飘带狮王
01683352, 9.3, 419, 古籍版本学
01034898, 8.0, 1708, 十七岁不哭
01063627, 8.7, 728, 安妮的日记
01035476, 8.6, 800, 巴黎圣母院
02032280, 8.5, 875, 伊索寓言
10743575, 9.6, 306, 古文字学简论
01036067, 6.5, 22184, 那小子真帅
01033790, 6.9, 8647, 狼的诱惑
01032777, 9.2, 377, 喜乐与我
01004383, 9.0, 445, 威斯汀游戏
01067030, 8.7, 591, 西游记――西天取经
01011290, 8.2, 1007, 中华上下五千年
01248685, 8.1, 1085, 同桌冤家
05038469, 9.1, 376, 杨梅
01084538, 8.7, 546, 小妇人
02052751, 9.3, 312, 遥远的风铃
01030699, 7.0, 5705, 繁星春水
01946712, 9.3, 301, 一千零一夜精选
01258406, 8.9, 428, 细说汉字
01313582, 8.6, 575, 千亿个太阳
04923845, 8.5, 625, 混血豺王
01069628, 6.7, 9446, 那小子真帅2
01314463, 9.3, 273, 古书疑义举例五种
01073045, 8.5, 567, 汤姆·索亚历险记
01034479, 6.5, 13033, 我为歌狂
02087603, 8.4, 610, 阿衰on line
01031839, 8.3, 591, 鬼狐仙怪――聂小倩.杜子春
01032562, 9.4, 211, 一千零一夜连环画(上下全）
01036290, 6.5, 10074, 校服的裙摆
01014723, 9.2, 243, 小淘气
01035822, 9.0, 282, 黛西之歌
01292310, 7.4, 1736, 说岳全传
01028540, 7.8, 947, 冰心散文
01290673, 8.0, 732, 十六岁少女 孤女俱乐部
02268837, 9.5, 178, 东周列国故事新编（全二册）
03132594, 7.9, 781, 鸡皮疙瘩：死亡古堡·神秘实验室
03228066, 7.7, 996, 红岩
04923842, 8.3, 483, 双面猎犬
10439936, 8.6, 351, 残狼灰满
01076439, 8.4, 426, 海底两万里
27106800, 8.6, 347, 欢迎来到一年级：幼小衔接家长手册
01077965, 8.4, 404, 水浒传--英雄好汉的本色
01181277, 9.4, 169, 四大名著（全四册）
01028735, 7.7, 876, 歌剧院的幽灵
01082820, 6.5, 6243, 无往而不胜的童话
01082821, 6.4, 6929, 水晶般透明
05404956, 8.7, 245, 一百条裙子
01030932, 8.6, 262, 我的故事讲给你听
01008098, 8.8, 204, 小老鼠漂流记
01205329, 8.8, 198, 小布头奇遇记
01036753, 6.5, 3983, 爱上爱情
01024158, 7.8, 495, 天棠街3号
01204485, 7.9, 433, 蓓根的五亿法郎
01322254, 8.3, 282, 中国文字学
11639758, 9.9, 83, 裘錫圭學術文集（全六卷）
01007485, 8.7, 184, 花颈鸽
06517170, 8.3, 256, 文字侦探
01399660, 8.7, 177, 国故论衡
01066746, 7.4, 698, 魔血・倒霉相机
01091881, 8.4, 230, 雷神庙寻宝之旅
01289012, 9.5, 94, 宋本广韵
01070154, 8.8, 151, 中国出土古文献十讲
01066776, 9.2, 110, 古书句读释例
01445825, 6.5, 2423, 糖衣
01289995, 7.3, 611, 毛孩复原记·海岸游魂
02282214, 7.8, 330, 大宇神秘惊奇系列11-15
20473537, 8.4, 177, 古文字學初阶
01050451, 9.4, 83, 金文编
02155800, 8.6, 147, 古文献学四讲
03083492, 8.8, 125, 你是我的宝贝
03413781, 7.7, 321, 鸡皮疙瘩：果冻营历险·雪怪复活
02412249, 9.2, 86, 罗克和返老还童丸
01520510, 8.6, 129, 天吃星下凡
10527097, 8.6, 129, 中国历史上的纪年
01046816, 7.3, 478, 古墓毒咒・魔镜隐身记
05275522, 9.2, 82, 汉字古音手册（增订本）
11520705, 9.6, 63, 一年级大个子二年级小个子
01492897, 9.1, 85, 变身狗
01066807, 8.7, 112, 尔雅译注
01091890, 7.9, 225, 大雪怪
01083207, 7.4, 389, 风干骷髅头・草坪矮人精
03141960, 9.4, 68, 世界童话精选百篇
11633535, 8.1, 181, 大鱼之道
04322277, 9.2, 76, 音韵学概论
11606358, 8.9, 93, 小学生新华同义词近义词反义词组词造句多音多义易错易混词典
24845047, 8.5, 121, 说文解字
01216329, 8.2, 155, 朝花夕拾
01489175, 8.4, 130, 宝葫芦的秘密
10464301, 7.6, 278, 没头脑和不高兴
01100147, 8.3, 139, 老舍小说选
26467490, 9.0, 80, 汉字构形学导论
27192084, 8.4, 124, 我家有个小学生
03216936, 9.6, 54, 古今字音对照手册
05376509, 8.6, 102, 爾雅注疏
01547515, 9.4, 59, 经传释词
01083208, 7.6, 245, 无头幽灵 木偶惊魂Ⅲ
01313401, 9.5, 53, 秦文君花香文集：剑兰卷
04602358, 9.5, 53, 精编小学生十万个为什么(平装)(全四册)平修订
02235855, 9.4, 55, 殷周金文集成(修订增补本共8册)(精)
02350193, 8.9, 75, 乱世少年
02982768, 8.9, 75, 罗克和八字论文
01529986, 9.3, 57, 中国成语故事
03077857, 9.2, 60, 我和我的影子
30141137, 9.4, 52, 訓诂方法論
02980588, 9.1, 62, 罗克和神圣考察
01030246, 8.2, 116, 小香咕和男孩毒蛇生日会
01344856, 9.0, 64, 警犬拉拉
03134556, 9.1, 60, 国故论衡疏证
24752447, 9.1, 59, 汉语音韵
01277945, 7.3, 272, 深海奇遇·稻草人夜行
01007562, 5.8, 3408, 哈佛女孩刘亦婷
03132493, 8.4, 93, 海底两万里
02302270, 8.9, 65, 神笔马良
01219414, 7.8, 153, 班主任兵法
30185272, 9.5, 45, 训诂学的知识与应用
02013315, 8.6, 77, 一年级的小豌豆
01162574, 9.4, 46, 广雅疏证
01606396, 9.1, 54, 古代文史研究新探
01727367, 8.9, 61, 说文解字注
01047705, 8.1, 106, 天方夜谭
01529560, 7.8, 138, 乌龟也上网
15072506, 9.1, 52, 白鱼解字
03239731, 9.2, 48, 神精榜7
02980840, 8.1, 101, 罗克练摊记
05391066, 9.4, 42, 汉语音韵讲义
19980221, 8.0, 103, 米小圈上学记
01007538, 7.5, 162, 古墓毒咒Ⅱ・厄运精怪
05976455, 9.0, 50, 说文新证
19980219, 6.7, 417, 米小圈上学记
01702675, 9.5, 37, 经籍籑诂(上下)(精)
03220099, 9.3, 41, 古诗文词义训释十四讲
24855513, 9.0, 48, 上古音手册（增订本）
01041711, 9.4, 38, 说文通训定声
02304441, 8.7, 57, 秦文君初爱
02135348, 9.2, 42, 古韵通晓
01018490, 7.7, 123, 魔血3・命运之钟
06435110, 8.8, 53, 奇妙的数王国
06851217, 9.1, 44, 汉语音韵学
25720782, 9.0, 46, 字源（全3册）
01048526, 7.2, 186, 三遂平妖传
19980218, 7.7, 111, 米小圈上学记
03177454, 9.5, 33, 经传释词
02377204, 8.7, 51, 顾千里集
01836581, 7.5, 129, 同桌的距离有多远-青春本是无忧年华少年岂能轻言苦难
25987891, 9.5, 32, 古語文例釋（修訂本）
03100548, 7.8, 97, 神精榜
03036676, 9.6, 30, 切韵音系
26348885, 9.2, 36, 训诂方法论
27025526, 8.5, 54, 作文九问 跟特级教师蒋军晶学写作妙招（基础篇）
01884975, 8.9, 42, 古文字构形学
30325941, 9.4, 32, 论语研读
26321299, 8.4, 57, 古文字学
30232827, 9.1, 37, 喝月亮的女孩
01041757, 9.2, 35, 说文解字系传
06977537, 9.0, 39, 中国文字学
10464298, 8.5, 52, 大大大和小小小历险记
03291115, 9.2, 34, 孙敬修演讲故事大全
02973882, 6.1, 701, 恶魔的法则Ⅳ·大结局
04712051, 8.9, 39, 古文字学纲要
02010244, 9.3, 31, 说文解字义证
02239935, 9.0, 36, 尔雅音训
01444046, 8.1, 64, 蓬蓬裙春天降落
01751246, 8.1, 64, 商周金文
01069354, 8.3, 55, 王欣夫说文献学
01974827, 8.8, 40, 汉语音韵研究教程
03013735, 9.4, 29, 說文解字（附檢字）
02343032, 8.6, 45, 神精榜
26582997, 8.7, 42, 注音版说文解字
03245541, 9.6, 26, 陈澧集（全六册）
02007118, 7.2, 132, 人类神秘现象全记录
04835830, 9.1, 32, 非常气候求生记 1 我的第一本科学漫画书 23
01948614, 5.9, 817, 壁花小姐奇遇记2
02013041, 6.1, 537, 214度恶龙王子3
04254383, 7.3, 111, 仙劍奇俠傳 第一卷
03239733, 8.7, 38, 神精榜8
04086949, 9.1, 30, 狼灌河
30406194, 8.1, 55, 说文解字十二讲
02343033, 8.6, 39, 神精榜
03021831, 8.0, 57, 白玉老虎（全三册）
01155650, 8.5, 40, 甲骨文编
01420397, 10.0, 19, 唐五代韵书集存（上下）
02343125, 8.3, 44, 神精榜2
02322493, 9.6, 22, 中國語言文字研究叢刊（第二輯）
04263994, 9.6, 22, 古辞辨
01416135, 8.5, 38, 方言校笺
03100547, 7.8, 60, 神精榜
03992266, 9.4, 23, 旧学辑存（上下）
24700837, 8.2, 43, 米小圈上学记
01060200, 8.6, 33, 上古汉语的辅音系统
01827555, 8.2, 41, 说文解字导读
03817521, 8.5, 34, 泡面超人-01
25864541, 8.4, 36, 《说文》学导论
03464370, 8.1, 43, 训诂学概论
03661665, 9.5, 20, 别了语文课
01854222, 8.6, 31, 天生的英雄.火龙的报复-屠龙学校1
01127780, 8.0, 45, 汉字源流字典
02981650, 8.4, 34, 小香咕新传
01013423, 8.5, 32, 汉语等韵学
05938941, 9.1, 23, 新编训诂丛稿
19980220, 7.5, 62, 耗子是条狗-米小圈上学记
02245424, 8.9, 25, 说文解字
02291480, 8.9, 25, 古文字谱系疏证（全4册）
01219694, 8.4, 32, 周祖谟文字音韵训诂讲义
26415575, 9.0, 23, 窦桂梅：影响孩子一生的主题阅读.小学二年级专用
04760858, 8.4, 31, 汉语语音史讲话
30355981, 9.5, 18, 古漢語詞義答問
01809844, 6.1, 272, 1年3班恶男军团
06810559, 9.6, 17, 音韵学读本
01704609, 8.3, 32, 中国语言学史
01881218, 9.0, 22, 說文箋識
01005276, 8.4, 30, 女孩的故事
01624835, 7.3, 65, 儒林外史
01964792, 8.7, 25, 词诠
24879439, 7.8, 43, 中国古文字学导论
03192284, 8.4, 29, 中国古典文献学的理论与方法
11633533, 7.5, 53, 动物小说大王沈石溪品藏书系
30217231, 10.0, 14, 请剪掉这本书
03852898, 8.1, 34, 小论文写作7堂必修课
01746118, 9.2, 19, 说文五百四十部首正解
03758206, 8.7, 23, 知音漫客丛书 神精榜 11
26909784, 9.3, 17, 经义述闻（全四册）
10807394, 8.8, 21, 过去的小学
02243251, 8.7, 22, 甲骨文选注
11542969, 8.6, 23, 狼獾河
06432547, 8.1, 30, 汉语语音史教程
01832742, 8.0, 31, 中国语文札记
01583613, 8.6, 22, 汉字学概要
02080613, 8.6, 22, 汉语音韵
03074457, 9.3, 16, 经传释词札记
03033907, 8.9, 19, 嘉定钱大昕全集
02278645, 8.5, 23, 音韵学初步
01161331, 8.4, 24, 说文解字校订本
02252255, 9.1, 17, 蓝色钟声的诱惑
06534484, 8.1, 28, 古文字与古文献论集
04171074, 8.7, 20, 神精榜-14
03037400, 8.5, 22, 油畫
03036701, 9.0, 17, 汉语音韵学导论
02174633, 7.8, 32, 说文部首形义新证
01132074, 7.9, 30, 弄堂女孩
25904364, 8.2, 25, 数学原来可以这样学
02308513, 8.6, 20, 积微居小学金石论丛
20271284, 8.7, 19, 方言存稿
03606154, 9.4, 14, 说文新证
01825432, 8.8, 18, 童趣逻辑
03344395, 9.2, 15, 孔子的故事
26337440, 7.6, 35, 永不变老的日记
25727696, 8.4, 21, 说文解字注
25817128, 9.3, 14, 中国古代语言学史（第4版）
01036419, 5.5, 392, 永远的OPEN-《我为歌狂》征文选
01235940, 7.7, 31, 训诂学导论
26427967, 9.2, 14, 读书杂志
03137176, 8.5, 19, 亚森·罗宾全集15
20312387, 8.6, 18, 文字蒙求
01502964, 8.2, 22, 汉语的祖先
01927195, 8.2, 22, 古汉语语法纲要
30236814, 7.5, 33, 天秤座：优雅走过下雨天
02325445, 8.8, 16, 大作家小作文
03040346, 8.4, 19, 清代古音学
05320665, 8.9, 15, 汉语古文字字形表
34899825, 8.0, 23, 小学生心理学漫画（全六册）
25809942, 9.6, 11, 陆宗达文字学讲义
02182081, 7.9, 23, 我们二年级啦
01092176, 8.6, 16, 說文解字義證
24152906, 8.6, 16, 训诂学教程
06539507, 8.9, 14, 精卫填海
06971050, 8.9, 14, 经韵楼集
03037218, 8.2, 19, 原始汉语与汉藏语
03873177, 8.3, 18, 知音漫客丛书 神精榜 12
01147837, 8.0, 21, 中国字典史略
03104456, 8.4, 17, 神秘的红蝴蝶
03873175, 8.4, 17, 知音漫客丛书 神精榜 13
03072942, 7.7, 24, 我的弟弟“小萝卜头”
06981842, 8.6, 15, 国故论衡
27096913, 8.4, 16, 语文一年级上册（部编本）
01598369, 9.6, 10, 匡谬正俗平议
02196942, 7.7, 23, 高等国文法
06711020, 8.0, 19, 学点音韵学
03559938, 8.8, 13, 《幼学琼林》精解(上下册)
01192234, 7.7, 22, 训诂学纲要（修订本）
01923277, 8.9, 12, 扬雄方言校释汇证(上下册)
30835634, 7.6, 22, 天蝎座：假面黑桃Q
03040348, 8.6, 13, 音韵学入门
25968524, 8.6, 13, 唐宋笔记语辞汇释
03103535, 9.0, 11, 黑箭
03133693, 8.0, 17, 餓男09
02075863, 7.9, 17, 上古汉语同源词意义系统研究
30197623, 7.9, 17, 快乐读书吧丛书（人教版）：七色花 二年级下册
06901516, 8.0, 16, 经学通志
01312979, 7.4, 22, 柠檬草的滋味
01255967, 8.8, 11, 古书修辞例
01312952, 7.5, 20, 做人与做事
01948704, 8.7, 11, 黄侃手批尔雅义疏(全二册)
30197931, 7.5, 19, 说文解字今释
03056059, 8.6, 11, 中国历史故事--战国
01264474, 7.9, 15, 古书虚字集释
10810385, 8.2, 13, 乱丸XXX
06833946, 8.0, 14, 《说文》字系与上古社会
01546639, 7.3, 20, 三目类序释评
03097800, 7.8, 15, 佛典与中古汉语词汇研究
03055981, 8.4, 11, 中国历史故事－上古、西周
06052075, 8.4, 11, 中国语文札记
01818125, 7.3, 19, 训诂学基础
01450755, 7.7, 15, 恋爱中的皮卡丘
03041544, 8.3, 11, 铁琴铜剑楼藏书目录
03056053, 7.8, 13, 中国文学家的故事（一）
06539508, 8.4, 10, 马兰花
03037332, 7.7, 13, 尔雅今注
02291185, 7.7, 12, 古代汉语纲要
03270524, 7.0, 17, 训民正音
01315854, 7.2, 15, 汉藏语同源研究
06437881, 6.7, 16, 经学通论
01012585, 7.4, 10, 中国文字学史(上下)
01016134, 7.4, 10, 《说文》小篆研究
01447260, 7.0, 11, 中国语言文字学史料学
01142755, 6.5, 11, 20世纪《说文》学流别考论
01324829, 5.2, 27, 要定你言承旭
20492652, 5.7, 16, 经典释文
10553396, 5.6, 14, 俞樾《古书疑义举例》评注
01969192, 0.0, 10, 释名汇校
10461494, 0.0, 10, 语文 第一册
23010961, 0.0, 10, 小小姐小MM迷你爱藏本4
25807542, 0.0, 10, 周策纵作品集4
04857962, 0.0, 11, 漫画热血科学.3
26736651, 0.0, 11, 做最好的小学教师
01624476, 0.0, 12, 王安石《字说》辑
02044608, 0.0, 12, 札朴
03035224, 0.0, 12, 古文字通假字典
03056555, 0.0, 12, 成语故事
03601917, 0.0, 12, 银色大地的传说
04843385, 0.0, 12, 训诂学读本
01075189, 0.0, 13, 应用训诂学
27007565, 0.0, 13, 美国科学·太空与技术·一年级
02370017, 0.0, 14, 书声琅琅的三年级
01326727, 0.0, 15, 情调e-mail
02284500, 0.0, 15, 幼学琼林
01501647, 0.0, 17, 小学语文知识大全
06894476, 0.0, 22, 超级酷炫公主班3
27191963, 0.0, 84, 小学英语词汇共核记忆法
