2020-07-05 16:00:01

number of books, tag name
186, 川端康成

ID, rating, votes, title
01770782, 8.9, 647932, 追风筝的人
25985021, 9.1, 131608, 人类简史
02052448, 8.9, 44031, 明朝那些事儿（叁）
06880158, 8.8, 44082, 陆犯焉识
06798611, 8.7, 47506, 史蒂夫·乔布斯传
03604517, 9.3, 14974, 撒哈拉的故事
01059419, 8.1, 90758, 海边的卡夫卡
01005521, 8.2, 46591, 伊豆的舞女
04074636, 7.6, 121327, 放学后
02046807, 9.5, 4883, 飘
24736899, 8.0, 29791, 雪国
04836682, 8.5, 10775, 告白
01053759, 8.3, 14344, 雪国 古都
25788092, 8.7, 7380, 古都
01318126, 8.4, 11067, 雪国
04953695, 7.8, 31692, 拆掉思维里的墙
01069059, 8.1, 17458, 雪国
02039569, 8.5, 6696, 挪威的森林
24736900, 8.2, 10368, 千只鹤
04908886, 9.1, 2917, 金蔷薇
04113090, 7.4, 38777, 我们台湾这些年
01003387, 8.5, 5217, 雪国 古都 千只鹤
01009094, 8.7, 3797, 古都
01427302, 8.6, 3855, 罗生门
10607793, 8.6, 3846, 刀与星辰
01457542, 9.3, 1641, 芥川龙之介全集
03393056, 8.2, 6613, 流动的盛宴
01318120, 8.4, 4370, 伊豆的舞女
25772862, 8.3, 4331, 睡美人
24736901, 8.3, 3602, 山音
01144782, 8.7, 1742, 罗生门
25899960, 7.9, 4873, 伊豆的舞女
01069251, 8.3, 2141, 伊豆的舞女
01056979, 8.2, 2331, 千只鹤
05063254, 9.0, 874, 雪国
02357268, 8.4, 1682, 雪国
01069016, 8.7, 1129, 雪国 古都
01885070, 8.3, 1822, 雪国
01002507, 8.3, 1802, 千只鹤 睡美人
06735972, 8.2, 1925, 兔子什么都知道
04814372, 8.7, 1046, 雪国 古都 千只鹤
04847836, 7.9, 2807, 羽·赤炎之曈
06719661, 8.4, 1316, 仲夏之死
01919221, 7.9, 2558, 人间六道之修罗道
06858527, 7.7, 3080, 格调
03135743, 8.6, 871, 川端康成精品集
01054719, 8.3, 1159, 古都
01205777, 8.5, 891, 雪国
03746432, 8.5, 814, 雪国·伊豆舞女
01059378, 8.5, 774, 花未眠
26289340, 8.3, 963, 东京人
06440764, 7.6, 2013, 羽·黯月之翼
01551353, 8.6, 577, 雪国·古都·千只鹤
03041567, 8.7, 479, 美的情愫
02029071, 8.9, 388, 古都
01004760, 8.2, 790, 雪国
26351392, 8.1, 764, 爱的人们
01885222, 8.2, 650, 伊豆的舞女
06728907, 8.4, 512, 伊豆舞女
26118073, 7.9, 852, 藤花与草莓
01060708, 8.3, 519, 伊豆的舞女
01084385, 9.1, 241, 川端康成小说经典（全三册）
01002940, 8.2, 569, 美丽与悲哀 蒲公英
27197830, 8.6, 370, 岁岁年年
03869521, 8.3, 498, 雪国 古都
01920846, 8.5, 402, 名人
06391202, 8.1, 596, 古都
02043871, 8.7, 315, 雪国·千鹤·古都
01023907, 8.3, 464, 我在美丽的日本
21354696, 8.7, 296, 波千鸟
25660015, 6.7, 3918, 以自己喜欢的方式过一生
25980905, 8.2, 442, 生为女人
34394563, 8.1, 470, 给作家标个价
01029378, 8.7, 259, 川端康成掌小说全集
25960668, 7.6, 823, 花的圆舞曲
26723097, 7.6, 816, 湖
01442744, 8.1, 382, 赎罪
03777729, 7.9, 467, 川端康成三岛由纪夫往来书简
25947743, 7.3, 1001, 少女的港湾
26060718, 7.3, 981, 阵雨中的车站
02075629, 8.4, 266, 维荣的妻子
03244013, 7.7, 499, 寻味·红茶
25718139, 7.2, 833, 每个人都会死，但我总以为自己不会
01083005, 8.7, 157, 川端康成十卷集
01058872, 8.7, 153, 美的存在与发现
26976266, 7.1, 742, 二十亿光年的孤独
27131077, 7.6, 350, 孤独或类似的东西
02379251, 8.5, 145, 千羽鶴
26449556, 8.7, 111, 古都
01583301, 8.5, 129, 东京人（上、下）
02142573, 8.7, 110, 川端康成小说选
02125411, 8.5, 128, 雪国
01008977, 8.3, 150, 人的脚步声
06728908, 7.8, 229, 雪国
03181305, 8.4, 124, 雪国
02063138, 8.2, 142, 舞姬
26449555, 8.6, 99, 雪國
01039857, 8.3, 122, 川端康成·三岛由纪夫往来书简集
03134799, 9.1, 66, 伊豆の踊子
26702165, 9.1, 66, 山之音
03028935, 7.9, 158, 舞姬
26546361, 8.6, 76, 伊豆的舞孃
26801543, 8.9, 61, 睡美人
01355161, 7.2, 261, 湖
03394364, 8.7, 66, 雪国·古都
30230089, 8.6, 70, 川端康成·三岛由纪夫往来书简
01000420, 8.5, 74, 永久记忆版世界文学名著文库（全79套，86册）
27197831, 7.9, 118, 河边小城的故事
01998002, 8.5, 67, 雪國
03134802, 9.7, 33, 古都
01868653, 8.5, 65, 古都
04103060, 9.0, 45, 雪国·千鹤·古都
03134784, 8.8, 50, 雪国
30200836, 8.6, 56, 新文章读本
01054530, 8.0, 86, 独影自命
01900656, 8.7, 51, 母亲的初恋
03233875, 8.3, 65, 古都·雪国
26990502, 8.7, 48, 美的交响世界
27616979, 8.4, 58, 侘寂之美与物哀之美
02345787, 8.1, 72, 川端康成散文选
02048887, 7.3, 146, 我和我的土匪奶奶
02049699, 8.2, 62, 古都
01555934, 8.2, 60, 少女开眼
04016441, 8.1, 63, 公共问题经济学
01859273, 9.0, 35, 川端康成作品精粹
03090667, 9.2, 31, 一个女人一生中的二十四小时
01962543, 7.9, 70, 河边小镇的故事（川端康成作品）
02985316, 8.3, 52, Memories of My Melancholy Whores
02081542, 9.4, 27, 川端康成掌小说百篇
03134787, 9.1, 31, 雪国
01868631, 8.0, 51, 美麗與哀愁
01207554, 7.7, 62, 白蛇传
03270327, 8.3, 40, 川端康成文学的文化学研究
01437117, 8.0, 47, Snow Country
04226048, 8.2, 40, 王安忆小说选
27061700, 9.3, 21, 名人
26670414, 8.0, 42, 舞姬
33422842, 8.4, 32, 天授之子
06396336, 9.2, 21, 千纸鹤
01875048, 8.8, 25, Alice in Bed
01019140, 7.7, 49, 冷艳文士川端康成传
02312677, 8.0, 36, 三島由紀夫·川端康成往復書簡
30200802, 8.6, 25, 美麗與哀愁
01005250, 8.1, 33, 世界文化名人文库（上下册）
25717428, 7.7, 41, 作品
27166412, 8.0, 32, 川端康成和他的小说
01863496, 9.2, 17, The Old Capital
01067082, 7.8, 33, 再婚的女人-川端康成作品
05245621, 9.1, 16, 川端康成集（全三册）
02136508, 7.6, 34, 湖 山之音
10788319, 8.8, 17, 川端康成：名人、禽獸、虹
27015894, 7.8, 28, 川端康成作品集
01058169, 8.1, 23, 天授之子
24749447, 7.8, 27, 世界文学名著典藏
26585555, 8.3, 20, 片腕
04146443, 8.8, 15, 雪国
26887271, 7.5, 30, 千羽鶴
02101435, 7.5, 27, 河边小镇的故事
01371616, 9.1, 12, 山之音
26416226, 7.3, 25, 雪国
02206401, 7.7, 18, 川端康成の雪乡、千羽鹤
04105908, 7.8, 16, 雪國
34431972, 7.4, 20, 哀愁：川端康成散文选
02101437, 8.3, 12, 彩虹几度
03558153, 8.4, 11, 哀婉小说
01958123, 7.6, 16, 不灭之美
02075060, 7.6, 15, 感悟东方之美
20375950, 8.2, 10, 乙女の港
24850402, 6.8, 20, 微型小说也清新
04285123, 8.0, 10, 千羽鶴 (新潮文庫)
27624433, 6.0, 37, 造物的人
01137443, 6.8, 17, 雪国的诱惑
01022037, 7.2, 13, 执拗的爱美之心--川端康成传
01129500, 7.3, 12, 川端康成与东方古典
04133948, 7.3, 12, 花的華爾滋
06960434, 6.6, 15, 川端康成文学的自然审美
26785470, 6.2, 17, 川端康成与中国易学
04228460, 6.0, 17, 川端康成小说艺术论
01147358, 6.8, 10, 世界文学名著百部  100卷 32开
01547420, 0.0, 10, 巴尔扎克与《人间喜剧》
01199317, 0.0, 11, 川端康成是怎样读书写作的
03134797, 0.0, 11, 掌の小説
03437946, 0.0, 11, 掌中小說
02971439, 0.0, 12, 睡美人
03120451, 0.0, 12, 伊豆の踊子 集英社文庫
04822117, 0.0, 12, 一只耳朵的大鹿
