2020-07-05 16:00:01

number of books, tag name
917, 工具书

ID, rating, votes, title
03576486, 9.1, 31090, 小狗钱钱
01013208, 8.4, 63346, 如何阅读一本书
10786473, 8.2, 45623, 自控力
02326403, 8.9, 13822, 认识电影
01007928, 9.1, 10315, 美国纽约摄影学院摄影教材（上）
01036684, 9.3, 6601, 现代汉语词典（修订本）
01001896, 9.2, 7050, 新华字典（1998年修订本）
27608239, 8.4, 22260, 原则
01322025, 8.7, 13300, 卓有成效的管理者
04759840, 9.7, 2957, Merriam-Webster&#39;s Vocabulary Builder
01014914, 9.5, 3665, 英语魔法师之语法俱乐部
03323633, 8.6, 11675, 写给大家看的设计书（第3版）
01021990, 9.3, 4128, 唐诗鉴赏辞典
03034480, 9.4, 3380, 圣经
01010464, 9.0, 5544, 古汉语常用字字典
26435630, 9.6, 2547, 经济学原理(第7版)
26951584, 8.6, 8799, 小说课
04180711, 8.2, 16360, 拖延心理学
01039389, 9.0, 4794, 新概念英语（3）
05325618, 8.4, 11282, 高效能人士的七个习惯
01441853, 8.9, 5397, 伯里曼人体结构绘画教学
25926542, 8.9, 5178, 一本书读懂财报
04201317, 9.6, 2146, 美语音标
10785583, 8.2, 13619, 思考，快与慢
20428922, 8.3, 10345, 学会提问
01072316, 9.2, 2925, 古代汉语（第一册）
25982198, 9.4, 2286, 社会心理学
01390934, 8.8, 4667, GRE词汇精选
01756614, 9.4, 2166, Word Power Made Easy
10747883, 8.0, 15268, 怦然心动的人生整理魔法
01485731, 9.6, 1679, 原动画基础教程
04864832, 9.3, 2288, 为什么学生不喜欢上学?
03748247, 8.3, 8213, 把你的英语用起来！
01433835, 9.2, 2442, The Elements of Style
01047751, 9.3, 2066, 牛津高阶英汉双解词典(第四版)
01025721, 8.6, 4665, 新概念英语（2）
01055304, 9.6, 1325, 中国历史地图集（全八册）
04082434, 9.3, 1788, 穿墙透壁
24749465, 7.4, 31522, 断舍离
01032967, 9.2, 1917, 说文解字
25782902, 8.1, 8361, 反脆弱
02343288, 9.4, 1524, 中国少年儿童百科全书（文化艺术）
02343270, 9.3, 1674, 中国少年儿童百科全书（科学技术）
01501873, 8.4, 5066, 中日交流标准日本语（新版初级上下册）
27204860, 8.3, 5649, 指数基金投资指南
01014385, 9.0, 2096, 新概念英语（4）
01410157, 9.4, 1337, 现代汉语词典（第5版）
20507212, 8.0, 8158, 习惯的力量
25852981, 8.7, 2944, 小强升职记
03270161, 9.9, 805, 机械制造厂电能的合理使用
01769237, 9.6, 1067, Verbal Advantage
01020644, 8.1, 6844, 金字塔原理
27624390, 8.4, 4109, 云彩收集者手册
01154707, 8.7, 2646, 素描的诀窍
02343276, 9.4, 1156, 中国少年儿童百科全书（人类社会）
02060491, 8.9, 1976, 逻辑学导论
01042011, 9.1, 1531, 古代汉语（第二册）
03002766, 9.4, 1098, 英语词根与单词的说文解字
27015443, 9.4, 1096, 西南联大英文课
02238320, 8.4, 3483, 版式设计原理
04882120, 8.1, 5218, 金字塔原理
01229822, 8.8, 1983, 中式英语之鉴
01420423, 9.4, 999, 古汉语常用字字典
04740002, 9.1, 1357, On Writing Well
25985683, 7.7, 9325, 人性的弱点
34326931, 8.6, 2414, 掌控习惯
01337448, 9.0, 1445, 简明中国历史地图集
01006720, 8.4, 3004, 新概念英语第一册
06313277, 8.9, 1555, 学术训练与学术规范
27056409, 7.7, 8058, 深度工作
25903621, 8.9, 1479, 写作这回事
01083403, 7.8, 6725, 世界上最伟大的推销员
06432399, 9.5, 781, 英文魔法師之文法俱樂部
22806583, 8.7, 1839, 国家的常识
04326057, 8.8, 1616, Excel图表之道
04177120, 8.5, 2322, 西尔斯亲密育儿百科
25977798, 9.5, 761, Word Power Made Easy
01422882, 9.4, 835, Merriam-Webster&#39;s Vocabulary Builder
26676528, 8.5, 2283, 如何阅读一本文学书
27593848, 8.3, 2836, 增长黑客
10764908, 9.4, 759, 美国儿科学会育儿百科
01017788, 9.1, 1006, 古代汉语（第四册）
26877306, 7.7, 6187, 微习惯
02044592, 9.8, 494, 英汉大词典
01101921, 8.6, 1659, 定本育儿百科
26314063, 7.9, 4231, 斯坦福极简经济学
01067353, 9.3, 737, 新华字典
25783654, 7.4, 9514, 如何高效学习
05263454, 8.5, 1760, 当代占星研究
26789567, 7.3, 11192, 如何有效阅读一本书
34462719, 8.2, 2479, 女生呵护指南
03313363, 8.4, 1816, 演说之禅
27154533, 7.6, 5878, 终身成长
03151850, 9.0, 894, 英语语法新思维初级教程
01234683, 9.6, 500, 日本语句型辞典
03655433, 8.4, 1744, 西尔斯怀孕百科
26759386, 9.9, 375, 世界著名歌曲45首
25779298, 8.6, 1305, 利用Python进行数据分析
24250054, 8.5, 1458, SQL必知必会
25858712, 8.4, 1633, 这样装修不后悔（插图修订版）
30353486, 7.8, 3736, 认知天性
01438098, 9.6, 462, 说文解字注
01092251, 8.4, 1595, 英语词汇的奥秘
03755149, 8.9, 879, 诗词格律
01028843, 9.7, 412, 王力古汉语字典
05038844, 9.5, 487, 英语常用词疑难用法手册
25793097, 9.7, 407, 唐诗鉴赏辞典（新一版）
01085660, 8.0, 2587, 尽管去做
34872361, 8.3, 1692, 文案的基本修养
01441487, 9.5, 471, 中国鸟类野外手册
01852228, 9.0, 741, 全新法语语法
01894691, 9.7, 386, 柯林斯COBUILD高阶英语学习词典
01132964, 9.6, 418, Merriam-Webster&#39;s Collegiate Dictionary
10511063, 8.6, 1120, 摄影的艺术
10567712, 8.3, 1608, 电影剧本写作基础（修订版）
22519910, 8.4, 1379, 编剧的艺术
26792171, 9.3, 526, 美国儿科学会育儿百科（第6版）
06712457, 8.2, 1714, 你早该这么玩Excel
11522125, 8.4, 1307, 找对英语学习方法的第一本书
27182216, 9.5, 423, 理解人体形态
27023900, 7.4, 5640, 睡眠革命
26744154, 9.0, 666, 猫咪家庭医学大百科
34864919, 8.8, 815, 写作7堂课
06012933, 7.8, 2816, 救猫咪
01314467, 9.6, 375, 读史方舆纪要
04720475, 9.0, 646, 英语阅读参考手册
25838004, 8.9, 712, 法学论文写作
27601521, 8.4, 1226, 只管去做
01515170, 8.8, 755, 室内设计资料集
27026458, 8.3, 1334, 剧本
34870933, 7.7, 2993, 人生十二法则
03296585, 9.3, 453, The Elements of Style
27043711, 8.2, 1448, 这样写出好故事
03151852, 9.0, 578, 英语语法新思维中级教程
20516061, 8.4, 1098, 电影语言的语法
26662600, 7.9, 2074, 哈佛非虚构写作课
01234604, 9.0, 567, 翻译研究
26606009, 7.7, 2754, 精力管理
01421333, 8.6, 852, 世界历史地图集
20387173, 8.6, 841, 30天学会绘画
26771587, 8.0, 1738, 坚持，一种可以养成的习惯
01040398, 9.6, 323, 心电图图解速成讲授
24739109, 7.7, 2617, 奇特的一生
25934182, 8.2, 1299, 如何阅读一本书
26948148, 7.0, 8653, 好好说话
30191451, 7.5, 3486, 流量池
11516220, 8.5, 874, 第2份工作
01014678, 9.4, 361, 史讳举例
26598799, 9.3, 393, 冰与火之歌的世界
26990918, 7.7, 2391, 一本小小的红色写作书
27132072, 7.4, 3802, OKR工作法
26663916, 8.0, 1518, 沟通圣经
30300327, 8.6, 714, 料理图鉴
26879263, 9.3, 357, 营销管理（第15版）
19950884, 9.1, 422, 视觉艺术用光
26698020, 8.3, 970, 认识商业（插图修订第10版）
10426611, 8.3, 965, 一本摄影书
24305938, 8.0, 1402, 结网@改变世界的互联网产品经理
10775010, 8.9, 503, GRE&amp;GMAT阅读难句教程
26738797, 7.7, 2100, 小说课（壹）
03151851, 9.2, 374, 英语语法新思维高级教程
27029463, 8.1, 1192, 畅销作家写作全技巧
01735255, 8.8, 540, 西方文论关键词
21354939, 9.4, 308, 美语发音秘诀
30246907, 7.7, 2004, 怦然心动的人生整理魔法
01232201, 9.2, 363, 剑桥中级英语语法(英文版)(英语在用)
05942569, 7.6, 2261, 成为作家
06559347, 8.9, 467, 翻译的技巧
25974373, 9.2, 354, 赖氏经典英语语法（新版）
26849476, 8.8, 509, 金花的秘密
01056801, 7.8, 1624, 摇滚圣经
25913199, 9.5, 269, 牛津高阶英汉双解词典（第8版）
26602858, 8.2, 962, 摄影笔记
03075271, 9.6, 248, 汉代物质文化资料图说
24745639, 7.6, 2149, 麦肯锡教我的写作武器
24884999, 9.0, 411, 食物与厨艺
04721058, 9.6, 245, Figure Drawing
01723055, 8.5, 659, 电影艺术词典
25749879, 8.4, 735, 17天搞定GRE单词
01435793, 9.2, 334, 世界园林植物与花卉百科全书
02327417, 9.3, 306, 大师之路
20271923, 8.5, 656, 彼得·科恩木工基础
01030882, 9.2, 328, 汉魏六朝诗鉴赏辞典
04201324, 8.9, 426, 赖氏经典英语语法
03806309, 7.5, 2304, 如何写影评
25909355, 8.4, 686, 数据化管理
24529161, 9.1, 343, 海蒂怀孕大百科
26978752, 8.9, 408, 认识电影
01193565, 8.6, 548, Word排版艺术
04837333, 8.2, 852, 写给大家看的设计书
26286037, 9.0, 367, 古文献学讲义
01092471, 9.3, 281, 现代汉语八百词
01142734, 9.5, 238, 四库全书总目
06727796, 8.8, 436, 现代汉语词典（第6版）
02016754, 8.8, 435, 美国大学英语写作
06753830, 7.8, 1348, 文案训练手册
30393386, 9.6, 216, 艺用人体结构
02728627, 9.0, 353, Excel应用大全
02010622, 8.6, 517, 超级漫画素描技法-基础篇
01084010, 8.7, 465, 岩石与矿物
04604592, 7.5, 2010, 说服力 让你的PPT会说话
26652354, 8.4, 629, 世界重启
02281184, 7.8, 1296, 哈利·波特百科全书
02116353, 9.5, 227, 不列颠百科全书（全20卷）
26648290, 8.7, 457, 酸痛拉筋解剖书
26897285, 8.5, 558, 夜航船
24719936, 9.5, 226, 古籍整理概论
04165856, 7.7, 1474, 配色设计原理
10588290, 8.9, 375, 演说
30489331, 7.7, 1465, 能力陷阱
27115000, 7.8, 1263, 高效能阅读
24854628, 7.7, 1399, 文案创作完全手册
04178476, 9.2, 275, 中国神怪大辞典
04727295, 9.1, 296, 制造漫画
04934524, 9.4, 231, 泰晤士世界历史地图集
03191351, 8.3, 642, 欧美流行音乐指南
03835355, 9.4, 229, 文学术语词典（中英对照）
27063506, 8.6, 467, 西方神秘学指津
26825934, 9.4, 227, 总体与无限
01228955, 9.3, 244, 英语在用--剑桥初级英语语法（英文版）
26826152, 9.4, 224, 曾国藩家书
25848402, 9.2, 263, 运动解剖学图谱(第3版)
02248034, 8.7, 403, 翻译辨误
04229525, 7.3, 2308, 筆記女王的手帳活用術
01243015, 9.0, 297, 英语词缀与英语派生词
24753011, 9.0, 296, 葛传椝英语写作
05500869, 7.8, 1049, 小说写作教程
20493042, 7.3, 2161, 这样读书就够了
26779688, 8.0, 798, 做出好决定
27119594, 7.5, 1538, 实用性阅读指南
04211237, 9.7, 160, 中国历史地图集 1-8册
33411972, 8.5, 439, 故事写作大师班
27122346, 8.0, 760, 七十二堂写作课
03063079, 8.9, 289, 法语现代语法
06800122, 9.0, 260, 泰晤士世界历史
25919591, 7.7, 1043, 经典人物原型45种
22163122, 9.4, 188, How to Draw Drawing and Sketching Objects and Environments from Your Imagination
01884591, 9.5, 171, 牛津英语搭配词典
33454250, 8.2, 543, 决胜B端
01270592, 8.8, 298, 中国史稿地图集（上册）
01607277, 9.4, 178, 唐史史料学
11628950, 9.3, 191, 史讳举例
01011712, 9.5, 164, 方言调查字表
25717756, 8.6, 344, 写作法宝
34852768, 8.7, 313, 高效学习7堂课
30396635, 7.5, 1230, 这就是OKR
30203275, 8.2, 513, 谈判
26852422, 9.6, 149, 古汉语常用字字典
30348422, 8.0, 638, 生活图鉴
01492685, 9.1, 216, 作曲基本原理
06434328, 7.4, 1363, 谁说菜鸟不会数据分析
33410480, 8.9, 251, 想象力构图与创作思维
27624439, 7.6, 1017, 如何写影评（插图修订第8版）
20399443, 8.9, 244, 中国神话传说词典
30358497, 8.2, 479, 短篇小说写作指南
01983275, 8.8, 265, Excel实战技巧精粹
01665241, 8.9, 242, 中国史稿地图集（下册）
25919337, 8.2, 472, 冲突与悬念
02006802, 8.3, 424, 中国建筑图解词典
30256364, 7.7, 852, 精准表达
26683846, 8.1, 526, 如何学习
10464645, 7.3, 1490, 僵尸生存指南
30415402, 7.3, 1484, 断舍离（2019年新版）
30186025, 8.0, 578, 风格感觉
27103775, 7.5, 1083, 好好工作
24885010, 8.7, 276, 食物与厨艺
25761063, 8.4, 367, 通关!游戏设计之道
26655043, 8.4, 366, 会读才会写
27032526, 7.1, 1940, 快速阅读术
03248706, 9.1, 195, 分析性写作
01010587, 8.1, 495, 古典作曲家排行榜
33444642, 7.4, 1170, 麦肯锡精英高效阅读法
22749305, 8.8, 241, 编辑人的世界
24532904, 7.9, 599, 故事策略
24758435, 9.3, 158, 中国常见植物野外识别手册（古田山册）
03863393, 9.2, 169, 剑桥国际英语语音教程
27053755, 8.7, 255, 小说修辞学
26865561, 9.0, 196, 星空帝国
04016036, 9.3, 155, 食物與廚藝
06809057, 9.7, 117, 柯林斯COBUILD高阶英汉双解学习词典
27043843, 9.4, 143, 拍出绝世光线：摄影师的完美用光技巧解密
26785199, 8.9, 209, R语言实战（第2版）
01215103, 8.8, 225, 中国手语（上下修订版）
01120991, 9.4, 140, 布莱克维尔政治学百科全书
30203973, 9.4, 140, 中国常见植物野外识别手册（北京册）
27189923, 8.8, 224, 奇迹之书
25852784, 8.2, 382, PPT炼成记
01070788, 8.9, 199, 中国古代文化常识图典
26841390, 8.7, 236, Lonely Planet 孤独星球：日本
25981564, 8.6, 257, 新版中日交流标准日本语初级（第二版）
01949676, 8.7, 233, 动漫大百科
26853123, 7.0, 1820, 深阅读
06966327, 8.6, 254, 外贸高手客户成交技巧
01343519, 9.2, 154, English Grammar In Use with Answers
26390072, 8.9, 195, 影视光线创作
02051028, 8.4, 303, 文化研究关键词
06806468, 9.3, 142, 英文疑难详解
22233895, 7.1, 1519, 用男人的思维跟男人谈恋爱
04886012, 9.2, 152, 问卷统计分析实务
04104397, 9.1, 164, 彰显生命力
06560091, 8.8, 208, 新华字典
07061949, 9.5, 121, 数学指南
34432673, 8.8, 205, 自学是门手艺
25870117, 8.8, 204, 木工全书
01461751, 8.2, 356, 纪录片创作完全手册
27591836, 9.2, 146, 日本语
25850234, 9.1, 157, 四川方言词典
01047000, 9.4, 126, 宋代官制辞典
26613805, 8.1, 387, 文思泉涌
26437067, 7.6, 681, 文案训练手册
26436490, 9.1, 153, 透视如此简单
01039510, 8.8, 194, 中国历史纪年表
30187704, 7.9, 462, 忍住！别插手！让孩子独立的自我管理课
01925936, 9.1, 150, 默克家庭诊疗手册
26373220, 8.7, 207, 西尔斯健康育儿百科
26629064, 8.7, 207, 芝加哥大学论文写作指南
26865749, 6.5, 3879, 所谓情商高，就是会说话
01256801, 9.6, 103, 二十史朔闰表
24885007, 8.5, 238, 食物与厨艺
26834908, 9.1, 144, 古代世界历史地图集
26818259, 7.8, 487, 精准拉伸
06960889, 8.0, 387, PPT
10831736, 8.0, 385, 故事技巧
10570885, 8.5, 234, 芝加哥学术生涯规划
04820597, 9.3, 122, 牛津英语用法指南
07001439, 9.3, 122, 政治学核心概念
01011875, 9.1, 141, 学生实用英语高考必备
05983379, 7.4, 780, 电影镜头入门
01008237, 9.8, 87, 辞源
34879783, 8.7, 192, 有毒
24746256, 7.8, 468, 和秋叶一起学PPT
26931364, 8.0, 373, 如何听懂音乐
26611861, 8.4, 249, 文言浅说
01500117, 9.3, 119, 世界地图集
03998143, 9.9, 80, 中国古代史概要一览图
01181618, 8.5, 220, 高中语文基础知识手册
26913836, 9.9, 79, 奈特人体解剖学彩色图谱（第6版）
25887834, 9.7, 88, 新版日语句型地道表达200例
27116778, 8.9, 154, 英语词根与单词的说文解字(新版)
30408577, 7.1, 1096, 642件可写的事
30216218, 7.4, 713, 终身学习
01033338, 9.0, 141, 中国大百科全书
03761236, 7.4, 697, 启动大脑
27625548, 9.0, 139, 全球史是什么
01071693, 9.7, 86, 康熙字典
02283714, 8.1, 307, 文章作法
26583998, 8.0, 340, 利玛窦的记忆宫殿
25967753, 8.5, 207, 水彩基础
10765724, 9.1, 127, 葛传椝英语惯用法词典
26747250, 8.3, 247, 开发故事创意（第2版）
01289012, 9.5, 94, 宋本广韵
02344062, 8.3, 239, 美军生存手册
01803677, 9.1, 123, 初级日语语法精解
27204864, 7.3, 746, 小说的骨架
26430442, 6.8, 1607, 秋叶：如何高效读懂一本书
26184697, 9.0, 132, 文学术语词典（第10版）
25758219, 8.8, 153, 法国蓝带西餐烹饪宝典
30230063, 8.1, 286, 项目管理知识体系指南（PMBOK指南）（第6版）
26927349, 7.2, 843, 从点子到产品
26952635, 6.8, 1577, 完全写作指南
27030811, 7.2, 838, 为什么精英都是Excel控
06717799, 8.9, 140, 估值建模
26671908, 8.8, 151, 西文书法的艺术
24875533, 9.3, 104, 全新法语语法（精装版）
33433152, 9.7, 80, 刑法注释书
12509886, 9.9, 71, Merriam-Webster&#39;s Visual Dictionary
04077883, 8.2, 253, 纹章插图百科
02037430, 9.0, 128, 李特-布朗英文写作手册
26667958, 9.6, 84, 胡耀邦文选
25828086, 8.4, 205, 我们怎样读书
01178676, 9.4, 94, 老上海百业指南
30359547, 7.9, 332, 写小说最重要的十件事
26835827, 8.8, 144, 想象地名私人词典
04907691, 8.6, 167, SPSS其实很简单
01197923, 9.3, 97, 古希腊语汉语词典
26589376, 9.3, 97, 旧五代史(全六册)
01853209, 8.1, 256, 政治学研究方法指南
01172079, 9.2, 102, 初学记（上下）
26413204, 6.2, 4319, 聪明人用方格笔记本
02975846, 9.0, 117, 动漫大百科
04268672, 9.0, 117, 法医病理学图鉴
30177380, 7.5, 482, 特工训练手册
30253066, 6.7, 1507, 洋葱阅读法
01123947, 9.0, 113, 辞海
20373356, 7.5, 463, 谁说菜鸟不会数据分析
04328032, 8.6, 153, 向学习英语者讲话
06126790, 8.5, 166, 魅力剪辑
27002891, 9.1, 104, 中国古代史史料学（第三版）
01501354, 9.3, 90, 英语词汇飞跃/英语词汇学习丛书
03171734, 9.6, 74, 新编俄语语法
10732550, 9.9, 62, English Grammar in Use with Answers and CD-ROM
27006022, 8.3, 193, 策展人手册
26949945, 9.0, 109, 营销管理
04736469, 8.1, 231, 21天掌握当众讲话诀窍
27034289, 7.8, 314, 创造难忘的人物
01321727, 9.1, 101, 西方艺术事典
34942482, 7.7, 349, 假如你跳进一个黑洞里
26770375, 8.7, 135, 美国摄影用光教程（第5版）
06510137, 8.5, 156, 引导
04100400, 8.4, 169, 英语词源趣谈
10834606, 7.7, 337, 情节！情节！
30237842, 8.5, 155, 笨办法学Python 3
19841607, 9.2, 91, English Prepositions Explained
27126135, 9.3, 85, 怎样使用标点符号（增订本）
34826176, 8.1, 220, 像托尔斯泰一样写故事
05288461, 8.2, 199, 电影理论与批评辞典
30155553, 8.5, 151, 风光摄影后期基础
01130234, 9.2, 89, 牛津简明音乐词典
06793017, 9.2, 89, 野趣盆栽
26158887, 9.4, 78, 哲学史方法论十四讲
27066737, 9.5, 73, 拉丁语语法新编
04104406, 8.4, 161, 简氏枪械鉴赏指南
01432968, 9.6, 68, Practical English Usage
26419601, 8.9, 107, 红楼识小录
26299615, 8.1, 208, 如何创作科幻小说与奇幻小说
23134237, 7.9, 253, 香水指南
01749074, 9.0, 99, 诗韵合璧
26655770, 7.6, 348, 各种“主义”
27014628, 8.6, 133, 完全自殺マニア―日本自殺年表人名データベース
11160553, 7.1, 654, 你的第一本思维导图操作书
30259573, 9.3, 80, 树莓派开始，玩转Linux
01702515, 9.4, 75, 牛津英语习语词典
26253814, 9.4, 75, DK园艺百科全书
20367065, 9.6, 66, 朗文英语写作活用词典
06958546, 9.4, 74, 英文疑难详解续篇
33429236, 8.2, 182, 怎样玩转信息
10527097, 8.6, 129, 中国历史上的纪年
30216624, 8.9, 102, How to Take Smart Notes
26478367, 8.1, 197, 家事的抚慰（上册）
11578395, 8.3, 164, 非文学翻译理论与实践
06970804, 7.4, 417, 活用一輩子的筆記術
27013547, 9.1, 88, 马拉松全方位科学训练指南
03434994, 9.5, 68, 占星学
05275522, 9.2, 82, 汉字古音手册（增订本）
20434546, 8.6, 126, 人文与社会科学学术论文写作指南
30266255, 7.8, 259, 从零开始学写作
03519868, 8.3, 160, 平面设计视觉词典
30377774, 7.2, 523, 怦然心动的人生整理魔法·实践解惑篇
03772943, 9.9, 53, Longman Dictionary of Contemporary English 5th Edition Paper and DVD-ROM Pack
26873699, 7.0, 679, 跟各国人都聊得来
27074110, 7.7, 282, 30歲起這樣吃，代謝好就不難瘦
30462986, 8.8, 105, 世界宗教（第11版）
26921052, 7.9, 227, 英语写作手册：风格的要素
27136725, 8.9, 97, Lonely Planet 孤独星球 IN系列：新疆（2017年版）
01129019, 9.2, 79, 故训汇纂
02255378, 7.4, 392, 学习这回事
01066807, 8.7, 112, 尔雅译注
33435429, 8.6, 119, 游戏图鉴
05944388, 7.4, 382, 开始写吧！-非虚构文学创作
26960089, 9.3, 72, 英语词缀与英语派生词
24527521, 7.4, 378, 30天写小说
26802696, 8.5, 127, 瑜伽解剖学（全彩图解第2版）
30263126, 10.0, 48, 牛津高阶英汉双解词典（第9版）
01134085, 9.2, 76, 汉语语法史
26814887, 9.5, 63, Fashionpedia
02777125, 9.3, 71, 西方大观念（全二卷）
03302955, 9.3, 71, 中国语言地图集（共2册）
25863406, 9.3, 71, 朗文当代高级英语辞典(英英.英汉双解)(第五版)
26738759, 7.7, 261, 律师之道：新律师的必修课
01228801, 8.0, 192, 国际关系研究实用方法
03419382, 9.0, 85, The Adobe Illustrator CS3 WOW! Book
26904512, 7.5, 321, PPT设计思维
02511324, 9.7, 55, A Comprehensive Grammar of the English Language
35044078, 9.1, 79, 说服力：工作型PPT该这样做
01971530, 8.4, 132, 中国古代史史料学
24845047, 8.5, 121, 说文解字
24700185, 7.5, 313, 编辑力
26642260, 8.4, 130, 中国历史研究手册
03666586, 8.5, 119, 俄国历史地图
26914542, 8.9, 88, 基督教神圣谱
23846372, 9.0, 82, 英文文法有道理!重新認識英文文法觀念
01936152, 8.2, 151, 中国历史年表
26201905, 9.7, 53, 新版日语句型地道表达500例
02988630, 9.2, 71, 古希腊罗马及教父时期名著名言辞典
01444806, 9.5, 59, 英语常见问题解答大词典(增订版第四版)
24753340, 8.1, 163, 我写的故事胜过你写的!
07006721, 8.0, 178, PPT动画传奇
33646067, 8.3, 136, 画笔记
01061891, 9.0, 80, 太平御览（全四册）
26467490, 9.0, 80, 汉字构形学导论
10807960, 8.1, 161, 风格的要素
30446566, 7.9, 194, 怎样写故事
01089331, 8.8, 91, 数学手册
25891015, 8.8, 91, 古代汉语词典
26916870, 8.8, 91, 毒物研究室
06779465, 9.4, 61, 弗莱彻建筑史
03216936, 9.6, 54, 古今字音对照手册
05411543, 9.6, 54, 布莱克维尔政治思想百科全书（新修订版）
04857080, 9.7, 51, 文学术语汇编
05406875, 8.9, 83, 世界地图集
27609916, 7.6, 256, 营销革命 4.0
26367428, 8.8, 89, DK家庭医生
03800835, 8.3, 130, 博士论文写作技巧
25764608, 8.2, 138, 有生之年非玩不可的1001款游戏
25982964, 9.3, 62, The Elements of Academic Style
30133424, 8.2, 137, 诉讼可视化
01074869, 8.7, 92, 朗文常用英文词根词典
02024298, 8.4, 115, 咬文嚼字
27143005, 7.6, 242, 学术论文写作与发表指引
03041824, 8.8, 85, 中外历史年表
20558377, 8.8, 85, 考古学
04292148, 8.9, 77, 新华字典
27039998, 7.6, 233, 这样装修省大钱（插图修订版）
01281826, 9.6, 50, 古英语入门
01213427, 8.3, 119, 新华成语词典
02532112, 10.0, 40, Merriam-Webster&#39;s Visual Dictionary
03038118, 9.2, 62, 汉字源流字典
20281495, 9.4, 55, 《标点符号用法》解读
01210132, 8.9, 75, 二十世纪唐研究
30386781, 9.2, 61, 人格障碍的认知行为疗法（第3版）
04883141, 9.5, 51, 朗氏德汉双解大词典
26743625, 8.2, 124, 表哥的Access入门
27176356, 8.4, 105, 小说写作
01735165, 9.8, 43, 世界地图集
04108555, 9.4, 53, 韦氏高阶英语词典
01091176, 8.5, 96, 实用现代汉语语法
06802775, 7.5, 238, 类型电影教程
25953019, 7.1, 383, 6个月学会任何一种外语
25736551, 7.5, 237, 王者速读法（2013年新版）
27034322, 7.1, 381, 一页纸工作整理术
02156251, 9.8, 42, 唐仆尚丞郎表
02292128, 9.8, 42, 中国丛书综录（全三册）
25900328, 8.2, 118, Lonely Planet 孤独星球：甘肃和宁夏（2014年版）
26785693, 7.0, 420, 过目不忘的读书法
26847580, 9.0, 65, 引譬连类
34807019, 9.4, 51, 中式面食入门
30227609, 8.3, 107, 你无与伦比的美丽
01045264, 9.5, 48, 牛津英语用法指南
06857566, 9.5, 48, 文献通考（点校本 全十四册）
27192171, 6.9, 470, 麦肯锡笔记思考法
26761558, 6.5, 864, 日常生活中的思维导图
27599570, 9.6, 45, 宋代官制辞典
01372616, 8.9, 68, 精神分析辭彙
20473474, 9.3, 53, 中国古籍修复与装裱技术图解
26815412, 7.6, 199, 一本书看透房地产
26385041, 9.4, 50, 曹操曹丕曹植集
01196993, 9.9, 38, 藏汉大辞典
26410660, 7.7, 177, 西方传播学术史手册
27167921, 6.9, 453, 学会写作
04309469, 9.6, 44, FYI For Your Improvement
26391279, 6.5, 819, 如何高效阅读
34458510, 8.8, 70, 手工图鉴
01204789, 9.8, 39, 甲骨文合集
25960878, 9.3, 51, 默克家庭医学手册
04297287, 8.6, 80, 跟我学摄影
26651639, 7.8, 155, 开始写吧！——科幻、奇幻、惊悚小说创作
03184872, 9.4, 48, 精通Excel 2007数据分析与业务建模
33977155, 8.3, 100, 大师镜头 斯科塞斯篇
26357206, 7.4, 231, 人人都在晒，凭什么你出彩
01490634, 8.3, 99, 大家来做口述历史
02149292, 9.5, 45, 世界人名翻译大辞典（上下）
24527516, 7.4, 229, 一年通往作家路
02986496, 9.2, 53, 牛津词汇辨析
01874069, 7.8, 150, 关键词200
04070046, 9.8, 38, 廣州話方言詞典
06729403, 7.6, 181, 理想藏书
25843833, 8.2, 104, 世界上最伟大的推销员（平装）
02309346, 7.4, 221, 视听语言
30324730, 7.2, 276, 精简写作
30449800, 7.8, 146, 写作之书
01461242, 9.7, 39, DK牛津英汉双解大词典
01044402, 9.1, 54, 拼写法
27036938, 7.4, 214, 文案创作完全手册
25872118, 7.2, 267, Evernote 100个做笔记的好方法
03178518, 8.3, 92, 世界武器图典
34836238, 7.4, 208, 人人都能学会的刷屏文案写作技巧
26292238, 6.3, 975, 我的第一本思维导图入门书
26275079, 8.5, 78, 美国大学英语写作（第九版）
03666585, 8.2, 98, 美国历史地图
26919741, 7.4, 206, 热点
33387847, 9.9, 34, 拉丁语综合教程1课本
27069093, 9.3, 46, DK 艺术家手册
25844489, 8.6, 71, 哈佛家庭医学全书(上册)
05385688, 8.4, 82, 财务金融建模
01000167, 8.3, 87, 中国历代年号考
25842725, 8.7, 65, 海蒂育儿大百科（0-1岁）
26299952, 9.0, 53, 子平真詮
26709039, 7.4, 190, 画出你的答案
04177613, 8.4, 78, 中国兽类野外手册
26589615, 7.9, 116, 超图：二次元漫游指南
30374975, 7.6, 153, Digital Minimalism
26430922, 9.9, 32, 说文解字注
20426692, 9.5, 39, 成语大词典
02385645, 9.7, 35, Choose the Right Word
34439444, 8.0, 105, 笔记思考术
30446027, 7.7, 136, 这样写出好故事：描写与背景
26896977, 8.8, 57, 学问
10522646, 8.2, 87, 刀剑
26364597, 7.2, 225, 博赞学习技巧
03008543, 9.3, 42, 同源字典
26715865, 9.2, 44, 你不懂蛋糕
26844051, 6.5, 561, 高效人士用超级笔记术
01702675, 9.5, 37, 经籍籑诂(上下)(精)
01269651, 8.6, 63, 西方哲学英汉对照辞典
03027063, 8.6, 63, 宋代研究工具书刊指南
26823135, 7.8, 117, 别怕，Excel VBA其实很简单（第2版）
06390374, 9.0, 48, 学会关心
24855513, 9.0, 48, 上古音手册（增订本）
01236455, 9.8, 31, 朗文简明英语联想活用词典
02290936, 9.8, 31, Macmillan English Dictionary for Advanced Learners
26670648, 6.4, 609, 关键20小时，快速学会任何技能！
27081066, 6.9, 293, 如何阅读一本书
04856022, 9.7, 32, 汉语大字典：九卷本 （第二版）
26712410, 8.5, 64, 牛津比较政治学手册
34983259, 8.9, 49, 妇科圣经
24858563, 8.2, 79, 管理大师
26435948, 7.6, 132, 劲爆小说秘境游走
24715620, 7.0, 253, 谁说菜鸟不会数据分析（工具篇）
30225805, 8.3, 73, 甲骨文小字典
26357702, 7.0, 252, 经典情节20种
34923186, 7.9, 100, 学会如何学习
03248626, 9.1, 43, 成功写作入门
30159661, 6.9, 281, 规划力
06313759, 8.8, 51, 中国古代史研究导引
06798700, 8.6, 58, 市场研究实务与方法
26652398, 8.1, 83, 家事的抚慰（下册）
01885667, 9.7, 31, 二十世纪宋史研究论著目录
03040492, 9.5, 34, 红楼梦鉴赏辞典
03834536, 9.8, 29, Oxford Collocations Dictionary
01103655, 8.2, 74, 透视
03219348, 9.4, 35, English Collocations in Use
33446813, 7.5, 135, 非虚构写作课
30294345, 7.6, 122, 写作的诞生
34906886, 7.6, 122, 副业赚钱之道
03076548, 9.7, 30, 中国古代官名辞典
10825368, 10.0, 26, 新格罗夫音乐与音乐家辞典（第2版）
33180063, 8.0, 85, 声音的魅力
10528619, 8.3, 67, 枪
25861854, 9.6, 31, Collins COBUILD Advanced Learner&#39;s Dictionary
34442425, 9.6, 31, DK世界家具大百科
26759960, 9.3, 36, 美育书简（中德双语·附文本解读/典藏版）
26952773, 8.9, 45, 图书编辑校对实用手册（第四版）
25732255, 8.6, 54, 超棒小說這樣寫
30277067, 8.6, 54, 我可能学的是假英语
01362017, 9.5, 32, The American Heritage Dictionary
26794084, 8.4, 61, 单词密码：词根+词缀，英语单词应该这样背
34841191, 7.8, 97, 用手账管理时间：风靡全球的时间管理方法
27012340, 7.3, 155, 文件中的历史
33411875, 6.5, 420, 不焦虑了
26384124, 9.0, 41, 英语词汇入门（第二版）
26303026, 8.2, 69, 手工皮艺基础
02404001, 9.4, 33, English Vocabulary in Use Pre-intermediate and Intermediate
26412797, 9.4, 33, 世界文学史
25846684, 8.8, 46, 哈佛家庭医学全书(下册)
34693685, 6.5, 415, 如何用手机拍一部电影
25760164, 8.6, 52, 阴符经集释
30176796, 6.5, 413, 思维导图笔记整理术
03745848, 9.5, 31, 藏园订补郘亭知见传本书目（全四册）
35036361, 8.3, 63, 穿透式学习
25844837, 7.8, 93, 世界历史年表
34783252, 9.2, 36, 星空词典
26266109, 7.9, 85, 有生之年非看不可的1001部电影（第10版）
02193196, 9.3, 34, Roget&#39;s 21st Century Thesaurus
04088447, 8.2, 67, 动画笔记
01094879, 8.9, 42, 牛津哲学词典
25903082, 7.8, 91, 501位电影导演
27608395, 8.6, 50, 英文疑难详解
03540736, 8.4, 57, 历史社会学手册
26321299, 8.4, 57, 古文字学
33389869, 8.4, 57, 国之色 中国传统色彩搭配图鉴
26279847, 7.7, 98, 作家创意手册
25717207, 8.8, 44, 柯林斯拉丁语-英语双向词典
01464561, 9.9, 25, Great Books of the Western World
03926263, 9.0, 39, 宋史职官志补正（增订本）
01986015, 9.8, 26, Webster&#39;s Third New International Dictionary
26596958, 9.8, 26, 拉英词典（初级本/影印本）
33417653, 6.8, 252, 我不是产品经理
27596994, 7.5, 116, 掌控生活，从掌控时间开始
11505841, 7.6, 105, 资本的逻辑
26546657, 8.8, 43, 标点符号用法手册
03223684, 8.0, 72, 文学描写辞典 小说部分 上
03444546, 10.0, 23, A Dictionary of Official Titles in Imperial China
26371254, 9.4, 30, 牛津英语搭配词典(英汉双解版) 第2版
04842461, 9.7, 26, 中国自然地理图集
26880833, 9.6, 27, 现代英语语法
27561917, 7.4, 118, 社群营销兵法
26317537, 9.3, 31, 中国历代官制大辞典
34809155, 6.7, 258, 给大忙人的高效阅读课
26779683, 8.4, 52, 现代中国多维观察：人民日报评论部文章选粹
01236120, 8.8, 40, 英语姓名译名手册
26368856, 7.8, 79, 501位文学大师
26655397, 9.6, 26, 辞源（第三版）
03646307, 9.0, 35, 春秋左传词典
04932564, 8.8, 39, 中国图书馆分类法
30190316, 6.6, 277, 7分钟理财
25820400, 8.7, 41, 工具书的诞生
05909933, 9.7, 24, Key Words for Fluency - Intermediate Collocation Practice
01390085, 8.4, 48, 古文物称谓图典
30376779, 8.4, 48, 提问力
24947152, 8.5, 45, 语法修辞讲话
26899531, 7.7, 80, 认知设计
25975280, 9.4, 27, 唐宋词格律
35042841, 7.8, 73, 说笑
27086135, 8.4, 47, 漫画家入行手册
01937555, 8.7, 39, 拉丁语汉语词典
26798585, 7.5, 92, 谁说菜鸟不会数据分析（入门篇）（纪念版）
34965163, 7.6, 84, 有悬念的气味，以及不盲从的生活
20385154, 8.4, 46, 动机心理学
26301996, 7.5, 91, “偷懒”的技术：打造财务Excel达人
26802252, 5.6, 1443, 为什么精英都是清单控
27611023, 8.2, 52, 设计师的材料清单：建筑篇
34767458, 7.0, 148, Google工作法
33451584, 7.3, 108, 图形思考与表达的20堂课
34430691, 8.4, 45, Excel最强教科书【完全版】
26296657, 9.1, 30, 文选版本研究
26663515, 9.1, 30, 花鏡
11583066, 8.5, 42, 维克多英语·新课标 英语词汇3500+1000+500 第八次修订
26657161, 8.5, 42, 怎样做开题报告
25886949, 9.3, 27, 从古典经济学派到马克思
27075056, 8.7, 37, 中国历代大事年表
21235202, 8.9, 33, 急救手册
34692780, 6.3, 360, 搜索力
26755732, 8.4, 44, 英语的故事
25818480, 9.5, 24, 中国神话母题索引
26884791, 8.0, 57, 日本主题配色速查手册
01476506, 9.8, 21, Encyclopedia Britannica
27107201, 9.1, 29, 更轻 更瘦 更美
26754381, 7.6, 78, 情緒之書
10540621, 7.4, 93, 《共产党宣言》导读
03191288, 8.6, 38, 辞海（文学分册）
30421820, 8.2, 49, 人物与视角
05916217, 9.3, 26, 世界武器甲胄图鉴
01155650, 8.5, 40, 甲骨文编
01834242, 8.5, 40, 文学理论批评术语汇释
33442554, 7.6, 76, PPT之光：三个维度打造完美PPT
01026527, 9.1, 28, 东西方图形艺术象征词典
26357811, 8.5, 39, 英文语法作文大全
33474650, 6.4, 271, 一日之计：精英们的清晨日课
02243572, 9.4, 23, 三国演义大辞典
03789300, 9.3, 24, 甲骨文字释林
02401664, 9.7, 20, A Greek-English Lexicon
33443268, 7.8, 58, Excel之光：高效工作的Excel完全手册
25869802, 8.0, 50, 顺利完成硕博论文
02283333, 9.0, 27, 中国历史大辞典
26658268, 9.3, 23, 明实录
10521374, 7.6, 65, 历史科学基本概念辞典
03438935, 8.8, 29, 文学词典
06154956, 9.0, 26, 1867年以前来华基督教传教士列传及著作目录
30187532, 8.5, 34, 设计师的材料清单：室内篇
19981829, 8.7, 30, 历代书法论文选
27143772, 8.0, 46, 如何撰写商业计划书(第5版)(精)/创造成功经典系列
04000449, 9.3, 22, 艺文类聚
26734885, 9.3, 22, 杜甫诗选
25713385, 9.4, 21, 牛津英语同义词学习词典（英汉双解版）
30140795, 8.8, 28, 经济学研究入门指南
03008509, 9.5, 20, 中外歷史年表
35079444, 8.6, 31, SaaS创业路线图：to B产品、营销、运营方法论及实战案例解读
01127780, 8.0, 45, 汉字源流字典
24460237, 7.9, 48, 文章作法
26666113, 8.9, 26, 中国古兵器集成
26773697, 9.7, 18, 說文新證
11533712, 9.0, 24, 自行车维修的蓝色宝典
26807825, 8.4, 33, 分好类 超好背 15000英语单词口袋书
26319322, 8.9, 25, 中国古代服饰辞典
24737823, 8.6, 29, 学术引注规范指南（第二版）
01208098, 8.3, 34, 市场研究实务
02064068, 8.7, 27, 现代汉语词典
02399823, 8.7, 27, A Glossary of Literary Terms
27592266, 8.5, 30, 心理学写作简明指南
11539078, 7.8, 47, 20世纪以来日本中国史学著作编年
26785980, 8.1, 38, 田野调查技术手册
30474595, 7.2, 76, 大腦減壓的子彈筆記術
27160236, 8.9, 24, 信用评分工具--自动化信用管理的理论与实践
04928557, 9.4, 19, 中国史学史稿
25955337, 9.4, 19, 杜登德语语法(2014版)
26893148, 6.5, 153, 现代汉语词典
26416474, 9.6, 17, 日语误用辞典
26318632, 8.9, 23, 中国神话大词典
30158921, 8.7, 25, 怎样使用标点符号（增订本）
35036262, 8.7, 25, 工作需要仪式感
02329799, 7.1, 76, 公共营养师
30184217, 8.1, 35, DK武器大百科：一部兵器与装甲的视觉史
01239420, 7.5, 53, 人机工程学
26392810, 9.2, 19, 书法三要
35069280, 9.2, 19, 养蜂的秘密
30325780, 8.3, 30, PPT设计的艺术——人人都用得上的PPT设计书（全彩）
04236896, 8.7, 24, 康熙字典
26882919, 8.4, 28, 你应该记住的拉丁语1234句
02998912, 9.3, 18, 欧洲历史大辞典（全2册）
25910987, 9.3, 18, 中世紀歐洲武術大全
22483011, 7.3, 60, 法科学生必修课
30241145, 6.4, 154, 新媒体运营
06308095, 8.2, 31, 記事本圓夢計畫
26582020, 7.5, 50, 出版专业基础·初级（2015年版）
01664158, 8.0, 35, 中国食物成分表
01256377, 8.8, 22, 清代职官年表（共4册）
26331636, 9.0, 20, 音乐圣经（上卷）
34902279, 9.0, 20, 企业OKR实战手册
26411101, 9.1, 19, 希腊罗马神话和《圣经》专名小词典
26607205, 8.1, 32, 料理的科學
27144168, 8.2, 30, 聂卫平围棋教程(从入门到15级)/聂卫平围棋道场系列
02161912, 9.2, 18, 牛津心理学词典
26955386, 9.2, 18, 柯林斯COBUILD高阶英汉双解学习词典(第8版)
34942891, 7.8, 38, 麦肯锡入职培训第一课
10775591, 9.3, 17, 中国古代经济史稿
26148124, 9.3, 17, 全新法语语法350练习与指导
10511097, 9.6, 15, 英语五千单词百日通
01228874, 8.4, 26, 外国地名译名手册
27199270, 5.4, 749, 高效阅读
25863831, 8.9, 20, 美学大辞典（修订版）
01540666, 8.7, 22, 中国茶叶大辞典
30328372, 9.1, 18, 場景設定創意辭海
03213838, 8.5, 24, 中国戏曲曲艺词典
01060227, 9.5, 15, 中国大百科全书·数学
04854905, 8.7, 21, 中国古今地名对照表
19981076, 8.7, 21, 家庭医学百科全书
01620381, 9.3, 16, 中国古代地图集(明代)
04245330, 9.3, 16, 汉语成语源流大辞典
27170063, 6.2, 163, 把碎片化时间用起来
27107302, 7.5, 43, 小户型改造攻略
26982899, 6.4, 124, 图解整理力：快速学会49种整理技能
30209237, 9.0, 18, 英国《金融时报》财经词汇
34947566, 9.0, 18, 听音乐（普及版）
28552259, 7.3, 50, 配色手册
27111976, 7.1, 59, 和秋叶一起学Excel
24747740, 9.6, 14, 历史文书用语辞典（明、清、民国部分）
03837284, 9.1, 17, 西方美术大辞典
26939597, 9.1, 17, 韦氏高阶英汉双解词典
25858769, 7.8, 34, 怎样利用图书馆做研究（第三版）
34874124, 7.7, 36, 撕掉单词语法书，英语就该这样学
33477609, 7.8, 33, 罪案百科
27180440, 7.1, 56, 策展人工作指南
27205481, 7.7, 35, 合同审查思维体系与实务技能
04322638, 9.7, 13, 马克思主义思想辞典
02065481, 9.3, 15, 外国地名语源词典
33431299, 9.3, 15, 朗文当代高级英语辞典（第6版•大32开）
04898906, 8.2, 25, 風味聖經
26919854, 7.7, 34, 微课：快学、快用、快设计
27612086, 6.2, 140, 作家的灵感宝库
26344115, 8.7, 19, 芯片制造——半导体工艺制程实用教程（第六版）
30756850, 8.7, 19, DK厨艺之书（精装）
04847500, 9.2, 15, 古今图书集成
26712001, 7.7, 32, 中外历史对比年表
30330359, 7.7, 32, 零基础教你写网文
27074284, 8.4, 21, 中国人容易读错的字
01574849, 9.5, 13, The Cambridge Grammar of the English Language
26889041, 9.5, 13, 英语常见问题解答大词典（增订版第五版）
35057736, 6.9, 59, 高效阅读的秘密
03476122, 8.3, 22, 新格罗夫爵士乐词典
30465562, 5.4, 484, 如何用kindle高效学习
20474687, 8.8, 17, 世界港口交通地图集
26767878, 8.8, 17, 新编牛津艺术词典
06878870, 8.0, 25, 爵士乐必备唱片指南（上下）
26268474, 8.6, 18, 20世纪中国史学编年（1900～1949）
26763551, 8.7, 17, 中国古代文化会要
01955415, 7.1, 45, 心理测量与评估
03858149, 7.7, 29, 剑桥国际英语语音入门
30126861, 9.3, 13, 牛津历史著作史（第一卷）
30236189, 9.1, 14, 余墨集
34781627, 6.4, 87, 高效写作的秘密
35025332, 8.4, 19, 记忆编码
01949728, 8.0, 23, 中国艺术象征词典
34874645, 7.3, 36, 爆款的套路
33386755, 8.7, 16, 导演创作完全手册（插图修订第4版）
06729928, 9.2, 13, Oxford Latin Dictionary
26699643, 7.6, 29, 学会解决问题
01879262, 8.2, 20, Word非常接触
02233238, 9.3, 12, 文学理论学习参考资料新编
26381125, 8.9, 14, 增订晚明史籍考
30355032, 8.0, 21, 游戏动漫角色动作设定集 女子格斗
26877098, 7.7, 25, 中国关键词
04293455, 8.4, 17, Working With Contracts
27610851, 7.0, 41, 书面沟通的艺术
01500055, 8.8, 14, 康熙字典
02976424, 8.8, 14, 四角号码新词典
30147275, 8.6, 15, 战国诸侯疆域及形势图考绘
27039196, 7.4, 29, 运动解剖书2
20283431, 7.3, 31, 拉丁语语法速记表·拉丁语基本词汇手册
26671177, 6.6, 55, 改编的艺术
20280584, 8.9, 13, 历代名臣奏议
33476131, 8.9, 13, 牛津英语用法指南（第四版）
30420835, 9.1, 12, English for Everyone: English Grammar Guide
01500027, 7.8, 22, Excel应用技巧宝典
01584231, 8.4, 16, 大学生实用口才学
02219346, 9.6, 10, 中國話的文法(增訂版)
33432841, 8.5, 15, 工业革命
27045532, 6.7, 47, 商业模式创新设计大全：90%的成功企业都在用的55种商业模式
30293762, 7.8, 21, 艺术百科（英国DK出版社）
01505445, 8.6, 14, 1700对近义词语用法对比
06755325, 8.6, 14, 吕氏春秋本味篇
34439990, 6.4, 61, 看完就用的思维导图
30303562, 8.7, 13, 心理突破
01678967, 8.1, 17, 中国历史地名大辞典
25866751, 9.0, 11, 香谱·陈氏香谱
05820766, 7.2, 27, How to Speak and Write Correctly
34463933, 7.0, 30, 一页纸工作法
30426627, 7.3, 24, 如何描写情感
01056541, 8.1, 14, 中国高等植物图鉴 第一册 (1972)
03055672, 8.6, 11, 满语读本
17092271, 7.3, 21, 世界经典纪录片手册-1
01624787, 7.1, 23, 成语植物图鉴
35071198, 7.7, 14, 聪明人的才华战略
20365724, 8.4, 10, 《西游记》版本源流考
03344162, 7.1, 19, 厨师培训教材
34477385, 7.6, 13, 解决问题的商业框架图鉴
27161756, 6.9, 19, 如何讨论
03425037, 8.0, 10, 哲学辞典
25886278, 6.1, 33, 如何做好文献综述（第3版）
30430900, 5.8, 38, 思维导图攻略
30143280, 5.7, 42, 写小说如何打草稿
34811483, 7.2, 11, Python金融大数据挖掘与分析全流程详解
30246776, 5.9, 24, 一本书读懂行政管理
01652270, 6.3, 16, 中学语文课程与教学论
26340677, 5.6, 28, 社交电商
30142051, 6.5, 12, 这样装修超省钱
30371356, 4.8, 74, 新媒体运营
04089678, 0.0, 10, 中国古今地名大辞典
26367036, 0.0, 10, 中国语法理论
26663186, 0.0, 10, 清华简《系年》集释
34854386, 0.0, 10, 学术论文写作十讲
34902368, 0.0, 10, 幻化之龙
01086925, 0.0, 11, 牛津古典文学词典：英文
27662506, 0.0, 11, 中国历史学习手册
35060335, 0.0, 11, PS之光：一看就懂的Photoshop攻略
01012277, 0.0, 14, 古代汉语虚词词典
01021870, 0.0, 14, 汉语方言大词典
35091194, 0.0, 66, 我的小阳台四季有花
