2020-07-05 16:00:02

number of books, tag name
401, 常识

ID, rating, votes, title
01200840, 9.0, 251386, 平凡的世界（全三部）
20427187, 8.8, 276226, 看见
25985021, 9.1, 131609, 人类简史
01054685, 9.1, 100732, 沉默的大多数
01089243, 8.9, 124073, 黄金时代
04238362, 8.6, 126794, 送你一颗子弹
01795079, 9.2, 36596, 乡土中国
01786670, 8.9, 52345, 百年孤独
01045818, 8.5, 105806, 苏菲的世界
05414391, 9.0, 41467, 寻路中国
01027191, 9.0, 36517, 历史深处的忧虑
01119522, 8.4, 102869, 呼啸山庄
01034282, 8.8, 46650, 时间简史
01467022, 9.2, 22489, 上帝掷骰子吗
26576861, 9.0, 25134, 最好的告别
01205370, 8.2, 86294, 羊脂球
01813841, 8.7, 32089, 枪炮、病菌与钢铁
01033778, 8.3, 58352, 富爸爸，穷爸爸
01803022, 9.0, 15958, 圣经
01424741, 8.5, 28758, 心是孤独的猎手
01056315, 8.8, 17438, 总统是靠不住的
01032501, 8.8, 16314, 心理学与生活
03344676, 8.1, 42994, 常识
20463108, 8.3, 26235, 观念的水位
01762869, 8.9, 9778, 如彗星划过夜空
01115748, 9.2, 5814, 故事
01048007, 8.2, 26141, 高效能人士的七个习惯（精华版）
20431965, 8.5, 12989, 只有医生知道!
01034279, 8.6, 8151, 果壳中的宇宙
04282084, 8.8, 5567, 论摄影
10785583, 8.2, 13619, 思考，快与慢
26848740, 9.3, 2791, 认识电影：全彩插图第12版
02033081, 8.2, 12443, 身份的焦虑
01000121, 8.6, 6540, 昆虫记
01201821, 8.0, 16720, 梦的解析
02747765, 9.0, 3616, 中国古代文化常识
02143304, 8.1, 12309, 我爱问连岳
01485731, 9.6, 1679, 原动画基础教程
01115353, 8.3, 8674, 奇特的一生
25986341, 8.1, 11494, 万万没想到
01433835, 9.2, 2442, The Elements of Style
01052241, 9.0, 2908, 设计模式
01049348, 8.9, 3289, 万历十五年
01436276, 8.8, 3043, 建筑：形式、空间和秩序
01024846, 9.2, 1825, 所罗门王的指环
04016689, 9.1, 1993, 王小波全集（第一卷 杂文）
01084257, 8.9, 2513, 别闹了，费曼先生
01829836, 7.7, 15125, 品三国（上）
01023000, 8.5, 4092, 常识与通识
01433192, 9.1, 1895, 普通语言学教程
03891900, 7.9, 9821, 金融的逻辑
01135734, 8.6, 3257, 追寻生命的意义
01024570, 9.3, 1384, 编码的奥秘
03000997, 7.5, 18357, 牛奶可乐经济学
01053623, 8.5, 3548, 文明的冲突与世界秩序的重建
01489670, 8.6, 3076, 老子他说
01919072, 7.7, 12063, 长尾理论
01867642, 7.6, 14224, 世界是平的
01874488, 8.1, 6012, 别做正常的傻瓜
05171244, 8.5, 3336, 把时间当作朋友
20429677, 7.5, 16517, 大数据时代
04749115, 7.5, 16432, 蔡康永的說話之道
03688489, 7.7, 10997, 异类
10733032, 8.3, 4127, 王二的经济学故事
01125731, 8.8, 2122, 第三帝国的兴亡（上中下）
01964773, 8.9, 1879, 论语译注
01868698, 8.4, 3440, 为什么读经典
01787729, 8.5, 2849, 单向度的人
01183730, 8.5, 2808, 谈话的力量
03225979, 8.4, 3203, 一课经济学
04199685, 7.6, 11343, 我读
01045862, 8.4, 3179, 第五项修炼
01324621, 9.4, 960, 宪法学导论
27139938, 8.7, 2066, 哲学·科学·常识
01437687, 8.8, 1806, 性经验史
01005915, 8.7, 2027, 艺术哲学
01473250, 7.6, 9980, 魔鬼经济学
04240969, 8.7, 1947, 民主是一种现代生活
02161983, 8.8, 1716, 怀斯曼生存手册
20492550, 7.7, 8029, 清醒思考的艺术
01135754, 8.1, 4120, 你的灯亮着吗?
01464593, 8.7, 1806, 目标
04121562, 7.9, 5270, 吃的真相
01427679, 7.5, 10399, 做最好的自己
01012379, 8.6, 1931, 知识分子论
01046620, 8.9, 1348, 我们为什么生病
01027030, 8.5, 2158, 常识
34842793, 8.8, 1454, 薄世宁医学通识讲义
01400030, 8.6, 1840, 推理的迷宫
05975576, 7.7, 6350, 冷浪漫
01053174, 8.6, 1728, 你干吗在乎别人怎么想？
01799984, 8.5, 1952, 家庭收纳1000例
01038746, 8.7, 1511, 佛教常识答问
01084435, 8.4, 2177, 策略思维
01051370, 8.2, 2555, 中国古建筑二十讲
34462719, 8.2, 2479, 女生呵护指南
01438461, 7.8, 4393, 窥视日本
02074851, 8.1, 2724, 食品真相大揭秘
05400595, 7.8, 4054, 中国，少了一味药
04809955, 8.6, 1352, 常识
01134199, 9.2, 699, 语法讲义
25878880, 8.9, 865, 认识艺术（全彩插图第8版）
01438669, 8.6, 1180, 这个动荡的世界
01777630, 9.0, 758, The Selfish Gene
01084434, 9.0, 754, 以自由看待发展
01511912, 8.5, 1270, 高卢战记
01436707, 7.5, 5177, 如何掌控自己的时间和生活
01834728, 8.8, 872, 人工智能的未来
24379797, 8.9, 780, 民主•宪法•人权
24754537, 7.4, 5588, 简单的逻辑学
01986050, 8.7, 860, 哲学 科学 常识
01421923, 8.2, 1549, 大国的兴衰
01416340, 9.2, 510, 汉语史稿
01436584, 8.5, 1044, 彩虹色的花
04929897, 7.6, 3509, 情商
01828292, 8.8, 706, 黑暗时代的人们
06398075, 8.0, 1755, 一转念
01206206, 8.1, 1507, 皇帝新脑
01448343, 9.7, 293, 奈特人体解剖彩色图谱
01865891, 7.8, 2241, 神了
02324366, 7.6, 3010, 广告拜物教
03808810, 7.8, 2182, 来去自由
01900356, 8.5, 881, 中国健康调查报告
04710402, 7.4, 4004, 男人这东西
01177968, 8.7, 694, 建筑的永恒之道
01138353, 8.7, 689, 统计学的世界
04722905, 8.2, 1169, 大师镜头
01148437, 9.1, 440, 传习录
01046946, 8.7, 648, 说园
04720131, 8.5, 759, 太傻十日谈
01122851, 8.1, 1207, 中日交流标准日本语（初级 上下）
01456129, 9.3, 345, Principles of Economics
01817491, 8.9, 487, 幼学琼林
01493134, 8.6, 660, 文化人类学
01799240, 8.5, 699, 君主论
01790456, 7.5, 2474, 专业主义
01862145, 7.9, 1308, YOU：身体使用手册
01193565, 8.6, 548, Word排版艺术
26371591, 8.1, 942, 常识
20387024, 7.2, 3277, 晓说
10434287, 8.1, 828, 搞懂金融的第一本书
25759086, 9.3, 245, 追问阳光财政——2009公民税权手册
01185214, 8.0, 899, 一个自由而负责的新闻界
04780211, 9.4, 223, 世界葡萄酒地图
01449453, 8.7, 409, 子儿，吐吐
01843001, 8.6, 447, 给莉莉的信
01367494, 9.1, 269, 常識與通識
01050510, 7.3, 2185, 六顶思考帽
01830132, 8.5, 458, 關於羅馬人的二十個問題
04280621, 8.7, 371, Business Model Generation
04200664, 8.4, 497, 管理的常识
01131988, 8.3, 522, 不服从的江湖
30314820, 8.1, 650, 常识与通识
23774520, 7.5, 1357, 晓说2
01023006, 7.6, 1164, 梦幻旅游:人一生要去的50个地方（美国《国家地理》权威评选）
04720572, 7.4, 1552, 超爆魔鬼经济学
02986872, 7.2, 1921, 简单的逻辑学
05321843, 6.4, 9031, 假装的艺术
01418119, 9.0, 232, 闲话闲说
01128662, 7.8, 790, 欲望之源
02252739, 8.3, 444, 中国古代文化常识
01419432, 7.9, 666, 熵：一种新的世界观
01799241, 7.8, 749, 全新思维
04920383, 7.3, 1327, 这辈子，只能这样吗？
01084003, 8.8, 239, 鸟
01440188, 8.7, 261, 在音乐与社会中探寻
01055429, 9.1, 183, 上下五千年（上、中、下）
05981419, 8.3, 374, 跑步，該怎麼跑？
01024159, 8.0, 503, 阅读史
01799224, 7.3, 1183, 仙人指路
01728598, 9.1, 171, 经典力学的数学方法
01433450, 8.6, 256, 历史决定论的贫困
01853029, 9.6, 111, 道藏（1-36册）
04053033, 8.5, 263, 我们怎样阅读中国
01053965, 7.7, 609, 博弈游戏
05373117, 8.2, 346, 乌合之众
01421049, 8.1, 378, 刷盘子，还是读书？
01769189, 7.4, 850, 弗里德曼的生活经济学
01401013, 8.8, 189, 练琴的艺术
01114551, 9.0, 160, 欧几里得·几何原本
01047749, 7.8, 502, 思维导图
01116354, 8.6, 219, 语言论
26590171, 7.1, 1268, 做事的常识
01444770, 7.6, 596, 男人约会往北，女人约会往南
01023813, 9.3, 116, 英语词汇轻松学
01983186, 8.4, 239, 营养圣经(全新修订版)
01445816, 8.2, 261, 不必火星撞地球
03734720, 8.5, 195, 这样的尾巴可以做什么？
04292525, 8.6, 170, 进化思维
01426927, 7.3, 670, 美国是如何培养精英的
01480499, 8.5, 181, 议事规则
01830129, 8.9, 129, 迷途帝國
01738046, 8.6, 162, 性心理学
01781769, 8.3, 210, 反联邦党人赞成什么？
33384286, 8.8, 134, 古代汉语常识
01151136, 8.3, 203, 神圣的欢爱
01488532, 8.3, 197, 佛教常识答问
01758465, 8.2, 214, Fooled by Randomness
01890891, 8.9, 117, 声律启蒙
04736469, 8.1, 231, 21天掌握当众讲话诀窍
01899804, 8.0, 253, 涌现
01530755, 7.6, 389, 古希腊神话与传说
01888884, 8.5, 157, 潘恩选集
26732917, 8.4, 170, 常识与通识（精装）
01049404, 8.2, 190, 云门舞集与我
01790854, 8.8, 113, 发现者
01196938, 7.9, 247, 增长的极限
27202452, 7.7, 301, 我减掉了五十斤
01104482, 8.4, 149, 投资学精要
26589233, 7.9, 236, 1+12:通向常识的道路
26689753, 7.0, 702, 正义女神不睁眼
05691600, 7.7, 281, 我不是教你诈5
26649800, 8.9, 96, 常识
01118984, 7.2, 496, 给讨厌数学的人
01070190, 8.5, 124, 古典文学三百题
01104943, 7.9, 211, 柔道战略
01208248, 8.1, 155, 白话聊斋
07060413, 6.4, 1340, 看懂财经新闻的第一本书
01470266, 9.7, 49, The Elements of Style Illustrated
04771454, 8.2, 132, 植物的识别
01148193, 8.5, 101, 生命的多样性
03598838, 8.7, 87, 建築的法則
02567247, 6.6, 784, 性越多越安全
27138765, 7.5, 232, 中国建筑常识
34436620, 7.3, 274, 我们脑中那些挥之不去的问题
01430475, 8.0, 129, 基础趣味家务
04012123, 8.1, 116, 什么是最好的辩护?
03283539, 8.4, 91, 郑玉巧育儿经·幼儿卷
01740461, 8.9, 63, 图论导引
26926101, 7.5, 195, 我的第一本地理启蒙书
01128320, 8.6, 73, 蒙学经典
01803971, 8.3, 90, 时间
01484111, 8.6, 71, 个人知识
34807500, 7.2, 239, 反常识
01910469, 8.8, 59, 楹联丛话
01084126, 7.3, 209, 思考的利器
01123471, 8.7, 62, 经典常谈
01875475, 7.3, 205, 不出糗！用餐的优雅
01667342, 8.9, 54, 现代世界体系（第三卷）
30389018, 7.1, 257, 夜航船
02327390, 8.8, 57, Language in Thought and Action
33458407, 6.8, 357, 墨菲定律
01521491, 9.7, 32, 默克诊疗手册
01455487, 8.6, 57, Freakonomics
01431349, 7.0, 236, 伊势物语图典
01449140, 8.2, 74, SAS个人安全手册
04319357, 8.7, 51, Ill Fares the Land
27106933, 7.9, 91, 爱上植物的第一本书
01000921, 7.9, 90, 国学常识
04246292, 7.7, 106, 金玉良言
01398084, 8.5, 56, 生命的节奏
25846684, 8.8, 46, 哈佛家庭医学全书(下册)
01988367, 9.9, 26, 中国少年儿童百科全书（全4卷）
01157605, 7.5, 124, 日本俳句史
03071745, 8.2, 68, 常识的力量
01151129, 8.5, 53, 食利者政治经济学
01141201, 9.2, 35, 信息论基础
04322405, 7.5, 116, 黄帝内经使用手册2
26701096, 8.1, 68, 文学常识二十二讲
01784117, 7.6, 100, 医者意也
01803963, 7.9, 77, 空间
05906464, 7.3, 131, 职场中50个第一次
03809824, 7.3, 129, 中国历史常识
06001351, 8.3, 53, 家门外的自然课
01146602, 8.1, 57, 飞跃手册
01741660, 8.7, 37, 服装造型学(技术篇Ⅲ特殊材质篇日本文化女子大学服装讲座)
10060199, 7.4, 95, 让人猛拍大腿的法律常识
03126342, 8.5, 41, 影响世界历史的16本书
04264227, 8.8, 34, First Aid for the USMLE Step 1
01882382, 7.3, 102, 穿蓝色长袍的国度
01430472, 7.4, 89, 基础家居布置
01015726, 9.5, 22, 狄得夫小子(经典性启蒙漫画-全5册)
02182969, 8.4, 39, 揭开老化之谜
34451076, 8.4, 39, 历史深处的忧虑
02260720, 7.3, 89, 流行音乐历史与风格
02976998, 7.4, 78, 大学到底怎么读
01281536, 7.9, 52, 数理金融初步
04920042, 6.9, 121, 别再错误护肤啦
01044828, 7.5, 67, 圣经故事
10732691, 8.4, 35, 成人钢琴自学教程
26466988, 7.8, 52, 美国历史十五讲（第2版）
25731284, 7.3, 78, 法律后面的故事
01421338, 7.5, 63, 实用人体解剖彩色图谱
30123479, 6.9, 108, 《万物有意思.中国篇》（全二册）
06809499, 7.7, 51, 民主的細節
03708188, 8.1, 38, 图解野外生存手册
03350060, 6.9, 98, 文艺常识
04268016, 7.7, 48, 人人需要知道的50种哲学思想
01023996, 8.1, 36, 京剧知识手册
24858773, 7.2, 64, 中国人的病与药
01512810, 9.2, 18, 笛子演奏技巧十讲
03810118, 7.6, 44, 你不可不读的西方历史故事
01049865, 6.7, 95, 注意力经济
25795260, 6.8, 84, 聪明投资者的第一本金融学常识书
01049394, 8.7, 21, 世界百科
05411116, 6.8, 80, 商业的奥秘
26178608, 6.8, 80, 欧洲常识
02244242, 7.7, 37, 黑格尔小传
02051133, 9.2, 16, Underground
01189516, 7.6, 38, 大师亚当斯
01809793, 8.4, 23, 交流方式
01491278, 7.3, 46, 搞定所有人-如何与所有人和谐相处
27026873, 6.3, 124, 中国文化常识
01035361, 8.7, 19, 语文讲话
06850958, 7.5, 38, 缺失的语文课
04880682, 8.4, 21, 学生三书
01146202, 7.4, 39, 一生要读知的100处世界著名建筑
34976992, 7.0, 53, 叙事改变人生
01444090, 7.1, 48, 情绪心理学
01082166, 7.9, 27, 突破惯性思维
01147882, 8.0, 25, 思维与决策
02110279, 8.6, 18, 管理的历史与现状
01162963, 6.8, 60, 希伯来文化
04720008, 6.7, 64, 故事中的经济学
06000670, 7.8, 26, 常识
04293353, 7.1, 42, 西欧金融史
26773536, 7.4, 33, 地球人生存手冊
01765386, 7.1, 41, OFF學
01431661, 8.7, 15, Do What You Are
26602442, 8.0, 21, 国学常识
04224030, 7.4, 30, 每天学点法律常识
01252762, 8.5, 16, 人类思想的主要观点（上中下）
02983854, 7.3, 32, 我们是一家
30123483, 7.3, 32, 《万物有意思.世界篇》（全二册）
02028212, 7.0, 40, 自然科学史十二讲
01792548, 7.0, 39, 数字知道答案
26958108, 7.9, 21, 常识
03033372, 6.7, 49, 不可不知的2000个地理常识
03103688, 7.5, 26, 古代摩尼教
02332228, 7.3, 29, 地名的世界地图
04234989, 6.4, 61, 2000个应该知道的文化常识
03863561, 7.6, 23, 图解佛教入门
03107204, 5.6, 170, 哈佛图书馆墙上的训言
01104138, 8.7, 13, 自然百科图典
03430715, 7.5, 24, 家居布置ABC
01429363, 7.7, 21, 断裂与碎片
01148839, 8.2, 16, 篆刻十讲
10786569, 7.0, 33, 佛学纲目
26342263, 7.0, 33, 一切显而易见
02234414, 6.6, 46, 不可不知的2000个历史常识
04596358, 8.6, 13, 50 Great Myths of Popular Psychology
06800445, 7.8, 19, 别让常识骗了你
02297080, 7.0, 32, 常识的世界地图
03688652, 8.4, 14, 中国亲属称谓指南
25968680, 7.8, 18, 中国汉字听写大会
04829553, 8.1, 15, 世界国家地理地图
01226984, 7.0, 29, 中国的民族识别
01192068, 8.4, 13, 户外生存指南
03428256, 7.6, 19, 不可不知的1000个法律常识
01843303, 7.4, 21, 基督教文化160问
02194973, 7.4, 21, 中国文化常识（中英对照）
06556547, 7.3, 22, 危险百科
01080288, 7.5, 19, 世界文学三百题
26268785, 7.5, 19, 古代器物溯源
06154481, 7.3, 21, 化学是什么
26722745, 6.3, 44, 创业的常识
25968683, 8.4, 11, 中国汉字听写大会
03703100, 6.7, 29, 睡商
02316664, 6.8, 26, 不可不知的2000个文学常识
01285932, 6.6, 30, 民间秘术
01051006, 7.4, 17, 众妙之门
02182206, 7.2, 19, 药祸
04035331, 6.9, 23, 不可不知的1000个职场常识
03879304, 6.1, 45, 隐蔽的真相
04115643, 8.0, 12, 东盟红木鉴赏
01047069, 7.8, 13, 自由人的自由联合
26883446, 5.8, 60, 图解全球资源真相
03440500, 6.6, 26, 从头到脚有毛病：曲黎敏养生书的135个错误
03991776, 7.8, 12, 不可不知的2000个人文常识
03465525, 6.7, 23, 人生的二十五个雷人陷阱
01088004, 7.1, 17, 心理语言学
03709553, 7.1, 17, 耶！红色O型人
27592543, 6.2, 32, 非常之洲:
03985849, 5.9, 43, 10分钟学会一个法律常识
26260321, 5.4, 82, 日本常识
01772823, 7.0, 17, 发现你的财富密码
01856798, 6.5, 24, 世界上100个最浪漫的地方
04842626, 5.8, 47, 20几岁必须要知道的经济学常识
01168720, 7.3, 14, 挫折大学
26377182, 7.8, 10, 街边公园常见树木速查图鉴
02329758, 7.4, 12, 受益一生的6000个文化常识
01814751, 7.5, 10, 四季盆花种植-绿手指06
21371594, 6.1, 24, 最好用的101个经济法则
25824705, 6.9, 13, 经济学超市
03527760, 7.1, 11, 不可不知的1000个理财常识
26681486, 4.7, 132, 最冷最冷的冷门知识
05501405, 5.8, 25, 历史原来这么八卦
06389889, 6.7, 12, 哲学常识1000问
03223562, 5.9, 21, 牙好身体就好
02981020, 6.0, 15, 医学史上的谎言和谬误
01485560, 6.0, 11, 健康生活风
06793721, 5.0, 28, 20几岁要知道点文化常识
05397479, 5.4, 14, 不可不知的3000个文化常识
06759300, 3.9, 34, 20几岁要知道点社会常识
03693327, 4.4, 12, 懒人非常成功的14个秘密
01143495, 0.0, 10, 中国的智慧
03110953, 0.0, 10, 工尺谱常识
01744402, 0.0, 11, 博采法语语法
01950405, 0.0, 11, The Dangerous Book for Boys
01198203, 0.0, 12, 产品设计
01459977, 0.0, 12, 对策中的制胜之道
