2020-07-05 16:00:02

number of books, tag name
689, 幽默

ID, rating, votes, title
01008145, 8.9, 372550, 围城
01083428, 8.9, 186593, 傲慢与偏见
01029791, 8.8, 191231, 许三观卖血记
03674537, 9.1, 87795, 明朝那些事儿（1-9）
11524204, 9.3, 51908, 围城
01002898, 9.2, 37773, 父与子全集
01767945, 8.8, 67475, 一只特立独行的猪
26672693, 9.0, 34649, 一个叫欧维的男人决定去死
01014578, 9.1, 28792, 我的精神家园
01467022, 9.2, 22489, 上帝掷骰子吗
03626924, 8.9, 30843, 明朝那些事儿（柒）
01401425, 8.3, 84771, 兄弟（上）
05916880, 8.4, 68097, 华胥引（全二册）
01020459, 8.4, 46999, 此间的少年
01418686, 8.7, 27666, 红拂夜奔
01346815, 8.4, 42440, 一個人住第5年
01776683, 9.0, 14345, 沉默的大多数
26755503, 8.7, 22194, 我可以咬一口吗
03879301, 7.9, 95237, 微微一笑很倾城
04187411, 8.8, 18256, 万物有灵且美
01394364, 8.8, 17668, 银河系漫游指南
01085883, 8.7, 20026, 青铜时代
01082150, 8.4, 28333, 白银时代
05346110, 8.9, 11552, 穷查理宝典
03426869, 7.8, 80129, 三生三世 十里桃花
06265745, 8.7, 13979, 银河系搭车客指南
01418180, 8.9, 10128, 思维的乐趣
01922977, 9.4, 4979, 父与子
03389984, 8.5, 15327, 俗世奇人
01254731, 8.8, 8914, 欧·亨利短篇小说选
27070488, 9.3, 4444, 围城
01058679, 8.7, 9654, 人·兽·鬼
01225983, 8.7, 8729, 万物简史
01427538, 9.4, 3440, 《父与子》全集
01061242, 8.8, 6778, 写在人生边上
01049219, 7.4, 81903, 长安乱
30125030, 9.1, 4390, 天生有罪
01016300, 7.1, 161990, 梦里花落知多少
30293663, 8.6, 8313, 绝对笑喷之弃业医生日志
01758767, 8.2, 14872, 人气绘本天后高木直子作品典藏（全6册）
01453210, 7.4, 59054, 一座城池
01005918, 8.0, 17663, 堂吉诃德
06902639, 7.8, 24876, 青春
10561209, 8.7, 5589, 全职高手1·放逐斗神
10488563, 8.6, 6274, 宇宙尽头的餐馆
02141139, 9.0, 3531, 欧亨利短篇小说精选
01050566, 8.2, 10841, 一地鸡毛
01000856, 7.9, 17163, 我是猫
14439405, 8.9, 3428, 哲学的故事
03522694, 8.6, 4871, 史上第一混乱·第一季神仙预备役
25892399, 7.8, 17192, 余生皆假期
03018339, 7.7, 19209, 万物生长
02123957, 8.2, 8085, 绝对小孩
01408254, 8.7, 3871, 宇宙尽头的餐馆
05289756, 7.9, 13043, 爱的地下教育
03191247, 8.7, 3696, 好兆头
01009160, 7.3, 40045, 像少年啦飞驰
05317075, 7.1, 57684, 蔡康永的说话之道
20283570, 9.2, 1808, 所罗门王的指环
01059040, 8.7, 3245, 雅舍小品
01084257, 8.9, 2513, 别闹了，费曼先生
06114393, 8.1, 7665, 大家都有病
26267087, 8.6, 3575, 猎魔人1：白狼崛起
01871471, 7.8, 12121, 一座城池
27003014, 7.5, 19504, 半小时漫画中国史（修订版）
01963786, 8.5, 3569, 怎样鉴别黄色歌曲
04213995, 7.6, 15083, 黑笑小说
06719724, 8.1, 6379, 死了七次的男人
03376905, 8.5, 3233, 绝对小孩2
01852700, 9.0, 1717, 神经外科的黑色喜剧
03903387, 7.5, 15677, 香蜜沉沉烬如霜
06006299, 9.3, 1210, What Every Man Thinks about Apart from Sex
01088812, 8.3, 4017, 第二十二条军规
19938026, 8.5, 3042, 生命，宇宙以及一切
03871911, 8.3, 3957, 大树
01092246, 8.1, 5135, 百万英镑
01008660, 8.5, 2900, 马桥词典
04894345, 8.8, 1965, 黄金时代
01007334, 7.1, 31166, 草样年华
33459737, 8.2, 4129, 书店日记
03279284, 7.7, 9154, 像少年啦飞驰
04053593, 9.1, 1270, 鹿鼎记
04732123, 8.4, 2927, 爸爸，我们去哪儿？
34778578, 8.2, 3735, 恐妻家
27030867, 9.1, 1193, 我这一辈子
01289908, 9.5, 786, 加菲猫全集
10764363, 9.1, 1174, 是，大臣
01015767, 8.0, 4722, 门萨的娼妓
20389202, 7.7, 7631, 唐朝穿越指南
03322924, 8.7, 1776, 生命、宇宙以及一切
34808043, 9.2, 999, 离婚
01007890, 8.4, 2489, 什么事都在发生
26933790, 8.4, 2441, 少爷
04820214, 8.6, 1863, 印度走着瞧
01914083, 7.6, 8131, 像少年啦飞驰
25752979, 8.6, 1824, 基本无害
02032666, 7.6, 7936, 零下一度
01822866, 8.7, 1579, 王小波全集(第五卷)
01578732, 8.5, 2003, 母鸡萝丝去散步
01014918, 9.5, 658, 父与子
01416289, 9.0, 1050, 晴天有时下猪
25847160, 8.7, 1456, What If?
03090810, 8.7, 1447, 五号屠场
26893260, 7.8, 4495, 吃鲷鱼让我打嗝
06879215, 7.5, 7397, 乌克兰拖拉机简史
01982096, 8.3, 2034, 关于来洛尼亚王国的十三个童话故事
01391772, 8.8, 1091, 别逗了，费曼先生
01433659, 7.9, 3465, 失恋排行榜
03322928, 8.7, 1174, 基本上无害
03279233, 7.7, 4295, 一座城池
27068817, 8.6, 1246, 欢迎来到猴子馆
21690283, 8.1, 2338, 再会，谢谢所有的鱼
25839522, 8.7, 1102, 银河系搭车客指南（5部曲）
25777982, 7.6, 4970, 在难搞的日子笑出声来
03545884, 8.7, 1068, 牛天赐传
01072508, 8.2, 1965, 哈克贝利·费恩历险记
03805407, 8.4, 1496, 美国走着瞧
34948951, 7.9, 2924, 大话西方艺术史
01145254, 9.0, 755, 梁实秋雅舍小品
01626776, 8.5, 1287, 阿衰on line
26826089, 8.2, 1853, 那些古怪又让人忧心的问题
01771920, 9.0, 733, Good Omens
01212486, 8.5, 1263, 马克·吐温中短篇小说选
02979054, 8.3, 1588, 动物绝对不应该穿衣服
01965977, 7.4, 6047, 我的抑郁症
30193601, 8.3, 1536, 好兆头
01291610, 7.9, 2630, 关于上班这件事
01441503, 8.8, 849, The Book of Bunny Suicides
02280027, 7.6, 4048, 自杀俱乐部
01017839, 7.8, 2783, 带着鲑鱼去旅行
06967496, 8.2, 1563, 不去吃会死
24527845, 7.0, 10884, 我讲个笑话，你可别哭啊
02300636, 7.4, 5020, 我叫刘跃进
01043201, 6.8, 15347, 毕业那天我们一起失恋
01053752, 9.3, 442, 玛法达的世界  全集A
02133273, 8.9, 633, 异光
01159012, 8.6, 868, 浪漫服务公司
01035475, 8.3, 1227, 好兵帅克历险记
03769019, 8.6, 850, 闪亮的日子
26691229, 9.4, 385, 我这一辈子
01976493, 9.0, 547, 型男讲座
01130892, 8.7, 727, 幽灵5号
25803006, 9.2, 437, 这不是我的帽子
27599965, 7.9, 1874, 就喜欢你看不惯我又干不掉我的样子3
27609210, 8.1, 1394, 阳光劫匪倒转地球
02129210, 9.8, 257, The Complete Yes Minister
01082515, 7.5, 3299, 理工大风流往事
01151877, 7.8, 2080, 千万别把我当人
24839553, 7.4, 3821, 拖拉一点也无妨
01768001, 9.1, 453, 是，大臣
05920816, 8.6, 722, 欧·亨利短篇小说选
25897333, 7.5, 3068, 我讲个故事，你可别当真啊
03795766, 8.8, 578, 欧亨利短篇小说集
01032547, 7.8, 1876, 47楼207
01071187, 9.0, 464, 老舍幽默诗文集
01039572, 9.6, 276, 季诺漫画全集
01876333, 7.7, 2144, 没有国家的人
01963660, 7.8, 1772, 嗜书瘾君子
01001824, 7.9, 1541, 涩女郎1
26309120, 8.5, 737, Bream Gives Me Hiccups
01487997, 8.3, 922, 我是猫
27024333, 8.9, 482, 沉默的大多数
26603434, 7.8, 1685, 无心法师 第三卷
27036978, 8.7, 572, 寻找无双
35041581, 9.1, 389, 纳闷集
25886175, 7.7, 1870, 星际迷航-红衫
35018175, 8.4, 758, 不要和你妈争辩
19987957, 7.4, 2918, 寡人有疾
04242003, 8.7, 547, 黑背启示录
03651500, 7.8, 1532, 与鬼为邻
01603309, 7.7, 1695, 笑林广记
01005010, 8.1, 992, 粉红涩女郎
30389631, 8.8, 459, 沙丁鱼罐头之味
01768002, 9.3, 291, 是，首相
05269184, 9.0, 374, 有个老婆婆吞了一只苍蝇
25895608, 8.9, 407, 火星任務
01021574, 8.1, 952, 双响炮1
26696624, 7.0, 4984, 笑场
05038502, 8.3, 720, 作死的发明
01759860, 7.4, 2347, 不许联想
30408474, 9.5, 228, 麦地
26707367, 8.7, 454, 红拂夜奔（精装珍藏版）
34809085, 8.9, 371, 开市大吉：老舍短篇小说选
34450525, 9.0, 337, 神探狗狗1
26997376, 7.8, 1235, 我是猫
30178292, 8.0, 930, 万能管家吉夫斯
03184849, 8.3, 645, 百万英镑
01429891, 8.4, 575, 张飞流水帐
27011409, 8.3, 620, 每当我找到生命的意义，它就又变了（珍藏版）
01823785, 7.9, 988, 误读
03172507, 7.6, 1472, 小半生
33434249, 8.2, 680, 善哉善哉，就你话多
24859453, 7.4, 1956, 这个历史挺靠谱
24852489, 8.2, 670, 青春奇妙物语
03279275, 7.5, 1651, 零下一度
05275422, 9.0, 290, 阴天有时下肉丸
05921728, 8.0, 804, 微微一笑很傾城
30155726, 6.5, 9729, 高兴死了！！！
06055098, 8.4, 504, Bossypants
03079768, 8.0, 763, 我们与这个世界的误会
27015621, 9.0, 274, 擅長捉弄人的高木同學(01)
01006635, 7.1, 2777, 沙僧日记
01001679, 8.1, 673, 涩女郎 2
20273137, 7.8, 914, 伦敦塔集雨人
26276409, 7.4, 1553, 带着鲑鱼去旅行
06528084, 8.2, 548, 丢下宝钏走西凉
04720076, 8.7, 328, 三人同舟
26936850, 7.6, 1127, 没人听过兔子说的话
24371403, 6.7, 5068, 过得刚好
01182750, 8.4, 430, 马克·吐温短篇小说选集
27203767, 7.5, 1275, 柏拉图和鸭嘴兽一起去酒吧
03518331, 8.4, 427, 大学四年级
03607874, 8.6, 350, 别让鸽子开巴士
04062572, 8.0, 663, 我叫刘跃进
25736285, 8.8, 287, 简明语言哲学
03266354, 8.1, 547, 哈瓦那特派员
01065410, 8.3, 438, 三怪客泛舟记
25923444, 8.0, 601, 副作用
01029875, 8.4, 380, 双响炮(6)-朱德庸都市生活漫画系
01481961, 8.5, 344, 小女贼的猫腻
03711048, 7.6, 958, 有范儿
06872019, 6.8, 3276, 黄瓜的黄 西瓜的西
04117627, 8.5, 330, 千古名将英雄梦（壹）
25982407, 8.2, 440, 睡在我上下前后左右铺的兄弟
25826747, 9.0, 208, 神经外科的黑色喜剧
24745051, 8.7, 267, Hyperbole and a Half
01265785, 8.6, 291, 笑
04634218, 8.5, 312, Holes
02087600, 8.5, 309, 阿衰on line
30282643, 8.4, 340, 佛祖都说了些什么
20414497, 7.4, 1104, 乱象丛生
35048568, 8.7, 248, 如何不切实际地解决实际问题
02061834, 9.2, 164, The Restaurant at the End of the Universe
27052521, 7.4, 1055, 可怕的中年
01052032, 8.0, 491, 涩女郎 3
01085471, 8.8, 222, 10 1/2卷人的历史
01223584, 9.0, 187, 大千世界
27060579, 9.8, 104, 加菲猫全集：40周年典藏版
27053004, 6.8, 2559, 以幽默的方式过一生
03150959, 8.3, 331, 景深
05921080, 9.2, 148, 父与子全集
04841405, 8.4, 290, Sh*t My Dad Says
30178319, 8.4, 287, 万能管家吉夫斯2：非常好，吉夫斯
02010066, 9.5, 117, 幽默儿童文学名著译丛 （全6册）
03261247, 8.9, 180, 蚯蚓的日记
05257488, 8.7, 208, 古纳什小兔
26678745, 9.4, 121, We Go to the Gallery
30255665, 8.6, 226, 万能管家吉夫斯3：谢谢你，吉夫斯
03752476, 7.8, 509, 警察手记
20257857, 8.7, 204, 师傅越来越幽默
05245543, 9.0, 158, 钱钟书作品集
26595673, 9.0, 156, 我的大喊大叫的一天！
24882901, 6.8, 2064, 不疯魔，不哲学
25904929, 7.7, 541, 扯平
26707370, 8.6, 209, 万寿寺（精装珍藏版）
04122948, 7.2, 1024, 咏远有李
01388900, 8.4, 250, Neither Here
02076579, 9.0, 149, 西游记（共二册）
03002452, 8.6, 204, 百万英镑-马克.吐温中短篇小说选
04243213, 8.3, 266, 懒人闲思录
34853883, 7.7, 504, 小顾聊印象派
26815978, 7.4, 728, 超能力侦探事务所
02974026, 8.6, 199, 老舍散文
06894790, 8.1, 315, 拖延心理學
27617213, 7.5, 617, 手把手教你玩脱口秀
01512668, 8.9, 151, 马克·吐温中短篇小说选
26259535, 7.2, 916, 我的朋友都死了2
01887913, 9.3, 109, The Hitch Hiker&#39;s Guide to the Galaxy
10827010, 7.8, 411, 别笑!这才是中国法律史
01963814, 8.0, 329, 三分之一的加菲猫
26258508, 7.2, 874, 我的朋友都死了1
02053682, 9.6, 87, 老舍幽默文集
26731255, 6.8, 1586, 浪花一朵朵
04048025, 8.5, 196, 吹牛大王历险记
04908831, 7.5, 560, 乐意
01844358, 9.6, 86, 蓝熊船长的13条半命
01907041, 7.6, 493, 还是妖蛾子
30327699, 7.7, 437, 大王饶命1
25718139, 7.2, 833, 每个人都会死，但我总以为自己不会
26822062, 8.5, 194, 青春奇妙物语④
30156001, 7.1, 951, 我知道你们又来这一套！
06048072, 8.8, 148, 父与子全集
30283353, 8.7, 159, 万能管家吉夫斯5：伍斯特家训
01833380, 8.6, 172, 马克.吐温短篇小说精选
01417062, 8.3, 223, Me Talk Pretty One Day
11026780, 8.2, 243, 书虫小鼠
01018220, 7.7, 399, 泡沫醋溜族
24847416, 7.4, 574, 老爸终于精神失常了！
34795470, 7.9, 318, 和电风扇一起摇头
30319490, 7.6, 446, 国家是怎样炼成的2
30163048, 8.6, 163, This is Going to Hurt
25819483, 8.1, 256, 成功这件小事
01926594, 8.8, 138, 羊奶煮羊羔
34942549, 7.5, 483, 鲜衣怒马少年时-唐宋诗人的诗酒江湖
27044151, 6.7, 1536, 如果没有明天
04018178, 7.8, 334, 史蒂夫迟到的101个理由
30283593, 8.4, 184, 万能管家吉夫斯4：行啦，吉夫斯
11627763, 8.1, 242, 李逵日记之聚义厅
25709399, 6.5, 2173, 不省心
04063555, 7.0, 908, 别笑，我是高考零分作文
25758083, 8.1, 232, 妮玛和王小明
01444157, 7.1, 756, 几乎成了英雄
34942482, 7.7, 349, 假如你跳进一个黑洞里
30390315, 9.2, 94, 作文笑传
03266374, 9.1, 100, 三怪客泛舟记
03813663, 8.0, 249, 你很快就会长高
01463670, 8.8, 123, Three Men in a Boat
26743273, 8.6, 143, 漂流船
20431864, 8.0, 244, 李逵日记2之忠义堂
01326640, 8.0, 243, 小人物日记
34845973, 8.9, 112, 秋风平地起
03574251, 9.1, 97, 季诺疗法
34450534, 9.0, 104, 神探狗狗2
26914741, 9.4, 79, 两个小兵
10546122, 8.0, 236, 画火御寒
34450537, 9.3, 83, 神探狗狗3
25896179, 7.0, 792, 三重门
27661966, 7.5, 400, 我是可爱的水母，我爱好放暗箭
01746871, 9.7, 64, 大地之声-吉米·哈利作品集
03107326, 9.0, 100, 咔嗒
01428101, 7.5, 396, 智高无上
10594777, 7.6, 343, 蚂蚁的眼泪
26613959, 9.7, 62, 开心小猪和大象哥哥（全17册）
01426189, 7.8, 270, 醋溜族
19995776, 6.8, 987, 我和这个世界不熟
01291939, 7.8, 258, 笑林广记
26298382, 8.8, 106, 学霸也是人
27604724, 8.8, 104, 卖花女
02327184, 8.6, 121, 银翘集
34450555, 9.2, 78, 神探狗狗5
27613309, 8.5, 129, 马克·吐温短篇小说精选
02567390, 7.7, 268, 赖声川剧场（第二辑）
26545528, 8.2, 164, 手把手教你玩脱口秀
01318944, 8.2, 163, 效率专家爸爸
01037324, 8.5, 126, 札记与书信
34843152, 8.0, 193, 每当我和我妈聊起艺术，她说“哦”
10443516, 8.6, 115, 我的精神家园
30188080, 7.4, 367, 初相遇·若重逢：小林深情漫画集
01474882, 8.9, 91, Haunted
01136278, 8.1, 173, 奇婚记
30229762, 7.3, 406, 别生气啦
06016231, 8.1, 168, 我的闺蜜是幽灵
01427988, 8.5, 119, Notes from a Big Country
06727814, 8.0, 181, 自私的猪
03023778, 9.2, 71, 生活·爱情·幽默 阿螺
01015061, 8.7, 97, 抬头见喜
10541306, 6.2, 2097, 墨菲定律
03127346, 8.9, 83, 老舍文集（第一卷）
03053294, 6.9, 618, 白水煮一切
34450543, 9.2, 68, 神探狗狗4
03413773, 7.7, 229, 士兵如何修理留声机
26702273, 8.4, 120, 女汉子大改造
26691806, 8.9, 81, 济南的冬天
25941372, 7.6, 243, 1988：我想和这个世界谈谈
01170526, 8.3, 125, 龟兔赛跑现场推论
03028930, 8.3, 125, 伪君子
02061847, 8.5, 106, So Long
05366486, 7.4, 298, 我如何成为一名畅销书作家
01956053, 8.7, 90, 女儿的故事
33412257, 7.2, 364, 如何成为讲话有趣的人
03070045, 7.8, 186, 懒人懒思录
26756858, 8.0, 149, 三怪客泛舟记
01068569, 7.9, 162, 幽默人生
26859082, 7.2, 342, 为什么有的人特別招蚊子?
04020264, 9.3, 56, 和尚班之岁月随想
26265830, 9.0, 67, 小猪小象系列绘本——小猪害我打喷嚏
30397611, 9.2, 59, 卡卡家有窝逆天的鸡
24722682, 7.3, 296, 长安乱
01788928, 7.6, 211, 富人秀
26265846, 9.3, 55, 小猪小象系列绘本—— 一起出去玩吧
06902066, 8.3, 108, 怎么才能不吃掉我的朋友？
03088011, 9.2, 57, When You Are Engulfed in Flames
03036382, 8.5, 91, 丁西林剧作全集（上）
03810938, 7.6, 201, 长安乱
03188100, 8.8, 73, 古今笑史
26599496, 8.5, 90, 无聊的幽默
34204559, 7.3, 276, Dear Girls
26939975, 9.5, 47, 是你吃了狒狒吗？
03237765, 7.0, 396, 马文的战争
27055133, 7.0, 392, 神秘组织
02037327, 9.0, 62, 马克·吐温精品集（上、下卷）
27086890, 7.0, 381, 十八岁给我一个姑娘
27034811, 8.1, 118, 你和我，等于整个宇宙
01946711, 9.4, 48, 德国幽默故事精选
27068872, 6.6, 665, 加油！你是最胖的
20470506, 6.6, 654, 不过一碗人间烟火
34451103, 8.9, 63, 遗憾的进化
05038607, 7.7, 163, 小人物日记
10742754, 8.8, 66, 吃书的狐狸
25697503, 8.4, 86, 我和狗狗一起活下来
26632748, 7.5, 190, 大城小事
26677130, 6.9, 382, 弗兰克尔自传
02146398, 8.6, 72, I Am America
01146706, 8.7, 67, 马三立表演相声精品集
25858046, 7.2, 253, 袁腾飞讲汉末三国（上下）
01010172, 8.8, 62, 吹牛大王奇游记
03415246, 9.5, 41, 父与子全集
02087602, 8.1, 103, 嘻哈小天才2
01081658, 7.9, 122, 何典
01647725, 9.2, 48, 三人同舟
06556843, 7.8, 131, 非关男孩
01074539, 8.2, 93, 懒人懒思录
35007046, 9.1, 50, 聪明的老板不苛责摸鱼的人
26899736, 8.9, 56, 他割了又长的生活
24737066, 7.9, 118, 雅典娜之印
26392639, 9.1, 49, 围城
25918123, 7.9, 115, 太阳系三环到四环搬迁纪要
26900310, 6.4, 707, 就是想看你笑的样子
03719389, 9.0, 51, 1年级鲜事多
03671443, 6.7, 439, 唐史并不如烟（第一部）
01028292, 8.0, 103, 摩登上海
24736873, 7.3, 200, 一座城池
26292127, 6.9, 313, 这就是马云
20396688, 8.4, 71, 大话降龙1
26728833, 8.8, 54, What if
30487078, 8.0, 96, 魔法外套
05314758, 8.7, 57, Diary of Wimpy Kids Boxset 小屁孩日记套装
02264071, 9.0, 47, The Daily Show with Jon Stewart Presents America (The Book) Teacher&#39;s Edition
01222033, 7.8, 108, 诙谐及其与无意识的关系
27113505, 8.5, 62, 别烦我!
27041328, 9.4, 36, 手推车大作战
01754380, 8.0, 89, 祸水三千
05348003, 7.5, 137, 骗小孩的大谎言
20444996, 7.5, 134, 钱堆里的男孩
26656020, 6.7, 334, 我长得丑，你们都得让着我
01214598, 7.7, 109, 幽默水浒
10862358, 8.7, 51, 竞选州长
21419793, 8.7, 51, 怪物史莱克
01070659, 7.2, 178, 古国怪遇记
30223759, 8.1, 77, Calypso
11599150, 9.0, 42, 漫条思理
01959969, 8.6, 53, 终极米迷口袋书001
03245147, 7.4, 139, 张小盒2·office成长记
01045263, 7.3, 145, 笑熬糨糊
03554517, 7.9, 83, Percy Jackson and the Sea of Monsters
01465068, 8.3, 61, The Mother Tongue
11443354, 7.1, 178, 无情的雨夜
10344600, 9.1, 37, The Etymologicon
01103991, 6.9, 221, 豌豆笑传
30223063, 8.3, 60, 只好背叛地球了
02762615, 8.1, 68, 雞農兒童
07007257, 7.7, 94, 尼尔森老师不见了！
04259570, 8.2, 63, 马克·吐温短篇小说集（英汉对照）（全两册）
02077056, 7.0, 190, 你好，幽默
10794383, 6.5, 361, 上课不要看小说
02263318, 8.1, 67, The Uncommon Reader
01019062, 8.4, 54, 莫泊桑幽默作品集
30254285, 8.2, 62, 这个唐朝太有意思了（第一卷）
01773822, 9.4, 30, How to be a Brit
01022850, 9.7, 26, 世界幽默大师连环漫画丛书/皮德漫画全集
01524900, 9.6, 27, 菜头与土豆  1
10795882, 7.6, 98, 鬼脸历史课.中国近代史上
06424700, 8.7, 43, 老鼠牙医-地嗖头
34993005, 7.1, 157, 幽默感
26556995, 6.3, 453, 制冷少女
26269678, 9.2, 32, 浮世猫绘/浮世貓繪
03554516, 7.2, 138, Percy Jackson and the Lightning Thief
03108951, 8.3, 54, 老夫子四合院
11609638, 8.1, 62, 鬼脸历史课（下）
20435263, 7.9, 72, 理想丈夫
01865622, 8.4, 50, Getting Even
34710202, 8.4, 50, 金秘书为何那样
27106725, 7.2, 133, 我是猫
25897185, 8.0, 65, 書店怪問
04857004, 8.8, 38, 千万别当侦探
03719397, 9.1, 32, 3年级花样多
07156704, 8.4, 48, Redshirts
04044873, 9.5, 26, 十一只猫和猪
25894661, 7.2, 128, 彪悍南北朝之铁血后三国
26653973, 7.4, 105, 把自己推理成凶手的名侦探
30487081, 6.7, 228, 醉酒简史
30198243, 7.7, 80, 武林猛主1
35042841, 7.8, 73, 说笑
34614807, 7.9, 67, 奇妙量子世界
05396550, 8.5, 44, 竞选州长
24756461, 8.1, 57, 伤心楚汉
04060919, 8.0, 61, 糗事一箩筐2
01039802, 8.5, 43, 果戈理幽默作品选
32577555, 7.3, 108, 万物的终结
01826567, 8.5, 42, The Giraffe and the Pelly and Me
01127917, 7.9, 63, 小说的气味
03188324, 7.0, 144, 祝福你，阿贵
26915066, 8.0, 58, 成為有趣人的55條說話公式
24522348, 9.0, 31, 济公传● 降
01179088, 7.3, 104, 朝花偏不夕拾
25934119, 5.7, 1045, 万万没想到
01189918, 8.8, 34, 蚊子叮蚊子
01958211, 8.8, 34, 傻子出国记
30276767, 9.4, 25, 佐贺阿嬷：幸福旅行箱
01332301, 8.6, 38, 你管別人怎麼想（修訂版）
01488028, 8.6, 38, 戏台上的蟒蛇
26743645, 7.3, 101, 与猫头鹰一起检查糖尿病
03553666, 7.8, 65, Percy Jackson and the Titan&#39;s Curse
25854139, 7.8, 65, 我不是完美妈妈
26305987, 6.3, 333, Crazy Rich Asians
04004819, 8.7, 35, 笑
03719401, 8.5, 39, 六年级怪事多
06836136, 7.4, 88, Seriously...I&#39;m Kidding
01436499, 8.3, 43, 你的年少我轻狂
26920718, 6.5, 231, 笑话方法论
03086497, 7.0, 126, 发乎情止于非礼
34778866, 6.8, 157, 网红养成记
04118705, 7.9, 56, 我们如何摔断腿
03561428, 7.9, 55, 幽默小品集
26789046, 9.5, 22, 怪诞少女日记特别版
35006594, 8.3, 41, 老妈的旅行箱
24750088, 6.5, 218, 你的猫正在密谋干掉你
26178524, 7.1, 108, 季警官的无厘头推理事件簿
27147454, 7.2, 97, 小人物日记
26756863, 7.6, 67, 小镇艳阳录
01983239, 8.5, 35, 宝牙母象
06976852, 8.5, 35, 笑林广记
03737359, 9.3, 23, 四年级烦恼多
03015444, 8.4, 37, The Battle of the Labyrinth (Percy Jackson and the Olympians
03071897, 7.9, 51, 侦探一家
26388388, 7.9, 51, 我是女总统
24722100, 8.5, 34, 凯恩与蛇神暗影
05948753, 7.9, 50, 苏联流行笑话与幽默
27084257, 8.3, 38, 不懂神話，就只能看裸體了啊
10541805, 8.0, 46, 气吞万里
27131511, 7.8, 53, 十二岁的旅程
20396689, 9.4, 21, 大话降龙2
34874099, 9.4, 21, 危险无处不在（全三册）
01891048, 9.1, 24, 絕不付帳
26943326, 7.5, 66, 彪悍南北朝之铁血双雄会
06777839, 7.3, 78, 唐朝从来不淡定1
06097178, 9.6, 19, 终极米迷口袋书053
03633451, 6.6, 161, 胖子都有颗敏感的心
01036863, 8.4, 34, 玩转三十六计
03116340, 8.4, 34, 马克·吐温散文
24714235, 8.2, 38, 地狱笑星：暴牙小鬼讲冷笑话
26864938, 8.1, 40, 马克·吐温短篇小说集
30227575, 7.8, 49, 我是猫
01397871, 6.5, 169, 人类的愚蠢历史
33429962, 7.0, 94, 欧阳修传：世俗的圣贤
03090241, 8.2, 36, 边走边忽悠
02037743, 9.2, 21, 老舍幽默小品精粹
03719396, 9.2, 21, 2年级问题多
26790997, 7.2, 76, The Girl with the Lower Back Tattoo
26317314, 6.1, 282, 假凤虚凰
34856416, 7.4, 63, 令人难以宽慰的农庄
30246988, 8.0, 40, 有趣儿
25958401, 7.3, 68, 自杀俱乐部
01073252, 7.5, 57, 美女危险论
01043049, 7.6, 52, 你是幽默高手吗
34982107, 9.6, 17, 史密斯船长大事记
30261680, 8.6, 27, 雅舍闲趣
06731597, 6.1, 260, 病假指南
26969877, 7.2, 70, 别装了，其实你没病：生涯微咨询欢乐答疑
10732332, 6.7, 116, 我们为什么分手
34894399, 9.4, 18, 小猪小象系列绘本（2019版）
04182781, 8.6, 26, 寻找你的幸运星-概率的秘密-可怕的科学
03201507, 7.6, 49, 滑稽自传
27034696, 9.1, 20, 东学西渐
04866511, 8.7, 24, Percy Jackson and the last olympian
03191670, 8.4, 28, 老盖仙论处世
01072670, 7.4, 55, 笑死你不偿命4
26672245, 6.4, 152, 会说话的人，人生都不会太差
27605564, 8.0, 35, 去！非洲！
05263176, 7.5, 49, 恋爱百分百
26892048, 7.1, 67, 打油小说集
30247000, 7.4, 51, 有味儿
01038486, 7.9, 35, 魔鬼辞典
03260378, 6.3, 156, 又厚又黑红楼梦
26303460, 7.0, 71, 李逵日记3之忠义千秋
19982464, 7.0, 70, 把日子过成段子
34990847, 9.1, 18, 小林漫画：人间逍遥游
25863289, 6.4, 131, 过得刚好
27113490, 9.7, 14, 如何给一只猛犸象洗澡
30254288, 8.2, 28, 这个唐朝太有意思了（第三卷）
27068491, 7.5, 44, 你看起来像我最后一任
26926368, 7.9, 33, 宋朝短信
01848373, 8.9, 19, The Comedy Bible
01424254, 6.2, 162, 保姆日记
06984975, 6.9, 72, 重返亚瑟王朝
01070929, 8.5, 23, e故事
01309797, 6.9, 70, 我思故我笑(哲学的幽默一面)
33438808, 6.3, 134, 超纲冷知识
27200228, 7.3, 48, 贞观大闲人
06835897, 9.2, 16, The Heroes of Olympus
10535367, 6.8, 75, 只为途中与你相见
30247569, 8.9, 18, 老薛小画·必须觉悟
27144809, 9.3, 15, 我絕非虛構的美好七年
19990234, 7.3, 46, 鸡零狗碎的青春
03158295, 8.2, 25, 教你幽默到心田
26855728, 7.2, 49, 我们相爱，就是为民除害
02571039, 8.8, 18, Step by Step to Stand-up Comedy
06009061, 7.6, 35, 超级笨蛋
02122278, 6.7, 74, 电影狂热症
06727707, 6.6, 82, 水深火热在美国
35058245, 8.7, 18, 美丽的数学
26978466, 6.5, 88, China Rich Girlfriend
20255373, 7.5, 35, 帕拉帕拉山的妖怪
07064522, 6.8, 62, 大力水手
01425748, 6.7, 68, 笑话、幽默与逻辑
05381996, 8.0, 25, 机智与无意识的关系
05254207, 9.2, 14, 中外名人幽默故事大观
25818749, 7.2, 43, 维洛那二士
01046352, 8.3, 21, 外国幽默大王
25909127, 8.6, 18, Ayoade on Ayoade
01882892, 7.9, 26, 幽默三国之超女演唱会
10617090, 7.3, 39, 马克.吐温幽默小说
26727151, 7.3, 39, 笑
03746014, 7.7, 29, 爱伦·坡幽默小说集
27059223, 6.1, 122, Rich People Problems: A Novel
35071124, 8.3, 19, 阿福拜见老虎岳父
03531087, 6.0, 129, 名著中的悬案
24840490, 7.4, 32, 深度旅游达人
01702360, 9.1, 13, The Hitchhiker&#39;s Guide to the Galaxy
26811427, 6.6, 61, 只要你过得没我好
01040891, 7.1, 39, K文件①
01072825, 5.8, 165, 八戒日记
33462783, 6.7, 55, 历史的荷尔蒙.2
04850626, 8.5, 16, 倚梦闲话4
10763355, 7.0, 40, 月谜踪
01319827, 6.8, 47, Q版梁山好汉
02070203, 6.1, 99, 我不要做丑女!
05411353, 5.9, 122, 吴宗宪的幽默之道
30439731, 5.9, 119, 企鹅都市生存指南
27008309, 6.9, 40, 笑的科学
03109072, 6.5, 57, 糗事
33445300, 7.8, 21, 百万英镑
25720195, 6.3, 69, 段王爷
26871463, 6.0, 98, 王朝的家底：从经济学角度看中国历史
20483190, 7.3, 28, Dad Is Fat
04926470, 6.7, 45, 考上公务员
01391652, 7.8, 20, 世界经典幽默讽刺小说
26136756, 7.7, 21, 别放弃，小豌豆
03109073, 7.3, 27, 糗事
26712391, 7.6, 22, 绝望一刻卖个萌
26756859, 6.3, 60, 三怪客骑行记
33380615, 8.2, 15, 妖怪调查科
05296788, 7.6, 20, Surviving Your Stupid
05440465, 7.4, 22, 谁的荷尔蒙在汉朝飞
04271619, 6.5, 44, 人人爱看的美国史
01667966, 8.2, 14, 幽默的水墨
35075013, 8.2, 14, 钻石思维
01421197, 7.5, 20, 犹太商战幽默
26421214, 7.5, 20, 说谎这门艺术
30180548, 5.6, 125, 历史的荷尔蒙
20015866, 9.0, 10, Gulp
27618535, 5.8, 89, 极客生活(我的第一本科学生活用书)
07067191, 7.6, 18, 笑话幽默与逻辑
33437753, 7.8, 16, 屎壳郎的生日礼物
01325705, 6.5, 39, 流氓兔幽默与智慧
05259148, 6.5, 35, 白话全本红楼梦
35003714, 7.8, 14, 爱在星云流转时
04915874, 7.2, 19, 我本无名
11524361, 7.2, 19, 女人抬头做自己，男人才会高看你
24850399, 6.3, 38, 微型小说也腹黑
20504301, 6.5, 31, 麦拉风
34924029, 7.2, 18, 我身体里的恶作剧：肠道无难事
27024979, 6.7, 24, 我的叔叔
01157926, 7.7, 13, 另类游记——我的幽默之旅
04713717, 6.8, 22, 爷亮的不是贱，是杯具
30217972, 6.8, 21, 文学上的失误
01490551, 6.1, 37, 广告也幽默
01175528, 7.4, 13, 俄罗斯笑话与幽默
34778625, 5.8, 43, 口才三绝+为人三会+修心三不(套装全3册）
01028854, 6.3, 25, 幽默的艺术
05946542, 6.8, 16, 御姐驾到
01709467, 7.0, 14, 中国人的幽默
01147817, 6.0, 29, 影响你一生的100个幽默技巧
21668068, 4.6, 241, 幽默沟通学
01813531, 6.3, 20, 幽默金口才
04039383, 5.9, 26, 当初真是瞎了我的狗眼
01542167, 6.7, 13, 中国名人打油诗三百首趣谈
03539819, 6.0, 21, Pygmy
01213876, 5.8, 17, 为什么我讨厌搭飞机
34468449, 5.0, 32, 绝望笔记
26661717, 5.6, 16, 幽默沟通
06827955, 4.7, 26, 最喷饭的幽默笑话/MBOOK随身读系列
01623826, 4.3, 23, 用幽默化解困境
10533937, 0.0, 11, 布尔和比利
10741987, 0.0, 13, 为什么冷场的总是你
01425315, 0.0, 15, 一生要会讲的幽默笑话
26775678, 0.0, 16, 神话，要有趣
26425107, 0.0, 17, 编辑大人不靠谱
26800317, 0.0, 17, 我的美少年时代
30270264, 0.0, 17, 单纯
24849618, 0.0, 20, 翻滚吧，职场2
04866658, 0.0, 21, 每天学点幽默口才
26879253, 0.0, 21, 37传
30270246, 0.0, 21, 把话说完
26371098, 0.0, 22, 小强来了
05350325, 0.0, 25, 不倒过来念的是猪全集
26990303, 0.0, 31, 帅气的我去当老师了
03636288, 0.0, 33, 朝鲜劳动党反华言论
26312537, 0.0, 36, 灰姑娘被爱敲醒啦
