2020-07-05 16:00:02

number of books, tag name
263, 庄子

ID, rating, votes, title
01200840, 9.0, 251387, 平凡的世界（全三部）
06388661, 8.8, 56131, 这些人，那些事
01059258, 9.4, 12589, 道德经精义
02046236, 9.4, 7508, 庄子
03410709, 9.2, 2634, 中国哲学简史
01287864, 9.4, 1994, 庄子
01051919, 9.3, 1968, 庄子今注今译（全三册）
02149717, 8.9, 2510, 庄子諵譁（上）
01020407, 8.9, 2101, 庄子说
06999940, 8.7, 2193, 2666
02221115, 9.0, 1199, 庄子諵譁（下）
25752592, 8.9, 1111, 从黎明到衰落（上下）
04917251, 9.2, 775, 庄子
01062611, 9.4, 577, 庄子集释（全三册）
01419687, 8.8, 947, 京华烟云
01931318, 7.0, 10860, 于丹《论语》心得
33407364, 9.6, 359, 易中天中华经典故事(套装共6册)
02184056, 9.1, 541, 庄子今注今译
03802048, 8.8, 709, 我说参同契（上）
26256621, 9.2, 474, 《庄子》与道教文化及武文化的比较研究:民间演绎 身体转向 天人互证
01010550, 9.0, 529, 庄子说
01309943, 9.3, 376, 庄子
02029641, 8.2, 1140, 南怀瑾与彼得·圣吉
02003451, 7.2, 4709, 于丹《庄子》心得
05403731, 9.4, 304, 庄子注疏
01125216, 9.6, 258, 庄子
01254354, 9.3, 298, 庄子集解·庄子集解内篇补正
01455373, 8.2, 851, 神州奇侠(正传)(1-4)
01415338, 9.4, 244, 莊子今注今譯
01248104, 9.5, 190, 南华经
01976551, 8.4, 494, 中国艺术精神
03013357, 9.4, 199, 庄子
06725978, 8.2, 464, 逍遥游
03672176, 8.7, 271, 庄子四讲
06004595, 9.0, 198, 中国艺术精神
01051099, 9.4, 143, 南華真經注疏（上下）
01216821, 8.2, 388, 庄子哲学
01699782, 9.0, 173, 庄子精读
25976257, 8.9, 184, 庄子諵譁
02154581, 9.2, 144, 庄子校诠（全二册）
01226672, 7.6, 667, TOEFL词汇词根+联想记忆法
01482661, 9.2, 139, 王弼集校释（上下）
01762128, 9.2, 133, 庄子发微
24697576, 7.5, 677, 第3选择
26353351, 7.8, 451, 倾世风华
01270517, 8.1, 319, 庄老通辨
01058007, 9.5, 98, 老子庄子
01536623, 8.6, 186, 庄子浅注
01659478, 9.1, 124, 庄子评传
01030991, 8.4, 214, 庄子现代版
03819957, 9.6, 85, 老子衍 庄子通 庄子解
27149858, 7.6, 485, 梁冬说庄子
01440054, 8.7, 155, 心靈寫作－創造你的異想世界
02074898, 8.4, 196, 骆玉明老庄随谈
27070173, 8.9, 122, 禅说庄子：齐物论
24533328, 9.7, 70, 庄子集释
26945912, 8.2, 188, 庄子
20282384, 7.9, 248, 庄子浅说
05984231, 8.7, 121, 庄子传
21778174, 8.3, 168, 北冥有鱼
05390086, 8.1, 200, 庄子闲吹
01198370, 9.1, 86, 庄子补正
02113439, 8.8, 103, 无奈与逍遥
20387639, 8.2, 166, 《庄子》内七篇析义
03803226, 9.5, 64, 庄子
33446875, 9.2, 75, 游心之路
03907940, 9.1, 80, 历代文史要籍注释选刊·庄子内篇注
02148707, 7.7, 251, 左手孔子右手老子
06030334, 8.9, 84, 庄子纂笺
02989616, 9.6, 54, 图解庄子
06085413, 7.1, 469, 法国文人相轻史
25818906, 8.9, 82, 庄子纂笺
30227133, 8.3, 120, 逍遥游
26596719, 8.4, 104, 正是時候讀莊子
01084312, 8.9, 72, 庄子选译
24930765, 8.1, 126, 庄子哲学（ 第二版）
26606707, 9.3, 53, 庄子内篇注
01868555, 8.3, 105, 阻力最小之路
19965479, 7.1, 340, 今生就这样开始
01000114, 8.4, 94, 老子的智慧
10539399, 9.2, 54, 庄子集释（上中下）
26913495, 9.5, 44, 庄子今注今译
26871017, 10.0, 34, 莊子集釋
06983316, 8.0, 120, 老子的智慧
04712533, 8.4, 83, 庄子哲学及其演变
26817459, 8.7, 67, 庄子今注今译
19967799, 8.0, 112, 失控的正向思考
03902046, 9.2, 47, 基督山伯爵（上下）
01547930, 9.4, 42, 庄子鬳斋口义校注
03684913, 9.0, 51, 漫画道家思想（下册）
26710487, 9.0, 51, 庄子的开放心灵与价值重估
02279272, 8.4, 76, 庄学管窥
26793142, 8.0, 102, 庄子哲学讲记
26159219, 8.7, 60, 莊子補正
06004640, 9.5, 37, 新唯识论
25982213, 8.8, 54, 庄子浅注
05037318, 9.3, 40, 药地炮庄
01852200, 8.6, 61, 庄子通释
04734388, 8.3, 73, 郭象《庄子注》研究
27180331, 7.1, 223, 梁冬说庄子•养生主
01982105, 7.6, 127, 傅佩荣《庄子》心得
26673155, 9.5, 34, 庄子全书
02025888, 8.2, 70, 庄子译注
02257628, 9.2, 37, 庄子解
33657841, 8.6, 52, 庄子内篇读本
01876040, 7.8, 87, 傅佩荣解读庄子
02373414, 7.1, 171, 庄子奥义
01260431, 8.4, 55, 庄子正宗
27023552, 7.9, 72, 庄子浅说
30234340, 7.8, 73, 正是时候读庄子
03522379, 8.4, 47, 游心太玄
02279269, 8.6, 41, 先秦道法思想讲稿
20473421, 9.7, 23, 南华雪心编
02030934, 8.3, 48, 庄子
30240182, 7.9, 63, 庄子百句
01844957, 9.7, 22, 庄子选译（高中部分）
20558366, 9.8, 21, 庄子集解  庄子集解内篇补正
01036948, 8.2, 48, 还吾庄子
02012428, 8.4, 41, 庄子传
02151280, 7.2, 103, 于丹《庄子》心得
01253701, 7.9, 55, 《齐物论》及其影响
01984109, 9.2, 25, Power vs. Force
02338018, 9.2, 25, 陈献章集（上下册）
01072851, 7.9, 54, 庄子全译
06860065, 8.8, 29, 莊子四講
27093048, 9.0, 26, 庄子
01488556, 8.0, 47, 庄学研究
03199175, 9.0, 25, 禅说庄子
34836000, 8.8, 27, 放下心中的尺子
01493894, 7.6, 58, 虚己以游世
01577666, 8.3, 35, 墨庄漫录·过庭录·可书
25907571, 8.8, 26, 庄子故事
03368867, 9.6, 18, 庄子义集校
24879450, 9.9, 16, 經典釋文
02222370, 7.5, 59, 幻像与生命
03005085, 8.3, 33, 禅说庄子
06506934, 7.3, 67, 庄子的奔腾
34873237, 9.6, 17, 《齐物论释》疏证
26854977, 7.8, 44, 无为与逍遥
01689670, 9.0, 21, 庄子新释
02351120, 8.2, 31, 修真
30258473, 6.8, 92, 梁冬说庄子·齐物论
06893855, 8.5, 25, 庄子因
04165860, 7.6, 44, 郭象与魏晋玄学
03301331, 8.0, 33, 形而上下
01081959, 8.9, 20, 庄子
05915619, 9.0, 19, 逍遙遊
01999699, 8.6, 23, 庄子哲学及其演变
02990520, 8.5, 24, 庄子
03346027, 8.3, 26, 庄子说
10532266, 8.5, 23, 庄子独见
01130354, 9.6, 14, 南华经
01216333, 7.6, 39, 庄子说
01013303, 8.3, 25, 庄子译诂-中华古籍译注丛书
01105018, 8.0, 29, 中国传统文化经典文库--唐诗三百首
25720924, 9.5, 14, 禅说庄子：知北游
06862152, 8.3, 24, 海德格尔思想与中国天道
01891397, 8.0, 27, 白话老子庄子列子
24879434, 8.4, 21, 老子指歸校箋
03907470, 8.6, 19, 庄子的思想世界
03277487, 7.8, 29, 庄子学史
01252387, 8.0, 25, 庄子闲读
02057862, 8.2, 22, 庄子看人生
01148546, 9.0, 15, 庄子
27004839, 8.7, 17, 庄子人性论
01512526, 9.1, 14, 庄子选集
03040966, 8.4, 19, 庄子新探
06430742, 8.4, 19, 庄子雪
01935145, 7.8, 26, 《庄子》入门
24737642, 8.7, 16, 庄子（集解本）
34938922, 8.7, 16, 相忘于江湖
25720922, 9.0, 14, 禅说庄子：达生
01449282, 8.7, 15, 中华古典珍品·庄子
06097223, 8.2, 19, 庄老通辨
10589364, 8.1, 20, 庄子纂要（全八册）
30150595, 7.2, 35, 庄子故事
02074138, 9.2, 12, 庄子直解
30190074, 7.7, 24, 从鹏扶摇到蝶蹁跹
01967494, 8.6, 15, 西游记
25720927, 8.0, 20, 禅说庄子：人间世·养生主·应帝王
01047179, 8.7, 14, 庄子注译
21335266, 8.7, 14, 庄子
10608339, 9.3, 11, 庄子歧解
30217063, 7.0, 37, 傅佩荣讲庄子
03198595, 8.5, 15, 南华经解
34820900, 8.6, 14, 庄子的世界
02174187, 8.3, 16, 莊子齊物論義理演析
26266018, 8.3, 16, 《庄子内篇》精读
02115908, 7.2, 30, 庄子译注（上下）
10345329, 8.4, 15, 庄子选评/中国古代文史经典读本
01035906, 7.5, 24, 智慧的欢歌
26832571, 8.5, 14, 庄子的思想世界
01262266, 7.2, 29, 道家与海德格尔相互诠释
06531405, 8.3, 15, 庄子评传
02041267, 6.7, 41, 人间庄子
10781607, 8.4, 14, 庄子与雅各
01176748, 7.1, 29, 贫嘴庄子的幸福生活
06070297, 7.4, 23, 庄子还原
01129543, 8.3, 14, 白话庄子
01447267, 7.6, 20, 庄子哲学新探
04238201, 8.1, 15, 漫画庄子 逍遥的宗师
26924775, 7.6, 19, 蔡志忠漫画古籍典藏系列:漫画庄子说（上下册）
25795227, 8.7, 11, 庄子我说
26898207, 8.7, 11, 莊子，從心開始
01252956, 7.7, 16, 庄子通释
02196023, 8.5, 11, 老子庄子
02183633, 8.1, 13, 仿佛淘庄子
02305714, 7.8, 15, 庄子选择
03061459, 7.4, 18, 名家品庄子
03806337, 7.3, 19, 道家思想的新研究（上下卷）
03569414, 7.7, 15, 南华经
06539555, 8.2, 11, 莊子諵譁
26867433, 8.4, 10, 齐物论释
01253591, 7.2, 18, 逍遥游
27096168, 7.1, 19, 一个等待与无用的民族
01647857, 7.5, 14, 庄子传
26697340, 6.8, 21, 樗下读庄
25751805, 6.7, 22, 禅说庄子：逍遥游、德充符
25879048, 7.5, 13, 庄子内篇新解 庄子通疏证
05435949, 7.1, 16, 我读《庄子》Ⅰ
01914274, 7.6, 12, 自然的箫声
06430706, 8.0, 10, 庄子新义
11530664, 8.0, 10, 庄子诠言
10453712, 7.7, 11, 化蝶
11520761, 6.9, 17, 庄子译注
02321852, 7.5, 12, 话说庄子
03500805, 7.8, 10, 庄子说/自然的萧声/中国文库第二辑
03888098, 7.4, 12, 《庄子》九章
01418080, 6.8, 16, 庄子显灵记
02117499, 7.0, 14, 庄子与中国美学
02188308, 6.5, 19, 庄子的智慧
01638619, 7.6, 10, 玄参南华经
01140981, 7.2, 12, 梦与中国文化
01448869, 6.7, 16, 从逍遥游到林中路
03540421, 6.8, 15, 庄子为什么这样跩
01315540, 7.0, 13, 庄子今解
01653021, 7.3, 11, 庄子选译
04116720, 6.6, 16, 《庄子》的智慧
01835376, 6.0, 23, 庄子一日一讲
01044579, 7.0, 11, 鹏翔无疆
21329688, 7.0, 11, 庄子的奔腾
02073672, 6.8, 12, 庄子很生气
02026092, 6.9, 11, 庄子学院
03007598, 6.2, 17, 庄子说道
02029323, 6.7, 12, 《庄子》注评
30251590, 6.4, 14, 庄子新注
26581316, 4.9, 65, 老庄之道
06858021, 6.2, 10, 中华文化原典读本
01457192, 0.0, 10, 诸子百家 现代版
03574978, 0.0, 10, 庄子内篇译解和批判
06902949, 0.0, 10, 庄子逍遥义演变研究
25781255, 0.0, 10, 漫画庄子说
25913139, 0.0, 10, 逍遥游：庄子传
26816066, 0.0, 10, 中华国学经典精粹
26887845, 0.0, 10, 庄子
03012887, 0.0, 11, 莊子發微
03270343, 0.0, 11, 十家论庄
10866983, 0.0, 11, 傅佩荣译解庄子
01678979, 0.0, 12, 庄子的文化解析
04170562, 0.0, 12, 苏东坡全集（上下）
21329690, 0.0, 13, 庄子的享受
01123208, 0.0, 14, 庄子（共3册）
02208033, 0.0, 16, 新譯莊子讀本
