2020-07-05 16:00:02

number of books, tag name
179, 底层

ID, rating, votes, title
04913064, 9.4, 496860, 活着
03259440, 9.1, 460310, 白夜行
02567698, 8.8, 375311, 三体
01200840, 9.0, 251387, 平凡的世界（全三部）
01082154, 9.1, 190797, 活着
20427187, 8.8, 276226, 看见
01361264, 9.0, 186400, 撒哈拉的故事
01029791, 8.8, 191231, 许三观卖血记
01827374, 9.0, 96685, 东方快车谋杀案
04011670, 8.3, 189105, 人间失格
01043815, 8.4, 151825, 骆驼祥子
01088065, 8.7, 71893, 阿Q正传
04242172, 8.1, 230388, 天才在左 疯子在右
05414391, 9.0, 41467, 寻路中国
01401425, 8.3, 84771, 兄弟（上）
05275059, 7.9, 138108, 1988：我想和这个世界谈谈
05337254, 9.1, 15638, 孽子
01424741, 8.5, 28758, 心是孤独的猎手
01752755, 8.6, 14329, 第九个寡妇
01203251, 8.1, 33315, 雾都孤儿
04275017, 9.1, 6378, 骆驼祥子
02258034, 9.3, 4776, 乡土中国
01794620, 7.8, 48450, 芒果街上的小屋
05333562, 9.7, 2546, 深入理解计算机系统（原书第2版）
01043485, 8.2, 19607, 檀香刑
04010969, 7.8, 40237, 当我们谈论爱情时我们在谈论什么
01148282, 9.5, 2359, 计算机程序的构造和解释(原书第2版)
04822685, 9.2, 3285, 编码
01880986, 9.2, 3229, 悲惨世界（上下）
26291984, 8.8, 4822, 最后的耍猴人
01788421, 9.4, 2275, UNIX环境高级编程
04908872, 8.6, 5896, 都柏林人
04267149, 8.5, 6323, 人生
25891771, 7.7, 21931, 失乐园
25984204, 7.3, 49262, 乖，摸摸头
03018339, 7.7, 19209, 万物生长
01124305, 8.1, 8752, 扶桑
01035477, 7.9, 12094, 德伯家的苔丝
01291199, 8.7, 2959, 过于喧嚣的孤独 底层的珍珠
01024570, 9.3, 1384, 编码的奥秘
24827456, 8.5, 3408, 万箭穿心
03037562, 9.3, 1236, 汇编语言（第2版）
01091086, 9.1, 1448, 深度探索C++对象模型
02027824, 8.7, 2045, 风景
03290010, 7.0, 28565, 澜本嫁衣
06539860, 8.6, 1797, 大地孤独闪光
01607478, 8.3, 2485, 巴黎伦敦落魄记
04285240, 9.0, 1036, 过于喧嚣的孤独
03296317, 9.1, 922, 编译原理
21966353, 7.6, 6793, 贫穷的本质
04311471, 8.4, 1988, 门
25731506, 8.0, 3388, 乱时候，穷时候
27007881, 7.9, 3849, 乡下人的悲歌
03999070, 7.7, 5050, 燕尾蝶
26735064, 7.2, 12260, 孤独小说家
26178426, 7.5, 6939, 稀缺
26288884, 7.9, 3358, 一半是火焰 一半是海水
01204132, 8.8, 1023, 孽子
25870998, 8.3, 1814, 西部招妻
01456311, 8.6, 1078, Of Mice and Men
01074660, 8.6, 969, 我这一辈子
02300636, 7.4, 5020, 我叫刘跃进
19973015, 9.7, 315, Operating Systems
01232029, 9.2, 478, C专家编程
03117898, 8.7, 776, Python源码剖析
04313213, 8.3, 1220, 白老虎
03235659, 9.2, 451, Windows核心编程(第5版)
01318122, 8.7, 699, 骆驼祥子
01420111, 8.6, 742, 送法下乡
01085066, 8.8, 601, 红与黑
04885190, 8.0, 1523, 安琪拉的灰烬
02030855, 8.6, 737, 弱者的武器
25726019, 9.3, 371, 汇编语言(第3版)
04924165, 9.5, 313, CLR via C#
10594783, 6.9, 9232, 沉睡的森林
06750187, 7.6, 2422, 王氏之死
01136277, 7.4, 3165, 嘉莉妹妹
05043528, 8.6, 631, 巴黎伦敦落魄记
04822610, 7.6, 2198, 暗访十年
25815271, 8.1, 983, 中国在梁庄
20376597, 8.3, 766, 猜火车
20452802, 7.7, 1623, 带灯
03127197, 8.3, 750, 穷人
26587228, 8.8, 429, 巴黎伦敦落魄记
01893969, 7.8, 1305, 童年·在人间·我的大学
02287506, 8.7, 452, 深入理解LINUX内核(第三版)
01141221, 9.1, 297, Microsoft.NET框架程序设计
03735649, 8.7, 428, Orange&#39;S:一个操作系统的实现
10427315, 9.0, 311, 深度探索C++对象模型
04843567, 8.9, 291, 深入Linux内核架构
06397072, 8.3, 509, 施剑翘复仇案
01499683, 8.1, 635, 街头文化
06714848, 8.6, 356, 十四家
26344642, 9.7, 141, Computer Systems: A Programmer&#39;s Perspective (3rd Edition)
01390650, 8.6, 323, 现代操作系统
05375970, 9.3, 165, 江村经济
02185076, 9.1, 191, 计算机系统概论
10441748, 9.1, 172, 计算机组成与设计（原书第4版）
03229243, 9.0, 186, Linux内核完全剖析
03088353, 8.8, 217, 软件调试
11530329, 8.3, 307, 30天自制操作系统
26995098, 8.5, 250, 五十四种孤单
02042540, 7.9, 454, 莫言精品：牛
30216251, 8.2, 319, 做工的人
26799211, 7.5, 714, 魔鬼经济学（罗辑思维独家定制版）
01484262, 9.1, 139, Inside the C++ Object Model
25723658, 7.8, 449, 大规模分布式存储系统
26320667, 8.8, 170, 风景
06709745, 8.5, 199, 黑暗的声音
02051716, 8.7, 165, 六宅一生
02083770, 7.6, 483, 春桃
30126964, 7.0, 1074, 乌云遇皎月
01422377, 7.9, 318, 自己动手写操作系统
01231236, 8.5, 176, Linux内核完全注释
25785270, 7.4, 561, 十七个远方
01790130, 7.7, 370, 她们
06429316, 8.5, 160, 边城
26974774, 9.1, 97, 做工的人
03012658, 8.1, 217, 跑步穿过中关村
01760738, 8.3, 172, 编程卓越之道
01231822, 8.9, 106, 莱昂氏UNIX源代码分析
02994636, 7.3, 496, 计算机组成原理
04941427, 8.4, 151, 抵挡太平洋的堤坝
04722708, 7.9, 228, 系统程序员成长计划
01787855, 9.3, 74, Programming From The Ground Up
25708959, 7.8, 249, 街猫
03710534, 8.4, 136, 生命的尊严
26600276, 8.0, 175, 我的诗篇
01092454, 7.8, 202, 生活秀
01481173, 8.6, 99, Linux内核完全剖析
26821357, 8.2, 131, 垃圾回收的算法与实现
06724533, 8.0, 151, 安静的位置
02082177, 8.3, 114, 编程卓越之道
01186894, 7.5, 238, 100元狂走中国
04083265, 8.0, 123, 链接器和加载器
19930393, 9.1, 54, 老码识途
25747346, 7.8, 143, 一头自由主义的鹿
01737145, 8.6, 72, FreeBSD操作系统设计与实现
03611865, 8.4, 75, 虚拟机
02975977, 7.7, 122, 东北偏东
01218873, 8.1, 67, 黑客反汇编揭秘
01080511, 7.7, 80, 80X86汇编语言程序设计教程
02348482, 7.7, 79, The Bottom Billion
26425898, 7.7, 68, 隐形生产线
03119946, 8.0, 48, 程序设计语言原理
01073090, 8.4, 31, 一路奔走
01193557, 7.3, 68, 代码优化
25960657, 8.3, 30, 自己动手写CPU
04167410, 8.7, 24, 思想的表情
01261188, 8.1, 33, 到城里去
01264765, 7.8, 39, 100年的新窑子
02000836, 8.1, 32, PLATONIC SEX (小学館文庫)
01393443, 8.0, 34, 城市生活
04311450, 7.7, 38, 精通Linux设备驱动程序开发
02346506, 7.7, 37, 路旁之石
26290762, 8.3, 23, 现代体系结构上的UNIX系统：内核程序员的对称多处理和缓存技术
02124078, 8.0, 24, 计算机硬件及组成原理
03626205, 7.6, 28, 边街
02993784, 7.5, 22, 底层人文
24700553, 8.3, 13, 多处理器编程的艺术
25736596, 7.1, 23, 女推拿师
01004882, 7.9, 14, 中国冤案实录
27068948, 8.4, 11, Sweat
03020655, 7.2, 20, 五分一毛
26384576, 7.8, 11, 曾国藩：如何改变人生
01505052, 6.3, 26, 80x86汇编语言与计算机体系结构
11505680, 7.3, 13, Scattered Sand
05940675, 5.6, 49, 中国的疼痛
01148179, 6.6, 15, 来自中国社会底层的报告
05907455, 6.2, 20, Android系统级深入开发
01831772, 6.4, 16, 底层叙述
03527857, 5.6, 18, 陌上花开
01962839, 0.0, 10, 宿命的AV女優
26365320, 0.0, 10, CFHipsterRef
02024055, 0.0, 11, 发现政治社会
01216433, 0.0, 12, 操作系统原理·技术与编程
01970421, 0.0, 12, How Debuggers Work
04118765, 0.0, 12, 冬天里的春天
26666589, 0.0, 1120, 大路
