2020-07-05 16:00:02

number of books, tag name
117, 开放人文

ID, rating, votes, title
01041482, 8.9, 143751, 万历十五年
03410718, 9.2, 16162, 美的历程
01813841, 8.7, 32089, 枪炮、病菌与钢铁
01015699, 8.2, 25003, 中国大历史
03930318, 9.1, 3848, 超越时空
03566368, 8.2, 10649, 空谷幽兰
01427825, 8.5, 6650, 中国人史纲（上中下）
01322358, 9.0, 2851, 费马大定理
04131380, 9.1, 2253, 忧郁的热带
01315199, 9.1, 1790, 历史研究
01045862, 8.4, 3179, 第五项修炼
22806583, 8.7, 1839, 国家的常识
01049136, 8.7, 1822, 数学：确定性的丧失
02221115, 9.0, 1199, 庄子諵譁（下）
03035593, 8.2, 2312, 崩溃
06802371, 8.0, 2580, 一个游荡者的世界
06750347, 9.2, 622, 演化
03732346, 8.1, 2163, 疯狂实验史
01035600, 8.6, 1133, 福柯的生死爱欲
06905341, 9.1, 609, 贝聿铭全集
01323573, 8.7, 839, 美丽心灵
01075010, 8.1, 1378, 菊与刀
01460596, 7.6, 2359, 山河岁月
04735702, 9.0, 409, DNA：生命的秘密
01315187, 8.1, 997, 植物的欲望
02124111, 8.9, 403, 世界科学技术通史
02224567, 7.6, 1534, 证据
02221395, 8.2, 621, 经度
01899787, 8.6, 405, 希尔伯特
04011286, 8.0, 772, 1968
01056224, 7.6, 1284, 阅读城市
05417235, 7.9, 722, 失败的逻辑
03121161, 7.9, 704, 性趣探秘
06861475, 9.1, 212, 意识探秘
02298747, 8.9, 185, 现代世界中的数学
01313462, 8.4, 271, 我的大脑敞开了
01315265, 8.3, 281, 从混沌到有序
01881552, 8.3, 272, 剑桥五重奏
01315228, 8.7, 187, 插图本中国文学史（上下册）
03320931, 8.7, 185, 有待探险的世界
03544903, 8.5, 194, 知无涯者
01807777, 8.3, 211, 世界史纲(上下)
26421241, 8.3, 208, 逻辑学是什么
01315074, 8.1, 250, 不论
01315266, 8.4, 186, 协同学
26293336, 9.1, 106, 素数之恋
01792954, 8.8, 132, 欧洲漫画史
04258923, 9.0, 111, 穿越歧路花园
01810352, 8.1, 236, 灵魂机器的时代
03930317, 8.3, 195, 确定性的终结
04238851, 8.2, 210, 从混沌到秩序
01899804, 8.0, 253, 涌现
03121168, 8.3, 189, 细胞叛逆者
25736221, 8.8, 119, 大流感
04208898, 8.4, 161, 心灵种种
01879663, 8.1, 200, 希腊神话与英雄传说
25719703, 9.0, 95, 科学史与科学哲学导论
01323574, 8.6, 125, 迷人的科学风采
01315243, 7.8, 256, 希腊罗马神话
01315191, 8.0, 193, 生命的未来
01313464, 8.8, 98, 古多尔的精神之旅
01802015, 8.4, 132, 中国俗文学史
03121186, 8.3, 136, 逻辑人生
01794206, 8.4, 125, 复杂性与后现代主义
01038644, 8.3, 135, 房龙地理：关于世界的故事（上下册）（彩色插图珍藏本）
03154440, 8.4, 123, 利维坦与空气泵
03410835, 8.1, 149, 熊
01315222, 7.9, 176, 英美文学和艺术中的古典神话
01836229, 8.1, 136, 爱因斯坦·毕加索
01445586, 8.1, 127, 林肯的DNA以及遗传学上的其他冒险
26583403, 9.2, 56, 解码宇宙
25811429, 9.4, 49, 整体性与隐缠序
01323571, 7.9, 143, 机遇与混沌
01882929, 7.8, 149, 希腊罗马神话与传说中的恋爱故事
26628110, 8.5, 82, 数学与人类思维
11498185, 8.3, 94, 无尽之形最美
03617058, 7.1, 300, 马桶的历史
01900205, 8.2, 98, 原子舞者
03902644, 8.0, 105, 无之书
02273757, 8.3, 81, 数学与自然科学之哲学
03544904, 8.4, 74, 20世纪场论的概念发展
01442141, 7.6, 144, 不确定的科学与不确定的世界
04053335, 8.5, 63, 大自然的基本力
01847583, 8.3, 72, 酶的情人
03903017, 8.9, 46, 光线第一-风光摄影的黄金法则
05417231, 8.6, 47, 玻恩-爱因斯坦书信集 (1916-1955)
01323572, 7.8, 81, 天遇
01323570, 7.5, 93, 伊托邦
01313457, 7.3, 107, 伽利略的女儿
01884435, 7.6, 81, 数字密码
01315127, 7.5, 86, 真实地带：十大科学争论
01799729, 7.3, 96, 科学哲学
06797945, 8.7, 34, 亚原子世界探秘
01873519, 6.9, 135, 科学是怎样败给迷信的
01905864, 8.0, 47, 英国普通法的形成
02319383, 7.8, 53, 周期王国
02126739, 8.4, 34, 爱因斯坦奇迹年
01445585, 7.7, 54, 未来是定数吗？
19941274, 8.0, 42, 千年难题
02273766, 7.8, 45, 科学技术学导论
01863621, 7.7, 45, 爱因斯坦在中国
26330483, 8.5, 25, 脑海探险
02315860, 7.8, 37, 宇宙的起源
02273677, 7.3, 53, 复杂性
02273061, 7.8, 36, 激情澎湃
03121201, 7.4, 45, 谁是造物主
01315231, 6.5, 89, 法国史图说
03131239, 6.8, 63, 欧洲文艺复兴
01323575, 7.0, 44, 恋爱中的爱因斯坦
02273759, 7.5, 26, 科学及其编造
04117144, 7.7, 22, DNA博士
26149322, 8.0, 17, 生机勃勃的尘埃
01799731, 6.7, 39, 斑杂的世界
26812775, 7.8, 17, 复活猛犸象
01318194, 7.0, 27, 第五元素
01256402, 7.1, 12, 莎翁智慧
26326432, 7.2, 10, 法拉第和皇家研究院
