2020-07-05 16:00:02

number of books, tag name
68, 弘一法师

ID, rating, votes, title
02075175, 8.8, 1922, 缘缘堂随笔
01227986, 9.2, 761, 护生画集
11599490, 9.2, 649, 护生画集
04154558, 8.7, 791, 人间草木
01967819, 8.7, 688, 李叔同解经
01028052, 7.8, 1770, 李叔同说佛
15076866, 9.3, 181, 护生画集（全七册）
01987566, 9.7, 103, 护生画集
01902632, 8.2, 316, 禅里禅外悟人生
01058845, 9.0, 124, 书信集
04256701, 8.3, 214, 悲欣交集
01004153, 8.8, 123, 护生画集（上下）
02139507, 8.2, 164, 李叔同谈艺
04879642, 8.9, 89, 大师读心经
01079590, 7.7, 227, 悲欣交集
19986455, 9.2, 64, 李叔同的自我修养
02265074, 8.4, 112, 南闽梦影
01192582, 8.6, 89, 李叔同
01909658, 7.6, 166, 送别·我在西湖出家的经过
03101193, 9.5, 41, 晚晴集講記
10545144, 7.6, 143, 人间有味是清欢
02216932, 8.3, 66, 弘一法师
21330931, 8.1, 65, 弘一法师全集
03666801, 7.5, 98, 禅灯梦影
25863356, 7.6, 88, 问君此去几时还
26760515, 8.5, 37, 李叔同的禅语与修身
04893680, 9.2, 24, 金剛經、心經－弘一大師手書
01852925, 7.8, 55, 李叔同集
01274504, 7.3, 82, 索性做了和尚
25753115, 7.3, 82, 弘一大师传
01217674, 8.0, 44, 丰子恺自述
10545870, 6.8, 124, 一轮圆月耀天心
02999567, 8.4, 30, 悲欣交集
01683147, 7.9, 41, 弘一大师
21335180, 7.7, 46, 般若波罗密多心经讲录
26036227, 7.5, 47, 李叔同谈佛
26381094, 7.4, 50, 静心·舍得·放下
02983089, 7.3, 54, 艺海潮音
27089507, 7.1, 61, 从容淡定过一生
04707012, 7.8, 34, 李叔同经典作品
01492422, 8.0, 25, 弘一法师日记三种
27142201, 8.5, 17, 悲欣交集——弘一法师自述
26970265, 7.8, 24, 休管人生幻与真：李叔同家族
06863737, 7.3, 33, 李叔同说佛
04167411, 7.6, 26, 弘一大师的前世今生
02110756, 7.3, 30, 暮鼓晨钟-佛学方家谭
01497592, 7.6, 24, 李叔同
04820137, 7.4, 24, 旷世凡夫
04010167, 8.2, 15, 弘一法师永怀录
03335669, 7.1, 28, 听弘一大师讲佛
01215056, 8.1, 15, 护生书画二集
04860046, 8.5, 12, 十位大师讲心经
10512378, 7.2, 20, 半世文人半世僧
26350937, 7.9, 13, 中国人的禅修
04726654, 6.9, 23, 李叔同
05992562, 7.7, 14, 弘一大师李叔同讲演集
10522573, 6.7, 24, 李叔同说人
25956757, 8.0, 11, 惜福：佛学大师开示幸福的智慧
26917040, 8.2, 10, 学佛常识
30374191, 6.2, 28, 半生红尘.半世空门：李叔同传
10745952, 6.3, 24, 静心
10449935, 6.3, 13, 别后芳草碧红尘
02273309, 0.0, 10, 旷世凡夫
03168097, 0.0, 10, 佛佛道道
19948548, 0.0, 10, 从容
19957545, 0.0, 10, 宽怀
25880235, 0.0, 10, 续护生画集
26358716, 0.0, 23, 心经修行课：过往不恋 将来不负
