2020-07-05 16:00:02

number of books, tag name
155, 张悦然

ID, rating, votes, title
10554308, 9.1, 272233, 白夜行
20427187, 8.8, 276226, 看见
10594787, 9.0, 184323, 霍乱时期的爱情
05414391, 9.0, 41467, 寻路中国
01775691, 8.4, 81346, 少有人走的路
01316648, 8.3, 58852, 查令十字街84号
01082162, 8.4, 35988, 第一炉香
02340100, 8.0, 73634, 遇见未知的自己
01424741, 8.5, 28758, 心是孤独的猎手
02567919, 8.2, 39776, 匆匆那年（上下）
04874131, 8.1, 44955, 东霓
03426869, 7.8, 80129, 三生三世 十里桃花
04074636, 7.6, 121327, 放学后
01980436, 8.8, 9596, 流言
01065970, 7.8, 51148, 彼岸花
01794620, 7.8, 48450, 芒果街上的小屋
04011440, 8.0, 31722, 最初的爱情 最后的仪式
26768309, 8.1, 25853, 查令十字街84号
20431965, 8.5, 12989, 只有医生知道!
03162513, 8.4, 12451, 魍魉之匣（上）
01018153, 7.8, 31681, 水仙已乘鲤鱼去
01926700, 7.7, 35875, 关于莉莉周的一切
01029159, 7.5, 51463, 八月未央
01227838, 7.6, 41229, 年华是无效信
01013419, 8.8, 5025, 张爱玲全集1：长篇小说·半生缘
01016523, 7.5, 40378, 告别薇安
01055128, 9.1, 2865, 传奇(上下)
01012203, 7.7, 22770, 檞寄生
01082416, 8.9, 2848, 温柔的夜
01006004, 7.5, 25662, 樱桃之远
25777432, 9.1, 2073, 罗马人的故事（礼品装，全15册）
01914572, 7.6, 19345, 誓鸟
04882159, 7.6, 14777, 橘子不是唯一的水果
01074841, 7.5, 13715, 葵花走失在1890
06714861, 8.0, 5106, 致我们终将逝去的青春
01796596, 7.2, 19686, 左耳
24736805, 7.5, 9757, 我所有的朋友都死了
11588848, 8.1, 3621, 坦白书
01012802, 7.2, 17175, 十爱
10828002, 7.9, 4849, 游戏改变世界
04059800, 8.0, 3881, 私语书
05940829, 8.2, 2869, 写在身体上
25778837, 8.2, 2712, 时差党
01217071, 7.7, 5649, 樱桃之远
06879215, 7.5, 7397, 乌克兰拖拉机简史
06048071, 8.4, 1815, 七声
24876477, 7.2, 11901, 很高兴见到你
03091349, 7.3, 9147, 鲤·孤独
04727980, 7.6, 5076, 鲤·上瘾
06973816, 7.7, 4207, 古董衣情缘
02071207, 8.4, 1376, 到黑夜想你没办法
01420488, 8.0, 2308, 相逢
01080812, 7.1, 9420, 红鞋
10740054, 8.0, 2044, 给樱桃以性别
05402682, 7.4, 5080, 牛奶可乐经济学
03333758, 7.3, 6039, 大爱晚成
01891221, 9.2, 442, 金瓶梅词话（全六册）
05275385, 7.4, 3982, 鲤·荷尔蒙
05341136, 8.0, 1565, 水仙已乘鲤鱼去
03521168, 7.0, 7863, 谢谢你离开我
26878908, 8.0, 1458, 儿童法案
26821459, 7.3, 3804, 茧
10739735, 7.6, 2228, 鲤·变老
01494098, 7.7, 1811, 往南方岁月去
03078848, 7.7, 1671, 紫极舞
01022492, 7.0, 5199, 是你来检阅我的忧伤了吗
25283615, 8.8, 435, 萨哈林旅行记
05340278, 7.9, 1148, 誓鸟
24722746, 7.7, 1311, 人类尸体的奇异生活
25880453, 9.0, 310, 呼兰河传
03704893, 7.9, 850, 锦瑟
10618254, 7.9, 817, 文艺风象·雨天爱好者
02993977, 7.9, 810, 天空晴朗晴朗
01877722, 6.7, 5276, 十年
01451550, 8.5, 400, 水仙已乘鯉魚去
01174653, 7.2, 2061, 夏天在倒塌
07175434, 8.1, 592, 父亲的眼泪
24754564, 7.7, 965, 葬我以风
27124852, 7.2, 1913, 我循着火光而来
06712406, 7.7, 904, 一切破碎，一切成灰
03140670, 9.0, 221, Harry Potter and the Deathly Hallows
01168774, 7.4, 1165, 流浪歌手的情人
25864000, 7.0, 2103, 台湾这些年所知道的祖国
20450061, 7.3, 1279, 鲤·与书私奔
03094686, 7.6, 799, 銀座媽媽桑說話術
01767554, 7.6, 773, 杜撰记
01783517, 7.6, 765, 小镇生活
24858340, 7.5, 792, 鲤·旅馆
06012075, 6.5, 3953, 星光璀璨
24704186, 7.4, 757, 荒芜城
07015323, 6.8, 1879, 日月
21617698, 7.1, 1148, 二十五岁的世界
02287189, 7.8, 415, 告别薇安
01445825, 6.5, 2423, 糖衣
26242432, 6.9, 1161, 日和手帖002：生活整理术
05341137, 7.5, 497, 十爱
25746084, 6.9, 1157, 这个世界上的一切都是瘦子的
26275862, 7.8, 337, 翻转式学习
06903030, 7.5, 432, 思念
10512239, 7.7, 341, 遥远的回声
01052549, 7.0, 801, 赤道划破城市的脸
03682520, 7.9, 261, 十爱
25752521, 7.5, 394, 圆舞
04217221, 8.0, 228, 誓鳥
30385318, 7.8, 256, 鲤·时间胶囊
23122734, 7.4, 360, 时光的旅行
26698665, 7.2, 445, 夜晚属于恋人
25839525, 7.3, 362, 鲤·宿命
20442382, 6.4, 1272, 一路去死
34883341, 7.1, 385, 鲤·我去二〇〇〇年
27107374, 7.2, 290, 鲤·猫知道一切
25735954, 6.8, 450, 最美：唯有时间了解爱
01690498, 6.8, 447, 一起沉默
25898114, 7.3, 213, 与雨日肇事的爱
01008576, 8.1, 96, 怒气与攻击
01082977, 6.5, 576, 飞一般的忧伤
01973312, 7.1, 247, 一厘米微蓝
05334285, 7.2, 209, 红鞋
01067004, 6.7, 392, 捌零志VOL01
30192883, 6.9, 276, 鲤·匿名作家
10537434, 7.0, 238, 八行书
01283334, 7.0, 236, 亲爱的小孩
26430286, 6.6, 390, 鲤·像空气一样的理想伙伴
04011281, 7.7, 109, 仙骨佛心
03591014, 8.4, 62, 十爱 台湾版
30487925, 7.2, 167, 鲤·写作课
04057459, 8.6, 50, 電影現場之旅（港岛篇）
10733300, 7.9, 83, 有情
03740354, 8.0, 68, 积极人生的十种力量
35081657, 8.7, 42, 顿悟的时刻
19995934, 7.4, 106, 我们曾历经沧桑
27174273, 6.6, 195, 大乔小乔
19944113, 6.7, 160, 竖琴，白骨精
27053654, 6.8, 130, 动物形状的烟火
10748673, 6.1, 329, 爱如禅 你如佛
02995412, 6.9, 104, 盛开十年（A卷）
01999349, 6.9, 101, 紫微星的契约
20269673, 6.8, 110, 恋着好喜欢
04885178, 6.6, 129, 西行西行
03327047, 5.6, 610, 选择之道
21458699, 6.1, 234, 我还爱着你，像过去一样
01281519, 6.3, 129, 奶茶店的流浪
30247663, 7.3, 46, 天下太平
26584758, 6.5, 94, 你受的苦，总有一天会照亮你未来的路
06728615, 7.2, 44, 你对这个时代满意吗
04278409, 6.7, 51, 成名
01392918, 6.6, 51, 早上八点地铁站
01312994, 6.4, 54, 青春树下才子VS才女
03726739, 6.1, 37, 刻在时光里的爱情
06813255, 5.9, 45, 吉诺的跳马
01290128, 5.8, 49, 疼痛青春
01460350, 5.7, 40, 骑着蚂蚁看海的少年
26827241, 7.0, 12, 水仙已乘鲤鱼去
06114044, 4.3, 72, 痛之所居
03982743, 4.0, 29, 暧昧
