2020-07-05 16:00:02

number of books, tag name
596, 张爱玲

ID, rating, votes, title
01008145, 8.9, 372551, 围城
01068920, 9.3, 158306, 飘
02567698, 8.8, 375311, 三体
01200840, 9.0, 251387, 平凡的世界（全三部）
01082154, 9.1, 190797, 活着
25862578, 8.5, 642230, 解忧杂货店
01361264, 9.0, 186400, 撒哈拉的故事
10594787, 9.0, 184323, 霍乱时期的爱情
01083428, 8.9, 186593, 傲慢与偏见
01041482, 8.9, 143751, 万历十五年
01209899, 9.1, 59159, 我与地坛
02154960, 8.7, 107018, 一个陌生女人的来信
01090043, 8.5, 146983, 倾城之恋
02070844, 8.8, 76292, 梦里花落知多少
01064275, 8.4, 155624, 老人与海
01040771, 8.2, 206806, 达·芬奇密码
01029111, 8.9, 44655, 哭泣的骆驼
01066462, 8.4, 103238, 向左走·向右走
01963684, 8.6, 69831, 半生缘
01014278, 8.4, 79124, 红玫瑰与白玫瑰
05350303, 9.3, 17512, 活着
03017857, 8.6, 49035, 金锁记
01986291, 9.5, 12006, 冰与火之歌（卷三）
01985223, 8.7, 37354, 倾城之恋
02068211, 9.3, 12326, 撒哈拉的故事
01059419, 8.1, 90759, 海边的卡夫卡
05337254, 9.1, 15638, 孽子
02297697, 8.6, 34201, ZOO
01062193, 8.5, 34989, 娱乐至死
01529893, 8.0, 90410, 莲花
10757938, 9.1, 12675, 半生缘
01018577, 8.9, 16385, 霸王别姬 青蛇
01082162, 8.4, 35988, 第一炉香
10757940, 8.7, 21627, 倾城之恋
01021273, 8.9, 15248, 中国哲学简史
01159939, 8.6, 24423, 一个陌生女子的来信
01082349, 8.2, 45887, 长恨歌
01004992, 8.9, 12955, 张爱玲文集
02256039, 7.8, 92459, 杜拉拉升职记
03673671, 9.1, 9231, 梦里花落知多少
05327697, 8.2, 37791, 橙
01885224, 8.9, 11919, 傲慢与偏见
25733470, 8.2, 35176, 没有色彩的多崎作和他的巡礼之年
10757939, 8.7, 12339, 红玫瑰与白玫瑰
01125186, 8.5, 16404, 半生缘
01039752, 7.8, 57365, 且听风吟
02256438, 7.8, 55994, 素年锦时
01980436, 8.8, 9596, 流言
01783349, 8.8, 8453, 倾城之恋
05333562, 9.7, 2546, 深入理解计算机系统（原书第2版）
01212908, 9.1, 4979, 神雕侠侣（全四册）
02251434, 9.0, 5674, 被爱路过
02154079, 8.8, 7337, 追风筝的人
05040220, 8.9, 6295, 蒋勋说红楼梦（第一辑）
04238144, 9.2, 4006, 岁朝清供
03733076, 8.9, 5682, 半生缘
01119796, 8.7, 7273, 十八春
03616310, 7.6, 47493, 小团圆
02331434, 7.6, 44726, 原来你还在这里
01361263, 9.0, 4357, 哭泣的駱駝
04832584, 9.3, 2990, 笑傲江湖
03673668, 8.5, 8614, 红玫瑰与白玫瑰
01227838, 7.6, 41229, 年华是无效信
02193877, 8.0, 18353, 你在天堂里遇见的五个人
01013419, 8.8, 5025, 张爱玲全集1：长篇小说·半生缘
03723589, 8.5, 7395, 滚滚红尘
02061644, 8.2, 11675, 伤心咖啡馆之歌
01021346, 8.7, 5289, 股票作手回忆录
02267883, 8.0, 15433, 色，戒
01578609, 8.9, 3869, 张爱玲作品集
10601616, 8.9, 3803, 我爱摇滚乐
01055128, 9.1, 2865, 传奇(上下)
02275502, 8.2, 9518, 十年一觉电影梦
25747921, 7.0, 106910, 从你的全世界路过
01067907, 8.1, 10936, 长恨歌
01059406, 7.0, 101836, 幻城
01024468, 9.1, 2543, 金锁记
05320866, 8.3, 7136, 重来
11614508, 9.0, 2717, 流言
01270508, 8.7, 3512, 失焦
05317075, 7.1, 57684, 蔡康永的说话之道
01951384, 8.4, 4967, 郁金香
01330009, 8.2, 6631, 我的前半生
10757942, 8.4, 4874, 怨女
01200843, 8.1, 6978, 芙蓉镇
10757941, 8.2, 5814, 小团圆
01361258, 8.3, 4926, 圓舞
01033843, 8.7, 2750, 张看（上下）
03673670, 8.3, 4707, 怨女
01257294, 9.2, 1416, 传奇
02267630, 8.3, 4107, 凯尔特的薄暮
03733081, 8.8, 2100, 流言
01015403, 7.7, 10581, 今生今世
02271582, 8.3, 3986, 又来了，找死的兔子
01040924, 8.2, 4431, 金粉世家（上下）
01030153, 7.5, 13799, 她比烟花寂寞
05336240, 8.4, 3060, 异乡记
06820477, 8.2, 3970, 滚滚红尘
02229229, 8.0, 5071, 穿条纹衣服的男孩
01036095, 9.2, 1048, 张爱玲文集
02008406, 8.2, 3548, 红楼梦魇
30294357, 9.0, 1277, 倾城之恋
25764295, 8.3, 3013, 百年好合
01090042, 8.5, 2305, 流言
25808056, 8.0, 4655, 纸牌屋
02214344, 7.5, 10668, 不存在的女儿
01418711, 8.7, 1688, 中国现代小说史
01203293, 8.7, 1596, 张爱玲散文
02027002, 8.2, 2803, 对照记
02010279, 8.6, 1635, 花凋
25735699, 7.5, 8286, 三生三世 枕上书·终篇
01051127, 8.8, 1235, 张爱玲典藏全集--中短篇小说：1945年以后作品
02376313, 8.8, 1194, 查拉图斯特拉如是说
02265995, 7.1, 15946, 大象的眼泪
01367802, 9.0, 940, 中國現代小說史
06041632, 8.2, 2446, 雷峰塔
01361267, 8.9, 1039, 霸王別姬
01291760, 6.6, 48030, 会有天使替我爱你
01012505, 8.9, 989, 张爱玲典藏全集--中短篇小说：1944年作品
01313317, 8.4, 1746, 三毛私家相册
02244170, 7.7, 4670, 电光幻影
26612387, 8.9, 861, 老人与海
01949121, 7.7, 4009, 白色城堡
01342664, 8.7, 1009, 陰陽師
10867815, 8.8, 892, 海上花开
01398394, 8.6, 1114, 倾城之恋
30294355, 8.9, 788, 半生缘
01424736, 8.0, 2304, 沉香
01045890, 8.1, 2006, 红楼梦魇
30294358, 8.7, 938, 红玫瑰与白玫瑰
01124750, 8.3, 1483, 张看
01040215, 8.9, 720, 浮出历史地表
01281622, 7.5, 4385, 连环
01420863, 8.3, 1373, 沉香屑--第一炉香(纸上电影)
04230591, 7.2, 7252, 我终究是爱你的
30259665, 9.1, 550, 一两江湖之红线引
01457148, 8.8, 715, 经典张爱玲
10867816, 9.0, 563, 海上花落
06041631, 8.1, 1553, 易经
03571550, 7.8, 2283, 小團圓
01051163, 7.1, 7343, 同学少年都不贱
01865891, 7.8, 2241, 神了
04046893, 8.5, 905, 海上花开
02347844, 8.1, 1449, 金粉世家
02246783, 7.9, 1894, 张爱玲色戒
01090044, 7.9, 1855, 怨女
02105879, 8.4, 956, 张爱玲传
01055120, 8.6, 747, 张爱玲典藏全集--散文卷四：1952年以后作品
03733074, 7.8, 1957, 重访边城
01186176, 8.5, 796, 海上花列传
03759814, 8.2, 1124, 红楼梦魇
01289044, 8.2, 1106, 画眉记
21346610, 7.6, 2457, 莫失莫忘
04046896, 8.8, 555, 海上花落
01082160, 8.1, 1199, 对照记
25802595, 7.1, 5485, 灵魂有香气的女子
10867814, 8.2, 1024, 红楼梦魇
02040853, 7.8, 1702, 紫禁城的黄昏
01082161, 8.1, 1104, 惘然记
01353219, 8.3, 825, 今生今世
01075742, 7.9, 1293, 怨女
01927705, 7.6, 1858, 小艾
06424154, 8.1, 942, 张爱玲私语录
05269145, 7.9, 1205, 沉浮与枯荣
02282347, 9.2, 299, 張愛玲典藏全集
25870967, 8.2, 811, 时蔬小话
04063165, 8.3, 699, 多少恨
01093986, 9.2, 287, 张爱玲文萃
02024548, 9.1, 309, Animal Farm
01064048, 8.4, 604, 张爱玲典藏全集11-译注：海上花开
01412884, 8.8, 371, 流言
02132082, 9.2, 250, 唐璜(上、下册)
01105712, 9.0, 271, 传奇
01079044, 8.6, 390, 张爱玲散文全编
01076105, 7.5, 1419, 后窗看电影
26331783, 7.8, 907, 宋家客厅
25874670, 8.0, 700, 大地上的事情
02314073, 9.0, 255, 倾城之恋
01075776, 7.8, 870, 张爱玲传
02053800, 8.5, 383, 张爱玲全集 （全16册）
01441279, 8.6, 336, 流言
30294360, 8.5, 369, 小团圆
01057263, 8.4, 407, 张爱玲典藏全集--海上花落
02074773, 7.8, 771, 把妹達人
03711801, 8.8, 267, 十八春
11520927, 9.2, 190, 张爱玲小说集（共5卷）
10429652, 6.9, 2950, 因为懂得 所以慈悲
01658733, 8.8, 264, 海上花落
25786283, 6.6, 5157, 女王乔安
01289000, 8.3, 393, 滚滚红尘
24383555, 8.6, 288, 张爱玲传
01125847, 8.3, 383, 续集
25746653, 8.0, 523, 我们（精装插图典藏版）
01256233, 9.0, 191, 汪曾祺作品精选
01093589, 7.7, 709, 结婚十年
02261413, 9.4, 140, 传奇
02379437, 7.2, 1360, 雪肌
01043551, 7.6, 766, 中国文学史话
05384906, 7.9, 521, 六月新娘
01079413, 8.4, 304, 采花贼的地图
02030902, 8.7, 229, 论自由
05350878, 9.3, 141, 在美国见！
26333998, 6.9, 2066, 少帅
01911523, 7.7, 633, 夜深沉
22741506, 7.7, 632, 山河岁月
03233802, 9.2, 147, 傳奇（增訂本）
01689617, 8.5, 260, 流言私语
01090041, 8.0, 430, 余韵
04744011, 8.6, 233, “新启蒙”知识档案
25785763, 7.7, 579, 大家都有病2
05246812, 8.2, 318, 雷峰塔
04232256, 9.1, 142, 半生緣
11614513, 7.5, 686, 重访边城
30294354, 8.9, 160, 流言
01141666, 8.7, 188, 私语
25912379, 9.4, 110, 傳奇：張愛玲短篇小說集
05501815, 8.3, 263, 雷峰塔
10539827, 8.3, 262, 张爱玲庄信正通信集
30302905, 8.3, 261, 怨女
01907928, 7.9, 391, 禁锢在德黑兰的洛丽塔
01388229, 8.6, 194, 流言
01946736, 8.3, 251, 緋色の椅子 3
01732433, 8.3, 239, 惘然記
02278689, 8.3, 238, 红楼梦魇
19940733, 7.9, 350, 张爱玲给我的信件
27038949, 8.0, 310, 人情之美
02051234, 9.2, 110, 流言
01362556, 8.2, 250, 山河歲月 
02137631, 8.6, 174, 滚滚红尘
07062628, 8.4, 203, 张爱玲•郁达夫•香港文学
01038516, 8.1, 264, 张爱玲小说：留情
02053200, 8.0, 290, 瑰宝
01059955, 7.8, 359, 中国现代文学与现代性十讲
01119878, 7.8, 356, 爱默生选集
01361121, 7.5, 503, 同學少年都不賤
26390567, 8.5, 165, 易经
01988892, 9.5, 79, Workbook for Wheelock&#39;s Latin
03190808, 8.4, 178, 倾城之恋
05246826, 8.1, 234, 易經
01432687, 8.0, 252, 张看红楼
30499336, 9.0, 107, 张爱玲庄信正通信集
01020022, 8.0, 247, 落地的麦子不死
01467642, 8.6, 140, 傾城之戀
02460949, 9.2, 89, In the Shadow of Mountains
04882038, 8.7, 126, 紅玫瑰與白玫瑰
01440035, 8.5, 148, 须兰小说选
01068505, 7.6, 356, 张爱胡说
04837980, 7.4, 450, 倾城之恋
01962538, 8.9, 106, 苔丝
05384904, 7.8, 277, 一曲难忘
04882037, 8.6, 127, 傾城之戀
01315354, 8.7, 117, 破碎的梦想
01409151, 8.0, 213, 自己的文章
26997278, 7.9, 223, 滚滚红尘
25792565, 7.4, 385, 故宫的风花雪月
25962253, 7.3, 417, 少帥
01014595, 7.3, 416, 我的姊姊张爱玲
26603032, 7.9, 211, 六月新娘
04906091, 8.3, 145, 張愛玲私語錄
01256385, 8.4, 132, 枕边的辉煌
06744647, 8.4, 130, 色，戒
30280353, 9.4, 64, 愿你所有孤独，都光芒万丈
04720640, 9.3, 67, 華麗緣
26043805, 7.3, 384, 你因灵魂被爱
33478455, 8.2, 148, 无处安放
02277035, 8.2, 145, 色·戒
04895145, 7.4, 324, 张爱玲城市地图
06008973, 7.2, 412, 不是人间富贵花
01213315, 8.8, 89, 张爱玲小说
05354060, 8.1, 147, 娘家与婆家
04226845, 8.0, 160, 张爱玲散文集
30185334, 8.5, 104, 张爱玲私语录
04837840, 6.9, 552, 光年
03239840, 9.4, 55, 張愛玲學
02130036, 6.7, 716, 色戒
03121771, 8.8, 78, 張愛玲來信箋註
01430906, 6.7, 676, 看张
02993388, 9.0, 67, 老人與海
25836950, 6.8, 562, 大叔
03993131, 7.0, 423, 我的姐姐张爱玲
04883641, 8.5, 92, 上海娘
04239120, 8.1, 126, 饥荒与政治
01124843, 8.3, 104, 上海两才女(张爱玲 苏青小说精粹)
02159936, 8.4, 96, 第一爐香
03001244, 9.2, 55, 张爱玲人生小品
04882039, 8.9, 66, 色，戒
01428426, 8.8, 70, 悠闲生活絮语
06820652, 8.7, 74, 天才梦（CD）
01933190, 8.2, 105, 今生今世
02075831, 7.4, 223, 疯狂、惊恐和崩溃
01358458, 8.2, 104, 張看
02125832, 8.0, 123, 写在生活边上
01084614, 7.9, 132, 荒野中的女体
34442054, 8.7, 70, 上海张爱玲文学地图
02010280, 8.6, 74, 花凋/现代小说经典丛书
02303872, 8.0, 116, 玻璃电台
01871132, 9.1, 51, 海上花落
30420104, 8.9, 57, 遗世独立张爱玲：回忆若有香气
01213318, 8.3, 85, 张爱玲散文
01122083, 8.2, 89, 上海两才女
01695501, 7.9, 112, 记忆张爱玲
01202505, 8.4, 74, 张爱玲 畸情小说
02173099, 8.5, 68, 张爱玲散文全集
30204339, 7.9, 108, 华丽缘
04720648, 8.7, 59, 對照記
01366863, 8.3, 78, 海上花開
04821060, 7.9, 106, 怨女
01084613, 8.1, 89, 女性主体的祭奠
02043339, 7.0, 263, 到底是张爱玲
01045608, 7.7, 122, 张爱玲传
26603398, 7.6, 134, 一曲难忘
01126150, 8.2, 80, 张爱玲文萃
01312540, 6.6, 438, 定是红楼梦里人
01911514, 6.9, 288, 歧路佳人
26659486, 8.3, 73, 保護者失格。一線を越えた夜II
01390000, 8.1, 84, 紅樓夢魘
25856623, 8.0, 89, 美国医生谈：我在中国的高水平健康生活
03016111, 8.9, 46, 張愛玲的畫
03251613, 8.3, 68, 今生今世
02368363, 8.6, 55, Love in a Fallen City
34442201, 8.1, 77, 重访边城
33442555, 9.0, 42, 比海更深
25795520, 7.1, 196, 花钱带来的幸福感
05402224, 7.8, 97, 乱世书写
01412508, 7.7, 105, 艳异
01227921, 7.6, 114, 一个真实的梅艳芳
03211984, 7.6, 113, 重訪邊城
01081071, 7.3, 150, 中国才女
03111561, 8.5, 55, 半生緣
30281874, 9.1, 38, 在加多利山尋找張愛玲
20444016, 8.4, 58, 尘埃落满 寂寞花开
01368593, 7.7, 99, 她從海上來－張愛玲傳奇
25726604, 7.9, 81, 国家与权力
25804392, 7.7, 94, 最好不相忘：张爱玲传
03194544, 8.7, 44, 永远的张爱玲
04263762, 8.7, 44, 張愛玲譯作選
24323298, 7.9, 76, 情若入画
01459942, 8.3, 56, 烬余录
03203060, 8.3, 55, 半生缘
01934430, 7.7, 87, 張愛玲傳
26921653, 8.3, 54, 煊赫旧家声
35083974, 9.3, 30, 张爱玲：才华是女人最大的底气
26108096, 8.4, 50, 宋淇傳奇
02279396, 9.5, 27, 倾城之恋
01147084, 7.1, 150, 民国三才女
01197693, 7.2, 134, 中国才女的红尘旧梦
01135954, 7.1, 147, 张爱玲地图
20271883, 7.8, 76, 临水照花人
02344002, 7.6, 89, 上海绝唱
04827124, 7.2, 130, 尘埃里开出的花
30386410, 9.2, 30, 张爱玲传
24749693, 8.2, 54, 今日菖蒲花
02299327, 6.7, 220, 色戒的世界
01057607, 8.6, 41, 重现的玫瑰
01779448, 8.6, 41, Love in a Fallen City
27055274, 8.4, 46, 最好不相忘：张爱玲传
10456031, 8.0, 59, 张爱玲十五讲
30206490, 7.3, 106, 甜甜甜甜的小时光
01041198, 7.6, 80, 张爱玲传奇
26606232, 6.7, 200, 张爱玲
01190427, 7.8, 66, 想象张爱玲
23714005, 6.7, 191, 因为懂得
33379245, 8.4, 42, 红楼梦魇
19957690, 6.4, 284, 相思莫相负
25832685, 6.0, 519, 如果你曾奋不顾身爱上一个人
02074902, 7.1, 115, 一个上海女人的下午茶
26313906, 7.8, 61, 繁华落尽，冷眼尘埃：张爱玲传
03100099, 7.8, 60, 女性的精神
04212299, 7.8, 60, 零度看張──重構張愛玲
04195322, 8.1, 48, 叛舰喋血
04313679, 7.4, 83, 苍凉与世故
33377973, 8.8, 31, 世间孤独，都是刚好：张爱玲传
30430281, 9.3, 24, 細讀張愛玲
06517449, 8.0, 50, 赤地之戀
01843934, 8.4, 38, The Rice Sprout Song
02039972, 7.9, 53, 张爱玲与苏青
03837602, 7.5, 72, 倾城之恋
01227877, 7.3, 85, 奢华的时光
25994923, 7.7, 60, 少帥（張愛玲典藏）
25841162, 7.1, 101, 蚤满华袍
01004307, 7.0, 110, 凝视张爱玲
04106376, 8.7, 30, 海上花開
02003517, 8.1, 43, 张爱玲经典作品集
01450319, 7.2, 88, 张爱玲传奇
27077122, 7.8, 53, 一恋倾城，一世忧伤：张爱玲传
01829222, 7.5, 67, 蒼涼與世故
03200633, 7.4, 72, 霓裳·张爱玲
02301885, 8.3, 37, 张看
04832910, 8.9, 26, 紅樓夢魘
06026019, 8.9, 26, 張愛玲學(增訂二版)
26393065, 7.5, 64, 张爱玲学
25812146, 7.9, 46, 卸妆·张爱玲
01263657, 7.3, 74, 张爱玲
21993520, 6.9, 109, 爱玲小馆
05989018, 8.0, 42, 坎特伯雷故事
04188926, 7.2, 79, 张爱玲传
01083376, 7.4, 66, 最后一炉香
34970081, 8.7, 27, 张爱玲给我的信件
10539826, 7.2, 76, 张爱玲的文学世界
30401389, 6.8, 113, 张爱玲传：也孤独，也灿烂
10439455, 8.6, 28, 張愛玲譯作選二
02123459, 8.4, 31, 亂世文談
01073530, 6.9, 97, 张爱玲的上海舞台
04061272, 8.8, 24, 私语：张爱玲散文集
04179780, 7.7, 46, 在这个世上我可以投向谁
26443925, 7.7, 46, 张爱玲丛考
25735960, 8.0, 37, 瓦尔登湖
30325789, 9.0, 21, 张爱玲的传奇文学与流言人生（增订本）
02133233, 8.9, 22, 再讀張愛玲
26716722, 8.9, 22, 民国作家的观念与艺术
03025546, 8.5, 27, 到底是上海人
10545400, 7.3, 61, 沉香谭屑
30302903, 8.4, 28, 海上花开
10731573, 7.7, 43, 普汉先生
06965824, 6.5, 130, 张爱玲 她从海上来
01828935, 7.5, 49, 魂归何处
25812144, 7.4, 53, 初妆·张爱玲
01048683, 7.6, 45, 张爱玲自传别传
02151442, 7.8, 38, Lust
01914079, 6.6, 110, 寻找张爱玲
30356769, 7.3, 55, 张爱玲：我一直在这里，等风，也等你
03105392, 8.2, 29, 最后的贵族——张爱玲
04106378, 9.4, 16, 海上花落
01319357, 6.7, 93, 倾城之恋
01037734, 7.5, 45, 私语张爱玲
01319360, 6.6, 103, 半生缘
01026630, 8.4, 25, 张爱玲的文学-传奇文学与流言人生
01069953, 7.1, 62, 她从海上来
04705237, 7.4, 48, 人与衣
01095140, 7.6, 41, 最后一炉香
01367173, 7.9, 33, 續集
20406569, 7.5, 43, 玲珑文抄
03763309, 8.2, 27, 张爱玲精品集
25812145, 7.7, 37, 盛妆·张爱玲
24714589, 7.4, 46, 他给的寂寞比甜蜜多
01050318, 7.1, 59, 张爱玲传奇
03637384, 7.8, 34, 對照記
01741776, 7.5, 42, 回眸绝美的瞬间
01948572, 7.5, 41, 张爱玲文集
01371206, 8.4, 23, 張愛玲的小說藝術
01368940, 8.1, 27, 張愛玲地圖
06782035, 7.5, 40, 张爱玲传
03717250, 7.1, 55, 张爱玲传
01684340, 8.3, 24, 海上花列传
03617329, 9.0, 17, 超前与跨越：胡金铨与张爱玲
30135464, 9.3, 15, 这个世界上总有一个人等着你
01320234, 7.2, 50, 解读张爱玲经典
01968293, 7.5, 39, 过往红尘
01785580, 7.3, 45, 张爱玲传
03541653, 9.4, 14, 私语
02011535, 6.8, 69, 深艳
01099701, 8.0, 27, 月光下的悲凉
01071107, 7.0, 56, 香港的白流苏
05944445, 7.3, 43, 图本张爱玲传
03531830, 8.1, 25, 《印刻文學生活誌》2005．五月號：張愛玲與胡蘭成
05341160, 8.1, 25, 许子东细读张爱玲
01199703, 7.0, 54, 女生张爱玲
04303210, 8.3, 22, The Book of Change
04917811, 7.8, 29, 张爱玲私人生活史
27039648, 6.0, 160, 因为懂得 所以慈悲
01159117, 7.0, 51, 传奇未完
06715667, 9.0, 15, Red Rose
04720644, 7.9, 26, 惘然記
03680748, 7.4, 36, 海上花 张爱玲
01291217, 7.3, 38, 今生此時 今世此地
34973828, 9.5, 12, 秧歌
01856844, 8.2, 21, 華麗與蒼涼
02298123, 8.2, 21, Lust
02342469, 8.2, 21, 爱默森文选
25714344, 7.3, 37, 流言与传奇
01118844, 7.7, 28, 张爱玲传
01895802, 6.9, 51, 张爱玲的意象世界
01988528, 6.9, 51, 张爱玲之谜
25927540, 8.0, 23, 囚笼里的红玫瑰：民国女子的爱情
06527577, 6.7, 60, 民国奇女子
01277203, 7.5, 30, 余韵
30271033, 8.0, 22, 张爱玲传 在繁华的世界独自美丽
03730037, 7.7, 26, 海上红楼
34952025, 9.3, 12, 傾城之戀
20506611, 5.4, 333, 你若安好，便是晴天
03179790, 8.2, 19, 張愛玲與賴雅
02993395, 8.3, 18, 鹿苑长春
05283262, 8.5, 16, 雷峰塔
01027400, 7.0, 40, 张迷世界
02310573, 7.2, 34, 错到极致也仰望
26346451, 7.2, 34, 民国烟雨旧时光
27094326, 7.2, 34, 从鲁迅到张爱玲
27122005, 8.0, 20, 执手已悲凉--张爱玲传
01222758, 7.6, 25, 回望张爱玲-华丽影沉
03167404, 8.7, 14, 怨女
30280233, 7.7, 23, 张爱玲
01117755, 7.5, 26, 金锁沉香张爱玲
04883439, 7.2, 32, 二十世纪中国文学史（中册）
30198346, 8.6, 14, 无双的自我
24750087, 7.3, 28, 张爱玲：爱·人生·文学
25845867, 7.5, 24, 世间曾有张爱玲
34909918, 9.4, 10, 紅玫瑰與白玫瑰
25819256, 7.8, 20, 张爱玲年谱
30132627, 7.8, 20, 文字的魅力
01273790, 8.5, 14, 贵族才女张爱玲
25929017, 8.2, 16, 倾国倾城亦飘零——张爱玲
01868075, 7.2, 28, The Rouge of the North
01030150, 7.3, 26, 速读中国现当代文学大师与名家丛书.张爱卷
10801490, 6.3, 61, 风华是一指流砂
01228018, 7.4, 24, 相信爱的年纪
03179775, 8.4, 14, 張愛玲研究
10749150, 6.5, 49, 醉花阴
02342667, 7.6, 21, 張愛玲：文學‧電影‧舞台
26663570, 6.7, 40, 张爱玲：在最深的红尘遇见你
02032765, 7.2, 27, 寻找张爱玲
26434240, 7.5, 22, 临水照花人
01070120, 8.0, 16, 浮世的悲哀
01829510, 8.0, 16, 閱讀張愛玲─張愛玲國際研討會論文集
02173958, 7.5, 21, 歷史、女性與性別政治：重讀張愛玲
26996546, 7.5, 21, 张爱玲：当真爱来临时，我们谁都卑微
01562350, 8.1, 15, 读解张爱玲
01779447, 8.6, 12, Written on Water
03411261, 6.7, 36, 上海神話
06894127, 7.3, 23, 張愛玲的文學史意義
24380505, 6.5, 43, 张爱玲
02160516, 7.5, 20, 怨女
02264796, 7.5, 20, 色戒愛玲
03039588, 6.0, 72, 张爱玲美食
06837618, 6.6, 38, 张爱玲与白先勇的上海神话
06082283, 8.5, 12, 倾城之恋
25782496, 8.0, 15, 你若盛开，清风自来
21331681, 6.8, 31, 往事已成追忆
26693973, 7.7, 17, Deux brûle-parfums
03234618, 7.9, 15, 十八春
25844053, 8.2, 13, 張愛玲學. 續篇
01842680, 7.1, 24, 张爱玲的世界
01103006, 6.4, 42, 张爱玲的风花雪月
30304716, 6.7, 32, 张爱玲传：失望是一种幸福
25878724, 5.4, 150, 卖故事
26781613, 7.8, 15, 三联生活周刊·张爱玲的后半生
02229417, 6.8, 27, 三挈海上花
01374158, 7.0, 23, 孤島張愛玲
26708725, 6.2, 44, 爱玲说
02012465, 7.8, 14, 倾城之恋(新) (精装)
10487853, 8.1, 12, 沉香譚屑
02046165, 7.5, 16, 魚往雁返
06114470, 7.1, 20, 张爱玲未完
26942390, 6.5, 31, 张爱玲传
04279858, 8.4, 10, 我的姊姊张爱玲
01450977, 5.4, 108, 胡兰成的今生今世
03550030, 6.3, 35, 寻踪·张爱玲
01974835, 6.8, 23, 苍凉写就的华美
02975375, 6.4, 31, 张爱玲的光影空间
30122511, 6.5, 28, 桃花难画
01397375, 7.3, 16, 愛默森選集
26967732, 6.6, 25, 张爱玲：人生就是一部大电影（腾讯大家）
06890837, 7.5, 14, 张爱玲传
04814308, 8.0, 11, 惘然記
04025788, 7.8, 12, 张爱玲美文精粹
01192423, 6.5, 26, 民国时尚
10436364, 6.6, 23, 风华绝代
01205601, 6.0, 39, 奇才逸女
01051149, 6.0, 38, 范柳原忏情录
10594351, 7.4, 13, 她的城．張愛玲地圖
23178252, 5.2, 102, 我的邻居张爱玲
25848282, 6.2, 29, 上海故境
21264131, 6.8, 18, 风花雪月是民国
05437420, 6.9, 16, 张爱玲情感世界的伤痕
26426618, 6.8, 17, 愛玲說
01062086, 7.2, 13, 哈佛心影录
26013552, 6.4, 22, 缘来如此
06870530, 7.3, 12, 張愛玲學校
25962159, 7.0, 14, 那时临水照花人：最美张爱玲
26917818, 7.1, 13, 隔壁的张爱玲
06008367, 6.5, 19, 假如人生可以轻轻揉碎
34434695, 7.6, 10, 因为懂得，所以宽容：张爱玲传
01172343, 7.2, 12, 沉香屑里的旧事
01279733, 6.3, 21, 天才奇女――张爱玲
02171170, 7.3, 11, 張愛玲文集‧補遺
26743855, 5.8, 30, 花开
04188981, 6.0, 22, 张爱玲论
07064349, 6.8, 12, 香港文學與電影
11497767, 6.9, 10, 印象．張愛玲
04111196, 6.0, 16, 小团圆的前世今生
20396723, 6.4, 12, 因为爱过 所以宽容-世间曾有张爱玲
04174877, 6.0, 12, 广告张爱玲
26924851, 5.0, 29, 花落
01409409, 5.2, 22, 平视张爱玲
10426970, 5.4, 16, 张爱玲传
02216395, 0.0, 10, 對照記
02347230, 0.0, 10, 永远的橄榄枝
34462407, 0.0, 10, 倾世之才，倾城之恋：张爱玲传
01339580, 0.0, 11, 傾城之戀－張愛玲傳
02369526, 0.0, 11, 我的姊姊张爱玲
05258549, 0.0, 11, 因此你将听到我
26375201, 0.0, 12, 她的世俗与高贵
03551711, 0.0, 14, 沉香屑里的旧事 张爱玲传(第四版)
03600750, 0.0, 15, 傾城之戀
01167417, 0.0, 34, 人体与写生.素描
26427294, 0.0, 56, 君心莫测 上
11524397, 0.0, 151, 中学教材全解-七年级语文上
