2020-07-05 16:00:02

number of books, tag name
858, 当代

ID, rating, votes, title
04913064, 9.4, 496860, 活着
03066477, 9.3, 222578, 三体Ⅱ
05363767, 9.2, 214996, 三体Ⅲ
27614904, 9.2, 192584, 房思琪的初恋乐园
02567698, 8.8, 375311, 三体
01200840, 9.0, 251387, 平凡的世界（全三部）
01082154, 9.1, 190797, 活着
20427187, 8.8, 276226, 看见
01023045, 8.7, 239545, 我们仨
01029791, 8.8, 191231, 许三观卖血记
04908885, 9.0, 129276, 局外人
01089243, 8.9, 124073, 黄金时代
01061118, 9.1, 86508, 活着
01209899, 9.1, 59159, 我与地坛
01085799, 8.7, 102796, 白鹿原
01449352, 8.8, 85161, 朝花夕拾
02070844, 8.8, 76292, 梦里花落知多少
33440205, 8.9, 60938, 你当像鸟飞往你的山
01795079, 9.2, 36596, 乡土中国
04760224, 9.0, 46968, 许三观卖血记
05414391, 9.0, 41467, 寻路中国
03523041, 9.1, 32238, 平凡的世界（全三册）
07060185, 9.0, 37398, 江城
02052448, 8.9, 44031, 明朝那些事儿（叁）
01066462, 8.4, 103238, 向左走·向右走
01082406, 8.9, 38696, 黄金时代
01855364, 9.2, 23986, 围城
01192090, 8.7, 53418, 球状闪电
06880158, 8.8, 44083, 陆犯焉识
01013416, 8.6, 60022, 雷雨
05337248, 8.9, 35474, 台北人
06798611, 8.7, 47506, 史蒂夫·乔布斯传
01082334, 8.1, 144824, 穆斯林的葬礼
03009821, 8.8, 36683, 明朝那些事儿（伍）
05910656, 9.2, 18811, 我与地坛
01401425, 8.3, 84771, 兄弟（上）
03633461, 8.7, 37284, 一句顶一万句
01080309, 8.5, 51714, 尘埃落定
23008971, 9.1, 18815, 平如美棠
01915958, 9.4, 11936, 野草
01052990, 9.0, 20404, 草房子
01760432, 9.3, 12596, 受戒
24257486, 9.1, 16016, 局外人
05337254, 9.1, 15638, 孽子
10522856, 9.0, 17893, 冬牧场
01418686, 8.7, 27666, 红拂夜奔
01020961, 8.8, 21531, 棋王
01461903, 7.8, 138119, 何以笙箫默
01882933, 8.1, 73251, 鬼吹灯之精绝古城
03012517, 8.6, 27902, 小姨多鹤
26923390, 8.5, 33090, 长夜难明
01391191, 8.5, 32583, 京华烟云
01044663, 8.7, 22167, 许三观卖血记
04884218, 8.8, 17961, 我的阿勒泰
03311253, 9.0, 12976, 额尔古纳河右岸
01085883, 8.7, 20026, 青铜时代
22714154, 8.7, 19623, 繁花
01082349, 8.2, 45887, 长恨歌
26734559, 9.2, 8858, 棋王·树王·孩子王
01082150, 8.4, 28333, 白银时代
02209098, 7.8, 90008, 致我们终将逝去的青春
01859140, 8.9, 12202, 上学记
01963310, 8.2, 36978, 大地之灯
01082138, 8.4, 25748, 在细雨中呼喊
01143694, 8.3, 28703, 动物凶猛
02056749, 8.1, 40337, 时间旅行者的妻子
01322455, 8.7, 14199, 遥远的救世主
01025753, 8.2, 32611, 妻妾成群
01418180, 8.9, 10128, 思维的乐趣
03151596, 9.2, 6601, 活着
03091368, 9.1, 7369, 白鹿原
27013716, 8.9, 9348, 沉默的大多数
20421947, 8.6, 14522, 在细雨中呼喊
01752755, 8.6, 14329, 第九个寡妇
30475767, 8.1, 31730, 人生海海
01082407, 8.8, 9606, 青铜时代
01830445, 9.1, 6253, 阿城精选集
20440053, 9.5, 3772, 南京大屠杀
03297466, 9.3, 4601, 我的团长我的团（上部）
10767124, 8.5, 13725, 乡村教师
05269439, 8.4, 15975, 城门开
04882133, 8.5, 13515, 兄弟
01200842, 8.6, 11190, 尘埃落定
03511129, 9.4, 3794, 我的团长我的团（下部）
26889236, 8.3, 18086, 我的职业是小说家
01026425, 7.4, 108284, 三重门
01096790, 8.7, 9441, 黑铁时代
03642673, 8.0, 30126, 我执
01084080, 9.1, 5290, 平凡的世界（全三册）
01043485, 8.2, 19607, 檀香刑
03010133, 8.4, 13960, 琥珀·恋爱的犀牛
26877012, 8.9, 6415, 一句顶一万句
01003284, 8.1, 22271, 退步集
30330181, 9.0, 5469, 棋王
30163860, 9.1, 4763, 绿毛水怪
26803179, 8.3, 15287, 平原上的摩西
01009393, 8.4, 12386, 在细雨中呼喊
01049219, 7.4, 81903, 长安乱
27104286, 8.4, 11895, 寂寞的游戏
30125030, 9.1, 4391, 天生有罪
03264642, 8.8, 6423, 似水流年
30362170, 8.1, 18792, 冬泳
19995918, 8.3, 13337, 蛙
01018153, 7.8, 31681, 水仙已乘鲤鱼去
03616310, 7.6, 47493, 小团圆
01763806, 8.5, 9020, 万寿寺
01083003, 8.7, 6557, 尘埃落定
01465007, 8.2, 14118, 生死疲劳
02031604, 9.0, 4345, 离婚
01132956, 8.4, 9949, 白银时代
27170951, 8.1, 15865, 生吞
06018916, 9.0, 4128, 许三观卖血记
26664352, 8.9, 4690, 褚时健传
01453210, 7.4, 59054, 一座城池
11602267, 8.9, 4320, 羊道·春牧场
01015584, 8.1, 14270, 看上去很美
26309691, 8.3, 9868, 月光落在左手上
01792984, 8.3, 9826, 一个女人的史诗
27599025, 8.9, 4144, 激荡三十年
05292912, 8.0, 16163, 1988：我想和这个世界谈谈
01436713, 9.0, 3584, 青铜时代
01082577, 8.7, 5311, 黑铁时代
04169424, 7.9, 18242, 蛙
01050566, 8.2, 10841, 一地鸡毛
11602265, 9.1, 3049, 羊道·前山夏牧场
03009033, 7.8, 21727, 杂的文
01010349, 8.1, 12537, 丰乳肥臀
26575679, 8.4, 7566, 当我谈跑步时，我谈些什么（2015典藏版）
11602263, 9.1, 2929, 羊道·深山夏牧场
01703544, 7.4, 43431, 兄弟（下）
05401989, 8.0, 13280, 自由在高处
25955474, 7.4, 42297, 坏小孩
03024497, 8.4, 6887, 天浴
01456183, 8.2, 9388, 我的帝王生涯
03406518, 8.5, 5804, 追随她的旅程
30181018, 8.6, 5017, 撒野 一
34879050, 9.1, 2543, 清明上河图密码6
23286393, 8.9, 3187, 尘埃落定
01165173, 8.8, 3611, 务虚笔记
03103080, 7.6, 24547, 须臾
34262174, 8.2, 8449, 网内人
01136988, 8.9, 3052, 命若琴弦
03018339, 7.7, 19209, 万物生长
01063245, 7.6, 22606, 通稿2003
01009160, 7.3, 40045, 像少年啦飞驰
05905348, 8.3, 6439, 笑谈大先生
01124305, 8.1, 8752, 扶桑
01006004, 7.5, 25662, 樱桃之远
26309861, 8.3, 6276, 摇摇晃晃的人间
03239913, 8.1, 8568, 推拿
01856285, 7.2, 47608, 人生若只如初见
26278433, 9.1, 2134, 遍地风流
26856061, 8.9, 2696, 球状闪电
20433554, 9.2, 1886, 关山夺路
01025243, 8.4, 5208, 雨季不再来
05317075, 7.1, 57684, 蔡康永的说话之道
03662594, 8.1, 7874, 荒人手记
02149655, 7.6, 18970, 鬼吹灯Ⅱ之一·黄皮子坟
27116235, 8.1, 7870, 飞行家
02237621, 8.5, 4295, 十八岁出门远行
03621542, 8.4, 4934, 蓝房子
06742586, 7.8, 12726, 我不是潘金莲
11612936, 7.5, 21872, 古董局中局
01023000, 8.5, 4092, 常识与通识
26904483, 8.7, 3058, 蛙
01009739, 9.3, 1495, 海子诗全编
06148187, 8.4, 4536, 推拿
01200843, 8.1, 6978, 芙蓉镇
02201813, 7.5, 19672, 藏地密码1
26394876, 9.1, 1781, 小说机杼
05367303, 8.5, 3643, 城邦暴力团（下）
02265312, 7.6, 15236, 鬼吹灯Ⅱ之二·南海归墟
10199132, 9.0, 1859, 黄金时代
01151876, 8.1, 6209, 顽主
26757657, 8.2, 5319, 望春风
24827456, 8.5, 3408, 万箭穿心
30264380, 8.3, 4399, 大江大河四部曲
01281653, 7.9, 8159, 秦腔
01200848, 8.2, 5034, 长恨歌
03395241, 9.1, 1545, 豆汁记
01071921, 8.1, 5727, 现实一种
01853323, 7.9, 7692, 圈子圈套2
04919996, 8.7, 2401, 张枣的诗
04721438, 8.7, 2400, 小姨多鹤
01006341, 8.0, 6297, 红粉
01949925, 8.1, 5348, 沉落的黄昏
03222661, 8.6, 2636, 第九个寡妇
24540864, 6.9, 55197, 第七天
01285961, 8.4, 3430, 根鸟
26669243, 8.1, 5158, 慈悲
01008660, 8.5, 2900, 马桥词典
24529235, 8.4, 3308, 刀背藏身
26734228, 8.7, 2206, 鬼吹灯全集
01787729, 8.5, 2849, 单向度的人
26288882, 8.4, 3238, 我是你爸爸
01007334, 7.1, 31166, 草样年华
20435468, 8.8, 1905, 黄金时代
03149443, 8.4, 3106, 兄弟
03033668, 7.8, 7621, 闪开，让我歌唱八十年代
26293007, 8.6, 2342, 穗子
02027824, 8.7, 2045, 风景
26904658, 8.6, 2215, 丰乳肥臀
26171466, 9.5, 810, 筚路维艰
06718314, 8.0, 5025, 晚来寂静
01086468, 8.5, 2381, 黑骏马
02018527, 9.0, 1289, 王小波全集(第八卷)
03824491, 8.9, 1436, 父亲的战场
21458706, 8.3, 3046, 出梁庄记
30205286, 8.2, 3492, 清明上河图密码5
27176647, 8.0, 4666, 吃瓜时代的儿女们
01212890, 8.1, 3977, 连城诀
05363268, 8.6, 2011, 琼美卡随想录
03026876, 7.8, 5782, 少女小渔
27077957, 8.5, 2103, 红拂夜奔
01883990, 8.7, 1642, 白银时代/2010/黑铁时代
30255679, 8.7, 1640, 远处的拉莫
01047851, 7.7, 6729, 晃晃悠悠
01139941, 8.1, 3504, 秋
25748787, 7.6, 7661, 平生欢
26818878, 8.1, 3444, 被仰望与被遗忘的
01041616, 7.4, 10994, 那些忧伤的年轻人
20406553, 8.1, 3418, 现实一种
05363282, 8.6, 1751, 温莎墓园日记
02301308, 8.2, 2941, 红高粱
01143696, 7.9, 4538, 永失我爱
01083882, 8.6, 1718, 白先勇经典作品
03880774, 8.8, 1341, 1944：松山战役笔记
05299857, 9.0, 1072, 国家记忆
05350804, 8.0, 3717, 中国在梁庄
01069754, 8.2, 2702, 红处方
01039060, 7.9, 4102, 玉米
01417905, 7.1, 17404, 废都
01038861, 7.8, 4765, 手机
01030470, 7.9, 4051, 香草山
02097249, 8.7, 1384, 鱼丽之宴
19965972, 7.5, 7844, 我读书少，你可别骗我
01202550, 8.9, 1103, 地久天长
01080350, 9.1, 885, 春秋来信
25900948, 8.4, 1942, 消费社会
06100947, 7.6, 6355, 刘氏女
01086466, 8.4, 1914, 北方的河
26303224, 7.9, 3791, 说部之乱
01046385, 7.1, 15888, 毒
03869809, 9.0, 939, 务虚笔记
34786086, 7.3, 10434, 沉默的巡游
03886832, 7.5, 7079, 废都
01313796, 8.2, 2333, 玉观音
01291760, 6.6, 48030, 会有天使替我爱你
01001895, 7.8, 4131, 靠自己去成功
05975571, 8.0, 3037, 天香
27030380, 9.1, 798, 记忆的性别
02026939, 7.3, 9742, 女心理师（上）
01053331, 8.4, 1728, 王朔自选集
01005411, 7.9, 3439, 透明的红萝卜
25696089, 7.3, 9490, 1980年代的爱情
01482322, 8.0, 2899, 绿化树
01415311, 8.1, 2496, 美食家
01102870, 7.9, 3319, 超新星纪元
01075495, 7.2, 10860, 霜冷长河
01530673, 8.8, 1011, 棋王
24862876, 7.4, 7070, 黄雀记
02140283, 8.2, 2030, 国破山河在
01490745, 8.2, 2017, 动物凶猛
02377002, 7.9, 3045, 和我们的女儿谈话
01078566, 7.6, 4858, 桃之夭夭
01734828, 8.5, 1325, 苏童精选集
06127284, 8.4, 1488, 酒徒
34912805, 8.8, 933, 七个疯子
05363274, 8.4, 1442, 即兴判断
10522858, 8.6, 1122, 马雁诗集
19977690, 8.3, 1606, 天堂蒜薹之歌
03279242, 7.5, 5202, 三重门
21370840, 7.5, 5157, 打工女孩
03753043, 7.5, 5122, 北方夕鹤2/3杀人事件
26284529, 7.6, 4331, 群山之巅
04833918, 7.4, 6083, 活着活着就老了
01009381, 8.6, 1081, 少年血
02248892, 8.5, 1205, 一本杂志和一个时代的体温
34988734, 9.1, 618, 走出唯一真理观
01127699, 8.1, 1928, 慢船去中国
01151872, 7.8, 2762, 玩的就是心跳
01444245, 7.8, 2756, 米
06780861, 7.7, 3166, 春尽江南
01018178, 8.0, 1989, 浮躁
26665157, 8.9, 683, 当代中国政府与政治
02300636, 7.4, 5020, 我叫刘跃进
34894380, 8.0, 1977, 雾行者
04836601, 8.4, 1173, 扪虱谈鬼录
01212894, 7.2, 7064, 侠客行（全二册）
10443580, 8.0, 1931, 一半是火焰 一半是海水
02064632, 9.0, 602, 开·闭·开
02030442, 8.3, 1297, 年轮
01428004, 8.2, 1456, 羊的门
26672441, 8.3, 1284, 收山
04002326, 9.0, 585, 目送
03878514, 8.0, 1835, 苍黄
02567326, 8.1, 1583, 从大历史的角度读蒋介石日记
30137612, 7.6, 3231, 主角
07916072, 7.6, 3106, 杨氏女
01051163, 7.1, 7343, 同学少年都不贱
01028406, 8.8, 657, 与鲁迅相遇
26774892, 7.9, 1926, 我们爱过又忘记
01061843, 8.5, 898, 胡雪岩（全三册）
25663137, 7.3, 4906, 高智商犯罪
01490736, 7.8, 2192, 古典爱情
03183812, 8.4, 979, 檀香刑
26879923, 8.1, 1414, 我不是潘金莲
04917570, 9.0, 515, 旧人旧事
03415661, 8.0, 1577, 水在时间之下
01151877, 7.8, 2080, 千万别把我当人
03199440, 8.0, 1574, 玉米
02258056, 8.7, 685, 逍遥津
01059716, 8.7, 667, 水乳大地
11632290, 8.6, 738, 未名湖畔的爱与罚
30460124, 7.1, 6305, 北京折叠
26349251, 7.4, 3684, 清道夫
01506421, 8.2, 1152, 饥饿的女儿
01734833, 8.2, 1150, 余华精选集
02128063, 8.3, 1012, 抗战时代生活史
01788649, 8.2, 1126, 过把瘾就死
01438954, 8.2, 1124, 米
34940823, 8.3, 993, 逍遥游
26662051, 8.1, 1238, 我说的不一定对
20481426, 8.5, 767, 处在十字路口的选择
01788654, 8.3, 960, 我是你爸爸
05355300, 7.8, 1829, 大日坛城
03812800, 8.6, 677, 日光流年
01005242, 8.0, 1374, 古船
10578511, 7.8, 1800, 山河入梦
01063418, 7.7, 2037, 没有一条道路是重复的
01051324, 7.8, 1712, 铁屋中的呐喊
34995610, 7.9, 1466, 八百万种死法
27036978, 8.7, 572, 寻找无双
05421005, 8.7, 567, 烟之外
01822810, 8.2, 987, 浮躁
03290807, 8.0, 1266, 青衣
03449304, 8.6, 626, 哈佛大学建筑系的八堂课
30122152, 8.9, 459, 小镇喧嚣
03641661, 8.1, 1089, 秦腔
26807151, 8.2, 959, 战天京（增订典藏版）
27013746, 8.4, 753, 革命时期的爱情
01038744, 7.2, 4030, 来来往往
05445798, 8.1, 1058, 穆斯林的葬礼
30180681, 8.8, 488, 我的阴阳两界
04120032, 8.3, 830, 人面桃花
01641034, 8.6, 595, 路遥全集
04026740, 7.6, 2058, 荒野猎人
27113800, 8.2, 920, 风起陇西
05363277, 7.9, 1344, 西班牙三棵树
02052760, 8.1, 1023, 我能否相信自己
01048411, 7.6, 2000, 战栗
26384375, 7.7, 1673, 平乐镇伤心故事集
01029326, 8.3, 770, 神木
20433557, 8.0, 1098, 文学江湖
25800697, 7.0, 5076, 妈阁是座城
30443982, 8.4, 668, 流浪地球
01434480, 7.6, 1852, 你别无选择
03376746, 8.1, 934, 老张的哲学
01029698, 7.6, 1820, 英国情人
25755752, 8.7, 478, 监狱琐记
01460334, 8.8, 430, 牛天赐传
25756932, 7.4, 2402, 两个故宫的离合
03351930, 7.3, 2765, 成都今夜请将我遗忘
01960287, 8.4, 628, 蒙着眼睛的旅行者
01011637, 7.7, 1494, 梅次故事
26968417, 8.0, 997, 游戏人间
10344218, 8.6, 505, 黑铁时代
05980472, 7.3, 2698, 霜降
01036116, 7.6, 1676, 深牢大狱
01062530, 7.6, 1671, 平淡生活
26870462, 7.8, 1238, 细民盛宴
01283292, 8.1, 832, 国殇
34998019, 9.0, 325, 秋园
01068866, 7.6, 1572, 小鲍庄
10742745, 8.1, 799, 模范青年
06079823, 8.0, 894, 物尽其用
27099006, 8.9, 338, 長樂路
25818124, 8.2, 686, 翡翠岛编年
01291345, 8.6, 446, 我的世界下雪了
34950362, 7.7, 1272, 我将独自前行
26259070, 8.9, 332, 杂忆与杂写：一九三三—一九九一
26840483, 8.1, 757, Hillbilly Elegy
26586126, 8.5, 482, 黑糖匣
01291021, 7.9, 933, 狗日的粮食
25907729, 8.4, 521, 鸟 看见我了
04117261, 7.1, 3038, 赴宴者
27594647, 8.7, 377, 我的叔叔李海
03518209, 7.9, 902, 一个人张灯结彩
02265090, 9.1, 261, 春醪集
01143757, 7.9, 897, 过把瘾就死
03322406, 8.6, 410, 中文解毒
01433382, 7.9, 889, 河边的错误
03183810, 7.2, 2439, 酒国
11504802, 8.1, 684, 众声
03076325, 8.6, 397, 马桥词典
26342533, 8.2, 589, 新的一天
03128876, 8.4, 466, 反抗绝望
27600034, 8.5, 420, 美国佬
30337614, 8.3, 516, 是梦
24742929, 8.5, 419, 碎琉璃
01201867, 8.3, 506, 十面埋伏
04209769, 7.9, 798, 浮躁
01025559, 7.5, 1353, 一个人的战争
30378711, 7.8, 878, 解藥
24371403, 6.7, 5068, 过得刚好
27602569, 8.1, 600, 性盲症患者的爱情
10563468, 7.5, 1283, 隐身衣
01946854, 8.5, 389, 高女人和她的矮丈夫
25783936, 8.5, 389, 阿Q生命中的六个瞬间
01930752, 7.8, 850, 吴川是个黄女孩
01839083, 8.8, 291, 凶犯
04062572, 8.0, 663, 我叫刘跃进
27070201, 8.0, 656, 屡次想起的人
02073471, 8.2, 521, 慢船去中国·范妮
02995375, 8.3, 467, 天狗
02996046, 7.9, 730, 哦，香雪
02074382, 8.6, 338, 南行记
01077926, 7.6, 1048, 菩萨蛮
34461219, 8.6, 334, 朱鹮的遗言
26289167, 8.7, 304, 盗墓笔记Ⅱ
01988741, 6.9, 3152, 驻京办主任
34772125, 8.2, 492, 此生未完成（增订新版）
01278571, 7.4, 1347, 天瓢
03796304, 7.9, 687, 爸爸爸
10482022, 8.5, 357, 球狀閃電
02327728, 8.4, 393, 踏着月光的行板
30365801, 6.4, 8278, 冷场
03434743, 7.9, 675, 尊严不是无代价的
23860707, 8.6, 317, 中国当代社会阶层分析
03070554, 7.9, 668, 人到中年
01207477, 7.9, 666, 上种红菱下种藕
26904661, 8.6, 314, 天堂蒜薹之歌
04010192, 8.2, 470, 红高粱家族
03128115, 6.4, 8017, 鸳鸯刀
33374199, 8.8, 261, 听听那冷雨
01937123, 8.6, 313, 西安事变新探
26702520, 8.9, 238, 呼兰河传
05391812, 7.7, 838, 风港
01052127, 7.8, 735, 活动变人形
26745556, 9.2, 185, 东野圭吾天王套装
25786160, 8.7, 280, 记忆的政治
01072842, 7.1, 1941, 支离破碎
01051899, 7.8, 684, 私人生活
01157009, 8.1, 479, 红高梁
26969584, 8.3, 381, 五百万汉字
25864000, 7.0, 2103, 台湾这些年所知道的祖国
26612256, 8.3, 370, 蓝房子
01264888, 8.2, 409, 玉米
27116320, 8.3, 358, 白银时代
01282093, 7.6, 801, 上海之死
10520385, 8.6, 264, 秦腔
02296371, 9.3, 148, 毛泽东农村调查文集
22160775, 7.9, 539, 巴珑
30212319, 7.5, 889, 基本美
01082373, 7.6, 774, 刀子和刀子
26904516, 8.1, 426, 酒国
06429267, 6.5, 4772, 美丽的凶器
26392829, 7.8, 595, 秩序的沦陷
03225885, 7.8, 591, 跑步穿过中关村
02073469, 8.1, 413, 慢船去中国.简妮
03723709, 7.9, 510, 报道伊斯兰
02182161, 7.8, 569, 河流如血-海岩文集
01484293, 7.2, 1266, 野孩子
06959636, 8.6, 242, 写碑之心
01087934, 7.9, 487, 池莉小说精选
06535064, 8.7, 219, 一个陌生女人的来信
01010173, 7.5, 798, 绿袖子
25885817, 8.5, 260, 1944：腾冲之围
05321791, 7.3, 1037, 中文系
26307908, 7.8, 517, 野蛮生长
33420831, 7.8, 517, 大河深处
01200841, 7.1, 1316, 许茂和他的女儿们
01084349, 7.7, 570, 玉观音
01001697, 8.1, 361, 树树皆秋色
01763355, 10.0, 81, 牟宗三先生全集(全33册)
05262928, 8.6, 220, 我的遥远的清平湾
33435329, 9.1, 146, 草间情话
30403440, 8.1, 354, 见字如来
01430869, 8.3, 289, 报告政府
26734832, 7.7, 548, 世间已无陈金芳
27130213, 9.0, 155, 萧红传
30309815, 9.1, 143, 从舞台边缘走向中央
01427451, 8.7, 193, 驼峰航线
26692194, 7.5, 678, 超新星纪元
26802289, 7.6, 591, 天吾手记
30247291, 8.5, 225, 雪是谁说的谎：倪湛舸诗集
01493085, 8.5, 224, 从革命到政治
01945845, 8.2, 297, 中国当代社会各阶层分析
01361250, 9.1, 136, Theoretical Anxiety and Design Strategies in the Work of Eight Contemporary Architects
20259356, 8.4, 239, 平凡的世界 第一部
01002347, 7.8, 429, 中国制造
01073394, 8.0, 344, 红顶商人
26370001, 8.6, 193, Dealing with China
30424945, 7.8, 423, 当代中国社会分层
01082653, 8.4, 228, 往事
26284920, 9.0, 137, 白银时代
30346173, 8.3, 246, 摇摆
30460220, 8.1, 299, 米
20507691, 8.2, 266, 上种红菱下种藕
27608713, 8.2, 266, Eleanor Oliphant is Completely Fine
01083006, 8.1, 286, 铁屋中的呐喊
21716347, 7.5, 563, 日夜书
05440145, 8.3, 234, 铁在烧
01227902, 8.8, 151, 中国抗日战争正面战场作战记
02150585, 8.3, 230, 黑白
01260580, 7.7, 427, 欲望的旗帜
02186929, 7.7, 424, 春天来到昙华林
01421014, 7.2, 799, 我和你
26284921, 8.8, 145, 黑铁时代
04853240, 7.1, 902, 竹马青梅
04032974, 7.4, 585, 组织部来了个年轻人
01078297, 8.1, 263, 嘴唇里的阳光
05300209, 7.6, 448, 废都
05029308, 7.6, 447, 变
01679427, 9.3, 97, 抗日战争正面战场（上中下）
01002471, 8.1, 258, 他们不得不从河堤上走回去
01860129, 7.1, 859, 阿玉和阿瓦
33463004, 9.0, 119, 抗战外援
19977686, 7.4, 565, 四十一炮
24805692, 7.8, 342, The Goldfinch
03259600, 9.1, 108, 顾城的诗
01398447, 8.0, 275, 冯骥才散文
20472036, 7.1, 825, 众声喧哗
10484660, 8.1, 246, 突破缅北的鹰
01012478, 7.9, 299, 一冬无雪
25843222, 8.1, 239, 你不可不知的人性
34950090, 8.8, 130, 北方狩猎
01029375, 8.1, 236, 纪实和虚构
01946921, 8.8, 128, 神鞭
02243126, 8.2, 213, 王朔文集
01973698, 7.7, 354, 玫瑰门
01146236, 8.3, 192, 天一言
04294007, 7.6, 395, 风和日丽
27118397, 7.7, 352, 以读攻读
03779926, 8.0, 254, 芒克的诗
01072764, 7.2, 643, 作女
04214591, 7.8, 308, 蛙
01148396, 8.2, 205, 莫言文集（全十二册）
01048570, 7.8, 305, 1937年的爱情
02112071, 7.6, 378, 至尊无赖6
04054913, 7.3, 537, 光榮日
03422804, 7.7, 331, 漂泊者萧红
30471283, 8.3, 181, 吹云记
33410886, 7.6, 368, 无声的证词
04953489, 8.2, 196, 九月里的三十年
01440035, 8.5, 148, 须兰小说选
02339902, 8.2, 192, 一个人的呐喊
26675979, 8.2, 191, 太阳黑子
21359062, 7.9, 254, 北去来辞
01051360, 8.7, 124, 死火重温
01012844, 7.3, 503, 孔雀的叫喊
05404199, 8.0, 227, 山河入梦
30486368, 8.3, 171, 爱情就是堆积如山的笔记
02221117, 7.7, 306, 中国式离婚
05363845, 7.5, 382, 萧红传
10757895, 7.8, 271, 知青
01453956, 7.6, 337, 耳光响亮
01066934, 7.8, 269, 毛泽东自传
03796226, 7.4, 423, 一个啤酒主义者的独白
34432750, 9.2, 83, 额尔古纳河右岸
01044670, 7.6, 332, 紫陌红尘
27064165, 8.3, 163, 祖先的爱情
03858220, 7.6, 325, 余震
24852538, 8.6, 124, 大馆奴
01751281, 8.0, 209, 作品与展场
04062447, 9.7, 59, 光学原理
26879917, 7.6, 316, 我叫刘跃进
01014978, 7.5, 351, 天鹅绒
34882254, 8.5, 132, 万物有灵
33474697, 7.8, 250, 请勿离开车祸现场
01647540, 8.1, 185, 与往事干杯
27021637, 7.3, 441, 仁医
01506419, 7.2, 500, 阿难
25923287, 8.8, 103, 秦腔
02253746, 8.3, 152, 香港三部曲
25731493, 8.5, 128, 凿空
01654783, 8.6, 117, 浮声记
26288881, 6.8, 848, 知道分子
03544378, 8.6, 115, 一方阳光
11584141, 7.6, 289, 灰色上海，1937－1945
34606801, 7.9, 210, 人间情书
01455039, 7.6, 286, 姨妈的后现代生活
06721480, 8.2, 157, 哺乳期的女人
30197345, 9.2, 73, 好家伙
01290476, 7.5, 311, 平淡生活
01314959, 8.3, 139, 中国当代新诗史
01081798, 6.7, 910, 蛇为什么会飞
01088530, 8.2, 151, 席绢纯情作品集典藏本第三部；豆蔻系列（上下）
01033452, 7.3, 384, 坚硬如水
01081954, 8.1, 163, 当代中国社会阶层研究报告
34709936, 8.5, 116, 家族试验
27178748, 7.5, 298, 穷中谈吃
30210122, 7.9, 195, 最后一个捕风者
01710483, 8.3, 135, 泪与笑
30145209, 8.6, 106, 论三国人物
01425011, 8.2, 147, 秋风醉了
03522785, 7.8, 214, 毛泽东自传
30175038, 8.7, 98, 中北路空无一人
01490732, 7.9, 193, 行为艺术
03121288, 8.0, 175, 清水里的刀子
27009780, 8.8, 89, 觅渡觅渡
26973179, 7.9, 188, 荷尔蒙夜谈
20435477, 8.3, 129, 白银时代
27170198, 7.5, 274, 你无法抵达的时间
25831578, 8.1, 147, 永远的菲利普
27102433, 8.3, 123, 繁花
30266619, 8.6, 97, 红色海洋
26295466, 8.0, 159, 虎部队：国民党抗日王牌七十四军
27605501, 7.5, 261, 身外之海
02281914, 7.5, 259, 空镜子
02224611, 7.8, 188, 没有纽扣的红衬衫
04018960, 7.7, 207, 对镜成三人
03011978, 7.8, 185, 我们热爱什么样的生活
30335679, 7.3, 318, 有種你再撞一下
05373473, 6.6, 829, 红豆
27148608, 8.4, 106, 白狗秋千架
05992422, 7.3, 302, 高岗传
23774698, 7.8, 175, 中国的&#34;行为联邦制&#34;
01016024, 8.0, 145, 水鬼手册
01791942, 6.4, 1113, 湖光山色
01490712, 7.5, 237, 北极光
01788928, 7.6, 211, 富人秀
24527595, 8.2, 117, 大明王朝的七张面孔
25912904, 8.0, 135, 行动中的绘画
34839271, 6.9, 458, 庆余年·第一卷：远来是客
11621755, 8.1, 122, 读书这么好的事
30176795, 8.1, 120, 心灵外史
01071417, 8.4, 94, 昨天的云
01427886, 7.8, 157, 绝对隐私
10746178, 7.5, 211, 修补匠
04937488, 8.3, 99, 解读延安
01436575, 6.5, 782, 红树林
01052636, 7.5, 203, 万物花开
01393893, 7.1, 321, 食草家族
30135706, 7.8, 149, 像世界一样宽广地活
06822628, 7.6, 181, 石榴树上结樱桃
04545299, 7.5, 199, 俯仰关中
03437084, 7.1, 315, 名流
01060272, 7.4, 219, 岗上的世纪
04032987, 7.4, 218, 洼地上的“战役”
25843310, 7.5, 190, 天堂向左 深圳往右
26905335, 7.8, 141, 四十一炮
34830074, 8.3, 92, 沿坟墓而行
20257950, 7.3, 233, 红树林
01430075, 7.9, 127, 天堂蒜薹之歌
02184558, 7.7, 153, 当代艺术
07154694, 7.7, 151, 刚刚好
01081596, 7.0, 326, 女子有行
06037875, 7.5, 182, 学习蒲松龄
25774402, 7.5, 182, 庭院深深钓鱼台
10452432, 8.8, 62, 余华中短篇小说（6册）
34455117, 7.9, 123, 成长初始革命年
01973696, 7.0, 320, 无雨之城
01011500, 7.9, 122, 历史不再徘徊
06749873, 8.3, 87, 医者仁心
02154918, 7.4, 197, 苍老的浮云
02221709, 7.5, 176, 初夜
25939429, 7.5, 175, 零下一度
34432627, 8.7, 64, 推拿
26377842, 9.3, 44, 中国空军抗战记忆
34840675, 6.9, 346, 庆余年·第二卷：人在京都
03200846, 8.3, 84, 方方自选集
03002457, 8.8, 59, 万里无云
01420340, 7.6, 154, 月亮背面
26380073, 7.4, 188, 三人成宴
02252844, 7.5, 169, 青春之歌
30237380, 8.3, 83, 流动的图像
24940983, 7.7, 138, 严歌苓作品集：谁家有女初长成
26285648, 7.8, 125, 当代中国的中央地方关系
01760079, 7.4, 181, 知在
01027127, 7.8, 122, 家族
24868876, 7.3, 199, 阳神1•侯府风云
25972728, 6.7, 423, 惟妙惟肖的爱情
10727748, 8.1, 91, 常识的求知
27067762, 8.2, 84, 台湾史学史
01848192, 7.4, 171, 为了世界更美好
03437272, 8.5, 66, 逝者如渡渡
27017396, 7.4, 166, 国王与抒情诗
04726499, 8.0, 94, 制宪权与根本法
34814872, 6.6, 436, 春风十里不如你
04840957, 7.6, 131, 1944-1948我的战争
11586912, 7.5, 144, 灵与肉
01021964, 6.2, 805, 乌鸦
34917883, 6.8, 316, 庆余年·第三卷：北海有雾
34840702, 8.7, 53, 罩袍之刺
03242647, 7.6, 123, 农民帝国
20428318, 7.9, 93, 谁家有女初长成
26692133, 6.6, 390, 匿名
05373477, 6.5, 447, 我们夫妇之间
03013597, 6.6, 379, 伤痕
30223759, 8.1, 77, Calypso
26428578, 8.3, 66, 接下来，我问，你答
01082525, 7.0, 221, 江青全传
02188069, 7.6, 113, 蒋介石与南京国民政府
03796599, 7.6, 112, When China Rules the World
03343284, 8.8, 45, 西方当代美术
02048887, 7.3, 146, 我和我的土匪奶奶
33447658, 9.4, 32, 孤独海子
01084280, 8.5, 53, 阎连科
01822807, 7.3, 143, 妊娠
01992130, 6.9, 220, 江青传
03520629, 8.4, 55, 冰雪花卉
05348123, 6.0, 850, 班主任
25736469, 7.3, 136, 认罪书
26662117, 8.3, 58, B.A.D.
10565777, 6.8, 234, 赴宴者
24541896, 7.9, 77, 最漫长的抵抗
01924369, 8.2, 60, 沙漏之痕
26936013, 7.4, 117, 红树林
01097400, 7.1, 159, 贱人
01200830, 6.6, 294, 骚动之秋
01042236, 8.1, 64, 中国小说50强：1978年～2000年 （全10册）
25862312, 7.5, 103, 我疼
03105892, 8.0, 67, 从沉沦到荣光
20445480, 8.1, 62, 喵星上的福尔摩斯
27119860, 8.5, 47, 你见过央金的翅膀吗
03126680, 8.0, 66, 男人还剩下什么
01936788, 7.8, 77, 20世纪最后的浪漫──北京自由艺术家生活实录
26772461, 6.3, 415, 我们为什么总是看错人
01061423, 7.4, 107, 天下无贼
26314162, 7.7, 81, 臣服 下
03537595, 7.4, 104, 武艺丛谈
03692157, 9.4, 27, 毛泽东新闻工作文选
05254355, 7.6, 86, 这里不平静
01546592, 6.2, 454, 情爱画廊
35017509, 8.0, 61, 庆余年·第四卷：龙椅在上
04151960, 7.3, 111, 九十九度中
05299296, 8.5, 43, 碧城书
34478627, 6.0, 630, 晚风枕酒
01117777, 8.1, 56, 丹青引
26314159, 7.1, 133, 臣服 上
04088381, 7.5, 85, 浮华背后
04032979, 7.3, 102, 人到中年
01143960, 7.9, 60, 解放的速度
03179237, 6.8, 169, 乔厂长上任记
33379245, 8.4, 42, 红楼梦魇
06520410, 8.3, 44, 江泽民在上海
35031617, 6.3, 320, 如果没有明天之我是余欢水
03547690, 8.8, 32, Seize the Day
27148413, 9.2, 26, 战友重逢
27615031, 8.5, 38, 十面埋伏
01430867, 7.6, 70, 隐形伴侣
01953631, 8.4, 39, 中国鲁迅研究的历史与现状
25744122, 8.4, 39, 天南
06068066, 7.0, 121, 面具
26293126, 6.1, 401, 中国历史的教训
01228143, 7.3, 88, 太阳照在桑乾河上
30297928, 7.3, 88, Conversations with Friends
25896028, 8.1, 46, 被遺忘的盟友
02816557, 9.9, 18, Francis Alys
27028664, 7.3, 85, 菀菀道来
04109644, 7.9, 51, 国家订单
27107106, 7.6, 63, 唇典
03030723, 7.7, 58, 国民党特务活动史
25869557, 8.1, 43, 天火
27668057, 6.6, 170, 天黑得很慢
02160486, 8.8, 28, 想我眷村的兄弟們
01209196, 7.7, 56, 中国文化的守夜人——鲁迅
04903175, 7.1, 93, 地產霸權
27022840, 8.3, 36, 1978：激情岁月
10582030, 7.4, 69, 周国平论人生
26988069, 7.3, 74, 祖母绿
20392177, 7.7, 53, 小鲍庄
03930412, 7.8, 49, 二十世纪中国历史学
26593388, 8.8, 26, 当代数码艺术
26640347, 7.5, 60, 观音在远远的山上
26677759, 7.2, 77, 水在时间之下
02956143, 9.0, 22, The Rose That Grew From Concrete
03074869, 7.2, 71, 身份、边界与社会联系
01409882, 7.7, 47, 抗战时期的国民党军队
04290406, 7.3, 63, 莫言讲演新篇
10862962, 8.0, 37, 舒婷随笔
01047635, 7.6, 47, 生死恋歌
03416267, 7.3, 59, 小邪神
02971870, 9.4, 17, 1929—1939年世界经济萧条
01958596, 8.3, 29, 张贤亮小说自选集
27190661, 7.7, 42, 漫水
01142791, 7.6, 44, 胡乔木回忆毛泽东
01727766, 8.4, 26, 小巷人物志
26769302, 8.4, 26, 落日与朝霞：杜涯诗选（2007-2015）
01315439, 7.3, 53, 流氓兔的故事(2益智版)
25950357, 7.3, 53, 凭一张地图
04710803, 7.9, 34, 中国反封建思想革命的一面镜子
24851366, 7.5, 45, 等等灵魂
01780113, 7.3, 50, 三寸金莲
01093015, 7.4, 46, 生死约会
19941881, 8.3, 25, 暫停鍵
01929031, 7.7, 36, 当代.艺术.材料.空间.
10438283, 7.9, 31, 学艺微言
01159794, 8.4, 23, 静静的下野地
30302952, 7.0, 59, 铁梨花
03555654, 7.4, 41, 谷牧回忆录
02251921, 8.9, 17, Outland
02377032, 8.4, 21, 证词
03005139, 7.2, 44, 名刀的历史
26268474, 8.6, 18, 20世纪中国史学编年（1900～1949）
02976919, 8.5, 18, 每一颗星都照亮过黑夜
25761496, 7.4, 34, 上岭村的谋杀
04010078, 7.2, 39, 艳阳天
24846591, 8.1, 21, 分裂的想象
25773944, 8.0, 22, 胡汉民回忆录
27076255, 6.7, 57, 奔跑的火光
01039931, 7.7, 26, 斗鸡
27022451, 8.1, 20, 在夜晚的高原上(当代诗人十二家)
34900020, 7.2, 35, 奋斗者
06526039, 7.9, 22, 中国文学中的世界性因素
01459583, 7.4, 30, 傅家的儿女们
10494245, 7.3, 32, 自由开火地带
01910525, 6.6, 56, 马英九传
01879876, 7.6, 25, 陈毅传
26286353, 9.1, 12, 罗曼·西格纳雕塑
26436690, 8.3, 16, 张承志文集Ⅰ老桥·奔驰的美神
02147590, 9.2, 11, 张闻天晋陕调查文集
26968659, 7.2, 30, 北京路亚记
26268475, 7.8, 20, 20世纪中国史学编年（1950～2000）
03093235, 7.5, 23, 如意
30142565, 8.0, 17, Contesting Cyberspace in China
33436262, 8.1, 16, 被选中的摄影师
26955243, 6.5, 48, 超限战与反超限战
05264538, 8.2, 15, 台港朦胧诗赏析
26659986, 6.9, 31, 孤独的馈赠
02074384, 7.3, 23, 南行记续篇
01128374, 7.0, 28, 从亲人开始糟蹋
04171136, 7.3, 22, 比目鱼
02027383, 6.6, 37, 原来篆刻这么有趣
25900075, 7.2, 23, 历史的注脚
04940883, 7.4, 20, 这是一片神奇的土地
01546015, 8.4, 12, 二十世纪后半期中国史学主潮
34803183, 7.5, 18, 西沟
01139292, 7.6, 17, 地球 祖国
26268761, 6.5, 35, 东莞丽人
07060027, 8.0, 13, 我们这个年纪的梦
04262899, 6.8, 24, 江青同志讲话选编
01062055, 7.4, 16, 对人世的告别
01844301, 6.8, 23, 唐山大地震亲历记
30173970, 6.2, 38, 拜金集
10773927, 8.1, 11, 延展生命
24294550, 5.9, 50, 水泊梁山英雄谱
26698628, 7.4, 14, 我的爸爸是恐怖分子
27051226, 7.7, 12, 拿什么拯救你我的爱人
10560208, 6.1, 35, 我们为什么不快乐
26320691, 6.5, 23, 杨克的诗
02250908, 7.0, 16, 神鸟
01002441, 6.9, 16, 虚幻的乐园：战后日本综合研究
05344920, 6.6, 19, 语言人类学
30259016, 5.5, 45, 爱情的开关
01926308, 6.5, 15, 新疆史鉴
20273120, 6.5, 14, 鬼火
27152464, 6.3, 16, 爱人
01834820, 5.5, 31, 2049相信中国
30227257, 6.5, 13, 宝莱坞电影史
27122217, 5.9, 20, 生活别爆炸
03009261, 6.4, 12, 衙门里这些事儿
26574365, 5.2, 17, 中华人民共和国史
02021877, 0.0, 10, 范曾画集
31018058, 0.0, 10, 当代传世诗歌三百首
35019209, 0.0, 10, 食为天
04279208, 0.0, 14, 书色斑斓
