2020-07-05 16:00:02

number of books, tag name
152, 微博

ID, rating, votes, title
04238362, 8.6, 126794, 送你一颗子弹
11622283, 9.2, 15215, 滚蛋吧!肿瘤君
04124727, 8.1, 51464, 孤独六讲
01037602, 8.9, 8574, 别闹了，费曼先生
04010196, 8.1, 25031, 世界因你不同
06016234, 8.9, 6317, 奇风岁月
02256351, 8.4, 9137, 乌合之众
01393447, 9.1, 3338, 忧郁的热带
25811462, 8.2, 11653, 小顾聊绘画·壹
25747921, 7.0, 106910, 从你的全世界路过
06709834, 8.4, 6577, 爸爸爱喜禾
06085181, 8.0, 9727, 二号首长
05288327, 8.3, 5516, 鸟，看见我了
06731566, 8.6, 3271, 一个人去跑步
03041463, 8.4, 3496, 时间回旋
01283273, 7.3, 17771, 天黑以后
10796035, 9.1, 1214, 中国古典诗词感发
05313010, 7.9, 4875, Facebook效应
19965972, 7.5, 7844, 我读书少，你可别骗我
11535030, 8.2, 2040, 一个一个人
10743132, 8.5, 1239, 爸爸爱喜禾2
05406558, 8.3, 1579, 到灯塔去
04086800, 9.6, 384, 陈寅恪集
03057124, 8.3, 1258, 行过死荫之地
06041086, 7.9, 1680, 恋爱中的骗子
26648238, 7.6, 2412, 且将生活一饮而尽
03003189, 8.6, 598, 博尔赫斯谈话录
04901554, 7.2, 3968, 一个都不正经
06796987, 7.9, 1228, 寡人
04822183, 7.4, 2512, 俗话说
10876103, 7.3, 2920, 守脑如玉
04038581, 8.1, 795, 误读
04735026, 8.7, 387, 鲁迅箴言
01040702, 8.3, 570, 歌德谈话录
01439449, 8.4, 447, 诠释与过度诠释
06548683, 7.6, 1132, 商业的常识
24371403, 6.7, 5068, 过得刚好
20268173, 9.0, 238, 教育的目的
19941530, 8.2, 481, 坐天下很累
05326167, 8.1, 525, 屠宰场之舞
01867455, 7.8, 677, 像外行一样思考，像专家一样实践——科研成功之道
04882134, 8.1, 418, 白垩纪
26760591, 7.3, 1073, 一条狗Ⅰ
04009856, 8.1, 377, 用户体验度量
04062798, 7.7, 529, 别让猴子跳回背上
04199482, 7.9, 396, 我是布隆伯格
01040575, 8.8, 163, 教海鸥飞翔的猫
26236437, 6.6, 2401, 八卦艺术史
20432374, 8.2, 248, 村上收音機 3：喜歡吃沙拉的獅子
05907519, 7.7, 408, 放浪记
10432756, 7.3, 658, 微勃症
25709399, 6.5, 2173, 不省心
20366457, 5.9, 8035, 香蕉哲学
24875857, 6.8, 1033, 社交红利
06984722, 6.5, 1653, 活得像个笑话
06829162, 7.1, 566, 民国的角落
01104943, 7.9, 211, 柔道战略
05386830, 7.6, 279, 我如何从股市赚了200万
06851214, 7.2, 420, 社会化营销
20390523, 7.5, 264, 微读节气
05355455, 7.5, 251, 新规则
04051240, 7.6, 201, 霍华德庄园
05406458, 7.7, 179, 底层立场
05904053, 5.8, 3010, 微博：改变一切
06516046, 8.2, 102, 上海警察
10864608, 8.5, 79, 拍出幸福美滋味
01830146, 7.5, 187, 活罪难逃
10433774, 7.5, 184, 创意传播管理
20471088, 6.7, 490, 谈笑间
06558345, 7.2, 238, 信任代理
21294724, 7.4, 188, 人格解码
24715509, 7.7, 108, 那件疯狂的小事叫旅行
25975477, 7.8, 97, 阮义忠的微博生活2：一步一天地
04191825, 7.2, 171, 公众风潮
01660174, 8.3, 64, 大自然如何工作
26869107, 5.8, 1235, 愿无岁月可回头
20482621, 7.1, 164, 工作只需20年
11599439, 6.7, 257, 这个和尚有点萌
06728838, 7.6, 96, 一只萤火虫的旅行
19977082, 6.5, 304, 玩的就是会计
20476805, 7.3, 113, 让营销更性感
01046992, 6.5, 287, 瞧！这些人
06861033, 6.0, 601, 微力无边
19966132, 6.7, 197, 自营销
06726374, 7.2, 112, 時間漩渦
04896424, 8.2, 46, 管理学中的伟大思想
25943459, 7.4, 85, 猩球崛起：黎明之战
25743569, 8.5, 35, 情绪障碍跨诊断治疗的统一方案:自助手册
06843086, 6.3, 274, 都别废话
06436443, 7.6, 61, 普通人与媒介
10416509, 7.5, 64, 面对现代性挑战
02108265, 7.8, 48, 反映的实践者
06403599, 5.6, 701, 精神病学院毕业生
04000927, 8.4, 30, 身体的智能
01473075, 8.1, 33, 教练的智慧
11506812, 7.8, 37, 微言大义
21339181, 7.2, 56, 一路东去
25727425, 7.1, 60, 微博控 控微博
05355287, 7.0, 65, 颠覆
07001045, 6.5, 98, 微书话
05323429, 7.4, 39, 网络整合营销的道与术
06039458, 7.9, 27, 认知语言学与汉语研究
06960575, 6.8, 54, TABLES
10574946, 7.1, 35, 新营销战
06913357, 6.7, 49, 微博时代的实时营销与公关
25792984, 6.4, 64, 微力无边（2014升级版）
06822533, 6.3, 71, 微博营销手册
10520902, 6.7, 47, 企业微博营销
25951843, 7.2, 30, 输赢之惊鸿商机
06391209, 7.2, 27, 哪片云彩会下雨
20458063, 6.6, 42, 缘来爱情不加V
04897430, 6.2, 60, 实战网络营销
04889621, 7.8, 16, 媒介批评（第4辑）
19976720, 6.9, 28, 微观西藏
26374963, 7.2, 20, 雖千萬人，李敖往矣
01223878, 6.6, 30, 财富的历程
25777334, 5.9, 60, 社会化生存
24232347, 6.4, 32, 无微不至
07154247, 6.7, 24, 爱上iPhone摄影
20458323, 5.9, 50, 社会化媒体运营
04286233, 6.4, 30, 真话
06938109, 7.5, 14, 玻璃房
11516592, 5.7, 50, 短!微讯息时代写作的艺术
06805480, 6.6, 21, 开放
06439909, 6.2, 29, 微博营销
20473986, 6.6, 19, 微博1912
19982750, 6.4, 20, 新闻微茶座
06737361, 6.2, 23, 微博改变未来
10342867, 6.0, 27, “微力”无穷
10787811, 6.3, 20, 微博营销
27069718, 5.9, 28, 超越营销
04934673, 6.9, 13, 网络成功营销权威指南
04845651, 6.0, 24, 微博是这样炼成的
24843430, 5.2, 54, 因为我从不装 任志强
06913346, 5.7, 24, 微微暖，微微爱
06048076, 6.7, 11, 140字的驚人力量
19987463, 6.0, 17, 优化
10738913, 6.3, 13, 盛世微言微博营销专案
10606370, 6.4, 10, 微博问政的30堂课
10435403, 5.0, 36, 我是彪悍民国史 微历史
06880171, 5.7, 16, 三天玩转微博营销
25901585, 4.9, 36, 左手微博右手微信
10829053, 5.6, 14, 凌博微步
27129565, 5.2, 10, 微博运营全攻略
19975332, 4.8, 13, 微博达人成长记
10742287, 4.5, 18, 随时随地秀微博
11622169, 4.5, 10, 微博是个神马玩意儿
25900296, 0.0, 11, 没有爱过，怎会懂得
20645227, 0.0, 13, 公开
21332096, 0.0, 22, 微博营销实战技巧
35088492, 0.0, 76, 生活蒙太奇
11519241, 0.0, 201, 网络营销一本通
