2020-07-05 16:00:03

number of books, tag name
960, 德国

ID, rating, votes, title
01043008, 9.0, 69496, 格林童话全集
01002898, 9.2, 37773, 父与子全集
03576486, 9.1, 31090, 小狗钱钱
03406401, 9.0, 25412, 悉达多
03261600, 9.2, 16419, 人生的智慧
01292416, 8.5, 36285, 香水
03578470, 9.0, 15419, 德米安
26980487, 9.4, 7311, 悉达多
03815125, 8.9, 12280, 香水
03131626, 9.0, 10402, 荒原狼
10549934, 9.1, 7435, 悉达多
01922977, 9.4, 4979, 父与子
03537590, 8.4, 20146, 朗读者
01095634, 8.7, 11111, 小狗钱钱
02359052, 8.9, 8275, 查拉图斯特拉如是说
01004699, 9.0, 6903, 作为意志和表象的世界
26706730, 9.0, 6605, 肠子的小心思
04908883, 9.0, 6573, 荒原狼
01438816, 9.1, 5258, 给青年诗人的信
02180619, 8.0, 28059, 偷书贼
26861418, 9.5, 3124, 奥斯维辛
01292409, 9.1, 5025, 人生的智慧
01427538, 9.4, 3440, 《父与子》全集
25867570, 9.4, 3246, 人生的智慧
02165063, 9.2, 3924, 纳尔齐斯与歌尔德蒙
01063852, 8.9, 5776, 悲剧的诞生
01433411, 8.9, 5615, 新教伦理与资本主义精神
01012032, 8.6, 8484, 查拉图斯特拉如是说
01065977, 8.7, 7184, 共产党宣言
01467776, 8.4, 10724, 朗读者
01049957, 8.7, 6780, 浮士德
06511362, 9.0, 4254, 我们时代的神经症人格
01216737, 9.0, 4238, 纯粹理性批判
01047138, 7.8, 26889, 少年维特的烦恼
01907739, 8.6, 6910, 当世界年纪还小的时候
26061406, 9.1, 3409, 小狗钱钱
01007952, 9.4, 2314, 蓝熊船长的13条半命
01150503, 9.2, 2824, 资本论（第一卷）
01417878, 8.9, 3814, 里尔克诗选
01880823, 8.8, 4180, 格林童话
10583781, 8.8, 4138, 朗读者
01277275, 9.2, 2454, 学术与政治
01965464, 9.2, 2300, 毛毛
02165076, 9.0, 2815, 玻璃球游戏
02165037, 8.8, 3514, 荒原狼
01013457, 9.1, 2385, 给一个青年诗人的十封信
25935944, 9.2, 2117, 查拉图斯特拉如是说
01783111, 8.7, 3905, 存在与时间
01035326, 8.7, 3834, 一次・图片和故事
06533041, 9.3, 1832, 纳尔齐斯和歌尔德蒙
01292412, 9.1, 2281, 叔本华思想随笔
26323163, 9.3, 1788, 共产党宣言
02193876, 8.8, 3198, 浮士德
01860757, 8.1, 8613, 少年维特的烦恼
26324832, 9.1, 2180, 西线无战事
01849791, 8.6, 4075, 铁皮鼓
02003111, 9.2, 1910, 格林童话
26314627, 8.9, 2656, 万物：创世
01079104, 8.6, 3802, 尼采
01252057, 9.0, 2275, 1844年经济学哲学手稿
01460340, 8.9, 2529, 人性的，太人性的
26292550, 9.0, 2239, 悉达多
25902450, 8.6, 3713, 德米安
01042434, 8.1, 7652, 安妮日记
03101021, 8.7, 3194, 极权主义的起源
03245212, 9.4, 1408, 叔本华思想随笔
06538430, 8.5, 3952, 人类群星闪耀时
01247769, 8.9, 2347, 家庭、私有制和国家的起源
04621099, 8.3, 5171, 死于威尼斯
02120339, 8.6, 3390, 是谁嗯嗯在我的头上
26594159, 8.7, 2966, 德米安
01007313, 8.4, 4441, 留德十年
02254615, 8.9, 2168, 西线无战事
06797919, 9.3, 1356, 人生的智慧
01163327, 8.9, 2101, 列那狐的故事
03578471, 8.8, 2288, 盖特露德
01396491, 9.1, 1559, 第三帝国的兴亡（全三册）
02128416, 9.4, 1117, 父与子全集
01034259, 8.6, 2775, 小逻辑
01125731, 8.8, 2122, 第三帝国的兴亡（上中下）
03463292, 9.2, 1290, 叔本华美学随笔
26834183, 8.6, 2575, 艾希曼在耶路撒冷
11232671, 9.2, 1266, 悲剧的诞生
06436046, 9.3, 1117, 新教伦理与资本主义精神
24859207, 8.9, 1725, 悉达多
26758080, 9.3, 1070, 父与子
02165084, 8.3, 3457, 在轮下
25784280, 9.2, 1089, 偶像的黄昏
03418938, 9.0, 1334, 被遗忘的士兵
20492550, 7.7, 8029, 清醒思考的艺术
19967336, 8.5, 2373, 彷徨少年时
01137244, 9.1, 1170, 判断力批判
04249967, 8.0, 4750, 财务自由之路
04250782, 8.6, 2018, 留德十年
27145016, 8.9, 1406, 创造自然
06854919, 8.7, 1775, 安妮日记
06736428, 9.2, 1006, 西线无战事
01276479, 8.9, 1384, 发达资本主义时代的抒情诗人
02050779, 8.3, 2651, 魔山
02009914, 8.9, 1248, 为权利而斗争
01000213, 8.5, 2006, 迎向灵光消逝的年代
02165057, 8.7, 1519, 堤契诺之歌
11160551, 9.2, 861, 查拉图斯特拉如是说
01223897, 9.2, 852, 实践理性批判
24295354, 9.3, 752, 浮士德
02221902, 8.1, 3104, 少年维特之烦恼
01220559, 8.7, 1412, 胡桃夹子
30354451, 8.0, 3542, 皮肤的秘密
10435653, 9.1, 904, 第三帝国的兴亡（上下册）
01030294, 8.9, 1105, 林中路
04729502, 9.3, 722, 现代诗歌的结构
02304817, 8.6, 1529, 资本论
19967339, 8.8, 1206, 流浪者之歌
25831096, 9.0, 965, 梦书之城
05299919, 8.7, 1345, 国王鞠躬，国王杀人
25867564, 9.4, 637, 叔本华美学随笔
01077237, 8.6, 1457, 查拉斯图拉如是说
25708977, 9.7, 478, 摹仿论
04746104, 8.8, 1146, 新教伦理与资本主义精神
01192700, 9.0, 916, 永远讲不完的故事
01251839, 8.6, 1432, 权力意志
26647781, 8.9, 1014, 从俾斯麦到希特勒
25939476, 9.4, 606, 存在与时间
23774527, 9.2, 732, 时代的精神状况
01027085, 8.3, 2029, 叔本华人生哲学
03275645, 8.4, 1782, 少年维特的烦恼
04836951, 8.6, 1391, 保罗·策兰诗选
02257333, 9.2, 727, 松鼠先生和月亮
19967347, 8.5, 1553, 在轮下
01245537, 9.1, 792, 苏鲁支语录
01002479, 8.7, 1203, 香水
01009105, 8.9, 955, 战争论
27204787, 9.2, 702, 人生的智慧
01729284, 8.0, 2917, 单行道
01075540, 8.9, 946, 拉奥孔
06967983, 8.2, 2153, 罪行
34925415, 9.5, 514, 当权的第三帝国
01132110, 8.4, 1638, 谁在我家
01041104, 8.7, 1131, 吹牛大王历险记
26825933, 9.0, 817, 不含传说的普鲁士
26307903, 8.8, 999, 悉达多
26869026, 8.9, 892, 箭术与禅心
03213781, 9.1, 725, 启迪
01058094, 8.6, 1240, 生死朗读
34928222, 9.4, 542, 第三帝国的到来
06533037, 9.2, 648, 玻璃球游戏
05063482, 8.2, 1975, 少年维特的烦恼
01664927, 9.0, 766, 浮士德
01810944, 8.7, 1052, 启蒙辩证法
01081197, 8.7, 1029, 歌德谈话录
06127333, 9.0, 740, 牙齿大街的新鲜事
03916985, 9.3, 550, 父与子全集
01886273, 8.3, 1632, 安妮日记
01082457, 9.2, 596, 美学（第一卷）
19967328, 8.6, 1104, 漂泊的灵魂
02045704, 8.9, 794, 权力意志
26663535, 9.3, 533, 善恶的彼岸
05376976, 8.7, 948, 德意志的另一行泪
05406581, 8.9, 762, 浮士德
01051659, 8.9, 753, 我与你
05406801, 9.0, 680, 铁皮鼓
01450027, 8.7, 926, 万物
01245533, 8.5, 1152, 论优美感和崇高感
02382544, 8.8, 818, 园圃之乐
26581735, 8.8, 816, 黑格尔
30299697, 8.5, 1132, 黑塞童话集
26989965, 9.1, 597, 罂粟与记忆
01039771, 9.0, 656, 法哲学原理
10491608, 8.5, 1126, 神祇、陵墓与学者
10539989, 8.9, 722, 玻璃球游戏
02050776, 9.0, 647, 凯旋门
01455362, 9.2, 530, 历史理性批判文集
10875996, 8.9, 701, 朝圣者之歌
01915375, 8.7, 865, 西方的没落（全二卷）
03648316, 8.8, 768, 资本论（全三册）
01316688, 8.8, 763, The Reader
01074364, 9.1, 564, 哲学史讲演录(第一卷)
02213560, 8.7, 847, 偶像的黄昏
25766592, 9.3, 467, 精神现象学
01315167, 9.0, 619, 历史的用途与滥用
01079871, 8.8, 759, 当世界年纪还小的时候
30488936, 8.8, 759, 给所有人的黑塞童话
27081974, 9.3, 465, 人生的智慧
24716011, 9.0, 612, 人论
26376880, 9.1, 555, 纳尔奇思与歌尔得蒙
01009891, 8.6, 909, 公共领域的结构转型
22273149, 9.5, 375, 道德形而上学的奠基
05355666, 8.5, 1003, 小国王
02042511, 8.5, 1002, 第五个
19967324, 8.5, 1001, 荒原狼
03578472, 8.4, 1125, 罗斯哈尔德
26302408, 8.8, 712, 荒原狼
25867553, 9.3, 439, 叔本华思想随笔
01949782, 8.6, 881, 快乐的科学
05419233, 9.3, 437, 叔本华论道德与自由
10809021, 8.6, 877, 学生托乐思的迷惘
01828292, 8.8, 706, 黑暗时代的人们
01652617, 9.3, 435, 任何一种能够作为科学出现的未来形而上学导论
04881633, 8.1, 1597, 少年维特的烦恼
03016983, 9.1, 519, 人性的，太人性的（二卷）
03055691, 8.2, 1387, 威尼斯之死
06529943, 8.3, 1198, 在轮下
01150702, 9.2, 462, 资本论（第二卷）
26320883, 7.7, 2708, 丈量世界
27184334, 8.9, 612, 魂断威尼斯
01060489, 8.6, 836, 驼背小人
01760082, 9.2, 450, 丹东之死
26264205, 9.2, 450, 道德的谱系
01315172, 9.1, 491, 道德形而上学原理
06799998, 9.4, 375, 纯粹理性批判
05033915, 8.3, 1153, 希特勒传（上下册）
01150703, 9.3, 405, 资本论（第三卷）
01748477, 9.1, 483, 纳尔齐斯与歌尔德蒙
01035562, 8.8, 648, 在通向语言的途中
02256360, 9.0, 526, 胡塞尔现象学
02004426, 8.8, 639, 叔本华文集：悲观论集卷
01960256, 8.5, 880, 机械复制时代的艺术
02135567, 9.2, 433, 搬过来.搬过去
27083202, 9.3, 396, 新教伦理与资本主义精神
03063119, 8.8, 636, 铁皮鼓
26782124, 9.0, 521, 瞧，这个人
05299807, 8.7, 698, 当世界还不存在的时候
03867627, 9.2, 425, 松鼠先生和第一场雪
01048672, 8.0, 1578, 尼采生存哲学
30222320, 9.4, 352, 荒野之狼
27065678, 8.8, 612, 致后代：布莱希特诗选
26832583, 9.2, 412, 世界哲学史
30389968, 8.6, 737, 克林索尔的最后夏天
10537645, 8.4, 917, 岛屿书
30390667, 8.9, 537, 奥斯特利茨
27608151, 8.5, 812, 摄影小史
19967327, 8.5, 805, 乡愁
19967335, 8.7, 648, 生命之歌
06509470, 8.8, 583, 堤契诺之歌
01444141, 9.2, 398, 演讲与论文集
01070872, 9.3, 361, 实践理性批判
01958791, 9.1, 430, 朝霞
30230911, 8.4, 877, 亢奋战
06971390, 7.3, 4130, 小狗钱钱2
01253974, 9.1, 425, 纯粹理性批判
05996560, 9.3, 355, 浪漫主义的根源 （新编版）
01275842, 9.0, 463, 充足理由律的四重根
25901849, 9.0, 462, 浮士德
27032613, 8.8, 561, 父与子全集
27086102, 8.8, 559, 国王的两个身体
01050527, 8.9, 500, 逻辑学（上卷）
34895266, 8.6, 675, 柏林苍穹下
01731081, 9.0, 450, 叔本华论道德与自由
04122414, 9.3, 343, 经济与社会（第一卷）
01442791, 8.9, 493, 我和小姐姐克拉拉
30297417, 9.5, 287, 陆上行舟
02382542, 9.2, 369, 毕希纳全集
06518053, 9.1, 401, 脆弱的崛起
30280340, 8.9, 482, 格林童话（上下）
27168583, 8.1, 1160, 直到孤独尽头
24878420, 7.7, 1945, 明智行动的艺术
02159604, 8.2, 1000, 寻访行家
30389924, 7.9, 1456, 爱欲之死
23780616, 8.6, 630, 一个悲观主义者的积极思考
26849476, 8.8, 509, 金花的秘密
03986188, 9.3, 321, 小逻辑
26688765, 9.3, 321, 论巴赫
03529625, 9.1, 380, 爷爷的天使
06436044, 9.7, 231, 支配社会学
04139701, 8.3, 843, 杜伊诺哀歌
24396667, 9.1, 368, 失去的胜利
01811507, 8.6, 597, 历史哲学
01052276, 8.9, 442, 路标
01310760, 8.3, 826, 塔楼之诗
24879961, 8.9, 440, 悲剧的诞生
30115763, 9.0, 399, 家庭、私有制和国家的起源
10473352, 8.9, 436, 浮士德博士
25163000, 9.0, 397, 文明的进程
33442259, 7.9, 1339, 倦怠社会
10875994, 8.3, 806, 温泉疗养客
30199056, 8.2, 904, 铁道之旅
23060145, 9.5, 254, 未来形而上学导论
01451698, 8.9, 426, 什么是教育
01031293, 8.8, 465, 荷尔德林文集
02248893, 9.1, 351, 德意志意识形态
01069441, 8.3, 787, 纯粹理性批判
01254848, 8.6, 560, 发达资本主义时代的抒情诗人
10559261, 9.2, 317, 启迪
04126252, 8.5, 617, 柏林墙
25870783, 8.9, 409, 荣耀与丑闻
05264480, 8.4, 680, 呼吸秋千
10485841, 8.9, 407, 作为教育家的叔本华
19895831, 8.2, 848, 新教伦理与资本主义精神
26641576, 9.7, 208, 林中路
27081128, 8.5, 603, 万物：文明
26117522, 8.7, 489, 魔山
10546119, 8.3, 749, 弯曲的脊梁
23788376, 8.9, 402, 门将之死
26577705, 8.3, 737, 罪孽的报应
21267640, 8.9, 393, 布登勃洛克一家
24891592, 9.1, 324, 永远讲不完的故事（新译本）
34876107, 7.9, 1165, 无处安放的同情
19955808, 8.6, 517, 万物
01019945, 8.3, 711, 拉贝日记
26600363, 9.4, 248, 失去的胜利
26989966, 9.0, 348, 暗蚀
26397584, 8.3, 702, 单向街
19967342, 9.1, 312, 玻璃珠游戏
27199024, 8.9, 369, 纳齐斯与戈德蒙
22994566, 9.5, 222, 巴洛克艺术
30221268, 8.8, 402, 纳尔齐斯与歌尔德蒙
01039750, 8.9, 364, 政治的概念
05350834, 8.8, 398, 尼伯龙根的指环
05381705, 8.7, 435, 柏林童年
30489680, 9.0, 324, 悲剧的诞生
01949061, 8.5, 524, 不合时宜的沉思
06784955, 8.5, 524, 伽利略传
06784956, 8.1, 815, 四川好人
27136548, 9.0, 322, 风险社会
20451938, 8.9, 352, 德意志悲苦剧的起源
26791792, 9.1, 294, 敌基督者
04202381, 9.2, 269, 逻辑学讲义
33442258, 8.1, 806, 他者的消失
04067659, 8.0, 904, 德语课
30215911, 8.7, 418, 人生的智慧
26945142, 8.0, 900, 背对世界
25942150, 9.3, 245, 启迪
30354900, 9.5, 206, 德国
05373892, 8.2, 692, 宗教的本质
01031345, 9.3, 239, 哲学史讲演录（第二卷）
01769847, 8.1, 771, 鸽子
30200870, 8.8, 366, 悉达多
01067969, 9.4, 218, 哲学史教程（下卷）
04841504, 8.4, 543, 与孤独为伍
01214171, 8.2, 675, 阴谋与爱情
03583331, 8.6, 439, 布登勃洛克一家
26600365, 9.5, 199, 隆美尔战时文件
25782292, 8.8, 353, 巫魔师
19967343, 8.5, 470, 知识与爱情
01812687, 8.6, 424, 电影的本性
26426511, 8.5, 468, 解读希特勒
01000093, 9.2, 243, 民族国家与经济政策
01884735, 9.5, 192, 判断力批判
10608317, 8.5, 461, 夏日谎言
22994564, 9.3, 223, 哥特艺术
26879371, 9.3, 223, 论道德的谱系
34938986, 8.8, 337, 猛犸爷爷
01264559, 8.5, 449, 闪击英雄
26671891, 9.2, 235, 里尔克诗全集（第一卷）
34879976, 8.3, 548, 什么是民粹主义？
01312942, 8.6, 398, 隆美尔战时文件
34942379, 8.9, 298, 移民
01245516, 9.1, 250, 纯粹现象学通论
04730209, 9.0, 271, 经济与社会（第二卷 上下）
01116356, 8.5, 428, 阿古利可拉传 日耳曼尼亚志
04729341, 8.7, 349, 梦中的塞巴斯蒂安
03654011, 9.0, 264, 毛毛-时间窃贼和一个小女孩的不可思议的故事
04197707, 9.3, 206, 康德三大批判合集（上下）
19967325, 8.5, 419, 读书随感
01035997, 8.8, 313, 与魔鬼作斗争
05264477, 8.2, 569, 心兽
01077260, 8.7, 340, 制度经济学
06527144, 8.7, 339, 狱中书简
25999982, 9.0, 259, 瞬间收藏家
03172128, 8.7, 335, 从卡里加利到希特勒
02068955, 8.9, 277, 大学之理念
01101911, 9.1, 233, 一个陌生女人的来信 夜色朦胧
01075174, 9.1, 232, 逻辑学（下卷）
27017904, 9.5, 168, 论道德的谱系
25763658, 8.3, 479, 德国式英雄
27600526, 8.8, 293, 金与铁
01085581, 8.7, 319, 吹牛大王历险记
01002582, 8.6, 350, 西方的没落
04274281, 9.2, 207, 永远讲不完的童话
34464687, 8.6, 349, 魔术师时代
34782538, 8.4, 421, 你的奥尔加
30592698, 8.8, 284, 德米安
02346582, 8.9, 260, 夜颂中的革命和宗教
01277083, 8.5, 376, 审美教育书简
11519504, 9.6, 150, 道德形而上学原理
01003013, 8.6, 341, 时尚的哲学
33395270, 9.1, 218, 悉达多
26644896, 8.0, 637, 我是谁？
06002242, 8.9, 253, 现代性的哲学话语
26849905, 9.3, 181, 浮士德
34444901, 8.6, 327, 肠子的小心思
26302407, 8.4, 397, 轮下
01841628, 8.4, 395, 从乞丐到元首（上下）
01810540, 8.2, 483, 德语课
04860790, 8.1, 535, 我的小村如此多情
07056695, 9.0, 224, 论我们教育机构的未来
30480707, 9.5, 152, 附录和补遗（第1卷）
30420818, 7.8, 761, 在群中
05333443, 8.5, 347, 抽象与移情
24699319, 9.5, 150, 哲学史讲演录
27009630, 9.6, 138, 纯粹理性批判
26577706, 7.6, 939, 档案
01732246, 9.6, 136, The Rise and Fall of the Third Reich
34863429, 9.0, 214, 香水
05348905, 8.4, 368, 一粒种子的旅行
35060088, 9.0, 213, 德米安
27204816, 8.2, 452, 新异化的诞生
25870785, 8.7, 271, 维特根斯坦的侄子
02997197, 8.7, 270, 权利与意志
26805257, 8.8, 247, 希特勒传（全二册·全新修订版）
01045342, 8.2, 437, 诺贝尔奖获得者与儿童对话
01444079, 9.4, 150, 席勒文集（全六卷）
01552060, 9.4, 150, 摹仿论
30126940, 8.5, 316, 大自然的社交网络
34863428, 8.9, 219, 夏先生的故事
04320838, 9.4, 148, 判断力批判
26865732, 8.4, 345, 纳粹医生
27039519, 8.7, 256, 脸的历史
26323178, 9.0, 198, 路德维希 · 费尔巴哈和德国古典哲学的终结
06129747, 9.2, 166, 资本论
25870939, 9.2, 166, 哈贝马斯
01233480, 9.1, 179, 欧洲科学的危机与超越论的现象学
27085707, 8.6, 271, 战败者
03244055, 7.9, 556, 群
04292171, 8.7, 244, 金钱、性别、现代生活风格
02266733, 8.8, 222, 鬼磨坊
01480812, 8.4, 320, 思考与回忆
01073230, 9.0, 186, 哲学史讲演录(第三卷)
25723401, 8.4, 316, 第三帝国的语言
30186006, 8.6, 258, 俾斯麦
01534948, 9.0, 183, 隐面人
26877271, 9.0, 183, 马克斯·韦伯与德国政治：1890—1920
25886229, 8.3, 343, 少年维特的烦恼
26893391, 9.5, 126, 善恶的彼岸
19967346, 8.0, 464, 艺术家的命运
26362202, 8.2, 371, 破案后
02017722, 8.0, 457, 阴谋与爱情
30133467, 9.1, 164, 查拉图斯特拉如是说
25710178, 8.5, 272, 情感堵塞
27058562, 8.4, 299, 应许之地
10546525, 9.6, 114, 不含傳說的普魯士
24840517, 8.3, 327, 心的岁月
02303204, 8.0, 448, 亲和力
27092951, 9.0, 173, 我和你
27052074, 7.6, 711, 尼采诗集
01433165, 8.6, 242, 本雅明文选
04736047, 9.0, 172, 尼采（全二卷）
01958067, 9.1, 159, 格林童话选
01748847, 8.0, 438, 少年维特之烦恼
26815948, 8.0, 436, 当下的力量（白金版）
30389922, 8.0, 436, 精神政治学
01451267, 8.7, 219, 韦伯作品集(Ⅷ):宗教社会学
10461781, 9.4, 126, 《政治经济学批判》序言、导言
30364574, 8.3, 315, 诉讼中
01976072, 8.5, 257, 曼施泰因元帅战争回忆录
34815766, 7.2, 1191, 内向高敏者
02082154, 8.7, 214, 历史的起源与目标
26754368, 9.4, 124, 论德国宗教和哲学的历史
21751338, 8.3, 309, 德语课
26435504, 8.4, 280, 罗马史
03103036, 8.7, 213, 在轮下
25805715, 8.5, 253, 柏林1961
19967341, 8.0, 414, 东方之旅
05269129, 8.5, 248, 镜中恶魔
30271617, 8.7, 205, 皇帝腓特烈二世的故事（全2册）
01446983, 8.4, 268, 在轮下
34907824, 9.1, 148, 第三帝国的兴亡
02138068, 8.9, 173, 真理与方法（修订本）
02051819, 8.7, 204, 神义论
01323953, 9.2, 137, 德国民法通论
01029041, 8.5, 243, 法的形而上学原理
26943735, 8.5, 243, 看不见的岛屿
05326144, 8.7, 203, 后戏剧剧场
01546343, 9.0, 158, 历史的用途与滥用
25835912, 8.4, 261, 浪游者
06744666, 8.8, 182, 纳粹德国
26326484, 7.5, 700, 跑步圣经
01055161, 8.8, 181, 先锋派理论
26737988, 9.2, 131, 艺术力
26830768, 9.2, 131, 拉奥孔
10518812, 9.1, 140, 松鼠先生找幸福
03730897, 9.3, 121, 雇佣劳动与资本
26677118, 9.5, 105, 世界历史与救赎历史
20481425, 8.5, 228, 东进（套装共2册）
03287536, 7.7, 522, 回归
26952967, 9.4, 111, 被遗忘的士兵
06784954, 8.0, 366, 大胆妈妈和她的孩子们
10748231, 9.1, 136, 哲学论稿
27015659, 9.1, 136, 德国人和他们的神话
25794332, 8.1, 326, 反社会的人
30203777, 8.2, 294, 奥斯维辛的摄影师
06847782, 8.1, 321, 德国的浩劫
02156890, 8.8, 169, 第三帝国内幕
26940330, 9.2, 123, 无法扼杀的愉悦
04241792, 8.6, 197, 历史上的各个时代
26368595, 8.6, 196, 园圃之乐
04173412, 8.3, 256, 德国历史中的文化诱惑
10789137, 8.2, 282, 雪白血红
05264481, 7.7, 484, 低地
19967333, 8.1, 310, 美丽的青春
25828275, 8.9, 150, 查拉图斯特拉如是说
06784967, 8.3, 250, 高加索灰阑记
01512933, 8.0, 333, 基督教的本质
06838057, 8.8, 159, 瓦格纳事件 尼采反瓦格纳
01784639, 8.5, 204, 荷尔德林诗选
01809123, 8.8, 158, 逻辑研究（第一卷）
30292628, 8.5, 203, 德米安
25922781, 8.9, 145, 艺术在没落中升起
04085179, 9.6, 88, 希尔伯特几何基础
27124425, 8.8, 155, 一个德国人的故事
03807481, 7.5, 575, 墨水心
30167361, 8.6, 182, 柏林1：石之城
10875995, 7.3, 736, 漫游者寄宿所
30401299, 7.8, 393, 德国极简史
01853165, 9.1, 121, 弗雷格哲学论著选辑
27104145, 8.9, 140, 恶，或自由的戏剧
34786068, 9.0, 129, 逃之夭夭
26611925, 8.0, 312, 咖喱香肠的诞生
03075277, 7.0, 1111, 隐疾
30305884, 9.2, 111, 鸢尾花
26582461, 8.4, 207, 闪击英雄
23020036, 9.1, 117, 重估一切价值
03025632, 7.9, 337, 德国，一个冬天的童话
26832573, 9.0, 125, 政治的应许
03305057, 8.5, 186, Ost trifft West 东西相遇
05264483, 7.8, 370, 狐狸那时已是猎人
30328453, 7.5, 527, 财务自由之路. Ⅱ
24851819, 8.5, 185, 惊马奔逃
26754481, 8.5, 185, 权力意志与永恒轮回
23038656, 8.3, 221, 生存哲学
01228145, 9.2, 107, 马克思恩格斯选集（第三卷）
01074789, 8.7, 155, 先验唯心论体系
20471885, 8.7, 154, 荷尔德林后期诗歌集
23038645, 8.9, 131, 帝国骑士（第1卷）
30384152, 8.9, 131, 夜里老鼠们要睡觉
05312085, 8.5, 180, 发达资本主义时代的抒情诗人
10774935, 8.2, 234, 诺瓦利斯作品选集
02157277, 8.5, 177, 莱辛剧作七种
01467300, 8.4, 193, 黑格尔导读
01959024, 8.7, 149, 歌德诗集（上）
25728153, 8.2, 229, 民主德国的秘密读者
30275093, 7.7, 386, 1924
04189946, 8.3, 207, 合法化危机
30475278, 8.3, 207, 《人生的智慧：如何幸福度过一生》作家榜经典文库
02131594, 9.1, 108, 布莱希特戏剧集（全三册）
05264479, 7.7, 376, 人是世上的大野鸡
19971138, 8.7, 144, 泥泞中的老虎
03807118, 8.6, 156, 荷尔德林后期诗歌（上中下）
01074458, 8.4, 185, 论人类语言结构的差异及其对人类精神发展的影响
03057481, 7.5, 473, 猫与鼠
27124967, 8.5, 168, 悲剧的诞生
26948864, 9.2, 98, 发达资本主义时代的抒情诗人
04056294, 9.0, 112, 韦伯政治著作选
24701792, 9.0, 112, 在康德与黑格尔之间
01490598, 7.7, 364, 尼伯龙根之歌
05264485, 7.8, 325, 今天我不愿面对自己
30488945, 8.8, 128, 偶像的黄昏或怎样用锤子从事哲学思考
30286940, 8.5, 163, 森林的奇妙旅行
30351146, 9.0, 110, 荒原狼
24855142, 8.5, 162, 焦土:苏德战争(1943-1944)
26736800, 9.4, 83, 宪法学说
04224723, 8.4, 175, 一个德国人的故事
01313421, 8.2, 209, 古德里安将军战争回忆录
30121303, 9.0, 108, 安妮日记
03218548, 8.1, 229, 二十世纪中国文学史
21331220, 7.0, 861, 简单就好生活可以很德国
26808971, 8.5, 158, 柏林童年
02244595, 8.6, 145, 克莱斯特作品精选
34863425, 7.9, 274, 论爱与死亡
01963579, 8.1, 224, 柏林日记
03136257, 8.3, 185, 柏林，亚历山大广场
03313440, 7.5, 425, 海德格尔
04742975, 8.7, 131, 法兰克福学派
26323200, 9.0, 104, 社会主义从空想到科学的发展
21371526, 8.8, 120, 法学导论
01770311, 8.7, 128, 莱尼和他们
04063155, 9.2, 89, 從俾斯麥到希特勒
03728606, 8.5, 150, 认知语言学导论
01052451, 9.3, 83, 德意志史（第一卷 上下）
05936256, 7.8, 289, 希特勒的民族帝国
01082930, 8.2, 194, 德军总参谋部
25751980, 7.4, 457, 他们以为他们是自由的
26361134, 8.8, 116, 爱与死的年代
25752974, 8.5, 146, 从相残到相爱
01920777, 8.2, 188, 德国与中华民国
25930038, 9.5, 71, 席勒经典美学文论（注释本）
27112574, 8.5, 144, 作家和出版人
24862257, 8.1, 205, 希特勒传
34841553, 7.8, 276, 美的救赎
02028294, 8.9, 105, 抽象与移情
25804656, 7.4, 435, 1913
25832913, 7.8, 272, 鸽子
30264052, 9.4, 74, 西方通史 第一卷
01061195, 8.8, 111, 启蒙哲学
34913222, 7.5, 375, 书情书
34860967, 8.2, 181, 性格拼图
01000144, 8.3, 165, 交往行为理论
26952861, 7.8, 264, 少年维特之烦恼
27181883, 8.6, 127, 夜颂
22273147, 9.3, 77, 道德形而上学
30839812, 8.7, 117, 荒原狼
26996373, 9.1, 87, 语言与神话
25907731, 9.0, 93, 荷尔德林诗的阐释
01135048, 8.4, 145, 人类理智新论
03190014, 8.9, 98, 论浪漫派
02269232, 9.4, 70, 基督徒的自由
01824389, 8.1, 186, 宫廷文化
25708141, 8.7, 112, 冯至译德国，一个冬天的童话
30488255, 8.4, 142, 独异性社会
33446804, 8.2, 168, 悉达多
34839265, 8.6, 120, 变形记
25865394, 8.7, 111, 《存在与时间》释义
26438586, 8.5, 129, 致俄耳甫斯的十四行诗
30338135, 8.3, 152, 安妮日记
01060125, 8.4, 139, 诗·语言·思
25914733, 9.5, 64, 我不会走丢+绝对不能保守的秘密
34863427, 8.3, 150, 鸽子
26379761, 8.4, 137, 阴谋与爱情
34442426, 8.4, 137, 纳粹猎人
25790419, 8.3, 149, 步兵攻击
03832004, 8.8, 100, 德国古典哲学
06429635, 7.6, 295, 克利与他的教学笔记
27126005, 8.9, 92, 动物的精神生活
27604676, 7.8, 233, 群
27616968, 9.5, 62, 世界时代
27025200, 8.9, 91, 树的秘密生命
34942344, 7.7, 256, 逝物录
01211656, 8.5, 122, 威廉·迈斯特的学习时代
26358815, 9.4, 65, 逻辑研究
10768069, 8.8, 94, 审美教育书简
33376541, 8.6, 109, 梅特涅：帝国与世界
26709311, 7.9, 200, 别了，柏林
01247705, 8.1, 165, 论立法与法学的当代使命
30331725, 7.6, 270, 全球上瘾
27598516, 7.9, 197, 批评家之死
03057483, 8.1, 162, 狗年月
26283219, 8.4, 125, 我不跟你走+别想欺负我
26834943, 8.5, 115, 单行道
33426139, 9.7, 52, 逻辑学Ⅰ
34997980, 8.7, 97, 耶路撒冷之前的艾希曼
05423784, 7.4, 326, 多重宇宙
01144284, 8.4, 122, 外研社德汉双解德语学习词典
05391705, 7.7, 232, 轮舞
26992463, 9.1, 73, 比较法总论（上）
27082347, 9.7, 51, 德意志
10576053, 7.6, 257, 德国通史
26800356, 7.4, 322, 来自静默时刻的讯息
11542549, 7.0, 535, 谋杀手段
05252169, 9.8, 48, Iron Kingdom
03413773, 7.7, 229, 士兵如何修理留声机
27046069, 7.3, 360, 我的奇妙书店
25901853, 8.0, 170, 希腊神话和传说
33442277, 7.6, 252, 娱乐何为
34432265, 7.6, 252, 希特勒的试毒者
26757720, 8.4, 119, 神圣罗马帝国
03349625, 8.4, 117, 西方的没落
26628295, 8.1, 151, 叔本华哲言录
04854402, 8.6, 100, 德国现代史专题十三讲
26589428, 8.6, 100, 卢梭·康德·歌德
06784966, 7.5, 275, 三毛钱歌剧
34862426, 8.6, 99, 少年维特之烦恼
01450094, 9.4, 57, 路德文集1
03063118, 8.0, 159, 我的世纪
26836487, 8.4, 112, 李希霍芬中国旅行日记
26947255, 9.0, 72, 留德十年
03397116, 8.3, 120, 纳粹上台前后我的生活回忆
26961110, 8.1, 142, 柏林记忆
26994853, 7.9, 169, 德意志帝国
26742939, 9.1, 66, 悲剧的诞生
34863426, 8.4, 108, 低音提琴
27179386, 8.0, 151, 德国古典哲学讲演录
30187998, 7.4, 277, 少年维特的烦恼
30464973, 8.4, 106, 蜜蜂之死
30407791, 8.6, 89, 黑色方尖碑
30140243, 8.9, 72, 希特勒传
05362618, 9.1, 63, 历史主义的兴起
27052072, 8.4, 102, 论新
01998997, 7.9, 156, 杀心萌动那一年
04011409, 7.6, 209, 阿伦特与海德格尔
25881177, 8.4, 101, 技术世界中的民间文化
06439059, 8.0, 141, 女人与珍珠
10956494, 9.8, 41, 德国民法总论
01838364, 8.9, 69, 金融资本
25880468, 8.9, 69, 爱的秩序
25813115, 9.0, 64, 德国的历史观
25951801, 9.1, 60, 威廉·夏伊勒的二十世纪之旅II：噩梦年代
01261135, 7.8, 161, 总体战
26668824, 7.6, 196, 隐形冠军
24289176, 7.0, 389, 尼采-牛津通识读本
25752122, 8.0, 131, 社会科学方法论
30439892, 8.5, 87, 魔山
01313423, 8.2, 109, 邓尼茨元帅战争回忆录
27060615, 7.9, 141, 德国人的战争
01900733, 9.2, 53, 三伙伴
27156274, 8.2, 106, 德国人
26289557, 8.1, 115, 阿伦特手册
27028419, 9.7, 40, 康德三大批判合集
27099252, 7.8, 150, 投敌者
03629814, 8.4, 90, 德意志帝国
25911479, 8.7, 72, 脆弱的崛起
30270213, 8.7, 72, 科里尼案件
27624426, 8.8, 67, 创造自然
25853747, 8.6, 76, 希特勒与德国人
35006321, 8.2, 100, 条顿骑士团
34830074, 8.3, 92, 沿坟墓而行
11577858, 8.8, 64, 后形而上学思想
26712741, 8.0, 117, 留德十年
30146665, 8.6, 73, 尼伯龙人之歌
25895052, 8.5, 78, 德意志人
30336059, 7.8, 138, 彗星年代
33402246, 8.1, 105, 柏林传说
26800348, 7.4, 203, 十二月
26923556, 7.8, 135, 彼得•卡门青
27616994, 7.9, 123, 富豪的心理
02372781, 8.4, 81, 美育书简
03930084, 8.6, 70, 舒伦堡回忆录
04913793, 8.6, 70, 浪漫派的将来之神
34841552, 7.7, 145, 暴力拓扑学
27026387, 7.0, 313, 柏林
26878910, 8.2, 93, 陛下
33376514, 8.6, 69, 于尔根·哈贝马斯传：知识分子与公共生活
01049635, 7.9, 119, 希腊人的艺术
27083532, 9.4, 42, 现象学的观念
30238533, 8.1, 100, 历史与记忆中的第三帝国
01465434, 8.4, 79, 博士论文
05283656, 8.2, 91, 路德三檄文和宗教改革
10512859, 8.4, 78, 请求权基础
26658414, 7.6, 154, 绝望者日记
34978375, 8.9, 55, 普法战争
01370718, 8.8, 58, 風中綠李
04891166, 7.9, 114, 策兰与海德格尔
26772670, 9.0, 51, 德意志的另一行泪——“二战”德国老兵寻访录
34930054, 9.0, 51, 美中之美
26766949, 9.1, 48, 德意志帝国的大战略
30273295, 7.7, 134, 纳粹的孩子们
26308673, 8.2, 87, 陌生化与中国戏剧
03098030, 9.4, 40, 流亡曲
26257591, 8.9, 53, Germany
20470099, 7.9, 110, 德国青年运动
26338007, 7.5, 159, 佛罗伦萨之夜
22593625, 8.9, 52, 赫塔米勒作品集
34841549, 7.1, 244, 透明社会
26742244, 8.7, 59, 留德十年
26696459, 9.1, 46, 德国浪漫主义文学理论
27056210, 7.5, 156, 希腊对德意志的暴政
25897658, 8.4, 72, 格林童话全集
26418235, 7.4, 172, 德意志之魂
06535816, 8.0, 98, 永远活在希特勒阴影下吗？
01015289, 7.9, 106, 社会科学方法论
03048907, 8.6, 62, 谍海搏杀-舒伦堡回忆录
05916930, 7.5, 153, 不要随便跟陌生人走
07163020, 7.7, 126, 德国史
25813121, 8.5, 66, 心兽
30398155, 9.1, 45, 迪伦马特戏剧集
25908740, 7.1, 234, 夏屋，以后
30422614, 8.6, 61, 秋日
01057417, 8.3, 75, 新系统及其说明
27205430, 7.9, 103, 1944阿登战役
01026568, 8.3, 74, 痴儿西木传
27074104, 8.7, 56, 少年维特的烦恼
30460538, 9.9, 29, 德国民法总论
34836590, 7.4, 161, 我默默地恨着你
33436265, 8.8, 52, 战争
26987859, 7.9, 100, 何故为敌
30159049, 8.4, 67, 谢林：论人类自由的本质
34456127, 8.6, 58, 我能够到星星吗？
06802217, 7.8, 107, 没有边界的教室
27155214, 7.6, 126, 沉重的皇冠
01050953, 8.8, 50, 德国浪漫主义作品选
25879788, 9.6, 32, 康德著作全集
04262648, 7.9, 95, 丝蔻黛莉小姐
35044898, 7.9, 95, 别想生活有答案
30175864, 7.8, 103, 恶魔的交易
30421691, 8.0, 86, 启示哲学导论
26954487, 8.5, 59, 救世主还是恶魔
27093834, 8.7, 51, 海德格尔与阿伦特通信集
01116321, 8.2, 72, 文化科学和自然科学
26206381, 7.8, 99, 莫斯科日记
30133469, 8.6, 54, 权力意志
25908551, 9.4, 34, 亚里士多德哲学的基本概念
04874274, 8.6, 53, 雪人
30422628, 9.2, 37, 浪漫的律令
01116682, 8.1, 75, 唯一者及其所有物
26945404, 10.0, 25, Germany
26865550, 7.6, 113, 德国天才1
01455110, 8.1, 74, 神圣罗马帝国文化史
27015796, 8.0, 80, 累赘
01420746, 8.0, 79, 德意志道路
03591511, 9.3, 34, 第二次世界大战史
26938857, 7.5, 121, 动荡
27181862, 7.8, 92, 荷尔德林诗选
24695948, 7.7, 100, 希特勒与20世纪德国
34908170, 8.7, 47, 狼的智慧
04152367, 8.6, 50, 拉贝日记
02324879, 7.9, 83, 世界主义与民族国家
25932508, 9.2, 35, 路标
26373296, 7.9, 82, 普鲁士之战：1944-1945
26802193, 8.1, 70, 因为书
26902429, 8.4, 56, 查拉图斯特拉如是说
30153581, 8.6, 49, 路易·波拿巴的雾月十八日
03057735, 7.8, 88, 另一个国度
34868494, 9.4, 31, 单行道
30260000, 8.6, 48, 在大理石悬崖上
30423794, 9.5, 29, 德意志意识形态
34438677, 8.8, 42, 黑镜
34449268, 7.8, 85, 莱布尼茨、牛顿与发明时间
04753787, 7.9, 78, 对德意志民族的演讲
26892821, 7.6, 100, 穷得有品位
24860505, 8.6, 47, 法社会学
30389974, 8.6, 47, 共同体与社会
04276377, 7.5, 109, 施特恩巴尔德的游历
27071457, 7.6, 97, 克鲁索
30464979, 8.7, 43, 法律研习的方法
34460923, 8.4, 52, 中国与世界社会
30268907, 8.9, 38, 东进
33461525, 7.5, 104, 快递包裹
01949012, 8.1, 63, 媒体考古学
27155230, 8.4, 51, 欧元的思想之争
30317406, 7.6, 94, 日耳曼尼亚
34908017, 7.4, 111, 十三封自杀告别信
26706089, 8.1, 61, 对“什么是启蒙”的回答
34983284, 9.4, 28, 附录和补遗（第2卷）
01915684, 8.0, 64, 特雷庇姑娘
30187763, 7.5, 97, 时间
30198532, 7.8, 74, 希特勒的影子帝国
25918409, 7.4, 105, 论语言的起源
03140385, 8.6, 42, 中国文人的自然观
30427426, 7.9, 68, 德国文学
25880483, 9.0, 33, 资本主义的未来
03772617, 8.4, 47, 碧海群狼（上下册）
03872337, 7.8, 72, 意大利和德国的形式感
30253377, 7.4, 102, 思维的艺术
30424060, 7.5, 91, 忧伤动物
10544613, 8.1, 56, 哈瓦那
25853102, 7.1, 134, 魔山
27621040, 8.0, 59, 简捷启发式：有限理性让我们更聪明
26938856, 6.7, 202, 我的星期天和星期一之间少了一天
01637919, 7.9, 62, 外教社德语分级注释有声读物系列A2-尼伯龙根之歌
02364053, 7.9, 62, 戏剧两种
10537157, 7.9, 61, 冰冷的启动
30302547, 8.0, 56, 贝托尔特·布莱希特
05370228, 7.0, 136, 罗马神话
26775555, 9.2, 27, 歌德谈话录
01310803, 8.3, 45, 德法之争
01666271, 7.4, 90, 全球化陷阱
34989767, 8.6, 37, 风险社会学
27176952, 8.9, 31, 德国史
30284735, 8.3, 44, 古典时代的终结
10527661, 7.1, 118, 剑桥德国史
34892936, 9.4, 24, 查拉图斯特拉如是说
27104112, 7.0, 129, 铁血与音符
26379112, 8.4, 40, 脑力劳动与体力劳动
27011131, 7.9, 56, 本来我们应该跳舞
02568386, 8.6, 35, 1525年革命
33423720, 7.6, 70, 掘墓人
30279075, 9.6, 21, 林中路
34834130, 9.8, 19, 德国观念论的终结
26054686, 6.6, 188, 默克尔传
30481402, 7.7, 62, 德国式简单生活365
30273885, 8.1, 46, 悉达多
26437820, 7.7, 61, 德意志文化（1945～2000年）
10521374, 7.6, 65, 历史科学基本概念辞典
30438886, 8.5, 34, 否定辩证法
30475766, 8.5, 34, 德国通史（全六卷）
25748492, 8.3, 38, 德国特征
02337483, 7.7, 57, 戈培尔日记
30246925, 8.3, 37, 在轮下
34648793, 8.7, 29, 德国历史中的文化诱惑
27205411, 7.0, 103, 性欲和性行为
06863350, 7.8, 50, 并非一切坚固的东西都烟消云散了
26866757, 8.0, 43, 德国天才3
01084689, 8.1, 40, 舍勒思想评述
27197943, 6.9, 108, 傻瓜之光
06899493, 7.9, 45, 黑格尔历史哲学
04262686, 7.7, 52, 艺桥倩影
10810782, 7.7, 51, 大逆转1919
30232615, 7.9, 44, 中国城市密码
34996964, 8.2, 36, 纳粹掌权
34432576, 9.7, 17, 狄奥提玛的孩子们
06197652, 9.3, 20, Cinema and Experience
30448930, 9.3, 20, 西方通史 第二卷
02994556, 8.3, 33, 工程师史
30270224, 9.0, 22, 论世界灵魂
26831785, 8.2, 33, 美学
30143010, 8.6, 26, 步兵攻击
26668413, 7.5, 53, 天使沉默
26966430, 8.2, 32, 窃听
27615431, 8.2, 32, 魏玛共和国时期的反民主思想
27056358, 7.0, 80, 奥斯坦德1936
02371612, 8.0, 36, 奥地利史
27911908, 8.6, 25, 歌德
26391253, 7.3, 58, 运动通史
26933804, 7.1, 67, 强迫症的历史
26681330, 7.5, 46, 加速
27074687, 9.0, 19, 学术与政治
30480988, 8.3, 27, 反映
34827496, 6.4, 134, 德国的细节
02033552, 7.9, 34, 第四帝国的崛起
26574819, 7.9, 34, 审美政治化
01489713, 8.2, 28, 德国早期浪漫主义美学导论
30140718, 7.4, 48, 斯科尔茨内回忆录
30157677, 8.7, 21, 列宁格勒战役
34902749, 9.3, 16, 德国哲学1760-1860
05922928, 8.9, 19, 凯绥·珂勒惠支人物素描（下册）
26706614, 7.7, 37, 德意志的乡愁
33396117, 9.6, 14, 城市之冠
01486989, 7.5, 42, 默克尔传
25850144, 8.1, 28, 百年世事
30129624, 6.9, 69, 哲学气质
33413586, 7.0, 62, 德意志公敌
01146998, 7.6, 38, 德意志精神漫游
30443970, 6.7, 82, 何故为敌
30304859, 9.0, 17, 怎样做理论
26604518, 7.8, 32, 戈培尔传
05328307, 8.2, 25, 图解资本论
33645931, 6.3, 124, 出众，从改变习惯开始
30284024, 8.7, 19, 二十世纪德国史
02337482, 8.1, 25, 希特勒副官的回忆
01916471, 7.1, 48, 臣仆
26948423, 8.5, 19, 学会爱自己第二辑——不要随便嘲笑我
27146620, 6.0, 155, 钢铁帝国
26879889, 8.0, 24, 希特勒的救火队员
26905449, 9.1, 14, 痴儿西木传
02567463, 8.4, 19, 霍夫曼短篇小说选
07053910, 8.2, 21, 洪堡特语言哲学文集
27076776, 7.3, 37, 希特勒的世界
30386150, 6.9, 51, 柏林风格小家
06345741, 7.7, 27, 小人物，怎么办？
27170446, 7.7, 27, 海涅诗选
35071124, 8.3, 19, 阿福拜见老虎岳父
03226641, 8.5, 17, 魏玛共和国史（上卷）
27039520, 7.1, 40, 雇员们
01457993, 8.7, 15, The Coming of the Third Reich
01757475, 8.8, 14, 银湖宝藏
26120149, 7.0, 39, 德国与中国
30424144, 7.3, 31, 历史的起源与目标
02537651, 8.5, 15, The Nazi Seizure of Power
04173197, 7.9, 20, 争雄世界：德意志帝国1914-1918年战争目标政策
26746875, 7.7, 22, 第三帝国的艺术博物馆
27062728, 9.4, 10, 徬徨少年時
01646601, 9.1, 11, 音乐的大海－巴赫
25962576, 8.3, 15, 第二次世界大战史（上、下）
30394144, 7.5, 23, 愚人船
03601385, 9.3, 10, Iron Kingdom
33455191, 8.4, 14, 从黑格尔到尼采
01443728, 7.6, 21, 近代普鲁士官僚制度研究
30261953, 6.4, 52, 天生恶魔？
26924401, 6.8, 35, 一个英国人眼中的德国
30263566, 8.1, 15, 我生来与众不同
33415323, 7.7, 18, 关于德语的88个小问题
27041854, 6.4, 46, 侦探小说
33424505, 8.5, 12, 崛起与毁灭
26924337, 8.2, 13, 铁血宰相俾斯麦
25940242, 7.1, 22, 决战柯尼斯堡
30403752, 6.9, 25, 狱中诗
03862670, 7.2, 19, 歌德中短篇小说集
27124944, 6.3, 34, 瓦格纳事件
30420928, 8.0, 11, 普鲁士国王
04814778, 8.2, 10, 迷惘与混乱
34950153, 7.0, 18, 希特勒的克里斯玛
27119139, 6.3, 28, 人民主权与德国宪法危机
30306728, 6.4, 24, 音乐社会学导论
30408572, 6.8, 14, 失败的逻辑
30376816, 6.3, 17, 德国总参谋部
27601156, 4.3, 47, 狄奥提玛
25960850, 0.0, 10, lovers in arms
34942520, 0.0, 10, 黑暗降临
35006595, 0.0, 10, 作战指挥
26972221, 0.0, 11, 卡尔·施米特在第三帝国
35005083, 0.0, 25, 第三帝国的兴亡（增订版）
