2020-07-05 16:00:03

number of books, tag name
993, 心理

ID, rating, votes, title
33440205, 8.9, 60939, 你当像鸟飞往你的山
04242172, 8.1, 230388, 天才在左 疯子在右
26879778, 9.3, 20737, 杀死一只知更鸟
01775691, 8.4, 81346, 少有人走的路
01012611, 8.2, 98210, 乌合之众
03026879, 8.8, 28936, 爱的艺术
01786387, 8.6, 39606, 影响力
01476651, 9.0, 17668, 社会心理学
26362836, 9.0, 16355, 献给阿尔吉侬的花束
26923390, 8.5, 33092, 长夜难明
26369699, 8.6, 26247, 被讨厌的勇气
03533221, 8.4, 35530, 非暴力沟通
03609132, 8.4, 35480, 把时间当作朋友
02340100, 8.0, 73634, 遇见未知的自己
10786473, 8.2, 45623, 自控力
05952488, 9.0, 12180, 亲密关系
01032501, 8.8, 16314, 心理学与生活
27608412, 8.4, 31139, 默读
25887924, 9.7, 4577, 卡拉马佐夫兄弟
01056295, 8.2, 39845, 人性的弱点全集
02328458, 9.1, 8451, 社会性动物
03057556, 8.9, 10226, 狂热分子
01022632, 8.8, 11718, 罪与罚
01465324, 7.7, 67778, 洛丽塔
26585065, 9.4, 4308, 亲密关系
05330333, 8.6, 12859, 活出生命的意义
26371317, 8.1, 24575, 24个比利
11445548, 8.5, 12512, 自私的基因
26418475, 9.2, 4460, 逃避自由
05287474, 8.7, 8596, 影响力
01442869, 8.9, 6175, 献给阿尔吉侬的花束
25867570, 9.4, 3246, 人生的智慧
06952036, 9.1, 4680, 对伪心理学说不
06811366, 8.3, 14266, 禅与摩托车维修艺术
04180711, 8.2, 16360, 拖延心理学
04929844, 8.3, 13251, 怪诞行为学
03158482, 8.9, 5419, 新世界
04953695, 7.8, 31692, 拆掉思维里的墙
01005576, 8.9, 5249, 影响力
05248516, 9.2, 3435, 改变心理学的40项研究
06511362, 9.0, 4254, 我们时代的神经症人格
10785583, 8.2, 13619, 思考，快与慢
25836270, 8.8, 5476, 厌女
05940553, 8.8, 5231, 当尼采哭泣
02256351, 8.4, 9137, 乌合之众
03223711, 8.1, 14880, 怪诞行为学
05991872, 8.9, 4464, 爱的艺术
02033081, 8.2, 12443, 身份的焦虑
01534951, 9.0, 3817, 逃避自由
01201821, 8.0, 16720, 梦的解析
25982198, 9.4, 2286, 社会心理学
01038292, 8.6, 6226, 精神分析引论
26304954, 9.6, 1760, 存在主义心理治疗
10747883, 8.0, 15268, 怦然心动的人生整理魔法
01761759, 9.0, 3460, 超越死亡
01504957, 8.6, 5752, 学会提问
34836531, 8.8, 4254, 了不起的我
04864832, 9.3, 2288, 为什么学生不喜欢上学?
01005193, 8.6, 5527, 重新认识你自己
01033248, 8.9, 3605, 幸福之路
03143537, 9.4, 1978, 津巴多普通心理学
03420606, 8.7, 4531, 正面管教
02277299, 8.4, 6924, 当下的力量
04071842, 8.5, 5888, 路西法效应
30199434, 8.3, 7665, 原生家庭
03413836, 8.4, 6563, 当下的力量
02143904, 8.8, 3715, 进化心理学
26275861, 8.5, 5082, 沟通的艺术（插图修订第14版）
01444900, 8.6, 4371, 爱的五种语言
20382491, 8.0, 10728, 心理罪
01437973, 8.7, 3733, 亲密关系
02275635, 8.8, 3231, 如何说孩子才会听，怎么听孩子才肯说
24749465, 7.4, 31523, 断舍离
04258830, 8.1, 8576, 乌合之众
01147347, 8.8, 3097, 改变心理学的40项研究
27186106, 8.3, 6156, 心流
25782902, 8.1, 8361, 反脆弱
10546850, 8.8, 2966, 内在的天空
04259314, 8.3, 5883, 人间失格
05980113, 8.9, 2488, 伯恩斯新情绪疗法
26304087, 9.1, 1919, 孩子：挑战
02080764, 8.2, 6317, 为何家会伤人
26666472, 7.2, 40333, 天才在左 疯子在右（完整版）
26796536, 9.0, 2126, 身体从未忘记
03062632, 8.6, 3375, 日常生活中的自我呈现
20507212, 8.0, 8158, 习惯的力量
01006614, 8.6, 3321, 我们内心的冲突
01135734, 8.6, 3257, 追寻生命的意义
03059083, 9.1, 1743, LIAR.GAMEⅠ
27114418, 8.1, 6540, 活下去的理由
33385402, 8.1, 6415, 事实
03633588, 8.8, 2382, 幸福之路
01274469, 8.4, 4020, 自杀论
03266968, 7.2, 33362, 秘密
27069925, 9.0, 1847, 不可思议的朋友
34460345, 8.1, 6170, 李银河说爱情
01437488, 9.3, 1316, 群魔
01193621, 8.5, 3390, 决策与判断
01874488, 8.1, 6012, 别做正常的傻瓜
10586741, 8.3, 4375, 关键对话
26286031, 9.3, 1274, 心理学与生活（第19版）
27050457, 8.7, 2544, 幸福课
25863621, 8.0, 6894, 异类
06744767, 8.9, 1987, 我们内心的冲突
02328178, 9.0, 1759, 态度改变与社会影响
25772862, 8.3, 4331, 睡美人
22994632, 8.9, 1928, 成功，动机与目标
34797578, 8.1, 5662, 人间值得
28003156, 8.8, 2166, 给青年的十二封信
03688489, 7.7, 10997, 异类
26863797, 8.5, 3162, 逃离
01223845, 7.6, 13031, 男人来自火星 女人来自金星
24758481, 8.6, 2708, 当下的力量（珍藏版）
02376506, 8.9, 1867, 生命的轨迹
01178089, 9.1, 1485, 给心理治疗师的礼物
10563555, 8.9, 1858, 恐惧
04732150, 7.9, 7175, 心理罪
06754574, 8.9, 1770, Thinking
03033690, 7.9, 6914, 24重人格
03032690, 9.3, 1119, 被人遗忘的人：中国精神病人生存状况
34840201, 8.4, 3240, 你的孩子不是你的孩子
01035517, 7.6, 11383, 男人这东西
26176538, 8.8, 1919, 被討厭的勇氣
25907227, 8.1, 4933, 为何家会伤人（升级版）
01221479, 8.9, 1695, 与“众”不同的心理学
02125973, 9.4, 982, 心理学导论
25985683, 7.7, 9326, 人性的弱点
26287453, 8.9, 1677, 这才是心理学（第9版）
34326931, 8.6, 2414, 掌控习惯
02225735, 7.9, 6606, 谁动了我的奶酪？
26416883, 8.2, 4024, 乌合之众
01837006, 8.0, 5441, 人性的弱点
20270670, 8.2, 4021, 为何爱会伤人
03908032, 7.3, 18031, 怪诞心理学
03318174, 8.1, 4435, 这书能让你戒烟
01288844, 8.2, 3811, 设计心理学
21371465, 8.3, 3301, 沉默的羔羊
02116916, 8.8, 1722, 动机与人格
02372450, 8.7, 1929, 改变，从心开始
04726852, 8.5, 2478, 正念的奇迹
03123393, 7.6, 9739, 遇见心想事成的自己
20492550, 7.7, 8029, 清醒思考的艺术
06438010, 8.6, 2126, 少有人走的路
04061963, 8.7, 1873, 荣格自传
01067049, 8.8, 1659, 孩子，把你的手给我
26686251, 8.8, 1655, 这才是心理学
24875416, 8.3, 3090, 生命最后的读书会
10773362, 8.1, 4094, 随机漫步的傻瓜
02035187, 8.9, 1447, 心
03684193, 9.0, 1288, 叔本华的治疗
26683297, 9.0, 1282, 进化心理学(第4版)
25858916, 8.2, 3489, 感谢自己的不完美
10539126, 8.4, 2629, 社会动物
24700640, 9.2, 1023, 象棋的故事
26861459, 8.6, 2019, 环界1
19949881, 8.8, 1579, 绝非偶然
01218321, 9.1, 1127, 个人形成论
30190063, 8.2, 3408, 人间失格
24863163, 9.0, 1224, 恩宠与勇气：超越死亡
01927902, 7.6, 8572, 九型人格
03389960, 7.5, 10266, 自卑与超越
04846126, 8.1, 3752, 巴别塔之犬
01105890, 8.1, 3711, 生命的重建
26363229, 7.7, 6971, 亲密关系：通往灵魂的桥梁
01944205, 8.9, 1307, 追寻记忆的痕迹
10773358, 8.1, 3629, 意志力
10828002, 7.9, 4849, 游戏改变世界
26728136, 8.4, 2323, 非暴力沟通
04244803, 8.8, 1402, 人格心理学
02241168, 8.7, 1571, 内在的探索
03035600, 8.4, 2212, 心灵的七种兵器
02285530, 9.3, 794, 弗洛伊德及其后继者
01079756, 8.5, 1933, 释梦
06052834, 8.0, 3799, 亲密关系
01018360, 8.6, 1664, 性心理学
27117578, 9.1, 939, 沟通的艺术（插图修订第15版）
20480823, 8.2, 2744, 幸福的方法
26150549, 8.6, 1612, 人性中的善良天使
04722180, 7.7, 5786, 谁动了我的奶酪?-纪念版
01069754, 8.2, 2702, 红处方
03900987, 7.6, 6816, 引爆点
01313174, 8.5, 1811, 荣格自传
05253757, 7.8, 4738, 怪诞行为学2
04606471, 8.1, 2999, 设计心理学
03622904, 7.2, 13723, 不抱怨的世界
26681417, 9.2, 796, P.E.T.父母效能训练
26319527, 8.0, 3408, 性学三论
02347737, 8.0, 3399, 深夜加油站遇见苏格拉底
01359005, 8.7, 1357, 活出意义来
03006742, 8.6, 1521, 改变
01316093, 8.2, 2535, 超越自卑
26841312, 9.4, 647, 给心理治疗师的礼物（万千心理）
01911687, 7.4, 8872, 厚黑学
26671406, 9.3, 698, 儿童健康讲记
05321463, 8.2, 2460, 沟通的艺术
26277676, 7.5, 7315, 心理罪之第七个读者
26808809, 8.2, 2410, 当我遇见一个人
03224456, 7.7, 5085, 少有人走的路Ⅱ
03171735, 9.4, 618, 行为科学统计
26392337, 8.3, 2088, 与神对话
01024279, 8.0, 3156, 普通心理学
27154533, 7.6, 5879, 终身成长
01047205, 8.2, 2354, 性学三论・爱情心理学
26178426, 7.5, 6939, 稀缺
20475794, 8.0, 3075, 身体知道答案
01429566, 8.4, 1782, 变态心理学（第9版）
10515314, 9.1, 801, 红书
02026939, 7.3, 9742, 女心理师（上）
01788302, 8.4, 1756, 重塑心灵
03116096, 8.2, 2280, 象与骑象人
04934733, 8.1, 2617, 真实的幸福
26390426, 8.0, 2998, 比利战争
02980795, 7.7, 4725, 内向者优势
01083030, 9.0, 861, 双重人格 地下室手记
02283762, 8.4, 1708, 钟形罩
26701760, 9.3, 637, 社会心理学（第11版，平装版）
01857295, 9.0, 853, 荣格心理学入门
19963287, 9.0, 853, 诸神的面具
03786755, 7.2, 11287, 每天懂一点色彩心理学
04934590, 8.3, 1909, 活出最乐观的自己
02070807, 8.5, 1478, 懂得爱
20434430, 8.0, 2834, 你要如何衡量你的人生
02081509, 7.4, 7428, 女心理师（下）
01132110, 8.4, 1638, 谁在我家
01936756, 8.6, 1277, 诊疗椅上的谎言
30353486, 7.8, 3736, 认知天性
06832303, 6.8, 24795, 别相信任何人
01902303, 9.1, 724, Man&#39;s Search for Meaning
03298988, 8.5, 1363, 直视骄阳
26102860, 8.5, 1353, 设计心理学1
01314262, 8.1, 2260, 情感化设计
25885021, 8.4, 1521, 砂女
19955069, 7.8, 3458, 遇见未知的自己
06859959, 9.0, 765, 健全的社会
04216680, 9.1, 689, 心理类型
26257557, 8.7, 1032, 热锅上的家庭（40周年纪念版）
26743051, 9.2, 609, 改变心理学的40项研究（第7版）
26312259, 7.9, 2848, 乌合之众
03874168, 8.1, 2106, 零极限
26593221, 9.4, 492, 精神分析诊断（万千心理）
26373271, 8.7, 986, 活出生命的意义[珍藏版]
01965977, 7.4, 6047, 我的抑郁症
26380736, 8.4, 1370, 语言本能
22023679, 8.5, 1199, 汉尼拔
30487959, 8.7, 951, 孤独患者
03999126, 8.5, 1194, 爱和自由
27146748, 8.1, 1979, 假性亲密关系
01031857, 7.8, 2998, 虐恋亚文化
25767534, 8.5, 1170, 少有人走的路1
25768266, 9.4, 464, 人的自我寻求
26365755, 9.5, 413, 精神分析案例解析（万千心理）
01038977, 8.6, 995, 谈判是什么
11601993, 8.1, 1802, 安静
01931769, 9.2, 523, 心理学
04062809, 8.7, 866, 改善情绪的正念疗法
03432953, 8.9, 698, 爱情刽子手
01902852, 8.5, 1080, 一个女人一生中的24小时
02341848, 7.9, 2326, 身体语言密码
26605978, 8.2, 1545, 超越智商
26331553, 8.5, 1067, 非暴力沟通
27039296, 8.3, 1354, 幸福的勇气
01081971, 7.9, 2301, 拯救乳房
06797700, 8.3, 1345, 自我与本我
02183559, 8.8, 758, 发展心理学
26747147, 8.5, 1053, 等待戈多
05356342, 7.6, 3568, 男人来自火星，女人来自金星
06946710, 7.7, 3035, 前世今生
03277343, 8.1, 1703, 生命四元素
06139564, 9.0, 607, 雅克•拉康
04929897, 7.6, 3509, 情商
34870933, 7.7, 2993, 人生十二法则
33374389, 8.3, 1307, 幽微的人性
30203273, 8.1, 1687, 乌合之众
04772958, 8.7, 816, 专业投机原理
25833051, 8.3, 1288, 幸福的婚姻
26907984, 9.2, 492, 红书
04279741, 8.4, 1138, 我不是教你诈.1
25763679, 8.7, 808, 不确定世界的理性选择
02119843, 6.8, 15342, 钝感力
24706978, 8.2, 1431, 捕捉儿童敏感期
30235060, 8.2, 1428, 情感勒索
26578693, 9.5, 369, 登天之梯
25792556, 9.3, 438, 心理学
10809021, 8.6, 877, 学生托乐思的迷惘
24697776, 8.1, 1601, 批判性思维工具（原书第3版）
26792404, 8.8, 705, 精神分析引论
26807400, 8.5, 977, 成功心理学
27004537, 8.6, 866, 我可以被擁抱嗎？因為太過寂寞而叫了蕾絲邊應召
03040515, 9.0, 567, 灼人的秘密
24722609, 7.4, 4409, 催眠师手记
30259159, 8.5, 934, 24个比利
25746854, 8.2, 1338, 红龙
25753137, 9.3, 417, 心理治疗中的依恋
06725495, 7.4, 4317, 必须犯规的游戏
25867785, 8.6, 815, 正义之心
21764541, 8.5, 907, 爱的五种能力
20260640, 8.1, 1471, 象与骑象人
01002815, 7.8, 2213, 登天的感觉
25821723, 9.1, 483, 走出抑郁
01908685, 8.2, 1277, 精神焦虑症的自救（病理分析卷）
01979199, 8.3, 1128, 批判性思维
04710402, 7.4, 4004, 男人这东西
25697495, 8.6, 783, 情感依附
02241170, 8.7, 701, 自我的真相
04053315, 8.2, 1242, 一念之转
03014162, 9.1, 466, 叔本华的治疗
25850130, 8.0, 1579, 乌合之众（修订版）
04165838, 7.9, 1799, 接纳不完美的自己
24839553, 7.4, 3821, 拖拉一点也无妨
02216703, 8.6, 753, 伯恩斯新情绪疗法
26791309, 9.3, 380, 初识传播学（插图第7版）
27045252, 8.7, 675, 不成熟的父母
26660579, 8.7, 672, 直视骄阳：征服死亡恐惧
34437288, 8.0, 1537, 长大了就会变好吗？
06507262, 7.4, 3755, 如何让你爱的人爱上你
02054246, 8.0, 1526, 你的误区
26663916, 8.0, 1518, 沟通圣经
01482317, 8.3, 1038, 自卑与超越
01065003, 8.4, 910, 中毒的父母
01101447, 7.7, 2263, 不要用爱控制我
04309584, 8.5, 805, 孩子的宇宙
07916282, 8.1, 1298, 汉尼拔崛起
26606002, 7.9, 1683, 恰如其分的自尊
26878908, 8.0, 1458, 儿童法案
25809012, 8.0, 1455, 爱的博弈
27037167, 7.7, 2210, 冷暴力
26590889, 8.0, 1448, 情绪急救
06807767, 8.4, 877, 拥抱你的内在小孩
04275052, 8.1, 1251, 九型人格
10431236, 8.3, 978, The Power of Habit
33460827, 8.9, 503, 成为我自己
02984241, 8.7, 612, 思维改变生活
01879497, 8.5, 756, 新家庭如何塑造人
27599381, 8.1, 1188, 怪诞行为学
27018914, 9.0, 445, 诊疗椅上的谎言
05339693, 8.5, 739, 母爱的羁绊
25835911, 8.4, 825, 幸福假面
25828158, 8.2, 1019, 瞬变
30161884, 7.6, 2299, 贫穷的本质
25876611, 7.4, 3145, 引爆点
06157548, 7.5, 2655, 房间里的大象
02344105, 8.0, 1291, 把妹達人之謎男方法
24878420, 7.7, 1945, 明智行动的艺术
25852589, 8.2, 999, 少有人走的路2
31668062, 9.2, 354, Maybe You Should Talk to Someone
27102701, 7.9, 1446, 另一种选择
27030507, 7.4, 3029, 上瘾
01918220, 8.1, 1108, 性与性格
03321968, 7.7, 1894, 说谎
26333444, 9.5, 271, 精神分析治疗：实践指导（万千心理）
30408662, 8.5, 689, 拥有一个你说了算的人生. 活出自我篇
26607683, 8.3, 863, 中国文化的深层结构
01477442, 8.9, 452, 为自己的人
05356341, 8.0, 1227, 男人来自火星，女人来自金星2
26260187, 7.6, 2131, 零秒思考
01193622, 8.3, 844, 自我
26909546, 7.6, 2124, 我们内心的冲突
25982794, 7.1, 4873, 世界上所有童话都是写给大人看的
26823033, 8.3, 841, 梦的解析
23037911, 8.8, 492, 正念禅修
01491590, 7.9, 1381, 人性的优点
26681602, 7.8, 1576, 作死的兔子大全集
03004272, 8.2, 937, 天资差异
03987027, 9.1, 368, 非此即彼（上卷）
26945196, 8.4, 740, 我有一只叫抑郁症的黑狗
27113966, 7.5, 2421, 所以，一切都是童年的错吗？
27063276, 8.4, 736, 论不服从
27070100, 8.8, 484, 《当你开始爱自己，全世界都会来爱你》
26712787, 8.1, 1033, 可爱的诅咒
01950407, 9.0, 390, 客体关系心理治疗
03149514, 8.0, 1153, 战胜拖拉
06061658, 8.7, 519, 幸福超越完美
05999507, 8.5, 639, 妈妈及生命的意义
34481379, 8.2, 897, 园丁与木匠
26705662, 8.9, 425, 心理营养
30358363, 8.4, 709, 被忽视的孩子
02158889, 8.3, 788, 权力的48条法则
04263247, 8.4, 703, 为什么大猩猩比专家高明
05916004, 8.5, 626, 欲望的演化
27125070, 7.5, 2252, 高敏感是种天赋
05336008, 8.2, 869, 瞬变
02082251, 8.7, 497, The Power of Now
25810164, 8.7, 497, 心理学百科
01214804, 8.6, 548, 未发现的自我
27065675, 9.0, 371, 组织行为学(第16版)
20477116, 8.9, 406, 对权威的服从
06957796, 8.4, 675, 爱得太多的女人
04050808, 8.4, 666, 预约死亡
01008949, 9.1, 334, 分裂的自我
26828547, 9.3, 281, 津巴多普通心理学（原书第7版）
04987225, 9.6, 221, 团体心理治疗
26721477, 9.1, 332, 创伤与复原
03755086, 8.8, 436, 发展心理学（第八版）
20280796, 8.6, 530, 快思慢想
06784219, 9.4, 256, 生物心理学
26989781, 8.0, 1045, 自卑与超越(完整全译本)
03859920, 7.6, 1800, 厚黑学
26127411, 7.4, 2438, 男人这东西
05906066, 8.2, 811, 请理解我
30376593, 8.2, 811, 当下的启蒙
11524925, 9.0, 354, 阿斯伯格综合征完全指南
25773343, 9.0, 353, 伯克毕生发展心理学：从0岁到青少年（第4版）
34876107, 7.9, 1165, 无处安放的同情
26822680, 7.8, 1319, 写出我心
10736800, 6.6, 10767, 重口味心理学
30401266, 7.8, 1310, 走出剧情
02970296, 8.1, 887, 情绪的解析
26612510, 8.1, 877, 教养的迷思
06761669, 8.8, 409, Willpower
03823020, 8.8, 407, 性、生态、灵性
30297159, 8.2, 766, 爱的艺术
06771735, 8.8, 401, 中毒的父母
04330526, 8.4, 596, 幻想即现实
27088215, 8.4, 591, 自我成长的力量
30320888, 9.4, 234, 走进魔法店
05361804, 8.3, 655, 焦虑的意义
07067149, 8.8, 391, 认知心理学及其启示
34429342, 7.5, 1840, 我是个年轻人，我心情不太好
26672431, 8.2, 729, 愿你拥有被爱照亮的生命
27041530, 8.2, 728, 魔鬼聊天术
25891495, 8.2, 725, 自控力
11632344, 8.5, 521, 走出思维的误区
26848035, 8.9, 349, 我们时代的神经症人格
30310659, 8.5, 515, 幸福的陷阱
30395243, 7.8, 1172, 爱的艺术
30258764, 8.3, 631, 公主走进黑森林：用荣格的观点探索童话世界
01067830, 8.9, 342, 人对抗自己
26583357, 8.0, 887, 理性乐观派
23708491, 7.6, 1509, 设计师要懂心理学
34430051, 8.2, 697, 大脑健身房
04258808, 8.2, 695, 还我本来面目
26801314, 8.3, 618, 人性的弱点
26910593, 7.3, 2341, 重生
02145946, 8.5, 496, 萨提亚家庭治疗模式
26701753, 9.2, 259, 心理学与生活（第19版）
04843911, 7.1, 3237, 魔鬼搭讪学
01315234, 8.1, 758, 图腾与禁忌
03424266, 8.8, 361, Flow
04032570, 8.5, 483, 进化的大脑
05372542, 8.2, 667, 情感勒索
26317334, 9.3, 231, 认知心理学（第三版）（万千心理）
25913619, 7.8, 1074, 理性动物
26319791, 8.7, 388, 自我
01322992, 8.3, 585, 理解人性
26846721, 8.1, 730, 如何在爱中修行
26865498, 8.2, 650, 医治受伤的自信
03248660, 8.3, 579, 语言的魔力
25760338, 9.4, 210, 万千心理：心理治疗实战录
11509401, 6.9, 4367, 正能量
06861142, 8.2, 644, 心灵的面具
05976544, 7.9, 920, 交易心理分析
03875750, 7.8, 1037, 完美伴侣
03822285, 8.6, 416, 自我导向行为
02303128, 8.5, 458, 简析荣格
30371583, 7.0, 3522, 蔡康永的情商课
30155726, 6.5, 9729, 高兴死了！！！
04246667, 7.7, 1166, 粘住
24532754, 9.0, 284, 认知疗法基础与应用
30376581, 8.2, 624, 艺术与恐惧
03462267, 8.6, 407, 占有还是存在
06065757, 7.2, 2407, FBI心理分析术
06510688, 8.0, 775, 看见成长的自己
02327264, 8.6, 401, 日益亲近
30156481, 8.9, 302, 像阿德勒一样思考和生活
05906677, 8.2, 608, 过犹不及
04249313, 7.6, 1289, 活在当下
01053711, 8.4, 488, 自我分析
25951835, 9.1, 253, 社会心理学（第8版）
26702041, 7.2, 2369, 天生变态狂
24859580, 8.8, 328, 最初和最终的自由
26183848, 7.1, 2788, 完美关系的秘密
10537771, 9.1, 249, 登天之梯
05288625, 9.0, 271, 活在喜悦中
10416503, 6.9, 3910, 花冠病毒
25726681, 9.0, 270, 发展心理学:人的毕生发展(第6版)
27077719, 8.0, 744, 黑匣子思维
01734002, 8.1, 661, 你不知道的自己
27129855, 9.1, 247, 犯罪心理学
25768155, 8.9, 293, 我们时代的神经症人格
04151190, 8.1, 658, 完美的爱，不完美的关系
11516520, 8.7, 351, 动机与人格
06800930, 8.9, 292, 人格心理学
30384422, 8.6, 380, 臣服实验
24859467, 8.4, 464, 谁说了算？
03371227, 8.1, 642, Mindset
04187225, 7.7, 1046, 59秒
03425151, 9.0, 260, 焦虑情绪调节手册
26324187, 7.8, 905, 每一种孤独都有陪伴
26296233, 8.2, 560, 重塑大脑，重塑人生
01254463, 8.0, 703, 人性的优点
25832152, 8.6, 367, 自尊的力量
25893196, 8.4, 446, 与自己和解：治愈你内心的内在小孩
26842369, 8.6, 365, 像我们一样疯狂
21690429, 8.0, 694, 读心神探
23780851, 8.3, 492, 金刚经修心课
30378711, 7.8, 878, 解藥
22051527, 8.5, 398, 自我的追寻
01443662, 9.0, 251, 拒斥死亡
26593192, 8.3, 486, 思想本质
10484712, 7.6, 1136, 驱动力
30416747, 7.6, 1132, 如何正确吵架
01315575, 8.3, 483, 找寻逝去的自我
25920297, 7.7, 981, 丘吉尔的黑狗
03613841, 8.1, 598, 自信的秘密
04233221, 8.7, 321, 双相情感障碍
01232744, 8.9, 268, 神经质的实质与治疗
25899658, 9.1, 226, 人类的破坏性剖析
30163521, 7.4, 1481, 欲罢不能
21249050, 8.4, 429, 身心合一的奇迹力量
34883997, 8.4, 427, 有限责任家庭
04210847, 8.4, 425, 潜意识与心灵成长
30199456, 7.8, 843, 执迷
26293066, 7.7, 955, 你是一切的答案
27038446, 7.6, 1089, 如何不喜欢一个人
27625550, 8.3, 467, 身份的焦虑
21346249, 7.6, 1085, 选择的悖论
03681639, 8.3, 464, 正念
01257434, 7.8, 827, 马斯洛人本哲学
30310479, 8.8, 284, 态度改变与社会影响
26806961, 7.9, 726, 社交天性
30203275, 8.2, 513, 谈判
05417235, 7.9, 722, 失败的逻辑
26742180, 8.1, 569, 心智探奇
03622446, 6.8, 3814, FBI教你破解身体语言
04137809, 7.7, 903, 让大脑自由
04010184, 7.3, 1592, 本能
25801138, 8.9, 252, 是什么带来力量
05910460, 7.4, 1365, 看不见的大猩猩
06861475, 9.1, 212, 意识探秘
05241378, 8.9, 249, 犯罪心理研究
03772058, 7.4, 1344, 吸引力法则
30326608, 8.6, 325, 一个陌生女人的来信
10761494, 7.3, 1536, 女心理师
24325270, 8.0, 601, 道德动物
05291811, 7.5, 1136, 认识自己，接纳自己
05335820, 9.0, 223, 心理动力学心理治疗简明指南
25787500, 8.3, 423, 我忘记了自己自杀的理由
33439315, 9.2, 187, 心灵的焦灼
30449449, 7.6, 964, 我在精神病院抗抑郁
26972590, 9.3, 172, 伯恩斯新情绪疗法Ⅱ
30199459, 7.8, 735, 依恋
30443490, 8.0, 578, 情绪
20475763, 9.4, 158, 个人实相的本质
26896106, 8.7, 279, 被討厭的勇氣 二部曲完結篇：人生幸福的行動指南
26925467, 8.4, 371, 白板
30261648, 8.0, 567, 情绪勒索
01436473, 8.2, 451, 人性的弱点全集
26838522, 9.0, 212, 发展心理学：儿童与青少年
01064649, 8.8, 250, 分析心理学的理论与实践
30330362, 8.4, 359, 儿童教育心理学
30457258, 8.6, 296, 其实你很好
26892353, 7.8, 697, 蜥蜴脑法则
02157346, 8.3, 396, 笛卡尔的错误
01443869, 8.5, 319, 人类的性存在（第8版）
30379975, 7.8, 675, 共情的力量
34857213, 8.2, 426, 亲密陷阱
26701308, 7.4, 1144, 自卑与超越
20281425, 7.2, 1539, 自卑与超越
01083156, 8.1, 473, 关键对话
27110389, 8.3, 382, 不存在的人
26865732, 8.4, 345, 纳粹医生
26628491, 8.2, 421, 母爱的羁绊
01020427, 8.5, 310, 爱与意志
25781016, 8.9, 216, 心理学与文学
26778782, 9.1, 183, 对权威的服从
26384262, 8.2, 414, 正念
33298549, 8.3, 373, 我们内心的冲突
01221482, 8.6, 277, 发展心理学
25798422, 9.3, 155, 心理学导论
25744065, 8.0, 509, 决断力
27101895, 8.3, 367, 自我关怀的力量
06759677, 8.4, 332, 走出恐惧
01278419, 7.8, 640, 冰鉴
05246820, 7.4, 1082, 津巴多时间心理学
26702646, 8.9, 210, Never Split the Difference
25905227, 7.4, 1074, 你的生存本能正在杀死你
01581309, 8.2, 396, 神经衰弱和强迫观念的根治法
03094686, 7.6, 799, 銀座媽媽桑說話術
34945489, 8.4, 322, 赞扬与责备
26596182, 8.9, 205, 我们内心的冲突
06395281, 6.8, 2758, FBI教你读心术
30486813, 8.7, 243, 不同的音调
24845389, 7.6, 793, 潜意识
30217534, 8.3, 354, 分手后，成为更好的自己（35周年纪念版）
06516304, 7.7, 696, 分心不是我的错
34428757, 7.8, 614, 原生家庭生存指南
26767504, 8.0, 485, 孤独
26704096, 7.5, 884, 我的情绪为何总被他人左右
25885237, 7.7, 680, 编剧心理学
25774384, 8.5, 284, 冥想
34678463, 7.7, 667, 重来也不会好过现在
30258333, 7.6, 756, 《催眠师手记》（第一季）
24735346, 9.3, 144, 助人技术
27088735, 7.6, 754, 心理罪·画像
24325339, 7.4, 988, 全新思维
26645277, 7.8, 587, 浅薄
01053709, 8.4, 306, 禅宗与精神分析
02265354, 9.0, 180, 神经症与人的成长
30238047, 8.1, 412, 思维的发现
25710178, 8.5, 272, 情感堵塞
33440045, 7.4, 955, 高效休息法
03441145, 8.6, 247, 自尊的6大支柱
26647130, 7.9, 504, 无处不在的人格
30476828, 7.7, 634, 为什么我们总是在逃避
30367953, 7.6, 709, 专家之死
26840132, 8.1, 394, 梦的解析
24901947, 8.8, 202, 心理学的故事（最新增补修订版）
05299980, 8.2, 353, 教出乐观的孩子
06009051, 8.1, 391, 爱上双人舞
07054138, 7.2, 1223, 洗脑术
24872183, 7.9, 486, 躁郁之心
03023839, 8.0, 434, 苦痛和疾病的社会根源
26349688, 8.2, 350, 儿童教育心理学
27125748, 8.0, 433, 意志力：关于自控、专注和效率的心理学
30259465, 8.6, 238, 如何化解内心的焦虑
30247656, 9.2, 145, 改变心理学的40项研究（第7版）
25808733, 8.8, 198, 爱·恨与修复
26042854, 7.5, 781, 理智向左 疯狂向右
34815766, 7.2, 1191, 内向高敏者
25788948, 8.0, 424, 错不在我
30464332, 8.4, 281, 拥有一个你说了算的人生.终身成长篇
30197730, 8.6, 232, 焦虑症与恐惧症手册
30179767, 7.4, 878, 《催眠师手记》（第二季）
04262114, 6.6, 3282, 女人这东西
20472028, 7.9, 467, 我们为何如此不安
33453873, 8.7, 211, 性格的陷阱：如何修补童年形成的性格缺陷
26381874, 9.1, 152, 人心：善恶天性
02054643, 8.5, 251, 生理心理学
06068005, 8.6, 228, 原型与集体无意识-荣格文集（第五卷）
30458408, 7.2, 1145, 逆商
26616951, 7.9, 456, WOOP思维心理学
06990052, 7.6, 652, 哈佛幸福课
30447816, 9.0, 161, 克服低自尊（第二版）
01836957, 8.4, 269, 痊愈的本能
26831805, 8.4, 269, 精神疾病与心理学
06852021, 7.7, 569, 与内心的小孩对话
01539735, 8.2, 325, 自觉和领悟之路
30275615, 7.9, 447, 难道一切都是我的错吗？
25894861, 6.5, 3711, 跟任何人都聊得来
27040434, 8.6, 219, 给内心的小孩找个家
27667622, 7.6, 628, 超越原生家庭（原书第4版）
27178073, 7.4, 811, 知识的错觉
27072584, 7.7, 550, 中国式的情与爱
27122523, 8.0, 389, 感谢自己的不完美(升级版)
30135703, 9.2, 133, 成為我自己
30337311, 8.1, 346, 多向思考者
30429219, 7.9, 428, The Silent Patient
04722181, 7.6, 608, 小心，无良是一种病
05361568, 8.3, 279, 获得幸福婚姻的7法则
25975450, 8.3, 279, 积极恋爱心理学
01843275, 8.5, 230, 超越自由与尊严
26870352, 7.4, 773, 内向性格的竞争力
27619988, 7.4, 771, 发现心流
25858882, 8.0, 371, 天生敏感
01085007, 8.0, 370, 敏感的人
30128227, 7.5, 664, 助推
26864201, 8.1, 328, 海蒂性学报告：女人篇
26876103, 8.1, 328, 这不是你的错
26603084, 9.3, 117, 精神障碍诊断与统计手册(第5版)(DSM-5)
30140460, 8.8, 170, 当村上春树遇见荣格
27137525, 7.3, 833, 墨菲定律(经典收藏版)
25805226, 7.3, 821, 控制焦虑
03714609, 8.7, 180, 自我的挣扎
26296901, 8.8, 165, 一日浮生: 十個探問生命意義的故事
25808062, 8.9, 152, 中毒的爱
27199529, 8.6, 193, 我们内心的冲突
26617241, 7.2, 923, 渡过
26889003, 8.4, 227, 天生不同
27070139, 8.5, 207, 第一印象心理学
34866369, 7.4, 681, 内向心理学
27054123, 7.4, 679, 心的重建
27002390, 8.2, 271, 记忆错觉
26424544, 8.4, 224, 重塑心灵（升级版）
26605887, 9.3, 108, 教育心理学（原书第12版）
01599035, 8.4, 219, 简捷启发式
30292712, 8.2, 263, 恐惧给你的礼物
30358057, 7.6, 506, 为何你总是会受伤
20480678, 6.9, 1356, 逆转
34846515, 7.7, 443, 人的全景
19949017, 7.2, 833, 魔力
25718139, 7.2, 833, 每个人都会死，但我总以为自己不会
05905894, 7.4, 625, 冷读术
30320071, 8.9, 138, 关系的重建
26220853, 8.2, 252, 论人的成长
26848727, 7.5, 542, 当良知沉睡：辨认身边的反社会人格者
25881693, 7.3, 704, 少有人走的路3
25863575, 8.7, 160, 不是读心术不是心理学不是魔法
26849228, 7.9, 339, 心情词典
33442605, 7.9, 338, 人类木马程序
25727582, 8.6, 173, 发展心理学
27112680, 9.1, 117, 依恋三部曲•第一卷 依恋
26952944, 9.4, 95, 心理学导论（原书第9版）
34845831, 8.5, 188, 亲爱的女儿
30428396, 9.2, 108, 少有人走的路6：真诚是生命的药
25792009, 7.9, 333, 不分心：初学者的正念书
34450938, 7.1, 912, 焦虑星球笔记
03112468, 8.1, 269, 悦食悦己
30408726, 8.3, 221, 自尊（原书第4版）
26672408, 6.5, 2490, 本书书名无法描述本书内容
04917199, 8.5, 183, 实验心理学
27058504, 8.8, 142, 双相情感障碍
01581273, 8.5, 181, 行动转变性格
02327273, 8.4, 196, 我好-你好
25982071, 8.4, 196, 人性能达到的境界
24298931, 7.0, 1011, 专注力
34858766, 7.9, 319, 大脑修复术
01020358, 8.5, 179, 学习乐观
02282133, 8.2, 235, 一种幻想的未来 文明及其不满
26848036, 8.1, 259, 我们内心的冲突
26770312, 8.5, 178, 自我分析
03374558, 7.1, 861, 把妹达人
30204733, 8.8, 138, 你不必更好，也很好
20271917, 7.4, 559, 持续的幸福
23696863, 9.2, 102, 别永远伤在童年
25723254, 9.4, 89, 循环提问
34898503, 7.7, 380, 缺爱
30359352, 7.6, 424, 为何家会伤人（2018百万畅销纪念版）
01393312, 8.2, 223, 千面英雄
26839420, 9.4, 87, 教育心理学（第10版）
34918510, 7.3, 609, 我们为何结婚，又为何不忠
34434176, 7.3, 604, 别人怎么对你，都是你教的
10344527, 8.5, 167, 妈妈的心灵课
06541362, 7.8, 328, 你值得过更好的生活
33444178, 7.8, 328, 自信的力量
34464688, 7.7, 366, 阿加特
10593882, 7.4, 524, 其实他没那么喜欢你
26740257, 7.7, 365, 内在革命：一本关于成长的书
27005756, 7.8, 321, 选择理论
01159821, 8.3, 193, 意识的宇宙
27078778, 7.4, 507, 重塑幸福
33431785, 8.9, 115, 生存的12條法則
30241373, 7.5, 430, 天生非此
20283384, 7.8, 305, 自我训练
25830943, 7.3, 553, 死后的世界
26602466, 7.7, 338, 安全感
26894686, 7.9, 270, 棉花糖实验
26585403, 7.6, 375, 取悦症
34805727, 7.0, 823, 认生的人
26276471, 8.0, 241, 大脑的情绪生活
30352397, 8.1, 218, 认同自己：如何超越与生俱来的弱点
26820338, 7.4, 469, 从自我苛求中解放出来
26838508, 7.3, 532, 具身认知
04834599, 8.1, 216, 爱与意志
27625595, 8.9, 110, 未发现的自我
25899645, 9.1, 95, 自我与自性
26605896, 9.1, 95, 儿童发展心理学：费尔德曼带你开启孩子的成长之旅（原书第6版）
30393557, 7.3, 524, 高度敏感的力量
01059198, 8.7, 127, 心灵地图
26703422, 7.6, 360, 登天的感觉：我在哈佛大学做心理咨询
34431154, 7.0, 778, 学会吃饭
20616993, 6.3, 2607, 洗脑术
30423363, 7.7, 311, 怪诞脑科学
30399941, 8.8, 114, 边界意识
26906474, 8.3, 170, 人生脚本
25963532, 7.5, 383, 理性情绪
25848953, 6.9, 860, 群体性孤独
34860967, 8.2, 181, 性格拼图
11577350, 8.9, 101, How to Think Straight About Psychology
26425240, 9.8, 57, 精神分析治愈之道
01921568, 8.2, 177, 奖励的惩罚
30224133, 8.5, 136, 我们内心的冲突
04821388, 8.8, 107, 不羁的灵魂
27021541, 8.4, 145, 内在生命：精神分析与人格发展
34432245, 6.6, 1278, 焦虑型人格自救手册
25976876, 7.8, 253, 轻疗愈
26849278, 6.4, 1839, 你的善良必须有点锋芒
01425813, 7.9, 225, 儿童心理学
20563266, 8.2, 169, 社会认知
06538416, 7.3, 441, 微表情
02046213, 6.9, 766, 世界上最神奇的24堂课
26647114, 7.3, 440, 太聪明所以不幸福？
26640915, 8.6, 119, 爱，为什么痛？
34799769, 7.6, 299, 我们都曾受过伤，却有了更好的人生
26264666, 8.4, 138, 与人联结
01223943, 7.5, 335, 拉康选集
05975975, 7.9, 212, 无边的恐惧
25961421, 8.4, 134, 情绪自控力
02174650, 8.3, 145, 地理学的犯罪心理画像
02303751, 9.2, 74, 家庭与夫妻治疗
25808898, 8.0, 188, 幻觉
01084711, 7.5, 316, 谣言心理学
26988173, 8.8, 96, 愤怒之舞：亲密关系中情绪表达的艺术
26928018, 8.2, 155, 注意力曲线——打败分心与焦虑
25795617, 7.2, 448, 控制愤怒
34663224, 8.4, 129, 危险关系
25727717, 6.6, 1084, 钝感力
03798470, 8.6, 109, 世界上最神奇的24堂课(原版经典全译本)
30319558, 7.3, 386, 感受爱
26881572, 6.8, 762, 十宗罪系列
26641750, 7.5, 300, 我战胜了抑郁症
27167825, 9.2, 70, 寻找灵魂的现代人
27604891, 9.2, 70, 依恋的形成
30365422, 8.1, 161, 分手后，成为更好的自己（35周年纪念版）
06394591, 8.4, 124, 心理学史
10545175, 7.2, 417, 专念
30134794, 7.7, 233, 天才假象
26611852, 8.4, 122, 害羞与社交焦虑症
26703735, 8.3, 132, 认知心理学：认知科学与你的生活(原书第5版)
06100950, 7.0, 539, 微反应
10541306, 6.2, 2097, 墨菲定律
03140334, 8.3, 131, 无快乐的经济
03129738, 8.6, 103, 谁说人是理性的
27078408, 7.2, 403, 自恋时代
27096914, 8.1, 153, 高敏感是種天賦
30424953, 8.6, 101, 治愈童年创伤
03314537, 9.1, 71, 婴儿、儿童和青少年
34984112, 8.0, 166, 风暴来的那一天
25726232, 7.9, 182, 脆弱的力量
26821979, 8.0, 165, 吾心可鉴
30130598, 8.4, 116, 当自我来敲门
27069084, 8.7, 92, 理解人性
30155780, 8.0, 163, 活出生命的意义（新版）
01712349, 8.1, 148, 人类动机
27112695, 9.1, 69, 依恋三部曲•第二卷 分离
30282578, 7.2, 381, 与原生家庭和解
30384051, 8.0, 159, 你为什么不道歉
34669150, 7.5, 262, 思维的囚徒
34937417, 7.7, 210, 午后四点
27615512, 8.2, 131, 童年与社会
11583939, 9.4, 56, 行动科学
27072554, 7.5, 258, 理性的抉择
20386245, 6.7, 738, 情商
27616629, 7.6, 230, 那些比拼命努力更重要的事
05246819, 8.0, 154, 伯恩斯情绪疗法
27077115, 8.7, 86, 自醒：从被动努力到主动进步的转变
26790607, 9.0, 70, 简析荣格
30320792, 8.1, 138, 失眠疗愈
26997353, 8.4, 107, 抑郁症的正念认知疗法
26752847, 6.5, 981, 整理情绪的力量
30386781, 9.2, 61, 人格障碍的认知行为疗法（第3版）
01379681, 8.8, 79, 心理學家的面相術
02362451, 8.6, 91, 感受发生的一切
27097480, 8.1, 135, 给情绪多点时间
34997632, 8.2, 123, 走出自我认知的黑箱
24838576, 9.4, 53, 青少年心理学
27203444, 7.0, 439, 他人的力量：如何寻求受益一生的人际关系
26774974, 8.3, 111, 唤醒老虎：启动自我疗愈本能
25765450, 7.0, 430, 如何控制自己的情绪
27141005, 8.0, 142, 超级激励者
26283103, 9.1, 62, 生涯咨询
26779446, 7.1, 370, 顾客为什么购买（珍藏版）
34845297, 7.8, 168, 自我边界
26825914, 8.1, 127, 情商
34446883, 8.5, 91, 人性中的善良天使
30405067, 7.0, 407, 高能量姿势
30322298, 7.4, 243, 无压力社交
04889277, 7.9, 143, 爱情心理学
30395692, 7.1, 338, 像间谍一样观察
26278751, 9.2, 54, 心理学的邀请（原书第9版）
26995086, 7.1, 329, 共情力
30181152, 8.3, 98, 情商（2版）
27176282, 7.3, 253, 自卑与超越
30288085, 7.2, 278, 高敏感是种天赋2
03395030, 7.6, 177, 藏在书包里的玫瑰
26861857, 9.0, 58, 人类沟通的语用学
34934459, 9.0, 58, 拥抱可能
24746183, 8.0, 121, 暴食症康复指南
35018583, 8.3, 93, 学会说话 社交沟通中的刻意练习
03351145, 7.1, 299, 说话的艺术
27179282, 8.3, 91, 走出强迫症
30325723, 7.5, 186, 突破天性
27079629, 7.0, 324, 大脑整理术
33296298, 7.2, 253, 只想和你好好生活
26970561, 7.0, 315, 走神的艺术与科学
26453188, 9.1, 50, 自体的重建
04924898, 7.1, 273, 群体的智慧
30400250, 7.1, 273, 不再害羞
26728916, 8.0, 109, 决策与理性
30420901, 8.3, 84, 搏击俱乐部
27072923, 9.6, 37, 《亲密关系》（第7版，英文版）
33405075, 9.6, 37, 批判性思维：原书第5版
01035835, 8.1, 97, 秋空爽朗
25808713, 7.6, 151, 人间游戏
27105119, 8.8, 56, 让我看见你
30159594, 7.1, 247, 男人来自火星，女人来自金星：修炼亲密关系的方法
27147203, 8.3, 79, 安全基地：依恋关系的起源
33416293, 7.9, 108, 人性中的善与恶
26804519, 8.7, 59, 知心书·第一辑
26640977, 9.5, 37, 催眠实务：催眠诱导与间接暗示
27599388, 7.6, 142, 怪诞行为学2
33458407, 6.8, 357, 墨菲定律
30454018, 7.7, 128, 你为什么总是说不出心里话
26888621, 8.5, 67, 森田疗法指导:神经症克服法
25794737, 7.3, 190, 彬彬有礼地离开吧，不要和地球人谈恋爱
30269653, 8.0, 96, 少有人走的路5：不一样的鼓声
30261677, 7.0, 264, 把不安当作朋友(如何直面我们内心的冲突)
26864207, 7.5, 151, 海蒂性学报告：男人篇
30162830, 8.9, 50, 自我与防御机制
30781741, 7.7, 123, 解码青春期
27126738, 6.6, 440, 成功与运气
28505771, 9.5, 35, 人格心理学：人与人有何不同
30289367, 7.3, 177, 复原力
27124017, 8.1, 84, Win Bigly
26895144, 7.5, 142, 你才是自己的过来人
26892194, 7.1, 217, 自卑与超越
11631144, 8.7, 54, 內向心理學
27153146, 6.8, 301, 应对焦虑(九种消除焦虑恐惧和忧虑的简单方法)
25838686, 7.5, 135, 让孩子远离焦虑
34894034, 6.4, 533, 摆脱共情
25849934, 9.2, 38, 大象在屋里
27093847, 8.4, 62, 心理创伤疗愈之道：倾听你身体的信号
35041459, 8.4, 61, 我们的脑子够用吗？
27591739, 7.9, 89, 与内心的小孩对话
34993973, 8.0, 82, 走出人格陷阱
27941770, 7.1, 194, 你的生存本能正在杀死你（修订版）
27112710, 8.6, 53, 依恋三部曲•第三卷 丧失
30304743, 7.0, 217, 依赖共生
33411875, 6.5, 420, 不焦虑了
27136670, 9.0, 40, 创伤与记忆：身体体验疗法如何重塑创伤记忆
26361725, 8.2, 67, 思想等待思想者
30206773, 7.1, 181, 游戏改变人生
26257092, 8.6, 50, 心理治疗中的改变（万千心理）
33461464, 9.0, 39, 错觉心理学(从理解错觉到启发创新)
03245637, 8.9, 41, 这才是心理学
25717296, 9.1, 36, 用图像思考
34853881, 7.1, 170, 走出孤独
30271066, 8.2, 63, 克服完美主义
01090777, 8.7, 45, 战胜自卑
30410452, 7.9, 79, 道德浪女
33474451, 7.4, 123, 儿童心理学
26896741, 9.3, 32, 总有一天，你要和自己握手言和
26746467, 6.0, 838, 梦游症
26434663, 7.8, 84, 内在工作
26844650, 8.4, 53, 有限理性
35045512, 8.6, 46, 复原力
27052437, 7.7, 89, 孤獨的冷漠：逃避型依戀障礙的分析與修復
27122432, 5.8, 1166, 天才在左疯子在右
34993005, 7.1, 157, 幽默感
34914942, 8.5, 48, 即兴
34952429, 7.2, 136, 爱情的逻辑
01512347, 7.4, 111, 心理学原理
34908017, 7.4, 111, 十三封自杀告别信
25693207, 6.7, 243, 婚姻心理学:婚姻是最好的修行
27017633, 9.2, 31, 二分心智的崩塌
24834723, 7.3, 120, 做更自信的自己
25800318, 9.0, 34, 正念療癒力
26747793, 6.7, 234, 怕死
26756589, 6.2, 487, 千魂
30240967, 8.0, 64, 当你不再讨好别人，全世界都会来爱你
20262068, 8.9, 35, 輕鬆駕馭意志力
20385154, 8.4, 46, 动机心理学
06523709, 9.7, 23, 爱他，也要爱自己
05379108, 7.6, 83, 不纠结的世界
11553974, 8.7, 37, Running on Empty
34933361, 8.1, 54, 自我的本质
26754381, 7.6, 78, 情緒之書
33646202, 7.6, 75, 反内耗
30434334, 6.5, 238, 《真相与错觉》
26926733, 8.3, 43, 游戏与现实
34908181, 7.7, 66, 只有心理医生知道
30254436, 7.5, 78, 驾驭情绪的力量
35013835, 8.0, 50, 从容路过的人生
06042136, 8.6, 33, 变的美学-临床心理学家的控制论手册
35057727, 7.5, 71, 被拒绝的勇气
26394915, 7.6, 60, 临终前最后悔的五件事
30373206, 6.8, 124, 圈层突破:如何打破人生的壁垒
34953924, 9.4, 20, 即兴戏剧
35001329, 8.4, 33, 成为更好的自己：许燕人格心理学30讲
34459817, 6.7, 135, 人人都能梦的解析（新版）
27076513, 9.6, 18, 心靈的傷，身體會記住
34465948, 9.4, 19, 谁在犯罪
30854533, 7.4, 63, 你的误区
34912005, 7.6, 53, 你的幸福曲线
30231638, 8.3, 32, 焦虑者自救手册：广泛性焦虑障碍与CBT疗法
01018543, 7.5, 53, 语言虐待
26267079, 9.4, 17, 青蛙如何变王子
35004503, 7.4, 53, 稳：自洽地接住生命中的所有未知
34941404, 7.5, 48, 老去的勇气
30162229, 5.5, 546, 看人的艺术
27662767, 6.9, 73, 同理心
34914947, 7.6, 37, 隐藏的自我
34970886, 8.8, 18, 社会性动物（第12版）
27667614, 6.6, 81, 语言风格的秘密
35060316, 8.0, 26, 我真的很棒
35047665, 8.0, 24, 无所畏惧
34899825, 8.0, 23, 小学生心理学漫画（全六册）
35025351, 6.9, 48, 内在疗愈
26906480, 8.5, 17, 知心书·第二辑
35048510, 8.0, 21, 自驱型成长
27665478, 7.5, 27, 刻意回避(日常生活的心理分析)/心理学经典文库
35036157, 8.0, 20, 不讲道理的职场
34978593, 7.8, 21, 人格
34857513, 6.3, 63, 雖然想死，但還是想吃辣炒年糕
25848482, 4.6, 883, 微表情心理学
11630299, 5.5, 106, 一本书读懂销售心理学
34809545, 5.8, 53, 酸葡萄效应：为什么总有人莫名其妙地讨厌你
01789243, 7.1, 15, 桃源二村
34778625, 5.8, 43, 口才三绝+为人三会+修心三不(套装全3册）
26857132, 4.7, 245, 别在吃苦的年纪选择安逸
35046522, 6.4, 18, 深层认知
01786570, 0.0, 11, Reinventing Your Life
35048837, 0.0, 11, 墨菲定律
35101979, 0.0, 15, 生命蓝图
