2020-07-05 16:00:03

number of books, tag name
994, 心理学

ID, rating, votes, title
33440205, 8.9, 60939, 你当像鸟飞往你的山
01045818, 8.5, 105806, 苏菲的世界
04242172, 8.1, 230388, 天才在左 疯子在右
01775691, 8.4, 81346, 少有人走的路
26382433, 8.2, 115949, 无声告白
01012611, 8.2, 98210, 乌合之众
03261600, 9.2, 16419, 人生的智慧
03026879, 8.8, 28936, 爱的艺术
01786387, 8.6, 39606, 影响力
01476651, 9.0, 17668, 社会心理学
26362836, 9.0, 16355, 献给阿尔吉侬的花束
26369699, 8.6, 26247, 被讨厌的勇气
03533221, 8.4, 35530, 非暴力沟通
03609132, 8.4, 35480, 把时间当作朋友
02340100, 8.0, 73634, 遇见未知的自己
10786473, 8.2, 45623, 自控力
05952488, 9.0, 12180, 亲密关系
27002046, 9.1, 10537, 美丽新世界
01032501, 8.8, 16314, 心理学与生活
01056295, 8.2, 39845, 人性的弱点全集
05346110, 8.9, 11552, 穷查理宝典
02328458, 9.1, 8451, 社会性动物
26695174, 9.1, 8342, 灯塔
03465080, 9.0, 9439, 好妈妈胜过好老师
03057556, 8.9, 10226, 狂热分子
01465324, 7.7, 67778, 洛丽塔
26585065, 9.4, 4308, 亲密关系
05330333, 8.6, 12859, 活出生命的意义
01004699, 9.0, 6903, 作为意志和表象的世界
04745950, 9.3, 4261, 第二性Ⅱ
26371317, 8.1, 24575, 24个比利
11445548, 8.5, 12512, 自私的基因
06709809, 8.4, 14209, 暗时间
26418475, 9.2, 4460, 逃避自由
01292409, 9.1, 5025, 人生的智慧
05287474, 8.7, 8596, 影响力
01004322, 8.7, 8464, 第二性
06952036, 9.1, 4680, 对伪心理学说不
01036541, 8.8, 6785, 疯癫与文明
04745949, 8.7, 7795, 第二性Ⅰ
04180711, 8.2, 16360, 拖延心理学
05325618, 8.4, 11282, 高效能人士的七个习惯
04929844, 8.3, 13251, 怪诞行为学
03158482, 8.9, 5419, 新世界
04953695, 7.8, 31692, 拆掉思维里的墙
01005576, 8.9, 5249, 影响力
05248516, 9.2, 3435, 改变心理学的40项研究
06511362, 9.0, 4254, 我们时代的神经症人格
10785583, 8.2, 13619, 思考，快与慢
25836270, 8.8, 5476, 厌女
05940553, 8.8, 5231, 当尼采哭泣
02256351, 8.4, 9137, 乌合之众
03223711, 8.1, 14880, 怪诞行为学
05991872, 8.9, 4464, 爱的艺术
02033081, 8.2, 12443, 身份的焦虑
20428922, 8.3, 10345, 学会提问
01534951, 9.0, 3817, 逃避自由
01292405, 8.6, 6482, 自私的基因
01201821, 8.0, 16720, 梦的解析
25982198, 9.4, 2286, 社会心理学
01038292, 8.6, 6226, 精神分析引论
26304954, 9.6, 1760, 存在主义心理治疗
05904212, 8.1, 12868, 心理罪
02303588, 8.0, 15072, 心理罪
01504957, 8.6, 5752, 学会提问
01079252, 8.2, 10490, 爱情笔记
34836531, 8.8, 4254, 了不起的我
04737325, 8.2, 10190, 维罗妮卡决定去死
04864832, 9.3, 2288, 为什么学生不喜欢上学?
01005193, 8.6, 5527, 重新认识你自己
01033248, 8.9, 3605, 幸福之路
03143537, 9.4, 1978, 津巴多普通心理学
30175475, 8.8, 4017, Educated
03420606, 8.7, 4531, 正面管教
02277299, 8.4, 6924, 当下的力量
04071842, 8.5, 5888, 路西法效应
30199434, 8.3, 7665, 原生家庭
06526752, 8.8, 3763, 生命之书
02143904, 8.8, 3715, 进化心理学
27663541, 8.5, 5364, 我要快乐，不必正常
26895993, 7.9, 13600, 刻意练习
26275861, 8.5, 5082, 沟通的艺术（插图修订第14版）
27140882, 9.2, 2066, 伊凡·伊里奇之死
01444900, 8.6, 4371, 爱的五种语言
20382491, 8.0, 10728, 心理罪
25822104, 9.2, 2035, 第二性（合卷本）
01437973, 8.7, 3733, 亲密关系
02275635, 8.8, 3231, 如何说孩子才会听，怎么听孩子才肯说
03002878, 8.7, 3599, 优势谈判
24749465, 7.4, 31523, 断舍离
04258830, 8.1, 8576, 乌合之众
01147347, 8.8, 3097, 改变心理学的40项研究
27186106, 8.3, 6156, 心流
25782902, 8.1, 8361, 反脆弱
05317075, 7.1, 57684, 蔡康永的说话之道
10546850, 8.8, 2966, 内在的天空
04312810, 8.6, 3786, 裸猿
05980113, 8.9, 2488, 伯恩斯新情绪疗法
03245212, 9.4, 1408, 叔本华思想随笔
26304087, 9.1, 1919, 孩子：挑战
02080764, 8.2, 6317, 为何家会伤人
26666472, 7.2, 40333, 天才在左 疯子在右（完整版）
26796536, 9.0, 2126, 身体从未忘记
26594159, 8.7, 2966, 德米安
03062632, 8.6, 3375, 日常生活中的自我呈现
20507212, 8.0, 8158, 习惯的力量
01006614, 8.6, 3321, 我们内心的冲突
01135734, 8.6, 3257, 追寻生命的意义
02345548, 8.2, 5627, 学习之道（第2版）
27114418, 8.1, 6540, 活下去的理由
04146756, 8.3, 4795, 浮生取义
33385402, 8.1, 6415, 事实
01082159, 8.2, 5459, 沉默的羔羊
03633588, 8.8, 2382, 幸福之路
01274469, 8.4, 4020, 自杀论
03266968, 7.2, 33362, 秘密
34460345, 8.1, 6170, 李银河说爱情
01193621, 8.5, 3390, 决策与判断
01874488, 8.1, 6012, 别做正常的傻瓜
10586741, 8.3, 4375, 关键对话
26286031, 9.3, 1274, 心理学与生活（第19版）
27050457, 8.7, 2544, 幸福课
25863621, 8.0, 6894, 异类
06744767, 8.9, 1987, 我们内心的冲突
02328178, 9.0, 1759, 态度改变与社会影响
01021056, 7.1, 37959, 谁动了我的奶酪？
26761696, 7.5, 16126, 精进
20258504, 9.1, 1536, 疯癫与文明
22994632, 8.9, 1928, 成功，动机与目标
34797578, 8.1, 5662, 人间值得
03688489, 7.7, 10997, 异类
01223845, 7.6, 13031, 男人来自火星 女人来自金星
24758481, 8.6, 2708, 当下的力量（珍藏版）
02376506, 8.9, 1867, 生命的轨迹
01178089, 9.1, 1485, 给心理治疗师的礼物
26298597, 9.0, 1590, 我们赖以生存的隐喻
06754574, 8.9, 1770, Thinking
03033690, 7.9, 6914, 24重人格
34840201, 8.4, 3240, 你的孩子不是你的孩子
01183730, 8.5, 2808, 谈话的力量
01035517, 7.6, 11383, 男人这东西
26176538, 8.8, 1919, 被討厭的勇氣
25907227, 8.1, 4933, 为何家会伤人（升级版）
01221479, 8.9, 1695, 与“众”不同的心理学
02125973, 9.4, 982, 心理学导论
25985683, 7.7, 9326, 人性的弱点
26287453, 8.9, 1677, 这才是心理学（第9版）
34326931, 8.6, 2414, 掌控习惯
02225735, 7.9, 6606, 谁动了我的奶酪？
26416883, 8.2, 4024, 乌合之众
20270670, 8.2, 4021, 为何爱会伤人
10486418, 8.2, 4018, 十一种孤独
26266067, 8.9, 1571, 重返美丽新世界
03908032, 7.3, 18031, 怪诞心理学
03318174, 8.1, 4435, 这书能让你戒烟
01288844, 8.2, 3811, 设计心理学
03025921, 7.7, 8383, 黑天鹅
27018918, 9.2, 1107, 当尼采哭泣
02116916, 8.8, 1722, 动机与人格
04726852, 8.5, 2478, 正念的奇迹
20492550, 7.7, 8029, 清醒思考的艺术
06438010, 8.6, 2126, 少有人走的路
04061963, 8.7, 1873, 荣格自传
01067049, 8.8, 1659, 孩子，把你的手给我
26686251, 8.8, 1655, 这才是心理学
01135754, 8.1, 4120, 你的灯亮着吗?
06854525, 7.9, 5594, 黑天鹅
10773362, 8.1, 4094, 随机漫步的傻瓜
03684193, 9.0, 1288, 叔本华的治疗
26683297, 9.0, 1282, 进化心理学(第4版)
25858916, 8.2, 3489, 感谢自己的不完美
10539126, 8.4, 2629, 社会动物
01274953, 8.9, 1413, 伦理学
19949881, 8.8, 1579, 绝非偶然
02259198, 8.9, 1405, 合作的进化
01218321, 9.1, 1127, 个人形成论
24863163, 9.0, 1224, 恩宠与勇气：超越死亡
01927902, 7.6, 8572, 九型人格
03389960, 7.5, 10266, 自卑与超越
03134517, 8.3, 2869, Outliers
01105890, 8.1, 3711, 生命的重建
26363229, 7.7, 6971, 亲密关系：通往灵魂的桥梁
05913475, 8.2, 3160, 高难度谈话
01944205, 8.9, 1307, 追寻记忆的痕迹
03891855, 8.6, 1856, 第56号教室的奇迹
10773358, 8.1, 3629, 意志力
04898627, 8.4, 2381, 禅者的初心
10828002, 7.9, 4849, 游戏改变世界
26728136, 8.4, 2323, 非暴力沟通
04244803, 8.8, 1402, 人格心理学
26949210, 8.2, 2933, 如果没有今天，明天会不会有昨天？
02285530, 9.3, 794, 弗洛伊德及其后继者
01079756, 8.5, 1933, 释梦
26877306, 7.7, 6187, 微习惯
06052834, 8.0, 3799, 亲密关系
01018360, 8.6, 1664, 性心理学
34905537, 8.9, 1168, 好的婚姻，要守护财产和爱
27117578, 9.1, 939, 沟通的艺术（插图修订第15版）
20480823, 8.2, 2744, 幸福的方法
26150549, 8.6, 1612, 人性中的善良天使
04722180, 7.7, 5786, 谁动了我的奶酪?-纪念版
01069754, 8.2, 2702, 红处方
21966353, 7.6, 6793, 贫穷的本质
26895988, 8.0, 3574, 学习之道
25902141, 8.9, 1116, 正见
06913343, 8.3, 2302, 理性乐观派
25783654, 7.4, 9514, 如何高效学习
05253757, 7.8, 4738, 怪诞行为学2
01013369, 7.6, 6551, 格调
11528220, 8.3, 2259, 系统之美
03622904, 7.2, 13723, 不抱怨的世界
26681417, 9.2, 796, P.E.T.父母效能训练
26319527, 8.0, 3408, 性学三论
02347737, 8.0, 3399, 深夜加油站遇见苏格拉底
01359005, 8.7, 1357, 活出意义来
03006742, 8.6, 1521, 改变
01316093, 8.2, 2535, 超越自卑
26841312, 9.4, 647, 给心理治疗师的礼物（万千心理）
26769136, 8.7, 1331, 为什么长大？
01911687, 7.4, 8872, 厚黑学
26671406, 9.3, 698, 儿童健康讲记
05321463, 8.2, 2460, 沟通的艺术
26808809, 8.2, 2410, 当我遇见一个人
03171735, 9.4, 618, 行为科学统计
26392337, 8.3, 2088, 与神对话
01024279, 8.0, 3156, 普通心理学
27154533, 7.6, 5879, 终身成长
01047205, 8.2, 2354, 性学三论・爱情心理学
26178426, 7.5, 6939, 稀缺
20475794, 8.0, 3075, 身体知道答案
01429566, 8.4, 1782, 变态心理学（第9版）
05905979, 9.1, 804, 斜目而视
30311816, 8.0, 3057, 荒诞医学史
10515314, 9.1, 801, 红书
01788302, 8.4, 1756, 重塑心灵
26303520, 8.6, 1374, 婚姻的意义
03116096, 8.2, 2280, 象与骑象人
04934733, 8.1, 2617, 真实的幸福
05914475, 7.9, 3496, 无价
26390426, 8.0, 2998, 比利战争
02980795, 7.7, 4725, 内向者优势
01068606, 8.6, 1352, 艺术与视知觉
26701760, 9.3, 637, 社会心理学（第11版，平装版）
06084402, 8.5, 1501, 游戏力
01857295, 9.0, 853, 荣格心理学入门
04934590, 8.3, 1909, 活出最乐观的自己
02070807, 8.5, 1478, 懂得爱
26697774, 8.4, 1665, “错误”的行为
03759379, 9.1, 757, 父母效能训练手册
21214091, 9.0, 836, 人生的十二个面向
20434430, 8.0, 2834, 你要如何衡量你的人生
01132110, 8.4, 1638, 谁在我家
30353486, 7.8, 3736, 认知天性
02282946, 7.8, 3721, 直面内心的恐惧
06832303, 6.8, 24795, 别相信任何人
03298988, 8.5, 1363, 直视骄阳
19955069, 7.8, 3458, 遇见未知的自己
06859959, 9.0, 765, 健全的社会
20473412, 7.9, 2953, 品牌洗脑
04216680, 9.1, 689, 心理类型
34872361, 8.3, 1692, 文案的基本修养
07057936, 8.4, 1482, 批判性思维
30234130, 7.3, 7817, 芬兰人的噩梦
26257557, 8.7, 1032, 热锅上的家庭（40周年纪念版）
24721654, 8.8, 920, 红书
26743051, 9.2, 609, 改变心理学的40项研究（第7版）
26312259, 7.9, 2848, 乌合之众
03874168, 8.1, 2106, 零极限
11589950, 7.7, 3747, 沃顿商学院最受欢迎的谈判课
26593221, 9.4, 492, 精神分析诊断（万千心理）
26373271, 8.7, 986, 活出生命的意义[珍藏版]
26797268, 8.7, 982, 养育的选择
04010185, 8.0, 2353, 哪来的天才？
27073878, 8.5, 1231, 爱的进化论
01965977, 7.4, 6047, 我的抑郁症
26380736, 8.4, 1370, 语言本能
30487959, 8.7, 951, 孤独患者
27146748, 8.1, 1979, 假性亲密关系
10559288, 9.1, 623, 艺术与错觉
01031857, 7.8, 2998, 虐恋亚文化
01051659, 8.9, 753, 我与你
25767534, 8.5, 1170, 少有人走的路1
05937126, 9.3, 509, 认知神经科学
03896758, 8.5, 1166, 参谋助手论
25768266, 9.4, 464, 人的自我寻求
07174792, 8.3, 1484, 千面英雄
27023900, 7.4, 5640, 睡眠革命
24754537, 7.4, 5588, 简单的逻辑学
26365755, 9.5, 413, 精神分析案例解析（万千心理）
01038977, 8.6, 995, 谈判是什么
11601993, 8.1, 1802, 安静
01931769, 9.2, 523, 心理学
04062809, 8.7, 866, 改善情绪的正念疗法
03432953, 8.9, 698, 爱情刽子手
10876406, 9.1, 571, 如何说孩子才会听 怎么听孩子才肯说（全新修订版）
02341848, 7.9, 2326, 身体语言密码
26605978, 8.2, 1545, 超越智商
26331553, 8.5, 1067, 非暴力沟通
27039296, 8.3, 1354, 幸福的勇气
26981441, 8.4, 1197, 知觉之门
25908552, 7.6, 3616, 上瘾五百年
06797700, 8.3, 1345, 自我与本我
02183559, 8.8, 758, 发展心理学
20413742, 7.5, 4223, 不说，就真来不及了
26723539, 8.7, 839, 事件
05356342, 7.6, 3568, 男人来自火星，女人来自金星
06946710, 7.7, 3036, 前世今生
04726323, 7.4, 4931, 一万小时天才理论
06139564, 9.0, 607, 雅克•拉康
02122637, 8.1, 1698, 20世纪最伟大的心理学实验
04929897, 7.6, 3509, 情商
34870933, 7.7, 2993, 人生十二法则
33374389, 8.3, 1307, 幽微的人性
30203273, 8.1, 1687, 乌合之众
33429926, 8.9, 666, 追寻记忆的痕迹
25833051, 8.3, 1288, 幸福的婚姻
26907984, 9.2, 492, 红书
25763679, 8.7, 808, 不确定世界的理性选择
02119843, 6.8, 15342, 钝感力
24706978, 8.2, 1431, 捕捉儿童敏感期
30235060, 8.2, 1428, 情感勒索
26578693, 9.5, 369, 登天之梯
25792556, 9.3, 438, 心理学
06772570, 8.2, 1416, 梦的解析
24697776, 8.1, 1601, 批判性思维工具（原书第3版）
26792404, 8.8, 705, 精神分析引论
26807400, 8.5, 977, 成功心理学
01483573, 8.8, 698, 其實你已經很塔羅了
04903266, 8.3, 1207, 超越感觉
21330690, 9.0, 561, 顺逆皆宜的人生
03869711, 8.1, 1545, 消费者行为学 （第8版·中国版）
24722609, 7.4, 4409, 催眠师手记
30417612, 8.2, 1352, 非对称风险
26761859, 7.7, 2697, 精要主义
30259159, 8.5, 934, 24个比利
26771587, 8.0, 1738, 坚持，一种可以养成的习惯
25753137, 9.3, 417, 心理治疗中的依恋
25867785, 8.6, 815, 正义之心
21764541, 8.5, 907, 爱的五种能力
20260640, 8.1, 1471, 象与骑象人
01002815, 7.8, 2213, 登天的感觉
21359609, 8.3, 1139, 高效演讲
26665498, 7.6, 2977, 生命中最简单又最困难的事
25821723, 9.1, 483, 走出抑郁
01908685, 8.2, 1277, 精神焦虑症的自救（病理分析卷）
01979199, 8.3, 1128, 批判性思维
27081766, 8.0, 1639, 如何学习
25697495, 8.6, 783, 情感依附
04053315, 8.2, 1242, 一念之转
26791007, 9.2, 427, 游戏设计艺术（第2版）
26707803, 8.2, 1229, 千面英雄
30355759, 8.8, 621, Atomic Habits
04165838, 7.9, 1799, 接纳不完美的自己
02216703, 8.6, 753, 伯恩斯新情绪疗法
27045252, 8.7, 675, 不成熟的父母
26660579, 8.7, 672, 直视骄阳：征服死亡恐惧
34437288, 8.0, 1537, 长大了就会变好吗？
06507262, 7.4, 3755, 如何让你爱的人爱上你
01082601, 7.5, 3159, 羊皮卷
26663916, 8.0, 1518, 沟通圣经
01482317, 8.3, 1038, 自卑与超越
01101447, 7.7, 2263, 不要用爱控制我
26412113, 8.4, 905, 机器人叛乱
04309584, 8.5, 805, 孩子的宇宙
26742341, 8.6, 719, 设计心理学
26606002, 7.9, 1683, 恰如其分的自尊
25809012, 8.0, 1455, 爱的博弈
27037167, 7.7, 2210, 冷暴力
26590889, 8.0, 1448, 情绪急救
04230636, 8.3, 991, 不平等的童年
06807767, 8.4, 877, 拥抱你的内在小孩
01033273, 7.8, 1876, 海蒂性学报告
04275052, 8.1, 1251, 九型人格
25813579, 8.2, 1086, 让创意更有黏性
33460827, 8.9, 503, 成为我自己
02984241, 8.7, 612, 思维改变生活
26892222, 8.0, 1375, 生活的哲学
20386249, 8.0, 1370, 人性的弱点
06938350, 8.3, 933, 销售就是要搞定人
27599381, 8.1, 1188, 怪诞行为学
03680839, 9.0, 445, 文艺心理学
27018914, 9.0, 445, 诊疗椅上的谎言
05339693, 8.5, 739, 母爱的羁绊
01000900, 8.0, 1335, 顾客为什么购买
25828158, 8.2, 1019, 瞬变
25876611, 7.4, 3145, 引爆点
06157548, 7.5, 2655, 房间里的大象
02344105, 8.0, 1291, 把妹達人之謎男方法
06759256, 8.2, 1002, 你就是孩子最好的玩具
01967845, 8.5, 709, 从出生到3岁
24878420, 7.7, 1945, 明智行动的艺术
30358753, 8.1, 1131, 掌控谈话
25852589, 8.2, 999, 少有人走的路2
31668062, 9.2, 354, Maybe You Should Talk to Someone
27102701, 7.9, 1446, 另一种选择
27030507, 7.4, 3029, 上瘾
26849476, 8.8, 509, 金花的秘密
03321968, 7.7, 1894, 说谎
26333444, 9.5, 271, 精神分析治疗：实践指导（万千心理）
30408662, 8.5, 689, 拥有一个你说了算的人生. 活出自我篇
19980351, 8.7, 553, 西西弗斯的神话
01477442, 8.9, 452, 为自己的人
05356341, 8.0, 1227, 男人来自火星，女人来自金星2
01193622, 8.3, 844, 自我
26909546, 7.6, 2124, 我们内心的冲突
26823033, 8.3, 841, 梦的解析
23037911, 8.8, 492, 正念禅修
01491590, 7.9, 1381, 人性的优点
03004272, 8.2, 937, 天资差异
26945196, 8.4, 740, 我有一只叫抑郁症的黑狗
27113966, 7.5, 2421, 所以，一切都是童年的错吗？
27063276, 8.4, 736, 论不服从
27070100, 8.8, 484, 《当你开始爱自己，全世界都会来爱你》
33442259, 7.9, 1339, 倦怠社会
26712787, 8.1, 1033, 可爱的诅咒
30128262, 8.9, 430, “错误”的行为
06061658, 8.7, 519, 幸福超越完美
34481379, 8.2, 897, 园丁与木匠
30358363, 8.4, 709, 被忽视的孩子
02158889, 8.3, 788, 权力的48条法则
30309613, 8.3, 786, 自私的基因
05916004, 8.5, 626, 欲望的演化
27125070, 7.5, 2252, 高敏感是种天赋
01475128, 8.9, 411, 人的潜能和价值
06795916, 9.0, 374, 行为经济学讲义
01214804, 8.6, 548, 未发现的自我
04912165, 8.7, 495, 销售巨人
27065675, 9.0, 371, 组织行为学(第16版)
20477116, 8.9, 406, 对权威的服从
06957796, 8.4, 675, 爱得太多的女人
30180292, 7.7, 1608, 犯罪心理1
34808973, 8.6, 541, 乌合之众
26235729, 7.5, 2153, 单身社会
30215098, 7.9, 1216, 犯罪心理2
01008949, 9.1, 334, 分裂的自我
26828547, 9.3, 281, 津巴多普通心理学（原书第7版）
26721477, 9.1, 332, 创伤与复原
26842322, 9.5, 237, 行为科学统计精要（第8版）
20280796, 8.6, 530, 快思慢想
06784219, 9.4, 256, 生物心理学
05346017, 9.0, 359, 博弈论
30232245, 8.5, 586, 神经的逻辑
26989781, 8.0, 1045, 自卑与超越(完整全译本)
25932290, 8.8, 431, 认知与设计
04114636, 8.3, 724, 性学观止（上下册）
05906066, 8.2, 811, 请理解我
27601926, 7.8, 1344, 斯坦福大学人生设计课
11524925, 9.0, 354, 阿斯伯格综合征完全指南
25773343, 9.0, 353, 伯克毕生发展心理学：从0岁到青少年（第4版）
11442509, 8.4, 641, 读懂恋人心
34876107, 7.9, 1165, 无处安放的同情
26822680, 7.8, 1319, 写出我心
10736800, 6.6, 10767, 重口味心理学
30401266, 7.8, 1310, 走出剧情
02970296, 8.1, 887, 情绪的解析
26612510, 8.1, 877, 教养的迷思
30297159, 8.2, 766, 爱的艺术
22224887, 8.4, 607, 全脑教养法
06771735, 8.8, 401, 中毒的父母
04330526, 8.4, 596, 幻想即现实
27088215, 8.4, 591, 自我成长的力量
02229649, 8.1, 830, 童年的秘密
05361804, 8.3, 655, 焦虑的意义
07067149, 8.8, 391, 认知心理学及其启示
30383755, 7.5, 1833, 弱传播
25891495, 8.2, 725, 自控力
06869079, 8.2, 719, 但愿婚前我知道
26848035, 8.9, 349, 我们时代的神经症人格
30310659, 8.5, 515, 幸福的陷阱
01116325, 8.7, 421, 人类理解论（上下）
30395243, 7.8, 1172, 爱的艺术
30258764, 8.3, 631, 公主走进黑森林：用荣格的观点探索童话世界
26288194, 9.0, 313, 权力与领导（第5版）
01067830, 8.9, 342, 人对抗自己
30367215, 8.8, 372, 脑与意识
26159020, 9.0, 308, 视差之见
26701753, 9.2, 259, 心理学与生活（第19版）
33422386, 7.2, 2727, 世界尽头的咖啡馆
04843911, 7.1, 3237, 魔鬼搭讪学
34442149, 8.2, 672, 清醒思考的策略
26733302, 7.6, 1442, 自控力：和压力做朋友
26911425, 7.7, 1249, 练习的心态
05372542, 8.2, 667, 情感勒索
26317334, 9.3, 231, 认知心理学（第三版）（万千心理）
26319791, 8.7, 388, 自我
01322992, 8.3, 585, 理解人性
26846721, 8.1, 730, 如何在爱中修行
26865498, 8.2, 650, 医治受伤的自信
03248660, 8.3, 579, 语言的魔力
25760338, 9.4, 210, 万千心理：心理治疗实战录
27110421, 7.9, 925, 先发影响力
06861142, 8.2, 644, 心灵的面具
10560279, 9.0, 290, 没有疆界
05976544, 7.9, 920, 交易心理分析
03682751, 7.7, 1195, 谈判力
26851515, 7.4, 1837, 细节
01141543, 7.7, 1183, 金融心理学
03822285, 8.6, 416, 自我导向行为
03865994, 8.4, 510, 污名
26779688, 8.0, 798, 做出好决定
25793666, 9.1, 262, 荣格自传
30371583, 7.0, 3522, 蔡康永的情商课
30155726, 6.5, 9729, 高兴死了！！！
24532754, 9.0, 284, 认知疗法基础与应用
30376581, 8.2, 624, 艺术与恐惧
03462267, 8.6, 407, 占有还是存在
06065757, 7.2, 2407, FBI心理分析术
06510688, 8.0, 775, 看见成长的自己
30340107, 7.9, 876, 直觉泵和其他思考工具
34442420, 8.2, 613, 色彩的秘密生活
30156481, 8.9, 302, 像阿德勒一样思考和生活
05906677, 8.2, 608, 过犹不及
01053711, 8.4, 488, 自我分析
25951835, 9.1, 253, 社会心理学（第8版）
26702041, 7.2, 2369, 天生变态狂
03837280, 8.1, 670, 黑天鹅
26872634, 8.1, 668, 思辨与立场
10416503, 6.9, 3910, 花冠病毒
25726681, 9.0, 270, 发展心理学:人的毕生发展(第6版)
27077719, 8.0, 744, 黑匣子思维
01734002, 8.1, 661, 你不知道的自己
27129855, 9.1, 247, 犯罪心理学
11516520, 8.7, 351, 动机与人格
06800930, 8.9, 292, 人格心理学
26866762, 8.6, 384, 影响力（经典版）
30384422, 8.6, 380, 臣服实验
24859467, 8.4, 464, 谁说了算？
34893628, 8.4, 464, 模型思维
26942707, 8.7, 344, 游戏化实战
03371227, 8.1, 642, Mindset
30489754, 8.0, 718, 你有你的计划，世界另有计划
25755874, 7.5, 1366, 运动改造大脑
26296233, 8.2, 560, 重塑大脑，重塑人生
25832152, 8.6, 367, 自尊的力量
26842369, 8.6, 365, 像我们一样疯狂
05362909, 7.4, 1536, 只有偏执狂才能生存
33536171, 9.1, 231, 原子習慣
22051527, 8.5, 398, 自我的追寻
25804890, 7.2, 2077, 疯传
26593192, 8.3, 486, 思想本质
10484712, 7.6, 1136, 驱动力
34985429, 9.0, 249, 焦虑心理学
30416747, 7.6, 1132, 如何正确吵架
26968788, 8.1, 602, 自卑与超越
25920297, 7.7, 981, 丘吉尔的黑狗
04233221, 8.7, 321, 双相情感障碍
11577232, 8.9, 268, 社会心理学（插图第7版）
25899658, 9.1, 226, 人类的破坏性剖析
30163521, 7.4, 1481, 欲罢不能
21249050, 8.4, 429, 身心合一的奇迹力量
27203767, 7.5, 1276, 柏拉图和鸭嘴兽一起去酒吧
34883997, 8.4, 427, 有限责任家庭
04210847, 8.4, 425, 潜意识与心灵成长
30199456, 7.8, 843, 执迷
24737829, 8.4, 424, 金赛性学报告
27038446, 7.6, 1089, 如何不喜欢一个人
27625550, 8.3, 467, 身份的焦虑
21346249, 7.6, 1085, 选择的悖论
27045616, 8.2, 518, 习惯的力量
30310479, 8.8, 284, 态度改变与社会影响
30262779, 8.3, 462, 人性的弱点
26806961, 7.9, 726, 社交天性
30203275, 8.2, 513, 谈判
26803982, 8.3, 459, 非理性繁荣（第三版）
26742180, 8.1, 569, 心智探奇
27143471, 8.1, 568, 12 Rules for Life
26278795, 7.8, 812, 批判性思维（原书第10版）
34803015, 8.1, 561, 人生模式
04137809, 7.7, 903, 让大脑自由
06861475, 9.1, 212, 意识探秘
27062574, 7.8, 784, 坚毅
30351554, 7.4, 1350, 活好
05241378, 8.9, 249, 犯罪心理研究
30347596, 7.4, 1346, 对赌
03772058, 7.4, 1344, 吸引力法则
24325270, 8.0, 601, 道德动物
05291811, 7.5, 1136, 认识自己，接纳自己
05335820, 9.0, 223, 心理动力学心理治疗简明指南
30152934, 7.4, 1301, 佛系：如何成为一个快乐的人
30322083, 7.9, 669, 行为设计学(打造峰值体验)(精)
01440342, 8.7, 287, 发生认识论原理
02252637, 7.9, 663, 诱惑的艺术
30449449, 7.6, 964, 我在精神病院抗抑郁
26972590, 9.3, 172, 伯恩斯新情绪疗法Ⅱ
30199459, 7.8, 735, 依恋
30443490, 8.0, 578, 情绪
30270219, 7.4, 1250, 恶的科学
30248303, 8.2, 459, 爱的沟通
20475763, 9.4, 158, 个人实相的本质
26896106, 8.7, 279, 被討厭的勇氣 二部曲完結篇：人生幸福的行動指南
26925467, 8.4, 371, 白板
30261648, 8.0, 567, 情绪勒索
34662028, 9.7, 126, 罪与罚
26838522, 9.0, 212, 发展心理学：儿童与青少年
01064649, 8.8, 250, 分析心理学的理论与实践
25851444, 9.5, 143, 心理咨询面谈技术（第四版）（万千心理）
30330362, 8.4, 359, 儿童教育心理学
30457258, 8.6, 296, 其实你很好
27204109, 8.2, 440, 少有人走的路4：在焦虑的年代获得精神的成长
02157346, 8.3, 396, 笛卡尔的错误
10578442, 8.1, 489, 爱欲与文明
01443869, 8.5, 319, 人类的性存在（第8版）
03334723, 7.7, 769, 谣言
27132582, 8.2, 429, 不努力好像也没关系（14岁懂社会系列）
26689692, 8.0, 534, 不完美，才美
30379975, 7.8, 675, 共情的力量
11445551, 7.7, 765, 谈判力
34857213, 8.2, 426, 亲密陷阱
26701308, 7.4, 1144, 自卑与超越
20281425, 7.2, 1539, 自卑与超越
26945819, 8.9, 219, 英雄之旅
27110389, 8.3, 382, 不存在的人
26865732, 8.4, 345, 纳粹医生
34461208, 7.7, 757, 我也不想这样
26628491, 8.2, 421, 母爱的羁绊
26285299, 7.9, 587, 创造力
25781016, 8.9, 216, 心理学与文学
26778782, 9.1, 183, 对权威的服从
27601734, 8.2, 416, 我们为什么不说话
26384262, 8.2, 414, 正念
33298549, 8.3, 373, 我们内心的冲突
01221482, 8.6, 277, 发展心理学
25798422, 9.3, 155, 心理学导论
25744065, 8.0, 509, 决断力
03171969, 8.3, 367, 认知心理学
27101895, 8.3, 367, 自我关怀的力量
05246820, 7.4, 1082, 津巴多时间心理学
26702646, 8.9, 210, Never Split the Difference
25905227, 7.4, 1074, 你的生存本能正在杀死你
35048568, 8.7, 248, 如何不切实际地解决实际问题
10799765, 7.5, 917, 盖洛普优势识别器2.0
25721226, 7.9, 553, 沉默的螺旋
01581309, 8.2, 396, 神经衰弱和强迫观念的根治法
03427154, 7.8, 620, 犯罪心理学
34945489, 8.4, 322, 赞扬与责备
26596182, 8.9, 205, 我们内心的冲突
06395281, 6.8, 2758, FBI教你读心术
30761952, 8.6, 266, 非暴力沟通
30486813, 8.7, 243, 不同的音调
24845389, 7.6, 793, 潜意识
30217534, 8.3, 354, 分手后，成为更好的自己（35周年纪念版）
06516304, 7.7, 696, 分心不是我的错
34428757, 7.8, 614, 原生家庭生存指南
26767504, 8.0, 485, 孤独
30297158, 9.0, 186, 逃避自由
26871359, 7.5, 891, 清醒思考的艺术
27031860, 8.7, 239, Why Buddhism is True
26704096, 7.5, 884, 我的情绪为何总被他人左右
30263503, 8.6, 259, 真確
25774384, 8.5, 284, 冥想
26285423, 8.0, 473, 亲密关系的秘密
34678463, 7.7, 667, 重来也不会好过现在
24325339, 7.4, 988, 全新思维
26645277, 7.8, 587, 浅薄
02265354, 9.0, 180, 神经症与人的成长
30238047, 8.1, 412, 思维的发现
27136643, 7.4, 972, 父母的语言：3000万词汇塑造更强大的学习型大脑
27167270, 8.2, 370, 像哲学家一样生活
30384461, 7.7, 652, 不管教的勇气
25710178, 8.5, 272, 情感堵塞
33440045, 7.4, 955, 高效休息法
03441145, 8.6, 247, 自尊的6大支柱
26647130, 7.9, 504, 无处不在的人格
25925226, 8.0, 448, 强势
04796701, 7.1, 1474, 养育男孩
30476828, 7.7, 634, 为什么我们总是在逃避
26286843, 9.0, 174, 秩序感——装饰艺术的心理学研究
27074856, 9.5, 120, 变态心理学（第6版）
24901947, 8.8, 202, 心理学的故事（最新增补修订版）
24872183, 7.9, 486, 躁郁之心
03023839, 8.0, 434, 苦痛和疾病的社会根源
27125748, 8.0, 433, 意志力：关于自控、专注和效率的心理学
30259465, 8.6, 238, 如何化解内心的焦虑
26810502, 8.4, 286, 暴力
33383607, 8.3, 314, 大脑的故事
30247656, 9.2, 145, 改变心理学的40项研究（第7版）
26424386, 8.7, 216, 伯恩斯新情绪疗法
25808733, 8.8, 198, 爱·恨与修复
26042854, 7.5, 781, 理智向左 疯狂向右
34815766, 7.2, 1191, 内向高敏者
34901765, 8.1, 381, 巴拉巴西成功定律
30464332, 8.4, 281, 拥有一个你说了算的人生.终身成长篇
25760744, 7.1, 1379, 重口味心理学2
30197730, 8.6, 232, 焦虑症与恐惧症手册
33453873, 8.7, 211, 性格的陷阱：如何修补童年形成的性格缺陷
30367963, 8.0, 416, 存在的艺术
26381874, 9.1, 152, 人心：善恶天性
02054643, 8.5, 251, 生理心理学
34836249, 7.3, 998, 没药花园
04087584, 7.3, 992, 害羞心理学
30458408, 7.2, 1145, 逆商
30345640, 7.8, 513, 犯罪心理3
26616951, 7.9, 456, WOOP思维心理学
26866955, 8.5, 246, 最小阻力之路
30447816, 9.0, 161, 克服低自尊（第二版）
26831805, 8.4, 269, 精神疾病与心理学
33394561, 9.1, 148, 马文·柯林斯的教育之道
01539735, 8.2, 325, 自觉和领悟之路
30275615, 7.9, 447, 难道一切都是我的错吗？
34994192, 9.0, 158, 我想要不卑不亢地面对这世界
01044827, 8.1, 356, 现代性与自我认同
25894861, 6.5, 3711, 跟任何人都聊得来
27040434, 8.6, 219, 给内心的小孩找个家
27667622, 7.6, 628, 超越原生家庭（原书第4版）
27072584, 7.7, 550, 中国式的情与爱
03324610, 7.3, 924, 摇摆
30135703, 9.2, 133, 成為我自己
30337311, 8.1, 346, 多向思考者
30258589, 7.2, 1053, 成为母亲
05361568, 8.3, 279, 获得幸福婚姻的7法则
25975450, 8.3, 279, 积极恋爱心理学
26953726, 7.8, 469, 好奇心
24697576, 7.5, 677, 第3选择
26870352, 7.4, 773, 内向性格的竞争力
27619988, 7.4, 771, 发现心流
25858882, 8.0, 371, 天生敏感
01085007, 8.0, 370, 敏感的人
30128227, 7.5, 664, 助推
26876103, 8.1, 328, 这不是你的错
27624387, 7.1, 1153, 异类的天赋
26603084, 9.3, 117, 精神障碍诊断与统计手册(第5版)(DSM-5)
03185636, 8.8, 168, 天才儿童的悲剧
27137525, 7.3, 833, 墨菲定律(经典收藏版)
25805226, 7.3, 821, 控制焦虑
03714609, 8.7, 180, 自我的挣扎
21868971, 8.4, 234, 隐藏的自我
06014434, 9.1, 131, 心理统计学（第3版）
10744971, 8.7, 179, 吸引力法则
26889003, 8.4, 227, 天生不同
34866369, 7.4, 681, 内向心理学
27054123, 7.4, 679, 心的重建
05398985, 7.8, 408, 积极情绪的力量
26605887, 9.3, 108, 教育心理学（原书第12版）
34888157, 8.0, 325, 十分钟冥想
19894314, 8.9, 144, 自体的分析
01599035, 8.4, 219, 简捷启发式
30415166, 8.4, 219, 先学会爱自己，再遇见对的你
30292712, 8.2, 263, 恐惧给你的礼物
30358057, 7.6, 506, 为何你总是会受伤
34846515, 7.7, 443, 人的全景
25712703, 8.3, 235, 父母的觉醒
30384189, 7.4, 636, 人人都在说谎
05905894, 7.4, 625, 冷读术
26220853, 8.2, 252, 论人的成长
24848638, 7.4, 621, 天堂的证据
26848727, 7.5, 542, 当良知沉睡：辨认身边的反社会人格者
26849228, 7.9, 339, 心情词典
25727582, 8.6, 173, 发展心理学
27112680, 9.1, 117, 依恋三部曲•第一卷 依恋
26952944, 9.4, 95, 心理学导论（原书第9版）
34450938, 7.1, 912, 焦虑星球笔记
30348435, 7.5, 526, 如何想到又做到
30408726, 8.3, 221, 自尊（原书第4版）
04917199, 8.5, 183, 实验心理学
01680190, 8.1, 265, 女性的奥秘
26309534, 7.9, 323, 沃顿商学院最受欢迎的成功课
01581273, 8.5, 181, 行动转变性格
25982071, 8.4, 196, 人性能达到的境界
30383926, 8.1, 260, 表象与本质
24298931, 7.0, 1011, 专注力
34858766, 7.9, 319, 大脑修复术
26770312, 8.5, 178, 自我分析
03374558, 7.1, 861, 把妹达人
27196897, 7.4, 566, 高情商聊天术
33438841, 8.5, 176, 有限与无限的游戏
20271917, 7.4, 559, 持续的幸福
25850257, 8.0, 280, 消费者行为学
01171256, 8.4, 191, 教育心理学
23696863, 9.2, 102, 别永远伤在童年
25836186, 6.8, 1346, 怪诞心理学
25723254, 9.4, 89, 循环提问
25781017, 9.5, 83, 分析心理学的理论与实践
26852880, 8.0, 276, 遇谁都能聊得开
34939373, 9.4, 88, 精神健康讲记
34898503, 7.7, 380, 缺爱
26699117, 7.6, 426, 自律力
30366330, 7.6, 425, 犯罪心理4
30359352, 7.6, 424, 为何家会伤人（2018百万畅销纪念版）
26839420, 9.4, 87, 教育心理学（第10版）
34918510, 7.3, 609, 我们为何结婚，又为何不忠
35023259, 9.6, 76, 这才是心理学（第11版）
34434176, 7.3, 604, 别人怎么对你，都是你教的
30391910, 8.2, 219, 行为设计学
10344527, 8.5, 167, 妈妈的心灵课
27005756, 7.8, 321, 选择理论
34798855, 9.3, 89, 亲子沟通密码
03248694, 8.3, 190, 不确定状况下的判断
27176052, 8.3, 189, 寻求灵魂的现代人
33431785, 8.9, 115, 生存的12條法則
20283384, 7.8, 305, 自我训练
25830943, 7.3, 553, 死后的世界
26452697, 6.9, 976, 自卑与超越
26602466, 7.7, 338, 安全感
26585403, 7.6, 375, 取悦症
34805727, 7.0, 823, 认生的人
26276471, 8.0, 241, 大脑的情绪生活
30352397, 8.1, 218, 认同自己：如何超越与生俱来的弱点
26004131, 8.9, 111, 人格心理学(第八版)
26820338, 7.4, 469, 从自我苛求中解放出来
26838508, 7.3, 532, 具身认知
27625595, 8.9, 110, 未发现的自我
25899645, 9.1, 95, 自我与自性
26605896, 9.1, 95, 儿童发展心理学：费尔德曼带你开启孩子的成长之旅（原书第6版）
30393557, 7.3, 524, 高度敏感的力量
26703422, 7.6, 360, 登天的感觉：我在哈佛大学做心理咨询
34431154, 7.0, 778, 学会吃饭
20616993, 6.3, 2607, 洗脑术
34834138, 7.2, 577, 杏仁
33439323, 6.8, 1037, 精进2
30423363, 7.7, 311, 怪诞脑科学
30399941, 8.8, 114, 边界意识
34464280, 8.7, 123, 被左右的独立思维
26906474, 8.3, 170, 人生脚本
25963532, 7.5, 383, 理性情绪
25848953, 6.9, 860, 群体性孤独
27028523, 6.2, 3070, 好的孤独
27202452, 7.7, 301, 我减掉了五十斤
34860967, 8.2, 181, 性格拼图
26425240, 9.8, 57, 精神分析治愈之道
33384512, 9.4, 72, 行為
30326144, 8.1, 194, 多样性红利
27663156, 8.7, 116, 三生有幸
25714450, 8.2, 175, 自恋主义文化
26269496, 8.2, 172, 心理医生为什么没有告诉我（第五版）
30296200, 6.3, 2250, 低欲望社会
25976876, 7.8, 253, 轻疗愈
26936242, 7.1, 585, 内向者沟通圣经
01061882, 8.7, 112, 理解人性
20563266, 8.2, 169, 社会认知
06538416, 7.3, 441, 微表情
02046213, 6.9, 766, 世界上最神奇的24堂课
26675645, 8.2, 166, 愚昧者的愚昧
34799769, 7.6, 299, 我们都曾受过伤，却有了更好的人生
25961421, 8.4, 134, 情绪自控力
30155297, 7.3, 406, 时间的悖论
03216250, 9.3, 69, 认知、脑与意识
30254997, 8.2, 156, 重塑大脑回路：如何借助神经科学走出抑郁症
26988173, 8.8, 96, 愤怒之舞：亲密关系中情绪表达的艺术
33407462, 8.0, 184, 重口味心理学:我们内心的小怪兽
30217322, 8.2, 153, 自卑与超越
34663224, 8.4, 129, 危险关系
30440900, 7.3, 388, 犯罪心理5
30319558, 7.3, 386, 感受爱
10559362, 9.0, 80, 西尔格德心理学导论（第14版）
27167825, 9.2, 70, 寻找灵魂的现代人
26611852, 8.4, 122, 害羞与社交焦虑症
26699137, 9.9, 46, 心理学与生活
26703735, 8.3, 132, 认知心理学：认知科学与你的生活(原书第5版)
30487907, 7.6, 258, 不妥协的谈判
10541306, 6.2, 2097, 墨菲定律
27078408, 7.2, 403, 自恋时代
26778193, 9.2, 67, 辩证行为疗法
30424953, 8.6, 101, 治愈童年创伤
26862325, 7.9, 183, 人类的荣耀
30130598, 8.4, 116, 当自我来敲门
27069084, 8.7, 92, 理解人性
30155780, 8.0, 163, 活出生命的意义（新版）
01712349, 8.1, 148, 人类动机
01153460, 8.7, 91, 心理学史
26838504, 9.1, 69, 人格心理学：全面、科学的人性思考（原书第10版）
26871348, 6.9, 566, 只想和你过好这一生
30384051, 8.0, 159, 你为什么不道歉
34669150, 7.5, 262, 思维的囚徒
27615512, 8.2, 131, 童年与社会
11583939, 9.4, 56, 行动科学
30375932, 8.8, 82, 婚姻心理学
20386245, 6.7, 738, 情商
34439715, 9.7, 47, 心理治疗大辩论
25707650, 7.1, 411, 别想那只大象
26587908, 9.1, 66, 人类的认知
26790607, 9.0, 70, 简析荣格
30320792, 8.1, 138, 失眠疗愈
26997353, 8.4, 107, 抑郁症的正念认知疗法
30205294, 7.3, 312, 有序
30386781, 9.2, 61, 人格障碍的认知行为疗法（第3版）
34997632, 8.2, 123, 走出自我认知的黑箱
35075434, 9.7, 45, 用写作重建自我
24838576, 9.4, 53, 青少年心理学
27203444, 7.0, 439, 他人的力量：如何寻求受益一生的人际关系
26774974, 8.3, 111, 唤醒老虎：启动自我疗愈本能
25765450, 7.0, 430, 如何控制自己的情绪
26985371, 7.4, 261, 绝非天赋
01947021, 9.3, 55, Maps of Meaning
26895501, 8.6, 87, 金花的秘密：中国的生命之书
24704442, 8.3, 109, 靈魂的出生前計畫
34845297, 7.8, 168, 自我边界
26825914, 8.1, 127, 情商
34446883, 8.5, 91, 人性中的善良天使
30405067, 7.0, 407, 高能量姿势
34979471, 8.5, 89, 与内心的恐惧对话
30270040, 7.8, 161, 少有人走的路：心智成熟的旅程
30322298, 7.4, 243, 无压力社交
04889277, 7.9, 143, 爱情心理学
25763661, 8.2, 110, 积极心理学
30395692, 7.1, 338, 像间谍一样观察
26278751, 9.2, 54, 心理学的邀请（原书第9版）
30181152, 8.3, 98, 情商（2版）
30359840, 7.8, 151, 走出原生家庭创伤
30487729, 8.6, 78, 战拖行动
27176282, 7.3, 253, 自卑与超越
26718873, 9.3, 49, 一切都不是你的错
26861857, 9.0, 58, 人类沟通的语用学
34934459, 9.0, 58, 拥抱可能
34867513, 7.7, 159, 陆蓉行为金融学讲义
32777812, 7.3, 241, Talking to Strangers
30348773, 8.3, 93, 依恋障碍
03351145, 7.1, 299, 说话的艺术
34883941, 7.7, 154, 暗理性
30325723, 7.5, 186, 突破天性
30191409, 8.2, 95, 多舛的生命
33457142, 8.6, 70, 每个孩子都需要被看见
26840498, 8.6, 69, 道德部落
04924898, 7.1, 273, 群体的智慧
34807500, 7.2, 239, 反常识
33405075, 9.6, 37, 批判性思维：原书第5版
25808713, 7.6, 151, 人间游戏
30140005, 6.3, 828, 早起的奇迹
02147625, 6.3, 819, 硅谷禁书
26605932, 7.1, 252, 终结拖延症
27147203, 8.3, 79, 安全基地：依恋关系的起源
26878224, 8.2, 85, 焦虑的意义
03081066, 9.4, 39, 人类行为心理学
26640977, 9.5, 37, 催眠实务：催眠诱导与间接暗示
33458407, 6.8, 357, 墨菲定律
26334676, 10.0, 29, 行为矫正（万千心理）
34455912, 8.4, 72, 突围原生家庭
34920873, 7.9, 105, 废墟阅读者
30261677, 7.0, 264, 把不安当作朋友(如何直面我们内心的冲突)
35012973, 7.1, 232, 虽然想死，但还是想吃辣炒年糕
30162830, 8.9, 50, 自我与防御机制
24383564, 7.3, 184, 性格的力量
28505771, 9.5, 35, 人格心理学：人与人有何不同
27124017, 8.1, 84, Win Bigly
30326100, 8.8, 49, The Laws of Human Nature
34894034, 6.4, 533, 摆脱共情
04248293, 7.5, 128, 为人三会
34993973, 8.0, 82, 走出人格陷阱
35000362, 8.0, 82, 思维不设限
33411875, 6.5, 420, 不焦虑了
34625758, 7.0, 214, 弹性
30271066, 8.2, 63, 克服完美主义
26351466, 9.3, 32, 人性火花
26896741, 9.3, 32, 总有一天，你要和自己握手言和
34816984, 8.2, 62, 文明及其不满
26411847, 9.0, 37, 学习心理学
34902581, 8.6, 46, 心灵的整饰
35045512, 8.6, 46, 复原力
27052437, 7.7, 89, 孤獨的冷漠：逃避型依戀障礙的分析與修復
27122432, 5.8, 1166, 天才在左疯子在右
33218306, 7.3, 126, 断裂的阶梯
25835878, 8.9, 37, 大脑总指挥：揭秘最具人性的大脑区域
35015998, 8.8, 38, 少女杜拉
34917699, 7.9, 69, 认知
20385154, 8.4, 46, 动机心理学
30172741, 9.6, 24, 选择、价值与决策
05379108, 7.6, 83, 不纠结的世界
27621040, 8.0, 59, 简捷启发式：有限理性让我们更聪明
33391212, 6.9, 162, 你要的是幸福还是对错
34933361, 8.1, 54, 自我的本质
26915066, 8.0, 58, 成為有趣人的55條說話公式
34933308, 7.9, 62, 城市与压力
26754381, 7.6, 78, 情緒之書
35049871, 8.3, 44, 深井效应
26370354, 8.0, 51, 情绪心理学（第二版）（万千心理）
35029959, 8.9, 28, 进击的心智：优化思维和明智行动的心理学新知
34663235, 7.4, 73, 恐惧
35001329, 8.4, 33, 成为更好的自己：许燕人格心理学30讲
34465948, 9.4, 19, 谁在犯罪
34933419, 8.8, 25, 家庭的牵绊
27149602, 5.7, 538, 乌合之众
01018543, 7.5, 53, 语言虐待
34869489, 8.9, 22, 文明中的疯癫
34990864, 8.9, 22, 为何母爱会伤人
34915970, 6.6, 121, 动机心理学 : 克服成瘾、拖延与懒惰的快乐原则
35004503, 7.4, 53, 稳：自洽地接住生命中的所有未知
34941530, 9.6, 13, 爱的起源
34970886, 8.8, 18, 社会性动物（第12版）
27667614, 6.6, 81, 语言风格的秘密
34925444, 8.6, 19, 对身边的软暴力说不
35060316, 8.0, 26, 我真的很棒
34893291, 9.0, 15, 游戏改变学习
35051993, 7.0, 45, 反惰性
35025351, 6.9, 48, 内在疗愈
35042737, 9.8, 10, 公主变成猫
35042812, 9.2, 12, 永恒少年
34978658, 8.3, 17, 煤气灯效应
35045759, 7.1, 34, 身边的金钱心理学
34908320, 6.8, 34, 语言的诞生
34800933, 8.8, 11, 黑尔变态心理学
25848482, 4.6, 883, 微表情心理学
35062494, 7.6, 16, 万物的古怪秩序
34998186, 7.2, 15, 拒绝被支配的勇气
35053335, 0.0, 10, 我是谁：成就人生的16种基本欲望
35093444, 0.0, 19, 心理学通识
