2020-07-05 16:00:03

number of books, tag name
537, 心理咨询

ID, rating, votes, title
04242172, 8.1, 230388, 天才在左 疯子在右
01476651, 9.0, 17668, 社会心理学
05330333, 8.6, 12859, 活出生命的意义
06511362, 9.0, 4254, 我们时代的神经症人格
25982198, 9.4, 2286, 社会心理学
26304954, 9.6, 1760, 存在主义心理治疗
34836531, 8.8, 4254, 了不起的我
02143904, 8.8, 3715, 进化心理学
01444900, 8.6, 4371, 爱的五种语言
02080764, 8.2, 6317, 为何家会伤人
10608319, 8.5, 3772, 存在主义是一种人道主义
27050457, 8.7, 2544, 幸福课
01178089, 9.1, 1485, 给心理治疗师的礼物
01183730, 8.5, 2808, 谈话的力量
25907227, 8.1, 4933, 为何家会伤人（升级版）
20270670, 8.2, 4021, 为何爱会伤人
27018918, 9.2, 1107, 当尼采哭泣
04061963, 8.7, 1873, 荣格自传
01218321, 9.1, 1127, 个人形成论
26728136, 8.4, 2323, 非暴力沟通
03006742, 8.6, 1521, 改变
26841312, 9.4, 647, 给心理治疗师的礼物（万千心理）
01047205, 8.2, 2354, 性学三论・爱情心理学
01429566, 8.4, 1782, 变态心理学（第9版）
01788302, 8.4, 1756, 重塑心灵
02081509, 7.4, 7428, 女心理师（下）
01132110, 8.4, 1638, 谁在我家
01936756, 8.6, 1277, 诊疗椅上的谎言
02282946, 7.8, 3721, 直面内心的恐惧
03298988, 8.5, 1363, 直视骄阳
26257557, 8.7, 1032, 热锅上的家庭（40周年纪念版）
01479194, 8.2, 1866, 他们的世界
26593221, 9.4, 492, 精神分析诊断（万千心理）
26365755, 9.5, 413, 精神分析案例解析（万千心理）
03432953, 8.9, 698, 爱情刽子手
01081971, 7.9, 2301, 拯救乳房
26578693, 9.5, 369, 登天之梯
25792556, 9.3, 438, 心理学
26792404, 8.8, 705, 精神分析引论
25753137, 9.3, 417, 心理治疗中的依恋
01150779, 8.8, 652, 心理学导论——思想与行为的认识之路
01002815, 7.8, 2213, 登天的感觉
25821723, 9.1, 483, 走出抑郁
01220789, 8.0, 1619, 爱上双人舞
04053315, 8.2, 1242, 一念之转
03712855, 8.1, 1364, 为何越爱越孤独
02216703, 8.6, 753, 伯恩斯新情绪疗法
26660579, 8.7, 672, 直视骄阳：征服死亡恐惧
02984241, 8.7, 612, 思维改变生活
01879497, 8.5, 756, 新家庭如何塑造人
27018914, 9.0, 445, 诊疗椅上的谎言
05339693, 8.5, 739, 母爱的羁绊
25852589, 8.2, 999, 少有人走的路2
26333444, 9.5, 271, 精神分析治疗：实践指导（万千心理）
27113966, 7.5, 2421, 所以，一切都是童年的错吗？
02141865, 8.5, 647, 家庭会伤人
01950407, 9.0, 390, 客体关系心理治疗
05999507, 8.5, 639, 妈妈及生命的意义
19967712, 8.6, 541, 诊疗椅上的谎言
04987225, 9.6, 221, 团体心理治疗
26721477, 9.1, 332, 创伤与复原
30401266, 7.8, 1310, 走出剧情
26275063, 8.5, 556, 活得明白
01292428, 8.5, 545, 神经症与人的成长
01450606, 8.2, 752, 爱的序位
01065750, 8.3, 664, 我是谁
25697871, 9.1, 296, 给心理治疗师的礼物（万千心理）
02145946, 8.5, 496, 萨提亚家庭治疗模式
01322992, 8.3, 585, 理解人性
26805083, 8.9, 320, 心理治疗之路
25760338, 9.4, 210, 万千心理：心理治疗实战录
06861142, 8.2, 644, 心灵的面具
24532754, 9.0, 284, 认知疗法基础与应用
02327264, 8.6, 401, 日益亲近
03016463, 7.8, 979, 登天的感觉
01799255, 8.7, 357, 精神分析入门
01734002, 8.1, 661, 你不知道的自己
03729665, 8.3, 522, 欧洲同性恋史
03425151, 9.0, 260, 焦虑情绪调节手册
01826799, 8.6, 374, 心灵飞舞
06438009, 8.2, 560, 少有人走的路2
30416747, 7.6, 1132, 如何正确吵架
26293066, 7.7, 955, 你是一切的答案
27018927, 8.6, 323, 妈妈及生命的意义
10761494, 7.3, 1536, 女心理师
05291811, 7.5, 1136, 认识自己，接纳自己
05335820, 9.0, 223, 心理动力学心理治疗简明指南
10876941, 9.1, 200, 心理动力学疗法
01039300, 8.7, 276, 爱情刽子手
25851444, 9.5, 143, 心理咨询面谈技术（第四版）（万千心理）
01879499, 8.9, 224, 罗杰斯心理治疗
01331882, 9.2, 175, 存在心理治療（上）
30379975, 7.8, 675, 共情的力量
34857213, 8.2, 426, 亲密陷阱
20506638, 8.9, 212, 自体心理学的理论与实践
06087544, 8.0, 504, 登天的感觉
01581309, 8.2, 396, 神经衰弱和强迫观念的根治法
26596182, 8.9, 205, 我们内心的冲突
30258719, 8.2, 387, 那个特别的疯子
04897264, 8.7, 237, 神经质人格
24735346, 9.3, 144, 助人技术
03084973, 8.8, 213, 心理治疗师的问答艺术
24872183, 7.9, 486, 躁郁之心
06800784, 8.3, 313, 故事知道怎么办
25808733, 8.8, 198, 爱·恨与修复
30197730, 8.6, 232, 焦虑症与恐惧症手册
04087584, 7.3, 992, 害羞心理学
03695857, 7.9, 453, 我与躁郁症共处的30年
06852021, 7.7, 569, 与内心的小孩对话
02281620, 8.6, 223, 艾瑞克森催眠治疗理论
03808989, 8.2, 319, 问问李子勋
26470077, 8.7, 200, 西尔斯亲密育儿练习手册
01908684, 7.9, 436, 精神焦虑症的自救 演讲访谈卷
01879498, 8.4, 258, 萨提亚治疗实录
03290954, 8.7, 193, 弗洛伊德心理学入门
04863620, 9.4, 113, 长程心理动力学心理治疗
26327172, 8.9, 163, 心理动力学个案概念化（万千心理）
01083203, 7.5, 663, 少女杜拉的故事
26876103, 8.1, 328, 这不是你的错
26603084, 9.3, 117, 精神障碍诊断与统计手册(第5版)(DSM-5)
27000719, 8.7, 183, 幸运之书
25805226, 7.3, 821, 控制焦虑
26296901, 8.8, 165, 一日浮生: 十個探問生命意義的故事
01490423, 8.3, 252, 陪孩子长大
27070139, 8.5, 207, 第一印象心理学
03345059, 8.1, 301, 心理医生为什么没有告诉我
03142152, 7.4, 680, 毕淑敏心理咨询手记
06053667, 9.9, 75, 動力取向精神醫學--臨床應用與實務
19894314, 8.9, 144, 自体的分析
01331881, 9.3, 106, 存在心理治療（下）
03865964, 9.3, 106, 家庭与家庭治疗
01171983, 8.6, 181, 洞察未来
26220853, 8.2, 252, 论人的成长
27112680, 9.1, 117, 依恋三部曲•第一卷 依恋
04015086, 8.2, 239, “现在全明白了！”－你我他的自我认识之路
30179174, 8.4, 198, 我的心理治疗之路
26929200, 7.6, 443, 为何爱会伤人
30204733, 8.8, 138, 你不必更好，也很好
27622587, 8.0, 281, 幸福的最小行动
25723254, 9.4, 89, 循环提问
34434176, 7.3, 604, 别人怎么对你，都是你教的
26740257, 7.7, 365, 内在革命：一本关于成长的书
27005756, 7.8, 321, 选择理论
05922747, 9.0, 110, 在爱中升华
01027277, 7.3, 576, 心灵7游戏
01755137, 8.5, 161, 谈话疗法
27060577, 8.4, 175, 父母：挑战
05294897, 7.4, 485, 大人的友情
01197815, 8.7, 130, 团体心理治疗
30216334, 8.4, 166, 释梦人生
26703422, 7.6, 360, 登天的感觉：我在哈佛大学做心理咨询
30151792, 7.9, 249, 晚熟时代
01257021, 7.8, 276, 心理咨询与心理治疗
26906474, 8.3, 170, 人生脚本
25963532, 7.5, 383, 理性情绪
30163008, 8.1, 201, 看电影学心理学
04179683, 8.3, 165, 心理咨询与治疗的理论及实践
02135879, 8.6, 128, 精神分析治疗指南
26425240, 9.8, 57, 精神分析治愈之道
20258609, 8.9, 99, 心理咨询师的14堂必修课
03858060, 9.0, 92, 心理咨询师的问诊策略
27021541, 8.4, 145, 内在生命：精神分析与人格发展
26944346, 9.3, 75, 心灵的母体
25976876, 7.8, 253, 轻疗愈
04730153, 8.4, 143, 为家庭疗伤（上下）
04817904, 9.2, 79, 以人为中心心理咨询实践
05257922, 8.3, 154, 梦的真相
06938053, 8.4, 140, 叙事疗法实践地图
03880764, 8.7, 110, 聚焦心理
02006868, 9.2, 76, 人我之間
26793159, 9.4, 66, 变态心理学（第12版）（万千心理）
01337933, 8.0, 191, 西方心理咨询经典案例集
01429564, 8.3, 145, 心理咨询的技巧和策略
26564740, 8.4, 133, 日益亲近：心理治疗师与来访者的心灵对话
24744718, 7.8, 231, 直面内心的恐惧
02303751, 9.2, 74, 家庭与夫妻治疗
30304014, 8.3, 144, 心理咨询师的部落传说
01483914, 8.8, 96, Feeling Good
26988173, 8.8, 96, 愤怒之舞：亲密关系中情绪表达的艺术
02126656, 7.9, 205, 登天的感觉
26270026, 8.8, 95, 心理治疗中的首次访谈（万千心理）
04314074, 7.8, 214, 在生命最深处与人相遇
30168442, 8.2, 144, 性心理学
01491531, 8.2, 143, 心理咨询导论
01193668, 8.4, 119, 当事人中心治疗
26778193, 9.2, 67, 辩证行为疗法
30424953, 8.6, 101, 治愈童年创伤
26774193, 8.5, 109, 神经症与人的成长
01481974, 8.4, 118, 卡尔·罗杰斯论会心团体
03234194, 8.4, 118, 精神分析的新方向
05384744, 8.2, 139, 不要用爱控制我2
27112695, 9.1, 69, 依恋三部曲•第二卷 分离
10445391, 8.5, 105, 认知行为疗法
03775394, 8.4, 112, 微光处处
30354499, 8.2, 129, 我们内心的冲突
25750617, 8.8, 80, 嫉羡和感恩
26997353, 8.4, 107, 抑郁症的正念认知疗法
30386781, 9.2, 61, 人格障碍的认知行为疗法（第3版）
27030030, 8.9, 73, 爱、罪疚与修复
21241281, 8.8, 76, 熙琄叙语
26377468, 8.6, 87, 小猪猪的故事（万千心理）
03033643, 8.2, 119, 郁闷
02045254, 8.8, 75, 杨凤池焦点咨询对话录
26848724, 8.3, 105, ACT，就这么简单！接纳承诺疗法简明实操手册
26353631, 8.9, 67, 沙游在心理治疗中的作用（万千心理）
04262003, 9.3, 52, 掌握家庭治疗
26971350, 7.8, 159, 只因目中无人
24299299, 9.2, 55, 人我之間
30253974, 7.8, 156, 观影疗心
26828223, 9.3, 50, 浮生一日
25832740, 8.1, 115, 咨询室的秘密
26858041, 8.7, 71, 心智化临床实践
26826379, 9.0, 58, 101个心理治疗难题（万千心理）
26861857, 9.0, 58, 人类沟通的语用学
01291477, 8.5, 80, 精神疗法
06735471, 8.6, 74, 投射性认同与内摄性认同
23752241, 8.3, 92, 自体的重建
10581953, 8.4, 85, 边缘性人格障碍的移情焦点治疗
20499269, 9.6, 40, 语言行为方法
10734624, 8.9, 59, 温尼科特
26747834, 7.8, 137, 在生命最深处与人相遇：欧文·亚隆思想传记
26498259, 9.3, 46, 自体的分析
01442215, 8.2, 96, 心理治疗师之路
26861859, 9.3, 45, 大师的手艺与绝活
27030035, 9.1, 50, 嫉羡与感恩
01006573, 8.7, 64, 穿透爱情
02329651, 7.5, 171, 积极心理学
05330911, 7.3, 210, 心的栖止木
25787884, 8.6, 67, 儿童精神分析五讲
25808713, 7.6, 151, 人间游戏
03270415, 8.8, 57, 高明的心理助人者
03450920, 7.7, 133, 愤怒，爱的另一面
27105119, 8.8, 56, 让我看见你
05300082, 8.0, 100, 亲爱的，我们别吵了
30362294, 8.5, 68, 心理咨询与心理治疗
26640977, 9.5, 37, 催眠实务：催眠诱导与间接暗示
26964916, 8.6, 63, 每个人都有爱自己的能力
26888621, 8.5, 67, 森田疗法指导:神经症克服法
03294583, 9.3, 40, The Gift of Therapy
26777514, 8.4, 70, 自恋：一个新理论（万千心理）
34867517, 7.7, 124, 好吃的悲伤：怎样靠自己战胜抑郁症？
03000793, 8.2, 81, 思想等待思想者
30167349, 8.0, 93, 我并不孤独
04041938, 8.2, 79, 人类的由来及性选择
27021062, 8.3, 73, 女性的力量
03052507, 8.2, 78, 客体关系理论的转向
03235630, 7.6, 130, 刺猬的爱情
26836245, 8.8, 51, 当我遇见一个人
25904410, 8.5, 62, 成为你自己
27038370, 9.0, 45, 短程动力取向心理治疗实践指南
27617025, 8.7, 54, 疗愈分手之痛
02276933, 8.0, 89, 心理学与个人成长
10808806, 8.0, 89, 心理咨询师的部落传说
26747829, 9.1, 42, 如何选择有效的心理疗法(原书第4版）
27110387, 8.9, 47, 俄狄浦斯情结新解
01255944, 7.9, 94, 心理咨询与治疗经典案例
24703821, 9.1, 41, 建构解决之道
10583558, 8.2, 73, 叙事疗法
03567547, 7.9, 92, 谁在强迫我的人生
25849934, 9.2, 38, 大象在屋里
27183568, 9.2, 38, 成熟过程与促进性环境
27093847, 8.4, 62, 心理创伤疗愈之道：倾听你身体的信号
04737483, 8.3, 66, 成长的路
01255943, 8.1, 76, 心理咨询与治疗的理论及实践 第七版
27591739, 7.9, 89, 与内心的小孩对话
30206764, 9.1, 39, 心理动力学心理治疗简明指南（第三版）
01500329, 8.5, 56, 理情行为治疗
06712642, 8.7, 49, 不寻常的治疗
01755204, 7.5, 124, 如何成为心理治疗师
34923176, 8.0, 80, 禅与饮茶的艺术
03886765, 7.0, 209, 你可以看透任何人
04115287, 8.1, 73, 跟大师学催眠
25821459, 8.7, 48, 重建信任:爱情与背叛的心理学
27136670, 9.0, 40, 创伤与记忆：身体体验疗法如何重塑创伤记忆
19978005, 8.4, 58, 你不知道的自己(新版)
05363711, 8.6, 50, 游戏治疗
26257092, 8.6, 50, 心理治疗中的改变（万千心理）
25854793, 9.2, 35, 动机式访谈法：帮助人们改变
06385026, 8.1, 70, 洗心岛之梦
03610805, 8.5, 52, 识破谎言
01193631, 8.8, 43, 认知治疗技术
05422849, 8.4, 55, 病人与精神分析师
03601748, 8.9, 40, 危机干预策略
26896741, 9.3, 32, 总有一天，你要和自己握手言和
34453401, 8.8, 42, 心理治疗师的刻意练习
10488329, 7.5, 110, 与进食障碍分手
02283406, 7.1, 162, 111个失败的案例
04737484, 8.1, 65, 受伤的人
04151940, 7.8, 82, 心理咨询与治疗经典案例
27084369, 8.5, 49, 今日TA：人际沟通分析新论
27052437, 7.7, 89, 孤獨的冷漠：逃避型依戀障礙的分析與修復
03028393, 7.9, 75, 他不知道他病了
30247022, 7.6, 92, 工作不焦虑
01173443, 8.3, 53, 行为矫正
02281377, 7.8, 77, 移情与投射
26778201, 8.5, 46, 罗杰斯心理治疗（万千心理）
06851680, 8.3, 52, 心理治疗师之路（第四版）
02059453, 8.6, 42, 家庭系統排列學之一切如是
26906478, 8.8, 37, 格式塔咨询与治疗技术（第三版）（万千心理）
22006454, 9.0, 33, Diagnostic and Statistical Manual of Mental Disorders
01262460, 7.1, 136, 精神分析导论
03426781, 7.7, 77, 边缘性人格障碍治疗手册
04152292, 8.5, 43, 焦点解决短期心理治疗的应用
26775597, 8.9, 33, 聚焦：在心理治疗中的运用
25920693, 8.1, 54, 心灵之镜
01734001, 7.7, 72, 有一种感觉
01073020, 8.1, 53, 让生命超越平凡
26702695, 7.5, 84, 心理咨询师（三级）
06436662, 8.1, 52, 当我遇见一个人
25889943, 9.2, 27, 中法精神分析培训实务教程2
26656050, 9.2, 27, 孤独症儿童早期干预丹佛模式
21334920, 8.4, 42, 当弗洛伊德遇见佛陀
26574852, 8.7, 35, 觉醒与超越
26368422, 8.6, 37, Creatures of a Day
25925028, 8.1, 51, 一个抑郁男孩的30小时
06028250, 8.9, 31, 医治的心
26933585, 7.4, 87, 改变
27021273, 7.8, 62, 与父母和解
01378760, 9.8, 20, 日漸親近
26939529, 6.6, 207, 梦游症调查报告3
26702930, 8.8, 32, 肯定性咨询法
26303524, 7.8, 61, 百分百荣格
03134580, 8.9, 30, 孤独症儿童行为管理策略及行为治疗课程
27106338, 9.1, 27, 长程心理动力学心理治疗(基础读本第2版)
26980732, 8.3, 42, 内向性格者爱情指南
01219420, 8.7, 33, 心理障碍临床手册
03248656, 8.7, 33, 儿童叙事治疗
21330978, 8.7, 33, 斯賓諾莎問題
01771058, 6.5, 224, 心理咨询师（三级）
30206746, 9.5, 22, 心理咨询与治疗的案例评估和分析
27125364, 9.6, 21, 倾听·感觉·说话的更新换代
03464869, 7.7, 63, 情绪
01902645, 8.6, 34, The Schopenhauer Cure
30277931, 8.4, 38, 我的精神病、我的自行车和我
04910354, 8.0, 49, 聚焦取向的心理治疗
27047702, 8.3, 40, 越书写越明白
25743569, 8.5, 35, 情绪障碍跨诊断治疗的统一方案:自助手册
01637865, 8.6, 33, 家庭治疗
01029691, 8.9, 28, 人性的迷失与复归
26938727, 9.3, 23, 正念心理治疗师的必备技能（万千心理）
03576215, 8.0, 48, 意象对话心理治疗
27038378, 9.0, 26, 心理动力学团体分析
01805488, 8.2, 41, 学校团体心理游戏教程与案例
10111018, 9.2, 23, 以人为中心心理治疗
26307955, 9.4, 21, 抑郁和焦虑障碍的治疗计划与干预方法（第二版）
10519759, 8.4, 35, 存在主义世界的幸福
11534255, 6.8, 131, 心理咨询师（基础知识）
30166794, 7.8, 52, 情商大师：如何快速成为一个淡定的人·息怒篇
26682189, 8.0, 45, 战胜“心魔”——战胜自己：顺其自然的森田疗法(第3版)
01331729, 8.9, 26, 與靈溝通
02280262, 8.4, 34, 自我与人格结构
04025073, 8.4, 34, 心理剧
02116423, 7.3, 76, 见见内心的鬼朋友
06962717, 8.3, 36, 与儿童交谈
10220348, 9.4, 20, Psychoanalytic Diagnosis
01498677, 9.0, 24, Get Out of Your Mind and Into Your Life
27110377, 8.3, 35, 临床克莱茵
26686506, 8.9, 25, 心理咨询导论
03299060, 8.6, 29, 由心咨询
04896404, 7.1, 86, 当心！你的记忆会犯罪
10580123, 9.0, 23, 如何做家庭治疗
04213131, 8.7, 26, 心理咨询与治疗伦理
30132647, 8.7, 26, 理智胜过情感（第二版）
01210360, 7.5, 56, 心理学基础
01082044, 8.4, 30, 心理咨询师的问诊策略(上下)
30466248, 9.3, 19, 心理治疗艺术之经验式治疗
30206753, 8.4, 29, 精神动力学咨询与治疗的精要（第四版）
04117214, 8.7, 24, 精神分裂症咨询
25761383, 8.4, 28, 做一名优秀的心理咨询师（第2版）
24533351, 7.6, 47, 心理治疗师该说和不该说的话
05253972, 8.1, 33, 我好嫉妒（中英双语）
02281370, 7.5, 50, 意识与潜意识
19977083, 8.5, 26, 我的家庭治疗工作
25838706, 7.0, 77, 星期五的心理咨询室
01689722, 7.4, 54, 团体心理咨询
10523558, 7.6, 46, 心理咨询的理论与实务
01804952, 6.9, 83, 心理咨询师培训教程
01029036, 7.9, 36, 爱 是一种选择
04058668, 9.1, 18, 心理治疗的新趋势
05974265, 8.2, 28, 婚姻治疗的九个步骤
26728907, 8.0, 31, 哀伤治疗：陪伴丧亲者走过幽谷之路
04088553, 8.7, 21, 敘事治療的工作地圖
20385665, 7.2, 53, 人格障碍与调适
03145670, 8.1, 28, 大学生职业生涯规划咨询案例教程
01189960, 7.2, 52, 人格障碍的认知治疗
26978080, 8.5, 22, 接纳承诺疗法（ACT）
04897221, 8.0, 29, 学习认知行为治疗图解指南
03265969, 8.3, 24, 心理创伤的治疗指南
03601889, 9.0, 17, 团体咨询
26339435, 8.4, 22, 学会接受你自己
01429588, 7.8, 31, 临床心理学
26285030, 7.5, 38, 情绪聚焦疗法
01091075, 8.0, 27, 释梦宝典
04041071, 8.2, 24, 你可以拥有想要的一切
26816667, 9.0, 16, 儿童曼陀罗绘画分析
02213957, 7.9, 28, The Drama of the Gifted Child
02285631, 8.6, 19, 從經驗中學習
30331686, 9.3, 14, 精神分析性心理治疗
02975625, 7.3, 42, 心理诊所
01758505, 8.7, 18, Love Is a Choice
02069023, 7.3, 41, 7天快速提高智商
26353626, 8.1, 24, 强迫症的正念治疗手册（万千心理）
02108858, 8.0, 25, 许又新文集
02050120, 9.2, 14, 心理治疗基础
06770000, 9.2, 14, Man&#39;s Search for Meaning
25743571, 8.3, 21, 情绪障碍跨诊断治疗的统一方案:治疗师指南（万千心理）
03184779, 6.9, 55, 社交恐怖症的森田疗法
26301702, 9.1, 14, 以人为中心心理咨询实践
30203305, 5.9, 167, 高情商沟通术
02281374, 8.2, 21, 障碍、防御与阻抗
01223484, 7.5, 32, 家庭治疗基础
03043433, 7.0, 47, 1000个心理游戏
03162007, 8.0, 23, 治疗师的自我应用
20428582, 8.0, 23, 心理大师揭秘最古怪案例
04121031, 7.3, 36, 如何成为心理咨询师
02285201, 7.6, 29, 心理剧与创伤
27153321, 9.0, 14, 家庭治疗(100个关键点与技巧)/心理咨询与治疗100个关键点译丛
25711116, 7.8, 25, 孤独症谱系障碍
05329813, 8.4, 18, 心灵捕手
02281365, 8.0, 22, 干预与技术
30724154, 8.0, 22, 登天的感觉：我在哈佛大学做心理咨询
01338625, 8.6, 16, 割腕的誘惑：停止自我傷害
27002250, 8.9, 14, 青少年家庭治疗：发展与叙事的方法
01500330, 7.8, 24, 儿童故事治疗
01930228, 8.2, 19, 儿童行为的塑造与矫正
25853283, 8.2, 19, 学校里的叙事治疗
04844991, 9.2, 12, 动力取向心理治疗：支持取向与洞见取向的心理治疗
07000643, 9.2, 12, Cognitive Behavior Therapy
02188850, 7.1, 37, 易术-传统中医.心理剧与创造性艺术之整合
01208044, 7.7, 24, 咨询心理学
02361610, 7.1, 36, 亲密
26257529, 7.5, 27, 精神分析导论（第二版）（万千心理）
26581721, 7.5, 27, 直面内心的临床心理学
01507440, 8.3, 17, 精神的追寻
27021064, 8.3, 17, 精神分析
05247743, 7.6, 25, 常用心理评估量表手册
02006871, 8.7, 14, 認識反轉移關係
10748876, 8.4, 16, 焦虑障碍与治疗
26708474, 8.5, 15, 卡尔•罗杰斯传记
30222649, 8.5, 15, 水晶之路
01232825, 8.0, 19, 儿童短程游戏心理治疗
01948643, 8.0, 19, 当代心理咨询与治疗体系
02175695, 7.1, 33, 国家职业资格培训教程
04830802, 7.7, 22, 转角遇见心理学家
30227016, 6.8, 42, 你到底在怕什么
26570462, 7.3, 28, 别永远伤在童年
01087379, 8.4, 15, 团体咨询的策略与方法
02197035, 8.7, 13, 职业生涯咨询
02019025, 8.0, 18, 心理咨询原理
30319867, 6.5, 53, 制怒心理学
07055267, 7.8, 20, 心理套娃
31568243, 8.1, 17, 家庭舞蹈 2：从童话世界开始
02161398, 8.2, 16, 青少年小组游戏
34857513, 6.3, 63, 雖然想死，但還是想吃辣炒年糕
27664330, 8.3, 15, 家谱图:评估与干预(修订本)
01071025, 8.0, 17, 心理咨询与治疗
03854721, 7.7, 20, 督导与反思
03619925, 7.6, 21, 教你解梦100个梦的解析
06012010, 7.5, 22, 少年我心
03805709, 8.7, 12, 如何有效地助人
05944854, 6.9, 32, 身心灵修行与疗愈大全
30761793, 7.5, 21, 双面人生---双相障碍解读
26686503, 8.6, 12, 心理咨询的技巧和策略：意向性会谈和咨询
02105678, 7.6, 19, 游戏治疗入门
27146137, 6.9, 30, 人间无游戏
30447162, 8.5, 12, 少有人走的路
26429951, 8.3, 13, 心理咨询导论（第 6 版）
20506637, 8.7, 11, 学校心理教师工作指南
01673542, 7.7, 17, 叙事心理治疗导论
04888921, 8.0, 14, 沙游
10566102, 8.0, 14, 短程心理治疗
33420516, 8.8, 10, 助人者的自我疗愈:治疗师聚焦
04009541, 6.6, 34, 格式塔疗法
01442219, 7.1, 23, 突破心理治疗中的“不可能”案例
02020456, 6.7, 31, 女性潜意识
06129760, 8.5, 11, 风景构成法
25848482, 4.6, 883, 微表情心理学
02991626, 7.5, 17, 儿童游戏疗法心理案例集
03414561, 6.9, 25, 心理学
26868518, 6.9, 25, 叙事心理治疗
06556584, 7.3, 19, 和哈利·波特一起直面死亡
01951790, 8.0, 13, 心理咨询流派的理论与方法
26258190, 8.0, 13, 认知行为疗法(技术与应用)
20413212, 8.6, 10, 人際歷程取向治療
11631830, 6.8, 26, 世界名著心理分析案例集
02196786, 7.3, 18, 心理咨询入门
06724735, 6.8, 24, 2011国家职业资格培训教程
02840899, 8.4, 10, Letters to a Young Therapist
26798876, 7.2, 18, 那些被否定的曾经
04896823, 6.6, 27, 员工帮助计划
04102215, 7.9, 12, 心理治疗与咨询理论
02188846, 7.5, 14, 咨询心理学
03162019, 6.8, 21, 言语与象征
02100289, 6.5, 26, 心灵之约
20497907, 6.0, 39, 微表情与身体语言
30367678, 5.8, 48, 脑力升级手册
26374804, 7.2, 15, 集体叙事实践
03889670, 7.8, 11, 少年时期的心灵
01390588, 7.6, 12, 辅导与心理治疗
02356773, 8.0, 10, 儿童青少年临床访谈技术
03709593, 8.0, 10, 别把烦恼带回家
02181597, 7.0, 16, 游戏治疗技巧
11534315, 6.8, 18, 别让恐惧控制你一生
06759524, 7.5, 12, 短期心理咨询
05918437, 7.6, 11, 克服心理阻抗
02171811, 6.6, 19, 认知治疗学派创始人
02203672, 7.5, 11, 客體關係入門－基本理論與應用
01074323, 7.6, 10, 儿童青少年心理咨询与治疗
26574786, 7.6, 10, 心灵的疗愈力量
04151939, 6.4, 20, 音乐治疗
02347691, 6.3, 20, 都市病人
02197060, 6.8, 14, 完形治疗
01055086, 6.1, 23, 团体咨询的理论与实践
01270700, 6.4, 16, 瞬间看透人心的66个关键
01047237, 6.7, 13, 心理咨询与心理治疗
03216640, 6.4, 14, 心理咨询与心理治疗案例分析
25704545, 5.5, 21, 心理诱导术
01088086, 0.0, 10, 心理咨询
02026176, 0.0, 10, 认识领悟疗法
02193631, 0.0, 10, 团体心理辅导与训练
26285031, 0.0, 10, 人际关系疗法
26420572, 0.0, 10, 怎样读懂学生
26641061, 0.0, 10, 催眠疗法：探索性案例集锦
26914810, 0.0, 10, 微笑着走出抑郁：一位抑郁症患者的成功治愈之路
30487849, 0.0, 10, 家庭治疗
04703815, 0.0, 11, 心理咨询之心
24325162, 0.0, 11, 朋辈心理咨询
25900296, 0.0, 11, 没有爱过，怎会懂得
30239785, 0.0, 11, 危险的心理治疗
04715246, 0.0, 12, 没有失败的学校
04761632, 0.0, 12, 思想与情感
30402858, 0.0, 12, 你所有的努力，都该被看见
01087151, 0.0, 13, 精神创伤之后的生活
01292002, 0.0, 13, 认知风格与学习策略
30217237, 0.0, 14, 不要给我耍心机
02113421, 0.0, 15, 夫妻家庭治疗案例研究
01883367, 0.0, 33, 1分钟让别人喜欢你
