2020-07-05 16:00:03

number of books, tag name
967, 思想

ID, rating, votes, title
04820710, 9.3, 147871, 1984
02567698, 8.8, 375311, 三体
25985021, 9.1, 131610, 人类简史
02035179, 9.2, 90993, 动物农场
01054685, 9.1, 100732, 沉默的大多数
26954760, 8.8, 149134, 月亮与六便士
01017143, 8.5, 200886, 不能承受的生命之轻
01449351, 8.9, 90234, 呐喊
01003479, 9.2, 43012, 中国历代政治得失
33440205, 8.9, 60939, 你当像鸟飞往你的山
01795079, 9.2, 36596, 乡土中国
01767945, 8.8, 67475, 一只特立独行的猪
04123116, 9.1, 38126, 月亮和六便士
01045818, 8.5, 105806, 苏菲的世界
01014578, 9.1, 28792, 我的精神家园
03266609, 8.6, 56900, 流浪地球
02284311, 8.8, 37678, 苏菲的世界
03815131, 9.4, 14561, 一九八四
03406401, 9.0, 25412, 悉达多
01012611, 8.2, 98210, 乌合之众
04920007, 8.8, 31633, 不能承受的生命之轻
01013208, 8.4, 63346, 如何阅读一本书
01059258, 9.4, 12589, 道德经精义
03261600, 9.2, 16419, 人生的智慧
01426971, 8.8, 30175, 野火集
04908879, 9.4, 12171, 动物农场
03026879, 8.8, 28936, 爱的艺术
01813841, 8.7, 32090, 枪炮、病菌与钢铁
01033778, 8.3, 58352, 富爸爸，穷爸爸
01476651, 9.0, 17668, 社会心理学
26362836, 9.0, 16355, 献给阿尔吉侬的花束
01803022, 9.0, 15958, 圣经
01941558, 8.6, 29622, 设计中的设计
01964774, 9.1, 12791, 论语
03883991, 9.3, 9580, 动物农场
01776683, 9.0, 14345, 沉默的大多数
01139360, 9.3, 9402, 毛泽东选集 第一卷
01004821, 8.7, 22710, 理想国
26369699, 8.6, 26247, 被讨厌的勇气
01021273, 8.9, 15248, 中国哲学简史
25818441, 9.4, 7128, 1984
20441957, 8.5, 26924, 兄弟
27002046, 9.1, 10537, 美丽新世界
01082150, 8.4, 28333, 白银时代
01963912, 8.8, 14668, 正见
01277981, 8.8, 13601, 社会契约论
01008189, 8.9, 11519, 西方哲学史（上卷）
05375620, 8.7, 15222, 失控
20501147, 9.3, 6501, 中国哲学简史
01041385, 9.2, 6982, 论美国的民主
01322455, 8.7, 14199, 遥远的救世主
03057556, 8.9, 10226, 狂热分子
27608239, 8.4, 22260, 原则
01418180, 8.9, 10128, 思维的乐趣
01762869, 8.9, 9778, 如彗星划过夜空
01442720, 9.5, 4433, 鲁迅全集（2005最新修订版）
23774518, 9.3, 5551, 1984
01012307, 9.2, 6238, 规训与惩罚
27013716, 8.9, 9348, 沉默的大多数
25961458, 9.3, 5228, 大问题
03697494, 9.1, 6558, 洞穴奇案
02359052, 8.9, 8275, 查拉图斯特拉如是说
01003986, 8.8, 9526, 病隙碎笔
26319730, 8.5, 15009, 娱乐至死
03901880, 9.0, 7042, 沉默的大多数
01004699, 9.0, 6903, 作为意志和表象的世界
01409704, 8.9, 7650, 金刚经说什么
24715686, 8.8, 8583, 仿生人会梦见电子羊吗？
05408882, 9.0, 6197, 公正
05988624, 8.2, 20692, 远山淡影
01482200, 9.0, 6042, 我的精神家园
01292409, 9.1, 5025, 人生的智慧
05287474, 8.7, 8596, 影响力
02359003, 8.2, 18865, 沉思录
01025723, 8.3, 15891, 潜规则
01004322, 8.7, 8464, 第二性
01003284, 8.1, 22271, 退步集
03711709, 8.7, 8252, 娱乐至死 童年的消逝
26435630, 9.6, 2547, 经济学原理(第7版)
01036541, 8.8, 6785, 疯癫与文明
01015864, 9.0, 4923, 惶然录
01012032, 8.6, 8484, 查拉图斯特拉如是说
05325618, 8.4, 11282, 高效能人士的七个习惯
02212371, 9.1, 4185, 先知
03522695, 8.5, 9597, 瓦尔登湖
27013708, 8.6, 8217, 一只特立独行的猪
01216737, 9.0, 4238, 纯粹理性批判
10785583, 8.2, 13619, 思考，快与慢
25881102, 8.8, 5477, 独裁者手册
02032141, 9.0, 4122, 陈寅恪魏晋南北朝史讲演录
05940553, 8.8, 5231, 当尼采哭泣
01907199, 8.6, 6902, 扫起落叶好过冬
01045716, 8.7, 5607, 人生中不可不想的事
01082578, 9.0, 3734, 理想国与哲人王
26772731, 8.3, 9957, 七堂极简物理课
04773224, 8.2, 11606, 生活十讲
26826605, 9.1, 3102, 加缪手记
30259720, 8.1, 12984, 今日简史
01017238, 8.7, 5183, 美学散步
01006560, 8.2, 10934, 血酬定律
01125026, 9.3, 2402, 毛泽东选集 第二卷
06558202, 9.0, 3440, 容忍与自由
03410709, 9.2, 2634, 中国哲学简史
06110110, 9.2, 2602, 社会契约论
03007268, 9.3, 2314, 传习录
01005354, 9.2, 2555, 逻辑哲学论
01005193, 8.6, 5527, 重新认识你自己
04002701, 8.4, 7243, 朱镕基答记者问
01033248, 8.9, 3605, 幸福之路
01311280, 9.0, 3119, 灵魂的事
05401989, 8.0, 13280, 自由在高处
02277299, 8.4, 6924, 当下的力量
14439405, 8.9, 3428, 哲学的故事
26945094, 8.7, 4334, 未来简史
03333989, 8.1, 10587, 荒废集
01400195, 8.7, 4285, 论自由
02143904, 8.8, 3715, 进化心理学
01269900, 8.1, 10335, 活法
02025235, 9.1, 2523, 顾准文集
01657455, 8.6, 4790, 论人类不平等的起源和基础
01051919, 9.3, 1968, 庄子今注今译（全三册）
24257403, 8.8, 3447, 西西弗神话
25935944, 9.2, 2117, 查拉图斯特拉如是说
01071023, 8.7, 3863, 谈谈方法
01002690, 8.7, 3796, 陈寅恪的最后20年
01292412, 9.1, 2281, 叔本华思想随笔
20366368, 9.1, 2266, 公正
26323163, 9.3, 1788, 共产党宣言
01010204, 8.5, 4827, 宽容
05312095, 8.7, 3599, 西西弗神话
02302217, 8.6, 4070, 阿特拉斯耸耸肩（上下）
01849409, 9.1, 2158, 易经
24715669, 9.0, 2424, 少数派报告
25782902, 8.1, 8361, 反脆弱
26658379, 8.4, 5180, 必然
01059537, 8.7, 3400, 沉重的肉身
06902321, 8.8, 2959, 沉默的大多数
05253759, 9.2, 1836, 中国哲学简史
01070007, 8.8, 2953, 致命的自负
01079104, 8.6, 3802, 尼采
01044994, 9.3, 1622, 鲁迅全集(1)
01252057, 9.0, 2275, 1844年经济学哲学手稿
01317485, 8.7, 3272, 生命是什么
01460340, 8.9, 2529, 人性的，太人性的
01022318, 8.7, 3245, 爱弥儿
02149717, 8.9, 2510, 庄子諵譁（上）
01721111, 8.6, 3663, 周国平人生哲思录
03101021, 8.7, 3194, 极权主义的起源
03245212, 9.4, 1408, 叔本华思想随笔
04766921, 9.0, 2193, 解体概要
02170983, 9.1, 1948, 苏格拉底的申辩
25928708, 8.6, 3576, 佛祖都说了些什么?
26666472, 7.2, 40333, 天才在左 疯子在右（完整版）
01489494, 8.5, 4022, 人与永恒
20258505, 9.4, 1338, 规训与惩罚(修订译本)(第4版)
01921597, 9.0, 2080, 大学·中庸
01829799, 8.7, 2978, 爱的觉醒
01974029, 9.4, 1311, 坟
26363926, 8.7, 2906, 何为良好生活
10877051, 9.1, 1780, 顾城哲思录
06879356, 9.5, 1154, 孙子兵法
03055719, 8.7, 2809, 经济学的思维方式（第11版）
30147567, 9.4, 1248, 杀死一只知更鸟
01015748, 8.8, 2452, 开放社会及其敌人（全二卷）
33385402, 8.1, 6415, 事实
01082446, 9.2, 1516, 南怀瑾选集（第一卷）
01924903, 9.1, 1684, 老子
01159967, 8.6, 3085, 第二性
01489670, 8.6, 3076, 老子他说
03633588, 8.8, 2382, 幸福之路
01048173, 8.1, 6289, 忏悔录
04899351, 8.3, 4632, 一个广告人的自白
03266968, 7.2, 33362, 秘密
01050175, 8.1, 5972, 赫逊河畔谈中国历史
05922204, 8.3, 4412, 曾国藩的正面与侧面
01139359, 9.1, 1561, 毛泽东选集 第四卷
01021056, 7.1, 37959, 谁动了我的奶酪？
01077621, 9.0, 1731, 毛泽东选集 第三卷
20258504, 9.1, 1536, 疯癫与文明
26674343, 8.6, 2796, 容忍与自由
01621745, 8.8, 2164, 家春秋（全3册）
30394154, 8.5, 3162, 山月记
01076280, 8.8, 2067, 第一哲学沉思集
01016864, 8.9, 1800, 士与中国文化
30320887, 9.0, 1586, 我的世界观
04894345, 8.8, 1965, 黄金时代
01465543, 8.8, 1961, 异端的权利
01016930, 9.0, 1552, 论法的精神（上）
01068912, 8.4, 3268, 中国文化的深层结构
01787729, 8.5, 2849, 单向度的人
01049872, 8.9, 1731, 西方哲学史（下卷）
01322336, 9.0, 1528, 控制论与科学方法论
26279878, 8.3, 3668, 历史的教训
01434071, 7.9, 6634, 我们
03097539, 8.9, 1665, 自由选择
26828226, 9.2, 1176, 加缪手记
30327868, 8.3, 3508, 非平面
06815828, 8.4, 3050, 流星雨
27139938, 8.7, 2066, 哲学·科学·常识
03710137, 8.6, 2340, 沉思录
30394971, 9.4, 943, 论自由
03381387, 9.1, 1268, 论持久战
25978763, 8.7, 2008, 僧侣与哲学家
01448820, 9.8, 638, 大佛顶首楞严经
06436972, 9.1, 1252, 中国文化要义
25870991, 8.3, 3309, 曾国藩的正面与侧面
01056867, 9.1, 1235, 政治学
03025921, 7.7, 8383, 黑天鹅
03431988, 9.0, 1374, 人的境况
27018918, 9.2, 1107, 当尼采哭泣
01030898, 8.8, 1727, 复杂
04726852, 8.5, 2478, 正念的奇迹
03123393, 7.6, 9739, 遇见心想事成的自己
02363834, 8.8, 1640, 春秋大义
03117247, 9.0, 1304, 中国古代思想史论
04208757, 8.9, 1455, 穷查理宝典
10773362, 8.1, 4094, 随机漫步的傻瓜
01049136, 8.7, 1822, 数学：确定性的丧失
01788967, 8.6, 2046, 我们这一代
26692468, 8.3, 3035, 智识分子
01072189, 8.8, 1586, 百年思索
01058131, 8.4, 2603, 金融炼金术
10608315, 8.2, 3421, 华氏451
21325858, 8.8, 1556, 文明的冲突
21432137, 8.8, 1551, 共同的底线
02109239, 9.0, 1234, 论人与人之间不平等的起因和基础
01012379, 8.6, 1931, 知识分子论
01005813, 9.1, 1080, 自由秩序原理
02221115, 9.0, 1199, 庄子諵譁（下）
01027030, 8.5, 2158, 常识
01041452, 8.5, 2125, 存在与虚无
01077196, 8.6, 1849, 蒙田随笔全集（全三册）
03391717, 8.1, 3603, 中国好人
19977858, 9.0, 1148, 朱光潜谈美
24753651, 8.3, 2658, Zero to One
01254278, 8.7, 1590, 思想录
25908550, 8.4, 2294, 历史的终结与最后的人
02209227, 8.2, 2999, 一个孤独漫步者的遐想
02009914, 8.9, 1248, 为权利而斗争
03079193, 8.5, 2000, 沉思录
01257360, 9.0, 1101, 孟子
01030526, 8.9, 1224, 中国文化史导论
03646976, 9.0, 1074, 菜根谭
01084435, 8.4, 2177, 策略思维
05988185, 8.3, 2475, 宅兹中国
26828229, 9.2, 858, 加缪手记
10555537, 8.8, 1316, 帕洛马尔
01456524, 7.9, 4301, 这个世界会好吗
03260902, 8.6, 1644, 智慧书
03264655, 8.5, 1817, 未来世界
26895988, 8.0, 3574, 学习之道
01074030, 8.5, 1800, 西方哲学十五讲
30147582, 9.1, 907, 近代中国社会的新陈代谢
02213463, 8.6, 1580, 拯救与逍遥
26390229, 7.9, 4085, 把生命浪费在美好的事物上
01024785, 9.1, 886, 西方现代思想史
01070246, 8.6, 1534, 置身于苦难与阳光之间
02287712, 8.8, 1210, 美国精神的封闭
03006742, 8.6, 1521, 改变
02154713, 8.9, 1072, 精通正则表达式
26769136, 8.7, 1331, 为什么长大？
01279212, 7.4, 8925, 十日谈
25867564, 9.4, 637, 叔本华美学随笔
25742296, 8.3, 2166, 有限与无限的游戏
10594802, 8.0, 3228, 写给无神论者
01077237, 8.6, 1457, 查拉斯图拉如是说
01186712, 8.2, 2412, 各自的朝圣路
01287508, 8.2, 2409, 明室
04746104, 8.8, 1146, 新教伦理与资本主义精神
04589142, 9.7, 475, Book
10597973, 8.2, 2389, 旧山河
01178535, 8.7, 1255, 人性论（上下）
01214303, 8.9, 1003, 韩非子
23774527, 9.2, 732, 时代的精神状况
25760686, 8.8, 1110, 复活
20475794, 8.0, 3075, 身体知道答案
01027085, 8.3, 2029, 叔本华人生哲学
04285631, 8.7, 1237, 意识形态起源和影响
03116096, 8.2, 2280, 象与骑象人
03640150, 8.0, 2988, 血酬定律
20451928, 8.6, 1358, 沉默的大多数
02980795, 7.7, 4725, 内向者优势
26773704, 9.3, 644, 1984
04809955, 8.6, 1352, 常识
01022232, 8.6, 1340, 中国思想史
01729284, 8.0, 2917, 单行道
02267824, 8.4, 1693, 制度是如何形成的
06822342, 9.5, 524, 王阳明全集
11601312, 8.6, 1318, 北京法源寺
01203421, 9.4, 572, 王阳明全集（全二册）
25911978, 7.6, 5371, 知行合一王阳明（1472—1529）
02135139, 8.4, 1649, 我为什么要写作
01467509, 9.1, 735, 务虚笔记
04244859, 8.4, 1567, 超越金融
02029640, 8.4, 1566, 南怀瑾讲演录
01329973, 9.2, 646, 顾准文集
03055477, 8.4, 1549, 西潮
20273773, 8.1, 2258, 人生的意义
01053526, 8.4, 1509, 哲学与人生
01232571, 9.2, 621, 哲学研究
07057936, 8.4, 1482, 批判性思维
01084434, 9.0, 754, 以自由看待发展
01077688, 9.1, 681, 逻辑新引・怎样判别是非
01077568, 9.0, 752, 自由论
04189215, 9.2, 616, 灵之舞
03132641, 8.7, 1032, 中国现代思想史论
10435419, 8.8, 922, 尼采
01081197, 8.7, 1029, 歌德谈话录
06810086, 9.2, 613, 朱熹的历史世界
03465962, 9.0, 746, 素书
03616565, 8.6, 1145, 蒙田随笔全集（全三卷）
03373947, 8.3, 1646, 先秦诸子百家争鸣
03376690, 8.3, 1645, 中国怎么办
26107897, 9.2, 608, 存在与虚无
02271222, 9.2, 604, 鬼谷子（第二版）
01256282, 8.6, 1132, 心灵自由之路
04733295, 9.0, 731, 理想国
01322324, 8.8, 895, 思想史研究课堂讲录
01970116, 8.1, 2060, 这一代人的怕和爱
34449288, 9.3, 535, 20世纪思想史
01998842, 8.8, 880, 尼采：在世纪的转折点上
02221112, 8.8, 866, 幸福之路
06772430, 8.8, 860, 给青年的十二封信
01081863, 9.1, 631, 规训与惩罚
03773959, 8.4, 1338, 只有一个人生
06509886, 8.7, 939, 人生哲思录
34988734, 9.1, 618, 走出唯一真理观
24083865, 7.7, 3435, 女人明白要趁早之三观易碎
01245533, 8.5, 1152, 论优美感和崇高感
03238339, 8.7, 914, 人以什么理由来记忆
01894184, 9.1, 599, 罗素自选文集
25778846, 8.2, 1636, 易中天中华史：百家争鸣
21324451, 8.9, 724, 不是为了快乐
30316493, 8.9, 716, 鼠疫
01025373, 8.6, 982, 中国思想通俗讲话
11542550, 9.2, 528, 论语新解
02049781, 8.4, 1223, 世界在你心中
04711466, 8.0, 2007, 培根随笔
01315167, 9.0, 619, 历史的用途与滥用
27081974, 9.3, 465, 人生的智慧
01073535, 9.1, 559, 人与自我
02256361, 8.7, 839, 箭术与禅心
01417484, 8.4, 1167, 恐龙文明三部曲
01793793, 9.2, 500, Thinking Architecture
33391323, 9.3, 456, 五四运动史
05214612, 8.2, 1474, 福柯
01027427, 8.4, 1134, 论语今读
01032937, 8.9, 649, 问题与主义
01310188, 8.3, 1259, 魔鬼出没的世界
25867553, 9.3, 439, 叔本华思想随笔
05419233, 9.3, 437, 叔本华论道德与自由
17153313, 9.0, 578, 哲学导论
01828292, 8.8, 706, 黑暗时代的人们
03016983, 9.1, 519, 人性的，太人性的（二卷）
01880457, 9.2, 466, 鲁迅文集（全两册）
01150702, 9.2, 462, 资本论（第二卷）
30417612, 8.2, 1352, 非对称风险
26591910, 9.1, 503, 历史的巨镜
26771587, 8.0, 1738, 坚持，一种可以养成的习惯
01039258, 8.9, 604, 西方政治思想史
02275558, 9.1, 494, 中庸
26264205, 9.2, 450, 道德的谱系
26295138, 9.0, 543, 士大夫政治演生史稿
02012794, 8.9, 599, 罗素论幸福人生
27667348, 9.0, 541, 思想是生活的一种方式
02155341, 9.0, 540, 官僚体制·反资本主义的心态
25867785, 8.6, 815, 正义之心
01865891, 7.8, 2241, 神了
02375990, 8.9, 590, 经济学思想史讲义
26591902, 9.1, 486, 中国思想史十讲（上卷）
01080223, 9.2, 443, 人与国家
06440324, 8.5, 894, 人各有异
25723773, 9.1, 471, 柏拉图对话录
25916679, 8.8, 628, 能断金刚
01021529, 8.8, 625, 重负与神恩
25928726, 8.6, 765, 导读拉康
01048672, 8.0, 1578, 尼采生存哲学
01033561, 8.7, 687, 文明论概略
01421310, 8.7, 683, 知识分子的鸦片
01511983, 8.6, 756, 劝学篇
26660579, 8.7, 672, 直视骄阳：征服死亡恐惧
25923695, 8.0, 1530, 电车难题
01803230, 8.8, 601, 中国近三百年学术史
01615235, 8.3, 1028, 蒙田随笔
01083309, 9.0, 487, 论可能生活
27136549, 8.7, 655, 思想史
26952828, 8.4, 906, 演员的自我修养
01444141, 9.2, 398, 演讲与论文集
01270511, 8.2, 1116, 湖上闲思录
05423861, 9.4, 325, 中国哲学简史
06826594, 8.1, 1233, 故事照亮未来
30441006, 9.1, 418, 1984
01099275, 8.7, 614, 论人类不平等的起源和基础
25836047, 8.8, 553, 给青年的十二封信
34815132, 8.3, 949, 圆圈正义
01069576, 8.5, 752, 西方哲学史
24371383, 7.7, 2083, 中国国民性演变历程
24869831, 9.2, 376, 中国思想史（三卷本）
01251894, 8.6, 670, 培根论说文集
25881855, 8.4, 819, 大教堂与集市
03089401, 8.5, 729, 沉思录
01255584, 8.4, 812, 时间与自由意志
01320925, 8.6, 645, 朝话
06151679, 8.4, 802, 人生不相见
01252183, 9.0, 432, 毛泽东选集 第二卷
01125216, 9.6, 258, 庄子
01025502, 8.9, 471, 哲学的故事（上下）
01002135, 8.8, 516, 历史与阶级意识
03007652, 9.4, 299, 老子
21324342, 8.8, 509, 西西弗斯神话
01918220, 8.1, 1108, 性与性格
01033829, 9.1, 382, 法律、立法与自由(第一卷)
24716174, 8.6, 617, 我的精神家园
04106854, 9.3, 318, 四圣心源
24876481, 8.1, 1092, 人的宗教（珍藏版）
22404951, 9.1, 376, 建筑：篠原一男
25789370, 8.8, 498, 权势转移
04857097, 9.0, 409, 政治思考
01809669, 8.7, 544, 容忍与自由—胡适演讲录
01500045, 8.6, 601, 猜想与反驳
27070100, 8.8, 484, 《当你开始爱自己，全世界都会来爱你》
06116759, 9.0, 400, 道德经
01392568, 8.9, 436, 哲学之树
01042814, 9.3, 302, 人与世界
01873802, 9.4, 277, 人的行為
01254354, 9.3, 298, 庄子集解·庄子集解内篇补正
03744041, 7.1, 4522, 晨间日记的奇迹
06431982, 9.1, 352, 说理
01069441, 8.3, 787, 纯粹理性批判
02008436, 8.9, 421, 毛泽东选集（第一卷）
01011180, 8.7, 502, 顾准日记
01766308, 9.1, 343, 明夷待访录
01475128, 8.9, 411, 人的潜能和价值
25870783, 8.9, 409, 荣耀与丑闻
27132294, 7.9, 1232, 慈悲与玫瑰
01484492, 8.8, 444, 20世纪思想史
10434858, 8.6, 539, 我们为什么离正义越来越远
01808679, 8.6, 533, 再造文明的尝试
19956258, 8.4, 657, 容忍比自由更重要
05917677, 8.9, 390, 爱弥儿
30376593, 8.2, 811, 当下的启蒙
24708198, 8.8, 427, 红拂夜奔
26136989, 8.2, 806, 王阳明大传：知行合一的心学智慧（全三册）
01024013, 8.5, 576, 风声·雨声·读书声
10779604, 8.8, 425, 图灵的秘密
01593586, 8.2, 799, 四十自述
01709548, 8.1, 897, 中国人的精神
01048712, 8.5, 568, 柏拉图全集（第一卷）
02253423, 8.8, 418, 疯癫与文明
24748616, 8.3, 697, 介绍我自己的思想
25833480, 8.7, 455, 单向度的人
26674037, 8.4, 621, 为人文教育辩护
10536368, 8.1, 866, 纸上卧游记
03662234, 8.5, 546, 日本的思想
01038949, 8.4, 605, 资本主义、社会主义与民主
01020009, 8.4, 590, 中国问题
10544787, 8.9, 357, 暴力
30489680, 9.0, 324, 悲剧的诞生
01949061, 8.5, 524, 不合时宜的沉思
01075952, 9.5, 210, 饮冰室合集（全十二册）
10427332, 7.8, 1165, 当代中国八种社会思潮
30215911, 8.7, 418, 人生的智慧
04327473, 8.6, 460, 沉思录
01082445, 8.9, 345, 萨特文集（1-7卷）
03651646, 7.5, 1768, 精神明亮的人
26826152, 9.4, 224, 曾国藩家书
03069267, 9.1, 285, 陀思妥耶夫斯基的世界观
03893324, 8.2, 692, 我山之石
01003828, 8.6, 449, 中国思想传统的现代诠释
02141593, 8.5, 493, 第三次浪潮
01003027, 8.7, 403, 性经验史
04841504, 8.4, 543, 与孤独为伍
26600130, 8.8, 357, 忏悔录
04850299, 8.1, 737, 新自由主义简史
06725979, 8.3, 583, 思辨的禅趣
24298157, 8.8, 351, 来日方长
01476920, 9.3, 228, 五十奥义书
03205317, 8.8, 350, 爱弥尔
03875750, 7.8, 1037, 完美伴侣
01161387, 8.7, 376, 无梦楼随笔
04016869, 9.1, 262, 到奴役之路
01959124, 8.9, 309, 生活之路
20470264, 9.2, 238, 佛教常识答问
03462267, 8.6, 407, 占有还是存在
03852840, 9.1, 258, 思维的乐趣
26676661, 8.4, 497, 从黄河文明到“一带一路”.第1卷
01000952, 8.5, 448, 历史主义贫困论
26879317, 7.9, 880, 王阳明：一切心法（上下册）平装
03496820, 8.4, 494, 没有建筑师的建筑
25836261, 8.6, 403, 希腊精神
33455183, 9.8, 150, 规训与惩罚
34879976, 8.3, 548, 什么是民粹主义？
01945984, 9.0, 277, 诚与真
03837280, 8.1, 670, 黑天鹅
05349588, 7.7, 1104, 单向街 003
05500746, 8.8, 322, 明夷待访录
26389495, 9.9, 136, 当代政治哲学
26600395, 9.0, 268, 人的行为
03171864, 7.6, 1239, 一头想要被吃掉的猪
19935531, 9.0, 267, 给青年的十二封信·谈修养
01986275, 8.6, 385, 大失败
04264066, 8.9, 290, 权威与个人
01316549, 8.7, 348, 极端的年代
03128876, 8.4, 466, 反抗绝望
26708760, 8.8, 314, 死亡的脸
02072159, 8.0, 722, The Black Swan
27026379, 7.8, 922, 黎明破晓的世界
01054092, 8.3, 505, 罗素自传（第一卷）
01963430, 8.7, 336, 欧洲思想史
10786224, 7.7, 1016, 思想国
26593192, 8.3, 486, 思想本质
02977078, 8.2, 534, 政治哲学与幸福根基
02064067, 7.6, 1107, 一个人
10517699, 8.4, 426, 沉思录
21326266, 8.1, 589, 与机器赛跑
01024572, 8.3, 469, 灵魂只能独行
07064456, 8.4, 421, 研究之美
02183877, 8.4, 420, 忏悔录：卢梭自传
11444012, 8.2, 518, 昼信基督夜信佛
03112559, 8.6, 343, 道德箴言录
25945177, 9.3, 188, 顾准文集
01427726, 8.1, 576, 耻辱者手记
30310479, 8.8, 284, 态度改变与社会影响
02009300, 8.9, 259, 变革之道
04320831, 8.8, 282, 责任与判断
26928533, 7.9, 716, 日本料理神髓
26373233, 8.8, 279, 易经杂说
26135908, 9.1, 214, 瓦尔登湖
26614493, 8.9, 253, 华杉讲透孙子兵法
27122360, 8.3, 440, 关于他人的痛苦（全布面精装）
03557854, 8.7, 297, 思虑中国
02122295, 8.7, 295, 人物志
01116334, 7.8, 773, 自由主义
04843449, 8.7, 293, 无量寿经
07056695, 9.0, 224, 论我们教育机构的未来
06528928, 7.8, 758, 沉疴遍地
06717822, 8.5, 349, 中国思想史
01058031, 8.9, 240, 中国思想传统及其现代变迁
04733982, 8.3, 423, 轴心时代
27060620, 8.7, 285, 观念的力量
01139763, 8.1, 521, 世界大战中的宣传技巧
01393386, 8.8, 258, 主体解释学
27009630, 9.6, 138, 纯粹理性批判
01905142, 8.6, 309, 中国意识的危机
06879362, 8.5, 335, 商君书
07062629, 8.3, 409, 越界言论（第3卷）
04928961, 9.0, 213, 人有人的用处
04745319, 7.8, 716, 蔡国强：我是这样想的
25809761, 9.5, 145, 古今数学思想（第一册）
04232573, 8.5, 329, 唯一的规则
25708550, 8.1, 496, 知识分子与社会
34440655, 8.8, 248, 尼采：在世纪的转折点上
27204109, 8.2, 440, 少有人走的路4：在焦虑的年代获得精神的成长
26293220, 7.6, 894, 像TED一样演讲
02074583, 8.7, 266, 思想录
04023214, 8.4, 352, 周国平散文精选
02149199, 8.7, 264, 世界历史沉思录
05325877, 8.8, 240, 风声·雨声·读书声
10600614, 8.4, 348, 哲学与人生 （第二版）
06437896, 7.6, 869, 六项精进
03532299, 7.9, 593, 一分钟经理人
01513154, 8.8, 238, 人生的亲证
27039531, 9.2, 171, 良知对抗暴力
05063384, 7.5, 969, 思考的艺术
05503967, 8.6, 278, 织梦人
01278419, 7.8, 640, 冰鉴
33457239, 8.4, 331, 我和连岳一起成长
20400742, 8.1, 451, 读者
20395644, 7.6, 815, 大量流出
30475747, 8.7, 248, 自由的声音
02068710, 8.2, 397, 国家的兴衰
01047588, 8.0, 491, 酷儿理论
25870853, 8.4, 319, 叔本华
32567709, 8.1, 434, 五四的另一面
02262869, 8.0, 484, 保守主义
20501255, 8.5, 286, 朱光潜谈读书
04164620, 9.1, 171, 王阳明《传习录》详注集评
03268035, 9.7, 111, 回答
25886229, 8.3, 343, 少年维特的烦恼
34678463, 7.7, 667, 重来也不会好过现在
26657357, 7.3, 1145, 世界简史
03916132, 8.5, 279, 晚学盲言（上下）
01279934, 8.5, 277, 马克思主义、毛泽东主义与乌托邦主义
01006301, 8.6, 251, 教育的目的
30133467, 9.1, 164, 查拉图斯特拉如是说
01450985, 8.6, 249, 黑格尔辩证法讲演录
05390906, 9.0, 176, 1844年经济学-哲学手稿
01488650, 8.8, 207, 反经
30334420, 8.2, 359, 纸上卧游记
06395235, 8.4, 293, 人心与人生
30367953, 7.6, 709, 专家之死
04736047, 9.0, 172, 尼采（全二卷）
04053033, 8.5, 263, 我们怎样阅读中国
06946737, 8.5, 263, 当代中国的启蒙与反启蒙
01314977, 8.6, 238, 全球化时代的文化认同
04057724, 7.8, 539, 旷代的忧伤
03891561, 9.3, 134, 诸葛亮集
01038361, 9.1, 155, 魏晋玄学论稿
01427018, 8.6, 233, 国家兴衰探源
01854595, 9.2, 143, 罗素自选文集
06060527, 9.2, 143, 爱因斯坦文集（全三卷）
01444813, 8.5, 253, 灵魂的黑夜
01278800, 8.6, 231, 晚明清初思想十论
01310187, 9.0, 163, 超越东西方
25891303, 8.4, 273, 治大国
27174411, 7.8, 511, 思维简史
06809193, 8.5, 245, 从中国历史来看中国民族性及中国文化
01114551, 9.0, 160, 欧几里得·几何原本
01865875, 9.1, 148, 爱因斯坦文集（第一卷）
10606559, 9.0, 159, 现代危机与思想人物
06969242, 8.7, 202, 精神自治
26700929, 8.1, 356, 知鱼之乐
02334078, 8.6, 219, 混序：维萨与组织的未来形态
03513006, 7.8, 493, 失落的致富经典
01013987, 8.4, 262, 古代中国的思想世界
01945986, 8.6, 218, 士与中国文化
01081454, 8.3, 284, 近代中国史学十论
03825737, 8.5, 235, 周国平作品精选
25886895, 6.9, 1711, 如何成为一个妖孽
01058291, 8.2, 311, 文明史纲
01060196, 8.9, 166, 思想家
01316933, 8.4, 256, 被压迫者教育学
20367006, 8.5, 232, 理想国
30171324, 9.1, 141, 脑中魅影
01055823, 8.7, 194, 纵欲与虚无之上
06529665, 7.0, 1399, 马克思为什么是对的
02984358, 9.1, 137, 新唯识论
03065816, 8.1, 327, 五四之魂
10748231, 9.1, 136, 哲学论稿
26691191, 7.9, 404, 人生有何意义
06101304, 8.5, 221, 罗素谈人的理性
26586495, 8.8, 170, 隐公元年
10505864, 7.6, 569, 乔姆斯基、福柯论辩录
26901444, 8.3, 263, 合作的进化
01057599, 8.6, 197, 西方人文主义传统
01548779, 8.8, 165, 鲁迅散文·诗全集
01009100, 9.0, 141, 近代政治思想的基础（上、下卷）
01443350, 9.1, 130, 康德著作全集（第4卷）
01125024, 8.6, 193, 毛泽东选集 第四卷
04146300, 7.8, 426, 谁动了我的奶酪(青少年版)
24532778, 8.5, 203, 王阳明哲学
34866852, 9.3, 105, 福柯：关键概念
03183094, 8.1, 281, 许倬云观世变
01084254, 8.4, 210, 俄罗斯思想
03876009, 8.7, 162, 醒思录
01052454, 8.9, 136, 思想家
01048120, 9.1, 117, 自我认识
01251781, 8.3, 224, 哲学与权力的谈判
01049976, 7.7, 418, 望着你
24696851, 7.7, 418, 王阳明心学
26268552, 7.6, 457, 如何变得有思想
03183090, 8.0, 291, 许倬云问学记
03397669, 9.4, 92, The Road to Serfdom
21321800, 8.0, 284, 山河之书
34456872, 9.0, 119, 張岪與木心
01832047, 7.9, 315, 权力的转移
06846815, 7.8, 351, 民国的底气
26393094, 8.7, 149, 薄伽梵歌（注释本）
04219498, 9.7, 74, 李泽厚集
01843857, 8.1, 253, 未来的冲击
01818861, 8.2, 227, 大学何为
01066291, 8.0, 276, 通往明天的唯一道路
01049946, 8.3, 206, 代价论
10598181, 7.3, 624, 随机生存的智慧
02368198, 8.4, 187, 一生必读的关于信仰与人生的30部经典
01058200, 9.1, 107, 文学与人生
02015877, 8.8, 133, 捕蝶者
35023259, 9.6, 76, 这才是心理学（第11版）
30262175, 7.7, 366, 我们时代的精神状况
01054481, 8.4, 181, 大学精神档案(当代卷)
26362357, 8.4, 181, 论语今读
01924980, 8.8, 130, 六韬三略译注
01809674, 9.2, 96, 徐梵澄文集
30157658, 9.6, 74, 哲学史方法论十四讲
27174024, 7.0, 888, 混乱
03229832, 8.8, 127, 被背叛了的革命
26683589, 9.8, 65, 寿康宝鉴（白话）
30182821, 9.3, 88, 词语与建筑物
02219765, 9.1, 100, 十力语要
01661300, 8.7, 133, 世界范围内的反现代化思潮
01001125, 8.8, 123, 话说周氏兄弟
25830943, 7.3, 553, 死后的世界
30315038, 9.4, 80, 论持久战
10567991, 8.6, 142, 传习录
01040689, 7.7, 334, 交锋-当代中国三次思想解放实录
06775832, 8.6, 141, 生而为人
26685018, 7.8, 295, 科技想要什么
03624297, 8.5, 151, 波普尔自传
20431392, 8.8, 118, 澄明之境
30393557, 7.3, 524, 高度敏感的力量
05350988, 8.3, 178, 我们从未现代过
03768589, 8.8, 117, 罗素论教育
34822060, 9.3, 82, 法国知识分子史
05917293, 7.6, 355, 爱的五重奏
01052533, 8.4, 160, 心灵的探寻
01051360, 8.7, 124, 死火重温
34940791, 9.4, 76, 时间与他者
01067910, 7.8, 277, 在北大听讲座（第1辑）
01024765, 8.1, 203, 从结构到解构（上下）
26535245, 8.8, 112, 被禁锢的头脑
26627873, 6.9, 830, 格局逆袭
01097897, 8.8, 108, 鲁迅经典作品选
30415436, 9.2, 81, 在经验与超验之间
20472501, 7.4, 406, 深夜十堂
01789440, 7.8, 252, 财富的革命
03523852, 8.6, 122, 理想国
05326325, 7.8, 248, 这个世界会好吗
03277725, 8.7, 111, 中世纪哲学精神
01281748, 8.4, 141, 西方公民不服从的传统
01140543, 8.9, 95, 梁启超经典文存
06963113, 8.3, 152, 愚人颂
01060125, 8.4, 139, 诗·语言·思
01315241, 7.8, 243, 知识分子的背叛
35060452, 8.7, 109, 中国人史纲
25804908, 7.2, 486, 一篇读罢头飞雪，重读马克思
01226635, 8.5, 126, 思维方式
02777125, 9.3, 71, 西方大观念（全二卷）
02233585, 8.8, 99, 中西哲学之会通十四讲
01916508, 8.9, 92, 天平集
27157291, 7.5, 326, 沉思录
06730308, 8.5, 124, 在彼处
30335973, 8.5, 124, 魔球
34888719, 8.6, 114, 十一种孤独
26641289, 9.5, 62, 动物农场
30415527, 8.7, 105, 冯友兰哲思录
26861718, 9.0, 84, 此心光明万物生
24704563, 8.9, 90, 思想的力量：智识之旅的非常规自传
01258516, 8.6, 111, 竹内好的悖论
03294709, 8.6, 111, 自由之路
04326049, 8.5, 119, 社会选择与个人价值
04167567, 7.7, 247, 物演通论
24530141, 7.9, 201, 重估价值
01245507, 8.4, 128, 科学中华而不实的作风
30319558, 7.3, 386, 感受爱
01864563, 8.6, 108, 生命的沉湖
05309759, 8.2, 149, 人类的没落
19964306, 8.2, 147, 脆弱的幸福
24719014, 7.4, 328, 中国有多特殊
06536462, 8.2, 145, 素书
02155091, 9.4, 61, 原罪·宿命
06711737, 9.4, 61, 新青年
01009583, 9.1, 73, 制高点
03187865, 8.5, 112, 國立少年
25985119, 8.5, 112, 冰鉴 挺经
34439350, 7.5, 283, 小逻辑
30434849, 7.7, 224, 知行合一王阳明
03931873, 8.3, 127, 霍姆斯读本
27096159, 9.7, 49, 什么叫思想？
26943669, 6.9, 580, 追故乡的人
25822107, 8.4, 115, 未来考古学
30415556, 8.4, 114, 宫崎市定中国史
26919245, 7.5, 258, 哈佛中国哲学课
25857796, 7.6, 231, Show Your Work!
26587908, 9.1, 66, 人类的认知
01082832, 8.6, 92, 生命的七大精神法则
05414076, 8.4, 106, 启蒙如何起死回生
10830567, 7.4, 273, 图利的猫
27012113, 8.2, 124, 查拉图斯特拉如是说
20480426, 7.9, 162, The Art of Thinking Clearly
01925372, 9.3, 56, 走向自主创新
26539803, 8.3, 112, 没有上帝的宗教
01910297, 7.6, 214, 批判性思维教程
11520291, 8.4, 103, 流动的时代
27187132, 8.1, 132, 谷歌时代的柏拉图
01615242, 9.0, 67, 邓小平文选 第三卷
06711939, 8.9, 71, 设计方法论
30353743, 8.9, 71, 生命政治的诞生
25969348, 9.0, 66, 李慎之文集
11542902, 7.7, 188, 超越左右激进主义
26910910, 8.1, 128, 彼岸书
01068968, 7.9, 153, 历史上最伟大的思想
01196074, 9.4, 51, 潘光旦文集
04048227, 7.1, 360, 仇富
27602487, 8.5, 91, 中国思想史
26256875, 8.9, 68, 歧义
01128029, 8.5, 88, 依靠自我
30267520, 8.5, 88, 思辨的禅趣
25916484, 8.1, 117, 想法与干法：年轻公务员成长笔记
01872233, 7.8, 152, 精神生活·思维
01165193, 8.2, 106, 大众塔木德
01000803, 7.6, 183, 中国现代思想中的唯科学主义
03644723, 7.1, 322, 管道的故事
27098143, 8.3, 97, 深思与省悟
26593269, 9.0, 59, 哲学纲要
27182394, 9.1, 55, 作为意志和表象的世界
03410714, 8.0, 120, 古代思想文化的世界
26755624, 9.5, 43, 论自由
26952318, 8.3, 93, 朝服
01071982, 7.7, 156, 在北大听讲座（第2辑）
01427113, 8.2, 100, 女权主义的知识分子传统
26769767, 9.2, 49, 企鹅口袋书系列·伟大的思想（第一辑）
30218889, 8.5, 77, 希腊悲剧时代的哲学
03032327, 7.5, 182, 逻辑思维训练500题
26935327, 9.5, 41, 自由人的平等政治
02343947, 8.0, 109, 自由·平等·博爱
25917137, 7.4, 192, 领导者的资质
26658414, 7.6, 154, 绝望者日记
30371066, 9.0, 52, 抽象与移情
25862390, 8.5, 72, 卡车
26265113, 7.8, 124, 论语新劄
25764445, 7.7, 136, 哲学的邀请
01392942, 8.5, 70, 建筑师不是描图机器
01393589, 8.5, 70, 知识分子与市场
04277674, 7.6, 148, 天朝向左，世界向右
01015882, 8.4, 75, 存在与虚无
26296697, 7.4, 178, 胡适谈读书
30354857, 8.7, 60, 说真话的勇气
05348036, 6.1, 1129, 淡定的人生不寂寞
01066429, 8.6, 63, 大灭绝
06432048, 8.6, 63, 无梦楼随笔
06430301, 9.1, 46, 船山全书（全十六册）
03179375, 8.1, 90, 我的教师梦
02055214, 7.5, 153, 我们缺什么
06717825, 9.3, 40, 中国思想通俗讲话
04137125, 8.6, 61, 火烈鸟的微笑
10540585, 8.6, 61, 思想者
34851670, 8.6, 61, 建筑与虚无主义
24838944, 9.0, 47, 神圣家族
26295966, 9.0, 47, 剑桥阿伦特指南
04922087, 8.0, 93, 咖啡与哲学
01035937, 8.3, 73, 新哲学讲演录
34826137, 9.8, 30, 康德历史哲学论文集
26389186, 7.9, 99, 西方美学史
34895563, 8.3, 72, 轴心时代
30156795, 7.3, 175, 卓越密码
34868006, 7.3, 174, 没有思想的世界
01552239, 8.6, 56, 有争议的知识
34845961, 7.5, 134, 哲学是怎样炼成的
30373239, 7.1, 203, 示弱的勇气
03885585, 9.2, 38, 体用论
03360071, 8.1, 77, 浮想录
27203699, 7.5, 128, 儒墨道法的救世之策
25756561, 8.8, 47, 稻盛和夫的实学：活用人才
11600230, 9.1, 39, 谁需要神学?
30324087, 9.1, 39, 陀思妥耶夫斯基与尼采
06983534, 8.4, 60, 思想光谱
30245136, 7.8, 93, 道可道
01058355, 8.4, 58, 爱的秩序
25898787, 8.4, 58, 最伟大的思想家
01877658, 8.1, 72, 中国文化与世界文化
01894013, 8.1, 71, 人的现象
34833898, 8.3, 61, 理性的边界
05950337, 7.6, 107, 梁漱溟读书与做人
01132022, 8.5, 53, 燃烧时间的烟斗
30354129, 8.1, 69, 非人：漫谈时间
02279273, 8.9, 40, 章太炎的思想
25814666, 8.5, 51, 自反性现代化
03216812, 9.3, 32, 悲剧的诞生
20473437, 8.6, 47, 明代文学思想史
25788706, 8.1, 66, 沉默的世界
01270604, 8.7, 44, 毛泽东文集（第3卷）
01065006, 7.8, 81, 享乐的艺术
25708146, 8.0, 69, 二十世纪的政治哲学家
01809194, 8.8, 40, 走出现代性
30435806, 8.8, 40, 启蒙
04138995, 7.6, 95, 历史上最伟大的思想
01731672, 8.4, 51, 人生三书
26583347, 6.5, 326, 专业主义
01278442, 7.5, 102, 后现代思想的数学根源
01434126, 7.9, 72, 东正教神学导论
03140385, 8.6, 42, 中国文人的自然观
30237462, 9.2, 30, 从存有到生活
30180067, 8.8, 36, 乡间路上的谈话
30421515, 8.3, 48, 圣经故事
24851609, 7.4, 96, 曼德拉传
26976106, 8.0, 58, 中国人缺少什么？
01909171, 8.3, 47, 弇山堂别集（全四册）
30335708, 9.4, 25, 空无与行动
01221549, 8.9, 32, 饮冰室合集集外文（上中下）
03032187, 7.8, 65, 失落的致富经典
26641864, 7.6, 75, 飞跃5000年
01810943, 8.1, 51, 论灵魂与复活
01810543, 8.2, 47, 自由之声
01278815, 9.3, 25, 经济发展理论
34903926, 7.7, 67, 为什么精英可以快速积累财富
02556325, 9.3, 24, If You Meet Buddha on the Road
30299460, 6.4, 251, 大学不迷茫
26817463, 9.1, 26, 黄帝四经今注今译
03859930, 8.1, 46, 中国思想小史
20275931, 8.1, 46, 以自由看待发展
34898782, 9.0, 27, 王阳明：一切心法（修订版）
33418595, 8.8, 29, 估值逻辑
26337287, 7.2, 89, 儒学与女性
30187768, 8.2, 40, 大屠杀与集体记忆
30158998, 9.2, 23, 爱默生和中国
34431960, 7.3, 77, 叛逆的思想家
30225015, 8.0, 43, 铃与哨
17341557, 6.9, 110, 无中生有的宇宙
01893813, 7.7, 53, 明末清初的学风
27042374, 7.0, 94, 高情商管理
34954049, 9.3, 20, 天国之门
26820796, 7.4, 63, 西方的没落
02327852, 7.4, 62, 章学诚的生平及其思想
04204034, 6.6, 135, 人活着究竟为什么
26236450, 8.1, 36, 少，但是更好
06041860, 8.8, 24, Do the Work
34857567, 9.7, 16, 我的字體排印學之路：字體排印新浪潮之父沃夫岡‧魏因加特
02375939, 7.9, 40, 中庸的思想
03067954, 8.1, 35, 巴比伦公主
03991198, 8.1, 34, 伊斯兰教思想历程
30344101, 9.2, 19, 欧洲文艺复兴的人文主义和文化
34866394, 8.8, 22, 经略西北
27601609, 8.4, 27, 礼记
04151192, 8.0, 33, 李贽与晚明文学思想
25921125, 9.6, 15, 中国近代思想家文库·杜亚泉卷
05997276, 8.9, 20, 〈民主〉と〈愛国〉
01941668, 9.1, 18, Politics and Vision
19898857, 7.6, 42, 大学的逻辑
30242420, 8.1, 30, 月經不平等
30417764, 7.9, 34, 思想产业
01770186, 8.4, 25, 灵魂之旅——九十年代文学的生存境界
25929658, 6.5, 114, 不会说话你就输了
04274499, 9.0, 18, 系统论
26706614, 7.7, 37, 德意志的乡愁
25926762, 7.1, 59, 自媒体时代，我们该如何做营销
26420897, 9.5, 14, 思辨的希腊哲学史（一）
30302372, 9.0, 17, 新十批判书
20434026, 7.4, 41, 民间野草
06128975, 8.0, 27, 行政法与社会科学
26363273, 7.4, 39, 你将成为自己的光
02381274, 8.1, 24, 领导力实践
10745251, 8.9, 16, “四人帮”兴亡(上中下卷)
30376756, 8.9, 16, 罗生门
10782200, 7.1, 47, 生命的品质
01917101, 7.6, 32, 刺丛里的求索
34893291, 9.0, 15, 游戏改变学习
01971542, 8.7, 17, 论&#34;三个代表&#34;
21324341, 7.6, 31, 有效工作与无效劳动
01000979, 8.0, 24, 科学悖论集
06709605, 7.5, 32, 留学僧
26895146, 7.8, 25, 别了，孟德斯鸠
20392312, 8.9, 14, 马克思主义哲学高级教程
30382930, 9.0, 13, 「天下」作為意識型態
22601818, 8.8, 14, 中国历代经典宝库
26360501, 7.6, 25, 工程师知道什么以及他们是如何知道的
10593755, 8.4, 15, 教育的价值
26640437, 7.3, 27, 多余人的回忆
05248605, 6.5, 51, 世界文化史
25764452, 7.2, 28, 功效：在中国与西方思维之间
01157934, 8.3, 14, 世纪彷徨：老舍论
20473452, 8.3, 14, 生生之德
06754343, 7.0, 30, 理性时代
01442363, 6.3, 54, 西藏之水救中国
01041604, 7.1, 26, 道德的沦陷
26641042, 6.4, 46, 大学之修养
01320608, 8.0, 15, 20世纪的精神教训
01180483, 7.9, 15, 不要任何借口
01917652, 8.2, 13, 《熵，一种新的世界观》
30515887, 7.3, 20, 查理·芒格的投资逻辑
26599828, 7.9, 14, 圣经的世界
35012611, 7.2, 20, 人人都该懂的认识论
26907038, 7.5, 16, 丁玲传
01376520, 7.9, 13, The Journey to the East
26772715, 7.9, 13, 明末清初劝善运动思想研究（修订版）
24371401, 6.8, 25, 鬼谷子教你攻心术
34907748, 7.2, 19, 人人都该懂的批判性思维
30688684, 8.5, 10, 杂草集 西方思想史散论
03037100, 8.0, 12, 瓮中杂俎
34449281, 6.8, 22, 步行哲学家
01450288, 7.3, 13, 梁启超评传
30475772, 6.3, 19, 死刑
30204173, 3.8, 332, 毛泽东思想与中国特色社会主义理论体系概论
34992150, 4.9, 11, 前期与后期
05062976, 0.0, 10, 话说政治
11498898, 0.0, 10, The Year of Dreaming Dangerously
01704923, 0.0, 14, 信息哲学
34954050, 0.0, 14, 告别洪荒
