2020-07-05 16:00:03

number of books, tag name
158, 思想家

ID, rating, votes, title
01054685, 9.1, 100732, 沉默的大多数
01089243, 8.9, 124073, 黄金时代
01859140, 8.9, 12202, 上学记
01418180, 8.9, 10128, 思维的乐趣
01464989, 9.1, 7463, 围城
01032063, 8.9, 8865, 旧制度与大革命
01418999, 9.2, 5543, 银河英雄传说
01015699, 8.2, 25004, 中国大历史
06152040, 9.1, 5944, 维特根斯坦传
01815640, 9.1, 5068, 王小波全集（第一卷 杂文）
02359003, 8.2, 18865, 沉思录
01078250, 8.2, 16241, 洗澡
01216737, 9.0, 4238, 纯粹理性批判
01071227, 9.0, 4032, 大问题
02143304, 8.1, 12309, 我爱问连岳
01016429, 8.6, 5586, 毛姆读书随笔
01027247, 7.8, 18689, 丑陋的中国人
02025235, 9.1, 2523, 顾准文集
01313181, 8.4, 5379, 富兰克林自传
01059537, 8.7, 3400, 沉重的肉身
01891015, 9.5, 1244, 三国演义（共两册）
02101774, 9.0, 1942, 金枝
01048173, 8.1, 6289, 忏悔录
01485628, 7.9, 6995, 毛泽东传
01077196, 8.6, 1849, 蒙田随笔全集（全三册）
01143696, 7.9, 4538, 永失我爱
01456524, 7.9, 4301, 这个世界会好吗
02003092, 8.3, 2346, 波多里诺
01417905, 7.1, 17404, 废都
02160292, 8.1, 2856, 神谕之夜
01251839, 8.6, 1432, 权力意志
06965746, 8.2, 2236, 科技想要什么
01329973, 9.2, 646, 顾准文集
04212276, 8.5, 1336, 苏联的心灵
03132641, 8.7, 1032, 中国现代思想史论
03699420, 9.0, 749, 查拉图斯特拉如是说
02045704, 8.9, 794, 权力意志
01437162, 8.2, 1802, 随想录
05396636, 9.2, 567, 资本主义与精神分裂 （卷二）
34988734, 9.1, 618, 走出唯一真理观
10876715, 8.8, 828, 论法的精神
03391999, 9.2, 550, 扎拉图斯特拉如是说
01986335, 8.6, 1001, 与神对话
25908079, 8.5, 1091, 新经济，新规则
02049781, 8.4, 1223, 世界在你心中
01089892, 9.2, 503, 莎士比亚悲剧四种
06139564, 9.0, 607, 雅克•拉康
04833802, 8.9, 668, 薄伽梵歌
01051911, 7.9, 2188, 终究悲哀的外国语
01038979, 8.6, 870, 道德理想国的覆灭
01049561, 9.0, 532, 俄国思想家
24944354, 8.3, 1001, 流吧！我的眼泪
01320925, 8.6, 645, 朝话
25928725, 8.9, 462, 导读齐泽克
01088540, 9.2, 333, 玻璃球游戏
10588021, 7.9, 1315, 技术元素
02216684, 8.6, 495, 帕斯卡尔思想录
10544787, 8.9, 357, 暴力
01037857, 8.1, 786, 文字是肉做的
25789478, 8.5, 503, 宽忍的灰色黎明
27011409, 8.3, 620, 每当我找到生命的意义，它就又变了（珍藏版）
01069156, 8.7, 389, 伯林传
34799998, 7.9, 846, 格局
01048857, 8.0, 746, 将错就错
02044009, 9.1, 245, 古拉格群岛(上册)
02209114, 8.9, 290, 什么是哲学
34468924, 9.1, 227, 伯林传
27203767, 7.5, 1276, 柏拉图和鸭嘴兽一起去酒吧
10788371, 6.9, 3371, 清单革命
01057779, 8.3, 471, 哈耶克传
01254363, 9.1, 209, 斯宾诺莎的实践哲学
03078887, 8.4, 391, 中国：传统与变迁
26925467, 8.4, 371, 白板
01245497, 9.6, 133, 周禮正義（全十四冊）
02969221, 8.2, 427, 里尔克法文诗
01814298, 8.8, 231, 德勒兹论福柯
01052336, 8.9, 211, 顾准全传：拆下肋骨当火把
01963548, 7.9, 536, 不敢问希区柯克的，就问拉康吧
01255368, 9.1, 168, 苏鲁支语录
02969222, 9.0, 159, 现象学之基本问题
28597532, 7.8, 486, 李敖自传
01776475, 8.4, 257, 幻想的瘟疫
01060196, 8.9, 166, 思想家
02051548, 9.0, 151, 人的奴役与自由
01136453, 8.5, 228, 论学者的使命 人的使命
01033375, 8.7, 181, 爱的艺术
06104723, 8.7, 173, 英雄的旅程
01052454, 8.9, 136, 思想家
02282133, 8.2, 235, 一种幻想的未来 文明及其不满
01052778, 8.6, 162, 实在界的面庞
01127582, 8.5, 164, 哲学生涯
04312467, 8.9, 116, 毛泽东文集-1-8卷
26865410, 9.1, 97, 入世哲学家
01072932, 8.2, 197, 哲学辞典
01472840, 8.2, 195, 谁是罗兰·巴特
10432342, 7.2, 536, 英国史Ⅰ
03166619, 8.8, 106, 色诺芬的苏格拉底言辞
26372330, 8.4, 141, 罗素传
01827096, 7.6, 258, 阅读的狩猎
11604607, 7.9, 153, 自我分析纲要
07163147, 7.6, 204, 二十世纪的教训
26305249, 8.6, 82, 勇敢的天才
02375950, 7.8, 149, 伊拉克：借来的壶
25767386, 7.6, 177, 哲学宣言
01038422, 7.9, 132, 多重立场
04892927, 9.2, 50, 尼采著作全集（第12卷）
01151098, 9.0, 56, 埃克哈特大师文集
01018311, 8.3, 88, 九十年代反思录
02993412, 8.9, 57, 解释的冲突
33376514, 8.6, 69, 于尔根·哈贝马斯传：知识分子与公共生活
01924948, 8.9, 49, 德语美学文选（全2册）
02257628, 9.2, 37, 庄子解
01664097, 8.9, 40, 伏尔泰精选集
25866262, 7.7, 92, 马克思问我哪里痛
10740775, 8.3, 55, 文茜的百年驛站
01434519, 8.6, 45, 發現安哲羅普洛斯
01397458, 7.2, 138, 有人说过集权主义吗？
05328229, 7.0, 158, 美国知识分子
10432233, 8.1, 57, 梦话录
01078701, 8.5, 40, 精神现象学（下卷）
04806807, 7.8, 64, 福柯与德里达
01450951, 8.6, 36, 维柯论人文教育
01466905, 7.9, 55, 人物·书话·纪事
34988763, 9.4, 23, 核心社会学思想家（第3版）
01255258, 7.5, 74, 陀斯妥耶夫斯基
02219824, 7.9, 49, 文化的哲学
02315922, 8.0, 43, 辩证理性批判（上下）
01255137, 7.9, 46, 胡塞尔《几何学的起源》引论
01063379, 7.8, 49, 偶然性、霸权和普遍性
03808860, 7.3, 66, 马基雅维利的事业
01046716, 7.6, 49, 清园近作集
01941695, 7.3, 61, 读黑格尔
01834516, 7.8, 41, 友爱的政治学及其他
01253624, 8.5, 25, 文化怪杰辜鸿铭
25881707, 7.2, 60, 第二哲学宣言
04804262, 8.6, 21, 李阳波伤寒论坛讲记
30389236, 8.3, 24, 思维的模式
02084033, 7.6, 36, 自然界中的意志
26848005, 8.6, 20, 卡尔·波兰尼
02109876, 8.0, 27, 熊十力的新唯识论与胡塞尔的现象学
01079907, 8.0, 24, 寻求意义
01024109, 8.0, 23, 爱因斯坦的智慧
20262127, 8.3, 17, 精神的流浪
01528044, 6.5, 51, 福柯
26414518, 8.7, 12, 信息资本主义时代的批判宣言
03037995, 7.3, 22, 李贽
01004764, 7.1, 25, 九十年代日记
06310704, 7.7, 17, 富兰克林自传
01988537, 7.4, 20, 理念人
02976731, 8.2, 13, 人所具有的我都具有-马克思恩格斯人生格言
03010200, 6.7, 31, 《利维坦》附录
23643411, 7.1, 22, 近代思想的主潮
03008599, 7.0, 23, 近代经世小儒
01686272, 8.0, 12, 爱默生：充满激情的思想家
26924392, 5.2, 34, 自省之书
25769939, 2.0, 234, 从柏拉图到巴特
02029555, 0.0, 10, 费希特著作选集（第五卷）
01042340, 0.0, 12, 历史的见证--雷蒙.阿隆传
