2020-07-05 16:00:03

number of books, tag name
900, 思想史

ID, rating, votes, title
03410718, 9.2, 16162, 美的历程
01021273, 8.9, 15248, 中国哲学简史
25961458, 9.3, 5228, 大问题
06397522, 9.3, 3789, 论自由
03003032, 9.3, 3291, 浪漫主义的根源
01315190, 8.8, 4907, 想象的共同体
27170538, 8.6, 6337, 存在主义咖啡馆
03410709, 9.2, 2634, 中国哲学简史
01002690, 8.7, 3796, 陈寅恪的最后20年
06073019, 9.0, 2584, 斐多
20258505, 9.4, 1338, 规训与惩罚(修订译本)(第4版)
25971624, 8.7, 2912, 政治秩序的起源
20376550, 9.1, 1530, 科学革命的结构
01016864, 8.9, 1800, 士与中国文化
26834183, 8.6, 2575, 艾希曼在耶路撒冷
25924609, 9.6, 810, 发现社会
34434342, 8.5, 2644, 人类群星闪耀时
30394971, 9.4, 943, 论自由
05906321, 9.2, 1072, 开放中的变迁
06068432, 9.2, 1064, 自由及其背叛
03117247, 9.0, 1304, 中国古代思想史论
27191009, 9.3, 857, 往事与随想
01254278, 8.7, 1590, 思想录
01030526, 8.9, 1224, 中国文化史导论
05988185, 8.3, 2475, 宅兹中国
01065335, 9.1, 920, 朱熹的历史世界
30147582, 9.1, 907, 近代中国社会的新陈代谢
01024785, 9.1, 886, 西方现代思想史
26438558, 9.2, 753, 西方哲学史
04285631, 8.7, 1237, 意识形态起源和影响
01077428, 9.1, 799, 自然权利与历史
01022232, 8.6, 1340, 中国思想史
26810561, 9.2, 700, 对空言说
06822342, 9.5, 524, 王阳明全集
30441530, 8.8, 997, 打开
24316409, 8.3, 1746, 忍不住的“关怀”
04212276, 8.5, 1336, 苏联的心灵
01810944, 8.7, 1052, 启蒙辩证法
27025626, 9.1, 682, 君主论
03132641, 8.7, 1032, 中国现代思想史论
06810086, 9.2, 613, 朱熹的历史世界
01056883, 9.3, 545, 读通鉴论（上中下册）
01322324, 8.8, 895, 思想史研究课堂讲录
06052799, 9.2, 594, 自由论
02979192, 8.8, 890, 矛盾论
30233984, 9.5, 451, 科学作为天职
10449401, 9.4, 490, 现代性的神学起源
34449288, 9.3, 535, 20世纪思想史
26334500, 8.3, 1561, 说中国
26847586, 8.5, 1212, 哈佛中国史（全六卷）
04269888, 8.8, 858, 阳明学述要
25879507, 8.9, 753, 五四运动史
03092897, 9.0, 648, 政治学说史（上卷）
01025373, 8.6, 982, 中国思想通俗讲话
26320417, 9.0, 606, 自然社会
33391323, 9.3, 456, 五四运动史
30276702, 8.1, 1689, 中央帝国的哲学密码
04042959, 9.0, 599, 政治哲学导论
01127776, 8.7, 815, 交流的无奈
01009891, 8.6, 909, 公共领域的结构转型
26581737, 8.8, 715, 权力的毛细管作用
02974917, 8.7, 776, 自由主义
01782312, 9.2, 469, 发现社会之旅
26591910, 9.1, 503, 历史的巨镜
01039258, 8.9, 604, 西方政治思想史
27667348, 9.0, 541, 思想是生活的一种方式
10440415, 8.9, 593, 傅斯年：中国近代历史与政治中的个体生命
02375990, 8.9, 590, 经济学思想史讲义
26945180, 8.9, 590, 卡尔·马克思
26591902, 9.1, 486, 中国思想史十讲（上卷）
01049561, 9.0, 532, 俄国思想家
03283550, 9.2, 440, 西方政治思想史
01437686, 8.8, 640, 自由及其背叛
01262809, 8.8, 632, 近代的超克
05914497, 9.0, 512, 作为方法的中国
01033561, 8.7, 687, 文明论概略
25659944, 8.8, 611, 执拗的低音
01077499, 8.6, 753, 重寻胡适历程
01803230, 8.8, 601, 中国近三百年学术史
27136549, 8.7, 655, 思想史
10785860, 8.6, 727, 现代性
26576923, 9.1, 429, 重访灰色地带
05996560, 9.3, 355, 浪漫主义的根源 （新编版）
04241783, 9.2, 384, 历史的观念
01005567, 8.6, 689, 清代学术概论
27086102, 8.8, 559, 国王的两个身体
25817581, 9.3, 351, 维特根斯坦传（插图版）
05385877, 9.1, 419, 中国近代思想与学术的系谱
06854982, 9.0, 459, 《春秋》与“汉道”
24371383, 7.7, 2083, 中国国民性演变历程
24869831, 9.2, 376, 中国思想史（三卷本）
01315188, 9.1, 401, 印度佛学源流略讲
01025502, 8.9, 471, 哲学的故事（上下）
27094199, 9.5, 276, 法理学
10566979, 8.8, 514, 利维坦的道德困境
27039516, 9.3, 322, 傅斯年
26667007, 9.0, 418, 思虑20世纪
01040538, 8.2, 971, 中国哲学史大纲
25789370, 8.8, 498, 权势转移
03669748, 8.8, 491, 儒教中国及其现代命运
03546574, 8.7, 539, 扭曲的人性之材
06001356, 9.3, 309, 俄国思想家
01014006, 8.8, 486, 中国近三百年学术史（全两册）
26696386, 9.0, 389, 内在经验
04236917, 8.6, 573, 观念史研究
03117248, 8.4, 709, 中国近代思想史论
30240081, 9.4, 273, 印度佛教史
26004339, 9.3, 290, 伊西斯的面纱
01766308, 9.1, 343, 明夷待访录
25870783, 8.9, 409, 荣耀与丑闻
01484492, 8.8, 444, 20世纪思想史
06714961, 9.0, 368, 中国现代思想的起源
33435992, 9.4, 261, 思想史研究课堂讲录（增订版）
06152993, 9.2, 300, 当代政治哲学
03880817, 9.0, 356, 政治学说史（下卷）
30376593, 8.2, 811, 当下的启蒙
10877038, 9.0, 355, 光焰不熄
26136989, 8.2, 806, 王阳明大传：知行合一的心学智慧（全三册）
01024013, 8.5, 576, 风声·雨声·读书声
30197650, 8.8, 425, 致愤青
26955856, 9.0, 350, 思想的力量
03067148, 8.5, 565, 去政治化的政治
01794583, 8.6, 501, 中国方术正考
01488497, 9.1, 310, 中国政治思想史
11526216, 8.3, 682, 传播学史
03662234, 8.5, 546, 日本的思想
30287085, 8.7, 442, 心灵革命
25732836, 9.1, 303, 士与中国文化
06799474, 8.9, 361, 文化与社会
01432078, 8.1, 836, 历史的终结及最后之人
01795078, 8.4, 579, 民族与民族主义
27063506, 8.6, 467, 西方神秘学指津
26967794, 8.7, 420, 从卢梭到尼采
26303508, 8.3, 634, 现代主义
24298645, 9.4, 224, 唐宋“古文运动”与士大夫文学
01026942, 9.0, 312, 论戴震与章学诚
01821216, 8.4, 556, 古代中国文化讲义
25813100, 8.1, 778, 想象异域
01003828, 8.6, 449, 中国思想传统的现代诠释
01176241, 9.3, 239, 宗教思想史
01022915, 8.6, 441, 思想史的写法
01097745, 8.2, 671, 中国转向内在
26044319, 8.4, 538, 马基雅维里
25950191, 8.9, 324, 西方政治思想史（上下册）
06725981, 8.3, 589, 道可道
27661640, 9.3, 230, 现代政治的思想与行动
10571622, 8.8, 353, 知识分子的鸦片
27119301, 9.1, 270, 正统与华夷
06725979, 8.3, 583, 思辨的禅趣
01578541, 8.9, 320, 古代城邦
01034729, 8.9, 319, 开放社会科学
06852927, 9.4, 210, 中国政治思想史
30348379, 8.7, 382, 余英時回憶錄
24699353, 8.1, 721, 现代世界的诞生
26879371, 9.3, 223, 论道德的谱系
04726886, 9.1, 262, 走出帝王陵
06953288, 9.0, 285, 什么是政治哲学
20423475, 9.0, 285, 从理想主义到经验主义
02777035, 8.8, 336, 前车可鉴
33455183, 9.8, 150, 规训与惩罚
25910862, 8.8, 332, 责任的重负
10553731, 7.6, 1284, 中国思想与宗教的奔流：宋朝
30367976, 9.1, 252, 被拯救的威尼斯
03158094, 8.7, 360, 英国个人主义的起源
26979435, 8.7, 360, 东风
02377211, 9.5, 182, 明儒學案（上下）
01322413, 9.0, 270, 魏晋玄学论稿
05500746, 8.8, 322, 明夷待访录
26838822, 8.9, 290, 词与物
33393524, 7.5, 1418, 青年变革者
03128876, 8.4, 466, 反抗绝望
05401999, 9.2, 220, 君主论·李维史论
26924324, 8.6, 372, 天才的回声
27178776, 9.2, 218, 中国近代思想与学术的系谱（增订版）
01792738, 9.0, 257, 几位著名经济思想家的生平、时代和思想
01963430, 8.7, 336, 欧洲思想史
27623676, 9.1, 236, 郑天挺西南联大日记
02302817, 8.7, 335, 批判哲学的批判
02028991, 9.3, 199, 日知錄集釋全校本（全三冊）
10491609, 9.3, 198, 西方现代思想史
10581521, 8.9, 275, 西方人文主义传统
24878449, 9.6, 156, 胡适文集
02977078, 8.2, 534, 政治哲学与幸福根基
33450028, 8.0, 666, 天才为何成群地来
26902374, 8.8, 291, 知识分子论
02065347, 8.3, 474, 走出中世纪
34464687, 8.6, 349, 魔术师时代
26712445, 8.9, 259, 西方政治传统
26409445, 9.2, 200, 政治学说史（上卷）
06041368, 9.5, 159, 现代政治思想的基础（上、下卷）
26426501, 8.9, 255, 社会学主要思潮
06002242, 8.9, 253, 现代性的哲学话语
01783734, 8.2, 495, 现代性与后现代性十五讲
03510267, 8.9, 245, 殷海光林毓生书信录
26545443, 8.0, 601, 自由的基因
26726213, 9.2, 191, 说真话的勇气
01258239, 8.2, 479, 西方社会学理论(上)
06528928, 7.8, 758, 沉疴遍地
04898541, 8.5, 349, 近代中国的史家与史学
06717822, 8.5, 349, 中国思想史
03806060, 9.2, 188, 爱比克泰德论说集
01058031, 8.9, 240, 中国思想传统及其现代变迁
01352318, 9.2, 187, 知識的考掘
27060620, 8.7, 285, 观念的力量
26972587, 9.4, 160, 欧洲文学与拉丁中世纪
01393386, 8.8, 258, 主体解释学
34449286, 9.4, 159, 浪漫主义的根源
01905142, 8.6, 309, 中国意识的危机
21325488, 9.4, 158, 俄国文学史（上下卷）
01085540, 8.9, 234, 关于马基雅维里的思考
01313069, 8.3, 411, 我们是谁
01071153, 8.4, 371, 寻求富强
20445391, 8.5, 336, 思想史研究课堂讲录续编
33387411, 9.1, 196, 保守主义思想
26952818, 8.9, 228, 歷史中國的內與外
30176576, 8.4, 359, 美国秩序的根基
01768046, 8.6, 292, 从黑格尔到尼采
06959120, 8.7, 266, 拯救与逍遥
01253713, 8.7, 264, 基督教神学思想史
02149199, 8.7, 264, 世界历史沉思录
05325877, 8.8, 240, 风声·雨声·读书声
27092456, 8.9, 220, 电影理论解读
04230644, 9.0, 202, 分道而行
01881438, 9.3, 157, 经学抉原
06004595, 9.0, 198, 中国艺术精神
10769906, 9.0, 198, 中国历史通论
26627933, 8.0, 516, 宋明理学十五讲
01083055, 8.9, 214, 反潮流
26362918, 9.5, 135, 自然与希腊人 科学与人文主义
06002241, 9.2, 168, 现实感
01794589, 8.6, 276, 中国方术续考
26338430, 8.6, 276, 再造文明之梦
01045827, 8.6, 274, 方以智晚节考
01466180, 8.3, 366, 东汉生死观
22768133, 8.2, 405, 到芬兰车站
04269889, 8.7, 249, 宋明理学概述
30475747, 8.7, 248, 自由的声音
01315207, 8.6, 268, 古代人的自由与现代人的自由
27034364, 8.9, 206, 西方思想的起源
25906168, 8.3, 356, 论天人之际
32567709, 8.1, 434, 五四的另一面
10544782, 8.7, 240, 中国思想史
03410842, 8.5, 287, 继承与叛逆
01072632, 8.9, 201, 日本政治思想史研究
26960593, 8.5, 285, 追寻“我们”的根源
24870782, 8.4, 311, 青年王阳明
26718544, 9.3, 145, 世俗时代
22626002, 8.9, 197, 權力的毛細管作用
06062279, 9.3, 144, 现象学运动
03916132, 8.5, 279, 晚学盲言（上下）
02158882, 8.5, 277, 中国启蒙运动
30126977, 8.7, 231, 隐形书写
25705618, 9.1, 165, 马基雅维里时刻
06876957, 9.0, 177, 经济思想史
04071857, 9.3, 140, 魏晋玄学论稿
27070170, 8.7, 225, 雷蒙·阿隆回忆录
11595177, 8.6, 245, 理解媒介：论人的延伸
03034307, 8.3, 325, 现代中国思想的兴起（全四册）
26920424, 9.1, 161, 从封闭世界到无限宇宙
10606557, 9.0, 174, 论戴震与章学诚
01491505, 8.3, 323, 幽暗意识与民主传统
06946737, 8.5, 263, 当代中国的启蒙与反启蒙
30177153, 9.4, 127, 英国进步主义思想
06398616, 9.0, 171, 霍布斯与共和主义自由
01025390, 8.5, 262, 中世纪的知识分子
01228042, 8.5, 261, 革命与历史
26754368, 9.4, 124, 论德国宗教和哲学的历史
25813166, 9.3, 133, 无限与视角
04744011, 8.6, 233, “新启蒙”知识档案
01040267, 9.1, 154, 两汉思想史（共3册）
01132803, 8.2, 339, 最后的儒家
01278800, 8.6, 231, 晚明清初思想十论
25891303, 8.4, 273, 治大国
34897872, 8.9, 175, 分身
10606559, 9.0, 159, 现代危机与思想人物
04269887, 8.9, 172, 讲堂遗录
07055708, 8.1, 357, 中国转向内在
01013987, 8.4, 262, 古代中国的思想世界
27103919, 9.1, 145, 礼是郑学
01945986, 8.6, 218, 士与中国文化
06097219, 9.0, 156, 国学概论
01081454, 8.3, 284, 近代中国史学十论
01286969, 8.4, 258, 乱世潜流
34857216, 8.7, 196, 传统的发明
26665640, 9.3, 123, 教育思想的演进
01060196, 8.9, 166, 思想家
26235442, 9.4, 114, 在历史中寻找中国
01055823, 8.7, 194, 纵欲与虚无之上
30351729, 9.5, 106, 现代性的神学起源
02148369, 8.7, 193, 社会思想名家
25842833, 8.5, 229, 何為「中國」
05919715, 8.4, 251, 宋明理学
25864840, 7.7, 526, 且借纸遁
26677118, 9.5, 105, 世界历史与救赎历史
01220840, 7.5, 675, 1949年
26819270, 9.3, 119, 美利坚共和国的缔造
26900530, 8.6, 204, 王阳明与明末儒学
26586495, 8.8, 170, 隐公元年
04928309, 7.8, 448, 何处是“江南”？
26293622, 9.0, 145, 新编中国哲学史
01067336, 8.6, 200, 政治的浪漫派
01462854, 9.0, 144, 理想的冲突
26409446, 9.1, 133, 政治学说史（下卷）
30254388, 8.1, 318, 两个世界的战争
10618219, 9.3, 115, 文史传统与文化重建
25819927, 8.7, 182, 明清之际士大夫研究
01431142, 8.2, 287, 触摸历史与进入五四
04241792, 8.6, 197, 历史上的各个时代
01073304, 8.5, 215, 儒教中国及其现代命运
03017954, 8.4, 235, 晚清的士人与世相
04238024, 8.8, 166, 拉莫莱特之吻
05938326, 8.9, 153, 中国传统的创造性转化（增订本）
01009100, 9.0, 141, 近代政治思想的基础（上、下卷）
01053933, 8.7, 179, 现实感
26101106, 8.4, 232, 保守主义 （修订第三版）
30288945, 8.8, 164, 国家与自由
01813839, 8.7, 176, 世界历史与救赎历史
01048632, 8.5, 209, 西方战略思想史
34869664, 8.2, 275, 从“天下”国家到民族国家
10456435, 9.8, 80, 曾国藩全集（全叁拾壹册）
06885734, 8.8, 159, 迫害与写作艺术
25773436, 8.9, 146, 乱世潜流
03528067, 8.5, 203, 圣杯与剑
05924293, 8.5, 203, 中国的冲击
05924290, 8.9, 145, 中国前近代思想的屈折与展开
27620804, 8.5, 202, 撼动世界史的思想家格斗
25846419, 9.7, 83, 歷史與思想
27034240, 9.7, 83, 史学理论手册
10618224, 9.0, 133, 方以智晚节考
27072851, 9.4, 100, 中国古代思想史论
10416635, 8.1, 290, 文明·国家·大学
04046723, 8.6, 182, 想象与叙述
02240520, 8.4, 217, 启蒙的自我瓦解
26393887, 8.5, 195, 神文时代
27104145, 8.9, 140, 恶，或自由的戏剧
01084254, 8.4, 210, 俄罗斯思想
03091115, 8.7, 162, 自然法
01024840, 9.0, 128, 中国人性论史 先秦篇
03391913, 8.9, 137, 增订本中国禅思想史
21329729, 8.9, 137, 社会学主要思潮
26989588, 9.6, 84, 西方思想史
25816059, 8.5, 189, 神文时代
26104025, 8.4, 204, 启蒙时代（上）
01067025, 8.0, 298, 中国经学史十讲
26562299, 8.8, 144, 根本恶
26770396, 10.0, 65, 先秦政治思想史
10834107, 8.3, 220, 章太炎的思想
26556039, 8.2, 241, 未竟的往昔
01018822, 8.4, 200, 理念人
26904665, 9.4, 91, 东亚的王权与思想
01081828, 8.7, 150, 权势转移
25865397, 9.4, 90, 基督教神学思想史
26952234, 8.2, 232, 家国天下
01005755, 8.1, 254, 梁启超与中国思想的过渡（1890-1907）
34937365, 7.9, 311, 日本的世界观
30457516, 9.2, 102, 中国历史通论
01266306, 8.1, 250, 西方社会思想史
05924297, 8.9, 125, 美国革命的激进主义
25902442, 8.7, 146, 二十世纪以来的社会理论
26585194, 9.0, 116, 最美的哲学史
20282961, 9.6, 77, 科学革命的编史学研究
05914496, 8.4, 185, 中国的公与私·公私
24749708, 9.3, 92, 西方科学的起源
01038290, 8.3, 200, 政治中的理性主义
26690716, 9.7, 71, 老子注译及评介
06001357, 8.6, 153, 反潮流
24701792, 9.0, 112, 在康德与黑格尔之间
05269204, 8.5, 165, 西方法律思想简史
06862174, 9.0, 111, 宗教思想史
26706616, 9.0, 111, 启蒙时代（下）
01445727, 8.4, 179, 中国近代思维的挫折
01908264, 8.2, 213, 悬而未决的时刻
30157658, 9.6, 74, 哲学史方法论十四讲
26926081, 8.6, 148, 论政治
03598650, 8.5, 158, 管理思想史
26918957, 8.6, 145, 名山
30464903, 8.4, 171, 中国哲学十五讲
01661300, 8.7, 133, 世界范围内的反现代化思潮
26793242, 8.7, 133, 颠倒
19977784, 9.0, 106, 亚当·斯密以前的经济思想
27144126, 7.8, 300, 重塑中华
04742975, 8.7, 131, 法兰克福学派
27616062, 9.5, 75, 天下时代
01040689, 7.7, 334, 交锋-当代中国三次思想解放实录
34444786, 9.6, 69, 中国近三百年学术史（校订本）
06431967, 8.6, 137, 教会法与神圣帝国的兴衰
26865821, 8.5, 148, 文明的滴定
04170225, 9.4, 77, 自由四論
34822060, 9.3, 82, 法国知识分子史
27156964, 8.3, 175, 斯文
01051360, 8.7, 124, 死火重温
01265963, 8.7, 124, 从封闭世界到无限宇宙
01393220, 8.9, 106, 启蒙运动与现代性
03255979, 9.1, 92, 我的回顧與反思
01012407, 8.7, 123, 先秦诸子系年
26922905, 8.6, 133, 佛教征服中国
30197575, 8.3, 171, 梅贻琦西南联大日记
27112566, 9.0, 98, 何谓“现代的超克”
10571615, 8.9, 105, 法国大革命讲稿
01024765, 8.1, 203, 从结构到解构（上下）
27074696, 8.7, 121, 长青哲学
01419405, 9.5, 69, History of Political Philosophy
26692473, 8.2, 181, 儒学、数术与政治
04175464, 8.0, 218, 历史上的理学
11542537, 8.1, 198, 历史的历史
26765613, 9.0, 95, 马克思主义的主要流派
26394958, 8.5, 138, 战争留下了什么
03332889, 8.4, 149, 近代读书人的思想世界与治学取向
30152566, 8.0, 213, 萨满教
02237387, 8.7, 116, 基督教思想史
26589347, 9.2, 81, 经济学思想史进阶讲义
01665587, 9.0, 92, 现代性基本读本
34833943, 8.3, 158, 寻找亚洲
03175521, 8.5, 133, 鲁迅与终末论
27662715, 8.8, 105, 基辛格
26583162, 7.2, 510, 晚明大变局
30237846, 9.1, 84, 走出中世纪
04212270, 8.9, 96, 以色列与启示
34842532, 8.6, 120, 与神作战
03277725, 8.7, 111, 中世纪哲学精神
26697999, 8.0, 202, 看，这是哲学
26847734, 8.2, 166, 苏格兰
30329499, 8.5, 128, 历史•声音•学问
03144817, 8.6, 118, 基督教思想史
01446762, 8.8, 101, 鲁迅·革命·历史
02302600, 9.2, 76, Between Past and Future
02777125, 9.3, 71, 西方大观念（全二卷）
34835561, 7.6, 293, 战争时期日本精神史
03000263, 8.8, 99, 经济学是如何忘记历史的
05985553, 9.2, 75, 现代中国思想的核心观念
27005571, 9.5, 62, 朱子讀書法
26592275, 8.3, 145, 佛教对中国物质文化的影响
30376587, 9.2, 74, 叙事的虚构性
03360650, 8.0, 189, 中国思想之渊源
26956553, 9.4, 65, 剑桥十八世纪政治思想史
24704563, 8.9, 90, 思想的力量：智识之旅的非常规自传
34892525, 8.9, 90, 几何原本
26945182, 8.7, 104, 历史的天使
26271647, 8.6, 112, 经济思想史(第8版)
01909534, 7.7, 253, 中国传统文化十五讲
01074912, 8.0, 187, 胡适与中国的文艺复兴
01908337, 7.9, 205, 激变时代的文化与政治
01258516, 8.6, 111, 竹内好的悖论
24522416, 8.5, 119, 展望永恒帝国
03852114, 8.4, 129, 裂变中的传承
27002570, 9.1, 77, 贸易的猜忌
27187365, 9.1, 77, 禅思想史讲义
26800320, 9.0, 82, 殷海光林毓生书信录
26841150, 7.8, 221, 殊方未远
06094260, 9.3, 67, 朱子新学案
26901293, 9.4, 63, 牛顿研究
25897810, 9.5, 59, 现代西方美学史
03663036, 7.9, 197, “五四”九十周年祭
26981511, 7.9, 197, 浪漫主义革命
19964306, 8.2, 147, 脆弱的幸福
01063754, 7.8, 214, 屈服史及其他
10482767, 8.6, 105, 六朝精神史研究
06711737, 9.4, 61, 新青年
34997980, 8.7, 97, 耶路撒冷之前的艾希曼
30164563, 8.5, 112, 《格列佛游记》与古今政治
25795518, 8.7, 95, 中国思想史
10486207, 8.6, 102, 中国文化史通释
01022799, 7.9, 185, 经学、政治和宗族
27117556, 8.0, 168, 学术江湖
27074052, 9.3, 63, 尼采思想传记
01796754, 9.2, 67, 周予同經學史論著選集
26612253, 8.8, 87, 剑桥二十世纪政治思想史
25963607, 7.8, 202, 大争论
25716292, 8.9, 81, 18世纪哲学家的天城
26589428, 8.6, 100, 卢梭·康德·歌德
29957463, 8.3, 126, 启蒙运动
20282380, 8.9, 80, 德行、商业和历史
26733967, 9.4, 58, 经济增长理论史
02222685, 9.0, 74, 天演论
01813836, 8.6, 98, 中国史学史
30488073, 7.6, 240, 历史的叙述方式
04817827, 9.1, 69, 偶在论谱系
26678037, 8.4, 114, 中层理论
06097218, 9.0, 73, 两汉经学今古文平议
01858082, 8.6, 96, 什么是思想史
06026162, 8.6, 96, 中世纪政治思想史
01762024, 9.3, 60, 錢賓四先生全集（全54冊）
34922184, 9.6, 50, 西方政治思想史
26585390, 9.4, 56, 雅各布·克莱因思想史文集
30227133, 8.3, 120, 逍遥游
26919245, 7.5, 258, 哈佛中国哲学课
10453139, 8.7, 88, 以赛亚·伯林书信集
30162458, 8.7, 88, 政治的起源
27183693, 8.1, 141, 天下为学说裂
26103941, 9.0, 71, 帝国的话语政治
26796439, 7.4, 283, 惠此中国
25905691, 8.2, 128, 道出于二
26359688, 9.2, 62, 语录的思想史
25725209, 8.3, 117, 施特劳斯的真相
27085686, 8.6, 92, 大卫·休谟传
26272845, 8.6, 91, 新天下之化
26840661, 8.6, 91, 寻求富强
05414076, 8.4, 106, 启蒙如何起死回生
06121198, 8.4, 106, 西学东渐与晚清社会（修订版）
04908416, 8.5, 98, 幽暗意识与民主传统
26141487, 8.4, 105, 拷问法国大革命
25857699, 8.6, 90, 经济思想史
25953790, 8.5, 97, 跨语际实践
03173031, 8.9, 72, 中国现代思想史论
30140243, 8.9, 72, 希特勒传
01029701, 8.3, 112, 语际书写
05362618, 9.1, 63, 历史主义的兴起
03004812, 7.4, 265, 古典哲学的趣味
07163152, 8.2, 121, 柏拉图的政治理论
25963513, 8.4, 102, 合法性与正当性
01555929, 8.5, 94, 新民说
01589721, 8.5, 94, 十批判书
26896924, 8.6, 87, 关键词
06854378, 8.6, 86, 生物学思想发展的历史
01068968, 7.9, 153, 历史上最伟大的思想
02034675, 9.0, 65, 秦汉之际的政治思想与皇权主义
03096353, 8.5, 92, 皇权、礼仪与经典诠释
30255677, 9.4, 51, 西方政治思想的社会史：公民到领主
27602487, 8.5, 91, 中国思想史
33424495, 7.5, 224, 创世记
04064400, 8.1, 125, 叙事的转向
04293809, 9.0, 64, 邵雍集
25813115, 9.0, 64, 德国的历史观
25858691, 9.2, 56, 權力的毛細管作用（修訂版）
03865924, 8.1, 123, 唐代文士与中国思想的转型
25848086, 8.7, 77, 春秋左传精读
34834099, 8.1, 122, 俄罗斯文学
30267520, 8.5, 88, 思辨的禅趣
25881601, 8.9, 66, 余英时文集 第二卷
33462242, 8.9, 66, 东往东来
26908199, 8.1, 120, 明代士大夫的精神世界
27074704, 8.5, 87, 福泽谕吉与日本近代化
33378026, 8.1, 119, 灵知沉沦的编年史
35000681, 8.5, 86, 此时怀抱向谁开
20468767, 8.2, 108, 古代中国文化讲义
27070164, 8.2, 107, 文明史
01223052, 9.0, 60, 汉语中的马克思主义术语的起源与作用
26289557, 8.1, 115, 阿伦特手册
01000803, 7.6, 183, 中国现代思想中的唯科学主义
10537660, 8.4, 89, 希腊人和希腊文明
01690544, 8.5, 82, 后现代哲学思潮研究
02268026, 8.7, 71, 北宋文化史述论
25757301, 8.7, 71, 柏拉图与亚里士多德
26443908, 8.7, 71, 历史学家的经线
01116390, 8.3, 95, 二十世纪的政治哲学家
03410714, 8.0, 120, 古代思想文化的世界
26952318, 8.3, 93, 朝服
27056206, 8.3, 93, 结构主义
04735989, 8.7, 69, 世界图景的机械化
01427776, 8.2, 100, 西学东渐记
01450584, 8.5, 79, 中国文化之精神价值
27093926, 8.5, 79, 现象学
30438801, 8.8, 64, 新政治科学
01076060, 8.2, 98, 法兰克福学派史
34661927, 6.6, 582, 装腔指南
04712533, 8.4, 83, 庄子哲学及其演变
02302273, 8.2, 96, 甜蜜的暴力
01266771, 8.6, 71, 自由的所以然
30251645, 8.6, 71, 美國的反智傳統
01790996, 7.9, 123, 一个被放弃的选择
01704807, 8.7, 66, 爱因斯坦
01018311, 8.3, 88, 九十年代反思录
30426276, 8.0, 112, 浪漫主义
26694230, 8.0, 111, 文化与上帝之死
01661476, 8.6, 69, 主体弥散的空间
26727156, 8.6, 69, 关于爱国
26657828, 9.6, 38, 实践与理论
27074051, 8.1, 100, 义疏学衰亡史论
02141017, 8.7, 64, 严复集
10554016, 8.7, 64, 世界的重新创造
05289885, 8.2, 92, 超越分析哲学
05290521, 8.2, 92, 中国宗教、学术与思想散论
01067066, 8.0, 108, 殷海光与近代中国自由主义
26722463, 8.4, 78, 言不褻不笑
03239626, 8.1, 98, 中国与达尔文
26797535, 8.5, 72, 危机中的中国知识分子
10354491, 8.0, 106, 我们为什么要谈东亚
25839995, 7.8, 126, 柏拉图的本原学说
30246937, 8.3, 83, 日本的“近代”是什么？
30162456, 8.1, 97, 科学的意义
01706294, 8.7, 62, 中国人性论史
34918516, 8.7, 62, 从那霸到上海：在临界状态中生活
26597119, 9.3, 43, 第三共和国的崩溃
01596161, 8.5, 71, 中国现代学术研究机构的兴起
01011306, 8.6, 66, 中国思想通史 第一卷
33417194, 8.9, 54, 透明与障碍
25766901, 8.1, 95, 十字街头的知识人
24697399, 8.6, 65, 神学与哲学
30237835, 9.3, 42, 自由与多元论
27114165, 8.7, 60, 理学、士绅和宗族
25881113, 8.5, 68, 两汉思想史（全3册）
26275738, 8.9, 52, 现代中国思想的兴起
01007915, 8.3, 78, 18世纪哲学家的天城
26348834, 8.1, 91, 存在巨链
27056210, 7.5, 156, 希腊对德意志的暴政
03410744, 8.4, 72, 反现代派
26683669, 8.3, 77, 战后法国的存在主义马克思主义
27167496, 8.1, 89, 解放的悖论
01336608, 8.8, 54, 重尋胡適歷程
01460587, 9.1, 45, 阳明学士人社群
02105684, 8.1, 88, 近代中国与新世界
27086147, 8.7, 57, 利维坦的道德困境
26295966, 9.0, 47, 剑桥阿伦特指南
25863867, 9.3, 39, 中国思想史论集
24846812, 9.0, 46, 西方的敌与我
25982070, 9.0, 46, 扭曲的人性之材
30376588, 9.0, 46, 20世纪分析哲学史1
05285310, 9.1, 43, 自由与权利
34895563, 8.3, 72, 轴心时代
30338777, 8.1, 83, 耶鲁极简科学史
03221600, 8.4, 65, 隐匿的神学
26312980, 7.9, 95, 苏格拉底的审判
01552239, 8.6, 56, 有争议的知识
25750167, 7.7, 112, 纷争的年代
26153487, 8.8, 49, 德法之争
26590119, 8.1, 79, 哲学的起源
04712878, 9.0, 43, 质的量化与运动的量化
27598722, 8.7, 51, 字里行间的哲学
06973137, 7.7, 107, 中国古代宇宙观与政治文化
26934250, 9.0, 42, 界而治之
01903131, 8.4, 61, 科学精神的形成
30422628, 9.2, 37, 浪漫的律令
26412797, 9.4, 33, 世界文学史
02231175, 8.9, 43, 关于孔丘杀少正卯问题
01215736, 8.4, 59, 论道者
27044682, 8.3, 63, 艺术理论指南
04256407, 8.6, 51, 中国现代学术之建立
26842464, 8.8, 45, 烈士精神与批判意识
01741677, 8.0, 78, 中国革命中的无政府主义
21405283, 8.4, 58, 近代中国的思潮与人物
26806900, 8.5, 54, 梁启超与中国思想的过渡：1890-1907
03524661, 8.9, 42, 歐陽修的治學與從政
30487608, 9.6, 29, 经济情操论：亚当·斯密、孔多塞与启蒙运动
24844069, 8.4, 57, 中国学术之近代命运
01254514, 8.3, 61, 古代宗教与伦理
01624383, 8.8, 44, 史学经学与思想
04287520, 8.1, 70, 共鉴“五四”
04710396, 8.3, 60, 近代中日词汇交流研究
03057735, 7.8, 88, 另一个国度
26929906, 8.8, 43, 超越民族与历史
04164091, 7.7, 95, 秦史稿
26757715, 9.0, 38, 死亡、战争与献祭
02279273, 8.9, 40, 章太炎的思想
30283395, 9.3, 32, 希腊化、罗马和早期基督教
10474005, 8.5, 49, 中世纪的自由七艺
01273938, 8.2, 60, 功过格
30427424, 7.4, 117, 批判理论
30410171, 9.5, 28, 中山四讲
26657201, 8.7, 43, 论古代与近代的历史学
30435806, 8.8, 40, 启蒙
34437431, 9.2, 32, 全球史学史（第二版）
26998635, 8.4, 51, 蜜蜂的寓言
06425263, 8.6, 44, 天学真原
26613327, 9.5, 27, 思想与方法
30296723, 8.7, 41, 重审中国的“近代”
30394086, 8.0, 65, 20世纪西方人类学主要著作指南
27135197, 8.6, 43, 思想史中的日本与中国
34458781, 8.1, 60, 里帕图像手册
05298465, 9.0, 34, 重新思考中國革命
06901618, 8.3, 52, 现代性与后现代性
01313580, 7.6, 89, 中国道教史
27106795, 8.7, 40, 风声·雨声·读书声
04221977, 7.9, 69, 中国“女权”概念的变迁
26707594, 7.9, 69, 中国思想史讲义
25871624, 8.1, 59, 开端
03140385, 8.6, 42, 中国文人的自然观
30237462, 9.2, 30, 从存有到生活
34816658, 9.2, 30, 申不害
26716921, 8.9, 35, 想象与叙述
01491684, 8.1, 58, 当代中国的知识感觉与观念感觉
30404453, 9.1, 31, 时间的形状
27001404, 8.6, 41, 论《独立宣言》
33413090, 8.6, 41, 神学与科学的想象
26603091, 7.1, 136, 王有所成：习读柏拉图札记
20385154, 8.4, 46, 动机心理学
30425203, 9.7, 23, 玄学与魏晋士人心态
03251035, 8.3, 49, 晚清的新式傳播媒體與知識份子
34790040, 8.9, 34, 中国政治思想史
10862307, 9.5, 25, 简帛数术文献探论
01254204, 7.8, 70, 西学东渐与晚清社会
26663542, 7.9, 64, 义旨之争
05398734, 8.8, 35, 诠释与重建
19955793, 7.7, 74, 灵知派与神秘主义
30229214, 7.8, 67, 塞纳河畔的一把椅子
05989232, 9.5, 24, 俄国民粹主义及其跨世纪影响
34840696, 8.1, 53, 作与不作
01013074, 8.3, 46, 稷下学研究
30432513, 8.3, 46, 西方政治思想的社会史：自由与财产
20509382, 9.2, 27, 朱陆·孔佛·现代思想
26899512, 9.2, 27, 管理学中的伟大思想
26129238, 8.4, 42, 钱玄同日记（整理本）
02238300, 7.5, 82, 道教与中国文化
25881602, 8.5, 39, 余英时文集 第三卷
25933869, 8.9, 31, 变中前行
27620800, 8.4, 41, 占有性个人主义的政治理论
30283388, 9.8, 20, 文艺复兴与宗教改革
01043629, 7.7, 66, 保守主义
26897097, 7.7, 66, 马克思传（第4版）
30312386, 8.9, 30, 国王的两个身体
30231933, 7.2, 102, 现代主义
03287900, 7.9, 56, 生产（第六辑）
30133249, 8.2, 45, 上帝与罗马
07062224, 8.3, 42, 海权、革命与现代的诞生
34988763, 9.4, 23, 核心社会学思想家（第3版）
26687659, 8.8, 31, 中国“人文主义”的概念史（1901-1932）
30283639, 9.6, 21, 新秩序与最后的定向
34926094, 9.6, 21, 中国方术考（典藏本）
26906817, 8.4, 39, 江户思想史讲义
34917437, 9.7, 20, 涂尔干的道德科学
34442422, 7.3, 89, 安身立命
26694170, 7.4, 81, 文学批评史：从柏拉图到现在
26958425, 8.5, 36, 缺席与断裂
26610894, 7.9, 53, 孔子的学问
27913060, 8.2, 43, 美国社会科学的起源
34898782, 9.0, 27, 王阳明：一切心法（修订版）
25961833, 7.7, 61, 何谓现代，谁之中国？
34450849, 7.9, 52, 乌托邦的故事：半部人类史
20275791, 8.6, 33, 我們從未現代過
04925007, 9.4, 22, 史微
24522575, 8.9, 28, 征服美洲
26602421, 8.9, 28, 中晚明士人的讲学活动与学派建构
26960702, 8.0, 48, 社会学芝加哥学派
30124789, 8.1, 44, 堕落之海
24816065, 8.3, 38, 何炳棣思想制度史論
04023794, 7.5, 68, 中国文化的发展过程
30362670, 8.7, 30, 文明以止
03244613, 8.2, 40, 古代中国的思想世界
26704845, 8.7, 29, 五六世纪北方民众佛教信仰
26946079, 8.7, 29, 毛泽东读书笔记精讲
11516872, 8.4, 34, 沃格林革命
10782203, 8.1, 41, 制度化儒家及其解体
27092682, 8.5, 32, 陆王学述
01755924, 7.9, 47, 中國歷史轉型時期的知識份子
25863440, 8.3, 36, 儒学转型与文化新命
34873606, 8.3, 36, 拥彗先驱
26706373, 8.8, 27, 中国古代史学观念史
34879939, 8.8, 27, 成神
25889946, 8.2, 38, 被检验的人生
27600496, 7.8, 50, 文艺复兴时期的历史意识
05398178, 9.2, 22, 清代文字狱档
30215775, 9.3, 21, 道家形而上学研究
04282055, 8.7, 28, 比较视野中的概念史
24770124, 8.5, 31, 唐代的道教与天师道
30302974, 8.5, 31, 壶里春秋
34802158, 7.7, 52, 韦伯与马克思
26844056, 8.6, 29, 战后日本大众文化史(1945-1980)
06711952, 7.4, 65, 思想东亚
26184745, 8.3, 34, 自然权利诸理论：起源与发展
01281256, 7.7, 51, 东亚论
11632656, 8.0, 41, 重构世界
26387500, 9.1, 22, 气的思想
33463000, 9.7, 17, 欧洲思想的危机
34432576, 9.7, 17, 狄奥提玛的孩子们
30376589, 9.2, 21, 20世纪分析哲学史2
03802514, 9.0, 23, 佛教研究法 佛学概论
30431061, 8.2, 35, 概念的历史分量
26839381, 8.4, 31, 西方诠释学史
02327852, 7.4, 62, 章学诚的生平及其思想
34438212, 8.0, 39, 晚清士人的西学阅读史（一八三三～一八九八）
25903815, 7.7, 48, 现代中国思想研究
34873237, 9.6, 17, 《齐物论释》疏证
30248304, 8.2, 34, 理论的危机
04230280, 8.9, 23, 從「脫儒」到「脫亞」
34889806, 8.9, 23, 有机的现代性
30443118, 7.3, 65, 作为激情的爱情
03766744, 7.8, 43, 中国与达尔文
02375939, 7.9, 40, 中庸的思想
25897808, 8.3, 31, 白色神话
25839632, 7.5, 53, 从理学到伦理学
26897359, 9.0, 21, 变动不居的经典
30313602, 9.0, 21, 伯林书信集·卷二 启蒙岁月
34853849, 7.9, 39, 风雨鸡鸣
34858189, 8.5, 27, 渔人之路和问津者之路
27101995, 7.6, 48, 帝国的兴衰
26276772, 8.3, 30, 近代东亚翻译概念的发生与传播
27099207, 8.3, 30, 何炳棣思想制度史论
30386321, 8.4, 28, 中国政治的历史向度
01040665, 7.6, 47, 殖民者的世界模式
27197022, 8.0, 35, 清代儒家礼教主义的兴起
26272566, 7.8, 40, 十八世纪英国的大众政治
30295977, 7.9, 37, 章太炎的思想
03112032, 8.8, 22, 古代东亚哲学与科技文化
04772499, 7.6, 45, 文明社会史论
26854304, 8.1, 32, 清教徒的革命
30488940, 8.6, 24, 城邦变形记
27176370, 8.5, 25, 从普遍历史到历史主义
35024534, 9.8, 14, 形而上学俱乐部
25921125, 9.6, 15, 中国近代思想家文库·杜亚泉卷
33424336, 8.8, 21, 现代性与主体的命运
26870150, 6.9, 78, 中国经学史大纲
01624781, 8.7, 22, 佛教与儒教
26685295, 8.6, 23, 唐代文士與中國思想的轉型
26686996, 8.3, 27, 儒門內的莊子
30417764, 7.9, 34, 思想产业
26692610, 8.2, 28, 北辙
30260381, 8.4, 25, 人类学家的魔法
30283390, 9.5, 15, 宗教与现代性的兴起
04934308, 8.3, 26, 從文士到經生
01427274, 7.9, 33, 四类英才
26320763, 7.4, 47, 孙中山的活动与思想
06889513, 8.6, 22, 治政与事君
30283396, 9.3, 16, 中世纪（至阿奎那）
30319719, 8.2, 27, 匹兹堡学派研究
26706614, 7.7, 37, 德意志的乡愁
30255037, 8.4, 24, 休谟的日常生活哲学
33391912, 8.4, 24, 社会学家笔下的基督教史
03987270, 9.6, 14, 思想與人物
34446423, 9.6, 14, 首译之功
24845390, 7.9, 32, 欧洲民族思想变迁
25831269, 8.3, 25, 管理思想史（第六版）
04023786, 7.3, 48, 中国的自由传统
30283397, 9.2, 16, 中世纪晚期
30296442, 9.2, 16, 观念史论文集
10753663, 7.0, 62, 建国之惑
26744265, 8.6, 21, 朱子大传（增订版）
25791865, 7.2, 52, 改革时代的中国现代主义
26907046, 7.5, 41, 自由的基因
26253708, 8.5, 22, 亚洲概念史研究
26575684, 8.4, 23, 革命与抒情
34854044, 9.0, 17, 启蒙运动的纲领
27132296, 8.2, 25, 激情与行动
27205412, 8.0, 28, 启蒙与绝望
26918568, 9.1, 16, 自由·平等·博爱
30389788, 8.7, 19, 中国思想简史
10773012, 8.4, 22, 清代学术概论
30294067, 8.2, 24, 魏晋清谈
23778167, 8.1, 25, 亚洲概念史研究
27171264, 8.3, 22, 罗得岛海岸的痕迹
26913086, 8.5, 19, 中国的自由传统
30420959, 8.5, 19, 唐代中国的国家与学者
27187554, 9.6, 12, 王陽明年譜長編
03313818, 9.0, 15, 政治秩序与多元社会
34840594, 9.0, 15, 剑桥文艺复兴哲学史
26148713, 8.1, 23, 国家的神话
10509412, 7.8, 27, 梁启超·明治日本·西方
34687696, 9.1, 14, 政治思想简史
26393823, 8.2, 21, 中國近世的思想典範
26977351, 7.3, 37, 现代科学的起源
02321832, 8.9, 15, 中国思想学说史（共9册）
04130925, 9.2, 13, 战争与和平的权利
20366870, 8.8, 15, 異議的意義
26303598, 8.4, 18, 儒者思想与出处
06390084, 7.7, 26, 现代性之路
34978494, 8.9, 14, 古代晚期的权力与劝诫
26714719, 7.8, 24, 理学纲要
26797538, 7.8, 24, 容忍即自由——胡适的政治思想历程
33586387, 7.6, 27, 孔子之前
27119391, 7.1, 38, 人文学的历史
26804358, 8.4, 17, The Shipwrecked Mind
30382930, 9.0, 13, 「天下」作為意識型態
20258502, 7.4, 30, 转向自我
25878759, 9.2, 12, 现代基督教思想（第二版，上下）
10750351, 7.8, 23, 中世纪思想的演化
26863242, 9.4, 11, 东西均注释（外一种）
25741266, 8.4, 16, 近代的初曙
26967795, 7.4, 28, 古代思想文化的世界
27108626, 7.0, 37, 现代国际思想的根基
26281358, 8.8, 13, 当代法国思想五十年
06519747, 8.2, 17, 读史札记
26916638, 8.2, 17, 孙中山与“科学的时代”
34820900, 8.6, 14, 庄子的世界
26985060, 6.5, 54, 非理性的诱惑
02041238, 7.8, 20, 道学的病理
33437506, 6.4, 58, 皇帝的四库
26832571, 8.5, 14, 庄子的思想世界
30394157, 8.2, 16, 公共的男人，私人的女人
34434934, 6.8, 39, 天才时代
27060597, 8.8, 12, 马基雅维里与文艺复兴
26265540, 7.7, 20, 黑格尔之后的历史哲学
05406362, 7.2, 26, 思想自由史
25976006, 8.1, 15, 幻化之龍
30443325, 8.1, 15, 会通中西
30487643, 7.7, 18, 「五四」一百週年
01818995, 7.8, 17, 荆公新学研究
01260479, 8.1, 14, 身体：思想与修行
05301448, 7.2, 23, 进化主义在中国的兴起
30394972, 8.2, 13, 爱情与西方世界
33395982, 7.7, 15, 唯情與理性的辯證
26772715, 7.9, 13, 明末清初劝善运动思想研究（修订版）
30688684, 8.5, 10, 杂草集 西方思想史散论
02248895, 7.8, 13, 二十世纪法国思潮
34449281, 6.8, 22, 步行哲学家
01255208, 7.4, 15, 中国宗教思想史新页
01337975, 7.6, 13, 明代知识界讲学活动系年
30422570, 7.8, 11, 制造儒家
26985050, 7.3, 14, 中国社会和历史中的道教仪式
26388547, 5.4, 65, 民主中国如何选择
26831795, 7.4, 11, 病夫、黃禍與睡獅
26061028, 7.2, 12, 政治学说史（修订版）
34992150, 4.9, 11, 前期与后期
26904038, 0.0, 10, 儒家思想与中国历史思维
30417240, 0.0, 10, 朱熹：孔子之后第一儒
34440530, 0.0, 10, 日本的思想
34902368, 0.0, 10, 幻化之龙
01582740, 0.0, 11, 20世纪中国思想史
26972221, 0.0, 11, 卡尔·施米特在第三帝国
33658177, 0.0, 11, 黑色雅典娜：古典文明的亚非之根（第一卷）
05357189, 0.0, 12, 學衡派與五四時期的反新文化運動
34893713, 0.0, 12, 绝望与希望之外
30270581, 0.0, 14, 啟蒙、理性與現代性
