2020-07-05 16:00:03

number of books, tag name
995, 思维

ID, rating, votes, title
25985021, 9.1, 131610, 人类简史
33440205, 8.9, 60939, 你当像鸟飞往你的山
04242172, 8.1, 230388, 天才在左 疯子在右
01467022, 9.2, 22490, 上帝掷骰子吗
01775691, 8.4, 81346, 少有人走的路
01012611, 8.2, 98210, 乌合之众
01013208, 8.4, 63346, 如何阅读一本书
01786387, 8.6, 39606, 影响力
01033778, 8.3, 58352, 富爸爸，穷爸爸
01476651, 9.0, 17668, 社会心理学
26943161, 8.4, 41441, 未来简史
01949420, 9.4, 8771, 孙子兵法
26369699, 8.6, 26247, 被讨厌的勇气
03609132, 8.4, 35480, 把时间当作朋友
10786473, 8.2, 45623, 自控力
01032501, 8.8, 16314, 心理学与生活
06021440, 8.7, 18587, 黑客与画家
01102715, 9.1, 9675, 从一到无穷大
01291204, 9.4, 6399, 哥德尔、艾舍尔、巴赫
01056295, 8.2, 39845, 人性的弱点全集
05346110, 8.9, 11552, 穷查理宝典
05375620, 8.7, 15222, 失控
02328458, 9.1, 8451, 社会性动物
27608239, 8.4, 22260, 原则
01418180, 8.9, 10128, 思维的乐趣
33424487, 8.9, 9323, 时间的秩序
25961458, 9.3, 5228, 大问题
03697494, 9.1, 6558, 洞穴奇案
01048007, 8.2, 26141, 高效能人士的七个习惯（精华版）
10750155, 8.7, 10768, 数学之美
06709809, 8.4, 14209, 暗时间
05287474, 8.7, 8596, 影响力
03860856, 8.1, 22174, 可爱的洪水猛兽
03291111, 8.5, 11107, 富爸爸穷爸爸
06952036, 9.1, 4680, 对伪心理学说不
06811366, 8.3, 14266, 禅与摩托车维修艺术
04180711, 8.2, 16360, 拖延心理学
05325618, 8.4, 11282, 高效能人士的七个习惯
04953695, 7.8, 31692, 拆掉思维里的墙
01005576, 8.9, 5249, 影响力
05248516, 9.2, 3435, 改变心理学的40项研究
26831789, 8.7, 6450, 穷查理宝典
01216737, 9.0, 4238, 纯粹理性批判
10785583, 8.2, 13619, 思考，快与慢
01320282, 9.1, 3650, 什么是数学
30280804, 8.4, 9205, 薛兆丰经济学讲义
03223711, 8.1, 14880, 怪诞行为学
26061406, 9.1, 3409, 小狗钱钱
20428922, 8.3, 10345, 学会提问
25982198, 9.4, 2286, 社会心理学
02348372, 8.3, 9761, 野蛮生长
26304954, 9.6, 1760, 存在主义心理治疗
30259720, 8.1, 12984, 今日简史
01504957, 8.6, 5752, 学会提问
34836531, 8.8, 4254, 了不起的我
04864832, 9.3, 2288, 为什么学生不喜欢上学?
01115353, 8.3, 8674, 奇特的一生
01005354, 9.2, 2555, 逻辑哲学论
25986341, 8.1, 11494, 万万没想到
02277299, 8.4, 6924, 当下的力量
14439405, 8.9, 3428, 哲学的故事
26306686, 8.3, 7928, 创业维艰
26945094, 8.7, 4334, 未来简史
02143904, 8.8, 3715, 进化心理学
10799082, 8.7, 4226, 投资最重要的事
01322358, 9.0, 2851, 费马大定理
27094706, 8.7, 4183, 财富自由之路
25749845, 8.4, 6279, 把时间当作朋友（第3版）
01017180, 8.2, 8480, 定位
05320866, 8.3, 7136, 重来
26895993, 7.9, 13600, 刻意练习
10488619, 8.9, 3042, 洞穴奇案
26838557, 8.4, 5998, 智能时代
03834938, 8.3, 6915, 与神对话（第一卷）
01071023, 8.7, 3863, 谈谈方法
26275861, 8.5, 5082, 沟通的艺术（插图修订第14版）
27186106, 8.3, 6157, 心流
25782902, 8.1, 8361, 反脆弱
26297606, 7.5, 24549, 从0到1
26354200, 8.9, 2565, 华杉讲透孙子兵法
01317485, 8.7, 3272, 生命是什么
06749832, 9.0, 2221, 复杂
26666472, 7.2, 40333, 天才在左 疯子在右（完整版）
20507212, 8.0, 8158, 习惯的力量
01006614, 8.6, 3321, 我们内心的冲突
01020644, 8.1, 6844, 金字塔原理
10945606, 8.3, 4996, 精益创业
30379527, 8.9, 2241, 世界观（原书第2版）
05921213, 8.4, 4250, MBA教不了的创富课
03055719, 8.7, 2809, 经济学的思维方式（第11版）
02345548, 8.2, 5627, 学习之道（第2版）
33385402, 8.1, 6415, 事实
01193621, 8.5, 3390, 决策与判断
04051739, 8.7, 2601, 第五项修炼
01874488, 8.1, 6012, 别做正常的傻瓜
05171244, 8.5, 3336, 把时间当作朋友
10586741, 8.3, 4375, 关键对话
25863621, 8.0, 6894, 异类
02328178, 9.0, 1759, 态度改变与社会影响
02060491, 8.9, 1976, 逻辑学导论
26761696, 7.5, 16126, 精进
22994632, 8.9, 1928, 成功，动机与目标
20376550, 9.1, 1530, 科学革命的结构
03688489, 7.7, 10997, 异类
01034259, 8.6, 2775, 小逻辑
24758481, 8.6, 2708, 当下的力量（珍藏版）
04882120, 8.1, 5218, 金字塔原理
06754574, 8.9, 1770, Thinking
26593084, 8.3, 3750, 迷人的材料
25816940, 8.5, 2824, 富爸爸穷爸爸（最新修订版）
04243770, 8.5, 2815, 创新者的窘境
01322336, 9.0, 1528, 控制论与科学方法论
01183730, 8.5, 2808, 谈话的力量
26176538, 8.8, 1919, 被討厭的勇氣
26287453, 8.9, 1677, 这才是心理学（第9版）
34326931, 8.6, 2414, 掌控习惯
02124114, 8.8, 1869, 怎样解题
27139938, 8.7, 2066, 哲学·科学·常识
25870384, 8.3, 3401, 你的生命有什么可能
03381387, 9.1, 1268, 论持久战
10455982, 9.3, 1017, 什么是数学
03318174, 8.1, 4435, 这书能让你戒烟
26364209, 8.0, 5133, 那些古怪又让人忧心的问题
03025921, 7.7, 8383, 黑天鹅
01473250, 7.6, 9980, 魔鬼经济学
30144978, 8.0, 5071, 见识
27056409, 7.7, 8058, 深度工作
20492550, 7.7, 8029, 清醒思考的艺术
26582558, 8.0, 4864, 经济学通识
26686251, 8.8, 1655, 这才是心理学
30346218, 8.1, 4167, 态度
01135754, 8.1, 4120, 你的灯亮着吗?
06854525, 7.9, 5594, 黑天鹅
10773362, 8.1, 4094, 随机漫步的傻瓜
26431646, 8.9, 1433, 语言学的邀请
26692468, 8.3, 3035, 智识分子
01464593, 8.7, 1806, 目标
27167992, 8.1, 3911, 见识
03682204, 7.6, 8686, 佐藤可士和的超整理术
26747208, 8.0, 4474, 优秀的绵羊
30246268, 8.6, 1951, 给忙碌者的天体物理学
06718487, 8.4, 2515, 商业模式新生代
03134517, 8.3, 2869, Outliers
27593848, 8.3, 2836, 增长黑客
24748615, 8.3, 2828, 天幕红尘
01944205, 8.9, 1307, 追寻记忆的痕迹
10773358, 8.1, 3630, 意志力
34842793, 8.8, 1454, 薄世宁医学通识讲义
01400030, 8.6, 1840, 推理的迷宫
10828002, 7.9, 4849, 游戏改变世界
25942507, 7.5, 9419, 参与感
24753651, 8.3, 2658, Zero to One
26728136, 8.4, 2323, 非暴力沟通
10485011, 8.9, 1220, 穷查理宝典
26877306, 7.7, 6187, 微习惯
01084435, 8.4, 2177, 策略思维
25844144, 8.4, 2127, 一间自己的房间
03260902, 8.6, 1644, 智慧书
25847160, 8.7, 1456, What If?
20480823, 8.2, 2744, 幸福的方法
26314063, 7.9, 4231, 斯坦福极简经济学
04722180, 7.7, 5786, 谁动了我的奶酪?-纪念版
21966353, 7.6, 6793, 贫穷的本质
26895988, 8.0, 3574, 学习之道
06913343, 8.3, 2302, 理性乐观派
25783654, 7.4, 9514, 如何高效学习
11528220, 8.3, 2259, 系统之美
26952718, 7.7, 5486, 好好学习
25778829, 8.7, 1367, 明亮的对话
27078435, 7.8, 4607, 跃迁
03006742, 8.6, 1521, 改变
01277169, 9.0, 960, 古今数学思想（一）
25742296, 8.3, 2166, 有限与无限的游戏
05321463, 8.2, 2460, 沟通的艺术
05372651, 8.4, 1880, 程序员的思维修炼
04035330, 8.6, 1449, 研究是一门艺术
27154533, 7.6, 5879, 终身成长
30188003, 7.9, 3622, 为什么精英都是时间控
26178426, 7.5, 6939, 稀缺
03116096, 8.2, 2280, 象与骑象人
05914475, 7.9, 3496, 无价
27153484, 8.4, 1743, 富爸爸穷爸爸
04736118, 7.9, 3460, 结网
06965746, 8.2, 2236, 科技想要什么
27170672, 8.6, 1340, 财富自由之路
05387402, 8.8, 1052, 程序员修炼之道
26697774, 8.4, 1665, “错误”的行为
20434430, 8.0, 2834, 你要如何衡量你的人生
03550249, 8.8, 1032, 科学哲学
26284789, 8.6, 1294, 高效能人士的七个习惯
30353486, 7.8, 3736, 认知天性
26899701, 9.6, 453, 普林斯顿微积分读本(修订版)
04244859, 8.4, 1567, 超越金融
25779152, 8.2, 2005, 超级符号就是超级创意
20036150, 8.5, 1359, Principles
03138847, 7.9, 3013, 思考的技术
07057936, 8.4, 1482, 批判性思维
01077688, 9.1, 681, 逻辑新引・怎样判别是非
25807982, 8.5, 1304, 创新者的窘境(全新修订版)
26608585, 8.3, 1631, 重新定义团队：谷歌如何工作
26936065, 8.1, 2124, 请停止无效努力
01951547, 8.5, 1265, 像艺术家一样思考
03249247, 9.2, 595, 高观点下的初等数学
02979192, 8.8, 890, 矛盾论
10779597, 8.2, 1802, 思考的乐趣
04010185, 8.0, 2353, 哪来的天才？
01834728, 8.8, 872, 人工智能的未来
26380736, 8.4, 1370, 语言本能
34988734, 9.1, 618, 走出唯一真理观
26604224, 8.9, 751, 经济学的思维方式
06749472, 8.1, 1926, 赖声川的创意学
06429781, 9.0, 669, 诡辩与真相
24754537, 7.4, 5588, 简单的逻辑学
02147562, 8.6, 1018, 棋与人生
34864919, 8.8, 815, 写作7堂课
26324497, 8.0, 2098, 支付战争
10544307, 8.5, 1107, 自私的皮球
05263615, 8.1, 1826, 五天学会绘画
26634824, 8.6, 985, 投资最重要的事（全新升级版）
04931797, 8.4, 1240, 十四堂人生创意课
11601993, 8.1, 1802, 安静
26943381, 9.4, 437, 世界的苦难
26636765, 9.2, 518, 经济解释
26605978, 8.2, 1545, 超越智商
26331553, 8.5, 1067, 非暴力沟通
27039296, 8.3, 1354, 幸福的勇气
05402682, 7.4, 5080, 牛奶可乐经济学
27081974, 9.3, 465, 人生的智慧
04726323, 7.4, 4931, 一万小时天才理论
33438811, 8.7, 826, 为什么
25724948, 8.9, 668, 黑客与画家
02999785, 8.4, 1156, 塔木德
06687032, 8.7, 814, 经验的疆界
01059490, 7.6, 3441, 麦肯锡方法
25763679, 8.7, 808, 不确定世界的理性选择
27030775, 8.7, 798, 书读完了
02224879, 9.4, 401, 毛泽东选集
24697776, 8.1, 1601, 批判性思维工具（原书第3版）
26807400, 8.5, 977, 成功心理学
30244461, 8.1, 1567, 规模
26606009, 7.7, 2754, 精力管理
04903266, 8.3, 1207, 超越感觉
01863497, 9.0, 562, Beyond Feelings
30417612, 8.2, 1352, 非对称风险
06398075, 8.0, 1755, 一转念
26761859, 7.7, 2697, 精要主义
30164677, 8.5, 920, 我们为什么会生病
25775696, 7.6, 3055, 金字塔原理
03691437, 7.3, 5044, 思维导图
04846035, 7.5, 3563, 干法
25934182, 8.2, 1299, 如何阅读一本书
20260640, 8.1, 1471, 象与骑象人
01979199, 8.3, 1128, 批判性思维
03794450, 8.3, 1120, 细节营销
27081766, 8.0, 1639, 如何学习
30274068, 8.3, 1117, 经济学的思维方式
26307399, 8.8, 638, 吉尔莫·德尔·托罗的奇思妙想
30384279, 9.7, 282, DK博物大百科
26437349, 7.7, 2406, 消失的地平线
26704143, 8.6, 757, 把时间当作朋友(罗辑思维独家定制版)
02979191, 8.7, 680, 实践论
05325852, 7.9, 1776, 思考的技术
02054246, 8.0, 1526, 你的误区
30205907, 9.0, 493, Factfulness
26663916, 8.0, 1518, 沟通圣经
25886309, 8.3, 1035, 翻转课堂的可汗学院
25975454, 7.8, 1980, 九败一胜
10453121, 7.2, 5154, 下面，我该干些什么
26952828, 8.4, 906, 演员的自我修养
26412113, 8.4, 905, 机器人叛乱
27045965, 8.1, 1258, 有钱人和你想的不一样
30208077, 8.8, 561, 禅与摩托车维修艺术
25813579, 8.2, 1086, 让创意更有黏性
01013762, 9.1, 418, 怎样解题
02984241, 8.7, 612, 思维改变生活
10758030, 8.6, 674, 让孩子的大脑自由
26781120, 8.0, 1371, 优秀到不能被忽视
26336970, 9.4, 313, 理解漫画（第3版）
25881855, 8.4, 819, 大教堂与集市
11589951, 8.0, 1314, 长尾理论
25828158, 8.2, 1019, 瞬变
30161884, 7.6, 2299, 贫穷的本质
26348121, 8.3, 903, 由内向外看世界
25876611, 7.4, 3145, 引爆点
34997975, 8.4, 802, 文明、现代化、价值投资与中国
24878420, 7.7, 1945, 明智行动的艺术
30358753, 8.1, 1131, 掌控谈话
07061613, 8.4, 788, Steal Like an Artist
34907971, 7.8, 1674, 俞军产品方法论
07064561, 9.0, 425, Thinking Fast and Slow
26333850, 7.4, 3047, 罗辑思维：成大事者不纠结
03986188, 9.3, 321, 小逻辑
01134230, 9.2, 348, 数学与猜想（第一卷）
26835090, 8.0, 1243, 软技能
04822145, 8.7, 556, 创新者的解答
03585473, 8.1, 1085, What I Wish I Knew When I Was 20
24745639, 7.6, 2149, 麦肯锡教我的写作武器
27101562, 7.9, 1396, 高手
26260187, 7.6, 2131, 零秒思考
01500045, 8.6, 601, 猜想与反驳
04816212, 7.4, 2807, 真希望我20几岁就知道的事
33442259, 7.9, 1339, 倦怠社会
26712787, 8.1, 1033, 可爱的诅咒
30365007, 8.0, 1155, 重新理解创业
06431982, 9.1, 352, 说理
04263247, 8.4, 703, 为什么大猩猩比专家高明
30309613, 8.3, 786, 自私的基因
26917969, 9.3, 292, 华杉讲透《孙子兵法》（修订版）
06710983, 8.1, 983, 我最想要的记忆魔法书
05359838, 7.9, 1259, 快速阅读
01077427, 8.6, 554, 狮城舌战
30418697, 7.0, 5144, 变量
30335756, 8.3, 756, 我是个怪圈
34984693, 8.1, 956, 剧变
03065652, 8.0, 1082, 像艺术家一样思考Ⅲ:贝蒂的色彩
27047949, 8.4, 660, 学习之道
20280796, 8.6, 530, 快思慢想
06021913, 9.2, 302, Beyond Feelings
05346017, 9.0, 359, 博弈论
30232245, 8.5, 586, 神经的逻辑
27170483, 8.0, 1036, 朋友圈的尖子生
05906066, 8.2, 811, 请理解我
30376593, 8.2, 811, 当下的启蒙
27601926, 7.8, 1344, 斯坦福大学人生设计课
01100657, 8.1, 912, 统计陷阱
01676611, 7.6, 1768, 魔鬼经济学1
26594366, 8.1, 906, 魔鬼数学
30171338, 8.8, 425, 复杂
34876107, 7.9, 1165, 无处安放的同情
26652329, 8.2, 803, 失控
27614523, 7.5, 2034, 刷新
26600363, 9.4, 248, 失去的胜利
04238931, 7.3, 2711, 麦肯锡方法
30489331, 7.7, 1465, 能力陷阱
11603298, 8.0, 979, Learn More
01021977, 7.7, 1453, 思考致富
30289559, 9.4, 241, 逻辑新引·怎样判别是非
04012040, 8.4, 604, 妙趣横生博弈论
26915104, 8.0, 948, 你凭什么做好互联网
26913479, 8.8, 396, 华杉讲透《论语》
26145094, 7.7, 1399, 结构思考力
02283961, 8.9, 357, 相对论
07067149, 8.8, 391, 认知心理学及其启示
02249558, 8.3, 651, 光环效应
11632344, 8.5, 521, 走出思维的误区
27029547, 8.0, 916, 人人都是产品经理2.0
26910859, 7.9, 1038, 冥想
01028372, 8.0, 914, 要事第一
04926595, 8.6, 467, 醉汉的脚步
26656532, 7.3, 2444, 最重要的事，只有一件
26583357, 8.0, 887, 理性乐观派
30367215, 8.8, 372, 脑与意识
26816874, 8.1, 776, 理解未来的7个原则
26308014, 7.4, 2002, 联盟
34442149, 8.2, 672, 清醒思考的策略
04032570, 8.5, 483, 进化的大脑
26911425, 7.7, 1249, 练习的心态
01850407, 9.2, 253, 数学的发现
25846075, 7.9, 954, 技术的本质
30242492, 8.1, 745, 人类的明天
07051113, 8.7, 391, 优势谈判
25913619, 7.8, 1074, 理性动物
03717183, 7.5, 1625, 餐巾纸的背面
26267406, 8.9, 321, 逻辑学导论（第13版）
26865498, 8.2, 650, 医治受伤的自信
01050510, 7.3, 2185, 六顶思考帽
25772550, 7.4, 1867, 你的灯亮着吗?
26948875, 7.9, 929, 思维力：高效的系统思维
03248660, 8.3, 579, 语言的魔力
27110421, 7.9, 925, 先发影响力
26877827, 7.8, 1046, 合适
26851515, 7.4, 1837, 细节
26294673, 7.3, 2130, 自由在高处（增订版）
26779688, 8.0, 798, 做出好决定
02253513, 8.2, 631, 时间管理
04246667, 7.7, 1166, 粘住
27119594, 7.5, 1538, 实用性阅读指南
03462267, 8.6, 407, 占有还是存在
24838618, 8.7, 367, 反脆弱
06510688, 8.0, 775, 看见成长的自己
30340107, 7.9, 876, 直觉泵和其他思考工具
01232071, 8.7, 365, 如何求解问题
11592003, 8.1, 684, 不得贪胜
27129563, 8.3, 539, 用户思维+：好产品让用户为自己尖叫
24523169, 7.9, 857, 策略思维
03837280, 8.1, 670, 黑天鹅
26872634, 8.1, 668, 思辨与立场
26334907, 8.8, 323, 拍出绝世美姿
34799998, 7.9, 846, 格局
27077719, 8.0, 744, 黑匣子思维
27178870, 9.1, 244, 格鲁夫给经理人的第一课
24859467, 8.4, 464, 谁说了算？
34893628, 8.4, 464, 模型思维
26942707, 8.7, 344, 游戏化实战
03371227, 8.1, 642, Mindset
04905966, 9.0, 262, 時空之外
30489754, 8.0, 718, 你有你的计划，世界另有计划
33387422, 7.4, 1601, 后真相时代
27204181, 7.5, 1376, 赋能
25755874, 7.5, 1366, 运动改造大脑
26296233, 8.2, 560, 重塑大脑，重塑人生
30422684, 8.8, 303, 品牌设计法则
26591877, 9.6, 159, 微观经济学
01065156, 8.4, 441, 我生活的种种模式
25804890, 7.2, 2077, 疯传
26593192, 8.3, 486, 思想本质
10484712, 7.6, 1136, 驱动力
34863179, 7.9, 767, 好好思考
01315575, 8.3, 483, 找寻逝去的自我
30296440, 9.3, 193, 数学简史
30314653, 6.6, 6161, 韭菜的自我修养
24862722, 8.2, 531, 链接
10788371, 6.9, 3371, 清单革命
26839427, 7.7, 965, 慢思考：大脑超载时代的思考学
25779342, 7.5, 1270, 麦肯锡教我的思考武器
25732463, 7.7, 964, 淘宝十年产品事
27041645, 8.1, 589, 百万富翁快车道
26649613, 8.2, 526, Deep Work
34451688, 8.2, 525, 人生护城河
20261700, 8.1, 587, 好战略，坏战略
26934266, 8.7, 315, 人类活动中的理性
25963469, 8.4, 422, 好好讲道理
27038446, 7.6, 1089, 如何不喜欢一个人
21346249, 7.6, 1085, 选择的悖论
01430203, 8.9, 262, 系统的哲学
02124368, 8.8, 286, 证明与反驳
34852768, 8.7, 313, 高效学习7堂课
27045616, 8.2, 518, 习惯的力量
30310479, 8.8, 284, 态度改变与社会影响
26806961, 7.9, 726, 社交天性
20268173, 9.0, 238, 教育的目的
33378880, 8.4, 415, 学会提问（原书第11版）
33385896, 8.1, 573, 技术垄断
27609678, 7.1, 2270, 小学问
05417235, 7.9, 722, 失败的逻辑
02986872, 7.2, 1921, 简单的逻辑学
26742180, 8.1, 569, 心智探奇
26992478, 8.3, 456, 《穷查理宝典》（珍藏版）
26278795, 7.8, 812, 批判性思维（原书第10版）
27078238, 7.9, 712, 写作课
26374572, 7.7, 913, 查理·芒格的智慧
34803015, 8.1, 561, 人生模式
04137809, 7.7, 903, 让大脑自由
26904600, 8.8, 275, 商业模式新生代
05910460, 7.4, 1365, 看不见的大猩猩
33410480, 8.9, 251, 想象力构图与创作思维
25731751, 7.7, 897, 99%的新人，没用心做好的50件事
01007073, 8.0, 618, 语言本能
03349509, 8.7, 299, 科学发现的逻辑
06801742, 7.4, 1351, 人生定位
27062574, 7.8, 784, 坚毅
24318966, 8.1, 548, 我在哈佛的最后一堂课
30347596, 7.4, 1346, 对赌
06522698, 7.5, 1159, IDEO，设计改变一切
07007666, 7.0, 2516, 认知盈余
01137278, 8.5, 355, 系统化思维导论（银年纪念版）
19945741, 7.9, 680, 趋势的力量
26184242, 8.4, 390, 无穷的开始
02368126, 7.9, 673, 思考致富
30322083, 7.9, 669, 行为设计学(打造峰值体验)(精)
30325730, 8.3, 427, 新生——七年就是一辈子
30256364, 7.7, 852, 精准表达
01230437, 8.1, 526, 咨询的奥秘
26683846, 8.1, 526, 如何学习
27153403, 9.2, 188, 新世界：灵性的觉醒（精装修订本）
26753478, 7.2, 1743, 神逻辑
03370214, 8.1, 524, 深奥的简洁
30415402, 7.3, 1484, 断舍离（2019年新版）
30186025, 8.0, 578, 风格感觉
30270219, 7.4, 1250, 恶的科学
26258214, 8.1, 512, 理念的力量
25905229, 8.6, 307, 竞争战略
26925467, 8.4, 371, 白板
10797165, 9.2, 183, Thinking
01134231, 9.2, 180, 数学与猜想（第二卷）
04030556, 8.6, 298, 哈佛经典谈判术
05399343, 7.8, 702, 论证是一门学问
26892353, 7.8, 697, 蜥蜴脑法则
30400712, 7.8, 697, 巨人的工具
25836383, 7.9, 613, 真相
26293220, 7.6, 894, 像TED一样演讲
33444642, 7.4, 1170, 麦肯锡精英高效阅读法
26298694, 8.4, 353, 系统化思维导论
33420594, 6.8, 3105, 成事
04758385, 8.0, 535, 要么拯救世界，要么滚回家！[英汉对照]
01867455, 7.8, 677, 像外行一样思考，像专家一样实践——科研成功之道
11445551, 7.7, 765, 谈判力
01083156, 8.1, 473, 关键对话
03022640, 8.0, 528, 逻辑学十五讲
01001737, 7.9, 592, 失败的逻辑
25927569, 8.3, 381, 设计方法与策略
01156866, 7.9, 589, 系统思考
26285299, 7.9, 587, 创造力
05311622, 8.6, 282, 蓝海战略
05063384, 7.5, 969, 思考的艺术
30418117, 8.6, 278, 因计算机而强大
34908495, 8.9, 213, 大图景
03837299, 8.1, 458, 黑天鹅的世界
25744065, 8.0, 509, 决断力
34858308, 7.1, 1723, 读懂一本书：樊登读书法
26702646, 8.9, 210, Never Split the Difference
25905227, 7.4, 1074, 你的生存本能正在杀死你
35048568, 8.7, 248, 如何不切实际地解决实际问题
03354596, 8.6, 268, 创新算法
30131971, 8.5, 292, Factfulness
27131763, 6.9, 2278, 如何有效整理信息
26741236, 8.1, 433, 推理的迷宫
26823208, 7.6, 784, 离经叛道
26871359, 7.5, 891, 清醒思考的艺术
27031860, 8.7, 239, Why Buddhism is True
27000191, 7.7, 685, 自下而上
27197865, 7.5, 888, 简单统计学
26276832, 8.5, 285, 超越感觉
30263503, 8.6, 259, 真確
25785829, 8.0, 468, 咨询的奥秘
34678463, 7.7, 667, 重来也不会好过现在
24325339, 7.4, 988, 全新思维
26853123, 7.0, 1820, 深阅读
26656350, 8.1, 415, 增长的本质
25849758, 7.7, 655, 富足
30238047, 8.1, 412, 思维的发现
26919762, 8.0, 448, 畅销的原理
30229508, 8.1, 399, 统计学关我什么事
34432673, 8.8, 205, 自学是门手艺
26847674, 8.0, 444, 狡猾的情感
27043167, 8.2, 356, 创业就是要细分垄断
01545830, 7.9, 493, 形式逻辑
35006892, 9.4, 128, 程序员修炼之道(第2版)
30367953, 7.6, 709, 专家之死
26828205, 7.1, 1444, 一本小小的蓝色逻辑书
01563766, 9.2, 147, 猜想与反驳
30259509, 7.6, 685, 未来世界的幸存者
34901765, 8.1, 381, 巴拉巴西成功定律
25788948, 8.0, 424, 错不在我
25885921, 7.5, 774, 摩托车修理店的未来工作哲学
26743071, 7.2, 1181, 学会学习
26827314, 7.5, 771, 逆向管理
30197730, 8.6, 232, 焦虑症与恐惧症手册
30303814, 8.8, 195, 周末速写
27167590, 9.4, 123, 想透彻
07154320, 7.5, 759, 与爱因斯坦月球漫步
26901046, 8.2, 336, 穿过迷雾
34870061, 7.7, 586, 超级转化率：如何让客户快速下单
01626948, 8.6, 228, 视觉思维
30458408, 7.2, 1145, 逆商
33395019, 7.4, 855, 低风险创业
28551589, 7.6, 655, 有效学习
26616951, 7.9, 456, WOOP思维心理学
27174411, 7.8, 511, 思维简史
04201118, 8.0, 407, 我们如何思维
30047160, 7.8, 510, 洞察：精确观察和有效沟通的艺术
33420587, 8.6, 225, 漫画算法：小灰的算法之旅
26866955, 8.5, 246, 最小阻力之路
24872278, 7.1, 1306, 信号与噪声
33394561, 9.1, 148, 马文·柯林斯的教育之道
30422818, 9.2, 136, 高效能人士的七个习惯（30周年纪念版）
26700929, 8.1, 356, 知鱼之乐
26646553, 7.7, 558, 指数型组织
30133649, 8.4, 262, 第五项修炼①
20493300, 8.2, 318, 高效能人士的执行4原则
27081224, 7.8, 491, 学会提问
27178073, 7.4, 811, 知识的错觉
26987022, 7.5, 707, 哈佛的6堂独立思考课
01195595, 8.8, 182, 人工科学
27093280, 6.8, 2038, 认知突围：做复杂时代的明白人
30337311, 8.1, 346, 多向思考者
26108557, 8.2, 312, 洞见远胜创意
25838364, 7.3, 911, TED演讲的秘密
27055728, 6.8, 1995, 如何成为一个有趣的人
30171324, 9.1, 141, 脑中魅影
26953726, 7.8, 469, 好奇心
24697576, 7.5, 677, 第3选择
27619988, 7.4, 771, 发现心流
30128227, 7.5, 664, 助推
06761174, 7.6, 576, 身边的逻辑学
01022147, 7.5, 646, 管道的故事
04022709, 7.4, 736, 助推
30324950, 7.3, 840, 像艺术家一样思考
35005013, 8.8, 169, 想点大事
26844959, 7.1, 1117, 学会花钱
27137525, 7.3, 833, 墨菲定律(经典收藏版)
26848745, 7.7, 495, 转行
25818674, 8.2, 285, 创意的生成
30155731, 7.5, 628, 算法之美
26830108, 7.8, 436, 疯传：让你的产品、思想、行为像病毒一样入侵（全新修订版）
21868971, 8.4, 234, 隐藏的自我
10744971, 8.7, 179, 吸引力法则
27074585, 8.9, 152, 重新定义推销 好Pitch让客户和投资人主动找你
25873066, 6.9, 1483, 麦肯锡工作法
26969935, 6.8, 1747, 故事思维
10864488, 8.2, 279, 心智的构建
33375419, 7.5, 613, 是谁出的题这么难，到处都是正确答案
03761236, 7.4, 697, 启动大脑
34848957, 7.4, 695, 格局
06718052, 8.1, 306, 从“为什么”开始
20480879, 7.3, 792, 思考的艺术
26936260, 6.7, 2050, 斜杠青年
30230791, 8.3, 249, 人生有趣
25742292, 8.1, 300, 创新者的解答
34906885, 7.3, 771, 让时间陪你慢慢变富
30310710, 8.2, 269, 七堂思维成长课
25926823, 8.4, 222, 智能时代
26788824, 9.6, 89, 数学家讲解小学数学
34888157, 8.0, 326, 十分钟冥想
26895197, 7.1, 1011, The Subtle Art of Not Giving a F*ck
26878947, 6.9, 1384, 我不过低配的人生
26673111, 8.4, 220, MR.HUA创业手记
01599035, 8.4, 219, 简捷启发式
01472294, 8.9, 143, 逻辑学
26938710, 9.1, 123, 系统架构
20480678, 6.9, 1356, 逆转
10740449, 8.0, 318, 关键冲突
34846515, 7.7, 443, 人的全景
27084151, 7.6, 499, 逻辑思维（MBA轻松读）
30400047, 9.1, 121, Can&#39;t Hurt Me
06794015, 7.6, 492, 太傻天书
30267664, 7.5, 555, 深度思维
26971306, 8.1, 281, 股市稳赚
30415984, 8.0, 311, 崩溃
30309385, 7.7, 432, 为什么精英这样用脑不会累
30217981, 7.1, 948, 故事经济学
25863575, 8.7, 160, 不是读心术不是心理学不是魔法
20485924, 8.3, 227, Give and Take
32312914, 7.6, 477, 如何结交比你更优秀的人
27175821, 9.3, 102, 自主教养
04235591, 7.9, 338, 团队协作的五大障碍
27169700, 7.8, 377, 高手
27194818, 7.4, 604, 请停止无效社交
26379069, 7.1, 913, 麦肯锡入职培训第一课
04292525, 8.6, 170, 进化思维
30285992, 7.8, 366, 终身幼儿园
27054637, 7.0, 1042, 隐性逻辑
33590444, 9.1, 114, 生命与新物理学
11517171, 8.5, 183, 创意，是一笔灵魂交易
34990216, 8.5, 182, 精益商业思维
26309534, 7.9, 323, 沃顿商学院最受欢迎的成功课
30383926, 8.1, 260, 表象与本质
24298931, 7.0, 1011, 专注力
25712496, 8.1, 258, 数据化决策
27156385, 7.4, 568, 极简思考
27613063, 7.2, 743, 读书是一辈子的事
27196897, 7.4, 566, 高情商聊天术
33438841, 8.5, 176, 有限与无限的游戏
30223287, 6.7, 1607, 好的爱情
26413204, 6.2, 4319, 聪明人用方格笔记本
26357680, 7.2, 719, 助推
26631269, 8.6, 158, 洛克菲勒写给儿子的38封信
10517695, 6.7, 1558, 你以为你以为的就是你以为的吗
25976937, 8.3, 205, 德州扑克小绿皮书
30398402, 9.6, 77, 经济解释（二O一九增订版）
35060315, 7.4, 541, 向上生长
35023259, 9.6, 76, 这才是心理学（第11版）
30391910, 8.2, 219, 行为设计学
34793488, 7.4, 527, 认知红利
01664817, 8.6, 153, 我们怎样思维·经验与教育
30234603, 7.4, 523, 任天堂哲学
25813568, 9.6, 75, 概率论基础教程（原书第9版）
04258923, 9.0, 111, 穿越歧路花园
03527725, 8.5, 163, 决策思维
27174024, 7.0, 888, 混乱
26692612, 7.5, 450, 思考的要诀
26789270, 8.4, 177, 独立思考
25854698, 8.0, 257, 微创新
03248694, 8.3, 190, 不确定状况下的判断
33425193, 7.8, 311, 原因与结果的经济学
30205922, 7.6, 389, 如何获得真正的财富
03115238, 7.9, 279, 如何听如何说
03655164, 8.9, 115, 战略
33419167, 7.8, 307, 你有你的计划，世界另有计划
26651699, 8.7, 133, 罗伯特议事规则
26585403, 7.6, 375, 取悦症
34805727, 7.0, 823, 认生的人
26983819, 7.2, 614, 痛点
26276471, 8.0, 241, 大脑的情绪生活
26838508, 7.3, 532, 具身认知
30210444, 7.6, 365, 高维度思考法
27625595, 8.9, 110, 未发现的自我
30393557, 7.3, 524, 高度敏感的力量
01288386, 8.5, 149, 理与人
26786537, 8.1, 213, 智识的生产技术
27131703, 6.5, 1816, 爆裂
26580132, 8.0, 234, 学习的本质
27056780, 6.5, 1787, 生而贫穷
20616993, 6.3, 2607, 洗脑术
27200412, 8.4, 158, Skin in the Game
02021604, 8.5, 145, 管理决策中的判断
33439323, 6.8, 1037, 精进2
26891410, 8.2, 188, 魔鬼经济学系列
30423363, 7.7, 311, 怪诞脑科学
06510682, 8.0, 227, 脑的阅读
34464280, 8.7, 123, 被左右的独立思维
11160553, 7.1, 654, 你的第一本思维导图操作书
27014998, 7.5, 388, 高效的秘密
26422177, 7.4, 438, 轻松学会独立思考
30213785, 7.9, 249, 复杂经济学
26695338, 7.7, 307, 麦肯锡教我的谈判武器
27080999, 9.6, 66, 逻辑与哲学
27028523, 6.2, 3070, 好的孤独
26169876, 7.4, 429, 逻辑思维，只要5步
30244208, 7.6, 337, 5分钟商学院•个人篇
27202452, 7.7, 301, 我减掉了五十斤
26419762, 8.0, 220, 成为技术领导者
26665995, 8.8, 110, 潜力量
26979305, 7.3, 477, 牛奶可乐经济学
34791926, 7.5, 371, 闪电式扩张
30354703, 7.7, 295, 学习力：颠覆职场学习的高效方法
26279954, 7.0, 711, 知识的边界
33384512, 9.4, 72, 行為
30326144, 8.1, 194, 多样性红利
27192185, 8.7, 116, 陶哲轩教你学数学
30289880, 7.6, 323, 生而不凡
25862775, 6.9, 805, 游戏化思维
26285117, 9.1, 86, 立场——辩证思维训练（第一辑）（Taking Sides系列）
27029104, 7.2, 519, 一页纸创意思考术
34841405, 7.9, 230, 与恶魔对话
27021541, 8.4, 145, 内在生命：精神分析与人格发展
34879183, 8.0, 208, 深度说服
30211863, 8.9, 98, 系统的哲学
26749968, 7.2, 514, 超预测
27030307, 8.1, 188, 重塑组织
26936242, 7.1, 585, 内向者沟通圣经
33376035, 7.3, 446, 跨界学习
27618864, 7.7, 277, 中间人经济
02046213, 6.9, 766, 世界上最神奇的24堂课
30230632, 8.2, 167, 哈佛商学院最受欢迎的领导课
30365747, 8.0, 201, 解决问题的三大思考工具
33463340, 7.3, 434, 论大战略
26675645, 8.2, 166, 愚昧者的愚昧
30206813, 7.4, 378, 科学学习
30336828, 8.8, 101, 神奇的逻辑思维游戏书
03160742, 8.6, 117, 管理的真相
01226635, 8.5, 126, 思维方式
26236962, 8.0, 194, 改变提问，改变人生（原书第2版）
34840609, 7.4, 368, 广场与高塔
30335973, 8.5, 124, 魔球
35082292, 8.7, 106, 学习究竟是什么
30218245, 8.1, 172, 你要如何衡量你的人生
34892525, 8.9, 90, 几何原本
03216250, 9.3, 69, 认知、脑与意识
26928018, 8.2, 155, 注意力曲线——打败分心与焦虑
33400228, 8.0, 184, 论证是一门学问
26677472, 8.4, 129, 妙趣横生博弈论 (珍藏版)
30284342, 7.6, 276, 如何用数据解决实际问题
33391219, 8.0, 181, 金字塔原理
30390604, 7.9, 199, 行为设计学
26990027, 8.7, 100, 策略思维
27171481, 7.7, 242, 平台革命
26832523, 7.9, 197, 完全图解超实用思考术
30391099, 7.8, 217, 脑与阅读
06983584, 7.8, 215, 怎样解题
20507211, 7.2, 426, 创新者的基因
33383873, 8.3, 135, 全脑演讲
26596465, 7.6, 264, 向上管理
34822813, 7.5, 295, 规划最好的一年
30265798, 7.8, 213, 去当你想当的任何人吧
30134794, 7.7, 233, 天才假象
27104113, 7.4, 325, 逻辑思维
26703735, 8.3, 132, 认知心理学：认知科学与你的生活(原书第5版)
26335793, 8.5, 112, 情报分析心理学
10541306, 6.2, 2097, 墨菲定律
34439350, 7.5, 283, 小逻辑
25916832, 6.8, 707, 麦肯锡问题分析与解决技巧
30386234, 8.1, 154, 橘子不是橘色的
26862325, 7.9, 183, 人类的荣耀
05362356, 8.3, 127, 思维
30366602, 7.1, 448, 认知迭代
27001637, 7.6, 244, 零秒思考
27599920, 7.4, 302, 查理·芒格的原则
27156550, 8.9, 79, The Power of Moments
24732529, 7.0, 495, 逻辑思维简易入门
01676619, 8.0, 160, 智慧与魔咒
30264813, 7.5, 265, 好忠告
30407984, 7.3, 334, 富人思维
01000687, 6.1, 2309, 学习的革命
11978131, 8.4, 112, 激发无限潜能
25963524, 7.5, 259, 系统思考
11583939, 9.4, 56, 行动科学
27072554, 7.5, 258, 理性的抉择
02982226, 9.2, 63, 决策的本质
24745507, 7.7, 208, 增长的极限
34949410, 9.3, 59, 自定义人生
21325145, 8.9, 76, 不确定状况下的判断
26952983, 8.6, 94, 有效需求分析
25707650, 7.1, 411, 别想那只大象
34798244, 7.9, 168, 责任病毒:如何分派任务和承担责任
26587908, 9.1, 66, 人类的认知
30205294, 7.3, 312, 有序
26809374, 8.0, 150, 信息架构
26803289, 7.8, 180, 决策的艺术
26704121, 8.3, 114, 科学的广告+我的广告生涯
27606996, 7.0, 447, 谢谢你迟到
26995630, 7.4, 268, 那些让你更聪明的科学新概念
27203444, 7.0, 439, 他人的力量：如何寻求受益一生的人际关系
01910297, 7.6, 214, 批判性思维教程
25806911, 7.7, 192, 用图表说话
27034322, 7.1, 381, 一页纸工作整理术
27034389, 8.2, 120, 用数学的语言看世界
26319259, 6.5, 914, 思维导图
26985371, 7.4, 261, 绝非天赋
27593604, 7.6, 209, 好战略，坏战略
30189843, 8.2, 118, 原則
26825914, 8.1, 127, 情商
34951531, 8.4, 99, 要领
30355879, 7.3, 281, 大局观
30181942, 7.0, 406, 麻省理工深度思考法
26919830, 7.8, 161, 心智社会
30270040, 7.8, 161, 少有人走的路：心智成熟的旅程
26856935, 7.1, 341, 富人的逻辑
01472347, 9.0, 62, 心智探奇
30278284, 7.3, 266, 洞见
25796129, 7.9, 143, U型理论（全新升级版）
30234043, 7.9, 143, 技术的本质（经典版）
30395692, 7.1, 338, 像间谍一样观察
26910621, 7.0, 371, 六顶思考帽
26865075, 7.3, 252, 直觉
34784111, 7.3, 248, 用一年时间重生
26628110, 8.5, 82, 数学与人类思维
30216368, 8.5, 81, 注意力商人
30229625, 6.9, 400, 终有一天你会懂
34867513, 7.7, 159, 陆蓉行为金融学讲义
26835022, 9.2, 51, 像法律人那样思考
32777812, 7.3, 241, Talking to Strangers
34838349, 7.9, 131, 复盘思维 用经验提升能力的有效方法
27021986, 7.7, 158, 清醒(如何用价值观创造价值)(精)
30312510, 6.1, 1479, 深度思考
26961851, 6.1, 1465, 灰犀牛
34438225, 7.7, 155, 第三道门
30485029, 7.4, 210, 鬼谷子
34883941, 7.7, 154, 暗理性
25847649, 8.7, 68, 复杂性思维：物质、精神和人类的计算动力学
26292238, 6.3, 975, 我的第一本思维导图入门书
30325723, 7.5, 186, 突破天性
27079629, 7.0, 324, 大脑整理术
26769282, 7.5, 178, 如何作出正确决策
01008370, 8.5, 75, 系统论--系统科学哲学
34911986, 7.3, 220, 直击本质
26970561, 7.0, 315, 走神的艺术与科学
34902178, 7.8, 132, 华为灰度管理法
27088125, 8.9, 57, 人类思维的自然史
04924898, 7.1, 273, 群体的智慧
26728916, 8.0, 109, 决策与理性
25873203, 9.4, 42, 管理困境
34807500, 7.2, 239, 反常识
33405075, 9.6, 37, 批判性思维：原书第5版
27185418, 6.8, 385, 精准努力
34439444, 8.0, 105, 笔记思考术
26361378, 7.6, 150, 决策的智慧
27199030, 6.5, 593, 盗火
02147625, 6.3, 819, 硅谷禁书
26312412, 7.3, 202, 发现你的天赋
26896977, 8.8, 57, 学问
30230300, 8.6, 65, 值得信赖的顾问
30169994, 8.5, 68, 数学思考法
34862806, 7.6, 143, 创新化生存
03542657, 8.2, 83, 思维与决策（第四版）
26919454, 7.6, 136, 人生很短，你要做个聪明人
26733524, 6.9, 297, 要命的选择：霍尔姆斯杀人案、洞穴奇案和吉姆的困境
26670648, 6.4, 609, 关键20小时，快速学会任何技能！
32482279, 8.7, 56, 投资大家芒格（二）
27126738, 6.6, 440, 成功与运气
04888398, 9.3, 39, 怎样解题
33420622, 7.0, 253, 韭菜的自我修养（增订版）
33389989, 8.3, 73, 认知：所谓成长就是认知升级
26043897, 7.7, 119, 想象
25702395, 6.1, 945, 复盘
27057878, 7.2, 189, 第二曲线：跨越“S型曲线”的二次增长
34860725, 7.3, 169, 增长思维
35044898, 7.9, 95, 别想生活有答案
26700926, 6.6, 401, 物演通论
34894034, 6.4, 533, 摆脱共情
35003590, 5.8, 1623, 一年顶十年
25867875, 8.0, 83, 尼采的锤子
30373956, 9.0, 42, 怎样解题
35000362, 8.0, 82, 思维不设限
34431990, 7.9, 88, 戳中痛点，成为文案高手
26983377, 7.0, 215, 第七感
30434700, 7.2, 171, 内在成长
24855882, 6.8, 275, 逻辑思考力
34625758, 7.0, 214, 弹性
34798939, 9.4, 33, 每个人的商学院（全8册）
26338127, 6.7, 310, 最强大脑
25905681, 7.9, 86, 系统思维
26643780, 7.0, 207, 重新定义管理
30206773, 7.1, 181, 游戏改变人生
35009927, 7.8, 90, 想太多的人类学家
34833898, 8.3, 61, 理性的边界
30335315, 6.9, 221, 无论你在想什么，反过来想想
26930070, 8.1, 69, 隐秘的商机：如何预测和整合未来趋势
27158377, 8.2, 64, 设计与革新
30233747, 7.4, 126, 向上管理的艺术
30221932, 6.1, 715, 知识大迁移
28023983, 7.4, 124, 思维方式
27607366, 7.0, 185, 当机立断
26844650, 8.4, 53, 有限理性
24699087, 7.6, 96, 唤醒沉睡的天才
34993005, 7.1, 157, 幽默感
27621053, 6.4, 386, 灰度决策：如何处理复杂、棘手、高风险的难题
35081657, 8.7, 42, 顿悟的时刻
25835878, 8.9, 37, 大脑总指挥：揭秘最具人性的大脑区域
34952429, 7.2, 136, 爱情的逻辑
30304982, 7.0, 166, 大概率思维
03064302, 8.4, 49, 失落的百年致富圣经
05402000, 9.1, 32, 用兵之道
34917699, 7.9, 69, 认知
35033236, 8.4, 48, 肖星的财务思维课
26945842, 8.0, 62, 学习、创造与使用知识
30253377, 7.4, 102, 思维的艺术
03353860, 7.1, 137, 思维风暴
30328798, 6.4, 331, 你的努力要配得上你的野心
30235120, 7.9, 66, 成长型思维训练
30346545, 8.0, 61, 思维
20385154, 8.4, 46, 动机心理学
30172741, 9.6, 24, 选择、价值与决策
05379108, 7.6, 83, 不纠结的世界
33451584, 7.3, 108, 图形思考与表达的20堂课
27608584, 7.0, 147, 富爸爸为什么富人越来越富
27621040, 8.0, 59, 简捷启发式：有限理性让我们更聪明
34855003, 6.9, 160, 成为极少数
26990888, 7.5, 87, 人类思维如何与互联网共同进化
26856050, 7.1, 124, 避开错误决策的4个陷阱
26413397, 5.8, 799, 格局
30230638, 6.7, 190, 沃顿商学院最受欢迎的思维课
30300148, 6.3, 326, 极简思维
30184215, 7.3, 97, 重来
34903926, 7.7, 67, 为什么精英可以快速积累财富
25909507, 7.5, 79, 绝对价值
35082304, 8.0, 52, 博弈论究竟是什么
30785966, 5.6, 1090, 人设
30188932, 8.4, 39, The Model Thinker
26780215, 5.7, 846, 你的团队需要一个会讲故事的人
30354924, 7.4, 80, 逻辑十九讲
34678725, 6.8, 143, 优势成长
35029959, 8.9, 28, 进击的心智：优化思维和明智行动的心理学新知
30409094, 6.7, 160, 思维的本质
33542164, 6.6, 177, 为什么需要生物学思维
26362196, 6.0, 426, 聪明人是如何思考的
26427654, 8.2, 40, 意向立场
03391715, 9.4, 21, 现代决策理论的基石
30313570, 8.0, 45, 击败庄家：21点的有利策略
34981731, 8.0, 45, 学习的格局
35066707, 8.6, 30, 万万没想到：用理工科思维理解世界（精装增补版）
26806308, 6.4, 204, 结构性思维
32567309, 7.3, 68, 10堂极简概率课
35022812, 7.3, 68, 巴菲特和查理·芒格内部讲话
26839363, 6.4, 171, 请用数据说话
30204668, 5.7, 519, 阶层跃迁
30336672, 8.5, 27, 创意沟通，都是画出来的！
27015114, 5.8, 384, 提问的力量
26847359, 6.7, 107, 金字塔原理2
30144372, 6.4, 147, 如何系统思考
35083534, 7.6, 42, 多维度思考
27662767, 6.9, 73, 同理心
34970365, 8.7, 21, 巴拉巴西网络科学
33400258, 7.5, 43, 超级个体：打造你的多维竞争力
27623621, 8.0, 29, 大腦喜歡這樣學
34914947, 7.6, 37, 隐藏的自我
34821118, 6.2, 141, 知乎日历2020
02006339, 8.0, 27, 创建系统学
27667614, 6.6, 81, 语言风格的秘密
34976992, 7.0, 53, 叙事改变人生
32567134, 7.3, 40, 複利效應
35009860, 8.3, 21, 创造性思维
34972177, 7.7, 29, 征服
35059710, 8.8, 16, 培养你的逻辑脑
25743277, 9.3, 13, 创造性
33979590, 7.1, 44, 如何形成清晰的观点
34854645, 7.9, 25, 《优势练习：打破底层思维的进阶指南》
34933354, 7.8, 26, 数学思维
34923605, 7.2, 39, 结构化思维
26699643, 7.6, 29, 学会解决问题
34995118, 8.4, 18, Upstream
30374613, 5.6, 238, 思维导图完整手册
35009070, 7.8, 24, 跨界竞争
33441611, 6.5, 66, 精进
34874049, 6.2, 91, 远见
34948812, 8.3, 17, 学理
35045759, 7.1, 34, 身边的金钱心理学
34983142, 7.9, 20, 直面不确定性
34830351, 6.8, 42, 思维故事
30838779, 6.4, 61, 把自己当作公司来经营（生活美学大师松浦弥太郎说：人生就是不断做出各种选择，经营“自己公司”也一样）
34895299, 6.1, 83, 快乐的陷阱：40个让你痛苦和停滞不前的行为模式
30459828, 5.8, 123, 100小时逻辑思考课：如何成为一个会解决问题的人
35030209, 8.4, 14, 五维思考法
35025446, 8.0, 16, 只讲故事不讲理
34891024, 6.8, 33, 如何识别人生陷阱
34927005, 6.4, 44, 图形思考
01917652, 8.2, 13, 《熵，一种新的世界观》
30242816, 8.4, 11, 知識的假象
35018014, 6.4, 18, 能力清单
35046522, 6.4, 18, 深层认知
34874285, 4.6, 134, 底层逻辑
30384990, 4.5, 34, 逆转思维
02698093, 0.0, 12, Calculated Risks
35069015, 0.0, 12, 如何成为更聪明的人
34942916, 0.0, 30, 你也是产品：产品思维纵谈
