2020-07-05 16:00:03

number of books, tag name
590, 性

ID, rating, votes, title
06082808, 9.2, 294577, 百年孤独
27614904, 9.2, 192585, 房思琪的初恋乐园
10594787, 9.0, 184323, 霍乱时期的爱情
01089243, 8.9, 124073, 黄金时代
01017143, 8.5, 200886, 不能承受的生命之轻
01085799, 8.7, 102796, 白鹿原
01040771, 8.2, 206806, 达·芬奇密码
04742918, 8.3, 111157, 1Q84 BOOK 1
04920007, 8.8, 31633, 不能承受的生命之轻
01465324, 7.7, 67778, 洛丽塔
27013741, 8.8, 8831, 黄金时代
04745950, 9.3, 4261, 第二性Ⅱ
01004322, 8.7, 8464, 第二性
04745949, 8.7, 7795, 第二性Ⅰ
01456692, 8.7, 7235, 金瓶梅
01201821, 8.0, 16720, 梦的解析
25859657, 8.7, 4764, 挪威的森林
01008074, 7.6, 28426, 失乐园
27036317, 8.1, 11089, 独居的一年
02143904, 8.8, 3715, 进化心理学
03018339, 7.7, 19209, 万物生长
05289756, 7.9, 13043, 爱的地下教育
05993314, 8.0, 10666, 安吉拉·卡特的精怪故事集
01059537, 8.7, 3400, 沉重的肉身
34460345, 8.1, 6170, 李银河说爱情
27091742, 8.3, 4460, 邻人之妻
26952487, 9.2, 1384, BEASTARS 1
04778447, 7.7, 10792, 失乐园
06006299, 9.3, 1210, What Every Man Thinks about Apart from Sex
01437687, 8.8, 1806, 性经验史
02145929, 8.6, 2215, 挪威的森林
01075492, 8.0, 4809, 洛丽塔
03273876, 8.0, 4242, 被劫持的私生活
24716172, 8.9, 1257, 黄金时代
04151134, 7.8, 5327, 只爱陌生人
01018360, 8.6, 1664, 性心理学
01000523, 8.2, 2757, 梦的解析
01039840, 7.6, 6526, 查特莱夫人的情人
26319527, 8.0, 3408, 性学三论
01279212, 7.4, 8925, 十日谈
03158733, 7.9, 3773, 在切瑟尔海滩上
03886832, 7.5, 7079, 废都
01047205, 8.2, 2354, 性学三论・爱情心理学
04312829, 8.2, 1954, 亲密行为
01479194, 8.2, 1866, 他们的世界
02071207, 8.4, 1376, 到黑夜想你没办法
01083317, 7.8, 3118, 北回归线
20267987, 7.4, 6002, 孤独美食家
04846032, 8.0, 2242, 性别战争
01031857, 7.8, 2998, 虐恋亚文化
27089022, 8.5, 1083, 海洋中的爱与性
01036297, 7.8, 2681, 同性恋亚文化
06722048, 8.5, 989, 挪威的森林（电影特别版）
07916072, 7.6, 3106, 杨氏女
01080750, 8.2, 1273, 精子战争
27194307, 7.8, 2157, 失乐园
04710402, 7.4, 4004, 男人这东西
05043526, 7.6, 2641, 床笫之间
02184895, 8.7, 631, 中国古代房内考
01033273, 7.8, 1876, 海蒂性学报告
01069138, 8.4, 848, 中国古代房内考
03027401, 8.2, 1050, 小老爷们儿那点事儿
01918220, 8.1, 1108, 性与性格
26292057, 8.2, 959, 性审判史
27013746, 8.4, 753, 革命时期的爱情
01464575, 8.5, 663, 危险的愉悦
05916004, 8.5, 626, 欲望的演化
04114636, 8.3, 724, 性学观止（上下册）
02082044, 8.1, 888, 金赛性学报告
01794583, 8.6, 501, 中国方术正考
34982078, 7.9, 1118, 安德鲁不想孤独终老
01064252, 8.5, 525, 十一分钟
02374070, 8.8, 375, 夫妻双修功
01373144, 7.6, 1496, 陽具森林
01003027, 8.7, 403, 性经验史
01790188, 8.6, 440, 性心理学
01058804, 8.4, 522, 存在与荒谬
02082036, 8.4, 514, 李银河自选集
03875750, 7.8, 1037, 完美伴侣
01064298, 7.6, 1335, 海蒂性学报告：男人篇
25814913, 7.9, 854, 性史1926
05349588, 7.7, 1104, 单向街 003
04123951, 7.8, 950, 虐恋亚文化
20472534, 6.7, 5696, 迎男而上
26357635, 7.9, 800, 性存在
24737829, 8.4, 424, 金赛性学报告
04130906, 7.7, 909, 同性恋亚文化
03121161, 7.9, 704, 性趣探秘
01417642, 9.0, 231, The History of Sexuality
25839107, 7.4, 1362, 魔鬼约会学
30304858, 7.9, 683, 色情
02074773, 7.8, 771, 把妹達人
10779411, 6.7, 4392, 男女内参
01007625, 7.2, 1778, 中国女性的感情与性
24845741, 8.2, 477, 性之变
02137818, 8.0, 592, 伏羲伏羲
25951837, 8.2, 461, 精子战争
01162945, 8.5, 339, 弗洛伊德文集（全8册）
26804793, 7.6, 934, 她身之欲
01080828, 7.4, 1224, 小城之恋
01021693, 7.9, 614, 福柯与性
25871715, 8.0, 543, 性学入门
30258045, 9.2, 175, 生育制度
01443869, 8.5, 319, 人类的性存在（第8版）
34857213, 8.2, 426, 亲密陷阱
26983208, 9.1, 186, Ren Hang
03309690, 7.9, 590, 萨摩亚人的成年
01363379, 7.7, 735, 索多瑪120天
04250750, 8.3, 371, 妖刀記1
03825733, 8.4, 331, 王小波作品精选
19948593, 8.0, 493, 表演与偷窥
01047588, 8.0, 491, 酷儿理论
04120388, 7.5, 887, 中国女性的感情与性
01080481, 7.7, 668, 色情史
01214619, 8.1, 417, 性欲三论
25902105, 7.0, 1767, 素女经
01046665, 7.4, 889, 海蒂性学报告：情爱篇
04262114, 6.6, 3282, 女人这东西
01082524, 7.9, 450, 汤加丽人体艺术摄影
01072067, 8.1, 356, 性政治
24700134, 7.9, 431, 性别战争
26813110, 7.7, 544, 在爱情与欲望之间
10867037, 8.8, 181, 认识性学
01866517, 8.1, 344, 性史
06520826, 8.4, 254, 女太监
25805027, 7.8, 470, 性学三论与爱情心理学
02209663, 7.0, 1394, 孤独的性
01873969, 7.1, 1179, 上山·上山·爱
06194593, 7.5, 669, 人类性幻想
01349577, 8.1, 328, 性史1926
26864201, 8.1, 328, 海蒂性学报告：女人篇
03604670, 6.7, 2215, 欲情课
01016137, 8.4, 237, 生存与体验
03035544, 8.4, 237, 臥房裡的哲學
19977029, 8.3, 258, 身体密码
01427761, 8.5, 214, 性与理性
06798709, 7.5, 595, 百吻巴黎
03013475, 7.8, 401, 李银河性学心得
30174021, 8.5, 199, 眼睛的故事丨聖神·死人
20458907, 7.3, 743, 书淫艳异录（全二册）
26760273, 8.3, 236, 性与艺术
01067150, 7.8, 381, 少女杜拉的故事
21319774, 7.4, 609, 白日美人
03792826, 7.4, 603, O娘的故事
01439388, 9.0, 124, Tropic of Cancer
24722744, 7.7, 405, 科学碰撞“性”
25923628, 8.6, 167, 陰道獨白
01344535, 8.3, 211, 搞定男人
03319478, 8.1, 254, 中国古代文学中的同性恋书写研究
05398882, 9.2, 102, 爱灵魂自我教程
01151136, 8.3, 203, 神圣的欢爱
34918510, 7.3, 609, 我们为何结婚，又为何不忠
25775846, 6.8, 1274, 枪与玫瑰的使用方法
25863982, 8.5, 168, 幸福婚姻与性
03277407, 8.3, 198, 性爱与文明
30354138, 9.1, 104, 天空之蓝
01028993, 8.2, 216, 情爱笔记
10578277, 8.8, 128, 情色論
01042831, 7.2, 666, 中国性研究
19956305, 7.2, 628, 爱的流放地
01462851, 8.3, 184, 陰道獨語
26261119, 8.3, 181, 如何思考男人和女人
04250753, 8.8, 119, 妖刀記4
25763706, 6.5, 1831, 再爱一次
27014560, 9.9, 58, 珍爱生命小学生性健康教育读本 六年级下册
02255860, 7.6, 357, 痴婆子传
30458212, 8.9, 108, 性学观止
01049337, 7.4, 446, 亲密关系的变革
04250832, 8.7, 123, 妖刀記3
10542068, 7.7, 308, 查泰来夫人的情人
01233609, 8.9, 104, 我们的性
01010010, 7.5, 381, 秘戏图考
02074498, 9.1, 90, 性之耻，还是伤之痛
24755040, 9.2, 83, 你天生就是性愛女神
01024270, 7.4, 417, 乳房的历史
02025462, 7.5, 361, 堀北真希写真集「Castella~カステラ」 (大型本)
26806864, 8.4, 146, 明明白白我的性
01076077, 7.3, 450, 藏在书包里的玫瑰
03065729, 7.9, 225, 素女经
26348833, 8.5, 128, 弗洛伊德传
01082397, 7.7, 269, 懒女孩的性指南
01638979, 8.2, 164, 性趣探秘
06785583, 7.8, 239, 地下室里的萨德
30168191, 7.9, 213, 性/别、身体与故事社会学
24699051, 6.8, 824, 快食慢爱
05296966, 8.3, 145, 婚姻与道德
04088758, 7.7, 256, 性社会学
01346283, 8.7, 103, 激情香水 I
02080551, 9.5, 60, The History of Sexuality
25968498, 7.5, 308, 性爱大师
24884783, 7.6, 272, 性学五章
25876499, 7.1, 491, 女人的性爱动机
30168442, 8.2, 144, 性心理学
26384630, 6.3, 1708, 红城堡
01057080, 8.1, 156, 性的问题
04250790, 8.8, 88, 妖刀記09
03833428, 7.1, 458, 我爱比尔
05503854, 7.8, 203, 海蒂性学报告
01223821, 8.6, 101, 夏娃的种子
05995504, 9.0, 76, 妖刀記19
04250770, 8.7, 93, 妖刀記07
01463026, 8.2, 137, 明清社会性爱风气
24737177, 7.3, 342, K—英国情人
03809808, 8.2, 136, 决定快活
26880577, 7.5, 266, 世界上到底有没有百分之百的异性恋
34982112, 9.7, 48, 重要的“性”，影响孩子一生
04250780, 8.7, 88, 妖刀記08
10354912, 6.9, 541, 吹绉一池春水
05262857, 7.5, 250, 裸女
26281236, 7.5, 249, 催情植物传奇
03133917, 8.3, 115, 男人不屌女人不High
01025671, 7.9, 163, 男根文化史：我行我素
04130907, 7.7, 197, 性的问题
05944980, 8.2, 122, 漫画我们的性
06019675, 9.1, 63, 娱悦女性的舌技入门
01019833, 6.9, 486, 丈夫这东西
01042424, 7.9, 154, 新金赛性学报告（中文全译本）
01208672, 7.5, 230, 暧昧的历程
05352814, 6.9, 474, 男人来自火星，女人来自金星3
03387823, 8.7, 79, Sex
02351866, 8.2, 115, 愛、欲望、出軌的哲學
01328114, 7.5, 221, 萨德文集-爱之诡计萨
03527925, 8.6, 83, 神圣的欢爱
03197810, 7.2, 302, O的故事
27086890, 7.0, 381, 十八岁给我一个姑娘
30354425, 8.5, 85, 性本自然
06825373, 9.5, 45, History of Sexuality Volume 1
01042455, 8.5, 84, 金瓶梅词话(上下)
01223264, 8.4, 90, 性心情
01974493, 8.4, 90, 性革命的失败
01982144, 8.2, 105, 不轨之举
10439804, 8.7, 72, 西洋情色文學史
25859274, 8.0, 124, 感官的教育
30240800, 8.6, 76, 藏在书包里的玫瑰
06508448, 8.7, 70, 性心理学
01794795, 7.6, 171, 跪下來舔我的腳
05386297, 8.6, 73, 妖刀記16
03420395, 7.8, 139, 婚姻简史
26982627, 7.7, 152, K——英国情人
01051115, 7.5, 184, 性文化研究报告
01899255, 7.6, 163, 世界的渊源
02363003, 8.1, 103, 古希腊人的性与情
03008767, 7.7, 146, 性爱二十讲
01004538, 6.8, 412, 调情的艺术
33380610, 8.1, 99, 神圣的欢爱
25812830, 8.2, 89, 性
01223823, 7.4, 185, 一生的性计划
01061642, 7.3, 205, 从嬉皮到雅皮
26711494, 7.8, 124, 爱欲日本
01143745, 7.9, 112, 当代中国人的性行为与性关系
01083948, 8.2, 87, 性面具
20496324, 5.9, 1702, 滚床单心理学
26989801, 8.9, 52, 碧曲口述2008-2016
01358486, 8.6, 62, 豪爽女人
26864207, 7.5, 151, 海蒂性学报告：男人篇
03534932, 8.6, 61, 婚姻与道德
01916836, 8.4, 70, 性愛與文明
26379630, 9.2, 42, Los Traviesos
30164652, 8.3, 75, 我的一生
01465599, 7.4, 164, 古希腊罗马时期不确定的性别
01074084, 8.0, 92, 人类婚姻史
24721229, 7.4, 160, 欲望都市
03559974, 8.9, 48, 黑蚂蚁蓝眼睛
01470706, 8.2, 76, 爱之诱惑
21327827, 8.0, 88, 身体的历史（卷一）
01072222, 7.6, 123, 残雪
01922646, 8.1, 80, 海特性学报告
26428669, 8.2, 73, 虹
11442992, 8.1, 78, 中华帝国晚期的欲望与小说叙述
05503855, 7.4, 144, 海蒂性学报告
04728051, 7.8, 98, 尋求自我 （2）
01794803, 7.8, 96, 做愛時的眼神
01790232, 7.9, 88, 野蛮人的性生活
03624637, 7.1, 191, 所有男人都是消耗品
01761766, 7.6, 113, Everything You Always Wanted to Know About Sex but Were Afraid to Ask
01061624, 6.2, 669, 遗情书
34459741, 6.9, 235, 让我们灵魂激荡身体欢愉
03248555, 8.5, 54, 性高潮的科学
01861319, 8.2, 65, 女人是什么
01080261, 7.8, 87, 蓝指甲
20516436, 6.6, 313, 伊索尔德的魔汤
01783222, 7.5, 108, 250天倫敦應召日記
01038319, 7.8, 81, 床上的眼睛
03448536, 7.3, 128, 青楼恨
25928663, 8.9, 38, 碎片上的女人
01019242, 8.2, 59, 风骚与艳情
25917251, 8.2, 59, 中国婚姻史
27092903, 7.6, 93, 被劫持的私生活
27026456, 7.9, 72, 爱的自然史
01227044, 6.8, 212, 野蛮人的性生活
02905133, 8.7, 41, Politics of Piety
01068868, 7.2, 132, 中国人的性爱与婚姻
01491687, 6.9, 184, 文学中的色情动机
26286733, 6.9, 180, 性的起源
03544564, 7.3, 115, 趣味考据
04322013, 7.5, 94, 廢都
02216717, 8.3, 49, I Hope They Serve Beer In Hell
04928280, 8.2, 52, 富沢千夏妖艳短篇集-寄居蟹
10442330, 8.6, 40, 看女人
03545896, 6.6, 231, 欧美情色文学史
11497522, 6.8, 179, 男人就愛吃這套!
03148417, 7.8, 67, Sexuality
30223910, 7.2, 112, 亲密关系续篇
19958272, 7.9, 60, 古希腊风化史
01060894, 7.5, 82, 世界性俗丛谈
01471596, 8.1, 51, 慾望德克蘭
26848588, 7.2, 108, 人类性幻想
17421542, 8.5, 39, 超能少年
01283135, 6.2, 380, 福柯与酷儿理论
26864208, 7.5, 81, 海蒂性学报告：情爱篇
34933399, 7.3, 97, 性的尊重
05310922, 8.3, 44, 春江花月痕
01532519, 6.7, 185, 性爱圣经
01171864, 6.8, 159, 中国娼妓史
03041486, 6.8, 152, 第一性
06109401, 7.2, 99, 性之罪
02212715, 6.7, 171, 爱经
26578353, 6.5, 215, 性文化简史
02256104, 8.0, 47, KAGERO &amp; COLORS
01343683, 8.5, 34, Gardens of Pleasure
27070238, 7.2, 89, 爱的修行：滚床单心理学2
27039402, 7.6, 62, 爱情简史
01084777, 7.8, 53, 言言斋西书丛谈
03591732, 7.6, 61, 世界禁忌愛大全
25874784, 7.4, 72, 女人到底想要什么？
06965421, 7.0, 104, 情色夭夭
01028442, 7.1, 94, 吝啬鬼、泼妇、一夫多妻者
01274091, 7.6, 60, 性张力下的中国人
27205411, 7.0, 103, 性欲和性行为
04837370, 7.1, 93, 阉割与狂狷
02284691, 8.8, 27, Making Sex
26864852, 6.9, 111, 书淫艳异录
27041249, 6.7, 138, 爱情市场
30374582, 8.0, 43, 性健康（第3版）
01794085, 8.1, 40, 性史
01384296, 7.1, 89, 西藏慾經
25896990, 7.6, 57, 性暴力史
26067317, 8.9, 25, 銀座媽媽桑性愛學
01005135, 7.5, 61, 爱的行板
25778563, 7.9, 44, 性与性格
26733234, 9.2, 21, Araki by Araki
01448860, 6.9, 103, 世界性史图鉴
01009281, 7.5, 59, 身体和情欲
02548627, 9.0, 23, Travesti
26614226, 7.4, 64, 女史
01788881, 7.9, 43, 金西报告——人类男性性行为
01347078, 7.4, 63, 世界惡女大全
01082985, 8.0, 40, 汤加丽写真
05290332, 7.5, 57, 换个姿势爱
01362408, 7.9, 42, 西洋情色文學史
35014086, 7.9, 42, 环冰岛记
03622196, 6.3, 202, 自慰
01636158, 7.6, 52, 乳房的历史
06114192, 7.6, 52, 人类性反应
01942711, 8.0, 39, 性·婚姻
05214465, 7.7, 48, 中华帝国晚期的欲望与小说叙述
11530913, 7.1, 79, 梦、性与饥渴
01095650, 8.1, 36, 完整的女人
03041622, 8.1, 36, 金赛性爱对话
01321596, 8.2, 33, 性爱的艺术
02238332, 8.4, 29, Kama Sutra
26422166, 6.0, 290, 幸福爱：从新手到高手的爱情修习课
01290174, 7.8, 42, 跟自己调情
01947420, 8.2, 32, 激情香水I I
27113609, 6.4, 153, Ayawawa情感私房课
01888749, 7.7, 42, She Comes First
10430746, 7.6, 45, 中国婚姻家庭及其变迁
01059963, 5.9, 296, 中国同性恋研究
02029149, 7.2, 61, Pénisatlas
01927209, 7.7, 41, 性犯罪
26413170, 6.0, 246, 第一口苹果的滋味
24872412, 6.6, 109, 古罗马的性与权力
01807601, 7.6, 43, 中国妓女文化史
26432959, 6.2, 177, 爱的小黄书
03202270, 7.5, 46, 中国奇技淫巧
02122107, 8.0, 32, 中国古代房室养生集要
06974828, 7.5, 45, Sex at Dawn
01085281, 7.2, 57, 性契约
27603909, 7.8, 36, 此情无法投递
33455923, 6.3, 148, 一口一口“吃掉”你
05386925, 6.9, 73, 被捆绑的欲望
11526780, 5.1, 1418, 格雷的五十道陰影I：調教
26847563, 6.5, 110, 黑骑士的王国
02365000, 7.3, 50, 大胆的女人
01937086, 6.4, 122, 野事
02258195, 7.5, 42, 中国性文化史
01033758, 7.3, 49, 性·文明与荒谬
04821700, 6.7, 85, 非洲慾經
03829890, 8.0, 29, 秘戏图考
19958260, 7.2, 51, 欧洲风化史
26677835, 5.7, 319, 十日谈
01081294, 6.6, 88, 中国情色文化史(上下)
01264400, 7.4, 42, 性与中国文化
01645728, 8.1, 26, 双梅影闇丛书
19958253, 7.8, 31, 欧洲风化史
01035936, 7.5, 38, 性心理学
01031413, 6.4, 105, 华都
01125658, 5.9, 207, 不想上床
24695364, 7.0, 56, 性瘾
04884830, 7.3, 43, 性社会学
01470236, 7.9, 28, 性史2006 : 16篇真實性告白
26708146, 7.4, 39, 性欲：哲学研究
25764513, 8.0, 26, 欧洲风化史：文艺复兴时代
03212669, 7.5, 36, 色情無價
26958496, 7.2, 45, 性爱
02102625, 7.8, 29, 近代中国娼妓史料
02004395, 7.9, 27, 夜夜春梦
26857588, 7.2, 44, BL進化論
02977448, 7.5, 35, 性学十三讲
19958264, 7.5, 35, 欧洲风化史
27622205, 5.8, 217, 性生活常识必读全书
01373819, 8.0, 25, 親密關係的轉變
05936550, 7.0, 51, 多性伙伴
02121802, 7.8, 28, 人类性爱史话
25916017, 7.8, 28, 地下紐約
01092234, 8.6, 18, 女人问题
02986313, 7.3, 39, 性体验与性爱心理
01322075, 8.7, 17, 医心方
25880461, 6.3, 101, 跳出色情陷阱
26426762, 7.6, 31, Come as You Are
01384851, 7.8, 27, 性愛聖經
01966111, 8.8, 16, Epistemology of the Closet
04263120, 8.8, 16, 女性的身体
01006700, 8.4, 19, 避孕药片
26837964, 8.4, 19, 生物的“性”世界
01276271, 7.5, 32, 中国性现状
26435269, 6.8, 56, 性别的历史
01163177, 7.1, 43, 银色的禁果
25960935, 7.1, 43, 性与宗教
01384345, 6.9, 51, 慾望巴黎
06902782, 7.4, 34, 性的历程
20452966, 7.8, 26, 如何思考性這件事
01058528, 7.0, 42, 性侵犯的历史
01069040, 6.5, 67, 性感
01359009, 8.2, 19, 性工作
04210249, 8.3, 18, 影音直授緩慢性愛
02077189, 6.5, 66, 欲罢不能
01083905, 7.7, 25, 青涩时光
11504854, 7.6, 26, 换偶者：亲密关系研究
01950526, 7.3, 31, 色情消費啟示錄
30336952, 8.2, 18, 性心理学
03534822, 6.9, 42, 爱·配方
19955144, 7.6, 25, 多性伙伴
01453759, 7.8, 22, 避孕药的是是非非
03188087, 7.5, 26, 性崇拜
01949958, 7.0, 37, 世界情死大全
03882420, 5.9, 119, 绣榻野史
26293619, 6.5, 58, 古希腊罗马浮世绘
01071594, 6.7, 47, 美国性史
27062195, 7.3, 29, 我从哪里来
25820192, 9.0, 12, 新.AV時代
03727212, 7.4, 27, 奶油派
01989694, 8.2, 17, 性是牛油和麵包
01937601, 7.7, 22, 波斯愛經
05376974, 7.7, 22, 裸
07057991, 6.0, 97, 印度爱经
03592431, 8.4, 15, Why Women Have Sex
26226014, 7.4, 26, 欺骗时间
26671109, 8.0, 18, 觉后禅
03219097, 7.5, 24, 人类性学基础
02904678, 8.5, 14, City of Dreadful Delight
01028682, 7.3, 27, 裸体的诱惑
03190146, 7.5, 23, 脚.鞋.性
03374731, 7.4, 24, 中国当代文学中的“性”叙事
01843971, 7.6, 21, 致命的狂欢
25984556, 7.2, 27, 神遺棄的裸體
01824897, 7.5, 22, 从禁忌到解放
25820407, 6.8, 36, 爱欲的统治
04164701, 7.9, 17, 妓女史
26591958, 7.3, 24, Your Brain on Porn
06521415, 6.3, 55, 性生活常识必读全书
26698764, 6.2, 61, 男人来自火星，女人来自金星3：性爱篇（升级版）
01018031, 7.2, 25, 中国当代大学生的性观念与性行为
04036524, 6.7, 36, 潮濕地帶
25787889, 6.5, 43, 欲望书写
05435299, 7.6, 19, 就是援交
01487451, 6.7, 35, 男性的美丽与哀愁：“猛男情结”剖析
02125564, 8.0, 15, 青楼韵语
21327369, 6.7, 34, 心理学:关于男性(第8版)
03527629, 7.1, 25, 大男女
01082428, 5.5, 138, 走进风月：地下性工作者调查
19955142, 6.5, 40, 男公关
02338164, 7.6, 18, 亞洲勃起
03350677, 6.7, 33, 女性诱惑与大众流行文化
01076029, 7.4, 20, 男人的秘密
19912762, 8.4, 12, In the Next Room or the Vibrator Play
02347744, 6.3, 47, 禁果1993
02084922, 7.9, 15, Sex For Dummies
03240391, 8.2, 13, 情境与感悟
03993633, 8.0, 14, Muscle Art
25798082, 7.5, 18, Erotica Universalis
04227487, 7.1, 23, 女性性行为
01973641, 7.7, 16, 第三性男人
02132199, 7.7, 16, 同志論
26268883, 7.8, 15, 隱形性產業: 英國移民性工作者
03164264, 6.9, 26, 钱、性、孩子
20283137, 6.9, 26, 还我伊甸芳容
01000261, 6.6, 32, 一个分成两瓣的女孩
01032611, 6.4, 38, 接吻的历史
10829664, 8.2, 12, Why Is the Penis Shaped Like That?
01018097, 6.3, 41, 乱伦与禁忌
01596149, 8.0, 13, 我的另一半
01083933, 6.3, 40, 世界性文化史（上下）
01781281, 7.1, 21, 原始的性爱 (上下册)
02006231, 7.8, 14, 夫妻之爱
01007708, 6.9, 24, 今夜，我们谈性
02019733, 7.4, 17, 贞节史
01485875, 5.8, 67, 爱经与秘戏
01593865, 7.6, 15, 金瓶梅全图（共5册）
02370041, 6.9, 23, 性無須道德
01248325, 7.7, 14, 让美在性生活中荡漾
04867252, 6.8, 24, 性与命
01077383, 7.4, 16, 人体的性缺陷
01311281, 7.4, 16, 胸部
10601554, 5.3, 127, 性吸引力私密教程
26591517, 6.2, 39, 性心理学
02242668, 7.6, 14, 女人性史檔案
01031776, 6.2, 37, 湿漉漉的玫瑰
24733873, 7.3, 16, 命根子终极解密
01082575, 7.1, 18, 性的解析
01982828, 8.2, 10, 欧洲情爱插图
01049883, 7.2, 16, 午夜性心情
25764519, 7.0, 18, 欧洲风化史：资产阶级时代
01031693, 7.5, 13, 西方人的性
01083695, 7.8, 11, 性教育
06862285, 7.6, 12, 音乐学与差异
26357112, 7.3, 14, 河与流
06522701, 8.0, 10, 边缘的权利
27200581, 8.0, 10, After Eunuchs
01067965, 6.3, 28, 敦煌性文化
26671044, 6.6, 21, 怡情阵
06125420, 7.5, 12, A Billion Wicked Thoughts
02303518, 7.2, 14, 公然好性
02004722, 5.7, 48, 性商
25834280, 6.7, 19, AV女優實錄
01072221, 6.5, 22, 情调-文明等级与性情趣味
25745723, 6.2, 26, 下流梗不存在的灰暗世界 01
01025755, 5.5, 54, 红楼梦性爱揭秘
25969345, 7.6, 10, 八三么軍中樂園
01386882, 6.5, 18, 20世纪的性理论和性观念
01276782, 6.8, 14, 性爱指南
27093913, 6.8, 14, 书淫艳异录（增补本）
03681684, 4.7, 164, 中国男娼秘史
25733094, 6.3, 19, 色空书
01348443, 6.8, 13, How to Make Love All Night
04136949, 6.5, 15, 性欢：反茱斯蒂娜
33437179, 7.2, 10, 性、謊言、柏金包
01078924, 6.1, 19, 西方艺术与性文化
01264137, 6.6, 13, 心理医生手记
26305974, 7.0, 10, 中国娼妓史
25826877, 5.9, 20, 初性之美：马登博士写给青少年的正确性爱观
03365175, 5.3, 37, 逆美人
30344740, 5.6, 26, 欲情十四课
01082576, 5.8, 20, 性的学习
01672752, 6.3, 13, 禁忌与放纵
01013981, 6.0, 15, 世界古代性文化
01390534, 5.9, 15, 性文化七十七夜谈
04164080, 5.2, 22, 性的消费主义
07053546, 4.5, 12, 性与艺术
01376571, 0.0, 10, The Feast of the Goat
01807443, 0.0, 10, 成熟夫妻的性爱秘诀
01874840, 0.0, 10, 法式裸露
02002758, 0.0, 10, 为什么不用钱包的男人不能嫁
02112786, 0.0, 10, 人的性与性的人
04113325, 0.0, 10, Temple of Blasphemy
06746415, 0.0, 10, The Rehearsal
20319225, 0.0, 10, 玉房秘典
26876053, 0.0, 10, 情爱画廊
01759452, 0.0, 11, 嗨！克莉特絲
01904733, 0.0, 11, 換姿勢，再愛一次
03281851, 0.0, 11, Sexual Life in Ancient China
25881305, 0.0, 11, Sex Position Sequences
25960566, 0.0, 11, 馬拉松性愛極致體驗：換個招式再愛一次，隨時隨地爽翻天！
01344475, 0.0, 12, 才子牡丹亭
02073215, 0.0, 12, 男同性戀電影…
05459321, 0.0, 12, The Joy of Sex
26604923, 0.0, 12, 好口愛：男女情趣挑逗口愛指南
26889529, 0.0, 12, 性瘾（增补版）
01485640, 0.0, 13, 如何与孩子谈性
03112147, 0.0, 13, 维也纳红灯区：社会学调查
03750302, 0.0, 13, SM虐戀殺機(上)
05244153, 0.0, 14, 妈妈送给青春期女儿的书大全集
01048898, 0.0, 15, 性与爱大全
25854478, 0.0, 15, The Little Book of Pussy
10732071, 0.0, 20, 女人：一本给男人看的书
01162017, 0.0, 23, 性知识必读
25818465, 0.0, 25, 狂喜性愛50招
01218882, 0.0, 29, 夫妻性爱金典
26595302, 0.0, 29, 乱伦研究
26330034, 0.0, 33, 一起高潮
