2020-07-05 16:00:03

number of books, tag name
994, 悬疑

ID, rating, votes, title
03259440, 9.1, 460311, 白夜行
03211779, 8.9, 411950, 嫌疑人X的献身
10554308, 9.1, 272233, 白夜行
02567698, 8.8, 375312, 三体
25862578, 8.5, 642232, 解忧杂货店
01040211, 9.2, 92088, 福尔摩斯探案全集（上中下）
01829226, 9.1, 85330, 肖申克的救赎
01827374, 9.0, 96686, 东方快车谋杀案
03006581, 8.9, 98933, 无人生还
03646172, 8.4, 195279, 恶意
25924253, 9.0, 53704, 嫌疑人X的献身
04117922, 9.0, 46247, 嫌疑人X的献身
01040771, 8.2, 206806, 达·芬奇密码
01948901, 8.3, 160112, 盗墓笔记
26879778, 9.3, 20738, 杀死一只知更鸟
04742918, 8.3, 111157, 1Q84 BOOK 1
21371175, 9.2, 18613, 罗杰疑案
01807516, 8.9, 27458, 罗杰疑案
24153048, 8.9, 27068, 东方快车谋杀案
04885241, 8.4, 62833, 1Q84 BOOK 2
26877752, 8.7, 36156, 恶意
01818347, 8.7, 36083, 尼罗河上的惨案
26864984, 8.9, 24073, 金色梦乡
02064977, 8.9, 23263, 死亡筆記 1
05038409, 9.0, 18896, 金色梦乡
24859822, 8.6, 34273, 无人生还
02297697, 8.6, 34201, ZOO
01292416, 8.5, 36285, 香水
26840298, 8.7, 25325, 无人生还
01882933, 8.1, 73251, 鬼吹灯之精绝古城
26899537, 8.4, 40188, 长安十二时辰 上
26923390, 8.5, 33092, 长夜难明
24382569, 8.7, 22964, 一桩事先张扬的凶杀案
03920130, 8.6, 27072, 告白
02298149, 8.4, 37437, 盗墓笔记3
03266344, 8.4, 34884, 盗墓笔记4
06746289, 8.4, 33943, 新参者
06953273, 8.5, 26640, 盗墓笔记
27608412, 8.4, 31139, 默读
04173968, 8.4, 30157, 盗墓笔记6
03800166, 8.4, 29860, 盗墓笔记5
02057285, 8.2, 42256, 盗墓笔记2
05254315, 8.4, 28752, 盗墓笔记7
01089512, 8.7, 16975, 陆小凤传奇
03649782, 8.6, 19855, 达·芬奇密码
03815125, 8.9, 12280, 香水
10554309, 8.5, 22656, 恶意
03187737, 8.3, 29651, 占星术杀人魔法
04074636, 7.6, 121327, 放学后
01228110, 8.2, 35374, 天使与魔鬼
01214416, 9.4, 5576, 福尔摩斯探案全集
01874961, 8.8, 12319, 嫌疑犯X的獻身
25697546, 8.6, 13905, 尼罗河上的惨案
30475767, 8.1, 31730, 人生海海
26639966, 8.2, 25432, 新参者
26681984, 8.8, 9114, 告白
01926103, 8.0, 34242, 鬼吹灯之云南虫谷
03162527, 8.7, 10167, 魍魉之匣（下）
27112607, 9.0, 6460, 白夜行
25897884, 9.1, 5242, 13 67
03347997, 8.4, 14007, X的悲剧
01917078, 8.6, 10191, 风之影
01089521, 8.4, 13808, 楚留香传奇
05993310, 9.1, 5011, 直捣蜂窝的女孩
30316475, 8.2, 18506, 漫长的告别
06016234, 8.9, 6317, 奇风岁月
04292149, 8.5, 11052, 龙文身的女孩
33658616, 8.8, 7066, 克莱因壶
02067269, 9.4, 3249, MONSTER-怪物-01
04836682, 8.5, 10775, 告白
03102324, 7.7, 44693, 秘密
03162513, 8.4, 12451, 魍魉之匣（上）
04009552, 7.5, 67278, 幻夜
01135537, 9.1, 4491, 福尔摩斯探案集
03836566, 8.6, 8436, 玫瑰的名字
01938591, 7.9, 27064, 鬼吹灯之昆仑神宫
01473895, 9.1, 4128, 白夜行
01916726, 7.8, 31507, 鬼吹灯之龙岭迷窟
04067621, 8.2, 15085, 暗黑童话
26729776, 8.1, 17810, 雪人
06974232, 8.0, 20903, 盗墓笔记8·大结局（上）
04934552, 8.8, 5891, 玩火的女孩
26292535, 9.0, 4505, 帷幕
06249670, 8.8, 5791, 首无·作祟之物
03140801, 8.0, 20254, 姑获鸟之夏
04152754, 7.6, 42778, 时生
04580972, 7.7, 34607, 流星之绊
03013903, 8.1, 16399, 漫长的告别
26265745, 8.2, 13626, 清明上河图密码
27170951, 8.1, 15866, 生吞
03713327, 7.7, 33149, 圣女的救济
24737009, 8.3, 11269, ABC谋杀案
03654604, 8.4, 9563, 天使与魔鬼
01392604, 8.7, 6105, 金田一少年事件簿①
03348010, 8.4, 9407, Y的悲剧
26855315, 9.4, 2450, 冒险小虎队
06890451, 9.3, 2677, 外天楼
03112726, 8.4, 8843, 希腊棺材之谜
26118072, 7.7, 29984, 祈祷落幕时
10740776, 8.4, 8819, 占星术杀人魔法
11528339, 8.1, 14243, 藏海花
01805514, 8.2, 11867, 阳光下的罪恶
26892080, 8.5, 7311, 猎豹
26413027, 7.5, 41581, 虚无的十字架
30246163, 8.5, 6954, 默读.2
05904212, 8.1, 12868, 心理罪
02303588, 8.0, 15072, 心理罪
34467283, 8.3, 8997, 破云
03879026, 8.2, 10540, 死亡通知单
26651926, 8.0, 14377, 红手指
03723829, 9.4, 2048, 福尔摩斯探案全集
05395724, 8.6, 5566, 华丽人生
01903164, 8.0, 14256, ABC谋杀案
05431784, 8.3, 8454, 雪落香杉树
03034184, 8.0, 13586, 鬼吹灯Ⅱ之四巫峡棺山
01485495, 8.0, 13386, 楼下的房客
25955474, 7.4, 42305, 坏小孩
03801097, 7.8, 18275, 夏天·烟火·我的尸体
30307059, 8.5, 5762, 默读.3
05336428, 9.1, 2615, 吉祥纹莲花楼终篇之青龙·白虎
01085021, 8.3, 7717, 蝴蝶梦
04116629, 8.8, 3754, 希区柯克悬念故事集
30237176, 8.2, 8841, 19年间谋杀小叙
05347699, 7.8, 17499, 彷徨之刃
34879050, 9.1, 2543, 清明上河图密码6
02340300, 7.9, 14497, 鬼吹灯Ⅱ之三·怒晴湘西
06974102, 7.6, 25387, 盗墓笔记8·大结局（下）
25892399, 7.8, 17192, 余生皆假期
06794021, 7.8, 17143, 红手指
03785741, 8.1, 10164, 死神的精确度
01083429, 8.8, 3645, 爱伦·坡短篇小说集
07060186, 8.2, 8500, GOTH断掌事件
34262174, 8.2, 8449, 网内人
27025036, 8.8, 3500, 清明上河图密码4
24163576, 8.3, 6941, 漫长的告别
24541883, 8.1, 9302, 消失的爱人
03615061, 7.5, 27373, 宿命
20382491, 8.0, 10728, 心理罪
04143051, 8.6, 4302, 荆棘之城
26760976, 8.4, 5663, 怒
04140380, 8.7, 3709, 第七重解答
04034009, 8.3, 6530, 剪刀男
20428313, 8.7, 3702, 冷血
03615048, 8.1, 8891, 异邦骑士
26899538, 7.6, 20946, 长安十二时辰 下
27199470, 7.5, 25342, 刺杀骑士团长
25848819, 8.3, 6206, 钟表馆事件
04171951, 7.4, 29582, 失落的秘符
26284304, 7.9, 11277, 簪中录
04928387, 7.5, 23443, 单恋
26331014, 8.1, 7956, 怨氣撞鈴1·食骨
25986273, 8.4, 5021, 五只小猪
02149655, 7.6, 18970, 鬼吹灯Ⅱ之一·黄皮子坟
04067626, 8.1, 7799, 重力小丑
26774897, 8.0, 9019, 流星之绊
26674263, 8.3, 5589, 司藤
25884890, 8.3, 5584, 死亡通知单·暗黑者
03124386, 8.9, 2468, 大唐狄公案
11612936, 7.5, 21872, 古董局中局
01939182, 8.0, 8639, 美国众神
04252125, 8.7, 3083, 吉祥纹莲花楼·玄武
01499186, 9.4, 1360, MONSTER-怪物-18
06041089, 8.2, 6108, 家鸭与野鸭的投币式寄物柜
02214350, 8.4, 4515, 幻影书
27042830, 8.5, 3916, 幽灵
26298572, 7.9, 9710, 彷徨之刃
04252115, 8.7, 2920, 吉祥纹莲花楼·朱雀
02201813, 7.5, 19672, 藏地密码1
27035382, 8.1, 6794, 七根凶简
27064821, 8.9, 2242, 东方快车谋杀案
30313981, 8.7, 2871, 西出玉门 上
27200261, 7.6, 15862, 假面山庄
03264211, 8.7, 2790, 犹大之窗
30396677, 9.0, 1919, 谜宫·如意琳琅图集
02265312, 7.6, 15236, 鬼吹灯Ⅱ之二·南海归墟
04753783, 7.4, 22545, 分身
10464337, 8.2, 5515, 三国机密（上）
06719724, 8.1, 6379, 死了七次的男人
01082159, 8.2, 5459, 沉默的羔羊
26771719, 8.4, 3985, 钟表馆事件
04729585, 8.3, 4589, 死亡通知单2：宿命（上）
06716698, 8.3, 4545, 死亡通知单3：离别曲（下）
03244665, 8.4, 3913, 盗墓笔记之1：七星鲁王宫
02255896, 8.8, 2280, 绿里奇迹
06025373, 8.1, 5977, 风起陇西
02173262, 8.2, 5110, 假如明天来临
26723423, 8.3, 4379, 动物园
06558046, 8.2, 4984, 人间椅子
25737793, 8.6, 2848, 阳光劫匪
26261240, 7.7, 11280, 古董局中局 3
03212678, 8.4, 3706, 龍紋身的女孩
11498200, 8.3, 4266, 寂寞的频率
01059330, 8.3, 4197, 午夜凶铃
24153181, 7.6, 12980, 从前我死去的家
01573689, 8.9, 1881, And Then There Were None
26906797, 7.7, 10599, 圣女的救济
26359751, 8.2, 4683, 重力小丑
05326849, 8.1, 5445, 奥杜邦的祈祷
06977651, 8.0, 6295, 心理罪之画像
01026317, 7.7, 10387, 可爱的骨头
25720041, 7.7, 10342, 秘密
01057206, 7.3, 22205, 数字城堡
26352002, 8.3, 3913, 怨氣撞鈴4·黑蝶
01318431, 8.0, 6122, 幽灵旗
04732150, 7.9, 7175, 心理罪
10594788, 7.5, 14596, 谁杀了她
04264003, 7.4, 17443, 名侦探的守则
26576515, 8.1, 5119, 清明上河图密码 2
26746839, 8.3, 3778, 清明上河图密码3
26734228, 8.7, 2206, 鬼吹灯全集
25737044, 8.0, 5843, 饺子
05390091, 8.6, 2460, 人皮论语
03187750, 7.7, 9444, 斜屋犯罪
01052055, 8.3, 3650, 闪灵
03124547, 7.7, 9364, 藏地密码2
33445034, 7.7, 9361, 喜鹊谋杀案
03293574, 8.4, 3140, 人骨拼图
26320556, 8.1, 4759, 簪中录2
25846270, 8.7, 2044, 吉祥纹莲花楼（完美典藏版）
06558049, 8.2, 3950, 阴兽
01903152, 8.0, 5333, 悬崖山庄奇案
05026743, 8.0, 5299, 藏地密码9
04867367, 8.4, 2927, 死亡通知单2：宿命（下）
21371465, 8.3, 3301, 沉默的羔羊
34778578, 8.2, 3735, 恐妻家
03286829, 7.9, 5889, 脑髓地狱
25954353, 8.1, 4272, 所罗门的伪证
26351997, 8.2, 3683, 怨氣撞鈴3·飛天
06784976, 7.8, 6796, 圣女的救济
25929085, 8.1, 4220, 阳光下的罪恶
34813209, 8.7, 1857, 蝲蛄吟唱的地方
06127036, 8.6, 2096, 血字的研究
03865832, 7.1, 25174, 变身
26591905, 8.2, 3509, 蝴蝶梦
05387467, 8.3, 3038, 三口棺材
30205286, 8.2, 3492, 清明上河图密码5
26387513, 7.8, 6435, 麒麟之翼
21352126, 7.6, 9066, 沙海
25808056, 8.0, 4655, 纸牌屋
04164096, 7.6, 8993, 饥饿游戏
26861459, 8.6, 2019, 环界1
26331660, 8.1, 3964, 怨氣撞鈴2·根鬚
26962859, 7.7, 7399, 美国众神
06395329, 8.4, 2570, 盗墓笔记1
24882288, 7.4, 12754, 古董局中局 2
26314930, 8.6, 1964, 杀手界·疾风号
26046043, 8.4, 2519, 人类灭绝
01377736, 9.0, 1221, Murder on the Orient Express
26393180, 8.2, 3293, 怨氣撞鈴5·同路
04152764, 7.8, 6067, 点与线
27047626, 8.9, 1350, 約定的夢幻島 1
25929213, 8.5, 2182, 死亡通知单2·宿命
04846126, 8.1, 3752, 巴别塔之犬
01780253, 8.0, 4331, 亡者永生
02143487, 8.0, 4311, 茅山后裔1
26262050, 9.1, 1059, 肖申克的救赎
01469429, 8.4, 2415, 相思门
03238242, 7.9, 4931, 心理罪2：教化场
04870150, 8.3, 2713, 44号孩子
25832787, 8.7, 1629, 惊悚乐园1
26787935, 8.2, 3099, 夜色人生
06845421, 8.3, 2684, 盗墓笔记1·七星鲁王宫
02279868, 7.7, 6632, 风声
26356515, 7.7, 6609, S.
04891108, 8.5, 2045, 爱伦坡惊悚小说全集
26941500, 8.1, 3522, 希腊棺材之谜
07005249, 8.5, 2033, Gone Girl
03885914, 8.7, 1588, 悪意
06716685, 8.1, 3495, 死亡通知单3：离别曲（上）
27028847, 7.2, 16618, 沉睡的人鱼之家
01827376, 7.8, 5517, 死亡约会
26591906, 8.2, 3003, 浮生梦
03172156, 8.5, 1996, 柏林谍影
04799445, 7.9, 4620, 太阳黑子
02119536, 7.8, 5331, 砂器
34456274, 8.6, 1719, 胜者出局
05416915, 7.5, 8830, 杀人之门
25799686, 7.3, 12798, 无证之罪
26712111, 8.1, 3284, 撞铃
26365847, 7.5, 8652, 美人为馅
26745286, 8.4, 2152, 七根凶簡 套裝
03053207, 7.2, 14843, 侦探伽利略
26613724, 7.6, 6854, 余罪
26892089, 8.1, 3080, 奥杜邦的祈祷
25756947, 7.4, 9649, 地狱
20493367, 8.4, 1989, 爱伦·坡暗黑故事全集（上册）
03244671, 8.1, 2981, 盗墓笔记之2：怒海潜沙
01485225, 7.3, 11223, 骗局
01027767, 8.1, 2946, 时间的女儿
01210306, 8.9, 1083, 名侦探柯南2
26648636, 8.1, 2926, 成化十四年
02300301, 8.8, 1201, 黑貓
02242467, 7.2, 13399, 湖边凶杀案
26712106, 8.1, 2865, 开封志怪（全三册）
20449829, 7.4, 8911, 我杀了他
26598142, 7.3, 10671, 湖畔
26277676, 7.5, 7315, 心理罪之第七个读者
25912734, 7.1, 15729, 他来了，请闭眼
34786086, 7.3, 10434, 沉默的巡游
30313983, 8.4, 1852, 西出玉门 下
04725541, 7.6, 5990, 大漠苍狼
26650970, 7.3, 10274, 古董局中局 4
24531011, 7.5, 7094, 无声的证词
34778574, 7.5, 7040, 夏天、烟火和我的尸体
04027219, 7.8, 4220, 宠物公墓
27102207, 7.4, 8339, 放学后
04882013, 8.2, 2342, 异常
26652880, 7.6, 5829, 遗落的南境1：湮灭
04152750, 7.6, 5655, 杀戮之病
30475757, 7.9, 3498, 圣母
25897476, 8.5, 1546, S.
19950139, 7.2, 11752, 尸语者
25924860, 8.0, 3001, 设局
01210308, 8.9, 968, 名侦探柯南5
01210307, 8.9, 966, 名侦探柯南3
25846260, 8.1, 2566, 张公案
27178063, 7.4, 7821, 黎明之街
01489158, 7.8, 3953, 过年
34996429, 8.7, 1183, 消失的13级台阶
30303960, 8.5, 1497, 西出玉門（全四冊）
27194483, 8.2, 2199, 知更鸟
04181156, 8.2, 2183, 双曲线的杀人案
30133213, 8.9, 940, 尼罗河上的惨案
11615173, 7.1, 13481, 假面饭店
26915345, 8.4, 1646, Y的悲剧
04191594, 7.3, 8959, 绑架游戏
06026287, 7.6, 5243, 藏地密码10
06001119, 8.0, 2808, 两分铜币
26389907, 8.5, 1427, 柏林谍影
27055125, 8.0, 2735, 死了七次的男人
26614581, 8.1, 2370, 暗黑者外传：惩罚
06832303, 6.8, 24795, 别相信任何人
25764939, 8.3, 1810, 达·芬奇密码
11511204, 7.4, 7060, 悖论13
30441962, 8.5, 1390, 犹大之窗
01854753, 7.5, 5890, 返祖
01210305, 8.9, 881, 名侦探柯南4
07063845, 7.8, 3576, 失踪HOLIDAY
25844726, 8.0, 2645, 长夜
05417807, 7.5, 5696, 饥饿游戏2：燃烧的女孩
26861460, 8.5, 1334, 环界2
19898714, 7.6, 4660, 偶发空缺
06863330, 7.8, 3375, 丝之屋
30176554, 8.5, 1303, 暗黑者四部曲
05992037, 8.0, 2466, 为他准备的谋杀
04191438, 8.3, 1646, 燃烧的法庭
25728473, 8.5, 1284, 头号书迷
03654590, 7.6, 4535, 数字城堡
30398413, 8.3, 1624, 午夜北平
11614712, 8.0, 2419, 狱门岛
03017205, 7.8, 3235, 长眠不醒
04272635, 7.9, 2777, 盗墓笔记：吴邪的盗墓笔记
03113152, 8.2, 1827, 伯恩的身份
26780574, 7.8, 3172, 家鸭与野鸭的投币式寄物柜
03245113, 8.3, 1583, 盗墓笔记之4：云顶天宫
11528304, 7.8, 3118, 本阵杀人事件
06902164, 7.2, 8582, 平行世界·爱情故事
22023679, 8.5, 1199, 汉尼拔
27077201, 8.0, 2281, 警察
02242108, 9.1, 624, The Murder of Roger Ackroyd
25875828, 8.9, 761, 玫瑰的名字
30210250, 7.7, 3504, 谁杀了她
05423899, 7.8, 2997, 乌鸦的拇指
02111394, 8.2, 1702, 驱魔人·第一季·你是谁
10598145, 7.2, 8159, 毕业
10473347, 8.3, 1474, 双重赔偿
24863499, 7.5, 4700, 沙海2
27619637, 8.4, 1277, 救赎者
10473576, 7.4, 5465, 替身
26347981, 7.6, 3873, 簪中录3
26863353, 8.6, 988, 贩罪（全四册）
02225737, 7.2, 7676, 沉睡之城
30318654, 8.5, 1099, 诗人
26934555, 8.0, 2066, 法医秦明作品集
26981446, 8.3, 1377, 双峰: 神秘史
03788397, 8.5, 1080, 豺狼的日子
26920165, 6.8, 16974, 拉普拉斯的魔女
26996758, 7.8, 2699, 四月间事
26676577, 8.2, 1524, 鬼吹灯1：精绝古城
26811407, 7.6, 3601, 殉罪者
34894380, 8.0, 1977, 雾行者
26853726, 7.1, 8679, 假面饭店
01102497, 8.0, 1952, 歌剧魅影
01079629, 7.6, 3534, 碎脸
26347982, 7.5, 4154, 簪中录4
25851888, 8.2, 1478, 都市传说
27605902, 7.5, 4034, 必须找到阿历克斯
25767862, 7.0, 10124, 如果蜗牛有爱情
30325325, 8.0, 1888, 全能侦探社
01420524, 8.1, 1640, 夜谈蓬莱店
25896617, 7.3, 5631, 第十一根手指
27173553, 7.1, 8175, 白金数据
26654696, 9.1, 532, 肖申克的救赎
03284411, 8.2, 1433, 头发
06060436, 7.6, 3361, D坂杀人事件
26693258, 8.1, 1626, 暗黑者：离别曲
25827236, 7.4, 4585, 高智商犯罪2
01019431, 6.8, 14693, 荒村公寓
02242461, 7.0, 9568, 预知梦
26763171, 8.2, 1381, 雾中回忆
01043814, 7.8, 2363, 午夜凶铃2：复活之路
27166426, 7.7, 2740, 北洋夜行记
03245099, 8.0, 1772, 盗墓笔记之3：秦岭神树
24722916, 7.3, 5244, 如果一切重来
24532591, 7.3, 5226, 十角馆事件
26772419, 7.5, 3702, 幸存者
30317420, 7.8, 2317, 盛夏方程式
26825040, 8.5, 937, 张公案2
22606931, 8.3, 1185, 寒鸦行动
25746854, 8.2, 1338, 红龙
26864692, 8.4, 1047, 半妖司藤（上）
06725495, 7.4, 4317, 必须犯规的游戏
03072494, 9.8, 274, 午夜飞机上的谋杀
01012242, 6.7, 17160, 地狱的第19层
26775247, 8.0, 1705, 箱庭图书馆
27193113, 7.8, 2245, 黑色皮革手册
06845424, 8.3, 1154, 盗墓笔记3·云顶天宫
03130847, 8.2, 1292, 棺材舞者
25663137, 7.3, 4906, 高智商犯罪
33402272, 8.3, 1129, 混凝土里的金发女郎
01020393, 7.9, 1874, 我遇见了我 三减一等于几
04213990, 7.9, 1872, 天使游戏
27171658, 8.4, 987, 她一生的秘密
26650957, 7.6, 2903, 古董局中局
04126861, 8.0, 1617, 第四扇门
30226251, 8.2, 1236, 五芒星
10529972, 8.4, 963, 锅匠，裁缝，士兵，间谍
25862645, 7.5, 3292, 解密
01491253, 7.2, 5508, 猫眼
25918073, 7.8, 2047, 独眼少女
21370565, 7.6, 2750, 凶宅笔记
26184384, 8.2, 1193, 八月的星期天
04882008, 8.5, 836, 亚特兰蒂斯之心
34441316, 7.4, 3784, 万花筒：南烛
21347638, 7.1, 6425, 只差一个谎言
11597271, 7.9, 1737, 恶魔吹着笛子来
01858594, 7.2, 5275, 暗算
26349251, 7.4, 3684, 清道夫
10594783, 6.9, 9232, 沉睡的森林
07916282, 8.1, 1298, 汉尼拔崛起
26664095, 7.7, 2247, 古董局中局 大全集
26576239, 8.6, 715, 查理九世25·稻草人之乡
30197854, 8.0, 1464, 古董局中局1
30285163, 8.6, 714, 人类灭绝
26266156, 8.7, 640, 龙文身的女孩
03322627, 8.4, 886, The Girl with the Dragon Tattoo
30396712, 7.2, 4985, 尸人庄谜案
27092451, 8.7, 629, 最初的光明，最后的黑暗
27120508, 8.3, 972, 寒鸦行动
04191587, 6.7, 13265, 十一字杀人
03700600, 7.5, 2900, 骗局
27125958, 7.9, 1601, 人生复本
02076987, 8.0, 1400, 大宇神秘惊奇系列1-5
04109195, 8.4, 849, 午夜凶铃
26266157, 9.0, 445, 直捣蜂窝的女孩
34809715, 8.9, 489, 告白
26308574, 7.3, 3851, 锦衣之下（全二册）
27037148, 7.1, 5510, 大雪中的山庄
10729582, 8.5, 738, 希腊棺材之谜
05383916, 6.6, 15597, 十宗罪
20458045, 7.9, 1526, 老九门短篇集
06813389, 8.2, 1037, 盗墓笔记7·邛笼石影
06265782, 7.9, 1492, 闪灵
03278722, 8.2, 1007, 未來日記 01
26297985, 6.6, 14947, 梦幻花
10529920, 7.8, 1692, 1Q84（全三册）
26266155, 9.1, 391, 玩火的女孩
34995610, 7.9, 1466, 八百万种死法
27096113, 9.1, 387, 조명가게 세트
30210694, 7.1, 5095, 悲剧人偶
30218405, 8.3, 868, 古董局中局3
27089622, 8.3, 858, 朝圣者
02327558, 7.0, 6019, 罗刹之国
26907067, 8.1, 1089, 环界3.环
05038408, 7.5, 2461, 算计
27163125, 8.1, 1061, 七根凶简2
02216512, 7.7, 1802, 冒死记录
26813101, 7.7, 1801, 暗杀大师10：寻找伦勃朗
27113800, 8.2, 920, 风起陇西
30179644, 8.4, 729, 爱伦·坡短篇小说集
06967992, 7.6, 2030, 孤岛之鬼
26636681, 8.7, 523, 头号书迷
04903190, 6.9, 6729, 没有凶手的杀人夜
25708956, 7.7, 1716, 本店招牌菜
01796294, 7.1, 4489, 旋转门
06861465, 7.6, 1945, 羔羊的盛宴
06440768, 6.9, 6456, 十宗罪2
30187730, 9.1, 346, 鲁班的诅咒（全五册）：珍藏版大全集
24753186, 7.2, 3639, 邪恶催眠师
27083910, 7.4, 2597, 偷窥者
04191444, 7.9, 1254, 毒巧克力命案
01409771, 6.8, 7748, 荒村归来
27102448, 8.3, 763, 灰猫奇异事务所
06151649, 7.6, 1893, W的悲剧
07047148, 6.7, 9526, 同级生
25764938, 8.3, 754, 天使与魔鬼
25927233, 7.5, 2170, 杀手界
33378002, 7.9, 1226, 焦渴
30180292, 7.7, 1608, 犯罪心理1
30215098, 7.9, 1216, 犯罪心理2
30262582, 8.4, 664, 幻影书
25830845, 7.6, 1839, 邪恶催眠师2
01158750, 7.6, 1817, 三岔口
34856710, 8.6, 523, 疾风号
20432186, 7.0, 4840, 布鲁特斯的心脏
30346157, 8.0, 1031, 三幕悲剧
26692170, 8.2, 808, 鬼吹灯3：云南虫谷
05319117, 7.2, 3344, 鬼吹灯之牧野诡事
01463013, 6.8, 7084, 玛格丽特的秘密
26434548, 7.7, 1524, 别和她说话
26365969, 8.2, 785, 风声
07161323, 7.6, 1707, 藏地密码珍藏版大全集（共10册）
25830622, 8.1, 878, 苗疆蛊事4
04882014, 7.6, 1705, 残虐记
25996181, 8.1, 876, 真相
03201836, 7.8, 1281, 寻梦
27076809, 8.1, 871, 大唐悬疑录4：大明宫密码
30142312, 7.0, 4510, 本源
19951341, 7.6, 1667, 完美无缺的名侦探
33457122, 8.8, 404, 人生海海
25839470, 8.3, 676, 搏击俱乐部
27611067, 8.7, 443, 端脑（套装共5册）
30193776, 8.0, 957, 西游八十一案
01918122, 7.4, 2216, 门
25702794, 8.1, 846, 银行家的情人
35016085, 8.0, 948, 诡计博物馆
25348582, 8.3, 665, 暗夜无星
26739950, 7.7, 1402, 点与线
33428592, 7.8, 1200, 万花筒·秋石
34792523, 7.9, 1049, 黑暗中飘香的谎言
30308758, 8.0, 914, 只有他知道一切
04723740, 6.7, 7476, 回廊亭杀人事件
30285281, 9.1, 289, 大理寺日志 1
25779594, 7.1, 3358, 魔球
27128266, 8.8, 375, マイホームヒーロー 1
01491251, 7.0, 4009, 病毒
25886975, 8.5, 502, 它
26767248, 8.4, 556, 校园秘史
26792376, 7.2, 2778, 分身
26910593, 7.3, 2341, 重生
26365848, 7.5, 1676, 美人为馅2·大结局
03926634, 8.5, 483, 大师的背影
25961788, 7.4, 1912, 死亡约会
25862274, 7.6, 1417, 怪屋
25897675, 7.3, 2200, 比恐惧更强烈的情感
01958640, 6.6, 8170, 蝴蝶公墓
30372199, 7.2, 2579, 天谴者
26650973, 7.4, 1844, 古董局中局 2
25830623, 8.0, 805, 苗疆蛊事5
27067802, 8.1, 714, 第十二秒
27611288, 8.0, 804, 七根凶简3
25913219, 8.3, 561, 孤独的精确度
10782201, 7.3, 2087, 新房客和活死人
27088739, 7.4, 1772, 心理罪·第七个读者
26703641, 6.7, 6155, 假面前夜
10831840, 8.5, 448, 希区柯克悬念故事全集
05345877, 7.4, 1757, 亡者低语
21365489, 8.9, 304, 贝克街221号的秘密
10539805, 7.8, 994, 捕鼠器
06520626, 8.2, 610, 乱神馆记·蝶梦
30162440, 8.0, 770, 夜光的阶梯
01491252, 7.0, 3344, 诅咒
25921286, 7.4, 1705, 民调局异闻录1·苗乡巫祖
25737792, 7.8, 963, 黑屋吊影
30380274, 8.5, 431, 间谍先生：豺狼的日子
03413784, 7.8, 953, 鸡皮疙瘩：噩梦营·邻屋幽魂
30317423, 7.5, 1432, 我杀了他
25881120, 7.7, 1082, 桐花中路私立协济医院怪谈
26111149, 7.2, 2264, 第一日
03258458, 7.0, 3175, 贼猫
02226479, 7.7, 1070, 怪指纹
25957816, 7.3, 1886, 悖论13
20473569, 7.0, 3096, 河神1·鬼水怪谈
05326850, 6.6, 6772, 白马山庄杀人事件
27021110, 7.4, 1604, 控方证人
26379234, 8.3, 506, 心理罪 第1季
03017080, 6.7, 5327, 大空城之夜
34454619, 7.3, 1802, 遗忘，刑警
25713184, 7.7, 1009, 交错的场景
24532237, 7.6, 1138, 死亡螺旋
26283178, 7.9, 769, 他们来到巴格达
30161466, 7.3, 1707, 暗算
30207209, 8.5, 384, 没有名字的人
26366422, 7.8, 828, 怪房客
04124415, 7.9, 724, 虚拟街头漂流记
25887938, 7.8, 816, 螺丝在拧紧
26910597, 7.0, 2657, 直到那一天
27099392, 8.1, 561, 越狱者
25714261, 7.5, 1185, 如果蝸牛有愛情（上+下）
20269675, 7.2, 1859, 死者的警告
10527658, 7.7, 900, 女管家的心事
34950212, 9.0, 229, 逆时侦查组
30193103, 7.8, 783, 西游八十一案：西域列王纪
26352274, 7.8, 779, 禁闭岛
26846534, 8.4, 395, 哈利的十五次人生
06510996, 8.1, 544, 震度0
27200982, 7.6, 1006, 替身
30255951, 8.0, 606, 暗黑者
30238120, 7.6, 999, 大象无形
27666929, 7.3, 1535, 幻夜
04052716, 7.0, 2491, 鬼望坡
27120505, 7.8, 760, 针眼
27120504, 8.3, 428, 危险的财富
34996662, 7.2, 1761, 低智商犯罪
26133088, 7.7, 842, 天使的呢喃
07153418, 7.1, 2019, 富士山禁恋
26865025, 7.2, 1717, 半落
30389854, 8.0, 579, 球形的荒野
01438103, 8.6, 308, Rebecca
27609563, 7.5, 1086, 西游八十一案：大唐泥犁狱
26707955, 9.1, 199, 大唐狄公案 50周年纪念版
33457067, 8.7, 279, 风之影四部曲
04286244, 6.3, 9740, 濒死之眼
03703510, 7.0, 2326, 谜踪之国 I
30197860, 7.7, 818, 古董局中局2
30204297, 7.4, 1229, 夜行实录
30255667, 7.7, 812, 无尽世界
26754330, 7.7, 807, 真相推理师：复仇
05939295, 6.7, 3939, 鸟人计划
26692155, 8.2, 441, 鬼吹灯8：巫峡棺山
30330292, 7.1, 1890, 沉睡的森林
30344094, 9.2, 176, 大理寺日志 2
20172275, 8.3, 392, 无罪的罪人
30729970, 8.5, 321, 暗黑者2：宿命
25921287, 7.4, 1169, 民调局异闻录2·清河鬼戏
30246080, 7.8, 678, 虚无的十字架
04892942, 7.6, 871, 小小陌生人
26628146, 8.3, 383, 大宗师
27073559, 7.4, 1130, 兰亭序杀局1
34977889, 7.4, 1128, 侯大利刑侦笔记
30180673, 7.4, 1126, 她不是我妈妈
06831054, 7.6, 840, 绑架游戏
26672861, 8.4, 337, 惊悚乐园2
27134137, 7.1, 1739, 白夜追凶
20434037, 8.0, 512, 谜一样的眼睛
27079436, 8.5, 304, 心理神探
30353336, 9.0, 195, 長夜難明
30278792, 7.1, 1695, 守夜者2
26781153, 7.3, 1224, 邪恶催眠师3：梦醒大结局
30222412, 7.6, 799, 复仇者
33476148, 7.3, 1203, 杀死玛丽苏
26818125, 8.8, 222, 破绽
30228612, 7.8, 611, 游泳回家
27088738, 7.5, 888, 心理罪·城市之光
26698993, 8.0, 477, 杀青
25712589, 7.5, 883, 夜行
26692171, 7.6, 770, 鬼吹灯2：龙岭迷窟
26609809, 6.7, 3195, 火车上的女孩
06429267, 6.5, 4772, 美丽的凶器
26864693, 8.0, 472, 半妖司藤（下）
26707942, 6.4, 5832, 知更鸟女孩
06719658, 6.4, 5817, 谋杀似水年华
27088735, 7.6, 754, 心理罪·画像
24855160, 7.0, 1801, 多出来的第14个人
26840249, 7.3, 1126, 大唐悬疑录2：璇玑图密码
34803050, 8.9, 194, 吉祥纹莲花楼（全新番外典藏版）
26720828, 8.1, 409, 杀戮目标
30225865, 7.6, 732, 古董局中局4
04180380, 8.3, 330, 午夜凶铃（第二部）
05326048, 9.0, 176, 泄密的心
27068270, 7.9, 503, 昨日重现
25764937, 7.5, 827, 失落的秘符
25722933, 7.7, 638, 穹顶之下（上下）
25921289, 7.4, 937, 民调局异闻录4·亡魂列车
26692167, 7.8, 559, 鬼吹灯4：昆仑神宫
26997209, 7.2, 1251, 他来了请闭眼之暗粼
26975421, 7.6, 715, 关上门以后
26954209, 7.4, 932, 大唐悬疑录3：长恨歌密码
26271231, 7.2, 1225, 糖与香料
34948793, 8.9, 185, 谜宫·金榜题名
30276769, 6.8, 2345, 学生街的日子
03036665, 7.2, 1208, 罪全书
25921288, 7.3, 1036, 民调局异闻录3·血海鬼船
06023867, 7.9, 478, 冥海花
10826858, 6.4, 5086, 十宗罪3
26895033, 7.0, 1621, 知更鸟女孩2
04152789, 7.8, 528, 林中迷雾
03590913, 7.2, 1171, 摄魂谷
30458315, 8.4, 278, 本店招牌菜
03314756, 7.5, 758, 第十二张牌
10467108, 7.0, 1579, 蜘蛛男
04200204, 8.2, 332, 清微驭邪录
04035998, 6.7, 2632, 凶画
30345640, 7.8, 513, 犯罪心理3
30313283, 9.1, 150, 夏日時光(01)
05980634, 7.1, 1282, 刀锋上的救赎
34854035, 7.7, 561, 蟑螂
26895196, 6.9, 1760, 高智商犯罪3
26434580, 8.2, 320, Everything I Never Told You
25742785, 7.8, 493, 飞剪号奇航
26985961, 6.3, 5621, 宛如昨日
04090380, 7.0, 1463, 谜踪之国 II
05410404, 9.0, 155, 作者不詳（下）
26763189, 7.7, 544, 邪恶催眠师2：七宗罪
30429219, 7.9, 428, The Silent Patient
30282280, 8.9, 166, 13.67（修訂版)
30389007, 7.0, 1436, 天涯双探
20563216, 7.1, 1223, 喂食者协会
27088737, 7.3, 908, 心理罪·暗河
30412291, 8.2, 309, 三国谍影4：江东杀机
27606107, 7.5, 688, 河边的错误
26636832, 7.4, 786, 消失的女孩
06718284, 7.5, 684, 黑暗的另一半
27194592, 7.8, 463, 双峰：最终档案
26364303, 7.4, 763, 亚特兰蒂斯：基因战争
11621649, 7.0, 1376, 无止境的杀人
03130853, 7.4, 752, 石猴子
33401933, 8.9, 159, 被殺了三次的女孩
27616949, 7.8, 454, 父之罪
33427878, 7.2, 990, 梦幻花
30183846, 7.1, 1113, 火神
34809718, 7.3, 825, 蝙蝠
30271792, 7.9, 389, 风声
30362714, 7.4, 711, 冷雨
27088713, 7.6, 548, 心理罪·画像
02042170, 7.6, 545, 白衣女人
30203784, 7.4, 697, 1Q84 BOOK3
33461333, 7.1, 1066, 待我有罪时
26848052, 7.5, 606, 别爱上任何人
30448044, 7.2, 906, 侦探伽利略
25931738, 6.5, 2962, 偷窥一百二十天
26103854, 7.0, 1217, 布鲁特斯的心脏
02970254, 6.9, 1424, 夜话
34998081, 8.2, 270, 推理要在本格前
25816899, 7.0, 1192, 怪胎
24696830, 6.9, 1389, 犯罪心理档案
30422554, 8.2, 264, 黄金降落伞
25811454, 7.8, 401, 東京喰種 (1)
34432451, 8.3, 238, 冰风暴
06785571, 7.0, 1150, 冥婚
04838098, 8.0, 316, 白城恶魔
27148311, 7.8, 391, 摇摆的心
03768653, 6.6, 2187, 诡案组
01955166, 8.3, 229, 神探狄仁杰1
35006314, 7.8, 381, 骑士的献祭
30168533, 8.3, 227, 邪恶催眠师三部曲：全3册
30126964, 7.0, 1074, 乌云遇皎月
01492640, 6.7, 1754, 神在看着你
26613044, 7.8, 372, 亚特兰蒂斯2：末日病毒
26261238, 6.9, 1229, 超禁忌游戏Ⅰ
27045216, 7.8, 367, 迷雾中的小镇
30380272, 9.0, 123, 间谍先生:复仇者
11519810, 7.2, 772, 那夜凌晨，我坐上了旺角開往大埔的紅VAN (上)
25660899, 6.3, 3705, 十宗罪 4
26378909, 7.2, 766, 第七个读者
26667778, 6.6, 1947, 大唐悬疑录：兰亭序密码
26962628, 7.3, 636, 刀锋上的救赎（增补版）
26831080, 6.8, 1331, 变身（2016版）
26264953, 6.6, 1881, 天空之蜂
25905266, 7.3, 625, 桑苏西来客
30366330, 7.6, 425, 犯罪心理4
26832651, 6.6, 1833, 亲爱的弗洛伊德
25897402, 7.4, 530, 第13个小时
26996941, 8.6, 153, Big Little Lies
27058388, 8.1, 237, 致命魔术
26280061, 6.7, 1451, 第一夜
30358018, 8.2, 212, テセウスの船(1)
01775718, 6.8, 1186, 黑色大丽花
30358366, 6.4, 2450, 张大小姐
24739501, 6.5, 1990, 生死河
27126174, 7.4, 489, 农场
26639660, 7.1, 731, 摄魂谷
06728194, 6.6, 1615, 鬼吹灯之圣泉寻踪
27599129, 6.9, 975, 问米
06314045, 6.2, 3542, 以眨眼干杯
25965026, 8.1, 221, 天使与魔鬼
25961910, 7.1, 712, 九宗罪之心理实验
33410886, 7.6, 368, 无声的证词
30433571, 7.0, 806, 预知梦
30466192, 8.9, 109, 无人生还
20276023, 6.9, 897, 地狱公寓
23010385, 6.1, 4051, 空中杀人现场
34937179, 6.9, 886, 抱住我崩溃的大脑
35002963, 7.5, 392, 侯大利刑侦笔记2
26713080, 6.4, 2077, 亲爱的阿基米德
30231885, 7.8, 276, 脑髓地狱
28531867, 7.3, 494, 窗里的女人
11519452, 7.5, 380, 异闻录1
26911126, 6.4, 2019, 那时的某人
23045981, 6.7, 1164, 七面钟之谜
25750718, 6.4, 1999, 惊魂十四日
34892807, 6.8, 974, 守夜者3
27062629, 7.9, 239, 螺旋之谜
26309460, 8.2, 179, 左撇子的杀意
30387283, 7.5, 367, 崔老道传奇
23774513, 6.3, 2366, 十宗罪前传
30380271, 6.1, 3638, 危险的维纳斯
20375528, 7.3, 466, 天空的囚徒
05501657, 6.6, 1307, 禁忌之地
26949123, 6.1, 3523, 守夜者
26801110, 6.7, 1096, 遗落的南境3：接纳
27600501, 7.5, 355, 神迹
26704404, 9.3, 75, 玫瑰的名字
26576913, 6.8, 917, 最漫长的那一夜
35015583, 8.0, 205, 第十一根手指
10745485, 6.3, 2193, 地狱变
34950356, 8.1, 183, 黑色睡莲
33445305, 7.9, 221, 天堂囚徒
34808343, 7.5, 338, 碎裂
26989531, 7.4, 374, 封锁
26604034, 6.5, 1413, 真相推理师：嬗变
05990658, 6.8, 851, 谜踪之国IV
27593500, 7.3, 421, 是谁杀了我
27088736, 7.1, 544, 心理罪·教化场
34835879, 8.2, 160, 探金
30290250, 8.1, 175, 勉传
30231882, 7.6, 290, 死之枝
33394619, 9.3, 70, 大明锦衣卫之踏雪者2
25897662, 8.0, 188, 爱伦·坡短篇小说集
26971148, 5.9, 4744, 风雪追击
30165021, 7.4, 351, 暗杀大师1：暗杀艺术家
34785738, 8.2, 154, 《长安骊歌》（全三册）
34983171, 9.4, 64, 夜闻录
26785623, 6.4, 1557, 遗落的南境2：当权者
30191935, 7.8, 223, 过境之鸟
30133157, 7.9, 201, 八百万种死法
27197825, 7.3, 389, 燃烧的密码
30440900, 7.3, 388, 犯罪心理5
01773492, 7.4, 343, 天才雷普利
26881572, 6.8, 762, 十宗罪系列
34896913, 7.6, 269, 失败笔记本
04940912, 7.3, 377, 考骨纪·北疆生死契
26639659, 6.9, 625, 鬼望坡
24842290, 8.1, 157, 替身
34950272, 7.8, 209, 风尘里
25764940, 7.5, 286, 骗局
34919438, 7.5, 284, 万花筒·一榭
03629927, 6.7, 830, 致命之旅
26876118, 7.8, 204, 胆小鬼侦探
34984112, 8.0, 166, 风暴来的那一天
30488749, 8.3, 127, 银行局
27083911, 6.8, 661, 拼布娃娃
26328601, 6.9, 548, The Girl on the Train
27007486, 5.8, 4452, 恋爱的贡多拉
26907068, 6.6, 857, 环界4.新生
34786082, 7.6, 227, 平行世界·爱情故事
30289132, 7.1, 408, 无声尖叫
34782181, 8.1, 139, 网中人
30330456, 8.5, 100, 被遗忘的花园
26389892, 6.0, 2677, 十宗罪5
27011961, 7.3, 311, 玩家
34893668, 8.0, 149, 暗数杀人笔记
24734310, 6.8, 602, 七人环
30283361, 7.2, 349, 黑城
27175352, 7.6, 220, 白夜追凶
26810827, 6.1, 2028, 黑石之墓
33437471, 7.6, 212, 天使游戏
25870756, 8.1, 131, 永远没有的真相
30329448, 7.4, 260, 三只瞎老鼠
34451947, 8.7, 81, 代号13
25982653, 8.4, 101, 野獸之城
30586160, 8.1, 128, 暗黑者3:离别曲
30389703, 7.4, 255, 褐衣男子
25841847, 5.6, 6354, 疾风回旋曲
34456978, 7.5, 226, 睡魔的谎言
26103819, 6.3, 1236, 美丽的凶器
34429348, 8.3, 106, 幻影女子
26392203, 6.5, 840, 尸案调查科
30358486, 6.9, 454, 只差一个谎言
26388141, 6.6, 710, 乌盆记
30316671, 6.5, 824, AI迷航
35031960, 9.4, 49, 银行局：伪装者
04882135, 7.0, 388, 黄色房间的秘密
27181606, 6.8, 503, 没有凶手的暗夜
34988577, 9.2, 54, 至少还有你
30156396, 6.9, 426, 崔老道捉妖
30464422, 7.3, 254, 食罪者
30257237, 7.0, 361, 焚曲
27163166, 6.2, 1286, 以眨眼干杯
27116255, 7.2, 275, 河神
34962620, 7.5, 188, 想見你
26702424, 6.7, 490, 尸案调查科2
34882912, 7.4, 200, 桐花中路私立协济医院怪谈
30440720, 8.8, 61, 胆小鬼侦探3
04721788, 6.6, 550, 地狱的第19层
30338798, 7.4, 196, 红豆生南国
26981180, 7.4, 195, 亲爱的阿基米德（典藏版）
34918512, 8.5, 74, 弹弓神警2
25904882, 6.8, 402, 沙海1
34662076, 6.6, 537, 绑架游戏
30181102, 6.6, 533, 犯罪痕迹师
27108649, 7.7, 141, 夜行列车
04098259, 6.9, 342, 嬗变
30371247, 6.8, 391, 锦衣之下·典藏版
34464618, 7.7, 134, 圣天秤星
24324954, 7.6, 145, 希区柯克最经典的推理故事集
30372955, 6.6, 487, 无尽之夏
34431939, 7.5, 156, 羔羊的盛宴
26861716, 6.2, 917, 中国异闻录
25838562, 6.5, 544, 十宗罪
26857033, 6.9, 303, 如果蜗牛有爱情（上下）
26639658, 6.3, 725, 凶画
24720957, 5.7, 2470, 雪国之劫
26944132, 7.4, 163, 我想被高中女生殺死 1
34917504, 8.7, 56, 百年春光
34900755, 7.5, 145, 夜行实录2
34925955, 8.1, 85, 残像
27091456, 6.2, 816, 亲爱的苏格拉底
30376646, 8.7, 54, 海明威与骗子工厂
26424037, 7.0, 241, 一品仵作
30394212, 6.4, 553, 暖气
30169891, 5.8, 1644, 追踪师
21349382, 6.5, 439, 那夜凌晨，我坐上了旺角開往大埔的紅VAN (下)
34969993, 8.1, 77, 安葬时刻
34461698, 7.7, 107, 无双·上
26915875, 7.9, 88, 极度分裂 01
24851694, 7.0, 212, 如果九月可以永存
27085766, 7.5, 124, 冰血：零下30℃的刑侦现场
34938997, 8.9, 43, 藏锋行
33453228, 8.4, 59, 伊藤潤二短篇集 BEST OF BEST
27104547, 6.2, 643, 天坑鹰猎
34930230, 8.1, 69, 罪案调查科：罪终迷局（亲笔签名版）
27044048, 6.7, 282, 鸦雀无声
06854474, 6.0, 865, 搜索杀人来电
35060383, 8.3, 59, 逝者之书
34799537, 6.3, 500, 11字谜案
26746467, 6.0, 838, 梦游症
34970873, 8.6, 46, 漫长的告别
25908530, 5.9, 959, 替身S
34867535, 8.4, 52, 无双·中
33461525, 7.5, 104, 快递包裹
25414347, 7.5, 101, 着魔
34786087, 6.1, 603, 布谷鸟的蛋
26756589, 6.2, 487, 千魂
34822488, 7.7, 81, 黑暗的次方
20172568, 6.8, 203, 让死者闭眼
26924209, 7.7, 78, 二流侦探和猫
34836248, 8.2, 53, 解密
30474637, 6.2, 452, 烧烤怪谈
34857264, 7.1, 136, 缉凶
27018513, 6.7, 216, 召唤
34807344, 6.3, 364, 雪国之劫
34867417, 8.1, 54, 无双·下
26357733, 7.7, 69, 殺人鬼藤子的真實
34936417, 6.8, 165, 天坑宝藏
35078620, 7.1, 116, 侯大利刑侦笔记3
34452291, 8.5, 38, 鬼吹灯.1
34442488, 6.8, 160, 看不见的客人
27117953, 5.9, 576, 超禁忌游戏 大结局
35082163, 9.3, 24, 生死裁决·追寻
30309770, 7.7, 63, 唐宫奇案 上
30384262, 7.4, 81, 大明妖孽
30289526, 6.3, 280, 冬至
34461216, 6.5, 209, 沙德维尔的暗影
30329422, 7.0, 115, 法医宋慈
34866078, 6.9, 128, 算计
34822467, 7.4, 75, 法医宋慈2
26668796, 6.8, 135, 灯下黑1
34880583, 7.1, 95, 平行线
34950891, 7.7, 56, 食罪者6
34873033, 7.8, 51, 民调局异闻录终结季 （套装全7册）（悬疑小说大神 耳东水寿 五年潜心修订，震撼来袭！）
34854338, 6.9, 113, 燃烧
33411274, 6.8, 123, 一觉醒来听说我结婚了
35092425, 8.5, 30, 我是谁
27104573, 7.3, 70, 完美圈套
33379565, 6.2, 247, 十四分之一(卷壹)必須犯規的遊戲
34452301, 8.4, 31, 鬼吹灯.2
34866183, 8.3, 32, 非标准答案：四邻不安
34947381, 7.1, 79, 人间游戏：伤痕
35025411, 9.2, 20, 长弓少年行
32568098, 7.6, 50, 古董局中局(套装四册大全集)
34947379, 6.8, 100, 玫瑰的遭遇
34950883, 7.3, 61, 食罪者5
34936058, 7.9, 38, 抓住救命稻草的野獸們
35071723, 9.4, 17, 平行线2：恶意
33396794, 8.6, 23, The Silent Patient (Audiobook)
34971544, 8.3, 26, 绝望夏日
34431983, 7.6, 38, 他的秘密
30247389, 6.2, 144, 粉笔人
34932137, 9.1, 16, ID:INVADED 1 #BRAKE-BROKEN
35053323, 6.9, 64, 猎杀档案
34950907, 7.1, 51, 食罪者7
34948844, 7.3, 43, 超禁忌秘密3 ：狼人崛起
30038794, 4.9, 1745, 十宗罪6
34808348, 6.5, 83, 真相是你的谎言
35024419, 7.4, 34, Killing Eve: Die for Me (Killing Eve (3))
34662077, 6.5, 74, 濒死之眼
34970884, 7.7, 27, 错误的告别
34902233, 8.3, 19, 蹺蹺板怪物
34972442, 8.8, 15, 不能贏的辯護
34932088, 6.7, 55, 两种真相
34930229, 6.7, 52, 罪案调查科：罪终迷局（终场）
30409568, 6.5, 61, 灵魂追凶
33380615, 8.2, 15, 妖怪调查科
27183182, 6.8, 32, 小镇疑云
34907862, 7.3, 21, 生命拍卖
34825962, 5.5, 120, 傩神
26289649, 4.7, 392, 罗布泊之咒
35049468, 6.9, 19, 我当心理咨询师遇到的那些怪诞事件3
33402242, 6.5, 23, 静默之地
34849014, 7.2, 10, If It Bleeds
35003264, 0.0, 17, 恶果
34907521, 0.0, 27, 猎星者（全二册）
35081039, 0.0, 31, 蝶证：昆虫专家探案录
