2020-07-05 16:00:03

number of books, tag name
112, 愤青

ID, rating, votes, title
01054685, 9.1, 100732, 沉默的大多数
01089243, 8.9, 124073, 黄金时代
04238362, 8.6, 126794, 送你一颗子弹
01082387, 9.3, 35131, 一九八四·动物农场
01767945, 8.8, 67475, 一只特立独行的猪
01046265, 8.0, 317933, 挪威的森林
01003000, 8.3, 112845, 悟空传
01401425, 8.3, 84771, 兄弟（上）
01426971, 8.8, 30175, 野火集
05275059, 7.9, 138108, 1988：我想和这个世界谈谈
02053249, 8.1, 62228, 麦田里的守望者
01082518, 7.9, 59966, 麦田里的守望者
20463108, 8.3, 26235, 观念的水位
01061977, 8.7, 12954, 血色浪漫
04872671, 8.2, 27465, 佛祖在一号线
01082407, 8.8, 9606, 青铜时代
06431994, 8.2, 23660, 悟空传
01082522, 8.2, 21510, 家
20431965, 8.5, 12989, 只有医生知道!
01917972, 7.8, 45237, 在路上
01026425, 7.4, 108284, 三重门
01096790, 8.7, 9441, 黑铁时代
01013502, 7.6, 60626, 钢铁是怎样炼成的
01003284, 8.1, 22271, 退步集
03860856, 8.1, 22174, 可爱的洪水猛兽
03711709, 8.7, 8252, 娱乐至死 童年的消逝
03394338, 7.5, 55638, 他的国
04286204, 8.1, 15101, 麦田里的守望者
06902639, 7.8, 24876, 青春
05290564, 8.3, 9918, 青春
01427825, 8.5, 6650, 中国人史纲（上中下）
03879026, 8.2, 10540, 死亡通知单
05401989, 8.0, 13280, 自由在高处
01027247, 7.8, 18689, 丑陋的中国人
03067169, 7.9, 15431, 丑陋的中国人
01400195, 8.7, 4285, 论自由
20425053, 7.6, 24203, 我所理解的生活
01063245, 7.6, 22606, 通稿2003
01009160, 7.3, 40045, 像少年啦飞驰
02081876, 7.2, 43595, 货币战争
03274851, 8.0, 9202, 原谅我红尘颠倒
01034108, 7.2, 38502, 零下一度
02052596, 8.2, 5927, 退步集续编
04741216, 7.3, 23095, 我的奋斗
06714015, 8.4, 3515, 源氏物语
05290534, 7.7, 9723, 为了报仇看电影
10763905, 7.7, 8226, 西游日记
10565151, 7.5, 11443, 我是个年轻人 我心情不太好
02257188, 7.6, 8799, 致女儿书
03018322, 7.5, 10443, 活着活着就老了
25733170, 8.7, 1739, 吾国教育病理
01047851, 7.7, 6729, 晃晃悠悠
01041616, 7.4, 10994, 那些忧伤的年轻人
02287508, 8.0, 3049, 多余的素材
05949045, 7.4, 5961, 李可乐抗拆记
10582351, 7.4, 5551, 虚实之间
01064387, 8.4, 1231, 中国人史纲
01980222, 8.2, 1510, 丑陋的中国人
01009368, 7.9, 1688, 李敖回忆录
06773642, 7.7, 2229, 猛虎细嗅蔷薇
01831760, 8.0, 1126, 弱水三千
30197650, 8.8, 425, 致愤青
01759860, 7.4, 2347, 不许联想
01039610, 7.8, 1291, 铁屋中呐喊
03608751, 7.4, 2207, 醒来
03651646, 7.5, 1768, 精神明亮的人
01005993, 7.6, 1385, 压伤的芦苇
01478120, 8.8, 328, Zen and the Art of Motorcycle Maintenance
05503955, 8.2, 554, 陈丹青归国十年油画速写2000-2010
01081403, 7.5, 1174, 我的梦想在燃烧
10344037, 7.1, 2141, 给理想一点时间
01268609, 9.3, 176, 鲁迅小说全编
10569245, 7.0, 2182, 不愿说谢谢的人
02023300, 8.6, 289, 野火集
03182667, 8.2, 383, 异旅人
23782049, 8.1, 363, 儿童的世纪
03210649, 8.6, 212, 死刑通知單 第一部之2
11612914, 7.0, 1323, 恶俗
01394978, 7.2, 963, 等待是一生最初苍老
06937890, 7.7, 497, 朗姆酒日记
04151109, 7.5, 520, 最后的家庭
01421106, 8.5, 178, 伊甸园之门
10569244, 6.7, 1336, 懒得甜美
10807777, 7.4, 406, 我去!拉萨
05988634, 7.2, 470, 法律稻草人
02981239, 8.3, 94, 丑陋的中国人
05366013, 6.4, 800, 烂生活
20645222, 7.7, 148, 革命2020
01942923, 7.0, 299, 毕业了我们一无所有
04710366, 8.4, 77, 石头小猪
03071677, 7.4, 137, 狂人刘文典
30166763, 6.5, 407, 笑着活下去
01546987, 7.3, 142, 愤青时代
26297671, 7.2, 133, 致愤青
01450034, 7.7, 79, 致一位“愤青”的信
04928523, 6.7, 201, 80后命运书
03796887, 7.0, 130, 中国谁在不高兴
01401802, 7.4, 85, 打死父亲
05341324, 5.8, 525, 打捞中国愤青
02909371, 8.2, 37, Letters to a Young Contrarian
02278358, 6.2, 215, 这就是狗屎-摩登时代生活百科
07564729, 6.9, 86, 打死父亲
01864651, 6.9, 73, 愤青史记
20482618, 5.9, 237, 目标中国
26176785, 8.4, 19, Age of Ambition
01507022, 5.0, 931, 中国可以说不
05447186, 6.3, 58, 囧境突围
04853853, 7.3, 15, 玫瑰水晶球
01703136, 4.7, 109, 中国还是能说不
03325360, 6.2, 14, 国有病谁买单
01276202, 5.9, 13, 第四代人的精神-现代中国人的救世情怀
01954427, 0.0, 12, 强国之道
