2020-07-05 16:00:03

number of books, tag name
870, 戏剧

ID, rating, votes, title
02154960, 8.7, 107018, 一个陌生女人的来信
01013416, 8.6, 60022, 雷雨
01006197, 8.6, 35740, 哈姆莱特
01036613, 9.0, 14179, 茶馆
01073708, 9.0, 9446, 牡丹亭
03010133, 8.4, 13960, 琥珀·恋爱的犀牛
04275058, 9.2, 4381, 茶馆
01212488, 8.3, 13283, 罗密欧与朱丽叶（名著名译插图本）
01049957, 8.7, 6780, 浮士德
01393218, 9.2, 3328, 大明宫词
25773575, 9.2, 3249, 哈姆雷特
01076330, 9.1, 3426, 奥狄浦斯王
01016631, 8.5, 7675, 西厢记
03723589, 8.5, 7395, 滚滚红尘
01089049, 9.4, 2151, 莎士比亚全集（全8册）
03129584, 8.8, 4167, 莎乐美
26925171, 9.3, 2205, 大明王朝1566
01044772, 8.6, 5042, 雷雨
03100584, 8.8, 3820, 麦克白
03010130, 7.7, 21790, 悲观主义的花朵
01317857, 9.1, 2500, 牡丹亭
01034922, 9.0, 2805, 莎士比亚喜剧悲剧集
01882915, 8.9, 3153, 莎士比亚四大悲剧
01021709, 8.6, 4658, 桃花扇
01036446, 9.0, 2761, 诗学
01009043, 8.5, 5311, 日出
02026658, 8.7, 3869, 哈姆雷特
01034106, 8.1, 9332, 威尼斯商人
01051714, 8.3, 6260, 等待戈多
01030469, 8.3, 6246, 青鸟
25837852, 8.9, 2721, 堂吉诃德
27103796, 8.7, 3500, 恋爱的犀牛
01042168, 8.4, 5075, 李尔王
01001065, 8.5, 4293, 麦克白
11501640, 8.4, 4885, 柔软
01012117, 8.3, 5568, 仲夏夜之梦
01125283, 9.0, 2074, 莎士比亚悲剧集
25912106, 9.3, 1474, 万尼亚舅舅·三姊妹·樱桃园
03062632, 8.6, 3375, 日常生活中的自我呈现
06784968, 8.8, 2560, 莎乐美
24257192, 9.3, 1364, 卡利古拉
04732188, 8.1, 6290, 中央公园西路
25912108, 9.4, 1196, 伊凡诺夫·海鸥
01203622, 9.0, 1719, 莎乐美 道林・格雷的画像
01792749, 8.5, 3169, 等待戈多
04247000, 9.0, 1682, 欲望号街车
26649304, 8.9, 1871, 一个无政府主义者的意外死亡
05290534, 7.7, 9723, 为了报仇看电影
06864307, 7.4, 16838, 像我这样笨拙地生活
01040131, 8.6, 2449, 茶馆 龙须沟
01196725, 8.8, 1891, 哈姆雷特
01373788, 8.4, 3058, 玩偶之家
06820477, 8.2, 3971, 滚滚红尘
02253414, 8.9, 1559, 哈姆莱特
10426425, 8.7, 1949, 寻找无双
30214955, 9.4, 902, 雷雨
25726725, 9.0, 1363, 奥赛罗
02156959, 8.1, 4322, 捕鼠器
01317893, 8.6, 2145, 西厢记
04893069, 9.3, 962, 莎士比亚喜剧悲剧集
01078750, 8.8, 1645, 雷雨
01317891, 8.9, 1421, 桃花扇
01053914, 8.6, 2028, 游园惊梦
04832194, 9.4, 833, 莎士比亚全集
01022951, 8.4, 2419, 长生殿
03127852, 8.6, 1857, 推销员之死
04617900, 8.5, 2103, 萨德侯爵夫人
01047325, 9.2, 943, 老妇还乡
03100585, 8.6, 1826, 李尔王
25713688, 8.6, 1717, 蒋公的面子
03132500, 8.9, 1157, 雷雨
01316651, 8.3, 2347, 北京人
25760473, 8.7, 1389, 等待戈多
27103989, 9.6, 555, 大明宫词
01065261, 8.4, 2005, 哈姆莱特
02127498, 9.5, 605, 罗念生全集：第二卷：埃斯库罗斯悲剧三种、索福克勒斯悲剧四种
01007959, 8.8, 1217, 茶馆
02377488, 9.3, 703, 老妇还乡
19982767, 8.9, 1056, 茶馆 叶浅予插图本
01032126, 8.6, 1443, 奥瑟罗
26807340, 9.6, 506, 索福克勒斯悲剧五种
06539790, 8.1, 2592, 你的剧本逊毙了！
03534238, 8.4, 1695, 玩偶之家
01000251, 9.0, 842, 王尔德全集
01941696, 8.7, 1161, 萨拉·凯恩戏剧集
01039017, 8.9, 926, 温夫人的扇子
27591504, 9.2, 677, 候场
10955921, 8.2, 2097, 骂观众
05366444, 8.7, 1120, 六个寻找剧作家的角色
27012140, 8.6, 1229, 长夜漫漫路迢迢
01995655, 9.2, 645, 演员自我修养(第一部)
01077898, 8.1, 2276, 原野
11601218, 8.1, 2221, 眨眼之间
02209903, 8.4, 1473, 暗恋桃花源 红色的天空
01011977, 8.2, 1899, 先锋戏剧档案
05416922, 8.9, 824, 萨勒姆的女巫
01792474, 9.1, 666, 易卜生戏剧集（三卷）
01318125, 9.1, 658, 茶馆
01030575, 9.0, 720, 理想丈夫与不可儿戏
01088030, 8.7, 979, 莎士比亚喜剧集
26756030, 8.2, 1790, 时间之间
22519910, 8.4, 1379, 编剧的艺术
26936003, 9.0, 706, 茶馆
26725405, 7.8, 3013, Harry Potter and the Cursed Child
06749472, 8.1, 1926, 赖声川的创意学
01889450, 7.8, 2904, 赖声川的创意学
03025256, 8.9, 716, 哈姆雷特
26611456, 8.6, 983, 剧院风情
05416923, 8.8, 775, 推销员之死
34820849, 9.4, 434, 近代能乐集
23238604, 9.4, 426, 莎士比亚悲剧喜剧全集·朱生豪译（全5册）
03100582, 8.2, 1521, 第十二夜
01002262, 9.1, 560, 宋元戏曲史
25875172, 9.1, 560, 艺术创造学
26747147, 8.5, 1053, 等待戈多
27156021, 8.6, 939, 十二怒汉
30421553, 9.6, 355, 汪曾祺全集（全十二卷）
01089892, 9.2, 503, 莎士比亚悲剧四种
03100579, 8.3, 1295, 仲夏夜之梦
03100590, 8.6, 901, 罗密欧与朱丽叶
02219098, 9.2, 489, 古希腊悲剧喜剧全集（全8册）
19961140, 9.1, 534, 古希腊戏剧选
01011680, 7.8, 2487, 雅克和他的主人
01023557, 9.1, 532, 萨特戏剧集(上下)
02032103, 9.3, 442, 索福克勒斯悲剧二种
02043873, 9.0, 585, 天边外
30137612, 7.6, 3231, 主角
01459018, 8.9, 613, 西厢记
24257271, 9.0, 553, 正义者
01760082, 9.2, 450, 丹东之死
02328539, 9.4, 376, 契诃夫戏剧集
03131641, 8.6, 801, 莫里哀喜剧六种
01427315, 8.7, 706, The Importance of Being Earnest
04120483, 9.2, 423, 加缪全集（戏剧卷）
24838958, 8.7, 680, 我们的小镇
01145593, 9.1, 454, 哥本哈根
03706295, 8.6, 749, 剪刀上的蘑菇
03072287, 8.3, 1046, 威尼斯商人
02076853, 9.0, 485, 奥尼尔剧作选
04772537, 8.4, 895, 窥看舞台
03851791, 9.1, 432, 大鼻子情圣
02364763, 8.8, 576, 古希腊戏剧选
10564062, 9.0, 465, 李尔王
04621084, 8.4, 863, 蝴蝶君
25901849, 9.0, 462, 浮士德
26776046, 9.2, 383, 卡利古拉
20435558, 9.1, 419, 莎乐美
06851810, 8.5, 766, 作家之旅
26982527, 9.2, 376, 王尔德喜剧
27187490, 9.3, 341, 莎士比亚悲剧喜剧全集
26378476, 8.7, 597, 欲望号街车
02382542, 9.2, 369, 毕希纳全集
01051975, 8.7, 592, 无事生非
10443423, 9.6, 260, 大明宫词
06723590, 9.2, 356, 古希腊悲剧喜剧集（上下）
01317883, 8.4, 783, 长生殿
20375525, 9.1, 381, 易卜生戏剧选
01050006, 7.8, 1624, 伪君子
03132489, 8.9, 450, 茶馆
01951131, 9.3, 301, 卡里古拉
01871172, 8.9, 426, 易卜生戏剧四种
02209044, 9.0, 386, 培尔·金特
27103798, 8.5, 629, 柔软
01475439, 8.9, 416, 荒诞派戏剧集
06771972, 8.9, 409, 雷雨
01042702, 8.3, 760, 钦差大臣
26352553, 8.7, 495, 樱桃园
25773582, 9.3, 283, 李尔王
01945249, 9.0, 364, 论戏剧性
01530473, 8.8, 429, 空的空间
30257756, 8.8, 426, 阳台
25919527, 9.5, 227, 故事的解剖
10564064, 8.7, 455, 麦克白
03100588, 8.8, 411, 奥瑟罗
26807314, 9.5, 225, 欧里庇得斯悲剧五种
27103777, 8.2, 763, 琥珀
02337439, 8.8, 404, 敞开的门
01718677, 9.5, 220, The Plays of Oscar Wilde
05350834, 8.8, 398, 尼伯龙根的指环
26671794, 8.4, 587, 萨德侯爵夫人
01060333, 8.2, 732, 温莎的风流娘们
26820876, 8.9, 355, 李尔王
06784955, 8.5, 524, 伽利略传
06784956, 8.1, 815, 四川好人
20451938, 8.9, 352, 德意志悲苦剧的起源
03835355, 9.4, 229, 文学术语词典（中英对照）
01082445, 8.9, 345, 萨特文集（1-7卷）
03100580, 8.5, 509, 威尼斯商人
02216373, 7.4, 2027, 毁灭，她说
01013568, 9.2, 259, 古希腊戏剧选
01038789, 8.4, 550, 罗密欧与朱丽叶
02271641, 8.5, 495, 奥塞罗
01214171, 8.2, 675, 阴谋与爱情
04109156, 8.9, 330, 论戏剧性
03100587, 7.9, 960, 暴风雨
01475452, 9.0, 297, Salome
01875715, 9.5, 194, 奥尼尔文集（全六册）
26986047, 9.1, 266, 樱桃园
01310667, 9.2, 244, 科利奥兰纳斯
04742942, 8.4, 514, 归于尘土
01023595, 7.9, 900, 窦娥冤
04246999, 8.2, 616, 热铁皮屋顶上的猫
03919631, 9.3, 217, 茶馆·正红旗下
10539805, 7.8, 994, 捕鼠器
30161036, 9.6, 172, 北京人(精)
26820873, 9.3, 215, 哈姆莱特
30367976, 9.1, 252, 被拯救的威尼斯
01767763, 8.9, 297, 收信快乐
34393003, 9.2, 230, 如梦之梦
26771026, 9.6, 169, Hamilton
02284288, 9.0, 269, 善的脆弱性
01467508, 9.1, 247, 古希腊悲剧经典（上）（下）
01026916, 9.0, 267, 芭巴拉少校
26436991, 9.4, 193, 莎士比亚全集
01028894, 8.5, 423, 姹紫嫣红《牡丹亭》
01857240, 8.5, 421, 榆树下的欲望 漫长的旅程
27112663, 9.8, 143, 契诃夫戏剧全集
01170050, 9.2, 223, 埃斯库罗斯悲剧三种 索福克勒斯悲剧四种
30159018, 9.1, 240, 死无葬身之地
04243519, 8.6, 370, 茶馆 龙须沟
24840361, 8.7, 334, 一月十六日夜
01784328, 8.8, 302, 诗学
02152222, 9.0, 251, 罗念生全集：第四卷：阿里斯托芬喜剧六种
27029894, 8.7, 326, 安魂曲
26807312, 9.2, 211, 埃斯库罗斯悲剧六种
19963193, 8.5, 393, 山羊
05501654, 8.6, 351, 怀疑
04729479, 8.3, 468, 送菜升降机
04304738, 8.7, 314, 万尼亚舅舅
02336043, 8.8, 286, 迈克·弗雷恩戏剧集
04040732, 8.8, 285, 不可儿戏
01069857, 8.6, 338, 天下第一楼
01755967, 8.6, 338, An Ideal Husband
25758141, 8.6, 336, 尊重表演艺术（修订版）
01636704, 9.3, 184, 外国当代剧作选1
03222845, 8.0, 629, 玩偶之家
01762848, 7.9, 706, 低音提琴
02121677, 9.2, 197, 外国现代派作品选 （第一册 上下）
25937706, 9.9, 118, 莎士比亚全集
06387179, 8.9, 248, 近松门左卫门选集
25956658, 8.6, 324, 风景中的少年
01456313, 8.8, 269, The Crucible
01088479, 9.3, 178, 莎士比亚全集(二)
26436129, 9.1, 208, 潘家洵译易卜生戏剧
01356636, 8.8, 266, The Glass Menagerie
03036890, 9.5, 152, 我爱我家
27145976, 8.5, 347, 演技六讲
02055231, 8.8, 260, 荒诞派戏剧选
26716881, 8.7, 276, 进入黑夜的漫长旅程
24884411, 8.7, 275, 世界戏剧学
04582449, 8.9, 230, The Importance of Being Earnest
20278403, 8.3, 403, 圣女贞德
01802134, 8.6, 297, 云 马蜂
01779818, 8.8, 245, 现代戏剧理论
06843464, 7.8, 691, 长天过大云
01444079, 9.4, 150, 席勒文集（全六卷）
01838187, 8.2, 430, 华伦夫人的职业
02032529, 8.8, 240, 拉辛戏剧选
05347801, 7.6, 870, 编剧：步步为营
26820866, 8.5, 313, 暴风雨
26822059, 8.5, 313, 麦克白
01067390, 8.6, 278, 裘力斯·凯撒
01477161, 8.8, 232, Pygmalion
02029750, 9.3, 155, M. Butterfly.
34392552, 8.3, 369, 暗恋桃花源
25919907, 9.1, 179, 曹禺经典剧作：雷雨·日出·原野·北京人
34662082, 8.2, 403, 剧本结构论
01317853, 8.9, 208, 斯特林堡文集（全五册）
25859178, 7.8, 626, 人间有戏
01005788, 9.1, 176, 哗变
01391617, 8.9, 206, 牡丹亭
26943606, 8.8, 224, 逃亡
20502635, 9.2, 161, 莎士比亚四大悲剧
26838261, 9.1, 173, 敞开的门
25757988, 8.5, 289, 玩偶之家（中英对照全译本）
26693987, 9.6, 120, 哈姆莱特
30289610, 8.8, 219, 日出
25791220, 9.1, 169, 宝岛一村
25778431, 8.7, 235, 威尼斯商人
25859184, 8.8, 215, 渴求
01460620, 8.8, 214, A Streetcar Named Desire
02320760, 8.3, 336, 赵氏孤儿
25760217, 8.2, 369, 乌托有个帮
02017722, 8.0, 457, 阴谋与爱情
26821012, 8.7, 228, 罗密欧与朱丽叶
01352735, 8.0, 455, 曼陀罗
01968525, 8.6, 249, 现代悲剧
03694913, 8.7, 225, 莎士比亚的政治
01546194, 8.2, 354, 丁西林代表作：一只马蜂
34392911, 9.2, 146, 宝岛一村
01202025, 8.3, 315, 皆大欢喜：英汉对照.英汉译注
04912682, 8.6, 237, 阿瑟・米勒手记
34838322, 8.8, 198, 空的空间
25981667, 9.1, 152, 莎士比亚悲剧五种
01968004, 8.6, 229, 斯特林堡戏剧选
03177125, 8.9, 177, 金圣叹评点西厢记
03265045, 9.2, 140, 萨特戏剧集（共两册）
26986883, 9.0, 161, 老妇还乡
33424454, 8.9, 174, 赖声川剧作集
02032187, 8.6, 222, 沙恭达罗
05326144, 8.7, 203, 后戏剧剧场
26650715, 8.6, 221, 麦克白
01002903, 8.9, 171, 元人杂剧选
02040614, 8.3, 291, 温莎的风流娘儿们
30222411, 8.3, 289, “艺术”
26807352, 9.4, 117, 阿里斯托芬喜剧六种
27600590, 9.0, 156, 對白的解剖
25912094, 8.1, 351, 契诃夫独幕剧集
10564065, 8.8, 183, 奥瑟罗
26451509, 8.8, 182, 先人祭
01768839, 8.3, 285, 戏剧剖析
04062867, 7.6, 619, 皆大欢喜
01055446, 8.5, 234, 威尼斯商人
04012561, 8.6, 213, A Streetcar Named Desire
03223644, 9.6, 100, 莎士比亚全集（八）
01450542, 8.4, 255, 齐如山回忆录
01105260, 8.4, 253, 卖花女
01123098, 8.5, 230, 布莱希特论戏剧
10564059, 9.3, 121, 哈姆莱特
26798371, 8.3, 276, 冬天的故事
01011147, 9.1, 139, 上帝的宠儿
01881234, 8.5, 226, 戏剧
27074759, 9.0, 148, 演员的力量
06784954, 8.0, 366, 大胆妈妈和她的孩子们
02249334, 8.9, 159, Our Town
10564063, 8.6, 204, 仲夏夜之梦
01484887, 8.4, 243, 迈向质朴戏剧
26822110, 8.3, 265, 仲夏夜之梦
26960786, 9.5, 101, 茶馆
01877890, 9.1, 133, 风姿花传
26436107, 8.9, 152, 罗念生译古希腊戏剧
04203156, 8.7, 176, 雷雨
06784967, 8.3, 250, 高加索灰阑记
01014434, 8.6, 190, 汉堡剧评
34845977, 8.3, 248, 莎乐美
25774836, 8.9, 147, 莎士比亚全集
25904939, 7.7, 464, 无羽无毛
03852906, 9.1, 125, 舞台管理
05503738, 8.6, 183, 大教堂凶杀案
27125024, 9.1, 123, 哈姆雷特
10564094, 8.7, 167, 威尼斯商人
01434016, 9.1, 122, 菊坛旧闻录
25897451, 8.4, 214, 表演的艺术
26686566, 8.5, 194, 罗密欧与朱丽叶
01512597, 8.8, 149, 莫里哀喜剧选
01367194, 9.3, 103, 被壓迫者劇場
01009177, 7.7, 427, 戏剧艺术十五讲
01058375, 9.0, 127, 奥尼尔集（上下）
01372741, 8.8, 148, 犀牛
25762708, 8.2, 250, 中国戏剧史
06791661, 7.9, 336, 戏剧浮生
03748437, 8.8, 145, 家
01905637, 8.8, 143, 弓月奇谈
04941419, 8.3, 219, 长别离
25923628, 8.6, 167, 陰道獨白
06110329, 8.7, 153, 哈姆雷特
02056790, 8.8, 141, 布莱希特戏剧选（共两册）
02157277, 8.5, 177, 莱辛剧作七种
10564058, 8.5, 175, 罗密欧与朱丽叶
25786085, 8.0, 278, 即兴的智慧
02131594, 9.1, 108, 布莱希特戏剧集（全三册）
25912102, 8.3, 206, 没有父亲的人·林妖
30383244, 8.9, 125, 鸟·凶宅·牧歌
01493120, 9.1, 107, 昆剧演出史稿
02044333, 8.9, 122, 王尔德戏剧选
04207342, 9.0, 113, Death of a Salesman
26818619, 8.3, 198, 威尼斯商人
02201654, 8.2, 217, 戏剧艺术十五讲
27049010, 9.2, 97, 罗密欧与朱丽叶
27035419, 8.9, 120, 文化就是身体
30383411, 8.9, 119, 安提戈涅
26807338, 9.5, 78, 荷马史诗《伊利亚特》
02302818, 9.3, 88, 莎士比亚评论汇编（上）
01975274, 8.6, 146, 大小舞台之间
02154535, 8.6, 146, 梅特林克戏剧选
10484295, 8.8, 124, 麦克白
26693996, 8.9, 115, 麦克贝斯
02244595, 8.6, 145, 克莱斯特作品精选
26897190, 8.1, 225, 理想
03054847, 8.9, 114, 作为戏剧的歌剧
01030541, 8.1, 223, 王子复仇记
27030861, 8.6, 142, 茶馆
25919831, 9.0, 104, 雅克和他的主人
26639311, 9.0, 104, 戏剧的毒药
01275271, 8.8, 120, 顾曲麈谈 中国戏曲概论
01028647, 8.4, 164, 安东尼与克莉奥佩特拉
26693984, 8.5, 150, 威尼斯商人
26910989, 8.1, 212, 莫里哀先生传
24703393, 8.7, 126, 尼伯龙根的指环
26388280, 7.4, 453, 莎乐美
33440207, 9.0, 100, 文化就是身体(修订版)
19990236, 7.3, 508, 我们的荆轲
25870782, 8.5, 146, 英雄广场
02524291, 8.9, 106, A Streetcar Named Desire
05384904, 7.8, 277, 一曲难忘
02269152, 9.2, 85, 天边外
10564054, 8.3, 167, 第十二夜
30306512, 8.6, 129, 原野
25843072, 8.0, 219, 导演小人书
26649803, 8.7, 119, 李尔王
26663966, 8.3, 165, 表演训练手册
26859833, 8.4, 151, 黑暗中的女人
03269514, 8.2, 180, 中国现代戏剧史稿
30459967, 9.3, 77, 易卜生戏剧四种
11595914, 7.7, 293, 普罗米修斯之罪
26314455, 9.6, 64, 牡丹亭
26693989, 8.7, 117, 安东尼与克莉奥佩特拉
04109160, 8.4, 149, 戏剧本体论
34893733, 8.6, 126, 大理石像
26873214, 8.1, 193, 什么人需要什么人
04258181, 8.6, 125, 戲劇浮生
05298516, 7.7, 288, 看戏节目单
01116395, 7.9, 231, 爱的徒劳
01313463, 8.7, 114, 我的艺术生活
01453060, 8.3, 158, 现代戏剧理论与实践
30149679, 9.4, 70, 牡丹亭
01784728, 8.6, 122, Who&#39;s Afraid of Virginia Woolf?
27604724, 8.8, 104, 卖花女
03900435, 8.3, 154, 悭吝人
05026799, 9.2, 78, 汤显祖戏曲集
01122577, 9.6, 61, 裘力斯·凯撒 安东尼与克莉奥佩特拉 泰特斯·安德洛尼克斯
05261971, 8.3, 153, 莎士比亚四大悲剧
03766945, 9.3, 73, 日出
26693991, 8.6, 119, 理查三世
01065330, 8.7, 110, 哈姆莱特 罗密欧与朱丽叶
26393359, 9.4, 68, 古希腊悲剧喜剧全集
25956998, 8.3, 151, 有人将至
01784820, 8.7, 109, 莎士比亚经典名著译注丛书——哈姆雷特
30222414, 9.1, 82, 彭忒西勒亚
30390432, 9.1, 82, 伸出蘭花指
26379761, 8.4, 137, 阴谋与爱情
26686940, 9.1, 81, 亚理斯多德《诗学》《修辞学》
02114138, 7.8, 238, 圣女贞德
26747152, 8.1, 177, 终局
26747123, 9.3, 71, 莫洛伊
01012876, 8.7, 107, 斯特林堡小说戏剧选
02036791, 9.2, 75, Rosencrantz and Guildenstern Are Dead
26923022, 8.5, 124, 石挥谈艺录：把生命交给舞台
01820620, 7.6, 290, 中国戏剧史
26603032, 7.9, 211, 六月新娘
26791987, 9.5, 62, 罗念生全集：增订典藏版
01157888, 8.8, 98, 歌舞伎入门
27034291, 8.8, 98, 如何做导演
01397843, 8.3, 145, 昆曲日记
11530611, 8.3, 145, 浮士德
01986933, 8.7, 104, 4.48 Psychosis
01177767, 8.3, 143, 戏剧技巧
27124722, 9.1, 78, 哈姆雷特
26945837, 8.9, 89, 石挥谈艺录：演员如何抓住观众
01926676, 9.6, 57, 中国十大古典喜剧集
25778602, 9.3, 68, 无事生非
26792397, 9.3, 68, 临川四梦
20450125, 7.6, 277, 不可儿戏
30400709, 8.1, 167, 千刃千眼
26952475, 9.4, 63, 莎士比亚悲剧集
30257734, 9.4, 63, 梅耶荷德谈话录
01740479, 8.9, 87, 西方现代戏剧流派作品选-第4卷-叙事体戏剧
26247601, 8.0, 178, 十二公民
26660828, 8.4, 125, 六个寻找剧作家的角色
30376180, 8.5, 115, 激昂的幻梦
26976165, 8.3, 135, 麦克白
01102975, 8.6, 106, 罗密欧与茱丽叶
33422468, 8.6, 106, 有一种旋律叫梁祝
05994751, 8.7, 98, 金圣叹批评本西厢记
02298833, 8.8, 91, 桃花扇
25986609, 8.3, 133, 残酷戏剧
03344647, 8.7, 97, 智者纳坦（研究版）
33412934, 7.9, 191, 好花枝
26646728, 9.0, 78, 哈姆莱特
01033392, 8.2, 143, 瓦格纳戏剧全集（上、下册）
20458159, 9.3, 64, 演员自我修养 第二部
25815682, 8.0, 171, 观众心理学
01050051, 7.9, 188, 错误的喜剧
03075437, 8.2, 142, 浮士德博士的悲剧
03068332, 9.5, 56, 空的空间
01665746, 8.7, 94, 西方现代戏剧流派作品选（第3卷）
24152754, 8.1, 151, 捕鼠器
26693993, 8.1, 151, 第十二夜
01291235, 7.7, 222, 狗儿爷涅槃
01001766, 8.2, 138, 一报还一报
06784966, 7.5, 275, 三毛钱歌剧
03200731, 9.2, 66, 罗密欧与朱丽叶
26793484, 8.8, 86, 刘若瑀的三十六堂表演课
26596094, 9.6, 52, Skylight
04062843, 8.4, 116, 罗密欧与朱丽叶
01783796, 8.2, 137, A Raisin in the Sun
26693999, 8.5, 107, 李尔王
26945834, 8.6, 99, 石挥谈艺录：雾海夜航
30125611, 8.1, 149, 一棵菜
03028930, 8.3, 125, 伪君子
30785381, 9.9, 44, 李尔王
20273551, 9.2, 65, 莎士比亚悲剧集
01895047, 7.9, 177, 第四堵墙
02158924, 8.4, 114, 上海屋檐下(夏衍代表作)/中国现代文学百家
20435551, 8.8, 83, 浮士德
26957685, 8.9, 77, 哈姆雷特（中英双语本）
26912330, 8.3, 120, 后戏剧剧场（修订版）
01940239, 8.2, 129, 愚比王
34863426, 8.4, 108, 低音提琴
01782585, 8.3, 117, 拉辛与莎士比亚
27058904, 8.9, 74, 悲剧之死
06810299, 9.0, 69, 劉若瑀的三十六堂表演課
30283361, 7.2, 349, 黑城
01852538, 8.5, 98, 哈姆莱特
01643546, 9.3, 57, 莎士比亚全集㈣
26646726, 9.1, 64, 尤力乌斯·凯撒
26649805, 9.2, 60, 罗密欧与朱丽叶
01038593, 8.9, 72, 中国戏曲概论
20385094, 8.9, 72, 沙恭达罗
06527730, 7.5, 238, 维洛那二绅士
01042536, 8.7, 82, 戏剧舞台上的日本美学观
01391609, 8.3, 111, 桃花扇
01416379, 8.8, 76, 墙头马上
01075959, 7.2, 331, 驯悍记
20497039, 8.0, 141, 戏剧的故事
26583921, 7.3, 283, 形同陌路的时刻
02309832, 8.4, 98, 戏剧、场景及隐喻
30327383, 8.8, 73, 英国皇家戏剧学院表演训练法
26650721, 9.3, 53, 安东尼与克莉奥佩特拉
04940926, 9.2, 56, 中国昆曲衣箱
01370954, 8.2, 113, 費德爾
01186351, 8.5, 89, 古罗马戏剧选
01136254, 9.7, 42, 关汉卿选集
30347713, 9.7, 42, 《莎士比亚喜剧悲剧全集（全六册）》
01130859, 8.9, 67, 威尼斯商人 无事生非 终成眷属
05416924, 7.5, 217, 都是我的儿子
30152813, 8.4, 95, 麦克白（中英双语）
30803500, 9.4, 49, 哈姆雷特 中英双语珍藏版 朱生豪翻译
03272976, 8.1, 120, 戏剧的味/道
27083204, 7.3, 266, 作家们
01049629, 8.0, 130, 屈身求爱与造谣学校
25897652, 8.3, 101, 罗密欧与朱丽叶
05938824, 7.9, 142, 女僕
01011742, 8.1, 117, 亨利五世
30222409, 7.4, 228, 杀戮之神
26911547, 9.3, 50, 从格罗托夫斯基到全息影像
24702218, 7.6, 184, 朱丽小姐
25796056, 8.1, 115, 罗密欧与朱丽叶
01794725, 9.0, 59, 石挥谈艺录
26747142, 8.8, 67, 自由
01051111, 8.6, 76, 罗密欧与朱丽叶-莎士比亚经典名著译注丛书
26678666, 8.9, 62, 世界戏剧史
01780472, 8.3, 95, Endgame
03879940, 6.8, 464, 女优
01790231, 8.0, 121, 巫术科学宗教与神话
26454476, 8.2, 102, 莎乐美
01348129, 9.2, 51, 詩意的身體
26807356, 9.5, 43, 古希腊罗马文学
27185420, 8.6, 74, 李国修编导演教室
26436127, 9.1, 53, 朱生豪译莎士比亚戏剧
26693998, 7.9, 128, 仲夏夜之梦
30177152, 8.8, 64, 尤金·奥尼尔：四幕人生
01009255, 7.4, 208, 田汉代表作：名优之死
03058477, 8.5, 78, 威廉·退尔
05922520, 8.2, 98, 莎士比亚喜剧集
30689615, 9.9, 34, 麦克白
01447998, 8.0, 114, 奥赛罗
26693994, 8.0, 113, 暴风雨
04771591, 7.9, 122, 吝啬鬼
30283393, 8.4, 81, 戏剧概论
25818746, 7.7, 144, 错误的喜剧
26822098, 7.0, 309, 驯悍记
21997703, 9.4, 42, 汉姆莱脱
01011001, 8.3, 85, 仲夏夜之梦
34894792, 10.0, 31, Fleabag: The Scriptures
24089002, 7.5, 171, 像导演一样思考
02258984, 9.9, 32, 外国剧作选1
19978280, 8.3, 82, 艺术与经营的奇迹
26650718, 8.9, 54, 奥瑟罗
30278158, 7.7, 135, 寻找邓巴
02529442, 9.2, 45, Aeschylus I: Oresteia
04323427, 8.7, 61, 培尔·金特
05245540, 8.6, 65, 升官图
26308673, 8.2, 87, 陌生化与中国戏剧
27096132, 8.0, 102, 古希腊悲剧研究
02300377, 8.3, 80, 元本琵琶记校注
34854381, 9.9, 31, 索福克勒斯悲剧集
26699019, 7.6, 145, 戏剧的故事
26895119, 7.6, 145, 剧作家与戏剧
30417193, 8.6, 63, 诗意的身体
27139941, 9.1, 46, 卡利古拉
01663652, 8.6, 62, 日常生活中的自我表演
01665296, 8.6, 62, 戏剧导演
05245538, 8.7, 58, 雷雨
30424138, 8.9, 51, 凯撒和克莉奥佩特拉·卖花女
02988305, 9.0, 48, 安东尼与克莉奥佩特拉：英汉对照、英汉详注
02338129, 8.0, 97, Trifles
02224814, 8.5, 66, 董解元西厢记
30398155, 9.1, 45, 迪伦马特戏剧集
01020065, 8.4, 70, 哥尔多尼戏剧集
01202366, 6.7, 383, 屈原
24722281, 8.2, 80, 暴风雨
24703392, 9.1, 44, 仲夏夜之梦(拉克汉插图本)
02471653, 8.9, 49, The Oresteia
30190407, 8.8, 52, 表演的技术
01094458, 7.7, 117, 戏剧表演基础
10793754, 7.4, 156, 李立群的人生风景
01469241, 8.7, 54, 荒诞派戏剧
02032550, 9.1, 42, 克莱斯特小说戏剧选
34868278, 7.7, 114, 冯远征的表演课
04012359, 7.8, 104, 辛白林
01665318, 9.0, 44, 环境戏剧
06527718, 7.7, 113, 终成眷属
30265573, 9.3, 37, 怀疑
20003461, 8.4, 64, 哈姆雷特
27139110, 8.4, 64, 演员自我修养
01636271, 8.8, 49, 焦菊隐论导演艺术（上下册）
02709902, 8.8, 49, Die Physiker
26694002, 7.7, 111, 皆大欢喜
11623716, 7.2, 182, 表演圣经
25842184, 8.6, 55, 戏剧学导论
04806252, 8.3, 67, 正午的分界
25812943, 8.5, 58, 从布朗克斯到百老汇
26637331, 8.5, 58, The Spoils
06989702, 9.8, 28, 莎士比亚评论汇编（下）
10594996, 7.9, 89, 观众心理美学
04037802, 7.6, 115, 夕鹤
04230641, 9.2, 37, 戏班
03269894, 7.9, 88, 中国当代戏剧史稿
26308672, 7.9, 88, 戏剧小工具篇
01446448, 8.4, 60, 长生殿
01337927, 8.5, 56, 欧阳予倩代表作
01961871, 9.0, 41, 昆剧发展史
05505136, 7.5, 123, 浮士德
03598595, 8.1, 73, 中国戏剧史研究入门
26282922, 9.3, 34, 莎士比亚悲剧选
04073867, 8.4, 58, 戲劇性的想像力
10484301, 8.5, 54, 皆大欢喜
03036754, 9.6, 29, The Empty Space
25768683, 8.0, 77, 四川好人
01220093, 8.7, 47, 莎士比亚喜剧
01949654, 8.3, 61, 血的婚礼
26852394, 8.8, 44, 理查二世
26870665, 8.8, 44, 莎士比亚四大悲剧
26767534, 8.7, 46, 比我们高贵的人们
27128592, 9.7, 27, 文艺复兴时期英国戏剧选
34437687, 9.6, 28, 飘
34991165, 9.1, 36, 编剧的艺术
01017900, 8.6, 48, 席勒戏剧诗歌选
26895292, 8.2, 62, 编剧自我修养
26304230, 8.6, 47, 日本谣曲选
02513599, 9.0, 37, Translations
26416823, 9.1, 35, 狮子与宝石
03200786, 8.3, 57, 浮士德
27093853, 8.4, 53, 奥瑞斯提亚
06967997, 7.7, 90, 高乃依戏剧选
26835563, 8.8, 41, 尊重表演艺术（最新修订版）
24466271, 7.9, 75, 戏剧的快乐
03077998, 7.1, 158, 女店主
34914942, 8.5, 48, 即兴
25912321, 8.1, 63, 爱的故事
04711543, 9.6, 26, Equus
25833154, 8.5, 47, 哈姆雷特
03608928, 7.8, 78, 孟小冬与言高谭马
30463402, 8.4, 50, 包豪斯剧场
01964001, 8.1, 61, 圣女贞德
10831748, 7.3, 121, 猫
25819279, 9.2, 31, 英雄叛国记
33455208, 9.4, 28, 阅读希腊悲剧
27119895, 7.4, 109, 床上的爱丽斯
01080111, 7.2, 131, 中国京剧二十讲
01069486, 7.5, 97, 切·格瓦拉反响与争鸣
02548789, 8.5, 45, A Doll&#39;s House
03770971, 9.5, 26, 曼弗雷德
01848505, 7.5, 95, The Tempest
03229491, 8.8, 37, 不要緊的女人
26803255, 8.8, 37, 安提戈涅的故事
26859834, 9.4, 27, 汉堡剧评
03060874, 8.1, 58, 耶稣·孔子·披头士列侬
01038916, 8.5, 44, 我的艺术生活
25735495, 8.3, 50, 历炼精魂
26733748, 8.6, 41, 埃斯库罗斯悲剧全集
27124726, 8.2, 53, 罗密欧与朱丽叶
04091608, 8.3, 49, 表演理念
25887424, 8.5, 43, 曹禺戏剧全集（全5卷）
01594148, 7.3, 108, 墙头马上
03767124, 9.1, 30, 戏剧表演基础
25830546, 7.5, 89, 爱的徒劳
27203471, 8.9, 33, 桃花扇
02027007, 7.6, 80, Desire under the Elms
02364053, 7.9, 62, 戏剧两种
03048245, 8.8, 34, 中央戏剧学院教学参考书（全六册）
01054786, 7.9, 61, 中国现代戏剧史稿
30288314, 8.4, 43, 认识戏剧
30302547, 8.0, 56, 贝托尔特·布莱希特
26270615, 7.3, 100, 八月天
26775557, 7.7, 70, 浮士德
03243145, 9.2, 27, 宋金杂剧考
02345397, 8.3, 45, Beyond the Horizon
01982598, 8.7, 35, 卡尔德隆戏剧选
30152759, 8.6, 37, 暴风雨（中英双语）
03008932, 7.6, 75, 凶宅 孪生兄弟
30397790, 8.9, 31, 玩偶之家 培尔·金特
05321020, 7.6, 71, 图说西方舞台美术史
04026755, 8.3, 42, The Birthday Party
01397463, 7.6, 70, 沉钟
03624098, 8.5, 37, 戏剧范型
30262713, 9.4, 23, 哈姆雷特
26747155, 7.1, 110, 开心的日子
01446447, 8.4, 39, 元杂剧精选
33418705, 8.2, 44, 仲夏夜之梦
30282854, 8.4, 38, 戏剧表现的观念与技法
03697500, 7.7, 62, 扶友损敌
30177125, 9.4, 22, 雷雨 日出 原野 北京人
30152794, 9.2, 24, 哈姆莱特（中英双语）
03198429, 8.3, 39, 李立群的人生風景
25817542, 8.3, 39, 哈佛百年经典第14卷：希腊戏剧
26650735, 8.3, 39, 泰特斯·安德洛尼克斯
02515850, 9.7, 19, William Shakespeare Complete Works
03318812, 9.2, 23, THE MERCHANT OF VENICE
30338101, 9.1, 24, The Inheritance
01924881, 7.7, 56, 粉墨生涯六十年
10763226, 5.8, 561, 垮掉的一代
01624125, 7.6, 60, 中国戏剧经典作品赏析
02300326, 8.9, 26, Eiko Ishioka
25859180, 7.8, 51, 一种地狱
01786189, 8.1, 41, Three One-Act Plays
01999898, 8.5, 32, 中国的宗族与戏剧
03295251, 8.3, 36, 愤怒的回顾
25944683, 8.6, 30, 真享乐 当认真
26955397, 7.8, 50, 一报还一报
34953924, 9.4, 20, 即兴戏剧
33586712, 7.3, 74, 戏剧
02045050, 6.5, 174, 中国昆曲二十讲
01941870, 7.1, 88, 诺贝尔文学奖文集:人与超人 圣女贞德
03900403, 7.1, 87, 大雷雨
01110537, 8.8, 26, 欲望号街车
30152781, 8.7, 27, 第十二夜（中英双语）
05363588, 8.5, 30, 劍橋劇場研究入門
25819250, 8.5, 30, 该撒遇弑记
04134330, 9.2, 21, 钦契
02516913, 8.1, 38, Buried Child
27663279, 8.1, 38, 窥视舞台
02263144, 9.4, 19, 关汉卿全集校注
03365610, 8.8, 25, No Man&#39;s Land
25785175, 8.4, 31, The Nine Mile Walk
01512104, 8.1, 37, 表演艺术教程
11875346, 9.6, 17, Aeschylus II
01872380, 8.6, 27, The Cocktail Party
30152792, 8.6, 27, 皆大欢喜（中英双语）
30851062, 8.2, 34, 奥赛罗
02523359, 9.1, 21, Six Characters in Search of an Author
25748089, 8.1, 36, 钦差大臣
26058980, 8.9, 23, 现代悲剧
04858184, 7.8, 42, 日本狂言
04599875, 9.1, 20, Ruined
30204398, 9.3, 18, 西哈诺
01255549, 7.3, 60, 李龙云剧作选:荒原与人
03099809, 6.9, 85, 天堂隔壁是疯人院
20501769, 8.9, 21, 劇場人類學辭典
04268964, 8.4, 27, True West
06863343, 8.7, 23, 斯坦尼斯拉夫斯基全集
10347557, 9.5, 16, Rosencrantz and Guildenstern Are Dead
25770089, 8.6, 24, 五姐妹
03996746, 9.2, 18, 文艺·戏剧·生活
04215557, 8.5, 25, &#34;The Zoo Story (Penguin plays)
26308649, 7.5, 46, 论史诗剧
06863344, 9.4, 16, 斯坦尼斯拉夫斯基论导演与表演
03868601, 9.1, 18, 哈維爾戲劇選
04137141, 8.4, 25, 戏剧三人行
27591070, 9.5, 15, 六个寻找剧作家的角色/诺贝尔文学奖大系
26721304, 8.7, 21, 亨利八世  情敌  我的国家
25713232, 9.0, 18, 凡尼亞舅舅・三姐妹
26924875, 8.4, 24, 即兴真实人生（20周年纪念版）
26650727, 7.7, 36, 特洛伊罗斯与克瑞西达
26693981, 7.5, 41, 雅典人泰门
01473199, 8.8, 19, Hiroshima Mon Amour
01491151, 7.5, 40, 中国人的戏剧
03525598, 8.3, 24, Rhinocéros
10731970, 9.0, 17, 舞台管理
30203309, 9.0, 17, 月亮的南交点
20268244, 8.5, 21, 超值金版-死魂灵；钦差大臣
03181886, 8.7, 19, Murder in the Cathedral
34839949, 8.1, 26, 我和于是之这一生
27143516, 9.6, 13, Angels in America
02534690, 8.8, 18, Blackbird
30415788, 7.8, 31, 牡丹亭
03196171, 7.5, 38, 羊泉村
20284852, 7.6, 35, 行为表演美学
01950003, 8.0, 27, 巴比罗大街
26842170, 8.2, 24, 威尼斯商人
20453462, 6.6, 81, 乔伊斯诗歌·剧作·随笔集
03605514, 9.3, 14, 有争议的话剧剧本选集（二）
03499291, 8.0, 26, 洛佩德维加精选集
20505312, 6.8, 64, 墙头马上-中国古典名剧
25776416, 9.1, 15, 雷雨·日出
01078540, 6.5, 87, 蜕变
04180358, 7.3, 41, 丹麦当代戏剧选
04749765, 9.2, 14, 即兴真实人生
05994592, 7.2, 43, 日本能乐
20426512, 8.7, 17, 普劳图斯（上卷）
02386603, 7.8, 27, Volpone
30177839, 7.8, 27, 一仆二主
03291655, 8.8, 16, 玛利亚 斯图亚特
25956681, 7.7, 28, 戏中人
04180574, 8.0, 23, 孔雀胆
01283242, 6.9, 50, 演艺的历史
01243250, 7.5, 31, 布莱希特论
10530999, 8.2, 20, 躺椅和舞台
20505311, 7.8, 25, 拜月亭/中国古典名剧
03343061, 6.9, 47, Three Act Tragedy
02097310, 8.2, 19, 戏剧导演本科教程
21757956, 8.3, 18, 罗伯特·威尔逊
02924614, 8.5, 16, Hamlet
27617606, 7.5, 27, 绝对信号
02031375, 7.0, 38, 沫若剧作选
30159807, 9.6, 10, 指环印
34799294, 8.5, 15, 西厢记
02253850, 7.8, 21, 拉丁美洲现代独幕剧选
30265561, 7.8, 21, 浮士德博士的悲剧
30222801, 8.6, 14, 威尼斯商人
30152814, 8.3, 16, 仲夏夜之梦（中英双语）
03564830, 7.0, 35, 白薇作品选
01499681, 8.0, 18, 京剧精神
01079606, 7.2, 29, 样板戏的风风雨雨
27056990, 8.2, 16, 商鞅
10570911, 7.4, 25, 文化艺术演出市场的经典案例
01370859, 7.6, 22, 色情戲劇
06736624, 9.3, 10, 我与写意戏剧观
26807337, 8.8, 12, 从芙蓉城到希腊
27093895, 8.6, 13, 为布莱希特辩护
01025501, 7.3, 25, 中国京剧史
03443094, 8.2, 15, 課堂驚魂
04219224, 8.5, 13, 外国独幕剧选
30661371, 8.6, 12, 仲夏夜之梦
05435560, 8.0, 15, 老舍全集 第9卷
26266174, 7.7, 17, 残酷戏剧与身体美学
30225991, 8.0, 14, 长生殿
01013168, 7.5, 18, 舞台艺术
26901249, 7.5, 18, 布莱希特&#34;叙述体戏剧&#34;研究
04007005, 7.7, 16, 那些角儿
01764971, 8.5, 11, Summer and Smoke
02978152, 8.1, 13, 博物館就是劇場
03689260, 8.1, 13, 喜剧二种
27068948, 8.4, 11, Sweat
01931538, 7.0, 23, 戏剧小品剧作教程
26710573, 8.3, 11, 瑣事
01049456, 6.5, 32, 影视演员表演技巧入门
10410826, 7.5, 16, Mrs Warren&#39;s Profession
04852274, 8.5, 10, 外国文学鉴赏辞典大系·外国戏剧鉴赏辞典⑵（近代卷）
30555668, 8.0, 12, 威尼斯商人
05321263, 8.4, 10, 明代宫廷戏剧史
12004329, 8.1, 11, An Inspector Calls
10807924, 7.7, 13, 全球化与跨文化戏剧
01400992, 7.2, 17, 中国题材的日本谣曲
01968792, 7.5, 14, Acting the Right Part
26823371, 7.8, 12, 创意是一场即兴演出
26022196, 7.6, 13, 大幕拉开
01511520, 7.8, 11, 明清的戏曲
03822052, 7.7, 11, 世界文学名著宝库·青少版-钦差大臣
30485556, 6.8, 18, 轮舞
10355098, 7.2, 14, 上海抗战时期的话剧
06829075, 7.3, 13, 人类表演学系列
02320758, 7.3, 12, 中国古典戏曲名著 拜月亭
30147039, 6.0, 24, 东欧戏剧史（共七卷）
02067343, 6.8, 12, 思想赋格
25812724, 7.1, 10, 中心与边缘
24856640, 6.3, 15, 倒数第二个人
04115889, 5.7, 14, 二十世纪法国戏剧
01012425, 0.0, 10, 中国曲艺史
01680345, 0.0, 10, 焦菊隐文集 全十册
05026798, 0.0, 10, 汤显祖戏曲集
10772657, 0.0, 10, 洪深戏剧论文集
26096117, 0.0, 10, 中国戏剧学史稿（修订本）
30474007, 0.0, 10, 古罗马戏剧史
34942382, 0.0, 10, 假装得很辛苦
04159816, 0.0, 11, Suddenly Last Summer and Other Plays
26862899, 0.0, 11, 哗变
10798823, 0.0, 12, 林兆华戏剧作品集
26385855, 0.0, 12, 打狗棍
