2020-07-05 16:00:03

number of books, tag name
378, 戏曲

ID, rating, votes, title
01073708, 9.0, 9446, 牡丹亭
01016631, 8.5, 7675, 西厢记
01317857, 9.1, 2500, 牡丹亭
01021709, 8.6, 4658, 桃花扇
26905337, 9.0, 2010, 檀香刑
01317893, 8.6, 2145, 西厢记
01317891, 8.9, 1421, 桃花扇
01022951, 8.4, 2419, 长生殿
34921004, 8.3, 2447, 鬓边不是海棠红
01002262, 9.1, 560, 宋元戏曲史
30137612, 7.6, 3231, 主角
01459018, 8.9, 613, 西厢记
05915715, 8.8, 561, 梅兰芳
26791215, 8.8, 526, 牡丹亭
04200121, 9.2, 295, 青衣张火丁
01023595, 7.9, 900, 窦娥冤
01028894, 8.5, 423, 姹紫嫣红《牡丹亭》
26968866, 9.2, 213, 舞台生活四十年：梅兰芳回忆录
06387179, 8.9, 248, 近松门左卫门选集
03403514, 6.8, 3173, 观音
03223670, 9.2, 164, 牡丹亭
25859178, 7.8, 626, 人间有戏
04220232, 7.8, 597, 曲人鸿爪
03428149, 8.6, 256, 梅兰芳
01060730, 8.9, 191, 牡丹亭
01871155, 8.0, 441, 汪曾祺说戏
01273706, 9.0, 170, 京剧谈往录
01446449, 8.6, 229, 西厢记
01002903, 8.9, 171, 元人杂剧选
01594043, 9.6, 100, 姹紫嫣红
01480809, 8.8, 175, 舞台生活四十年：梅兰芳回忆录（全两册）
01016205, 8.0, 362, 旧戏新谈
24744318, 8.5, 219, 说段京剧你听吗
01059767, 8.8, 168, 京剧老生流派综说
03507167, 9.1, 123, 西厢记
01434016, 9.1, 122, 菊坛旧闻录
01761082, 9.0, 130, 金圣叹批本西厢记
27623446, 9.3, 101, 思美人 (三)
05292365, 8.9, 134, 宋元戏曲史
01799526, 9.4, 92, 韵学骊珠
01493120, 9.1, 107, 昆剧演出史稿
01035320, 8.7, 144, 桃花扇
02334568, 8.8, 129, 四聲猿
01894003, 7.6, 379, 昆曲:今生看到的前世
27593653, 7.6, 379, 梦见狮子
26867544, 8.8, 121, 水墨戏剧
01275271, 8.8, 120, 顾曲麈谈 中国戏曲概论
01070255, 8.6, 133, 西厢记
27619997, 8.1, 204, 文化中的政治
01005164, 9.5, 70, 国剧艺术汇考（全二册）
01425399, 7.8, 272, 秋海棠
30225860, 9.1, 88, 春秋判
01547121, 8.9, 99, 昆剧生涯六十年
30390432, 9.1, 82, 伸出蘭花指
10442019, 8.7, 107, 小放牛
01820620, 7.6, 290, 中国戏剧史
01397843, 8.3, 145, 昆曲日记
01802015, 8.4, 132, 中国俗文学史
10432702, 8.4, 131, 《笠翁传奇十种》之《怜香伴》
26792397, 9.3, 68, 临川四梦
26693280, 9.0, 81, 氍毹留痕
05994751, 8.7, 98, 金圣叹批评本西厢记
26995281, 9.4, 61, 桃花扇
33412934, 7.9, 191, 好花枝
05365218, 8.1, 155, 赵氏孤儿
26981027, 7.9, 186, 京剧原来如此美丽
01958044, 9.0, 75, 戏出年画
06856645, 9.2, 64, 粉墨春秋
02333483, 8.2, 132, 风筝误
01705372, 9.0, 70, 缀白裘（全六册）
03654066, 8.6, 91, 牡丹亭·西厢记（插图本）
01038593, 8.9, 72, 中国戏曲概论
04204416, 7.2, 335, 此生只为一人去
01122812, 9.3, 53, 桃花扇(四大名剧)
01950850, 7.7, 178, 梨园外纪
04199930, 8.2, 111, 田沁鑫的戏剧场
01015106, 8.1, 116, 清华园日记 西行日记
01076107, 6.8, 485, 白先勇说昆曲
19964710, 8.6, 78, 看戏一得
02079479, 9.2, 52, 清代内廷演剧始末考
11503110, 7.8, 147, 纸上蹁跹
02372462, 8.8, 65, 许姬传七十年见闻录
04220395, 8.8, 65, 中国近世戏曲史
30253385, 9.6, 40, 旧京伶界漫谈
03463801, 8.6, 70, 闲情偶寄  窥词管见
01213998, 7.6, 159, 救风尘
01181363, 9.3, 43, 全元戏曲（全12卷）
02300377, 8.3, 80, 元本琵琶记校注
01194984, 8.9, 52, 词乐曲唱
11441788, 8.9, 51, 云亭山人评点桃花扇
02224814, 8.5, 66, 董解元西厢记
11613780, 8.6, 61, 天上掉下个林妹妹
01916067, 7.9, 102, 做戏
01049419, 8.6, 58, 元人杂剧选
02310123, 8.4, 66, 录鬼簿(外四种)
01055902, 7.4, 148, 梅兰芳画传
01041211, 7.2, 181, 琵琶记
01066032, 8.0, 81, 长生殿
01961871, 9.0, 41, 昆剧发展史
02113697, 8.3, 64, 中国戏剧史长编
30245991, 8.6, 52, 戏梦人间
01594146, 7.7, 103, 汉宫秋
03598595, 8.1, 73, 中国戏剧史研究入门
30136404, 8.1, 73, 桃花扇
01052347, 8.1, 71, 赵氏孤儿
01011288, 8.6, 50, 桃花扇
10876427, 8.6, 50, 昆曲日记（修订版）
11232762, 8.6, 49, 翁偶虹看戏六十年
24697599, 8.6, 49, 京剧猫之长坂坡
24743676, 8.7, 46, 张伯驹集
01914088, 6.9, 220, 离魂衣
06808346, 6.5, 377, 观音
01438567, 7.8, 87, 梅兰芳游美记
03248452, 8.5, 51, 京剧守望者
01043952, 8.1, 67, 中国京剧服装图谱
26980240, 9.1, 34, 长生殿
01028623, 8.5, 48, 正仓院考古记白川集
26588000, 9.3, 30, 宋元戏曲史
03608928, 7.8, 78, 孟小冬与言高谭马
03077271, 8.4, 49, 南柯记
01799771, 7.8, 76, 晚清戏曲的变革
01080111, 7.2, 131, 中国京剧二十讲
01006640, 8.7, 40, 长生殿
05917374, 7.7, 81, 云心水心玉簪记
01157006, 8.4, 48, 西厢记
02036626, 9.4, 27, 畫戲話戲／画戏话戏
03368870, 9.4, 27, 沧州集
01254714, 8.7, 39, 清代燕都梨园史料（共两册）
25735495, 8.3, 50, 历炼精魂
26323595, 9.1, 31, 牡丹情缘
03112058, 8.6, 41, 南柯梦记
01594148, 7.3, 108, 墙头马上
02328784, 9.1, 30, 俞振飞艺术论集
27203471, 8.9, 33, 桃花扇
02226295, 9.2, 28, 振飞曲谱
04142243, 8.8, 34, 戏文概论 谜史
30283584, 8.5, 40, 张宗和日记（第一卷）
03243145, 9.2, 27, 宋金杂剧考
11594125, 9.5, 23, 张充和手抄昆曲谱
01490382, 8.6, 36, 宋元戏曲史
34809901, 7.4, 83, 瑜老板三分钟京剧小灶
01446447, 8.4, 39, 元杂剧精选
03389939, 7.2, 98, 非常梅兰芳
04835579, 9.1, 26, 国剧艺术汇考
06749590, 7.9, 53, 中国戏剧史
02254021, 9.2, 24, 中国近世戏曲史
02243443, 10.0, 17, 京剧长谈
25785159, 9.1, 25, 刘曾复京剧文存
05996682, 7.7, 59, 王思任批评本牡丹亭
01216734, 8.5, 34, 桃花扇
03112573, 8.7, 30, 工尺谱浅说
01014709, 7.7, 57, 中国戏剧史/蓬莱阁丛书
06004626, 9.3, 22, 吴梅词曲论著四种
26612165, 9.9, 17, 刘曾复说戏剧本集
01924881, 7.7, 56, 粉墨生涯六十年
01955844, 7.4, 71, 我的祖父马连良
01999898, 8.5, 32, 中国的宗族与戏剧
26096040, 9.3, 21, 清代戏曲与昆剧
25812564, 8.7, 28, 听歌想影话梨园
03144288, 7.2, 79, 戏文内外
03617400, 8.1, 39, 身上的事
01737745, 8.0, 41, 我的三位老师：侯喜瑞 裘盛戎 侯宝林
01538868, 8.5, 30, 草根的力量
02263144, 9.4, 19, 关汉卿全集校注
01023996, 8.1, 36, 京剧知识手册
02257590, 8.5, 28, 碧鸡漫志校正
03103087, 8.5, 27, 我演昆丑
02303218, 7.6, 48, 娇红记
03077259, 9.6, 16, 王国维戏曲论文集
01927812, 8.6, 25, 曲品校注
03077269, 8.3, 29, 邯郸记
04013727, 8.8, 22, 集评校注西厢记
01543905, 7.7, 42, 牡丹亭选评
01007254, 7.8, 39, 中国戏曲史
01052713, 8.3, 28, 明清传奇戏曲文体研究
05363269, 8.3, 28, 青衣·花脸·小丑
20390278, 9.3, 17, 梅兰芳回忆录
26923960, 8.0, 33, 新凤霞回忆录
03092924, 8.4, 26, 关汉卿戏剧集
02053022, 7.9, 35, 日本狂言选
25885151, 8.8, 21, 京剧老照片·第2辑
03213838, 8.5, 24, 中国戏曲曲艺词典
01968749, 8.0, 32, 侯少奎昆曲五十年
02333485, 8.0, 32, 绿牡丹
03015807, 9.7, 14, 絳唇珠袖兩寂寞──京劇．女書
03118596, 9.7, 14, 中国古典戏曲论著集成.第二集
01491286, 7.6, 41, 梅兰芳艺术谭
03175438, 8.8, 20, 戏文概论
03341625, 8.8, 20, 中国戏剧史  中国剧场史
27619001, 7.6, 40, 西厢记
01423230, 8.5, 23, 戏曲小说丛考
03195264, 8.5, 23, 长生殿
02995702, 8.4, 24, 日本戏剧史
03930865, 9.4, 15, 艺坛（第六卷）
06905345, 8.8, 19, 京剧长谈
01210610, 8.9, 18, 吴梅全集（全四卷）
01750825, 7.5, 40, 中国戏剧学史稿
03368872, 9.3, 15, 沧州后集
01317418, 9.1, 16, 昆剧泰斗俞振飞
03024785, 8.9, 17, 牡丹一百
03118897, 8.2, 24, 新校元刊杂剧三十种(上下冊)
01340463, 7.2, 47, 昆曲
02272582, 8.4, 21, 曲韵易通
10535388, 8.6, 19, 四大名剧精读
04817253, 9.5, 13, 宋元戏曲考
02445803, 8.0, 26, Drama Kings
03118630, 9.7, 12, 中国古典戏曲论著集成.第十集
26021751, 7.2, 45, 人物、角色与心灵
20505312, 6.8, 64, 墙头马上-中国古典名剧
03715208, 8.8, 17, 辛苦種成花錦繡
03778573, 8.8, 17, 元明清三代禁毁小说戏曲史料
10571636, 8.9, 16, 中国伶人血缘之研究·明清两代嘉兴的望族
03162164, 7.7, 30, 休恋逝水
26660560, 8.6, 18, 西厢记
01833710, 9.0, 15, 梅兰芳访美京剧图谱
06531673, 8.7, 17, 昆曲曲牌及套数范例集 南套
03406308, 7.5, 33, 程长庚·谭鑫培·梅兰芳
01956823, 8.9, 15, 礼乐与明前中期演剧
01176775, 8.6, 17, 元明戏曲
01019601, 7.3, 36, 中国戏曲史
02131846, 9.2, 13, 余叔岩艺术评论集
03077295, 7.1, 41, 浣纱记
03198017, 8.2, 20, 昆剧演出史稿
01452687, 7.3, 35, 梅兰芳传
10490152, 8.8, 15, 三畏斋剧稿
20505311, 7.8, 25, 拜月亭/中国古典名剧
24744765, 8.4, 18, 个体与集体之间
06059153, 9.6, 11, 戏曲与浙江
01035589, 7.5, 30, 窦娥冤
03803158, 7.5, 30, 秋海棠
27601752, 8.0, 22, 长生殿
34432776, 9.1, 13, 这就是中国戏曲
27032928, 8.6, 16, 20世纪中国戏剧史（下册）
34816700, 8.6, 16, 张宗和日记（第二卷）：1936—1942
03120530, 9.3, 12, 永乐大典戏文三种校注
26309973, 7.8, 24, 梨园书事
06749633, 8.7, 15, The Peony Pavilion
03078152, 8.2, 19, 李玉茹谈戏说艺
01067974, 8.1, 20, 彩色的花雨
01742946, 8.3, 18, 昆曲与文人文化
06785040, 8.3, 18, 说余叔岩
04326032, 8.4, 17, 宋元戏曲史
03327136, 9.2, 12, 明清婦女之戲曲創作與批評
03353994, 9.2, 12, 昆曲汤显祖临川四梦全集（全四册）
01161992, 8.8, 14, 艺坛(第三卷)
27072975, 7.6, 26, 评书与戏曲
03175461, 8.6, 15, 戏曲源流新论
06720820, 7.3, 31, 元明杂剧
26747716, 8.0, 20, 昆坛求艺六十年——沈世华昆剧生涯
26760087, 8.9, 13, 小留香馆日记
01183633, 7.0, 38, 中国戏曲史教程
01543877, 7.5, 26, 西厢记选评
27161082, 8.0, 19, 伶史（外四种）
02343973, 8.1, 18, 古代戏曲名句赏析
02162520, 9.0, 12, 莆仙戏剧文化生态研究
30287083, 8.2, 17, 主角
01546416, 8.6, 14, 艺坛(第一卷)
03012984, 8.6, 14, 杂格咙咚
02294400, 8.3, 16, 宋代歌舞剧曲录要 元人散曲选
03809794, 8.3, 16, 笠翁传奇十种校注
01278752, 7.3, 28, 我叫新凤霞
24871976, 8.7, 13, 京剧名宿访谈续编
01133455, 8.0, 18, 百老汇的中国题材与中国戏曲
01499681, 8.0, 18, 京剧精神
01783029, 8.0, 18, 梨园外史
03212595, 9.4, 10, 清宫戏曲文物
03266184, 9.4, 10, 许政扬文存
01134684, 7.8, 20, 元明清戏曲故事集(共4册)(古本插图) (精装)
03225444, 7.8, 20, 两口二黄
05338789, 8.5, 14, 顾曲麈谈 中国戏曲概论
06853157, 8.5, 14, 齐如山文集（全十一册）
03712654, 6.5, 51, 青出于兰——张继青昆曲五十五年
02333489, 8.3, 15, 一捧雪
01025501, 7.3, 25, 中国京剧史
03119144, 8.7, 12, 中國戲曲通史 上
27172996, 8.7, 12, 中国戏曲
01274529, 8.5, 13, 新编京剧大观
02100268, 6.6, 42, 汤显祖说情
10808337, 7.7, 19, 梅兰芳
03632997, 8.0, 16, 朱有燉的杂剧
01033403, 7.3, 23, 程砚秋传
01742953, 7.3, 23, 昆曲与人文苏州
05920669, 7.3, 23, 京剧艺术漫谭
06809508, 7.8, 17, 梨園生輝
26281360, 7.8, 17, 都市中国的乡土音声
01123456, 7.9, 16, 梅兰芳珍藏老像册
03918749, 7.2, 24, 戏迷自传
27165371, 8.3, 13, 花雅争胜
03651146, 8.7, 11, 中国戏曲概论· 中国音乐小史
25818897, 7.0, 27, 勾阑醉
03121183, 7.5, 19, 粉墨春秋
24153090, 6.6, 36, 赵景深日记
03613934, 6.7, 33, 打开京剧之门
25789283, 6.9, 28, 裴艳玲传
01131198, 8.4, 12, 富连成三十年史
03640144, 8.4, 12, 元明戏曲中的蒙古语(Mongolian expressions in Yuan and Ming Dramas)
01165536, 6.6, 35, 中国戏曲发展史
01032342, 7.2, 22, (之三)梅兰芳与二十一世纪/梅兰芳三部曲.
03464918, 7.2, 22, 中国戏曲艺术通论
01847654, 8.0, 14, 湯顯祖與牡丹亭（上下）
03278382, 7.5, 18, 艺海无涯
02128166, 8.3, 12, 京师梨园故居
04882339, 8.5, 11, 梁辰鱼集
02333479, 7.8, 15, 十五貫校注
04142246, 8.7, 10, 汉上宧文存 梁祝戏剧辑存
04137216, 8.2, 12, 图说中国戏曲
02984116, 8.0, 13, 丑角
01079384, 7.8, 14, 旧京老戏单：从宣统到民国
03424879, 6.1, 48, 台上台下张火丁
01077675, 8.3, 11, 元人杂剧与元代社会
25758902, 7.0, 21, 昆曲百折
04203176, 8.2, 11, 五十年欄杆拍遍－－唐滌生粵劇劇本文學探微
05321263, 8.4, 10, 明代宫廷戏剧史
03979899, 6.7, 25, 墙头马上——五十年传承典藏
11533922, 7.6, 14, 张火丁和她的戏
03077268, 6.8, 22, 清忠谱
26022196, 7.6, 13, 大幕拉开
03061759, 7.1, 17, 明末清初戏曲作品中的女性形象研究
01054617, 7.2, 16, 荀慧生传
06963174, 6.7, 22, 情到此间怎由人
03352369, 7.7, 12, 中国戏曲美学
03376722, 7.7, 12, 古代戏曲小说研究
01169405, 7.5, 13, 中国昆曲
10455950, 7.2, 15, 金龙难娶玉堂春
01871967, 6.9, 18, 俞振飞传
03117214, 6.9, 18, 梨园忆旧
01456884, 7.8, 11, 艺坛（第4卷）
01511520, 7.8, 11, 明清的戏曲
01511786, 7.6, 12, 中国戏曲脸谱
01169336, 7.3, 14, 传统文化与古典戏曲
04243391, 8.0, 10, 中国昆曲装扮艺术
01030188, 6.8, 19, 走进牡丹亭
10548134, 7.4, 13, 大武旦王芝泉
11632511, 7.4, 13, 昆剧发展史
02293080, 7.7, 11, 明人笔记中的戏曲史料
04767717, 6.9, 17, 中国戏曲通论
04169860, 7.5, 12, 中国戏服
01742954, 7.2, 14, 昆曲表演艺术论
02252805, 7.2, 14, 东西方戏剧的比较与融合
25764398, 7.2, 14, 普天下有情谁似咱
06844501, 7.8, 10, 京剧名伶艺术萃集
11441789, 7.7, 10, 吴人评点长生殿
04046207, 6.8, 16, 明人奇情
03077281, 6.7, 17, 白兔记
01736227, 6.6, 18, 粤剧
01445373, 7.1, 13, 晚明越中曲家群体研究
01923672, 7.4, 11, 戏曲班社研究
05260285, 7.6, 10, 红楼梦与戏曲比较研究
05321746, 7.2, 12, 顧曲集
03122683, 7.0, 13, 五大名剧论（全二册）
10618181, 6.8, 14, 被改造的民间戏曲
01070396, 7.4, 10, 趣谈中国戏楼
26096061, 6.9, 12, 20世纪戏曲改革的三大范式
01810113, 6.3, 16, 地方戏曲音韵研究
03597398, 7.0, 10, 中国鬼戏
10752751, 6.4, 14, 旧墨六记
20271629, 5.8, 19, 中国越剧走向何方
03873312, 5.6, 14, 尚小云全传
01012425, 0.0, 10, 中国曲艺史
01115847, 0.0, 10, 清代内廷演戏史话
01175734, 0.0, 10, 中国戏曲史略
01255974, 0.0, 10, 风月锦囊笺校
02303227, 0.0, 10, 宋元四大戏文读本
02339799, 0.0, 10, 缘督庐日记钞（全四册）
02349507, 0.0, 10, 京剧小生宗师姜妙香
20271462, 0.0, 10, 中国戏曲表演体系研究
34995708, 0.0, 10, 书的诱惑
01100983, 0.0, 11, 戏曲舞台设计
01556928, 0.0, 11, 乐户
01662456, 0.0, 11, 二十世纪中国戏剧导论
01705056, 0.0, 11, 中国工尺谱研究
02064020, 0.0, 11, 艺坛（第五卷）
04323895, 0.0, 11, 啸伯永啸
34867302, 0.0, 11, 余叔岩年谱
05975848, 0.0, 12, 昆笛技巧与范例
06920262, 0.0, 12, 中国古代剧场史
34991533, 0.0, 13, 东邻西厢
26675983, 0.0, 87, 写给不看戏的人看
