2020-07-05 16:00:04

number of books, tag name
525, 成功学

ID, rating, votes, title
01084336, 9.0, 576771, 小王子
01200840, 9.0, 251388, 平凡的世界（全三部）
01858513, 9.0, 135116, 月亮和六便士
01022060, 8.2, 146118, 狼图腾
06798611, 8.7, 47506, 史蒂夫·乔布斯传
01775691, 8.4, 81346, 少有人走的路
01786387, 8.6, 39606, 影响力
03719533, 9.4, 9787, 经济学原理
02340100, 8.0, 73634, 遇见未知的自己
10786473, 8.2, 45623, 自控力
06021440, 8.7, 18587, 黑客与画家
02256039, 7.8, 92459, 杜拉拉升职记
05346110, 8.9, 11552, 穷查理宝典
27608239, 8.4, 22260, 原则
01322025, 8.7, 13300, 卓有成效的管理者
01048007, 8.2, 26141, 高效能人士的七个习惯（精华版）
01095634, 8.7, 11111, 小狗钱钱
06709809, 8.4, 14209, 暗时间
04180711, 8.2, 16361, 拖延心理学
01005576, 8.9, 5249, 影响力
10785583, 8.2, 13619, 思考，快与慢
24753751, 8.1, 14702, 向前一步
02363651, 8.1, 14544, 十四堂人生创意课
01115353, 8.3, 8674, 奇特的一生
01005193, 8.6, 5527, 重新认识你自己
02277299, 8.4, 6924, 当下的力量
04086927, 8.5, 5927, 煮酒探西游
27094706, 8.7, 4183, 财富自由之路
01313124, 8.2, 7381, 赢
24749465, 7.4, 31523, 断舍离
01313181, 8.4, 5379, 富兰克林自传
26297606, 7.5, 24549, 从0到1
05317075, 7.1, 57684, 蔡康永的说话之道
01020644, 8.1, 6844, 金字塔原理
01489670, 8.6, 3076, 老子他说
01919072, 7.7, 12063, 长尾理论
05171244, 8.5, 3336, 把时间当作朋友
22994632, 8.9, 1928, 成功，动机与目标
03688489, 7.7, 10997, 异类
05916234, 7.6, 12697, 番茄工作法图解
01022936, 8.2, 4476, 基业长青
01485628, 7.9, 6995, 毛泽东传
01045862, 8.4, 3179, 第五项修炼
25985683, 7.7, 9326, 人性的弱点
02225735, 7.9, 6606, 谁动了我的奶酪？
01837006, 8.0, 5441, 人性的弱点
25870384, 8.3, 3401, 你的生命有什么可能
03318174, 8.1, 4435, 这书能让你戒烟
06438010, 8.6, 2126, 少有人走的路
01059769, 8.0, 4900, 从优秀到卓越
04249967, 8.0, 4750, 财务自由之路
10539126, 8.4, 2629, 社会动物
27167992, 8.1, 3911, 见识
01427679, 7.5, 10399, 做最好的自己
04112632, 8.2, 3283, 活法（修订版）
06510070, 8.2, 3218, 人生不设限
01105890, 8.1, 3711, 生命的重建
10739290, 7.8, 5896, 30岁前别结婚
10773358, 8.1, 3630, 意志力
01433050, 7.9, 4891, 圈子圈套
10476698, 7.5, 8760, 因为痛，所以叫青春
03622904, 7.2, 13723, 不抱怨的世界
01162784, 8.1, 2907, 超越自己·创造自己·肯定自己
01911687, 7.4, 8872, 厚黑学
03224456, 7.7, 5085, 少有人走的路Ⅱ
27154533, 7.6, 5879, 终身成长
01788302, 8.4, 1756, 重塑心灵
04934733, 8.1, 2617, 真实的幸福
20434430, 8.0, 2834, 你要如何衡量你的人生
34952676, 8.3, 1838, 苏世民：我的经验与教训
01085660, 8.0, 2587, 尽管去做
04010185, 8.0, 2353, 哪来的天才？
06052860, 7.2, 8100, 海底捞你学不会
05344908, 7.9, 2493, 别独自用餐
02133074, 7.0, 10207, 20几岁，决定女人的一生
01473323, 7.8, 2436, 引爆点
27009488, 7.7, 2814, 财务自由之路
10446295, 8.0, 1721, 权力
03691437, 7.3, 5044, 思维导图
24739109, 7.7, 2617, 奇特的一生
03284230, 7.4, 3821, 我的成功可以复制
03006483, 7.7, 2320, 每周工作4小时
01082601, 7.5, 3159, 羊皮卷
01058229, 8.6, 723, 智慧书
01780035, 8.6, 716, 如何改变世界
01417379, 8.4, 881, How To Win Friends And Influence People
04720131, 8.5, 759, 太傻十日谈
20386249, 8.0, 1370, 人性的弱点
01019917, 8.4, 838, 杰出青少年的七个习惯
01908463, 7.8, 1703, 与未来同行
01491590, 7.9, 1381, 人性的优点
02113347, 8.4, 745, 卡耐基经典全集
04729468, 7.6, 2075, 全中国最穷的小伙子发财日记
01490089, 8.2, 928, 富爸爸辞职创业前的10堂课
04852691, 8.4, 731, 你不可不知的人性（全二册）
04816212, 7.4, 2807, 真希望我20几岁就知道的事
03300884, 8.1, 1018, 投资大师罗杰斯给宝贝女儿的12封信
03654465, 7.6, 1998, 少有人走的路Ⅲ
03744041, 7.1, 4522, 晨间日记的奇迹
01065931, 7.7, 1661, 图穷对话录
04087554, 8.0, 1091, 活法（叁）
03616968, 7.8, 1419, 活法（贰）
02075109, 8.4, 677, 人性的弱点
01423818, 7.9, 1194, 如何在大学里脱颖而出
01769449, 8.4, 652, Never Eat Alone
01015133, 7.9, 1112, 首先，打破一切常规
01021977, 7.7, 1453, 思考致富
01217905, 8.4, 601, 人性的弱点全集
21364188, 7.2, 3038, 书都不会读，你还想成功
02033803, 7.7, 1397, 記事本圓夢計畫
11632344, 8.5, 521, 走出思维的误区
05410582, 7.3, 2213, 伟大是熬出来的
01050510, 7.3, 2185, 六顶思考帽
11509401, 6.9, 4367, 正能量
24737118, 7.9, 920, 不要等到毕业以后
04214217, 7.3, 2135, 女人明白要趁早
34799998, 7.9, 846, 格局
03371227, 8.1, 642, Mindset
01254463, 8.0, 703, 人性的优点
06515939, 6.8, 4264, 世界如此险恶，你要内心强大
01257491, 8.0, 684, 挺立在孤独、失败与屈辱的废墟上
01964883, 7.5, 1298, 为什么幸运的人总幸运倒霉的人老倒霉
03573324, 8.6, 349, 如何處理仇人的骨灰
26948144, 7.2, 1960, 格调
01061615, 7.5, 1212, 方与圆
06801742, 7.4, 1351, 人生定位
01051650, 7.9, 681, 羊皮卷
01019770, 7.8, 762, 创造自己
02368126, 7.9, 673, 思考致富
01436473, 8.2, 451, 人性的弱点全集
01004325, 6.5, 5986, 致加西亚的信
33420594, 6.8, 3105, 成事
04920383, 7.3, 1327, 这辈子，只能这样吗？
06797767, 7.7, 738, 拆掉思维里的墙
05325859, 7.3, 1268, 天下没有怀才不遇这回事
10510102, 7.9, 570, 参谋助手论
01053836, 6.7, 3485, 细节决定成败
01143819, 8.2, 400, 人性的弱点
06004438, 7.4, 1055, 做你自己
01799224, 7.3, 1183, 仙人指路
01924212, 7.4, 987, 说话的魅力
04188928, 7.9, 514, 林肯传
10441244, 6.8, 2485, 整理的艺术
04886883, 7.5, 831, 将才
03815992, 6.8, 2440, 白骨精学习法
34864918, 8.5, 263, 时间管理7堂课
01037056, 8.1, 391, 唤起心中的巨人
02063630, 8.3, 311, 疯狂的功成名就
34901765, 8.1, 381, 巴拉巴西成功定律
01076574, 8.4, 281, 激发无限的潜力
26434719, 6.5, 4049, 你一年的8760小时
05322646, 7.3, 867, 专业主义
01022147, 7.5, 646, 管道的故事
01062945, 7.5, 646, 创造双赢的沟通
04874210, 7.1, 1099, 扫除力
01220597, 7.6, 548, 高效能人士的第八个习惯
01082392, 7.4, 703, 骑驴找马
26764871, 7.7, 479, 将心注入
04146300, 7.8, 426, 谁动了我的奶酪(青少年版)
01063057, 9.1, 125, 跟随你的心
04169625, 7.1, 1013, 杠杆阅读术
06758610, 6.8, 1640, 人脉是设计出来的
34845754, 7.7, 446, 精准努力：刘媛媛的逆袭课
01464916, 7.3, 722, 飞得更高
01973934, 8.9, 139, 聪明在于勤奋天才在于积累（华罗庚专辑）
02128625, 7.3, 706, 即战力
26782156, 7.4, 616, 安静的力量
04827417, 7.3, 704, 求职，从大一开始
20485924, 8.3, 227, Give and Take
01027050, 7.6, 470, 完美大学必修课
01578081, 7.4, 602, 谁动了我的奶酪
26309534, 7.9, 323, 沃顿商学院最受欢迎的成功课
01820508, 8.8, 141, 反经
01144530, 8.5, 178, 哈佛商学院启示录
04157223, 7.1, 861, 效率提升10倍的google化知性生产技巧
06902720, 8.1, 246, 意念力
01969064, 8.3, 203, 如何赢得朋友及影响他人
01927897, 8.7, 143, 菜根谭
04246477, 7.5, 466, 问题解决力
06109327, 8.8, 130, 活法套装版
05325861, 6.3, 3147, 气场
30164531, 6.9, 1014, 跨越
24722622, 7.6, 388, 为什么是毛泽东
03080493, 6.8, 1155, 21岁当总裁
05296839, 7.5, 407, 一日学习法
04720223, 8.1, 212, 一生的计划
06110455, 7.6, 356, 唤醒心中的巨人
20616993, 6.3, 2607, 洗脑术
01059063, 8.4, 158, 钢铁大王卡内基自传
24706032, 7.4, 439, 本能
01022955, 7.8, 265, 安德列.科斯托拉尼最佳金钱故事
01034872, 8.0, 209, 给你自己一分钟
03601853, 7.9, 229, 人性的弱点
01043571, 8.0, 204, 杜子华英语成功学
02016451, 8.0, 204, 万能钥匙
02046213, 6.9, 766, 世界上最神奇的24堂课
01007949, 8.9, 92, 与成功有约-全面造就自己
01452570, 8.5, 124, 村上春树作品集
04715270, 6.8, 815, 读心术
04772952, 7.6, 280, 思考致富
01859195, 7.3, 393, 新东方精神
03798470, 8.6, 109, 世界上最神奇的24堂课(原版经典全译本)
01479355, 7.7, 234, 谈判天下
05395289, 7.2, 418, 找回迷失的自己
30134794, 7.7, 233, 天才假象
01683470, 7.3, 361, 西点军校的经典法则
01035801, 6.2, 1999, 把信送给加西亚
01964207, 7.5, 269, 社交商
11978131, 8.4, 112, 激发无限潜能
01022460, 7.6, 226, 抢在时间前面的7条捷径
01160252, 8.4, 103, 玫琳凯自传
01044532, 8.5, 94, 你的误区
03019938, 7.5, 233, 思考致富
03347618, 7.3, 274, 高绩效人士的五项管理
03268564, 8.3, 104, Outliers
03350290, 8.0, 132, 大思想的神奇
01838111, 8.3, 102, 人性的优点
03422747, 7.0, 388, 别为小事抓狂
01175463, 7.6, 189, 我“疯狂”我成功
03644723, 7.1, 322, 管道的故事
02971368, 8.7, 72, 改变
26381898, 7.1, 314, 中层领导力
05904053, 5.8, 3010, 微博：改变一切
03269904, 7.8, 145, 曾仕强说胡雪岩
10731681, 6.7, 531, 六度人脉
01102490, 7.7, 157, 卡耐基成功之道全书
04251882, 7.3, 238, 公司绝不会告诉你的50大秘密
01410489, 7.3, 226, 自己就是一座宝藏――陈安之成功法则
01083989, 7.1, 283, 吃掉那只青蛙
01201621, 6.3, 925, 你在为谁工作
01265720, 7.7, 145, 羊皮卷
01107040, 7.6, 159, 大学生如何写毕业论文
26840398, 8.4, 78, 人性的弱点（珍藏插图版）
02028086, 7.1, 264, 淘宝网
25186158, 7.1, 263, 心理暗示力
01280020, 8.3, 83, 海伦·凯勒自传
02147625, 6.3, 819, 硅谷禁书
01025558, 8.0, 101, 卡耐基口才训练教程
01879842, 8.2, 84, 人性的优点人性的弱点全集
26296636, 7.9, 104, 心理控制方法
03994602, 6.4, 608, 毕业5年决定你的一生
01043427, 7.2, 201, 领导力21法则
01024145, 8.9, 48, 思考与成功
01082282, 7.3, 172, 邮差弗雷德
06430968, 8.0, 87, 把任何东西卖给任何人
01254488, 7.9, 94, 人性的弱点
03882021, 7.4, 147, 无条件信任的力量
35003590, 5.8, 1623, 一年顶十年
01260387, 7.4, 145, 80/20定律
06806203, 9.1, 40, Losing My Virginity
01142301, 7.5, 130, 不成熟不要紧
02974398, 8.6, 54, 钢铁大王卡内基自传
01954610, 7.5, 128, 卡耐基人性的弱点全集
01033342, 8.3, 64, 高效能家庭的7个习惯
02238712, 8.4, 56, 成功长青
01037315, 7.2, 152, 口渴之前先挖井
02890924, 8.1, 66, The 7 Habits of Highly Effective People
01486830, 8.9, 38, 塔木德智慧全集
06845348, 7.2, 132, 人性的弱点
06710893, 7.9, 70, 没有借口
26791537, 7.0, 163, 心静的力量
02146750, 8.0, 63, 怎样成交每一单
27056587, 7.9, 68, Barking Up the Wrong Tree
04584423, 8.5, 44, 卡耐基人性的弱点人性的优点全集
04873376, 6.6, 250, 邮差弗雷德
06843895, 7.3, 105, 人性的弱点全集
03318443, 7.9, 62, Outlier
01282846, 7.8, 67, 思考致富
01037847, 7.3, 102, 厚黑大全
02005585, 7.7, 71, 卡耐基自传
21966362, 7.8, 65, 正向力
02070161, 7.6, 76, 塔木德大全集
01139600, 7.6, 74, 罗斯福
02113340, 6.7, 184, 细节决定成败
01793559, 8.7, 34, The Seven Spiritual Laws of Success
01471074, 8.6, 36, How to Win Friends and Influence People
33463895, 8.6, 36, 从服务员开始，开挂人生
03879703, 7.0, 128, 窥见上帝秘密的人：洛克菲勒自传
26877279, 7.2, 102, 请停止无效的努力
04729483, 7.3, 92, 黄金法则
03327884, 6.7, 175, 激荡人生
01966028, 7.2, 100, 别说不可能
03639558, 8.0, 51, 思考致富
03069998, 7.3, 89, 博恩·崔西完美飞行
19955089, 8.0, 50, 别独自用餐
30367012, 8.2, 43, The Formula
05031917, 8.3, 40, 奇迹30
05076820, 8.6, 33, Outliers
03464555, 7.3, 85, 吸引力法则使用手册
05936858, 6.9, 118, 21岁当总裁2
01040484, 8.1, 42, 创建你的未来
25755867, 7.0, 103, 成功者的大脑
01312914, 7.4, 68, 目标
03244938, 8.3, 35, 习惯致胜
26708464, 7.6, 57, 思考致富
03027446, 7.7, 51, 二十几岁决定男人的一生2
05913086, 6.4, 189, 给你一个公司看你怎么管？
10434394, 8.2, 36, 華頓商學院最受歡迎的談判課
05248336, 7.5, 59, 亚洲华人企业家传奇
03282725, 7.0, 89, 你需要一个系统
03818480, 6.2, 225, 销售女神徐鹤宁
27191811, 7.3, 65, 练级 : 自我进化的十项修炼
01021840, 7.7, 47, 伟大的励志书
19989364, 6.9, 94, 团队正能量
26594314, 8.6, 26, 一生的资本
01331825, 8.0, 37, 與成功有約
01745380, 8.0, 35, 我信我能我要
02980591, 7.9, 37, 戴尔·卡内基成功学全集
01171370, 7.5, 49, 人性的弱点全集
06844581, 6.9, 83, 悟道
26656458, 8.2, 30, 非学历派精英
03686251, 7.9, 36, The Element
06524356, 6.1, 211, 人脉
01472691, 7.5, 47, Think and Grow Rich
01312926, 6.5, 123, 结果第一
26281087, 8.1, 31, 人性
26729020, 6.5, 122, 特朗普传：激情创造梦想
01922725, 7.0, 71, The Richest Man in Babylon
01085645, 6.2, 178, 成功人士战胜疲劳的秘密
01144906, 7.5, 46, 拿破仑.希尔成功学全书
01138925, 7.4, 49, 有效沟通
01028112, 7.5, 45, 自己拯救自己
02062777, 7.2, 57, The Dip
02367394, 7.8, 36, 人性的弱点全集
02262793, 7.8, 35, 思利及人的力量
01666757, 6.8, 80, 我一定要
03633888, 7.5, 43, I Will Teach You To Be Rich
33400258, 7.5, 43, 超级个体：打造你的多维竞争力
02115925, 9.4, 15, 销售三人行
01265835, 8.1, 28, 卡内基沟通与人际关系
26989768, 6.5, 106, 积极的力量
26331328, 6.9, 69, 稻盛和夫语录100条
01709776, 8.2, 26, 安东尼.罗宾潜能成功学（上下）
22793541, 6.9, 66, 体验的智慧I
03038964, 6.7, 79, 细节决定成败
01157302, 8.2, 24, 处世的艺术全集
02011114, 7.6, 34, 西点精神
01792061, 8.5, 20, 我是天才你也是
01416184, 8.6, 19, 世界上最伟大的励志书
01129597, 7.4, 39, 生命金字塔
01038929, 7.1, 49, 戴尔.卡耐基成功之道全书
25985657, 6.3, 109, 别让成功卡在说话上
01082166, 7.9, 27, 突破惯性思维
05983636, 6.7, 69, 我奋斗在最残酷的战场上
05387397, 6.2, 119, 有钱人和你想的不一样
01737101, 6.4, 93, 思路决定出路
02889007, 8.4, 20, How to Be Rich
03513008, 8.6, 18, 卡耐基励志经典
05502889, 8.2, 22, 最伟大的二十四堂课
01047209, 6.8, 60, 马太效应
01443479, 7.9, 26, 下一个百万富翁就是你
04233238, 7.8, 27, 找到自己的北极星
01070792, 6.8, 58, 像天才一样思考
03234087, 5.8, 197, 20-30岁你拿这十年做什么
01666544, 8.5, 18, 不是不可能
03028403, 7.2, 40, 靠自己成功
33447571, 5.6, 258, 让你在公司显得很能干的52种方法
03657125, 6.9, 50, 世界上最神奇的30个经典定律
03928877, 6.3, 92, 立志要趁早
01017055, 7.0, 45, 没有借口
01958310, 7.2, 38, 勇敢抉擇
23774509, 8.3, 19, 当世界无法改变时改变自己2
01608879, 7.3, 35, 送给加西亚的信
01083274, 6.6, 64, 情商与影响力
03642437, 6.9, 48, 谁是下一个奇迹
04924851, 6.7, 57, 职场人脉经营术
01627701, 7.1, 40, 蒋介石成败录
01436472, 7.7, 26, 卡耐基处世的艺术
01793423, 7.7, 26, Screw It
20435858, 6.4, 77, 我的哈佛日记
06104873, 6.9, 47, 我相信你们
01682517, 7.3, 34, 7秒钟展现你自己
26205969, 7.0, 43, 人生是一连串的偶然
01050218, 7.5, 29, 自己拯救自己
05360691, 8.3, 18, 拿破仑·希尔成功法则
01018767, 7.8, 23, 帝王学
03660732, 6.2, 88, 人生规划书：30岁前一定要做的21件事
03009050, 6.9, 43, 向周星驰学习
01538180, 8.1, 19, 拿破仑.希尔成功致富全书
26857732, 7.3, 30, 新鲜感
05264777, 7.7, 23, 成功的9个步骤
30373699, 7.7, 23, 全脑优势（第二版）
01104862, 7.5, 26, 21天让你脱胎换骨
26990679, 7.0, 37, 我的人生样样稀松照样赢
19979233, 8.5, 15, 王阳明教你驭心术
04166075, 6.2, 80, 心理调节术
06828699, 8.1, 18, 创业男成吉思汗
26712677, 6.7, 47, 管理你的每一天
01118986, 6.8, 42, 钻石就在你家后院
03298589, 9.2, 11, The New Master Key System
01127502, 7.6, 23, 女性成功心理学
26853063, 6.7, 45, 像赢家一样思考/奇才特朗普商业智慧丛书
03636558, 7.4, 26, 这是你的舞台
26384954, 7.4, 26, 羊皮卷
25693239, 7.5, 24, 定律
01833759, 7.8, 20, 当Google向欧洲挑战的时候-为奋起辩护
01342040, 7.4, 25, 从A到A+
03414575, 6.9, 36, 内向所以成功
01621667, 8.0, 17, 丰盛人生
06434475, 6.5, 49, 富爸爸商学院
04771911, 7.0, 31, 1821成功密码
01267132, 7.1, 28, 成功的策略
04050838, 6.9, 32, 跟总统学领导
04264131, 6.2, 60, 简单学
03799280, 8.4, 13, 积极思考
02128471, 7.2, 25, 忙要忙到点子上
03101265, 7.2, 25, 成功者的游戏
01180385, 6.8, 33, 心灵软件
05325857, 7.0, 28, 二十而励
03831372, 7.5, 20, 戴尔·卡耐基人际关系学
10749041, 7.5, 20, 人性的优点
25980189, 7.2, 24, 高效能是训练出来的
01058842, 6.6, 38, 你就是品牌
03824133, 6.3, 49, 犀牛成功学
03284046, 6.7, 33, 销售女神教你创造销售奇迹
04118797, 7.4, 20, 世界上最神奇的36堂课
01929316, 7.3, 21, 创业时代
01034062, 6.8, 29, 口才
06820514, 6.8, 29, 气场修炼术
01595364, 6.5, 36, 跟你的产品谈恋爱/陈安之著
01340486, 7.2, 20, 一分钟道歉
01662940, 6.7, 28, 要你成功:世界华人成功学第一人陈安之(VCD)
05366067, 6.3, 39, 毕业前的最后一堂必修课
01061139, 7.4, 17, 命好不如习惯好
03246053, 7.2, 19, 方法总比问题多 二
05254104, 6.1, 45, 大学路线图
34866451, 8.2, 11, 优秀的人都是聪明的勤奋者
01161143, 7.3, 17, 最伟大的激励
02678356, 7.3, 17, 告诉自己
27098271, 8.1, 11, 致富的勇气
01913915, 6.9, 21, 改变就在一瞬间
03831370, 6.9, 21, 戴尔·卡耐基人性的弱点
01186141, 7.3, 16, 世界最杰出的十大推销大师
03891595, 5.6, 73, 没有任何借口
01072197, 7.1, 18, 与你在巅峰相会
27054182, 7.0, 19, 日行一律：90天蜕变更好的自己
27114575, 7.0, 19, 日进一步：提高效率的简单方法
03350899, 6.9, 20, 赚钱机器
01290143, 7.6, 13, 假如今天是我生命中的最后一天
01009745, 7.0, 18, 最伟大的推销员
01220573, 7.3, 15, 思考致富
06526887, 7.3, 15, 青少年跆拳道全典
01944225, 6.8, 20, 自我管理
01319392, 6.1, 35, 成功是逼出来的
03351710, 6.7, 21, 成熟亮丽的人生
04102780, 6.7, 21, 秘密的秘密
25663252, 5.8, 48, 金钱逻辑
01900334, 5.4, 74, 搜商
04919322, 7.1, 15, 拿破仑·希尔成功学全书
01193830, 7.2, 14, 影响世界的25位商业领袖
04758380, 7.3, 13, 思考致富行动手册
26891408, 5.4, 69, 你的时间，80%都用错了
05275359, 6.4, 23, 真希望我20几岁就做对的事
20563185, 5.1, 108, 毕业3年要赚100万
25830494, 6.7, 18, 行动的力量
01694348, 6.3, 24, 细节决定成败
06821266, 5.7, 42, 做自己的女王
01314017, 6.8, 16, 本领恐慌
06121483, 7.0, 14, The 10X Rule
02120307, 6.6, 18, 智商情商手拉手
20504750, 5.8, 36, 隐忍力
04180377, 7.2, 12, 把积极带入你的生活
01009644, 5.4, 55, 为什么猫不汪汪叫
01035733, 6.6, 17, 成功的14堂必修课
10828640, 5.7, 37, 你对了，世界就对了
10468148, 5.6, 39, 黑色洗脑术
05343676, 6.8, 14, 改变一生的365个好习惯
10354844, 5.1, 78, 把信送给加西亚
06731598, 6.9, 13, 朝着太阳走-曙光缔造者李进巅的风雨人生
01397777, 7.4, 10, 枕边小品
11601944, 6.0, 25, 吸引力法则
01340534, 6.6, 15, What They Don&#39;t Teach You At Harvard Business School
20406926, 6.6, 15, 正能量
01957620, 6.8, 13, 赚钱机器
26695619, 6.5, 15, 别输在时间管理上
05410641, 6.3, 17, 20岁开始30岁成功-你拿这十年做什么
03024245, 6.8, 12, 情商启蒙
02182124, 6.9, 11, 北大杰出女孩给青少年的15个忠告
10509367, 6.3, 16, 把情商当回事
01970085, 6.6, 13, 帝王学的智慧
06827370, 6.6, 13, 没想到我也能
10454216, 7.0, 10, 5分钟掌控听众
02246942, 6.9, 10, 选择比努力更重要
01954426, 5.5, 27, 生活中的处世禁忌
04922180, 5.6, 24, 照亮年轻的路
06771934, 6.4, 12, 幸运最强法则
27090471, 5.9, 16, 10秒钟就行动
26331106, 4.1, 309, 墨菲定律
10517898, 6.0, 13, 你的人生可以改变
05290329, 5.3, 23, 如何在大学里脱颖而出
02130212, 5.5, 17, 天才的教科书
04272666, 5.2, 18, 人人都能成功
25952669, 4.0, 66, 北大凌晨四点半
30223895, 4.1, 26, A4纸上看人生
26281286, 3.4, 162, 你的努力，终将成就无可替代的自己
01040739, 0.0, 10, 成功法则
01125263, 0.0, 10, 拿破仑·希尔成功学教程
01359653, 0.0, 10, 與時間有約
02027440, 0.0, 10, 财富特质
03987181, 0.0, 10, 投资自我
04827027, 0.0, 10, 钻石宝地
05034033, 0.0, 10, 人性的弱点
06101355, 0.0, 10, 一桶金
01879849, 0.0, 11, 工科生职场成功讲座
03831371, 0.0, 11, 戴尔·卡耐基口才学
03919772, 0.0, 11, 你为什么还没有成功
04021842, 0.0, 11, 乔·吉拉德绝对成交的12个秘诀
05264823, 0.0, 11, 日本人的处世术
05918625, 0.0, 11, 世界上最神奇的24堂课
10747360, 0.0, 11, 30岁时你必须赢
26869236, 0.0, 11, 一万个万一：理工男的创新创业上手工具
03717181, 0.0, 12, 拿破仑·希尔积极思考的钥匙
04902751, 0.0, 12, 硅谷禁书大全集
10600768, 0.0, 12, 态度决定一切
07160960, 0.0, 13, 销售女神徐鹤宁教你创造销售奇迹
01491689, 0.0, 14, 陈安之
01603671, 0.0, 14, 穷也要站在富人堆里
01964208, 0.0, 14, 自己就是一座宝藏
02109612, 0.0, 14, 潮州商道
05302184, 0.0, 14, One Thousand Ways to Make $1000
06981378, 0.0, 14, 成功人士不说，却默默在做的30件事
01261572, 0.0, 15, 10亿美元十句话
06512840, 0.0, 15, 没有任何借口2
07058257, 0.0, 24, 销售大师之乔·吉拉德推销思想精读全集
01953049, 0.0, 50, 爷爷激励我成长
