2020-07-05 16:00:04

number of books, tag name
995, 成长

ID, rating, votes, title
04913064, 9.4, 496863, 活着
01084336, 9.0, 576771, 小王子
01770782, 8.9, 647932, 追风筝的人
06082808, 9.2, 294578, 百年孤独
10554308, 9.1, 272233, 白夜行
27614904, 9.2, 192588, 房思琪的初恋乐园
01068920, 9.3, 158307, 飘
01200840, 9.0, 251388, 平凡的世界（全三部）
20427187, 8.8, 276228, 看见
06781808, 9.2, 77181, 杀死一只知更鸟
26954760, 8.8, 149136, 月亮与六便士
01254588, 9.0, 100381, 城南旧事
01007914, 8.7, 158680, 窗边的小豆豆
03995526, 8.6, 185207, 目送
24531956, 9.7, 21884, 哈利•波特
33440205, 8.9, 60940, 你当像鸟飞往你的山
03369793, 8.6, 102483, 亲爱的安德烈
03608208, 8.5, 120387, 牧羊少年奇幻之旅
26986954, 9.0, 45483, 新名字的故事
01046265, 8.0, 317933, 挪威的森林
10517238, 9.0, 42311, 平凡的世界
30172069, 9.1, 35656, 失踪的孩子
02159042, 8.5, 101234, 挪威的森林
03523041, 9.1, 32238, 平凡的世界（全三册）
04207781, 8.7, 62352, 孩子你慢慢来
03576486, 9.1, 31091, 小狗钱钱
24754316, 8.7, 56074, 最好的我们
26879778, 9.3, 20738, 杀死一只知更鸟
01775691, 8.4, 81346, 少有人走的路
26382433, 8.2, 115949, 无声告白
06789605, 9.1, 23065, 树上的男爵
26878124, 8.5, 58240, 我的天才女友
02136140, 8.7, 40389, 雨季不再来
01013208, 8.4, 63346, 如何阅读一本书
03261600, 9.2, 16419, 人生的智慧
27104959, 8.7, 34371, 离开的，留下的
03026879, 8.8, 28936, 爱的艺术
01052990, 9.0, 20404, 草房子
02035171, 9.0, 20028, 人生的枷锁
03665874, 9.0, 19298, 星空
03803820, 8.4, 51380, 人生
01059419, 8.1, 90759, 海边的卡夫卡
04231381, 8.4, 48887, 那些回不去的年少时光
01476651, 9.0, 17668, 社会心理学
01020459, 8.4, 46999, 此间的少年
03693974, 9.4, 9537, 小王子
01346815, 8.4, 42440, 一個人住第5年
03057333, 9.1, 13383, 城南旧事
03578470, 9.0, 15419, 德米安
30336340, 8.7, 23731, 撒野
06397275, 8.9, 16343, 此生未完成
26369699, 8.6, 26247, 被讨厌的勇气
03533221, 8.4, 35530, 非暴力沟通
02053249, 8.1, 62228, 麦田里的守望者
03609132, 8.4, 35481, 把时间当作朋友
27204805, 9.2, 9921, 那不勒斯故事四部曲
02340100, 8.0, 73634, 遇见未知的自己
02158189, 8.5, 28641, 海边的卡夫卡
05437113, 9.1, 10733, 窗边的小豆豆
04732378, 8.7, 19510, 那些回不去的年少时光·终场
10786473, 8.2, 45623, 自控力
05952488, 9.0, 12180, 亲密关系
02008284, 8.7, 18453, 佐贺的超级阿嬷
02022979, 8.0, 62015, 喜宝
02256039, 7.8, 92459, 杜拉拉升职记
26803714, 9.2, 8314, 人性的枷锁
02209098, 7.8, 90008, 致我们终将逝去的青春
01056295, 8.2, 39845, 人性的弱点全集
01064841, 9.1, 8990, 绿山墙的安妮
05346110, 8.9, 11552, 穷查理宝典
26340138, 7.6, 120576, 岛上书店
25733470, 8.2, 35176, 没有色彩的多崎作和他的巡礼之年
02194123, 8.4, 24264, 相约星期二
01143694, 8.3, 28703, 动物凶猛
03465080, 9.0, 9439, 好妈妈胜过好老师
01082518, 7.9, 59966, 麦田里的守望者
10763902, 7.7, 87525, 偷影子的人
27608239, 8.4, 22260, 原则
01041128, 8.6, 15195, 天蓝色的彼岸
27154246, 9.9, 2764, 助张继科成就大满贯
01004088, 9.0, 8175, 长袜子皮皮
20421947, 8.6, 14522, 在细雨中呼喊
01203251, 8.1, 33317, 雾都孤儿
01001136, 8.8, 10439, 彼得·潘
04826530, 9.1, 6680, 我亲爱的甜橙树
30475767, 8.1, 31730, 人生海海
01048007, 8.2, 26141, 高效能人士的七个习惯（精华版）
26278687, 7.6, 86056, 皮囊
02250587, 7.6, 82962, 一个人的好天气
05330333, 8.6, 12859, 活出生命的意义
03604520, 8.7, 10955, 雨季不再来
26997048, 9.1, 6213, 撒哈拉的故事
26886310, 8.8, 9272, 有匪1
01431870, 9.0, 6972, 源泉
01054917, 8.5, 14082, 沧浪之水
28656614, 8.3, 19434, 山茶文具店
01794620, 7.8, 48450, 芒果街上的小屋
27198567, 8.6, 11670, 有匪（全集）
01427288, 8.4, 15591, 小妇人
01026425, 7.4, 108284, 三重门
01091203, 9.2, 4658, 少年凯歌
26907961, 9.4, 3629, Born a Crime
03826899, 8.7, 8979, 布鲁克林有棵树
06709809, 8.4, 14209, 暗时间
02026211, 9.0, 5775, 士兵突击
21617765, 8.8, 7532, 亲爱的安德烈
05363752, 8.5, 11698, 哥斯拉不说话
01013502, 7.6, 60626, 钢铁是怎样炼成的
01069805, 8.8, 7318, 给青年的十二封信
06016234, 8.9, 6317, 奇风岁月
02669319, 9.1, 4797, Flipped
01318622, 8.7, 7599, 青铜葵花
30125030, 9.1, 4392, 天生有罪
04180711, 8.2, 16361, 拖延心理学
20326626, 8.6, 8526, 少年Pi的奇幻漂流
01016300, 7.1, 161991, 梦里花落知多少
05325618, 8.4, 11282, 高效能人士的七个习惯
03158482, 8.9, 5419, 新世界
26591331, 8.5, 9592, 你好，旧时光
26989242, 9.1, 4125, 有匪2
04953695, 7.8, 31692, 拆掉思维里的墙
02230208, 7.9, 25885, 我的前半生
02339950, 7.7, 37705, 被窝是青春的坟墓
03597031, 9.1, 4020, 杀死一只反舌鸟
01072319, 8.5, 9013, 长腿叔叔
02331434, 7.6, 44725, 原来你还在这里
26831789, 8.7, 6450, 穷查理宝典
06558705, 8.5, 8598, 雨季不再来
34659228, 8.7, 6411, 你想活出怎样的人生
01040397, 8.1, 16343, 假如给我三天光明
01047138, 7.8, 26889, 少年维特的烦恼
05252677, 8.0, 18433, 幸福了吗?
02193877, 8.0, 18353, 你在天堂里遇见的五个人
04286204, 8.1, 15101, 麦田里的守望者
30155720, 8.2, 12601, 小小小小的火
04832665, 9.2, 3073, 草房子
24753751, 8.1, 14702, 向前一步
26061406, 9.1, 3409, 小狗钱钱
02363651, 8.1, 14544, 十四堂人生创意课
02083981, 8.7, 5664, 了凡四训
27603501, 8.8, 4922, 奇迹男孩
10512236, 8.4, 8476, 时间的针脚
25953676, 9.3, 2557, 草房子
02349930, 8.8, 4710, 秘密花园
01803641, 8.9, 4036, 小公主
07154675, 8.8, 4592, 怦然心动
30254298, 7.7, 27004, 云边有个小卖部
25697520, 8.0, 15276, 他们最幸福
10747883, 8.0, 15268, 怦然心动的人生整理魔法
20443559, 7.7, 25865, 小王子
03899039, 8.1, 12439, 刺猬的优雅
26575679, 8.4, 7566, 当我谈跑步时，我谈些什么（2015典藏版）
34836531, 8.8, 4254, 了不起的我
03594151, 8.1, 11996, 柑橘与柠檬啊
01005193, 8.6, 5527, 重新认识你自己
06773643, 8.0, 14047, 橘生淮南·暗恋
01077778, 8.1, 11798, 爱的教育
34466299, 8.6, 5462, 天才基本法
05332713, 9.0, 3143, 人间是剧场
03778004, 8.2, 9731, 致我们终将逝去的青春
02295324, 8.6, 5308, 地下乡愁蓝调
01262986, 8.1, 11395, 我不是教你诈
30175475, 8.8, 4017, Educated
07059662, 8.1, 11221, 考拉小巫的英语学习日记
01470158, 8.0, 13265, 圆舞
03420606, 8.7, 4531, 正面管教
02277299, 8.4, 6924, 当下的力量
21361157, 8.7, 4509, 十年一觉电影梦
30389372, 8.7, 4389, 成为
30199434, 8.3, 7665, 原生家庭
06526752, 8.8, 3763, 生命之书
25984204, 7.3, 49262, 乖，摸摸头
03413836, 8.4, 6563, 当下的力量
06835758, 8.6, 4901, 平凡的世界
01269900, 8.1, 10335, 活法
27094706, 8.7, 4183, 财富自由之路
25749845, 8.4, 6279, 把时间当作朋友（第3版）
20425053, 7.6, 24203, 我所理解的生活
01014144, 8.3, 7146, 大卫·科波菲尔（上下）
01962124, 8.5, 5303, 东京塔
26895993, 7.9, 13600, 刻意练习
06007431, 8.4, 6022, 我不是完美小孩
27079142, 8.9, 3019, 有匪3
26275861, 8.5, 5082, 沟通的艺术（插图修订第14版）
01444900, 8.6, 4371, 爱的五种语言
01437973, 8.7, 3733, 亲密关系
20453024, 8.7, 3688, 不要因为走得太远而忘记为什么出发
02158194, 7.7, 17874, 且听风吟
27113040, 8.5, 4844, 打火机与公主裙·长明灯
02275635, 8.8, 3231, 如何说孩子才会听，怎么听孩子才肯说
10598170, 8.1, 8714, 我不要你死于一事无成
03002878, 8.7, 3599, 优势谈判
26642866, 8.1, 8652, 萤火虫小巷
01313181, 8.4, 5379, 富兰克林自传
01073333, 8.8, 3110, 我的妈妈是精灵
27186106, 8.3, 6157, 心流
07064313, 7.7, 16545, 突然就走到了西藏
04199248, 8.8, 3011, 佐贺的超级阿嬷
05317075, 7.1, 57684, 蔡康永的说话之道
27186298, 9.1, 2067, 平凡的世界
04818929, 7.6, 19506, 夏至未至
01292359, 8.4, 5107, 相约星期二
04173403, 7.7, 15821, 温柔的叹息
01211267, 8.5, 4302, 阿甘正传
26126183, 9.2, 1793, 哈利·波特与魔法石（纪念版）
02237621, 8.5, 4295, 十八岁出门远行
25902450, 8.6, 3713, 德米安
01042434, 8.1, 7652, 安妮日记
01721111, 8.6, 3663, 周国平人生哲思录
05980113, 8.9, 2488, 伯恩斯新情绪疗法
02080764, 8.2, 6317, 为何家会伤人
27094488, 8.5, 4033, 过门
21460732, 8.3, 5353, 秒速五厘米
01279648, 8.4, 4525, 天使在人间
27113008, 8.8, 2614, 有匪4
26594159, 8.7, 2966, 德米安
03777123, 7.8, 11516, 告别天堂
20507212, 8.0, 8158, 习惯的力量
01006614, 8.6, 3321, 我们内心的冲突
02588506, 8.9, 2257, Flipped
26300508, 8.7, 2881, 万物的签名
01054181, 8.8, 2441, 牧羊少年奇幻之旅
01318615, 8.5, 3576, 山羊不吃天堂草
33385402, 8.1, 6415, 事实
03633588, 8.8, 2382, 幸福之路
04882159, 7.6, 14777, 橘子不是唯一的水果
03266968, 7.2, 33362, 秘密
06890671, 8.2, 5305, 一天
03664754, 8.1, 6089, 米娅，快跑
04051739, 8.7, 2601, 第五项修炼
01140729, 8.6, 2933, 星船伞兵
10586741, 8.3, 4375, 关键对话
27050457, 8.7, 2544, 幸福课
25863621, 8.0, 6894, 异类
06744767, 8.9, 1987, 我们内心的冲突
06313476, 8.8, 2190, 远大前程
26761696, 7.5, 16126, 精进
22994632, 8.9, 1928, 成功，动机与目标
34797578, 8.1, 5662, 人间值得
28003156, 8.8, 2166, 给青年的十二封信
03688489, 7.7, 10997, 异类
24758481, 8.6, 2708, 当下的力量（珍藏版）
04894485, 7.8, 8639, 麦田里的守望者
01285961, 8.4, 3430, 根鸟
03800022, 8.2, 4495, 活出全新的自己
04882167, 8.6, 2558, 安德的游戏
26935435, 7.7, 9621, 大裂
26349261, 8.2, 4303, 孤儿列车
26288882, 8.4, 3238, 我是你爸爸
04918104, 8.7, 2179, 东京塔
01183730, 8.5, 2808, 谈话的力量
26176538, 8.8, 1919, 被討厭的勇氣
25907227, 8.1, 4933, 为何家会伤人（升级版）
05378433, 9.1, 1348, 绿山墙的安妮
25985683, 7.7, 9326, 人性的弱点
34326931, 8.6, 2414, 掌控习惯
02225735, 7.9, 6606, 谁动了我的奶酪？
01071821, 8.1, 4722, 你不可不知的人性
11507862, 8.2, 4047, 独自上场
20270670, 8.2, 4021, 为何爱会伤人
02165084, 8.3, 3458, 在轮下
25870384, 8.3, 3401, 你的生命有什么可能
34816684, 8.9, 1564, 天才基本法·完结篇
26849305, 8.8, 1749, 成为乔布斯
26678576, 9.3, 1007, 人性的枷锁
26987895, 9.3, 1006, 我在伊朗长大
26287433, 9.1, 1235, 心若菩提
01469051, 6.9, 43140, 左耳
04201728, 9.1, 1230, 给青年的十二封信
26584286, 8.7, 1941, 大学之路（套装）
30144978, 8.0, 5071, 见识
02372450, 8.7, 1929, 改变，从心开始
04726852, 8.5, 2478, 正念的奇迹
01637486, 8.1, 4278, 建筑师的20岁
06438010, 8.6, 2126, 少有人走的路
10565151, 7.5, 11443, 我是个年轻人 我心情不太好
01067049, 8.8, 1659, 孩子，把你的手给我
06009666, 7.5, 11344, 一个人的好天气
30346218, 8.1, 4167, 态度
34813209, 8.7, 1857, 蝲蛄吟唱的地方
35009826, 8.8, 1626, 一生的旅程
25858916, 8.2, 3489, 感谢自己的不完美
01796596, 7.2, 19686, 左耳
01440146, 8.9, 1414, 给教师的建议
01218321, 9.1, 1127, 个人形成论
20504749, 8.5, 2229, 那些回不去的年少时光（套装上下册）
01427679, 7.5, 10399, 做最好的自己
26747208, 8.0, 4474, 优秀的绵羊
26606389, 7.3, 15225, 白说
24863163, 9.0, 1224, 恩宠与勇气：超越死亡
26837288, 8.2, 3318, 钓鱼的男孩
03389960, 7.5, 10266, 自卑与超越
04112632, 8.2, 3283, 活法（修订版）
04723970, 7.6, 8339, 人人都是产品经理
01105890, 8.1, 3711, 生命的重建
25869269, 8.5, 2144, 海边的卡夫卡
33422839, 8.5, 2144, 发条橙
26363229, 7.7, 6971, 亲密关系：通往灵魂的桥梁
01022783, 8.1, 3684, 用我一辈子去忘记
05988558, 8.4, 2418, 深夜小狗神秘事件
03891855, 8.6, 1856, 第56号教室的奇迹
10773358, 8.1, 3630, 意志力
04706499, 7.7, 6641, 燃烧的男孩
05408860, 8.2, 3062, 风雨哈佛路
26728136, 8.4, 2323, 非暴力沟通
26898909, 7.7, 6576, 时间的女儿
01936204, 8.4, 2292, 女生日记
02241168, 8.7, 1571, 内在的探索
25748787, 7.6, 7661, 平生欢
01041616, 7.4, 10994, 那些忧伤的年轻人
05302113, 8.3, 2590, 三双鞋
01039311, 8.4, 2266, 职场动物进化手册
26905152, 8.8, 1379, 麦田里的守望者
26877306, 7.7, 6187, 微习惯
10476698, 7.5, 8760, 因为痛，所以叫青春
25373041, 8.7, 1505, 我和狗狗的16年
06052834, 8.0, 3799, 亲密关系
02050777, 8.2, 2835, 小妇人
25844144, 8.4, 2127, 一间自己的房间
27117578, 9.1, 939, 沟通的艺术（插图修订第15版）
27203393, 8.3, 2404, 见风
20480823, 8.2, 2744, 幸福的方法
02823823, 9.2, 835, Marva Collins&#39; Way
04139056, 8.1, 3125, 爱的教育
04722180, 7.7, 5786, 谁动了我的奶酪?-纪念版
27135212, 8.7, 1428, 杨红樱笑猫日记
26895988, 8.0, 3574, 学习之道
26390229, 7.9, 4085, 把生命浪费在美好的事物上
19935557, 9.1, 897, 谈修养
03622904, 7.2, 13723, 不抱怨的世界
34981242, 9.1, 880, 人间告白
02347737, 8.0, 3399, 深夜加油站遇见苏格拉底
27078435, 7.8, 4607, 跃迁
01316093, 8.2, 2535, 超越自卑
26822709, 8.4, 1937, 聋哑时代
26769136, 8.7, 1331, 为什么长大？
25870629, 7.8, 4465, 亲爱的生活
26274005, 8.3, 2142, 阿甘正传
20379760, 7.9, 3757, 我亦飘零久
26780098, 8.7, 1296, 夏日庭院
25858068, 7.4, 8625, 100个基本
26808809, 8.2, 2410, 当我遇见一个人
03224456, 7.7, 5085, 少有人走的路Ⅱ
34661936, 9.2, 752, 我的天才女友
24811096, 9.5, 565, Sunny 01
06718250, 8.5, 1624, 生命的不可思议
01025562, 8.1, 2716, 城北地带
27154533, 7.6, 5879, 终身成长
26799348, 8.1, 2682, 演讲的力量
20475794, 8.0, 3075, 身体知道答案
01788302, 8.4, 1756, 重塑心灵
26303520, 8.6, 1374, 婚姻的意义
03116096, 8.2, 2280, 象与骑象人
04934733, 8.1, 2617, 真实的幸福
27153484, 8.4, 1743, 富爸爸穷爸爸
02980795, 7.7, 4725, 内向者优势
26436743, 7.4, 7899, 曾少年
01885229, 8.2, 2225, 爱的教育
27170672, 8.6, 1340, 财富自由之路
06084402, 8.5, 1501, 游戏力
19963287, 9.0, 853, 诸神的面具
04934590, 8.3, 1909, 活出最乐观的自己
25911978, 7.6, 5371, 知行合一王阳明（1472—1529）
01310025, 8.4, 1676, 红瓦黑瓦
01958872, 7.4, 7623, 凉生，我们可不可以不忧伤
02070807, 8.5, 1478, 懂得爱
02149626, 8.6, 1298, 恰同学少年
20434430, 8.0, 2834, 你要如何衡量你的人生
34762492, 9.4, 563, 渊之信
26043287, 8.0, 2802, 我的拖延症女友
30353486, 7.8, 3736, 认知天性
34952676, 8.3, 1838, 苏世民：我的经验与教训
01427831, 8.7, 1118, The Perks of Being a Wallflower
05954613, 9.1, 730, 谁可以这样爱我
03798420, 9.0, 803, The Road Less Traveled
30144095, 7.9, 3128, 海边的卡夫卡
27108854, 8.1, 2340, 送你一颗子弹
33427364, 8.5, 1395, 熊镇2
26584387, 7.6, 4984, 一个人的朝圣2
25895468, 8.6, 1234, 追随她的旅程
25777982, 7.6, 4970, 在难搞的日子笑出声来
25963145, 8.5, 1385, 最美的教育最简单
26924424, 8.1, 2276, 喜欢我也没关系
20036150, 8.5, 1359, Principles
26801361, 9.1, 704, 鹿苑长春
01085660, 8.0, 2587, 尽管去做
05391766, 7.3, 8137, 忽然七日
30347650, 8.5, 1337, 《我不喜欢这世界，我只喜欢你》漫画第一册
19955069, 7.8, 3458, 遇见未知的自己
01505377, 8.5, 1319, 细米
07047201, 8.0, 2531, 芒果街上的小屋
01919733, 8.6, 1170, 彼得潘
26257557, 8.7, 1032, 热锅上的家庭（40周年纪念版）
26146992, 7.4, 6468, 我们为什么会分手？
26936065, 8.1, 2124, 请停止无效努力
03874168, 8.1, 2106, 零极限
25741244, 7.1, 11091, 我承认我不曾历经沧桑
01865689, 8.6, 1115, 玻璃城堡
06966843, 7.8, 3198, 重遇未知的自己
01436707, 7.5, 5177, 如何掌控自己的时间和生活
26373271, 8.7, 986, 活出生命的意义[珍藏版]
04010185, 8.0, 2353, 哪来的天才？
27173866, 8.1, 2045, 颠覆者
02062200, 6.2, 100680, 悲伤逆流成河
03999126, 8.5, 1194, 爱和自由
03715982, 8.4, 1346, 当幸福来敲门
26680107, 8.7, 932, 制霸好莱坞
25767534, 8.5, 1170, 少有人走的路1
24083865, 7.7, 3435, 女人明白要趁早之三观易碎
26852275, 8.4, 1306, 好妈妈胜过好老师2:自由的孩子最自觉
26647621, 7.0, 11927, 龙族Ⅳ
05344908, 7.9, 2493, 别独自用餐
34864919, 8.8, 815, 写作7堂课
34954108, 8.2, 1605, 坟场之书
30257644, 8.7, 879, 念书，还是工作？
11601993, 8.1, 1802, 安静
27601521, 8.4, 1226, 只管去做
10537637, 7.6, 3726, 行走中的玫瑰
06967980, 7.4, 5123, 然后，我就一个人了
27039296, 8.3, 1354, 幸福的勇气
05356342, 7.6, 3568, 男人来自火星，女人来自金星
04726323, 7.4, 4931, 一万小时天才理论
04929897, 7.6, 3509, 情商
26653000, 8.2, 1485, 金翅雀
26171593, 7.4, 4880, 今天也要用心过生活
03888110, 8.7, 813, 天使望故乡
26693418, 7.4, 4805, 按自己的意愿过一生
01449947, 8.5, 1003, 小妇人
26995850, 8.4, 1125, 雨季不再来
04758246, 8.7, 794, 夏山学校
10437353, 8.1, 1622, 我想遇见你的人生
26807400, 8.5, 977, 成功心理学
03040515, 9.0, 567, 灼人的秘密
27609489, 7.7, 2756, 远见
26606009, 7.7, 2754, 精力管理
24257591, 7.2, 6380, 绝望锻炼了我
20389192, 7.1, 7626, 30岁前的每一天
26785701, 7.3, 5249, 月童度河
26761859, 7.7, 2697, 精要主义
26416401, 7.3, 5147, 我敢在你怀里孤独
10446295, 8.0, 1721, 权力
26253561, 9.4, 376, 给青年的十二封信
04846035, 7.5, 3563, 干法
21764541, 8.5, 907, 爱的五种能力
33414023, 8.3, 1137, 我曾走在崩溃的边缘
26665498, 7.6, 2977, 生命中最简单又最困难的事
27622171, 7.4, 4064, 橘子不是唯一的水果
25697495, 8.6, 783, 情感依附
25895442, 6.6, 20115, 你的孤独，虽败犹荣
04053315, 8.2, 1242, 一念之转
25693190, 8.2, 1224, 舍得让你爱的人受苦
30355759, 8.8, 621, Atomic Habits
04165838, 7.9, 1799, 接纳不完美的自己
26704143, 8.6, 757, 把时间当作朋友(罗辑思维独家定制版)
27061132, 8.2, 1203, 我为你洒下月光
34437288, 8.0, 1537, 长大了就会变好吗？
04885190, 8.0, 1523, 安琪拉的灰烬
01082601, 7.5, 3159, 羊皮卷
01482317, 8.3, 1037, 自卑与超越
05408255, 8.3, 1036, 流金岁月
25975454, 7.8, 1980, 九败一胜
01065003, 8.4, 910, 中毒的父母
01101447, 7.7, 2263, 不要用爱控制我
25917140, 7.1, 6153, 不要让未来的你，讨厌现在的自己
26606002, 7.9, 1683, 恰如其分的自尊
26576239, 8.6, 715, 查理九世25·稻草人之乡
26762941, 8.6, 713, 一个人的博物馆
25809012, 8.0, 1455, 爱的博弈
30187774, 8.1, 1275, 小妇人
26590889, 8.0, 1448, 情绪急救
06807767, 8.4, 877, 拥抱你的内在小孩
27045965, 8.1, 1258, 有钱人和你想的不一样
06971390, 7.3, 4130, 小狗钱钱2
26590267, 7.3, 4110, 工作前5年，决定你一生的财富
04275052, 8.1, 1251, 九型人格
03420221, 8.4, 852, 实用程序育儿法
01879497, 8.5, 756, 新家庭如何塑造人
26267265, 8.5, 754, 壁花少年
26781120, 8.0, 1371, 优秀到不能被忽视
01019917, 8.4, 838, 杰出青少年的七个习惯
34787551, 9.2, 372, 给青年诗人的十封信
25836825, 7.2, 4602, 你是最好的自己
05339693, 8.5, 739, 母爱的羁绊
26821459, 7.3, 3804, 茧
26388796, 7.9, 1520, 人间卧底
27168583, 8.1, 1160, 直到孤独尽头
25828158, 8.2, 1019, 瞬变
24878420, 7.7, 1945, 明智行动的艺术
30358753, 8.1, 1131, 掌控谈话
25852589, 8.2, 999, 少有人走的路2
27102701, 7.9, 1446, 另一种选择
26916709, 8.0, 1261, 你的名字
30408662, 8.5, 689, 拥有一个你说了算的人生. 活出自我篇
06125682, 7.5, 2546, 力量
25788697, 7.4, 2980, 一切都是最好的安排
03585473, 8.1, 1085, What I Wish I Knew When I Was 20
01477442, 8.9, 452, 为自己的人
26995854, 8.5, 679, 稻草人手记
25817021, 8.3, 845, 20岁，光阴不再来
27070100, 8.8, 484, 《当你开始爱自己，全世界都会来爱你》
26319626, 8.2, 927, 向前一步
04816212, 7.4, 2807, 真希望我20几岁就知道的事
26712787, 8.1, 1033, 可爱的诅咒
27024260, 9.0, 393, 飘
27199584, 8.8, 475, 大学之路（第二版）
06061658, 8.7, 519, 幸福超越完美
01915476, 8.9, 425, 草原上的小木屋
26705662, 8.9, 425, 心理营养
30358363, 8.4, 709, 被忽视的孩子
25747597, 7.3, 3158, 不能不去爱的两件事
22993496, 7.5, 2274, 女人明白要趁早
27593934, 8.3, 777, 愿你慢慢长大
25910582, 8.1, 979, 成长
01000972, 8.0, 1101, 一生的忠告
19944406, 8.8, 451, 天使，望故乡
26641761, 7.9, 1246, 横向领导力
27046682, 8.2, 854, 关键对话：如何高效能沟通（原书第2版）（珍藏版）
06957796, 8.4, 675, 爱得太多的女人
26721477, 9.1, 333, 创伤与复原
30144196, 7.8, 1383, 妈妈让我卖茄子
25747867, 8.2, 832, 女孩和女人们的生活
27047949, 8.4, 660, 学习之道
01423818, 7.9, 1194, 如何在大学里脱颖而出
26989781, 8.0, 1045, 自卑与超越(完整全译本)
30170933, 7.2, 3394, 小王子三部曲
27170483, 8.0, 1036, 朋友圈的尖子生
27601926, 7.8, 1344, 斯坦福大学人生设计课
34884579, 8.2, 807, 北野武的深夜物语
25773343, 9.0, 353, 伯克毕生发展心理学：从0岁到青少年（第4版）
26648884, 7.5, 2000, 干法
26612510, 8.1, 877, 教养的迷思
30489331, 7.7, 1466, 能力陷阱
27012154, 7.3, 2659, 我喜欢生命本来的样子
22224887, 8.4, 607, 全脑教养法
30320765, 8.6, 491, 写给父母的未来之书
26924986, 7.9, 1092, 明天我要去冰岛
04330526, 8.4, 596, 幻想即现实
25734421, 8.3, 660, 胡萝卜须
27088215, 8.4, 591, 自我成长的力量
27049500, 8.1, 825, 秘书工作手记
34429342, 7.5, 1840, 我是个年轻人，我心情不太好
26791930, 7.8, 1201, 生于一九八四
30310659, 8.5, 515, 幸福的陷阱
27094416, 7.9, 1015, 羊与钢的森林
27017308, 8.3, 628, 醒来
26826152, 9.4, 224, 曾国藩家书
26816874, 8.1, 776, 理解未来的7个原则
34950362, 7.7, 1272, 我将独自前行
10546881, 8.6, 442, 记得 林俊杰
21329705, 8.6, 439, 灵性开悟不是你想的那样
26733302, 7.6, 1442, 自控力：和压力做朋友
26911425, 7.7, 1249, 练习的心态
34650267, 9.0, 300, 稻盛和夫的人生哲学
05372542, 8.2, 667, 情感勒索
30327197, 8.2, 661, 祸国·式燕
19989621, 7.4, 1901, 面包树上的女人
26758995, 8.0, 830, 罗茜计划
26319791, 8.7, 388, 自我
26846721, 8.1, 730, 如何在爱中修行
26865498, 8.2, 650, 医治受伤的自信
26775813, 7.2, 2577, 十年一品温如言（修订珍藏版）
03822285, 8.6, 416, 自我导向行为
30371583, 7.0, 3522, 蔡康永的情商课
30327827, 7.5, 1538, 好好说话2
30168543, 8.9, 308, 《从尿布到约会：家长指南之养育性健康的儿童（从婴儿期到初中）》
06510688, 8.0, 775, 看见成长的自己
30245089, 7.6, 1300, 百岁人生：长寿时代的生活和工作
05906677, 8.2, 608, 过犹不及
25921293, 6.5, 9061, 愿有人陪你颠沛流离
10815590, 6.9, 3946, 优雅
25978468, 7.6, 1259, 遇见孩子，遇见更好的自己
34799998, 7.9, 846, 格局
25726681, 9.0, 270, 发展心理学:人的毕生发展(第6版)
01734002, 8.1, 661, 你不知道的自己
27104259, 7.3, 1945, 盐
26892174, 8.3, 527, 50个教育法
03661129, 8.4, 470, 小屁孩日记2
26422275, 7.2, 2256, 向死而生
30292813, 7.3, 1917, 2023非虚构成长
10786476, 7.8, 936, 每周工作4小时
30384422, 8.6, 380, 臣服实验
25891329, 8.3, 514, 心法
03371227, 8.1, 642, Mindset
24912330, 8.9, 285, 廖智：感谢生命的美意
26739865, 6.9, 3717, 向着光亮那方
30351566, 7.6, 1201, 别做那只迷途的候鸟
30257497, 7.4, 1602, 时间看得见
24699104, 6.8, 4417, 你要去相信，没有到不了的明天
26663954, 7.5, 1335, 吉田医生哈佛求学记
33536171, 9.1, 231, 原子習慣
22051527, 8.5, 398, 自我的追寻
10484712, 7.6, 1136, 驱动力
34863179, 7.9, 767, 好好思考
30278560, 7.7, 990, 创始人手记
20414886, 9.0, 249, 让孩子心悦诚服
02184750, 8.7, 325, 哈佛家训
33427859, 8.1, 603, 给大壮的信
20003684, 7.5, 1294, 那些女生该懂的事
03613841, 8.1, 598, 自信的秘密
01146989, 8.9, 268, 与孩子的天性合作
30314653, 6.6, 6161, 韭菜的自我修养
21249050, 8.4, 429, 身心合一的奇迹力量
27021786, 7.6, 1108, 靠谱
25779342, 7.5, 1270, 麦肯锡教我的思考武器
26649613, 8.2, 526, Deep Work
25912887, 6.7, 4880, 练习一个人
26178225, 8.0, 651, 巧克力色微凉青春I
25952600, 7.4, 1436, 壹刻
27609678, 7.1, 2270, 小学问
27143471, 8.1, 568, 12 Rules for Life
27116268, 8.3, 456, 牧羊少年奇幻之旅
25909857, 8.6, 337, 周末图书馆
01061615, 7.5, 1212, 方与圆
25801138, 8.9, 252, 是什么带来力量
07155725, 8.5, 362, How Will You Measure Your Life?
06801742, 7.4, 1351, 人生定位
27062574, 7.8, 784, 坚毅
24318966, 8.1, 548, 我在哈佛的最后一堂课
24297906, 6.6, 5491, 不畏将来 不念过去
26656779, 7.0, 2552, 当你的才华还撑不起你的梦想时
03772058, 7.4, 1344, 吸引力法则
19945741, 7.9, 680, 趋势的力量
33447944, 7.1, 2096, 小孩
05291811, 7.5, 1136, 认识自己，接纳自己
25720065, 8.6, 319, 你想活出怎樣的人生？
30325730, 8.3, 427, 新生——七年就是一辈子
27595707, 8.9, 237, 血色浪漫
30248303, 8.2, 459, 爱的沟通
34467263, 8.3, 409, 一生自在
30302901, 8.1, 505, 不安公主
30331265, 8.7, 276, 最后的告别
26909081, 7.6, 921, 守望之心
26363418, 7.3, 1409, 我坚信
26801234, 7.6, 919, 我二十九岁的夏天
26755989, 7.4, 1213, 做一个刚刚好的女子：不攀附，不将就
26794518, 7.4, 1197, 25岁，如何规划你的人生
11527197, 9.0, 209, 谦卑
30330362, 8.4, 359, 儿童教育心理学
27204109, 8.2, 440, 少有人走的路4：在焦虑的年代获得精神的成长
26934549, 8.7, 266, 要么孤独，要么庸俗
27132582, 8.2, 429, 不努力好像也没关系（14岁懂社会系列）
34857213, 8.2, 426, 亲密陷阱
26701308, 7.4, 1144, 自卑与超越
20281425, 7.2, 1539, 自卑与超越
30459025, 7.9, 583, 一问一世界
05063384, 7.5, 969, 思考的艺术
26384262, 8.2, 414, 正念
30142290, 9.2, 167, 尼尔斯骑鹅历险记
25744065, 8.0, 509, 决断力
27101895, 8.3, 367, 自我关怀的力量
33457239, 8.4, 331, 我和连岳一起成长
07001105, 7.3, 1247, 毅力
26324527, 8.3, 364, 富兰克林自传
25905227, 7.4, 1074, 你的生存本能正在杀死你
01608312, 8.5, 298, 呻吟语
10603541, 8.5, 297, 洛克菲勒留给儿子的38封信
10799765, 7.5, 917, 盖洛普优势识别器2.0
35058847, 8.7, 244, 撒野 3
30217534, 8.3, 354, 分手后，成为更好的自己（35周年纪念版）
34428757, 7.8, 614, 原生家庭生存指南
26345929, 7.3, 1182, 崭新的理所当然
30209866, 7.4, 1019, 每一天梦想练习
27120009, 8.8, 215, 走出自己的天空
25785829, 8.0, 468, 咨询的奥秘
26794006, 8.9, 197, 撒切尔夫人
26989031, 7.7, 664, Little Fires Everywhere
27053004, 6.8, 2559, 以幽默的方式过一生
30356082, 7.8, 579, 具体生活
30384461, 7.7, 652, 不管教的勇气
25867688, 6.7, 2992, 一粒红尘
26647130, 7.9, 504, 无处不在的人格
25925226, 8.0, 448, 强势
04796701, 7.1, 1474, 养育男孩
30476828, 7.7, 634, 为什么我们总是在逃避
25834747, 8.3, 325, 相约星期二(汉英对照)
35006892, 9.4, 128, 程序员修炼之道(第2版)
26642422, 8.4, 291, 自我发现与重塑
33423246, 7.3, 1063, 暗格里的秘密
34864918, 8.5, 263, 时间管理7堂课
06009051, 8.1, 391, 爱上双人舞
27614739, 8.3, 318, 生活教会我
26349688, 8.2, 350, 儿童教育心理学
11511203, 8.8, 199, 驭风少年
25808733, 8.8, 198, 爱·恨与修复
34815766, 7.2, 1191, 内向高敏者
30464332, 8.4, 281, 拥有一个你说了算的人生.终身成长篇
26743071, 7.2, 1181, 学会学习
26827314, 7.5, 771, 逆向管理
30197730, 8.6, 232, 焦虑症与恐惧症手册
26434719, 6.5, 4049, 你一年的8760小时
20472028, 7.9, 467, 我们为何如此不安
33453873, 8.7, 211, 性格的陷阱：如何修补童年形成的性格缺陷
24815957, 7.3, 1001, 秒速5厘米
33418858, 8.1, 373, 有些未来我不想去
26616951, 7.9, 456, WOOP思维心理学
26865749, 6.5, 3880, 所谓情商高，就是会说话
26659614, 6.9, 1829, 谢谢自己够勇敢
26866955, 8.5, 246, 最小阻力之路
06852021, 7.7, 569, 与内心的小孩对话
27003599, 7.6, 644, 你好，法奈利
25894861, 6.5, 3711, 跟任何人都聊得来
27040434, 8.6, 219, 给内心的小孩找个家
27667622, 7.6, 628, 超越原生家庭（原书第4版）
27081224, 7.8, 491, 学会提问
27072584, 7.7, 550, 中国式的情与爱
26987022, 7.5, 707, 哈佛的6堂独立思考课
27093280, 6.8, 2038, 认知突围：做复杂时代的明白人
30337311, 8.1, 346, 多向思考者
27252756, 7.3, 907, 不吃鸡蛋的人
27055728, 6.8, 1995, 如何成为一个有趣的人
30325761, 8.2, 308, 人人都能用英语
24697576, 7.5, 677, 第3选择
26870352, 7.4, 773, 内向性格的竞争力
27619988, 7.4, 771, 发现心流
26838223, 7.3, 878, 三观易碎
20278327, 5.8, 18892, 谁的青春不迷茫
30303516, 9.5, 102, 绿山墙的安妮
34817562, 7.4, 736, 轻狂
03185636, 8.8, 168, 天才儿童的悲剧
27137525, 7.3, 833, 墨菲定律(经典收藏版)
26302003, 7.5, 635, 小狗钱钱2
27045297, 8.0, 351, 穿过森林的男孩
30216218, 7.4, 713, 终身学习
10744971, 8.7, 179, 吸引力法则
33375419, 7.5, 613, 是谁出的题这么难，到处都是正确答案
25897663, 8.5, 210, 大卫·科波菲尔
34848957, 7.4, 695, 格局
26936260, 6.7, 2050, 斜杠青年
26809387, 7.0, 1227, 印象笔记留给你的空间
26757148, 6.5, 2958, 欢乐颂
34866369, 7.4, 681, 内向心理学
27054123, 7.4, 679, 心的重建
30310710, 8.2, 269, 七堂思维成长课
34850438, 8.7, 170, 牛天赐传
26895197, 7.1, 1011, The Subtle Art of Not Giving a F*ck
26878947, 6.9, 1384, 我不过低配的人生
30358057, 7.6, 506, 为何你总是会受伤
25712703, 8.3, 235, 父母的觉醒
26108383, 6.6, 2246, 人生永远没有太晚的开始
26126225, 7.4, 636, 你的降落伞是什么颜色
06794015, 7.6, 492, 太傻天书
26342494, 7.1, 961, 美女都是狠角色
26657426, 8.4, 210, 高效能人士的7个习惯（人际关系篇）
26220853, 8.2, 252, 论人的成长
25881693, 7.3, 704, 少有人走的路3
33442605, 7.9, 338, 人类木马程序
34845831, 8.5, 188, 亲爱的女儿
10539997, 7.5, 535, 小妇人
30205451, 8.2, 247, 蒲公英醇夏
27194818, 7.4, 604, 请停止无效社交
30428396, 9.2, 108, 少有人走的路6：真诚是生命的药
30328453, 7.5, 527, 财务自由之路. Ⅱ
30408726, 8.3, 221, 自尊（原书第4版）
26425651, 6.1, 5976, 你只是看起来很努力
30285992, 7.8, 366, 终身幼儿园
27613063, 7.2, 743, 读书是一辈子的事
20271917, 7.4, 559, 持续的幸福
23696863, 9.2, 102, 别永远伤在童年
26852880, 8.0, 276, 遇谁都能聊得开
04812990, 9.0, 116, 成长
26699698, 7.9, 305, 新版一分钟经理人(2015版)
26448151, 6.5, 2233, 离开前请叫醒我
26935479, 7.6, 421, 在对的时间做对的事
27609277, 7.7, 373, 最富足的投资
33420970, 8.4, 184, 绕日飞行
35023259, 9.6, 76, 这才是心理学（第11版）
34434176, 7.3, 604, 别人怎么对你，都是你教的
30156345, 8.0, 267, 再见王沥川
27197035, 7.4, 528, 国王 武士 祭司 诗人
34793488, 7.4, 527, 认知红利
26740257, 7.7, 365, 内在革命：一本关于成长的书
34960380, 8.7, 140, 你是孩子的光
05325861, 6.3, 3147, 气场
27078778, 7.4, 507, 重塑幸福
24722622, 7.6, 388, 为什么是毛泽东
33431785, 8.9, 115, 生存的12條法則
30241373, 7.5, 430, 天生非此
26452697, 6.9, 976, 自卑与超越
26763015, 9.1, 98, 李光耀：新加坡赖以生存的硬道理
26585403, 7.6, 375, 取悦症
34805727, 7.0, 823, 认生的人
30352397, 8.1, 218, 认同自己：如何超越与生俱来的弱点
01957941, 9.2, 90, High Output Management
30414138, 7.6, 369, 孤独力
26820338, 7.4, 469, 从自我苛求中解放出来
30335334, 7.3, 533, 不租房的606天
27084263, 7.3, 530, 承欢记
26779589, 6.1, 4275, 我喜欢这个&#34;功利&#34;的世界
30192257, 7.3, 528, 兴趣变现
30379317, 8.0, 237, 做自己人生的CEO
30393557, 7.3, 524, 高度敏感的力量
27026937, 6.8, 1063, 你自以为的极限，只是别人的起点
34952366, 8.9, 108, 别在成长的年纪选择平庸
34834138, 7.2, 578, 杏仁
25843173, 6.6, 1454, 恰到好处的幸福
30399941, 8.8, 114, 边界意识
10520050, 9.0, 98, Tiny Beautiful Things
30295274, 9.3, 80, 星愿大陆9
26906474, 8.3, 170, 人生脚本
26594680, 9.2, 85, 懒惰
26936410, 7.4, 433, 呼吸课
26412718, 6.9, 861, 我的漂亮朋友
26935293, 7.5, 381, 重塑自我：如何成为一个很幸福的人
27028523, 6.2, 3070, 好的孤独
30244208, 7.6, 337, 5分钟商学院•个人篇
27202452, 7.7, 301, 我减掉了五十斤
34795291, 8.5, 138, 一个数学家的叹息
01532073, 7.4, 417, 卡耐基写给女人一生幸福的忠告
27197024, 7.7, 293, 美丘
34779570, 7.5, 365, 持续行动：从想到到做到
27132559, 7.8, 261, 关于“工作的幸福”这件事儿（14岁懂社会系列）
26696756, 7.2, 530, 领导力21法则
30228461, 8.7, 115, The Courage to Be Disliked
10741739, 6.4, 1872, 凉生，我们可不可以不忧伤1
01076077, 7.3, 450, 藏在书包里的玫瑰
26936242, 7.1, 585, 内向者沟通圣经
35019107, 8.1, 184, 陪孩子终身成长
35041365, 9.6, 61, 豪夫童话全集
33392950, 6.3, 2097, 摆渡人3无境之爱
04767452, 7.5, 329, 爱自己，和谁结婚都一样
34809199, 8.7, 107, 银汤匙
25961421, 8.4, 134, 情绪自控力
25830853, 7.2, 466, 如何把事情做到最好
34454227, 7.8, 232, 身为职场女性
30218245, 8.1, 172, 你要如何衡量你的人生
26728018, 6.2, 2387, 你所谓的稳定，不过是在浪费生命
30419083, 7.6, 277, 创造时间
30217322, 8.2, 153, 自卑与超越
25765054, 7.5, 307, 去伦敦上插画课
33391219, 8.0, 181, 金字塔原理
30265798, 7.8, 213, 去当你想当的任何人吧
33413920, 7.4, 329, 爱过你
33433945, 6.7, 855, 最初之前
34663191, 8.3, 131, 灿若黎明
34912107, 8.1, 155, 在路上
34439350, 7.5, 283, 小逻辑
25880948, 7.3, 351, 脆弱的力量
34907898, 8.6, 99, 实验室女孩
30163782, 8.0, 163, 如何让孩子成年又成人
30282578, 7.2, 381, 与原生家庭和解
34669150, 7.5, 262, 思维的囚徒
30214587, 9.4, 56, 警犬汉克历险记·第一辑
30375932, 8.8, 82, 婚姻心理学
20386245, 6.7, 738, 情商
27616629, 7.6, 230, 那些比拼命努力更重要的事
34949410, 9.3, 59, 自定义人生
35000498, 8.4, 109, 最好的学区房是你家的书房
25731151, 6.2, 1765, 愿我的世界总有你二分之一
34440551, 7.6, 225, 赢家法则
26792508, 8.3, 117, 小妇人
26974490, 6.4, 1185, 你要么出众，要么出局
30330693, 6.5, 990, 写作是最好的自我投资
30483558, 8.4, 107, The Moment of Lift
34997632, 8.2, 123, 走出自我认知的黑箱
35075434, 9.7, 45, 用写作重建自我
27203444, 7.0, 439, 他人的力量：如何寻求受益一生的人际关系
25765450, 7.0, 430, 如何控制自己的情绪
34867399, 7.4, 261, 我的改变
24708172, 7.2, 330, 自控力2
30188473, 6.4, 1079, 无梦之境
30459117, 7.5, 230, 中国女孩
27073387, 6.6, 757, 二十几岁，没有十年
26932297, 8.5, 92, The Headspace Guide to Meditation and Mindfulness
30296046, 6.7, 638, 写给想哭的你
34951531, 8.4, 99, 要领
34789035, 8.3, 104, 终身学习（领导力篇）
30270040, 7.8, 161, 少有人走的路：心智成熟的旅程
30280416, 7.2, 305, 时机管理
05259532, 7.3, 269, 把时间留给最重要的事
27112536, 7.3, 263, 决定你上限的不是能力，而是格局
30359840, 7.8, 151, 走出原生家庭创伤
30487729, 8.6, 78, 战拖行动
34784111, 7.3, 248, 用一年时间重生
03395030, 7.6, 177, 藏在书包里的玫瑰
34934459, 9.0, 58, 拥抱可能
30229625, 6.9, 400, 终有一天你会懂
27605919, 9.3, 48, 鏡子練習
35018583, 8.3, 93, 学会说话 社交沟通中的刻意练习
27069153, 6.1, 1471, 人生效率手册
03351145, 7.1, 299, 说话的艺术
34990157, 8.7, 68, 女佣的故事
30325723, 7.5, 186, 突破天性
30245565, 5.6, 4456, 你坏
34897663, 7.2, 248, 我不怕这漫长黑夜
26978767, 8.0, 108, 巧克力色微凉青春Ⅲ
30247443, 8.5, 72, 不急不吼
30374975, 7.6, 153, Digital Minimalism
30252744, 7.5, 167, 成都姑娘
30406446, 6.8, 380, 30岁前的每一天
30140005, 6.3, 828, 早起的奇迹
26312412, 7.3, 202, 发现你的天赋
30182805, 6.4, 683, 无处停歇
34970632, 7.1, 251, 丢掉那少年
34442483, 7.0, 276, 请回答1998
33443534, 8.9, 52, 不急不躁
25985785, 5.6, 3481, 半暖时光
34881102, 6.6, 467, 亲爱的伯德太太
34845967, 8.0, 97, 猫的桌子
19954280, 7.4, 169, 卖掉法拉利的高僧
35002954, 7.6, 138, 成就 : 优秀管理者成就自己，卓越管理者成就他人
34869401, 9.8, 31, 太棒了，我们的职业
30781741, 7.7, 123, 解码青春期
26670648, 6.4, 609, 关键20小时，快速学会任何技能！
34903883, 7.6, 133, 虽然很想哭 但更想喝一杯奶茶
34995224, 7.6, 133, 36岁，人生半熟
26931029, 7.6, 123, 山顶上的男孩
30326100, 8.8, 49, The Laws of Human Nature
35003590, 5.8, 1623, 一年顶十年
35030202, 8.2, 71, 童年
35000362, 8.0, 82, 思维不设限
34431990, 7.9, 88, 戳中痛点，成为文案高手
30203060, 6.4, 486, 终身学习：10个你必须掌握的未来生存法则
30162847, 7.0, 208, 你为什么没朋友（14岁懂社会系列）
34859780, 7.4, 130, 生活明朗 万物可爱
35022414, 9.5, 30, 好父母的说话之道
27085749, 5.6, 2147, 后来时间都与你有关
30164868, 7.4, 128, 我曾记得那男孩
34779925, 7.0, 194, 何为真正生活
30233747, 7.4, 126, 向上管理的艺术
30271066, 8.2, 63, 克服完美主义
34969995, 7.1, 165, 我想要两颗西柚
34785005, 8.9, 39, 致青年书
33423656, 7.6, 96, Range
35009833, 9.1, 34, 寻找中国之美
34969842, 6.7, 249, 提问
27125003, 8.3, 54, 情緒勒索〔全球暢銷20年經典〕
34839251, 9.3, 30, 慢慢走，总会到的
34432077, 7.5, 100, 布隆伯格自传
33404946, 7.3, 120, 我们深陷泥潭
26337889, 5.5, 2039, 我们都一样，年轻又彷徨
34853630, 9.6, 25, 樱桃日记1：石壁上的动物园
30404977, 5.9, 826, 少女，请回答
30766694, 6.9, 174, 常与同好争高下，不与傻瓜论短长（老杨的猫头鹰2018年最新作品，醒脑之书系列之四）
30328798, 6.4, 331, 你的努力要配得上你的野心
05379108, 7.6, 83, 不纠结的世界
30216122, 6.7, 210, 姑娘脱贫比脱单更重要
34692780, 6.3, 360, 搜索力
35025713, 7.4, 96, 生活课
34855003, 6.9, 160, 成为极少数
34997277, 8.8, 34, 一边焦虑，一边成长
34923030, 7.8, 64, 黑暗物质三部曲
30785966, 5.6, 1090, 人设
35040127, 8.0, 51, 艺术游戏力
30299460, 6.4, 251, 大学不迷茫
35029959, 8.9, 28, 进击的心智：优化思维和明智行动的心理学新知
30269676, 5.8, 636, 总要习惯一个人
34790704, 6.0, 433, 时间的答案
34897598, 9.0, 26, 小七老师育儿说
35094328, 7.6, 63, 优雅是种力量
34981731, 8.0, 45, 学习的格局
35001329, 8.4, 33, 成为更好的自己：许燕人格心理学30讲
34867141, 8.5, 31, 财务幸福简明指南
34988774, 8.6, 29, 妈妈有力量
35080023, 8.9, 24, 西奥和不先生
34990864, 8.9, 22, 为何母爱会伤人
30378804, 6.5, 138, 想把余生的温柔都给你
34915970, 6.6, 121, 动机心理学 : 克服成瘾、拖延与懒惰的快乐原则
35026067, 6.3, 171, 即答力
04196710, 8.3, 29, 如何认识和提升自己
26323467, 7.6, 46, 我已经够好了
34993977, 6.3, 148, 孤独的150个信念
35021866, 7.7, 38, 深度改变
30365666, 7.8, 35, 活出精彩
34943001, 7.8, 33, 人生下一站
35082267, 9.3, 15, 灵犬雪莉
30328758, 7.9, 29, 你有多努力.就有多自由
34976992, 7.0, 53, 叙事改变人生
35043893, 7.6, 33, 精进有道
34997355, 8.5, 18, 能力突围
34833439, 5.9, 162, 你没有退路，才有出路
34632339, 7.8, 26, The Infinite Game
34923605, 7.2, 39, 结构化思维
34460937, 8.4, 18, 我的财富自由手册：才女到财女的人生必修课
26771604, 4.9, 1214, 穿越人海拥抱你
35025351, 6.9, 48, 内在疗愈
35048510, 8.0, 21, 自驱型成长
35085959, 9.0, 13, 心灵革命：19个改变人生的善意法则
30419367, 6.9, 43, 《用得上的心理学》
34948554, 9.1, 12, 亲子折叠笔记
34467952, 5.6, 186, 只能陪你走一程
34951239, 5.8, 135, 我要：喊停人生一小时！
34978399, 7.5, 21, 维系婚姻的秘密
35075013, 8.2, 14, 钻石思维
35067440, 8.5, 12, 跨越式成长：思维转换重塑你的工作和生活
26256803, 5.4, 82, 住在时光里的第七颗星
35029511, 6.5, 23, 我们终将孤独地长大
26857132, 4.7, 245, 别在吃苦的年纪选择安逸
27666489, 4.5, 411, 董卿：做一个有才情的女子
35080343, 0.0, 11, 青山入旧年
35069015, 0.0, 12, 如何成为更聪明的人
30427544, 0.0, 14, 不急不乱
35035026, 0.0, 16, 海海人生，终会相逢
35101979, 0.0, 16, 生命蓝图
35093444, 0.0, 19, 心理学通识
34915248, 0.0, 35, 人生初年
