2020-07-05 16:00:04

number of books, tag name
972, 我想读这本书

ID, rating, votes, title
04908885, 9.0, 129278, 局外人
06710437, 9.3, 50260, 撒哈拉的故事
26698660, 8.9, 66328, 巨人的陨落
33440205, 8.9, 60940, 你当像鸟飞往你的山
30172069, 9.1, 35656, 失踪的孩子
03239549, 9.2, 26754, 夹边沟记事
03162991, 9.6, 14971, 艺术的故事
26602392, 8.6, 69762, 你今天真好看
26672693, 9.0, 34651, 一个叫欧维的男人决定去死
26879778, 9.3, 20738, 杀死一只知更鸟
01467022, 9.2, 22490, 上帝掷骰子吗
26382433, 8.2, 115949, 无声告白
24380577, 9.1, 15739, 平凡的世界
26414020, 8.0, 95859, 我不喜欢这世界，我只喜欢你
26963321, 8.7, 25299, 步履不停
01941558, 8.6, 29622, 设计中的设计
26923390, 8.5, 33092, 长夜难明
26707463, 8.8, 19534, 月亮与六便士
26755503, 8.7, 22194, 我可以咬一口吗
27064488, 9.4, 8014, 活着
26757680, 9.0, 12703, 面纱
01032501, 8.8, 16314, 心理学与生活
26896859, 8.8, 15975, 当呼吸化为空气
26357614, 9.1, 9778, 海风中失落的血色馈赠
26803714, 9.2, 8314, 人性的枷锁
27054340, 9.2, 8065, 一个叫欧维的男人决定去死
30471298, 9.2, 8030, 2001：太空漫游
28659562, 8.8, 14041, 夏日终曲
26389895, 9.5, 5072, 银河帝国：基地七部曲
26340138, 7.6, 120576, 岛上书店
27107109, 9.4, 4987, 百年孤独
01041128, 8.6, 15195, 天蓝色的彼岸
26390842, 8.6, 15084, 哲学家们都干了些什么
27010212, 8.1, 34542, 芳华
26697350, 9.1, 6635, 极简宇宙史
26685994, 9.0, 7399, 给青年诗人的信
26319730, 8.5, 15009, 娱乐至死
26681984, 8.8, 9114, 告白
26706730, 9.0, 6605, 肠子的小心思
26707295, 8.7, 9675, 月亮和六便士
26413154, 9.2, 4680, 李光耀观天下
26666533, 9.5, 3179, 梵高手稿
27174130, 8.1, 22122, 北野武的小酒馆
26803179, 8.3, 15288, 平原上的摩西
26775466, 8.5, 10592, 小家，越住越大
30125030, 9.1, 4392, 天生有罪
27029890, 8.0, 22477, 外婆的道歉信
30280610, 8.6, 8142, 天长地久
19940743, 8.1, 17871, 文化苦旅
30224833, 8.5, 8148, 圣殿春秋
27024398, 8.6, 6988, 阅读是一座随身携带的避难所
01049522, 8.8, 5138, 西西弗的神话
30134903, 8.9, 4312, 鼠疫
30116399, 9.5, 2058, 跨越边界的社区（修订版）
27170538, 8.6, 6337, 存在主义咖啡馆
26772731, 8.3, 9957, 七堂极简物理课
27156306, 9.2, 2858, 现实不似你所见
26879324, 9.1, 3197, 怦然心动
26829016, 9.1, 3105, Python编程
30254298, 7.7, 27005, 云边有个小卖部
27140237, 9.5, 1946, 四世同堂
26575679, 8.4, 7566, 当我谈跑步时，我谈些什么（2015典藏版）
34836531, 8.8, 4254, 了不起的我
27079479, 8.8, 4192, 南方高速
30161861, 8.8, 4190, 与罗摩相会
27093935, 9.2, 2511, 慢煮生活
30228730, 8.5, 6006, 观山海
26733854, 8.6, 4877, 明天也是小春日和
27007549, 8.4, 6358, 中央帝国的财政密码
26431326, 8.9, 3056, 所有我们看不见的光
26394018, 9.3, 1870, 生活与命运
26974262, 9.4, 1668, 小王子
26853835, 8.3, 6766, 丝绸之路
26983338, 8.8, 3296, 老人与海
26417490, 8.1, 8976, 写给大家的西方美术史
34451656, 9.2, 1957, 呼兰河传
26642866, 8.1, 8652, 萤火虫小巷
01032967, 9.2, 1917, 说文解字
27186106, 8.3, 6157, 心流
27115970, 8.0, 9759, 秘密
26771878, 9.2, 1834, 中国通史
27168433, 8.7, 3324, 基因传
27071421, 9.0, 2229, 爱你就像爱生命（精装全彩珍藏）
26674263, 8.3, 5589, 司藤
30199037, 8.6, 3579, 小家，越住越大2
26666472, 7.2, 40333, 天才在左 疯子在右（完整版）
30302300, 8.7, 2946, 两个人的头两年
27091427, 9.3, 1444, 樱桃的滋味
27035382, 8.1, 6794, 七根凶简
27003014, 7.5, 19504, 半小时漫画中国史（修订版）
33385476, 8.3, 4973, 人类群星闪耀时
26847644, 8.2, 5526, 苏东坡传
26686625, 8.5, 3518, 自深深处
30427430, 9.1, 1665, 月亮与六便士
28171580, 7.7, 12014, 人间便利店
30264380, 8.3, 4399, 大江大河四部曲
26698598, 8.2, 5034, 有如走路的速度
26848051, 8.3, 4315, 造房子
26798331, 8.3, 4240, 醒来觉得甚是爱你
26669243, 8.1, 5158, 慈悲
26593084, 8.3, 3751, 迷人的材料
30236304, 8.8, 1928, 列奥纳多·达·芬奇传
27607225, 8.3, 3576, 命运：文在寅自传
27139938, 8.7, 2066, 哲学·科学·常识
26334227, 7.8, 7526, 昭奚旧草
26284408, 8.6, 2238, 命运的内核
30161856, 8.4, 2897, 苹果酒屋的规则
30144978, 8.0, 5071, 见识
27018089, 8.5, 2489, 音乐即自由
27056409, 7.7, 8058, 深度工作
27030867, 9.1, 1193, 我这一辈子
35009826, 8.8, 1626, 一生的旅程
26631867, 9.1, 1153, 现实与欲望
26591905, 8.2, 3509, 蝴蝶梦
30205286, 8.2, 3492, 清明上河图密码5
26676528, 8.5, 2283, 如何阅读一本文学书
26387640, 8.2, 3372, 忧伤的时候，到厨房去
26747208, 8.0, 4474, 优秀的绵羊
26606389, 7.3, 15225, 白说
30246268, 8.6, 1951, 给忙碌者的天体物理学
26837288, 8.2, 3318, 钓鱼的男孩
26363229, 7.7, 6971, 亲密关系：通往灵魂的桥梁
26837082, 8.8, 1483, 消失的微生物
26836970, 7.7, 6926, 沙丘
27056383, 8.5, 2121, 一只狼在放哨
30161866, 8.1, 3628, 太年轻
30167142, 9.1, 1044, 绿野仙踪
25986748, 8.2, 3088, 我的应许之地
26680437, 8.3, 2679, 只有医生知道！3
26356515, 7.7, 6609, S.
26575812, 7.0, 25933, 阿弥陀佛么么哒
27028847, 7.2, 16618, 沉睡的人鱼之家
26591906, 8.2, 3003, 浮生梦
26365847, 7.5, 8652, 美人为馅
30441551, 8.8, 1329, 烧纸
30215869, 8.4, 2156, 孤城闭
26150549, 8.6, 1612, 人性中的善良天使
27604190, 8.2, 2696, 我很好啊你怎么样
26952718, 7.7, 5486, 好好学习
26789567, 7.3, 11193, 如何有效阅读一本书
26873486, 7.9, 3966, 运营之光
26319527, 8.0, 3408, 性学三论
30134652, 9.1, 874, 局外人
26375993, 8.2, 2526, 狼行成双
26902370, 9.3, 707, 宇宙
27007881, 7.9, 3849, 乡下人的悲歌
26581961, 8.1, 2830, 走夜路请放声歌唱
26780098, 8.7, 1296, 夏日庭院
26392337, 8.3, 2088, 与神对话
27104764, 8.3, 2069, 经济学通识课
27154533, 7.6, 5879, 终身成长
27102207, 7.4, 8339, 放学后
26799348, 8.1, 2682, 演讲的力量
26436743, 7.4, 7899, 曾少年
26849123, 9.1, 782, 厚积落叶听雨声
26831788, 7.8, 3949, 旅行与读书
27194483, 8.2, 2199, 知更鸟
26985981, 8.2, 2111, 青苔不会消失
05366444, 8.7, 1120, 六个寻找剧作家的角色
26584387, 7.6, 4984, 一个人的朝圣2
26883960, 9.0, 788, 伊比库斯的预言
26102860, 8.5, 1353, 设计心理学1
26980003, 8.7, 1065, 金刚狼：老罗根
26791320, 8.4, 1513, 哇，历史原来可以这样学1
34872361, 8.3, 1692, 文案的基本修养
34948951, 7.9, 2924, 大话西方艺术史
26892991, 8.1, 2194, 你的第一本哲学书
26832913, 7.7, 3956, 二十亿光年的孤独
26756140, 8.7, 1025, 行动的勇气
30373656, 8.6, 1147, 遇见你之前
26984264, 8.4, 1446, 我这一辈子
26608585, 8.3, 1631, 重新定义团队：谷歌如何工作
27069092, 9.2, 603, 美的情绪：西洋画派十二讲
26756030, 8.2, 1790, 时间之间
26849245, 8.6, 1093, 子不语
27021578, 8.1, 2035, 大国的崩溃
26844525, 7.8, 3107, 再见，萤火虫小巷
30325462, 9.1, 628, 乡土中国（彩色插图有声版）
27183690, 8.4, 1346, 我想做一个能在你的葬礼上描述你一生的人
34988734, 9.1, 618, 走出唯一真理观
26251939, 8.4, 1307, 名画之谜·希腊神话篇
27085592, 8.4, 1306, 生活十讲
27605891, 8.8, 825, 惊呆了！哲学这么好
26787941, 7.2, 8011, 玛格丽特小镇
26570629, 9.1, 602, 生存与命运
27623508, 8.4, 1261, 走出荒野
26969582, 7.7, 3282, 火花
27036549, 8.2, 1604, 秦谜
26776967, 8.4, 1235, 发现的乐趣
26600657, 9.3, 480, 超人：秘密身份
27601521, 8.4, 1226, 只管去做
26356948, 6.2, 82151, 摆渡人
26981441, 8.4, 1197, 知觉之门
33407364, 9.6, 359, 易中天中华经典故事(套装共6册)
26853726, 7.1, 8680, 假面饭店
30259470, 8.7, 820, 最佳命中率
27173553, 7.1, 8175, 白金数据
27666002, 9.0, 578, 品三国
26653460, 8.1, 1606, 烟雾弥漫你的眼
30242807, 8.8, 705, 肉食者不鄙
26662600, 7.9, 2074, 哈佛非虚构写作课
26811138, 7.9, 2071, 我遇见了人类
27113334, 6.9, 11583, 笑场
26819850, 8.8, 686, 世界咖啡地图
26416401, 7.3, 5147, 我敢在你怀里孤独
26831681, 9.2, 455, 复活
26975206, 8.3, 1167, 人是一根会思考的芦苇
27028717, 8.1, 1489, 每天都是小春日和
27054267, 8.5, 905, 黑洞不是黑的
26948148, 7.0, 8653, 好好说话
26665498, 7.6, 2977, 生命中最简单又最困难的事
26919519, 8.1, 1440, 晓松奇谈·世界卷
27622171, 7.4, 4064, 橘子不是唯一的水果
27171658, 8.4, 987, 她一生的秘密
26787931, 7.4, 3882, 精神科的故事：在游泳池
27204079, 7.7, 2378, 玩儿
27145908, 6.9, 9484, 宇宙超度指南
27043527, 9.6, 290, 傅雷译品典藏
26657935, 8.6, 733, 历史深处的民国
26861583, 7.4, 3681, 不正常人类症候群
26591912, 8.9, 537, 惊世奇人
30197854, 8.0, 1464, 古董局中局1
27138978, 8.7, 642, 海上钢琴师
27045965, 8.1, 1258, 有钱人和你想的不一样
27092451, 8.7, 629, 最初的光明，最后的黑暗
30324824, 8.1, 1253, 艾莉诺好极了
33454653, 8.8, 564, 艺术的慰藉
30203912, 8.6, 692, 如何听爵士
30208077, 8.8, 561, 禅与摩托车维修艺术
26708780, 7.5, 2869, 非洲三万里
27147922, 8.2, 1066, 南极
26936053, 8.6, 674, 雅舍谈吃
27187490, 9.3, 341, 莎士比亚悲剧喜剧全集
27594659, 9.0, 444, 无可替代的你
26732624, 8.0, 1338, 精神病患
27601742, 8.1, 1171, 50：伟大的短篇小说们
30203911, 8.8, 532, 山河故人
30218679, 8.0, 1318, 散落星河的记忆4：璀璨
26856953, 7.4, 3127, 夏目友人帐
34709934, 7.9, 1479, 奇葩说：爱情需要反复讨论
34995610, 7.9, 1466, 八百万种死法
30395230, 7.4, 3080, 子弹笔记
26969889, 8.4, 781, 生而为猫挺好的
26775414, 8.5, 696, 茶，汤和好天气
30408662, 8.5, 689, 拥有一个你说了算的人生. 活出自我篇
26392840, 9.2, 347, 沉重的肉身
27046024, 8.4, 755, 杂食者的两难
26909546, 7.6, 2124, 我们内心的冲突
30121482, 8.3, 833, 乌合之众
26945196, 8.4, 740, 我有一只叫抑郁症的黑狗
26997263, 8.4, 728, 今天也想表白你：小绿和小蓝
26712787, 8.1, 1033, 可爱的诅咒
26851806, 7.3, 3282, 招摇
30141285, 7.8, 1519, 良陈美锦
26250094, 8.1, 1021, 哪啊哪啊神去村
03744041, 7.1, 4522, 晨间日记的奇迹
26827546, 8.4, 706, 大历史
27000152, 8.1, 986, 海洋与文明
27593934, 8.3, 777, 愿你慢慢长大
27125070, 7.5, 2252, 高敏感是种天赋
30187730, 9.1, 346, 鲁班的诅咒（全五册）：珍藏版大全集
27140491, 7.3, 3022, 小顾聊绘画·文艺复兴
27030988, 9.0, 370, 儒林外史
26476959, 8.4, 672, 我青春漫游的时代
34973161, 8.5, 594, 她们
26696624, 7.0, 4984, 笑场
26681985, 8.0, 1051, 生命里最美好的春天
26235467, 7.4, 2453, 你不懂咖啡
30352478, 8.5, 585, 你是我的怦然心动
27139846, 7.0, 4809, 我在未来等你
34876107, 7.9, 1165, 无处安放的同情
27046285, 8.5, 575, 一定要，爱着点什么
27155983, 8.1, 902, 贸易打造的世界
26821757, 8.1, 901, 他们说，我是幸运的
26953160, 8.1, 901, 给孩子讲量子力学
26883500, 8.9, 384, 在历史中寻找中国
27041233, 8.1, 892, 千万别说你懂买房
26841113, 9.1, 318, 岁月沧桑
26652354, 8.4, 629, 世界重启
34982078, 7.9, 1119, 安德鲁不想孤独终老
30212126, 8.1, 870, 阿迅
26844348, 6.5, 12956, 好吗好的
27592209, 8.2, 768, 小妇人
27116331, 7.7, 1447, 瘟疫与人
26848023, 8.1, 852, 可爱的骨头
26611176, 8.5, 541, 永不言弃
27183696, 8.4, 600, 小鸟睡在我身旁
30376623, 9.3, 257, 海底两万里
26833837, 7.6, 1623, 遗落的南境（三部曲）
26913479, 8.8, 396, 华杉讲透《论语》
26797269, 8.1, 829, 表情不错的人
34429342, 7.5, 1840, 我是个年轻人，我心情不太好
34792523, 7.9, 1049, 黑暗中飘香的谎言
27129400, 7.8, 1196, 散落星河的记忆2：窃梦
26882468, 8.9, 352, 雾中风景
27063109, 7.7, 1359, 红豆生南国
26910859, 7.9, 1038, 冥想
26831075, 8.4, 573, 诗意的原子
27609606, 9.2, 268, 怦然心动中英双语版
34869787, 8.6, 464, 独居冰岛的一年
26905777, 8.4, 566, 一个孤独漫步者的遐想
24380058, 7.6, 1526, 读书年代
27172965, 8.7, 415, 我把活着欢喜过了
27001121, 7.7, 1303, 平民之宴
27011409, 8.3, 620, 每当我找到生命的意义，它就又变了（珍藏版）
35016961, 9.1, 283, 鼠疫
26598945, 7.5, 1694, 请尊重一个姑娘的努力
26968920, 8.4, 544, 逼近的瘟疫
30417744, 8.6, 439, 秋灯琐忆
34442149, 8.2, 672, 清醒思考的策略
26775676, 8.0, 851, 阴翳礼赞
26733302, 7.6, 1442, 自控力：和压力做朋友
26600130, 8.8, 357, 忏悔录
26758995, 8.0, 830, 罗茜计划
26861450, 8.2, 655, 丹麦女孩
26319791, 8.7, 388, 自我
26865498, 8.2, 650, 医治受伤的自信
26805083, 8.9, 320, 心理治疗之路
30245411, 9.6, 181, 简·爱
26928780, 8.6, 424, 世界咖啡学
34995678, 9.6, 180, 毛泽东早期文稿
26838357, 8.8, 344, 给孩子的汉字王国
27594647, 8.7, 377, 我的叔叔李海
26779688, 8.0, 798, 做出好决定
26681392, 8.1, 708, 去山里盖座小屋吧
26902009, 8.1, 695, BBC世界史
26853566, 7.7, 1146, 出家
26739959, 8.6, 405, 不义联盟：人间之神2
30180821, 7.1, 2867, 那不勒斯的萤火
34442420, 8.2, 613, 色彩的秘密生活
26879777, 8.3, 544, 在难熬的日子里痛快地活
26797105, 8.0, 767, 舞姬
26591167, 8.0, 763, 窝在角落好安心
26598971, 7.0, 3326, 致我们单纯的小美好
27122346, 8.0, 760, 七十二堂写作课
26654687, 7.5, 1473, 你是我的命运
26437079, 7.8, 949, 春江花月夜
27085977, 8.6, 384, 极简音乐史
26362975, 7.8, 938, 藏在这世间的美好
30325311, 9.5, 177, 来路孤独，常有欢喜
26616500, 9.2, 223, 先知·沙与沫：纪伯伦诗文集
27204181, 7.5, 1376, 赋能
27119240, 8.2, 563, 国家地理终极观星指南
26759534, 8.5, 410, 我想飞进天空
26596340, 7.4, 1578, 只想和你好好的
26838266, 8.1, 627, 哈佛中国史05•挣扎的帝国：元与明
26992807, 8.6, 367, 关于人生，我所知道的一切都来自童书
26612363, 8.0, 692, 每当我找到生命的意义，它就又变了
27015840, 8.7, 328, 城乡中国（修订版）
26853494, 9.0, 251, 行者玄奘
26971176, 8.2, 543, 曾国藩的正面与侧面2
26673320, 8.5, 394, 水流云在
27598848, 8.5, 394, 奇迹集（增订版）
27003814, 8.4, 435, 与奥逊·威尔斯共进午餐
33376836, 9.5, 167, 安娜·卡列尼娜
27127501, 8.3, 479, 我认得人类的寂寞
26873207, 8.7, 321, 爱是唯一的真相
30161466, 7.3, 1707, 暗算
27038446, 7.6, 1089, 如何不喜欢一个人
30308672, 7.5, 1237, 郭论
26747206, 8.3, 455, 人生忽如寄
26742636, 8.6, 335, 鸟人
27099392, 8.1, 561, 越狱者
26609474, 7.5, 1188, 八卦医学史：不生病，历史也会不一样
27624439, 7.6, 1017, 如何写影评（插图修订第8版）
26975486, 8.5, 355, 随园食单
27666929, 7.3, 1535, 幻夜
30365801, 6.4, 8278, 冷场
27002392, 7.2, 1765, 一颗苹果宣布成为星球
26969635, 7.2, 1752, 星星上的人
27145976, 8.5, 347, 演技六讲
33374199, 8.8, 261, 听听那冷雨
26997819, 7.2, 1728, 你是我的小确幸
26993666, 7.6, 961, 七杀简史
27168595, 7.7, 824, 小群效应
34795345, 9.0, 215, 山月记
27100486, 9.3, 169, 金子美铃童谣集（全3册）
27166702, 7.7, 806, 我的抑郁症
33429491, 8.1, 499, 昆仑
27168701, 7.1, 1919, 爆款文案
34440655, 8.8, 248, 尼采：在世纪的转折点上
26892353, 7.8, 697, 蜥蜴脑法则
27134325, 6.3, 9161, 摆渡人2重返荒原
30179553, 9.3, 163, 欢喜在人间：汪曾祺自选小说集
27120528, 8.7, 266, 白石上的黑石
26681333, 7.2, 1577, 日日100
26818183, 8.2, 429, 失忆的爱丽丝
27030789, 8.6, 288, 宇宙的尺度
26616591, 7.1, 1819, 不如任性过生活
26820866, 8.5, 313, 暴风雨
26920860, 7.3, 1308, 脱轨
26782781, 7.3, 1307, 不必交谈的时刻
30206365, 9.5, 137, 小艾，爸爸特别特别地想你！
34977889, 7.4, 1128, 侯大利刑侦笔记
26848146, 7.2, 1520, 民国太太的厨房
30180673, 7.4, 1126, 她不是我妈妈
26609056, 6.9, 2458, 年少荒唐
26596713, 7.5, 954, 知中·山水
27101895, 8.3, 367, 自我关怀的力量
27012054, 7.4, 1082, 下雨天一个人在家
26953257, 8.3, 361, 大学的精神
26912629, 7.8, 619, 山女日记
26825412, 8.7, 243, 认识乐理
25726270, 8.2, 391, 凤九卿2
30228612, 7.8, 611, 游泳回家
26718550, 7.8, 608, 当你老了
26871359, 7.5, 891, 清醒思考的艺术
26575975, 8.3, 345, 与神对话2
27119495, 7.9, 527, 如果不遇江少陵
26707942, 6.4, 5832, 知更鸟女孩
26657357, 7.3, 1145, 世界简史
26986691, 7.5, 863, 金钱永不眠
27032472, 8.8, 211, 未生
26919762, 8.0, 448, 畅销的原理
34879684, 7.5, 824, 因为这是你的人生
30476828, 7.7, 634, 为什么我们总是在逃避
26847674, 8.0, 444, 狡猾的情感
27017799, 7.5, 816, 胰脏物语
27119835, 7.1, 1453, 少年们想从侧面看烟花
26828205, 7.1, 1444, 一本小小的蓝色逻辑书
27614739, 8.3, 318, 生活教会我
26810502, 8.4, 286, 暴力
30218334, 7.5, 788, 护肤全书
26814078, 7.3, 1039, 万物解释者
04261770, 8.2, 345, 来自鬼庄园的九九
26600656, 8.4, 283, 七宗罪
26971527, 7.3, 1026, 与你重逢
27592184, 8.9, 181, 黑夜
26743071, 7.2, 1181, 学会学习
26679174, 8.2, 340, 杨绛传
26923543, 8.7, 212, 现代欧洲史（全6卷）
26381874, 9.1, 152, 人心：善恶天性
34982925, 8.2, 335, 五万年中国简史（上）
26995098, 8.5, 250, 五十四种孤单
27009733, 7.4, 861, 我不惧怕成为这样“强硬”的姑娘
26775411, 8.5, 249, 祝，一切安好
26796537, 6.9, 1848, 为了你，我愿意热爱整个世界
26861883, 7.2, 1141, 如何参观美术馆
33395019, 7.4, 855, 低风险创业
30203909, 9.2, 139, 此间风雅
26865749, 6.5, 3880, 所谓情商高，就是会说话
27174411, 7.8, 511, 思维简史
04212274, 9.3, 129, 调性和声及20世纪音乐概述
26693234, 8.0, 402, 心有欢喜过生活
26943735, 8.5, 243, 看不见的岛屿
26905289, 8.1, 356, 掌中花园
27040434, 8.6, 219, 给内心的小孩找个家
27125194, 6.9, 1719, 新100个基本
27093280, 6.8, 2038, 认知突围：做复杂时代的明白人
26681994, 7.4, 788, 日和手帖006：人生有一百万种活法
27005443, 7.4, 787, 你会不会喜欢我
30171324, 9.1, 141, 脑中魅影
34953363, 8.9, 164, 人生
26853429, 8.8, 177, 城堡
27614470, 7.1, 1189, 人类酷刑简史
27074759, 9.0, 148, 演员的力量
27091014, 8.4, 245, 忠实的刽子手
27024497, 8.3, 269, 深入北方的小路
30133793, 7.5, 645, 美食，祈祷，恋爱
26772692, 7.8, 442, 故都的秋
33379155, 9.0, 143, 与打骂和溺爱说拜拜
34799802, 7.4, 722, 人生删除事务所
27045297, 8.0, 351, 穿过森林的男孩
25966771, 8.0, 345, 如此苍白的心
34848957, 7.4, 695, 格局
26603648, 7.1, 1058, 少即是多：北欧自由生活意见
26591077, 7.4, 679, 销售就是要玩转情商：99%的人都不知道的销售软技巧
27133438, 8.9, 147, 在尘世的纷乱中，安享自己的闲适人生
27002390, 8.2, 271, 记忆错觉
30191962, 8.1, 297, 谁偷走了美国梦：从中产到新穷人
30140771, 8.7, 171, 你淡定的样子真好看
27107526, 7.8, 409, 平原客
33400694, 8.5, 202, 皇帝魂
27187203, 8.8, 156, 饕餮记3
27040433, 6.4, 3442, 极简主义
34432451, 8.3, 238, 冰风暴
26878635, 7.0, 1156, 改变你的服装，改变你的生活
26582026, 7.5, 564, 梦知道答案（升级版）
01843245, 8.2, 259, 茶经
26664122, 7.6, 496, 百濑，朝向这边
26324835, 8.2, 258, 披头士
34825920, 8.8, 152, 鹤唳华亭：珍藏版
27075054, 8.3, 233, 十二个太太
26948085, 9.0, 129, 行星
26958586, 8.9, 139, 不期而遇，不告而别
26797183, 7.0, 1116, 喵呜，原来你是这种汪
30156001, 7.1, 951, 我知道你们又来这一套！
26584579, 8.3, 230, 抓住时机
30217981, 7.1, 948, 故事经济学
33410121, 7.2, 816, 超级符号原理
30384144, 8.0, 307, 乌鸦
27112680, 9.1, 117, 依恋三部曲•第一卷 依恋
26952944, 9.4, 95, 心理学导论（原书第9版）
30205451, 8.2, 247, 蒲公英醇夏
27041318, 6.8, 1482, 伽利略的苦恼
26828557, 7.3, 690, 从行动开始
30159230, 8.6, 171, 李世民：从玄武门到天下长安
26437752, 6.6, 2092, 灯下尘
26425651, 6.1, 5976, 你只是看起来很努力
33452604, 7.3, 674, 当你又忙又美，何惧患得患失
26789264, 6.4, 3003, 极简生活
27115700, 8.2, 237, 心像凌晨四点的蓝
27171491, 8.9, 130, 豹式健身
26919384, 8.6, 165, 图解欧洲艺术史：16世纪
26673009, 7.8, 354, 为什么你总是害怕来不及
26770312, 8.5, 178, 自我分析
26795253, 7.8, 350, 九州·斛珠夫人
25726269, 7.8, 348, 鳳九卿1
26827323, 7.4, 555, 上帝之饮
26852880, 8.0, 276, 遇谁都能聊得开
26878858, 8.1, 247, 恋爱心理学：愿你被男人温柔相待
30352722, 8.0, 270, 哈里·戈贝尔事件的真相（全两册）
26665530, 8.0, 269, 穿着高跟鞋奔跑
26837789, 7.5, 469, 不存在的父亲
30253066, 6.7, 1507, 洋葱阅读法
26594136, 9.1, 105, 二战史诗三部曲
30229576, 7.6, 412, 时间的玫瑰
26944900, 7.3, 598, 零秒工作
26413330, 6.5, 2148, 故事的结局早已写在开头
34960380, 8.7, 140, 你是孩子的光
26891304, 7.8, 322, 极简科学史
27058838, 8.5, 163, 《清河公主•洙宛传（贰）》
27078778, 7.4, 507, 重塑幸福
30294056, 8.9, 117, 十四夜间：沈从文小说
26716764, 7.4, 501, 荒野猎人
27667267, 7.3, 570, 明年更年轻
26747252, 8.1, 230, 请在哔声后留言
27018263, 7.9, 278, 漫步到宇宙尽头
33431785, 8.9, 115, 生存的12條法則
27135574, 8.0, 247, 孤独读书术
27017332, 7.5, 428, 三叉戟
27593653, 7.6, 379, 梦见狮子
26602466, 7.7, 338, 安全感
26782676, 8.6, 143, 绘安静的地方
26745062, 7.7, 335, 网络黑白
27153449, 8.5, 153, 命运早晚会让我们相遇的
34780357, 8.8, 120, LOVE IS
30414138, 7.6, 369, 孤独力
26820338, 7.4, 469, 从自我苛求中解放出来
30441810, 8.7, 129, 一切所遇，欢迎光临
26895634, 7.8, 294, 不完美，才美II：情绪决定命运
27002489, 8.8, 119, 《中国通史》（精装珍藏版上下册）
26362927, 8.5, 151, 忠于生活
26779589, 6.1, 4275, 我喜欢这个&#34;功利&#34;的世界
30359490, 9.1, 94, 裸眼观星
30382545, 8.1, 211, 十分钟智商运动
27026937, 6.8, 1063, 你自以为的极限，只是别人的起点
34952366, 8.9, 108, 别在成长的年纪选择平庸
27064941, 7.5, 398, 朝花惜时
04605341, 7.8, 283, 美食家
27032582, 7.3, 509, 文案圣经
26812570, 8.1, 208, 魔兽世界：伊利丹
35002963, 7.5, 392, 侯大利刑侦笔记2
27198385, 8.0, 225, 山山水水聊聊画画（元明清卷）
26991560, 8.2, 186, 机器人间
26700582, 8.1, 204, 此处游泳，既不安全也不舒适
26951532, 6.9, 865, 乘风破浪
26576605, 6.1, 3880, 这么慢，那么美
26936410, 7.4, 433, 呼吸课
26935293, 7.5, 381, 重塑自我：如何成为一个很幸福的人
27133727, 7.5, 381, 守夜
26910978, 8.0, 221, 蓝色笔记本
27078856, 7.7, 301, 卧底经济学1
33375446, 8.2, 181, 知宋：写给女儿的大宋历史
26974898, 7.3, 479, 为了报仇看电影
26357479, 5.8, 7842, 我与世界只差一个你
26919826, 8.2, 178, 燕云台
34820460, 7.3, 470, 番茄工作法
30269530, 7.8, 263, 快把我哥带走3
26658035, 7.9, 237, 会讲故事，让世界听你的
27009503, 7.1, 610, 所谓会说话，就是会换位思考
27625639, 8.1, 193, 我想和你一起生活
34429340, 7.4, 408, 矮大紧指北1
26695255, 5.8, 7508, 蜜汁炖鱿鱼
30262766, 8.2, 174, 闻香的女孩
30355274, 7.2, 521, 好文案一句话就够了
26576913, 6.8, 917, 最漫长的那一夜
26849278, 6.4, 1839, 你的善良必须有点锋芒
26714703, 7.0, 671, 我们香港这些年
26739670, 7.4, 394, 众媒时代
26647114, 7.3, 440, 太聪明所以不幸福？
26697999, 8.0, 202, 看，这是哲学
26650151, 7.3, 432, 谁说咸鱼没有梦想
01433374, 9.4, 68, Fried Green Tomatoes at the Whistlestop Cafe
26977023, 8.8, 101, 多莱尔作品 北欧神话
27096837, 6.6, 1201, 你也走了很远的路吧
26834137, 6.9, 739, 时光里的不为人知
26411434, 8.0, 197, 重遇未知的自己
26895483, 8.3, 149, 朱天衣的作文课（全5册，随书赠含光盘）
35029323, 9.4, 67, 家人闲坐，灯火可亲（愿你有家可回有人等，有盏灯为你守候）
27593500, 7.3, 421, 是谁杀了我
26695285, 6.2, 2485, 和你在一起才是全世界
27665233, 7.8, 234, 给成交一个理由(叶云燕的销售圣经)
25961421, 8.4, 134, 情绪自控力
26815907, 7.2, 466, 这样和世界相处
26354422, 7.7, 258, 去你的，生活
30156430, 7.8, 232, 你拿什么去过想要的生活
03195465, 7.0, 610, 髒亂房間大作戰
06849306, 9.1, 79, 唐前志怪小说辑释
30229762, 7.3, 406, 别生气啦
26728018, 6.2, 2387, 你所谓的稳定，不过是在浪费生命
35025716, 9.3, 68, 心安即是归处
27093838, 8.3, 140, 欧陆传奇食材
27126743, 8.3, 140, 我们内心的冲突
27125047, 9.5, 60, 中国家风家训
27069926, 8.2, 152, 朝鲜战争
34834147, 8.5, 117, 绿松石之约
27021094, 8.0, 180, 人类怎样才能不被动物吃掉
27661940, 6.4, 1509, 好看的皮囊千篇一律有趣的灵魂万里挑一
34439427, 9.5, 59, 人间一趟
26921748, 7.1, 494, 春风十里不如你
26640794, 7.0, 557, 没事别随便思考人生
30458537, 8.3, 135, 往后余生都是你
26596465, 7.6, 264, 向上管理
30248341, 7.7, 237, 单独中的洞见
26838254, 8.7, 98, 艺术小料：文艺复兴大咖列传
26874788, 8.5, 114, 无敌浩克：星球浩克
27619782, 7.0, 552, 孤独远行
27074369, 7.1, 480, 可口可乐传
26961296, 9.3, 65, 图画书宝典
26649861, 9.1, 73, 创世
30246018, 9.5, 57, 有情众生
26607674, 8.6, 103, 忽有故人心上过
26770866, 6.2, 2021, 四幕戏·起
27040713, 9.0, 76, 全世界我只想和你在一起3
34432817, 8.3, 127, 正面管教魔法书
30366602, 7.1, 448, 认知迭代
30125097, 7.7, 221, 有趣生活
30230390, 7.0, 511, 咖啡瘾史
26901053, 6.8, 673, 三千鸦杀·典藏版
34908367, 8.7, 90, 穿条纹睡衣的男孩
26789266, 7.2, 375, 你不懂面包
26805266, 6.6, 883, 超级IP
26853722, 7.5, 260, 朱门
30214587, 9.4, 56, 警犬汉克历险记·第一辑
26666735, 7.0, 478, 像我这样轻松地生活
27616629, 7.6, 230, 那些比拼命努力更重要的事
33412257, 7.2, 364, 如何成为讲话有趣的人
27608646, 6.9, 544, 人类“吸猫”小史
27186876, 8.1, 140, 青面鱼
30466882, 8.4, 108, 了不起的居住者
27077115, 8.7, 86, 自醒：从被动努力到主动进步的转变
26974490, 6.4, 1185, 你要么出众，要么出局
26690477, 8.2, 126, 中国古代文化的特质
26752847, 6.5, 981, 整理情绪的力量
34840585, 7.3, 311, 她的名字是
27077615, 7.6, 221, 罗茜效应
34956569, 8.2, 125, 静物
30262781, 8.5, 97, 随园食单
27205488, 7.8, 177, 孤独通行证
34997632, 8.2, 123, 走出自我认知的黑箱
27038805, 7.9, 160, 爱自己的人自带光芒
26648683, 6.5, 941, 我所创造的怪物
27166782, 7.1, 384, 和时间做朋友
27034269, 6.7, 676, 人活到极致，一定是素与简
27120231, 7.6, 214, 减肥不是挨饿而是与食物合作
26739700, 7.7, 193, 食光深处的温暖
27034322, 7.1, 381, 一页纸工作整理术
26599744, 8.1, 130, 我最亲爱的你
26977345, 8.0, 142, 你的人生还可以再抢救一下
30251552, 8.0, 140, 你好，神
26919794, 8.4, 100, 现在就是最好的时光
34845297, 7.8, 168, 自我边界
26822490, 8.0, 139, 我们在为什么样的广告买单
26608445, 8.2, 116, 生命不息·归来
06978039, 10.0, 37, 地理人子须知（全三册）
26975565, 7.2, 315, 不做无效的营销
26599496, 8.5, 90, 无聊的幽默
34939545, 9.5, 47, 我要去故宫系列
26754076, 7.4, 244, 这个世界让我有一点不懂
30252856, 7.1, 349, 我必亲手重建我的生活
26818023, 8.3, 103, 不告而别
26435735, 7.0, 392, 玉阶辞
34918470, 8.3, 102, 世界上有一个你，只有我知道
27599310, 7.6, 191, 怎样读书好
30222822, 7.9, 141, 地图中的历史
02204181, 9.0, 61, 油炸綠番茄
26688706, 9.0, 61, 灵魂的礼物
35005727, 8.7, 74, 主夫难当
27050327, 8.3, 99, 每日漆器
30190175, 8.7, 73, 罗伯特议事规则实践指南
26980766, 7.1, 322, 不管怎样
26607854, 8.2, 105, 背影
27121179, 7.5, 201, 诸神纪
27163166, 6.2, 1286, 以眨眼干杯
26718873, 9.3, 49, 一切都不是你的错
27059549, 6.5, 741, 重返19次人生
30335893, 6.6, 625, 一看就停不下来的中国史
30229625, 6.9, 400, 终有一天你会懂
26437232, 8.7, 70, 把每一个朴素的日子都过成良辰
26411560, 7.0, 347, 不被理想束缚的生活
26584283, 7.6, 172, 饿童时代
35006321, 8.2, 100, 条顿骑士团
26969758, 7.2, 266, 孤独的时候，不如吃茶去
26682078, 8.8, 64, 那年深夏
26586649, 8.2, 99, 文明的解析
26274006, 8.0, 117, 我不该告诉你的那些事
26766844, 7.5, 188, 遇见未知的自己（修订版）
27001164, 7.9, 127, 园丁的一年
34845732, 7.4, 208, 怪你过分美丽
26297622, 8.5, 78, 活出你的女人味
30229754, 7.5, 185, 我们的天空
26876510, 7.0, 330, 你为什么而工作
26880037, 8.6, 72, 想赢的男孩
26874786, 7.4, 204, X特遣队
27125072, 7.3, 226, 食帖19：下午茶时间到！
34824778, 7.8, 135, 傻子的一生
26827388, 7.3, 223, 向上汇报（全新修订纪念版）
34897663, 7.2, 248, 我不怕这漫长黑夜
27068079, 8.3, 87, 没有悲伤的城市
34922071, 9.2, 47, 世界名著大师课·英国卷
34825752, 7.6, 157, 矮大紧指北3
26862973, 7.6, 156, 犹太人千年史
27108649, 7.7, 141, 夜行列车
27599358, 8.1, 98, 思维的精进：高效人生修炼手册
26415504, 8.2, 89, 格雷厄姆的理性投资学
26616452, 7.2, 230, 巴塞尔姆的40个故事
30389018, 7.1, 257, 夜航船
27613210, 8.5, 70, 产后身体革命
26985218, 7.7, 134, 消失的星国
26433348, 6.9, 324, 我知道有人在什么地方等我
34794490, 7.9, 111, 我听见你的孤独：新月
35059434, 8.2, 86, 村上春树·美食
26734769, 9.2, 44, 演讲的基本
33958540, 8.6, 63, 内向的力量
27091770, 6.6, 472, 国家行动
26861716, 6.2, 917, 中国异闻录
34455912, 8.4, 72, 突围原生家庭
27064915, 7.3, 191, 恰到好处的恋爱
34853383, 9.1, 45, 大梵宫
35012973, 7.1, 232, 虽然想死，但还是想吃辣炒年糕
27129571, 7.3, 184, 日剧女主穿搭圣经
27084491, 7.5, 149, 我们人类的基因
30257668, 7.1, 230, 随心随意去生活
27180847, 7.8, 111, 我偏爱少有人走的路
27043811, 6.3, 712, 愿你迷路到我身旁
34917504, 8.7, 56, 百年春光
27175461, 7.9, 101, 面对年老的勇气
30406461, 6.5, 506, 微精通
27592495, 7.7, 120, 时光洄游
27621997, 9.0, 46, 爱的教育
30480212, 6.7, 365, 黑色小说
26895144, 7.5, 142, 你才是自己的过来人
07054831, 8.8, 51, 坏人都知道我有多厉害
26836245, 8.8, 51, 当我遇见一个人
27034242, 8.0, 88, 停靠，一座城
26700926, 6.6, 401, 物演通论
30175864, 7.8, 103, 恶魔的交易
27625630, 8.7, 52, 解离的真实
34894034, 6.4, 533, 摆脱共情
26920090, 7.1, 205, 问题之书
33417878, 8.5, 59, 别让相爱败给相处
27038399, 6.8, 292, 共鸣：内容运营方法论
35012879, 8.3, 67, 抉择
27615224, 7.1, 200, 戴笠
30198879, 6.8, 286, 红楼飨宴
35023416, 8.2, 71, 《妈妈知道怎么办：王小骞亲子说》
35030202, 8.2, 71, 童年
26879615, 6.9, 247, 我兔斯基你（增订版）
33423511, 8.3, 65, 士为知己
27199032, 7.5, 126, 野兽派太太
27153480, 8.4, 60, 遇见孩子，遇见更好的自己（挑战篇）
34693685, 6.5, 415, 如何用手机拍一部电影
30212206, 6.8, 272, 给我看你的手账吧！
26641433, 8.1, 74, 杜拉拉 3我在这战斗的一年里（2015版）
30187584, 7.1, 188, 笔记女王的手帐活用术
26894809, 9.8, 27, 家有小苗初长成
35036361, 8.3, 63, 穿透式学习
35017237, 7.0, 208, 只要我能跑，没什么不能解决
34856273, 9.2, 36, 最初的相遇，最后的别离
27055310, 6.5, 402, 你不努力，谁也给不了你想要的生活
34816332, 9.3, 34, 观复嘟嘟（上下）（视频书）
34680655, 8.0, 78, 戴建业精读老子
30162907, 7.8, 91, 心灵七游戏
26901346, 7.0, 201, 家庭断舍离
34859780, 7.4, 130, 生活明朗 万物可爱
26830671, 6.5, 384, 愿你出走半生，归来仍是少年
35036147, 8.2, 65, 手术两百年
27085749, 5.6, 2147, 后来时间都与你有关
27112872, 9.3, 33, 你必须叫醒那个沉睡的自己
34442209, 9.3, 33, DK微生物大百科
30245366, 7.0, 197, 唐砖2：平步青云
27167517, 7.2, 156, 道歉的力量
27088668, 7.9, 81, 毛泽东军事箴言
30466181, 7.3, 139, 我用古典的方式爱过你
26786518, 7.6, 103, 世界人文地图趣史
26964783, 7.9, 79, 你就是我的全世界
34933659, 9.3, 32, 安居乐业
26387908, 7.3, 135, 德式无器械健身
26733645, 6.4, 414, 我一直在你触手可及的地方
34969995, 7.1, 165, 我想要两颗西柚
26702561, 6.7, 265, 凹凸相对论
26388113, 6.8, 230, 允许自己虚度时光
27070171, 7.1, 161, 高情商是练出来的
26935522, 7.0, 180, 我就是对公路片上瘾
27013387, 9.0, 36, 朝抵抗力最大的路径走
35009833, 9.1, 34, 寻找中国之美
27617015, 6.2, 534, 高难度沟通
30465813, 7.7, 87, 世界欠我一个你
26388494, 5.8, 1117, 孤独是生命的礼物
26593872, 6.8, 218, 如果还能再见你
26616021, 7.9, 72, 当这个世界多了一个你
03121199, 8.3, 53, 法国波尔多红酒品鉴与投资
34432077, 7.5, 100, 布隆伯格自传
26756589, 6.2, 487, 千魂
34436036, 7.6, 89, 如何写出一篇好文章
30240967, 8.0, 64, 当你不再讨好别人，全世界都会来爱你
26842572, 7.5, 97, 你总是太容易放过自己
35016407, 8.6, 42, 极简时尚史
27197341, 8.9, 35, 小豆豆和小豆豆们
26343553, 6.5, 293, 纨绔世子妃7·大结局（上下）
34456511, 7.4, 101, 你要活成一束光
27179809, 7.7, 77, 吹口哨的人
34796512, 8.2, 52, 你笑起来真像好天气
06061494, 8.0, 60, 败军
01455516, 8.3, 48, 帕夫雷什中学
35080146, 9.1, 30, 教孩子学整理
26636365, 7.5, 89, 偏执狂
30409307, 9.3, 27, 大教堂
34807344, 6.3, 364, 雪国之劫
27169888, 6.9, 162, 不会讲故事，怎么带团队
27017954, 8.1, 54, 高情商销售
01376605, 9.2, 28, The Brothers Karamazov
30268065, 7.9, 62, 4比3的人间
35045885, 9.6, 23, 繁星如你
26665637, 5.6, 1312, 愿你成为最好的女子
34997277, 8.8, 34, 一边焦虑，一边成长
26842762, 6.5, 258, 聪明人都是清单控
34950812, 8.5, 40, 时代的低语
30294054, 6.6, 220, 灵魂有香气的女子
26848581, 7.3, 100, 我要逆风去
30123664, 7.4, 91, 多少黑名单 曾互道晚安
34923135, 8.3, 45, 日本科技150年
27154112, 7.4, 89, 宅人约会指南
35005305, 8.9, 31, 尝一口人间烟火
22677147, 7.7, 68, 杨红樱淘气包马小跳系列
30212354, 6.2, 367, 给爱人读诗
26854326, 7.8, 60, 爵士乐十三大师
30278361, 7.8, 60, 决定你成功的不是情商
26838122, 8.1, 48, 痞子英雄
30178447, 7.9, 55, 流浪者之歌
26789046, 9.5, 22, 怪诞少女日记特别版
26796729, 5.7, 864, 可以不可以
35013835, 8.0, 50, 从容路过的人生
34961588, 8.0, 49, 气质之美
30172056, 7.3, 86, 虚度
34842499, 6.8, 144, 我的牧羊日记
34995282, 7.8, 56, 游戏力养育
35057727, 7.5, 71, 被拒绝的勇气
27195168, 7.3, 84, 未完成的进化
34998001, 7.9, 50, 642件可写的小事
27185299, 6.8, 132, 我们可以晚点再谈喜欢和爱
34880583, 7.1, 95, 平行线
26419609, 6.8, 128, 总有一句歌词打湿你心
27081736, 8.8, 27, 如何挽回你的爱
34976626, 9.1, 23, 独食儿，单生贵族
26881024, 7.0, 99, 你对自己好不好，身体知道
25790355, 7.2, 81, 美食摄影圣经
35026481, 8.0, 42, 不语
35032390, 8.7, 27, 温和地走进宋词的凉夜
26374988, 6.4, 187, 一个人就是一支骑兵
35005322, 9.2, 21, 唐诗三百首（作家榜经典文库）
26712755, 7.4, 64, 魔城幻蝶
27108976, 6.5, 163, 从煎蛋开始
26921021, 5.8, 443, 一辈子很长，要和有趣的人在一起
27070228, 8.4, 30, 陪孩子遇见美好的自己
34913194, 6.8, 105, 想瘦
26812689, 9.7, 16, 大牧场上的凯特
34802572, 6.6, 130, 拿得起放不下的中国史
30155727, 6.2, 218, 环太平洋2
34681491, 6.5, 145, 明枪易躲，暗恋难防
34973494, 6.8, 101, 花冠病毒
26607665, 5.7, 489, 初晨，是我故意忘记你2
30378804, 6.5, 138, 想把余生的温柔都给你
30262364, 6.3, 177, 开心坏了
26898882, 7.2, 65, 这样穿很美：平价搭出时尚范
35004503, 7.4, 53, 稳：自洽地接住生命中的所有未知
01926806, 8.7, 23, 高中英语语法全解
26752649, 6.2, 186, 光阴似水 待你如初
01082453, 6.4, 139, 我的性感女友——张咪
34988822, 8.9, 20, 白鲸
27113347, 6.8, 86, 《宋朝的腔调》
26842899, 6.6, 104, 博弈思考法
26738865, 7.8, 36, 历史的个性：兵家
27662767, 6.9, 73, 同理心
30434931, 8.8, 20, 生命的一天:你我
35013435, 7.8, 35, 在路上
26838835, 5.9, 249, 一个人的世界史
35058244, 9.1, 17, 我把今天爱过了
30345123, 7.6, 39, 说一万遍我爱你，不如好好在一起
30196924, 7.4, 45, 万物皆有理
26603076, 6.8, 76, 我们开店吧：72小时学会开咖啡店、奶茶店、甜品店
05343048, 7.2, 52, 自愈力
34898274, 6.8, 74, 如何养成好习惯
27191046, 6.9, 66, 重启时光的女孩
25960972, 6.8, 72, 部落动物
30296754, 5.8, 255, 余生好贵 请勿浪费
26935541, 7.6, 36, 受伤的医者
27058872, 6.6, 86, 世界简史
03197693, 6.7, 77, 玫瑰梦
26411245, 6.3, 120, 昨夜星辰昨夜风2
27118366, 6.0, 177, 《恋爱读心术》
34906040, 8.5, 20, 父与子全集 : 拼音故事版（作家榜经典文库）
34925444, 8.6, 19, 对身边的软暴力说不
34945290, 8.8, 17, 从零开始学书法（初学书法不走弯路，从入门到精通，一本全教会！）
27034199, 7.1, 48, 纪委书记.2
34937085, 8.1, 24, 外貌心理学
26747435, 7.0, 52, 你那么年轻，还不懂努力奋斗的意义
06023554, 9.2, 14, 交个医生做朋友
26417623, 7.6, 32, 七种体型隐藏的心灵密码
35030192, 9.0, 15, 自尊知道答案：如何成为被机遇善待的人
27607125, 4.9, 1492, 生活需要仪式感
27017386, 6.4, 89, 那么远，这么近
30197375, 7.8, 27, 汉字好好玩
35025332, 8.4, 19, 记忆编码
26978892, 7.5, 32, 我用一整个青春去爱你
26747695, 4.8, 1803, 所有失去的都会以另一种方式归来
01754806, 7.0, 46, 意中人
26658078, 6.9, 50, 舌尖上的四川苍蝇馆子
35000734, 9.4, 12, 百界歌
27174374, 7.7, 27, 北大哲学讲座
27096442, 7.0, 45, 短片剧本写作
30173942, 6.4, 80, 社群运营五十讲
35069917, 8.8, 15, 一不小心来到了米其林三星后厨
34967537, 7.7, 26, 你好，小可爱（温酒新作，给每一个大孩子的睡前童话）
30385786, 8.7, 15, 慕霆
26894561, 5.3, 380, 你若安好便是晴天：林徽因传
26816546, 8.1, 19, 小路，才是用来回家的
25985112, 6.7, 49, 跟任何人都能聊得来
30384853, 7.2, 32, 隐形攻击
34467952, 5.6, 186, 只能陪你走一程
26665494, 6.7, 47, 如果你曾奋不顾身爱过一个人
27598640, 8.2, 17, 思考文化医学
30163274, 7.2, 31, 新编中国史（6卷本）
27007082, 7.8, 21, 青少年抗焦虑手册
04745647, 7.0, 34, 桐柏英雄
27172887, 6.7, 42, 你不必讨好这个世界
26911185, 8.0, 17, The Politics of Resentment
35070958, 8.5, 13, 净化你的时间
27101431, 6.4, 49, 专注(把事情做到极致的艺术)
30129073, 6.3, 54, 亲爱的耶路撒冷
35087339, 8.4, 13, 爱自己是一生浪漫的开始
27045329, 6.6, 40, 别轻易放过自己
26272144, 7.6, 19, 那些全球最强悍的广告语
26785219, 5.4, 176, 联邦监狱的&#34;间谍&#34;
34927005, 6.4, 44, 图形思考
01070668, 6.7, 33, 中国酒文化
26800309, 4.7, 757, 答案之书
26617038, 7.2, 21, 僵尸玩过界
27599293, 5.7, 80, 一卷大唐的风华
04744275, 6.7, 24, 繁星春水－－冰心诗选
26835045, 5.8, 54, 以一朵花的姿态行走
26747843, 6.7, 22, 从0到100万：我的微商之路可以复制
35049468, 6.9, 19, 我当心理咨询师遇到的那些怪诞事件3
30253505, 6.0, 40, 我不要忙碌一生，却始终生活在底层
26925359, 5.1, 128, 谋局者
35000706, 6.5, 19, 莫达维的秘密
04264140, 7.3, 10, 十姑娘回憶錄
27083965, 5.8, 22, 极致引流
26674708, 4.8, 22, 电商运营之道：策略、方法与实践
34816340, 4.4, 40, 刻意观察
27108562, 2.2, 3526, 愿你历尽千帆，归来仍是少年
35025847, 0.0, 10, 地图上的全景世界史（精装全2册，画给孩子的世界历史绘本，适合6-15岁阅读，附赠音频历史课程）
35029043, 0.0, 11, DK中英双语幼儿玩具书：春夏秋冬
35061157, 0.0, 11, 女妖
35062469, 0.0, 12, 广州传
35038877, 0.0, 14, 绽放
35025626, 0.0, 16, 刻意成长
34926558, 0.0, 28, 给快节奏时代的简单哲学
01037793, 0.0, 35, 厨师培训教材
27624536, 0.0, 59, 我喜欢的那个人就是你
01264319, 0.0, 207, 人体艺术摄影(上中下）
