2020-07-05 16:00:04

number of books, tag name
193, 房龙

ID, rating, votes, title
01010204, 8.5, 4827, 宽容
01063736, 8.4, 2729, 人类的故事
01648606, 8.6, 1285, 宽容
01084604, 8.5, 902, 人类的故事
01019308, 8.0, 1615, 圣经的故事
01058112, 8.7, 580, 宽容
01046176, 8.6, 563, 宽容（房龙文集）
26743667, 8.3, 640, 圣经故事
30242319, 8.6, 407, 人类简史
01043903, 8.8, 286, 哲学的故事
01060637, 8.1, 574, 房龙地理
01008203, 7.8, 793, 圣经的故事
20473525, 8.5, 185, 圣经的故事
01077256, 8.3, 213, 人类的艺术
01076994, 7.6, 443, 圣经的故事
26803904, 8.3, 203, 宽容
02339831, 8.6, 155, 房龙地理
27603635, 8.5, 162, 人类的故事
01077948, 8.3, 185, 宽容
24734331, 8.5, 152, 人类的故事
01226640, 8.6, 130, 宽容
01337874, 7.6, 326, 圣经的故事
01037692, 8.4, 146, 漫话圣经
01322458, 8.7, 114, 人类的艺术大全集
01142347, 8.7, 107, 人类的故事
01062049, 7.9, 199, 艺术的故事
24734323, 8.2, 135, 宽容
01037764, 8.5, 98, 人类的艺术（上下）
03797502, 9.0, 66, 人类的故事
02115395, 8.8, 75, 人类的故事
03810075, 8.4, 96, 宽容
01001026, 7.7, 177, 地球的故事
04199235, 8.7, 76, 房龙地理
06310246, 7.6, 192, 圣经的故事
27012020, 7.5, 209, 人类简史
01042619, 8.4, 85, 人类的故事
02110566, 8.4, 84, 圣经的故事
25981620, 8.3, 89, 宽容
01322459, 8.6, 69, 房龙地理 上下
10481065, 7.3, 212, 圣经故事
01315144, 7.6, 150, 圣经的故事
01226654, 7.7, 136, 圣经的故事
01854672, 8.1, 95, 美国史纲
01491150, 8.8, 57, 发明的故事
01210607, 7.8, 118, 圣经的故事
27108482, 8.8, 55, 宽容
01313688, 8.3, 75, 宽容
03994548, 8.2, 77, 人类的艺术
01390637, 7.8, 106, 音乐简史
24708210, 7.9, 94, 圣经的故事
03810077, 8.2, 74, 人类的故事
01317840, 8.2, 73, 人类的故事
01545828, 8.1, 74, 与世界伟人谈心  上下册
01057358, 8.0, 79, 美洲精神
01160240, 8.1, 71, 房龙讲述地理的故事
02144868, 7.9, 79, 宽容
01050044, 8.1, 67, 美国史事
03235564, 7.5, 106, 地理的故事
02243091, 8.1, 64, 房龙地理
01126260, 7.7, 85, 人类的艺术
03810076, 7.2, 132, 圣经的故事
01159968, 8.1, 60, 宽容
01104694, 7.6, 87, 荷兰航海家宝典
02172359, 9.0, 33, 人类的故事
01104693, 8.2, 53, 人类的故事
04223970, 8.0, 61, 美国简史
01026695, 8.4, 46, 与世界伟人谈心
03346146, 8.7, 38, 宽容（房龙卷）
03390583, 9.0, 32, 人类的故事
01012630, 7.9, 64, 致天堂守门人
01149719, 7.8, 69, 房龙讲述建筑的故事
01705589, 7.6, 80, 圣经的故事
05261675, 7.8, 66, 美国往事
01104695, 7.5, 84, 美国的故事
01151880, 8.0, 56, 人类的解放
01062906, 8.3, 45, 房龙地理（英文本）
01061230, 7.8, 61, 发现太平洋
01032147, 7.5, 78, 圣经的故事
04149989, 8.2, 45, 房龙经典大全集
01006553, 8.1, 48, 地球的故事
26709713, 8.3, 42, 人类的故事
01025215, 7.6, 68, 天才的故事-房龙论人
03858333, 8.1, 44, 宽容
01734098, 8.2, 41, 房龙讲述圣经的故事
01211306, 8.3, 38, 人类的家园
06006693, 7.5, 68, 圣经的故事
06965259, 7.7, 57, 人类的艺术
01151881, 8.6, 30, 太平洋的故事
03513013, 9.5, 19, 人类的故事
05300871, 8.5, 31, 地球的故事
01792403, 7.9, 44, 人生苦旅-伦勃朗传（全2册）
26358690, 7.4, 62, 音乐的历史
05261683, 8.4, 30, 人类的故事
05285064, 8.4, 30, 人类的故事
01429651, 7.9, 41, 与伟人谈心
26879608, 7.3, 65, 圣经的故事
01442294, 8.0, 38, 美国的故事
02203742, 8.1, 35, 人类的艺术
01056942, 7.0, 83, 西方美术简史 欧洲印刷史话
01053166, 7.5, 52, 荷兰共和国兴衰史
05261672, 7.6, 47, 音乐之神
01068981, 8.2, 31, 人类的故事
05953966, 8.1, 32, 房龙地理
01219873, 8.0, 33, 房龙讲述音乐的故事
01072507, 7.7, 40, 房龙讲述人类的故事
05261678, 7.8, 34, 美洲精神
01072984, 7.2, 53, 简明西方美术史
03351290, 8.5, 22, 人类的故事
05281005, 8.4, 23, 人类的故事
05261679, 7.7, 35, 房龙地理
01079546, 7.5, 39, 太平洋的故事（中英双语本）
03914682, 8.6, 20, 人类的故事
05386594, 8.3, 23, 宽容
03826739, 7.3, 44, 房龙地理
01227987, 8.1, 25, 房龙讲述伦勃朗的故事
05281004, 8.1, 25, 宽容
01444053, 7.6, 34, 房龙精选集
01027572, 7.5, 36, 人类征服的故事
26740357, 7.1, 49, 给大家看的全球通史
03351289, 7.7, 31, 圣经的故事
01448198, 7.5, 34, 房龙讲述地理的故事
05261673, 7.5, 34, 艺术
05261680, 8.2, 22, 宽容
04831821, 7.5, 32, 人类的艺术
26665587, 7.3, 35, 艺术的故事
01039589, 7.5, 30, 房龙论艺术
03733162, 6.9, 47, 图释美国史纲
05261681, 6.7, 56, 房龙手绘画
19986646, 9.3, 12, 宽容
01522080, 7.7, 25, 人类的故事
02225135, 7.7, 25, 人类的故事
01138934, 7.2, 35, 房龙讲述美术的故事
02188678, 7.8, 23, 宽容
01055371, 7.2, 34, 美国的故事
06732138, 6.8, 46, 宽容
04895845, 7.2, 33, 音乐的故事
05261677, 7.8, 22, 圣经的故事
10575990, 7.5, 26, 圣经的故事
04150295, 7.5, 25, 房龙
01060889, 7.0, 34, 漫话圣经
01005863, 6.6, 46, 房龙传
06148582, 7.5, 23, 美洲精神
01074238, 7.1, 30, 巴赫传
10548121, 7.3, 26, 圣经的故事-房龙作品典藏
05261674, 8.0, 17, 未完成的自传-典藏房龙
01228067, 7.7, 20, 房龙讲述伟人的故事
11590080, 8.1, 16, 宽容
01290763, 6.2, 66, 插图本圣经故事
01528638, 7.5, 22, 圣经的故事
04088095, 7.8, 18, 人类的故事
01448196, 7.2, 26, 房龙讲述艺术的故事
05261676, 6.8, 35, 欧洲美术故事
03409077, 7.6, 20, Story Of The Bible
01966055, 8.0, 16, 人类的解放
04017902, 8.2, 14, 圣经故事
10575987, 6.6, 39, 西方美术简史
04931599, 6.9, 29, 房龙地理
27018147, 7.2, 23, 人类的故事
01065672, 7.7, 17, 房龙图话
10545382, 7.8, 16, 人类文明的开端
10734645, 7.8, 16, 房龙地理
06821405, 8.2, 12, 房龙地理
01049186, 7.7, 15, 伦勃朗的最后岁月（上下）
01077644, 7.7, 15, 伦勃朗传（上下）
01084122, 6.8, 26, 房龙讲述名人的故事
05281003, 7.1, 20, 圣经的故事
06000679, 7.1, 20, 艺术的故事
03056659, 6.8, 24, 圣经的故事
11601892, 7.4, 16, 美国史纲/时代阅读经典文库
15994856, 7.4, 16, 人类的故事
05261682, 6.9, 21, 我们的奋斗
27048611, 5.7, 61, 读懂西方美术
01448197, 7.5, 13, 房龙讲述历史的故事
03115496, 7.1, 16, 听房龙讲述人类的故事
01257321, 7.0, 17, 圣经故事
02234919, 5.5, 70, 古代的人
01521745, 7.2, 15, 宽容
01020097, 7.7, 11, 发明的故事古代人
01056987, 6.8, 18, 房龙传
01442296, 7.5, 12, 人类的家园
04839055, 7.8, 10, 人类的故事
15994855, 7.2, 13, 人类的家园
03260803, 6.9, 15, 人类的故事
01042914, 7.1, 13, 人类解放的故事
05285065, 6.5, 19, 房龙地理
27083458, 6.7, 15, 宽容
26437931, 6.2, 18, 古代的人
03208793, 6.0, 16, 最伟大的精神
01021006, 0.0, 10, 太平洋的故事
04786075, 0.0, 10, 房龙地理
25947932, 0.0, 10, 与世界伟人共进晚餐
01442295, 0.0, 11, 人类解放的故事
03062743, 0.0, 11, 房龙地理
