2020-07-05 16:00:04

number of books, tag name
211, 手机

ID, rating, votes, title
03259440, 9.1, 460312, 白夜行
01770782, 8.9, 647932, 追风筝的人
01041482, 8.9, 143753, 万历十五年
01089243, 8.9, 124073, 黄金时代
01255624, 8.9, 80227, 神雕侠侣
01949338, 8.9, 53040, 明朝那些事儿（贰）
01786670, 8.9, 52345, 百年孤独
01948901, 8.3, 160112, 盗墓笔记
02052448, 8.9, 44031, 明朝那些事儿（叁）
01192090, 8.7, 53419, 球状闪电
01467022, 9.2, 22490, 上帝掷骰子吗
02253642, 8.8, 40156, 明朝那些事儿（肆）
01036274, 8.6, 51789, 夏洛的网
03009821, 8.8, 36683, 明朝那些事儿（伍）
01258490, 9.2, 13205, 基地
10738023, 8.7, 24760, 了不起的盖茨比
02298149, 8.4, 37437, 盗墓笔记3
03609132, 8.4, 35481, 把时间当作朋友
01257365, 9.0, 13345, 活了100万次的猫
02326571, 8.5, 28324, 琅琊榜
02057285, 8.2, 42256, 盗墓笔记2
01082138, 8.4, 25748, 在细雨中呼喊
01258489, 9.3, 6586, 第二基地
01264579, 8.8, 12889, 欢乐英雄
01418180, 8.9, 10128, 思维的乐趣
01258491, 9.2, 6696, 基地与帝国
34434309, 7.9, 50443, 82年生的金智英
30484795, 8.8, 10541, 黑箱
02250587, 7.6, 82962, 一个人的好天气
04010969, 7.8, 40238, 当我们谈论爱情时我们在谈论什么
01004322, 8.7, 8464, 第二性
03194071, 8.6, 8458, 少年巴比伦
26924196, 7.9, 25755, 魔道祖師 一
01069059, 8.1, 17458, 雪国
02317974, 8.5, 8822, 德川家康（第一部）
01848256, 8.0, 20103, 东京奇谭集
03155622, 8.1, 15821, 庆余年·壹
01812215, 9.1, 3031, 银河英雄传说VOL.1 黎明篇
03392046, 8.2, 9997, 当彩色的声音尝起来是甜的
01258487, 8.9, 3270, 基地前传1·基地前奏（上下）
02354909, 8.7, 4207, 德川家康（第二部）
01970845, 9.4, 1668, 野草
02567590, 8.9, 2927, 殺手.流離尋岸的花
01877531, 8.9, 2880, 殺手：風華絕代的正義
01481311, 8.6, 3840, 沙丘
02348914, 8.7, 3223, 德川家康（第三部）
01917417, 9.2, 1754, 银河英雄传说VOL.3 雌伏篇
02042338, 9.3, 1550, 银河英雄传说VOL.5 风云篇
02348916, 8.8, 2703, 德川家康（第四部）
02080914, 9.4, 1333, 银河英雄传说VOL.8 乱离篇
01478890, 8.5, 3857, 杀手
01704006, 8.0, 8141, 边城浪子（上下）
03290028, 8.4, 4317, 孤城闭
01967817, 9.2, 1586, 银河英雄传说VOL.4：策谋篇
01468493, 7.5, 18353, 梦回大清
02570719, 8.2, 5393, 诛仙全集（全六册）
01919072, 7.7, 12063, 长尾理论
03244665, 8.4, 3913, 盗墓笔记之1：七星鲁王宫
02142602, 9.3, 1287, 银河英雄传说VOL.10 落日篇
26261240, 7.7, 11280, 古董局中局 3
02054916, 9.2, 1390, 银河英雄传说VOL.6 飞翔篇
02135416, 9.3, 1243, 银河英雄传说VOL.9 回天篇
01041414, 8.6, 2739, 威尼斯日记
02070068, 9.2, 1316, 银河英雄传说VOL.7 怒涛篇
03611391, 8.7, 2065, 史上第一混乱·第二季·山寨武校
03623831, 8.1, 4466, 温故一九四二
01596305, 6.8, 47420, 泡沫之夏
01780253, 8.0, 4331, 亡者永生
02143487, 8.0, 4311, 茅山后裔1
01391508, 8.7, 1672, 钢穴
02298769, 8.1, 3399, 殷商舰队玛雅征服史
02226178, 9.0, 1006, 城南旧事
01038861, 7.8, 4765, 手机
07001192, 8.1, 3002, 后宫·甄嬛传（套装共6册）
01773129, 8.6, 1523, 长安古意·肝胆
02242467, 7.2, 13399, 湖边凶杀案
01506842, 8.5, 1658, 风起陇西
03808486, 8.3, 2102, 杀手，无与伦比的自由
26650970, 7.3, 10274, 古董局中局 4
01191433, 7.6, 5720, 我的前半生
01786543, 7.9, 3505, 九州·白雀神龟
02040833, 7.9, 3409, 九州·英雄
01489158, 7.8, 3953, 过年
01792473, 8.3, 1806, 一代军师（第一部）
03705820, 7.1, 12711, 斗罗大陆（全14卷）
01935568, 8.6, 1127, 干校六记
02974188, 7.7, 3776, 回到明朝当王爷
02979192, 8.8, 890, 矛盾论
01464824, 7.8, 3203, 交错时光的爱恋
02117552, 8.7, 912, 历史的尘埃 1
03788397, 8.5, 1080, 豺狼的日子
04192766, 7.5, 3966, 凡人修仙传（1-10）
01928374, 8.4, 1109, 道可道
01012242, 6.7, 17160, 地狱的第19层
01544257, 8.9, 508, 给青年的十二封信
01418173, 7.1, 5623, 刘心武揭秘红楼梦（第一部）
02135575, 8.0, 1213, 男儿也会流泪
03315767, 8.1, 996, 笔冢随录Ⅱ·万事皆波澜
01738644, 7.5, 2042, 火并萧十一郎
01083657, 7.2, 3222, 铁牛重现
06539911, 8.0, 980, 失戀33天
03044492, 7.4, 2237, 百年诅咒
01088813, 8.4, 591, 蜀山剑侠传
02058344, 7.9, 1039, 弓箫缘 石榴记
01758746, 7.9, 1020, 苍穹微石
03315760, 8.1, 738, 笔冢随录Ⅰ·生事如转篷
01762288, 7.8, 1041, 繁星若尘
01921434, 7.3, 2129, 暗影38万
02194059, 8.7, 374, 历史的尘埃 4
02380826, 7.4, 1735, 整形日本
01722386, 7.2, 1929, 斯佳丽
02117551, 8.7, 304, 历史的尘埃 2
02194002, 8.7, 291, 历史的尘埃 3
01088525, 8.4, 350, 1957年的夏季
34461208, 7.7, 757, 我也不想这样
02030902, 8.7, 229, 论自由
02158862, 8.1, 369, 方舟子破解世界之谜
01490749, 7.9, 441, 升龙道1
03264660, 7.3, 937, 穿越之武林怪传（上下）
01958419, 6.8, 1823, 手机
06860558, 7.1, 1095, 一只iPhone的全球之旅
03147021, 7.4, 699, 大哥大
01476782, 8.6, 176, 变形记
03814807, 7.9, 342, 亡者永生
01253894, 7.0, 1062, 习惯的力量
01089394, 7.1, 882, 这个男人有点酷
26942506, 8.9, 118, 我的路
01016415, 6.8, 1163, 猫空爱情故事
02252626, 7.8, 307, 赖宝日记
01112798, 7.4, 485, 城堡没公主
20622712, 6.7, 1345, 给你一个团队，你能怎么管？
01511580, 7.1, 708, 这次来真的
03021037, 7.8, 261, 移动设备交互设计
33408810, 7.6, 271, 国家是怎样炼成的3
02976880, 7.1, 487, 纳妾记
01112794, 6.8, 726, 雪儿姑娘
25937922, 7.0, 464, 不跑会死
06082229, 8.5, 97, 希区柯克悬念故事全集（全8册）
01887264, 6.6, 791, 赵赶驴电梯奇遇记
02354136, 6.8, 572, 有缘千年来相会（上下）
01264184, 6.9, 483, 火焰解语花
02995163, 7.3, 283, 爱哭小嫁娘
03586986, 7.9, 149, 手机
01112795, 7.0, 392, 追寻今生的最爱
03604295, 7.6, 186, iPhone开发基础教程
01752754, 6.7, 559, 请把门锁好
26926952, 8.2, 105, 妈妈再爱我一次
03042879, 7.4, 224, 纳妾记2·白骨迷案
02678408, 7.0, 333, 历史的拐点
27598085, 6.8, 387, 极光之恋
25778848, 8.0, 93, 一部手机打天下
04817888, 7.4, 158, 西窗法雨
01951012, 7.0, 237, 我的美女老板
34693685, 6.5, 415, 如何用手机拍一部电影
01761766, 7.6, 113, Everything You Always Wanted to Know About Sex but Were Afraid to Ask
03726736, 8.1, 74, 断情逐妖记1·劫运卷
03122756, 7.7, 97, 联合舰队的覆灭
01962244, 7.8, 82, 江湖奇侠传（上下）
02220651, 7.8, 74, 搜神后记
03726737, 8.1, 54, 断情逐妖记 贰 两仪卷
03182165, 5.6, 1151, 35岁前要上的33堂理财课
01277201, 6.3, 282, 小恶魔的人间实习
03558266, 7.1, 103, 浪漫首部曲
02134454, 7.2, 91, 手機
25715964, 8.1, 44, 杀手，流离寻岸的花
02997813, 8.4, 36, 三国演义
30406561, 6.3, 242, 逝
02977447, 6.7, 135, 24小时改变你的一生
27170349, 6.5, 167, 第十年的情人节
30358086, 6.6, 147, 华为终端战略
04251755, 7.1, 83, Android系统原理及开发要点详解
02053823, 7.3, 64, 为成功而打扮
01801953, 6.6, 126, 我在成都火车站捡了个彝族美女
04042925, 7.7, 37, Beginning Android 2
01583460, 6.5, 101, 世界中古史
01524764, 9.0, 15, 今日开始做魔王
27098186, 5.8, 203, 日本民间故事 第一季
04216630, 6.2, 103, 新仙鹤神针（上下）
27085526, 7.0, 44, 疯玩摄影
01872483, 8.1, 19, Mobile Interaction Design
03278892, 7.3, 30, 天裂九世纪
03054947, 6.9, 39, 电话的社会影响
26377009, 8.3, 16, 火童
20514966, 7.7, 22, Technomobility in China
03603600, 6.5, 55, 我手机
02975465, 6.1, 81, 手机奇遇记
26202093, 7.5, 23, 移动时代生存
26307864, 7.6, 21, 脑控手机
04920039, 7.0, 28, 创业狼
25934321, 5.2, 243, 手机摄影笔记
25715973, 7.5, 19, 杀手，回光返照的命运
26842875, 6.4, 28, 我要成为手机摄影师：100个关键问答
06915837, 7.2, 15, Beginning Android 4 Application Development
30233458, 7.3, 14, 要是你给老鼠玩手机
06713156, 7.0, 15, Android开发秘籍
03226537, 7.1, 14, Pro Android
26925662, 4.9, 152, 你是笨蛋吗
05940658, 6.8, 16, 苹果掉下来
05398923, 6.9, 15, 智能手机Web标准开发实战
02076945, 6.8, 15, 魔王的卖身男欢
05364106, 6.5, 18, 玩转我的iPad
02067411, 6.6, 16, 从手机历史看设计创新战略
04030249, 7.2, 11, 手机短信传播心理探析
25856370, 6.6, 14, 手机新娘
32581512, 6.0, 22, 小米 : 王者归来
27012285, 5.7, 28, 反装备主义-一部手机的可能性-I
27044698, 4.7, 96, 万灵进化1
03099430, 6.0, 17, 手机传播学
03208231, 6.3, 13, 手机媒体
02205500, 0.0, 10, 顽女戏蔷薇
10946216, 0.0, 10, 手机媒体概论
