2020-07-05 16:00:04

number of books, tag name
248, 托尔斯泰

ID, rating, votes, title
01084336, 9.0, 576771, 小王子
01986291, 9.5, 12006, 冰与火之歌（卷三）
02035171, 9.0, 20028, 人生的枷锁
01213546, 8.4, 40967, 变形记
01424741, 8.5, 28758, 心是孤独的猎手
02253380, 9.2, 9766, 安娜·卡列尼娜
25733470, 8.2, 35176, 没有色彩的多崎作和他的巡礼之年
02253381, 9.3, 4330, 战争与和平（全四册）
01013502, 7.6, 60626, 钢铁是怎样炼成的
01292227, 8.8, 6813, 霍乱时期的爱情
01859108, 8.9, 5906, 白痴
01010472, 8.5, 10146, 安娜·卡列尼娜（上下）
01255288, 8.1, 19263, 复活
25837845, 9.5, 2247, 战争与和平
01013469, 8.7, 5340, 战争与和平（全四册）
01085021, 8.3, 7717, 蝴蝶梦
01880987, 8.6, 4783, 安娜·卡列尼娜
01034106, 8.1, 9332, 威尼斯商人
25867057, 9.2, 2071, 安娜·卡列尼娜
27140882, 9.2, 2066, 伊凡·伊里奇之死
01019817, 9.3, 1794, 战争与和平（上下）
01880990, 8.3, 3972, 复活
01021623, 8.9, 1556, 安娜·卡列宁娜（上下）
01097835, 8.0, 5036, 名人传
25808056, 8.0, 4655, 纸牌屋
03127852, 8.6, 1857, 推销员之死
01076728, 8.5, 1606, 复活
25760686, 8.8, 1110, 复活
25837866, 8.6, 1375, 复活
02266567, 9.2, 702, 伊凡·伊里奇的死
01485943, 8.9, 913, 安娜·卡列尼娜
24935031, 9.3, 611, 战争与和平
03525047, 7.8, 3596, 无影灯
26883960, 9.0, 788, 伊比库斯的预言
25973245, 9.6, 447, 战争与和平
01507461, 8.6, 1182, 安娜·卡列尼娜
04920062, 7.3, 7483, 别跟我说你懂日本
01180087, 8.9, 680, 新月集
05253168, 9.0, 578, 安娜·卡列尼娜（全两册）
17153313, 9.0, 578, 哲学导论
26529831, 8.2, 1398, 忏悔录
26831681, 9.2, 455, 复活
25973243, 9.1, 487, 安娜·卡列尼娜
01049561, 9.0, 532, 俄国思想家
01089120, 8.6, 754, 安娜·卡列宁娜
24935028, 9.5, 311, 安娜·卡列尼娜
05945451, 9.0, 481, 战争与和平
01047173, 8.7, 644, 战争与和平（上下）
01033449, 8.5, 730, 巨人三传
25799790, 9.4, 299, 安娜·卡列尼娜
01907894, 8.6, 629, 复活
01037725, 8.2, 934, 复活
01073778, 9.3, 307, 战争与和平（全四册）
25804649, 7.5, 2389, 无知的游历
03076986, 8.7, 503, 复活
06878082, 9.0, 374, 托尔斯泰或陀思妥耶夫斯基
04149229, 9.4, 259, 托尔斯泰与陀思妥耶夫斯基（上下）
01498819, 9.4, 242, 战争与和平（第一卷）
26912760, 9.3, 261, 战争与和平
01011709, 8.9, 332, 战争与和平
01059629, 8.3, 561, 复活
01959124, 8.9, 309, 生活之路
06313447, 9.3, 217, 战争与和平（上、下）
05406576, 8.8, 325, 复活
01823105, 8.8, 319, 河的第三条岸
04841506, 8.5, 424, 忏悔录
19961134, 9.1, 231, 安娜·卡列宁娜
01959147, 8.5, 398, 复活
33376836, 9.5, 167, 安娜·卡列尼娜
02048297, 8.6, 342, 安娜.卡列尼娜-世界文学名著典藏（上.下）
10742716, 8.9, 242, 忏悔录
04605582, 9.4, 162, 战争与和平（全四册）
25911928, 7.0, 2048, 蔡康永的说话之道
25837841, 9.4, 143, 安娜·卡列宁娜
19980346, 8.9, 197, 伊万·伊里奇之死
06863526, 8.7, 232, 克莱采奏鸣曲
03004721, 8.3, 331, 名人传
01037597, 8.3, 330, 名人传
01003115, 9.4, 121, 战争与和平（全四册）
01721797, 7.9, 423, 名人传
01085466, 8.7, 191, 战争与和平
05920823, 8.7, 191, 安娜·卡列宁娜
21617698, 7.1, 1148, 二十五岁的世界
06435874, 9.2, 126, 安娜.卡列尼娜
01253339, 7.9, 402, 复活
02032559, 9.2, 125, 托尔斯泰中短篇小说选
03076983, 8.8, 150, 哈吉穆拉特
26144689, 9.1, 118, 三死
10582339, 8.6, 172, 复活
02344013, 8.1, 269, 复活
25973242, 8.8, 143, 复活
04917808, 8.9, 126, 泰戈尔诗歌集 新月集 飞鸟集
07053764, 9.4, 88, 安娜.卡列尼娜（上下）
02368198, 8.4, 187, 一生必读的关于信仰与人生的30部经典
33439314, 9.1, 104, 战争与和平
01088079, 8.6, 148, 黑色的春天
06862405, 9.4, 81, 复活
34826176, 8.1, 220, 像托尔斯泰一样写故事
01029675, 8.8, 120, 天国在你们心中
04106716, 8.8, 108, 战争与和平-上下册-全译本
01479323, 9.0, 93, Anna Karenina
01186367, 9.2, 81, 托尔斯泰中短篇小说选
07916498, 9.5, 67, 复活
03076988, 8.4, 137, 童年·少年·青年
04045331, 9.3, 68, 战争与和平（共四册）
25772542, 9.4, 61, 战争与和平
04058816, 8.6, 100, 复活
02101440, 9.0, 75, 三作家
03797387, 8.7, 88, 复活
01950070, 8.9, 73, 哈吉穆拉特
01835997, 7.7, 194, 名人传
01645152, 8.5, 96, 复活
10572926, 9.8, 40, 战争与和平（全4册）
01833518, 8.0, 131, 生活值得过吗
04835055, 8.6, 79, 舞会之后
30207283, 9.5, 45, 伊凡．伊里奇之死
01109970, 8.4, 87, 安娜·卡列宁娜
03200756, 9.2, 51, 战争与和平（上下）
26640950, 9.4, 45, 托尔斯泰与陀思妥耶夫斯基
02470105, 9.5, 42, War and Peace
01125533, 8.3, 88, 克鲁采奏鸣曲
01232992, 7.7, 144, 托尔斯泰传
01801828, 9.1, 50, 苦难历程（上下）
03821951, 9.3, 44, The Death of Ivan Ilych
06438092, 9.0, 52, 克莱采奏鸣曲
03675518, 8.4, 74, 托尔斯泰传
03191436, 8.5, 65, 童年 少年 青年
01945912, 8.9, 49, 俄罗斯小说百年精选
01019052, 7.7, 115, 托尔斯泰读书随笔
01271495, 9.8, 29, 忏悔录
27092410, 8.6, 55, 战争与和平
01264488, 9.1, 40, 托尔斯泰论生命
03181282, 8.6, 54, 复活
06784727, 8.6, 54, 谢尔基神父
01327345, 8.5, 57, 自画像
07057101, 9.1, 39, 哥萨克
25772544, 9.6, 30, 安娜·卡列尼娜
06958065, 9.4, 33, 战争与和平（全四册）
25736964, 9.4, 32, 战争与和平
01024790, 9.1, 36, 托尔斯泰传（上下）
03741314, 8.4, 55, 生活即幸福
02177915, 7.3, 135, 名人传
03200761, 8.6, 47, 安娜.卡列宁娜
03626317, 9.2, 33, 家庭的幸福
06016142, 8.2, 60, 托尔斯泰论文艺
01212059, 8.4, 52, 安娜・卡列尼娜(上下最新全译本)
02253846, 8.9, 38, 高加索的俘虏
03533993, 8.9, 38, 苦难的历程（全三册）
04938045, 9.7, 25, War and Peace
01736970, 8.5, 45, 为了每一天
02304587, 8.3, 51, 复活
23858360, 8.5, 42, 安娜·卡列尼娜（上、下）
01361349, 8.6, 39, 安娜．卡列妮娜（精）
30389973, 8.6, 39, 童年
10571228, 9.2, 28, 安娜•卡列尼娜
03689448, 8.1, 53, 复活
22685326, 8.8, 34, 三作家
02021219, 9.1, 28, 人生论
26723397, 7.8, 63, 托尔斯泰中短篇小说选
05364004, 9.7, 21, 战争与和平（全四册）
01063417, 8.6, 36, 克鲁采奏鸣曲
01121396, 8.4, 40, 安娜·卡列尼娜（上下）
30204452, 8.5, 37, 安娜·卡列尼娜
01062826, 8.8, 31, 一个地主的早晨
01085524, 8.7, 32, 托尔斯泰中短篇小说选
03824378, 8.1, 46, 谢尔盖神父
01041766, 8.8, 30, 无根据颂
07053766, 8.6, 33, 童年·少年·青年
01228632, 8.1, 44, 彼得大帝（上下）
25885336, 8.0, 47, 托尔斯泰大传
27064060, 7.0, 110, 知识分子
03104114, 8.9, 27, 列夫·托尔斯泰童话
02056490, 8.4, 35, 童年 少年 青年
01014393, 7.3, 79, 王尔德读书随笔
06811962, 8.8, 27, 战争与和平（上中下）
01084966, 7.6, 58, 复活
03414407, 8.1, 40, 名人传
05922521, 8.2, 37, 复活
04758259, 7.6, 56, 什么是幸福
04274010, 9.6, 18, 安娜·卡列尼娜
01050228, 8.5, 30, 托尔斯泰的解脱
10564001, 9.3, 20, 战争与和平
26642028, 7.9, 43, 野果
02295159, 9.3, 19, 哥萨克
07053765, 8.8, 23, 一个地主的早晨
07053767, 8.0, 36, 哈吉穆拉特
06535048, 8.3, 28, 复活
03147212, 9.6, 15, 生活之路
01009690, 8.3, 27, 托尔斯泰日记
26293295, 8.3, 27, 忏悔录
01157413, 9.7, 14, 安娜·卡列尼娜
25772547, 8.5, 23, 幼年·少年·青年
03024935, 9.2, 16, 文学写照
03045391, 8.0, 29, 托尔斯泰每日箴言
25724839, 8.9, 18, 托尔斯泰中短篇小说集
32568197, 8.5, 21, 少年
02057025, 8.8, 18, 复活（托尔斯泰小说系列/插图本）
02061571, 8.5, 20, 复活
26779964, 8.8, 17, 托尔斯泰大传
01638617, 8.0, 25, 复活
01146073, 7.3, 37, 天国在你心中
20486011, 8.9, 15, The Hedgehog and the Fox
25743948, 7.3, 36, 托尔斯泰短篇小说集
01003407, 9.2, 13, 智慧历书
01896422, 8.1, 21, 论科学和艺术的价值
03568628, 9.3, 12, 托尔斯泰中短篇小说选
25926457, 8.6, 15, 俄罗斯文学读本
05325941, 8.3, 17, 穷人
10759468, 8.3, 17, 安娜.卡列尼娜-上下
01520612, 8.9, 13, 安娜·卡列尼娜（上下）
01643705, 7.8, 22, 智慧历书
01879053, 8.4, 16, 克莱采奏鸣曲
01084938, 8.3, 16, 复活
25775992, 6.9, 38, 傻瓜伊凡 注释世界语读物
01141022, 7.8, 20, 托尔斯泰传
03024476, 9.1, 11, 托爾斯泰福音書
03194177, 9.1, 11, 安娜.卡列宁娜
02056488, 8.6, 13, 一个地主的早晨
02266564, 8.0, 17, 舞会以后
01641486, 8.5, 13, 复活
02302828, 8.5, 13, 欧美作家论列夫·托尔斯泰
04915937, 7.2, 26, 最后一站
26739546, 7.2, 22, 托尔斯泰谈幸福
01133182, 8.8, 10, 安娜·卡列尼娜
21331242, 7.1, 23, 托尔斯泰传
01331497, 7.8, 15, 托尔斯泰中短篇小说选
01911315, 7.8, 15, 安娜·卡列尼娜
05406364, 8.4, 11, 天国在你心中
02187192, 7.9, 12, 狗的故事
26736602, 6.9, 21, 托尔斯泰说欲望
27115481, 7.4, 15, 好心的鞋匠
02244461, 7.3, 13, 酒色与生命
04196070, 7.8, 10, 列夫·托尔斯泰文集（第十七卷）
02308970, 7.5, 11, 人生真谛的不倦探索者
24844811, 6.5, 17, 托尔斯泰谈艺术
11597336, 6.2, 17, 我无法沉默
03084576, 4.9, 14, 托尔斯泰研究
01813913, 0.0, 10, 托尔斯泰夫人日记精选
02329246, 0.0, 10, 复活
02473218, 0.0, 10, What Is Art?
03214246, 0.0, 10, 托尔斯泰最后的日记
06385010, 0.0, 10, 回忆托尔斯泰
10763565, 0.0, 10, 复活
03991394, 0.0, 11, 复活
04149379, 0.0, 11, 同时代人回忆托尔斯泰（下）
01205225, 0.0, 12, 安娜・卡列宁娜（上下册）
04149377, 0.0, 12, 同时代人回忆托尔斯泰（上）
30284235, 0.0, 16, 穷人
