2020-07-05 16:00:04

number of books, tag name
621, 拉美文学

ID, rating, votes, title
03259440, 9.1, 460312, 白夜行
01770782, 8.9, 647934, 追风筝的人
06082808, 9.2, 294578, 百年孤独
01068920, 9.3, 158307, 飘
10594787, 9.0, 184325, 霍乱时期的爱情
01064275, 8.4, 155625, 老人与海
03608208, 8.5, 120387, 牧羊少年奇幻之旅
01786670, 8.9, 52345, 百年孤独
24382569, 8.7, 22964, 一桩事先张扬的凶杀案
25796120, 8.9, 16374, 小径分岔的花园
01440972, 9.2, 8945, 博尔赫斯小说集
20392523, 8.5, 22947, 没有人给他写信的上校
01077528, 8.8, 12561, 通往奴役之路
26657570, 9.0, 8541, 活着为了讲述
27107109, 9.4, 4987, 百年孤独
11584574, 8.6, 13973, 万物静默如谜
04826530, 9.1, 6680, 我亲爱的甜橙树
03315879, 8.6, 13534, 恶童日记
01794620, 7.8, 48450, 芒果街上的小屋
26628811, 8.8, 8640, 世上最美的溺水者
01045352, 8.8, 7786, 二十首情诗与绝望的歌
01418058, 9.1, 5166, 小径分岔的花园
25796049, 9.0, 5728, 沙之书
26374532, 8.9, 6490, 霍乱时期的爱情
26451351, 8.7, 8603, 爱情和其他魔鬼
01292227, 8.8, 6813, 霍乱时期的爱情
01015864, 9.0, 4923, 惶然录
25796122, 9.3, 3167, 阿莱夫
21346008, 8.5, 8740, 米格尔街
25796061, 9.1, 3703, 杜撰集
26276924, 8.7, 6223, 梦中的欢快葬礼和十二个异乡故事
10512236, 8.4, 8476, 时间的针脚
03003477, 9.2, 2877, 虚构集
01417385, 9.0, 3544, 博尔赫斯诗选
03769738, 8.7, 5081, 万火归一
01083089, 9.4, 2082, 博尔赫斯全集
01937228, 9.3, 2309, 百年孤独
04737325, 8.2, 10190, 维罗妮卡决定去死
27079479, 8.8, 4192, 南方高速
25779593, 8.7, 4666, 族长的秋天
25952961, 8.8, 3893, 博尔赫斯谈话录
02295912, 9.0, 2955, 佩德罗·巴拉莫
20501761, 8.3, 7627, 地球上最后的夜晚
06792270, 9.0, 2778, 佩德罗·巴拉莫
06800379, 8.7, 3905, 2666
26394018, 9.3, 1870, 生活与命运
25985126, 8.7, 3821, 迷宫中的将军
03003258, 9.2, 1983, 阿莱夫
25858680, 8.2, 7324, 二十首情诗和一首绝望的歌
10764013, 8.8, 3091, 克罗诺皮奥与法玛的故事
01058520, 8.9, 2565, 炼金术士
20392525, 7.9, 10844, 枯枝败叶
26276279, 7.8, 10875, 苦妓回忆录
25796066, 8.3, 4467, 恶棍列传
25847717, 8.6, 2875, 不安之书
03003466, 8.6, 2738, 恶棍列传
01768642, 9.2, 1340, 博尔赫斯短篇小说集
01437969, 8.7, 2288, 聂鲁达诗选
10522844, 8.8, 1962, 游戏的终结
26270304, 9.1, 1387, 七夜
26022097, 8.5, 2859, 番石榴飘香
25985982, 8.4, 3261, 遥远的星辰
26671805, 9.0, 1541, 另一个，同一个
06999940, 8.7, 2193, 2666
25899957, 9.0, 1395, 诗艺
25956992, 9.0, 1388, 博尔赫斯，口述
26276923, 7.9, 5976, 礼拜二午睡时刻
01342175, 8.7, 1893, The Alchemist
01870320, 9.1, 1189, 霍乱时期的爱情
25904521, 8.9, 1445, Sapiens
01899082, 8.7, 1737, 一桩事先张扬的凶杀案
03114410, 9.0, 1213, 世界名著百部
26434970, 8.5, 2167, 智利之夜
01807562, 9.1, 1056, 加西亚·马尔克斯中短篇小说集
26877595, 9.0, 1171, 佩德罗·巴拉莫
34799583, 9.1, 1035, 马可瓦尔多
02061444, 8.7, 1619, 幽灵之家
27031869, 8.1, 3564, 一个海难幸存者的故事
25662922, 8.3, 2645, 维罗妮卡决定去死
25986497, 8.3, 2634, 疑问集
02073481, 8.6, 1682, 城市与狗
01077638, 8.1, 3192, 耻
27004925, 8.4, 2100, 我在秘密生长
01444558, 8.7, 1439, 博尔赫斯谈艺录
03003470, 8.8, 1218, 另一个，同一个
33657946, 8.5, 1731, 波拉尼奥：最后的访谈
05383804, 9.1, 873, 酒吧长谈
20392524, 7.7, 5399, 恶时辰
21855881, 8.7, 1330, 荒野侦探
06010144, 8.3, 2181, 动物寓言集
26703649, 8.4, 1863, 被占的宅子
26262141, 8.3, 2118, 毛姆传
25748132, 8.5, 1629, 复明症漫记
03003460, 8.6, 1442, 布宜诺斯艾利斯激情
25699387, 8.6, 1411, 星辰时刻
26426917, 8.7, 1226, 瓦尔登湖 (全注疏本)
23019253, 8.7, 1221, 蜘蛛女之吻
25796128, 8.6, 1353, 布罗迪报告
01812833, 8.7, 1204, 穷人的银行家
34826166, 8.6, 1352, 夜的命名术
30177172, 8.7, 1195, 没有人给他写信的上校
11528305, 8.2, 2135, 朝圣
01047370, 8.5, 1393, 拉丁美洲被切开的血管
06973816, 7.7, 4207, 古董衣情缘
02969263, 8.6, 1225, 跳房子
26269845, 8.1, 2296, 唯有孤独恒常如新
34912805, 8.8, 933, 七个疯子
03327495, 8.3, 1664, 万有引力之虹
26830570, 8.6, 1144, 未知大学
33455204, 8.5, 1254, 博尔赫斯：最后的访谈
26671810, 8.3, 1593, 深沉的玫瑰
01433739, 8.5, 1230, 蜘蛛女之吻
01385809, 9.3, 521, 百年孤寂
21978753, 8.4, 1347, 护身符
26372186, 9.3, 516, 爱与战争的日日夜夜
05347700, 7.8, 2934, 我坐在彼德拉河畔，哭泣
06974199, 8.7, 916, 小毛驴与我
30309597, 8.2, 1609, 一起连环绑架案的新闻
06006287, 9.1, 577, 诗艺
03861531, 8.4, 1205, 荒野侦探
03662751, 8.7, 852, 公羊的节日
01061729, 8.2, 1535, 韦罗妮卡决定去死
01036947, 8.5, 1061, 给青年小说家的信
06890669, 7.6, 3606, 我不是来演讲的
06792277, 8.6, 912, 燃烧的原野
01876799, 9.3, 444, 百年孤独
25837539, 8.1, 1632, 美洲纳粹文学
26267258, 8.7, 784, 我弥留之际
26762062, 9.1, 507, 诗人的迟缓
01762178, 9.3, 421, 百年孤独
26323408, 8.4, 1050, 我坦言我曾历尽沧桑
01418989, 9.1, 475, 小径分岔的花园
04859582, 8.4, 972, 足球往事
34969956, 8.7, 692, 遗忘通论
01210495, 9.2, 422, 百年孤独
04140451, 8.6, 760, 潘达雷昂上尉与劳军女郎
05409459, 8.0, 1545, 摩托日记
02277795, 7.6, 2739, 邮差
01046483, 8.9, 548, 超越爱情的永恒之死
24737018, 8.7, 661, 玉米人
02141646, 7.8, 1957, 恰似水之于巧克力
03319957, 8.7, 648, 蜘蛛女之吻
26603440, 8.3, 987, 老虎的金黄
04882010, 8.6, 701, 燃烧的原野
06560648, 8.5, 762, 教海鸥飞翔的猫
30321026, 8.4, 843, 修道院纪事
02297216, 8.7, 606, 巴列霍诗选
27624447, 8.1, 1200, 欲望德黑兰
26264146, 8.8, 538, 探讨别集
01449641, 9.2, 364, 胡安·鲁尔福全集
01452927, 9.1, 395, 百年孤独
25956991, 8.4, 800, 但丁九篇
33440230, 8.4, 788, 米格尔在智利的地下行动
27176305, 9.4, 298, 酒吧长谈
01400647, 9.2, 349, 佩德罗·巴拉莫
26841615, 9.3, 320, 博尔赫斯全集
30302069, 8.6, 619, 有人在周围走动
25959838, 8.0, 1214, 巴托比症候群
03466923, 9.1, 371, Love in the Time of Cholera
03003471, 8.4, 746, 私人藏书
03003189, 8.6, 598, 博尔赫斯谈话录
04140447, 8.3, 828, 绿房子
30431414, 8.8, 461, 星辰时刻
33428358, 8.6, 556, 加西亚·马尔克斯访谈录
25908110, 8.6, 552, 诗人的迟缓
01793033, 8.6, 543, 番石榴飘香
26371591, 8.1, 942, 常识
26534971, 7.5, 2125, 蓝狗的眼睛
33402255, 8.7, 480, 和博尔赫斯在一起
26270303, 8.3, 715, 永恒史
05254269, 8.3, 705, 坏女孩的恶作剧
26824360, 8.1, 876, 夜晚的故事
01034705, 8.9, 372, 爱情和其他魔鬼
27025101, 8.0, 959, 动物集
01790005, 8.5, 537, 蒙面骑士
01865170, 9.2, 275, One Hundred Years of Solitude
27180268, 9.0, 326, 给青年小说家的信
03662742, 8.3, 654, 天堂在另外那个街角
01064252, 8.5, 525, 十一分钟
26294048, 7.5, 1824, 黑羊
06540230, 8.2, 715, 读爱情故事的老人
06853462, 8.0, 903, 魔鬼与普里姆小姐
30434081, 9.2, 265, 帝国轶闻
26824361, 8.0, 893, 面前的月亮·圣马丁札记
26744599, 8.0, 891, 我将敢于亲吻你
26721094, 8.4, 561, 天数
26701963, 8.6, 454, 给青年小说家的信
02996061, 8.5, 475, 镜中的孤独迷宫
01364774, 9.1, 264, 愛在瘟疫蔓延時
04140448, 8.2, 630, 胡利娅姨妈与作家
02995998, 8.5, 450, 纸上的伊比利亚
01768556, 9.4, 197, 巴比伦彩票
21714777, 8.1, 657, 巴西：未来之国
01823105, 8.8, 319, 河的第三条岸
30367453, 9.4, 191, 黄昏的诉说
26717934, 8.2, 571, 新年快乐
02070587, 8.5, 415, 我坐在琵卓河畔
26431618, 8.5, 409, 君士坦丁堡最后之恋
25956997, 8.1, 622, 私人藏书：序言集
30419379, 8.2, 555, 佩恩先生
26716997, 8.2, 554, 隐秘的幸福
27035190, 8.4, 441, 在水中热爱火焰
26603447, 7.5, 1254, 布宜诺斯艾利斯激情
26603441, 8.0, 637, 诗人
05422864, 7.6, 1056, 孤独的赢家
34917793, 8.8, 280, 帝国游戏
01484272, 9.0, 234, 世界经典名著文库 第三辑
27179608, 9.0, 233, 城市与狗
30177150, 8.1, 557, 枯枝败叶
01028724, 8.7, 302, 中国套盒
01383049, 9.5, 157, 一百年的孤寂
04845022, 8.0, 616, 象棋少年
21617753, 9.6, 143, 博尔赫斯全集（小说卷）
25814346, 8.1, 538, 双生
24737025, 8.3, 418, 总统先生
01021966, 8.3, 414, 博尔赫斯八十忆旧
30126849, 8.4, 371, 最后的对话 Ⅰ
25722953, 7.5, 1073, 吃鸟的女孩
25900377, 8.4, 367, 身份
27180270, 9.2, 181, 公羊的节日
02285152, 8.5, 323, 上校无人来信
27120528, 8.7, 266, 白石上的黑石
26824357, 8.0, 541, 密谋
03223252, 9.3, 157, 百年孤寂
26824358, 7.9, 571, 铁币
33590608, 7.3, 1229, 马尔克斯：最后的访谈
30264635, 8.4, 323, 行走的话语
25718880, 8.7, 243, 拥抱之书
30126850, 8.7, 242, 最后的对话 Ⅱ
01768590, 9.4, 137, One Hundred Years of Solitude
24872823, 9.1, 171, 博尔赫斯全集：诗歌卷 (上册)
02984507, 8.2, 381, 聂鲁达集
27034274, 8.2, 378, 安第斯山脉的生与死
06892507, 8.5, 280, 幽灵之家
26824359, 7.8, 581, 地图册
25923437, 8.9, 193, 火的记忆 1： 创世纪
26647130, 7.9, 504, 无处不在的人格
26184666, 9.2, 149, 酒吧长谈
33380549, 8.7, 222, 我们如此热爱格伦达
01766492, 8.7, 214, 族长的没落
06528126, 8.3, 303, 阿尔特米奥·克罗斯之死
01357396, 9.2, 139, 我親愛的甜橙樹 Meu Pe de Laranja Lima
06440374, 8.5, 246, 世界末日之战
26284682, 9.0, 161, 坏女孩的恶作剧
05611244, 8.4, 266, 还乡之谜
26060679, 8.3, 292, 时间之战
02328775, 8.8, 178, Love in the Time of Cholera
01494992, 8.4, 247, 两百年的孤独
34786081, 8.4, 245, 兔子洞女孩
26270301, 7.9, 405, 讨论集
30201036, 9.0, 146, 绿房子
26308272, 8.2, 293, 序言集以及序言之序言
03320931, 8.7, 185, 有待探险的世界
01418008, 8.7, 183, 跳房子
06712400, 7.6, 559, 莫雷尔的发明
02345906, 9.3, 113, Twenty Love Poems and a Song of Despair
26184667, 8.9, 151, 潘达雷昂上尉和劳军女郎
24871648, 7.7, 461, 俄罗斯套娃
30309781, 7.5, 585, 爱情、疯狂和死亡的故事
02253798, 8.7, 169, 诗歌总集
30177174, 8.5, 200, 一桩事先张扬的凶杀案
01066281, 8.2, 262, 魔鬼与普里姆小姐
01339959, 9.0, 132, 魔鬼詩篇
27200251, 9.1, 122, 泥淖之子
26780984, 8.9, 139, 城市与狗
02310842, 8.7, 162, 拉丁美洲散文诗选
26603456, 7.8, 384, 危地马拉传说
01275172, 8.7, 161, 科塔萨尔论科塔萨尔
26765925, 8.4, 208, 博尔赫斯全集II
26818889, 8.5, 190, 利图马在安第斯山
27193373, 7.7, 424, 花与恶心：安德拉德诗选
27177771, 8.8, 143, 潘达雷昂上尉与劳军女郎
25900293, 8.4, 196, 足球往事
03317947, 9.2, 102, 百年孤独
03167586, 8.9, 122, 2666
25962160, 8.4, 182, 太阳石
27180274, 8.9, 121, 利图马在安第斯山
26413330, 6.5, 2148, 故事的结局早已写在开头
01028993, 8.2, 216, 情爱笔记
24851836, 8.2, 215, 回家的路
03230785, 9.0, 111, The Alchemist
02256926, 9.1, 100, 外国现代派作品选（第四册 上下）
26270298, 7.6, 386, 埃瓦里斯托·卡列戈
02985384, 9.8, 63, One Hundred Years of Solitude
01916280, 8.3, 183, 绿房子
26639311, 9.0, 104, 戏剧的毒药
02033720, 8.6, 140, 城市与狗
01078788, 8.5, 151, 马丁·伊登
26148031, 8.7, 128, 胡利娅姨妈和作家
26586452, 8.3, 175, 失落的南方
25946553, 8.7, 124, 孤独的迷宫
04081266, 8.5, 145, 2666
10794370, 7.7, 310, 避暑
27116229, 7.6, 343, 我坐在彼德拉河畔，哭泣
01762649, 8.4, 155, 谎言中的真实
25704584, 7.4, 422, 阿莱夫
03215464, 9.3, 76, 로빈손크루소
04928394, 8.0, 207, 普埃布拉情歌
26660775, 8.6, 122, 名誉
01755608, 8.8, 104, 霍乱时期的爱情
01772807, 9.7, 58, Twenty Love Poems and a Song of Despair
25762414, 8.1, 179, 博尔赫斯大传
34887834, 9.0, 86, 诗人的迟缓
23164130, 8.9, 92, 世纪旅人
30257742, 9.1, 79, 奥麦罗斯
10742301, 9.2, 74, 博尔赫斯文集 诗歌随笔卷
06773259, 7.7, 255, 隧道
27615350, 7.5, 318, 间谍
34822443, 8.1, 167, 潘神的迷宫
02074388, 8.4, 127, 潘达雷昂上尉与劳军女郎
34896913, 7.6, 269, 失败笔记本
01474377, 8.9, 85, 幽灵之家
06789157, 8.7, 96, “边境”之南
26321333, 7.3, 363, 爱情、疯狂和死亡的故事
04845020, 7.5, 281, 造船厂
02985425, 9.6, 53, Love in the Time of Cholera
01082540, 7.7, 226, 博尔赫斯七席谈
05958728, 7.2, 399, 露西亚娜·B的缓慢死亡
30389942, 8.8, 87, 镜中的孤独迷宫
26272542, 8.3, 127, 时间之口
34914941, 8.6, 100, 火中遗物
33427743, 7.7, 217, 音乐大脑
03195260, 9.3, 61, 博尔赫斯文集-文论自述集
25831578, 8.1, 147, 永远的菲利普
27609913, 7.2, 380, 我牙齿的故事
30272313, 9.0, 72, 十个女人
34787198, 9.0, 72, 万火归一
21347957, 7.3, 325, 迷药
25866566, 7.9, 169, 人类的诗篇
34861848, 8.2, 129, 热月
10763231, 8.7, 87, 看不见的山
26666151, 9.1, 64, 味似丁香、色如肉桂的加布里埃拉
01962134, 8.7, 83, 太阳石
33450208, 8.4, 103, 发光的小说
27128595, 7.8, 173, 33场革命
34670767, 8.0, 141, 出售幻觉
01817011, 9.1, 61, 批评的激情
10583078, 7.3, 275, 等待卡帕
26241378, 7.3, 275, 波多贝罗女巫
27073403, 7.3, 275, 等你呼唤我的名字
25925049, 7.0, 398, 那些伤，为什么我还放不下
02334777, 9.7, 42, Labyrinths
34464701, 7.8, 160, 女俘爱玛
19964965, 7.5, 215, 薄荷心
02057339, 8.7, 76, 玉米人
01274387, 8.4, 94, 总统先生
26263508, 7.3, 264, 阿克拉手稿
26384537, 8.0, 129, 金卡斯的两次死亡
34974518, 8.6, 79, 两兄弟
10809020, 8.3, 99, 光明世纪
02063107, 8.4, 91, 总统先生
03327174, 8.6, 78, 想像的動物
01768827, 9.5, 44, The Poetry of Pablo Neruda
27136519, 7.6, 180, 令人反感的幸福
02003626, 9.2, 52, 污秽的夜鸟
26318221, 8.6, 75, 批评的激情
26311012, 8.5, 80, 给一颗星的颂歌
01795360, 8.6, 74, 阿劳卡依玛山庄
27176317, 8.4, 85, 胡利娅姨妈和作家
03013980, 8.9, 60, El Amor En Los Tiempos Del Colera
27176324, 8.4, 84, 坏女孩的恶作剧
02154912, 7.8, 138, 倒数第二梦
03089168, 8.0, 115, 谁是杀人犯·叙事人
26668883, 7.8, 136, 恰似水于巧克力
30157061, 7.3, 221, 假证件
24872824, 8.6, 69, 博尔赫斯全集：诗歌卷(下册)
30143077, 8.4, 78, 马科斯与猫科动物
34889217, 8.0, 107, 盲人之歌
19929596, 8.0, 106, 最明净的地区
01768455, 8.2, 89, 生命与希望之歌
26111129, 8.4, 76, 世界末日之战
26762860, 8.9, 54, 博尔赫斯大传
01795120, 7.9, 112, 莫雷尔的发明
27025898, 7.9, 112, 边缘故事集
01371373, 9.5, 38, One Hundred Years of Solitude
26908162, 9.4, 40, 二十首情詩和一首絕望的歌
25888469, 6.9, 317, 薛定谔之猫
26839380, 7.8, 119, 感官回忆录
01276015, 8.1, 92, 胡利亚姨妈与作家
01824659, 8.4, 73, 潘上尉与劳军女郎
30245837, 7.5, 158, 最后假期
29965101, 7.3, 193, 五个街角
01904209, 8.4, 72, 追击·时间之战
01817021, 8.0, 97, 小说是一种需要
34858732, 8.2, 81, 秘鲁传说
01252652, 8.3, 73, 马丁·菲耶罗
02074991, 9.0, 45, The Savage Detectives
03447668, 9.4, 36, The Library of Babel
25946465, 8.4, 66, 弓与琴
34834201, 9.0, 44, 人工呼吸
34464700, 7.6, 124, 野兔
01378663, 9.3, 37, Collected Fictions
19929599, 8.2, 74, 我相信
02285040, 9.5, 33, Cien años de soledad
26652335, 8.0, 85, 雪崩何处
26665753, 8.1, 78, 像欲望一样快
19929598, 8.5, 58, 与劳拉·迪亚斯共度的岁月
34928259, 8.2, 70, 少女布莱达心灵之旅
01756103, 8.3, 65, 卡彭铁尔作品集
27104274, 7.7, 104, 三个彩色故事
33422830, 7.5, 123, 戴面具的日子
07153413, 7.8, 93, 告密者
02316115, 9.1, 38, 酒吧长谈
02583733, 9.1, 38, Last Evenings on Earth
27079437, 7.2, 159, 悬命遗书
01871432, 9.5, 30, 腹地
26853120, 7.9, 81, 我的文档
03781062, 9.2, 34, El Tunel
03044493, 8.2, 63, 加布里埃拉
25852929, 8.7, 45, 绿房子
26584023, 8.8, 42, 西班牙在心中
01777433, 8.6, 47, 城市与狗
27182224, 9.2, 33, 世界末日之战
34431899, 8.4, 53, 声音集
27205410, 7.9, 76, 一千零一次死亡
01906344, 9.3, 31, Cronica De Una Muerte Anunciada
26853172, 7.8, 79, 回家的路
30157648, 7.7, 85, 摩托日记
33110021, 7.6, 91, 上帝的茶话会
26772622, 8.2, 56, 吉他琴的呜咽
02985316, 8.3, 52, Memories of My Melancholy Whores
34840552, 8.4, 48, 对话博尔赫斯
01916582, 7.6, 88, 文学“爆炸”亲历记
03092870, 8.3, 51, 暗沟
30234415, 7.3, 115, 苦妓回忆录
34937420, 8.2, 54, 现代拉丁美洲文学
27192555, 8.0, 62, 爱情与阴影
30198531, 8.0, 62, 甜蜜的死亡气息
03294650, 7.1, 136, 再见，海明威
03092556, 7.9, 65, 弗洛尔和她的两个丈夫
02237337, 8.2, 52, Como Agua Para Chocolate
01168538, 7.8, 70, 蜗牛海滩，一只孟加拉虎
01449558, 8.4, 45, 拉美四作家作品精粹
27084961, 7.8, 68, 太阳是唯一的种子
02033438, 8.3, 47, 堂塞贡多·松布拉
02381189, 9.2, 28, 月亮部落的夏娃
02033810, 8.2, 50, 阿尔特米奥·克罗斯之死
02973332, 7.8, 67, 病魔
01812132, 8.7, 36, 让我们坠入诱惑
03865939, 7.5, 84, 墨西哥的五个太阳
01784893, 8.3, 45, 英雄梦
27079095, 7.7, 69, 世界尽头的世界
01768022, 8.3, 44, 帝国轶闻（上下）
01907040, 7.9, 58, 我承认，我历尽沧桑
26290454, 9.7, 21, 世界末日之战
01150976, 7.7, 67, 精神病医生
27598730, 7.7, 67, 突然死亡
01863574, 8.2, 46, 太阳石
05032742, 7.4, 84, 西班牙--拉美文化概况
26935188, 9.5, 22, 擁抱之書
01058171, 8.2, 44, 聂鲁达抒情诗选
34449277, 8.3, 41, 波多贝罗女巫
02215423, 8.2, 43, 聂鲁达抒情诗选
03139374, 8.9, 28, 聂鲁达诗文集
03090806, 8.4, 37, 加布里埃拉
34778572, 8.7, 31, 动物寓言集
27188653, 7.7, 60, 斜面
01085528, 7.8, 55, 狄安娜，孤寂的女猎手
26728157, 7.7, 59, 艾达之路
02004003, 8.0, 47, 弗洛尔和她的两个丈夫
26311016, 8.3, 38, 鹦鹉复活的故事
27176215, 8.9, 27, 读爱情故事的老人
30251737, 8.7, 30, 火的记忆2
34894778, 8.0, 46, 生命的滋味
01005002, 7.5, 67, 博尔赫斯：书镜中人
01841909, 7.4, 72, 读爱情故事的老人
30218892, 7.4, 72, 朝圣
02013756, 7.4, 70, 拉丁美洲文学大花园
34786083, 9.2, 22, 游戏的终结
34914045, 9.3, 21, 我坦言我曾历尽沧桑
01049596, 8.0, 43, 独粒钻石
02069719, 9.8, 17, 获西班牙塞万提斯奖作家作品选
03398166, 8.5, 31, 老子译注与解析
02080289, 8.9, 25, O Alquimista
01127910, 7.3, 72, 鲁文·达里奥诗选
02043084, 7.8, 48, 聂鲁达散文选
01800168, 8.3, 34, 人子
26268722, 7.9, 43, 孩子，你是这样出生的
01488796, 7.8, 46, 巴拉圭消息
05300216, 6.8, 112, 革命：切·格瓦拉
01110639, 9.0, 22, 西班牙与西班牙语美洲诗歌导论
25982267, 7.4, 60, 基罗加短篇小说选
01780673, 7.9, 41, 逃亡的艺术
30435804, 7.5, 54, 多项选择
01274329, 7.9, 40, 请听清风倾诉
01196278, 7.2, 69, 拉丁美洲文学史
27176311, 7.8, 42, 卑微的英雄
05260289, 8.8, 23, 巴托比症候群
04074656, 8.4, 28, 城市與狗
26355390, 7.3, 60, 格兰塔3·巴西最佳青年小说家
26930572, 6.7, 107, 你是一百只眼睛的水面
01457281, 8.1, 33, 沉默先生
02025005, 8.1, 33, 堂娜芭芭拉
03134117, 7.8, 40, 蜘蛛女之吻
26892085, 7.9, 37, 阿米：宇宙之心
01890692, 8.4, 27, El coronel no tiene quien le escriba
01449959, 7.3, 57, 夫妻生活
26376052, 8.2, 30, 何塞·马蒂诗文选
01085256, 7.9, 36, 堂塞贡多·松布拉
01435614, 6.8, 90, 马里奥·贝内德蒂诗选
01085530, 7.8, 38, 曾是天堂的地方
27131601, 6.7, 97, 首领们
01274894, 8.0, 32, 独裁者的葬礼
25982949, 7.8, 36, 沙滩船长
34456278, 7.8, 35, 群山自黄金
01141831, 7.1, 59, 加西亚·马尔克斯传
01770727, 9.6, 14, Cien Años de Soledad
01059913, 7.8, 34, 绿房子
07056701, 7.6, 38, 为爱而偷
26708001, 8.0, 29, 波波尔·乌
04132718, 9.3, 15, Amulet
01826767, 7.9, 30, 世界末日之战
26657735, 8.2, 25, 拉美科幻文学史
30422623, 6.8, 71, 鬼魂的盛宴
01438125, 7.8, 31, 最明净的地区
33386010, 8.2, 24, 有些事赤脚女人不能做
30231928, 8.1, 25, 马丁·菲耶罗
07009365, 9.3, 14, Near to the Wild Heart
01040974, 8.3, 22, 拉丁美洲诗选
03303107, 8.7, 18, 胡利娅姨妈与作家
26384530, 7.3, 41, 甘特的冬天
05300084, 7.9, 27, 《实践理性批判》通释
26412033, 7.0, 52, 匆匆半生路
01380180, 8.5, 19, Warrior of the Light
30216956, 8.6, 18, 靈魂迷宮
02093234, 8.2, 22, No One Writes to the Colonel
30217968, 7.4, 36, 寻找帕依提提
26640453, 6.9, 54, 斜面
03065907, 8.8, 16, 幻灭三部曲
27197928, 9.5, 12, 塞西丽娅·巴尔德斯
27176313, 7.2, 40, 凯尔特人之梦
01148200, 7.3, 37, 拉丁美洲小说史
25973784, 7.3, 37, 聂鲁达的情人
26821677, 7.7, 28, 弗洛尔和她的两个丈夫
27176200, 6.8, 56, 营救距离
05318016, 8.0, 23, 拉美文学流派与文化
03060581, 8.7, 16, 马丁·菲耶罗
10742730, 7.8, 25, 邮差
01597929, 8.1, 21, 拉丁美洲文学选集
02269899, 8.5, 17, 拉丁美洲儿童小说选
01328025, 7.7, 26, 水中鱼
20469401, 6.4, 77, 世俗的圣歌
01759986, 8.6, 16, El Alquimista / the Alchemist
02285050, 8.6, 16, Doce cuentos peregrinos
02266691, 7.8, 24, 柔情
27096140, 7.7, 25, 密丝特拉儿诗集
03823997, 8.4, 17, Strange Pilgrims
02077227, 7.9, 22, 帕尔马幽默作品选
20381338, 9.2, 12, Aura
01007182, 7.6, 26, 20世纪拉丁美洲小说
01001743, 8.0, 20, 死屋 一号办公室
01243132, 7.6, 25, 执著地寻找天堂
30272312, 7.6, 25, 我们如此相爱
02212249, 8.4, 16, 科尔顿中短篇小说选
23605958, 8.0, 19, 女人
02253850, 7.8, 21, 拉丁美洲现代独幕剧选
04832329, 7.6, 23, 中国道教思想史（第一卷）
01619472, 8.0, 18, 追寻克林索尔
06327404, 6.0, 92, 略萨传
05974321, 8.2, 16, 追击
01940584, 8.6, 13, 拉丁美洲名作家短篇小说选
01784905, 8.0, 17, 大埋伏
02002993, 7.7, 20, 波波尔·乌
30190495, 8.7, 12, 名誉
27176341, 6.9, 33, 失落的南方
02995380, 7.8, 18, 堂吉诃德的长矛
01708441, 7.9, 17, 金卡斯·博尔巴
27155988, 8.0, 16, 我把灵魂交给魔鬼
26756726, 6.6, 40, 诗与歌
03727413, 8.8, 11, Final del Juego
01776246, 8.2, 14, 精靈之屋
05297267, 8.2, 14, 怪兽之城
02262340, 7.5, 20, 拉丁美洲短篇小说选
01350139, 9.0, 10, Borges
01018165, 6.2, 57, 解读博尔赫斯
01861048, 7.2, 24, 加布里埃拉
03057339, 8.5, 12, 合伙人
02299773, 8.0, 15, 回首话沧桑
26719425, 6.2, 55, 葡萄压榨机
27059220, 7.7, 17, 孩子的头发
30389951, 8.0, 14, 读爱情故事的老人
02679494, 7.6, 17, Distant Star
27025895, 7.1, 23, 斗牛士之名
03808938, 8.6, 10, The Old Man Who Read Love Stories
01597163, 7.2, 19, 安第斯山上的神鹰
03048007, 7.5, 15, 世界末日之战
26267264, 7.5, 15, 爱情法则
01092580, 6.9, 21, 渴望自由
02261441, 7.6, 13, 我们看拉美文学
27009739, 6.0, 41, 聂鲁达传：闪烁的记忆
01085255, 7.5, 13, 旋涡
02257984, 6.7, 21, 劫持
01127724, 7.6, 12, 拉丁美洲的孤独
24733825, 7.3, 14, 拉丁美洲“文学爆炸”后小说研究
03674578, 6.8, 18, 羽蛇
04760722, 7.5, 12, 山雨欲来
02268901, 7.2, 14, 青楼
03067255, 7.5, 11, 金卡斯之死
02032569, 7.0, 14, 癞皮鹦鹉
21036352, 7.6, 10, The Sound of Things Falling
04183604, 7.2, 12, 拉丁美洲抒情诗选
03067068, 6.8, 15, 书念处女
01794302, 6.9, 13, 默默的招供
25952964, 6.0, 21, 1937年西班牙回忆
26283199, 6.0, 17, 女朋友们
03233902, 5.7, 19, 女奴伊佐拉
02279147, 6.4, 11, 周末逸事
01376571, 0.0, 10, The Feast of the Goat
02526093, 0.0, 10, Dreaming in Cuban
03179048, 0.0, 10, 拉丁美洲文学简史
03277438, 0.0, 10, 堂卡特林
10537920, 0.0, 10, 当代拉美文学研究
26630290, 0.0, 10, 巴西当代戏剧选
26815434, 0.0, 10, 艾瑪的記憶之書
01920280, 0.0, 11, 隧道
02065109, 0.0, 11, Memoria de mis putas tristes
02310173, 0.0, 11, El beso de la mujer araña
03308995, 0.0, 11, Como Agua Para Chocolate
26263556, 0.0, 11, 陌生的朋友
01948884, 0.0, 12, La Casa de los Espiritus
03315635, 0.0, 13, 安塔列斯事件
