2020-07-05 16:00:04

number of books, tag name
987, 推理

ID, rating, votes, title
03259440, 9.1, 460312, 白夜行
03211779, 8.9, 411951, 嫌疑人X的献身
10554308, 9.1, 272235, 白夜行
25862578, 8.5, 642234, 解忧杂货店
01040211, 9.2, 92088, 福尔摩斯探案全集（上中下）
01827374, 9.0, 96686, 东方快车谋杀案
03006581, 8.9, 98932, 无人生还
03646172, 8.4, 195279, 恶意
25924253, 9.0, 53704, 嫌疑人X的献身
04117922, 9.0, 46247, 嫌疑人X的献身
01040771, 8.2, 206806, 达·芬奇密码
21371175, 9.2, 18614, 罗杰疑案
01807516, 8.9, 27458, 罗杰疑案
24153048, 8.9, 27068, 东方快车谋杀案
26877752, 8.7, 36156, 恶意
01818347, 8.7, 36083, 尼罗河上的惨案
26864984, 8.9, 24073, 金色梦乡
02064977, 8.9, 23263, 死亡筆記 1
05038409, 9.0, 18896, 金色梦乡
24859822, 8.6, 34274, 无人生还
02297697, 8.6, 34201, ZOO
26840298, 8.7, 25325, 无人生还
26923390, 8.5, 33095, 长夜难明
24382569, 8.7, 22965, 一桩事先张扬的凶杀案
03920130, 8.6, 27072, 告白
25796120, 8.9, 16374, 小径分岔的花园
06746289, 8.4, 33943, 新参者
27608412, 8.4, 31140, 默读
01089512, 8.7, 16975, 陆小凤传奇
03649782, 8.6, 19855, 达·芬奇密码
10554309, 8.5, 22656, 恶意
03187737, 8.3, 29651, 占星术杀人魔法
04074636, 7.6, 121327, 放学后
01228110, 8.2, 35374, 天使与魔鬼
01214416, 9.4, 5576, 福尔摩斯探案全集
01874961, 8.8, 12319, 嫌疑犯X的獻身
25697546, 8.6, 13905, 尼罗河上的惨案
25752955, 9.0, 7366, 来自新世界 （上下）
01138986, 8.7, 11274, 名侦探柯南42
26639966, 8.2, 25432, 新参者
26681984, 8.8, 9114, 告白
03162527, 8.7, 10167, 魍魉之匣（下）
27112607, 9.0, 6460, 白夜行
25897884, 9.1, 5242, 13 67
03347997, 8.4, 14008, X的悲剧
01089521, 8.4, 13808, 楚留香传奇
05993310, 9.1, 5011, 直捣蜂窝的女孩
06016234, 8.9, 6318, 奇风岁月
30316475, 8.2, 18506, 漫长的告别
04038673, 9.0, 5417, 络新妇之理（下）
04292149, 8.5, 11052, 龙文身的女孩
04038672, 8.9, 6155, 络新妇之理（上）
33658616, 8.8, 7066, 克莱因壶
04836682, 8.5, 10775, 告白
03102324, 7.7, 44694, 秘密
03162513, 8.4, 12451, 魍魉之匣（上）
04009552, 7.5, 67278, 幻夜
01135537, 9.1, 4491, 福尔摩斯探案集
03836566, 8.6, 8436, 玫瑰的名字
04067621, 8.2, 15085, 暗黑童话
26729776, 8.1, 17810, 雪人
04934552, 8.8, 5891, 玩火的女孩
26292535, 9.0, 4505, 帷幕
06249670, 8.8, 5791, 首无·作祟之物
03140801, 8.0, 20254, 姑获鸟之夏
04152754, 7.6, 42778, 时生
04580972, 7.7, 34607, 流星之绊
03013903, 8.1, 16399, 漫长的告别
26265745, 8.2, 13626, 清明上河图密码
27170951, 8.1, 15869, 生吞
03713327, 7.7, 33149, 圣女的救济
24737009, 8.3, 11269, ABC谋杀案
03654604, 8.4, 9563, 天使与魔鬼
01392604, 8.7, 6105, 金田一少年事件簿①
03348010, 8.4, 9407, Y的悲剧
26855315, 9.4, 2450, 冒险小虎队
06890451, 9.3, 2677, 外天楼
03112726, 8.4, 8843, 希腊棺材之谜
26118072, 7.7, 29985, 祈祷落幕时
10740776, 8.4, 8819, 占星术杀人魔法
01805514, 8.2, 11867, 阳光下的罪恶
01210303, 8.9, 4239, 名侦探柯南1
26892080, 8.5, 7311, 猎豹
30359030, 8.5, 7273, 醉步男
26413027, 7.5, 41581, 虚无的十字架
05904212, 8.1, 12868, 心理罪
02303588, 8.0, 15072, 心理罪
05269222, 8.5, 6698, 一朵桔梗花
34467283, 8.3, 8997, 破云
03879026, 8.2, 10541, 死亡通知单
01158934, 8.5, 6552, 钟表馆幽灵
03715833, 8.6, 5632, 铁鼠之槛（上）
26651926, 8.0, 14377, 红手指
03723829, 9.4, 2048, 福尔摩斯探案全集
05395724, 8.6, 5566, 华丽人生
01903164, 8.0, 14256, ABC谋杀案
30207738, 8.8, 4197, 3秒
25955474, 7.4, 42317, 坏小孩
05939312, 8.2, 9445, 超·杀人事件
03801097, 7.8, 18275, 夏天·烟火·我的尸体
30307059, 8.5, 5762, 默读.3
05336428, 9.1, 2615, 吉祥纹莲花楼终篇之青龙·白虎
04116629, 8.8, 3754, 希区柯克悬念故事集
30237176, 8.2, 8842, 19年间谋杀小叙
05347699, 7.8, 17499, 彷徨之刃
34879050, 9.1, 2543, 清明上河图密码6
25892399, 7.8, 17192, 余生皆假期
06794021, 7.8, 17143, 红手指
03785741, 8.1, 10164, 死神的精确度
01083429, 8.8, 3645, 爱伦·坡短篇小说集
03890174, 7.7, 20555, 信
07060186, 8.2, 8500, GOTH断掌事件
34262174, 8.2, 8449, 网内人
27025036, 8.8, 3500, 清明上河图密码4
20279673, 9.4, 1700, 福尔摩斯探案全集（全七册）
24163576, 8.3, 6941, 漫长的告别
24541883, 8.1, 9303, 消失的爱人
03615061, 7.5, 27373, 宿命
20382491, 8.0, 10728, 心理罪
26760976, 8.4, 5663, 怒
04140380, 8.7, 3709, 第七重解答
04034009, 8.3, 6530, 剪刀男
03615048, 8.1, 8891, 异邦骑士
26899538, 7.6, 20946, 长安十二时辰 下
01946658, 8.2, 7280, 啤酒谋杀案
02336093, 7.8, 14193, 池袋西口公园
25848819, 8.3, 6206, 钟表馆事件
27036319, 8.5, 4559, 百年法
27115970, 8.0, 9759, 秘密
04171951, 7.4, 29582, 失落的秘符
26284304, 7.9, 11277, 簪中录
04928387, 7.5, 23443, 单恋
26331014, 8.1, 7957, 怨氣撞鈴1·食骨
25986273, 8.4, 5021, 五只小猪
05380266, 7.9, 10923, 怪笑小说
26774897, 8.0, 9019, 流星之绊
25884890, 8.3, 5584, 死亡通知单·暗黑者
03124386, 8.9, 2468, 大唐狄公案
05288327, 8.3, 5516, 鸟，看见我了
11612936, 7.5, 21872, 古董局中局
04898712, 8.3, 5467, 奇想·天动
03026875, 8.7, 3060, 幕后凶手
24531334, 8.8, 2680, 银河帝国10：裸阳
20390696, 8.7, 3035, 银河帝国9：钢穴
06041089, 8.2, 6108, 家鸭与野鸭的投币式寄物柜
27042830, 8.5, 3916, 幽灵
04718973, 7.8, 11664, 毒笑小说
26298572, 7.9, 9710, 彷徨之刃
04252115, 8.7, 2920, 吉祥纹莲花楼·朱雀
27035382, 8.1, 6794, 七根凶简
01946666, 7.9, 9367, 斯泰尔斯庄园奇案
27064821, 8.9, 2242, 东方快车谋杀案
27200261, 7.6, 15863, 假面山庄
03059083, 9.1, 1743, LIAR.GAMEⅠ
03264211, 8.7, 2790, 犹大之窗
03813194, 7.9, 9035, 火车
30396677, 9.0, 1919, 谜宫·如意琳琅图集
04753783, 7.4, 22545, 分身
10464337, 8.2, 5515, 三国机密（上）
04213995, 7.6, 15083, 黑笑小说
06719724, 8.1, 6379, 死了七次的男人
01082159, 8.2, 5459, 沉默的羔羊
26285818, 8.6, 3041, 虹の歯ブラシ 上木らいち発散
26771719, 8.4, 3986, 钟表馆事件
04729585, 8.3, 4589, 死亡通知单2：宿命（上）
06716698, 8.3, 4545, 死亡通知单3：离别曲（下）
06025373, 8.1, 5977, 风起陇西
26723423, 8.3, 4379, 动物园
06558046, 8.2, 4984, 人间椅子
25737793, 8.6, 2848, 阳光劫匪
26261240, 7.7, 11280, 古董局中局 3
03212678, 8.4, 3706, 龍紋身的女孩
11498200, 8.3, 4266, 寂寞的频率
01215310, 9.0, 1701, 罗杰・艾克罗伊德谋杀案
24153181, 7.6, 12980, 从前我死去的家
26687879, 8.0, 6507, 一首小夜曲
04277347, 7.9, 7644, 解体诸因
01573689, 8.9, 1881, And Then There Were None
04151180, 8.0, 6443, 巷说百物语
26906797, 7.7, 10599, 圣女的救济
05326849, 8.1, 5446, 奥杜邦的祈祷
26359751, 8.2, 4683, 重力小丑
06977651, 8.0, 6295, 心理罪之画像
10580802, 8.2, 4609, 模仿犯BOOK1
25720041, 7.7, 10342, 秘密
01057206, 7.3, 22205, 数字城堡
04732150, 7.9, 7175, 心理罪
10594788, 7.5, 14596, 谁杀了她
04264003, 7.4, 17443, 名侦探的守则
26576515, 8.1, 5119, 清明上河图密码 2
26746839, 8.3, 3778, 清明上河图密码3
03608352, 8.5, 2864, 哲瑞·雷恩的最后一案
26846483, 8.2, 4326, 不然你搬去火星啊
10594781, 8.5, 2839, 模仿犯BOOK3
26387514, 7.6, 11464, 时生
05390091, 8.6, 2460, 人皮论语
03187750, 7.7, 9444, 斜屋犯罪
33445034, 7.7, 9362, 喜鹊谋杀案
03293574, 8.4, 3140, 人骨拼图
26320556, 8.1, 4759, 簪中录2
25846270, 8.7, 2044, 吉祥纹莲花楼（完美典藏版）
03316174, 7.9, 6320, 狂骨之梦
06558049, 8.2, 3950, 阴兽
01903152, 8.0, 5333, 悬崖山庄奇案
04867367, 8.4, 2927, 死亡通知单2：宿命（下）
34778578, 8.2, 3735, 恐妻家
02156959, 8.1, 4322, 捕鼠器
03286829, 7.9, 5889, 脑髓地狱
27024106, 9.0, 1354, 阿加莎·克里斯蒂自传
25954353, 8.1, 4273, 所罗门的伪证
25929085, 8.1, 4220, 阳光下的罪恶
26367367, 8.6, 2120, 宵待草夜情
01156994, 8.7, 1857, 永远是孩子
02055004, 8.5, 2382, 七個證人
06127036, 8.6, 2096, 血字的研究
24535899, 8.2, 3571, 悬崖山庄奇案
03865832, 7.1, 25174, 变身
01867064, 7.7, 7814, 八百万种死法
05387467, 8.3, 3038, 三口棺材
30205286, 8.2, 3492, 清明上河图密码5
26387513, 7.8, 6435, 麒麟之翼
26861459, 8.6, 2019, 环界1
21692860, 7.8, 6364, 斯泰尔斯庄园奇案
24882288, 7.4, 12754, 古董局中局 2
02122274, 9.2, 999, 福尔摩斯探案集
26314930, 8.6, 1964, 杀手界·疾风号
01377736, 9.0, 1221, Murder on the Orient Express
04152764, 7.8, 6067, 点与线
01032762, 8.0, 4406, 狱门岛
10580803, 8.3, 2807, 模仿犯BOOK2
05988558, 8.4, 2418, 深夜小狗神秘事件
03238242, 7.9, 4931, 心理罪2：教化场
01263186, 7.9, 4883, 恶魔吹着笛子来
01400030, 8.6, 1840, 推理的迷宫
04870150, 8.3, 2713, 44号孩子
25832787, 8.7, 1629, 惊悚乐园1
05994810, 8.5, 2069, 涂佛之宴·宴之始末（下）
02279868, 7.7, 6632, 风声
26356515, 7.7, 6609, S.
04891108, 8.5, 2045, 爱伦坡惊悚小说全集
03683898, 7.5, 9390, 向日葵不开的夏天
26941500, 8.1, 3522, 希腊棺材之谜
20440568, 8.5, 2037, 赤朽叶家的传说
06716685, 8.1, 3495, 死亡通知单3：离别曲（上）
27028847, 7.2, 16618, 沉睡的人鱼之家
01827376, 7.8, 5517, 死亡约会
17724327, 7.4, 10830, 盛夏的方程式
02119536, 7.8, 5331, 砂器
34805594, 9.3, 802, 福尔摩斯探案全集
05921802, 7.6, 7437, 邮差总按两遍铃
34456274, 8.6, 1719, 胜者出局
05416915, 7.5, 8830, 杀人之门
25799686, 7.3, 12799, 无证之罪
26712111, 8.1, 3284, 撞铃
26365847, 7.5, 8652, 美人为馅
26110579, 7.7, 6064, 暗店街
02063620, 7.8, 5144, 谋杀启事
02071071, 8.7, 1466, 巴斯克维尔的猎犬
03053207, 7.2, 14843, 侦探伽利略
27001114, 8.7, 1431, 一朵桔梗花
25905706, 8.2, 2706, 高尔夫球场命案
26613724, 7.6, 6854, 余罪
26892089, 8.1, 3080, 奥杜邦的祈祷
25756947, 7.4, 9649, 地狱
01485225, 7.3, 11223, 骗局
01027767, 8.1, 2946, 时间的女儿
01210306, 8.9, 1083, 名侦探柯南2
24384165, 7.6, 6414, 麒麟之翼
26648636, 8.1, 2926, 成化十四年
02242467, 7.2, 13399, 湖边凶杀案
20449829, 7.4, 8911, 我杀了他
26598142, 7.3, 10671, 湖畔
01094487, 8.4, 1887, 人性的证明
26277676, 7.5, 7316, 心理罪之第七个读者
25912734, 7.1, 15729, 他来了，请闭眼
24852594, 8.0, 3235, 底牌
34786086, 7.3, 10434, 沉默的巡游
26650970, 7.3, 10274, 古董局中局 4
24531011, 7.5, 7094, 无声的证词
34778574, 7.5, 7040, 夏天、烟火和我的尸体
27102207, 7.4, 8339, 放学后
20470934, 7.8, 4134, 三国配角演义
03926665, 7.2, 11945, 伽利略的苦恼
04152750, 7.6, 5655, 杀戮之病
30475757, 7.9, 3498, 圣母
19950139, 7.2, 11752, 尸语者
25924860, 8.0, 3001, 设局
11501902, 8.1, 2597, 异邦骑士
01210308, 8.9, 968, 名侦探柯南5
01210307, 8.9, 966, 名侦探柯南3
25846260, 8.1, 2566, 张公案
02071067, 8.8, 1072, 暗红色研究 四个人的签名
27178063, 7.4, 7821, 黎明之街
25737796, 8.8, 1061, 库特利亚芙卡的排序
34996429, 8.7, 1184, 消失的13级台阶
27194483, 8.2, 2199, 知更鸟
01287102, 9.0, 851, 名侦探柯南7
04181156, 8.2, 2183, 双曲线的杀人案
30133213, 8.9, 940, 尼罗河上的惨案
04152763, 7.9, 3303, 零的焦点
06967983, 8.2, 2153, 罪行
11615173, 7.1, 13481, 假面饭店
26915345, 8.4, 1646, Y的悲剧
04191594, 7.3, 8959, 绑架游戏
06001119, 8.0, 2808, 两分铜币
33460032, 8.3, 1847, 在黑暗中等
26915344, 8.1, 2412, X的悲剧
26712094, 8.1, 2408, 汽油生活
26389907, 8.5, 1427, 柏林谍影
26689987, 8.3, 1820, 波洛圣诞探案记
25881335, 8.1, 2379, 在黑暗中等待
27055125, 8.0, 2735, 死了七次的男人
26614581, 8.1, 2370, 暗黑者外传：惩罚
06832303, 6.8, 24795, 别相信任何人
25764939, 8.3, 1810, 达·芬奇密码
23780806, 8.4, 1585, 奇想，天动
26899541, 8.3, 1785, 漫长的告别
11511204, 7.4, 7060, 悖论13
30441962, 8.5, 1390, 犹大之窗
01210305, 8.9, 881, 名侦探柯南4
07063845, 7.8, 3576, 失踪HOLIDAY
25844726, 8.0, 2645, 长夜
10740772, 7.8, 3473, 斜屋犯罪
27054451, 8.0, 2570, 体育馆之谜
25748118, 8.0, 2536, 孩子们
01908267, 8.2, 1915, 酒店关门之后
06863330, 7.8, 3375, 丝之屋
30176554, 8.5, 1303, 暗黑者四部曲
05992037, 8.0, 2466, 为他准备的谋杀
04191438, 8.3, 1646, 燃烧的法庭
25713168, 8.0, 2465, 摩登时代
01907663, 8.2, 1872, 屠宰场之舞
27181925, 8.8, 904, 乌鸦
11614712, 8.0, 2419, 狱门岛
03017205, 7.8, 3235, 长眠不醒
02071074, 8.9, 799, 福尔摩斯办案记
26780574, 7.8, 3172, 家鸭与野鸭的投币式寄物柜
03753043, 7.5, 5122, 北方夕鹤2/3杀人事件
11528304, 7.8, 3118, 本阵杀人事件
06902164, 7.2, 8582, 平行世界·爱情故事
27077201, 8.0, 2281, 警察
06731202, 8.3, 1529, 恋文
02242108, 9.1, 624, The Murder of Roger Ackroyd
25875828, 8.9, 761, 玫瑰的名字
30210250, 7.7, 3504, 谁杀了她
05423899, 7.8, 2997, 乌鸦的拇指
27078155, 7.8, 2994, 解体诸因
20267980, 8.2, 1689, 大手笔
10598145, 7.2, 8159, 毕业
10473347, 8.3, 1474, 双重赔偿
01103644, 8.0, 2175, 罪恶的拍球歌
27619637, 8.4, 1277, 救赎者
25892396, 7.9, 2469, 有翼之暗
10473576, 7.4, 5465, 替身
30257740, 8.1, 1856, 无理时代
26347981, 7.6, 3873, 簪中录3
26348596, 7.8, 2831, 密室收藏家
21324173, 8.6, 991, 第三时效
27036549, 8.2, 1604, 秦谜
02225737, 7.2, 7676, 沉睡之城
30318654, 8.5, 1099, 诗人
10518843, 8.0, 2069, 刺青杀人事件
26934555, 8.0, 2066, 法医秦明作品集
27078382, 8.6, 975, 網內人
01921617, 8.0, 2059, 父之罪
26920165, 6.8, 16974, 拉普拉斯的魔女
27070071, 8.6, 942, 迟来的翅膀
26811407, 7.6, 3601, 殉罪者
26853726, 7.1, 8680, 假面饭店
26347982, 7.5, 4154, 簪中录4
03032747, 8.0, 1947, 再见，吾爱
27605902, 7.5, 4034, 必须找到阿历克斯
26651873, 7.8, 2517, 火车
25767862, 7.0, 10124, 如果蜗牛有爱情
30325325, 8.0, 1888, 全能侦探社
25896617, 7.3, 5631, 第十一根手指
27173553, 7.1, 8175, 白金数据
06060436, 7.6, 3361, D坂杀人事件
26693258, 8.1, 1626, 暗黑者：离别曲
25827236, 7.4, 4585, 高智商犯罪2
24744495, 7.7, 2801, 迷宫馆事件
02242461, 7.0, 9568, 预知梦
04903440, 7.1, 7658, 名侦探的诅咒
03112705, 7.9, 2027, 法国粉末之谜
24722916, 7.3, 5244, 如果一切重来
01931689, 7.3, 5242, 云中命案
24532591, 7.3, 5226, 十角馆事件
26772419, 7.5, 3702, 幸存者
30317420, 7.8, 2317, 盛夏方程式
26825040, 8.5, 937, 张公案2
25746854, 8.2, 1338, 红龙
06725495, 7.4, 4317, 必须犯规的游戏
03072494, 9.8, 274, 午夜飞机上的谋杀
05275238, 7.8, 2260, 八百万种死法
25732157, 8.2, 1312, 玻璃之锤
27193113, 7.8, 2245, 黑色皮革手册
26962601, 8.2, 1298, 摩登时代
03348024, 7.4, 4164, Z的悲剧
20381888, 8.2, 1289, 坏女人
24383185, 7.9, 1910, 冰菓
25663137, 7.3, 4906, 高智商犯罪
04133164, 7.8, 2197, 盘上之敌
33402272, 8.3, 1129, 混凝土里的金发女郎
25811656, 7.8, 2165, 人性记录
26650957, 7.6, 2903, 古董局中局
04126861, 8.0, 1617, 第四扇门
30226251, 8.2, 1236, 五芒星
30203733, 8.2, 1228, 阳光劫匪友情测试
27609210, 8.1, 1394, 阳光劫匪倒转地球
26638267, 8.3, 1085, 变调二人羽织
25756837, 9.5, 327, アルファベット・パズラーズ
34912747, 7.9, 1814, 破云2
24853056, 8.3, 1081, 愚者的片尾
01485501, 7.6, 2801, 全部成为F
30324991, 8.0, 1572, 三口棺材
20428306, 8.0, 1569, 犬神家族
04218911, 7.6, 2788, 理由
20503618, 8.5, 847, 惡之教典 (上)
25918073, 7.8, 2047, 独眼少女
04047710, 8.4, 936, 秘密
21347638, 7.1, 6425, 只差一个谎言
11597271, 7.9, 1737, 恶魔吹着笛子来
26349251, 7.4, 3684, 清道夫
01783098, 8.6, 731, 玫瑰之名
26962860, 8.0, 1491, 牙医谋杀案
10594783, 6.9, 9232, 沉睡的森林
30245830, 7.8, 1950, 从前我死去的家
26664095, 7.7, 2247, 古董局中局 大全集
25928086, 7.7, 2236, 谋杀启事
26576239, 8.6, 715, 查理九世25·稻草人之乡
30396712, 7.2, 4985, 尸人庄谜案
04191587, 6.7, 13265, 十一字杀人
04836934, 7.7, 2119, 全部成为F
27026383, 8.5, 757, 赤色博物館
19951185, 7.0, 6870, 神探伽利略
02063621, 7.3, 3940, 藏书室女尸之谜
26889178, 9.0, 447, 动物园
26266157, 9.0, 445, 直捣蜂窝的女孩
34809715, 8.9, 489, 告白
26308574, 7.3, 3851, 锦衣之下（全二册）
27037148, 7.1, 5510, 大雪中的山庄
10729582, 8.5, 738, 希腊棺材之谜
25808629, 8.3, 921, 绕远路的雏人偶
05383916, 6.6, 15597, 十宗罪
26771720, 7.8, 1752, 迷宫馆事件
26297985, 6.6, 14947, 梦幻花
34995610, 7.9, 1466, 八百万种死法
06817749, 7.4, 3075, 倒错的死角
11528301, 7.7, 1911, 八墓村
30210694, 7.1, 5095, 悲剧人偶
26995717, 8.5, 690, 絕叫
05038408, 7.5, 2461, 算计
26873412, 7.6, 2097, 向日葵不开的夏天
06889894, 8.2, 923, 鹭与雪
03647887, 7.3, 3316, 寝台特急1/60秒障碍
04026740, 7.6, 2058, 荒野猎人
30179644, 8.4, 730, 爱伦·坡短篇小说集
26373943, 7.6, 2050, 她死去的那一晚
10549916, 7.7, 1769, 紫丁香庄园
02242430, 7.6, 2047, 咚咚吊桥坠落
10763428, 8.4, 727, 查理九世16·不死国的生命树
06967992, 7.6, 2030, 孤岛之鬼
03616594, 9.4, 278, アルファベット・パズラーズ (ミステリ・フロンティア)
10345553, 7.1, 4634, 为了N
30261649, 7.5, 2343, 凛冬之棺
04903190, 6.9, 6729, 没有凶手的杀人夜
24358626, 8.0, 1144, 古书堂事件手帖 01
25708956, 7.7, 1716, 本店招牌菜
26795258, 8.3, 788, 零的焦点
06861465, 7.6, 1945, 羔羊的盛宴
06440768, 6.9, 6456, 十宗罪2
30157645, 8.2, 866, 阳光劫匪日常与袭击
24753186, 7.2, 3639, 邪恶催眠师
27083910, 7.4, 2597, 偷窥者
04191444, 7.9, 1254, 毒巧克力命案
04934360, 7.4, 2576, 神的逻辑，人的魔法
07047148, 6.7, 9526, 同级生
25764938, 8.3, 754, 天使与魔鬼
03615041, 7.2, 3553, 御手洗洁的问候
25841856, 7.6, 1870, 巷说百物语
25927233, 7.5, 2170, 杀手界
27136843, 7.9, 1227, 死神的精确度
33378002, 7.9, 1226, 焦渴
30180292, 7.7, 1608, 犯罪心理1
27204776, 8.2, 841, 书楼吊堂
26422517, 8.6, 539, 黄铜判决
30215098, 7.9, 1216, 犯罪心理2
27120450, 8.1, 915, 真相推理师：凶宅
34856710, 8.6, 523, 疾风号
20432186, 7.0, 4840, 布鲁特斯的心脏
30346157, 8.0, 1031, 三幕悲剧
25808336, 7.5, 2024, 知日·了不起的推理
05395151, 8.1, 885, 副本
26985352, 7.4, 2333, 敲响密室之门
30245148, 8.1, 878, 死亡草
25996181, 8.1, 876, 真相
27076809, 8.1, 871, 大唐悬疑录4：大明宫密码
20379212, 6.9, 5429, 不如去死
19951341, 7.6, 1667, 完美无缺的名侦探
03101617, 8.4, 608, 日本短篇推理小说选
30193776, 8.0, 957, 西游八十一案
35016085, 8.0, 948, 诡计博物馆
03634566, 8.4, 595, 鼠之夜
30428949, 7.2, 3032, 推理竞技场
26739950, 7.7, 1402, 点与线
11498195, 7.6, 1616, 人格转移杀人事件
10567859, 7.7, 1383, 幸福之书
06127039, 8.7, 430, 冒险史
33428592, 7.8, 1200, 万花筒·秋石
34792523, 7.9, 1049, 黑暗中飘香的谎言
30308758, 8.0, 914, 只有他知道一切
04723740, 6.7, 7476, 回廊亭杀人事件
26915347, 8.1, 800, 哲瑞·雷恩的最后一案
30285281, 9.1, 289, 大理寺日志 1
22606935, 7.8, 1154, 恶魔的彩球歌
25859052, 7.5, 1754, 沉默的证人
25877121, 7.6, 1515, 古墓之谜
25779594, 7.1, 3358, 魔球
27128266, 8.8, 375, マイホームヒーロー 1
05341592, 8.2, 695, アナモルフォシスの冥獣
02378214, 7.9, 995, 耳语之人
26792376, 7.2, 2778, 分身
01215300, 7.9, 976, 高尔夫球场的疑云
26365848, 7.5, 1676, 美人为馅2·大结局
03231137, 8.3, 599, 溶于雾中
25961788, 7.4, 1912, 死亡约会
25862274, 7.6, 1417, 怪屋
03996700, 8.0, 834, 放学后的侦探队
25885612, 7.8, 1074, 两人距离的概算
26935572, 6.9, 4458, 浪花少年侦探团
20468727, 7.6, 1405, 北方夕鹤2/3杀人事件
30372199, 7.2, 2579, 天谴者
06434440, 7.5, 1605, 寻狗事务所
27067802, 8.1, 714, 第十二秒
07047217, 7.3, 2098, 倒错的轮舞
25985987, 7.7, 1161, 暗黑馆事件
27088739, 7.4, 1772, 心理罪·第七个读者
26703641, 6.7, 6155, 假面前夜
26328639, 7.4, 1767, 一份不适合女人的工作
26936111, 8.4, 494, 神的遊戲
10539805, 7.8, 994, 捕鼠器
26771717, 7.1, 2833, 十角馆事件
06520626, 8.2, 610, 乱神馆记·蝶梦
30162440, 8.0, 770, 夜光的阶梯
01491252, 7.0, 3344, 诅咒
10515231, 7.5, 1479, 献给虚无的供物
25973215, 7.7, 1104, 沉睡谋杀案
20516997, 7.4, 1684, 陆小凤传奇4：银钩赌坊
27605887, 7.3, 1962, 我辈孤雏
27129855, 9.1, 247, 犯罪心理学
02058096, 8.0, 740, 吸血之家
30317423, 7.5, 1432, 我杀了他
34985248, 10.0, 127, 罗杰疑案
25881120, 7.7, 1082, 桐花中路私立协济医院怪谈
33413091, 8.0, 739, 检察方的罪人
27593007, 7.8, 948, H庄园的午餐
25720029, 7.5, 1420, 宿命
30468752, 7.9, 829, 文学少女对数学少女
05326850, 6.6, 6772, 白马山庄杀人事件
27021110, 7.4, 1604, 控方证人
33476142, 9.2, 218, 占星术杀人魔法
30317422, 7.3, 1802, 毕业
34454619, 7.3, 1802, 遗忘，刑警
30457505, 8.8, 302, 铜钟案
25713184, 7.7, 1009, 交错的场景
30281429, 8.2, 550, 黄金案
34444561, 8.5, 401, 死亡护理师
35017604, 7.8, 882, 祈念守护人
20428298, 7.6, 1143, 夜行
24532237, 7.6, 1138, 死亡螺旋
25919321, 7.2, 2060, 云中命案
01940811, 7.9, 766, 緊閉的門扉
27125950, 6.9, 3465, 第十年的情人节
26246928, 7.7, 974, 空幻之屋
05938073, 7.4, 1451, 活尸之死
30457504, 8.8, 285, 铁钉案
26637688, 7.2, 1945, 元年春之祭
26276929, 7.6, 1072, 葬礼之后
04124415, 7.9, 724, 虚拟街头漂流记
26650280, 8.2, 504, 模仿犯（全三册）
27099392, 8.1, 561, 越狱者
26639968, 7.8, 799, 理由
10746421, 7.5, 1187, 能面杀人事件
25714261, 7.5, 1185, 如果蝸牛有愛情（上+下）
24358966, 7.2, 1861, 藏书室女尸之谜
26808302, 7.6, 1025, 埃及十字架之谜
19958299, 7.5, 1172, 大唐女法医·江南卷（上下）
34950212, 9.0, 229, 逆时侦查组
30193103, 7.8, 783, 西游八十一案：西域列王纪
25897072, 7.2, 1823, 黑猫馆事件
26352274, 7.8, 779, 禁闭岛
19977987, 7.8, 778, 时间的女儿
27200982, 7.6, 1006, 替身
30255951, 8.0, 606, 暗黑者
30238120, 7.6, 999, 大象无形
27666929, 7.3, 1535, 幻夜
30457506, 8.5, 351, 湖滨案
25986370, 7.6, 984, 破镜谋杀案
33404969, 8.4, 386, 孩子们
24859588, 8.2, 475, 人骨拼图
34996662, 7.2, 1762, 低智商犯罪
06265770, 7.5, 1110, 谋杀的魅影
30174285, 7.7, 847, 黑麦奇案
07153418, 7.1, 2019, 富士山禁恋
26865025, 7.2, 1717, 半落
26889940, 9.1, 201, 鬼影街道
30389854, 8.0, 579, 球形的荒野
26874196, 8.0, 576, 零点
26926528, 7.4, 1240, 名侦探的守则
04286244, 6.3, 9740, 濒死之眼
26998098, 7.3, 1435, 当且仅当雪是白的
30204297, 7.4, 1229, 夜行实录
26692201, 7.7, 814, 爱的成人式
30457508, 8.6, 301, 迷宫案
25828739, 8.5, 331, 盲人与狗
05939295, 6.7, 3939, 鸟人计划
26818786, 7.2, 1623, 花与爱丽丝杀人事件
20738413, 8.8, 247, 法醫．屍體．解剖室：犯罪搜查216問
26824034, 7.4, 1191, 蓝色列车之谜
30330292, 7.1, 1890, 沉睡的森林
05380419, 7.3, 1376, 匣中失乐
30729970, 8.5, 321, 暗黑者2：宿命
30246080, 7.8, 678, 虚无的十字架
21617613, 7.3, 1336, 寓所谜案
34822422, 7.9, 600, 春日之书
01986381, 7.4, 1150, 黑暗之刺
30206396, 7.0, 2150, 假面之夜
10546184, 7.1, 1817, 夏与冬的奏鸣曲
26774525, 7.7, 760, 砂器
24723004, 7.0, 2132, 水车馆事件
24895783, 7.9, 593, 法国粉末之谜
34977889, 7.4, 1128, 侯大利刑侦笔记
30180673, 7.4, 1126, 她不是我妈妈
26771722, 7.3, 1292, 黑猫馆事件
06831054, 7.6, 840, 绑架游戏
27134137, 7.1, 1739, 白夜追凶
26901824, 8.5, 304, 阿加莎的毒药
30353336, 9.0, 195, 長夜難明
19954848, 7.1, 1710, 十万分之一的偶然
30278792, 7.1, 1695, 守夜者2
10755064, 7.9, 561, 城市之光
30159888, 7.3, 1221, 图书馆之谜
07916107, 7.3, 1215, 马耳他之鹰
27060790, 9.1, 175, 一分鐘教你人肉搜索
30222412, 7.6, 799, 复仇者
33476148, 7.3, 1204, 杀死玛丽苏
26741236, 8.1, 433, 推理的迷宫
33390352, 7.6, 782, 风之丘五十元硬币之谜
34998167, 7.5, 891, 绝对不在场证明
27088738, 7.5, 888, 心理罪·城市之光
11501895, 7.5, 887, 寝台特急1/60秒障碍
26698993, 8.0, 477, 杀青
26413662, 7.5, 882, 灰马酒店
06429267, 6.5, 4772, 美丽的凶器
06967993, 7.3, 1160, 帕诺拉马岛奇谈
26367370, 8.1, 420, 那时没有王，各人任意而行
33404966, 7.7, 668, 潜水艇
06719658, 6.4, 5817, 谋杀似水年华
30258333, 7.6, 756, 《催眠师手记》（第一季）
26421649, 7.2, 1328, 苏格兰游戏
27088735, 7.6, 754, 心理罪·画像
27194517, 8.1, 411, 长眠不醒
26608084, 7.3, 1119, 满愿
25859250, 7.6, 738, 螺丝人
26720828, 8.1, 409, 杀戮目标
27156813, 7.7, 644, 谜亭论处
10549915, 7.5, 832, 黑色皮箱
34860553, 7.8, 567, 我们盗走星座的理由
27031275, 8.1, 400, 长眠不醒
26382429, 7.0, 1720, 樱树抽芽时，想你
26997209, 7.2, 1251, 他来了请闭眼之暗粼
30159798, 7.2, 1249, 水族馆之谜
26771721, 7.4, 931, 暗黑馆事件
25986274, 7.6, 709, 荷兰鞋之谜
26858577, 6.1, 10923, 少年的你，如此美丽
26692195, 7.3, 1063, 物语终焉
25918962, 8.1, 392, 為了賴子
06127041, 8.4, 289, 回忆录
34948793, 8.9, 185, 谜宫·金榜题名
27118271, 7.3, 1049, 今夜宜有彩虹
30276769, 6.8, 2345, 学生街的日子
03036665, 7.2, 1208, 罪全书
06023867, 7.9, 478, 冥海花
04212247, 7.3, 1027, 青玉狮子香炉
10826858, 6.4, 5086, 十宗罪3
04152789, 7.8, 528, 林中迷雾
20559358, 6.9, 1895, 啤酒之家的冒险
10467108, 7.0, 1579, 蜘蛛男
30133215, 7.8, 514, 加勒比海之谜
04035998, 6.7, 2632, 凶画
30345640, 7.8, 513, 犯罪心理3
06712851, 7.0, 1534, 只有猫知道
05980634, 7.1, 1282, 刀锋上的救赎
34854035, 7.7, 561, 蟑螂
26895196, 6.9, 1760, 高智商犯罪3
26383897, 7.2, 1077, 依存
05410404, 9.0, 155, 作者不詳（下）
30282280, 8.9, 166, 13.67（修訂版)
30389007, 7.0, 1436, 天涯双探
20563216, 7.1, 1223, 喂食者协会
27088737, 7.3, 908, 心理罪·暗河
33462080, 8.5, 232, 繁花將逝
26636832, 7.4, 786, 消失的女孩
33456870, 7.9, 422, 屍人莊殺人事件
30376544, 7.4, 781, 超杀人事件
25934736, 7.5, 683, 〇〇〇〇〇〇〇〇殺人事件
27109948, 7.1, 1176, 黑贵妇
11621649, 7.0, 1376, 无止境的杀人
27616949, 7.8, 454, 父之罪
23780809, 7.5, 655, 黑暗坡食人树
33427878, 7.2, 990, 梦幻花
20488769, 7.4, 739, 人面疮
26815978, 7.4, 728, 超能力侦探事务所
34799802, 7.4, 722, 人生删除事务所
33404945, 7.9, 392, 再见，吾爱
34809718, 7.3, 825, 蝙蝠
26284402, 6.9, 1505, 奇面馆事件
30362714, 7.4, 711, 冷雨
30179173, 7.5, 606, 清洁女工之死
30448044, 7.2, 906, 侦探伽利略
26103854, 7.0, 1217, 布鲁特斯的心脏
35040230, 7.7, 467, 双子星
34998081, 8.2, 271, 推理要在本格前
30346173, 8.3, 246, 摇摆
30398399, 7.4, 672, 死亡终局
26586494, 7.3, 767, 复仇女神
32495024, 7.4, 668, 蓝玫瑰不会安眠
30312954, 7.7, 458, 顺水推舟
24696830, 6.9, 1389, 犯罪心理档案
34985448, 7.5, 576, 剖开您是我的荣幸
20396757, 8.7, 168, 罪恶之城的骑士
34935554, 8.7, 168, 筷:怪談競演奇物語
26828112, 7.1, 998, 镜狱岛事件
27148311, 7.8, 391, 摇摆的心
34996428, 8.7, 163, 赤朽叶家的传说
20002789, 7.4, 627, 出云传说7/8杀人事件
20468728, 7.3, 717, 御手洗洁的问候
35006314, 7.8, 381, 骑士的献祭
30175382, 7.1, 931, 钟塔杀人事件
30126964, 7.0, 1074, 乌云遇皎月
27041318, 6.8, 1482, 伽利略的苦恼
25782707, 7.1, 915, 死之枝
06006584, 7.5, 520, 我的日常推理
26771723, 6.7, 1708, 水车馆事件
25660899, 6.3, 3705, 十宗罪 4
26362244, 8.5, 181, 連續殺人鬼青蛙男
05288318, 7.4, 574, 孔雀羽谋杀案
26777977, 7.0, 1007, 马普尔小姐最后的案件
30175388, 7.4, 565, 闪光的氰化物
26962628, 7.3, 636, 刀锋上的救赎（增补版）
34786085, 7.6, 434, 杀手界
26831080, 6.8, 1331, 变身（2016版）
26264953, 6.6, 1881, 天空之蜂
25905266, 7.3, 625, 桑苏西来客
26915346, 7.1, 825, Z的悲剧
30366330, 7.6, 425, 犯罪心理4
34438686, 8.1, 247, 沙漠
26715310, 7.5, 478, 誰も僕を裁けない
26832651, 6.6, 1833, 亲爱的弗洛伊德
30352722, 8.0, 270, 哈里·戈贝尔事件的真相（全两册）
27031276, 8.0, 268, 再见，宝贝
34717263, 8.3, 199, そして誰も死ななかった
32494889, 7.0, 913, 水母不会冻结
05410402, 8.6, 152, 作者不詳（上）
30425286, 7.5, 459, 杀人游戏
30374826, 8.9, 120, 爱伦·坡的怪奇物语
30359066, 7.5, 457, 恋与禁忌的述语论理
30158607, 7.4, 506, 赫尔克里·波洛的丰功伟绩
34461206, 6.7, 1408, 相亲中毒
24838488, 7.7, 346, 眩晕
24739501, 6.5, 1990, 生死河
25712241, 6.9, 983, 推理要在晚餐后
34907839, 8.4, 170, 镜之孤城
27017332, 7.5, 428, 三叉戟
30261633, 7.2, 630, 傀儡村事件
26833397, 7.3, 550, 黄
06314045, 6.2, 3542, 以眨眼干杯
35082103, 8.9, 111, 扫鼠岭
33410886, 7.6, 368, 无声的证词
30433571, 7.0, 806, 预知梦
26581245, 8.8, 119, 失控的照護
26253242, 6.7, 1279, 杀意集结之夜
30466192, 8.9, 109, 无人生还
26789637, 7.1, 668, 弄假成真
23010385, 6.1, 4051, 空中杀人现场
34937179, 6.9, 886, 抱住我崩溃的大脑
35002963, 7.5, 392, 侯大利刑侦笔记2
26325343, 7.3, 499, 代号D机关Ⅲ
26253719, 7.0, 751, 命案目睹记
26713080, 6.4, 2077, 亲爱的阿基米德
26297045, 7.0, 740, 鸽群中的猫
34672220, 7.4, 429, 灵魂漫长而黑暗的茶点时间
26911126, 6.4, 2019, 那时的某人
34857929, 6.8, 983, 一个人办不到
26687878, 6.8, 979, 万圣节前夜的谋杀
34892807, 6.8, 974, 守夜者3
30354903, 7.5, 371, 那种可能性早已料及
23774513, 6.3, 2366, 十宗罪前传
30380271, 6.1, 3638, 危险的维纳斯
34431946, 8.1, 194, 七个会议
27037149, 6.3, 2350, 造彩虹的人
30354231, 7.3, 466, 雪地上的女尸
26949123, 6.1, 3523, 守夜者
30317421, 6.4, 1865, 禁断的魔术
26704404, 9.3, 75, 玫瑰的名字
19928953, 6.9, 789, 春，夏，然后是冬
26576913, 6.8, 917, 最漫长的那一夜
26874197, 7.2, 513, 蒙面女人
33436216, 7.6, 312, 卖马的女人
35015583, 8.0, 205, 第十一根手指
30448928, 8.0, 204, 柔嫩的脸颊
33400116, 7.8, 249, 悬崖上的谋杀
30391802, 7.8, 248, 魔眼の匣の殺人
19952401, 7.3, 440, 暹罗连体人之谜
34950356, 8.1, 183, 黑色睡莲
26356943, 7.4, 385, 猿丸幻视行
34808343, 7.5, 338, 碎裂
01761237, 8.5, 127, 耳語之人
26265094, 7.7, 267, 推理之门由此进
26989531, 7.4, 374, 封锁
26604034, 6.5, 1413, 真相推理师：嬗变
30231882, 7.6, 290, 死之枝
30488942, 6.8, 822, 天使之耳
26971148, 5.9, 4744, 风雪追击
30390657, 7.5, 314, 圣女的毒杯
27181607, 6.9, 681, 白马山庄谜案
34983171, 9.4, 64, 夜闻录
25853082, 6.7, 922, 罗马帽子之谜
30231881, 7.7, 248, 苍白的轨迹
33476598, 7.9, 202, 沉默的遊行
30440900, 7.3, 388, 犯罪心理5
26881572, 6.8, 762, 十宗罪系列
30133212, 8.0, 179, 模仿的殺意
30299995, 7.6, 265, メーラーデーモンの戦慄
26916870, 8.8, 91, 毒物研究室
34907836, 7.4, 329, 生尸之死
26639659, 6.9, 625, 鬼望坡
25877118, 6.6, 968, 魔手
26876118, 7.8, 204, 胆小鬼侦探
34833836, 8.2, 139, 二重身
30464974, 6.9, 596, 再见了，忍老师
30318640, 7.2, 395, 幽巷谋杀案
30488749, 8.3, 127, 银行局
34431944, 7.9, 178, 紧闭的门扉
26853734, 7.8, 196, 虚拟战争
30379079, 7.9, 173, 早朝始発の殺風景
34434339, 7.6, 233, 斩首循环
27007486, 5.8, 4452, 恋爱的贡多拉
34885303, 8.0, 153, 神探福迩，字摩斯
30289132, 7.1, 408, 无声尖叫
30421822, 6.9, 534, 寂寞猎人
26389892, 6.0, 2677, 十宗罪5
34893668, 8.0, 149, 暗数杀人笔记
27175352, 7.6, 220, 白夜追凶
25870756, 8.1, 131, 永远没有的真相
30329448, 7.4, 260, 三只瞎老鼠
25841847, 5.6, 6354, 疾风回旋曲
34456978, 7.5, 226, 睡魔的谎言
25770230, 7.7, 183, 剖開您是我的榮幸
26722505, 8.0, 136, 岛田流杀人事件（上下）
35058743, 8.0, 136, 怜悯恶魔
34840588, 7.3, 275, 望乡
27115917, 6.7, 611, 大象的证词
26392203, 6.5, 840, 尸案调查科
35058746, 8.5, 89, 鼠之夜
30358486, 6.9, 454, 只差一个谎言
34970027, 9.1, 59, 第十二张牌
34867156, 8.1, 122, 虚拟街头漂流记
26628148, 7.5, 217, 朱雀堂
27055133, 7.0, 392, 神秘组织
34990747, 8.6, 81, 如果我的头脑正常
34859246, 7.5, 209, 黑色天鹅
35039515, 7.6, 187, 市舶司沉船案
34969939, 7.4, 230, 鹌鹑
03293600, 5.9, 2486, 黑死馆杀人事件
30175385, 6.8, 476, 撸撸姐的超本格事件簿
27163166, 6.2, 1286, 以眨眼干杯
30153697, 6.8, 473, 第三个女郎
05254288, 8.7, 71, アルバトロスは羽ばたかない
26288966, 7.9, 131, 殺人鬼藤子的衝動
34962620, 7.5, 188, 想見你
34784035, 9.0, 56, medium 霊媒探偵城塚翡翠
33455230, 6.2, 1172, 魔力的胎动
26263842, 7.6, 165, 名提
30421821, 6.9, 370, 疑点
26710462, 8.1, 104, 虛構推理 01
27119596, 7.8, 135, 胆小鬼侦探2
26899539, 6.5, 662, 山核桃大街谋杀案
34882912, 7.4, 200, 桐花中路私立协济医院怪谈
34858088, 6.7, 476, 玻璃鸟不会归来
23778063, 6.6, 539, 中国橘子之谜
30457014, 6.4, 744, 屋顶上的小丑
34662076, 6.6, 537, 绑架游戏
27017881, 7.7, 141, 愚行錄
30381753, 6.5, 618, 首相绑架案
34857882, 7.6, 152, 引恶之名
03830422, 5.9, 1859, 死亡概率2/2
21692857, 6.4, 701, 黑蜥蜴
26924831, 6.2, 984, 四魔头
24538694, 6.2, 982, 夏天
34907835, 7.5, 162, 再见马戏团
30448868, 7.3, 197, 美国枪之谜
25959507, 7.7, 131, 火之幻影
34431939, 7.5, 156, 羔羊的盛宴
25726107, 5.9, 1674, 人偶馆事件
27172222, 7.0, 271, 金色的机遇
33455214, 6.6, 467, 只是丢了手机而已
25838562, 6.5, 544, 十宗罪
24720957, 5.7, 2470, 雪国之劫
30358478, 6.5, 510, 名侦探的咒缚
03204346, 7.8, 110, 富豪刑事
34869785, 9.5, 35, 猫眼 第一卷
34925955, 8.1, 85, 残像
27091456, 6.2, 816, 亲爱的苏格拉底
35000868, 9.8, 29, 哈迪男孩：影响美国三代人的儿童侦探小说系列1（1-5）（全5册）
34432449, 7.8, 102, 满愿
30323994, 6.6, 393, 扭曲的铰链
30169891, 5.8, 1644, 追踪师
26878904, 6.6, 386, 福尔摩斯症候群
04891525, 6.4, 512, Jの神話
34969993, 8.1, 77, 安葬时刻
30266927, 8.2, 70, 金魅殺人魔術
34441056, 9.1, 39, 埃勒里·奎因代表作：“国名系列”全集
26771724, 5.9, 1202, 人偶馆事件
24851694, 7.0, 212, 如果九月可以永存
34841472, 7.5, 123, ノッキンオン・ロックドドア 2
35024320, 8.3, 63, 千年圖書館
25867963, 6.7, 299, 恶魔的圣诞节
34930230, 8.1, 69, 罪案调查科：罪终迷局（亲笔签名版）
30353758, 6.4, 436, 逐星记
33384244, 6.7, 282, 不连续杀人事件
35060383, 8.3, 59, 逝者之书
26776714, 6.6, 319, 字母袖扣谋杀案
34799537, 6.3, 500, 11字谜案
35076676, 9.5, 28, 慈悲的法则
34786087, 6.1, 603, 布谷鸟的蛋
26634706, 7.6, 90, 天久鷹央的推理病歷表
20172568, 6.8, 203, 让死者闭眼
34434338, 7.5, 95, 掟上今日子的备忘录
34930973, 8.2, 54, 无颜的肖像
34899912, 7.7, 76, 偽證破解家
35006315, 7.3, 109, 我请求有罪
34807344, 6.3, 364, 雪国之劫
34877472, 9.6, 23, デルタの悲劇
27182524, 6.7, 197, 重赴
35078620, 7.1, 116, 侯大利刑侦笔记3
34822424, 6.5, 219, 密室小丑
34866078, 6.9, 128, 算计
34849089, 7.6, 64, 出版禁止：死囚之歌
30316195, 7.9, 50, 日本短篇推理小说选(日汉对照精装有声版)(精)
35015476, 7.4, 67, 如碆靈祭祀之物
34893326, 7.3, 73, 三体秘密
35026481, 8.0, 42, 不语
34991488, 7.6, 54, 氣球人
35006233, 8.8, 25, 消失的人
34778577, 7.6, 53, 同级生
35025926, 7.4, 62, 刑警罗宋
34866183, 8.3, 32, 非标准答案：四邻不安
34947381, 7.1, 79, 人间游戏：伤痕
35017648, 8.7, 24, 飞上天空的轮胎
30207027, 8.2, 31, 所罗门的伪证
35071723, 9.4, 17, 平行线2：恶意
26771718, 5.4, 844, 惊吓馆事件
34893667, 7.4, 53, 代号D机关 Ⅳ
34917626, 8.5, 25, 暴风血
34438681, 5.9, 259, 只是打算喝一杯而已
34971207, 8.8, 20, 华日大学推理竞演
02054800, 7.4, 47, 火蛾
10564632, 7.8, 35, 耳语之人
34996431, 6.5, 105, 东京二十三区女子
34855950, 7.5, 37, 掟上今日子的挑战状
30487091, 5.5, 402, 空中杀人现场
30038794, 4.9, 1745, 十宗罪6
35017241, 8.2, 23, 匿身
33402243, 7.4, 35, 最后之子
34970884, 7.7, 27, 错误的告别
34932088, 6.7, 55, 两种真相
34930229, 6.7, 52, 罪案调查科：罪终迷局（终场）
34431952, 8.0, 19, 入戏
33476138, 5.4, 263, 非人类
34458737, 8.4, 15, 福尔摩斯来中国
34894378, 7.1, 32, 伪装闺密
34969947, 7.8, 19, 线索
26310521, 7.6, 15, 第四名被害者
35091229, 7.3, 16, 天涯双探4
33402242, 6.5, 23, 静默之地
34984606, 5.9, 15, I的悲劇
