2020-07-05 16:00:05

number of books, tag name
920, 摄影

ID, rating, votes, title
01007928, 9.1, 10315, 美国纽约摄影学院摄影教材（上）
30445437, 9.5, 5813, DEPART
01001193, 8.6, 13416, 再见了，可鲁
02376570, 9.3, 3936, 浪漫的逃亡
30314590, 8.8, 7569, 十九岁的时差
01017563, 8.8, 6384, 我的野生动物朋友
01441869, 8.9, 5441, 没有教不好的学生
03990022, 9.2, 3670, 美国纽约摄影学院摄影教材（上册）
04282084, 8.8, 5567, 论摄影
26291984, 8.8, 4822, 最后的耍猴人
03765620, 8.7, 5494, 在漫长的旅途中
01039460, 9.0, 3616, 美国纽约摄影学院摄影教材（下）
02381950, 8.8, 3719, 论摄影
06003067, 9.5, 1616, 未来ちゃん
30389935, 8.4, 6308, 四个春天
01035326, 8.7, 3834, 一次・图片和故事
10440130, 8.8, 3102, 家庭日记
01270508, 8.7, 3512, 失焦
26698223, 9.2, 1869, 永恒的时光之旅
27054715, 9.5, 1267, 荒野之歌
33455762, 9.6, 1081, 你好小朋友复刻版
26602756, 9.3, 1468, 读
27624390, 8.4, 4109, 云彩收集者手册
01017818, 8.3, 4504, 观看之道
01874782, 9.2, 1394, 苍井优 - Travel Sand
03990023, 9.0, 1612, 美国纽约摄影学院摄影教材（下册）
24878152, 8.9, 1791, 海上灵光
03032690, 9.3, 1119, 被人遗忘的人：中国精神病人生存状况
01779243, 8.9, 1724, 摄影构图学
03332661, 9.2, 1233, 中国景色
25914783, 9.7, 728, 你好小朋友
10587562, 8.2, 3879, 东京日和
04265526, 9.4, 884, 珍藏布列松
26580056, 8.4, 2767, 把青春唱完1990-1999
26796558, 8.8, 1659, 走来走去
01788967, 8.6, 2046, 我们这一代
11506941, 7.9, 5400, 我们始终牵手旅行
01012039, 8.1, 3968, 我的视觉日记
01870003, 8.5, 2221, 二十位人性见证者
34835320, 8.2, 3283, 这里是中国
01462523, 9.2, 952, 生命的肖像
11588848, 8.1, 3621, 坦白书
01000213, 8.5, 2006, 迎向灵光消逝的年代
05906099, 8.8, 1369, 毛以后的中国1976-1983
05299857, 9.0, 1072, 国家记忆
10738211, 8.2, 2845, 直到长出青苔
30441551, 8.8, 1329, 烧纸
27182602, 8.8, 1317, 安藤忠雄
27156016, 9.0, 1017, 失焦
04213525, 8.5, 1788, 电影镜头设计
01020128, 8.5, 1749, 论摄影
04721109, 9.5, 590, 樋口可南子・贅沢な時間
01287508, 8.2, 2409, 明室
10466439, 8.5, 1579, 人与土地
04904074, 8.3, 2027, 塔莎奶奶的美好生活1－跟着感觉走就对了
26870760, 9.2, 720, 摄影师
01823058, 8.3, 1990, 关于他人的痛苦
01083692, 9.0, 868, 中国人本
03544984, 8.8, 1069, 瞬间的背后
02353663, 9.3, 628, 四季
06068109, 8.6, 1306, 明室
27024906, 9.1, 755, 我与这个世界的距离
04280762, 8.9, 920, 热靴日记
27591504, 9.2, 677, 候场
04836821, 9.0, 827, 飞虎队队员眼中的中国
04904367, 8.8, 1019, スクールガール・コンプレックス
25870998, 8.3, 1814, 西部招妻
25913058, 7.8, 3679, 我爱这哭不出来的浪漫
03024802, 9.3, 600, 在路上——中国的天主教
05502934, 7.8, 3655, 荒木经惟的天才写真术
02281905, 8.7, 1106, 少女館
26209381, 8.8, 981, 我见
26552069, 9.4, 530, 黑暗之城
24875976, 8.3, 1720, 失落的优雅
26431215, 8.5, 1335, Lens·目客002：我这样爱你
11601218, 8.1, 2221, 眨眼之间
02302310, 8.6, 1180, 神話少女
01030054, 7.2, 9491, 水知道答案
01483086, 9.2, 616, Diane Arbus
26587564, 8.1, 2144, 我已与一万亿株白桦相逢
03166511, 9.1, 664, Instant Light 塔可夫斯基拍立得攝影集
26325928, 8.3, 1627, 人在纽约
10511063, 8.6, 1120, 摄影的艺术
06872434, 7.5, 4963, 最好的时光在路上
26274949, 8.3, 1532, 昨天的中国
01357843, 9.1, 629, Cui cui
20366533, 8.7, 937, 中国与中国人影像
19900003, 8.0, 2209, 迈向另一个国度
25904481, 8.5, 1146, 那一天
01933845, 9.4, 457, 俺爹俺娘
33432506, 9.4, 450, DEPART Hardcover Hongkong Edition 港版
33413076, 9.7, 346, 濒危
06838635, 8.6, 981, 八十年代中学生
30312119, 8.6, 975, 美之地图
04895095, 8.9, 696, 直到長出青苔
26337198, 8.8, 765, 多多，爸爸一直在这儿
04904073, 8.4, 1198, 塔莎奶奶的美好生活2-创造你的生活乐趣
26420555, 8.0, 1948, 何必等来生
01868874, 8.4, 1133, 摄影小史+机械复制时代的艺术作品
01440231, 9.8, 294, 慶
10876101, 8.8, 722, 不合理的行为
25961294, 8.2, 1442, 虫子旁
20516061, 8.4, 1098, 电影语言的语法
01010826, 8.5, 958, A・亚当斯论摄影
27042393, 8.6, 849, 火车上的中国人
20500583, 9.7, 292, Genesis
27009486, 8.9, 593, 我是这个世界的间谍
03131167, 9.0, 535, Accidents Series〈13〉宝生舞+篠山紀信
01960256, 8.5, 880, 机械复制时代的艺术
25737804, 9.2, 429, 孤独与团结：阿尔贝·加缪影像集
11622273, 8.7, 689, 二十位人性见证者:当代摄影大师
26427579, 7.8, 2085, 观看之道
01000180, 8.8, 616, 世界摄影大师・布列松
24696662, 8.0, 1561, 爱猫奇洛
26612460, 8.5, 838, Lens·视觉003：不需要安全感就是自由
06754140, 9.3, 379, Vivian Maier
04722905, 8.2, 1169, 大师镜头
27608151, 8.5, 812, 摄影小史
25953928, 8.6, 722, 植田正治小传记
10746325, 8.2, 1143, 犬的记忆
02079491, 8.1, 1282, 另一种讲述的方式
05333738, 8.6, 713, 思春期
25866762, 8.2, 1104, 我们这一代
19950884, 9.1, 422, 视觉艺术用光
10426611, 8.3, 965, 一本摄影书
01077119, 8.5, 765, 荒谬的真实
26685563, 9.5, 295, 演化
26337959, 8.3, 949, Lens·目客001:花朵与我
30282321, 9.8, 232, 孤独与团结
01084120, 9.0, 451, 瞬间永恒
25836825, 7.2, 4602, 你是最好的自己
04048631, 8.5, 735, 摄影师的视界
27176353, 8.3, 912, 理解一张照片
26681349, 8.6, 644, Lens·视觉004：需要什么，年轻的身体便去找寻
04126702, 8.5, 716, 心的视界
04097766, 8.9, 467, 中国：1976-1983
03673637, 7.5, 2584, 水知道答案
27045282, 8.6, 618, 决斗写真论
01003322, 9.3, 318, 黑镜头
26602858, 8.2, 962, 摄影笔记
26288173, 9.1, 371, 我们这一代
27082511, 8.2, 940, 我的爱情生活
21354012, 9.7, 224, 何藩 昨日香港
01277896, 9.1, 365, 宫泽理惠写真集
01007122, 8.1, 1046, 我将是你的镜子
24371549, 8.8, 483, 内心的寂静
03449541, 9.1, 364, 安塞尔·亚当斯：传世佳作400
01764063, 9.0, 395, The Ballad of Sexual Dependency
33301294, 7.9, 1322, 东京风格
26903576, 9.1, 357, 人在纽约：故事版
26282214, 9.3, 298, 被遗忘的人
30389946, 9.1, 344, 在他们消失以前
10537662, 8.1, 971, 世上的光
26930449, 9.1, 340, 白石麻衣写真集 パスポート
04852397, 8.4, 674, 视觉之旅
01072739, 8.7, 491, 时间―影像
25836467, 8.3, 751, 正方形的乡愁
03364044, 9.7, 206, Solitude of Ravens
03125458, 9.2, 302, 美国人
03998734, 9.2, 298, Photoshop修色圣典
19894464, 8.7, 469, 论摄影
04137178, 8.2, 800, 北极光
27175511, 9.3, 271, 风·落·之·光
01912786, 8.8, 416, 理解曝光
02997366, 9.0, 344, Araki
02361462, 8.6, 501, Santa Fe 宮沢りえ
02296690, 8.0, 975, 拍电影
07064581, 7.9, 1107, 张艺谋的作业
01465825, 9.1, 309, 玛格南
22994566, 9.5, 222, 巴洛克艺术
26800841, 8.6, 488, Lens·视觉006：我停在你将回来的地方
04725184, 8.4, 593, 荒木經惟的天才寫真術
01417340, 9.4, 235, Sleeping By the Mississippi
01358179, 8.8, 394, The Polaroid Book
01445011, 8.7, 433, 看不见的人 + 看不见的城市
26797269, 8.1, 829, 表情不错的人
03653125, 9.2, 275, 摄影师的朝圣
12457960, 9.4, 233, 宝生舞+篠山紀信
01001801, 8.2, 730, 城市表情
01979036, 9.5, 214, Immediate Family
26595826, 9.5, 213, 传奇布列松
24525262, 7.8, 1188, 当历史可以观看
20424613, 7.5, 1797, 南法航线
27108705, 9.0, 314, 不合理的行为
26786724, 8.9, 335, 二十位人性见证者：当代摄影大师
05935776, 9.0, 304, Angel―ビビアン・スー写真集
30236848, 9.4, 218, 我是这个世界的间谍
26878588, 8.4, 542, 昨天的青春
26920229, 8.8, 362, 潮騒
20726499, 9.6, 186, 螺旋海岸 album
30194207, 8.6, 433, 你好，这是地球吗？
02373749, 9.3, 230, The Americans
03032674, 9.0, 293, 明室
24838209, 8.1, 727, 时光映画
26657845, 7.7, 1198, 大国志
01084616, 8.5, 462, 光影大师
25795773, 8.1, 711, 荣荣的东村
01436918, 9.1, 262, The Americans
01969583, 9.4, 203, Istanbul
27060510, 9.1, 257, 鸦 Ravens
02978515, 7.5, 1514, DSLR数码单反摄影圣经
35074464, 9.3, 216, 光景宛如昨
04062254, 8.7, 363, 摄影构图与色彩设计
01227959, 8.1, 681, 看
26857200, 9.3, 214, 布鲁诺·巴贝在路上
01788108, 8.9, 299, 帝企鹅日记
04918142, 8.4, 484, 非凡视觉
33371260, 7.9, 850, 人生海海，劈浪前行
26334907, 8.8, 323, 拍出绝世美姿
01366641, 8.7, 351, うたたね
02035182, 9.8, 145, レスリー・チャンのすべて
10801274, 9.1, 245, 熱帯性気候 青山知可子
27173639, 8.8, 316, 艾略特·厄威特的纽约
27055278, 8.4, 466, 视觉012：我们是不是非要那么急迫不可
06732223, 9.3, 206, 壹玖壹壹
06711905, 8.5, 417, 街拍时尚
30237193, 8.9, 285, 一生的凝视
10801135, 8.6, 374, 以眼说话
03883026, 8.0, 712, 城市表情(增补版)
05935775, 8.9, 282, VENUS―ビビアン・スー写真集
02337466, 9.4, 185, 民謡山河
26359335, 8.5, 403, 中国与中国人影像（增订版）
20487300, 8.8, 301, 世界摄影史
03891981, 8.6, 359, 等待光线
26022685, 8.2, 538, 现象
06714848, 8.6, 356, 十四家
25849608, 8.0, 669, 艺术的起源
21345677, 8.8, 291, 安妮在工作
06527751, 8.0, 662, 旅行摄影圣经
26680353, 8.9, 263, 浅田家
02122484, 8.8, 284, Photoshop Lab修色圣典
26313692, 8.9, 259, 照片里的20世纪全球史
01064864, 8.6, 339, 摄影大师对话录
26794104, 9.0, 234, 数码摄影后期高手之路
01958738, 9.1, 213, 亨利 卡蒂埃 布勒松摄影作品
01358395, 9.1, 211, 杜可風春光乍洩攝影手記
01964451, 7.9, 692, 全球最美的100个地方
27122360, 8.3, 440, 关于他人的痛苦（全布面精装）
01775629, 9.2, 194, City of Darkness
26780139, 9.4, 166, 艾略特·厄威特
01951075, 9.6, 141, Saul Leiter
06845414, 6.5, 6292, 去，你的旅行
26976557, 8.4, 374, 视觉011：我宁愿让自己迷失一会儿
26337651, 8.8, 255, 无尽深蓝
26576531, 7.7, 815, 爱的阳台
01923669, 7.7, 810, 世界摄影史
01223676, 8.2, 450, 全新摄影手册
03903736, 9.3, 166, Daido Moriyama
01349259, 8.8, 248, the eyes
27619887, 8.5, 326, 木屋之色
26884467, 8.1, 491, 我甚至希望旅途永无止境
25966753, 8.2, 430, 看
27117985, 9.0, 203, 忆江南：湖山日历2018
02286526, 8.5, 314, Ba-ra-kei
25731397, 7.1, 1805, 漫步东京
26983208, 9.1, 186, Ren Hang
25731355, 7.9, 586, 都市速写簿
03812838, 7.5, 974, 水知道答案2
01389925, 8.9, 215, 世界摄影大师经典作品集5种
30325323, 8.4, 336, 视觉014：总想逃跑，却还在这里
27123526, 9.0, 196, 看见台湾
04703007, 8.5, 302, 上海
01465259, 8.9, 211, 美国摄影教程
27043843, 9.4, 143, 拍出绝世光线：摄影师的完美用光技巧解密
25761548, 8.5, 301, 被遗忘的动物们
25953656, 7.3, 1252, 写真的话
26911012, 8.6, 272, 人像
02988217, 7.9, 561, missmatch―堀北真希×黒木メイサ×シノヤマキシン
26261036, 9.7, 115, 生命之灵
30236850, 9.0, 191, 我与这个世界的距离
06750590, 9.2, 162, 珍藏卡帕
25929823, 8.5, 293, 活着•见证
01070036, 8.4, 322, 当代摄影大师
06982049, 8.8, 223, 构图的艺术
26859410, 8.5, 289, 另一个世界
27001447, 8.4, 318, 人类这100年
27102934, 8.1, 428, 行星全书
04711230, 8.8, 214, 出龛入龛
20494766, 8.2, 373, 昼之校 夜之校
26390072, 8.9, 195, 影视光线创作
02348738, 7.7, 655, COMPOSITION摄影构图
26273350, 9.5, 122, 何藩 香港回忆录
01498788, 9.3, 140, Diane Arbus Revelations
24869024, 7.5, 826, 镜头的语法（插图第2版）
04892912, 8.2, 362, 只为拍张好照片
25982233, 8.6, 244, 家庭日记：森友治家的故事1
01829794, 9.0, 173, 美国摄影图片制作工艺专业教程
02074852, 9.1, 160, 世界摄影大师维利·罗尼眼中的巴黎75年
34874597, 8.5, 265, 摄影师手册
01264442, 8.1, 394, 内战结束的前夜
01410805, 9.0, 169, Wolfgang Tillmans
01769086, 9.4, 125, Workers
26369862, 8.1, 383, 浮光
27219599, 8.2, 343, 聚焦
26133321, 8.8, 196, 电影摄影：理论与实践
27614599, 9.2, 142, 摄影哲学的思考
33403954, 8.9, 179, 寻找光的旅程
26371256, 8.4, 277, 光影创作课
30246264, 8.2, 335, 不存在的照片
05906083, 9.2, 140, 卡什肖像经典
30241444, 8.5, 249, 俯瞰地球
25833477, 8.5, 248, 人与土地（增补本）
26345725, 9.1, 150, 自然之美
01082524, 7.9, 450, 汤加丽人体艺术摄影
01603076, 8.5, 244, 艺术·设计的平面构成
30216251, 8.2, 319, 做工的人
30458210, 9.1, 145, 中国的颜色
04932093, 8.8, 183, PHOTO BOX
01375295, 9.0, 155, William Eggleston&#39;s Guide
02239291, 9.1, 143, Niagara
26830979, 9.1, 143, 宇宙
07564239, 7.8, 479, 狗头拍牛片
02079464, 9.2, 130, うめめ
27192676, 8.2, 304, 视觉013：事物应该恰当地结束
10567183, 7.7, 526, 照片的本质
26640061, 7.4, 770, 谷物01
01179865, 8.0, 372, 从拍摄到艺术
26697279, 7.7, 521, 观复猫
30198886, 8.6, 207, 艾略特·厄威特的巴黎
01881655, 7.9, 412, STORYBOARDING分镜头脚本设计
02348481, 7.7, 518, LIGHTING摄影用光
11603396, 7.6, 583, 无边世界
30203777, 8.2, 294, 奥斯维辛的摄影师
05924706, 9.5, 102, 地球之光
10759174, 8.2, 291, 摄影师之眼
27083662, 9.4, 108, 幸
25728167, 8.5, 217, 任航诗集
30294585, 9.4, 107, 忆江南：湖山日历2019
24089252, 8.6, 193, 拍出绝世佳作
26636418, 9.2, 120, 艾略特 厄威特：快照集
24381378, 8.5, 208, 森山大道，我的寫真全貌
21354015, 9.5, 97, 何藩 人生剧场
25742841, 8.8, 161, 布拉塞
27122361, 8.7, 174, 论摄影
06713066, 8.7, 173, 這就是當代攝影
02053144, 7.9, 370, 视觉文化
30460537, 7.7, 459, 长皱了的小孩
26331682, 9.2, 116, 毫无PS痕迹
33446318, 7.5, 580, 秘境
03040647, 9.4, 100, Koudelka
26345800, 9.4, 100, 小さきもの、沈黙の中で
27016386, 9.4, 100, 焦点之外
01363716, 8.6, 182, Regarding the Pain of Others
25956813, 8.5, 198, 極度疼痛
01521239, 8.5, 197, 笨牛人体艺术摄影
26419902, 8.1, 286, 明天见
26415199, 9.7, 81, 吕楠经典三部曲（套装共3册）
26673294, 8.7, 163, 今日摄影
05998971, 8.8, 150, CCCP
24873049, 8.3, 228, 中国梦：刘香成摄影三十年（平装版）
26945331, 8.6, 174, 人与土地
03565868, 8.8, 147, 美国摄影教程（第9版）
02249021, 9.2, 109, 机械复制时代的艺术作品
24152951, 8.7, 159, 雕刻光线
01217581, 9.5, 89, 江南春色（上中下）
11600001, 8.2, 243, 摄影构图与图像语言
01764962, 8.7, 155, Moriyama Shinjuku Araki
30471294, 9.5, 87, 黄金黑白
01603077, 8.6, 168, 艺术·设计的色彩构成
11534281, 8.6, 168, 摄影批判导论
25787958, 7.7, 407, 想见看见听见
20423230, 8.4, 199, 电影摄影照明技巧教程
27203523, 9.8, 72, 感伤之旅1971-2017-
24882996, 8.2, 237, 世界的眼睛（修订版）
30137391, 8.3, 214, 犬的记忆
03902501, 9.5, 85, Helmut Newton
26457056, 7.8, 353, 我想给你拍张照
02271909, 7.8, 352, 落差
11442963, 8.1, 257, 照镜子的人
25940932, 9.0, 119, 塞尔吉奥·拉莱
27052523, 9.3, 96, The Atlas of Beauty
26711136, 8.1, 255, 星野道夫的北地之梦
30136980, 8.3, 208, 银盐时代
24828237, 8.2, 228, 影像中的国
26628289, 7.2, 721, 一直爱下去
01483083, 9.2, 101, Untitled
26900050, 7.1, 827, 仍然
25870245, 8.3, 206, 时间男孩
25819569, 9.0, 116, 摄影理论
30240508, 9.3, 94, POCARI SWEAT
30370962, 8.3, 202, 私摄影论
02376990, 9.0, 114, Ansel Adams
01790130, 7.7, 370, 她们
01262547, 8.2, 220, 技术复制时代的艺术作品
30242983, 8.7, 142, 艺术世界丛书：作为当代艺术的照片（第三版）
26869816, 8.5, 167, 上海屋里厢（中英双语）
26916459, 8.6, 153, 这世界不会给你第二次机会
06914425, 9.2, 97, Ryan McGinley
25941175, 8.7, 140, 北流活活
23756125, 8.5, 164, 看照片看什么（插图第5版）
01990775, 9.4, 84, The Photographer&#39;s Eye
26945044, 8.4, 177, 正方形的乡愁
06000437, 8.2, 212, 摄影的精神
26282205, 8.9, 118, 在路上
25929815, 7.4, 504, 中国人的一天
26589351, 8.9, 117, 1416摄影辞典
30259150, 8.4, 175, 失明的摄影师
26881124, 9.1, 101, 王家衛
34430684, 9.3, 88, 《国家地理珍稀鸟类全书》
26770375, 8.7, 135, 美国摄影用光教程（第5版）
30358955, 7.6, 388, 大师镜头 昆汀篇
27074037, 9.3, 87, 调色师手册:电影和视频调色专业技法(第2版)
26775607, 7.0, 851, 我是爬行者小江
01454770, 8.7, 133, 莫理循眼里的近代中国（全三册）
21332126, 8.1, 224, 电影人之眼
01536706, 7.8, 304, 汤加丽人体艺术写真
25959167, 8.3, 185, 大师镜头（第三卷）——导演视野：让电影脱颖而出的100个镜头调度
27186717, 7.7, 335, 手机摄影凭什么比相机还酷
30433542, 9.1, 97, 史蒂夫·麦凯瑞：阅读
26888589, 7.8, 297, 太阳
25873681, 8.3, 181, 永远的乡愁
30155553, 8.5, 151, 风光摄影后期基础
26981836, 7.7, 326, 黑白
26933660, 7.7, 324, 彩色的中国
05325649, 9.0, 101, 一站一坐一生
25289962, 9.1, 94, 移动照相馆
03206941, 7.9, 256, 美国摄影用光教程
25981424, 8.1, 208, 摄影美学七问
26435275, 9.4, 76, 马格南世纪经典
01432917, 8.4, 158, 大地广角
26271992, 7.6, 346, 写真物语II：日本摄影1969—1989
04833132, 8.7, 120, 故事片电影摄影创作
02284745, 8.6, 129, 遠野物語
26882298, 8.1, 199, 世界上最老最老的生命
26596285, 8.2, 180, 电影镜头设计（25周年纪念版）
04120362, 8.3, 163, 当恐慌来临(世界当代摄影家告白Ⅱ)
01315354, 8.7, 117, 破碎的梦想
26335158, 6.9, 809, 不过，一场生活
26371103, 7.5, 360, 岁月台湾（第4版）
06434372, 8.6, 124, 视觉之旅2
20441933, 9.0, 92, VICTORIA&#39;S HONGKONG &amp; MACAU
26416749, 8.8, 106, 中国铁道风景线
26381071, 8.2, 173, 昆明记
05261218, 8.6, 123, Cica写真集「Cica loves YOU！」
04001341, 9.5, 66, 庄学本全集（全两册）
11498573, 9.0, 91, 静物摄影用光.技巧
06972743, 9.3, 74, Illuminance
30190504, 9.4, 69, 爸爸有你就够了
01030323, 8.9, 96, 红镜头（上下）
30190185, 9.2, 78, 摄影与电影
26260152, 8.2, 167, 沃克·埃文斯：美国影像
26661292, 9.1, 83, 追火车
03620597, 7.9, 220, 北平表情
25815617, 8.6, 118, 街拍时尚II
34879720, 8.5, 127, 在我成为独行侠之前
01326917, 9.4, 67, 感受地球呼吸
26682821, 9.1, 81, 浮光掠影
25698913, 7.6, 288, 印度记
01442427, 7.9, 210, 上帝的眼睛
25725615, 8.7, 105, 荒木经惟：感伤之旅/堕乐园
07001925, 9.7, 55, Koudelka Gypsies
03005415, 8.4, 131, 男子 (ペーパーバック)
26817233, 7.5, 314, 花与泪与河流
30271495, 7.8, 225, 另一种讲述的方式
26596264, 6.7, 922, 街拍
26835689, 7.0, 583, 跟着马克·吕布拍中国
30436201, 7.7, 247, 那些渐渐喜欢上人的日子
26925487, 7.6, 273, 廿四
30223189, 8.7, 99, 影子之城
27168170, 8.7, 96, 天体写真
25907643, 8.9, 83, 黑白的浪漫
26352877, 8.0, 171, 永不褪色的时光
06999072, 9.2, 68, Illuminance
26067912, 9.4, 60, ハルとミナ
26292968, 7.5, 282, 写真的思考
11599953, 7.7, 225, 只为这一刻
25940387, 8.0, 167, 怎样阅读照片
20382570, 7.4, 312, 上帝之眼
01038911, 8.9, 81, 老照片
01028476, 8.2, 138, 照相馆的故事
03184279, 7.5, 275, 电影色彩学
01770794, 9.2, 66, 愛しのチロ
03327512, 9.3, 62, 写真屋・寺山修司
26382879, 8.2, 137, 中国人的家当
02052252, 9.4, 58, William Eggleston
05279388, 8.7, 91, Street Photography Now
25807354, 7.6, 240, 导演的摄影课
01990759, 9.6, 51, Personal Best
06126923, 8.0, 160, 自然光人像摄影指南
27192106, 8.0, 159, 鲍勃·迪伦在纽约
03104819, 9.7, 48, TOUR 2007-2008 THEATER OF KISS LIVE DOCUMENT PHOTOGRAPHS
25789347, 6.6, 881, 知日·写真
30229947, 9.0, 72, 史蒂夫·麦凯瑞：印度
01463771, 8.1, 143, 视觉文化的奇观
03877806, 8.3, 120, 电影摄影技巧
26849394, 8.2, 130, 消失的脚印
03196619, 8.7, 87, サン・ルゥへの手紙
04910663, 8.7, 85, 解读亚当斯区域曝光系统
26387120, 8.6, 90, 世界最美透明生物
27037599, 9.1, 64, All about Saul Leiter ソール・ライターのすべて
04853008, 8.4, 104, 亚洲
30236328, 9.6, 47, 地球之美
30166849, 7.6, 211, 听闻
34851269, 6.8, 570, 重影
01244906, 10.0, 38, Photoshop 7解像
26387128, 9.5, 49, 世界最美飞鸟
26386463, 8.1, 129, 大师场景：导演、编剧、剪辑师必知的顶级场景转换术
30229225, 9.6, 46, 鲁迅影集（1881-1936）
30399171, 8.0, 140, 草叶手帖
01089598, 8.2, 117, 摄影与视觉心理
25981059, 7.8, 167, 蒙克与摄影
30463577, 8.1, 126, 初瞳
02302250, 8.0, 136, A PLACE IN THE SUN
20132603, 8.3, 105, Ametsuchi
01387398, 9.4, 50, Henri Cartier-Bresson
26918394, 9.1, 59, 為何是植物圖鑑
04703022, 8.9, 67, 上海
26736604, 8.3, 103, 罗伯特·杜瓦诺传世佳作500
26993152, 8.4, 95, 最后的度假胜地
27141593, 9.6, 44, 吉岡里帆コンセプトフォトブック「13 notes#」 (TOKYO NEWS MOOK)
01191897, 8.9, 66, 人与自然·田野篇
04915947, 8.9, 66, 残园惊梦
25790736, 8.3, 101, 数码人像摄影技巧大全
04297287, 8.6, 80, 跟我学摄影
10740009, 8.9, 65, 人與土地
06557252, 8.8, 69, 狩人
26747584, 8.2, 107, 埃里克·索斯：乒乓对谈
34876237, 8.1, 115, 写真学生
30281412, 9.1, 56, 以眼说话
26313705, 8.4, 90, 照片里的20世纪全球史：1930年代 全球大萧条
30466458, 8.5, 83, 在南极的500天
01081406, 7.1, 317, 城市漂流
25921317, 7.7, 163, 旅行摄影圣经（完美随行版）
04180311, 8.3, 96, 电影摄影应用美学
30165847, 7.4, 220, 剧场写真帖
02999595, 8.1, 112, 太平洋的风-薛之谦旅行照相本
26821367, 8.2, 103, 摄影讲习所--307个摄影练习与创意
30368115, 8.2, 103, 在观众灵魂深处编码
01188951, 9.7, 39, 广告摄影技术教程
06722012, 8.0, 121, 兵书十二卷
26435104, 9.1, 54, 弗洛伊德工作室
30250567, 8.8, 65, 我的大学
03235206, 7.7, 157, CAPTURING COLOUR 摄影与色彩
28545744, 9.0, 57, 史蒂夫·麦凯瑞：看东方
26937150, 7.6, 171, 摄影去了大街上
10864608, 8.5, 79, 拍出幸福美滋味
25871749, 8.4, 85, 我是妈妈，我爱摄影
26311289, 9.2, 50, 美国《国家地理》125年
05408320, 7.3, 235, 完美摄影161法则
34841542, 9.0, 56, 密林侦探
27067325, 7.6, 169, 此刻
02251946, 9.4, 44, Dream/Life
27157552, 8.8, 63, 旅行之阅 阅读之美
25773913, 7.9, 125, 乡愁北京：寻回昨日的世界
30254377, 9.0, 55, 生活，在别处：海明威影像集
30181270, 8.8, 62, 森山大道·寺山
10482248, 9.1, 51, 薔薇刑
01968744, 9.2, 48, Duane Michals
30210056, 7.7, 145, 眼前往事
26275412, 8.4, 80, 故宫藏影
20381526, 8.6, 69, 鏡頭之後
01870222, 9.0, 53, Jeff Wall
26743704, 8.0, 109, 遗失在西方的中国史
03631802, 9.7, 36, きっと忘れない
34922664, 8.8, 60, 无人机商业航拍教程
03081530, 9.4, 42, Saul Leiter
25867008, 8.6, 68, 多萝西娅•兰格
26336557, 7.8, 128, 摄影构图艺术
26818705, 8.3, 84, 拍摄现场
30425445, 9.6, 37, All About Saul Leiter
04604917, 7.5, 167, 非常摄影手记——2天玩转单反相机
01535077, 8.8, 58, 北京的胡同
20499289, 9.0, 51, 寫真物語 上
27112613, 8.9, 54, 白夜
34801182, 10.0, 30, 牛津大学终极昆虫图鉴
11591853, 7.9, 112, FUJIFILM X100
01457711, 9.4, 40, 亚当斯：40幅作品的诞生
06059139, 9.1, 47, 手把手教你数码摄影
27070155, 8.9, 53, 念香港人的舊
30161235, 8.4, 74, 植物图鉴
34869718, 9.7, 34, YUI ARAGAKI NYLON JAPAN ARCHIVE BOOK 2010-2019
27601597, 6.8, 358, 森山大道
34781343, 7.9, 108, 滨谷浩
25896915, 9.6, 35, “哈勃”的宇宙
26760061, 8.6, 62, 乡愁
01869159, 9.9, 30, 人間の記憶
03289618, 8.9, 51, Uncommon Places
34913399, 9.0, 48, 系统故障
25879662, 7.3, 186, 追星81天
04711522, 8.2, 81, Take Ivy
24160800, 8.1, 87, 摄影展览指南
24706903, 7.7, 122, 摄影的骨头
10572125, 7.9, 102, 人像摄影之美
04209565, 9.9, 29, 見證：改革開放三十年
26657032, 8.9, 49, 每一个疯狂的念头
02460525, 8.8, 52, Small World
10485061, 8.6, 59, Minutes to Midnight
27138785, 7.6, 130, 时代瞬间：影响世界的100幅经典影像
26467300, 8.4, 67, 观看之路
01425721, 8.3, 72, 色彩管理
34957163, 9.0, 45, 与田祐希2nd写真集「無口な時間」
26638199, 9.4, 36, 旅情
26917326, 9.9, 28, Peter Lindbergh
27117555, 7.4, 153, 小说餐桌
30449425, 8.9, 47, “做写真”的植田正治
03026801, 8.4, 65, Buenos Aires
20502597, 7.4, 152, 光的美学
34840702, 8.7, 53, 罩袍之刺
03055731, 7.9, 95, 摄影思想史
26683667, 7.7, 112, 照片的历史
30268808, 9.1, 41, 找到薇薇安．邁爾
05940878, 8.1, 79, 商业静物摄影
34781353, 8.1, 79, 第七人
01902817, 8.2, 73, The Nature of Photographs
30313529, 8.3, 67, 历史的底片
01941170, 9.6, 31, In the American West
30377623, 8.7, 51, 来这样学摄影
04907369, 7.6, 119, 数码摄影完美曝光技法
01783568, 9.2, 38, The Family Of Man
02230031, 9.3, 36, Cinematography
26341423, 7.5, 130, 银盐热
26919395, 8.4, 61, 为什么是艺术摄影？
35016532, 8.9, 44, 演化之旅
30371636, 8.4, 60, Vivian Maier: The Color Work
34693685, 6.5, 415, 如何用手机拍一部电影
30282516, 7.7, 102, 没什么特别的
02287609, 9.5, 31, Henri Cartier-Bresson
01155142, 7.4, 135, 世界摄影史
27613219, 6.7, 305, 生活上瘾指南
30195931, 8.6, 51, 摄影：从文献到当代艺术
27013204, 8.8, 45, 极致之美
26704474, 8.0, 78, RIONファースト写真集『my home』
03215432, 7.7, 100, 经典徕卡
26609886, 8.6, 50, Harry Gruyaert
26636442, 6.6, 334, 人山人海里，你不必记得我
34894047, 7.8, 88, 亚洲家族物语
24858490, 6.3, 506, 思想的眼睛
25760717, 9.2, 34, 中国国家地理自然百科系列：地球
04910658, 6.7, 275, 人像摄影摆姿全集
26375436, 9.5, 29, Henri Cartier-Bresson
25791259, 9.3, 32, みさおとふくまる さようなら、こんにちは
06321402, 8.3, 58, 商品摄影完全攻略
30415693, 8.3, 58, 萨尔加多传
05255992, 8.1, 67, 西湖百象
25708681, 8.1, 67, 电影照明器材与操作（插图版·附赠DVD）
25902282, 8.1, 66, 美食摄影全书
30170971, 8.1, 66, 不锈时光
27118946, 7.0, 182, 美加风光摄影集
01933843, 7.4, 119, 人像摄影用光指南
27599207, 8.0, 70, 故宫藏影
10580297, 8.3, 56, 百年时尚摄影经典
25911710, 8.4, 52, 大河
26452834, 6.9, 199, 恋爱影像学
20480832, 6.4, 387, 摄影眼的培养
30384309, 9.2, 32, 伟大的摄影
27063333, 8.0, 68, 星空摄影笔记
35042052, 9.7, 25, 城市表情
06101085, 8.7, 42, Photographers A-Z
34921938, 9.3, 30, 万物有灵
05362743, 8.0, 67, 公民记忆1949-2009
30155073, 9.0, 35, 光影创作课
27134135, 7.8, 78, 日本摄影50年
30364900, 8.1, 61, 强大，漂亮的新定义 : 为女孩们的真我瞬间而喝彩
30435484, 8.5, 46, 发现西藏
25984382, 8.2, 56, 摄影对话录
26805269, 8.6, 43, 另一種影像敘事
25933900, 7.3, 119, 旅行摄影圣经2:实战为王
27125376, 9.3, 29, 读懂一粒沙
02137065, 9.7, 24, New Photo Series 1
26578858, 8.5, 45, photoshop+lightroom 摄影师必备后期处理技法
26610119, 8.5, 45, Soviet Bus Stops
04932843, 7.1, 143, 摄影构图圣经
34821234, 7.1, 143, 看见，不一样的故宫（精装版）（全彩）
24706904, 7.3, 116, 通往独立之路
25878800, 7.2, 128, 詹姆斯的风光摄影笔记（全彩）
34873725, 8.6, 42, 田中みな実1st写真集『Sincerely yours...』
26886294, 9.2, 30, ZZYZX
26952770, 7.6, 87, 西洋镜：一个德国飞行员镜头下的中国1933—1936
27027532, 9.4, 27, Fred Herzog
27074792, 7.0, 156, 镜头的语法（插图修订第2版）
30365061, 7.7, 79, 大横断 寻找川滇藏
30247685, 7.7, 78, 世界摄影美学简史
06867257, 8.6, 41, 热靴圣典
30259336, 8.4, 46, 安妮在工作
27017436, 9.7, 23, Alex Webb:La Calle
24849783, 7.8, 70, 跟着动物去旅行
01933842, 7.1, 133, 人像摄影手册
30388725, 8.5, 42, 日常の断片
03141120, 8.7, 37, 上田義彦写真集 at Home
02241480, 8.6, 39, Take Care of Yourself
26952797, 8.1, 54, 从后期到后期
30384442, 7.5, 87, 时间的力量
27037190, 8.4, 44, 威廉•埃格尔斯顿导读
05401200, 9.2, 28, The Art of Photography
26889738, 9.2, 28, Sebastião Salgado
26952170, 9.0, 31, 灯光师圣经（插图第4版）
35024865, 8.3, 46, 从太空看地球
30212120, 8.6, 38, 发现广东
33709538, 9.3, 26, 自然的影调
26314461, 6.9, 153, 行·影不离
20451857, 9.0, 30, Haru and Mina - Hideaki Hamada&#39;s Family Album
33376570, 7.4, 91, 上街
06722011, 8.0, 55, 顶级摄影器材
26788753, 8.6, 37, Hiroshi Sugimoto: Black Box
27189893, 7.6, 75, 黑白镜头里的世界史（1850~1979）
27056388, 7.7, 69, 摄影的艺术：摄影的本质、观察与创意
27594068, 8.9, 31, 非洲的眼睛
30289553, 9.3, 25, EVERYTHING
26834847, 8.0, 53, 野路子玩摄影
20257112, 7.3, 94, 伤痕
27040343, 6.9, 142, 在他乡
34835527, 8.1, 49, 皓月当空：重走玄奘之路
26797050, 7.3, 93, 导演的摄影课（修订版）
34888613, 8.0, 52, 乃木坂46 山下美月1st写真集『忘れられない人』
30379616, 6.9, 138, 手机摄影从小白到大师
26314599, 7.6, 70, 亲历抗美援朝战争
30376720, 9.0, 28, 盐水池塘
01361313, 9.4, 23, 攝影‧電影‧電影‧攝影
26981822, 9.7, 20, Boys Don&#39;t Cry
25927565, 9.2, 25, 航拍中国，1945
25730729, 9.1, 26, ニンフェット12歳の神話
25905243, 8.8, 30, on Street Photography and the Poetic Image
26660778, 7.8, 56, 摄影必修课
06309195, 9.3, 23, 卡什肖像经典
26890653, 8.1, 45, 摄影之后：拍照的艺术家
30416882, 7.5, 71, 摄影笔记（实战篇）
34453022, 8.7, 31, 因为山在那里
27119239, 7.6, 65, 手机摄影手册1
21321682, 7.5, 68, 抠图+修图+调色+合成+特效Photoshop核心应用5项修炼
26931602, 8.7, 30, Rashin ≪裸芯≫
26788182, 7.8, 53, 美食摄影圣经（全新升级版）
34451564, 8.2, 40, 街头摄影
10416880, 9.3, 22, Redheaded Peckerwood
33456558, 6.7, 149, 寻美
26747323, 8.8, 28, 江流有声
23270810, 6.9, 118, 电影布光技法
26585436, 8.4, 35, 每一声快门都忧伤
26739508, 7.3, 79, 一本摄影书（第2版）
02332657, 8.3, 37, The Park
24843657, 8.1, 42, 摄影百科
27150790, 7.6, 60, 看得见的美味
26985474, 8.0, 44, 迷蝶
25761939, 8.4, 34, 聖少女
26834140, 8.4, 34, 热切的渴望：摄影概念的诞生
04747013, 8.6, 30, Understanding Exposure
03833902, 9.3, 21, 吳哥
11436268, 9.3, 21, On This Site
35048725, 9.1, 23, 世界尽头，不如你在心头
25790355, 7.2, 81, 美食摄影圣经
30187723, 8.3, 35, 怒海谋生
30442156, 8.5, 31, 远离尘嚣之地
26969980, 7.4, 67, 拍出大师之作：人像摄影
01925598, 6.6, 150, 摄影作品分析
25751674, 8.6, 29, 本田翼1st-Last写真本 「ほんだらけ 本田本」
03121507, 8.7, 27, Shomei Tomatsu (Phaidon 55s)
26421175, 8.2, 36, 熊谷晃商业静物摄影布光与布景
30294186, 7.8, 47, 表征的重负：论摄影与历史
26236917, 7.0, 93, 一本摄影书2
30155093, 9.3, 20, 伟大的八千米
02459502, 8.9, 24, Cape Light
19956088, 8.6, 28, 摄影的热忱
26978757, 8.6, 28, 电影摄影照明技巧教程 （插图修订版）
30167751, 7.3, 69, 氛围美食影像学
30304046, 8.3, 33, 四十年新闻摄影：希帕时代
02134448, 9.8, 16, Reflections
26275239, 7.1, 81, 在镜头背后假装大师
25877154, 8.0, 39, 艰难岁月
03078937, 7.2, 71, 美学与摄影
25997495, 7.2, 71, 西沙 西沙
33950037, 8.3, 31, 美国表象
02077110, 9.5, 17, Henri Cartier-Bresson
21361913, 8.5, 27, 中国国家地理自然百科系列：探险
27625948, 8.8, 23, 重组的眼睛：后摄影时代的视觉真相
06892042, 9.2, 19, 摄影构图学
01900375, 7.5, 50, 美国《生活》杂志摄影师访谈录之一
03141128, 8.4, 27, クゥィノルト―上田義彦写真集
21225694, 8.4, 27, 沖繩寫真家シリーズ 琉球烈像 第9卷
27158216, 8.4, 27, Joel Meyerowitz
30359974, 8.4, 27, 修图师的自我修养
10771129, 7.3, 57, 生活·映像
33372572, 8.2, 30, 怎样观察一粒种子
33423216, 7.9, 36, 建筑师之眼：科拉布建筑摄影的魔力
30471242, 9.3, 17, 新宿迷子
03522825, 8.1, 31, 数码摄影工坊
27622099, 9.6, 15, 櫻桃的滋味: 阿巴斯談電影
05976929, 8.4, 26, 少女たちの日々へ〈1〉
27113950, 8.9, 20, 安塞尔·亚当斯
06966514, 8.7, 22, 从鸦片战争到军阀混战
34909866, 9.0, 19, 四十年新闻摄影：图片社时代
10484081, 7.4, 49, 摄影之道
03039407, 8.2, 28, 商业摄影教程
25976977, 9.2, 17, 经典禄来
05917356, 8.0, 31, 田麗 普羅旺斯的精靈
04724745, 8.9, 19, 新手学摄影基础篇
05034930, 7.6, 40, 天城记忆
34466772, 8.2, 27, 西藏，永远之远
33442268, 6.9, 71, 街拍，我的信仰
35018010, 9.6, 14, 灵隐禅踪
33387907, 6.8, 78, 拿起手机人人都是摄影师
02373751, 8.0, 30, The New West
26736500, 7.8, 34, 世界摄影艺术史
02159491, 8.3, 25, 我住石硤尾Our home
30390905, 10.0, 12, 生命的故事（全30册）
27039347, 6.6, 94, 听森山大道说
25794573, 8.2, 26, RAW格式照片处理专业技法
30346789, 8.8, 19, Swimming Pool
20480835, 8.4, 23, 野生鸟类摄影手册
26844381, 6.7, 80, 摄影构图：迅速提升照片水平的150个关键技法
27617437, 7.7, 34, 南极一隅
26516395, 8.6, 20, 观看的眼睛
30385739, 6.6, 85, 野性之美：非洲野生动物初窥
27039353, 6.6, 84, 听荒木经惟说
26327566, 9.2, 15, 這就是當代攝影
30235781, 8.2, 24, 绝地生灵
20056158, 8.5, 20, Understanding a Photograph
30314589, 8.5, 20, 风吹草木动
34884037, 8.5, 20, 珍稀动物全书
26296673, 9.7, 12, 探访美丽中国·江南水乡
26354312, 6.6, 76, 伪造夜行
35021004, 8.4, 20, 原来这么拍
26849413, 9.0, 15, 《浦东人家：1997—2006十年变迁图志》（中英对照）
25878770, 8.0, 24, 万兽之灵
26334608, 7.3, 38, 寸眸之明
26903054, 8.3, 20, Todd Hido
26344488, 8.0, 23, 探秘克里雅人
06308014, 9.2, 13, Jan Kempenaers - Spomenik
34846263, 8.3, 19, 华为手机摄影从入门到精通
26931313, 8.2, 20, 神奇的后期
04942101, 8.4, 18, 百惠
30429889, 8.1, 21, 世界摄影流派大赏
34450690, 8.1, 21, 人像摄影摆姿
26931279, 7.5, 30, 每一张照片，都是一句我爱你
04196793, 7.6, 28, 中国摄影艺术史
05339751, 6.8, 52, 摄影作品分析
26567622, 6.7, 57, 世界365天：一个摄影师的环球旅行
03843879, 7.2, 37, 月刊 森下悠里2 nuida!
26735792, 7.2, 37, 解密胶片与数码唯美人像摄影
27191964, 7.2, 37, 照片赚钱宝典
26917422, 9.1, 13, 鸟类摄影
04890708, 8.9, 14, Jungjin Lee: Wind
26438576, 7.4, 31, 摄影现代时期
01436897, 8.7, 15, Sightwalk
33462741, 8.3, 18, 镜头之后：19位世界著名新闻摄影记者作品解析
34451070, 8.0, 21, 人类的足迹
33427835, 8.8, 14, 晚清民国时期中国名胜古迹图集
30301516, 7.1, 37, 街拍摄影艺术
26637724, 8.9, 13, Zooming In
03569470, 7.4, 28, 唐师曾黄河的联想
30403175, 6.6, 53, 进过西藏
26754665, 6.8, 44, 摄影色彩圣经：摄影师的色彩视觉必修课
27667960, 7.9, 20, 外国人拍摄的中国影像（1844-1949）
34809819, 9.0, 12, 无人涉足的荒野
04770481, 7.2, 31, 微距摄影艺术
30336562, 7.0, 36, 改变摄影的摄影师
26415659, 7.5, 25, 美食摄影完全手册
27100549, 6.1, 85, 不知归处
01789532, 8.5, 14, 20th Century Photography (Klotz)
30460522, 7.7, 21, 黄山大观：刘传炎黄山摄影集
02968613, 9.1, 11, 美国电影摄影师手册
06804963, 8.2, 16, 攝影的深度
30312194, 7.9, 18, 中国建筑艺术与景观
25978412, 8.4, 14, 人像摄影的52项创意修炼
25879140, 8.1, 16, 中国摄影史
30338387, 9.2, 10, Magnum China
26640501, 8.0, 16, 国家记忆：海外稀见抗战影像集
07004515, 6.9, 31, 苏紫紫
34804177, 8.2, 14, 留住这一刻：莎莉·曼自传
11600747, 6.2, 58, 首届中国建筑摄影艺术大展作品集
01015985, 7.8, 17, 影视摄影构图学
27615839, 7.1, 26, 让摄影多一点儿温度
24325149, 7.5, 20, 隐没地
25934321, 5.2, 243, 手机摄影笔记
30301517, 7.1, 25, 胶片摄影的艺术
26859140, 6.9, 28, 摄影与文学
32727412, 6.7, 32, 绘画、摄影、电影
26983169, 5.3, 173, 手机摄影 从入门到精通
25985303, 8.1, 13, 圖解拍照的原理
26318409, 5.9, 68, 手机摄影师
20406428, 7.9, 14, 聚焦兴凯湖-孙长山摄影作品集
27204938, 5.8, 74, 108个训练让你成为手机摄影达人
20406423, 6.8, 27, 内蒙古草原-刘永欣摄影作品集
30407906, 8.4, 11, 观澜：一位摄影记者眼中的改革开放
03164771, 7.3, 19, 镜头后面的世界
26337602, 7.7, 15, 电影数字摄影技术与技巧
01122410, 6.8, 26, 摄影构图
30138069, 6.8, 26, 中国当代摄影图录：王轶庶
26788260, 7.9, 13, 数码照片专业输出技法
26909072, 7.2, 19, 暗盒笔记II
30359035, 6.9, 23, 一眼忘不掉的陌生人
26415195, 7.0, 21, 富士微单摄影宝典：相机设置+拍摄技法+场景实战+后期处理
01583505, 6.8, 24, 摄影构图艺术
33428493, 8.4, 10, 飞说不可
06088255, 7.5, 15, 摄影基础
33449952, 7.5, 15, 商业美食摄影必修课
30433467, 7.6, 14, 归来的流亡
26662833, 5.5, 86, 手机摄影大全
27607140, 6.7, 24, 光之密语:解析日系人像摄影
30239324, 7.7, 13, 不负芳华
05500935, 6.5, 28, 专题摄影
03047711, 7.5, 14, 李振盛见证香港回归-红色新闻兵的红镜头
34878107, 8.2, 10, 钱理群的另一面
26665127, 7.6, 13, 曝光与白平衡100法
30393826, 6.0, 41, 无极之地
26357747, 6.8, 20, 索尼微单摄影宝典
30399208, 6.2, 31, 醉美南极 两个中国摄影家眼中的南极
20370980, 7.2, 14, 影像的力量
31650854, 7.2, 14, In Paris
25901155, 5.5, 60, 中国古建筑摄影
27157459, 6.0, 33, 静静的风
31836968, 7.8, 10, 边界风光
30826145, 7.4, 12, 拍出大师之作—景观摄影
06088235, 6.5, 20, 艺术摄影
34454829, 6.5, 17, 佛窟中国
34451286, 7.2, 11, 时光与你：唯美人像摄影与后期养成攻略（全彩）
30341629, 6.5, 14, 追光觅影:余姚市摄影家作品集
34447878, 6.2, 17, 审美与表现/摄影必修课
30435308, 6.0, 19, 世界的眼睛
30299974, 6.4, 13, 熊谷晃商业静物摄影构图与用光
26296398, 5.2, 39, 瞬间的预谋
25960795, 5.9, 18, 商业摄影实拍案例
26382739, 5.2, 33, 欢愉
27056370, 5.4, 25, 樱桃滋味：青春女性人像写真
30212298, 5.3, 28, 摄影本质
25870604, 4.0, 16, 美女私房摄影秘笈
34710100, 0.0, 10, 中国当代摄影四十年
26163616, 0.0, 11, 村里来了照相的
01124399, 0.0, 13, 于仲安时尚写真摄影艺术
26951913, 0.0, 18, 口腔微距摄影速成
26870834, 0.0, 22, LEE JONG SUK
01264319, 0.0, 207, 人体艺术摄影(上中下）
