2020-07-05 16:00:05

number of books, tag name
504, 政治经济学

ID, rating, votes, title
01077528, 8.8, 12561, 通往奴役之路
01060774, 8.7, 14597, 君主论
01032063, 8.9, 8865, 旧制度与大革命
26901114, 9.2, 5037, 中国国家治理的制度逻辑
05408882, 9.0, 6197, 公正
19920715, 8.6, 10164, 论中国
06397522, 9.3, 3789, 论自由
01065977, 8.7, 7184, 共产党宣言
01150503, 9.2, 2824, 资本论（第一卷）
04202004, 8.6, 5987, 文明的冲突与世界秩序的重建
30377678, 8.6, 4800, 曾国藩传
20366370, 8.7, 3409, 变革中国
01252057, 9.0, 2275, 1844年经济学哲学手稿
01247769, 8.9, 2347, 家庭、私有制和国家的起源
01015748, 8.8, 2452, 开放社会及其敌人（全二卷）
20394150, 8.9, 2081, 八次危机
05922204, 8.3, 4412, 曾国藩的正面与侧面
03097539, 8.9, 1665, 自由选择
01091964, 9.2, 1162, 路易·波拿巴的雾月十八日
11626951, 8.8, 1761, 解读中国经济
06854525, 7.9, 5594, 黑天鹅
30411849, 8.6, 1916, 棉花帝国
25717107, 8.8, 1485, 红色资本
26435040, 8.3, 2557, 世界秩序
03725829, 8.8, 1347, 国富论
02304817, 8.6, 1529, 资本论
01109350, 9.2, 745, 国民财富的性质和原因的研究（上卷）
01009105, 8.9, 955, 战争论
06556296, 8.3, 1917, 亚洲教父
01196945, 8.4, 1612, 集体行动的逻辑
02079931, 8.8, 1001, 大转型
21964791, 8.4, 1585, 两次全球大危机的比较研究
01047370, 8.5, 1393, 拉丁美洲被切开的血管
10587755, 9.3, 591, 以利为利
01443638, 9.1, 676, 自由宪章
27120243, 9.3, 550, 转型中的地方政府
26806801, 9.2, 595, 告别百年激进
04012145, 8.0, 2325, 中国的经济制度
03648316, 8.8, 768, 资本论（全三册）
26762440, 9.2, 497, 权力结构、政治激励和经济增长
26865819, 8.3, 1264, 景观社会
01525734, 8.9, 643, 德意志意识形态
04891219, 8.2, 1381, 甜与权力
01315186, 9.4, 390, 国民经济学原理
01150702, 9.2, 462, 资本论（第二卷）
25947310, 7.7, 2684, 21世纪资本论
03836277, 7.2, 6165, 货币战争2:金权天下
02155341, 9.0, 540, 官僚体制·反资本主义的心态
01150703, 9.3, 405, 资本论（第三卷）
01116315, 9.3, 402, 国民财富的性质和原因的研究（下卷）
26738944, 9.3, 394, 路易·波拿巴的雾月十八日
03069173, 8.2, 1210, 单向度的人
34813128, 9.2, 415, 去依附
01315182, 8.7, 648, 权力与繁荣
01008122, 8.8, 560, 国富论
26323176, 9.4, 310, 1844年经济学哲学手稿
01233159, 8.8, 511, 国家与革命
03260366, 8.9, 429, 社会主义
01454953, 9.4, 272, 比较政治经济学
01778511, 8.7, 512, 象征交换与死亡
24751865, 8.6, 540, 暴力与社会秩序
01661368, 8.8, 398, 公共事物的治理之道
01964069, 9.5, 208, 资本论  第一卷
01188729, 8.9, 334, 产权与制度变迁
01000093, 9.2, 243, 民族国家与经济政策
26834083, 8.1, 706, 伟大的中国工业革命
20435354, 8.5, 453, 巨变
01081656, 8.8, 330, 哥达纲领批判
04187474, 8.3, 521, 西方世界的兴起
27015840, 8.7, 328, 城乡中国（修订版）
01279947, 8.8, 289, 州县官的银两
04262048, 8.7, 313, 当代中国经济改革教程
01481889, 9.5, 159, The Great Transformation
01026593, 8.3, 438, 信息时代三部曲：经济、社会与文化
34807450, 9.3, 179, 货币、权力与人
02078097, 8.8, 267, 社会主义体制
19895515, 8.2, 476, 卢瑟经济学
06528928, 7.8, 758, 沉疴遍地
06977935, 7.3, 1510, 货币战争4
01959938, 9.4, 160, 哲学的贫困
26617517, 8.5, 333, 经济学原理
34441120, 9.1, 195, 中国为什么有前途（第3版）
26435514, 8.8, 248, 资本主义浩劫时聆听马克思
01056683, 8.9, 227, 共产党宣言
30137402, 8.9, 222, 马克思与《资本论》
01510737, 8.6, 288, 经济史上的结构和变革
24377608, 9.3, 158, 中国史学名著
03347568, 8.8, 235, 转型中的地方政府
30345940, 8.7, 252, 通胀螺旋
06129747, 9.2, 166, 资本论
26802446, 8.5, 299, 从黄河文明到一带一路第2卷
02068710, 8.2, 397, 国家的兴衰
02155344, 8.8, 219, 权力与市场
26981887, 8.3, 348, 资本主义简史
24758859, 8.9, 195, 新政治经济学讲义
01316824, 8.6, 249, 帝国主义是资本主义的最高阶段
05390906, 9.0, 176, 1844年经济学-哲学手稿
01816714, 9.2, 150, 国民财富的性质和原因的研究
30126845, 9.3, 138, 民族国家与经济政策
04218691, 8.1, 396, 休克主义
01679727, 8.6, 240, 中国地方行政制度史
30194494, 8.7, 219, 欧洲与没有历史的人
01430895, 7.9, 483, 超限战
10461781, 9.4, 126, 《政治经济学批判》序言、导言
01427018, 8.6, 233, 国家兴衰探源
26309057, 9.1, 154, 使民主运转起来
26933302, 8.3, 306, 巨变
01006020, 7.4, 821, 白银资本
26884338, 8.3, 279, 资本社会的17个矛盾
24737841, 8.4, 253, 郎咸平说：让人头疼的热点
26323173, 9.1, 140, 帝国主义是资本主义的最高阶段
21325515, 8.2, 299, 國家為什麼會失敗
01898651, 8.2, 297, 民主和专制的社会起源
21325694, 9.1, 135, 官僚体制的政治
19952165, 9.5, 102, 马克思恩格斯选集
06833967, 7.6, 566, Why Nations Fail
01662428, 9.3, 116, 马克思恩格斯选集（第二卷）
26606359, 8.6, 200, 新自由主义简史
04198018, 7.1, 1055, 五百年来谁著史
01756513, 8.2, 275, 资本论
26388427, 7.2, 874, 国家为什么会失败
01499791, 9.1, 124, 读《资本论》
11605939, 8.3, 232, 这个国家会好吗
04909017, 9.0, 123, 大外交
30316487, 10.0, 63, 资本论
25839942, 8.6, 163, 跟大卫•哈维读《资本论》
26307131, 8.0, 284, 郎咸平说：中国经济的旧制度与新常态
01002253, 8.7, 150, 政治经济学的国民体系
01951522, 8.7, 150, 国家与市场
01430069, 8.7, 149, 政治经济学及赋税原理
03528045, 8.6, 160, 富国的伪善
02971878, 9.0, 117, 劳动与垄断资本
01508435, 8.3, 206, 新制度经济学
26299706, 9.4, 87, 从戈尔巴乔夫到普京的俄罗斯道路
01866489, 8.3, 201, 欧洲与没有历史的人民
10867800, 7.2, 677, 大目标
01055273, 9.1, 101, 权力与货币
04267860, 8.9, 116, 霸权博弈
02372640, 8.9, 111, 为增长而竞争
04140489, 8.7, 129, 官僚体制的政治
01017064, 8.5, 150, 现代世界体系(第一卷)
01469342, 8.3, 178, 噪音
26612357, 8.6, 136, 人为制造的脆弱性
01536542, 9.0, 100, 资本主义发展论
30288497, 8.1, 203, 过剩之地
26696883, 9.2, 83, 从资本家手中拯救资本主义
07000917, 9.0, 95, 政治经济学概论
01151989, 8.6, 128, 农民与市场
03434919, 8.9, 100, 政治发展的经济分析
25790082, 7.8, 260, 读懂中国改革
01000870, 8.2, 170, 资本的秘密
27089750, 8.3, 152, 裙带资本主义
24745480, 7.8, 241, 不平等的代价
26576464, 9.0, 87, 退出、呼吁与忠诚
03658068, 7.5, 330, 大众哲学
04860587, 8.3, 148, 通产省与日本奇迹
01281855, 8.5, 124, 民主与市场
03528077, 8.3, 146, 新帝国主义
24704563, 8.9, 90, 思想的力量：智识之旅的非常规自传
01732502, 8.5, 121, 全球政治经济学
26894720, 7.6, 281, 查理·芒格传
01841848, 9.0, 83, Economic Origins of Dictatorship and Democracy
27002570, 9.1, 77, 贸易的猜忌
05321217, 9.0, 81, 政治经济学批判
03212614, 9.4, 62, 马克思恩格斯选集 第一卷
06875254, 8.9, 84, 财产、法律与政府
10481023, 8.2, 144, 资本的秘密
01009583, 9.1, 73, 制高点
25827593, 8.6, 103, 后现代的状况
01101041, 8.0, 167, 传播：在政治和经济的张力下
25864125, 8.5, 108, 资本主义还有未来吗
04020849, 8.1, 150, 公司的概念
04044354, 8.2, 133, 符号政治经济学批判
01444052, 8.2, 132, 民主的经济理论
26279564, 8.2, 131, 《21世纪资本论》导读本
26981868, 8.6, 95, 资本的限度
30316608, 8.5, 100, 政治经济学通识：历史·经典·现实
01975994, 8.1, 138, 富国陷阱
10550572, 8.2, 123, 金钱关系
23774698, 7.8, 175, 中国的&#34;行为联邦制&#34;
01925372, 9.3, 56, 走向自主创新
26848656, 9.0, 67, 居危思危
01228749, 9.9, 40, 马克思恩格斯全集（第30卷）
22538508, 8.2, 120, 空间的力量
02137745, 9.1, 62, 短缺经济学（上下）
03028036, 9.1, 62, 国家引导的发展
02838817, 9.2, 58, The Logic of Political Survival
01838364, 8.9, 69, 金融资本
26916964, 9.1, 60, 拯救资本主义
33395248, 7.5, 222, 掉队的拉美
27025440, 8.2, 114, 中国财政史十六讲
03141521, 7.9, 144, 最底层的10亿人
26576505, 8.0, 128, 繁荣的真谛
01169318, 8.2, 105, 宪政经济学
05321741, 7.5, 201, 地权的逻辑
03693086, 8.1, 113, 富裕社会
26307935, 8.7, 71, 中国的奇迹
01074736, 8.4, 87, 政治经济学概论
06834151, 7.7, 157, 制造共识
25979459, 7.0, 339, 逃离不平等
25947172, 8.5, 79, 所罗门之结
01927722, 8.3, 91, 分权的底限
26324182, 8.3, 91, 国家与生活机遇
01032803, 8.8, 63, 现代资本主义
24716178, 7.9, 125, 传播政治经济学
25723889, 7.4, 203, 信息时代的世界工厂
27091788, 8.6, 71, 权力与繁荣
01049690, 8.4, 82, 欲望与利益
01418273, 9.0, 54, 管理困境
25873203, 9.4, 42, 管理困境
20545345, 8.6, 68, How Asia Works
02074443, 9.3, 44, The Passions and the Interests
04194911, 7.8, 128, 向高房价宣战
25714556, 8.5, 72, 中国政府间财政关系再思考
26285648, 7.8, 125, 当代中国的中央地方关系
27089005, 8.9, 54, 产权与中国变革
27012117, 8.4, 75, 政治的逻辑
01533947, 8.8, 57, 政治经济学原理及其在社会哲学上的若干应用（下卷）
02326833, 9.4, 40, 生产力
11637312, 9.1, 47, 个人主义与经济秩序
10529340, 8.7, 59, 理解功利主义
03174586, 9.4, 39, 驾驭经济
01445685, 8.3, 78, 日本经济的悖论
01510734, 8.1, 91, 经济增长理论
01552511, 8.3, 77, 公共选择理论
04039938, 7.8, 116, 致命的谎言
01032320, 8.4, 70, 经济行为与制度
26950577, 8.8, 53, 政府为什么会失败
04909255, 9.1, 44, 民主的经济理论
01225641, 8.9, 48, 资本论(第二卷)
01678815, 7.7, 117, 政治经济学教材
06435564, 8.0, 90, 资本主义的真相
06506945, 9.0, 45, 国家构建与后发展
25712281, 7.4, 155, 重读哈耶克
24841482, 9.1, 42, 工资、价格和利润
04873444, 7.1, 211, 中国为什么有前途
03816191, 7.8, 104, 亚当·斯密在北京
01083450, 8.2, 75, 我们到底要什么
02157582, 9.0, 44, 法律缺失与经济学
27202466, 9.0, 44, 雇佣劳动与资本
03147552, 8.7, 52, 无须资本家打造资本主义
06793942, 8.2, 73, 黄金、美元与权力
06072432, 8.8, 48, 热带非洲的市场与国家
01964540, 8.3, 66, 政治经济学
02052649, 9.5, 32, Democracy and the Market
02214390, 8.2, 70, The Shock Doctrine
30153579, 9.1, 39, 雇佣劳动与资本
05338673, 8.4, 60, 民主与本土文化
01085357, 8.8, 46, 所知世界的终结
03079765, 8.6, 52, 艰难时世下的政治
01722223, 8.0, 80, 政治经济学原理及其在社会哲学上的若干应用（上卷）
20255601, 8.0, 79, 传播理论史
06539609, 8.4, 58, 中国模式：赞成与反对
30487608, 9.6, 29, 经济情操论：亚当·斯密、孔多塞与启蒙运动
25789490, 9.3, 33, 成與敗
03111464, 8.9, 41, 打造产业政策
04209291, 8.4, 56, Capitalist Realism
27594331, 8.3, 60, 掠夺之手
02566536, 8.8, 43, The Three Worlds of Welfare Capitalism
03638206, 8.3, 59, 官僚们的夏天
01933647, 9.1, 35, 不许再卖
03225203, 7.6, 99, 特权和寻租的经济学
01008379, 8.6, 46, 政治与市场
26579851, 9.0, 36, 资本主义的起源
03104586, 8.1, 64, 经济意识形态与日本产业政策
05275455, 8.9, 38, 新古典社会学的想象力
01486184, 9.1, 34, Exit
01622492, 9.0, 35, 发展我国自主知识产权汽车工业的政策选择
03238319, 8.6, 44, 国家与市场
03235685, 7.9, 71, 从威权到民主
05419318, 8.1, 59, 维系民主？
27001613, 8.3, 51, 谁创造的经济奇迹？
04106546, 8.0, 62, 中国古代政治文化研究
27049619, 9.1, 31, 政治经济学概论(第4版教育部经济管理类核心课程教材)
01001499, 9.9, 21, 马克思恩格斯全集（第31卷）
03134987, 7.9, 64, 全球化为什么可行
25924610, 8.1, 55, 政府与市场
25886949, 9.3, 27, 从古典经济学派到马克思
02900642, 9.1, 29, Explaining Social Behavior
01759399, 8.7, 36, The Elusive Quest for Growth
30411017, 8.7, 36, 时间、劳动与社会统治
30335708, 9.4, 25, 空无与行动
01968268, 8.3, 46, 论经济不平等
10537157, 7.9, 61, 冰冷的启动
01753512, 8.9, 32, Rural China Takes Off
04709172, 8.1, 52, 理解资本主义 （第3版）
30228606, 8.0, 55, 暴力的阴影
26921231, 7.1, 118, 世界的逻辑
20514825, 7.5, 80, 美国军队及其战争
25779857, 7.0, 129, 双重悖论
01291057, 7.9, 57, 商业性质概论
02836334, 9.2, 26, Democracy and Development
04932170, 8.1, 49, 统治与岁入
04273298, 7.4, 85, 超级资本主义
01233404, 8.9, 30, 马克思主义经济学史
26655068, 9.4, 23, 经济政策
01446005, 8.8, 30, 权力流散
11595349, 9.0, 27, 20世纪新马克思主义
03054054, 9.6, 20, 资本论 第一卷（上下册）
05937115, 8.3, 39, 进步与贫困
26776995, 8.3, 39, 重启改革议程（第三版）
34602689, 8.3, 39, 新阶级社会：美国梦的终结 ？（第四版）
03338381, 8.0, 47, Factions and Finance in China
04915750, 8.0, 47, The Globalization Paradox
05938077, 8.2, 41, 民主与再分配
26108409, 8.4, 36, 谁是中国土地的拥有者（第二版）
01400729, 7.8, 54, 社会主义向何处去
03337043, 8.9, 27, Commerce and Coalitions
01064853, 7.7, 57, 历史资本主义
25163646, 7.7, 57, 信息社会的知识劳工
30280099, 8.4, 35, 社交媒体批判导言
10428658, 8.6, 31, 托克维尔的政治经济学
01027186, 7.7, 56, 漫长的20世纪
12276648, 9.6, 19, The Land of Too Much
26148841, 9.6, 19, Critique of Everyday Life
24298918, 6.6, 162, 选择理论
02801829, 8.2, 38, Varieties of Capitalism
21233500, 7.8, 50, 绕过民主
04100385, 7.5, 63, 精英的反叛
03072598, 9.2, 22, 论马克思主义经济学
26724249, 7.4, 68, 资本的终结
26318024, 8.0, 42, 21世纪政治经济学
03079770, 7.8, 48, 国家与经济发展
01267765, 9.3, 20, 帝国主义是资本主义的最高阶段
26562329, 9.3, 20, 欧洲发展的历史经验
02985452, 8.2, 35, 传播政治经济学英文读本（全二册）
27089866, 6.6, 137, 繁荣的代价
03693090, 7.6, 52, 美好社会
30248304, 8.2, 34, 理论的危机
26860533, 8.1, 36, How China Escaped the Poverty Trap
01459371, 7.8, 44, 论货币和贸易
01130162, 8.7, 25, 资本主义发展的长波
02062282, 7.6, 50, 传播的世界化
06511351, 8.6, 26, 政治经济学及赋税原理
26897118, 9.5, 17, 资本主义的起源
03520449, 7.7, 45, 通俗《资本论》
03437802, 7.4, 56, 中国三十年：人类社会的一次伟大变迁
26877554, 6.9, 88, 政策制定的艺术
02139911, 8.4, 28, 垄断资本
34889907, 7.9, 38, 巨兽
03593966, 8.2, 31, 剩余价值学说史
20271281, 8.2, 31, 经济落后的历史透视
26872481, 8.2, 31, 欧洲财政国家的兴起
03248692, 7.7, 43, 经济增长的道德意义
02778776, 9.4, 17, Grundrisse
04174694, 8.9, 21, 大转型
05419158, 8.8, 22, 暴力与社会秩序
01676630, 9.0, 20, 中国改革
01089099, 8.7, 23, 大坝经济学
34455784, 7.7, 42, 激进市场
01085288, 7.6, 45, 资本主义反对资本主义
06856534, 8.1, 32, 农政变迁的阶级动力
10583783, 8.0, 34, 不平等的民主
03034907, 8.2, 30, 苏联社会主义经济问题
04252776, 9.2, 18, 经济学与公共目标
01469572, 7.4, 52, 依附性积累与不发达
26879379, 7.4, 52, 货币大师
26326529, 7.9, 36, 中国“一带一路”战略的政治经济学
03277480, 8.0, 33, 资本主义经济学批评史
05940643, 7.4, 49, 自由市场的坠落
01266497, 8.0, 32, 混乱的经济学
35051898, 8.8, 20, 乐观而不绝望
24716243, 9.4, 15, 社会主义政治经济学
01721428, 8.6, 21, 国际贸易与政治冲突
26334772, 8.6, 21, 政治算术
01113124, 9.5, 14, 货币金融政治经济学
04047217, 8.2, 25, 世界市场中的小国家
05328307, 8.2, 25, 图解资本论
05686293, 8.2, 25, 中国道路的世界意义
01245509, 7.5, 39, 贸易论（三种）
05394476, 8.7, 19, 1844年经济学哲学手稿
02974913, 8.4, 22, 权力与财富之间
01028552, 9.4, 14, 从休克到治疗
24525060, 8.3, 23, 理解资本主义
03208360, 8.9, 17, 权利、合作与福利的经济学
26793530, 8.5, 20, Democracy for Realists
05992466, 8.4, 21, 马克思与古人
06078764, 9.3, 14, 生活中的资本论
02295051, 8.0, 26, 论向社会主义过渡
01035129, 8.8, 17, 资本主义的诞生
26896148, 7.1, 48, 谁动了国家的奶酪
26700300, 7.3, 40, 宏调的逻辑
25894643, 7.9, 26, 宇宙的主宰
01530250, 8.1, 23, 个人策略与社会结构
25920072, 6.7, 65, 城市化的中国道路
03163787, 8.0, 24, 国家权力与世界市场
04157479, 9.1, 14, New State Spaces
30189101, 8.3, 20, 中国土地问题调查：土地权利的底层视角
11511489, 8.5, 18, 新制度经济学
01841851, 8.9, 15, The Size of Nations
03427670, 8.9, 15, Growing Out of the Plan
04152257, 8.0, 23, 政府.市场与增长
24877185, 8.7, 16, 财富与德性
02250346, 7.9, 24, 公债与民主国家的诞生
04480141, 9.0, 14, World Politics
26786057, 6.9, 49, 不平等，我们能做什么
01328963, 8.2, 20, 自然的理由
05262866, 8.5, 17, 从古典经济学派到马克思
33442282, 7.6, 28, 全球不平等
03359640, 7.4, 32, 作为制度创新过程的经济改革
26919644, 7.7, 26, 罗纳德·科斯传
01274642, 7.6, 27, 赌场资本主义
03115234, 8.2, 19, 全球化与地域性
10742787, 8.3, 18, Is China Buying the World?
27141669, 6.9, 45, 资本与共谋
12276637, 8.4, 17, Capitalizing on Crisis
25854634, 7.9, 22, 公共问题经济学
05974574, 5.3, 383, 统治世界
02131854, 8.3, 17, The Prize
01056624, 7.6, 25, 反市场的资本主义
02148387, 9.1, 12, Political Game Theory
04921640, 8.5, 15, 制度变迁与美国国际经济政策
01801663, 7.6, 24, 美国贸易政治
26611648, 8.1, 18, 权力的边界
20438359, 7.9, 20, Paths toward the Modern Fiscal State
30390517, 7.0, 36, 中国新叙事：中国特色政治、经济体制的运行机制分析
03349114, 8.6, 14, The Long Twentieth Century
05359867, 8.6, 14, 林毅夫自选集
02980765, 9.2, 11, Of Rule and Revenue
25827200, 7.6, 23, 文明的代价
22164611, 8.7, 13, 民主与资本主义
06383619, 7.9, 19, 公共选择理论
25806322, 7.7, 21, 中国土地制度改革：难点、突破与政策组合
01043916, 7.6, 22, 集体选择经济学
33397962, 7.3, 26, The Narrow Corridor
06736243, 7.9, 18, 福利国家的社会学
01009959, 7.8, 19, 增长的政治经济学
03528037, 9.0, 11, 系统性的体制转变
26584755, 6.5, 48, 平衡
34795839, 8.2, 15, Capital and Ideology
03137905, 9.2, 10, 发展转型之路
30306153, 9.2, 10, 政治经济学
26414518, 8.7, 12, 信息资本主义时代的批判宣言
04859885, 7.7, 19, 政治经济学要义
06723004, 7.7, 19, 官商同謀——香港公義私利的矛盾
01016542, 7.3, 24, 数字资本主义
27087120, 6.5, 45, 国家的兴衰
19989278, 7.4, 22, 土地制度改革与转变发展方式
10792908, 8.4, 13, Capitalism from Below
26296457, 8.4, 13, Extrastatecraft
26676626, 7.2, 25, 大象之殇
02313319, 8.8, 11, 晚期资本主义
20500999, 7.8, 17, 自由.公平和效率
04729505, 8.6, 11, 赫斯精粹
01573363, 7.9, 15, 国富论
32567159, 8.0, 14, 产权的政治学
26985009, 6.9, 27, 后资本主义
10541769, 6.4, 41, 《1844年经济学哲学手稿》导读
06397235, 5.8, 80, 国家的破产
06560812, 7.6, 17, 腐败、政绩与政企关系
06002238, 7.3, 20, 妇女在经济发展中的角色
04140490, 7.8, 15, 经济等级制、组织与生产的结构
01208493, 7.5, 17, 经济发展中的中央与地方关系
02308875, 7.4, 18, 自由主义病毒/欧洲中心论批判
03768466, 8.4, 11, 特殊利益政治学
25823536, 8.4, 11, Fragile by Design
27147311, 8.0, 13, 特权和寻租的经济学
01843384, 7.7, 15, 福利国家向何处去
24757402, 8.6, 10, 大国权力转移与技术变迁
02044952, 6.7, 28, 新闻、公共关系与权力
26872652, 8.1, 12, 君主专制政体下的财政极限
24225150, 8.3, 11, 增长、短缺与效率
26778810, 7.5, 16, Global Inequality
30386474, 6.5, 32, 皮凯蒂与21世纪资本论
01051267, 7.6, 15, 公共选择理论
26773100, 7.6, 15, Unlikely Partners
26788288, 8.0, 12, 追赶型工业战略的比较政治经济学
01151067, 6.9, 22, 微观经济学批判
21329897, 7.8, 13, 饥饿的地球村
10468198, 7.5, 15, 自由与增长
10573683, 7.6, 14, 资本主义的新精神
05406400, 8.0, 11, 社会主义向何处去
24748709, 7.8, 12, Why Communism Did Not Collapse
04830866, 7.6, 13, Capitalism
01154656, 7.0, 18, 马克思主义政治经济学原理
26680921, 7.6, 12, 登顶比赛
01553055, 8.0, 10, 传播:在政治和经济的张力下
03280052, 8.0, 10, Capitalism and Social Democracy
04866488, 8.0, 10, Dead Aid
06742379, 5.6, 56, 马克思主义政治经济学概论
02053224, 7.5, 12, 公共物品与私人社区
30282630, 7.5, 12, 大浪潮
03806314, 7.3, 13, 巴西现代化道路研究
24746172, 7.7, 10, 舌尖上的政治
06001969, 7.3, 12, 伪黎明
24532091, 7.0, 14, 政企合谋与经济增长
01171732, 6.7, 16, 理性选择理论的病变
22273441, 7.2, 11, 发展与战略
27013755, 6.2, 20, 45个十分钟读懂资本论（升级版）
06832293, 7.2, 10, 政治经济学教程
01615024, 6.3, 17, 政治经济学 (平装)
01085289, 5.7, 23, 帝国主义与依附
01148775, 5.8, 11, 转变中的福利国家
02056961, 0.0, 10, 帝国主义与资本积累
25895868, 0.0, 10, 劳动价值学说的研究
34261420, 0.0, 10, 传播政治经济学经典文献选读
34952679, 0.0, 10, 谁拥有世界
01228600, 0.0, 11, 马克思恩格斯全集（第32卷）
03795595, 0.0, 11, 模糊数学
03811523, 0.0, 11, 政治经济学(高等学校经济学类核心课程教材)
25895497, 0.0, 11, 马克思主义经济学史
30302102, 0.0, 11, 自由民主的生平与时代
02297252, 0.0, 13, 美国的知识生产与分配
26920880, 0.0, 37, 大国崛起的新政治经济学
