2020-07-05 16:00:05

number of books, tag name
987, 政治

ID, rating, votes, title
04820710, 9.3, 147872, 1984
02035179, 9.2, 90994, 动物农场
01041482, 8.9, 143753, 万历十五年
01003479, 9.2, 43014, 中国历代政治得失
01082387, 9.3, 35131, 一九八四·动物农场
01858576, 9.3, 31339, 一九八四
03808982, 9.3, 27260, 动物庄园
20424526, 9.2, 29827, 邓小平时代
05299764, 9.4, 20464, 1984
01027191, 9.0, 36517, 历史深处的忧虑
03813669, 8.6, 69120, 民主的细节
03009821, 8.8, 36683, 明朝那些事儿（伍）
03815131, 9.4, 14561, 一九八四
01981042, 9.1, 19319, 万历十五年（增订本）
01426971, 8.8, 30175, 野火集
04908879, 9.4, 12171, 动物农场
10471333, 9.0, 19515, 叫魂
01858410, 9.0, 19293, 万历十五年
03883991, 9.3, 9580, 动物农场
01139360, 9.3, 9403, 毛泽东选集 第一卷
01004821, 8.7, 22710, 理想国
01321789, 8.7, 21102, 美丽新世界
01014825, 9.0, 13039, 我也有一个梦想
01056315, 8.8, 17438, 总统是靠不住的
01675478, 9.1, 10700, 天朝的崩溃
25818441, 9.4, 7128, 1984
10583099, 9.1, 10627, 全球通史
27002046, 9.1, 10537, 美丽新世界
04729583, 8.9, 13360, 野火集
01424314, 9.4, 6419, 1984
01476213, 9.4, 6171, 中國近代史（上冊）
10434849, 9.3, 6772, 中国历代政治得失
01277981, 8.8, 13601, 社会契约论
01001885, 8.5, 21774, 带一本书去巴黎
01077528, 8.8, 12561, 通往奴役之路
01060774, 8.7, 14597, 君主论
11229072, 9.4, 5445, 中国历代政治得失
01041385, 9.2, 6982, 论美国的民主
03057556, 8.9, 10226, 狂热分子
20463108, 8.3, 26235, 观念的水位
01424313, 9.3, 5795, Animal Farm
01762869, 8.9, 9778, 如彗星划过夜空
23774518, 9.3, 5551, 1984
25882276, 8.8, 10342, 陆犯焉识
01144185, 9.1, 6744, 美国宪政历程
01032063, 8.9, 8865, 旧制度与大革命
06401128, 8.9, 8505, 批评官员的尺度
10758290, 9.4, 4376, 东晋门阀政治
01054917, 8.5, 14082, 沧浪之水
26901114, 9.2, 5037, 中国国家治理的制度逻辑
02376486, 8.9, 7268, 中国近代史
05408882, 9.0, 6197, 公正
26413154, 9.2, 4680, 李光耀观天下
25935941, 9.4, 3633, 天朝的崩溃（修订版）
04878745, 9.3, 4035, 动物农场
25798623, 9.3, 4029, 1984
25893465, 9.1, 5173, 万历十五年
26861418, 9.5, 3124, 奥斯维辛
19920715, 8.6, 10164, 论中国
01025723, 8.3, 15891, 潜规则
06397522, 9.3, 3789, 论自由
02029680, 9.5, 2631, 资治通鉴
01065977, 8.7, 7184, 共产党宣言
04099464, 9.3, 3033, 一九八四
01982427, 9.1, 3786, 大明王朝1566
25881102, 8.8, 5477, 独裁者手册
01907199, 8.6, 6902, 扫起落叶好过冬
25883305, 9.1, 3407, 阿拉伯的劳伦斯
01315190, 8.8, 4907, 想象的共同体
05406563, 9.3, 2592, 一九八四
26728835, 9.4, 2308, 动物农场
01000280, 8.5, 7247, 袁氏当国
01150503, 9.2, 2824, 资本论（第一卷）
25870310, 8.8, 4667, 野火集
04202004, 8.6, 5987, 文明的冲突与世界秩序的重建
01006560, 8.2, 10934, 血酬定律
01125026, 9.3, 2402, 毛泽东选集 第二卷
01076378, 9.1, 2989, 传统十论
06110110, 9.2, 2602, 社会契约论
33379779, 8.3, 8757, 美国陷阱
26377063, 9.5, 1812, 魏晋之际的政治权力与家族网络
04002701, 8.4, 7243, 朱镕基答记者问
02133254, 8.1, 11423, 流血的仕途
01872158, 8.2, 9682, 蝇王
01277275, 9.2, 2454, 学术与政治
05401989, 8.0, 13280, 自由在高处
04872919, 8.7, 4524, 美妙的新世界
03163104, 9.3, 2140, 变化社会中的政治秩序
01454687, 9.0, 3024, 政府论（下篇）
01400195, 8.7, 4285, 论自由
04113090, 7.4, 38777, 我们台湾这些年
20503529, 9.2, 2265, 古拉格：一部历史
01657455, 8.6, 4790, 论人类不平等的起源和基础
10797092, 8.6, 4516, 蒋介石与现代中国
01048930, 9.0, 2687, 联邦党人文集
04199761, 8.3, 6906, 重新发现社会
20366368, 9.1, 2266, 公正
26658395, 9.2, 2013, 政治学通识
26323163, 9.3, 1788, 共产党宣言
11533585, 9.5, 1429, 动物庄园
01468426, 8.7, 3634, 利维坦
05372471, 9.2, 1967, 党员、党权与党争
20395185, 9.3, 1751, 一九八四
26897747, 8.3, 6165, 黑旗
06310946, 9.1, 2130, 公正
06085181, 8.0, 9727, 二号首长
01315844, 9.2, 1868, 古拉格群岛（上中下）
20366370, 8.7, 3409, 变革中国
01030503, 9.2, 1851, 东晋门阀政治
04832553, 8.2, 6920, 侯卫东官场笔记
11636077, 8.4, 5089, 饥饿的盛世
01070007, 8.8, 2953, 致命的自负
01439441, 9.0, 2299, 伯罗奔尼撒战争史
26774038, 9.3, 1633, 1984
01028268, 8.9, 2586, 正义论
01252057, 9.0, 2275, 1844年经济学哲学手稿
02081876, 7.2, 43595, 货币战争
03580750, 8.2, 6586, 潜规则（修订版）
03101021, 8.7, 3195, 极权主义的起源
10554709, 8.7, 3167, 第二十二条军规
05246800, 8.3, 5466, 毛泽东传
01247769, 8.9, 2347, 家庭、私有制和国家的起源
26587232, 9.4, 1335, 动物庄园
10575976, 8.7, 2963, 中国近代史
05214656, 9.3, 1453, 1984
03270161, 9.9, 805, 机械制造厂电能的合理使用
25971624, 8.7, 2912, 政治秩序的起源
06953459, 9.2, 1572, 动物农庄
25750468, 8.7, 2815, 中国现代国家的起源
01015748, 8.8, 2452, 开放社会及其敌人（全二卷）
25953571, 8.8, 2450, 耳语者
01053623, 8.5, 3548, 文明的冲突与世界秩序的重建
02228707, 8.9, 2098, 癌症楼
20394150, 8.9, 2081, 八次危机
02026281, 8.7, 2616, 大棋局
01050175, 8.1, 5972, 赫逊河畔谈中国历史
01139359, 9.1, 1561, 毛泽东选集 第四卷
01077621, 9.0, 1731, 毛泽东选集 第三卷
11607261, 8.6, 2801, 旧制度与大革命
01010888, 8.4, 3615, 一路走来一路读
02062599, 8.5, 3134, 雪
23155678, 9.2, 1342, 1984
04199363, 8.5, 3093, 九人
01050929, 8.6, 2672, 隐蔽的秩序
26834183, 8.6, 2575, 艾希曼在耶路撒冷
01036478, 8.9, 1772, 大外交
27187557, 9.3, 1132, 动物农场
30269311, 9.1, 1400, 以色列
01485628, 7.9, 6995, 毛泽东传
01016930, 9.0, 1552, 论法的精神（上）
01787729, 8.5, 2849, 单向度的人
25924609, 9.6, 810, 发现社会
01434071, 7.9, 6634, 我们
03097539, 8.9, 1665, 自由选择
27607225, 8.3, 3576, 命运：文在寅自传
34431806, 9.0, 1470, 失败者的春秋
24371382, 9.2, 1181, 动物庄园
01009529, 8.8, 1826, 毛泽东、斯大林与朝鲜战争
01091964, 9.2, 1162, 路易·波拿巴的雾月十八日
30394971, 9.4, 943, 论自由
27045287, 8.7, 2014, 谁在世界中心
03381387, 9.1, 1268, 论持久战
01506961, 8.4, 2935, 西行漫记
25773660, 9.3, 1017, 动物农场
26700104, 8.5, 2548, 穿越百年中东
06977757, 8.4, 2892, 民主的细节
25870991, 8.3, 3309, 曾国藩的正面与侧面
01056867, 9.1, 1235, 政治学
26451505, 8.9, 1542, 伯罗奔尼撒战争
03431988, 9.0, 1374, 人的境况
04240969, 8.7, 1947, 民主是一种现代生活
05288371, 8.4, 2857, 蒋经国传
26171466, 9.5, 810, 筚路维艰
30284738, 9.1, 1200, 罗马元老院与人民
05906321, 9.2, 1072, 开放中的变迁
01804960, 9.2, 1057, 社会与政治运动讲义
10764363, 9.1, 1174, 是，大臣
02363834, 8.8, 1640, 春秋大义
22806583, 8.7, 1839, 国家的常识
25918941, 9.7, 646, 宪法学导论
04827310, 8.8, 1622, “中间地带”的革命
25808056, 8.0, 4655, 纸牌屋
07916069, 8.8, 1568, 被禁锢的头脑
21325858, 8.8, 1556, 文明的冲突
04162705, 8.8, 1554, 康熙大帝（全四册）
21432137, 8.8, 1551, 共同的底线
02109239, 9.0, 1234, 论人与人之间不平等的起因和基础
01005813, 9.1, 1080, 自由秩序原理
24748615, 8.3, 2828, 天幕红尘
10456130, 9.5, 724, 社会与政治运动讲义（第二版）
25717107, 8.8, 1485, 红色资本
33436180, 9.4, 783, 牛津大学哲学通识课：政治哲学
25986748, 8.2, 3088, 我的应许之地
01397659, 8.0, 4135, 国画
06895949, 9.2, 929, 联合政府与一党训政
25908550, 8.4, 2294, 历史的终结与最后的人
27047454, 9.1, 1001, 白鹿原
01039311, 8.4, 2266, 职场动物进化手册
26435040, 8.3, 2557, 世界秩序
04162706, 8.7, 1535, 雍正皇帝（全三册）
02146277, 9.1, 979, 一个政治性人物的肖像
33436921, 8.8, 1340, 战国歧途
04903361, 8.3, 2477, 侯卫东官场笔记2
26418529, 9.1, 942, 拥抱战败
10796986, 9.2, 848, 魏晋之际的政治权力与家族网络
01482609, 9.1, 930, 理解国际冲突
01065335, 9.1, 920, 朱熹的历史世界
01971678, 9.3, 749, 国家间政治
25760457, 8.7, 1411, 三案始末
02713409, 8.9, 1111, 国民党的“联共”与“反共”
25886351, 7.5, 7895, 耶路撒冷三千年
26810557, 8.8, 1220, 想象的共同体
01916533, 8.4, 1973, 毛泽东选集 第五卷
02304817, 8.6, 1529, 资本论
02287712, 8.8, 1210, 美国精神的封闭
19976381, 8.9, 1069, 政治秩序的起源
01877291, 8.5, 1669, 论出版自由
25748132, 8.5, 1629, 复明症漫记
26647781, 8.9, 1014, 从俾斯麦到希特勒
30441554, 9.1, 820, 六论自发性
26952485, 7.2, 12351, 人民的名义
01214303, 8.9, 1003, 韩非子
01034847, 8.5, 1580, 美国与中国
01160320, 8.9, 996, 政治学
26607419, 8.9, 991, 论中国
03035593, 8.2, 2312, 崩溃
04285631, 8.7, 1237, 意识形态起源和影响
01191433, 7.6, 5720, 我的前半生
25661780, 8.6, 1384, 总统是靠不住的（近距离看美国之二，林达作品系列）
01077428, 9.1, 799, 自然权利与历史
30206893, 9.7, 456, 中国历代政治得失
34841756, 8.8, 1093, Permanent Record
34869500, 8.6, 1368, 被统治的艺术
01139065, 9.0, 875, 党员、党权与党争
03640150, 8.0, 2988, 血酬定律
01273726, 8.9, 969, 邓小平文选 第三卷
04809955, 8.6, 1352, 常识
25777331, 8.5, 1518, 美国十讲
01009105, 8.9, 955, 战争论
03923369, 9.0, 847, 中华人民共和国建国史研究1
01052968, 8.9, 940, 剑桥中华人民共和国史（下卷）
06822683, 8.9, 940, 朱镕基讲话实录 第一卷
34925415, 9.5, 514, 当权的第三帝国
01196945, 8.4, 1612, 集体行动的逻辑
25730239, 8.1, 2383, 李光耀论中国与世界
02079931, 8.8, 1001, 大转型
34928222, 9.4, 542, 第三帝国的到来
01047370, 8.5, 1393, 拉丁美洲被切开的血管
10587755, 9.3, 591, 以利为利
01047001, 8.1, 2313, 资本主义与二十一世纪
34204669, 8.2, 2000, 日本人为何选择了战争
02382433, 8.7, 1070, 罗伯特议事规则
04212276, 8.5, 1336, 苏联的心灵
01280568, 8.8, 939, 毛泽东与莫斯科的恩恩怨怨
27025626, 9.1, 682, 君主论
01048922, 8.2, 1893, 硬球
01443638, 9.1, 676, 自由宪章
30127132, 9.2, 610, 宋案重审
27120243, 9.3, 550, 转型中的地方政府
30242439, 9.3, 549, 一九八四
20375356, 9.1, 661, 论美国的民主
01867208, 9.1, 658, 政治学
01043419, 8.8, 895, 自由与繁荣的国度
25758414, 8.3, 1608, 苏联的最后一天
26806801, 9.2, 595, 告别百年激进
03593300, 9.3, 541, 民主新论
06052799, 9.2, 594, 自由论
01517400, 9.2, 592, 清代地方政府
02299164, 7.9, 2741, 帝国的终结
11587576, 7.6, 4353, 大清相国
26278816, 8.9, 793, 耶鲁大学公开课 : 政治哲学
27021578, 8.1, 2035, 大国的崩溃
26334500, 8.3, 1561, 说中国
24379797, 8.9, 780, 民主•宪法•人权
03072490, 8.5, 1214, 功利主义
01081863, 9.1, 631, 规训与惩罚
03432401, 7.9, 2622, 苦难辉煌
27046300, 8.9, 766, 命运攸关的抉择
26593670, 8.3, 1515, 天鹅绒监狱
02064814, 8.2, 1711, 毛主席语录
04248275, 8.6, 1043, 革命与反革命
26337444, 8.4, 1316, 论人类不平等的起源和基础
03896758, 8.5, 1166, 参谋助手论
10876715, 8.8, 828, 论法的精神
34896921, 9.2, 553, 父权制与资本主义
03238339, 8.7, 914, 人以什么理由来记忆
04917249, 9.0, 667, 韩非子
02051821, 8.8, 816, 论革命
01216715, 9.1, 597, 光荣与梦想
01966593, 9.2, 541, 100个人的10年
03092897, 9.0, 648, 政治学说史（上卷）
26351537, 9.4, 444, 动物农庄
25709105, 8.9, 705, 革命之路
26865333, 8.4, 1218, 中国1945
01421923, 8.2, 1549, 大国的兴衰
03662751, 8.7, 852, 公羊的节日
05992743, 7.8, 2653, 看懂世界格局的第一本书
26665157, 8.9, 683, 当代中国政府与政治
03423098, 8.6, 941, 波峰与波谷
27598715, 9.2, 508, 汉密尔顿传
04220193, 8.6, 927, 治理中国
04000736, 9.1, 549, 正义论（修订版）
01421029, 7.5, 4130, 帝国的惆怅
03397128, 8.8, 739, 1948：天地玄黄
26762440, 9.2, 497, 权力结构、政治激励和经济增长
04042959, 9.0, 599, 政治哲学导论
02280161, 9.0, 597, 小镇喧嚣
25817153, 9.6, 345, 辩论
10539901, 8.6, 896, 大秦帝国
26581737, 8.8, 715, 权力的毛细管作用
03184336, 8.0, 1846, 民主四讲
02224879, 9.4, 401, 毛泽东选集
25844426, 8.8, 708, 反抗“平庸之恶”
02974917, 8.7, 776, 自由主义
25869117, 8.5, 962, 失败的帝国
24257591, 7.2, 6380, 绝望锻炼了我
26592899, 8.6, 851, 政治秩序与政治衰败
04062752, 9.1, 510, 古典自由主义
25947310, 7.7, 2684, 21世纪资本论
01039258, 8.9, 604, 西方政治思想史
03682755, 8.9, 604, 政治科学（第九版）
10446295, 8.0, 1721, 权力
25936051, 8.7, 741, 我的一生
03212602, 9.0, 545, 毛泽东选集（第五卷）
30309618, 9.4, 378, 学术与政治
26295138, 9.0, 543, 士大夫政治演生史稿
01048109, 8.6, 817, 第三波
02155341, 9.0, 540, 官僚体制·反资本主义的心态
03283550, 9.2, 440, 西方政治思想史
06531686, 8.1, 1448, 抉择时刻
20537674, 9.4, 364, 先知三部曲（全新插图修订本）
01276771, 8.1, 1427, 政府论（上篇）
27037087, 8.7, 703, 断头王后：玛丽·安托瓦内特传
26738944, 9.3, 394, 路易·波拿巴的雾月十八日
02129210, 9.8, 257, The Complete Yes Minister
26696539, 9.3, 384, 历史深处的忧虑
01511983, 8.6, 756, 劝学篇
01927487, 7.7, 2362, 乌托邦
04126261, 8.4, 924, 身份与暴力
10485866, 8.2, 1173, 暴风雨的记忆
01044347, 9.1, 447, 走向共和（上中下）
27136549, 8.7, 655, 思想史
07052073, 8.9, 532, 大外交
01315182, 8.7, 648, 权力与繁荣
30293844, 9.2, 398, 漫画之王
06440640, 9.4, 332, 清代地方政府
03074246, 9.0, 466, 无政府、国家和乌托邦
26820496, 9.1, 422, 神圣人
20481426, 8.5, 767, 处在十字路口的选择
24700123, 8.5, 767, 一炮走红的国家
30441006, 9.1, 418, 1984
03923370, 8.7, 615, 中华人民共和国建国史研究2
30348068, 8.5, 759, 无规则游戏
01224599, 9.0, 450, 20年危机（1919-1939）
03669381, 8.7, 595, 坏世界研究
30226265, 8.7, 595, 教宗与墨索里尼
26378573, 9.2, 369, 经济人的末日：极权主义的起源
06518053, 9.1, 401, 脆弱的崛起
25781009, 9.2, 366, 反乌托邦三部曲
01789833, 8.9, 482, 希腊城邦制度
01776851, 8.9, 479, 中国共产党成立史
01252183, 9.0, 432, 毛泽东选集 第二卷
20473872, 8.3, 892, 幻影公众
26598286, 9.0, 429, 论人与人之间不平等的起因和基础
01002135, 8.8, 516, 历史与阶级意识
10566979, 8.8, 514, 利维坦的道德困境
02308876, 8.6, 628, 政府论
01799240, 8.5, 699, 君主论
01233159, 8.8, 511, 国家与革命
27025893, 9.3, 322, 两汉魏晋南北朝宰相制度研究
26831912, 8.8, 507, 利维坦
01061155, 8.3, 853, 中国官僚政治研究
01071819, 8.9, 452, 经济腾飞路
04857097, 9.0, 409, 政治思考
03546574, 8.7, 539, 扭曲的人性之材
03521804, 8.4, 736, 张居正大传
27604025, 9.6, 241, 是，大臣
01465419, 8.3, 821, 资本主义与自由
26387790, 8.4, 727, 苦难辉煌（全新修订增补版）
05913340, 9.1, 360, 中苏关系史纲
02364815, 8.5, 648, 伊凡·杰尼索维奇的一天
26743425, 8.8, 474, 逃避统治的艺术
27608153, 7.8, 1510, 创造日本
03260366, 8.9, 429, 社会主义
01437607, 8.9, 428, 中国近百年政治史
04236917, 8.6, 573, 观念史研究
26162975, 9.3, 296, 原则与妥协（增订版）
02158889, 8.3, 788, 权力的48条法则
01454953, 9.4, 272, 比较政治经济学
26991064, 8.1, 999, 青年斯大林
01081334, 8.8, 463, 使民主运转起来
01418776, 8.8, 461, 美国反对美国
04746297, 8.1, 992, 国画
25971616, 8.0, 1122, 没有宽恕就没有未来
21345957, 9.1, 343, 宣传
26702850, 9.0, 375, 大博弈
34984693, 8.1, 956, 剧变
06714961, 9.0, 368, 中国现代思想的起源
34808973, 8.6, 541, 乌合之众
26371591, 8.1, 942, 常识
25722935, 7.5, 2135, 魔王
01316628, 8.6, 534, 法国革命史
26577705, 8.3, 737, 罪孽的报应
27001225, 9.2, 301, 暮日耀光
06105339, 7.6, 1801, 煤老板自述三十年
06152993, 9.2, 300, 当代政治哲学
25838428, 7.5, 2085, 我们
03880817, 9.0, 356, 政治学说史（下卷）
27008294, 8.7, 473, 事实改变之后
27593408, 8.3, 719, 寡头
27616695, 9.0, 353, 郭鹤年自传
01084730, 9.4, 251, 辩论：美国制宪会议记录（上下）
01088061, 8.6, 516, 邓小平文选 第二卷
34837907, 9.4, 249, 大河移民的故事
04249213, 8.2, 792, 国运1909
25853109, 8.7, 461, 通往权力之路
03067148, 8.5, 565, 去政治化的政治
01011637, 7.7, 1494, 梅次故事
23774456, 8.1, 886, 周恩来传
01082102, 8.3, 701, 风雨独立路
05911531, 8.6, 507, 独自打保龄
26705829, 8.4, 617, 特权
27101663, 8.8, 410, 权力与特权
02048787, 8.3, 688, 国家与社会革命
26388286, 8.3, 676, 纸牌屋 3
01038949, 8.4, 605, 资本主义、社会主义与民主
33454876, 8.0, 956, 中央帝国的军事密码
01039750, 8.9, 364, 政治的概念
26413582, 8.9, 364, 大棋局中的国共关系
01790005, 8.5, 537, 蒙面骑士
01661368, 8.8, 398, 公共事物的治理之道
26675905, 8.8, 393, 统治与教育
10544787, 8.9, 357, 暴力
20483520, 9.0, 326, 无奈的选择
04090803, 8.3, 655, 商君书
02327776, 8.2, 731, 历史的地理枢纽
01795078, 8.4, 579, 民族与民族主义
01903698, 9.4, 230, 中午的黑暗
25961876, 8.2, 710, 断臂上的花朵
10427332, 7.8, 1165, 当代中国八种社会思潮
26830337, 8.1, 798, 国民党高层的派系政治
25792791, 9.1, 289, 中国政治制度史纲
30354900, 9.5, 206, 德国
20266235, 8.8, 370, 新阶级
26912644, 8.2, 689, 冷战
01278268, 8.9, 333, 十年沧桑
01051386, 8.4, 544, 大国政治的悲剧
01139361, 9.2, 255, 毛泽东选集 第三卷
26840483, 8.1, 757, Hillbilly Elegy
26044319, 8.4, 538, 马基雅维里
11604804, 8.8, 356, 权威与个人
26786410, 7.8, 1078, 超级版图
25950191, 8.9, 324, 西方政治思想史（上下册）
27661640, 9.3, 230, 现代政治的思想与行动
04850299, 8.1, 737, 新自由主义简史
01315248, 8.7, 389, 论李维
27624429, 9.2, 249, 历史
01578541, 8.9, 320, 古代城邦
06852927, 9.4, 210, 中国政治思想史
26269564, 9.4, 207, 中国历代政治得失
06953288, 9.0, 285, 什么是政治哲学
06024015, 8.2, 630, 蚕丝：钱学森传
04193722, 8.3, 561, 国富国穷
20435354, 8.5, 453, 巨变
25791053, 8.9, 309, 大汉帝国在巴蜀
34879976, 8.3, 548, 什么是民粹主义？
27076779, 8.6, 400, 血缘与归属
27056339, 9.0, 275, 君主论
04735985, 8.9, 300, 保卫马克思
03158094, 8.7, 360, 英国个人主义的起源
26979435, 8.7, 360, 东风
25828065, 8.5, 438, 中国政治二千年
11232882, 8.9, 299, 革命（全四册）
30141311, 9.2, 231, 权力之路
01494086, 8.3, 537, 邓小平文选 第一卷
05500746, 8.8, 322, 明夷待访录
03782155, 8.7, 352, 印度对华战争
26389495, 9.9, 136, 当代政治哲学
05290299, 9.2, 226, 安全、领土与人口
01986275, 8.6, 385, 大失败
26294024, 7.7, 1071, 纸牌屋 2
33446823, 8.5, 421, 民族的重建
02972538, 8.9, 288, 民主转型与巩固的问题
03928815, 9.3, 206, 理解国际冲突
25838139, 8.5, 417, 黑猩猩的政治
26215044, 7.2, 2204, 我们台湾这些年2
30175059, 9.3, 204, 李光耀观天下
33387422, 7.4, 1601, 后真相时代
05401999, 9.2, 220, 君主论·李维史论
25172703, 9.4, 188, One Man&#39;s View of the World
01276597, 9.3, 203, 毛泽东文集 第一卷
20471310, 8.5, 412, 专制与民主的社会起源
25909032, 8.5, 411, 战后欧洲史 01：旧欧洲的终结（1945-1953）
26716508, 9.2, 219, 国家与革命
03921409, 8.1, 631, 一个大国的崛起与崩溃（共三册）
23166433, 8.9, 281, 第三波
26708248, 8.4, 450, 奠基者
27176957, 8.0, 700, 战争、枪炮与选票
30354245, 7.6, 1145, 注定一战
27015840, 8.7, 328, 城乡中国（修订版）
01870759, 8.0, 683, 东周战争与儒法国家的诞生
26266755, 8.2, 540, 塔利班
26826226, 8.0, 678, 香港治与乱
27600526, 8.8, 293, 金与铁
04210829, 7.0, 2839, 蒋介石传
21967237, 9.5, 165, 论美国的民主
26443903, 8.4, 424, 卢比孔河
01397886, 8.4, 423, 西游记与中国古代政治
01281775, 9.2, 205, 哲学与政治
01291448, 9.0, 239, 寡头统治铁律
26712445, 8.9, 259, 西方政治传统
26298609, 9.3, 185, 变化社会中的政治秩序
06041368, 9.5, 159, 现代政治思想的基础（上、下卷）
04582330, 8.6, 334, 西周的政体
01988741, 6.9, 3152, 驻京办主任
03741483, 8.0, 628, 大动乱的年代
03664305, 8.5, 366, 蔣經國傳（2009新版）
06522852, 8.8, 276, The Dictator&#39;s Handbook
30394978, 8.8, 276, 至高权力
02042216, 9.0, 232, 毛泽东选集（第一卷）
30348776, 9.0, 232, 筚路蓝缕
25910855, 8.4, 403, 论欧洲
05920388, 9.1, 212, 李光耀：新加坡赖以生存的硬道理
07054801, 8.6, 328, 领袖们
26304315, 9.2, 195, 例外状态
20435400, 8.5, 356, 坐待天明
26907626, 8.6, 321, 社会契约论
02078097, 8.8, 267, 社会主义体制
26545443, 8.0, 601, 自由的基因
03036524, 7.7, 868, 石油战争
03097530, 8.3, 429, 来自上层的革命
30490198, 8.4, 386, 大趋势
23860707, 8.6, 317, 中国当代社会阶层分析
01266211, 9.1, 204, 论意识操纵（上下）
30326644, 8.4, 382, 我的对面是你
01029197, 7.4, 1282, 外交十记
20563231, 7.5, 1111, 邓小平传
01476068, 9.1, 202, 论僭政
01959938, 9.4, 160, 哲学的贫困
25904820, 8.0, 581, 中国的内战
05920841, 8.7, 283, 毛泽东传（全6卷）
20499301, 8.2, 460, 政治的历史与边界
01958147, 7.3, 1447, 一个经济杀手的自白
27109207, 8.5, 337, 火与烬
26577706, 7.6, 939, 档案
01313069, 8.3, 411, 我们是谁
06879362, 8.5, 335, 商君书
20508889, 8.4, 367, 思痛录
33387411, 9.1, 196, 保守主义思想
34441120, 9.1, 195, 中国为什么有前途（第3版）
01062960, 9.2, 180, 美洲三书
03719511, 8.2, 446, 政治学的邀请
25708550, 8.1, 496, 知识分子与社会
26694140, 7.6, 909, 晚清最后十八年
24737213, 8.0, 553, 冷战
26938584, 9.1, 193, 驯化利维坦
27203334, 8.7, 271, 文明的冲突
04317736, 9.3, 165, 怎么办
30176576, 8.4, 359, 美国秩序的根基
06822685, 8.6, 296, 朱镕基讲话实录（第二卷）
26805257, 8.8, 247, 希特勒传（全二册·全新修订版）
04175453, 8.5, 325, 中国古代官阶制度引论
26992670, 7.4, 1187, 追问
01023293, 8.3, 395, 权力的眼睛
30265800, 8.4, 356, 平常的恶
25906170, 9.3, 163, 旧制度与大革命
04918168, 7.5, 1016, 省委班子
27045310, 8.6, 290, 像人类学家一样思考
10577556, 7.8, 682, 中东现场
01088525, 8.4, 350, 1957年的夏季
02976744, 8.5, 315, 若干重大决策与事件的回顾（上下）
26644832, 8.2, 423, 政治是什么？
25762630, 9.1, 185, 社会契约论
01080135, 8.3, 370, 论民主
10741325, 8.1, 457, 祖国
10510102, 7.9, 570, 参谋助手论
34898273, 8.0, 507, 倒退的帝国
06129747, 9.2, 166, 资本论
30475747, 8.7, 248, 自由的声音
25854138, 8.1, 447, 右派国家
27085707, 8.6, 271, 战败者
30151808, 9.2, 164, 共产党宣言
01068824, 7.8, 629, 政治学十五讲
01072924, 8.7, 246, 共和·民主·宪政
01480812, 8.4, 320, 思考与回忆
32567709, 8.1, 434, 五四的另一面
03002922, 8.8, 221, 国际政治的社会理论
24720398, 9.2, 160, 自由人的平等政治（增订版）
01534948, 9.0, 183, 隐面人
02353164, 9.1, 168, 俄国人（全两册）
26794006, 8.9, 197, 撒切尔夫人
01279934, 8.5, 277, 马克思主义、毛泽东主义与乌托邦主义
01658348, 9.4, 133, 苏联历史档案选编（全34卷）
01472854, 8.5, 276, 山坳上的中国
25806559, 8.4, 302, 血酬定律
26256839, 7.9, 512, 费城风云
03723709, 7.9, 510, 报道伊斯兰
01362212, 9.1, 164, 來自遠方的拷問
26679372, 8.2, 365, 1968
01488650, 8.8, 207, 反经
26845608, 9.4, 130, 我也有一个梦想
06559258, 7.9, 501, 西方将主宰多久
24740556, 8.8, 206, 国步艰难
25857538, 7.8, 561, 掌舵
04218691, 8.1, 396, 休克主义
03596547, 8.3, 321, 弑君者
26577911, 9.2, 147, 民主新论
30389922, 8.0, 436, 精神政治学
30177153, 9.4, 127, 英国进步主义思想
26968875, 7.3, 1056, 用地图看懂世界格局
01430895, 7.9, 483, 超限战
30165631, 9.1, 157, 越南
04253271, 8.4, 283, 谁是美国人？
01085386, 8.7, 215, 韩国工人：阶级形成的文化与政治
26642029, 7.8, 535, 守望者前传
04226362, 8.6, 233, 哲学船事件
26309057, 9.1, 154, 使民主运转起来
26933302, 8.3, 306, 巨变
30244056, 8.1, 374, 反对选举
26921758, 7.5, 755, 地理与世界霸权
25854660, 7.9, 459, 邓小平传
25891303, 8.4, 273, 治大国
26849213, 8.8, 190, 言论的边界
26696383, 9.3, 129, 古代人的自由与现代人的自由
01028521, 7.8, 503, 我的父亲邓小平
30438868, 9.0, 159, 1848
01072067, 8.1, 356, 性政治
30272669, 8.8, 185, 威权式法治
20480829, 8.3, 288, 大国的兴衰（上）
01449651, 9.0, 154, 从贝鲁特到耶路撒冷
07001439, 9.3, 122, 政治学核心概念
26884338, 8.3, 279, 资本社会的17个矛盾
01055823, 8.7, 194, 纵欲与虚无之上
26323173, 9.1, 140, 帝国主义是资本主义的最高阶段
06003649, 8.0, 375, 中国官僚政治研究
06529665, 7.0, 1399, 马克思为什么是对的
01883148, 9.0, 150, 现代君主论
24534471, 8.5, 227, 维稳的政治逻辑
26819270, 9.3, 119, 美利坚共和国的缔造
01493085, 8.5, 224, 从革命到政治
01945845, 8.2, 297, 中国当代社会各阶层分析
04320843, 8.0, 365, 中国的军阀政治 (1916-1928)
21325694, 9.1, 135, 官僚体制的政治
26989791, 9.5, 102, 法兰西内战
34992172, 8.1, 322, 宋仁宗：共治时代
06833967, 7.6, 566, Why Nations Fail
25786148, 7.8, 442, 被颠覆的文明
06116441, 8.8, 168, 贞观政要
26409446, 9.1, 133, 政治学说史（下卷）
10770260, 8.7, 182, 论民主
02336143, 9.0, 143, The Nine
04175450, 7.1, 1100, 当中国统治世界
33380604, 8.4, 234, 国家的视角
26300044, 7.5, 623, 群氓之族
21360261, 8.7, 179, 权力论
26766981, 8.3, 255, 帝国之弧
26370001, 8.6, 193, Dealing with China
34466273, 8.1, 308, 南渡君臣
01059912, 8.5, 209, 群众与权力
26261103, 8.5, 209, 无目的的手段
27139943, 8.5, 209, 雅尔塔
20269908, 9.4, 104, 国家间政治
26726843, 8.5, 208, 湖南农民运动考察报告
26890301, 9.2, 119, 大汉帝国在巴蜀
34869664, 8.2, 275, 从“天下”国家到民族国家
30266625, 9.9, 75, 理解全球冲突与合作
30406623, 8.9, 147, 国家兴衰
04729534, 8.8, 159, 美国政治传统及其缔造者
26935203, 9.0, 135, 美国政治
01040520, 9.1, 125, 毛泽东的中国及其发展--中华人民共和国史
26443813, 7.8, 408, 沉疴遍地
26388427, 7.2, 874, 国家为什么会失败
25551562, 7.4, 639, 李光耀回忆录
01233267, 9.3, 105, 统治阶级
02012088, 9.3, 105, 毛泽东年谱
30203781, 8.3, 233, 民主的逻辑
26294167, 8.8, 150, 敬愛的領袖
27029481, 9.2, 111, 炉边谈话
30209303, 9.2, 111, 党员、党权与党争
27038809, 6.8, 1532, 世界是红的：看懂中国经济格局的一本书
26383668, 8.4, 209, 苏联专家在中国
04742327, 8.1, 276, 罗织经
01750683, 8.6, 174, 狱中札记
04728901, 8.7, 159, The Lessons of History
05346140, 8.6, 171, 民国的政治逻辑
01088888, 8.1, 270, 论共产党员的修养
01228145, 9.2, 107, 马克思恩格斯选集（第三卷）
26821429, 8.9, 133, 联邦论
04909017, 9.0, 123, 大外交
26721275, 8.7, 155, 再塑意识形态
05921664, 7.0, 1035, 中国社会各阶层分析
26916928, 9.9, 68, 论僭政
26909551, 8.9, 131, 不公正的审判
26136477, 9.2, 105, 正义的两面（修订版）
21268040, 8.8, 140, 竞逐富强
01832047, 7.9, 315, 权力的转移
26952234, 8.2, 232, 家国天下
03243783, 8.5, 176, 右翼美国
26847521, 9.5, 84, 论美国的民主
27172638, 7.7, 388, 一本书看懂地缘世界
25826755, 8.5, 175, 政治学与生活
27119176, 9.4, 89, 政治与历史
30275093, 7.7, 386, 1924
05924297, 8.9, 125, 美国革命的激进主义
25908549, 7.6, 425, 无政府主义人类学碎片
26177185, 9.0, 115, 政治哲学
26299706, 9.4, 87, 从戈尔巴乔夫到普京的俄罗斯道路
26785998, 8.8, 132, 纵欲与虚无之上
30262175, 7.7, 366, 我们时代的精神状况
04056294, 9.0, 112, 韦伯政治著作选
26260335, 7.9, 292, 上帝与黄金
27059084, 9.4, 85, 共产主义运动中的&#34;左派&#34;幼稚病
25782982, 7.5, 459, 论自愿为奴
34882674, 7.9, 291, 曾国藩的经济课
10867800, 7.2, 677, 大目标
26837420, 8.9, 119, 白宫岁月
01024101, 8.7, 138, 权谋残卷
26989803, 9.3, 89, 新联合主义运动原则（增订版）
27052068, 8.2, 211, 法国大革命前夕的舆论与谣言
01324796, 7.5, 445, 反分裂国家法
26926081, 8.6, 148, 论政治
01055273, 9.1, 101, 权力与货币
26390714, 7.6, 391, 大断裂
01915018, 8.3, 187, 权力的媒介
06392223, 8.8, 122, 浪漫主义时代的政治观念
26763015, 9.1, 98, 李光耀：新加坡赖以生存的硬道理
30315038, 9.4, 80, 论持久战
26323200, 9.0, 104, 社会主义从空想到科学的发展
10781496, 8.5, 152, 全球冷战
26921028, 8.9, 111, 制度与政治
02020609, 8.5, 150, 关于建国以来党的若干历史问题的决议
26587298, 9.6, 69, 大国外交
03006239, 8.5, 149, 公民文化
27617004, 9.2, 88, 贝希摩斯
01976217, 8.3, 176, 赫鲁晓夫回忆录（全三卷）
27056780, 6.5, 1787, 生而贫穷
10571615, 8.9, 105, 法国大革命讲稿
25920864, 7.2, 564, 强权与铁腕
26837506, 9.3, 79, 第一圈
25774080, 7.5, 375, 谁在导演世界
06719693, 8.2, 181, 革命將至
07000917, 9.0, 95, 政治经济学概论
34779855, 8.2, 180, 隐秘战争
01659807, 8.2, 179, 大动乱的年代
30473854, 8.5, 138, 我的情报与外交生涯
01003659, 7.8, 264, 政治的逻辑
01945141, 9.1, 88, 正午的黑暗
06805977, 9.0, 94, 建国方略
25763756, 9.0, 94, 现代世界体系（四卷本）
24696402, 7.8, 262, 即将到来的地缘战争
35006231, 8.8, 107, 故土的陌生人
25918080, 8.3, 160, 苏联军队的瓦解
30206390, 8.6, 124, 民主四讲
27045312, 8.3, 159, 腹地的构建
02983307, 8.5, 134, 和约的经济后果
27662715, 8.8, 105, 基辛格
30329248, 8.4, 143, “爱国的”独裁者
34908363, 8.6, 121, 奥斯维辛的文身师
04718464, 8.4, 142, 民族主义
04212270, 8.9, 96, 以色列与启示
27089750, 8.3, 152, 裙带资本主义
26327548, 8.4, 139, 重建的世界
26023215, 8.5, 127, 毛泽东
25863979, 8.1, 179, 民主的阴暗面
05401966, 8.6, 117, 为什么美国人恨政治
26782515, 7.7, 266, 抉择与分歧
30265569, 9.2, 76, 六朝贵族制社会研究
34961780, 9.7, 56, 宣传（第二版）
02135466, 8.2, 161, 被治理者的政治
05398106, 9.0, 85, 林肯与劲敌幕僚
26956553, 9.4, 65, 剑桥十八世纪政治思想史
02304054, 8.7, 104, 共产主义ABC
24758492, 7.3, 402, 历史的惯性
21214033, 7.6, 279, 大手笔是怎样炼成的
01156993, 9.3, 67, 维诺那计划
01005561, 8.5, 117, 日本政治史（全四册）
02382373, 8.8, 93, 欧洲社会主义百年史（上下）
33436272, 8.4, 125, 贸易的冲突
24316346, 7.0, 558, 美帝国的崩溃
04325052, 9.5, 58, 权力学
34997980, 8.7, 97, 耶路撒冷之前的艾希曼
35013926, 7.4, 324, 如果故宫会说话
30264643, 7.3, 361, 民粹主义大爆炸
26280107, 8.2, 142, 大国政治的悲剧
26832061, 8.2, 141, 凯南日记
06850132, 8.8, 88, 民主的本性
02243285, 8.2, 140, 1999：不战而胜
30199351, 7.9, 184, 金钱暗流
26612253, 8.8, 87, 剑桥二十世纪政治思想史
26615605, 8.5, 107, 世界权力的转移
21340012, 8.6, 99, 国际关系分析
26373637, 8.2, 134, 大棋局
02370351, 8.9, 78, 争夺欧洲霸权的斗争
33161209, 8.5, 104, 为什么是英国
34922184, 9.6, 50, 西方政治思想史
30162458, 8.7, 88, 政治的起源
02982226, 9.2, 63, 决策的本质
26858099, 8.5, 102, Strangers in Their Own Land
30242437, 7.4, 286, 看世界
26986006, 7.6, 229, On Tyranny
02128855, 8.7, 86, 苏共野史（上下）
26384792, 7.4, 278, 硬球
30422753, 8.4, 105, 暴力与反暴力
30420913, 8.2, 123, 美国官僚体制
26712427, 9.0, 68, 致我們的朋友
26716231, 7.3, 303, 大国雄心
05992422, 7.3, 302, 高岗传
27098965, 8.2, 121, 美国政党与选举
33476133, 8.6, 87, 逃避统治的艺术（修订译本）
10750408, 9.1, 62, 强权与富足
03270983, 7.5, 231, 新中国未来记
30170186, 8.6, 86, 中华人民共和国宪法
30372353, 8.0, 139, 自由与毁灭
21372193, 7.2, 321, 美国总统制
35084340, 9.3, 54, 美国真相
30338872, 9.2, 57, The War on Normal People
33395248, 7.5, 222, 掉队的拉美
26696382, 7.8, 163, 知识分子的背叛
30366371, 8.6, 83, Upheaval
10749326, 6.7, 611, 中国触动
27115818, 8.8, 72, 民主的模式（第二版）
34845099, 8.9, 67, 神策军与中晚唐宦官政治
01426939, 7.2, 303, 病夫治国
05937107, 9.2, 55, 林肯选集
25837360, 8.0, 131, 柬埔寨
34866949, 7.9, 143, 独霸中东
26383620, 9.1, 58, 国际政治中的知觉与错误知觉
26743876, 8.5, 87, 法国大革命反思录
34879908, 8.3, 101, 大幻想
26989765, 8.7, 74, 军人与国家
26386366, 8.3, 99, 政治学百科
05419802, 6.0, 2017, 中国震撼
27156274, 8.2, 106, 德国人
01525851, 7.7, 165, 外交十记
34459667, 8.1, 114, 誓言
30218923, 6.5, 750, 失踪的总统
27028487, 6.9, 408, 国家构建
33456868, 7.5, 197, 总统班底
01851734, 7.2, 276, 江泽民文选（第一卷）
06998812, 8.3, 94, 选举中的谋略与博弈
25733957, 7.3, 234, 权力的终结
30147017, 9.3, 47, 知情权的兴起
26324182, 8.3, 91, 国家与生活机遇
03116941, 7.7, 153, 帝国
26464169, 7.5, 184, 空间与政治
30439507, 8.0, 114, 溃而不崩
34396190, 7.9, 121, 敌人与邻居
01964729, 8.7, 65, 建国以来毛泽东文稿第1册
25807521, 7.9, 120, 政治的细节（第10版）
34787572, 7.2, 239, 这就是中国
26658414, 7.6, 154, 绝望者日记
04159397, 8.9, 55, 政治博弈论
01578666, 9.5, 39, “布拉格之春”前后
30329460, 8.4, 77, 全球化时代
30334466, 8.4, 77, 幻影恐惧
26285648, 7.8, 125, 当代中国的中央地方关系
34887272, 9.1, 48, 南宋宁宗朝前期政治研究
05243473, 8.5, 70, 论联合政府
27012117, 8.4, 75, 政治的逻辑
01803244, 8.4, 73, 苏联政权史
27011127, 9.0, 48, 祖列依哈睁开了眼睛
10544201, 8.3, 76, 六七暴動
01905321, 9.5, 35, Anti-Intellectualism in American Life
05285310, 9.1, 43, 自由与权利
34893663, 7.8, 108, 中国的当下与未来
26599858, 8.4, 67, 权力与选择（插图第13版）
30194498, 7.7, 117, 民主
30164526, 8.5, 62, 治大国
30240594, 7.2, 193, 我们的革命
19977593, 6.7, 359, 在延安文艺座谈会上的讲话
33442637, 6.9, 271, 庆历四年秋
26743885, 7.9, 93, 我们的敌人：国家
27135630, 8.5, 59, 自由的忠诚
04742978, 7.8, 101, 做官
34911995, 9.1, 40, 江河旋律
26078835, 7.7, 107, 一本书的历史
34874770, 8.2, 71, 暴政：掌控關鍵年代的獨裁風潮，洞悉時代之惡的20堂課
26848615, 7.4, 141, 中国朋党史
34399201, 9.6, 30, 权力优势
25801722, 8.7, 49, 早期现代世界的革命与反抗
30448923, 7.6, 112, 元老
26378392, 7.5, 122, 真实世界的纸牌屋
26716268, 8.9, 42, 戰後臺灣政治史
35029799, 8.3, 61, 自由主义的重生与政治德性
01018382, 7.4, 129, 论国家的作用
25955518, 6.4, 447, 中国超越
26847035, 8.1, 69, 总统是怎么选出来的？
27623521, 7.9, 80, 不完美风暴
30460541, 7.9, 80, 警察
30269779, 7.6, 103, 犬儒與玩笑
26668698, 8.1, 68, 通往尊严的公共生活
27606760, 7.7, 94, 大萧条与罗斯福新政
01271798, 8.2, 63, 陈云文选 第一卷
26820364, 7.5, 111, 陈伯达传
33402238, 7.7, 92, 法国大革命
26173218, 7.9, 77, 俄国革命史（全三卷）
03262646, 8.4, 53, 谍海孤舟
30145714, 8.6, 46, 法国人民：四个世纪、五个地区的历史
34618234, 8.9, 38, 无畏的雄心
33218306, 7.3, 126, 断裂的阶梯
03163992, 8.7, 42, 权力场
01535060, 8.0, 67, 文化冷战与中央情报局
01779874, 8.0, 66, 不需要的战争
03908374, 8.2, 56, 国家、政党与社会运动
05402000, 9.1, 32, 用兵之道
27039479, 8.5, 45, 人文主义与民主批评
30469079, 8.3, 51, 遏制战略
27625616, 7.6, 86, 战争的面目
34995650, 8.3, 50, 战争的本质
34910653, 8.5, 42, 发明自由
33408162, 6.9, 161, 为什么不平等至关重要
27025112, 7.7, 70, 权力精英
34858055, 7.2, 109, 秘密会议
01666271, 7.4, 90, 全球化陷阱
26641864, 7.6, 75, 飞跃5000年
27176952, 8.9, 31, 德国史
27154515, 8.4, 41, 谁统治美国？
34937302, 8.7, 34, 用野心对抗野心
34908426, 7.5, 79, 日本社会的诞生（岩波日本史 第一卷）
30312386, 8.9, 30, 国王的两个身体
33423720, 7.6, 70, 掘墓人
34815616, 7.4, 83, 逆说美国的民主
30415725, 7.3, 90, 亚洲的决裂
30387309, 8.6, 34, 民主國家如何死亡
25976686, 8.4, 38, 天幕红尘
35017979, 8.4, 38, Has China Won?
05948753, 7.9, 50, 苏联流行笑话与幽默
26710165, 7.3, 78, 数字民主的迷思
27069250, 8.8, 27, The Color of Law
34928258, 9.1, 23, 追寻消失的真实
27139931, 7.6, 57, 乔姆斯基、福柯论辩录
26852395, 8.5, 31, 政治学原理（第三版）
34996964, 8.2, 36, 纳粹掌权
26738940, 9.1, 22, 唯物主义和经验批判主义
35005066, 7.1, 84, 菊花王朝
34932772, 8.6, 28, 天下中华
30446046, 7.3, 62, The Hundred-year Marathon
30326555, 8.9, 22, These Truths
26907952, 8.3, 30, 分水岭
30251648, 8.0, 36, 解讀民粹主義
26877554, 6.9, 88, 政策制定的艺术
34833909, 7.7, 44, 西方的困局
33440204, 7.9, 37, 出类拔萃之辈
34942845, 9.1, 19, 1840年以来的中国
01421276, 8.1, 32, 东欧共产主义的兴衰
26854304, 8.1, 32, 清教徒的革命
35011095, 8.3, 28, 德川幕府与御三家
03153554, 9.2, 17, 苏联出现在拉丁美洲
35045205, 8.9, 19, 群众与权力
21365816, 7.1, 60, 国家制度和无政府状态
26545269, 9.0, 18, 罗斯福与塔夫脱
35003834, 7.3, 50, 锦衣卫
03244326, 7.7, 35, 合法性的争夺
34917691, 9.0, 17, 风云之交
30479015, 7.7, 32, 锡安长老会纪要
35061100, 7.9, 28, 百年变局
26659839, 8.5, 20, 杜鲁门：在历史的拐点
34840573, 8.6, 19, 太平洋地缘政治学
34840593, 9.7, 12, 大转型
27093936, 7.7, 29, 美国的城市政治
01018206, 7.5, 32, 里根政府是怎样搞垮苏联的
34778155, 7.0, 46, 窥视中国
33436264, 8.1, 19, 第一次世界大战的起源
34479671, 8.3, 17, 中國的現代國家構造（上、中、下三卷）
34900604, 7.7, 22, 明治维新（岩波日本史 第七卷）
26981877, 9.2, 11, 政治社会的世系
34926960, 9.2, 11, 操弄
34833838, 7.5, 24, 动荡而强大的大陆
26911185, 8.0, 17, The Politics of Resentment
27619632, 7.2, 27, 统治俄罗斯
34795839, 8.2, 15, Capital and Ideology
27622102, 8.5, 13, 新左運動與公民社會
32286350, 7.3, 24, The Right Side of History
26359717, 8.5, 12, 赫鲁晓夫回忆录（全译本修订版）
27135862, 5.3, 152, 中国人，你要自信
33477134, 6.4, 31, 皇宫日落
05394780, 4.7, 369, 思想政治2
03251518, 4.4, 411, 思想政治4
02244156, 4.0, 1985, 马克思主义基本原理概论
34917416, 6.9, 13, 百年大变局：世界与中国
03270685, 3.8, 1383, 马克思主义基本原理概论（2008年修订版）
30256538, 4.3, 161, 马克思主义基本原理概论
03370767, 3.6, 1320, 毛泽东思想和中国特色社会主义理论体系概论
26253189, 0.0, 10, The Accidental Superpower
34974511, 0.0, 10, 欧亚大陆的黎明：探寻新世界秩序
01328459, 0.0, 11, 权力游戏
34813540, 0.0, 19, 从西郊到南郊
