2020-07-05 16:00:05

number of books, tag name
957, 政治学

ID, rating, votes, title
02035179, 9.2, 90994, 动物农场
01003479, 9.2, 43014, 中国历代政治得失
20424526, 9.2, 29827, 邓小平时代
01027191, 9.0, 36517, 历史深处的忧虑
03813669, 8.6, 69120, 民主的细节
01139360, 9.3, 9403, 毛泽东选集 第一卷
01004821, 8.7, 22710, 理想国
01014825, 9.0, 13039, 我也有一个梦想
01056315, 8.8, 17438, 总统是靠不住的
10434849, 9.3, 6772, 中国历代政治得失
01277981, 8.8, 13601, 社会契约论
01077528, 8.8, 12561, 通往奴役之路
01060774, 8.7, 14597, 君主论
11229072, 9.4, 5445, 中国历代政治得失
01041385, 9.2, 6982, 论美国的民主
03057556, 8.9, 10226, 狂热分子
01762869, 8.9, 9778, 如彗星划过夜空
01012307, 9.2, 6238, 规训与惩罚
01144185, 9.1, 6744, 美国宪政历程
01032063, 8.9, 8865, 旧制度与大革命
06401128, 8.9, 8505, 批评官员的尺度
10758290, 9.4, 4376, 东晋门阀政治
26901114, 9.2, 5037, 中国国家治理的制度逻辑
05408882, 9.0, 6197, 公正
26413154, 9.2, 4680, 李光耀观天下
26418475, 9.2, 4460, 逃避自由
19920715, 8.6, 10164, 论中国
01025723, 8.3, 15891, 潜规则
06397522, 9.3, 3789, 论自由
01433411, 8.9, 5615, 新教伦理与资本主义精神
01065977, 8.7, 7184, 共产党宣言
25881102, 8.8, 5477, 独裁者手册
01315190, 8.8, 4907, 想象的共同体
04202004, 8.6, 5987, 文明的冲突与世界秩序的重建
01006560, 8.2, 10934, 血酬定律
01125026, 9.3, 2402, 毛泽东选集 第二卷
01076378, 9.1, 2989, 传统十论
06110110, 9.2, 2602, 社会契约论
26377063, 9.5, 1812, 魏晋之际的政治权力与家族网络
04002701, 8.4, 7243, 朱镕基答记者问
03163104, 9.3, 2140, 变化社会中的政治秩序
01454687, 9.0, 3024, 政府论（下篇）
01400195, 8.7, 4285, 论自由
20503529, 9.2, 2265, 古拉格：一部历史
01657455, 8.6, 4790, 论人类不平等的起源和基础
01048930, 9.0, 2687, 联邦党人文集
26658395, 9.2, 2013, 政治学通识
26323163, 9.3, 1788, 共产党宣言
01468426, 8.7, 3634, 利维坦
05372471, 9.2, 1967, 党员、党权与党争
01070007, 8.8, 2953, 致命的自负
01439441, 9.0, 2299, 伯罗奔尼撒战争史
01028268, 8.9, 2586, 正义论
01252057, 9.0, 2275, 1844年经济学哲学手稿
03101021, 8.7, 3195, 极权主义的起源
02170983, 9.1, 1948, 苏格拉底的申辩
01247769, 8.9, 2347, 家庭、私有制和国家的起源
03270161, 9.9, 805, 机械制造厂电能的合理使用
25971624, 8.7, 2912, 政治秩序的起源
25750468, 8.7, 2815, 中国现代国家的起源
01015748, 8.8, 2452, 开放社会及其敌人（全二卷）
25953571, 8.8, 2450, 耳语者
01053623, 8.5, 3548, 文明的冲突与世界秩序的重建
02026281, 8.7, 2616, 大棋局
01139359, 9.1, 1561, 毛泽东选集 第四卷
11607261, 8.6, 2801, 旧制度与大革命
26834183, 8.6, 2575, 艾希曼在耶路撒冷
01036478, 8.9, 1772, 大外交
01016930, 9.0, 1552, 论法的精神（上）
01787729, 8.5, 2849, 单向度的人
06436046, 9.3, 1117, 新教伦理与资本主义精神
25924609, 9.6, 810, 发现社会
30223629, 8.9, 1658, 椰壳碗外的人生
01091964, 9.2, 1162, 路易·波拿巴的雾月十八日
26877597, 9.5, 843, 一九八四（纪念版）
06977757, 8.4, 2892, 民主的细节
01056867, 9.1, 1235, 政治学
26451505, 8.9, 1542, 伯罗奔尼撒战争
03431988, 9.0, 1374, 人的境况
26171466, 9.5, 810, 筚路维艰
30284738, 9.1, 1200, 罗马元老院与人民
05906321, 9.2, 1072, 开放中的变迁
06068432, 9.2, 1064, 自由及其背叛
01804960, 9.2, 1057, 社会与政治运动讲义
22806583, 8.7, 1839, 国家的常识
25918941, 9.7, 646, 宪法学导论
04827310, 8.8, 1622, “中间地带”的革命
21325858, 8.8, 1556, 文明的冲突
21432137, 8.8, 1551, 共同的底线
02109239, 9.0, 1234, 论人与人之间不平等的起因和基础
01005813, 9.1, 1080, 自由秩序原理
10456130, 9.5, 724, 社会与政治运动讲义（第二版）
01027030, 8.5, 2158, 常识
25717107, 8.8, 1485, 红色资本
33436180, 9.4, 783, 牛津大学哲学通识课：政治哲学
01809150, 8.4, 2364, 公众舆论
06895949, 9.2, 929, 联合政府与一党训政
04115323, 8.7, 1601, 论人类不平等的起源
25908550, 8.4, 2294, 历史的终结与最后的人
26435040, 8.3, 2557, 世界秩序
01482609, 9.1, 930, 理解国际冲突
01971678, 9.3, 749, 国家间政治
05906312, 8.7, 1389, 兴盛与危机
26810557, 8.8, 1220, 想象的共同体
25778829, 8.7, 1367, 明亮的对话
02287712, 8.8, 1210, 美国精神的封闭
05938307, 9.4, 645, 学术与政治
19976381, 8.9, 1069, 政治秩序的起源
01877291, 8.5, 1669, 论出版自由
26895836, 9.2, 746, 不发表 就出局
30441554, 9.1, 820, 六论自发性
01160320, 8.9, 996, 政治学
26607419, 8.9, 991, 论中国
04285631, 8.7, 1237, 意识形态起源和影响
01077428, 9.1, 799, 自然权利与历史
30206893, 9.7, 456, 中国历代政治得失
01139065, 9.0, 875, 党员、党权与党争
03640150, 8.0, 2988, 血酬定律
01273726, 8.9, 969, 邓小平文选 第三卷
04809955, 8.6, 1352, 常识
01009105, 8.9, 955, 战争论
34925415, 9.5, 514, 当权的第三帝国
01196945, 8.4, 1612, 集体行动的逻辑
25730239, 8.1, 2383, 李光耀论中国与世界
02079931, 8.8, 1001, 大转型
10587755, 9.3, 591, 以利为利
34204669, 8.2, 2000, 日本人为何选择了战争
02382433, 8.7, 1070, 罗伯特议事规则
04212276, 8.5, 1336, 苏联的心灵
27025626, 9.1, 682, 君主论
01048922, 8.2, 1893, 硬球
01443638, 9.1, 676, 自由宪章
27120243, 9.3, 550, 转型中的地方政府
20375356, 9.1, 661, 论美国的民主
01867208, 9.1, 658, 政治学
01043419, 8.8, 895, 自由与繁荣的国度
25758414, 8.3, 1608, 苏联的最后一天
26806801, 9.2, 595, 告别百年激进
03593300, 9.3, 541, 民主新论
06052799, 9.2, 594, 自由论
26278816, 8.9, 793, 耶鲁大学公开课 : 政治哲学
24379797, 8.9, 780, 民主•宪法•人权
26593670, 8.3, 1515, 天鹅绒监狱
04248275, 8.6, 1043, 革命与反革命
03896758, 8.5, 1166, 参谋助手论
10876715, 8.8, 828, 论法的精神
34896921, 9.2, 553, 父权制与资本主义
01079962, 9.0, 666, 论法的精神（下）
02051821, 8.8, 816, 论革命
06006691, 8.7, 895, 现代性与大屠杀
01032570, 9.1, 588, 哈耶克文选
03092897, 9.0, 648, 政治学说史（上卷）
03803268, 8.6, 982, 历史决定论的贫困
26665157, 8.9, 683, 当代中国政府与政治
26721301, 8.8, 755, 反思史学与史学反思
04220193, 8.6, 927, 治理中国
26320417, 9.0, 606, 自然社会
04000736, 9.1, 549, 正义论（修订版）
26762440, 9.2, 497, 权力结构、政治激励和经济增长
04042959, 9.0, 599, 政治哲学导论
01009891, 8.6, 909, 公共领域的结构转型
02280161, 9.0, 597, 小镇喧嚣
25817153, 9.6, 345, 辩论
27085641, 8.3, 1261, 邻人
26581737, 8.8, 715, 权力的毛细管作用
03184336, 8.0, 1846, 民主四讲
25844426, 8.8, 708, 反抗“平庸之恶”
01828292, 8.8, 706, 黑暗时代的人们
02974917, 8.7, 776, 自由主义
26592899, 8.6, 851, 政治秩序与政治衰败
04062752, 9.1, 510, 古典自由主义
26591910, 9.1, 503, 历史的巨镜
25947310, 7.7, 2684, 21世纪资本论
03682755, 8.9, 604, 政治科学（第九版）
03212602, 9.0, 545, 毛泽东选集（第五卷）
30309618, 9.4, 378, 学术与政治
01048109, 8.6, 817, 第三波
02155341, 9.0, 540, 官僚体制·反资本主义的心态
25867785, 8.6, 815, 正义之心
01080223, 9.2, 443, 人与国家
03283550, 9.2, 440, 西方政治思想史
20537674, 9.4, 364, 先知三部曲（全新插图修订本）
01276771, 8.1, 1427, 政府论（上篇）
26430184, 9.3, 395, 美国宪政历程
26738944, 9.3, 394, 路易·波拿巴的雾月十八日
27011415, 8.9, 565, 能夏则大与渐慕华风
10563202, 8.3, 1082, 可操作的民主
01421310, 8.7, 683, 知识分子的鸦片
03069173, 8.2, 1210, 单向度的人
01927487, 7.7, 2362, 乌托邦
04126261, 8.4, 924, 身份与暴力
02030855, 8.6, 737, 弱者的武器
27136549, 8.7, 655, 思想史
07052073, 8.9, 532, 大外交
27064858, 8.3, 1014, 我们的孩子
01315182, 8.7, 648, 权力与繁荣
06440640, 9.4, 332, 清代地方政府
03074246, 9.0, 466, 无政府、国家和乌托邦
03785326, 8.4, 867, 黑猩猩的政治
27086102, 8.8, 559, 国王的两个身体
01099275, 8.7, 614, 论人类不平等的起源和基础
26606366, 7.8, 1808, 布达佩斯往事
01224599, 9.0, 450, 20年危机（1919-1939）
04122414, 9.3, 343, 经济与社会（第一卷）
04190173, 9.1, 408, 人应该如何生活
26378573, 9.2, 369, 经济人的末日：极权主义的起源
26323176, 9.4, 310, 1844年经济学哲学手稿
25781009, 9.2, 366, 反乌托邦三部曲
01095500, 8.9, 478, 意识形态的崇高客体
20473872, 8.3, 892, 幻影公众
26598286, 9.0, 429, 论人与人之间不平等的起因和基础
27094199, 9.5, 276, 法理学
01004329, 8.8, 514, 个人主义与经济秩序
10566979, 8.8, 514, 利维坦的道德困境
02308876, 8.6, 628, 政府论
01799240, 8.5, 699, 君主论
01233159, 8.8, 511, 国家与革命
27025893, 9.3, 322, 两汉魏晋南北朝宰相制度研究
01033829, 9.1, 382, 法律、立法与自由(第一卷)
26831912, 8.8, 507, 利维坦
30122152, 8.9, 459, 小镇喧嚣
06436044, 9.7, 231, 支配社会学
01061155, 8.3, 853, 中国官僚政治研究
20366367, 7.8, 1609, 金钱不能买什么
10532831, 9.3, 314, 中国近百年政治史
04857097, 9.0, 409, 政治思考
03546574, 8.7, 539, 扭曲的人性之材
30115763, 9.0, 399, 家庭、私有制和国家的起源
26847517, 8.7, 529, 在缅甸寻找乔治·奥威尔
05913340, 9.1, 360, 中苏关系史纲
26743425, 8.8, 474, 逃避统治的艺术
34920984, 9.3, 301, 埃及的革命考古學
27608153, 7.8, 1510, 创造日本
03260366, 8.9, 429, 社会主义
01437607, 8.9, 428, 中国近百年政治史
04236917, 8.6, 573, 观念史研究
26162975, 9.3, 296, 原则与妥协（增订版）
02158889, 8.3, 788, 权力的48条法则
02248893, 9.1, 351, 德意志意识形态
01454953, 9.4, 272, 比较政治经济学
01081334, 8.8, 463, 使民主运转起来
01418776, 8.8, 461, 美国反对美国
20326946, 9.2, 318, 理解全球冲突与合作
21345957, 9.1, 343, 宣传
19895831, 8.2, 848, 新教伦理与资本主义精神
10546119, 8.3, 749, 弯曲的脊梁
24751865, 8.6, 540, 暴力与社会秩序
26371591, 8.1, 942, 常识
01190181, 8.4, 651, 国家的视角
06152993, 9.2, 300, 当代政治哲学
03880817, 9.0, 356, 政治学说史（下卷）
27008294, 8.7, 473, 事实改变之后
27593408, 8.3, 719, 寡头
30197650, 8.8, 425, 致愤青
01084730, 9.4, 251, 辩论：美国制宪会议记录（上下）
01088061, 8.6, 516, 邓小平文选 第二卷
30423925, 9.3, 271, 学术与政治
26874890, 9.5, 230, 自然权利与历史
03067148, 8.5, 565, 去政治化的政治
05911531, 8.6, 507, 独自打保龄
27101663, 8.8, 410, 权力与特权
02048787, 8.3, 688, 国家与社会革命
01488497, 9.1, 310, 中国政治思想史
02999515, 8.8, 405, 论十大关系
27598734, 8.7, 446, 审问欧洲
01038949, 8.4, 605, 资本主义、社会主义与民主
01039750, 8.9, 364, 政治的概念
03191237, 8.0, 943, 众声喧哗
03237711, 8.7, 433, 自由的伦理
26675905, 8.8, 393, 统治与教育
25807475, 8.4, 588, 城市里的陌生人
10544787, 8.9, 357, 暴力
01315804, 8.6, 475, 上海罢工
02327776, 8.2, 731, 历史的地理枢纽
01795078, 8.4, 579, 民族与民族主义
01051349, 8.4, 578, 法国革命论
25961876, 8.2, 710, 断臂上的花朵
10427332, 7.8, 1165, 当代中国八种社会思潮
25792791, 9.1, 289, 中国政治制度史纲
20266235, 8.8, 370, 新阶级
26584021, 9.1, 279, 革命年代
01051386, 8.4, 544, 大国政治的悲剧
26044319, 8.4, 538, 马基雅维里
11604804, 8.8, 356, 权威与个人
25950191, 8.9, 324, 西方政治思想史（上下册）
27661640, 9.3, 230, 现代政治的思想与行动
04850299, 8.1, 737, 新自由主义简史
27624429, 9.2, 249, 历史
10571622, 8.8, 353, 知识分子的鸦片
06852927, 9.4, 210, 中国政治思想史
26426511, 8.5, 468, 解读希特勒
03323308, 9.2, 244, 关于犹太人问题
01000093, 9.2, 243, 民族国家与经济政策
04016869, 9.1, 262, 到奴役之路
06953288, 9.0, 285, 什么是政治哲学
20435354, 8.5, 453, 巨变
02253718, 9.4, 204, 英国工人阶级状况
24383565, 8.4, 501, 政治哲学与幸福根基
27086099, 9.3, 220, 理想国
01000952, 8.5, 448, 历史主义贫困论
03058531, 9.2, 236, 法律与革命
06710686, 9.0, 278, 生命政治的诞生
34879976, 8.3, 548, 什么是民粹主义？
27076779, 8.6, 400, 血缘与归属
26171406, 9.1, 254, Just Mercy
01081656, 8.8, 330, 哥达纲领批判
27056339, 9.0, 275, 君主论
04735985, 8.9, 300, 保卫马克思
03158094, 8.7, 360, 英国个人主义的起源
01494086, 8.3, 537, 邓小平文选 第一卷
05500746, 8.8, 322, 明夷待访录
26389495, 9.9, 136, 当代政治哲学
04313495, 8.6, 387, 哈贝马斯
05290299, 9.2, 226, 安全、领土与人口
01986275, 8.6, 385, 大失败
33446823, 8.5, 421, 民族的重建
01852591, 8.4, 466, 君王论
02972538, 8.9, 288, 民主转型与巩固的问题
03928815, 9.3, 206, 理解国际冲突
25838139, 8.5, 417, 黑猩猩的政治
30175059, 9.3, 204, 李光耀观天下
01276597, 9.3, 203, 毛泽东文集 第一卷
10545403, 9.3, 203, 公共事物的治理之道
20471310, 8.5, 412, 专制与民主的社会起源
27040538, 8.9, 282, 论文化
26716508, 9.2, 219, 国家与革命
03921409, 8.1, 631, 一个大国的崛起与崩溃（共三册）
03067671, 8.2, 562, 政治的历史与边界
23166433, 8.9, 281, 第三波
27176957, 8.0, 700, 战争、枪炮与选票
26800340, 8.6, 361, 神风特攻队、樱花与民族主义
30354245, 7.6, 1145, 注定一战
01870759, 8.0, 683, 东周战争与儒法国家的诞生
26826226, 8.0, 678, 香港治与乱
02977078, 8.2, 534, 政治哲学与幸福根基
03993370, 9.2, 209, 品位与职位
27600526, 8.8, 293, 金与铁
01883134, 9.0, 246, 现当代国际关系史
01063741, 8.7, 320, 霍布斯的政治哲学
01397886, 8.4, 423, 西游记与中国古代政治
25963469, 8.4, 422, 好好讲道理
01281775, 9.2, 205, 哲学与政治
01068301, 8.4, 418, 意识形态与乌托邦
27010229, 9.1, 220, 通向奴役之路
01291448, 9.0, 239, 寡头统治铁律
25983294, 8.5, 377, 极权主义的起源
26712445, 8.9, 259, 西方政治传统
11527961, 9.4, 173, 自由宪章
26409445, 9.2, 200, 政治学说史（上卷）
26298609, 9.3, 185, 变化社会中的政治秩序
06041368, 9.5, 159, 现代政治思想的基础（上、下卷）
04880404, 8.2, 504, 硬球
26249394, 8.1, 559, 帝国的终结
26838875, 7.7, 909, 齐泽克的笑话
30394978, 8.8, 276, 至高权力
05348296, 8.3, 446, 理性选民的神话
07054801, 8.6, 328, 领袖们
01047120, 8.4, 399, 神学政治论
26304315, 9.2, 195, 例外状态
30133210, 9.2, 195, 国王神迹
01116334, 7.8, 773, 自由主义
01836616, 8.4, 390, 写文化
02078097, 8.8, 267, 社会主义体制
30170661, 9.3, 177, 中国乡村
26545443, 8.0, 601, 自由的基因
26726213, 9.2, 191, 说真话的勇气
03097530, 8.3, 429, 来自上层的革命
30490198, 8.4, 386, 大趋势
23860707, 8.6, 317, 中国当代社会阶层分析
02016501, 8.9, 240, 另一条道路
01476068, 9.1, 202, 论僭政
01135838, 8.0, 576, 罗马盛衰原因论
20499301, 8.2, 460, 政治的历史与边界
25786160, 8.7, 280, 记忆的政治
30422816, 9.7, 128, 田园诗与狂想曲
27109207, 8.5, 337, 火与烬
26577706, 7.6, 939, 档案
01313069, 8.3, 411, 我们是谁
06879362, 8.5, 335, 商君书
25908107, 8.4, 369, 功利主义
33387411, 9.1, 196, 保守主义思想
01062960, 9.2, 180, 美洲三书
03719511, 8.2, 446, 政治学的邀请
25708550, 8.1, 496, 知识分子与社会
26938584, 9.1, 193, 驯化利维坦
27203334, 8.7, 271, 文明的冲突
04317736, 9.3, 165, 怎么办
30176576, 8.4, 359, 美国秩序的根基
03557583, 8.5, 324, 通往尊严的公共生活
25906170, 9.3, 163, 旧制度与大革命
02976744, 8.5, 315, 若干重大决策与事件的回顾（上下）
23749013, 7.7, 762, 毛泽东传
01102690, 8.6, 286, 争论中的国际关系理论
26644832, 8.2, 423, 政治是什么？
26800172, 9.3, 159, 社会的构成
25762630, 9.1, 185, 社会契约论
30262316, 8.9, 215, 虽然人人都说暴力不好（14岁懂社会系列）
27176963, 7.6, 842, 大国宪制
04115340, 8.3, 369, 毛泽东箴言
06129747, 9.2, 166, 资本论
26794951, 8.7, 250, 南宋初期政治史研究
22768133, 8.2, 405, 到芬兰车站
04235857, 8.4, 328, 政治哲学史
20284227, 8.4, 328, 欢迎来到实在界这个大荒漠
25854138, 8.1, 447, 右派国家
27085707, 8.6, 271, 战败者
30151808, 9.2, 164, 共产党宣言
01068824, 7.8, 629, 政治学十五讲
01072924, 8.7, 246, 共和·民主·宪政
01509913, 8.3, 359, 国际关系史
02068710, 8.2, 397, 国家的兴衰
25721226, 7.9, 553, 沉默的螺旋
01120991, 9.4, 140, 布莱克维尔政治学百科全书
01085487, 8.5, 292, 农民的道义经济学
04912723, 8.5, 290, 自由人的平等政治
24720398, 9.2, 160, 自由人的平等政治（增订版）
02155344, 8.8, 219, 权力与市场
26431647, 8.6, 261, 中国近代历史的表与里
26877271, 9.0, 183, 马克斯·韦伯与德国政治：1890—1920
26718544, 9.3, 145, 世俗时代
01427471, 8.2, 378, 道德与立法原理导论
05996562, 8.8, 214, 论革命
01463544, 9.2, 155, The Road to Serfdom
01245535, 8.4, 306, 国家篇 法律篇
01279934, 8.5, 277, 马克思主义、毛泽东主义与乌托邦主义
30186879, 9.0, 179, 导读福柯《规训与惩罚》
25705618, 9.1, 165, 马基雅维里时刻
25710178, 8.5, 272, 情感堵塞
27098940, 9.5, 122, 意识形态的崇高客体
10454494, 8.5, 270, 比较的幽灵
30126845, 9.3, 138, 民族国家与经济政策
03596547, 8.3, 321, 弑君者
26577911, 9.2, 147, 民主新论
06946737, 8.5, 263, 当代中国的启蒙与反启蒙
01679727, 8.6, 240, 中国地方行政制度史
30389922, 8.0, 436, 精神政治学
30177153, 9.4, 127, 英国进步主义思想
06398616, 9.0, 171, 霍布斯与共和主义自由
27186786, 8.7, 219, 缔造和平
30165631, 9.1, 157, 越南
26810502, 8.4, 286, 暴力
02239214, 8.7, 217, 法兰西内战
04253271, 8.4, 283, 谁是美国人？
26665639, 9.3, 134, 职业伦理与公民道德
01427018, 8.6, 233, 国家兴衰探源
26309057, 9.1, 154, 使民主运转起来
26933302, 8.3, 306, 巨变
30244056, 8.1, 374, 反对选举
01065053, 8.8, 193, 在事实与规范之间
26921758, 7.5, 755, 地理与世界霸权
25891303, 8.4, 273, 治大国
21618173, 8.9, 176, 政治学
01251777, 8.0, 408, 政治学
26849213, 8.8, 190, 言论的边界
25734522, 7.9, 455, 南非的启示
26696383, 9.3, 129, 古代人的自由与现代人的自由
05332312, 9.1, 149, The Origins of Political Order
26712444, 8.1, 361, 信任
03259487, 8.4, 266, 文化与无政府状态
30272669, 8.8, 185, 威权式法治
26043606, 9.3, 126, 美国人
20480829, 8.3, 288, 大国的兴衰（上）
06744666, 8.8, 182, 纳粹德国
01890256, 8.5, 235, 阿奎那政治著作选
30309815, 9.1, 143, 从舞台边缘走向中央
34801236, 8.8, 181, 中国精神读本
06848172, 9.0, 154, 政治哲学史讲义
01316933, 8.4, 256, 被压迫者教育学
07001439, 9.3, 122, 政治学核心概念
26323173, 9.1, 140, 帝国主义是资本主义的最高阶段
06003649, 8.0, 375, 中国官僚政治研究
10745173, 9.1, 139, 科学的反革命
24534471, 8.5, 227, 维稳的政治逻辑
26819270, 9.3, 119, 美利坚共和国的缔造
01493085, 8.5, 224, 从革命到政治
01898651, 8.2, 297, 民主和专制的社会起源
21325694, 9.1, 135, 官僚体制的政治
19952165, 9.5, 102, 马克思恩格斯选集
26989791, 9.5, 102, 法兰西内战
06833967, 7.6, 566, Why Nations Fail
06847782, 8.1, 321, 德国的浩劫
26606359, 8.6, 200, 新自由主义简史
26409446, 9.1, 133, 政治学说史（下卷）
10770260, 8.7, 182, 论民主
01316507, 8.2, 286, 言论自由的反讽
27197932, 8.8, 166, 拜占庭的新生
33380604, 8.4, 234, 国家的视角
21360261, 8.7, 179, 权力论
26101106, 8.4, 232, 保守主义 （修订第三版）
01059912, 8.5, 209, 群众与权力
11501634, 8.5, 209, 人民的选择
26261103, 8.5, 209, 无目的的手段
27139943, 8.5, 209, 雅尔塔
20269908, 9.4, 104, 国家间政治
26949934, 8.5, 206, 从投票到暴力
30266625, 9.9, 75, 理解全球冲突与合作
30406623, 8.9, 147, 国家兴衰
04729534, 8.8, 159, 美国政治传统及其缔造者
01288989, 7.7, 461, 网络共和国
26935203, 9.0, 135, 美国政治
26443813, 7.8, 408, 沉疴遍地
02280308, 8.5, 202, 安邦之道
26388427, 7.2, 874, 国家为什么会失败
27034240, 9.7, 83, 史学理论手册
01233267, 9.3, 105, 统治阶级
26393887, 8.5, 195, 神文时代
30203781, 8.3, 233, 民主的逻辑
25697234, 9.5, 91, 朱镕基上海讲话实录
30255361, 8.6, 177, 20世纪的美国（修订版）
25859085, 9.4, 97, 海权论
30209303, 9.2, 111, 党员、党权与党争
26721266, 9.0, 127, 大断裂：人类本性与社会秩序的重建
01750683, 8.6, 174, 狱中札记
01982532, 9.4, 95, Capital
27014615, 7.3, 695, 为什么有的国家富裕，有的国家贫穷
01520314, 8.3, 224, 中国的现代化
26832573, 9.0, 125, 政治的应许
23938404, 9.3, 101, 西方社会运动理论研究
03870856, 9.0, 124, 古希腊政治、社会和文化史
26562299, 8.8, 144, 根本恶
26770396, 10.0, 65, 先秦政治思想史
26821429, 8.9, 133, 联邦论
04909017, 9.0, 123, 大外交
26721275, 8.7, 155, 再塑意识形态
26916928, 9.9, 68, 论僭政
26136477, 9.2, 105, 正义的两面（修订版）
03792643, 8.5, 180, 谁统治美国？
04055787, 8.9, 130, 以色列游说集团与美国对外政策
21268040, 8.8, 140, 竞逐富强
26904665, 9.4, 91, 东亚的王权与思想
03243783, 8.5, 176, 右翼美国
26847521, 9.5, 84, 论美国的民主
27172638, 7.7, 388, 一本书看懂地缘世界
25826755, 8.5, 175, 政治学与生活
27119176, 9.4, 89, 政治与历史
04189946, 8.3, 207, 合法化危机
05924297, 8.9, 125, 美国革命的激进主义
25908549, 7.6, 425, 无政府主义人类学碎片
26177185, 9.0, 115, 政治哲学
26299706, 9.4, 87, 从戈尔巴乔夫到普京的俄罗斯道路
33455917, 8.4, 184, 侠客岛对话郑永年
06001357, 8.6, 153, 反潮流
27060604, 7.7, 365, 中国革命
04056294, 9.0, 112, 韦伯政治著作选
26260335, 7.9, 292, 上帝与黄金
27059084, 9.4, 85, 共产主义运动中的&#34;左派&#34;幼稚病
25782982, 7.5, 459, 论自愿为奴
01890228, 7.9, 289, 女权辩护 妇女的屈从地位
01024101, 8.7, 138, 权谋残卷
01737093, 8.7, 138, 论共和国
01912707, 8.0, 258, 政治社会学导论
27102020, 8.6, 149, 实证的迷思
03229832, 8.8, 127, 被背叛了的革命
01019832, 8.6, 148, 姊妹革命
26926081, 8.6, 148, 论政治
01055273, 9.1, 101, 权力与货币
26390714, 7.6, 391, 大断裂
04312467, 8.9, 116, 毛泽东文集-1-8卷
26826241, 7.8, 308, 中国共产党的九十年
03431992, 8.3, 187, 社会运动，1768—2004
26896774, 8.6, 144, 图绘暹罗
26604202, 8.3, 185, 皇权不下县?
26763015, 9.1, 98, 李光耀：新加坡赖以生存的硬道理
01949396, 8.5, 155, 政党与政党体制
01491298, 8.4, 168, 中国的共产主义与毛泽东的崛起
25808248, 8.1, 221, 政治学的邀请
04832495, 7.6, 375, 工作、消费、新穷人
02372640, 8.9, 111, 为增长而竞争
04208782, 8.3, 180, 当代比较政治学
26668695, 8.6, 139, 人以什么理由来记忆
02020609, 8.5, 150, 关于建国以来党的若干历史问题的决议
26587298, 9.6, 69, 大国外交
26411239, 9.4, 78, 民主新论
22488897, 8.1, 214, 共和的危机
04729501, 8.3, 177, 抗争政治
25751980, 7.4, 457, 他们以为他们是自由的
26310888, 9.5, 71, 哈耶克文选
05406422, 8.3, 171, 大众的反叛
27112566, 9.0, 98, 何谓“现代的超克”
26842557, 8.4, 156, 政治思考（修订版）
02362236, 8.6, 131, 政治观念史稿（卷一）
01256467, 8.0, 222, 权力精英
33411421, 9.3, 79, 东方学
01851215, 7.9, 245, 东方专制主义
27034335, 9.1, 90, 《凡尔赛和约》的经济后果
01006332, 8.0, 220, 民族—国家与暴力
03662243, 8.5, 140, 找回国家
04106956, 8.2, 181, 国际政治学概论-第三版
06719693, 8.2, 181, 革命將至
26696883, 9.2, 83, 从资本家手中拯救资本主义
07000917, 9.0, 95, 政治经济学概论
34779855, 8.2, 180, 隐秘战争
24887735, 9.1, 88, 和平与战争
27036755, 8.0, 215, 远方的陌生人
25763756, 9.0, 94, 现代世界体系（四卷本）
34869836, 9.6, 64, 自由及其背叛
20502546, 8.4, 149, 晚期资本主义的文化逻辑
24696402, 7.8, 262, 即将到来的地缘战争
01254362, 8.6, 126, 多头政体
26921060, 8.0, 213, 男性统治
03434919, 8.9, 100, 政治发展的经济分析
11525224, 8.9, 100, 国家建设与政府行为
01370286, 9.2, 81, Leviathan
35006231, 8.8, 107, 故土的陌生人
25918080, 8.3, 160, 苏联军队的瓦解
11519519, 8.6, 124, 人、国家与战争
30206390, 8.6, 124, 民主四讲
34941359, 8.6, 123, 君主论
27662715, 8.8, 105, 基辛格
01151091, 8.2, 171, 现代化新论
04717286, 8.4, 143, 政府论
04718464, 8.4, 142, 民族主义
04212270, 8.9, 96, 以色列与启示
33463340, 7.3, 434, 论大战略
27089750, 8.3, 152, 裙带资本主义
26327548, 8.4, 139, 重建的世界
26023215, 8.5, 127, 毛泽东
25863979, 8.1, 179, 民主的阴暗面
10769741, 8.6, 117, 现代政治分析
26782515, 7.7, 266, 抉择与分歧
26576464, 9.0, 87, 退出、呼吁与忠诚
01277270, 8.9, 93, 神话与政治之间
25783486, 8.9, 93, 联邦党人文集
04860587, 8.3, 148, 通产省与日本奇迹
34961780, 9.7, 56, 宣传（第二版）
03528077, 8.3, 146, 新帝国主义
27599924, 8.4, 134, 峰会
26651780, 8.1, 174, 仪式、政治与权力
25881733, 7.9, 210, 五代时期北方中国的权力结构
03104573, 8.2, 158, 现代政治的正当性基础
04106964, 8.4, 133, 强社会与弱国家
02057265, 8.2, 157, 社会权力的来源（第一卷）
26797406, 7.2, 459, 美国独行
26956553, 9.4, 65, 剑桥十八世纪政治思想史
02304054, 8.7, 104, 共产主义ABC
01737749, 8.6, 112, 让历史来审判（上下）
01424341, 8.3, 142, 公共知识分子
30143231, 9.0, 83, 大国协调及其反抗者
27002570, 9.1, 77, 贸易的猜忌
26440293, 9.5, 60, 希特勒
34986715, 9.2, 72, 东西街
33376541, 8.6, 109, 梅特涅：帝国与世界
01156993, 9.3, 67, 维诺那计划
01005561, 8.5, 117, 日本政治史（全四册）
06540331, 8.3, 136, 地缘政治学
26377203, 8.8, 92, 社群主义
24316346, 7.0, 558, 美帝国的崩溃
04325052, 9.5, 58, 权力学
24719014, 7.4, 328, 中国有多特殊
34997980, 8.7, 97, 耶路撒冷之前的艾希曼
05980592, 8.3, 132, 美国精神的封闭
26877308, 7.9, 189, 中古中国的寡头政治
05923025, 7.7, 230, 中国共产党历史（第一卷）
30264643, 7.3, 361, 民粹主义大爆炸
26579801, 7.8, 207, 高思在云
26280107, 8.2, 142, 大国政治的悲剧
26832061, 8.2, 141, 凯南日记
06850132, 8.8, 88, 民主的本性
01135053, 7.6, 251, 论世界帝国
30199351, 7.9, 184, 金钱暗流
03114621, 8.3, 128, 帝国的消亡
26612253, 8.8, 87, 剑桥二十世纪政治思想史
01271644, 9.4, 59, 列宁选集 第一卷
25963607, 7.8, 202, 大争论
10956267, 8.2, 139, 战略远见
25864125, 8.5, 108, 资本主义还有未来吗
01480720, 7.8, 200, 冲突的战略
01075981, 8.4, 116, 理性化与官僚化
20282380, 8.9, 80, 德行、商业和历史
26615605, 8.5, 107, 世界权力的转移
01060371, 7.8, 197, 政府片论
01009902, 8.4, 115, 美国宪法的“高级法”背景
26373637, 8.2, 134, 大棋局
27131550, 8.7, 90, 腐败
10581879, 8.4, 113, 比较媒介体制
20474529, 7.6, 237, 政治学十五讲
02370351, 8.9, 78, 争夺欧洲霸权的斗争
06979665, 7.3, 331, 中国共产党
06026162, 8.6, 96, 中世纪政治思想史
25707594, 8.4, 111, 统治史（卷二）：中世纪的帝国统治和代议制的兴起 ——从拜占庭到威尼斯
26981868, 8.6, 95, 资本的限度
34922184, 9.6, 50, 西方政治思想史
30162458, 8.7, 88, 政治的起源
02982226, 9.2, 63, 决策的本质
30242437, 7.4, 286, 看世界
07153506, 9.0, 71, 超越功利主义
26103941, 9.0, 71, 帝国的话语政治
25707650, 7.1, 411, 别想那只大象
02128855, 8.7, 86, 苏共野史（上下）
26384792, 7.4, 278, 硬球
25831888, 8.5, 99, Political Order and Political Decay
25964041, 8.5, 99, 列宁主义
26297802, 8.4, 107, 当图书成为武器
25927361, 7.2, 345, 事实即颠覆
26141487, 8.4, 105, 拷问法国大革命
30422753, 8.4, 105, 暴力与反暴力
01095502, 7.6, 217, 民族与民族主义
25718597, 7.8, 177, 新乡土中国
30420913, 8.2, 123, 美国官僚体制
26716231, 7.3, 303, 大国雄心
03654608, 7.5, 239, 战争与国家形成
23774698, 7.8, 175, 中国的&#34;行为联邦制&#34;
30140243, 8.9, 72, 希特勒传
27098965, 8.2, 121, 美国政党与选举
26691826, 8.6, 88, 被误解的民主
26267266, 8.2, 120, 符号政治经济学批判
25963513, 8.4, 102, 合法性与正当性
33476133, 8.6, 87, 逃避统治的艺术（修订译本）
02838817, 9.2, 58, The Logic of Political Survival
06963831, 8.9, 70, 政治自由主义
30267190, 8.3, 108, 战争史
30255677, 9.4, 51, 西方政治思想的社会史：公民到领主
24720021, 8.4, 99, 权力与无知
27125052, 8.5, 91, 民族认同
34451877, 9.1, 60, 土地改革与华北乡村权力变迁
25917050, 7.9, 149, 民主崩溃的政治学
26256875, 8.9, 68, 歧义
30366371, 8.6, 83, Upheaval
27115818, 8.8, 72, 民主的模式（第二版）
30140441, 8.4, 96, 信息资本主义的兴起与扩张
26337147, 8.6, 82, 决策的本质
26806810, 8.6, 82, 绝对主义国家的系谱
06849285, 8.5, 88, 加图决策者手册
26743876, 8.5, 87, 法国大革命反思录
34879908, 8.3, 101, 大幻想
26989765, 8.7, 74, 军人与国家
02182974, 8.1, 117, 比较政府与政治导论
26386366, 8.3, 99, 政治学百科
05419802, 6.0, 2018, 中国震撼
27065463, 8.4, 91, 日常生活批判
01223052, 9.0, 60, 汉语中的马克思主义术语的起源与作用
27156274, 8.2, 106, 德国人
05406415, 9.4, 47, 哲学与政治（上下）
34459667, 8.1, 114, 誓言
27064113, 8.9, 63, 记忆
03268873, 8.8, 67, 中国官僚政治研究
10868063, 8.2, 104, 审查历史
27028487, 6.9, 408, 国家构建
25869259, 8.7, 71, 政治科学（第12版）
01015867, 8.1, 112, 美国人民的历史
01851734, 7.2, 276, 江泽民文选（第一卷）
03170650, 7.5, 196, 政治学概论
06078796, 7.7, 159, “气”与抗争政治
26952318, 8.3, 93, 朝服
26324182, 8.3, 91, 国家与生活机遇
03116941, 7.7, 153, 帝国
30439507, 8.0, 114, 溃而不崩
07059581, 7.3, 226, 政治学导论
25883928, 9.8, 35, Stalin
01507435, 8.4, 81, 恐怖主义和共产主义
02306962, 8.4, 81, 中国皇权制度研究（上下）
27194243, 8.9, 57, 资本主义与现代社会理论
25807521, 7.9, 120, 政治的细节（第10版）
26727156, 8.6, 69, 关于爱国
02343947, 8.0, 109, 自由·平等·博爱
34781254, 9.7, 36, 经济与社会（第一卷）
25873203, 9.4, 42, 管理困境
26882520, 7.7, 142, 亚洲的去魔化
04882149, 8.5, 73, 日本官僚制研究
33380610, 8.1, 99, 神圣的欢爱
25714316, 8.5, 72, 公民文化
26702897, 9.2, 46, 关于马基雅维里的思考
04159397, 8.9, 55, 政治博弈论
01578666, 9.5, 39, “布拉格之春”前后
30329460, 8.4, 77, 全球化时代
30334466, 8.4, 77, 幻影恐惧
26285648, 7.8, 125, 当代中国的中央地方关系
34918516, 8.7, 62, 从那霸到上海：在临界状态中生活
26766949, 9.1, 48, 德意志帝国的大战略
27012117, 8.4, 75, 政治的逻辑
05171800, 7.8, 122, 中国政治制度史导论
01803244, 8.4, 73, 苏联政权史
01000019, 7.6, 143, 政治无意识
26275738, 8.9, 52, 现代中国思想的兴起
11520724, 8.6, 63, 政权与斗争剧目
26764585, 8.3, 78, 制度变迁的广义理论
21324973, 8.8, 55, 公共舆论
26683669, 8.3, 77, 战后法国的存在主义马克思主义
27167496, 8.1, 89, 解放的悖论
01908241, 8.7, 57, 权利话语
26295966, 9.0, 47, 剑桥阿伦特指南
19997978, 8.8, 53, 缅甸高地诸政治体系
26712410, 8.5, 64, 牛津比较政治学手册
26877884, 9.4, 37, 胡锦涛文选（第三卷）（平装本）
30203928, 9.4, 37, 国际关系史
19940422, 8.4, 68, 强社会与弱国家
01905321, 9.5, 35, Anti-Intellectualism in American Life
24846812, 9.0, 46, 西方的敌与我
26832582, 8.3, 73, 何为正义
33378023, 9.2, 41, 牛津国际关系手册
05285310, 9.1, 43, 自由与权利
34893663, 7.8, 108, 中国的当下与未来
26133534, 7.9, 99, 文学的政治
05407284, 8.4, 67, 保守主义
26599858, 8.4, 67, 权力与选择（插图第13版）
34950156, 9.4, 36, 不正义的多重面孔
02238908, 8.3, 71, “不断革命”论
01157323, 8.0, 89, 政治论
26108602, 8.9, 47, 中國模式：贊成與反對（增訂版）
02354580, 8.4, 65, 联盟的起源
26340216, 6.6, 398, 大道之行
03147552, 8.7, 52, 无须资本家打造资本主义
26743885, 7.9, 93, 我们的敌人：国家
26911001, 8.1, 79, 权力精英
27135630, 8.5, 59, 自由的忠诚
02336226, 7.9, 91, 国家：本质、发展与前景
26606369, 8.2, 71, 自然的政治
34874770, 8.2, 71, 暴政：掌控關鍵年代的獨裁風潮，洞悉時代之惡的20堂課
26934250, 9.0, 42, 界而治之
01116682, 8.1, 75, 唯一者及其所有物
34399201, 9.6, 30, 权力优势
30124794, 9.0, 41, 天降之任
25801722, 8.7, 49, 早期现代世界的革命与反抗
06772247, 8.1, 74, 政治人
26220998, 7.9, 86, 政治学的思维方式
30426213, 8.4, 57, 西中有东
35029799, 8.3, 61, 自由主义的重生与政治德性
25955518, 6.4, 447, 中国超越
03545908, 8.0, 75, 超越左与右
26430211, 8.6, 49, 毛泽东逝世后的中国
26975278, 9.7, 27, Stalin
30460541, 7.9, 80, 警察
30283395, 9.3, 32, 希腊化、罗马和早期基督教
21559360, 8.4, 54, 政治科学的理论与方法
34816984, 8.2, 62, 文明及其不满
30449482, 8.2, 61, 三樓書記室的暗號
30145714, 8.6, 46, 法国人民：四个世纪、五个地区的历史
03435634, 8.2, 60, 我们国家的道路
33455463, 9.2, 32, 反穀
33218306, 7.3, 126, 断裂的阶梯
03163992, 8.7, 42, 权力场
34886844, 7.7, 86, 汉娜·阿伦特：活在黑暗时代
25872374, 7.5, 102, 武士政治
01729849, 8.8, 39, 最后的帝国
26730646, 7.5, 99, 权力的悖论
26840392, 8.0, 65, 战争的框架
03908374, 8.2, 56, 国家、政党与社会运动
26694579, 7.9, 70, 江湖中国
05402000, 9.1, 32, 用兵之道
30321350, 8.7, 40, 国际关系精要(第七版)
30290030, 8.4, 48, 独自打保龄
27039479, 8.5, 45, 人文主义与民主批评
30469079, 8.3, 51, 遏制战略
27625616, 7.6, 86, 战争的面目
27181890, 7.7, 78, 财富与权力
27001404, 8.6, 41, 论《独立宣言》
34790040, 8.9, 34, 中国政治思想史
34910653, 8.5, 42, 发明自由
26364731, 8.9, 33, 南海
33408162, 6.9, 161, 为什么不平等至关重要
19975558, 8.4, 44, 宪政爱国主义
27202226, 8.4, 44, 走私如何威胁政府
30411017, 8.7, 36, 时间、劳动与社会统治
30432513, 8.3, 46, 西方政治思想的社会史：自由与财产
26916799, 6.7, 195, 以自由之名
27025112, 7.7, 70, 权力精英
26641864, 7.6, 75, 飞跃5000年
26584735, 8.9, 31, 马克斯·韦伯与现代政治理论
27154515, 8.4, 41, 谁统治美国？
34937302, 8.7, 34, 用野心对抗野心
24749382, 8.8, 32, 民主在美国
30312386, 8.9, 30, 国王的两个身体
10488175, 7.5, 77, 中共党史珍闻录
30251735, 8.7, 33, 地理与世界霸权（全彩精装版）
33423720, 7.6, 70, 掘墓人
34815616, 7.4, 83, 逆说美国的民主
27914655, 9.5, 22, 社会主义
30237839, 9.4, 23, 政治的概念
30349611, 8.9, 29, China and Japan
30387309, 8.6, 34, 民主國家如何死亡
26886792, 8.2, 43, What Is Populism?
27103179, 7.8, 57, 精英的黄昏
33418533, 7.7, 60, 反自由的自由
35017979, 8.3, 38, Has China Won?
26306128, 8.9, 27, 网络与国家
34441052, 9.3, 22, 争夺欧洲霸权的斗争
26897114, 9.9, 17, 从戈尔巴乔夫到普京的俄罗斯道路
27020892, 8.1, 42, 当代国家理论
30272322, 9.6, 19, 法律与革命（第一卷）
26394156, 8.6, 30, 政治神学
26299380, 7.3, 75, 好民主，坏民主
26852395, 8.5, 31, 政治学原理（第三版）
34986453, 8.9, 25, 菊纹大和绘
01015839, 8.0, 42, 没有政府的治理
34996964, 8.2, 36, 纳粹掌权
30244068, 8.5, 30, 腐败与政府
02893571, 9.2, 21, Propaganda
03163868, 7.5, 58, 国家与牺牲
33455212, 7.3, 68, 权贵
05386900, 8.2, 34, 抗议政治学
30248304, 8.2, 34, 理论的危机
34685943, 8.1, 36, 中世纪早期的语言与权力
26285646, 7.6, 50, 农户、集体与国家
27101995, 7.6, 48, 帝国的兴衰
30251648, 8.0, 36, 解讀民粹主義
34889907, 7.9, 38, 巨兽
01040665, 7.6, 47, 殖民者的世界模式
33440204, 7.9, 37, 出类拔萃之辈
34826156, 9.7, 15, 经济与社会（第二卷）
01927034, 9.1, 19, The Faces of Injustice
26365015, 9.1, 19, 总统的性格
25714728, 8.5, 25, 建国之父的失败
30417764, 7.9, 34, 思想产业
35051898, 8.8, 20, 乐观而不绝望
35045205, 8.9, 19, 群众与权力
26545269, 9.0, 18, 罗斯福与塔夫脱
25741139, 7.7, 37, 不由自主的资产阶级
34897067, 7.5, 42, 历史的回归
30443970, 6.7, 82, 何故为敌
34865922, 8.4, 23, 中国的新型正义体系
03244326, 7.7, 35, 合法性的争夺
26918568, 9.1, 16, 自由·平等·博爱
30294342, 7.5, 38, 恐惧本身
26874476, 7.6, 35, 当工作消失时
03053288, 7.3, 43, 一场夭折的中国文化启蒙运动
34840573, 8.6, 19, 太平洋地缘政治学
25904039, 7.6, 33, 论妥协
26148713, 8.1, 23, 国家的神话
27082391, 8.1, 23, 帝国主义
30361646, 6.9, 54, 抽签与民主、共和
27070143, 7.5, 33, 国家权力与社会势力
24855557, 7.5, 31, 现代化与后现代化
30288322, 7.8, 25, 中國如何跳出貧困陷阱
34842504, 8.0, 22, 国家建构
26654067, 8.6, 16, 政治版图2.0
34978494, 8.9, 14, 古代晚期的权力与劝诫
30259940, 9.1, 12, 拱心石下
26313827, 7.1, 34, 印度与印度洋
26981877, 9.2, 11, 政治社会的世系
25895388, 6.9, 38, 群众与暴民
34833838, 7.5, 24, 动荡而强大的大陆
05421014, 9.4, 10, 基層官僚
05404425, 7.3, 27, 法权现象学纲要
26640437, 7.3, 27, 多余人的回忆
26427662, 8.6, 13, 国家与社会革命
30346155, 8.6, 13, 古代民主与现代民主
26911185, 8.0, 17, The Politics of Resentment
27619632, 7.2, 27, 统治俄罗斯
34912086, 8.5, 13, 发明民族主义
26838259, 5.4, 199, 贤能政治
30280309, 6.4, 50, 自由的幻觉
30389926, 6.4, 49, 道德政治
34922880, 9.0, 10, Making It Count
27058906, 8.5, 12, 官僚制内幕（中文修订版）
26383971, 8.4, 11, 何谓民族？
30436159, 8.6, 10, 近代西方国家的危机政府
26436007, 8.5, 10, 意识形态的终结
30269346, 8.2, 11, 反民主
26067532, 5.5, 92, 政治学基础（第三版）
34859240, 7.6, 14, 動盪
30290029, 8.0, 10, 牛津政治行为研究手册
26388547, 5.4, 65, 民主中国如何选择
34868005, 0.0, 10, 账簿与权力
34970035, 0.0, 10, 大屠杀
34984574, 0.0, 10, 北京零公里
26972221, 0.0, 11, 卡尔·施米特在第三帝国
34951930, 0.0, 11, 政府监管的新视野
