2020-07-05 16:00:05

number of books, tag name
658, 故事

ID, rating, votes, title
01084336, 9.0, 576771, 小王子
10554308, 9.1, 272236, 白夜行
05363767, 9.2, 214997, 三体Ⅲ
27614904, 9.2, 192589, 房思琪的初恋乐园
01200840, 9.0, 251390, 平凡的世界（全三部）
01019568, 9.3, 122051, 三国演义（全二册）
10594787, 9.0, 184326, 霍乱时期的爱情
01023045, 8.7, 239547, 我们仨
01040211, 9.2, 92088, 福尔摩斯探案全集（上中下）
02035179, 9.2, 90995, 动物农场
01009257, 9.0, 126015, 哈利·波特与火焰杯
01255625, 9.1, 102636, 天龙八部
01039487, 8.9, 126753, 哈利·波特与密室
03674537, 9.1, 87800, 明朝那些事儿（1-9）
01829226, 9.1, 85331, 肖申克的救赎
02295163, 9.0, 100634, 哈利·波特与死亡圣器
01007914, 8.7, 158683, 窗边的小豆豆
01002299, 9.0, 88426, 笑傲江湖（全四册）
06710437, 9.3, 50260, 撒哈拉的故事
01017143, 8.5, 200886, 不能承受的生命之轻
01432596, 8.8, 109944, 哈利·波特与混血王子
01141406, 8.5, 186825, 简爱（英文全本）
01043008, 9.0, 69498, 格林童话全集
03646172, 8.4, 195279, 恶意
26698660, 8.9, 66328, 巨人的陨落
01949338, 8.9, 53040, 明朝那些事儿（贰）
01948901, 8.3, 160113, 盗墓笔记
01045818, 8.5, 105806, 苏菲的世界
04242172, 8.1, 230390, 天才在左 疯子在右
03576486, 9.1, 31092, 小狗钱钱
01119522, 8.4, 102869, 呼啸山庄
04742918, 8.3, 111157, 1Q84 BOOK 1
01016003, 8.1, 153080, 鲁滨逊漂流记
03136271, 8.7, 47433, 罗生门
01082334, 8.1, 144825, 穆斯林的葬礼
01035848, 8.7, 44558, 一千零一夜
01856494, 9.4, 14945, 卡拉马佐夫兄弟
06789605, 9.1, 23065, 树上的男爵
03626924, 8.9, 30843, 明朝那些事儿（柒）
26878124, 8.5, 58241, 我的天才女友
26425831, 8.8, 33335, 斯通纳
03604517, 9.3, 14974, 撒哈拉的故事
03633461, 8.7, 37284, 一句顶一万句
23008971, 9.1, 18815, 平如美棠
26864984, 8.9, 24073, 金色梦乡
01119839, 9.1, 15885, 王尔德童话
01082398, 8.8, 22112, 梦里花落知多少
01461903, 7.8, 138119, 何以笙箫默
01882933, 8.1, 73252, 鬼吹灯之精绝古城
03012517, 8.6, 27902, 小姨多鹤
24382569, 8.7, 22965, 一桩事先张扬的凶杀案
02298149, 8.4, 37438, 盗墓笔记3
01034329, 8.9, 16252, 白鹿原
01044663, 8.7, 22167, 许三观卖血记
25976544, 9.2, 10326, 故事
04187411, 8.8, 18256, 万物有灵且美
02340100, 8.0, 73634, 遇见未知的自己
01424741, 8.5, 28758, 心是孤独的猎手
01941301, 9.3, 8455, 365夜故事（上下）
01919201, 8.4, 32757, 七夜雪
02008284, 8.7, 18453, 佐贺的超级阿嬷
01013225, 8.4, 29488, 生活在别处
02057285, 8.2, 42257, 盗墓笔记2
02022979, 8.0, 62015, 喜宝
01015452, 8.3, 34933, 国境以南 太阳以西
02209098, 7.8, 90008, 致我们终将逝去的青春
20392523, 8.5, 22947, 没有人给他写信的上校
04874131, 8.1, 44955, 东霓
01963310, 8.2, 36978, 大地之灯
04074636, 7.6, 121327, 放学后
26340138, 7.6, 120578, 岛上书店
02194123, 8.4, 24264, 相约星期二
01020670, 8.3, 27952, 舞！舞！舞！
10763902, 7.7, 87527, 偷影子的人
34434309, 7.9, 50443, 82年生的金智英
04826530, 9.1, 6680, 我亲爱的甜橙树
02340609, 9.1, 6668, 2001太空漫游
01115748, 9.2, 5814, 故事
01039752, 7.8, 57365, 且听风吟
03697494, 9.1, 6558, 洞穴奇案
01440089, 8.3, 21712, 那些生命中温暖而美好的事情
01031740, 8.2, 25255, 寻羊冒险记
01483522, 9.3, 4843, 365夜
04011440, 8.0, 31723, 最初的爱情 最后的仪式
20431965, 8.5, 12990, 只有医生知道!
03608235, 8.5, 12866, 失物之书
03025618, 9.4, 3678, 我们的祖先
01261153, 8.4, 14765, 青蛇
02180619, 8.0, 28059, 偷书贼
02026211, 9.0, 5775, 士兵突击
30336863, 8.4, 13617, 回答不了
33658616, 8.8, 7066, 克莱因壶
03836566, 8.6, 8436, 玫瑰的名字
03394338, 7.5, 55638, 他的国
02082194, 8.2, 14360, 小时候
01020959, 8.2, 14214, 斯普特尼克恋人
01848256, 8.0, 20103, 东京奇谭集
21346008, 8.5, 8740, 米格尔街
26276924, 8.7, 6223, 梦中的欢快葬礼和十二个异乡故事
30230525, 8.9, 4680, 情书
02193877, 8.0, 18353, 你在天堂里遇见的五个人
01453210, 7.4, 59054, 一座城池
01049189, 7.3, 73925, 1995-2005夏至未至
20370889, 8.6, 6333, 霍比特人
30254298, 7.7, 27005, 云边有个小卖部
01016523, 7.5, 40378, 告别薇安
03769738, 8.7, 5081, 万火归一
26285194, 9.3, 2360, 故事新编
26717137, 9.2, 2583, 故事
01703544, 7.4, 43431, 兄弟（下）
04860554, 8.8, 4021, 淘气包马小跳系列
27036317, 8.1, 11089, 独居的一年
02161691, 8.3, 8018, 伊索寓言
25747921, 7.0, 106911, 从你的全世界路过
27111096, 8.6, 5030, 爱你就像爱生命
25984204, 7.3, 49263, 乖，摸摸头
20501761, 8.3, 7627, 地球上最后的夜晚
25892399, 7.8, 17192, 余生皆假期
05446490, 8.8, 3544, 宇宙奇趣全集
05993314, 8.0, 10666, 安吉拉·卡特的精怪故事集
20428313, 8.7, 3702, 冷血
01006004, 7.5, 25662, 樱桃之远
01130367, 8.9, 2779, 艽野尘梦
01880824, 8.6, 4034, 一千零一夜
04154988, 8.0, 9719, 纯真博物馆
02309689, 8.0, 9359, 圈子圈套1
01472946, 8.4, 4875, 《华尔街日报》是如何讲故事的
26666472, 7.2, 40333, 天才在左 疯子在右（完整版）
26904483, 8.7, 3058, 蛙
03323987, 7.3, 27776, 杜拉拉2华年似水
25796066, 8.3, 4467, 恶棍列传
01010898, 7.7, 11779, 格列佛游记
26840830, 8.9, 1962, 爱德华·巴纳德的堕落
34889883, 8.7, 2503, 云游
01021056, 7.1, 37960, 谁动了我的奶酪？
26265303, 8.0, 6690, 小顾聊绘画·贰
01892491, 7.8, 9021, 如果墙会说话
02267630, 8.3, 4107, 凯尔特的薄暮
06999940, 8.7, 2193, 2666
25815309, 8.2, 4199, 麦田里的守望者
02225735, 7.9, 6606, 谁动了我的奶酪？
27088048, 8.1, 4582, 比海更深
10588835, 8.7, 2015, 别处生活
06743298, 8.8, 1734, 经济为什么会崩溃
11614293, 7.5, 10702, 人生需要揭穿
06844341, 7.6, 8506, 牡蛎男孩忧郁之死
01050349, 8.1, 3766, 上海的金枝玉叶
26787935, 8.2, 3099, 夜色人生
26575812, 7.0, 25934, 阿弥陀佛么么哒
02073481, 8.6, 1682, 城市与狗
01972412, 8.1, 3182, 说谎者的扑克牌
02133556, 6.9, 28661, 光荣日（第一季）
25778837, 8.2, 2712, 时差党
27001114, 8.7, 1431, 一朵桔梗花
26607924, 8.4, 2039, 午夜之子
06781791, 8.9, 1112, 我曾侍候过英国国王
25886351, 7.5, 7895, 耶路撒冷三千年
19965972, 7.5, 7844, 我读书少，你可别骗我
05383804, 9.1, 873, 酒吧长谈
03191328, 6.5, 69879, 小时代1.0折纸时代
26712106, 8.1, 2865, 开封志怪（全三册）
27167267, 8.8, 1170, 人性的因素
34786086, 7.3, 10434, 沉默的巡游
26735085, 7.7, 5056, 奇迹
01949744, 8.2, 2367, 对冲基金风云录
01214303, 8.9, 1003, 韩非子
26652880, 7.6, 5829, 遗落的南境1：湮灭
27102949, 8.2, 2322, 御伽草纸
06539790, 8.1, 2592, 你的剧本逊毙了！
06437880, 7.4, 7890, 哑舍
01422231, 8.4, 1711, 电影剧本写作基础
27074861, 7.0, 17250, 东京一年
01072363, 8.8, 1053, 人类群星闪耀时
26389907, 8.5, 1427, 柏林谍影
06735972, 8.2, 1925, 兔子什么都知道
26146992, 7.4, 6468, 我们为什么会分手？
19967328, 8.6, 1104, 漂泊的灵魂
03621942, 8.3, 1563, 了不起的狐狸爸爸
02062200, 6.2, 100680, 悲伤逆流成河
07174792, 8.3, 1484, 千面英雄
26614368, 8.1, 1922, SQ从你的名字开始
05448179, 8.0, 2181, 别的声音，别的房间
26214729, 8.6, 1010, 如果我能说了算
10491608, 8.5, 1126, 神祇、陵墓与学者
06012933, 7.8, 2816, 救猫咪
02042967, 8.3, 1346, 木偶奇遇记
20413742, 7.5, 4223, 不说，就真来不及了
27043711, 8.2, 1448, 这样写出好故事
02119843, 6.8, 15342, 钝感力
10564102, 8.1, 1627, 单身（50周年典藏纪念版）
30296958, 8.9, 630, 19天(1)
27113334, 6.9, 11583, 笑场
26986888, 9.4, 363, 米德尔马契
25895442, 6.6, 20115, 你的孤独，虽败犹荣
26707803, 8.2, 1229, 千面英雄
26638267, 8.3, 1085, 变调二人羽织
27068271, 7.9, 1818, 下一站，天国
26890235, 7.7, 2423, 白事会
25798977, 7.2, 5135, 去你家玩好吗
04061965, 8.6, 719, 雪豹悲歌
27065524, 8.6, 709, 美丽新世界
06826594, 8.1, 1233, 故事照亮未来
26738797, 7.7, 2100, 小说课（壹）
03123757, 8.9, 499, 奥斯卡与玫瑰夫人
26648238, 7.6, 2412, 且将生活一饮而尽
01442791, 8.9, 493, 我和小姐姐克拉拉
27168583, 8.1, 1160, 直到孤独尽头
03109123, 8.3, 879, 圣经故事/旧约篇（名画全彩版）
01228700, 7.9, 1411, 爱丽丝漫游奇境记
25787839, 8.6, 579, 纳尼亚传奇
26903576, 9.1, 357, 人在纽约：故事版
24753401, 8.5, 614, 瘾君子
26461519, 7.9, 1200, 面包会有的
06010156, 8.2, 799, 狂野之夜！
25919527, 9.5, 227, 故事的解剖
01916820, 9.0, 344, 狐狸列那的故事
26844348, 6.5, 12956, 好吗好的
33437472, 8.1, 848, 风之影
25734421, 8.3, 660, 胡萝卜须
25756216, 8.3, 642, 一只名叫鲍勃的流浪猫
20424613, 7.5, 1797, 南法航线
27115882, 6.6, 9120, 我不
26738798, 7.7, 1269, 《小说课》（贰）
01962233, 8.7, 398, 故事形态学
10540000, 8.6, 438, 无名的裘德
05500869, 7.8, 1049, 小说写作教程
03024319, 8.1, 714, 东方故事集
30403392, 9.0, 287, Exhalation: Stories
25795773, 8.1, 711, 荣荣的东村
27180217, 7.6, 1348, 人之彼岸
26944313, 8.1, 707, 青鸟故事集
01986127, 9.0, 280, 一千零一夜（三）
33411972, 8.5, 439, 故事写作大师班
25921293, 6.5, 9061, 愿有人陪你颠沛流离
25879461, 7.0, 3262, 从你的全世界路过
02148180, 8.1, 665, 最后14堂星期二的课
30485007, 8.8, 322, 德伯家的苔丝
27104259, 7.3, 1945, 盐
26680353, 8.9, 263, 浅田家
01013814, 9.1, 219, 西顿野生动物故事集
26865124, 8.1, 568, 我本浪人
10515648, 8.5, 371, 失物之书
26374356, 8.4, 408, 刚好有你在
01083447, 8.4, 407, 人类群星闪耀的时刻
27108685, 8.4, 401, 用数据讲故事
33447944, 7.1, 2096, 小孩
19967320, 8.1, 523, 远野物语·日本昔话
30389970, 8.0, 576, 写作的禅机
21336454, 8.4, 371, 畅销书写作技巧
26969002, 7.5, 1073, 驻马店伤心故事集
01066217, 7.9, 633, 坎特伯雷故事
01337291, 7.3, 1360, Who Moved My Cheese?
24532904, 7.9, 599, 故事策略
01283288, 7.8, 668, 一碗清汤荞麦面
25933442, 6.8, 3022, 不散的宴席
01128794, 8.3, 371, 狮城舌战
26918931, 8.2, 406, 彼得兔
26369156, 7.6, 819, 猫饭奇妙物语
26295733, 7.1, 1686, 我知道你没那么坚强
26384985, 7.2, 1424, 我有个恋爱想和你谈下
26335687, 7.4, 1051, 我在最温暖的地方等你
26150390, 7.5, 914, 你会杀死那个胖子吗？
30159062, 7.5, 903, 月鱼
27089259, 8.2, 377, 陌生人溺水
27200481, 8.5, 277, 我的妈妈去旅行了
25726537, 7.6, 742, 小城故事
01856840, 9.4, 132, Story
06800784, 8.3, 313, 故事知道怎么办
26265743, 8.7, 214, 蒲公英女孩
26881656, 7.7, 579, 最后一个故事，就这样啦
02003633, 9.5, 112, 365夜故事（下）
02172283, 7.7, 569, 橡皮人
26986887, 8.8, 185, 喧嚣与骚动
10831736, 8.0, 385, 故事技巧
01409154, 8.8, 180, 想北平
02243628, 8.2, 308, 那时西藏
26685296, 9.0, 152, 風格練習
27114415, 7.5, 685, 木暮庄
20278327, 5.8, 18893, 谁的青春不迷茫
04742475, 8.5, 223, 凿空
27112399, 7.4, 743, 时间停止的那一天
30361107, 8.5, 220, 故事片创作六讲
26582271, 8.1, 323, 有我陪着你，什么都不怕
27006303, 7.6, 558, 十六夜膳房
34910865, 7.6, 550, 天下刀宗
27617213, 7.5, 617, 手把手教你玩脱口秀
26969935, 6.8, 1747, 故事思维
05375882, 8.8, 160, 月亮不见了
26747250, 8.3, 247, 开发故事创意（第2版）
06814996, 9.1, 126, 晴天有時下豬
26717704, 8.6, 187, 故事寫作大師班
01778267, 7.6, 519, 说出来就过时
02060483, 7.8, 393, 克雷洛夫寓言
26958586, 8.9, 139, 不期而遇，不告而别
30217981, 7.1, 948, 故事经济学
20414921, 8.6, 175, 小和尚的白粥馆3
33387399, 7.6, 479, 小说的八百万种写法
26248157, 7.9, 334, 你能写出好故事
30359547, 7.9, 332, 写小说最重要的十件事
26425651, 6.1, 5976, 你只是看起来很努力
27666453, 8.4, 199, 我不允许你独自旅行
01013918, 8.7, 154, 黑镜头-第一时间
01461160, 9.3, 98, Damien Rice
10774651, 8.3, 215, 费玛
30229664, 7.1, 868, 故事课1：说故事的人最有影响力
26057763, 9.6, 80, 四季奇譚
03431944, 9.7, 75, 故事口袋
05378429, 7.3, 643, 十日谈
26606903, 8.4, 191, 千夜之夜
33444357, 7.8, 329, 没有一种生活是可惜的
26413330, 6.5, 2148, 故事的结局早已写在开头
26108431, 8.1, 237, 世界是我念过最好的大学
27180140, 9.1, 103, 给孩子的古诗故事
25788686, 7.6, 400, 谈点建筑好不好
26358169, 7.1, 750, 那时，我们还不怕相爱
01004015, 8.4, 173, 百喻经译注
10834606, 7.7, 337, 情节！情节！
34826176, 8.1, 220, 像托尔斯泰一样写故事
27086877, 7.8, 295, 我们连孤独都不曾拥有
21351050, 9.3, 83, 偃师3
34937179, 6.9, 886, 抱住我崩溃的大脑
34941402, 9.3, 80, 漂流岛
03286147, 8.0, 225, 黃金故事
01137856, 9.6, 66, 双筒望远镜
25810850, 8.3, 167, 幸运儿
34892807, 6.8, 974, 守夜者3
01022955, 7.8, 265, 安德列.科斯托拉尼最佳金钱故事
27043532, 8.5, 138, 说魂儿（修订版）
26855892, 6.8, 958, 大冰作品集：阿弥陀佛么么哒＋乖，摸摸头
20301079, 8.6, 126, 兔子坡
11540898, 8.8, 108, 夜航船
27155389, 9.5, 67, 故事盒子
26428516, 6.7, 1093, 我只是敢和别人不一样
26419790, 8.2, 171, 此史有关风与月
26997278, 7.9, 223, 滚滚红尘
26248495, 8.5, 129, 当我举杯的时候
01035755, 8.8, 102, 故事的歌手
27096837, 6.6, 1201, 你也走了很远的路吧
03103742, 8.4, 138, 我知道的老兵故事
30203403, 8.0, 197, 与运气竞争
06983587, 8.4, 137, 故事
02007032, 9.2, 75, 365夜新故事
26688605, 6.7, 973, 认同感：用故事包装事实的艺术
26872706, 8.5, 122, 企鹅手绣经典系列：绿野仙踪
02111225, 8.3, 143, 摄影报道
30447661, 9.1, 78, 安南怪谭
01062602, 9.0, 83, 渔夫和金鱼的故事
05420992, 7.4, 350, 纪录片也要讲故事（第2版）
26709311, 7.9, 200, 别了，柏林
24737196, 7.8, 220, 故事的道德前提
27609832, 8.6, 107, 岩石堡风景
01004133, 7.7, 239, 心里的锁
30210122, 7.9, 195, 最后一个捕风者
30446566, 7.9, 194, 怎样写故事
26940383, 8.3, 134, 今天
03198452, 8.5, 112, 智囊
26986597, 8.3, 131, 岛上故事
26931742, 7.3, 355, 二手书店情书
27141040, 7.8, 202, 你的委屈，终成治愈
26685987, 7.6, 248, 月球姓氏
26272542, 8.3, 127, 时间之口
30248616, 8.9, 80, 炎黄家族：没有名字的人1
26394019, 9.4, 58, 小橡树
26915737, 7.8, 197, 这一切并没有那么糟
07055233, 8.4, 115, 台灣念真情
27204782, 6.8, 672, 对白
03775394, 8.4, 112, 微光处处
25731658, 8.2, 132, 蓝莓季节
30379079, 7.9, 173, 早朝始発の殺風景
03140294, 9.5, 53, 世界著名智慧童话365
27174128, 8.8, 82, 黑暗精灵
01021060, 7.8, 186, 性爱之旅
27194682, 7.8, 186, 银河铁道之夜
01951399, 8.3, 118, 神奇故事的历史根源
01019228, 9.4, 55, 中国神话故事大全(精编连环画)(1)
01418667, 9.4, 54, 三人同舟
25805686, 8.5, 98, 她只是个孩子
30197152, 8.4, 105, 科学需要讲故事
27077675, 9.0, 67, 今昔物语（浮世绘插图珍藏版）
02066444, 8.6, 86, 拉封丹寓言全集
27081332, 7.5, 227, 岛屿之书
27003504, 9.5, 48, Fragile Lives
10456462, 7.8, 163, 小巫教你讲故事
27177973, 8.4, 97, 今生今世
27105615, 8.2, 113, 脱线森林：想你的夜晚数羊没用
34913472, 8.0, 134, 七个平行世界的我
30316704, 8.7, 76, 你好呀，孤独的年轻人
20471352, 7.4, 238, 写好前五页
33379000, 8.2, 108, 大荒纪事
30264354, 8.6, 79, 住在我背上的好朋友
02993971, 8.7, 73, 365夜谜语
01440391, 8.3, 96, 夜与日
26263150, 8.2, 103, 你和那些好时光，总有一天会相遇
03761252, 8.9, 62, 中国古代奇案故事大观（上下）
30449800, 7.8, 146, 写作之书
26843811, 9.3, 48, 我和小姐姐克拉拉(共3册)
26854048, 8.2, 100, 故人故事
26662027, 8.1, 108, 石中剑
03675574, 8.2, 98, 流水浮灯
30245565, 5.6, 4456, 你坏
27078988, 7.2, 255, 那些死亡教我如何活
25932254, 7.2, 253, 故事工程
26352848, 8.1, 103, 淘气包马小跳系列
27082169, 6.2, 1107, 大冰作品集：好吗好的+乖
26575884, 7.7, 144, 你是我最初和最后一个恋人
26920061, 9.0, 53, 古琴
35010191, 7.7, 143, 故事力
04192261, 9.8, 34, 一天一个好故事
05363776, 7.5, 170, 小說課 折磨讀者的秘密
02025651, 7.9, 114, 林泉丘壑
24869644, 8.2, 88, 可可•香奈儿的私密生活
01490323, 7.6, 149, 牙买加飓风
01702843, 7.5, 164, 十日谈
11607921, 7.5, 163, 故事的疗愈力量
27155985, 8.3, 79, 好莱坞的叙事之道
30278612, 7.6, 142, 为你抵挡世界的风雪
01085498, 8.4, 71, 左琴科幽默讽刺作品集
27131124, 9.1, 45, 追梦人
26810815, 8.2, 82, 我喜欢这世界，因为有你在
27101592, 6.5, 532, 我认识了一个索马里海盗
33417184, 7.8, 114, 故事处方
30484724, 9.3, 40, 御伽草纸
01344524, 8.1, 88, 侯文詠極短篇
01813142, 7.7, 122, 天涯故事
26418440, 8.7, 56, 绿光芒
02056232, 9.5, 35, 中国成语故事 一
26357702, 7.0, 252, 经典情节20种
30435910, 9.2, 41, 茫茫黑夜漫游
25780829, 7.5, 144, 隐形的女人
10557694, 8.7, 55, 我和小姐姐克拉拉
26878079, 6.7, 368, 蔷薇航班
27200444, 7.1, 217, 孤独博物馆
26368885, 8.7, 54, 旅之绘本 Ⅶ：中国篇
01044088, 8.6, 56, 北京的传说
25735053, 9.2, 39, 你也可以成为故事高手
01935297, 8.5, 59, 女儿的故事
01466579, 9.0, 43, 99 Ways to Tell a Story
05311899, 7.6, 119, 藏地大穿越
27178407, 8.1, 77, 晚安，故事
25954921, 8.3, 66, 故事的变身
33705288, 7.1, 196, 赶路人
01290297, 8.3, 65, 野性之美
27077793, 7.8, 96, 《你要在最好的年纪，活得无可代替》
11586555, 8.0, 81, 路在脚下
27085766, 7.5, 124, 冰血：零下30℃的刑侦现场
26926521, 8.2, 68, 世界很忙，而你刚好愿意为我有空
01511427, 9.1, 38, 雪狮的蓝绿色鬃毛
01205022, 9.3, 34, 拉拉与我(姐弟俩)
26694601, 8.3, 62, 牛顿传
25935113, 6.8, 260, 惊奇物语②
03675961, 8.7, 47, 山米的巧克力大礼盒
26974024, 7.5, 116, 爱情是一个故事
26997229, 7.2, 157, 讲故事的动物
30229668, 6.4, 442, 故事课2：好故事可以收服人心
34881419, 8.6, 49, 我喜欢通透的人生
03433515, 8.3, 59, 遇見野兔的那一年
25852929, 8.7, 45, 绿房子
01179051, 7.2, 151, 智慧背囊(第5辑)
01877700, 7.8, 85, 简·方达回忆录
20415302, 7.2, 149, 未来的夏娃
26853417, 5.6, 1967, 我有故事，你有酒吗？
26869107, 5.8, 1235, 愿无岁月可回头
03669718, 9.1, 35, 英译重编传奇小说
30281684, 7.3, 131, 故事与估值
26752529, 7.8, 82, 流年物语
02052257, 7.2, 142, 五日谈
03939490, 9.4, 29, 十万个智斗故事
02984254, 7.3, 125, 绿茶
26904484, 7.5, 102, 我们，江湖未有期
10459497, 8.9, 37, 周末大逃亡
27066299, 9.0, 35, 江河谣
01840998, 8.5, 47, 智谋大全
26354460, 8.4, 50, 有没有人对你说晚安
11640274, 6.8, 212, 遇见罗伯特·麦基2011-2012
01651950, 8.5, 46, 美国短篇故事125篇
04111933, 8.4, 49, 杨家将
34976597, 7.2, 130, 叙事经济学
30404977, 5.9, 826, 少女，请回答
01910489, 7.9, 68, 乞丐国王的时光指环
30402326, 8.4, 47, 迷路人间
25881282, 8.3, 50, 香梅女皇
27093944, 8.0, 61, 我们决定多吃菜
25926143, 9.8, 22, 會說故事，讓世界聽你的
03689113, 7.1, 133, 说故事的力量
03066321, 9.1, 30, 中国动物故事集
05941043, 9.1, 30, 贝贝熊系列丛书第4辑
26285560, 6.7, 208, 剧本结构设计
25878366, 6.9, 163, 世界与你无关
25935145, 9.3, 27, 西谎极落
27086841, 7.5, 88, 斯蒂芬·金的故事贩卖机
27169888, 6.9, 162, 不会讲故事，怎么带团队
20268261, 7.3, 102, 盛唐领土争夺战
01856656, 8.9, 32, 說故事的人
20412348, 9.3, 26, 乱扔东西的塔格叔叔
10512248, 7.6, 77, 爱看书的男孩
26709310, 7.2, 111, 诺里斯先生换火车
01546926, 8.4, 42, 佛本生故事选
27091104, 7.8, 64, 朵拉的古诗奇幻之旅
30266162, 8.8, 33, 美丽女孩儿
30248617, 9.6, 22, 炎黄家族：没有名字的人2
01134262, 7.7, 68, 小说创作十戒
02148526, 7.4, 88, 震撼亿万心灵的情感圣经（彩色插图版）
27129045, 6.4, 273, 你只是看起来很努力(全新修订)
20503845, 7.7, 66, 漂亮女孩夏林果
26840198, 7.7, 66, 爱让我们更好了
27077421, 8.6, 35, 断鸿声远长天暮：回到宋词现场
26780215, 5.7, 846, 你的团队需要一个会讲故事的人
27131037, 7.2, 95, 到世界上闯荡
27036103, 6.7, 162, 世上有颗后悔药
01264265, 7.8, 55, 人生的真相
03052257, 8.5, 34, 仙乐.青灯-墨庄.花船（共二册）
01938841, 7.6, 63, 古兰经的故事
30328194, 7.2, 88, 蝗灾之日
27106606, 7.2, 87, 愿你的孤独不负走过的路
10557479, 7.6, 59, 浪花集
20474827, 8.3, 36, 战略就是讲故事
25844440, 7.4, 69, 刀下人间
30479993, 9.1, 23, 萌江湖
25875924, 9.0, 24, 故事造型師
26289186, 7.7, 52, 猫眼看美国
01060603, 8.6, 29, 男孩彭罗德的烦恼
26599013, 7.4, 66, 光影成歌
30246868, 9.1, 22, 说给儿童的中国历史
02077042, 6.9, 102, 故事离真实有多远
26755527, 6.3, 211, 不是每个故事都有结局
03052258, 8.5, 29, 花杀.狩猎-血灯.追魂-蚊刑.媚药（共三册）
24869699, 7.8, 45, 读着读着就疯鸟
27088973, 8.3, 32, 100 个圣诞老人
30242424, 7.2, 71, 你的顾客需要一个好故事
03341555, 8.2, 33, 培养孩子好性格的80个经典维尼故事
27119086, 7.9, 40, 脑洞W：饿了么
26797239, 8.1, 35, 亲爱的小孩，今天有没有哭
27035186, 6.9, 92, 暗杀
34907932, 6.7, 114, 转场
05325669, 8.4, 29, 儿童文学大奖-传说有个鹿回头
01927504, 7.2, 68, 萨基短篇小说选
30316588, 7.4, 57, 与另一个世界的你相遇
03052259, 8.8, 23, 鬼屁.穷相 刀笔.绝响  雅盗.神偷(共三册）
01879658, 7.1, 72, 史前英雄
01081436, 6.5, 136, 死囚档案
27126003, 6.3, 175, 世事如刀，我来领教
26164804, 8.1, 33, 每朵乌云都镶有金边
01900375, 7.5, 50, 美国《生活》杂志摄影师访谈录之一
01491652, 7.7, 43, 老珠宝店
30347171, 8.2, 30, 世界史的故事·从文明诞生到罗马帝国崛起
10485648, 7.5, 48, 如果没有明天
34879402, 6.5, 126, 匿名区+1（知乎九年来更具“复合味”的匿名情感故事）
26492808, 9.3, 17, 中国民间故事形态研究
30365537, 7.0, 72, 口碑与票房
34943921, 8.4, 26, 列那狐的故事
26337392, 6.7, 96, 极致服务
01799392, 8.0, 32, 莱辛寓言
01913375, 7.4, 48, 一只想飞的猫
27200423, 6.2, 168, 紫禁城里很有事
26303832, 8.6, 22, 生于1998：爱是青春最好的礼物
27119107, 6.9, 72, 脑洞W：神奇CP在哪里
25895397, 8.5, 23, 大小說家如何唬了你？
02093686, 7.5, 43, 艰难时世
27051510, 7.3, 50, 幸好你没嫁给他
30214829, 9.4, 15, 新版小学语文字词通解
26815963, 8.6, 21, 愿情话终有主，你我不孤独
26988928, 7.8, 33, 皮皮鲁和幻影号
26697107, 6.0, 197, 你都不配我毒舌
10793327, 7.7, 35, 料理课
20503844, 7.6, 37, 笨女孩安琪儿
01036808, 7.9, 30, 圣经故事一百篇
27194631, 5.5, 444, 我有一杯酒，可以慰风尘
11661894, 8.8, 18, Christopher and His Kind
26285755, 6.2, 136, 将来的你，会感谢现在不放弃的自己
26667444, 6.8, 68, 南心不负
26437101, 7.6, 35, 寂寞的女子都是旧相识
26693201, 6.2, 131, 故事力学
11609814, 7.2, 42, 学会自己长大
26349815, 8.7, 17, 雪地里开了朵太阳花
27607125, 4.9, 1492, 生活需要仪式感
30236311, 7.3, 38, 上海女子图鉴
27190887, 7.5, 32, 愿你有梦为马，永远是少年
03821226, 6.9, 51, 噼里啪啦打屁股
20428582, 8.0, 23, 心理大师揭秘最古怪案例
03918958, 8.8, 15, The Snakehead
11606417, 7.8, 25, 汤普森心理童话药书1
30390460, 8.0, 22, 你好，有主见的姑娘
27076255, 6.7, 57, 奔跑的火光
04279975, 8.6, 16, 十万个智斗故事（第一集）
26376623, 7.1, 39, 故事工坊
30488547, 7.5, 29, 故事模型2.0
01194784, 6.8, 50, 一只活了99万次的猫·51个温馨动人的哲理故事
01076883, 7.5, 28, 古兰经故事
01218483, 6.0, 116, 幽灵传说
26798359, 6.8, 47, 你好，陌生人
25895404, 8.1, 19, 故事如何改變你的大腦？
01493166, 6.7, 48, 西方心理学大师的故事
34874748, 7.9, 20, ミステリーズ！vol.98 DECEMBER 2019
25806480, 6.2, 78, 每个店主都有一段江湖传说
30403605, 8.6, 14, 中国故事：华夏民族的传说与神话
26931072, 7.5, 25, 故事技巧：如何创作出引人入胜的剧本
27138766, 6.1, 86, 这世界欢迎梦想与美貌
25983298, 7.1, 32, 小说家拿破仑
06715472, 8.0, 18, 黑珍珠
27172887, 6.7, 42, 你不必讨好这个世界
01051136, 6.4, 53, 处女
26999562, 7.3, 24, 在这善变的世界里，我想和你看一看永远
35025446, 8.0, 16, 只讲故事不讲理
04830757, 8.8, 11, 列那狐的故事
03597726, 8.2, 14, 一百只蜗牛去旅行
01685569, 7.7, 18, 故事里的中国
30180548, 5.6, 125, 历史的荷尔蒙
06889914, 7.5, 19, 用故事打开心扉
33437753, 7.8, 16, 屎壳郎的生日礼物
10049251, 7.6, 17, 中国野史
26937532, 5.9, 70, 在不确定的世界寻找确定的自己
26780002, 6.4, 40, 我和初恋结婚了
26577454, 5.4, 136, 当你生病时，你会想起谁？
01057872, 7.1, 22, 梦想社会
26834431, 7.1, 22, 尸语故事
26818489, 7.4, 18, 只是我们刚巧相爱
27063739, 7.9, 13, 愿你被这个世界温暖以待
26924899, 6.5, 31, 即使不完美
25845552, 5.9, 56, 故事情节设计——从生活中提炼创作的金点子
26960763, 7.4, 16, 独木桥自横
03684991, 8.0, 11, 西施的故事
04143076, 7.8, 12, 泰山传说故事
34809767, 5.4, 92, 故事力思维
01703320, 6.6, 23, 航海秘史
27667892, 5.9, 41, 做个会讲故事的人
20475343, 7.8, 10, 纸上苍生
01881250, 7.1, 14, 烙刻——记忆中的影像
04843151, 6.0, 32, 人生百味
34894396, 5.7, 44, 如何讲好一个故事
01010129, 7.0, 14, 获得自由的世界
21519232, 6.6, 18, 半导体产业背后的故事
03055217, 6.2, 23, 九亭宫
26698357, 5.7, 32, 故事场景摩天楼
10480126, 6.7, 13, 准爸爸读胎教故事
10768123, 5.9, 18, 希腊神话故事
30762960, 5.0, 40, 宋氏三姐妹
30242426, 5.0, 14, 别卖给我，讲给我
25952669, 4.0, 66, 北大凌晨四点半
30330382, 4.2, 19, 有趣的哲学故事
02277527, 0.0, 10, The Gremlins
03042724, 0.0, 10, 智断疑案与逻辑推理
02284713, 0.0, 11, 俄罗斯民间故事
30200081, 0.0, 11, 从此晚安我自己
30457811, 0.0, 11, 走出内心的孤岛
35063728, 0.0, 12, 希腊神话故事集
01147978, 0.0, 13, 中国古代奇案故事全集（上下册）
04736352, 0.0, 15, 鬼城丰都传说故事集
27200430, 0.0, 16, 最终，我们都会变成更好的自己
24747482, 0.0, 17, 鬼谷学校
26592978, 0.0, 17, 总有一天，你会活成自己渴望的模样
10459406, 0.0, 19, 女探长的游戏
35017712, 0.0, 19, 不负过往，不惧孤独
26022864, 0.0, 20, 一个故事就能说服所以人
27035488, 0.0, 21, 七年
06144391, 0.0, 27, 扎克24小时特工
05247867, 0.0, 28, 蛊室
26847456, 0.0, 31, 途·你是灵感
26989863, 0.0, 90, 风诉雨说
