2020-07-05 16:00:05

number of books, tag name
456, 救赎

ID, rating, votes, title
04913064, 9.4, 496866, 活着
01084336, 9.0, 576771, 小王子
03259440, 9.1, 460312, 白夜行
01770782, 8.9, 647934, 追风筝的人
06082808, 9.2, 294579, 百年孤独
03211779, 8.9, 411952, 嫌疑人X的献身
10554308, 9.1, 272236, 白夜行
01008145, 8.9, 372554, 围城
27614904, 9.2, 192589, 房思琪的初恋乐园
04820710, 9.3, 147872, 1984
01200840, 9.0, 251390, 平凡的世界（全三部）
25862578, 8.5, 642234, 解忧杂货店
20427187, 8.8, 276232, 看见
10594787, 9.0, 184327, 霍乱时期的爱情
01858513, 9.0, 135118, 月亮和六便士
01029791, 8.8, 191236, 许三观卖血记
03674537, 9.1, 87801, 明朝那些事儿（1-9）
01061118, 9.1, 86508, 活着
02295163, 9.0, 100634, 哈利·波特与死亡圣器
01085860, 9.0, 100577, 基督山伯爵
01827374, 9.0, 96686, 东方快车谋杀案
03995526, 8.6, 185208, 目送
03646172, 8.4, 195279, 恶意
01085799, 8.7, 102796, 白鹿原
01090043, 8.5, 146983, 倾城之恋
25924253, 9.0, 53704, 嫌疑人X的献身
01064275, 8.4, 155626, 老人与海
33440205, 8.9, 60941, 你当像鸟飞往你的山
03369793, 8.6, 102483, 亲爱的安德烈
03608208, 8.5, 120388, 牧羊少年奇幻之旅
01060852, 8.9, 54735, 呼兰河传
04117922, 9.0, 46247, 嫌疑人X的献身
01786670, 8.9, 52345, 百年孤独
02159042, 8.5, 101235, 挪威的森林
04242172, 8.1, 230390, 天才在左 疯子在右
01119522, 8.4, 102869, 呼啸山庄
01022060, 8.2, 146118, 狼图腾
01003000, 8.3, 112845, 悟空传
04742918, 8.3, 111158, 1Q84 BOOK 1
06880158, 8.8, 44083, 陆犯焉识
01024197, 8.4, 90711, 巴黎圣母院
03266609, 8.6, 56901, 流浪地球
03136271, 8.7, 47433, 罗生门
01775691, 8.4, 81346, 少有人走的路
01082334, 8.1, 144825, 穆斯林的葬礼
01856494, 9.4, 14945, 卡拉马佐夫兄弟
01400705, 8.1, 134115, 情人
01013380, 8.2, 107433, 茶花女
03406401, 9.0, 25413, 悉达多
01401425, 8.3, 84771, 兄弟（上）
01086249, 8.6, 44973, 荆棘鸟
04920007, 8.8, 31634, 不能承受的生命之轻
01205370, 8.2, 86294, 羊脂球
03369600, 8.2, 78463, 当我谈跑步时我谈些什么
01059419, 8.1, 90759, 海边的卡夫卡
05275059, 7.9, 138109, 1988：我想和这个世界谈谈
01119839, 9.1, 15885, 王尔德童话
04714734, 8.3, 60224, 这些都是你给我的爱
03693974, 9.4, 9537, 小王子
01292416, 8.5, 36286, 香水
01803022, 9.0, 15959, 圣经
01880831, 9.2, 11740, 基督山伯爵（上下册）
03578470, 9.0, 15419, 德米安
30336340, 8.7, 23731, 撒野
03920130, 8.6, 27072, 告白
01004821, 8.7, 22710, 理想国
01858568, 9.1, 12217, 罪与罚
27611824, 8.9, 16159, 如父如子
03609132, 8.4, 35481, 把时间当作朋友
02340100, 8.0, 73634, 遇见未知的自己
01159939, 8.6, 24423, 一个陌生女子的来信
02158189, 8.5, 28641, 海边的卡夫卡
06746289, 8.4, 33943, 新参者
27608412, 8.4, 31140, 默读
01765512, 9.1, 10367, 海的女儿
06973970, 8.3, 35466, 人间失格
02022979, 8.0, 62015, 喜宝
01440589, 8.8, 14986, 浪客剑心
01963912, 8.8, 14669, 正见
03815125, 8.9, 12281, 香水
04074636, 7.6, 121327, 放学后
26340138, 7.6, 120578, 岛上书店
25733470, 8.2, 35176, 没有色彩的多崎作和他的巡礼之年
26695174, 9.1, 8343, 灯塔
01143694, 8.3, 28703, 动物凶猛
01082518, 7.9, 59966, 麦田里的守望者
01874961, 8.8, 12319, 嫌疑犯X的獻身
01322455, 8.7, 14199, 遥远的救世主
10763902, 7.7, 87527, 偷影子的人
03598313, 7.9, 55931, 西决
03151596, 9.2, 6601, 活着
01041128, 8.6, 15195, 天蓝色的彼岸
01061977, 8.7, 12954, 血色浪漫
27154246, 9.9, 2764, 助张继科成就大满贯
04238754, 8.0, 40774, 失恋33天
24845582, 8.4, 19465, 群山回唱
25882276, 8.8, 10342, 陆犯焉识
26278687, 7.6, 86057, 皮囊
26680113, 8.6, 13349, 那个不为人知的故事
02256438, 7.8, 55994, 素年锦时
01465324, 7.7, 67778, 洛丽塔
01065970, 7.8, 51147, 彼岸花
02244146, 8.1, 26924, 穆斯林的葬礼
01063190, 8.0, 32199, 蔷薇岛屿
03608235, 8.5, 12866, 失物之书
33413575, 8.9, 7111, 撒野 2
03642673, 8.0, 30127, 我执
01092149, 8.7, 9379, 梵高传
05988624, 8.2, 20692, 远山淡影
04105446, 8.2, 20473, 十一种孤独
10759466, 9.2, 4643, 地下室手记
02243213, 7.8, 43029, 山楂树之恋
03826899, 8.7, 8979, 布鲁克林有棵树
04010969, 7.8, 40238, 当我们谈论爱情时我们在谈论什么
02154079, 8.8, 7337, 追风筝的人
03034480, 9.4, 3380, 圣经
03102324, 7.7, 44694, 秘密
03928882, 8.7, 7686, 奇鸟行状录
03698390, 8.6, 8730, 送你一匹马
03733076, 8.9, 5682, 半生缘
01255288, 8.1, 19263, 复活
20326626, 8.6, 8526, 少年Pi的奇幻漂流
03616310, 7.6, 47493, 小团圆
02230208, 7.9, 25885, 我的前半生
02339950, 7.7, 37705, 被窝是青春的坟墓
01058234, 7.7, 37343, 二三事
03394338, 7.5, 55638, 他的国
04152754, 7.6, 42778, 时生
04580972, 7.7, 34607, 流星之绊
01029159, 7.5, 51463, 八月未央
27170951, 8.1, 15869, 生吞
01880986, 9.2, 3229, 悲惨世界（上下）
03713327, 7.7, 33149, 圣女的救济
03191044, 7.9, 22119, 华莱士人鱼
04286204, 8.1, 15101, 麦田里的守望者
02139305, 7.7, 30672, 巴别塔之犬
04843456, 9.4, 2384, 金刚经·心经
26118072, 7.7, 29985, 祈祷落幕时
03266345, 8.1, 14080, 三杯茶
03137289, 8.5, 7326, 姐姐的守护者
26778494, 8.5, 7210, 大哥
03200760, 9.5, 1976, 悲惨世界
30246163, 8.5, 6954, 默读.2
34467283, 8.3, 8997, 破云
04737325, 8.2, 10190, 维罗妮卡决定去死
01703544, 7.4, 43431, 兄弟（下）
02277299, 8.4, 6924, 当下的力量
25747921, 7.0, 106911, 从你的全世界路过
30181018, 8.6, 5017, 撒野 一
01085021, 8.3, 7717, 蝴蝶梦
03293231, 7.7, 21572, 许我向你看
06526752, 8.8, 3763, 生命之书
25984204, 7.3, 49263, 乖，摸摸头
01949068, 8.4, 6447, 最好的时光
01948502, 7.7, 20593, 1995-2005夏至未至
03831788, 8.1, 9841, 逃离
04202422, 8.3, 7059, 云图
01055234, 8.6, 4560, 神曲（全三册）
27124847, 8.5, 5182, 葡萄牙的高山
03834938, 8.3, 6915, 与神对话（第一卷）
04241870, 7.6, 23160, 我在回忆里等你
01205076, 9.2, 2094, 悲惨世界（上中下）
04105411, 8.1, 8888, 第八日的蝉
30141639, 8.8, 3204, 残次品
10598170, 8.1, 8714, 我不要你死于一事无成
03061282, 7.6, 20503, 山月不知心底事
03740431, 8.4, 5306, 灵魂只能独行
01440345, 7.8, 13869, 燕尾蝶
07064313, 7.7, 16545, 突然就走到了西藏
03274851, 8.0, 9202, 原谅我红尘颠倒
06732193, 7.5, 21995, 十年一品温如言
01400679, 8.9, 2453, The Kite Runner
01499186, 9.4, 1360, MONSTER-怪物-18
02214350, 8.4, 4515, 幻影书
03842847, 8.5, 3856, 深河
25733467, 9.1, 1820, V字仇杀队
01962409, 8.3, 4893, 不去会死！
27114418, 8.1, 6542, 活下去的理由
03813194, 7.9, 9035, 火车
01767736, 8.5, 3549, 舞 ! 舞 ! 舞 !
26780911, 8.5, 3322, 大哥
03155180, 8.7, 2436, 荒野生存
03056892, 7.3, 22535, 幻城
24540864, 6.9, 55197, 第七天
26662515, 7.7, 10095, 他知道风从哪个方向来
03030894, 9.6, 854, 飘（上.下卷）
01030153, 7.5, 13799, 她比烟花寂寞
01183730, 8.5, 2808, 谈话的力量
02225735, 7.9, 6606, 谁动了我的奶酪？
02056806, 8.9, 1619, A Thousand Splendid Suns
01859649, 8.1, 4595, 生命的不可思议
01143756, 8.0, 5180, 一半是火焰一半是海水
01186350, 7.8, 7146, 红字
02229229, 8.0, 5071, 穿条纹衣服的男孩
01768332, 8.3, 3260, 喜福会
06440022, 8.6, 2142, 赎罪
26781333, 8.1, 4199, 格格不入
01204179, 8.3, 3121, 安娜·卡列尼娜
03224818, 8.5, 2379, 安妮宝贝系列
25858916, 8.2, 3489, 感谢自己的不完美
26387513, 7.8, 6435, 麒麟之翼
01084807, 8.9, 1393, 刀锋
02257188, 7.6, 8799, 致女儿书
03131814, 8.7, 1749, 笔记大自然
26837288, 8.2, 3318, 钓鱼的男孩
03290010, 7.0, 28565, 澜本嫁衣
30297123, 9.2, 979, 基督山伯爵
04870150, 8.3, 2713, 44号孩子
03242857, 7.5, 9582, 分手信
01925067, 9.3, 833, 圣经
27028847, 7.2, 16618, 沉睡的人鱼之家
04799445, 7.9, 4620, 太阳黑子
03757659, 8.2, 2861, 了不起的盖茨比
01203212, 8.8, 1339, 呼啸山庄
03747034, 8.6, 1687, 七夜雪
30164685, 9.2, 843, 网
07056685, 7.5, 8040, 天黑以后
03526160, 9.4, 673, 灿烂千阳Thousand Splendid Suns
01065261, 8.4, 2005, 哈姆莱特
01030470, 7.9, 4051, 香草山
03921405, 7.6, 6529, 芙蓉如面柳如眉
03335951, 7.6, 6413, 我的波塞冬
02002035, 8.2, 2472, 镜·辟天1
05919999, 7.6, 6162, 赎罪
03224456, 7.7, 5085, 少有人走的路Ⅱ
03924481, 7.7, 5066, 夜行歌（上下）
25760686, 8.8, 1110, 复活
25837866, 8.6, 1375, 复活
01482322, 8.0, 2899, 绿化树
26599743, 7.8, 3871, 有生之年
02323401, 9.1, 757, 傲慢与偏见
06724865, 8.8, 1019, 坚不可摧
05954613, 9.1, 730, 谁可以这样爱我
01058094, 8.6, 1240, 生死朗读
26584387, 7.6, 4984, 一个人的朝圣2
06973816, 7.7, 4207, 古董衣情缘
02969263, 8.6, 1225, 跳房子
02032117, 7.8, 3264, 纽约三部曲
01439583, 8.9, 805, 追風箏的孩子
01578545, 8.3, 1568, 背叛
02062200, 6.2, 100680, 悲伤逆流成河
26844525, 7.8, 3108, 再见，萤火虫小巷
01097564, 7.8, 3101, 24重人格
01812223, 7.6, 4106, 消失的地平线
26743436, 7.4, 5722, 忍冬
30181019, 8.9, 748, 撒野 二
02568438, 8.6, 1007, 权力与荣耀
02253375, 8.3, 1393, 红与黑
26356948, 6.2, 82152, 摆渡人
01061729, 8.2, 1535, 韦罗妮卡决定去死
30181022, 9.1, 560, 撒野 五
26811407, 7.6, 3601, 殉罪者
20413742, 7.5, 4223, 不说，就真来不及了
34870933, 7.7, 2993, 人生十二法则
05259293, 7.6, 3447, 蔷薇求救讯号
01823247, 7.4, 4727, 飞天
04053596, 8.3, 1245, 三杯茶（全新插图版）
04626138, 8.3, 1230, 潘多拉盒子
04253554, 9.0, 567, 我们的幸福时光
04038618, 7.8, 2359, 杜马岛
01832460, 8.4, 1047, 鲁滨逊漂流记
26905360, 8.6, 809, 夜莺
01470235, 8.3, 1135, 猫的摇篮
01614439, 9.1, 483, 商店照明
01205775, 8.3, 1118, 汤姆叔叔的小屋
01784456, 7.5, 3386, 悄悄的一线光
27069991, 9.3, 392, 大师与玛格丽特
02700656, 6.8, 12546, 悲伤逆流成河
03136920, 8.6, 772, 复活
04196774, 8.3, 1083, 看电影的艺术
01210495, 9.2, 422, 百年孤独
03706295, 8.6, 749, 剪刀上的蘑菇
03872290, 7.9, 1755, 尘
01146266, 8.0, 1484, 被毁灭的人
02032772, 9.1, 430, 罪与罚
04223661, 8.9, 513, 值得
05383916, 6.6, 15597, 十宗罪
26533494, 8.0, 1294, 烈日灼心
01775389, 9.0, 427, 梁漱溟 王实味 储安平
34995610, 7.9, 1466, 八百万种死法
25868407, 8.4, 772, 聲之形 01
27057913, 8.0, 1212, 入戏
30340128, 7.8, 1539, 一个钢镚儿
27128600, 8.6, 587, 心
33446904, 7.6, 2005, 烧火工
03598390, 8.5, 635, 安妮日记
05363264, 7.6, 1965, 被偷走的人
01732998, 8.9, 417, 傻瓜吉姆佩尔
03323627, 7.8, 1450, 林先生的小孙女
03268050, 8.2, 850, 關於跑步，我說的其實是……
03165990, 8.5, 600, 呼啸山庄
01973697, 8.1, 904, 大浴女
20379212, 6.9, 5429, 不如去死
03413211, 7.1, 3605, 花开半夏
02273645, 8.8, 383, 道连·格雷的画像
03340092, 7.1, 3434, 30而励
26945142, 8.0, 900, 背对世界
01895846, 7.8, 1150, 马语者
25916660, 8.6, 445, 绿里
01979209, 8.8, 357, 上帝之城
03752812, 8.9, 312, 被侮辱与损害的
01753476, 9.2, 240, 海狼 野性的呼唤
01059629, 8.3, 561, 复活
02307587, 8.1, 702, 吸血鬼女王
01948799, 9.2, 238, 传习录
01505437, 7.9, 872, 红龙
04160236, 7.3, 1896, 叹息桥
03677214, 7.8, 923, 红手指
01205778, 7.7, 1036, 睡美人
01097055, 8.2, 556, 滴泪痣
30416747, 7.6, 1132, 如何正确吵架
30257628, 9.2, 211, 月亮与六便士：全世界文艺青年的圣经
02996509, 8.8, 293, 复活
01988741, 6.9, 3152, 驻京办主任
01128662, 7.8, 790, 欲望之源
03266340, 7.7, 883, 彼岸天都
01950434, 9.2, 192, 追風箏的孩子
10761494, 7.3, 1536, 女心理师
26969635, 7.2, 1752, 星星上的人
03293297, 8.0, 588, 曼荼罗
04286244, 6.3, 9740, 濒死之眼
04736181, 7.5, 1055, 有我，你别怕
02376986, 8.4, 363, 撒旦之舞
27134325, 6.3, 9162, 摆渡人2重返荒原
01097396, 8.6, 292, 生命的脸
01970105, 8.0, 538, 拣尽寒枝
10539810, 8.4, 351, 权力与荣耀
02940523, 7.0, 2095, 伊甸园的鹦鹉
35058847, 8.7, 244, 撒野 3
02032321, 9.2, 160, 渴望生活
30230052, 9.2, 160, 蝶澜
03215331, 8.1, 432, 我的孤儿宝贝
04178533, 7.2, 1345, 如何说再见
01814172, 9.2, 155, 大师和玛格丽特
26944471, 8.2, 372, 一个女孩的镜像世界
03590683, 7.5, 834, 生
02251699, 7.2, 1267, 十月的孩子
04172046, 7.9, 494, 埃德加的故事
26858577, 6.1, 10923, 少年的你，如此美丽
03344157, 9.1, 157, 基督山伯爵
04844777, 7.7, 609, 我以为你死了
02032657, 8.0, 425, 红字
27593738, 8.7, 204, 权力与荣耀
04850828, 8.7, 202, 复活
01951042, 8.6, 220, 或此或彼
02370594, 8.4, 262, 呼啸山庄
02122834, 8.1, 351, 不准调头
01962549, 9.0, 151, 愛德華的神奇旅行
01493085, 8.5, 224, 从革命到政治
06535061, 9.2, 125, 基督山伯爵
27018295, 7.6, 560, 醉死当涂
26257488, 7.6, 555, 空洞的十字架
27125074, 9.3, 108, 面纱
26770647, 9.6, 88, 悲惨世界(上下名家全译本)
30299151, 8.1, 278, 只要群星依然闪耀
02344013, 8.1, 269, 复活
25976216, 7.4, 579, 失物守护者
04832482, 7.9, 316, 真实的颜色
01841992, 7.9, 299, The Memory Keeper&#39;s Daughter
03900685, 9.7, 71, 生命的重整
06126987, 8.2, 216, 飒漫画 加油大魔王1-12（全12册）
03191153, 9.3, 87, The Kite Runner
03267924, 7.3, 553, 北极光，请将我遗忘
02381085, 8.4, 164, 瓦尔特·本雅明：救赎美学
03659826, 7.7, 313, 天堂里的小提琴
35002963, 7.5, 392, 侯大利刑侦笔记2
24745532, 7.7, 305, 邮差总按两遍铃（中英双语珍藏本）
27200347, 6.7, 1173, 绊橙
35008586, 8.0, 212, 想见你
19928953, 6.9, 789, 春，夏，然后是冬
02334673, 8.2, 171, 女钢琴师的心灵之旅
03725563, 7.9, 223, 天堂的声音
01085027, 7.6, 280, 红字
03068607, 8.3, 137, 悠悠大河
35003287, 7.3, 374, 偏偏宠爱
30443980, 7.8, 203, 北海鲸梦
04064715, 9.4, 58, 特殊傳說Ⅱ 4救贖
34451997, 8.7, 91, 守望灯塔
04862437, 7.9, 176, 沉默之心
03797387, 8.7, 88, 复活
07015546, 8.3, 119, 助产士的告白
01702929, 9.0, 71, 安娜・卡列宁娜(上下册)
03196477, 8.6, 93, 伙计
06804602, 8.4, 105, A Monster Calls
01910775, 8.1, 131, 再见老房子-祝勇文化笔记
06809531, 7.9, 156, 这咬人的爱！
03530868, 7.3, 290, 恐怖分子
03622818, 8.0, 140, 美声
03137020, 7.2, 324, 我胆小如鼠
35002654, 7.7, 182, 黎明前他会归来
06863524, 8.1, 121, 红字
01257995, 8.5, 86, 重返理性
01048572, 7.3, 261, 拿什么拯救你，我的爱人
34853407, 7.6, 186, 我可能得抑郁症了！
01850277, 6.3, 1074, 最后的圣殿骑士
01199424, 9.2, 52, 罪与罚
26869269, 8.4, 86, 面纱
30233477, 7.7, 152, 一见到你呀
27154063, 9.1, 52, 爱你的安东尼
01081596, 7.0, 326, 女子有行
01756237, 8.3, 82, Breakfast at Tiffany&#39;s
04004868, 8.4, 75, 向日葵
01726538, 8.8, 57, Beloved
26663467, 8.7, 59, 似笑非笑
01210732, 7.6, 142, 红字
19954843, 8.5, 67, 暗水
02975977, 7.7, 122, 东北偏东
27058944, 7.8, 97, 达芬奇密码：精华版
26414520, 7.1, 192, 迷宫中的恋人
04179069, 6.6, 335, 重逢
25788643, 7.5, 113, 曼德拉传
01220526, 7.2, 150, 一个简单的故事
30427922, 6.6, 286, 掌控关系
05916328, 7.0, 164, 流莺日记
23780449, 8.3, 51, 大浴女
27068338, 7.2, 115, 飞行中的阴影
34451095, 8.0, 57, NIGHTS BEFORE NIGHT
04023399, 9.8, 21, 人的景况与神的大能
01178404, 7.8, 59, 汤姆大叔的小屋
26376602, 9.1, 26, 永遠的杏仁樹
25820075, 8.1, 45, 漫画圣经故事:旧约下篇
23780805, 8.8, 29, 与心为友
10594665, 7.0, 108, 给我一颗心
01543153, 8.8, 26, 封闭的花园
34990155, 7.7, 49, 时间之舞
04189790, 7.6, 52, 双城
03551684, 7.9, 38, 快乐的知识
03867708, 8.4, 27, 汤姆叔叔的小屋
04100417, 7.6, 45, 舞女
26986875, 9.5, 16, 红字  七个尖角顶的宅第
03584214, 8.1, 30, 灵韵与救赎
02212398, 6.4, 127, 废墟
05958840, 7.7, 36, 死囚牢里的陪号
30232238, 7.9, 31, 追风筝的人
06114088, 7.4, 44, 剩余人Ⅰ
01468933, 7.6, 37, 施洗的河
11533470, 8.5, 21, 飒漫画精品丛书 加油大魔王13 编绘 咕啾组
27077285, 7.9, 27, 我亲爱的玛德莲
33393454, 6.4, 88, 離婚前後
27594038, 6.9, 52, 红字
01917445, 6.4, 82, 圣殿骑士遗命
03181285, 7.9, 21, 忏悔录
04606930, 6.1, 93, 我在香榭丽舍等你
10483466, 7.7, 21, 近在身邊的遠方
02374067, 8.2, 15, The Hotel New Hampshire
06114108, 7.6, 20, 剩余人Ⅲ
27655031, 7.3, 24, 王子与贫儿
26263666, 6.4, 49, 亲爱的，西班牙
04833567, 7.9, 13, The Help
02131068, 7.6, 11, 末世与救赎
06309040, 6.1, 22, 女心理医生的救赎
05423228, 6.6, 14, 原谅时光，记住爱
03766624, 6.1, 19, 救赎
03365175, 5.3, 37, 逆美人
01765905, 0.0, 10, The Naked and the Dead
03910809, 0.0, 11, Les Miserables
