2020-07-05 16:00:05

number of books, tag name
953, 教育

ID, rating, votes, title
27614904, 9.2, 192592, 房思琪的初恋乐园
06781808, 9.2, 77183, 杀死一只知更鸟
01007914, 8.7, 158684, 窗边的小豆豆
33440205, 8.9, 60942, 你当像鸟飞往你的山
03369793, 8.6, 102483, 亲爱的安德烈
04207781, 8.7, 62352, 孩子你慢慢来
03576486, 9.1, 31092, 小狗钱钱
26879778, 9.3, 20738, 杀死一只知更鸟
26382433, 8.2, 115949, 无声告白
26425831, 8.8, 33335, 斯通纳
01013208, 8.4, 63346, 如何阅读一本书
03261600, 9.2, 16419, 人生的智慧
26369699, 8.6, 26248, 被讨厌的勇气
03533221, 8.4, 35530, 非暴力沟通
05437113, 9.1, 10733, 窗边的小豆豆
01032501, 8.8, 16314, 心理学与生活
02008284, 8.7, 18453, 佐贺的超级阿嬷
03465080, 9.0, 9439, 好妈妈胜过好老师
01420862, 8.9, 10068, 孩子你慢慢来
27133274, 9.0, 7895, 孩子们的诗
01095634, 8.7, 11111, 小狗钱钱
26319730, 8.5, 15009, 娱乐至死
01000534, 9.2, 4695, 中国少年儿童百科全书
25845647, 8.8, 7881, 天空的另一半
21617765, 8.8, 7532, 亲爱的安德烈
01069805, 8.8, 7318, 给青年的十二封信
01047719, 8.5, 10261, 傅雷家书
27029890, 8.0, 22477, 外婆的道歉信
01441869, 8.9, 5441, 没有教不好的学生
05248516, 9.2, 3435, 改变心理学的40项研究
34659228, 8.7, 6412, 你想活出怎样的人生
04832665, 9.2, 3073, 草房子
26061406, 9.1, 3409, 小狗钱钱
20428922, 8.3, 10347, 学会提问
27603501, 8.8, 4922, 奇迹男孩
03284547, 9.1, 3307, 文心
04864832, 9.3, 2288, 为什么学生不喜欢上学?
01077778, 8.1, 11799, 爱的教育
02117871, 8.8, 4081, 大卫，不可以
01181690, 8.7, 4614, 傅雷家书
30175475, 8.8, 4018, Educated
25955474, 7.4, 42323, 坏小孩
03420606, 8.7, 4531, 正面管教
30199434, 8.3, 7665, 原生家庭
27172839, 9.0, 2770, 苏菲的世界
26895993, 7.9, 13600, 刻意练习
02275635, 8.8, 3231, 如何说孩子才会听，怎么听孩子才肯说
01003694, 9.1, 2125, 中国少年儿童百科全书
01485597, 8.7, 3470, 傅雷家书
03880832, 8.2, 6892, 认得几个字
01022318, 8.7, 3245, 爱弥儿
26304087, 9.1, 1919, 孩子：挑战
02080764, 8.2, 6317, 为何家会伤人
01005325, 8.3, 4945, 童年的消逝
02345548, 8.2, 5627, 学习之道（第2版）
01161817, 8.6, 3112, 洛克菲勒留给儿子的38封信
30203254, 9.2, 1409, 窗边的小豆豆
26817324, 8.7, 2464, 傅雷家书
34840201, 8.4, 3241, 你的孩子不是你的孩子
25907227, 8.1, 4933, 为何家会伤人（升级版）
02165084, 8.3, 3458, 在轮下
25913612, 8.2, 3971, 给孩子的诗
10455982, 9.3, 1017, 什么是数学
34816684, 8.9, 1564, 天才基本法·完结篇
01077129, 8.5, 2528, 一生的学习
04201728, 9.1, 1230, 给青年的十二封信
26584286, 8.7, 1941, 大学之路（套装）
30144978, 8.0, 5071, 见识
01067049, 8.8, 1659, 孩子，把你的手给我
30346218, 8.1, 4167, 态度
04177120, 8.5, 2322, 西尔斯亲密育儿百科
01440146, 8.9, 1414, 给教师的建议
27167992, 8.1, 3911, 见识
25733170, 8.7, 1739, 吾国教育病理
26747208, 8.0, 4475, 优秀的绵羊
01927902, 7.6, 8572, 九型人格
03389960, 7.5, 10266, 自卑与超越
06510070, 8.2, 3219, 人生不设限
03891855, 8.6, 1856, 第56号教室的奇迹
30167142, 9.1, 1044, 绿野仙踪
04238299, 8.0, 4151, 宝贝，宝贝
10764908, 9.4, 759, 美国儿科学会育儿百科
05408860, 8.2, 3062, 风雨哈佛路
01101921, 8.6, 1659, 定本育儿百科
02823823, 9.2, 835, Marva Collins&#39; Way
04139056, 8.1, 3125, 爱的教育
26895988, 8.0, 3574, 学习之道
02969410, 8.8, 1254, 与本科生谈：论文与治学
25778829, 8.7, 1367, 明亮的对话
26681417, 9.2, 796, P.E.T.父母效能训练
26789567, 7.3, 11193, 如何有效阅读一本书
02287712, 8.8, 1210, 美国精神的封闭
30244058, 8.8, 1206, 奥斯卡与玫瑰奶奶
26769136, 8.7, 1331, 为什么长大？
26671406, 9.3, 698, 儿童健康讲记
25809148, 8.7, 1303, 孩子你慢慢来
01731825, 7.4, 8706, 读大学，究竟读什么
04035330, 8.6, 1449, 研究是一门艺术
26808809, 8.2, 2410, 当我遇见一个人
10466438, 8.0, 3186, 上课记
27154533, 7.6, 5879, 终身成长
03283582, 8.7, 1202, 大卫上学去
01885229, 8.2, 2225, 爱的教育
06084402, 8.5, 1501, 游戏力
03759379, 9.1, 757, 父母效能训练手册
30353486, 7.8, 3736, 认知天性
25963145, 8.5, 1385, 最美的教育最简单
10831090, 9.5, 472, 我们的身体
03621921, 8.6, 1165, 大卫惹麻烦
26257557, 8.7, 1032, 热锅上的家庭（40周年纪念版）
04001445, 8.9, 805, 梁启超家书
03249247, 9.2, 595, 高观点下的初等数学
01032764, 7.7, 3739, 小时候就在想的事
01947611, 8.8, 886, 傅雷家书
26797268, 8.7, 982, 养育的选择
04010185, 8.0, 2353, 哪来的天才？
26792171, 9.3, 526, 美国儿科学会育儿百科（第6版）
26605738, 8.6, 1077, 做孩子最好的英语学习规划师
03999126, 8.5, 1194, 爱和自由
01070897, 8.5, 1169, 十九札
26852275, 8.4, 1306, 好妈妈胜过好老师2:自由的孩子最自觉
26319794, 8.0, 2130, 童年的消逝
04931797, 8.4, 1240, 十四堂人生创意课
10876406, 9.1, 571, 如何说孩子才会听 怎么听孩子才肯说（全新修订版）
27039296, 8.3, 1354, 幸福的勇气
11527058, 8.2, 1528, 先生
02183559, 8.8, 758, 发展心理学
05378929, 8.5, 1030, 培养孩子从画画开始
06523827, 8.4, 1155, 不能错过的英语启蒙
25833051, 8.3, 1288, 幸福的婚姻
26912450, 8.8, 720, 西潮
24706978, 8.2, 1431, 捕捉儿童敏感期
04758246, 8.7, 794, 夏山学校
10437353, 8.1, 1622, 我想遇见你的人生
26578693, 9.5, 369, 登天之梯
04053596, 8.3, 1245, 三杯茶（全新插图版）
30289629, 8.8, 701, 傅雷家书
24307508, 8.8, 684, 幸福的种子
06529943, 8.3, 1198, 在轮下
10540308, 8.4, 1015, 走进生命的学问
33414023, 8.3, 1137, 我曾走在崩溃的边缘
27081766, 8.0, 1639, 如何学习
01290969, 8.7, 710, 民主主义与教育
24756462, 8.5, 882, 骑鲸之旅
25697495, 8.6, 783, 情感依附
03131803, 8.6, 765, 致青年朋友
26990918, 7.7, 2391, 一本小小的红色写作书
24838578, 8.3, 1061, 西南联大行思录
25864044, 8.2, 1197, 下乡养儿
27045252, 8.7, 675, 不成熟的父母
25871630, 8.7, 666, 作文七巧
25886309, 8.3, 1035, 翻转课堂的可汗学院
03743038, 9.5, 313, 写给孩子的哲学启蒙书（共6册）
01065003, 8.4, 910, 中毒的父母
27064858, 8.3, 1014, 我们的孩子
04309584, 8.5, 805, 孩子的宇宙
25871818, 8.6, 711, 讲理
06100929, 8.2, 1121, 死亡诗社
04230636, 8.3, 992, 不平等的童年
06971390, 7.3, 4130, 小狗钱钱2
27032613, 8.8, 561, 父与子全集
01013762, 9.1, 418, 怎样解题
30241191, 9.6, 273, 儿童艺术大书：黄色版
03420221, 8.4, 852, 实用程序育儿法
25836047, 8.8, 553, 给青年的十二封信
01879497, 8.5, 756, 新家庭如何塑造人
01224733, 8.7, 610, 开明国语课本（上下册）
10758030, 8.6, 674, 让孩子的大脑自由
01019917, 8.4, 838, 杰出青少年的七个习惯
03044158, 8.1, 1188, 小豆豆频道
05339693, 8.5, 739, 母爱的羁绊
03237608, 8.7, 592, 小威向前冲
04852805, 8.7, 590, 希利尔讲世界史
06759256, 8.2, 1002, 你就是孩子最好的玩具
01967845, 8.5, 709, 从出生到3岁
35018175, 8.4, 758, 不要和你妈争辩
10773248, 8.5, 674, 无条件养育
33441524, 7.1, 4872, 半小时漫画唐诗
06127657, 9.7, 227, 珍爱生命
27113966, 7.5, 2421, 所以，一切都是童年的错吗？
21370327, 8.3, 826, 学做工
04816212, 7.4, 2807, 真希望我20几岁就知道的事
01042814, 9.3, 302, 人与世界
25915102, 9.3, 302, 写给儿童的中国历史
27199584, 8.8, 475, 大学之路（第二版）
01015941, 8.7, 523, 继承人
34481379, 8.2, 898, 园丁与木匠
01451698, 8.9, 426, 什么是教育
26705662, 8.9, 425, 心理营养
30358363, 8.4, 709, 被忽视的孩子
01879829, 8.4, 705, 朗读手册
27593934, 8.3, 777, 愿你慢慢长大
03518087, 8.6, 560, 给研究生的学术建议
01817494, 8.0, 1110, 弟子规
25910582, 8.1, 979, 成长
01000972, 8.0, 1101, 一生的忠告
10485841, 8.9, 407, 作为教育家的叔本华
26133770, 8.8, 446, 盗火者
30185326, 8.7, 486, 给孩子的未来脑计划
06429253, 8.9, 399, 别以为你懂孩子的心
03755086, 8.8, 436, 发展心理学（第八版）
01423818, 7.9, 1194, 如何在大学里脱颖而出
05917677, 8.9, 390, 爱弥儿
25773343, 9.0, 353, 伯克毕生发展心理学：从0岁到青少年（第4版）
26953160, 8.1, 901, 给孩子讲量子力学
34816704, 9.6, 212, 爱在最深切的关头
19941577, 8.9, 377, 叩响命运的门
26612510, 8.1, 877, 教养的迷思
26674037, 8.4, 621, 为人文教育辩护
01184872, 8.2, 778, 捕捉儿童敏感期
26705829, 8.4, 617, 特权
26323706, 8.9, 373, 理想国
11603298, 8.0, 979, Learn More
22224887, 8.4, 607, 全脑教养法
30320765, 8.6, 491, 写给父母的未来之书
06771735, 8.8, 401, 中毒的父母
01000904, 8.1, 847, 卡尔·威特的教育
30241438, 9.6, 203, 儿童艺术大书：白色版
25734421, 8.3, 660, 胡萝卜须
30320888, 9.4, 234, 走进魔法店
02229649, 8.1, 830, 童年的秘密
26675905, 8.8, 393, 统治与教育
26968034, 8.5, 527, 正面管教
25923082, 9.2, 270, 万物运转的秘密
26859655, 8.8, 375, 傅雷家书（经典译林）
27664289, 8.9, 341, 不平等的童年
01843001, 8.6, 447, 给莉莉的信
26419895, 9.2, 253, 曾国藩家书
24380572, 7.7, 1241, 立
25871619, 8.6, 431, 作文十九问
03205317, 8.8, 350, 爱弥尔
26371102, 8.8, 345, 亲爱的安德烈（插图第2版）
26838357, 8.8, 344, 给孩子的汉字王国
26930253, 8.4, 506, 育儿基本
02276901, 8.3, 559, 斯波克育儿经
30168543, 8.9, 308, 《从尿布到约会：家长指南之养育性健康的儿童（从婴儿期到初中）》
01434426, 8.5, 435, 一个大学校长的自白
10537771, 9.1, 249, 登天之梯
25978468, 7.6, 1259, 遇见孩子，遇见更好的自己
25726681, 9.0, 270, 发展心理学:人的毕生发展(第6版)
26892174, 8.3, 527, 50个教育法
03371227, 8.1, 642, Mindset
25876244, 7.3, 1854, 在绝望中寻找希望
02221900, 8.9, 280, 爱的教育
27623676, 9.1, 236, 郑天挺西南联大日记
01254463, 8.0, 703, 人性的优点
20258531, 8.0, 699, 法国妈妈育儿经
26992807, 8.6, 367, 关于人生，我所知道的一切都来自童书
02068955, 8.9, 277, 大学之理念
02261591, 8.2, 547, 怎样写作
05335800, 8.2, 546, 吾意独怜才
33536171, 9.1, 231, 原子習慣
20414886, 9.0, 249, 让孩子心悦诚服
02184750, 8.7, 325, 哈佛家训
25761171, 8.7, 325, 骑鲸之旅2
33427859, 8.1, 603, 给大壮的信
26879423, 8.8, 296, 孩子是个哲学家
01146989, 8.9, 268, 与孩子的天性合作
34883997, 8.4, 427, 有限责任家庭
25886974, 8.7, 318, 洞
26074846, 8.3, 472, 我们的天真填满整个宇宙
27106800, 8.6, 347, 欢迎来到一年级：幼小衔接家长手册
03826776, 9.0, 242, 名作细读
34852768, 8.7, 313, 高效学习7堂课
26922761, 8.7, 312, 妈妈教的数学
26262036, 8.4, 417, 朗读手册
01277083, 8.5, 376, 审美教育书简
20268173, 9.0, 238, 教育的目的
25919714, 7.8, 819, 养育女孩
25834256, 8.4, 411, 培养高情商的孩子
25801138, 8.9, 252, 是什么带来力量
10602261, 8.7, 298, 佩蓉的妈妈经
27034284, 8.4, 398, 教养在生活的细节里：洪兰 蔡颖卿 爱与智慧的对谈
01924775, 8.3, 436, 教育漫话
26797923, 9.0, 226, 好绘本如何好
01891413, 8.7, 292, 朱子家训
07056695, 9.0, 224, 论我们教育机构的未来
01420762, 8.5, 347, 特别的女生萨哈拉
01440342, 8.7, 287, 发生认识论原理
26683846, 8.1, 526, 如何学习
01869106, 9.3, 171, 教育思想的演进
03010621, 8.6, 307, 如何说孩子才肯学
01007886, 8.8, 252, 游戏中的科学
26838522, 9.0, 212, 发展心理学：儿童与青少年
30330362, 8.4, 359, 儿童教育心理学
26732651, 10.0, 102, 珍爱生命
26320194, 6.7, 3835, 我是个妈妈，我需要铂金包
04864406, 8.7, 266, 教育就是解放心灵
01466672, 8.4, 350, How to Stop Worrying and Start Living
27132582, 8.2, 429, 不努力好像也没关系（14岁懂社会系列）
27015626, 8.9, 221, 你就是孩子最好的玩具·升级版
26952911, 8.8, 239, 乌蒙山里的桃花源
20281425, 7.2, 1539, 自卑与超越
30418117, 8.6, 278, 因计算机而强大
01221482, 8.6, 277, 发展心理学
03812574, 8.3, 369, 中国教育史
34858308, 7.1, 1723, 读懂一本书：樊登读书法
26729331, 8.2, 408, 不吼不叫
27010538, 8.6, 273, 给孩子的故事
03180904, 8.5, 298, 和孩子划清界限
04826068, 8.2, 402, 童年的秘密
10603541, 8.5, 297, 洛克菲勒留给儿子的38封信
26953257, 8.3, 361, 大学的精神
01215103, 8.8, 225, 中国手语（上下修订版）
25931480, 8.6, 267, 完整的成长
26825412, 8.7, 243, 认识乐理
30486813, 8.7, 243, 不同的音调
34428757, 7.8, 614, 原生家庭生存指南
01653362, 7.6, 750, 当代教育心理学
34822779, 8.7, 230, 当孩子遇见书
27136643, 7.4, 972, 父母的语言：3000万词汇塑造更强大的学习型大脑
01006301, 8.6, 251, 教育的目的
30384461, 7.7, 652, 不管教的勇气
25823987, 8.4, 302, 增广贤文
01799781, 8.5, 273, 家庭教育
03909967, 8.0, 454, 如何培养孩子的社会能力
04869895, 8.8, 206, 致青年教师
04796701, 7.1, 1474, 养育男孩
01291077, 8.7, 222, 学会生存
01101840, 8.7, 220, 斯宾塞的快乐教育
25917406, 8.7, 220, 音乐神童加工厂
05299980, 8.2, 353, 教出乐观的孩子
02012543, 9.0, 171, 易经
26596363, 8.3, 317, 阅读经典
26349688, 8.2, 350, 儿童教育心理学
06800784, 8.3, 313, 故事知道怎么办
30357968, 8.2, 344, 郑渊洁家庭教育课
30192694, 8.4, 282, 在远远的背后带领
06532344, 8.5, 256, 第56号教室的奇迹2
01437582, 8.6, 231, 教学勇气
33462451, 7.8, 523, 爱、金钱和孩子：育儿经济学
05280404, 8.0, 416, 上学真的有用吗
07154320, 7.5, 759, 与爱因斯坦月球漫步
01214563, 8.4, 275, 有吸收力的心灵
30187704, 7.9, 462, 忍住！别插手！让孩子独立的自我管理课
11538005, 8.6, 227, 0-6岁A+育儿法
26005639, 8.5, 248, 父与子的编程之旅
33395019, 7.4, 855, 低风险创业
28551589, 7.6, 655, 有效学习
26373220, 8.7, 207, 西尔斯健康育儿百科
04201118, 8.0, 407, 我们如何思维
04194978, 8.4, 269, 完整的成长
23782049, 8.1, 363, 儿童的世纪
30414788, 7.6, 646, 通识
33394561, 9.1, 148, 马文·柯林斯的教育之道
30143236, 7.9, 444, 文凭社会
30245856, 8.1, 357, 知中·西南联大的遗产
02304415, 8.6, 219, 倾听孩子
26470077, 8.7, 200, 西尔斯亲密育儿练习手册
24754226, 8.2, 318, 教出乐观的孩子
02104842, 9.0, 155, 数理化通俗演义
26871333, 9.0, 155, 走进生命的学问
10570885, 8.5, 234, 芝加哥学术生涯规划
26665640, 9.3, 123, 教育思想的演进
01316933, 8.4, 256, 被压迫者教育学
05285282, 8.2, 305, 爱的教育
27054388, 9.2, 128, 追求理解的教学设计(第二版)
03248514, 8.4, 246, 中国人的修养
06309256, 8.8, 173, 梁启超家书
26337848, 8.8, 173, 家有四男
26290387, 8.3, 269, 游戏力Ⅱ
30399656, 9.1, 136, 崔玉涛育儿百科
30303516, 9.5, 102, 绿山墙的安妮
04169495, 7.5, 645, 让天赋自由
03185636, 8.8, 168, 天才儿童的悲剧
26302003, 7.5, 635, 小狗钱钱2
33379155, 9.0, 143, 与打骂和溺爱说拜拜
01588708, 8.4, 236, 大教学论
26210757, 8.4, 234, 你的孩子不是你的孩子
26419888, 9.1, 131, 于永正：我怎样教语文
25808062, 8.9, 152, 中毒的爱
01146605, 8.7, 178, 六A的力量
03088958, 8.3, 253, 谁拿走了孩子的幸福
27001181, 7.7, 477, 婴幼儿睡眠全书
02283714, 8.1, 307, 文章作法
03766443, 7.6, 536, 芬兰教育全球第一的秘密
30286860, 9.1, 128, 写作教练在你家
26426328, 9.2, 119, 课堂上究竟发生了什么
30271424, 8.6, 189, 简单微积分
26747816, 9.0, 136, 这世界唯一的你：自闭症人士独特行为背后的真相
04916157, 8.3, 246, 7天搞定微积分
26589303, 8.4, 224, 中国最美的语文
30125592, 9.0, 135, 发现的乐趣
34874797, 9.0, 135, 教育的情调
26788824, 9.6, 89, 数学家讲解小学数学
26605887, 9.3, 108, 教育心理学（原书第12版）
26953559, 8.4, 220, 24堂财富课
26762887, 9.5, 94, 末日船票
25826896, 9.3, 107, 汉声数学图画书
01029841, 9.1, 123, 与孩子共享自然
01664816, 8.9, 142, 学校与社会·明日之学校
01426502, 8.7, 166, 青年与学问
11637320, 8.2, 259, 民国时期大学校园文化
25712703, 8.3, 235, 父母的觉醒
25551562, 7.4, 639, 李光耀回忆录
21993349, 9.4, 98, 如何说孩子才会听 怎么听孩子才肯说
06864085, 7.6, 494, 知识不是力量
01843070, 8.4, 212, 儿童的人格教育
01956019, 9.4, 97, 儿童纪律教育
26690708, 9.6, 85, 幼儿数学核心概念
30193222, 9.1, 119, 美国学生阅读技能训练
33474741, 9.0, 128, 我们1班的作文课（全2册）
26201895, 8.0, 307, 孩子与恶
01032216, 7.8, 380, 素质教育在美国
26688635, 9.7, 79, 清华学爸教子经
25727582, 8.6, 173, 发展心理学
27622215, 7.4, 611, 在耶鲁精进
26891182, 8.5, 188, 在孩子下次生病前
02516411, 8.3, 225, How to Become a Straight-A Student
30285992, 7.8, 366, 终身幼儿园
30761874, 8.1, 260, 读懂孩子的心：樊登2019年新书.
27154263, 9.2, 104, 我什么办法都试过了！理解一至五岁孩子
02263157, 8.6, 164, 文章讲话
26768783, 9.7, 74, 0-8岁儿童纪律教育
01171256, 8.4, 191, 教育心理学
10519487, 7.3, 630, 你的1岁孩子
20390250, 7.5, 486, 致女儿书
10506777, 8.7, 146, 罗恩老师的奇迹教育
26707322, 8.0, 274, 最好的方法给孩子
26360325, 8.4, 187, 别说你懂“英语启蒙”
26275862, 7.8, 337, 翻转式学习
26839420, 9.4, 87, 教育心理学（第10版）
01465291, 8.9, 123, 高等教育哲学
27609277, 7.7, 373, 最富足的投资
26904684, 8.5, 169, 校长日记
03033504, 8.7, 142, 课程与教学的基本原理
01703948, 9.2, 98, 孩子们，你们好！
10344527, 8.5, 167, 妈妈的心灵课
26586892, 7.6, 412, 为未知而教，为未来而学
01664817, 8.6, 153, 我们怎样思维·经验与教育
27175484, 8.4, 181, 日本国立小学365天
05344024, 9.6, 75, 珍爱生命
34960380, 8.7, 140, 你是孩子的光
34798855, 9.3, 89, 亲子沟通密码
27060577, 8.4, 175, 父母：挑战
10555057, 9.7, 68, Learning Teaching
30156147, 8.7, 134, 写给儿童的古诗游戏书
30241373, 7.5, 430, 天生非此
30435335, 7.8, 305, 反溺爱
25916556, 8.4, 170, 教室里的正面管教
26918107, 8.4, 170, 上课记
25719288, 8.0, 243, 老师的十二样见面礼
03729117, 8.6, 141, 善解童贞
25880168, 8.5, 153, 如何说孩子才会听 怎么听孩子才肯说（精华版）
05354950, 7.6, 371, 特别狠心特别爱
03729116, 7.9, 267, 接纳孩子
34836534, 7.7, 328, 全职爸爸
24879964, 9.1, 95, 论我们教育机构的未来
26605896, 9.1, 95, 儿童发展心理学：费尔德曼带你开启孩子的成长之旅（原书第6版）
26307654, 8.3, 178, 人之废
27014560, 9.9, 58, 珍爱生命小学生性健康教育读本 六年级下册
26786537, 8.1, 213, 智识的生产技术
01309571, 7.9, 259, 外国教育史教程
26268737, 7.9, 259, 西尔斯橙色亲子课
26580132, 8.0, 234, 学习的本质
03768589, 8.8, 117, 罗素论教育
01808657, 8.1, 210, 孩子是如何学习的
30259644, 9.3, 81, 一线带班
30449803, 8.1, 206, 教育何为？
26832960, 9.4, 75, 阅读·思考·写作
30159675, 9.2, 85, 思考世界的孩子
34431781, 7.3, 488, 出身
24295802, 7.9, 245, 由内而外的教养
02074498, 9.1, 90, 性之耻，还是伤之痛
05326274, 8.2, 183, 安琪拉的灰烬3·教书匠
03393174, 7.9, 243, 为什么孩子要上学
34795291, 8.5, 138, 一个数学家的叹息
34998414, 9.2, 82, 高情商养育
01921568, 8.2, 177, 奖励的惩罚
04715249, 8.8, 108, 没有围墙的学校
20492754, 8.8, 108, 如何说孩子才肯学
27192185, 8.7, 116, 陶哲轩教你学数学
05492356, 6.9, 806, 我在美国做妈妈
01222364, 9.2, 81, 爱弥儿（下卷）
27611595, 8.5, 135, 大学是一种生活方式
26769662, 7.2, 521, 雄性衰落
19961418, 8.5, 134, 学生管理的心理学智慧
01076077, 7.3, 450, 藏在书包里的玫瑰
30279569, 9.1, 85, 我不要你死于一事无成
01781075, 8.7, 112, 村落中的“国家”
01425813, 7.9, 225, 儿童心理学
26647338, 8.5, 130, 哲学与幼童
35019107, 8.1, 184, 陪孩子终身成长
25961266, 8.3, 153, 宝宝也是哲学家
02983784, 8.6, 119, 做一个专业的班主任
26600414, 8.6, 119, 去情绪化管教
33435429, 8.6, 119, 游戏图鉴
01637623, 9.1, 82, 陶行知教育名篇
30206813, 7.4, 378, 科学学习
30336828, 8.8, 101, 神奇的逻辑思维游戏书
05908640, 8.5, 127, 哈佛通识教育红皮书
26895483, 8.3, 149, 朱天衣的作文课（全5册，随书赠含光盘）
30141437, 9.1, 81, 国家精英
01315240, 8.5, 124, 论教育学
30390251, 9.5, 62, 内向性格的竞争力（青少版）
25830853, 7.2, 466, 如何把事情做到最好
26968768, 8.9, 91, 儿童的人格教育
05292438, 8.2, 158, 救救孩子
26420533, 8.6, 113, 度量
03294709, 8.6, 111, 自由之路
34866445, 8.1, 169, 如何成为学霸
30217322, 8.2, 153, 自卑与超越
19994889, 9.1, 77, 統治與教育
01065165, 7.9, 202, 我怎样读书
04825608, 8.1, 167, 阿朝快100岁了
26744155, 8.9, 88, 法國高中生哲學讀本 I 政府是人民的主人還是僕人？
34809418, 9.0, 82, 学校如何运转
03798470, 8.6, 109, 世界上最神奇的24堂课(原版经典全译本)
26931441, 8.7, 101, 神奇的专注力训练游戏书
30258591, 8.0, 179, 文学经典怎么读
20285243, 9.1, 75, 聪明教学7原理
35034428, 8.8, 92, 通往未来之路：培养有梦想的孩子
26411002, 8.4, 124, T.E.T.教师效能训练
25933690, 7.6, 264, 怎样才是最好的学习？
04836530, 8.5, 114, 剑桥学习科学手册
01822767, 8.2, 146, 凤凰琴
30134794, 7.7, 233, 天才假象
01014877, 8.2, 143, 再生产
01292420, 8.0, 171, 文章例话
26339977, 8.4, 120, Our Kids
30346791, 8.1, 155, 看见孩子，看见自己
03601546, 8.8, 88, 学校在窗外
06863773, 9.3, 63, 论当代中国的普通法教育
10454001, 9.0, 76, 儿童的利益
03314537, 9.1, 71, 婴儿、儿童和青少年
25894673, 8.4, 117, Make It Stick
34432817, 8.3, 127, 正面管教魔法书
27001167, 7.7, 222, 如何给孩子读绘本
03245025, 8.6, 100, 龙文鞭影
25751975, 9.3, 62, 象牙塔的变迁
33463980, 7.4, 306, 未来学校
27069084, 8.7, 92, 理解人性
33424972, 8.7, 92, 儿童教育心理学
34953968, 9.4, 58, 无知的教师
30163782, 8.0, 163, 如何让孩子成年又成人
07007725, 7.7, 218, 阅读的力量
20279742, 8.5, 106, 民主与教育
05363821, 9.8, 46, 把整个心灵献给孩子
26293408, 7.8, 195, 关键期关键帮助
26148739, 8.0, 160, 数学与生活（修订版）
33446862, 9.0, 73, 不急不催
02280247, 8.9, 78, 做一个聪明的教师
01000687, 6.1, 2309, 学习的革命
01661774, 8.5, 103, 大学的理想
02099112, 9.1, 67, 爱心与教育
02277313, 8.4, 109, 打造儿童阅读环境
35000498, 8.4, 109, 最好的学区房是你家的书房
01748563, 8.3, 118, 爱的教育
27156394, 8.9, 75, 汉字小学堂
01536972, 8.8, 80, 学习论
10563198, 8.6, 92, 宝贝，你们好吗？
30483558, 8.4, 107, The Moment of Lift
26304127, 9.1, 65, 玩耍精神：会玩的孩子真的有出息
30166905, 7.7, 199, 优质父母教养实践指南
23058339, 8.1, 136, 认知设计
26731285, 9.3, 57, 婴幼儿及其照料者（第8版）
34446117, 8.0, 148, 孩子如何学习
34678933, 9.1, 64, 积极养育
24838576, 9.4, 53, 青少年心理学
05252658, 8.7, 82, 用尊重成就孩子的一生
27069115, 8.7, 82, 父母的格局
25883059, 8.3, 111, 孩子与学校
27034389, 8.2, 120, 用数学的语言看世界
20494282, 7.5, 234, 人是如何学习的
04210843, 8.6, 87, 布卢姆教育目标分类学
06773363, 8.2, 118, 教养大震撼
26774358, 7.2, 325, 阅读的力量
25746959, 8.7, 80, 一個數學家的嘆息
26877284, 7.9, 152, 双向养育
30211352, 7.8, 167, 别错过孩子英语学习敏感期
34951531, 8.4, 99, 要领
25862330, 7.9, 150, 大学小言
30199746, 9.1, 60, 教学七律
34802586, 8.1, 124, 教育的本质
11622361, 8.3, 105, 洛克菲勒留给儿子的38封信
01541601, 8.4, 97, 教学机智
26866060, 8.4, 97, 陪伴式成长，和孩子一起成为更好的自己
02220965, 8.7, 77, 听王荣生教授评课
06719654, 8.7, 77, 快乐儿童的7个习惯
26387502, 9.3, 52, 叶圣陶语文教育论集
06857343, 8.4, 95, 内向孩子的潜在优势
26868677, 8.0, 132, 奖励的恶果
01844574, 8.6, 81, 问题学生诊疗手册
26674740, 9.1, 58, 解放父母 解放孩子
01325134, 8.5, 86, 蒙台梭利幼儿教育科学方法
01219414, 7.8, 153, 班主任兵法
27016211, 7.5, 205, 养育男孩（母亲版）
07057231, 7.9, 138, 绘本有什么了不起
30129202, 7.5, 203, 儿童教育心理学
30281227, 9.5, 44, 孩子，你的情绪我在乎——为我亲爱的宝贝情绪管理训练
26663657, 8.0, 123, 学以为己
30218980, 9.3, 49, 我从哪里来
30240800, 8.6, 76, 藏在书包里的玫瑰
03137116, 7.3, 245, 巴黎高师史
03395030, 7.6, 177, 藏在书包里的玫瑰
27191112, 9.7, 39, 综合防治儿童性侵犯专业指南
03086241, 8.1, 111, 回归大学之道
01029202, 8.7, 70, 夏山学校
06121224, 7.8, 144, 一个时代的斯文
03223458, 8.6, 75, 如何阅读一本书
27040869, 6.9, 396, 人工智能时代的教育革命
27622568, 7.1, 305, 可怕的两岁
01426211, 8.3, 93, 优秀是教出来的
30348773, 8.3, 93, 依恋障碍
03327897, 8.7, 69, 教育过程
03522847, 7.3, 236, 教育学基础
06720139, 7.0, 338, 最愚蠢的一代
03063877, 8.0, 117, 智能的结构
33406122, 8.6, 72, 抗压力·亲子篇
02125914, 9.1, 52, 青春期
02058840, 7.8, 137, 我的事业是父亲
26869050, 8.2, 97, 影像中的生死课
02090855, 9.0, 55, 一门捉摸不定的科学
26952307, 8.2, 96, 武志红四本书(套装共4册）
26798340, 8.1, 104, 别等孩子长大了才后悔你现在做的太多
27664106, 8.8, 62, 批判教育社会学九讲
05914808, 8.3, 88, Privilege
27055700, 8.3, 88, 爸爸教的数学
11540758, 9.8, 35, 父母的习惯
25788102, 7.6, 162, 叛逆不是孩子的错
04715248, 9.0, 54, 移动的学校
33457142, 8.6, 70, 每个孩子都需要被看见
27072149, 8.7, 65, 12堂魔力数学课
34908271, 8.2, 93, 你学的数学可能是假的
25913875, 8.6, 69, 重访三种文化中的幼儿园
34428601, 8.5, 74, 给爸爸妈妈的儿童性教育指导书
33406141, 9.1, 50, 特别的女生萨哈拉
03666720, 9.0, 53, 儿童心理学手册
26413407, 9.4, 42, 强爸爸好女儿
02099620, 8.1, 100, 如何成为尖子生
27097487, 8.4, 79, 我想倾听你
34905535, 7.9, 118, 爱上阅读的秘密（精装书+豪华手账珍藏套装）
19963289, 8.5, 73, 自由与教育
34697355, 9.8, 34, 给教师的建议
26695673, 8.6, 68, 失控
30247443, 8.5, 72, 不急不吼
26794332, 8.1, 97, 怎么上课，学生才喜欢
33442508, 8.3, 82, 好妈妈就是家庭CEO
01070215, 7.3, 203, 一个经济学家给女儿的忠告
26312412, 7.3, 202, 发现你的天赋
20496334, 8.4, 75, 3-6岁儿童学习与发展指南
25909084, 8.1, 94, 宛如一部小说
34815859, 8.2, 86, 内在父母的觉醒
20491175, 8.6, 64, 如何培养孩子的社交商
27147203, 8.3, 79, 安全基地：依恋关系的起源
33443534, 8.9, 52, 不急不躁
26804519, 8.7, 59, 知心书·第一辑
25732738, 7.2, 216, 无声的革命
03179375, 8.1, 90, 我的教师梦
06390374, 9.0, 48, 学会关心
01881775, 8.4, 71, 人的问题
01279783, 8.5, 66, 爱情的教育
26731439, 7.9, 105, 说来听听
25827403, 8.8, 54, 师范学校与中国的现代化
30381044, 9.8, 31, 妈妈，你会永远爱我吗+爸爸，我害怕了怎么办（全2册）
04733825, 8.7, 57, 儿童早期艺术创造性教育
27600344, 8.4, 70, 朋友还是敌人——儿童社交的爱与痛
24383564, 7.3, 184, 性格的力量
30781741, 7.7, 123, 解码青春期
33161478, 8.0, 94, 大猫老师的创意作文课（当当独家赠送精美作文本）
01649821, 9.1, 44, 为了自由呼吸的教育
34923186, 7.9, 100, 学会如何学习
25884163, 8.7, 55, 教育与脑神经科学
03522699, 9.1, 43, 中国教育改造
27058846, 8.3, 72, 真正的蒙氏教育在家庭
11622141, 7.9, 97, 父母是孩子最好的音乐老师
02287720, 8.0, 89, 如何成为卓越的大学教师
34685835, 8.0, 89, 回家乡建一座图书馆
01031352, 8.2, 76, 教育—财富蕴藏其中
27081321, 8.2, 76, 游戏改变教育
26409552, 7.3, 169, 静悄悄的革命
02304506, 7.9, 95, 儿童绘画心理学
27104741, 8.4, 64, 正念养育
25838686, 7.5, 135, 让孩子远离焦虑
26420571, 8.8, 49, 和孩子聊书吧
24845850, 8.0, 86, 智能的结构
34997473, 8.7, 52, 我问宇航员
27167964, 7.6, 121, 内向孩子的潜在优势
26642354, 8.2, 72, 致青年教师
27082580, 9.2, 38, 应用学习科学
35023416, 8.2, 71, 《妈妈知道怎么办：王小骞亲子说》
30373956, 9.0, 42, 怎样解题
26345262, 7.5, 128, 儿童时间管理训练手册——30天让孩子的学习更高效
26313683, 9.7, 29, 爱与祈祷
27153480, 8.4, 60, 遇见孩子，遇见更好的自己（挑战篇）
01140137, 8.5, 56, 学会关心
26921954, 7.7, 103, 陪孩子走过小学六年（第3版）
27139143, 7.9, 86, 极简父母法则：教出快乐、自信、独立的孩子
27136653, 8.5, 55, 叛逆不是孩子的错：不打、不骂、不动气的温暖教养术（原书第2版）
35036361, 8.3, 63, 穿透式学习
27175710, 7.3, 147, 为孩子重塑教育
34864978, 8.4, 57, Prepared
30162699, 8.0, 76, 过剩时代的学习
01910697, 9.0, 39, 孙维刚谈立志成才
35022414, 9.5, 30, 好父母的说话之道
02990698, 9.3, 33, 3-8岁儿童的数学经验
19980292, 8.0, 74, 你的6岁孩子
11591965, 9.1, 36, 做适合人的教育
03353668, 8.9, 40, 陶行知文集（上下册）
30302207, 8.9, 40, 王霄老师的5堂幸福课
30434562, 7.2, 151, 从小读到大
33474451, 7.4, 123, 儿童心理学
34808480, 7.7, 93, 孩子如何思考
33411347, 9.3, 32, 很高兴能陪你一起长大
02179551, 8.3, 58, 教学设计原理
27600345, 9.1, 35, 妈妈，他们欺负我——帮孩子解决社交难题
27132935, 8.1, 66, 他缔造了哈佛
25793039, 8.9, 39, 最好的教育是爱
34785005, 8.9, 39, 致青年书
26997842, 7.0, 183, 大学的终结
27174459, 9.3, 31, 为了自由呼吸的教育
10474005, 8.5, 49, 中世纪的自由七艺
26802857, 8.3, 56, 亲子打闹游戏的艺术
02944876, 9.5, 28, Parent Effectiveness Training
01219039, 8.7, 43, 复杂性理论与教育问题
03234935, 8.0, 69, 外国教育史
33423656, 7.6, 96, Range
01536944, 8.3, 55, 人的教育
34914942, 8.5, 48, 即兴
30278684, 7.5, 103, 写作课
27075727, 8.9, 37, 改变儿童心理学的20项研究
26579540, 8.3, 53, 可见的学习
34432077, 7.5, 100, 布隆伯格自传
25931805, 8.5, 46, 我和儿子的每一步
26888648, 8.4, 49, 培训机构业务全景图
06425387, 7.8, 76, 洛克菲勒家书
05360701, 7.9, 70, 告别功利
26154094, 9.3, 29, 正念父母心
34438161, 9.1, 32, 速效学习辅导法：60招化解父母焦虑
25744064, 7.0, 160, 我不原諒中國教育
26369324, 8.3, 51, 自由学习(第3版)
25715671, 8.8, 37, 游戏治疗
27148373, 8.4, 47, 去学校化社会（汉英双语版）/万千教育
26945842, 8.0, 62, 学习、创造与使用知识
04858247, 8.3, 50, 孩子是如何学习的
25870895, 8.2, 53, 被选中的
03464561, 7.9, 66, 美国最好的中学是怎样的
25865937, 8.5, 43, 造就全人的艺术教育
26823941, 9.6, 24, 敢于尝试的勇气
27104539, 9.2, 29, 学生管理的心理学智慧（第二版）
03028537, 8.2, 52, 用思想点燃课堂
25915086, 9.4, 26, 人的普遍智识
23780390, 7.9, 64, 《3-6岁儿童学习与发展指南》解读
01455516, 8.3, 48, 帕夫雷什中学
34856251, 8.3, 48, 不急不吼做妈妈
33441908, 6.4, 316, 学习的升级
03187123, 8.0, 59, 观察儿童
34860238, 8.2, 51, 一朵云推动另一朵云
33458551, 8.3, 47, 神奇学校
01024683, 9.2, 28, 庭训格言-康熙家教大全
27175510, 8.2, 50, 为爱朗读
01541636, 8.5, 41, 生活体验研究
25921355, 7.5, 85, 翻转人生的教育
10453914, 8.1, 52, 光有爱还不够
26656050, 9.2, 27, 孤独症儿童早期干预丹佛模式
26413397, 5.8, 799, 格局
30185407, 8.8, 33, 共享自然
20497906, 8.6, 37, 孩子的世界
30319416, 7.1, 120, 蒙台梭利家庭方案
25893439, 7.7, 69, 面向个体的教育
35049871, 8.3, 44, 深井效应
21372167, 8.2, 47, 技术时代重新思考教育
25910159, 8.6, 36, 真正的陪伴
01060820, 8.5, 38, 学习的条件和教学论
34993976, 8.5, 38, 阅读手册
27058843, 7.8, 61, 真正的蒙氏教育在家庭
26126524, 8.4, 40, 哈佛大学教育学院思维训练课
03342559, 9.1, 27, 儿童与艺术/美术教育学系列译丛
03063881, 8.3, 42, 多元智能新视野
26114049, 8.7, 33, 我的教育生涯
27107656, 8.7, 33, 0-3岁行为习惯教养绘本：弄脏了！
35064538, 9.3, 24, 胎教故事爸爸读：有声版
27058845, 7.7, 63, 真正的蒙氏教育在家庭
27653720, 7.8, 58, 教育学（第七版）
35013835, 8.0, 50, 从容路过的人生
01622491, 8.5, 36, 孙维刚高中数学
30868531, 7.4, 80, 我用阅读教育孩子
01148500, 7.7, 62, 儿童的秘密
10618250, 7.4, 79, 教师的挑战
01058010, 8.0, 49, 培育男孩
10789210, 8.3, 40, 改变孩子一生的营养益智计划
34825765, 7.7, 61, 跟自己的孩子聊得来
34995282, 7.8, 56, 游戏力养育
03031531, 8.5, 35, 教育哲学
30468442, 8.6, 33, 不咆哮 让孩子爱上学习
27122259, 7.5, 71, 教师：挑战
21267844, 8.7, 31, 教育的终结
24869163, 9.0, 26, 心智、脑与教育
34897598, 9.0, 26, 小七老师育儿说
34998064, 8.4, 36, 鬼刀2WLOP个人插画作品集
30350537, 7.1, 98, 逻辑英语语法
05907762, 9.3, 22, 教学的勇气
01357799, 9.2, 23, Totto-Chan
35064537, 9.4, 21, 胎教故事妈妈读 : 有声版
33418184, 8.8, 28, 大夏书系·未来课程想象力（教师职业发展，国内外课程建设，课程变革方向路径，教育观察）
26639069, 9.9, 17, 不愿待在水下的鲍里斯
05912141, 6.8, 131, 养育女孩
34981731, 8.0, 45, 学习的格局
30142893, 7.6, 57, 小舍得
02270614, 8.5, 31, Mindstorms
01912793, 8.9, 25, 小学课堂管理
26599057, 7.2, 80, 混合式学习
01009608, 8.0, 42, 教育的55个细节
27073410, 8.8, 26, DK儿童数学思维手册
26660701, 8.4, 32, 青春期大脑风暴
01541657, 9.3, 20, 教育与国家形成
27146625, 7.7, 50, 有边界，才自由：如何养育自信又自律的孩子
26789590, 7.3, 69, 教育漫话
03711583, 8.3, 33, 自尊女孩手册
24242130, 8.3, 33, 家庭教育
27625754, 8.4, 31, 大学教育
27058844, 7.7, 49, 真正的蒙氏教育在家庭
34846279, 9.5, 18, 不畏不缩直面女儿的性教育
34937173, 9.5, 18, 不一样？嗯，一样！
26658602, 9.0, 22, 动手玩转Scratch2.0编程
35015185, 9.2, 20, 语文陪伴孩子的一生
26060727, 7.9, 41, 不批评才能培养出自觉主动的孩子
27074575, 8.5, 28, 尼尔！尼尔！橘子皮！
27608693, 6.8, 104, 认知升级
27136672, 6.7, 116, 三重专注力：如何提升互联网一代最稀缺的能力
34439702, 8.7, 25, 故事药丸
01127630, 8.6, 26, 语文教育门外谈
26694218, 8.0, 37, 普通教育学
27118607, 6.8, 101, 发现天赋的15个训练方法
04254702, 7.9, 39, 高效学习
06435421, 9.8, 15, 如何教养孩子品德
34953799, 9.2, 19, 我的第一堂大脑私教课：40天最强大脑训练计划
27133522, 6.9, 88, 儿童人格形成及培养
30427904, 7.2, 65, 培训行业这一年(2018)
10775249, 9.1, 19, 教出孩子的自信、品格和抗压力
34452005, 7.6, 45, 深度自然游戏
30173536, 8.6, 24, 如何培养孩子的社会能力（2018新版）
30458874, 8.6, 24, 夏山学校
26421046, 6.2, 186, 游戏
30253414, 7.2, 61, 未来的学校
30285906, 8.5, 25, 15秒课堂管理法:让上课变得有料、有趣、有秩序
34456772, 8.9, 20, 培养真正的阅读者——整本书阅读之理论基础
27592182, 6.6, 107, 思维版图
30312158, 8.3, 27, 鲑去来：我的美国留学往事
26791791, 8.5, 24, 教育的重建
06536434, 9.4, 15, 我和我的那些小野兽
30415694, 7.7, 36, 家庭中的52个正面管教工具
30142508, 9.2, 16, 教育漫话
34935067, 8.6, 21, 戏剧游戏：儿童戏剧游戏
20424480, 8.2, 26, 教育大未来
25862413, 8.2, 26, 父母英语不好
04931727, 8.0, 29, 孩子为何失败
27623621, 8.0, 29, 大腦喜歡這樣學
02106416, 9.0, 17, 外语教育往事谈(第二辑):外语名家与外语学习
25904364, 8.2, 25, 数学原来可以这样学
01541579, 7.4, 42, 怎样培养真正的人
35074266, 9.1, 16, 陪孩子找到自己的路
03883332, 8.6, 20, 生命重要的前三年
26899893, 8.6, 20, 像冠军一样教学
26309621, 8.4, 22, 家庭优势
34867941, 9.6, 13, 解放妈妈！男孩子也会的极简整理术！
01727799, 8.8, 18, 一个称作学校的地方
26964722, 8.4, 21, 梦山书系
30146685, 8.3, 22, 一流的教養
26607636, 8.0, 26, 美国中小学课堂观察
30287520, 8.0, 26, 让孩子做50件危险的事儿
10434842, 7.1, 48, 我的阅读观
34942535, 8.1, 24, 你只是看上去在陪孩子写作业 资深优秀教师告诉你陪什么怎么陪（辅导作业鸡飞狗跳，霸道总裁式带娃行不通了）
26437522, 6.9, 57, 我把美国教育方法带回国
34937178, 9.4, 13, 谢谢！150种方式说“谢谢”
03745147, 7.4, 37, 最伟大的教育家
26381138, 9.2, 14, 大学与伊甸园
01009531, 8.5, 19, 教学设计原理
30229934, 8.3, 21, 教师花传书
35009860, 8.3, 21, 创造性思维
34786930, 8.6, 18, 交朋友的方法
34893291, 9.0, 15, 游戏改变学习
05931646, 9.1, 14, How Learning Works
34839338, 9.7, 11, The Years That Matter Most
25880231, 8.7, 16, 一个称作学校的地方（修订版）
30228499, 8.7, 16, 美国式“高考”：标准化考试与美国社会的贤能政治
25879741, 8.2, 20, 读懂孩子
05407567, 8.5, 17, 让孩子自然快乐地学习
25894639, 8.5, 17, 格林斯潘心理育儿0-5岁
26938873, 8.6, 16, 小朋友的哲学大哉问
30332123, 8.9, 14, 可见的学习与学习科学
03020990, 6.2, 96, 阶层是会遗传的
30185969, 8.2, 19, 脑科学与课堂
11523418, 7.3, 33, 教育常识
35048510, 8.0, 21, 自驱型成长
35085959, 9.0, 13, 心灵革命：19个改变人生的善意法则
34881703, 7.8, 23, 变革与新生
04900365, 7.6, 26, 我们如何学习
30383924, 6.8, 47, 什么是最好的教育
26701033, 6.4, 68, 给教师的阅读建议
26776255, 8.9, 13, 第56号教室的奇迹
27104480, 8.9, 13, 家校沟通，没有痛过你不会懂
34948554, 9.1, 12, 亲子折叠笔记
34820226, 8.4, 16, 超越原生家庭的养育
01155849, 8.6, 14, 有效教学方法
30204680, 6.8, 41, 养育女孩（成长版）
26764512, 8.0, 18, 珞珈野火集
30385379, 7.8, 20, 青少年大脑使用说明书
04883499, 8.5, 14, 零距离美国课堂
35051893, 8.3, 15, 好老师，坏老师
35014872, 9.0, 11, 儿童大脑开窍指南
26699774, 8.1, 16, 別讓孩子繼續錯過生命這堂課：台灣教育的缺與盲
33423778, 8.2, 15, 10—14岁青少年，你在想什么
34949073, 6.8, 36, 培训行业这一年2019
35030918, 8.5, 13, 给孩子恰到好处的爱  做不焦虑的父母
34782393, 6.9, 33, 温儒敏语文讲习录
26903340, 7.9, 17, 我们如何学习
26956146, 6.1, 70, 可见的学习与思维教学
04729351, 7.0, 29, 从零岁开始
27174486, 6.5, 44, 核心素养导向的课堂教学
27189731, 8.4, 13, 瑟谷学校传奇Ⅰ
34891024, 6.8, 33, 如何识别人生陷阱
26590891, 7.9, 16, 让教师学会提问
30417718, 7.8, 16, 全世界都想上的课
34952677, 8.4, 12, 做对“懒”爸妈 养出省心娃
34944408, 7.5, 18, 為什麼我們製造出玻璃心世代?
26878610, 8.3, 12, 卡尔威特的教育全书：珍藏版
27009752, 8.5, 11, 正念教养
10808808, 7.8, 15, 教师怎样说话才有效
34885471, 8.4, 10, 在游戏中给孩子美的启蒙
27607303, 7.2, 17, 男孩女孩学习大不同
26442359, 7.5, 14, 创新者的培养
34809545, 5.8, 53, 酸葡萄效应：为什么总有人莫名其妙地讨厌你
26911201, 7.1, 15, 学以致用
30357378, 6.8, 17, 为学生赋能
34786032, 7.1, 14, 燕京大学与中西关系（1916-1952）
27666489, 4.5, 411, 董卿：做一个有才情的女子
34910871, 7.2, 11, 破解神话——还原真实的芬兰教育
30434719, 4.8, 130, 很冷很冷的冷门知识
26311527, 6.4, 16, 让教师都爱上教学：307个好用的课堂管理策略
34464347, 6.1, 15, 深度学习
06070346, 6.7, 10, 陪儿子说说话
35000612, 6.5, 11, 学习场景的革命
27091552, 5.9, 13, 一流的教养
34992150, 4.9, 11, 前期与后期
05349506, 2.4, 422, 父母皆祸害？
25817535, 2.4, 4248, 父亲的力量
26420572, 0.0, 10, 怎样读懂学生
27624166, 0.0, 10, 正面管教教师指南(A-Z)
30180476, 0.0, 10, 社会中的心智
35016976, 0.0, 10, 网课十讲
10453972, 0.0, 11, 你就是孩子最好的玩具2·亲子游戏篇
34927720, 0.0, 11, 穿越世界的教育寻访
35022467, 0.0, 11, 放轻松 慢慢养
34937177, 0.0, 13, 童趣妙想系列
34937181, 0.0, 13, 自然的故事
30427544, 0.0, 14, 不急不乱
34782314, 0.0, 14, 好爸爸不缺席
34874245, 0.0, 15, 高度参与的课堂：提高学生专注力的沉浸式教学
03895206, 0.0, 16, 身体的秘密（女生卷）
34915248, 0.0, 35, 人生初年
01033342, 0.0, 64, 高效能家庭的7个习惯
35015937, 0.0, 64, 生活即教育
