2020-07-05 16:00:05

number of books, tag name
992, 散文

ID, rating, votes, title
01361264, 9.0, 186401, 撒哈拉的故事
01023045, 8.7, 239547, 我们仨
01054685, 9.1, 100733, 沉默的大多数
01060068, 9.2, 79448, 撒哈拉的故事
01254588, 9.0, 100383, 城南旧事
03995526, 8.6, 185208, 目送
06710437, 9.3, 50260, 撒哈拉的故事
01209899, 9.1, 59160, 我与地坛
04238362, 8.6, 126794, 送你一颗子弹
01449352, 8.8, 85162, 朝花夕拾
03071717, 8.8, 84668, 爱你就像爱生命
02070844, 8.8, 76293, 梦里花落知多少
03369793, 8.6, 102483, 亲爱的安德烈
01767945, 8.8, 67475, 一只特立独行的猪
01060852, 8.9, 54735, 呼兰河传
06388661, 8.8, 56131, 这些人，那些事
19958089, 9.0, 39726, 我们仨
01029111, 8.9, 44655, 哭泣的骆驼
04207781, 8.7, 62352, 孩子你慢慢来
01027191, 9.0, 36517, 历史深处的忧虑
01014578, 9.1, 28792, 我的精神家园
01088581, 8.8, 45248, 浮生六记
05910656, 9.2, 18811, 我与地坛
01036490, 8.8, 34555, 万水千山走遍
02136140, 8.7, 40391, 雨季不再来
03604517, 9.3, 14974, 撒哈拉的故事
01426971, 8.8, 30175, 野火集
23008971, 9.1, 18815, 平如美棠
01915958, 9.4, 11936, 野草
03369600, 8.2, 78463, 当我谈跑步时我谈些什么
01760432, 9.3, 12596, 受戒
01865089, 8.4, 51684, 瓦尔登湖
10522856, 9.0, 17893, 冬牧场
02068249, 9.1, 15389, 温柔的夜
10555509, 9.0, 17483, 看不见的城市
01082398, 8.8, 22112, 梦里花落知多少
01014561, 9.1, 13723, 古文观止
01253310, 9.0, 15557, 人间草木
03057333, 9.1, 13383, 城南旧事
06397275, 8.9, 16343, 此生未完成
04187411, 8.8, 18256, 万物有灵且美
04881850, 9.1, 11586, 阿勒泰的角落
04884218, 8.8, 17961, 我的阿勒泰
03607117, 8.9, 14587, 稻草人手记
04124727, 8.1, 51465, 孤独六讲
30445437, 9.5, 5813, DEPART
01004992, 8.9, 12955, 张爱玲文集
03673671, 9.1, 9231, 梦里花落知多少
01859140, 8.9, 12202, 上学记
05327697, 8.2, 37791, 橙
06558707, 9.0, 10216, 梦里花落知多少
01692648, 8.9, 11766, 一个人的村庄
01001885, 8.5, 21774, 带一本书去巴黎
03344676, 8.1, 42994, 常识
03191322, 8.9, 10581, 边城
01794844, 8.5, 19466, 有一天啊，宝宝……
01420862, 8.9, 10068, 孩子你慢慢来
01050339, 7.7, 77672, 文化苦旅
03673672, 9.1, 6839, 温柔的夜
01030052, 7.9, 47083, 清醒纪
26278687, 7.6, 86057, 皮囊
02256438, 7.8, 55994, 素年锦时
27184303, 9.0, 7433, 遥远的向日葵地
01980436, 8.8, 9596, 流言
01003986, 8.8, 9526, 病隙碎笔
01830445, 9.1, 6253, 阿城精选集
03604520, 8.7, 10955, 雨季不再来
01073349, 8.9, 8174, 写在人生边上 人生边上的边上 石语
26997048, 9.1, 6213, 撒哈拉的故事
01005358, 9.3, 4706, 寻找家园
03713237, 8.8, 9139, 亲爱的三毛
01949679, 8.7, 10532, 素履之往
03131048, 8.8, 8817, 目送
05269439, 8.4, 15975, 城门开
01063190, 8.0, 32199, 蔷薇岛屿
01056461, 8.3, 18402, 旅行的艺术
01962923, 8.6, 11344, 西班牙旅行笔记
01053088, 9.3, 4332, 陶庵梦忆 西湖梦寻
01058679, 8.7, 9654, 人·兽·鬼
26889236, 8.3, 18086, 我的职业是小说家
03642673, 8.0, 30127, 我执
01082399, 8.6, 10918, 闹学记
03270617, 9.3, 4146, 我与地坛
01091203, 9.2, 4658, 少年凯歌
03698398, 9.0, 6036, 万水千山走遍
01878708, 8.3, 17051, LA流浪记
01065239, 8.6, 10523, 我的宝贝
26610864, 8.1, 24036, 浮生六记
21346636, 9.5, 3141, 三毛典藏全集
01227844, 8.8, 7579, 雅舍谈吃
03297888, 8.5, 11817, 云雀叫了一整天
21617765, 8.8, 7532, 亲爱的安德烈
02136133, 9.0, 5695, 万水千山走遍
01003284, 8.1, 22271, 退步集
01069805, 8.8, 7318, 给青年的十二封信
24922716, 8.9, 6345, 阿勒泰的角落
27174130, 8.1, 22122, 北野武的小酒馆
01049688, 8.4, 13158, 妞妞
01069685, 8.6, 9506, 爱你就像爱生命
06558708, 8.9, 6004, 稻草人手记
06558706, 8.9, 5973, 温柔的夜
04238144, 9.2, 4006, 岁朝清供
01061242, 8.8, 6778, 写在人生边上
10794792, 9.3, 3470, 受戒
01047719, 8.5, 10261, 傅雷家书
03698390, 8.6, 8730, 送你一匹马
01015864, 9.0, 4923, 惶然录
25788092, 8.7, 7380, 古都
22163516, 8.6, 8326, 云雀叫了一整天
03522695, 8.5, 9597, 瓦尔登湖
30280610, 8.6, 8142, 天长地久
19940743, 8.1, 17872, 文化苦旅
02339950, 7.7, 37705, 被窝是青春的坟墓
01044446, 8.7, 6788, 在黑暗的河流上
25944034, 8.6, 7576, 菊次郎与佐纪
25809269, 8.5, 8645, 目送
06558705, 8.5, 8598, 雨季不再来
01029159, 7.5, 51463, 八月未央
01460313, 8.4, 9603, 哥伦比亚的倒影
06079389, 9.2, 3188, 我与地坛
05252677, 8.0, 18433, 幸福了吗?
06558709, 8.6, 6988, 万水千山走遍
01907199, 8.6, 6902, 扫起落叶好过冬
02988943, 8.3, 10678, 青灯
02033081, 8.2, 12443, 身份的焦虑
01000121, 8.6, 6540, 昆虫记
11602267, 8.9, 4320, 羊道·春牧场
25920202, 8.6, 6431, 泛若不系之舟
01082578, 9.0, 3734, 理想国与哲人王
03723589, 8.5, 7395, 滚滚红尘
01829614, 8.6, 6357, 琼美卡随想录
04773224, 8.2, 11606, 生活十讲
01075538, 8.2, 11561, 普罗旺斯的一年
05327690, 9.0, 3633, 浮生六记
01398441, 9.2, 2780, 汪曾祺散文
26826605, 9.1, 3102, 加缪手记
11602265, 9.1, 3049, 羊道·前山夏牧场
01054889, 7.7, 26355, 行者无疆
03009033, 7.8, 21727, 杂的文
01578609, 8.9, 3869, 张爱玲作品集
02240482, 8.0, 14922, 走到人生边上
01050465, 9.0, 3397, 浮生六记
06937888, 8.6, 5776, 树犹如此
01933931, 8.7, 4959, 沿着塞纳河到翡冷翠
02143304, 8.1, 12309, 我爱问连岳
26575679, 8.4, 7566, 当我谈跑步时，我谈些什么（2015典藏版）
11602263, 9.1, 2929, 羊道·深山夏牧场
03054373, 9.2, 2600, 荷西 我爱你
26899220, 8.8, 4270, 生活，是很好玩的
04908886, 9.1, 2917, 金蔷薇
25982254, 8.1, 12097, 大萝卜和难挑的鳄梨
03815126, 8.7, 4834, 瓦尔登湖
01013801, 8.8, 4219, 倾城
03339812, 9.3, 2241, 木心作品八种
27093935, 9.2, 2511, 慢煮生活
03464389, 9.1, 2812, 大淖记事
01050870, 9.3, 2220, 三毛经典作品（上下）
04151117, 8.4, 7176, 阴翳礼赞
01079838, 8.7, 4629, 湘行散记
02295324, 8.6, 5308, 地下乡愁蓝调
01311280, 9.0, 3119, 灵魂的事
04905854, 8.9, 3533, 将饮茶
02382705, 7.6, 27429, 不朽
03735576, 8.6, 5112, 我的宝贝
01288925, 8.8, 3842, 五味
27111096, 8.6, 5030, 爱你就像爱生命
03333989, 8.1, 10587, 荒废集
25984204, 7.3, 49263, 乖，摸摸头
01001204, 7.9, 14594, 山居笔记
04113090, 7.4, 38777, 我们台湾这些年
01924318, 8.9, 3243, 汪曾祺谈吃
30389935, 8.4, 6308, 四个春天
01165173, 8.8, 3611, 务虚笔记
03103080, 7.6, 24547, 须臾
03698217, 8.5, 5358, 花田半亩
01819978, 8.5, 5331, 温莎墓园日记
20425053, 7.6, 24203, 我所理解的生活
01020241, 7.6, 23825, 千年一叹
11614508, 9.0, 2718, 流言
04912688, 8.6, 4529, 干校六记
01136988, 8.9, 3052, 命若琴弦
01013457, 9.1, 2385, 给一个青年诗人的十封信
24257403, 8.8, 3447, 西西弗神话
01291211, 8.6, 4471, 干校六记
01471701, 8.8, 3369, 梦里花落知多少
02294993, 8.3, 6600, 纽约琐记（修订版）
04159088, 7.8, 14892, 理想的下午
01045201, 8.2, 7548, 哲学的慰藉
26275572, 9.2, 1975, 奥克诺斯
10607710, 8.0, 10330, 世间的盐
25639223, 8.3, 6364, 身边的江湖
02010284, 8.1, 8445, 春风沉醉的晚上
01856285, 7.2, 47608, 人生若只如初见
26053771, 8.9, 2715, 小于一
03740431, 8.4, 5306, 灵魂只能独行
01491239, 8.5, 4591, 吾国与吾民
20433554, 9.2, 1886, 关山夺路
01025243, 8.4, 5208, 雨季不再来
10519369, 9.3, 1674, 万物生光辉
26698223, 9.2, 1869, 永恒的时光之旅
10439392, 9.1, 2080, 风沙星辰
02034893, 7.6, 19389, 那些男孩教我的事
01401795, 8.6, 3776, 时间的玫瑰
06815826, 8.6, 3754, 亲爱的三毛
05355829, 8.6, 3746, 哥伦比亚的倒影
01963395, 8.6, 3740, 鱼丽之宴
03621542, 8.4, 4934, 蓝房子
03393056, 8.2, 6613, 流动的盛宴
01059040, 8.7, 3245, 雅舍小品
01007196, 8.6, 3701, 闲情偶寄
26873638, 8.7, 3241, 活着本来单纯
25735727, 8.2, 6552, 站在两个世界的边缘
01721111, 8.6, 3663, 周国平人生哲思录
02377012, 8.6, 3645, 聆听父亲
04156422, 8.7, 3188, 时间的玫瑰
03759808, 8.7, 3183, 流星雨
05363278, 8.4, 4796, 素履之往
01023000, 8.5, 4092, 常识与通识
03323311, 9.0, 2154, 从文自传
30225784, 8.8, 2723, 偷书贼
01489494, 8.5, 4022, 人与永恒
01999519, 9.2, 1689, 三毛全集
01056616, 8.6, 3499, 槭树下的家（席慕蓉作品典藏版）
01793990, 9.0, 2113, 早晨从中午开始
20433556, 8.8, 2659, 昨天的云
01034108, 7.2, 38502, 零下一度
06131589, 8.6, 3409, 普罗旺斯的一年
01007313, 8.4, 4441, 留德十年
01974029, 9.4, 1311, 坟
25849895, 8.9, 2265, 人间草木
26761291, 9.1, 1748, 人间草木
01492634, 8.3, 4848, 生活的艺术
05275500, 7.7, 12846, 尘曲
25849892, 8.7, 2756, 人间滋味
04169341, 8.3, 4717, 水问
03410833, 8.6, 3103, 给青年艺术家的信
04208780, 8.1, 6287, 流浪集
26264154, 8.7, 2679, 悲伤与理智
01888215, 8.4, 3831, 即兴判断
01204398, 8.8, 2239, 幽梦影
26698598, 8.2, 5034, 有如走路的速度
10743137, 7.7, 11422, 绿皮火车
25847717, 8.6, 2875, 不安之书
01048441, 8.3, 4283, 透明的哀伤
26259067, 8.7, 2493, 干校六记
26367364, 8.1, 5758, 爱吃沙拉的狮子
26798331, 8.3, 4241, 醒来觉得甚是爱你
06815824, 8.3, 4219, 送你一匹马
28003156, 8.8, 2166, 给青年的十二封信
27108971, 9.1, 1522, 游隼
01010888, 8.4, 3615, 一路走来一路读
26586889, 9.0, 1687, 阿城精选集
01041414, 8.6, 2739, 威尼斯日记
01015403, 7.7, 10582, 今生今世
01029940, 9.2, 1326, 锦灰堆
01049361, 8.3, 4038, 比我老的老头
03684227, 8.7, 2347, 巴黎的忧郁
01852117, 8.6, 2663, 边城
01008732, 8.4, 3463, 失败之书
26687647, 7.9, 7344, 至味在人间
27116878, 9.4, 1053, 羊道三部曲(共3册)
04169342, 8.5, 2972, 女儿红
26285184, 9.0, 1584, 朝花夕拾
03311009, 7.2, 26381, 原来你非不快乐
20476928, 8.7, 2247, 病隙碎笔
01125556, 8.6, 2548, 朝花夕拾
01029370, 9.1, 1404, 记忆与印象
01871913, 8.7, 2196, 人间草木
27116287, 9.3, 1112, 平如美棠
02075175, 8.8, 1922, 缘缘堂随笔
20433553, 8.8, 1895, 怒目少年
33459737, 8.2, 4130, 书店日记
01341035, 8.2, 4072, 痛快日记
01071821, 8.1, 4722, 你不可不知的人性
06815827, 8.3, 3525, 我的宝贝
06815828, 8.4, 3050, 流星雨
04212607, 7.6, 10516, 有味
01000482, 7.7, 8737, 山居笔记
03151603, 9.2, 1142, 先知
30177173, 7.9, 6141, 假如真有时光机
24671183, 8.2, 3858, 藏地白皮书·十年爱情见证版
30264297, 8.9, 1557, 万般滋味，都是生活：丰子恺散文漫画精选集
25956992, 9.0, 1388, 博尔赫斯，口述
04201728, 9.1, 1230, 给青年的十二封信
04031698, 7.8, 6987, 读者
03658090, 8.6, 2186, 旅行的艺术
24257448, 9.3, 963, 反抗者
26700416, 9.3, 959, 野草
02339264, 8.7, 1853, 人为什么活着
01288913, 8.3, 3110, 半生为人
01223575, 7.8, 6608, 文化苦旅
01015767, 8.0, 4722, 门萨的娼妓
01471705, 8.7, 1815, 送你一匹马
27049320, 8.7, 1812, 人间草木
20413794, 7.6, 9042, 眠空
01072189, 8.8, 1586, 百年思索
04741308, 9.0, 1264, 浮生六记
01004318, 8.2, 3438, 守望的距离：周国平散文集
05363268, 8.6, 2011, 琼美卡随想录
02058479, 9.1, 1125, 史铁生散文
01004539, 8.4, 2587, 爱与孤独
27041298, 8.8, 1566, 春牧场
25776456, 8.7, 1760, 老味道
02257188, 7.6, 8799, 致女儿书
11505636, 8.6, 1985, 旅行的艺术
25744944, 8.4, 2548, 既见君子
03018322, 7.5, 10443, 活着活着就老了
25879527, 9.1, 1101, 平如美棠
03255922, 8.9, 1367, 湘行散记
27623390, 8.6, 1947, 幸得诸君慰平生
01050349, 8.1, 3766, 上海的金枝玉叶
01270551, 9.0, 1204, 八十忆双亲 师友杂忆
30353124, 9.1, 1063, 冬牧场
01022783, 8.1, 3684, 用我一辈子去忘记
01491630, 8.5, 2113, 小窗幽记
01077196, 8.6, 1849, 蒙田随笔全集（全三册）
01004719, 8.7, 1630, 谈修养
04827134, 9.3, 845, 灵魂的事
34799583, 9.1, 1035, 马可瓦尔多
25975888, 8.7, 1614, 食事
25762598, 8.9, 1276, 尽头
30216767, 9.2, 923, 我们仨
26898909, 7.7, 6576, 时间的女儿
06844469, 8.2, 3014, 走夜路请放声歌唱
02209227, 8.2, 2999, 一个孤独漫步者的遐想
01041616, 7.4, 10994, 那些忧伤的年轻人
01186209, 8.7, 1561, 张晓风经典作品
02301475, 8.3, 2583, 人间食粮
01032672, 8.1, 3417, 拥抱逝水年华
05363282, 8.6, 1751, 温莎墓园日记
04213445, 8.0, 3939, 击壤歌
26259064, 8.9, 1229, 将饮茶
02165057, 8.7, 1519, 堤契诺之歌
01049215, 7.4, 10482, 借我一生
02027002, 8.2, 2803, 对照记
01273759, 8.2, 2794, 人在欧洲
25844144, 8.4, 2127, 一间自己的房间
01398461, 8.8, 1307, 梁实秋散文
03464799, 8.9, 1139, 浮生六记
27090815, 8.4, 2024, 记一忘三二
26390229, 7.9, 4085, 把生命浪费在美好的事物上
26679171, 8.9, 1107, 晚饭花集
02097249, 8.7, 1384, 鱼丽之宴
03750309, 8.4, 1995, 安静的位置
25774772, 8.6, 1546, 做饭
04160794, 8.4, 1980, 多余的话
03621252, 7.4, 9297, 曾经
34981242, 9.1, 880, 人间告白
01070246, 8.6, 1534, 置身于苦难与阳光之间
01987453, 7.8, 4574, 人生不过如此
05299919, 8.7, 1345, 国王鞠躬，国王杀人
01264104, 8.6, 1511, 夜航船
01006881, 6.7, 40651, 左手倒影，右手年华。
26802388, 7.3, 10783, 自在独行
25898124, 7.6, 6202, 得未曾有
26581961, 8.1, 2830, 走夜路请放声歌唱
01471687, 8.9, 1046, 背影
05908161, 8.3, 2143, 雨天的书
03606804, 8.2, 2448, 徒然草
25809148, 8.7, 1303, 孩子你慢慢来
10594802, 8.0, 3228, 写给无神论者
01186712, 8.2, 2412, 各自的朝圣路
11588627, 7.8, 4326, 无非求碗热汤喝
10466438, 8.0, 3186, 上课记
26773661, 8.7, 1276, 我的阿勒泰
10597973, 8.2, 2389, 旧山河
01427754, 8.9, 1020, 侏儒的话
02377014, 8.3, 2050, 阅读的故事
30207170, 9.4, 606, 我与地坛
25777461, 8.3, 2040, 日日是好日
27041299, 9.0, 896, 前山夏牧场
01084098, 8.4, 1787, 守望的距离
27004391, 8.7, 1234, 姥姥语录
01987995, 8.2, 2283, 在云上
26938527, 7.8, 4078, 山之四季
30404939, 8.3, 1965, 我与父辈
04145556, 8.3, 1962, 微晕的树林
01862115, 7.1, 14171, 当时只道是寻常
26849123, 9.1, 782, 厚积落叶听雨声
26371292, 8.1, 2567, 不在他方
25803923, 7.8, 4000, 你是我不及的梦
27074861, 7.0, 17250, 东京一年
26662549, 9.5, 529, 汪曾祺自选集
02174792, 8.3, 1936, 清欢
01690728, 8.9, 952, 沈从文精选集
26831788, 7.8, 3949, 旅行与读书
01220904, 8.9, 949, 春醪集
06021091, 8.9, 948, 反与正·婚礼集·夏天集
10597811, 8.5, 1479, 早晨从中午开始
02316607, 9.2, 686, 英译中国现代散文选1
26337806, 8.8, 1026, 树犹如此
01075495, 7.2, 10860, 霜冷长河
27041301, 8.9, 906, 深山夏牧场
01026884, 8.6, 1256, 左手的掌纹
27072025, 7.9, 3166, 生活是很好玩的
25913058, 7.8, 3679, 我爱这哭不出来的浪漫
25964392, 8.8, 993, 不在他方
27013663, 8.2, 2053, 时间的果
26272073, 8.1, 2344, 一生里的某一刻
11527556, 8.9, 888, 五味
11535030, 8.2, 2040, 一个一个人
01484695, 8.0, 2682, 季羡林谈人生
26921077, 8.3, 1752, 回望
04165852, 7.5, 5688, 你是那人间的四月天
06802371, 8.0, 2580, 一个游荡者的世界
34800055, 8.8, 938, 张岪与木心
30259726, 8.6, 1146, 我的阿勒泰
03616565, 8.6, 1145, 蒙田随笔全集（全三卷）
26587564, 8.1, 2144, 我已与一万亿株白桦相逢
26642648, 8.5, 1278, 美好的七年
05363274, 8.4, 1442, 即兴判断
30230907, 8.7, 1014, 活山
03342324, 9.1, 665, 命若琴弦
25741244, 7.1, 11091, 我承认我不曾历经沧桑
01437162, 8.2, 1802, 随想录
01970116, 8.1, 2060, 这一代人的怕和爱
26359826, 8.7, 983, 城门开
34937635, 9.0, 711, 乡关何处
01466236, 8.0, 2345, 风中的纸屑
27049319, 8.5, 1221, 人间有味
20383606, 8.0, 2304, 中国文脉
27183690, 8.4, 1347, 我想做一个能在你的葬礼上描述你一生的人
10834769, 7.7, 3545, 门外汉的京都
01949417, 8.2, 1728, 这就是纽约
03773959, 8.4, 1338, 只有一个人生
26372186, 9.3, 516, 爱与战争的日日夜夜
06509886, 8.7, 939, 人生哲思录
26997078, 8.6, 1049, 梦里花落知多少
26666029, 8.1, 1949, 阴翳礼赞
34988734, 9.1, 618, 走出唯一真理观
04246980, 8.6, 1045, 地粮
27085592, 8.4, 1306, 生活十讲
06974199, 8.7, 916, 小毛驴与我
25918820, 7.6, 3986, 吴哥之美
25784438, 8.1, 1889, 不留心，看不见
10794355, 7.7, 3360, 台湾念真情
25851264, 9.1, 600, 从文自传
02034127, 7.2, 7946, 陌上花开缓缓归
03464792, 8.5, 1120, 风流去
21363319, 8.2, 1617, 林清玄散文精选
10570586, 8.2, 1576, 半生为人
10875996, 8.9, 701, 朝圣者之歌
20394952, 7.9, 2350, 九篇雪
03410812, 7.4, 5185, 死在这里也不错
06967980, 7.4, 5123, 然后，我就一个人了
26318286, 9.2, 515, 牛棚杂忆
26791998, 8.0, 2010, 山中的糖果
24527845, 7.0, 10884, 我讲个笑话，你可别哭啊
04711466, 8.0, 2007, 培根随笔
27131100, 8.1, 1746, 小王子的领悟
21770836, 8.4, 1192, 八九十枝花
27036902, 9.0, 619, 染匠之手
01002055, 9.8, 305, 鲁迅全集(2)
01058097, 7.8, 2638, 岁月与性情
05402205, 8.4, 1183, 空灵
01409892, 9.1, 557, 随遇而安
26726972, 7.9, 2263, 人生最美是清欢
26999709, 7.7, 3044, 孤独六讲
04836601, 8.4, 1173, 扪虱谈鬼录
30274766, 8.1, 1704, 潦草
06041310, 8.3, 1313, 瓦尔登湖
27013392, 8.0, 1933, 扔掉书本上街去
04714187, 7.4, 4879, 不负如来不负卿
20370460, 8.4, 1153, 雅舍谈吃
10282578, 7.7, 2942, 村上广播
26672748, 8.8, 725, 山居杂忆（插图精装版）
04896497, 8.2, 1450, 一一风荷举
26995850, 8.4, 1125, 雨季不再来
01908517, 7.0, 9970, 思无邪
27030775, 8.7, 798, 书读完了
01149495, 8.2, 1413, 梦十夜
30242807, 8.8, 705, 肉食者不鄙
03773943, 8.5, 976, 爱与孤独
01748075, 8.9, 633, 槐园梦忆
01046276, 8.1, 1576, 温暖和百感交集的旅程
04210928, 8.8, 684, 瓦尔登湖
26785701, 7.3, 5249, 月童度河
03919409, 9.1, 505, 汪曾祺散文
01055357, 8.5, 937, 雨天的书
26416401, 7.3, 5147, 我敢在你怀里孤独
06826615, 7.8, 2298, 台北小吃札记
22160048, 8.7, 746, 爱默生家的恶客
10541061, 8.3, 1177, 流动的盛宴
26325605, 8.4, 1044, 威尼斯日记
20375477, 8.6, 828, 这世间所有的白
26639786, 8.0, 1721, 舍得，舍不得
26975206, 8.3, 1167, 人是一根会思考的芦苇
05423585, 8.7, 738, 树枝的疏忽
26838444, 9.3, 410, 给青年的十二封信
01041550, 6.6, 21468, 爱与痛的边缘
26665498, 7.6, 2977, 生命中最简单又最困难的事
26905763, 8.5, 895, 人间食粮
06440324, 8.5, 894, 人各有异
03290169, 9.2, 439, 哭泣的骆驼
01939168, 7.8, 2176, 丢三落四的小豆豆
26997095, 8.8, 642, 温柔的夜
27077687, 8.6, 788, 此生多珍重
27611140, 8.1, 1428, 在另一个宇宙的1003天
25895442, 6.6, 20115, 你的孤独，虽败犹荣
05260232, 8.2, 1238, 托斯卡纳艳阳下
04859582, 8.4, 972, 足球往事
24257470, 8.8, 620, 反与正·婚礼集·夏
27194735, 8.9, 558, 夜神科尔内尔
34440418, 8.0, 1563, 赵桥村
27589516, 8.9, 554, 长长的路 我们慢慢走
27061132, 8.2, 1203, 我为你洒下月光
26258748, 8.5, 837, 阿咪
26427098, 8.9, 549, 布里格手记
03521168, 7.0, 7863, 谢谢你离开我
26945615, 8.4, 933, 燕子最后飞去了哪里
26278884, 8.5, 829, 文化不是味精
30389968, 8.6, 737, 克林索尔的最后夏天
25804641, 7.8, 1994, 草草集
03662614, 7.9, 1732, 淡江记
05419486, 8.6, 736, 缘缘堂随笔
01615235, 8.3, 1028, 蒙田随笔
02054019, 9.3, 369, 听听那冷雨
26685539, 7.9, 1689, 有鹿来
04215454, 7.9, 1688, 外国音乐在外国
30220031, 8.4, 899, 没有神也没有佛
26314606, 8.7, 642, 打回原形
26932218, 8.8, 567, 我与地坛
26530414, 8.7, 622, 边城
01826007, 8.3, 963, 朱自清散文集
06785518, 9.0, 459, 秋天的怀念
26936053, 8.6, 674, 雅舍谈吃
20383607, 8.1, 1184, 千年一叹
26670558, 8.2, 1042, 春风沉醉的晚上
01706968, 8.9, 486, 从文自传
05921793, 7.6, 2346, 我这一代东京人
26388796, 7.9, 1520, 人间卧底
01291599, 9.1, 401, 人类的大地
30203911, 8.8, 532, 山河故人
26855800, 8.5, 723, 走到人生边上
01028201, 8.8, 526, 文明的孩子
06097491, 7.9, 1477, 把心安顿好
25905191, 8.6, 633, 人间食粮
26847933, 8.3, 883, 茶书
25699117, 8.1, 1122, 都是遗风在醉人
26775414, 8.5, 696, 茶，汤和好天气
01492804, 8.1, 1108, 把栏杆拍遍
07564166, 8.3, 867, 生活的艺术
30295044, 8.7, 557, 西西弗神话
06128129, 8.0, 1241, 带上灵魂去旅行
25919821, 8.3, 857, 夏日走过山间
25904933, 8.3, 856, 我的母亲手记
26995854, 8.5, 679, 稻草人手记
30254378, 8.1, 1077, 独居日记
10582058, 8.3, 843, 湘行散记
01037441, 8.6, 604, 温一壶月光下酒
03003471, 8.4, 746, 私人藏书
25871638, 7.6, 2080, 品味四讲
26912478, 8.7, 535, 人间食粮
01353219, 8.3, 825, 今生今世
04105421, 8.6, 592, 扶轮问路
04210379, 8.8, 483, 京华忆往
26997185, 8.8, 482, 亲爱的三毛
26787813, 8.4, 724, 纸上染了蓝
25961455, 8.5, 648, 重读
04732153, 7.7, 1745, 过得去
10875994, 8.3, 806, 温泉疗养客
10440147, 8.4, 718, 世间的名字
01444217, 7.6, 2013, 你是人间四月天
26685366, 8.1, 1017, 波西米亚楼
01398925, 8.6, 575, 沙乡年鉴
27025767, 8.0, 1131, 津轻
26646456, 8.1, 992, 无尽绿
26894367, 7.8, 1465, 尘土
01013032, 9.3, 293, 风中的院门
27593934, 8.3, 777, 愿你慢慢长大
25909080, 8.7, 504, 父亲的道歉信
10604940, 8.6, 558, 非洲人
06798697, 9.2, 316, 奶奶的星星
25908110, 8.6, 552, 诗人的迟缓
20433557, 8.0, 1098, 文学江湖
01083067, 7.6, 1899, 萤窗小语.1
01082305, 8.8, 450, 沙郡年记
26801831, 7.2, 3589, 在宇宙间不易被风吹散
26657573, 8.3, 757, 眼前
01460123, 8.0, 1085, 寒夜客来
01322444, 9.0, 368, 鲁迅散文
26778180, 8.5, 598, 丰子恺 : 无宠不惊过一生
34973161, 8.5, 594, 她们
30180835, 8.1, 937, 松子落
25853110, 8.0, 1049, 人间有味是清欢
01084309, 8.3, 729, 朝花夕拾
26127411, 7.4, 2438, 男人这东西
30314033, 7.0, 4871, 无所畏
01064230, 8.6, 524, 从文人之文到学者之文
01009258, 8.2, 806, 背影
27046285, 8.5, 575, 一定要，爱着点什么
03191866, 8.1, 904, 杜甫的五城
26313575, 8.1, 882, 各自爱
26968417, 8.0, 997, 游戏人间
01484597, 7.5, 1980, 毒2
26775412, 8.7, 451, 最朴素的生活和最遥远的梦想
27006764, 8.8, 407, 丰子恺愿你一生清澈明朗
27012154, 7.3, 2659, 我喜欢生命本来的样子
20397289, 7.9, 1097, 没有一条道路是重复的
02076617, 8.5, 540, 不朽
27183696, 8.4, 600, 小鸟睡在我身旁
05381705, 8.7, 435, 柏林童年
25718753, 8.3, 660, 一个人的村庄
01203294, 8.8, 394, 老舍散文
03222755, 9.1, 298, 风把人刮歪
27033676, 9.3, 252, 从文自传
01850515, 8.2, 732, 林徽因诗文集
01051492, 7.8, 1190, 我很重要
30279089, 8.4, 574, 新腔
25865424, 9.0, 319, 朝花夕拾
06711775, 8.5, 512, 雅舍小品
26905777, 8.4, 566, 一个孤独漫步者的遐想
03651646, 7.5, 1768, 精神明亮的人
03321469, 8.6, 459, 城南旧事
27172965, 8.7, 415, 我把活着欢喜过了
07916066, 7.6, 1517, 欲爱书
14449069, 8.1, 785, 春在绿芜中
04766916, 8.6, 453, 爱默生随笔
06808159, 8.0, 879, 千年一叹
33434249, 8.2, 680, 善哉善哉，就你话多
26259070, 8.9, 332, 杂忆与杂写：一九三三—一九九一
02179956, 6.9, 4629, 左手倒影.右手年华
01392691, 9.1, 277, 春醪集
30417744, 8.6, 439, 秋灯琐忆
26877103, 8.6, 436, 人间至味
27169757, 8.4, 531, 四季啊，慢慢走
25871619, 8.6, 431, 作文十九问
03773194, 9.0, 296, 周作人散文全集
06389908, 8.6, 427, 知堂文集
30198357, 8.7, 384, 人间之味
25731387, 7.9, 920, 理想的下午
26876438, 9.0, 288, 人间草木
26610904, 9.2, 242, 无法还原的象
30247390, 8.5, 456, 下一次将是烈火
06781409, 6.8, 5092, 窗里窗外
01036864, 8.4, 502, 余光中散文
25752981, 7.7, 1133, 你所不知道的日本名词故事
30426745, 8.5, 442, 念楼学短
26879777, 8.3, 544, 在难熬的日子里痛快地活
20383609, 7.9, 859, 行者无疆
26416276, 7.8, 971, 愿生命从容
26667282, 8.4, 481, 见信如晤
01054071, 8.9, 296, 与风景对话
10607551, 8.0, 751, 一个园丁的一年
19935578, 8.1, 664, 旧日红
27039404, 8.6, 389, 三岛由纪夫追记
27591183, 8.6, 389, 烟火人间
35016965, 9.2, 227, 巷里林泉
34950849, 8.7, 349, 一个知识女性的思考系列
27069087, 8.9, 290, 慈悲的滋味:丰子恺散文漫画精选集
30314820, 8.1, 650, 常识与通识
30367453, 9.4, 191, 黄昏的诉说
30325311, 9.5, 177, 来路孤独，常有欢喜
34449278, 9.2, 223, 金蔷薇
24742929, 8.5, 419, 碎琉璃
26367995, 7.6, 1195, 你心柔软，却有力量
02075718, 8.5, 411, 空山灵雨
34792334, 8.1, 627, 穗子的动物园
26960704, 8.7, 334, 我们的老院
30242361, 8.4, 447, 春时樱，秋时叶
30355270, 8.8, 300, 活着多好呀
25996933, 8.5, 399, 独坐
25882989, 8.3, 484, 女儿红
26775415, 8.6, 356, 到山中去
26739973, 7.8, 864, 常识与通识
02319041, 9.0, 247, 英译中国现代散文选2
33415839, 8.6, 351, 万事有心，人间有味
34800783, 8.5, 375, 旧日的静定
30294368, 8.0, 640, 拔蒲歌
26995855, 8.2, 508, 万水千山走遍
01781525, 7.7, 922, 殡葬人手记
30172061, 9.2, 199, 夏日走过山间
26897263, 7.8, 802, 愿人生从容
27084650, 9.0, 232, 人生很短，做一个有趣的人
30313785, 8.7, 300, 你是这世界，写给我的情书
34772125, 8.2, 492, 此生未完成（增订新版）
27090347, 8.2, 486, 天真的幽默家
26992728, 8.8, 269, 边城
30275766, 9.9, 117, 浮生如梦
26997134, 8.6, 320, 送你一匹马
30365801, 6.4, 8278, 冷场
01791880, 8.0, 600, 虚土
27155678, 7.8, 762, 生命是孤独的旅程
10429652, 6.9, 2950, 因为懂得 所以慈悲
33374199, 8.8, 261, 听听那冷雨
04905953, 8.3, 420, 种子的信仰
01018026, 7.6, 960, 做个快乐读书人
27121479, 7.9, 654, 中国游记
04179200, 8.1, 518, 看图识字
34467263, 8.3, 409, 一生自在
27116204, 9.1, 197, 另一种美
06000644, 8.3, 406, 看云集
26864773, 7.3, 1418, 任你行
25784005, 8.0, 560, 徒然草
26362432, 8.9, 222, 留德十年
05325877, 8.8, 240, 风声·雨声·读书声
20516007, 8.8, 240, 人间有味是清欢
26616591, 7.1, 1819, 不如任性过生活
27169747, 8.6, 283, 月光还是少年的月光
01268594, 8.5, 310, 旅行人信札
26841614, 7.6, 846, 雨天 炎天
25740175, 8.2, 416, 奇来前书
30135540, 8.0, 518, 只生欢喜不生愁
25820165, 8.5, 307, 田园之秋
30140699, 7.4, 1102, 生活的比喻
26616967, 9.0, 196, 端午的鸭蛋
24301821, 8.6, 277, 要么孤独要么庸俗
26612256, 8.3, 370, 蓝房子
27098273, 7.8, 645, 京都如晤
26775352, 8.1, 456, 水印
30389540, 9.0, 195, 站在人这边
26348734, 8.3, 366, 听客溪的朝圣
27012054, 7.4, 1082, 下雨天一个人在家
27122365, 7.9, 566, 秦淮之夜
26291216, 6.5, 5198, 我们生活在巨大的差距里
27603609, 8.3, 361, 一个人的村庄
11505930, 7.2, 1427, 杀鹌鹑的少女
01394394, 8.4, 324, 念楼学短
01009052, 7.8, 618, 生生世世未了缘
19956847, 7.5, 905, 请偷走海报！+3
26593671, 8.1, 427, 青灯
30217243, 7.4, 984, 镜湖
02228717, 8.9, 193, 寻觅意义
26710589, 8.2, 368, 落花生
26955196, 8.2, 368, 路边狗
05401958, 7.1, 1505, 九万字
26841391, 7.2, 1274, 把你交给时间
26938278, 9.2, 150, 野草
30239751, 7.4, 945, 无端欢喜
25887970, 8.7, 224, 我们的普世文明
30334420, 8.2, 360, 纸上卧游记
26390011, 8.1, 398, 伍尔夫读书笔记
26997273, 8.5, 267, 我的宝贝
26937000, 7.6, 715, 山河袈裟
26394207, 7.9, 495, 给孩子的散文
25912066, 9.0, 172, 自得其乐
30345645, 9.0, 172, 心有猛虎 细嗅蔷薇（余光中散文精选）
01042984, 8.1, 393, 人生的盛宴
20414896, 8.8, 202, 守望的距离
26843077, 8.5, 260, 印象与风景
26693083, 8.0, 431, 说吧，叙利亚
26315075, 7.1, 1409, 岛屿来信
26940987, 7.5, 784, 文章自在
26369862, 8.1, 383, 浮光
30230801, 8.4, 280, 人间小暖
02363703, 8.9, 177, 英译中国现代散文选3
24718653, 8.1, 370, 杜甫的五城
26775411, 8.5, 249, 祝，一切安好
05269129, 8.5, 248, 镜中恶魔
24838970, 6.8, 2184, 无聊的魅力
30381064, 7.1, 1322, 我们都是宇宙中的微尘
26717937, 7.5, 737, 女人的食指
24870163, 7.6, 642, 万物皆有伤心处
02974038, 8.1, 356, 迟子建散文
27054214, 7.6, 633, 居山而行
26826861, 9.3, 126, 人生何处不欢喜
30180827, 9.1, 144, 我的渡世日记
06538133, 8.7, 198, 这就是纽约
01409154, 8.8, 180, 想北平
11614513, 7.5, 686, 重访边城
26575957, 8.8, 177, 真正的生活者
26577701, 7.5, 679, 我的美的世界
33646063, 9.1, 138, 奥之细道
33379218, 9.8, 86, 朝花夕拾（《朝花夕拾》《野草》全新未删节插图珍藏版，陈丹青、易中天推荐！）作家榜经典文库
02245280, 7.6, 587, 读书这么好的事
27093039, 7.9, 411, 私语书（插图珍藏版）
30294354, 8.9, 160, 流言
26682087, 6.8, 1883, 借山而居
21965475, 6.9, 1586, 爱上几个人渣
27046066, 8.0, 358, 我口袋里的星辰如沙砾
24838897, 6.7, 2189, 愿你与这世界温暖相拥
26772692, 7.8, 442, 故都的秋
30133204, 9.4, 107, 巴黎的忧郁
25745152, 6.6, 2600, 愿风裁尘
26368595, 8.6, 196, 园圃之乐
25884914, 7.6, 547, 水问
30230791, 8.3, 249, 人生有趣
26945641, 7.7, 470, 所谓好玩的事，我再也不做了
26336601, 7.3, 784, 有味
26990606, 7.8, 414, 愿你，归来仍是少年
34800741, 9.0, 135, 商市街
01044699, 7.7, 459, 文人饮食谭
30460537, 7.7, 459, 长皱了的小孩
34948397, 8.3, 242, 巴黎记
26854616, 8.3, 241, 荒谬的墙
33415751, 8.8, 155, 也是冬天，也是春天
26584008, 8.5, 196, 城南旧事
26309123, 6.9, 1320, 近在远方
01073544, 8.1, 283, 醒来的森林
34451493, 8.9, 139, 八九十枝花
30473840, 7.8, 387, 九篇雪
25774256, 7.1, 958, 肥肉
30213520, 8.1, 280, 人生如逆旅
30178336, 6.9, 1286, 我只知道人是什么
26874279, 7.8, 381, 小英国，大伦敦
25805200, 7.5, 543, 草色连云
26358462, 8.8, 147, 蒂巴萨的婚礼
33436279, 7.3, 699, 游荡集
26437752, 6.6, 2092, 灯下尘
30272408, 8.4, 203, 夏与西伯利亚
01830669, 8.9, 133, 银说话
01083467, 7.7, 399, 中国之旅
01275567, 9.1, 112, 林中水滴
34996940, 8.6, 163, 五万言
25740169, 8.7, 149, 世界美如斯
25750940, 8.1, 249, 想乐
30486350, 7.1, 798, 我喜欢人生快活的样子
33444357, 7.8, 329, 没有一种生活是可惜的
30255659, 8.2, 219, 石黑一雄诺贝尔奖获奖演说
03320120, 9.2, 97, 灯下漫笔
01443225, 7.8, 322, 会唱歌的墙
34463607, 7.4, 514, 此刻的温柔
26631263, 8.1, 233, 人生不过如此而已
26359066, 7.2, 652, 一瓢纽约
06784039, 5.7, 13526, 你若安好便是晴天
26808971, 8.5, 158, 柏林童年
34940570, 8.0, 250, 于谦动物园
04230243, 8.5, 157, 量身定制的幻想
30170963, 8.0, 248, 青年到此为止
30192929, 8.9, 114, 菜根谭
26847480, 8.2, 202, 从容的底气
30140437, 9.0, 105, 老舍散文
25740177, 8.0, 241, 奇来后书
01084357, 9.2, 90, 春醪集
10544783, 7.0, 809, 草木的理想国
30404719, 7.4, 453, 孤独是一个人的清欢
25932135, 8.9, 108, 津輕
19934142, 7.8, 285, 白雪少年
30304467, 7.7, 317, 山川岁月长
25843173, 6.6, 1454, 恰到好处的幸福
30176508, 8.8, 114, 此心安处，便是吾乡
03617614, 7.8, 273, 小桔灯
34807042, 8.8, 111, 悲喜自渡
27052265, 7.4, 426, 泥步修行
30262387, 8.0, 220, 把日子过得有趣
27603486, 8.1, 196, 穿睡衣的作家
34786080, 8.4, 149, 尘世的梦浮桥（精装典藏版）
20488429, 7.7, 288, 前尘·昨夜·此刻
04308011, 7.5, 356, 情怀已死
34808894, 8.2, 173, 我爱这热闹的生活
26669353, 7.8, 254, 午夜之门
27011818, 7.7, 280, 沉住气，吃硬饭
34882254, 8.5, 132, 万物有灵
26847648, 7.5, 349, 生活的艺术
30299532, 8.2, 169, 在西伯利亚森林中
30346227, 8.4, 140, 一蔸雨水一蔸禾
26771872, 8.3, 151, 岁月在，我在
35029323, 9.4, 67, 家人闲坐，灯火可亲（愿你有家可回有人等，有盏灯为你守候）
25718754, 8.4, 136, 虚土
19959643, 7.4, 363, 星光下的灵魂
34848926, 7.1, 531, 八千里路云和月
34942344, 7.7, 256, 逝物录
25843171, 7.3, 403, 温柔就是能够对抗世间所有的坚硬
35025716, 9.3, 68, 心安即是归处
34866954, 9.5, 60, 梅塘之夜
26357897, 7.8, 221, 碰巧的杰作
27619782, 7.0, 552, 孤独远行
34954089, 8.3, 131, 不管狗和茶炊怎么闹腾
01039646, 8.1, 155, 万里行记
27108959, 8.1, 150, 杜甫的五城
30458926, 7.7, 219, 世间的陀螺
11524737, 7.8, 197, 北极光的微笑
26933880, 8.8, 85, 春醪集 泪与笑
05359859, 7.9, 176, 意林
26427233, 7.6, 235, 殡葬人手记
30135399, 8.5, 102, 山羌圖書館
30367262, 8.3, 118, 岁朝清供
27036635, 8.2, 127, 文化苦旅
34900487, 6.7, 716, 东京百景
26742740, 7.9, 165, 幸福是一种能力
34840615, 8.5, 99, 阴翳礼赞
30389743, 8.7, 85, 不安之书
26300028, 8.8, 79, 饥渴的想象
26700389, 8.3, 115, 记忆像铁轨一样长
27622183, 7.1, 386, 鹅鹅鹅
06039014, 7.4, 263, 培根随笔全集
25723968, 7.7, 190, 寻他千百度
34941230, 9.3, 55, 人生海海，素履之往
25824613, 8.0, 141, 当时只道是寻常
26691591, 8.6, 86, 文章皆岁月
30180077, 7.1, 359, 一寸灰
30468533, 7.8, 165, 人生如逆旅
34899966, 8.4, 97, 莳花志
05029384, 7.1, 352, 风会记得一朵花的香
30252856, 7.1, 349, 我必亲手重建我的生活
25833464, 7.8, 161, 羊吃草
33463011, 7.8, 159, 弦理论
34990747, 8.6, 81, 如果我的头脑正常
30393824, 7.4, 232, 余生很长，别慌张，别失望
34889427, 8.3, 96, 真人不露相
26739163, 9.0, 58, 北岛集
26383665, 7.3, 241, 人生不较劲
30417238, 7.5, 193, 此时众生
30346994, 8.8, 65, 活着多好呀
26802578, 7.5, 192, 一粒糖
33376745, 7.2, 264, 雨夜短文
27109961, 7.6, 168, 瓦尔登湖
34455117, 7.9, 123, 成长初始革命年
10759334, 7.1, 281, 你是那人间的四月天
30157061, 7.3, 221, 假证件
26881327, 7.4, 195, 所有的遗憾都是成全
30347958, 8.2, 93, 病隙碎笔
26706618, 7.9, 118, 种地书
34997652, 9.0, 52, 云淡风轻
30258599, 7.6, 153, 肥瘦对写
34454807, 8.0, 104, 满世界
34870285, 6.7, 434, 去生活
35059434, 8.2, 86, 村上春树·美食
27614636, 8.1, 88, 美国深南之旅
26789695, 7.1, 232, 原来你非不快乐（修订版）
35036224, 9.6, 34, 率真集
34814872, 6.6, 436, 春风十里不如你
25897686, 7.6, 131, 瓦尔登湖
35092333, 9.8, 30, 季羡林：人间岁月长
30294375, 7.5, 142, 树犹如此
30468656, 7.9, 97, 我还有一片风景要完成
02253627, 8.6, 57, 幽默的中国人
19929599, 8.2, 74, 我相信
34432387, 9.5, 33, 韩柳文研究法校注
26767785, 8.1, 78, 不怕人生的转弯
34933157, 8.4, 62, 带着故乡去流浪
34911995, 9.1, 40, 江河旋律
26974162, 6.2, 703, 孤独是生命的礼物
30400515, 8.0, 82, 人生幸好有别离
34856089, 7.5, 126, 我和中文谈恋爱
30323015, 8.3, 64, 孤独是一种力量
30216772, 8.6, 52, 意大利的冬天
27158063, 8.4, 59, 浮生六记
30487858, 9.2, 36, 新校注陶庵梦忆
26698504, 8.6, 50, 季羡林谈人生（精装珍藏版）
34859780, 7.4, 130, 生活明朗 万物可爱
06981718, 8.2, 63, 中国散文五十年
27038662, 7.7, 92, 孤灯下的记忆
06015603, 8.0, 70, 朝花夕拾
01459942, 8.3, 56, 烬余录
30122333, 8.9, 38, 人间送小温
26276410, 7.0, 175, 瓦尔登湖
06866111, 8.4, 51, 李汉荣散文选集
30126927, 7.9, 67, 成人之年
26865288, 7.7, 75, 以箭为翅
26938856, 6.7, 202, 我的星期天和星期一之间少了一天
35052364, 9.5, 24, 生活无法逃避，但你可以选择
34947499, 8.5, 39, 花巷
26288818, 5.8, 695, 村上春树·猫
34948349, 9.7, 20, 山水
35025258, 8.3, 41, 一个人的阳台
26298675, 8.0, 50, 起風時 我愛你
30477661, 7.4, 80, 我的寻根记
27012451, 7.7, 61, 雅舍
30257987, 9.3, 23, 潘光旦：守住灵魂的底线
30331125, 8.4, 37, 一饭一世界（修订版）
35094328, 7.6, 63, 优雅是种力量
34842082, 8.9, 27, 敬畏生命
30167068, 7.8, 53, 跌一跤且坐坐
33381022, 8.2, 40, 有意思的生活
34908378, 9.3, 22, 奥州小道
26979711, 7.6, 61, 岁月静好 不忘初心
27072491, 6.1, 334, 李清照传
32581186, 8.0, 44, 人山人海
35033604, 8.6, 30, 闹城
26656915, 8.4, 33, 心美，一切皆美
30383631, 6.8, 118, 上海Memory
25981772, 6.7, 127, 舌尖上的西北
02159387, 8.1, 36, 精神的魅力
34941192, 8.5, 28, 我的原野盛宴
30383625, 7.5, 48, 上海Color
34945876, 7.8, 37, 外婆家
34970847, 9.2, 17, 奥州小道
35058244, 9.1, 17, 我把今天爱过了
34464593, 8.9, 18, 想北平
33463063, 7.8, 32, 父母是我们和死神之间的一堵墙
34998187, 9.3, 14, 于无色处见繁花
34925340, 8.7, 18, 我喜欢生命根底里的宁静
26604348, 7.2, 44, 春申旧闻
02976919, 8.5, 18, 每一颗星都照亮过黑夜
26853032, 5.2, 601, 把生活过成你想要的样子
35044393, 8.7, 15, 生活十讲
30404694, 7.6, 25, 拉萨的时间
35018903, 7.0, 35, 再见，平成时代
30404020, 6.8, 41, 女神
30304853, 8.1, 17, 麒麟之志
30576439, 7.5, 15, 朱自清散文集 精装读书会
35014401, 7.6, 14, 漱石日记
35029511, 6.5, 23, 我们终将孤独地长大
35019209, 0.0, 10, 食为天
35025394, 0.0, 10, 青春红楼
35075042, 0.0, 10, 人生滋味：冯骥才散文精选
34974468, 0.0, 12, 觅我游踪五十年
35046012, 0.0, 12, 活着，本该有趣
35087418, 0.0, 13, 越相爱越孤独
03155274, 0.0, 15, 避雨的豹
20434843, 0.0, 140, 小学教材全解-六年级语文下
