2020-07-05 16:00:05

number of books, tag name
988, 文化

ID, rating, votes, title
25985021, 9.1, 131613, 人类简史
01255625, 9.1, 102636, 天龙八部
01054685, 9.1, 100733, 沉默的大多数
01041482, 8.9, 143753, 万历十五年
01873231, 8.7, 182710, 明朝那些事儿（壹）
02143732, 8.8, 91250, 灿烂千阳
04238362, 8.6, 126794, 送你一颗子弹
01003479, 9.2, 43014, 中国历代政治得失
01795079, 9.2, 36596, 乡土中国
01767945, 8.8, 67475, 一只特立独行的猪
01949338, 8.9, 53040, 明朝那些事儿（贰）
05414391, 9.0, 41467, 寻路中国
01203426, 9.0, 40010, 人间词话
20440644, 9.1, 33978, 文学回忆录（全2册）
07060185, 9.0, 37398, 江城
01027191, 9.0, 36517, 历史深处的忧虑
03162991, 9.6, 14971, 艺术的故事
03813669, 8.6, 69120, 民主的细节
01022060, 8.2, 146118, 狼图腾
26576861, 9.0, 25134, 最好的告别
01863930, 8.8, 34012, 看不见的城市
01012611, 8.2, 98210, 乌合之众
01426971, 8.8, 30175, 野火集
03410718, 9.2, 16162, 美的历程
01813841, 8.7, 32091, 枪炮、病菌与钢铁
10471333, 9.0, 19515, 叫魂
01858410, 9.0, 19293, 万历十五年
10555509, 9.0, 17483, 看不见的城市
01803022, 9.0, 15959, 圣经
01014561, 9.1, 13723, 古文观止
01941558, 8.6, 29622, 设计中的设计
01062193, 8.5, 34990, 娱乐至死
01253310, 9.0, 15557, 人间草木
01022238, 8.2, 58121, 菊与刀
01964774, 9.1, 12792, 论语
01021273, 8.9, 15248, 中国哲学简史
01062343, 9.2, 9840, 昨日的世界
01014825, 9.0, 13039, 我也有一个梦想
03311253, 9.0, 12976, 额尔古纳河右岸
01083762, 8.7, 20484, 人类的群星闪耀时
01056315, 8.8, 17438, 总统是靠不住的
22714154, 8.7, 19623, 繁花
01675478, 9.1, 10700, 天朝的崩溃
10583099, 9.1, 10627, 全球通史
02326403, 8.9, 13822, 认识电影
05366248, 8.2, 44292, 你一定爱读的极简欧洲史
01922246, 9.2, 8774, 全球通史(下)
04729583, 8.9, 13360, 野火集
04124727, 8.1, 51465, 孤独六讲
01859140, 8.9, 12202, 上学记
10434849, 9.3, 6772, 中国历代政治得失
01001885, 8.5, 21774, 带一本书去巴黎
03344676, 8.1, 42994, 常识
05375620, 8.7, 15222, 失控
20501147, 9.3, 6502, 中国哲学简史
03283983, 9.3, 6318, 乡土中国
30414743, 8.7, 14585, 显微镜下的大明
01322455, 8.7, 14199, 遥远的救世主
02076623, 9.5, 4752, 金刚经
03057556, 8.9, 10226, 狂热分子
01762869, 8.9, 9778, 如彗星划过夜空
01050339, 7.7, 77672, 文化苦旅
26854318, 9.1, 6796, 现代艺术150年
30475767, 8.1, 31730, 人生海海
03697494, 9.1, 6558, 洞穴奇案
30183051, 8.3, 21601, 鱼翅与花椒
10758290, 9.4, 4376, 东晋门阀政治
03389984, 8.5, 15328, 俗世奇人
27053166, 9.7, 3052, 红楼梦
01792668, 8.4, 17833, 苏东坡传
01015699, 8.2, 25004, 中国大历史
26319730, 8.5, 15009, 娱乐至死
01949679, 8.7, 10532, 素履之往
20395476, 9.2, 5072, 乡土中国
05269439, 8.4, 15975, 城门开
01962923, 8.6, 11344, 西班牙旅行笔记
01917972, 7.8, 45237, 在路上
06712255, 8.9, 7158, 天真的人类学家
05990251, 8.5, 12901, 西藏生死书
03642673, 8.0, 30127, 我执
01009789, 9.5, 3239, 道德经
25845647, 8.8, 7881, 天空的另一半
25893465, 9.1, 5173, 万历十五年
01034067, 8.8, 7674, 美的历程
26418475, 9.2, 4460, 逃避自由
19920715, 8.6, 10164, 论中国
01227844, 8.8, 7579, 雅舍谈吃
01225983, 8.7, 8729, 万物简史
01025723, 8.3, 15891, 潜规则
01004322, 8.7, 8464, 第二性
03034480, 9.4, 3380, 圣经
01003284, 8.1, 22271, 退步集
01070711, 8.8, 7230, 城记
03711709, 8.7, 8252, 娱乐至死 童年的消逝
01005492, 8.9, 6110, 光荣与梦想
27062726, 8.9, 5936, 贾想 I
01036541, 8.8, 6785, 疯癫与文明
06811366, 8.3, 14266, 禅与摩托车维修艺术
01047719, 8.5, 10261, 傅雷家书
27104286, 8.4, 11895, 寂寞的游戏
03448867, 9.0, 4668, 采桑子
06712407, 9.0, 4615, 巴黎评论·作家访谈Ⅰ
19940743, 8.1, 17872, 文化苦旅
01032645, 8.6, 7939, 窥视印度
25902942, 9.0, 4402, 文明之光（第一册）
01062991, 8.4, 10090, 北京法源寺
07055441, 8.8, 5599, 罗马人的故事1
04282084, 8.8, 5567, 论摄影
07064370, 9.2, 3325, 罗马人的故事2
26265745, 8.2, 13626, 清明上河图密码
25836270, 8.8, 5476, 厌女
02032141, 9.0, 4122, 陈寅恪魏晋南北朝史讲演录
01460313, 8.4, 9603, 哥伦比亚的倒影
01907199, 8.6, 6902, 扫起落叶好过冬
25746578, 9.2, 3121, 大英博物馆世界简史（全3册）
04115698, 8.9, 4454, 京华烟云
01393447, 9.1, 3338, 忧郁的热带
01315190, 8.8, 4907, 想象的共同体
03284547, 9.1, 3307, 文心
06892579, 8.4, 8649, 美国种族简史
30218241, 9.1, 3291, 建筑师
26772731, 8.3, 9957, 七堂极简物理课
26418524, 9.0, 3677, 万历十五年
04773224, 8.2, 11606, 生活十讲
02747765, 9.0, 3616, 中国古代文化常识
04202004, 8.6, 5987, 文明的冲突与世界秩序的重建
01017238, 8.7, 5183, 美学散步
01006560, 8.2, 10934, 血酬定律
01054889, 7.7, 26355, 行者无疆
06558202, 9.0, 3440, 容忍与自由
03566368, 8.2, 10649, 空谷幽兰
01076378, 9.1, 2989, 传统十论
01427825, 8.5, 6650, 中国人史纲（上中下）
03410709, 9.2, 2634, 中国哲学简史
03007268, 9.3, 2314, 传习录
04002701, 8.4, 7243, 朱镕基答记者问
04151117, 8.4, 7176, 阴翳礼赞
30175475, 8.8, 4018, Educated
26819477, 8.9, 3494, 东京本屋
01027247, 7.8, 18689, 丑陋的中国人
25952961, 8.8, 3893, 博尔赫斯谈话录
03067169, 7.9, 15431, 丑陋的中国人
11528350, 8.8, 3857, 哈扎尔辞典（阳本）
01288925, 8.8, 3842, 五味
03333989, 8.1, 10587, 荒废集
01870268, 8.6, 4919, 美国大城市的死与生（纪念版）
01001204, 7.9, 14594, 山居笔记
04113090, 7.4, 38777, 我们台湾这些年
01924318, 8.9, 3243, 汪曾祺谈吃
01201620, 8.3, 7442, 人类群星闪耀时
03662230, 8.5, 5332, 七十年代
01020241, 7.6, 23825, 千年一叹
25708714, 8.9, 3068, 历史深处的忧虑
26314954, 8.7, 3965, 光荣与梦想（套装共4册）
04199761, 8.3, 6906, 重新发现社会
26853835, 8.3, 6766, 丝绸之路
04903692, 9.1, 2304, 东京梦华录
01315213, 9.0, 2569, 中国文化要义
02294993, 8.3, 6600, 纽约琐记（修订版）
26417490, 8.1, 8976, 写给大家的西方美术史
03707886, 8.9, 2873, 中国通史
04082434, 9.3, 1788, 穿墙透壁
01010204, 8.5, 4827, 宽容
05905348, 8.3, 6439, 笑谈大先生
10436418, 8.9, 2773, 战争与革命中的西南联大
01491239, 8.5, 4591, 吾国与吾民
27619602, 9.2, 1884, 娜塔莎之舞
05914484, 8.9, 2664, 巨流河
26698223, 9.2, 1869, 永恒的时光之旅
01059537, 8.7, 3400, 沉重的肉身
03880832, 8.2, 6892, 认得几个字
01777823, 8.1, 8068, 八十年代访谈录
26771878, 9.2, 1834, 中国通史
01061029, 8.8, 2954, 杜尚访谈录
01902628, 8.3, 5841, 空谷幽兰
04312810, 8.6, 3786, 裸猿
05355829, 8.6, 3746, 哥伦比亚的倒影
26708306, 8.6, 3746, 北欧，冰与火之地的寻真之旅
03580750, 8.2, 6586, 潜规则（修订版）
26774897, 8.0, 9019, 流星之绊
01023000, 8.5, 4092, 常识与通识
26021455, 9.5, 1247, 中国古代文化常识（插图修订第4版）
01438539, 8.7, 3088, 西方美学史
01009270, 8.8, 2718, 中国建筑史
27068645, 8.9, 2383, 细雪
26423502, 9.7, 996, 艺术的故事
06872620, 9.5, 1195, 孔乙己
10575976, 8.7, 2963, 中国近代史
19977683, 8.6, 3317, 檀香刑
26363926, 8.7, 2906, 何为良好生活
01315199, 9.1, 1790, 历史研究
04124716, 8.5, 3729, 汉字书法之美
03178741, 9.3, 1416, 来自民间的叛逆
01005325, 8.3, 4945, 童年的消逝
02101774, 9.0, 1942, 金枝
10956248, 9.0, 1931, 蒋勋说红楼梦
04146756, 8.3, 4796, 浮生取义
01963786, 8.5, 3569, 怎样鉴别黄色歌曲
01053623, 8.5, 3548, 文明的冲突与世界秩序的重建
03410833, 8.6, 3103, 给青年艺术家的信
01017818, 8.3, 4504, 观看之道
25863621, 8.0, 6894, 异类
04266008, 8.3, 4353, 给一个未出生孩子的信
10540815, 8.3, 4351, 菊与刀
26747700, 9.0, 1741, 撒马尔罕的金桃
34617780, 9.2, 1387, 鸟瞰古文明
11607261, 8.6, 2801, 旧制度与大革命
26817324, 8.7, 2464, 傅雷家书
01010888, 8.4, 3615, 一路走来一路读
01223845, 7.6, 13031, 男人来自火星 女人来自金星
01964773, 8.9, 1879, 论语译注
01076426, 8.8, 2108, 世界美术名作二十讲
01029940, 9.2, 1326, 锦灰堆
06004630, 9.3, 1172, 国史大纲（上下册）
03204645, 9.6, 868, 明式家具研究
01016864, 8.9, 1800, 士与中国文化
27608078, 9.3, 1151, 图说敦煌二五四窟
26298597, 9.0, 1591, 我们赖以生存的隐喻
02247913, 9.2, 1273, 建构文化研究
04246151, 8.0, 6044, 厨房里的人类学家
34897038, 9.1, 1407, 地球上最孤单的动物
26647742, 8.8, 1987, 陌生的经验
02988944, 8.6, 2535, 金翼
01068912, 8.4, 3268, 中国文化的深层结构
01787729, 8.5, 2849, 单向度的人
34840201, 8.4, 3241, 你的孩子不是你的孩子
03332661, 9.2, 1233, 中国景色
30236304, 8.8, 1928, 列奥纳多·达·芬奇传
02075175, 8.8, 1922, 缘缘堂随笔
04199685, 7.6, 11343, 我读
01064734, 8.3, 3618, 疾病的隐喻
05399227, 8.0, 5604, 南渡北归（第一部）
04101013, 8.2, 4017, 设计的觉醒
25759044, 9.2, 1139, 乡土中国
06436972, 9.1, 1252, 中国文化要义
04579688, 8.5, 2528, 丑的历史
04201728, 9.1, 1230, 给青年的十二封信
26584286, 8.7, 1941, 大学之路（套装）
27018089, 8.5, 2489, 音乐即自由
04031698, 7.8, 6987, 读者
26827592, 8.2, 3739, 菊与刀
21267489, 9.2, 1084, 加德纳艺术通史
26580056, 8.4, 2767, 把青春唱完1990-1999
10788580, 8.0, 4923, 穆斯林的葬礼
01326833, 8.6, 2122, 美国大城市的死与生
01034470, 9.0, 1324, 柳如是别传（全三册）
30356081, 8.1, 4166, 奈飞文化手册
02363834, 8.8, 1640, 春秋大义
03117247, 9.0, 1304, 中国古代思想史论
22806583, 8.7, 1839, 国家的常识
01022914, 9.2, 1048, 谈艺录
26691462, 8.6, 2053, 俗世奇人（足本）
26431646, 8.9, 1433, 语言学的邀请
20389202, 7.7, 7631, 唐朝穿越指南
27591495, 8.6, 2032, 万古江河
25774379, 8.6, 2011, 图说中国绘画史
01012272, 8.7, 1778, 反对阐释
34501169, 8.4, 2598, 简读中国史
25961497, 9.0, 1250, 中国古代物质文化
03007708, 9.3, 907, 六祖坛经
21325858, 8.8, 1556, 文明的冲突
25733170, 8.7, 1739, 吾国教育病理
01958685, 8.3, 2865, 美的历史
01012379, 8.6, 1931, 知识分子论
01270551, 9.0, 1204, 八十忆双亲 师友杂忆
19963049, 8.5, 2161, 留住手艺
04850629, 8.6, 1884, 言论的边界
03273876, 8.0, 4242, 被劫持的私生活
01040865, 8.7, 1633, 中国人
06391212, 8.8, 1449, 理解媒介
27000443, 8.6, 1771, 世界美术名作二十讲
01000213, 8.5, 2006, 迎向灵光消逝的年代
26419408, 9.2, 903, 清代旅蒙商述略
02049128, 8.1, 3433, 丧家狗
01030526, 8.9, 1224, 中国文化史导论
01049215, 7.4, 10482, 借我一生
10738211, 8.2, 2845, 直到长出青苔
05988185, 8.3, 2475, 宅兹中国
10354427, 8.1, 3241, 蒋勋说唐诗
03908344, 9.2, 859, 图像中国建筑史
01315258, 9.1, 937, 中国古代服饰研究
10482102, 8.0, 3657, 蒋勋说宋词
26700745, 8.4, 2096, 南渡北归
26665230, 8.4, 2082, 硅谷之谜
01028805, 7.7, 5823, 品人录
27093233, 7.9, 4192, 历史的温度
01065335, 9.1, 920, 朱熹的历史世界
30147582, 9.1, 907, 近代中国社会的新陈代谢
01965025, 9.2, 819, 艺术：让人成为人
02213463, 8.6, 1580, 拯救与逍遥
25977110, 8.2, 2644, 美的沉思
21363162, 9.3, 736, 詹森艺术史（插图第7版）
25752592, 8.9, 1111, 从黎明到衰落（上下）
26368104, 9.1, 897, 乡土中国
25886351, 7.5, 7895, 耶路撒冷三千年
01013369, 7.6, 6551, 格调
01089142, 8.4, 1988, 消费社会
25900948, 8.4, 1943, 消费社会
01264104, 8.6, 1511, 夜航船
26769136, 8.7, 1331, 为什么长大？
25846182, 7.4, 8893, 鱼羊野史·第1卷
01911687, 7.4, 8872, 厚黑学
25898124, 7.6, 6202, 得未曾有
10594802, 8.0, 3228, 写给无神论者
01287508, 8.2, 2409, 明室
04231732, 9.1, 832, 历史研究（上下卷）
04818177, 8.2, 2379, 英国人的言行潜规则
05998988, 9.2, 745, 尋路中國
01025001, 8.4, 1816, 东方学
30221537, 8.7, 1259, 奥斯曼帝国六百年
02377014, 8.3, 2050, 阅读的故事
07014927, 8.7, 1252, 中国神话传说
04124876, 8.1, 2684, 易经的奥秘
25777461, 8.3, 2040, 日日是好日
25934176, 8.3, 2039, 雪隐鹭鸶
04274472, 8.1, 2668, 茶之书
30311816, 8.0, 3057, 荒诞医学史
02249020, 7.8, 4138, 林徽因传
27156515, 8.0, 3052, 美术馆里聊怪咖
25661780, 8.6, 1384, 总统是靠不住的（近距离看美国之二，林达作品系列）
01422105, 8.6, 1383, 江湖丛谈
01796861, 8.4, 1764, 希腊神话故事
05038750, 9.1, 793, 读书指南
03640150, 8.0, 2988, 血酬定律
01022232, 8.6, 1340, 中国思想史
03313251, 8.2, 2219, 时装时刻1987-2007
06428078, 9.1, 767, 罗马帝国衰亡史（套装共6册）
01075495, 7.2, 10860, 霜冷长河
05944383, 9.2, 667, 乡土中国
10532835, 9.4, 549, 乡土中国 生育制度 乡土重建
03908625, 7.8, 3683, 单向街 001
26586579, 8.8, 998, 敦煌
01443976, 8.4, 1589, 三寸金莲
26584734, 8.1, 2343, 乐之本事
26933798, 8.1, 2334, 我在故宫修文物
03055477, 8.4, 1549, 西潮
25811516, 8.3, 1753, 日本的八个审美意识
26552069, 9.4, 530, 黑暗之城
06802371, 8.0, 2580, 一个游荡者的世界
04212276, 8.5, 1336, 苏联的心灵
27663281, 8.5, 1317, 编舟记
25870757, 8.3, 1670, 现代日本
03132641, 8.7, 1032, 中国现代思想史论
06810086, 9.2, 613, 朱熹的历史世界
30383694, 7.7, 3877, 进击的智人
26952345, 8.5, 1288, 私人生活的变革
03373947, 8.3, 1646, 先秦诸子百家争鸣
26826089, 8.2, 1853, 那些古怪又让人忧心的问题
22638869, 8.6, 1123, 耶路撒冷三千年
04001445, 8.9, 805, 梁启超家书
27121473, 9.0, 725, 大英博物馆世界简史
26309974, 8.8, 891, 电影批评
01675113, 8.9, 799, 礼仪中的美术
03376635, 8.6, 1104, 咖啡品鉴大全
34449288, 9.3, 535, 20世纪思想史
34447865, 9.5, 446, 西方哲学史（第9版）
22519910, 8.4, 1379, 编剧的艺术
26334500, 8.3, 1561, 说中国
25748848, 9.0, 707, 华夏边缘：历史记忆与族群认同（增订本）
27049319, 8.5, 1221, 人间有味
20267987, 7.4, 6002, 孤独美食家
20383606, 8.0, 2304, 中国文脉
34895571, 8.1, 1995, 饱食穷民
02064814, 8.2, 1711, 毛主席语录
01031857, 7.8, 2998, 虐恋亚文化
25803556, 7.6, 4093, 山本耀司：我投下一枚炸弹
07174792, 8.3, 1484, 千面英雄
06749472, 8.1, 1926, 赖声川的创意学
01450027, 8.7, 926, 万物
25918820, 7.6, 3986, 吴哥之美
01777853, 8.3, 1462, 屠猫记
01889450, 7.8, 2904, 赖声川的创意学
25778846, 8.2, 1636, 易中天中华史：百家争鸣
26319794, 8.0, 2130, 童年的消逝
04067778, 8.5, 1121, 文字的故事
03464792, 8.5, 1120, 风流去
04142964, 8.6, 996, 古琴
26658022, 9.5, 403, 紫禁城100
30348025, 9.5, 402, 文化理论与大众文化导论
01907655, 9.4, 438, 东京梦华录笺注（上下）
20373351, 8.1, 1792, 城市的胜利
01915375, 8.7, 865, 西方的没落（全二卷）
01675500, 9.1, 570, 后现代主义与文化理论
26816981, 8.4, 1210, 十二幅地图中的世界史
01036297, 7.8, 2681, 同性恋亚文化
11527058, 8.2, 1528, 先生
25908552, 7.6, 3616, 上瘾五百年
06858527, 7.7, 3080, 格调
03339862, 8.6, 940, 性别麻烦
24716011, 9.0, 612, 人论
04836601, 8.4, 1173, 扪虱谈鬼录
27065497, 7.6, 3507, 六神磊磊读唐诗
30276702, 8.1, 1689, 中央帝国的哲学密码
04240739, 8.9, 664, 故宫退食录（上下）
26890863, 8.7, 818, 我们如何走到今天
26865819, 8.3, 1264, 景观社会
26653460, 8.1, 1606, 烟雾弥漫你的眼
04891219, 8.2, 1381, 甜与权力
26819850, 8.8, 686, 世界咖啡地图
01013058, 7.7, 2728, 武士道
26320883, 7.7, 2708, 丈量世界
19964304, 8.2, 1352, 爱的多重奏
05320662, 8.5, 940, 随园食单
04011282, 8.1, 1530, 京味儿
34803201, 8.4, 1047, 漫画电影史
26767261, 8.7, 740, 海都物语
02275558, 9.1, 495, 中庸
10518014, 8.8, 662, 夜航船
01051931, 9.0, 540, 西藏度亡经
26655572, 9.5, 344, 中国哲学简史
26876054, 8.4, 1015, 纵乐的困惑
03064047, 8.8, 648, 西方文化概论
25925760, 8.9, 584, 再见杨德昌
01096240, 8.3, 1124, 机械复制时代的艺术作品
01017541, 7.3, 4854, 读城记
26919519, 8.1, 1440, 晓松奇谈·世界卷
06004480, 9.1, 478, 周易
25708139, 8.4, 993, 逝去的武林
02315287, 8.6, 790, 技术垄断
01960256, 8.5, 880, 机械复制时代的艺术
05320661, 8.6, 786, 茶经
01262809, 8.8, 632, 近代的超克
26707803, 8.2, 1229, 千面英雄
33436277, 8.4, 962, 原宿牛仔
25748016, 8.8, 619, 带一本书去巴黎
27045564, 8.5, 853, 吴清源回忆录
01064014, 8.3, 1076, 中国吃
25945487, 7.4, 3864, 鱼羊野史·第2卷
26696539, 9.3, 384, 历史深处的忧虑
27204079, 7.7, 2378, 玩儿
26413835, 8.1, 1342, 匠人
24522663, 7.5, 3160, 易中天中华史：祖先
26992226, 8.5, 820, 米开朗琪罗与教皇的天花板
10785860, 8.6, 727, 现代性
26952828, 8.4, 906, 演员的自我修养
25764449, 8.5, 789, 社会学的邀请
04894977, 8.9, 515, 长物志
05996560, 9.3, 355, 浪漫主义的根源 （新编版）
01866202, 9.0, 465, 美的历程
33454653, 8.8, 564, 艺术的慰藉
04760085, 8.8, 563, 奢华之色
06826594, 8.1, 1233, 故事照亮未来
01789444, 8.4, 857, 第三次浪潮
01069138, 8.4, 848, 中国古代房内考
02138608, 8.7, 606, 中国社会中的宗教
25859093, 7.8, 1795, 自由的老虎
30160617, 8.2, 1059, 四时之诗：蒙曼品最美唐诗
04747128, 8.9, 494, 乌托邦的年代
26883044, 8.6, 670, 文本盗猎者
25849160, 8.3, 933, 中国艺术史
34320351, 8.7, 597, 因为我有生活
20383607, 8.1, 1184, 千年一叹
26646201, 7.8, 1756, 葡萄柚
05921793, 7.6, 2346, 我这一代东京人
27129662, 9.5, 285, 詹森艺术史（插图第7版）
26659926, 8.5, 731, 林徽因传
26855800, 8.5, 723, 走到人生边上
01022187, 8.2, 1013, 知识考古学
30247860, 8.2, 1011, 整个巴黎属于我
04933087, 7.2, 4387, 机场里的小旅行
02159604, 8.2, 1000, 寻访行家
26847933, 8.3, 883, 茶书
05383582, 9.2, 352, 奢华之色
26775414, 8.5, 696, 茶，汤和好天气
21355964, 8.2, 979, 生活的艺术家
26658841, 8.4, 775, 走进建筑师的家
26667007, 9.0, 418, 思虑20世纪
30294348, 9.2, 349, 来自民间的叛逆
26607683, 8.3, 863, 中国文化的深层结构
27045282, 8.6, 618, 决斗写真论
24876481, 8.1, 1092, 人的宗教（珍藏版）
07065491, 9.1, 377, 江湖丛谈
25697555, 8.4, 757, 无限的清单
26286738, 8.9, 449, 现代性的五副面孔
06856131, 8.0, 1218, 民国风度
33441524, 7.1, 4872, 半小时漫画唐诗
04162766, 7.7, 1810, 中国人的精神
25762288, 9.2, 337, 风景与记忆
01464575, 8.5, 663, 危险的愉悦
26936484, 8.5, 656, 醉酒的植物学家
25163000, 9.0, 397, 文明的进程
03689121, 8.4, 728, 美国
10435397, 8.6, 585, 中国历史精神
01042814, 9.3, 302, 人与世界
27199584, 8.8, 475, 大学之路（第二版）
01015941, 8.7, 523, 继承人
33301294, 7.9, 1322, 东京风格
01138452, 8.5, 642, 意大利文艺复兴时期的文化
27945076, 7.7, 1731, 历史的温度2
01100142, 8.5, 639, 吉尔伽美什
30761674, 9.4, 272, 乡土中国
26663303, 7.4, 2675, 俗世奇人·贰
26646456, 8.1, 992, 无尽绿
26756741, 8.0, 1118, 胆小别看画 1
34432198, 8.5, 618, 伊斯坦布尔三城记
26265839, 8.2, 866, 编年史
30389946, 9.1, 344, 在他们消失以前
22182576, 7.5, 2227, 中国缺什么，日本缺什么
01077427, 8.6, 554, 狮城舌战
25870783, 8.9, 409, 荣耀与丑闻
03815282, 8.8, 449, 技术与文明
27132294, 7.9, 1232, 慈悲与玫瑰
34786067, 7.9, 1230, 伦敦人
25714759, 8.4, 671, 别想摆脱书
01061058, 8.5, 601, 龙
26235729, 7.5, 2153, 单身社会
30180835, 8.1, 937, 松子落
05414013, 8.2, 821, 美好生活
01004554, 7.3, 2889, 中国的男人和女人
01081402, 8.4, 650, 经典常谈
27047564, 9.1, 327, 艺术博物馆
01810945, 8.2, 815, 东西文化及其哲学
04114636, 8.3, 724, 性学观止（上下册）
26848651, 9.0, 354, 从历史中醒来
26905301, 8.8, 426, 经典里的中国
25756932, 7.4, 2402, 两个故宫的离合
25714687, 9.1, 318, 文化战略
24530454, 9.0, 347, 巴黎，19世纪的首都
26652354, 8.4, 629, 世界重启
26397584, 8.3, 702, 单向街
25833473, 8.4, 628, 疾病的隐喻
01794583, 8.6, 501, 中国方术正考
04111675, 8.5, 555, 什么是文化史
26349048, 7.4, 2286, 鱼羊野史·第3卷
25867617, 8.3, 687, 洛书河图
30258601, 8.5, 552, 世界简史
27006764, 8.8, 407, 丰子恺愿你一生清澈明朗
30299178, 8.6, 494, 卢丹的恶魔：法国神父“附魔”案
24527462, 8.7, 442, 人类学入门
01810530, 8.8, 401, 中产阶级的孩子们
25732836, 9.1, 303, 士与中国文化
20516438, 8.2, 746, 人有病天知否
06799474, 8.9, 361, 文化与社会
26609148, 8.6, 479, 声名狼藉者的生活
02142680, 8.5, 528, 游民文化与中国社会
26890706, 9.1, 297, 科学与宗教的领地
06785764, 7.7, 1368, 菊与刀
26286741, 8.9, 353, 文化记忆
27063506, 8.6, 467, 西方神秘学指津
26743667, 8.3, 640, 圣经故事
33442258, 8.1, 806, 他者的消失
06079823, 8.0, 894, 物尽其用
11541383, 8.7, 411, 沙漠之花
30354900, 9.5, 206, 德国
26697311, 8.2, 687, 重新发现日本
02141593, 8.5, 493, 第三次浪潮
26754615, 7.3, 2321, 极简人类史
25804642, 7.5, 1696, 谈话的泥沼
30288066, 8.7, 402, 宋宴
01035592, 7.6, 1464, 西方文明的另类历史
24859453, 7.4, 1956, 这个历史挺靠谱
26840483, 8.1, 757, Hillbilly Elegy
26825519, 8.6, 439, 吾国与吾民
26775676, 8.0, 851, 阴翳礼赞
01097745, 8.2, 671, 中国转向内在
34670250, 8.4, 527, 中国文化课
34781358, 8.2, 655, 史记的读法
01034729, 8.9, 319, 开放社会科学
27043530, 8.9, 318, 扪虱谈鬼录（修订版）
27204933, 8.9, 316, 古诗词课
26838357, 8.8, 344, 给孩子的汉字王国
26294673, 7.3, 2130, 自由在高处（增订版）
34875240, 8.5, 457, 竹不如肉
30289543, 8.1, 705, 龙
30324722, 9.1, 258, 艺术哲学
26921971, 7.3, 2054, 时间之书
25829274, 8.8, 334, 神话
34442420, 8.2, 613, 色彩的秘密生活
25752981, 7.7, 1133, 你所不知道的日本名词故事
01017698, 8.6, 401, 资本主义文化矛盾
26872888, 7.3, 2013, 人类砍头小史
33429537, 8.2, 604, 自在京都
20383609, 7.9, 859, 行者无疆
25814913, 7.9, 854, 性史1926
26304071, 8.4, 480, 京都人生
30126858, 9.0, 271, 恋地情结
34945889, 7.7, 1099, 东言西语
10434740, 8.7, 350, 艺术
05336230, 8.3, 524, 论诱惑
25862900, 8.7, 348, 话/镜
26652242, 7.7, 1068, 文明是副产品
25872094, 7.3, 1907, 如何看一幅画
30436197, 8.0, 719, 丹麦一年
35005125, 8.6, 376, 阅读的故事
01434346, 8.1, 636, 儒教与道教
06857554, 8.8, 309, 园冶
27040538, 8.9, 282, 论文化
26357635, 7.9, 800, 性存在
06002239, 8.4, 451, 现代性的后果
03402992, 8.0, 703, 历史大脉络
25900305, 7.9, 772, 舌尖上的历史
26717928, 8.1, 603, 咬一口昭和回忆
01821224, 8.7, 322, 地域文化与国家认同
30365536, 7.6, 1118, 清单
26910743, 7.9, 743, 京都漫步
10575163, 9.4, 175, 象征交换与死亡
26948144, 7.2, 1960, 格调
27672664, 8.7, 312, 阿尔比恩的种子
20268173, 9.0, 238, 教育的目的
26712445, 8.9, 259, 西方政治传统
26373145, 7.5, 1214, 耳朵借我
26928533, 7.9, 716, 日本料理神髓
27078238, 7.9, 712, 写作课
02006842, 8.9, 255, 失落的天书
04130906, 7.7, 909, 同性恋亚文化
26736837, 9.8, 128, 敦煌
06402688, 8.6, 331, 中国艺术与文化
03771868, 8.2, 492, 印度札记
01262815, 8.3, 442, 关键词
27616140, 8.8, 270, 诗与它的山河
34449314, 9.0, 227, 羊之歌
20624181, 9.2, 193, 符号学
30257895, 9.1, 209, 瑞士
27593511, 8.8, 268, 先秦诸子
24845741, 8.2, 477, 性之变
01018820, 7.3, 1512, 谈美书简
34663228, 8.1, 527, 日本色气
02006802, 8.3, 424, 中国建筑图解词典
04733982, 8.3, 423, 轴心时代
25959500, 7.4, 1271, 百鬼夜行
01057843, 8.2, 465, 中国古代衣食住行
02054584, 9.1, 201, 中国天文考古学
30131339, 8.3, 412, 古代风俗百图
03521728, 8.5, 337, 城市文化
26577706, 7.6, 939, 档案
01313069, 8.3, 411, 我们是谁
33426137, 8.0, 566, 米，面，鱼
35060088, 9.0, 213, 德米安
24885010, 8.7, 276, 食物与厨艺
27662697, 7.6, 927, 日本之镜
30383598, 8.3, 403, 住宅读本
25708550, 8.1, 496, 知识分子与社会
27203334, 8.7, 271, 文明的冲突
30318729, 8.9, 227, 文明的故事
33426136, 9.1, 192, 音乐的极境
26611270, 9.0, 208, 从风格到画意
26878735, 8.0, 548, 中国国民性演变历程
03908349, 7.5, 1029, 符号与象征
24847411, 8.0, 541, 日本漫画60年
01315577, 8.0, 539, 符号帝国
33420594, 6.8, 3105, 成事
34394563, 8.1, 470, 给作家标个价
30303993, 8.1, 468, 北欧，凛冽的世界尽头
30362495, 8.7, 258, 企鹅欧洲史·追逐荣耀
26976286, 7.6, 843, 食物语言学
34437434, 7.3, 1278, 古代人的日常生活
02224566, 7.3, 1274, 香料传奇
27201425, 6.9, 2438, 妖猫传
26596713, 7.5, 954, 知中·山水
01794589, 8.6, 276, 中国方术续考
34787187, 8.2, 408, 日本侘寂
34879052, 8.6, 275, 见鬼
26421209, 8.4, 331, 地道风物001·广西
34872741, 8.2, 403, 印尼 Etc.
06849583, 8.3, 363, 香识
26871064, 7.5, 930, 美第奇家族的兴衰
27060680, 7.1, 1672, 丹麦人为什么幸福
01795056, 8.4, 325, 方言与中国文化
01047588, 8.0, 491, 酷儿理论
34842466, 8.2, 395, 单读·十周年特辑
26425830, 7.8, 617, 古事记
30228608, 8.9, 204, 炼金术的秘密
30367447, 8.9, 204, 红白机视觉史
25797851, 8.4, 318, 山家清供
02118766, 8.5, 288, 世纪末的维也纳
25723401, 8.4, 316, 第三帝国的语言
01455388, 9.2, 158, 茶经述评
01157293, 8.2, 383, 原始思维
26657357, 7.3, 1145, 世界简史
03916132, 8.5, 279, 晚学盲言（上下）
30126977, 8.7, 231, 隐形书写
27144940, 8.1, 411, 巴黎浪漫吗？
33400696, 7.0, 1789, 巴黎美人
25823987, 8.4, 302, 增广贤文
26808220, 8.1, 407, 与古为徒和娟娟发屋
30325327, 8.9, 192, 艺术的力量
01787092, 8.3, 330, 文化与权力
25795535, 9.2, 151, 十九世纪欧洲艺术史
26954267, 8.5, 270, 数字化生存
26544961, 7.8, 565, 24/7
01666568, 9.4, 129, 中国古舆服论丛
03480522, 7.7, 626, MEMOIRS OF GEISHA FILM艺妓回忆录
26184836, 7.9, 493, 朱雀
30367953, 7.6, 709, 专家之死
30419022, 9.3, 137, 中国文化常识（精装珍藏版）
26888211, 8.2, 353, 北大授课：中华文化四十七讲
26631439, 8.1, 391, 敦煌石窟艺术简史
30194494, 8.7, 219, 欧洲与没有历史的人
25774673, 7.6, 692, 我的故乡在八十年代
04253271, 8.4, 283, 谁是美国人？
33440223, 8.0, 424, 文字的力量
04226362, 8.6, 233, 哲学船事件
26776468, 8.0, 419, 万物生而有翼
27167590, 9.4, 123, 想透彻
30354270, 8.0, 418, 地狱书单
07060214, 7.5, 759, 日本漫画为什么有趣
30360494, 8.7, 207, 物体系
34897872, 8.9, 175, 分身
27125073, 8.1, 365, 知中·禅的入门
01962680, 6.9, 1818, 下流社会
30414788, 7.6, 646, 通识
03259487, 8.4, 266, 文化与无政府状态
25716134, 7.6, 632, 印度，漂浮的次大陆
30403440, 8.1, 354, 见字如来
34792916, 8.7, 200, 中国艺术与文化
30368506, 7.8, 491, 东南园墅
30252650, 8.5, 238, 法式诱惑
26738981, 7.4, 809, 易中天中华史 第一卷：祖先
26680436, 7.8, 486, 来份杂碎
34438693, 8.5, 236, 庞贝
01449651, 9.0, 154, 从贝鲁特到耶路撒冷
34879385, 8.3, 282, 摩灭之赋
34851273, 8.5, 229, 自深深处
02209663, 7.0, 1394, 孤独的性
26646314, 7.0, 1372, 今天也要好好吃饭
27593502, 8.3, 268, 中国人的智慧
34974775, 9.3, 117, 认识建筑
34661642, 8.1, 324, 设计之书
26945934, 7.8, 449, 奢侈的
34852280, 7.6, 568, 历史的温度4
11612914, 7.0, 1323, 恶俗
34992172, 8.1, 322, 宋仁宗：共治时代
30328938, 8.5, 219, 古罗马的日常生活
30324950, 7.3, 840, 像艺术家一样思考
25786148, 7.8, 442, 被颠覆的文明
30254388, 8.1, 318, 两个世界的战争
01254060, 8.7, 182, 文明与野蛮
25887840, 8.6, 198, 吴宓与陈寅恪
24851721, 8.3, 260, 美国人的性格
26881055, 8.3, 259, 中国简史
30227247, 8.5, 213, 图像证史
34825698, 8.5, 213, 影响世界的中国植物
24879075, 8.7, 177, 表征
24740871, 8.4, 229, 乡村与城市
26357249, 8.1, 305, 这个世界会好吗？
30394583, 8.9, 149, 艺术精神
10456435, 9.8, 80, 曾国藩全集（全叁拾壹册）
03057741, 8.0, 335, 推背圖
03208279, 8.7, 173, 口语文化与书面文化
27140963, 9.0, 134, 重写旧京
34922193, 8.2, 262, 护士的故事
34833879, 8.0, 320, 天才主厨的绝对温度
34995672, 8.9, 141, 中国妖怪故事（全集）
26393887, 8.5, 195, 神文时代
34913634, 7.6, 492, 嵇康之死
27931094, 7.5, 554, 风雅宋：看得见的大宋文明
30398015, 9.3, 104, 全球通史
03183094, 8.1, 281, 许倬云观世变
25725855, 8.1, 280, 人情、面子与权力的再生产（修订版）
01084254, 8.4, 210, 俄罗斯思想
30345415, 7.7, 431, 中国文化的精神
30175373, 7.1, 950, 在深渊里仰望星空
26588107, 7.2, 817, 只有大众，没有文化（增订版）
26943667, 7.8, 379, 便当时间
26585022, 7.2, 795, 茶叶大盗
34809067, 8.1, 269, 华杉讲透资治通鉴
30231539, 7.6, 462, 知中·中国茶的基本
23781718, 9.0, 123, 古典音乐
26782825, 8.7, 155, 时尚通史
26760576, 8.4, 199, 清教徒的礼物
30370330, 7.5, 508, 埃及四千年
26606521, 7.1, 872, 日本第一
26974733, 8.6, 163, 帝国之眼
33372580, 8.5, 177, 科幻编年史
34991116, 7.7, 392, 爱神之泪
27178422, 9.0, 118, 寿司手帖
34937365, 7.9, 311, 日本的世界观
26827323, 7.4, 555, 上帝之饮
35074652, 8.8, 136, 步天歌.2
34942549, 7.5, 483, 鲜衣怒马少年时-唐宋诗人的诗酒江湖
33384286, 8.8, 134, 古代汉语常识
01393312, 8.2, 223, 千面英雄
30225827, 8.3, 202, 世界上奇妙的词语
34918510, 7.3, 609, 我们为何结婚，又为何不忠
02269047, 7.8, 325, 游戏的人
33447929, 8.3, 197, 留白
20379866, 8.1, 236, 吃主儿
27141016, 8.3, 189, 黑羊与灰鹰
05285379, 8.6, 146, 作为变革动因的印刷机
01006190, 7.4, 492, 知识分子
34446247, 8.3, 188, 北方以北
34986373, 9.5, 76, 别再问我什么是嘻哈①
30151207, 9.5, 75, 文明之光
30246935, 8.0, 243, 布鲁内莱斯基的穹顶
34429244, 7.1, 686, 侘寂：致艺术家，设计师，诗人和哲学家
01005975, 8.0, 233, 我生有涯愿无尽
27056780, 6.5, 1787, 生而贫穷
33440207, 9.0, 100, 文化就是身体(修订版)
27593539, 7.9, 255, 闲话中国人
06536384, 8.6, 135, 黑色雅典娜
01417123, 7.4, 439, 纹章学
34887374, 7.9, 249, 毒品史
35005708, 8.8, 113, 仿佛若有光
34115693, 9.1, 91, 中國歷史精神
34840186, 8.8, 111, 如何看懂艺术2
26600157, 7.1, 631, 宋
25774080, 7.5, 375, 谁在导演世界
34913222, 7.5, 375, 书情书
34821732, 7.7, 298, 酒鬼与圣徒
34650132, 8.7, 118, 音乐是怎么变成免费午餐的
30423837, 7.0, 715, 日本的细节
34870279, 8.5, 138, 大征服
20502546, 8.4, 149, 晚期资本主义的文化逻辑
34786080, 8.4, 149, 尘世的梦浮桥（精装典藏版）
35006231, 8.8, 107, 故土的陌生人
26890213, 8.1, 190, 色彩列传：蓝色
10903003, 7.6, 316, 武汉人
34995326, 8.1, 189, 山居七年
30200242, 6.9, 788, 故宫的古物之美
30462986, 8.8, 105, 世界宗教（第11版）
27045643, 8.2, 170, 博物馆里的巅峰对决
33428364, 8.8, 104, 作为文化的传播
34661989, 8.7, 111, 共有的习惯
27108622, 7.7, 274, 白瓷之路
34434691, 8.2, 167, 漫长的战败
26718143, 8.1, 182, 古代中国的动物与灵异
34826151, 7.4, 382, 黑暗时代的爱
35060452, 8.7, 109, 中国人史纲
30518854, 9.3, 72, DK《温迪嬷嬷讲述1000幅世界名画》
30385550, 8.9, 94, 文明的故事1：东方的遗产
27605898, 7.6, 296, 你所不知道的日本名词故事
27087872, 8.5, 125, 和食
01909534, 7.7, 253, 中国传统文化十五讲
30474815, 9.4, 64, 香谱
35016930, 8.7, 101, 男性的衰落
26357897, 7.8, 221, 碰巧的杰作
05309759, 8.2, 149, 人类的没落
06722209, 7.8, 213, 男人之间
35013926, 7.4, 324, 如果故宫会说话
26617461, 7.5, 283, 写在基因里的食谱
33442277, 7.6, 252, 娱乐何为
27078408, 7.2, 403, 自恋时代
30217910, 7.3, 355, 反智时代
26614161, 8.0, 168, 移动的桃花源
26318981, 9.3, 63, 中国文化史
30230390, 7.0, 511, 咖啡瘾史
26838121, 8.1, 148, 中西文明的对照
34648287, 8.2, 134, 幻兽动物园
30200842, 8.6, 96, 文化与社会
26646622, 7.2, 369, 生活在宋朝
34845962, 8.2, 130, 读完本书你可能会成为一个话痨
34816492, 7.2, 364, 古色之美
27608646, 6.9, 544, 人类“吸猫”小史
34803998, 8.7, 87, 国王与诸神
27136317, 8.0, 150, 美国电影美国文化（插图第4版）
30412962, 9.2, 61, 空間物種
34900595, 8.5, 98, 食物探险者
30466628, 8.2, 124, 日本美學：物哀、幽玄、侘寂
25953790, 8.5, 97, 跨语际实践
01334046, 8.6, 89, 东方主义
27091507, 7.8, 175, 烹
25881603, 7.2, 334, 三千佛塔烟云下
34901494, 8.1, 130, 城归何处
27172814, 7.4, 260, 头发
30238985, 7.4, 240, 我们为什么爱宋朝
30266483, 8.2, 111, 古希腊人
25837360, 8.0, 131, 柬埔寨
30324985, 8.6, 81, 历史的针脚
27074704, 8.5, 87, 福泽谕吉与日本近代化
30152811, 7.7, 171, 我们为何膜拜青春
35015395, 9.1, 57, 现场
30141208, 9.2, 53, 性别之伤与存在之痛
30416293, 7.0, 366, 风味人间
30457511, 8.1, 114, 书见
34796954, 7.6, 176, 新食货志
34842086, 7.4, 216, 文艺复兴人
34873198, 7.4, 215, 吃
27596645, 7.8, 142, 中国的男人和女人
34926212, 7.7, 156, 为爱成婚
03351145, 7.1, 299, 说话的艺术
01450584, 8.5, 79, 中国文化之精神价值
30294596, 8.4, 84, 伊甸园之门
34661927, 6.6, 582, 装腔指南
34785838, 8.8, 63, 花园词典
34951652, 8.3, 88, 魔鬼的晚餐
34978720, 8.3, 86, 一本不正经的博物志
05293924, 7.6, 156, 美国的弑母文化
34787572, 7.2, 239, 这就是中国
33380610, 8.1, 99, 神圣的欢爱
34997652, 9.0, 52, 云淡风轻
30265858, 6.2, 1025, 如何给狮子剥皮
34992175, 8.9, 55, 神话之城
34918516, 8.7, 62, 从那霸到上海：在临界状态中生活
35015037, 9.1, 47, 文字的故事
30355307, 7.5, 161, 拉面
34846908, 8.6, 64, 角斗场外的绅士
30247174, 8.3, 79, 汉字的世界（上）
35006227, 8.8, 55, 人文主义地理学
27011127, 9.0, 48, 祖列依哈睁开了眼睛
35059162, 8.4, 70, 了不起的古希腊
25861889, 7.6, 136, 婚姻史
26962119, 8.5, 64, 宋史
34997373, 8.4, 68, 书中漫步
35045199, 8.7, 55, 中世纪的英雄与奇观
26587464, 6.6, 427, 故宫营造
34455900, 7.5, 143, 啤酒原来是这么回事儿
06333823, 9.2, 40, Addiction by Design
30346156, 8.6, 57, 走路的历史
34840702, 8.7, 53, 罩袍之刺
35044898, 7.9, 95, 别想生活有答案
27116305, 6.4, 541, 故宫物语
34802599, 7.4, 147, 波斯笔记
34442425, 9.6, 31, DK世界家具大百科
34856089, 7.5, 126, 我和中文谈恋爱
34923177, 7.8, 95, 茶在中国
34923176, 8.0, 80, 禅与饮茶的艺术
35006258, 7.9, 85, 大故宫六百年风云史
10520468, 8.1, 71, 人體交易
30426213, 8.4, 57, 西中有东
26930175, 7.0, 200, 宋画三讲
26327547, 7.0, 198, 单词的历史
34970403, 8.3, 59, 旧巢痕
26757715, 9.0, 38, 死亡、战争与献祭
34978404, 8.5, 51, 水浒寻宋
30389974, 8.6, 47, 共同体与社会
34863798, 8.3, 56, 时尚的艺术与批评
34970091, 8.7, 43, 十三行小字中央
35009833, 9.1, 34, 寻找中国之美
34873566, 8.2, 59, 耶路撒冷三千年（全新增订版）
30435806, 8.8, 40, 启蒙
35076051, 8.7, 42, 苏联设计时代1950—1989
25707492, 7.2, 134, 审美资本主义
25867333, 6.7, 227, 文明的度量
34979052, 9.6, 24, 人类飞翔史
34970033, 8.1, 56, 孟子读法
30304860, 9.7, 22, 随缘护花
34950812, 8.5, 40, 时代的低语
35005305, 8.9, 31, 尝一口人间烟火
35080088, 9.6, 22, 今朝风日好
30299704, 8.1, 50, 动画人生
34915474, 8.7, 33, 殖民地时期的拉丁美洲艺术
34812473, 7.7, 64, 大师巨匠
30489181, 6.7, 170, 图解中国传统服饰
35025258, 8.3, 41, 一个人的阳台
34887193, 9.1, 26, 亲爱的老爱尔兰
33463349, 6.5, 214, 我们为什么会说脏话？
25863405, 7.4, 78, 中国食人史料钞
33462329, 6.8, 143, 韩国综艺节目如何讲故事
33461969, 9.4, 22, 记忆之场
30394074, 6.7, 157, 疯狂咖啡因
33451698, 8.0, 46, 保罗·史密斯的骑行剪贴簿
25926961, 7.2, 88, 如何用你的眼睛
34969872, 8.4, 35, 宫廷社会
35063814, 9.5, 20, 人文草木：16种植物的起源、驯化与崇拜
34839989, 7.4, 71, 饭局的起源
34648793, 8.7, 29, 德国历史中的文化诱惑
30353929, 9.7, 18, 三灯书斋
30123479, 6.9, 108, 《万物有意思.中国篇》（全二册）
34941519, 8.6, 29, 我们都是书的囚徒
34997440, 8.4, 32, 故宫五十年
35005066, 7.1, 84, 菊花王朝
34954049, 9.3, 20, 天国之门
34953963, 6.8, 111, 企鹅、凤梨与穿山甲
27077702, 5.7, 551, 故宫院长说故宫
34939912, 7.3, 65, 花鸟风月日本史
33463907, 6.0, 301, 风格的练习
35040282, 8.4, 29, 刀头上的绝响
34869489, 8.9, 22, 文明中的疯癫
34834139, 8.5, 27, 播种人
30383636, 8.2, 32, 上海Taste
34991851, 8.2, 31, 法老的宝藏
34978691, 7.7, 41, 酸食志
34883196, 7.5, 46, 守破离
34917735, 8.1, 30, 日本：生存的艺术
30417764, 7.9, 34, 思想产业
30324022, 9.7, 14, 中国兵器史稿
35017571, 7.6, 41, 岛屿传说
35059301, 8.7, 21, 书见·第二季
33402277, 7.8, 33, 文化的江山1：文化中国的来源
34917691, 9.0, 17, 风云之交
26832965, 6.6, 89, 被颠覆的文明
34897069, 7.2, 49, 一只脚踏进后现代
34678534, 7.8, 31, 日本风俗食具
34867995, 7.1, 52, 漫威大战DC
33427572, 9.4, 13, 九点烟记
30475977, 9.1, 13, 回家来杯鸡尾酒：浸泡、蒸馏与创新的秘诀
35077346, 8.4, 17, 床的人类史
33435198, 8.5, 15, 西方博物学文化
34789044, 8.0, 19, 西垂有声
34954815, 9.0, 12, 光之城
34902711, 6.9, 38, 浮世恒河
30304853, 8.1, 17, 麒麟之志
34939915, 8.8, 12, 帝国时期（岩波日本史 第八卷）
34986515, 7.8, 10, 重新发现日本
34901670, 0.0, 11, 你耳朵里有鱼吗？
34942789, 0.0, 13, 回归故里
35016428, 0.0, 16, 中国节令
35044057, 0.0, 31, 匡超人
