2020-07-05 16:00:05

number of books, tag name
186, 文学-小说

ID, rating, votes, title
04913064, 9.4, 496868, 活着
01007305, 9.6, 291309, 红楼梦
03259440, 9.1, 460312, 白夜行
02567698, 8.8, 375314, 三体
01200840, 9.0, 251390, 平凡的世界（全三部）
01019568, 9.3, 122051, 三国演义（全二册）
01858513, 9.0, 135118, 月亮和六便士
01040211, 9.2, 92089, 福尔摩斯探案全集（上中下）
01039487, 8.9, 126753, 哈利·波特与密室
01061118, 9.1, 86508, 活着
01085860, 9.0, 100577, 基督山伯爵
01017143, 8.5, 200886, 不能承受的生命之轻
01141406, 8.5, 186825, 简爱（英文全本）
01013129, 8.7, 106672, 哈利·波特与凤凰社
01858576, 9.3, 31339, 一九八四
01043815, 8.4, 151828, 骆驼祥子
01029553, 8.9, 58702, 西游记（全二册）
01060852, 8.9, 54736, 呼兰河传
01046265, 8.0, 317935, 挪威的森林
01088065, 8.7, 71893, 阿Q正传
01398395, 8.8, 51768, 狂人日记
01963684, 8.6, 69831, 半生缘
01401841, 9.0, 32405, 傲慢与偏见
01016003, 8.1, 153080, 鲁滨逊漂流记
02284311, 8.8, 37680, 苏菲的世界
01401425, 8.3, 84772, 兄弟（上）
01985223, 8.7, 37356, 倾城之恋
05275059, 7.9, 138109, 1988：我想和这个世界谈谈
01292416, 8.5, 36286, 香水
01529893, 8.0, 90410, 莲花
01044663, 8.7, 22167, 许三观卖血记
02053249, 8.1, 62228, 麦田里的守望者
01005521, 8.2, 46591, 伊豆的舞女
01082349, 8.2, 45887, 长恨歌
02022979, 8.0, 62015, 喜宝
01915170, 9.2, 7854, 小王子
01082518, 7.9, 59966, 麦田里的守望者
01203251, 8.1, 33317, 雾都孤儿
02250587, 7.6, 82962, 一个人的好天气
02359052, 8.9, 8275, 查拉图斯特拉如是说
01060117, 8.6, 12455, 不朽
01186392, 8.7, 10622, 约翰·克利斯朵夫
01065970, 7.8, 51147, 彼岸花
01200842, 8.6, 11190, 尘埃落定
01082522, 8.2, 21511, 家
01917972, 7.8, 45237, 在路上
01026425, 7.4, 108284, 三重门
01455812, 9.2, 4433, Pride and Prejudice
01013502, 7.6, 60626, 钢铁是怎样炼成的
01009393, 8.4, 12386, 在细雨中呼喊
01049219, 7.4, 81903, 长安乱
01200846, 8.8, 6496, 白鹿原
01016300, 7.1, 161991, 梦里花落知多少
01012637, 8.2, 15547, 牛虻
02230208, 7.9, 25885, 我的前半生
01058234, 7.7, 37343, 二三事
01926700, 7.7, 35875, 关于莉莉周的一切
01052828, 8.4, 10098, 玩笑
01016486, 8.4, 9697, 笑忘录
05958726, 8.0, 18546, 质数的孤独
01317899, 8.2, 12867, 生死场
01453210, 7.4, 59054, 一座城池
01049189, 7.3, 73925, 1995-2005夏至未至
01203244, 8.3, 10546, 三个火枪手
02215160, 9.2, 2987, 神秘岛（全三册）
01024217, 7.4, 55654, 第一次的亲密接触
01613372, 8.4, 7800, 喜宝
01703544, 7.4, 43432, 兄弟（下）
01872158, 8.2, 9682, 蝇王
01819978, 8.5, 5331, 温莎墓园日记
01062455, 8.4, 5924, 康熙大帝（共四册）
01063245, 7.6, 22606, 通稿2003
02115040, 7.9, 12916, 玫瑰的故事
01885261, 8.6, 4343, 巴黎圣母院
01009160, 7.3, 40045, 像少年啦飞驰
01478487, 7.8, 13493, 曼珠沙华
01470159, 8.4, 5093, 流金岁月
01914572, 7.6, 19345, 誓鸟
01030366, 8.2, 6601, 身份
01058360, 8.4, 4426, 红高粱家族
01793713, 8.4, 4370, 中国北方的情人
01025336, 7.9, 9364, 慢
01057197, 8.1, 6695, 无知
02063579, 9.3, 1362, 古拉格群岛（上中下）
01436348, 7.7, 12147, 八月未央（修订版）
01491853, 8.3, 4494, 变色龙
01012489, 7.7, 11802, 童年 在人间 我的大学
01010898, 7.7, 11779, 格列佛游记
01933695, 8.9, 1869, 小王子
02170469, 8.9, 1789, 喧哗与骚动
01092264, 8.6, 2417, 格兰特船长的儿女
01361268, 8.3, 3510, 朝花夕拾
01397467, 7.9, 6305, 理智与情感
02295122, 8.4, 2877, 卡门
01009938, 7.8, 7021, 封神演义
05918057, 8.8, 1570, 玩笑
01433381, 8.7, 1738, 生活在别处
01322066, 7.6, 7920, 吃南瓜的人
02050779, 8.3, 2651, 魔山
01438536, 8.9, 1261, 王小波经典作品
02133556, 6.9, 28661, 光荣日（第一季）
01174192, 8.5, 1854, 瓦尔登湖
01440101, 7.2, 13441, 就这么漂来漂去
01046385, 7.1, 15888, 毒
02240591, 8.8, 1143, 小妇人
01322328, 7.4, 8099, 不羁的风
02244170, 7.7, 4670, 电光幻影
01393280, 7.7, 4648, 花镜
02042631, 7.9, 3365, 弗兰肯斯坦
02053133, 8.4, 1638, 沉默的羔羊
01825635, 9.2, 675, 傲慢与偏见
02174400, 8.2, 1958, 达洛卫夫人
02568067, 8.2, 1852, 中性
02032651, 8.1, 2089, 格列佛游记
01484300, 7.6, 3881, 承欢记
02253375, 8.3, 1393, 红与黑
01255598, 7.6, 3570, 人淡如菊
01220895, 8.8, 745, 动物庄园
02033673, 8.7, 808, 名利场
01958068, 9.1, 501, 喧哗与骚动
01418989, 9.1, 475, 小径分岔的花园
01031818, 7.4, 3581, 我爱阳光
02032772, 9.1, 430, 罪与罚
01022767, 8.9, 456, 悲惨世界
01228700, 7.9, 1411, 爱丽丝漫游奇境记
01484291, 7.6, 1980, 故园
01959152, 7.7, 1547, 床上的爱丽斯
01535600, 8.2, 766, 黑暗的心
01420507, 8.6, 495, 摩格街谋杀案
01361273, 9.1, 309, The God of Small Things
01277257, 7.6, 1437, 小人物日记
03862392, 8.0, 823, 我，及其他
26986881, 8.9, 309, 城堡
01771002, 8.6, 382, 托马斯.曼文集-中短篇小说选
01364785, 8.4, 442, 我城
01091917, 8.3, 471, 好兵帅克
01087693, 7.8, 835, 小妇人
01475735, 7.3, 1571, 书店
01484313, 7.3, 1502, 風滿樓
01207477, 7.9, 666, 上种红菱下种藕
01084552, 8.4, 363, 简·爱
02995370, 8.3, 395, 秦腔
01857446, 6.6, 4562, 碧奴
01055186, 7.0, 2138, 烈火
01082761, 8.4, 342, 到灯塔去
02301970, 8.0, 465, 肉体窃贼
01797577, 7.8, 569, 机器岛
01043085, 8.0, 419, 孝庄秘史
01775006, 8.7, 210, 鱷魚手記
01737440, 9.0, 161, 鲁迅小说全编
01421971, 7.9, 432, 中国旅行计划
02156127, 9.2, 109, 帝国瀑布
01089542, 8.3, 210, 酒徒
01950235, 8.1, 250, 我母亲的自传
01006983, 7.5, 366, 爱
01743169, 8.1, 194, 女勇士
01864832, 7.7, 266, 玫瑰奇迹
01920919, 9.1, 74, 小说鉴赏
01810991, 7.7, 233, 缀网劳蛛
01785092, 6.9, 586, 母猪女郎
02033441, 8.0, 155, 看不见的人
02327797, 7.3, 310, 优雅地低于爱情
02369011, 7.2, 306, 血颂
01187895, 7.5, 185, 马不停蹄地错过
01070613, 6.5, 646, 熊猫
01350097, 7.2, 243, The Woman Warrior
02025168, 6.4, 668, 基金经理
01217730, 8.6, 60, 卡夫卡短篇小说精选
01356011, 8.1, 85, Reading Lolita in Tehran
01021964, 6.2, 805, 乌鸦
01051673, 7.6, 117, 前世今生
01061624, 6.2, 669, 遗情书
01795808, 9.2, 35, Absalom
02062963, 8.3, 44, 一个神经衰弱者的二十一天
02089018, 8.0, 53, Things Fall Apart
03090813, 8.0, 53, 最明净的地区
11541356, 6.8, 134, 她的身体明白
01070375, 8.1, 41, 准备上路的人
20365363, 7.5, 61, 床
01787867, 7.6, 46, 日本新感觉派作品选
01438127, 7.4, 49, 阿尔特米奥·克罗斯之死
03334690, 8.5, 24, The Satanic Verses
05414874, 7.3, 39, 白桦林
01053506, 5.6, 226, 沙床
01233306, 5.9, 42, 英雄
02078430, 6.5, 23, The World Of Suzie Wong
