2020-07-05 16:00:06

number of books, tag name
937, 旅行

ID, rating, votes, title
01361264, 9.0, 186401, 撒哈拉的故事
01060068, 9.2, 79450, 撒哈拉的故事
06710437, 9.3, 50260, 撒哈拉的故事
03608208, 8.5, 120388, 牧羊少年奇幻之旅
05414391, 9.0, 41467, 寻路中国
01029111, 8.9, 44655, 哭泣的骆驼
07060185, 9.0, 37398, 江城
01036490, 8.8, 34555, 万水千山走遍
03604517, 9.3, 14974, 撒哈拉的故事
02068211, 9.3, 12326, 撒哈拉的故事
10522856, 9.0, 17893, 冬牧场
02068249, 9.1, 15389, 温柔的夜
01082398, 8.8, 22112, 梦里花落知多少
01529893, 8.0, 90410, 莲花
24934182, 8.1, 68611, 一个人的朝圣
04881850, 9.1, 11586, 阿勒泰的角落
04884218, 8.8, 17961, 我的阿勒泰
03607117, 8.9, 14587, 稻草人手记
30445437, 9.5, 5813, DEPART
06558707, 9.0, 10216, 梦里花落知多少
01001885, 8.5, 21774, 带一本书去巴黎
01050339, 7.7, 77672, 文化苦旅
30183051, 8.3, 21601, 鱼翅与花椒
26997048, 9.1, 6213, 撒哈拉的故事
03316422, 8.9, 7652, 猫国物语
01063190, 8.0, 32199, 蔷薇岛屿
01056461, 8.3, 18402, 旅行的艺术
01962923, 8.6, 11344, 西班牙旅行笔记
04618225, 8.2, 21767, 不去会死！
01917972, 7.8, 45237, 在路上
06712255, 8.9, 7158, 天真的人类学家
03698398, 9.0, 6036, 万水千山走遍
01878708, 8.3, 17051, LA流浪记
01065239, 8.6, 10523, 我的宝贝
02136484, 8.7, 8908, 如果在冬夜，一个旅人
02376570, 9.3, 3936, 浪漫的逃亡
02136133, 9.0, 5695, 万水千山走遍
05366382, 8.8, 7442, 夜航西飞
03897928, 8.7, 7986, 我的路5
06558708, 8.9, 6004, 稻草人手记
06811366, 8.3, 14266, 禅与摩托车维修艺术
25788092, 8.7, 7380, 古都
01056868, 8.5, 9930, 河童旅行素描本
20326626, 8.6, 8526, 少年Pi的奇幻漂流
01441869, 8.9, 5441, 没有教不好的学生
03522695, 8.5, 9597, 瓦尔登湖
26912631, 8.9, 5282, 道林·格雷的画像
01032645, 8.6, 7939, 窥视印度
02042063, 8.4, 10349, 伊斯坦布尔
01361263, 9.0, 4357, 哭泣的駱駝
25753361, 8.6, 7287, 最好金龟换酒
06558709, 8.6, 6988, 万水千山走遍
01393447, 9.1, 3338, 忧郁的热带
03266345, 8.1, 14080, 三杯茶
25920202, 8.6, 6431, 泛若不系之舟
03765620, 8.7, 5494, 在漫长的旅途中
04906101, 8.4, 8452, 一个人旅行2
01075538, 8.2, 11561, 普罗旺斯的一年
25697520, 8.0, 15276, 他们最幸福
01054889, 7.7, 26355, 行者无疆
01933931, 8.7, 4959, 沿着塞纳河到翡冷翠
01275907, 8.3, 8888, 八十天环游地球
11602263, 9.1, 2929, 羊道·深山夏牧场
02258803, 8.3, 8442, 一個人去旅行
01079838, 8.7, 4629, 湘行散记
27116307, 8.5, 5917, 长乐路
25984204, 7.3, 49263, 乖，摸摸头
01001204, 7.9, 14594, 山居笔记
06125543, 9.1, 2515, 北方的空地
03905366, 7.8, 16450, 迟到的间隔年
01020241, 7.6, 23825, 千年一叹
22883503, 9.1, 2378, 夜航西飞
05940434, 8.3, 6837, 一个人的美食之旅
01035326, 8.7, 3834, 一次・图片和故事
01828090, 9.2, 2027, River Town
04131380, 9.1, 2253, 忧郁的热带
04159088, 7.8, 14892, 理想的下午
05366278, 7.9, 12255, 走吧，张小砚
01949485, 9.0, 2483, 消失中的江城
01130367, 8.9, 2779, 艽野尘梦
06516050, 8.2, 7115, 搭车去柏林
07064313, 7.7, 16545, 突然就走到了西藏
26698223, 9.2, 1869, 永恒的时光之旅
10439392, 9.1, 2080, 风沙星辰
05290370, 8.6, 3822, 禅的行囊
01902628, 8.3, 5841, 空谷幽兰
26708306, 8.6, 3746, 北欧，冰与火之地的寻真之旅
03393056, 8.2, 6613, 流动的盛宴
06131589, 8.6, 3409, 普罗旺斯的一年
06430022, 8.6, 3355, 一路走来一路读 （增补本）
02201813, 7.5, 19672, 藏地密码1
06126821, 8.4, 4311, 远方的鼓声
01962409, 8.3, 4893, 不去会死！
05275500, 7.7, 12846, 尘曲
04208780, 8.1, 6287, 流浪集
04313080, 8.7, 2657, 旅行的艺术
01015123, 8.7, 2579, 生存手册
33404221, 9.5, 1037, DEPART 平装版
10743137, 7.7, 11422, 绿皮火车
34889883, 8.7, 2503, 云游
03155180, 8.7, 2436, 荒野生存
01010888, 8.4, 3615, 一路走来一路读
01041414, 8.6, 2739, 威尼斯日记
03267934, 8.5, 3094, 日本四季
05264779, 7.4, 17983, 背包十年
24878152, 8.9, 1791, 海上灵光
06846465, 8.6, 2521, 罗摩桥
03332661, 9.2, 1233, 中国景色
01937939, 8.3, 3635, 河童杂记本
06815827, 8.3, 3525, 我的宝贝
21692809, 8.5, 2671, 深河
06815828, 8.4, 3050, 流星雨
01000482, 7.7, 8737, 山居笔记
30177173, 7.9, 6141, 假如真有时光机
03759806, 8.3, 3350, 西藏一年
24671183, 8.2, 3858, 藏地白皮书·十年爱情见证版
26700104, 8.5, 2548, 穿越百年中东
10485696, 7.6, 10123, 我就是想停下来，看看这个世界
02161983, 8.8, 1717, 怀斯曼生存手册
03658090, 8.6, 2186, 旅行的艺术
11542577, 8.6, 2179, 天生就会跑
01223575, 7.8, 6608, 文化苦旅
11505636, 8.6, 1985, 旅行的艺术
03255922, 8.9, 1367, 湘行散记
26894364, 8.3, 2877, 反正竞赛还很长
34835320, 8.2, 3283, 这里是中国
01060723, 8.0, 4399, 重返普罗旺斯
06829323, 7.9, 5121, 我，睡了，81个人的沙发
01287823, 7.8, 5895, 千年一叹
04820214, 8.6, 1863, 印度走着瞧
25719513, 8.7, 1619, 西班牙旅行笔记
26575812, 7.0, 25934, 阿弥陀佛么么哒
04817396, 8.7, 1588, 云南
03065232, 8.0, 4036, 藏地白皮书
03113567, 8.1, 3479, 蔷薇岛屿
01273759, 8.2, 2794, 人在欧洲
25778837, 8.2, 2712, 时差党
01884249, 8.0, 3596, 当我们旅行
25985966, 8.0, 3566, 偷影子的人
01482502, 8.6, 1555, Pyongyang
10354317, 8.7, 1359, 荒野求生手册
22513484, 8.8, 1189, 进入空气稀薄地带
25898124, 7.6, 6202, 得未曾有
01438461, 7.8, 4393, 窥视日本
20379760, 7.9, 3757, 我亦飘零久
05998988, 9.2, 745, 尋路中國
02282081, 8.0, 3070, 香港味道1
27203505, 8.4, 1772, 从大都到上都
03306209, 8.5, 1554, 雪域求法记
26371292, 8.1, 2567, 不在他方
03218534, 8.1, 2548, Eat
27074861, 7.0, 17251, 东京一年
26831788, 7.8, 3949, 旅行与读书
11537640, 8.3, 1922, 一个人的美食之旅2
06521471, 8.2, 2157, 双CHEN记
04137276, 9.4, 565, 结起点亦是终点
11528305, 8.2, 2135, 朝圣
01081778, 9.6, 463, 李太白全集（全三册）
05397044, 8.2, 2084, 蓝色天堂
10554464, 8.2, 2080, 去他的巴西
07067934, 7.7, 4323, 打工旅行
06852200, 8.2, 2063, 一个人暖呼呼
26584387, 7.6, 4984, 一个人的朝圣2
02161698, 8.1, 2287, 八十天环游地球
01785508, 8.2, 1995, 今晚去哪里
06802371, 8.0, 2580, 一个游荡者的世界
06826619, 8.2, 1948, 大中东行纪
05364104, 8.8, 929, 朝圣
26587564, 8.1, 2144, 我已与一万亿株白桦相逢
01068907, 7.8, 3300, 如果我们的语言是威士忌
19956264, 8.3, 1577, 谷岳搭车去柏林
20267987, 7.4, 6002, 孤独美食家
06872434, 7.5, 4963, 最好的时光在路上
04822437, 8.7, 952, 四川和重庆
10834769, 7.7, 3545, 门外汉的京都
03063889, 8.8, 850, 进入空气稀薄地带
01812223, 7.6, 4106, 消失的地平线
05417810, 8.1, 1943, 三毛1943-1991
26901177, 8.8, 826, 流动的盛宴
26308388, 8.9, 743, 走出非洲
05914563, 8.1, 1907, 边走边啃腌萝卜
25918820, 7.6, 3986, 吴哥之美
03730043, 9.2, 549, 北京古建筑地图（上册）
27623508, 8.4, 1261, 走出荒野
30312119, 8.6, 975, 美之地图
06967496, 8.2, 1563, 不去吃会死
03410812, 7.4, 5185, 死在这里也不错
19950612, 7.1, 9039, 伊斯坦布尔假期
06084703, 7.3, 6153, 独立，从一个人旅行开始
26303593, 8.4, 1201, 三个胡安在海边
04908871, 7.8, 2641, 用洗脸盆吃羊肉饭
25728467, 8.5, 1038, 一个人的美食跑跑跑
01785502, 7.9, 2219, 咖啡苦不苦
27037182, 8.6, 908, 纽约无人是客
01439426, 8.2, 1460, 理想的下午
06126817, 7.9, 2187, 边境 近境
01047608, 8.1, 1620, 藏地牛皮书
27128593, 8.6, 877, 伊斯坦布尔
10608244, 8.3, 1244, 荒野求生
26320883, 7.7, 2708, 丈量世界
34808340, 8.9, 610, 东京老铺
06826615, 7.8, 2298, 台北小吃札记
26325605, 8.4, 1044, 威尼斯日记
26639786, 8.0, 1721, 舍得，舍不得
10439099, 9.1, 493, 旅之绘本（全六册）
26690392, 8.6, 808, 出发吧!和爸妈一起!
07063932, 8.1, 1468, 东京散步
26997095, 8.8, 642, 温柔的夜
05260232, 8.2, 1238, 托斯卡纳艳阳下
25748016, 8.8, 619, 带一本书去巴黎
02155525, 8.4, 953, 尼泊尔
05409459, 8.0, 1545, 摩托日记
25743459, 7.8, 2030, 如果我们的语言是威士忌
02969749, 8.3, 1047, 巴黎手记
10537645, 8.4, 917, 岛屿书
26685539, 7.9, 1689, 有鹿来
26253659, 8.7, 641, 一个人的美食跑跑跑·海外篇
26480625, 8.1, 1272, 午夜降临前抵达
30208077, 8.8, 561, 禅与摩托车维修艺术
03933045, 8.7, 621, 旅途上的建筑
25943374, 8.6, 689, 沿着塞纳河到翡冷翠
01083161, 8.4, 859, 风险投资家环球游记
10426611, 8.3, 965, 一本摄影书
01850861, 8.0, 1399, 托斯卡纳艳阳下
20258503, 8.4, 853, 土摩托看世界
26708780, 7.5, 2870, 非洲三万里
06751046, 8.1, 1216, 莲花
20434038, 8.2, 1070, 幽暗国度
01322852, 8.8, 548, 孤筏重洋
03826575, 7.8, 1796, “小不列颠”札记
01401851, 7.9, 1543, 我的诺曼底
01481156, 9.4, 305, 孤筏重洋
01070899, 8.5, 715, 浮生悠悠
04933087, 7.2, 4387, 机场里的小旅行
27030108, 7.9, 1451, 节日万岁！
21690414, 7.7, 1907, 在中国屏风上
20381006, 9.2, 347, 希腊三部曲Ⅰ
25726145, 8.5, 686, 一路走来一路读
06128129, 8.0, 1241, 带上灵魂去旅行
25919821, 8.3, 857, 夏日走过山间
25762288, 9.2, 337, 风景与记忆
25804649, 7.5, 2389, 无知的游历
25811142, 8.8, 469, 长夜行
06556332, 7.8, 1494, 旅行，人生最有价值的投资
06510522, 7.0, 5205, 分开旅行
01024810, 8.0, 1090, 印度：受伤的文明
25283615, 8.8, 435, 萨哈林旅行记
03191866, 8.1, 904, 杜甫的五城
04137178, 8.2, 800, 北极光
25810830, 8.1, 876, 第一次一个人旅行
05914556, 7.6, 1694, 台湾味道
26844348, 6.5, 12956, 好吗好的
04836688, 7.4, 2243, 最危险的厕所和最美丽的星空
26924986, 7.9, 1092, 明天我要去冰岛
10570061, 8.1, 818, 单向街 004
05408864, 8.9, 353, 一点巴黎
27076521, 8.4, 580, 流学的一年
01288895, 9.0, 322, 在乌苏里的莽林中
20424613, 7.5, 1797, 南法航线
34869787, 8.6, 464, 独居冰岛的一年
27099027, 7.9, 1023, 自由与爱之地
27115882, 6.6, 9120, 我不
04582325, 7.5, 1766, 窥视欧洲
26357251, 8.5, 507, 窥视印度
20266046, 8.4, 559, 走出非洲
27073040, 7.6, 1503, 小小巴黎书店
01762875, 8.3, 618, 暗盒笔记
26697311, 8.2, 687, 重新发现日本
25818124, 8.2, 686, 翡翠岛编年
24838209, 8.1, 727, 时光映画
10795220, 7.6, 1376, 喃喃
25731387, 7.9, 920, 理想的下午
24883513, 6.7, 6413, 猫力乱步
04924857, 7.1, 2980, 每一次相遇都是奇迹
04849378, 8.7, 370, 世界
01069660, 8.5, 450, 罗杰斯环球投资旅行
25934263, 8.7, 368, 土摩托看世界Ⅱ
20383610, 7.9, 879, 山河之书
03924138, 7.2, 2402, 行走台湾
01095834, 8.6, 400, 真腊风土记校注
03560233, 9.0, 276, 徐霞客游记
11445372, 8.2, 607, 是非洲
33429537, 8.2, 604, 自在京都
20383609, 7.9, 859, 行者无疆
26304071, 8.4, 480, 京都人生
33371260, 7.9, 850, 人生海海，劈浪前行
27096958, 8.4, 476, 破冰北极点
04735708, 7.9, 840, 我要游过大海
21714777, 8.1, 657, 巴西：未来之国
27053610, 8.3, 514, 大理外传
30436197, 8.0, 719, 丹麦一年
07052624, 7.3, 1862, 辞职，去旅行！
01903073, 7.8, 912, 安藤忠雄都市彷徨
26835061, 8.7, 334, 扫把的旅行手账
01761571, 8.3, 498, Eat
20283087, 7.8, 880, 十年徒步中国
02261636, 8.6, 359, 被遗忘的王国
06805144, 8.1, 603, 老巴塔哥尼亚快车（套装上下册）
26910743, 7.9, 743, 京都漫步
25912887, 6.7, 4880, 练习一个人
04920107, 8.1, 580, 奥斯曼帝国闲史
05269117, 8.8, 284, 现实即弯路
25697790, 8.6, 341, 印度：百万叛变的今天
10781312, 8.1, 568, 当我们旅行
26995855, 8.2, 508, 万水千山走遍
11443072, 7.8, 801, 三国志男
01093295, 8.9, 253, 欧洲在发酵
04848403, 7.8, 797, 一只猫的巴黎晃悠
03771868, 8.2, 492, 印度札记
01964451, 7.9, 692, 全球最美的100个地方
05264468, 7.7, 886, 东西莫辨逛欧洲
24732946, 8.6, 321, Lonely Planet:云南(LonelyPlanet旅行指南2013年全新版)
25720197, 9.1, 207, 孤筏重洋
11614288, 7.2, 1769, 我们为什么旅行
03182236, 8.4, 386, 住宅巡礼
07916068, 7.6, 976, 路上书
20386247, 7.2, 1753, 趁，此身未老
02122173, 8.7, 286, 意大利
06845414, 6.5, 6292, 去，你的旅行
01386739, 8.6, 308, 窺看印度
06751039, 7.7, 819, 蔷薇岛屿
27002017, 8.1, 505, 旅行者的早餐
24869869, 8.1, 502, 慢骑中国
26253714, 7.7, 808, 在西伯利亚森林中
33432514, 9.2, 179, DEPART Hardcover Australian Edition
10561232, 7.8, 704, 时光里的欧洲
25896928, 8.7, 271, 到坦桑
26884467, 8.1, 491, 我甚至希望旅途永无止境
01835996, 8.4, 357, 鲁滨孙漂流记
01763434, 8.6, 289, 余纯顺孤身徒步走西藏
05986543, 7.4, 1142, 11元的铁道旅行
26610903, 8.5, 314, 旅行人信札
25731397, 7.1, 1805, 漫步东京
30303993, 8.1, 469, 北欧，凛冽的世界尽头
02376268, 8.7, 258, 法国
03986581, 7.8, 656, 北纬78°（全二册）
26841614, 7.6, 846, 雨天 炎天
26948175, 7.7, 729, 美洲小宇宙
26421209, 8.4, 331, 地道风物001·广西
01048669, 8.3, 363, 漫画法国
27060680, 7.1, 1672, 丹麦人为什么幸福
26422097, 7.6, 803, 这就是台湾
20645160, 8.3, 356, 一路向南·拉美篇
24860324, 8.7, 243, Lonely Planet:四川和重庆(2013年全新版)
24750097, 7.9, 548, 印度：受伤的文明
11589942, 7.4, 1041, 非洲十年
27594028, 9.0, 188, 别叫他宝贝，他是行者辛巴
25876615, 8.3, 353, 信徒的国度
02678412, 7.9, 540, 怀斯曼生存手册2
26841390, 8.7, 236, Lonely Planet 孤独星球：日本
02327122, 8.3, 344, 藏地孤旅
34781750, 8.4, 311, 沿着季风的方向
27034274, 8.2, 378, 安第斯山脉的生与死
21329337, 8.5, 279, 深夜特急
01079739, 8.6, 254, 夏日走过山间
04742972, 7.4, 963, 敦煌之旅
23261226, 8.5, 273, 吳哥之美
26841391, 7.2, 1274, 把你交给时间
10574746, 7.4, 945, 自在台湾
27120282, 8.2, 361, 寻路阿富汗
21357364, 7.5, 803, 间隔年，一个女孩在游行
26693083, 8.0, 431, 说吧，叙利亚
26315075, 7.1, 1409, 岛屿来信
26862170, 8.1, 384, 冰雪纪行
20645163, 7.2, 1173, 停在新西兰刚刚好
33403954, 8.9, 179, 寻找光的旅程
34429255, 8.1, 375, 非洲小札
24718653, 8.1, 370, 杜甫的五城
01417913, 8.4, 272, 厕所大不同
03056879, 8.6, 224, 西班牙
26871303, 7.6, 647, 寻人不遇
02011778, 7.6, 644, 中国游记
06871026, 7.6, 643, 在欧洲，逛市集
05984020, 7.4, 830, 温柔的路途
25716134, 7.6, 632, 印度，漂浮的次大陆
30384766, 9.3, 126, 南京民国建筑地图
20258528, 7.6, 629, 安心的义工旅行
25844486, 7.5, 709, 我的旅行哲学
26386378, 7.4, 801, 文化不苦旅
25783152, 8.1, 345, 托斯卡纳艳阳下
02073035, 8.9, 166, 萨哈林旅行记
06799936, 9.2, 132, 北京古建筑地图（中册）
04236926, 8.1, 344, 的里雅斯特
01737324, 7.6, 599, 中国游记
01388900, 8.4, 250, Neither Here
26640061, 7.4, 770, 谷物01
30358504, 8.7, 191, 当我在一个仲夏清晨出走
01500117, 9.3, 119, 世界地图集
06064709, 8.2, 299, 一步向前的勇气
06017133, 6.6, 2755, 下一站·神奈川
02280169, 7.0, 1335, 时间的玫瑰
34974775, 9.3, 117, 认识建筑
10345585, 7.3, 847, 与往事说再见
01465067, 8.6, 201, A Walk in the Woods
05353256, 8.3, 262, 世界上最糟糕的旅行
19973695, 6.8, 1827, 再不远行，就老了
04934719, 7.9, 389, 林依晨．美好的旅行
30262912, 8.9, 152, 如果你住在这里
06151916, 7.3, 809, 旅行的意义
01062745, 8.4, 232, 苦修者的圣地
21734703, 8.0, 343, 失业之旅
10806089, 7.3, 798, 身体和灵魂.总有一个要在路上
03841198, 7.9, 373, 西藏
30247391, 8.2, 273, 老巴塔哥尼亚快车
01139681, 7.8, 415, 狗日子猫时间/贝贝特旅行文库
06798709, 7.5, 595, 百吻巴黎
03908397, 7.5, 587, 看得见风景的房间
34948397, 8.3, 242, 巴黎记
33446318, 7.5, 580, 秘境
27016386, 9.4, 100, 焦点之外
25662404, 8.4, 218, 旅行，人生最有价值的投资2
25971478, 8.9, 143, 因为山在那里
26983043, 8.0, 320, 世界如锦心如梭
26419902, 8.1, 286, 明天见
24708188, 8.9, 141, 哪怕两手空空
26683416, 9.4, 98, 西班牙旅行笔记
03900615, 7.2, 838, 字母的尽头
26309123, 6.9, 1320, 近在远方
19974381, 7.4, 632, 味道台北
10344070, 8.2, 255, 秘境不丹
20495152, 8.1, 276, 千年一叹
27203328, 8.5, 189, 即将消失的世界
33436279, 7.3, 699, 游荡集
03677999, 9.1, 116, 中亚手绘旅行
01949724, 9.5, 88, 四海为家-少女小诗的17年108天
01917833, 7.6, 459, 老西安
27094216, 7.2, 770, 分开旅行
27666453, 8.4, 199, 我不允许你独自旅行
26258926, 8.8, 142, 讨山记
35047243, 8.4, 195, 走出孤岛
34805138, 8.9, 129, 地道风物010·闽南
26457056, 7.8, 353, 我想给你拍张照
27667212, 8.8, 139, 探险家的笔记本
26701711, 8.6, 163, 风下之乡
26974733, 8.6, 163, 帝国之眼
26711136, 8.1, 255, 星野道夫的北地之梦
10429593, 9.6, 79, 三毛全集-全11册
20412099, 8.1, 253, 书店时光
25879587, 8.7, 147, 山寨
20267984, 9.0, 116, 尼尔斯骑鹅旅行记
26289651, 7.8, 337, 英国不装腔指南
04246973, 7.0, 947, 巴黎之悟
30246798, 7.3, 612, 旅行手帐完全指南
34710113, 8.5, 169, 逛动物园是件正经事
34917406, 9.1, 106, 侣行十年
26352276, 8.0, 269, 重访加勒比
27608699, 8.3, 201, 地道风物006·民宿时代
10494296, 9.0, 112, 北京古建筑地图（下册）
26108431, 8.1, 237, 世界是我念过最好的大学
02149703, 7.5, 454, 大海与撒丁岛
34463607, 7.4, 514, 此刻的温柔
34984904, 8.8, 128, 穿越非洲两百年
30389737, 7.9, 286, 海风电影院
24859803, 7.7, 351, 懒人瑜伽
26538466, 8.1, 230, 我们，一次旅行
26717185, 8.1, 230, 日本古书店的手绘旅行
01986109, 8.5, 160, 亚洲腹地旅行记
25844243, 8.2, 208, 山河之书
25917842, 7.1, 737, 咖啡苦不苦
26775607, 7.0, 851, 我是爬行者小江
26388007, 8.1, 225, 照着想象去生活
26743273, 8.6, 143, 漂流船
25816576, 7.7, 336, 流浪者的乡愁
26338006, 8.0, 242, 意大利的黄昏
30335334, 7.3, 533, 不租房的606天
20254609, 7.3, 523, 北京秘境
27098388, 7.7, 319, 东京咖啡时间
26890961, 7.2, 588, 做王子，也做乞丐
34675946, 9.3, 82, 不为彼岸只为海
26586452, 8.3, 175, 失落的南方
19954650, 9.0, 100, 日本古書店的手繪旅行
27098006, 8.4, 159, 沿着塞纳河到翡冷翠
27087676, 7.4, 443, 柬埔寨旅人
25953842, 7.4, 442, 步行者日记
26281271, 7.6, 348, 我不要一成不变的生活
26674313, 8.6, 133, 上海外滩建筑地图
33500744, 8.3, 170, 东京解剖书
27179303, 7.2, 565, 伊斯坦布尔假期
35005708, 8.8, 113, 仿佛若有光
27004779, 8.0, 224, 谷物05
26576605, 6.1, 3880, 这么慢，那么美
24744996, 7.5, 383, 旅行创意学
34840186, 8.8, 111, 如何看懂艺术2
25986468, 8.3, 166, lonely planet 旅行指南系列：丝绸之路
27081995, 8.7, 118, 意大利古建筑散记
03711191, 8.1, 193, 寻羌
26335158, 6.9, 809, 不过，一场生活
34464264, 9.6, 63, 狮野寻踪
26677707, 8.2, 174, 地道风物002·湘西
20441933, 9.0, 92, VICTORIA&#39;S HONGKONG &amp; MACAU
21371617, 8.8, 106, 禪與摩托車維修的藝術
27153510, 7.8, 254, 孟威村的雨季
06889524, 7.2, 514, 慢漫京都
04001341, 9.5, 66, 庄学本全集（全两册）
01082346, 9.0, 91, 实用探险图鉴
27136725, 8.9, 97, Lonely Planet 孤独星球 IN系列：新疆（2017年版）
26276398, 6.9, 764, 自在的旅行
06856709, 8.6, 120, 亚洲腹地旅行记
03449008, 8.7, 111, ALOHA! 正在夏威夷
30259299, 7.4, 383, 侣行3
27200268, 7.0, 644, 知日·世上只有一个京都
26793177, 8.2, 165, 游客的凝视（第三版）
33518576, 8.2, 163, 京都解剖书
01464766, 7.9, 216, 布魯塞爾的浮木
04276350, 7.7, 264, 機場裡的小旅行
03343879, 8.3, 148, 基础泰语1
27034266, 8.3, 148, 禅的行囊
30177716, 7.4, 370, 我在印度的701天
27148613, 7.0, 624, 知日·东京就是日本
25889953, 8.1, 175, 古道
25698913, 7.6, 288, 印度记
30196965, 7.4, 356, 只有时间知道
01917830, 7.9, 206, 在路上
05388160, 9.1, 78, 访古学诗万里行
26817233, 7.5, 314, 花与泪与河流
30322377, 7.5, 313, 文学履途
03334699, 9.0, 83, 蕭敬騰．聆聽義大利
02261205, 7.9, 203, 全球最美的100度假天堂
24715770, 8.8, 95, 出发吧在最好的时光
01427988, 8.5, 119, Notes from a Big Country
26878557, 8.4, 129, 孤独星球 Lonely Planet 西藏 IN系列（2016年版）
03792239, 8.9, 88, 單身看II
19899379, 7.2, 443, 摄手记
03108939, 8.3, 138, 触及巅峰
25724351, 7.1, 496, 满世界找爱
30142279, 7.5, 299, d设计之旅：京都
30241943, 8.2, 148, 东方游记
26786571, 7.4, 331, 日本，隐逸的日常
27619782, 7.0, 552, 孤独远行
26929808, 7.7, 235, 你說，寮國到底有什麼？
01141935, 8.1, 159, 游荡与闲谈
27194614, 7.6, 255, 死在这里也不错
01039646, 8.1, 155, 万里行记
04735709, 8.1, 155, 湖区画记
03830118, 8.7, 95, 312号公路
20470158, 8.8, 88, 老巴塔哥尼亞快車
25837963, 7.2, 401, 胡若望的疑问
11599953, 7.7, 225, 只为这一刻
20382570, 7.4, 312, 上帝之眼
26438435, 8.3, 127, Lonely Planet 孤独星球:云南（2015年版)
02122788, 9.5, 55, 彳亍地平线 I
30268911, 7.6, 244, 京都
27662736, 7.5, 272, 人不过如此
26752294, 7.8, 198, 不负如来不负卿
25757252, 8.0, 163, 圣地亚哥朝圣之路
26640167, 8.0, 163, 总有一段时光，虚度在江南
33442274, 8.1, 148, 寻隐日本
26838657, 7.2, 385, 传奇在路上
35011091, 7.9, 177, 永远不要说你老了
30161150, 7.6, 239, 世界从不寂静
26252837, 8.8, 84, 中国国家地理2014年10月 总第648期
25884866, 7.3, 332, 离开北京去大理
26836487, 8.4, 112, 李希霍芬中国旅行日记
05326888, 8.1, 143, 歌之版图
27030322, 8.4, 111, 惊心动魄的17天
04218719, 9.7, 46, 在乌苏里的莽林中（上下册）
27193357, 7.1, 399, 浪食记
02336289, 8.9, 74, 徐霞客遊记
01735165, 9.8, 43, 世界地图集
25863529, 8.4, 104, 一步一世界
26862453, 8.6, 89, 大地栖居
24720958, 7.2, 336, 东京迷上车：从橙色中央线出发
25881603, 7.2, 334, 三千佛塔烟云下
01703959, 8.1, 130, 云南天堂
34901494, 8.1, 130, 城归何处
26849480, 7.7, 189, 捕梦之乡
20374768, 8.0, 140, 火车大巴扎
26929807, 8.0, 140, 你說，寮國到底有什麼？（精裝版）
27005544, 8.0, 139, 亚洲腹地旅行记
20385941, 7.6, 204, 最好的教养在路上
27041650, 7.3, 281, 谢谢你出现在我的青春里
26860768, 7.9, 150, 我独自穿越沙漠，领悟了安全感和自由
25901715, 8.4, 98, Lonely Planet 孤独星球：青海（2014年版）
27593373, 8.1, 125, 谢谢招待
26286113, 8.0, 136, 心事如山
30245178, 7.4, 248, 全民寂寞的美国
30302031, 8.3, 105, 去北地，再去北地
27923506, 7.3, 274, 把一部分时间留给陌生人
01028327, 8.2, 112, 穿行内陆亚洲
10426453, 7.6, 195, 寻味日本
26390018, 8.5, 88, 从东方到西方
26372715, 8.0, 132, 没有岁月可回头：新西兰的日与夜
01081389, 8.7, 76, 蛮荒故事
25741245, 7.3, 267, 再不远行，就老了2
26801940, 7.9, 143, 为什么要出发，因为远方在那里
26952916, 7.5, 212, 我想住在北海道
04882161, 7.9, 142, 漫步巴勒斯坦
05350892, 9.6, 43, 奔走在日光大道
07175411, 8.0, 128, 偏跟山过不去
11505557, 7.9, 139, 我们的国家公园
26840675, 8.4, 91, 自然骨魄
27118775, 7.3, 255, 一个人去东京
30383652, 8.1, 114, 我乘火车穿过俄罗斯
30466458, 8.5, 83, 在南极的500天
01974297, 7.6, 180, 我的行走笔记
27153613, 7.2, 278, 沿河行
24748802, 7.3, 247, 间隔年之后
02261203, 7.1, 312, 中国最美的100风情小镇
26854457, 7.8, 146, 你只活一次
26969909, 7.8, 145, 环亚旅行
27073860, 8.6, 75, 寻访山西古庙
34454447, 7.5, 192, 东京艺术之旅：建筑
01065188, 7.4, 213, 欧游杂记
10354743, 7.7, 156, 左右瑞士
34830074, 8.3, 92, 沿坟墓而行
03800469, 8.1, 108, 骑车游中国
26932719, 8.5, 79, Lonely Planet 孤独星球 IN系列：广州（2016年版）
33447952, 7.1, 298, 问彼嵩洛
25920205, 8.0, 117, 如果没有归途
27157552, 8.8, 63, 旅行之阅 阅读之美
25843172, 6.4, 803, 人生终要有一场触及灵魂的旅行
25835392, 7.4, 205, 西欧思想游记
01957001, 9.0, 55, 夏日漫步山间
10510899, 7.6, 165, 云上的日子
25896032, 8.9, 58, 樹，不在了
02990340, 7.9, 122, 欧洲的另一种色彩
30150181, 7.4, 199, 不上班也有錢
26340272, 7.1, 280, 我的旅行方式
26898513, 8.6, 70, 我的探险生涯 I
27109523, 9.3, 45, 幸会，陌生人
25736557, 6.8, 406, 宋茜的港澳随笔
26641785, 7.3, 212, 路上有微光
34997652, 9.0, 52, 云淡风轻
20470739, 8.5, 72, 書店時光
10587815, 7.5, 169, 2012-买张船票去南极
26280119, 8.0, 106, 巴塔哥尼亚高原上
26277948, 7.3, 208, 今晚去哪里
05300378, 7.9, 114, 奥尼恰
34454807, 8.0, 104, 满世界
20497345, 8.2, 88, 云之味
30376762, 8.1, 95, 行走的咖啡地图
30432492, 7.6, 148, 旅行
30344084, 7.7, 134, 生活之书
01734333, 8.6, 65, 伟大的欧洲小博物馆
30352014, 8.6, 65, 只有寻找和遇见
25733155, 6.8, 372, 丝绸之路
26877285, 8.7, 60, 天堂，是因为有足够的地方闲浪
27601822, 7.8, 120, 日本画记
30326755, 7.8, 120, d设计之旅：奈良
06057744, 8.6, 64, 在路上
34856835, 9.0, 49, 冒险图鉴
02982433, 8.0, 98, 二十岁的巴黎
34454446, 7.6, 140, 东京艺术之旅：和果子
26244051, 8.6, 62, 新疆词典
30210720, 7.8, 115, 究竟之旅
27613316, 6.8, 342, 蒙古国纪行
05921796, 7.3, 186, 日本日记（上）
25879662, 7.3, 186, 追星81天
27614636, 8.1, 88, 美国深南之旅
26586436, 7.3, 185, 威尼斯是一条鱼
26435489, 7.2, 204, 星期三的神明
20276083, 6.5, 510, 下一站·济州岛
22741368, 7.9, 101, 探险途上的情书
06439973, 7.5, 146, 抠门小妞的欧洲穷游记
30200145, 7.5, 144, 东京文艺地图
26341426, 8.0, 91, 世界：半个世纪的行走与书写
25848584, 7.4, 157, 在旅行中找到自己
01228866, 7.7, 117, 马可波罗游记
02015855, 8.7, 54, 雅鲁藏布江漂流历险记
30251714, 7.8, 105, 轻言细语 山川与大地
01024023, 8.5, 61, 库车行
03809821, 7.9, 96, 雪豹
06972970, 8.8, 50, 伟大的旅行 (上)
25931257, 8.7, 53, 在他乡寻找自己
10732123, 8.0, 87, 墨西哥之梦
04915340, 8.6, 55, 我的探险生涯
26782682, 8.1, 78, 世界之道
34884030, 8.7, 51, 月光照在撒哈拉
26266981, 8.2, 72, Lonely Planet “IN”系列：杭州
02081772, 9.3, 36, 歐洲在發酵
11542958, 7.4, 144, 去印度，去印度
03162894, 8.4, 62, 這是一場從巴黎地鐵開始的小旅行
25905236, 7.6, 118, 旅行从客房开始2
23860404, 7.4, 143, 告别香巴拉
06805143, 8.0, 83, 赫丘力士之柱
30383584, 7.1, 197, 芬兰不加糖
30218208, 6.8, 283, 不伦与南美
34432202, 8.8, 47, 寻迹
25813274, 6.5, 423, 我想和这个世界不一样
30466379, 6.1, 824, 我喜欢你，像风走了八千里
26837796, 8.4, 60, 横越美国
26670361, 7.6, 114, 像蜗牛一样旅行
30162988, 7.7, 103, 自游日本
01082223, 8.3, 63, 埃及
01352994, 7.8, 93, 丝慕巴黎
26770150, 6.1, 787, 蔡澜旅行食记
26613279, 8.7, 48, 狂奔七日
26296718, 7.2, 163, 骑车去元朝
27191002, 7.1, 180, 你走过的和我走过的不同的路
30142961, 8.1, 71, 中国纪行
26369109, 8.4, 57, 歌之版图
25746547, 5.8, 1375, 不为遇见，只为远方
25728832, 9.2, 35, 马来群岛自然考察记
02130276, 9.0, 39, 图解野外求生
04823851, 8.4, 56, 征帆
27138828, 6.3, 517, 伊斯坦布尔的一年
26264176, 8.5, 52, 纪德游记
11588723, 7.7, 95, 文明之旅
26417288, 9.6, 28, 徐霞客游记
25807605, 7.3, 138, 搭车十年
25812993, 8.2, 63, 为了回家，所以旅行
34821461, 8.9, 40, 蓝色天堂
05275380, 8.3, 58, 旅行上癮者
01867937, 8.1, 67, 明道的冒險世界
04915357, 8.6, 47, 游移的湖
03664439, 8.1, 66, 带着英语去旅行
04842461, 9.7, 26, 中国自然地理图集
27611615, 7.9, 77, 地道风物007·银川
26044249, 8.4, 53, 欧洲五十年
34977201, 8.4, 53, 卢浮宫艺术课
01065828, 7.8, 83, 为什么去中国
26237246, 7.8, 83, 寻找如画美
34454449, 7.4, 119, 东京艺术之旅：日本古董
30401697, 7.6, 98, 书店东西
26935522, 7.0, 180, 我就是对公路片上瘾
30352202, 8.6, 46, 日本名宿之美
26611202, 8.3, 56, 手绘日本铁道之旅
25911710, 8.4, 52, 大河
30322940, 8.9, 38, 荒野志
33409952, 8.9, 38, 航海家的笔记本
26945328, 9.8, 24, LonelyPlanet国际指南系列：英国（第二版）
27200421, 7.6, 91, 安徒生的帽子
30435484, 8.5, 46, 发现西藏
26247176, 7.5, 98, Lonely Planet 孤独星球:东北（2014年版）
26946210, 7.7, 82, Lonely Planet 孤独星球：世界
33430447, 7.3, 118, 东京艺术之旅：日本酒
03264689, 7.9, 69, 海行杂记
01081522, 8.2, 55, 吴越之间-余秋雨眼里的中国文化（彩图本）
25927774, 7.9, 68, 终极教父
27601788, 6.6, 259, 浮岛
30227251, 7.6, 87, 阿姆斯特丹：世界最自由城市的历史
04006963, 6.1, 559, 踢踢兜 丽江之恋
34984095, 8.8, 37, 十八小时环游世界
26686515, 8.2, 54, 去全世界打打杂
30365061, 7.7, 79, 大横断 寻找川滇藏
26587241, 7.5, 93, 谛听马拉喀什
26779207, 7.3, 112, 藏在小日子里的慢调台湾
26671501, 7.5, 92, 清迈小时光：清迈和泰北手绘旅行
26898515, 8.5, 43, 我的探险生涯 II
26765492, 8.2, 52, co-Trip小游趣：镰仓
24849783, 7.8, 70, 跟着动物去旅行
30488084, 9.4, 26, 极光
30376519, 8.4, 45, 占卜师的预言
30324745, 8.3, 48, 寻隐记
30334621, 7.4, 96, 识古寻踪
05375502, 8.2, 50, 巴黎遇见你
26133573, 8.2, 50, 威尼斯
26592210, 7.3, 104, 环法自驾八千里
26616416, 8.5, 41, Lonely Planet孤独星球
27112034, 7.5, 85, 西藏不止旅行--行走修心和最好的那个自己相遇
27168561, 7.3, 101, 巴黎一年
26314461, 6.9, 153, 行·影不离
30423938, 8.3, 45, 入藏八线
04907258, 8.6, 37, 斯坦因西域考古记
30305609, 7.9, 59, Lonely Planet孤独星球：环球啤酒之旅
27125108, 8.3, 44, 信念
01003477, 7.7, 68, 深入藏地
04915362, 7.9, 58, 重返喀什噶尔
25706536, 7.9, 58, 日月星传
04219714, 7.6, 73, 臺灣味道
26371110, 8.7, 34, 我在这里等你
27042365, 5.7, 925, 把力气花在你想要的生活上
26934302, 7.4, 84, 东方之行
30441004, 7.8, 60, 最美的生活 不过是日常
27078311, 6.2, 340, 夏日会在晚餐后
26372413, 7.6, 68, 借一年，去新西兰
26298675, 8.0, 50, 起風時 我愛你
35013850, 8.6, 34, 停歇之书
20562619, 9.1, 26, 手繪城市
01082509, 8.1, 46, 黄金腹地
01875955, 9.0, 27, Riding the Iron Rooster
01149644, 7.9, 52, 世界都市漫步——建筑文化：伦敦、巴黎
01422136, 8.4, 37, 行走秦岭7年间
25896051, 8.3, 39, 你是此生最美的风景
26878852, 8.3, 39, Lonely Planet “IN”系列：苏州
25863996, 8.6, 32, 背包客手册（第4版）
26765516, 8.6, 32, co-Trip小游趣：箱根
30417565, 7.0, 109, d设计之旅：东京
24298920, 7.7, 57, 环球投资旅行
33447638, 6.8, 130, 了不起的博物馆
25981272, 6.8, 128, 华晨宇火星人的地球旅行
26304582, 7.4, 70, 伟大的探险家
24846241, 8.1, 41, 日本。鐵道旅行途中：在地慢車的人情味漫遊
33408152, 8.8, 27, GoGoGo！诺玛小姐
26743044, 7.6, 58, co-Trip小游趣：奈良·飞鸟
35048725, 9.1, 23, 世界尽头，不如你在心头
30384543, 7.9, 46, 丈量世界
26708073, 8.3, 35, 小說家的旅行
30442156, 8.5, 31, 远离尘嚣之地
26797994, 6.6, 151, 去台北
26842775, 8.1, 39, 从巴黎到比利牛斯
20390879, 6.6, 146, 印度十日
04078677, 9.0, 23, 中国古代旅行之研究
33191981, 9.0, 23, 一邊夢遊，一邊鎌倉
34950701, 8.9, 24, 北海道漫步
26976710, 9.4, 19, 東京防災
02155225, 7.4, 63, 世界雜貨散步
26827246, 8.0, 40, 极北直驱
25903151, 7.4, 62, 给我走远点
34902998, 8.5, 29, 水彩私藏笔记——意大利人文之旅
26834250, 7.0, 89, 旅居十年
26821416, 6.7, 120, 窥视欧洲
01114687, 6.9, 93, 剪不断的乡愁
30163470, 6.8, 103, 爱情这东西
34937625, 7.3, 63, 丝绸之路
21361913, 8.5, 27, 中国国家地理自然百科系列：探险
25764326, 7.5, 52, 《台北不太北》
26868030, 6.6, 123, 做没做过的事，爱没爱过的人
25895701, 7.7, 44, 寻路非洲
33437373, 8.6, 25, 旅行者的阅读
34794151, 8.1, 33, d设计之旅：福冈
34865872, 7.3, 59, 吃和远方
03359706, 7.5, 50, 佛国记
25888553, 9.4, 17, 旅繪人生
06389869, 7.1, 69, 极乐印度之旅
30237870, 7.4, 53, 太阳船上的孩子
30432804, 9.5, 16, 大巴黎系列（全套五本）
10512604, 7.8, 38, 有生之年非看不可的1001处自然奇观
34971436, 7.8, 38, 走河
01463194, 8.8, 21, Wanderlust
20444519, 8.9, 20, 户外露营全攻略
20430443, 7.4, 50, 为一个念想去旅行
02974519, 7.2, 59, 成都玩全攻略
26377966, 6.6, 107, 日本去1000次也不够
27012226, 6.0, 237, 去，你的旅行
02931912, 9.1, 18, A Time of Gifts
03048767, 7.8, 36, 环游世界八十天
30269154, 7.0, 68, 寻人不遇
33403599, 6.6, 102, 小飞机，欧洲行
35017571, 7.6, 41, 岛屿传说
26616177, 7.7, 38, 四极日记
25796918, 7.5, 42, Lonely Planet: 西班牙
27096940, 7.3, 49, 东京猫町散步
27617236, 7.4, 45, 去日本泡温泉
26869048, 8.7, 20, 米、麵、魚
01843422, 6.3, 130, 叫我如何不宰你
26873201, 8.1, 27, Atlas Obscura
34784714, 7.0, 60, 东京右半分
01885728, 7.8, 32, 正午的喀什
01485765, 6.9, 65, 意大利游记
34836589, 8.6, 20, 人类六万年：基因中的人类历史
26694296, 7.0, 58, 行万里路
27595101, 8.5, 21, 世界
24699089, 6.7, 75, 旅行什么的好奇怪
25829185, 7.2, 47, 我走得很慢，但我从未停下来
34910697, 7.3, 43, 好旅馆默默在做的事
01151001, 7.8, 30, 老街故事
26296673, 9.7, 12, 探访美丽中国·江南水乡
26899139, 7.8, 29, 珠峰史诗
21807456, 9.2, 14, 秘境駅: 日本鐵道迷一定要去的無人車站 祕境駅
25920014, 7.6, 32, 我在青旅做义工
27131024, 6.9, 55, 林子大了
27018143, 7.2, 41, 不顾一切去旅行
30364276, 8.6, 17, 《去旅行》中国版
03316339, 7.8, 26, 柬埔寨旅人
26344488, 8.0, 23, 探秘克里雅人
03586624, 7.7, 27, 香港歷史散步
26297398, 5.9, 152, 两只小狗的手绘之旅
25727391, 7.5, 30, 马来西亚：爱上迷路
34603405, 7.6, 28, 露水京都
26567622, 6.7, 57, 世界365天：一个摄影师的环球旅行
26616963, 6.9, 47, 日本自助游（第2版）
26438432, 7.1, 39, Lonely Planet “IN”系列：青岛
27096165, 7.8, 24, 到拉萨及其更远方
26661037, 7.5, 29, 东南亚游侠记
30421127, 6.5, 67, 而我只想去巴黎
25944630, 7.7, 25, 孤独星球Lonely Planet旅行指南系列：不丹
30228623, 6.1, 104, 上瘾01：选择一座城市，选择一种人生
01082702, 9.1, 12, 佛罗伦萨与托斯卡纳
30171594, 7.7, 23, 蹲下来的世界：环游地球95天
30403175, 6.6, 53, 进过西藏
26297344, 6.7, 48, 我和斐济有个约会
07062376, 6.1, 90, 旅行的意义
27008671, 7.7, 22, 情遇尼泊尔
26968659, 7.2, 30, 北京路亚记
25903167, 7.6, 22, 阿拉伯南方之门
33161929, 7.6, 22, 发现青海：100个最美观景拍摄地
27099387, 7.2, 28, 你走慢了我的時間
04862355, 8.8, 12, 徐霞客游记
01483198, 8.6, 13, In Patagonia
07045876, 6.9, 35, 走近最初的自己
25928118, 7.9, 18, 烟水行程
25879139, 6.8, 37, 一个人出去走走，就像旅行——巴黎
26837797, 7.3, 25, 没有地图的旅行
33417188, 7.8, 18, 偏跟山过不去
34456131, 7.2, 26, 极致京都
33161315, 8.0, 16, 天堂之旅
34672179, 8.1, 15, 走在幽暗的小径上
30400780, 6.3, 54, 趁，此身未老
20374775, 7.4, 22, 买头大象走印度
34970617, 8.8, 11, 永井荷风  异国放浪记（上、下）
27132936, 7.5, 20, 蒙古旅行
03613084, 7.9, 15, Lonely Planet Country Guide Spain
01360491, 7.1, 24, 中世纪的旅人
17826899, 8.8, 10, Swiss Watching
19989161, 7.4, 19, 素履如往
01856233, 8.0, 13, The Great Railway Bazaar
10571800, 7.8, 14, 海南岛志
30464978, 6.3, 39, 独自旅行手册
21966334, 7.3, 18, 风格城市
25894984, 6.9, 23, 顶级户外生存全图鉴
34455787, 7.2, 18, 荷马之旅
25906161, 7.0, 20, 创意城市
30163002, 7.0, 20, 不为难自己
01170265, 8.0, 11, 墨西哥
27666522, 5.3, 108, 讲究的穿搭，不将就的旅行：女巫飞行记
26453231, 6.8, 21, 去拍斯里兰卡
27592543, 6.2, 32, 非常之洲:
33397540, 6.1, 35, 三天两夜指南
30399208, 6.2, 31, 醉美南极 两个中国摄影家眼中的南极
26153745, 7.6, 12, 只能在京都遇見的二十三家書店
26862419, 7.1, 15, 万水千山行遍
05948227, 7.3, 13, 中国必拍的20个风光摄影圣地
27082894, 7.3, 13, Cereal City Guide: Paris
34986515, 7.8, 10, 重新发现日本
34899173, 5.7, 34, 彼岸风景
24865170, 6.0, 24, 慢行·理想国
25723445, 6.0, 24, 去印度，与诸神同行
04039796, 6.6, 15, 激情西班牙
26436776, 6.7, 13, 带上画笔去巴黎
10808725, 4.9, 82, 中国最美的100个地方
30251711, 6.6, 13, 园居的一年
21993113, 6.1, 16, 一个人用日文去旅行
10550962, 6.0, 13, 到莎士比亚小镇买杯咖啡
30171302, 5.3, 23, 旅游，得IP者得天下
33437745, 5.1, 16, 旅行达人的行前准备
01459525, 3.7, 272, 三毛真相
03547671, 0.0, 10, The Great Railway Bazaar
30163629, 0.0, 10, 背上行囊，一路向北
30761510, 0.0, 10, 走遍中国 图说天下 寻梦之旅
35060860, 0.0, 10, 看见你，心里就有了光：环球极光攻略
30255869, 0.0, 11, 在顛沛流離的世界裡 你還有我啊
35030780, 0.0, 13, 问黑白
35035026, 0.0, 16, 海海人生，终会相逢
34943283, 0.0, 20, 珠峰鼓手
35028954, 0.0, 27, 纵身入山海
35025453, 0.0, 37, 失落的卫星
