2020-07-05 16:00:06

number of books, tag name
968, 日本推理

ID, rating, votes, title
03259440, 9.1, 460312, 白夜行
03211779, 8.9, 411953, 嫌疑人X的献身
10554308, 9.1, 272243, 白夜行
25862578, 8.5, 642235, 解忧杂货店
03646172, 8.4, 195282, 恶意
25924253, 9.0, 53704, 嫌疑人X的献身
04117922, 9.0, 46247, 嫌疑人X的献身
26877752, 8.7, 36156, 恶意
26864984, 8.9, 24073, 金色梦乡
05038409, 9.0, 18896, 金色梦乡
02297697, 8.6, 34201, ZOO
03920130, 8.6, 27072, 告白
06746289, 8.4, 33943, 新参者
10554309, 8.5, 22656, 恶意
03187737, 8.3, 29651, 占星术杀人魔法
04074636, 7.6, 121327, 放学后
01874961, 8.8, 12319, 嫌疑犯X的獻身
26681984, 8.8, 9114, 告白
03347997, 8.4, 14008, X的悲剧
04038673, 9.0, 5417, 络新妇之理（下）
33658616, 8.8, 7066, 克莱因壶
04836682, 8.5, 10775, 告白
03102324, 7.7, 44694, 秘密
03162513, 8.4, 12451, 魍魉之匣（上）
04009552, 7.5, 67278, 幻夜
04067621, 8.2, 15085, 暗黑童话
06249670, 8.8, 5791, 首无·作祟之物
03140801, 8.0, 20254, 姑获鸟之夏
04152754, 7.6, 42778, 时生
04580972, 7.7, 34607, 流星之绊
03713327, 7.7, 33149, 圣女的救济
26118072, 7.7, 29985, 祈祷落幕时
10740776, 8.4, 8819, 占星术杀人魔法
26413027, 7.5, 41581, 虚无的十字架
01418707, 8.5, 6995, Goth.斷掌事件
05269222, 8.5, 6698, 一朵桔梗花
01158934, 8.5, 6552, 钟表馆幽灵
03715833, 8.6, 5632, 铁鼠之槛（上）
26651926, 8.0, 14377, 红手指
05395724, 8.6, 5566, 华丽人生
05939312, 8.2, 9445, 超·杀人事件
03801097, 7.8, 18275, 夏天·烟火·我的尸体
05347699, 7.8, 17499, 彷徨之刃
25892399, 7.8, 17192, 余生皆假期
06794021, 7.8, 17143, 红手指
03785741, 8.1, 10164, 死神的精确度
03890174, 7.7, 20555, 信
07060186, 8.2, 8500, GOTH断掌事件
03615061, 7.5, 27373, 宿命
26760976, 8.4, 5663, 怒
04034009, 8.3, 6530, 剪刀男
03615048, 8.1, 8891, 异邦骑士
25848819, 8.3, 6206, 钟表馆事件
27036319, 8.5, 4559, 百年法
27115970, 8.0, 9759, 秘密
04928387, 7.5, 23443, 单恋
05380266, 7.9, 10923, 怪笑小说
04067626, 8.1, 7799, 重力小丑
04898712, 8.3, 5467, 奇想·天动
06041089, 8.2, 6108, 家鸭与野鸭的投币式寄物柜
04718973, 7.8, 11664, 毒笑小说
26298572, 7.9, 9710, 彷徨之刃
11498199, 8.3, 5151, 只有你听到Calling You
27200261, 7.6, 15863, 假面山庄
02266490, 9.1, 1744, 白夜行（上）
03813194, 7.9, 9035, 火车
04753783, 7.4, 22545, 分身
04213995, 7.6, 15083, 黑笑小说
06719724, 8.1, 6380, 死了七次的男人
26285818, 8.6, 3041, 虹の歯ブラシ 上木らいち発散
26771719, 8.4, 3986, 钟表馆事件
26723423, 8.3, 4379, 动物园
06558046, 8.2, 4984, 人间椅子
25737793, 8.6, 2848, 阳光劫匪
24153181, 7.6, 12980, 从前我死去的家
04277347, 7.9, 7644, 解体诸因
05326849, 8.1, 5446, 奥杜邦的祈祷
10580802, 8.2, 4609, 模仿犯BOOK1
10594788, 7.5, 14596, 谁杀了她
04264003, 7.4, 17443, 名侦探的守则
10594781, 8.5, 2839, 模仿犯BOOK3
03187750, 7.7, 9444, 斜屋犯罪
03316174, 7.9, 6320, 狂骨之梦
06558049, 8.2, 3950, 阴兽
01370069, 8.5, 2583, 惡意
34778578, 8.2, 3735, 恐妻家
25954353, 8.1, 4273, 所罗门的伪证
26367367, 8.6, 2120, 宵待草夜情
05395155, 8.5, 2390, 涂佛之宴·宴之支度（下）
01156994, 8.7, 1857, 永远是孩子
02055004, 8.5, 2382, 七個證人
03865832, 7.1, 25174, 变身
26387513, 7.8, 6435, 麒麟之翼
26046043, 8.4, 2519, 人类灭绝
04152764, 7.8, 6067, 点与线
01032762, 8.0, 4406, 狱门岛
10580803, 8.3, 2807, 模仿犯BOOK2
03683898, 7.5, 9390, 向日葵不开的夏天
01977815, 8.1, 3469, 犬神家族
17724327, 7.4, 10830, 盛夏的方程式
02119536, 7.8, 5331, 砂器
30441551, 8.8, 1329, 烧纸
01263250, 7.9, 4319, 八墓村
03053207, 7.2, 14843, 侦探伽利略
01794287, 8.5, 1828, 斬首循環
27001114, 8.7, 1431, 一朵桔梗花
04199431, 7.8, 4893, 天帝妖狐
26892089, 8.1, 3080, 奥杜邦的祈祷
24384165, 7.6, 6414, 麒麟之翼
02242467, 7.2, 13399, 湖边凶杀案
01962642, 8.1, 2860, 夏天．煙火．我的屍體
20449829, 7.4, 8911, 我杀了他
04047674, 9.2, 771, 如無頭作祟之物
05919999, 7.6, 6162, 赎罪
01094487, 8.4, 1887, 人性的证明
34786086, 7.3, 10435, 沉默的巡游
06423665, 8.8, 1149, 一朵桔梗花
27102207, 7.4, 8340, 放学后
04882013, 8.2, 2342, 异常
03926665, 7.2, 11945, 伽利略的苦恼
04152750, 7.6, 5655, 杀戮之病
30475757, 7.9, 3498, 圣母
11501902, 8.1, 2597, 异邦骑士
27178063, 7.4, 7821, 黎明之街
34996429, 8.7, 1185, 消失的13级台阶
04181156, 8.2, 2183, 双曲线的杀人案
01868623, 8.4, 1669, 在黑暗中等待
04152763, 7.9, 3303, 零的焦点
04191594, 7.3, 8959, 绑架游戏
06001119, 8.0, 2808, 两分铜币
33460032, 8.3, 1847, 在黑暗中等
26712094, 8.1, 2408, 汽油生活
27055125, 8.0, 2735, 死了七次的男人
01930701, 8.6, 1251, 絞首浪漫派
23780806, 8.4, 1585, 奇想，天动
07063845, 7.8, 3576, 失踪HOLIDAY
03629286, 9.4, 528, Golden Slumber：宅配男與披頭四搖籃曲
10740772, 7.8, 3473, 斜屋犯罪
27054451, 8.0, 2570, 体育馆之谜
02335749, 8.1, 2188, 点与线·零的焦点
25713168, 8.0, 2465, 摩登时代
03852439, 7.8, 3268, 反自杀俱乐部
01714014, 8.3, 1619, 金田一探案集--八墓村
11614712, 8.0, 2419, 狱门岛
03753043, 7.5, 5122, 北方夕鹤2/3杀人事件
11528304, 7.8, 3118, 本阵杀人事件
24846035, 8.3, 1548, 被遗忘的故事
06902164, 7.2, 8582, 平行世界·爱情故事
05423899, 7.8, 2997, 乌鸦的拇指
27078155, 7.8, 2994, 解体诸因
20267980, 8.2, 1689, 大手笔
10598145, 7.2, 8159, 毕业
04140431, 8.0, 2193, 灰色的彼得潘
01103644, 8.0, 2175, 罪恶的拍球歌
22638036, 8.4, 1276, 百器徒然袋 : 雨
25892396, 7.9, 2469, 有翼之暗
10473576, 7.4, 5465, 替身
30257740, 8.1, 1856, 无理时代
05326846, 7.7, 3304, 一首朋克救地球
26348596, 7.8, 2831, 密室收藏家
21324173, 8.6, 991, 第三时效
10518843, 8.0, 2069, 刺青杀人事件
25732311, 8.8, 782, 史上最凶惡綁架撕票事件
26920165, 6.8, 16974, 拉普拉斯的魔女
03189695, 8.4, 1198, 家鴨與野鴨的投幣式置物櫃
27070071, 8.6, 942, 迟来的翅膀
11638339, 8.3, 1290, 模仿犯-全3册
26651873, 7.8, 2517, 火车
10485010, 8.0, 1872, 阴摩罗鬼之瑕（上）
27173553, 7.1, 8175, 白金数据
06060436, 7.6, 3361, D坂杀人事件
02069906, 8.2, 1412, 死了七次的男人
24744495, 7.7, 2801, 迷宫馆事件
02242461, 7.0, 9568, 预知梦
03787195, 7.5, 3810, 黑暗坡食人树
04903440, 7.1, 7658, 名侦探的诅咒
24532591, 7.3, 5226, 十角馆事件
01714013, 8.3, 1175, 金田一探案集--恶魔吹着笛子来
26775247, 8.0, 1705, 箱庭图书馆
25732157, 8.2, 1312, 玻璃之锤
26184366, 8.3, 1157, 所罗门的伪证 第Ⅰ部
20381888, 8.2, 1289, 坏女人
24383185, 7.9, 1910, 冰菓
04133164, 7.8, 2197, 盘上之敌
01890958, 8.4, 975, 殺人雙曲線
30203733, 8.2, 1228, 阳光劫匪友情测试
26638267, 8.3, 1085, 变调二人羽织
25756837, 9.5, 327, アルファベット・パズラーズ
24853056, 8.3, 1081, 愚者的片尾
01485501, 7.6, 2801, 全部成为F
20428306, 8.0, 1569, 犬神家族
25918073, 7.8, 2047, 独眼少女
04047710, 8.4, 936, 秘密
21347638, 7.1, 6425, 只差一个谎言
11597271, 7.9, 1737, 恶魔吹着笛子来
01938083, 8.5, 821, 剪刀男
06251398, 7.6, 2681, 螺丝人
06985652, 8.0, 1494, 山魔·嗤笑之物
10594783, 6.9, 9232, 沉睡的森林
30245830, 7.8, 1949, 从前我死去的家
30396712, 7.2, 4985, 尸人庄谜案
04191587, 6.7, 13265, 十一字杀人
04836934, 7.7, 2119, 全部成为F
04231214, 7.9, 1595, 恶人
06535522, 8.6, 681, 新參者
27026383, 8.5, 757, 赤色博物館
19951185, 7.0, 6871, 神探伽利略
02154040, 8.4, 831, 绝妙逻辑（下）
27037148, 7.1, 5510, 大雪中的山庄
25808629, 8.3, 921, 绕远路的雏人偶
26771720, 7.8, 1752, 迷宫馆事件
02037955, 8.3, 920, 绝妙逻辑（上）
03553032, 7.7, 1974, 流星之絆
26297985, 6.6, 14947, 梦幻花
06817749, 7.4, 3075, 倒错的死角
11528301, 7.7, 1911, 八墓村
02087398, 8.3, 868, 神様ゲーム
26995717, 8.5, 690, 絕叫
01925060, 8.4, 767, 奧杜邦的祈禱
01035887, 7.9, 1412, 模仿犯（第一部）
03450539, 7.7, 1844, 放學後
05038408, 7.5, 2461, 算计
03681571, 7.7, 1820, 巴提斯塔的荣光
26873412, 7.6, 2097, 向日葵不开的夏天
19929422, 8.3, 833, 体育館の殺人
06802423, 7.7, 1790, 哦！爸爸们
06889894, 8.2, 923, 鹭与雪
03647887, 7.3, 3316, 寝台特急1/60秒障碍
26373943, 7.6, 2050, 她死去的那一晚
10549916, 7.7, 1769, 紫丁香庄园
02242430, 7.6, 2047, 咚咚吊桥坠落
02037956, 8.1, 1029, 懸樑高校
06967992, 7.6, 2030, 孤岛之鬼
03616594, 9.4, 278, アルファベット・パズラーズ (ミステリ・フロンティア)
10345553, 7.1, 4634, 为了N
04903190, 6.9, 6729, 没有凶手的杀人夜
01207338, 8.1, 1016, 野性的证明
26795258, 8.3, 788, 零的焦点
06861465, 7.6, 1945, 羔羊的盛宴
06889834, 7.4, 2612, 往复书简
20503620, 8.4, 687, 惡之教典 (下)
04934360, 7.4, 2576, 神的逻辑，人的魔法
06151649, 7.6, 1893, W的悲剧
07047148, 6.7, 9526, 同级生
06151379, 7.4, 2566, 鸦
25815415, 7.8, 1411, 后巷说百物语
06556841, 7.6, 1875, 继父
03615041, 7.2, 3553, 御手洗洁的问候
03033932, 8.0, 1080, 她死去的那一晚
25927233, 7.5, 2170, 杀手界
27136843, 7.9, 1227, 死神的精确度
27204776, 8.2, 841, 书楼吊堂
24538716, 8.6, 535, 幻影城主
34856710, 8.6, 523, 疾风号
20432186, 7.0, 4840, 布鲁特斯的心脏
24879279, 8.5, 579, 莲实的课堂（上下册）
25808336, 7.5, 2024, 知日·了不起的推理
02242381, 7.4, 2356, 雾越邸杀人事件
21365370, 7.3, 2751, 湖畔杀人事件
26985352, 7.4, 2333, 敲响密室之门
07153424, 8.3, 697, 人性的证明
04882014, 7.6, 1705, 残虐记
04262654, 7.4, 2295, 我的男人
26534897, 8.4, 618, 百器徒然袋——风
19959650, 8.9, 373, 密室蒐集家
20379212, 6.9, 5429, 不如去死
19951341, 7.6, 1667, 完美无缺的名侦探
03101617, 8.4, 608, 日本短篇推理小说选
03710019, 8.4, 604, 完全過激 下
35016085, 8.0, 948, 诡计博物馆
03634566, 8.4, 595, 鼠之夜
30428949, 7.2, 3032, 推理竞技场
26739950, 7.7, 1402, 点与线
11498195, 7.6, 1616, 人格转移杀人事件
10567859, 7.7, 1383, 幸福之书
02356232, 8.2, 733, 食人魔法(上)
34792523, 7.9, 1049, 黑暗中飘香的谎言
03537837, 7.7, 1366, 银座幽灵
06719708, 7.8, 1186, 百舌呐喊的夜晚
24853063, 8.3, 641, 古书堂事件手帖 02
04723740, 6.7, 7476, 回廊亭杀人事件
03052810, 7.3, 2436, 使命與心的極限
03092159, 8.2, 708, 食人魔法(下)
22606935, 7.8, 1154, 恶魔的彩球歌
25779594, 7.1, 3358, 魔球
01927377, 6.6, 8900, 畢業前殺人遊戲
11639946, 7.4, 1950, 百鬼夜行－阴
03231137, 8.3, 599, 溶于雾中
11533530, 7.9, 955, 十一张牌
03096857, 7.8, 1075, 猫知道
25885612, 7.8, 1074, 两人距离的概算
02156805, 8.0, 832, 信
20468727, 7.6, 1405, 北方夕鹤2/3杀人事件
01864553, 7.1, 3070, 雪地殺機
06434440, 7.5, 1605, 寻狗事务所
01130033, 8.3, 578, 13级台阶
02379450, 7.8, 1051, 徬徨之刃
03213054, 8.3, 563, 完全過激(上)
24844043, 8.0, 793, 零的焦点
07047217, 7.3, 2098, 倒错的轮舞
03723863, 7.2, 2463, 出云传说7/8杀人事件
25985987, 7.7, 1161, 暗黑馆事件
26703641, 6.7, 6155, 假面前夜
11639553, 7.7, 1148, 代号D机关Ⅰ
26936111, 8.4, 494, 神的遊戲
07916121, 8.5, 445, 十二人的信
26771717, 7.1, 2833, 十角馆事件
30162440, 8.0, 770, 夜光的阶梯
25731139, 7.5, 1491, 幻夜
25836027, 7.6, 1288, 献给死者的音乐
06249667, 7.5, 1483, 厌魅·附体之物
10515231, 7.5, 1479, 献给虚无的供物
25737792, 7.8, 963, 黑屋吊影
24847108, 8.4, 478, 加贺探案集
30317423, 7.5, 1432, 我杀了他
26941499, 7.5, 1427, 羔羊们的平安夜
25720029, 7.5, 1420, 宿命
26742634, 8.0, 734, 白昼的死角
24844045, 7.9, 828, 砂器
27005502, 8.4, 468, 聖母
25957816, 7.3, 1886, 悖论13
05326850, 6.6, 6772, 白马山庄杀人事件
06848987, 7.5, 1366, 一个背叛日本的日本人
33476142, 9.2, 218, 占星术杀人魔法
25726109, 7.8, 901, 不夜城
04715390, 8.1, 623, 蘇格蘭遊戲
06961052, 7.5, 1344, 光媒之花
20507419, 7.0, 2992, 东野圭吾的最后致意
25713184, 7.7, 1009, 交错的场景
34444561, 8.5, 401, 死亡护理师
35017604, 7.8, 883, 祈念守护人
24532237, 7.6, 1138, 死亡螺旋
01940811, 7.9, 766, 緊閉的門扉
03322395, 8.2, 539, 完全過激 中
26755284, 7.4, 1498, 献给折颈男的协奏曲
02370447, 7.3, 1735, 樱的圈套
30264248, 8.5, 389, 鏡之孤城
01363884, 8.5, 388, 模仿犯（上）
26672742, 8.4, 429, 図書館の殺人
26904327, 7.2, 2016, 妖猫传 1
04124393, 7.1, 2337, 开膛手杰克的百年孤寂
24845281, 8.2, 523, 獨眼少女
05938073, 7.4, 1451, 活尸之死
05401957, 7.7, 952, 沉睡在森林里的鱼
26946090, 8.5, 379, 某《小仓日记》传
01820014, 8.4, 418, 夺取
07916085, 7.7, 936, 泪流不止（上、下）
21979042, 7.6, 1069, 半落
10594728, 7.2, 1924, 推理要在放学后
03070843, 7.2, 1915, 龙眠
26797395, 7.6, 1057, 夏日启示录
04711239, 7.2, 1897, 水晶金字塔
26650280, 8.2, 504, 模仿犯（全三册）
26888804, 7.6, 1040, 单恋
26639968, 7.8, 799, 理由
06126837, 8.2, 498, 秘密(新版)
10746421, 7.5, 1187, 能面杀人事件
01876021, 8.4, 398, 獄門島
25897072, 7.2, 1823, 黑猫馆事件
01370119, 8.6, 325, 模仿犯（下）
06510996, 8.1, 544, 震度0
27200982, 7.6, 1006, 替身
06060381, 8.7, 294, メルカトルかく語りき
22606953, 7.5, 1137, 雾之旗
33404969, 8.4, 386, 孩子们
01862497, 8.4, 384, 百舌吶喊的夜晚
05423799, 8.2, 473, 黑暗馆不死传说（上下）
10763925, 8.2, 473, 恐怖的人狼城·第四部：完结篇
07153418, 7.1, 2019, 富士山禁恋
30389854, 8.0, 579, 球形的荒野
03122449, 8.3, 416, 活屍之死
05293928, 8.9, 234, 六之宮公主
04286244, 6.3, 9740, 濒死之眼
01891109, 7.9, 639, 黑桃A的血咒
03121778, 9.0, 214, メルカトルと美袋のための殺人
26283162, 7.1, 1949, 单挑
26816962, 7.8, 716, D坂杀人案
11607283, 7.2, 1646, 萤
05939295, 6.7, 3939, 鸟人计划
10572294, 9.2, 178, 花葬
07056767, 7.3, 1357, 御手洗洁的舞蹈
11639557, 7.7, 775, 代号D机关Ⅱ
30206396, 7.0, 2150, 假面之夜
02000671, 7.4, 1149, 綁架遊戲
10546184, 7.1, 1817, 夏与冬的奏鸣曲
26774525, 7.7, 760, 砂器
24723004, 7.0, 2132, 水车馆事件
04753522, 7.7, 759, 尸体长发之谜
01858730, 7.6, 859, 你我的崩壞世界
10802805, 7.6, 850, 冤罪者
05441089, 8.5, 309, 垂直极限（上）
27621482, 7.9, 583, 折断的龙骨
26771722, 7.3, 1292, 黑猫馆事件
10537626, 7.2, 1492, 倒错的归结
06831054, 7.6, 840, 绑架游戏
25977518, 8.0, 511, 和谐
05326848, 7.4, 1095, 龙卧亭杀人事件（下）
19954848, 7.1, 1710, 十万分之一的偶然
10799276, 8.0, 503, 临场
10755064, 7.9, 561, 城市之光
05984835, 8.1, 447, 紅色手指
03920059, 8.7, 247, 秋花
30159888, 7.3, 1221, 图书馆之谜
33476148, 7.3, 1204, 杀死玛丽苏
33390352, 7.6, 782, 风之丘五十元硬币之谜
34998167, 7.5, 891, 绝对不在场证明
11501895, 7.5, 887, 寝台特急1/60秒障碍
05315019, 8.5, 286, 大誘拐
01890955, 7.6, 773, 高层的死角
03926674, 7.1, 1587, 被诅咒的木乃伊
25754002, 6.8, 2650, 虚像小丑
06429267, 6.5, 4772, 美丽的凶器
06967993, 7.3, 1160, 帕诺拉马岛奇谈
06249669, 7.3, 1154, 凶鸟·忌讳之物
26421649, 7.2, 1328, 苏格兰游戏
24846465, 8.0, 461, 水族館の殺人
10591693, 7.3, 1126, 苍白的轨迹
26608084, 7.3, 1119, 满愿
25859250, 7.6, 738, 螺丝人
27156813, 7.7, 644, 谜亭论处
24879729, 7.8, 569, 再见，天使
10549915, 7.5, 832, 黑色皮箱
04903189, 6.5, 4460, 怪人们
34860553, 7.8, 567, 我们盗走星座的理由
06151652, 7.7, 638, 天使在消失
06901136, 6.8, 2441, 夜行观览车
26382429, 7.0, 1720, 樱树抽芽时，想你
30159798, 7.2, 1249, 水族馆之谜
26771721, 7.4, 931, 暗黑馆事件
06060415, 7.5, 811, 想你，在樱树长满绿叶的季节
06868901, 8.7, 220, 狂骨之夢 01
25918962, 8.1, 392, 為了賴子
30276769, 6.8, 2345, 学生街的日子
06723021, 6.9, 1961, 推理要在晚餐後
01828460, 8.3, 313, 金田一少年之事件簿 劇場館．第三次殺人事件 1
10740043, 7.2, 1200, 白光
04212247, 7.3, 1027, 青玉狮子香炉
19964966, 6.7, 2732, 侦探俱乐部
20559358, 6.9, 1895, 啤酒之家的冒险
06985661, 7.3, 1008, 失控的玩具
04206214, 8.3, 305, 亞愛一郎的狼狽
10467108, 7.0, 1579, 蜘蛛男
03226020, 8.7, 209, 模仿犯 上冊 (新版)
27061721, 8.6, 228, 江户川乱步短篇小说选
26733609, 8.1, 369, 出版禁止
24696262, 7.6, 645, 无名之毒
06025528, 7.4, 835, 再见了，德彪西
30487144, 8.1, 355, 炎昼
26928755, 8.2, 320, 与手枪的不幸相遇
26892484, 8.7, 200, 密室收藏家
01518271, 7.9, 438, 恐怖分子的阳伞
03795856, 6.9, 1741, 消失的“水晶特快”
11597307, 7.9, 437, 玻璃天
26383897, 7.2, 1077, 依存
05410404, 9.0, 155, 作者不詳（下）
33462080, 8.5, 232, 繁花將逝
24383251, 7.8, 476, 鬼的足音
06780929, 8.7, 194, 11張撲克牌
33456870, 7.9, 422, 屍人莊殺人事件
25934736, 7.5, 683, 〇〇〇〇〇〇〇〇殺人事件
25854936, 7.3, 896, 完全犯罪需要几只猫
24840351, 7.1, 1193, 时间的习俗
04781305, 7.2, 1015, “断头台城”杀人事件
26232714, 8.0, 370, 偷窥者小平次
27109948, 7.1, 1176, 黑贵妇
11621649, 7.0, 1376, 无止境的杀人
02292969, 8.2, 299, 金田一少年之事件簿 雪靈傳說殺人事件 1
23780809, 7.5, 655, 黑暗坡食人树
33427878, 7.2, 990, 梦幻花
34985448, 7.6, 576, 剖开您是我的荣幸
04827549, 8.2, 294, 孤島之鬼
20488769, 7.4, 739, 人面疮
24845435, 7.3, 840, D之复合
06556835, 6.9, 1543, 少女
10565084, 7.3, 836, 双头恶魔
21693092, 7.2, 961, 隐花平原
26257488, 7.6, 555, 空洞的十字架
26284402, 6.9, 1505, 奇面馆事件
03052805, 7.5, 623, 空中飛馬
30200873, 7.7, 482, OUT
27046075, 8.1, 310, 我們偷走星座的理由
25892391, 7.4, 690, 今夜不宜犯罪
06903028, 7.5, 600, 杀手餐厅
35040230, 7.7, 467, 双子星
02027672, 7.3, 777, 东京空港杀人案
24292293, 7.3, 776, 女王蜂
19928994, 7.3, 775, 欺诈师与空气男
34998081, 8.2, 271, 推理要在本格前
05395167, 7.4, 676, 龙卧亭幻想·下
26136929, 7.3, 774, 没有钥匙的梦
26865714, 9.1, 126, アリス・ザ・ワンダーキラー
19928954, 7.4, 674, 喜鹊的四季
25816899, 7.0, 1192, 怪胎
32495024, 7.4, 668, 蓝玫瑰不会安眠
04882015, 7.1, 1008, 杀心
26422109, 7.3, 754, 人偶为何被杀
06797402, 7.9, 357, 花隈街的迷途
11615543, 7.5, 569, 完全恋爱
04882026, 6.9, 1344, 沉睡的森林
24723002, 7.0, 1140, 贵族侦探
10491582, 7.5, 562, 恐怖的人狼城 第一部·德国篇
05290397, 6.3, 4141, 布谷鸟的蛋是谁的
01831560, 8.1, 284, 金田一少年之事件簿 劇場館．第三次殺人事件 2
25897079, 7.4, 623, 水魑·沉没之物
06522858, 7.2, 806, 蒸发
01277091, 7.6, 476, 魔镜
25933913, 7.8, 372, 亚爱一郎的狼狈
25782707, 7.1, 915, 死之枝
03121792, 8.7, 157, 聯愁殺
03865852, 6.6, 2054, Y之构造
06006584, 7.5, 520, 我的日常推理
26771723, 6.7, 1708, 水车馆事件
04893052, 7.0, 1037, 不会笑的数学家
03996668, 7.0, 1033, 两人变成两只
01924630, 7.8, 362, 失控的玩具
26613047, 7.3, 660, 时间停止的校园（上、下）
11613224, 7.6, 449, 麒麟之翼
26411416, 7.1, 867, 强蚁
10529959, 9.0, 119, 日本四大推理奇书（套装共4册）
34786085, 7.6, 435, 杀手界
24384167, 7.5, 490, 球体之蛇
06861478, 7.2, 726, 龙神之雨
25900789, 7.3, 631, 上锁的房间
05394606, 7.2, 721, 封印再度
26264953, 6.6, 1881, 天空之蜂
02030687, 8.1, 249, 雙頭惡魔
24882299, 7.2, 712, 异人们的馆
34438686, 8.1, 247, 沙漠
26715310, 7.5, 478, 誰も僕を裁けない
05395168, 7.2, 708, 龙卧亭幻想·上
07015545, 6.9, 1101, 花之链
24697583, 8.0, 269, 阴暗的季节
34717263, 8.3, 199, そして誰も死ななかった
10527656, 7.5, 464, 恐怖的人狼城 第二部·法国篇
32494889, 7.0, 913, 水母不会冻结
05410402, 8.6, 152, 作者不詳（上）
06061479, 8.3, 197, 亞愛一郎的逃亡
11533541, 7.8, 324, 赤的组曲
27020856, 7.4, 518, 雾越邸暴雪谜案
30359066, 7.5, 457, 恋与禁忌的述语论理
20392557, 7.2, 673, 迷路庄的惨剧
26712112, 8.1, 235, 阴兽
25968493, 7.3, 576, 绑架游戏
10578493, 7.3, 572, 憎恶的化石
34461206, 6.7, 1408, 相亲中毒
21692858, 6.9, 995, 沉默的教室
06903030, 7.5, 432, 思念
25712241, 6.9, 983, 推理要在晚餐后
34907839, 8.4, 170, 镜之孤城
06314045, 6.2, 3542, 以眨眼干杯
04282077, 7.7, 331, 卡迪斯红星-第二部
06725632, 7.3, 532, 龙眠
10801045, 6.9, 936, 魔术师
06952335, 7.3, 528, 骸之爪
26890031, 9.3, 83, 白夜行
26253242, 6.7, 1279, 杀意集结之夜
11533542, 7.7, 322, 针的诱惑
05355711, 8.6, 136, 折れた竜骨
26616958, 7.7, 316, 樱花秘密基地
23010385, 6.1, 4051, 空中杀人现场
05288591, 8.1, 207, 亞愛一郎的慌亂
34937179, 6.9, 886, 抱住我崩溃的大脑
26702564, 8.3, 172, 小異邦人
27663309, 7.8, 279, 黑色春天
26911126, 6.4, 2019, 那时的某人
10760350, 6.6, 1392, 怪盗二十面相
10535905, 7.2, 550, 一的悲剧
02301604, 8.3, 166, 日本推理小说选
26941827, 9.3, 78, かがみの孤城
04854135, 8.6, 128, 双月城の惨劇
11620651, 7.0, 717, 蜜
30354903, 7.5, 371, 那种可能性早已料及
27188665, 7.5, 368, 证明
30387898, 7.5, 368, 金色机械
02057233, 8.9, 101, 松本清張短篇傑作選(下)
21956109, 7.2, 535, 有人不见了
06892578, 7.3, 459, 草莓之夜
30317421, 6.4, 1865, 禁断的魔术
19928953, 6.9, 789, 春，夏，然后是冬
11533538, 7.3, 448, 危险的童话
05288501, 6.7, 1070, 羽衣传说的记忆
25721718, 8.1, 187, 兩人距離的概算
33436216, 7.6, 312, 卖马的女人
06006517, 8.5, 131, 眠りの牢獄
30190510, 7.5, 346, 犯罪小说集
30391802, 7.8, 248, 魔眼の匣の殺人
26356943, 7.4, 385, 猿丸幻视行
10594782, 6.9, 757, 邻人的犯罪
06963584, 7.5, 340, 時生
26874773, 7.2, 490, 黑夜的空白
01488490, 7.5, 326, 宿命
26803473, 7.1, 539, 水之焰
26438217, 7.0, 614, 没有凶手的杀人夜
30263559, 8.0, 191, 交错的场景
30488942, 6.8, 822, 天使之耳
10446308, 6.8, 801, 孤岛之谜
30390657, 7.5, 314, 圣女的毒杯
25805270, 8.4, 129, 密室推理杰作选——日本卷1
33476598, 7.9, 202, 沉默的遊行
26165829, 6.8, 784, 蝴蝶杀人事件
30170980, 7.8, 221, 爱的成人式
03154633, 7.1, 501, 再見，妖精
25842587, 7.8, 218, 風ヶ丘五十円玉祭りの謎
30133212, 8.0, 179, 模仿的殺意
01103645, 6.8, 759, 幽灵男
11533528, 7.0, 565, 湖底的祭典
11533532, 7.0, 564, 密室·自闭之物
30299995, 7.6, 265, メーラーデーモンの戦慄
02974209, 8.0, 176, 天才搶匪面面俱盜
34907836, 7.4, 330, 生尸之死
04246531, 6.5, 1214, “钟城”杀人事件
25923416, 6.9, 635, 密室的钥匙借给你
30360276, 8.3, 131, お前の彼女は二階で茹で死に
11503107, 6.7, 818, 魔神的游戏
06126808, 7.2, 399, 黎明破曉的街道
34833836, 8.2, 139, 二重身
10808477, 7.3, 350, 推理要在放学后
30464974, 6.9, 596, 再见了，忍老师
26860721, 7.8, 201, 鹭与雪
25883043, 7.0, 515, 向密室开枪！
30252310, 7.4, 307, 犯罪小说集
26771726, 6.7, 791, 奇面馆事件
02054830, 7.6, 243, 塔の断章
26308255, 7.4, 304, 瑞典馆之谜
34431944, 7.9, 178, 紧闭的门扉
01147413, 7.2, 384, 恐怖的夏夜
10746368, 7.5, 265, 天狼星之路
10535918, 7.2, 378, 二的悲剧
20091994, 7.0, 486, 异位
30379079, 7.9, 173, 早朝始発の殺風景
34434339, 7.6, 233, 斩首循环
01068921, 7.0, 479, 暗夜里的黑豹
25717661, 7.5, 258, 写乐·闭锁之国的幻影
01794842, 9.3, 59, 永遠的仔(上)
03634074, 7.8, 184, 官能的
30421822, 6.9, 534, 寂寞猎人
26301856, 7.7, 202, 黑色皮革手册
34613459, 8.0, 151, 如幽女怨懟之物
27069315, 7.4, 278, 下一个家
30319961, 7.0, 451, 虚构推理
01794843, 9.6, 48, 永遠的仔(下)
03584145, 7.5, 242, 日本推理名作选·甲贺三郎（卷一）
07060213, 7.2, 337, 急电：北方四岛的呼叫
25982653, 8.4, 101, 野獸之城
04855923, 8.0, 141, 琅邪の鬼
01310999, 8.3, 109, 砂器
01287802, 6.8, 559, 第四十六号密室
03768085, 8.8, 75, 第三時效
11443801, 8.1, 128, 有限与微小的面包
25841847, 5.6, 6354, 疾风回旋曲
25808628, 8.0, 138, 禁闭之岛
25770230, 7.7, 183, 剖開您是我的榮幸
19949177, 6.9, 470, 黑祠之岛
26438214, 6.6, 733, 怪人们
35058743, 8.0, 136, 怜悯恶魔
06516560, 7.7, 180, 伊底帕斯症候群
04038572, 6.2, 1472, 乱鸦之岛
06731187, 6.4, 999, 月光游戏
35058746, 8.5, 89, 鼠之夜
30358486, 6.9, 454, 只差一个谎言
01858378, 7.7, 177, 三月的紅色深淵
30194660, 8.6, 82, 下雨天，不上學
01147412, 7.3, 270, 制造暴力
27617502, 7.1, 342, 少女を殺す100の方法
03035592, 9.0, 62, 有栖川有栖の密室大図鑑
04282164, 8.2, 110, 叫びと祈り
33414749, 7.3, 265, 推理时钟
05288321, 7.4, 236, 小笛事件
03278380, 8.7, 75, 謎詭·偵探·推理：日本推理作家與作品
06249671, 6.8, 505, 堪忍箱
26299925, 6.7, 580, 动机之后，只剩沉默
34859246, 7.5, 209, 黑色天鹅
04780339, 6.3, 1129, 字谜杀人事件
04772304, 6.7, 567, 肢解尸体之谜
04236895, 7.8, 151, 愛読者―ファンレター
25897071, 6.8, 483, 最后的一球
03206494, 8.4, 90, 神探柯南
11533544, 7.3, 251, 不安的初啼
27100485, 6.7, 552, 废墟中的少女侦探
03610120, 6.7, 550, 不连续杀人事件
11621647, 6.7, 550, 谁?
05254288, 8.7, 71, アルバトロスは羽ばたかない
24737035, 6.5, 727, 七口棺材
26288966, 7.9, 131, 殺人鬼藤子的衝動
26603305, 9.0, 57, 日本推理100年
04246532, 6.1, 1466, “爱丽丝·镜城”杀人事件
05043370, 8.3, 92, 黑色天鵝
04821061, 6.5, 694, 天使之耳
34784035, 9.0, 56, medium 霊媒探偵城塚翡翠
33455230, 6.2, 1172, 魔力的胎动
06902965, 6.6, 580, 朋克刑警的冒犯
05283631, 7.0, 327, 巧克力遊戲
06797407, 6.6, 573, 新宿鲛
24294868, 7.2, 254, 百合心
10763927, 6.8, 419, 恐怖的人狼城·第三部：侦探篇
03650146, 7.8, 133, 不完全犯罪
34858088, 6.7, 476, 玻璃鸟不会归来
01756733, 7.2, 245, JOKER舊約偵探神話-清
24859813, 6.6, 540, 以“我”为名的变奏曲
30457014, 6.4, 744, 屋顶上的小丑
34662076, 6.6, 537, 绑架游戏
20497508, 7.0, 306, 献给妻子的犯罪
26308261, 7.3, 211, 瑞士手表之谜
03830422, 5.9, 1859, 死亡概率2/2
04725222, 6.2, 999, 地狱奇术师
21692857, 6.4, 701, 黑蜥蜴
10805627, 7.7, 135, 紅色密室
34846911, 7.5, 164, 雾之旗
24538694, 6.2, 982, 夏天
26413796, 8.5, 70, 希望之線
25815410, 7.0, 287, 化装舞会
01662859, 7.6, 146, 危险的童话
25959507, 7.7, 131, 火之幻影
25831985, 7.3, 194, 再一個謊言
25978762, 6.8, 357, 望乡
34431939, 7.5, 156, 羔羊的盛宴
25726107, 5.9, 1674, 人偶馆事件
01960339, 7.6, 140, 戀戀蓮步的演練
33455214, 6.6, 467, 只是丢了手机而已
26821648, 8.2, 83, 好想她去死
03280011, 7.5, 154, 金田一少年の事件簿５上海魚人伝説殺人事件
06100643, 6.7, 395, 少女
02150646, 7.8, 114, 别了，可恶的人！
04249570, 6.8, 342, 日本获奖推理小说选
01523720, 8.6, 61, 柔嫩的臉頰
26303216, 6.7, 388, 推理要在晚餐后2
26015657, 8.1, 87, 玻璃蘆葦
04747956, 7.8, 112, 99%的誘拐
24720957, 5.7, 2470, 雪国之劫
01898144, 6.8, 330, 去問人頭吧
03204346, 7.8, 110, 富豪刑事
20473159, 7.3, 179, 午夜的五分前
02268655, 7.3, 178, 湖邊兇殺案
06527139, 6.3, 695, 光之鹤
01481404, 7.7, 119, 残虐记
06078984, 6.8, 321, 夜行觀覽車
20413955, 7.6, 128, 上鎖的房間
10605471, 7.8, 106, 人造花之蜜
04202548, 7.6, 126, ボトルネック
02153705, 7.8, 102, 零的焦点
34432449, 7.8, 102, 满愿
34432444, 7.5, 133, 黑面之狐
26683132, 7.2, 181, 二钱铜币
25772952, 7.3, 162, 离别的火焰
26277996, 6.7, 334, 〇八〇七
10468785, 6.7, 333, 朋克刑警的狂想
26735063, 7.3, 161, 胜者即是正义 1
04816405, 7.5, 131, 本陣殺人事件
10739303, 6.9, 254, 迪斯科侦探星期三（上、下）
04891525, 6.4, 512, Jの神話
03121834, 7.7, 107, ８の殺人
24699997, 7.3, 154, 我殺了他
25905326, 7.1, 191, 白雪公主殺人事件
27181611, 6.4, 490, 怪人们
26771724, 5.9, 1202, 人偶馆事件
34431980, 7.4, 136, 这一夜，谁能安睡
34841472, 7.5, 123, ノッキンオン・ロックドドア 2
35024320, 8.3, 63, 千年圖書館
02380446, 6.9, 233, 尤金尼亞之謎
25867963, 6.7, 299, 恶魔的圣诞节
03396403, 7.8, 91, 碑文谷事件
11533539, 6.7, 296, 天狗面具
02039885, 8.7, 47, 大誘拐
04213966, 7.3, 144, 只有貓知道
24316424, 7.2, 160, 物狂
02370475, 6.0, 881, 红楼梦杀人事件
06854474, 6.0, 865, 搜索杀人来电
26755381, 7.1, 171, 謀殺愛麗絲
34799537, 6.3, 500, 11字谜案
20497539, 6.9, 213, 写乐杀人事件
26676112, 7.7, 92, 晓英·赝说·鹿鸣馆
03210605, 7.3, 132, 七歲小孩
25830621, 6.6, 303, 杀人鬼
01005553, 7.4, 119, 货运来的女人
25908530, 5.9, 959, 替身S
26309773, 6.4, 397, 推理要在晚餐后3
03996729, 6.6, 296, 我和侦探伯爵
26982004, 6.3, 460, 双蛇密室
26318942, 8.5, 48, 獄門島
11531715, 6.3, 437, 王妃的遇难船
34786087, 6.1, 603, 布谷鸟的蛋
26634706, 7.6, 90, 天久鷹央的推理病歷表
30217778, 7.4, 108, 金田一37歳の事件簿 1
30270227, 7.1, 146, 白金数据
26822652, 7.7, 82, 王與馬戲團
04105410, 6.0, 697, 高山杀人行1/2女人
03319928, 7.1, 143, 女人的殺意
03622900, 7.7, 80, 密室殺人ゲーム王手飛車取り
34434338, 7.5, 95, 掟上今日子的备忘录
34930973, 8.2, 54, 无颜的肖像
26878944, 6.4, 334, 虚像小丑
25830620, 6.4, 333, 白与黑
34899912, 7.7, 76, 偽證破解家
35006315, 7.3, 109, 我请求有罪
06712853, 7.4, 99, 如密室牢籠之物
33418859, 7.2, 120, 本所七怪谈
24755702, 6.9, 166, 终点站谋杀案
02977204, 7.4, 96, 重见玉岭
33437510, 6.5, 267, 挑战
05288324, 6.3, 352, 犯罪十二宫Ⅰ
26859154, 9.1, 29, おやすみ人面瘡
25897076, 6.6, 225, 暗夜里的黑豹
02284915, 7.0, 139, 劍道殺人事件
27182524, 6.7, 197, 重赴
34843831, 6.9, 154, 午夜零点的灰姑娘
26357733, 7.7, 69, 殺人鬼藤子的真實
03121820, 8.0, 54, 殉教カテリナ車輪
01215066, 6.7, 185, 复仇
10794339, 6.3, 320, 朋克刑警的骄傲
05383726, 8.1, 50, 毒猿•新宿鮫Ⅱ
02027698, 6.9, 144, 大海獠牙
25837534, 6.9, 140, 咖啡馆推理事件簿 2
30313818, 8.6, 35, 獨眼少女
30360179, 6.9, 138, 黑鹤
30396556, 8.5, 37, 千年図書館
10537623, 6.1, 407, 六月六日诞生的天使
34922239, 8.0, 51, 少年检阅官
33447660, 7.8, 59, 初戀
20507571, 7.9, 54, 隱蔽搜查
33450001, 7.4, 81, 幻色江户怪谈
03800004, 7.1, 107, 我們的無可救藥
06386707, 8.0, 49, 馬克斯之山
34866078, 6.9, 128, 算计
30136274, 6.3, 270, 反转
01478124, 7.6, 64, 三毛貓推理 三毛貓福爾摩斯系列
34849089, 7.6, 64, 出版禁止：死囚之歌
11521591, 6.4, 227, 二重身宫
03264990, 8.4, 36, 0の殺人 (講談社文庫)
26939946, 7.6, 63, 愛的輪迴式
30316195, 7.9, 50, 日本短篇推理小说选(日汉对照精装有声版)(精)
26579782, 6.7, 152, 无尽渴望
33428056, 6.8, 134, 殺人犯 対 殺人鬼
10594330, 6.4, 218, 抱着黄金飞翔
25753140, 8.7, 29, 果斷
27021152, 7.4, 70, 潛水艇
25744231, 6.6, 158, 花与火的杀意
03807266, 7.7, 54, 天啓の殺意
33462944, 7.2, 82, 暗幕下的格尔尼卡
25784302, 5.3, 1595, 惊吓馆事件
02301895, 8.5, 31, 伴伴儿女郎
35015476, 7.4, 67, 如碆靈祭祀之物
32567077, 7.0, 97, 暗黑女子
05387461, 6.7, 134, 地底兽国
20270803, 6.4, 190, 深水长眠
04706425, 8.3, 34, 十三回忌
27039311, 8.3, 34, 有翼之闇 麥卡托鮎最後的事件
34899816, 8.3, 34, 少女音乐盒
02264805, 7.5, 59, 雾之旗
34855934, 7.4, 64, 人魚公主殺人事件
26755285, 6.2, 246, 进进堂，世界一周
06006520, 7.1, 83, 浦賀和宏殺人事件
30283590, 7.2, 75, 死亡的沙漏
25813595, 6.1, 273, 咖啡馆推理事件簿
27662700, 6.5, 153, 水底祭典
25741850, 8.8, 24, 卯月の雪のレター・レター
02230873, 6.6, 132, 北京悠悠馆
05446384, 6.7, 117, 日本获奖推理小说选2
02245256, 7.3, 64, 花之寺殺人事件
06963479, 7.1, 76, 藍色密室
07047219, 6.3, 187, 白夜之城
04115132, 8.9, 22, 七つの海を照らす星
25779475, 8.5, 27, 斜屋犯罪(改定完全版)
30293714, 7.2, 67, 首無館の殺人
06047879, 7.6, 48, 詐欺師與空氣男
34909839, 7.8, 41, 那一天，朱音投身青空
34936058, 7.9, 38, 抓住救命稻草的野獸們
03078888, 6.8, 96, 日本推理名作选·甲贺三郎（卷二）
26686004, 6.9, 86, 死亡十字路
26771718, 5.4, 844, 惊吓馆事件
26845668, 6.0, 262, 最后的计谋
34893667, 7.4, 53, 代号D机关 Ⅳ
03032512, 6.5, 128, 柏林1888
26974611, 6.9, 82, 咖啡馆推理事件簿 4
20003425, 7.4, 52, 浅草有色不良少年团
04281194, 7.4, 51, 夜之訪問者
26774518, 5.8, 337, 夏天，十九岁的肖像
33432512, 7.7, 40, 完全犯罪
25845795, 8.7, 22, 雨の降る日は学校に行かない
05957614, 6.5, 115, 制服搜查
03748253, 6.7, 91, 妖窟魔影
20559357, 6.8, 81, 假想者的仪式
34438681, 5.9, 259, 只是打算喝一杯而已
06771687, 8.7, 21, 無間人形
34971207, 8.8, 20, 华日大学推理竞演
26100137, 6.6, 99, 暗黑女子
26581313, 8.3, 25, 東京結合人間
05367295, 6.3, 135, 魔都
02030690, 6.8, 71, 山伏地藏坊的放浪
30219623, 9.1, 16, 碆霊の如き祀るもの
20436696, 9.4, 14, 絢爛たる殺人―本格推理マガジン 特集・知られざる探偵たち
26878928, 7.2, 48, 少年侦探团
26940124, 7.6, 35, 在神酒診所乾杯
34855950, 7.5, 37, 掟上今日子的挑战状
24878585, 7.3, 43, 祈りの幕が下りる時
01067655, 5.3, 581, 密室物语之密室的封印
34820179, 6.8, 63, 亡者在放学后归来
04720983, 7.7, 30, 魔牙
20381042, 6.4, 91, 千代子
10545712, 5.6, 266, 月之恋人
30131343, 6.1, 119, 三色屋事件
26264139, 6.7, 60, 千里眼
02027726, 6.2, 104, 开往巴黎的杀人列车
03425228, 7.4, 33, 鄰人的犯罪（新版）
26423328, 7.4, 33, 明治开化安吾捕物帖（上册）
27612132, 5.8, 179, 献给火村英生的犯罪
06439101, 8.1, 21, 生霊の如き重るもの
04822430, 6.2, 99, 樱花号列车奇案
04822661, 6.7, 55, 伊甸的命題
06010545, 6.6, 57, 死者喝的水
02301601, 7.2, 34, 罪恶的黑手
27109114, 6.7, 51, 灵魂之匣
27021562, 6.9, 42, 喪眼人偶
30379359, 6.4, 67, 感染游戏
26715395, 6.0, 108, 操縱彩虹的少年
06875234, 7.8, 22, キングを探せ
01061337, 6.2, 79, 不道德的手术刀
34855948, 7.3, 29, 掟上今日子的遗言书
02127345, 7.2, 31, 奇偶
26827216, 7.5, 25, 樱子小姐脚下埋着秘密 2
05415148, 5.3, 309, 双面兽事件（第一部）
34442418, 6.5, 55, 掟上今日子的推荐文
34894378, 7.1, 32, 伪装闺密
33427956, 6.4, 59, 大唐探案录之长安风云
27140411, 7.3, 26, 孤狼之血
26599493, 5.6, 155, 骷髅方丈
01996576, 7.0, 32, 丈夫的怀疑
05043515, 7.7, 20, 東京物語
04173923, 6.9, 34, 黑白的旅途
04212489, 6.9, 33, 春梦疑案
02275378, 7.4, 23, 飞机坠毁疑案
05995875, 6.3, 56, 真相
27184929, 6.9, 32, 小說之神
30439754, 7.4, 22, 金田一37歲之事件簿 3
34785028, 7.6, 19, 紅蓮館の殺人
10552812, 7.6, 18, 幽女の如き怨むもの
33370999, 8.6, 11, 代号D机关.全三册(日本推理作家协会奖、“这本推理小说了不起！” 同名电影由龟梨和也、深田恭子、伊势谷有介领衔主演)
01180046, 6.8, 30, 大海的请帖
06880618, 8.0, 14, 嫉妬事件
04171952, 7.5, 18, 粘膜蜥蜴
34882130, 7.8, 15, 絃之聖域
26242834, 6.3, 43, 人間の顔は食べづらい
25723887, 6.7, 30, 去年の冬、きみと別れ
03032574, 7.9, 14, 招かれざる客
03032440, 5.9, 66, 綴花的屍體
26834747, 7.0, 23, 幻影の手術室 天久鷹央の事件カルテ
34431966, 6.8, 23, 失落的回忆
30387589, 6.0, 46, 三色猫探案10
26744691, 7.3, 16, 夢鬼
34935555, 7.1, 18, 蒲公英少女
26867359, 7.0, 19, 樱子小姐脚下埋着秘密3
06138863, 6.9, 20, 被我杀害的少女
26949323, 6.9, 20, 樱子小姐脚下埋着秘密 4
01737890, 7.6, 12, 顏
33476158, 6.3, 26, 零的蜜月
26636793, 6.6, 19, 祈念之樹
04173976, 6.0, 30, 情書
04283924, 7.4, 11, キョウカンカク (講談社ノベルス アAI- 1)
27184934, 7.4, 11, 原本以為只是手機掉了
26438213, 4.4, 253, 梦回都灵
33476161, 6.2, 17, 检查官雾岛三郞
02207315, 6.9, 10, 雪國殺人事件
25900694, 5.4, 27, 啼血的铜鹤
27148329, 6.1, 14, 甦る殺人者  天久鷹央の事件カルテ
26873839, 6.6, 10, 真夜中の探偵
34984606, 5.9, 15, I的悲劇
33476160, 4.9, 22, 女富翁的遗产
02278633, 0.0, 10, 幽魂
27140379, 0.0, 12, 米澤穂信と古典部
