2020-07-05 16:00:06

number of books, tag name
708, 日本文化

ID, rating, votes, title
01007914, 8.7, 158684, 窗边的小豆豆
02159042, 8.5, 101237, 挪威的森林
01022238, 8.2, 58121, 菊与刀
01005521, 8.2, 46591, 伊豆的舞女
04230237, 9.1, 7876, 设计中的设计 | 全本
20470914, 9.1, 7089, 深夜食堂 04
01220219, 8.6, 9036, 阴阳师
01053759, 8.3, 14344, 雪国 古都
01318126, 8.4, 11067, 雪国
01758767, 8.2, 14872, 人气绘本天后高木直子作品典藏（全6册）
01069059, 8.1, 17458, 雪国
06114392, 9.2, 3353, 奈良美智横滨手稿
25836270, 8.8, 5476, 厌女
05269222, 8.5, 6698, 一朵桔梗花
01000856, 7.9, 17163, 我是猫
26819477, 8.9, 3494, 东京本屋
01006113, 7.8, 16077, 源氏物语
26939973, 8.5, 5165, 散步去
05940434, 8.3, 6837, 一个人的美食之旅
02046977, 8.1, 8559, 我是猫
03277199, 8.1, 7719, 多田便利屋
01091904, 9.2, 1772, 丰饶之海（上下）
10540815, 8.3, 4351, 菊与刀
02160230, 8.5, 3268, 细雪
03267934, 8.5, 3094, 日本四季
06714015, 8.4, 3515, 源氏物语
03833024, 8.1, 5077, 菊与刀
01441488, 8.4, 3084, 宫本武藏·剑与禅（上下）
03206270, 8.9, 1547, 拥抱战败
26827592, 8.2, 3739, 菊与刀
25910220, 8.5, 2312, 金阁寺
19963049, 8.5, 2161, 留住手艺
02330383, 8.4, 2215, 一日江户人
03176893, 9.0, 1071, 劍豪生死鬥(01)
27182602, 8.8, 1317, 安藤忠雄
26418529, 9.1, 942, 拥抱战败
11232975, 8.6, 1546, 德川家康全集（套装全13册）
01438461, 7.8, 4393, 窥视日本
25858068, 7.4, 8625, 100个基本
11516079, 7.9, 3700, 知日·猫
25777461, 8.3, 2040, 日日是好日
04274472, 8.1, 2668, 茶之书
25799716, 8.6, 1355, 一日一花
25784451, 8.4, 1717, 哥儿
27074861, 7.0, 17251, 东京一年
25913413, 8.1, 2497, 四季便当
07154688, 8.1, 2451, 知日·书之国
02281905, 8.7, 1106, 少女館
25811516, 8.3, 1753, 日本的八个审美意识
02302310, 8.6, 1180, 神話少女
25870757, 8.3, 1670, 现代日本
06728876, 8.0, 2426, 知日· HI! 美术馆
04920062, 7.3, 7483, 别跟我说你懂日本
20267987, 7.4, 6002, 孤独美食家
26770145, 8.3, 1554, 菊与刀（精装插图版）
34895571, 8.1, 1995, 饱食穷民
05914563, 8.1, 1907, 边走边啃腌萝卜
25903198, 7.7, 3347, 做衣服（增补新版）
04746130, 7.8, 2732, 家
06967980, 7.4, 5123, 然后，我就一个人了
01782044, 8.8, 745, 斜阳
26258977, 8.9, 662, 四季花传书
02333905, 7.9, 2191, 菊与刀
02119843, 6.8, 15342, 钝感力
01878641, 7.9, 2136, 江户日本
01013058, 7.7, 2728, 武士道
19912126, 7.8, 2285, 知日·铁道
03054127, 7.7, 2646, 十宅论
06519759, 7.5, 3459, 记事本圆梦计划
24272636, 8.2, 1269, 音乐使人自由
01479324, 8.0, 1569, 菊花与刀
03200757, 8.5, 849, 源氏物语（上、中、下）
26685539, 7.9, 1689, 有鹿来
01394395, 7.6, 2575, 歌舞伎町案内人
01440198, 8.6, 674, 阴翳礼赞
05921793, 7.6, 2346, 我这一代东京人
01939594, 7.6, 2287, 京都一年
03700734, 7.5, 2664, 字解日本
26201890, 7.9, 1428, 第四消费时代
01277896, 9.1, 365, 宫泽理惠写真集
03535792, 7.6, 2053, 日本料理
23316673, 7.7, 1771, 知日·日本禅
03651500, 7.8, 1532, 与鬼为邻
27608153, 7.8, 1510, 创造日本
04903188, 8.3, 797, 叶隐入门
01474486, 7.7, 1707, 艺伎回忆录
05423785, 8.1, 995, 千年繁华
06424055, 9.7, 214, ニッポンの嵐 ポケット版
04208765, 7.8, 1463, 浅草小子
22182576, 7.5, 2227, 中国缺什么，日本缺什么
25794334, 7.4, 2600, 知日!知日！这次彻底了解日本 01
03034068, 7.9, 1201, 神保町书蟲
06310472, 8.2, 824, 菊与刀
03041567, 8.7, 479, 美的情愫
26912259, 8.3, 731, 心
25723797, 7.6, 1798, 知日·家宅
25808336, 7.5, 2024, 知日·了不起的推理
06393733, 7.3, 2773, 当我们聊起日本时
03038328, 8.8, 412, 浮世绘
24851599, 7.1, 3783, 知日·断舍离
25811409, 8.0, 972, 菊与刀
03662234, 8.5, 546, 日本的思想
06797947, 8.4, 598, 茶之书·“粹”的构造
06785764, 7.7, 1368, 菊与刀
01878638, 7.6, 1537, 物语日本
04104793, 7.5, 1750, 冰眼看日本
25834552, 9.2, 260, 正仓院考古记
26697311, 8.2, 687, 重新发现日本
03697472, 7.7, 1286, 创意@东京
03418921, 8.1, 745, 敬重与惜别
27035228, 8.4, 527, 如花在野
26909068, 8.4, 518, 妖怪大全
01288909, 7.8, 1018, 日本论
06751045, 8.2, 620, Wabi-Sabi
25752981, 7.7, 1133, 你所不知道的日本名词故事
02380826, 7.4, 1735, 整形日本
03337209, 8.5, 437, 全彩图解源氏物语
26304071, 8.4, 480, 京都人生
04164041, 7.8, 923, 字解日本
02297659, 7.7, 1026, 平安日本
05423779, 7.9, 793, 食桌情景
26739666, 8.0, 692, 艺伎回忆录
20645157, 7.1, 2471, 知日·妖怪
26800340, 8.6, 361, 神风特攻队、樱花与民族主义
26688691, 8.3, 489, 美物抵心
26717928, 8.1, 603, 咬一口昭和回忆
26022685, 8.2, 538, 现象
04883568, 7.3, 1748, 从伊豆到北京有多远
25852538, 7.3, 1702, 知日·料理之魂
05283574, 7.5, 1263, 战国日本
26910743, 7.9, 743, 京都漫步
06513841, 8.7, 311, LIFE家庭味
26928533, 7.9, 716, 日本料理神髓
03711433, 8.1, 562, 五轮书
26614576, 7.6, 1026, 知日·太宰治
06021094, 7.9, 679, 喜乐京都
03809655, 7.7, 870, 命
27193382, 8.2, 477, 日本的八个审美意识
34663228, 8.1, 527, 日本色气
04292120, 6.9, 2904, 低智商社会
25959500, 7.4, 1271, 百鬼夜行
07058699, 8.1, 511, 东京下町职人生活
33426137, 8.0, 566, 米，面，鱼
27662697, 7.6, 927, 日本之镜
26263501, 8.2, 448, 禅与日本文化
02144124, 7.8, 710, 日本人的传说与心灵
34894713, 7.6, 908, 妻子们的思秋期
10825459, 8.1, 492, 东京记
24847411, 8.0, 541, 日本漫画60年
26881891, 8.8, 239, 深夜食堂 17
05323630, 7.9, 588, 日本物哀
02122399, 7.8, 653, 叶隐闻书
34787187, 8.2, 408, 日本侘寂
26774041, 8.5, 302, 日本建筑解剖书
26723097, 7.6, 816, 湖
25888000, 7.3, 1235, 知日！知日！这次彻底了解日本02
25745889, 7.1, 1676, 知日·太喜欢漫画了
26834528, 7.8, 623, 佐藤大:用设计解决问题
25831196, 7.3, 1208, 知日·设计力
01072632, 8.9, 201, 日本政治思想史研究
04174807, 8.2, 385, 日本史
21329337, 8.5, 279, 深夜特急
27176195, 7.6, 750, 日本电影110年
10519359, 7.4, 959, 日本边境论
06714445, 8.3, 329, 日本论
06430576, 8.2, 357, 菊与刀
30389770, 8.3, 313, 日本传统色
01433389, 8.3, 309, 100个理由
01438525, 7.8, 525, 浮世绘的故事
26718762, 8.8, 194, 真味
01068112, 8.4, 276, 恶魔
07060214, 7.5, 759, 日本漫画为什么有趣
30340892, 7.7, 585, 菊与刀
03432870, 7.5, 741, 日下书
01962680, 6.9, 1818, 下流社会
05906314, 7.9, 451, 日本战国风云录（上）
26928755, 8.2, 320, 与手枪的不幸相遇
03128046, 8.8, 183, Accidents Series〈11〉高岡早紀
03297869, 7.6, 592, 日本映画惊奇
06309206, 7.5, 667, 字解日本
01877890, 9.1, 133, 风姿花传
34880830, 8.2, 287, 草莓、极光与火焰
01420677, 7.4, 715, 宛如梦幻
27031874, 7.8, 427, 知日·枯山水
25912807, 8.0, 331, 和服之韵
03273300, 8.0, 330, 日本的起起落落
20506299, 7.6, 518, 中国化的日本
01320068, 8.2, 262, 无约束的日本
04818181, 7.9, 352, 近世日本的日常生活
02381209, 8.7, 163, 纵向社会的人际关系
26943667, 7.8, 379, 便当时间
05248339, 8.3, 227, 日本文化中的时间与空间
10486206, 8.2, 247, 教养与文明
25942396, 7.3, 689, 日本味道
11583756, 8.4, 201, 知日的风景
25967777, 7.1, 899, 知日·杂货
06972974, 7.8, 358, 菊与刀
01858191, 7.4, 572, 闲走日本
03729765, 8.1, 257, 图解菊与刀
26242432, 6.9, 1161, 日和手帖002：生活整理术
27077735, 8.4, 193, 旧时之美
06789945, 8.2, 232, 版式设计
05936372, 8.1, 250, 民艺四十年
01474410, 8.4, 187, 弓和禅
02003229, 8.2, 224, 禅与日本文化
26938665, 9.1, 107, 日漫那些事儿
27077391, 8.2, 220, 日本酒手帖
26945178, 8.0, 266, 幽玄·物哀·寂
03335663, 7.2, 677, 日本人与中国人
25970313, 7.0, 894, 知日！知日！这次彻底了解日本（3）
25861937, 7.3, 578, 昔日的味道
04042056, 8.2, 211, 菊与刀
26302798, 7.1, 749, 知日·和制汉语
02188330, 8.0, 250, 菊花与刀
25882224, 7.1, 724, 知日·燃
34429244, 7.1, 686, 侘寂：致艺术家，设计师，诗人和哲学家
19954650, 9.0, 100, 日本古書店的手繪旅行
03137202, 7.5, 395, 宛如梦幻-(上下册)
25766380, 7.7, 312, 哈佛日本文明简史
01034390, 8.3, 172, 美的情愫
05396703, 7.8, 279, 家纹
01115163, 8.6, 133, 田中一光
27621012, 8.0, 224, 日式生活美学：大人的周末
24879730, 6.5, 1704, 日本AV影像史
01047574, 7.6, 342, 物哀与幽玄
27000051, 7.6, 340, 浮世绘三杰
26673851, 7.1, 626, 静观日本
01758109, 7.5, 373, 犬与鬼
30423837, 7.0, 715, 日本的细节
26394958, 8.5, 138, 战争留下了什么
05360705, 7.9, 234, 东居闲话
26580914, 7.2, 524, 知日·我们在喫茶店见吧
04140415, 8.0, 207, 日本人与日本论
03550459, 9.7, 58, Kimono as Art
01915390, 7.4, 389, 日本人的心理结构
27200268, 7.0, 644, 知日·世上只有一个京都
27148613, 7.0, 624, 知日·东京就是日本
06750176, 8.1, 176, 日本电影与战后的神话
26682361, 7.4, 367, 武士道
24760757, 7.1, 537, 我和阅读谈恋爱
25875911, 7.9, 211, 雪日
01157888, 8.8, 98, 歌舞伎入门
01829722, 7.8, 230, 日本随笔经典
01258516, 8.6, 111, 竹内好的悖论
05245583, 6.7, 911, 中二病中毒说明书
26216114, 6.8, 776, 知日!知日!这次彻底了解日本（4）
01738712, 8.1, 163, 我在京都当艺伎
26786571, 7.4, 331, 日本，隐逸的日常
26879048, 7.7, 236, 京料理
25916037, 8.2, 146, 符號帝國
04905931, 7.5, 290, 枕日闲谈
10599770, 8.4, 122, 写给大家的日语史
04711146, 7.7, 232, 日本镜中行
06401117, 8.1, 157, 日本幽玄
02201216, 7.4, 319, 浮世物语
02063138, 8.2, 142, 舞姬
01330366, 7.9, 186, 狂言选
25732260, 7.3, 354, （日本人）：括号里的日本人
26786860, 8.2, 139, 孤獨的美食家2
01088144, 8.9, 81, 诸神流窜
01898718, 8.5, 108, 京都一年
01465548, 8.2, 138, Wabi-Sabi
26593673, 7.9, 181, 图说日本美术史
30268911, 7.6, 244, 京都
33442274, 8.1, 148, 寻隐日本
02298223, 8.5, 106, 我這一代東京人
25780914, 7.2, 385, 设计与死
03424100, 8.2, 135, 日本饮食文化
24225064, 7.3, 338, 日本妖怪奇谭
03023710, 8.5, 104, 日本的手工艺
26870832, 8.7, 89, 民族与美学
26976700, 8.7, 89, 菊与刀
25789347, 6.6, 881, 知日·写真
01430865, 7.3, 325, 周作人论日本
26843917, 8.1, 141, 和食十品
01455858, 8.2, 128, 日本电影史
01907105, 7.7, 204, 风土
06390387, 7.7, 204, 武士道
26357636, 7.8, 180, 昼行灯闲话
26420455, 6.9, 519, 知日·怪谈
02154830, 7.3, 308, 樱花寓言
30466628, 8.2, 124, 日本美學：物哀、幽玄、侘寂
24720958, 7.2, 336, 东京迷上车：从橙色中央线出发
33420963, 8.0, 144, 清酒之魂
27077675, 9.0, 67, 今昔物语（浮世绘插图珍藏版）
01042536, 8.7, 82, 戏剧舞台上的日本美学观
05972813, 9.2, 59, Axel Vervoordt
26583917, 8.6, 88, 风姿花传
02027292, 7.3, 294, 刹那樱花
25796556, 6.9, 489, Wabi-Sabi侘寂之美
24719938, 8.1, 128, 日本论 日本人
26694238, 7.2, 323, 被误解的日本人
30376453, 9.3, 54, 歌川广重 : 江户百景
33451960, 8.4, 99, 勘破狐狸窗
10814769, 7.5, 226, 日本历史与日本文化
26695034, 8.2, 115, 茶道六百年
02302250, 8.0, 136, A PLACE IN THE SUN
26856952, 7.5, 222, 简素
27028442, 7.2, 313, 你一定想知道的日本名词故事
33387432, 8.9, 68, 茶之书
06533303, 8.8, 72, 劝学书
10566436, 7.9, 146, 导演小津安二郎
10426453, 7.6, 195, 寻味日本
01320275, 7.7, 174, 对中国文化的乡愁
33462242, 8.9, 66, 东往东来
01799740, 7.9, 140, 日本动漫艺术概论
26806675, 8.5, 85, 当代日本人
01389770, 8.9, 64, 日本四季
02118280, 8.4, 91, 図説日本妖怪大全
27118775, 7.3, 255, 一个人去东京
11613166, 8.5, 84, 日本意气
25922419, 8.0, 125, 日本味儿
06041175, 7.1, 313, 论可爱
10781910, 7.8, 146, 用筷子夹出美味
26438525, 7.4, 218, 战国日本1:时间的滋味
26949594, 6.8, 461, 日本人的活法
01747695, 7.1, 307, 岩崎峰子：真正的艺伎回忆录
30365854, 8.2, 101, 日本神社解剖图鉴
34454447, 7.5, 192, 东京艺术之旅：建筑
26299472, 7.4, 211, 恋上书
04214213, 6.8, 445, 日本战国史
27017576, 7.3, 235, 日本文化史
01842707, 7.7, 152, 樱花的国度
26986644, 8.2, 94, 看日本美术的眼睛
03179399, 7.6, 160, 神国日本
30473225, 8.1, 101, 平安朝的生活与文学
02295191, 8.6, 69, NOVEL MIHO YOSHIOKA (ムック)
24523817, 7.8, 130, 看邻人火烧
03043866, 7.8, 127, 感悟日本1
26879171, 7.5, 169, 鲁迅藏浮世绘
26711494, 7.8, 124, 爱欲日本
01274409, 8.0, 103, 福泽谕吉自传
27198977, 7.0, 288, 日本神话故事与传说
04067402, 8.5, 69, 菊花与刀
33417585, 7.3, 196, 蔡澜说人生：世间事 贵痛快
04742072, 7.3, 195, 活，在日本战国
03817883, 8.6, 63, 日本神妖博物誌
26831787, 7.0, 274, 左京都男子休日
30168577, 7.2, 215, 遇见日本
34454446, 7.6, 140, 东京艺术之旅：和果子
27178366, 8.1, 90, 日料的故事
27156628, 7.5, 154, 知日·歌舞伎完全入门
10759526, 7.2, 211, 日本风格之旅
04936467, 8.4, 71, 菊与刀
34454448, 7.6, 137, 东京艺术之旅：日本茶
04313209, 7.8, 113, 日本文化的历史
03891065, 8.8, 53, In Praise of Shadows
24722712, 7.7, 122, 日式花道
07001092, 8.3, 74, 菊与刀
25774374, 7.5, 145, 美在青苔
26250111, 8.0, 91, 成濑巳喜男的电影
20556231, 7.3, 174, “日本收纳教主”近藤典子助你打造一个井井有条的家
02007222, 7.6, 128, 正仓院
26412739, 7.4, 156, 家徽里的日本史
04747138, 7.3, 173, 都与京
26973296, 8.3, 71, 自游日本
26713852, 7.6, 127, 东京文艺散策
26943418, 6.9, 271, 从幕末到明治
26476661, 7.1, 212, 嘿！恐怖
27098047, 7.2, 189, 大奥日本
26349519, 7.0, 238, 战国日本2:败者的美学
26384724, 8.2, 75, 落语与我
25953902, 7.5, 137, 西日本时间
01792162, 7.4, 151, 武士道
30269565, 6.9, 267, 格差社会
30374153, 8.0, 87, d设计之旅：冲绳
30409147, 8.7, 52, 百鬼夜行
25663104, 7.5, 134, 一步一如来2
25793613, 7.3, 164, 京都流年
11506680, 7.6, 121, 温酒话东邻
27597984, 7.7, 109, 明治
26392623, 8.8, 48, 少爺
26888827, 9.3, 36, 九鬼周造著作精粹
01290355, 8.3, 66, 男人和女人的故事
02381194, 8.3, 66, 三醉人经纶问答
01150859, 8.7, 50, 东山魁夷美文集
03702765, 7.9, 89, 我的第一本日语阅读书
02997014, 8.9, 44, 京都千二百年(下)
02272760, 7.3, 155, BL新日本史
27055116, 7.2, 172, 知日·一起看大河剧吧！
33657841, 8.6, 52, 庄子内篇读本
34923176, 8.0, 80, 禅与饮茶的艺术
10545735, 7.8, 94, 日本风雅
25947468, 7.5, 122, 另类日本文化史
30244489, 6.6, 348, 知日·便利店全解读
25812723, 9.0, 40, 山本耀司。モードの記録。
25905233, 7.1, 182, 落花一瞬
02997011, 8.5, 54, 京都千二百年(上)
33160514, 7.8, 91, 白岩松：行走在爱与恨之间（新版）
27149549, 7.7, 98, 神话与日本人的心灵
01058499, 7.5, 115, 能剧世家
33427865, 8.2, 64, 江户百梦
01488601, 7.0, 194, 日本与日本人
01752750, 7.0, 193, 艺伎的故事
26535117, 7.0, 192, 裙裾之美
02233744, 8.4, 55, 岩松看日本……4片装(DVD)
03111154, 7.3, 137, 北乃模様
05951362, 7.3, 137, 真日本
04723428, 8.8, 42, 日本文化史
30484697, 8.8, 42, 单一民族神话的起源
25977750, 7.2, 149, 文字的力与美
26304230, 8.6, 47, 日本谣曲选
34454449, 7.4, 119, 东京艺术之旅：日本古董
26611202, 8.3, 56, 手绘日本铁道之旅
01419453, 7.5, 106, 蔡瀾談日本
05944905, 7.6, 96, 武士道
04237518, 6.5, 332, 一本书读懂日本史
01053242, 7.4, 114, 东京卡通百宝书
27139120, 6.8, 217, 我讨厌的10种好人
02248755, 8.9, 37, 早乙女太一写真集
04748831, 7.9, 72, 从日本人的生活秘密学日语
24839456, 8.8, 39, 工藝之道
27103354, 8.2, 57, 反正都能飞
25810604, 7.3, 121, 中日之间
30242329, 7.3, 121, 京都，流动的历史
01271740, 8.6, 43, 中国人与日本人
33430447, 7.3, 118, 东京艺术之旅：日本酒
02045968, 8.4, 48, ESCAPE―奥菜恵写真集
02216626, 8.4, 48, 日本文化大讲堂：音乐
01767372, 7.3, 115, 日本文化中的性角色
24846833, 7.3, 115, 宝塚歌剧团研究
03036193, 7.4, 104, 日本江户时代的艺术
30450057, 7.7, 79, 日本的底力
03081768, 6.6, 255, 日本
01448477, 6.3, 388, 日本简史
27093783, 8.0, 61, 菊与刀
34937489, 7.1, 136, 极简之道:日本平面设计美学
01182962, 8.5, 43, 日本起源考
27182530, 7.4, 100, 大正
04120286, 7.8, 70, 菊与刀
01963350, 7.4, 99, 日本历史
05504999, 7.1, 132, 妖怪玩物志
30268920, 7.1, 132, 日本的神话
33430628, 8.4, 45, d设计之旅：岐阜
20326091, 9.1, 30, 虚伪的“日本”
30476256, 7.8, 68, 形之素
10792765, 8.1, 54, 尊严不是无代价的
26304885, 7.7, 73, 菊与刀
25933546, 7.3, 103, 系紧兜裆布
33380565, 9.8, 21, 金印国家群的时代
26780654, 8.1, 52, 美味岁时记
30406057, 8.1, 52, 茶与美
26591661, 9.2, 27, 国家神道与日本人
34923135, 8.3, 45, 日本科技150年
05922958, 7.3, 99, 真实的日本
04829959, 8.8, 33, 菊与刀
27149553, 7.3, 97, 民间传说与日本人的心灵
02033312, 8.4, 41, 当代日本人
03116525, 7.1, 117, 日本与日本人
30288504, 8.7, 34, 这么多年了，我们还是不懂日本
33377956, 7.9, 55, 宝冢剧团经营战略
06512318, 8.3, 41, 日本文学简史
04317960, 6.6, 189, 战后漫画50年史
10737593, 7.4, 80, 浮世物语
34950394, 8.4, 38, 漫步神保町
26600776, 7.7, 62, 重订日本外史
02064287, 8.0, 49, 现代日本文学史
33477123, 7.4, 78, 日本人的画像
24732545, 7.1, 101, 日本调
03902945, 7.3, 82, 日本文学思潮史
05917190, 7.3, 82, 茶道的历史
24737824, 8.6, 32, 日本艺术的心与形
20390302, 6.6, 173, 日本怪谈录
01271207, 7.9, 50, 茶和禅
03583028, 6.8, 136, 德川家康传
30417565, 7.0, 109, d设计之旅：东京
30237199, 6.9, 121, 知日·好吃不过拉面
02227290, 8.3, 38, 通向禅学之路
02147792, 8.9, 27, 狂言サイボーグ
04281783, 8.2, 40, 《菊花与刀》精读
25933583, 7.5, 67, 阿Q的长凳
25820174, 7.4, 73, 妖怪谈义
06862462, 7.9, 49, 日本社会的历史
25720309, 7.4, 72, 说说日本这点事儿
10825092, 7.8, 52, 武士道
01281228, 7.7, 56, 日本近代国语批判
26738921, 6.9, 115, 千利休：无言的前卫
06067716, 6.2, 282, 日本有病
25857269, 6.7, 143, 百鬼夜行全图鉴
24846241, 8.1, 41, 日本。鐵道旅行途中：在地慢車的人情味漫遊
02267021, 7.5, 64, 国家神道
03436958, 7.3, 76, 柳田国男描绘的日本
34460306, 7.3, 76, 江户食空间
10546457, 8.6, 30, 和风艺志
06528813, 8.2, 38, 去东京学日语
10578505, 6.8, 124, 大奥之奥
30302124, 9.2, 22, 日本文化史研究
05396702, 7.1, 90, 德川十五代
30324849, 7.0, 99, 江户一日
30236327, 7.7, 53, 知日·你完全误解了村上隆
27200415, 7.0, 96, 日本不思议
27114429, 8.3, 34, 日本色彩物語
25737097, 7.6, 55, 服务的细节013：会切西红柿，就能做餐饮
04073906, 7.1, 84, 日本中毒
33191981, 9.0, 23, 一邊夢遊，一邊鎌倉
05448068, 7.7, 50, 中日文化交流史
04264201, 6.9, 101, 忍者
04780170, 6.9, 101, 战后日本大众文化
25755907, 8.4, 31, 读懂关键词，看懂日本人的内心
11622234, 7.7, 49, 日本平安时代的社会与信仰
04952754, 8.1, 37, 道德的中国与规则的日本
26841609, 6.3, 203, 知日·脑洞
19976939, 7.9, 42, 隐·北海道57
01614863, 8.0, 39, 日本的现代化与社会变迁
01018525, 7.5, 56, 东游西话
10851604, 7.5, 56, 竹取物语：辉夜姬传奇
01773724, 8.3, 32, 京都思路
26721657, 8.3, 32, 日本生活家的歲時雜記
26646074, 7.8, 44, 和食的飨宴
25927819, 7.3, 65, 创意城市X60
34939912, 7.3, 65, 花鸟风月日本史
19985641, 6.9, 95, 日本创意学
26644354, 7.7, 47, 日本的众神
06711930, 7.6, 50, 文学漂鸟
30209954, 7.8, 43, 日本浮世绘纹样
04837369, 7.4, 58, 太阳女神的沉浮
01595282, 8.0, 37, 日本传统艺术
04858184, 7.8, 42, 日本狂言
25904100, 6.1, 242, 大家01·中日之间
04005430, 7.4, 56, 穿越想像的异邦
01288952, 6.3, 179, 浮世与春梦
25928606, 8.0, 36, 民族學家的京都導覽
01593018, 8.4, 28, 日本国志
30338157, 7.4, 55, 3000岁的和果子：日本的风味人间
27045307, 6.9, 85, 唐物的文化史
26914790, 7.1, 70, 酒鬼旅行指南
20473534, 6.2, 192, 一明一灭一尺间
01734402, 6.7, 102, 日本印象
01619146, 8.6, 24, 秘密和耻辱
27070419, 9.2, 18, 心
10725793, 6.5, 124, 可怜的将军
30422575, 8.1, 31, 月冈芳年·月百姿
33450035, 8.1, 31, 门里看京都
01166926, 7.3, 54, 迷失东京
06125410, 6.8, 85, 江户大名
26933969, 7.3, 53, 遍路：1200公里四国徒步记
30258980, 7.7, 39, 书舶录
10833791, 8.1, 30, 菊与刀大全集
26342034, 7.5, 45, 岛国日本
03994859, 7.2, 57, 武士道
04237379, 8.2, 28, MIYA字解日本
27619649, 8.4, 25, 和服岁时记
06436442, 7.4, 48, 成熟的江户
27072529, 7.3, 52, 图说日本建筑史
02381172, 7.5, 44, 日欧比较文化
27028380, 7.1, 61, 京都导览
27200287, 8.0, 31, 马话日本
26669734, 8.8, 20, 築地通的壽司全知識
26253897, 8.9, 19, 日本论
01509956, 6.8, 79, 日本历史
26799979, 7.0, 65, 管饱10年的漫画家入门
30389754, 7.0, 65, 日本文化关键词
02995702, 8.4, 24, 日本戏剧史
02239938, 7.8, 34, 日本人
30281403, 7.8, 34, 千年繁华1京都的街巷人生
26847981, 7.5, 42, 在日本：铁道研究会
03838060, 7.7, 36, 「粹」的構造
26961197, 7.7, 36, 手办
26923566, 6.4, 118, 最日本
26869048, 8.7, 20, 米、麵、魚
26333426, 7.6, 38, 民俗学中的死亡文化
02652054, 6.7, 81, 你可能不知道的日本
26133006, 7.5, 40, 日本庭园：空间美的历史
04827342, 7.3, 46, 沒有了鮪魚
03088024, 7.1, 54, 情熱四國
27133306, 7.0, 59, 日本设计
10766635, 6.9, 64, 日本细节
23679331, 7.2, 49, 江户幕府
10545253, 9.6, 13, 财政学
01588681, 8.3, 23, 日本演剧史概论
10170681, 7.9, 29, The Book of Tea
30237845, 7.7, 33, 日式庭园
10746506, 8.0, 27, 京都器皿散步
21669476, 7.7, 32, 日本之文与日本之美
06749956, 6.0, 172, 一本书读懂日本历史
30286703, 7.6, 34, 悦读日本：汉字力
30427436, 6.2, 129, 知日：日本游戏完全进化史
01921532, 8.3, 22, オタク学入門
01783128, 8.7, 18, 日本社会
27148259, 8.7, 18, 海那边
02135606, 8.2, 23, Tsukiji
25723990, 6.6, 77, 新选组
01409874, 7.1, 48, 日本文化中的恶与罪
04885132, 7.6, 32, 俗物圖鑑－流行文化裡的日本復刻新版
03025645, 8.6, 18, 儒家思想与日本文化
23590822, 8.6, 18, 重新解讀日本歷史
04047694, 8.2, 22, 影武者德川家康1
27167277, 6.7, 66, 池波正太郎的美食散步
25930039, 6.8, 59, 人间开眼
02329606, 7.1, 45, 日本人论
02045257, 7.3, 38, 大和魂
25842262, 6.8, 58, 真田幸村
06557684, 7.2, 41, 日本武士史
33446534, 8.4, 19, 吃吃的爱
30153726, 7.3, 37, 和食古早味
30316977, 8.9, 15, 廣重TOKYO名所江戶百景
25957895, 7.7, 28, 日语中的汉字 日本人的世界
10483319, 7.3, 36, 京都文具小旅行
03114351, 7.1, 42, 日本文明
03141479, 7.1, 42, 日本文化论
01181355, 8.7, 16, 中日家族制度比较研究
05396705, 6.8, 54, 元禄忠臣藏
26801183, 6.6, 65, 乘上时光机，日本动漫小旅行
21372304, 7.2, 38, 茶道的美学
01229664, 6.8, 53, 日本文化概论
21827039, 8.8, 15, 日本の図像 漫画
03604052, 7.8, 25, 一個人的老後
04942101, 8.4, 18, 百惠
26833205, 6.6, 64, 娜娜告诉你，这才是日本
03447793, 7.5, 30, 日本文化论的变迁
01177765, 7.4, 32, 镇魂诗剧
06714440, 7.2, 37, 酒吧之花
02056792, 7.7, 26, 《茶经》与日本茶道的历史意义
01583147, 9.1, 13, 折焚柴记
01129067, 6.8, 51, 日本禁书百影
33433452, 7.4, 31, d设计之旅：爱知
25947313, 8.3, 18, 十解日本料理：給美食家的和食入門書
19979185, 7.1, 38, 东京电车.地铁.私旅行
01595283, 8.4, 17, 日本传统艺术.第9卷:古典陶瓷( 上下）
01322290, 7.9, 22, 家永三郎自传
06753401, 6.6, 58, 酷日本
26738597, 6.6, 57, 知日·断舍离
01419326, 7.4, 29, 東京上流
02000563, 7.4, 29, 知日部屋
02247183, 8.1, 19, 五十音图日本文化手册
27661635, 8.3, 17, 独目小僧及其他
25801500, 6.0, 107, 一学就会，1000种可爱手账笔记
01066763, 7.7, 23, 日本美术简史
05241328, 7.2, 32, 富士山与日本人
25866012, 7.1, 34, 浮世绘、武士道与大奥
30218886, 6.5, 57, 东洋的理想
25820192, 9.0, 12, 新.AV時代
26021912, 8.2, 17, 谁主东洋
03025611, 6.6, 51, 何谓日本
10560539, 6.9, 39, 和之风
19994995, 7.5, 25, 西乡隆盛
26670551, 5.9, 112, “御宅族”的精神史
03060831, 8.9, 12, 弓道
26104080, 6.2, 73, 平成年代的日本电影
04213984, 8.1, 17, 東京灣閒話
34799133, 8.2, 16, 知日的风景:日本的历史文化与当下
26531465, 6.7, 42, 瓢箪鲶闲话
26671910, 6.1, 77, 图说日本艺伎
01792404, 5.9, 99, 雪国之樱
02339153, 7.8, 19, 小泉八云与近代中国
01278283, 8.0, 17, 日本文化模式与社会变迁
26738595, 6.5, 48, 知日·家宅
30281405, 8.3, 14, 千年繁华2喜乐京都
04875380, 6.8, 34, 和纸的艺术
27001314, 8.6, 12, 竹书
26304891, 7.2, 25, 日本人与日本论
01692503, 6.2, 59, 艺伎浮世绘
26884127, 6.8, 33, 日本建筑与生活简史
26461322, 7.8, 17, 意.象.京都
30414905, 7.8, 17, 居酒屋全圖解
03000346, 6.7, 35, 日本神道研究
01862854, 7.4, 21, 日本文化与日本人性格的形成
03828424, 8.0, 15, 家元：日本的真髓
03093165, 7.3, 22, 鏡像下的日本人
04908907, 7.1, 25, 日本民俗学方法序说
06393897, 7.6, 18, 鎌倉日和
02216625, 7.2, 23, 花道
03210794, 7.5, 19, 風來坊閒話
26657679, 7.0, 25, 插花百规
01476303, 7.8, 15, 纵观日本文化
01952422, 7.5, 17, 古代日本的都城空间与礼仪
03834601, 7.5, 17, 东京暴走搜查线
03237342, 7.3, 19, 柴门文 日本入门
21371462, 7.7, 15, 奈良街道風情 〈上〉
34940784, 7.7, 15, 重新发现日本
25726112, 7.2, 20, 日本的祭祀与艺能
24531178, 7.3, 18, 和风汉韵：日本书道之美
20432489, 6.5, 32, 从音乐看日本人
30471279, 7.9, 13, 妖怪、妖怪学与天狗
06722616, 6.9, 23, 你所不知道的日本
11626651, 6.9, 23, 战后日本社会阶级构造的变迁
27202599, 6.1, 42, 速读日本文化
33477134, 6.4, 31, 皇宫日落
27593442, 5.6, 73, 日本的细节
30432482, 8.0, 11, 近代日本生活空间
11498044, 6.9, 20, 东瀛花影
01645100, 7.8, 12, 日本文化论
02291357, 7.3, 15, 日本名窯陶瓷圖鑑
03065732, 6.5, 25, 不平等的日本
05937264, 7.8, 11, 日本近现代文化史
26153745, 7.6, 12, 只能在京都遇見的二十三家書店
01976466, 6.6, 21, 看不透的日本
03226732, 6.9, 17, 日本名人奇闻异事
01062643, 7.5, 12, 中国传统文化在日本
26989349, 7.5, 12, 後戰後社會
26911150, 7.2, 14, 討厭京都
20268323, 5.7, 47, 俗物图鉴
01126918, 7.2, 13, 新编日本史
24744496, 6.5, 19, 忍者
26897354, 6.0, 27, 日本大发展时代启示录
04321049, 7.5, 10, 日本文化的杂种性
01276470, 6.4, 19, “认真”的崩溃
05912445, 5.4, 50, 第三只眼看日本
26802264, 6.4, 15, 图说日本服饰史
30429003, 6.6, 12, 日本戏剧
26694277, 5.7, 24, 神道与日本人
10738804, 5.2, 12, 和服
25712481, 0.0, 10, AV辭典
25929307, 0.0, 10, 汉魂与和魂
30299282, 0.0, 10, 穿在身上的祝福： 和式纹样的爱与美
34959859, 0.0, 11, 成人漫畫研究史
01835303, 0.0, 12, 日本家训研究
03001327, 0.0, 12, What is 狂言？
