2020-07-05 16:00:06

number of books, tag name
522, 明史

ID, rating, votes, title
01041482, 8.9, 143755, 万历十五年
03674537, 9.1, 87803, 明朝那些事儿（1-9）
01873231, 8.7, 182711, 明朝那些事儿（壹）
01949338, 8.9, 53040, 明朝那些事儿（贰）
02052448, 8.9, 44031, 明朝那些事儿（叁）
07163250, 9.2, 21829, 明朝那些事儿
02253642, 8.8, 40158, 明朝那些事儿（肆）
03009821, 8.8, 36683, 明朝那些事儿（伍）
03626924, 8.9, 30843, 明朝那些事儿（柒）
03274113, 8.8, 31101, 明朝那些事儿（陆）
01981042, 9.1, 19319, 万历十五年（增订本）
01858410, 9.0, 19293, 万历十五年
30414743, 8.7, 14585, 显微镜下的大明
01053088, 9.3, 4332, 陶庵梦忆 西湖梦寻
25893465, 9.1, 5173, 万历十五年
01025723, 8.3, 15891, 潜规则
01982427, 9.1, 3787, 大明王朝1566
06533042, 9.2, 2908, 南明史
26925171, 9.3, 2205, 大明王朝1566
03289274, 9.1, 2532, 万历十五年
01317857, 9.1, 2500, 牡丹亭
03717819, 9.0, 2404, 明朝那些事兒 肆
01463256, 8.3, 4673, 大明王朝的七张面孔
03717783, 8.9, 2089, 明朝那些事兒 壹
03204645, 9.6, 868, 明式家具研究
01082361, 8.4, 2938, 张居正
06878988, 8.9, 1569, 明朝那些事儿·第1部
27127895, 9.2, 1113, 明朝那些事儿(增补版)(套装共9册)
01441901, 9.0, 1121, 万历十五年
03794633, 9.0, 1091, 明朝那些事兒 柒
06902246, 8.9, 1187, 明朝那些事儿·第2部
25760457, 8.7, 1411, 三案始末
01025931, 9.2, 774, 南明史
34869500, 8.6, 1368, 被统治的艺术
06902245, 8.8, 1077, 明朝那些事儿·第3部
01132689, 8.7, 1205, 洪业
06902242, 9.0, 867, 明朝那些事儿·第7部
25911978, 7.6, 5371, 知行合一王阳明（1472—1529）
03071976, 9.1, 709, 大明王朝1566（上下）
01825043, 8.9, 843, 明史讲义
06902243, 8.7, 1018, 明朝那些事儿·第4部
01006419, 8.5, 1170, 十六世纪明代中国之财政与税收
06902244, 8.7, 916, 明朝那些事儿·第5部
03686657, 8.6, 980, 明朝那些事儿1
03697785, 9.0, 621, 明朝那些事儿2
01076013, 8.9, 680, 明史（全二十八册）
06985548, 9.0, 610, 明朝那些事儿
06879501, 8.8, 674, 明朝那些事儿 第1部（图文精印版）
06794170, 8.7, 737, 明朝那些事儿·第6部
03697782, 8.8, 662, 明朝那些事儿6
26876054, 8.4, 1015, 纵乐的困惑
03697783, 8.9, 575, 明朝那些事儿4
03717122, 8.8, 606, 明朝那些事儿7
23780846, 8.5, 822, 大明王朝的七张面孔
01001953, 8.3, 1006, 张居正大传
07056976, 9.1, 423, 明朝那些事儿9 图文精印版
06879503, 8.9, 487, 明朝那些事儿2 图文精印版
01777478, 8.5, 735, 剑桥中国明代史（上卷）
03521804, 8.4, 736, 张居正大传
21452652, 8.5, 656, 黑洞
25785039, 9.3, 303, 明清社會史論
03787198, 9.0, 393, 明史讲义
26692605, 7.9, 1323, 大明王朝的七张面孔
26427684, 9.7, 218, 柳如是别传（上、中、下册）
03697784, 8.8, 469, 明朝那些事儿5
21405316, 8.1, 934, 龙床
27141314, 8.8, 435, 明朝那些事儿 第1部朱元璋从和尚到皇帝（增补版）
06963298, 8.9, 395, 明朝那些事儿5 图文精印版
27001225, 9.2, 301, 暮日耀光
27141319, 8.9, 388, 明朝那些事儿 第2部朱棣逆子还是明君（增补版）
03181961, 7.6, 1518, 朱元璋传
01962573, 8.6, 456, 剑桥中国明代史（下卷）
01025547, 8.3, 623, 纵乐的困惑
04122956, 8.1, 774, 风雨张居正
06963297, 8.7, 403, 明朝那些事儿4 图文精印版
27141328, 8.7, 381, 明朝那些事儿 第4部妖孽横行的宫廷（增补版）
27141325, 8.8, 342, 明朝那些事儿 第3部太监弄乱的王朝（增补版）
27141339, 9.1, 261, 明朝那些事儿 第9部 1644，最后的较量（增补版）
26676661, 8.4, 497, 从黄河文明到“一带一路”.第1卷
24858161, 8.4, 477, 野哭
04737019, 9.2, 224, 在国家与社会之间
26838266, 8.1, 627, 哈佛中国史05•挣扎的帝国：元与明
01023188, 8.2, 556, 风雪定陵
20516976, 7.8, 813, 海与帝国：明清时代
23780845, 8.3, 446, 大明王朝的七张面孔2
27141332, 8.8, 257, 明朝那些事儿 第6部 帝国，山雨欲来（增补版）
01866520, 9.1, 196, 明季北略(全二册)
01464897, 8.1, 477, 明朝的皇帝
06727670, 8.2, 408, 明代的图像与视觉性
34898273, 8.0, 507, 倒退的帝国
26802446, 8.5, 299, 从黄河文明到一带一路第2卷
01007272, 9.0, 189, 万历野获编（上中下）
01891759, 8.5, 289, 两头蛇
26281730, 7.8, 586, 南华录
01017931, 8.7, 232, 明史讲义
25806559, 8.4, 302, 血酬定律
27141334, 8.6, 240, 明朝那些事儿 第7部 拐弯中的帝国（增补版）
03258749, 9.4, 118, 阳明先生集要
01434247, 7.3, 945, 帝国政界往事：大明王朝纪事
01039507, 7.7, 545, 朱元璋传
26989749, 9.2, 132, 刘基事迹考
26576592, 9.6, 100, 纪事录笺证
02140639, 9.4, 114, 三才圖會（全三冊）
26663582, 8.0, 379, 帝王师：张居正
26900530, 8.6, 204, 王阳明与明末儒学
30474735, 8.8, 170, 春明梦余录
25819927, 8.7, 182, 明清之际士大夫研究
02353973, 8.8, 167, 大明旗号与小中华意识
19894446, 8.0, 347, 明末农民战争史
10582396, 7.8, 422, 雅债
10435585, 8.1, 305, 明末农民战争史
03295373, 9.6, 90, 明代粮长制度
26609051, 8.1, 299, 明代的漕运
01322125, 7.8, 401, 明代的漕运
34780978, 9.9, 70, 明清社会史论
25895918, 8.2, 244, 1661，决战热兰遮
02378481, 8.8, 144, 明史纪事本末(全四册)
26808462, 7.7, 407, 朱元璋传
03101063, 8.2, 238, 1644：帝国的疼痛
01017604, 8.3, 216, 晚明史
01866523, 8.8, 140, 明季南略
30384282, 7.0, 1008, 易中天中华史
04732937, 8.8, 138, 三案始末
01256231, 8.1, 248, 倾城倾国
20503056, 8.8, 133, 施善与教化
01050199, 9.0, 111, 明代粮长制度
01048535, 8.4, 178, 崇祯传
19967941, 8.2, 206, 隐匿的疆土
25725667, 8.4, 170, 活在晚明②
01489428, 9.3, 86, 国榷（全六册）
26604202, 8.3, 185, 皇权不下县?
20391430, 8.4, 168, 明史讲稿
19954823, 7.9, 264, 明朝没有沈万三
26597918, 7.5, 386, 永乐帝
25716863, 8.5, 141, 明清时代史的基本问题
26840490, 8.5, 141, 明清社会和礼仪
10416541, 9.1, 86, 明清史讲义（全两册）
05244174, 8.8, 105, 明代江南园林研究
26583162, 7.2, 510, 晚明大变局
01008445, 7.6, 304, 朱元璋传
01077131, 8.1, 182, 明代社会生活史
01151340, 7.5, 327, 甲申三百年祭
26418531, 8.7, 106, 十六世纪明代中国之财政与税收
26817860, 8.9, 91, 明前期军事制度研究
01823753, 9.0, 84, 南明史（全十四册）
03818376, 9.4, 64, 政治决策与明代海运
27099203, 9.3, 68, 明初以降人口及其相关问题（1368-1953）
33396034, 8.4, 127, 探明
01022784, 7.7, 237, 狂欢与日常
27077737, 7.8, 212, 天下
01893812, 8.4, 118, 明清之际党社运动考
25837482, 7.7, 224, 大明亡国史
01055236, 7.3, 351, 细说明朝
26716410, 9.1, 70, 琅嬛文集
26603127, 7.5, 267, 南明史
27032996, 8.8, 83, The Art of Being Governed
01706396, 8.5, 103, 明季党社考
06847765, 8.0, 154, 万历兴亡录
03295380, 9.6, 49, 明清赋税与社会经济
01825042, 9.3, 58, 明清史论著集刊（上下）
01058910, 9.2, 61, 明季滇黔佛教考（全二册）
26272845, 8.6, 91, 新天下之化
04862391, 9.1, 63, 卫所、军户与军役
25954502, 8.1, 131, 明末江南的出版文化
05375924, 8.2, 120, 《传习录》精读
24527595, 8.2, 117, 大明王朝的七张面孔
01024235, 6.7, 635, 正说明朝十六帝
02073583, 7.6, 201, 大明王朝的最后十七年
30271119, 8.3, 105, 重写晚明史
26504629, 7.7, 179, 家人父子
04019637, 7.9, 147, 被遗忘的盛世
26312425, 7.5, 216, 世间已无张居正
26908199, 8.1, 120, 明代士大夫的精神世界
03181674, 7.7, 167, 品味奢华
27097508, 8.2, 104, 明史
01059594, 7.9, 131, 明成祖传
02229217, 8.8, 65, 明清史讲义（上下册）
01420729, 7.4, 207, 明史简述
33459263, 8.5, 77, 礼仪下乡
25787052, 9.3, 46, 明通鉴
06730629, 9.6, 39, 晚明史籍考
04852399, 8.7, 66, 江南的早期工业化
25763515, 7.6, 161, 朱元璋传
26597991, 7.2, 247, 倭寇
27075028, 8.0, 110, 從漢城到燕京
26777099, 8.6, 69, 明代卫所政区研究
26570631, 7.4, 194, 塞尔登的中国地图
04082291, 8.0, 109, 中华大帝国史
26354375, 7.8, 130, 明代政治制度的源流与得失
05286685, 7.6, 156, 明朝大历史
30275806, 8.3, 84, 重写晚明史：朝廷与党争
02328136, 8.7, 62, The Confusions of Pleasure
03215726, 8.5, 71, 明代国家权力结构及运行机制
26717713, 8.6, 66, 停云献疑录
02030720, 8.5, 69, 张居正传
27114165, 8.7, 60, 理学、士绅和宗族
24546715, 8.3, 78, 阳明学的乡里实践
04912691, 8.1, 91, 边镇粮饷
02075687, 7.5, 154, 黎东方讲史：细说明朝
26606367, 7.6, 139, 藩屏
01460587, 9.1, 45, 阳明学士人社群
02197306, 9.1, 45, 明代黄册研究
20382851, 9.4, 38, 明代哲学史（修订版）
03096218, 9.3, 40, 列朝诗集小传（全二册）
33459258, 9.3, 40, 走出地方史
30178794, 9.5, 35, 鲒埼亭文集选注
26577577, 9.3, 38, 王文成公全书(全四册)
01013094, 7.3, 170, 明史（上、下册）
30331832, 7.7, 113, 大明
02336193, 9.4, 35, 袁宏道集箋校（全三冊）
26292517, 8.8, 49, 明代江南土地制度研究
30279103, 9.1, 41, 明代宦官制度研究
34691868, 7.6, 122, 鼎革之际
05068136, 7.4, 148, 救时宰相于谦
20373414, 7.7, 110, 吴晗论明史
27153908, 8.1, 78, 明清法律运作中的权力与文化
33454043, 8.8, 48, 贡赋体制与市场
02346746, 8.3, 67, 万历首辅张居正
01929884, 8.2, 71, 洪承畴与明清易代研究
30136930, 9.5, 32, 酌中志
27024199, 7.7, 106, 南明史
27108522, 7.4, 140, 朱元璋的政权及统治哲学
26358977, 9.2, 37, 明清歇家研究
26661544, 8.5, 56, 胡惟庸党案考
01536632, 9.0, 41, 练兵实纪
01081897, 8.7, 48, 王学与中晚明士人心态
01545859, 8.7, 48, 克拉维约东使记
01061298, 7.4, 130, 明末四公子
26826799, 7.4, 128, 明史十讲
26871212, 7.5, 116, 明朝历史的教训
30233961, 8.1, 69, 四时幽赏录
27056306, 7.5, 113, 救命
26303580, 8.7, 45, 孔庙从祀与乡约
03229743, 8.3, 58, 明清时代江南市镇研究
20473437, 8.6, 47, 明代文学思想史
10427722, 8.7, 44, 刀兵相见
33372103, 7.9, 77, 明代宦官
01273938, 8.2, 60, 功过格
26270259, 9.0, 36, 张岱诗文集（增订本）
03100639, 8.6, 45, 晚明思想史论
34913207, 9.2, 32, 易代
03859958, 9.1, 33, 明通鉴（全六册）
11615750, 7.9, 71, 壬辰1592
25964598, 7.7, 83, 走进晚明
26667350, 7.7, 83, 明帝国边防史
25869391, 8.4, 49, 明代社会转型与文化变迁
27008477, 8.4, 49, “地域社会”视野下的明清史研究
04912112, 7.6, 90, 谋位
01133564, 8.8, 38, 长安客话·酌中志
01059788, 7.8, 75, 明代政治史（上下）
25836221, 7.4, 103, 庸人治国
01488608, 7.2, 125, 为权力祈祷
01556223, 8.3, 49, 明代的宦官和宫廷
26963790, 8.9, 34, 明本纪校注
05345122, 7.5, 91, 明初的人物、史事与传说
01063921, 7.7, 76, 嘉靖传
26307241, 7.9, 64, 倭寇战争全史
01824712, 8.2, 51, 明代中后期的江南社会与社会生活
20505129, 8.8, 35, 王室后裔与叛乱者
01956038, 8.9, 33, 明代驿站考
01909171, 8.3, 47, 弇山堂别集（全四册）
04201730, 8.3, 47, 明史讲义
26613800, 9.2, 28, 中国科举制度通史
01032804, 7.6, 79, 草木子
04238227, 8.1, 53, 中国古船图谱
02177435, 9.4, 25, 梁庄王墓-(全2册)
02124445, 9.9, 20, 增訂晚明史籍考
26907049, 9.3, 26, 明代文学思潮史
34783768, 9.3, 26, 邊疆與帝國之間
01628327, 8.2, 48, 晚明与晚清
02114953, 9.6, 22, 大明会典（全五册）
26974288, 8.2, 47, 吴晗论明史
03043164, 8.4, 40, 明代的变迁
33436280, 6.7, 176, 壬辰战争
26232486, 8.1, 48, 明清以来的乡村社会经济变迁
26659443, 8.1, 48, 明史纪事本末（全四册）
03594163, 7.7, 62, 朱元璋传
06797630, 9.0, 27, 味水轩日记校注
26658268, 9.3, 23, 明实录
04104035, 8.1, 45, 崇祯皇帝传
30384776, 9.6, 20, 大明首相
05030645, 8.5, 34, 晚明思想史论
26431485, 7.9, 50, 晚明史（1573-1644）下
05262998, 7.4, 74, 大明嘉靖往事
01421317, 8.1, 43, 明史新编
25758774, 8.0, 46, 明季党社考
06999512, 8.5, 33, 明代中央文官制度与文学
26201587, 7.6, 59, 明代的社会与国家
30380073, 6.7, 141, 锦衣卫
33478498, 9.1, 23, 国家与市场
01201451, 9.0, 24, 明经世文编(1-6)
01893813, 7.7, 53, 明末清初的学风
25878147, 7.7, 53, 李自成（套装共10册）
03174574, 8.5, 31, 草根皇帝·朱元璋
01136944, 8.8, 26, 殊域周咨录
03749766, 8.8, 26, 少室山房笔丛
02173360, 9.1, 22, 筹海图编
03667747, 9.3, 20, 春明梦余录 （上下册）
27604670, 9.4, 19, 郑天挺明史讲义（全3册）
01914247, 8.0, 40, 明代文学史
26504653, 8.0, 40, 制度·言论·心态
03678574, 8.7, 26, 明清法律運作中的權力與文化
23691466, 6.3, 202, 南明那些事儿
34650480, 8.3, 32, 明清叙事文学中的城市与生活
34933259, 8.9, 23, 铁面御史
30488982, 8.4, 30, 陪京首善
01492463, 7.1, 78, 明代特务政治
25790238, 7.1, 78, 晚明民变
03651047, 8.8, 24, 明史讲义
34797747, 8.8, 24, 帝国失格
02329350, 8.7, 25, 官、民与法
04738268, 9.4, 18, 名山藏
20434502, 8.4, 29, 万历野获编（上中下）
03299917, 6.8, 100, 亡天下
21771735, 7.7, 45, 明世宗传
26897359, 9.0, 21, 变动不居的经典
01844782, 7.8, 40, 飘摇的传统
02171694, 9.0, 20, 明会典
02261238, 8.4, 27, 中国行政区划通史（明代卷）
02227150, 8.7, 23, 由典範到規範
02141031, 7.7, 42, 1449大明惊变
02382853, 9.2, 18, 中国明朝档案总汇
10732654, 7.9, 36, 朱元璋传
11226169, 8.3, 28, 历史.时势.人心
26575024, 7.8, 38, 细说明朝
30329222, 7.8, 38, 百年明朝一鉴开
33391387, 7.5, 47, 重写晚明史：内忧与外患
01046332, 8.0, 33, 寓圃杂记 谷山笔麈
11442994, 7.9, 35, 明代乡村纠纷与秩序
26381860, 8.8, 21, 明史（全两册）
11601826, 8.3, 27, 大中国志
10563551, 7.4, 49, 明朝的生活美学
26692610, 8.2, 28, 北辙
26718089, 8.2, 28, 良知学的展开
02369601, 8.3, 26, 明史简述
01659217, 8.1, 29, 明代内阁政治
06889513, 8.6, 22, 治政与事君
01620381, 9.3, 16, 中国古代地图集(明代)
25962199, 7.6, 40, 明代国家机构研究
10597912, 8.5, 23, 明清以来的徽州茶业与地方社会
27041550, 7.3, 50, 风雅之好
35003834, 7.3, 50, 锦衣卫
34446423, 9.6, 14, 首译之功
06751291, 8.0, 30, 史学与性别
34451437, 7.3, 49, 明史
24872039, 6.3, 133, 明•冤
34465290, 7.8, 33, “倭寇”与明代的东亚秩序
01039669, 8.0, 29, 庚巳编 客座赘语
02288903, 7.7, 35, 三姑六婆
03244069, 8.3, 24, 邊鎮糧餉：明代中後期的邊防經費與國家財政危機（1531-1602）
26252806, 8.3, 24, Writing
26915158, 7.8, 32, 历史的镜子
26989617, 7.8, 32, 朝贡贸易与仗剑经商
34648381, 7.8, 32, 家园与天下
26661770, 6.3, 125, 大清棋局
26892587, 7.2, 49, 长城内外
01072247, 7.8, 31, 治世馀闻·继世纪闻·松窗梦语
03225259, 9.2, 15, 兩頭蛇
33434959, 8.9, 17, 限隔山海
03782710, 8.4, 21, 牧齋初學集（全三冊）
05321264, 8.2, 23, 明代宫廷建筑史
01123457, 7.9, 27, 十六世纪中国南部行纪
25716225, 6.5, 85, 壬辰倭乱
02975975, 6.4, 95, 崇祯王朝
01392225, 7.4, 37, 明代文官铨选制度研究
26689740, 9.2, 14, 汤显祖集全编
24696196, 8.5, 19, 王者与学者
27187554, 9.6, 12, 王陽明年譜長編
19976470, 7.5, 34, 明清战争史略
01489426, 7.2, 42, 晚明社会变迁问题与研究
04813176, 7.2, 42, 明朝帝王师
01253351, 8.7, 17, 明实录北京史料
01639355, 8.7, 17, 明清时期琉球日本关系史
06959644, 8.7, 17, 明末清初私人海上貿易
01538819, 7.6, 31, 明实录研究
30163031, 7.0, 49, 朱元璋传
05413209, 8.0, 24, 明代省镇营兵制与地方秩序
25894845, 8.3, 20, 16-17世纪西方火器技术向中国的转移
33391383, 8.3, 20, 明末农民战争（修订版）
01045372, 8.2, 21, 崇祯传
02336280, 8.2, 21, 石匮书 石匮书后集
28568285, 8.5, 18, 郡邑之盛
34902551, 7.5, 32, 明朝简史
01115845, 7.7, 28, 明朝十六帝
30215951, 6.8, 55, 明史不忍细看
01309263, 6.9, 50, 朱元璋(上、下)
03803843, 8.7, 16, 孟森讲明史
02275249, 9.0, 14, 天下水陆路程
03572072, 9.4, 12, 卢象升疏牍
10745352, 8.2, 20, 罪惟录
20373286, 8.2, 20, 明代卫所武官世袭制度研究
01270653, 7.3, 35, 张献忠剿四川实录
26303598, 8.4, 18, 儒者思想与出处
03094761, 8.0, 22, 明史食货志校注
26910889, 8.5, 17, 致富奇书
26381125, 8.9, 14, 增订晚明史籍考
01883171, 7.2, 36, 明代后期士人心态研究
25892475, 8.2, 19, 明代宗藩犯罪问题研究
01200562, 8.1, 20, 逊志斋集
04141537, 6.7, 54, 当权不过如此
03059648, 8.0, 21, 明清之际党社运动考
04892019, 8.0, 21, 明清以来景德镇瓷业与社会
05410281, 7.1, 38, 土司政治与族群历史
34432204, 7.1, 38, 重写晚明史 王朝的末路
25963510, 8.4, 17, 请中国作证
30352806, 8.4, 17, 大明苏州
04925006, 7.0, 41, 明清皇室与方术
26313916, 8.8, 14, “天会”与“吾党”
26863242, 9.4, 11, 东西均注释（外一种）
02117460, 7.7, 24, 明代文化史
03860424, 8.1, 19, 魏忠贤专权研究
03210526, 8.0, 20, 明宫史 金鳌退食笔记
04911536, 7.3, 30, 万历皇帝传
01965262, 7.5, 26, 明代县政研究
02223657, 9.0, 12, 明代人物與史料
03053819, 8.3, 16, 明史研究备览
27043792, 8.3, 16, 阴影下的大帝
01454848, 7.0, 35, 1644年中国社会大震荡
04062921, 8.4, 15, 明代商贾与士风
26094518, 7.1, 32, 明代政争探源
01921132, 8.9, 12, 明别集版本志
28568862, 8.7, 13, 文学社会学
03837671, 7.5, 24, 明代的社会与国家
05388805, 7.5, 24, 明月几时有
06308155, 7.8, 20, 晚明辽饷研究
34806571, 7.8, 20, 谋利而印
26716198, 8.1, 17, 中国纪行
01948688, 7.8, 19, 明史选举志考论
03067225, 7.6, 21, 明代土地制度和赋役制度的发展
30482575, 8.2, 15, “白银时代”的落地
27594069, 6.7, 39, 滴血的大朝代
25840483, 7.8, 18, 明朝后妃与政局演变
06854662, 6.5, 46, 明代的女人
03070037, 7.3, 24, 日落月升
25801747, 6.6, 41, 明朝大悲咒
03778726, 9.1, 10, 莱芜集
30168213, 8.4, 13, 琉球的時代
10757486, 8.2, 14, 吴晗史学论著选集
26761443, 8.2, 14, 明清徽州诉讼文书研究
01096492, 7.8, 16, 西洋朝贡典录校注 东西洋考
01111250, 7.8, 16, 天府广记
01843258, 8.4, 12, 王世贞史学研究
01185126, 7.9, 15, 甲申传信录(外四种)
06847996, 8.2, 13, 明太祖的治國理念及其實踐
06981855, 8.2, 13, 明史讲义
33705953, 6.7, 32, 三姑六婆
03538847, 7.5, 18, 明代進士的地理分布
26289088, 8.3, 12, 奢儉·本末·出處
03242068, 7.9, 14, 征戰與棄守
34793964, 7.4, 18, 明代藩王与道教
01548545, 8.4, 11, 晚明中西性伦理的相遇
26280518, 8.4, 11, 冒辟疆全集
26826694, 8.6, 10, 王世贞年谱长编
26168911, 7.8, 14, 大明王朝家里事儿
20440077, 6.7, 27, 朱棣的权谋
11519496, 8.5, 10, 明季西洋传入之医学
30271644, 6.6, 28, 矛与盾的共存
26757115, 7.8, 13, 晚明风月
34840292, 7.4, 16, 钱谦益的“诗史”理论与实践
05321263, 8.4, 10, 明代宫廷戏剧史
25745921, 7.5, 15, 明实录研究
26735712, 7.0, 20, 中国历史的教训
25799605, 7.7, 13, 西学与晚明思想的裂变
03671720, 7.1, 18, 南明史 一六四四——一六六二
30328162, 7.4, 15, 明代外戚研究
27120357, 5.5, 82, 大明王朝是被谁干掉的（原创性的新思路、新观点再度书写中国大历史）
01130860, 8.2, 10, 明人室名别称字号索引（上下）
01337975, 7.6, 13, 明代知识界讲学活动系年
01433902, 7.6, 13, 明清史论著集刊正续编
06004608, 7.6, 13, 明代中日文化交流史研究
26434093, 7.6, 13, 明代名人传
26973135, 8.1, 10, 清初复明运动
02162489, 6.1, 35, 明朝的痛
01192882, 7.1, 16, 嘉靖传
02006950, 7.8, 11, 宣德皇帝大传
34894348, 7.1, 15, 明冤
01944371, 7.2, 14, 明与帖木儿王朝关系史研究
03613881, 6.5, 22, 中华人民共和国的明清史研究
30365761, 6.4, 23, 沈一贯执政与万历党争
27609474, 4.7, 237, 明代的锦衣卫和东西厂
01397740, 7.3, 12, 晚明史论
26811656, 6.9, 15, 明清史杂考
03059653, 7.5, 10, 明清笔记谈丛
03353959, 6.9, 13, 明代国家宗教管理制度与政策研究
03271267, 7.2, 11, 明史通俗演义
03398344, 6.2, 20, 明代后期社会转型研究
19986447, 6.2, 20, 微历史-明朝就是如此有趣
02283080, 7.3, 10, 市井风情—三言二拍的世界
03080944, 6.2, 18, 明清之交文人游幕与文学生态
01256779, 6.8, 12, 明代中央司法审判制度
30367531, 6.5, 14, 明朝大博弈
02982286, 6.4, 13, 正德皇帝大传
21632291, 6.6, 11, 晚明东林党议
01614310, 5.8, 19, 国家、科举与社会
26435659, 5.0, 31, 大明疑案
03875790, 6.1, 10, 明代言官群体研究
11530955, 3.7, 71, 嘉靖阁臣顾鼎臣研究
01122222, 0.0, 10, 四海宗盟五十年
01187355, 0.0, 10, 国朝典故(上、中、下)
01255968, 0.0, 10, 东里文集
01412411, 0.0, 10, 明代充军研究
01516961, 0.0, 10, 盟水斋存牍
02567282, 0.0, 10, 定陵出土文物图典
02972607, 0.0, 10, 明通鉴（全八册）
03158875, 0.0, 10, 张太岳集
03456718, 0.0, 10, 明代出版史稿
04289195, 0.0, 10, 多维视野的大明帝国
06508990, 0.0, 10, 大顺史稿
10726596, 0.0, 10, 明代卫所归附人研究
25782502, 0.0, 10, 大明一统志
33436846, 0.0, 10, 周易简要
02119751, 0.0, 11, 明末江阴守城纪事
02152812, 0.0, 11, 南明史纲·史料
25826390, 0.0, 11, 明代宦官史料长编
30223436, 0.0, 11, 牧齋初論集
30269428, 0.0, 11, 明史讲义
30733351, 0.0, 11, 中国大历史——明史讲义（第2版）
34478012, 0.0, 11, 父母等恩
03018298, 0.0, 13, 方以智全书（全两册）
05352521, 0.0, 13, 永乐皇帝朱棣
01185129, 0.0, 14, 永历实录(外一种)
30376568, 0.0, 14, 安南史研究I
