2020-07-05 16:00:06

number of books, tag name
48, 明天

ID, rating, votes, title
01068920, 9.3, 158308, 飘
06781808, 9.2, 77184, 杀死一只知更鸟
06709783, 9.0, 26433, 浪潮之巅
01018136, 9.1, 21044, 动物庄园
01083474, 9.2, 9430, 飘（全二册）
04152754, 7.6, 42778, 时生
01721111, 8.6, 3663, 周国平人生哲思录
04746554, 7.9, 10035, 年华是无效信
03769430, 8.8, 1554, 边城
02120425, 8.6, 1192, 小蓝和小黄
01834728, 8.8, 872, 人工智能的未来
02270239, 8.3, 1313, 怀念小龙女
01958741, 7.7, 2568, 追逐日光
01779099, 8.5, 736, 月亮，生日快乐
10532684, 9.0, 293, 赶往火星
07052624, 7.3, 1862, 辞职，去旅行！
24699104, 6.8, 4417, 你要去相信，没有到不了的明天
01092904, 8.3, 449, 明日的田园城市
02270278, 8.7, 272, 关于理想的课外作文
10578495, 8.1, 344, 物理学的未来
26731255, 6.8, 1586, 浪花一朵朵
01810352, 8.1, 236, 灵魂机器的时代
01315191, 8.0, 193, 生命的未来
01426703, 8.0, 156, 消失的植物
01059633, 9.1, 65, 倾听者
01071243, 8.7, 76, 宇宙波澜
27083174, 8.4, 89, 乌干菜 白米饭
25836268, 7.3, 231, 阿甘后传
26278430, 7.2, 255, 别害怕你所向往的生活
07058719, 6.9, 327, 为爱瘦一次
01470822, 8.4, 67, 未来的冲击
02133967, 6.9, 192, 智能简史
02568196, 8.1, 58, 家树
01323570, 7.5, 93, 伊托邦
01225706, 7.5, 88, 人类灭绝之后的动物
01319097, 7.7, 48, 未来世界的100种变化
04045397, 7.1, 72, 国富之道
01474579, 7.5, 44, 预测未来
01006905, 7.8, 35, 地外文明探秘
01283506, 7.8, 27, 未来的性
26775065, 7.2, 38, 何必等明天
01047445, 7.9, 20, 在地球之外
04035663, 7.1, 30, 明天，是否还有人像我一样爱你
01010129, 7.0, 14, 获得自由的世界
01085293, 6.9, 11, 人类演化的未来
03400063, 0.0, 11, 先行者
06728949, 0.0, 12, 毕业5年，决定一生差距
01125827, 0.0, 13, 韩昌黎全集
