2020-07-05 16:00:06

number of books, tag name
548, 明朝

ID, rating, votes, title
01019568, 9.3, 122051, 三国演义（全二册）
01041482, 8.9, 143755, 万历十五年
03674537, 9.1, 87803, 明朝那些事儿（1-9）
01873231, 8.7, 182711, 明朝那些事儿（壹）
03006581, 8.9, 98932, 无人生还
10564071, 9.2, 45219, 白鹿原
01949338, 8.9, 53040, 明朝那些事儿（贰）
02052448, 8.9, 44031, 明朝那些事儿（叁）
07163250, 9.2, 21829, 明朝那些事儿
01008357, 8.6, 57732, 水浒传（全二册）
02253642, 8.8, 40158, 明朝那些事儿（肆）
03009821, 8.8, 36683, 明朝那些事儿（伍）
03626924, 8.9, 30843, 明朝那些事儿（柒）
03274113, 8.8, 31101, 明朝那些事儿（陆）
01981042, 9.1, 19319, 万历十五年（增订本）
01858410, 9.0, 19293, 万历十五年
01476651, 9.0, 17668, 社会心理学
30414743, 8.7, 14585, 显微镜下的大明
01015699, 8.2, 25004, 中国大历史
01053088, 9.3, 4332, 陶庵梦忆 西湖梦寻
25893465, 9.1, 5173, 万历十五年
01025723, 8.3, 15891, 潜规则
01456692, 8.7, 7235, 金瓶梅
01982427, 9.1, 3787, 大明王朝1566
03155622, 8.1, 15821, 庆余年·壹
02083981, 8.7, 5664, 了凡四训
06533042, 9.2, 2908, 南明史
26418524, 9.0, 3677, 万历十五年
10747883, 8.0, 15268, 怦然心动的人生整理魔法
20443559, 7.7, 25865, 小王子
03007268, 9.3, 2314, 传习录
26925171, 9.3, 2205, 大明王朝1566
03289274, 9.1, 2532, 万历十五年
30377678, 8.6, 4801, 曾国藩传
01021709, 8.6, 4658, 桃花扇
03717819, 9.0, 2404, 明朝那些事兒 肆
03026875, 8.7, 3060, 幕后凶手
01463256, 8.3, 4673, 大明王朝的七张面孔
03717783, 8.9, 2089, 明朝那些事兒 壹
03014601, 8.4, 3508, 沧海Ⅵ
03204645, 9.6, 868, 明式家具研究
02354969, 8.2, 4532, 衣香鬓影
01893879, 8.4, 3395, 张居正（全四册）
03717799, 9.1, 1373, 明朝那些事兒 貳
02375610, 8.2, 4047, 流血的仕途·终结版
10739689, 8.6, 2276, 伟大的电影
01082361, 8.4, 2938, 张居正
06878988, 8.9, 1569, 明朝那些事儿·第1部
27127895, 9.2, 1113, 明朝那些事儿(增补版)(套装共9册)
10763905, 7.7, 8226, 西游日记
01491630, 8.5, 2113, 小窗幽记
03794633, 9.0, 1091, 明朝那些事兒 柒
01119476, 8.1, 3321, 醒世恒言（上下）
06902246, 8.9, 1187, 明朝那些事儿·第2部
01644403, 8.1, 3111, 警世通言
01014493, 8.1, 3083, 萍踪侠影录
25760457, 8.7, 1411, 三案始末
01025931, 9.2, 774, 南明史
25934176, 8.3, 2039, 雪隐鹭鸶
01466836, 8.1, 2649, 喻世明言
01055976, 7.2, 11922, 碧血剑（上下）
06902245, 8.8, 1077, 明朝那些事儿·第3部
01132689, 8.7, 1205, 洪业
06902242, 9.0, 867, 明朝那些事儿·第7部
01203421, 9.4, 572, 王阳明全集（全二册）
25911978, 7.6, 5371, 知行合一王阳明（1472—1529）
05505258, 9.2, 656, Q版大明衣冠图志
03071976, 9.1, 709, 大明王朝1566（上下）
10527811, 8.6, 1186, 官居一品（全七册）
01825043, 8.9, 843, 明史讲义
06902243, 8.7, 1018, 明朝那些事儿·第4部
02974188, 7.7, 3776, 回到明朝当王爷
01881837, 8.1, 2010, 三言二拍
27020378, 9.4, 466, 金瓶梅
01006419, 8.5, 1170, 十六世纪明代中国之财政与税收
06438028, 8.9, 741, 大明王朝1566（上下卷）
26303324, 9.2, 551, 万历十五年（最新增订本）
06902244, 8.7, 916, 明朝那些事儿·第5部
03686657, 8.6, 980, 明朝那些事儿1
03697785, 9.0, 621, 明朝那些事儿2
01076013, 8.9, 680, 明史（全二十八册）
06985548, 9.0, 610, 明朝那些事儿
02972805, 9.3, 447, 金瓶梅詞話
25844426, 8.8, 708, 反抗“平庸之恶”
06791427, 7.8, 2433, 帝国最后的荣耀
06879501, 8.8, 674, 明朝那些事儿 第1部（图文精印版）
10566838, 7.4, 4263, 圣人请卸妆
06794170, 8.7, 737, 明朝那些事儿·第6部
03697782, 8.8, 662, 明朝那些事儿6
26876054, 8.4, 1015, 纵乐的困惑
01891221, 9.2, 442, 金瓶梅词话（全六册）
03697783, 8.9, 575, 明朝那些事儿4
03072649, 7.9, 1862, 窃明
01597987, 9.3, 392, 金瓶梅
03717122, 8.8, 606, 明朝那些事儿7
23780846, 8.5, 822, 大明王朝的七张面孔
25897333, 7.5, 3068, 我讲个故事，你可别当真啊
01001953, 8.3, 1006, 张居正大传
07056976, 9.1, 423, 明朝那些事儿9 图文精印版
26308574, 7.3, 3851, 锦衣之下（全二册）
06879503, 8.9, 487, 明朝那些事儿2 图文精印版
01777478, 8.5, 735, 剑桥中国明代史（上卷）
03697787, 8.8, 514, 明朝那些事儿3
01012743, 9.0, 420, 万历十五年
03521804, 8.4, 736, 张居正大传
21452652, 8.5, 656, 黑洞
01052932, 7.9, 1336, 大历史不会萎缩
26692605, 7.9, 1323, 大明王朝的七张面孔
06879502, 8.8, 470, 明朝那些事儿3 图文精印版
03697784, 8.8, 469, 明朝那些事儿5
25840005, 8.6, 565, 中国是部金融史2
21405316, 8.1, 934, 龙床
27141314, 8.8, 435, 明朝那些事儿 第1部朱元璋从和尚到皇帝（增补版）
01109137, 7.7, 1540, 初刻拍案惊奇
27141319, 8.9, 388, 明朝那些事儿 第2部朱棣逆子还是明君（增补版）
01962573, 8.6, 456, 剑桥中国明代史（下卷）
01025547, 8.3, 623, 纵乐的困惑
27141328, 8.7, 381, 明朝那些事儿 第4部妖孽横行的宫廷（增补版）
27141325, 8.8, 342, 明朝那些事儿 第3部太监弄乱的王朝（增补版）
02973558, 7.7, 1171, 丰臣秀吉（上下册）
27141339, 9.1, 261, 明朝那些事儿 第9部 1644，最后的较量（增补版）
26676661, 8.4, 497, 从黄河文明到“一带一路”.第1卷
01339435, 8.8, 329, 萬曆十五年
02377211, 9.5, 182, 明儒學案（上下）
24858161, 8.4, 477, 野哭
05500746, 8.8, 322, 明夷待访录
25862900, 8.7, 348, 话/镜
01023188, 8.2, 556, 风雪定陵
27141330, 8.8, 291, 明朝那些事儿 第5部 内阁不相信眼泪（增补版）
31086991, 9.5, 159, 临高启明
23780845, 8.3, 446, 大明王朝的七张面孔2
25923079, 7.8, 708, 设计师的自我修养
01559380, 8.8, 243, 徐霞客游记
02050002, 8.6, 290, 张居正
01227981, 8.0, 536, 闺塾师
01464897, 8.1, 477, 明朝的皇帝
27096544, 9.5, 134, 明朝那些事儿全集 : 图文增补版全9册（新版）
06727670, 8.2, 408, 明代的图像与视觉性
34898273, 8.0, 507, 倒退的帝国
27141337, 8.7, 250, 明朝那些事儿 第8部 人间再无魏忠贤（增补版）
03249938, 8.1, 449, 窃明4
01608312, 8.5, 298, 呻吟语
06904923, 8.2, 402, 武道狂之诗（卷三 之 震关中）
01007272, 9.0, 189, 万历野获编（上中下）
26281730, 7.8, 586, 南华录
30217243, 7.4, 984, 镜湖
03255919, 8.0, 460, 窃明5
25725666, 8.3, 331, 活在晚明①
10773193, 8.2, 354, 武道狂之诗（卷四 之 英雄街道）
27141334, 8.6, 240, 明朝那些事儿 第7部 拐弯中的帝国（增补版）
03938304, 8.6, 238, 江山如此多娇
01906939, 8.8, 200, 扬州十日记
11632503, 8.3, 315, 长物志
01842950, 7.8, 531, 大雪满刀弓
02980886, 7.7, 586, 聂十郎
26751778, 8.6, 225, 大明衣冠图志
01436199, 8.6, 223, 张居正
01625179, 8.7, 204, 明清室内陈设
01039507, 7.7, 545, 朱元璋传
03007653, 8.4, 256, 菜根谭
26663582, 8.0, 379, 帝王师：张居正
30474735, 8.8, 170, 春明梦余录
03101421, 6.9, 1559, 皇后出墙记（全二册）
01870360, 7.3, 838, 明亡清兴六十年（上）
30332757, 9.4, 107, 大明锦衣卫之踏雪者
19894446, 8.0, 347, 明末农民战争史
01918545, 8.9, 152, 三案始末
10582396, 7.8, 422, 雅债
10435585, 8.1, 305, 明末农民战争史
01121985, 8.0, 334, 喻世明言
26609051, 8.1, 299, 明代的漕运
19963546, 6.8, 1646, 激色猫小叮当
26770132, 8.5, 201, 明朝那些事儿：漫画版.3
01322125, 7.8, 401, 明代的漕运
10488105, 7.5, 553, 大故宫
03101063, 8.2, 238, 1644：帝国的疼痛
10432756, 7.3, 658, 微勃症
01866523, 8.8, 140, 明季南略
02980902, 7.6, 446, 愿者上钩
04732937, 8.8, 138, 三案始末
26370534, 8.2, 230, 明朝那些事儿 : 漫画版. 2
01156272, 8.6, 161, 张居正（全四册）
01073518, 8.4, 185, 帝京景物略
01144105, 8.1, 244, 旧宫殿
04008942, 8.6, 154, 白门柳（全三册）
01048535, 8.4, 178, 崇祯传
04908844, 6.9, 1027, 明朝一哥王阳明
01489428, 9.3, 86, 国榷（全六册）
26928384, 7.4, 469, 夜天子
26905098, 7.3, 532, 紫禁城的荣光
19954823, 7.9, 264, 明朝没有沈万三
24325287, 9.0, 101, 张居正（套装共4卷）
03916147, 8.4, 159, 有无之境
25767384, 8.5, 145, 张居正大传
01981045, 7.3, 496, 明亡清兴六十年（下）
26597918, 7.5, 386, 永乐帝
20398138, 8.0, 208, 云海玉弓缘
26583162, 7.2, 510, 晚明大变局
01053810, 7.7, 275, 风雪定陵--地下玄宫洞开之谜
01008445, 7.6, 304, 朱元璋传
02678184, 7.4, 383, 帝国政界往事
01077131, 8.1, 182, 明代社会生活史
10442015, 9.0, 88, 长物志 考槃余事
10808989, 7.7, 268, 大故宫2
03063443, 9.6, 60, 傳習錄詳註集評
34835879, 8.2, 160, 探金
26817860, 8.9, 91, 明前期军事制度研究
01823753, 9.0, 84, 南明史（全十四册）
03818376, 9.4, 64, 政治决策与明代海运
26792397, 9.3, 68, 临川四梦
33396034, 8.4, 127, 探明
01073562, 8.5, 117, 张居正・金缕曲
10617760, 9.0, 81, 王阳明全集
24527013, 7.7, 243, 明宫秋词
11603105, 7.4, 338, 风雪定陵
02976880, 7.1, 487, 纳妾记
01671760, 7.7, 237, 中国文学史（第四卷）
34950272, 7.8, 209, 风尘里
07058198, 9.0, 77, 危险的边疆
25837482, 7.7, 224, 大明亡国史
26575350, 7.1, 451, 知行合一王阳明2：四句话读懂阳明心学
06962790, 8.6, 97, 菜根谭
01706396, 8.5, 103, 明季党社考
06847765, 8.0, 154, 万历兴亡录
03766775, 8.1, 140, 盲春秋
03413662, 8.5, 99, 了凡四训
27127894, 9.2, 61, 明朝那些事儿（新版全集）
26270255, 8.9, 73, 张岱诗文集（增订本）
20395131, 7.7, 194, 萍踪侠影录
01055572, 8.3, 112, 万历传
24721582, 9.4, 52, 琅嬛文集
01024235, 6.7, 635, 正说明朝十六帝
10747305, 9.2, 57, 传习录校释
04019637, 7.9, 147, 被遗忘的盛世
02314502, 6.8, 526, 花落燕云梦（终结篇）
25831293, 8.5, 86, 大明悲歌
25831879, 7.4, 233, 帝国的流亡
03181674, 7.7, 167, 品味奢华
02382362, 8.4, 90, 明清时代商人及商业资本/明代江南市民经济初探
27097508, 8.2, 104, 明史
05938978, 8.1, 111, 莫道浮云终蔽日
01059594, 7.9, 131, 明成祖传
02359481, 7.4, 213, 明亡清兴六十年
01169053, 8.6, 73, 明代宦官与三案
25796007, 6.7, 506, 帝王师：刘伯温
01420729, 7.4, 207, 明史简述
01669525, 9.0, 55, 明代笔记小说大观
25765409, 9.0, 55, 吴三桂与甲申之变
03044806, 7.5, 180, 水绘仙侣
01054448, 6.8, 415, 还剑奇情录
25763515, 7.6, 161, 朱元璋传
26597991, 7.2, 247, 倭寇
01075248, 8.1, 101, 张居正・水龙吟
26354375, 7.8, 130, 明代政治制度的源流与得失
30275806, 8.3, 84, 重写晚明史：朝廷与党争
02057518, 7.7, 139, 天工开物
02328136, 8.7, 62, The Confusions of Pleasure
06902724, 8.2, 89, 永乐风云1
03215726, 8.5, 71, 明代国家权力结构及运行机制
30389018, 7.1, 257, 夜航船
01536934, 7.7, 135, 谁的莲衣
02980913, 6.9, 328, 戏潮女
22139038, 7.3, 200, 白门柳
02030720, 8.5, 69, 张居正传
25952553, 7.8, 119, 天崩地解：黄宗羲传
30190258, 9.0, 49, 明朝的皇帝
02229219, 7.3, 193, 食货金瓶梅
04834521, 7.0, 273, 驭夫36计（上下）
01708148, 7.6, 141, 封神演义
04745323, 7.6, 141, 永乐大帝
26981907, 7.7, 125, 幽明录
03124164, 8.6, 61, 明史讲义
05938976, 7.9, 103, 直挂云帆济沧海
01838055, 8.6, 60, 满洲开国史讲义
06856074, 8.1, 86, 沉舟侧畔千帆过
27170402, 6.2, 841, 四海鲸骑
26592902, 9.4, 37, 陶庵梦忆
26431490, 8.3, 71, 晚明史（1573-1644）上
01013094, 7.3, 170, 明史（上、下册）
22677148, 8.1, 80, 天下永乐-帝宴-叁
06902915, 8.4, 64, 永乐风云（第2卷）
30384288, 7.5, 135, 大明权力场
03168444, 7.2, 184, 纳妾记4·苗疆惨案
30279103, 9.1, 41, 明代宦官制度研究
02346746, 8.3, 67, 万历首辅张居正
30404690, 7.7, 108, 赤龙
01437379, 7.1, 198, 袁崇焕传
26785365, 8.3, 66, 瓶花谱  瓶史
27024199, 7.7, 106, 南明史
27108522, 7.4, 140, 朱元璋的政权及统治哲学
10344862, 8.8, 46, 张居正
06856073, 7.9, 84, 严冬过尽绽春蕾
01061298, 7.4, 130, 明末四公子
06976235, 8.0, 76, 五百年来谁著史（第三版）
27029262, 8.2, 65, 陶庵梦忆
26826799, 7.4, 128, 明史十讲
26871212, 7.5, 116, 明朝历史的教训
25981415, 8.7, 46, 张居正(套装共4册)
01901339, 8.7, 45, 玉光剑气集（上下册）
05450773, 7.5, 104, 朱门风流
03078355, 8.6, 45, 快园道古
04940839, 7.5, 101, 清官海瑞
11615750, 7.9, 71, 壬辰1592
26667350, 7.7, 83, 明帝国边防史
25869391, 8.4, 49, 明代社会转型与文化变迁
01133564, 8.8, 38, 长安客话·酌中志
01059788, 7.8, 75, 明代政治史（上下）
02076578, 7.6, 88, 二刻拍案惊奇
03767549, 7.3, 116, 明代的社会与国家
25836221, 7.4, 103, 庸人治国
10342949, 8.4, 46, 永乐风云（第3卷）
01556223, 8.3, 49, 明代的宦官和宫廷
01322096, 7.5, 90, 安乐堂
01061666, 8.7, 37, 姚雪垠书系(1-10)李自成10卷
01956038, 8.9, 33, 明代驿站考
03117846, 7.8, 68, 明末农民战争史
01909171, 8.3, 47, 弇山堂别集（全四册）
03021503, 9.2, 27, 日知录
01442233, 7.7, 69, 明清战争史略
26827431, 9.1, 28, 西游记
03094397, 7.2, 104, 张居正与万历皇帝
02338018, 9.2, 25, 陈献章集（上下册）
01443903, 8.9, 29, 明人著作与生平发微
30421923, 9.1, 26, 太平广记钞
01548586, 8.5, 36, 张居正·水龙吟
04043128, 8.2, 43, 朱元璋演义（上）
04104035, 8.1, 45, 崇祯皇帝传
02347539, 8.2, 42, 魏忠贤
34878841, 8.4, 37, 明朝那些事儿:漫画版.4 权力游戏（用漫画解读明史，快速轻松读懂历史。当年明月、肥志好评推荐！）
26808630, 7.6, 65, 审判日
11592898, 7.8, 55, 西游原来是禁书
01096056, 9.0, 26, 西洋番国志 郑和航海图 两种海道针经
20433928, 8.5, 34, 五杂组
10457376, 7.8, 54, 会挽雕弓如满月
25758774, 8.0, 46, 明季党社考
02174072, 8.6, 31, 初潭集
25834283, 7.9, 48, 明朝帝王师
30380073, 6.7, 141, 锦衣卫
03174574, 8.5, 31, 草根皇帝·朱元璋
10518693, 6.6, 145, 孝陵卫
03053063, 7.6, 53, 花影集 鴛渚誌馀雪窗談異
30315392, 7.5, 57, 我男朋友是锦衣卫
23691466, 6.3, 202, 南明那些事儿
10736853, 5.9, 363, 神奇圣人王阳明
01492463, 7.1, 78, 明代特务政治
25790238, 7.1, 78, 晚明民变
02367257, 6.9, 95, 明史十讲
01104332, 7.5, 54, 草莽英雄（上、下）
20434502, 8.4, 29, 万历野获编（上中下）
03299917, 6.8, 100, 亡天下
04136533, 7.1, 73, 永乐大帝
01844782, 7.8, 40, 飘摇的传统
02244612, 8.5, 26, 明史考证（全八册）
01817626, 7.4, 53, 铁面御史
01547193, 8.7, 23, 徐霞客游记（上下册）
02141031, 7.7, 42, 1449大明惊变
27133434, 7.8, 39, 吴晗晚年历史随笔
01381538, 7.1, 68, 奢侈的女人
26411137, 7.2, 61, 明朝伪君子
30329222, 7.8, 38, 百年明朝一鉴开
33391387, 7.5, 47, 重写晚明史：内忧与外患
26381860, 8.8, 21, 明史（全两册）
02033195, 7.8, 37, 洪武京城图志金陵古今图考
01067405, 7.1, 64, 当中国称霸海上
02329814, 8.1, 30, 金陵琐事 续金陵琐事 二续金陵琐事
01677575, 8.4, 25, 了凡四训
02311723, 7.6, 41, Return to Dragon Mountain
04043131, 8.0, 31, 朱元璋演义（下）
01659323, 8.5, 23, 中国移民史（第5卷）
05420939, 6.8, 79, 三言二拍看明朝
35003834, 7.3, 50, 锦衣卫
01893260, 6.9, 71, 糊涂读史
02114573, 7.1, 58, 大明日落
24872039, 6.3, 133, 明•冤
25838062, 8.8, 19, 天人之际
02345857, 8.5, 22, 大明王朝1566：嘉靖與海瑞
06558272, 7.8, 33, 万历王朝（上下）
34465290, 7.8, 33, “倭寇”与明代的东亚秩序
01200533, 8.0, 29, 王夫之评传
01684848, 8.0, 29, 1421
03299861, 6.6, 91, 纵欲时代
02640197, 7.8, 32, Empire of Great Brightness
02126945, 8.2, 25, 古今谭概
02254645, 8.5, 21, 品味奢华
34940990, 8.7, 19, 成化十四年：全集
03225259, 9.2, 15, 兩頭蛇
01622714, 7.6, 35, 汉族风俗史（共5册）
02041449, 8.5, 20, 明史纪事本末
02256362, 6.4, 100, 明-图说天下
05321264, 8.2, 23, 明代宫廷建筑史
27157975, 8.2, 23, 青泥莲花记
03146177, 8.1, 24, 明朝三帝秘录
20259169, 7.5, 35, 黄金帝国沈万三传
02975975, 6.4, 95, 崇祯王朝
23193966, 6.9, 56, 明太祖朱元璋（上.下册）
26269523, 7.1, 47, 帝国政界往事.上
01709866, 9.4, 13, 明史纪实小说系列-正德皇帝全传（全四册）
03061861, 7.4, 37, 三藩史略（上下）
01427492, 7.1, 46, 永乐大帝
01507426, 6.6, 72, 杨家府演义
01538819, 7.6, 31, 明实录研究
30163031, 7.0, 49, 朱元璋传
05413209, 8.0, 24, 明代省镇营兵制与地方秩序
30306413, 6.9, 53, 帝国首辅：张居正
26740363, 7.0, 48, 阳谋天下刘伯温
05038761, 6.6, 70, 金云翘传
26896028, 6.4, 87, 不忍细看的大明史
01115845, 7.7, 28, 明朝十六帝
06902782, 7.4, 34, 性的历程
30215951, 6.8, 55, 明史不忍细看
06758535, 7.2, 39, 海瑞官场笔记
03572072, 9.4, 12, 卢象升疏牍
06021306, 8.8, 15, 海禁的轉折
01186707, 8.0, 22, 明代城市与市民文学
01662682, 7.6, 28, 明代儒学生员与地方社会
26590134, 7.4, 32, 明清大案揭秘
25892475, 8.2, 19, 明代宗藩犯罪问题研究
01200562, 8.1, 20, 逊志斋集
04221270, 8.1, 20, 上海明墓
03192727, 8.4, 17, 正德风云（上下册）
06920264, 7.9, 22, 吴梅村传
26337547, 9.2, 12, 大明演义
26852218, 7.8, 23, 龍床: 明六帝紀
02004640, 7.0, 40, 万历野获编
01941928, 7.5, 27, 晚明佛教改革史
03210526, 8.0, 20, 明宫史 金鳌退食笔记
06982412, 8.2, 18, 焚书·续焚书校释
26590265, 5.7, 171, 旧春归
05913082, 6.9, 42, 万历朝鲜战争
01529824, 7.8, 22, 明代史学的历程
04911536, 7.3, 30, 万历皇帝传
01333181, 8.3, 16, 縱樂的困惑
01454848, 7.0, 35, 1644年中国社会大震荡
24750842, 7.6, 23, 明朝帝王陵
34797185, 7.6, 23, 两京烟云
26826295, 7.2, 30, 景山的晚风
05062991, 7.4, 26, 朱元璋传
02099264, 8.0, 18, 明史演义
02268846, 7.0, 34, 洪武剑侠图
03103888, 6.2, 70, 王阳明
01931600, 6.4, 55, 明朝十讲
01448201, 6.7, 41, 帝鉴图说
02297676, 8.4, 14, Fruitful Sites
04256702, 6.7, 40, 品鉴与经营
27594069, 6.7, 39, 滴血的大朝代
04250292, 7.7, 19, 笑府
27041940, 7.6, 20, 冰火大明
26816002, 6.7, 37, 明朝大败局
03644148, 7.3, 23, 大明帝国
01833458, 8.2, 14, 南明史料
25794478, 7.7, 18, 鄭和下西洋新考
30336173, 7.7, 18, 大明·徐后传
02106058, 7.5, 20, 明十七帝疑案第一部-CCTV百家讲坛8DVD
05321262, 7.5, 20, 明代宫廷典制史（上下）
06435358, 7.4, 21, 明代特务政治
01659753, 8.3, 13, 明代州县政治体制研究
10482833, 8.7, 11, 明末遗恨
01658276, 7.1, 25, 明十三陵
01944384, 6.1, 61, 毛佩琦正说永乐大帝朱棣
03114359, 7.6, 18, 奸臣 四
03691280, 7.2, 23, 吴晗全集（1-10卷）
06390341, 7.2, 23, 明代宦官
24309256, 7.7, 17, 圣者为王
05350220, 7.0, 26, 篡明
01471986, 7.9, 15, 成败
03069011, 8.8, 10, 袁宏道集笺校
26660282, 7.2, 21, 妄妄录
03037812, 7.6, 16, 竹嬾画媵
01624783, 8.0, 13, 传习录
30164405, 8.0, 13, 东林沉浮
03888141, 6.4, 37, 明朝那些曲
26826694, 8.6, 10, 王世贞年谱长编
02176401, 6.2, 44, 奈何江山唱晚
10745697, 6.2, 44, 最后一个汉人皇帝：崇祯大败局
02133599, 7.3, 17, 改革家是怎样炼成的
03206506, 7.8, 13, 北平考 故宫遗录
26757115, 7.8, 13, 晚明风月
34859826, 7.8, 13, 传膳啦！
01391043, 7.4, 16, 海殇
26361735, 7.1, 19, 血腥的皇权
01073385, 7.5, 15, 大明盛衰
03060384, 6.5, 29, 好逑传
27104704, 7.0, 19, 明朝的三角困局
03301508, 5.8, 55, 锦衣卫
27120357, 5.5, 82, 大明王朝是被谁干掉的（原创性的新思路、新观点再度书写中国大历史）
27176946, 6.4, 29, 锦衣卫
27173715, 7.0, 18, 内阁首辅之双面宰相
26285329, 6.1, 37, 细讲中国历史丛书·明史
02077953, 6.0, 41, 大明帝国的黄昏
24708727, 6.4, 28, 他们活在明朝
10517934, 7.7, 12, 在历史的深处
26735815, 6.3, 29, 明月如霜
02172517, 7.1, 16, 明代北京都城营建丛考
06861692, 6.4, 25, 孙悟空与嘉靖皇帝
06971660, 6.2, 28, 明朝那些事儿
02006266, 5.5, 57, 一口气读完大明史
04046207, 6.8, 16, 明人奇情
03028237, 6.7, 17, 明代卫所军户研究
03149143, 7.4, 11, 奸臣 二
23968624, 6.4, 20, 《湖山胜概》与晚明文人艺术趣味研究
30417734, 5.6, 42, 这个明朝真好玩儿
05939754, 6.0, 26, 谁断送了大明王朝
27173690, 6.8, 14, 内阁首辅之摄政宰相
01020750, 6.4, 18, 永乐大帝
06000424, 5.8, 29, 抗日援朝1592（下）
27167887, 6.6, 15, 大明战神谱
05363744, 5.8, 28, 南明开史
26648184, 6.3, 18, 深宫谍影
01523302, 7.2, 10, 阳明学的形成与发展
04851279, 7.2, 10, 大明流煌
27173712, 5.7, 29, 内阁首辅之青词宰相
02148941, 6.5, 14, 金屋梦
01821008, 6.6, 13, 明代风云人物
02901705, 6.6, 13, The Making of the Chinese State
25754529, 7.0, 10, 明代服饰研究
25868911, 6.4, 12, 大明天子朱祁镇
11601194, 5.7, 20, 跑偏的帝国
02146679, 6.2, 13, 明代海外贸易制度
10830117, 6.6, 10, 洪武剑侠图（上、下）
02239788, 6.1, 13, 续英烈传
27176346, 5.4, 24, 东厂
27160599, 5.6, 17, 朱元璋的正面与侧面
26435659, 5.0, 31, 大明疑案
03174578, 5.7, 13, 铁血首辅.张居正
10831174, 4.8, 28, 最后一个汉人皇帝：崇祯大败局2
26616239, 5.1, 17, 玩死的帝国：唐伯虎与大明娱乐业
01894808, 4.9, 17, 通古斯族系的兴起
01187355, 0.0, 10, 国朝典故(上、中、下)
01523890, 0.0, 10, 农政全书(上下)
01678259, 0.0, 10, 细说明太祖
03164484, 0.0, 10, 明清肖像画
10575535, 0.0, 10, 奸臣 七
33436846, 0.0, 10, 周易简要
02257379, 0.0, 11, 金瓶风月话
04869698, 0.0, 11, 明代史事与人物
06393432, 0.0, 11, 细说大明王朝36大悬案
01481795, 0.0, 12, The Demon Soul (Warcraft: War of the Ancients
01892992, 0.0, 12, 徐光启评传
06082103, 0.0, 12, 海禁抑商与嘉靖&#34;倭乱&#34;
10432251, 0.0, 12, 明史其实超好看大全集
20402428, 0.0, 12, 皇明祖训
26320606, 0.0, 12, 大明皇朝·第一卷：逐鹿天下
26968989, 0.0, 13, 那年一六二七
01129438, 0.0, 14, 喻世明言
02185167, 0.0, 17, 大明的崛起
02365764, 0.0, 17, 明史（全八册）
26589029, 0.0, 24, 万历二十年：抗日援朝
26782502, 0.0, 29, 大明万妃传
