2020-07-05 16:00:06

number of books, tag name
270, 昨天

ID, rating, votes, title
01088581, 8.8, 45248, 浮生六记
01858410, 9.0, 19293, 万历十五年
01853785, 8.8, 19037, 天是红河岸
01062343, 9.2, 9840, 昨日的世界
03311253, 9.0, 12976, 额尔古纳河右岸
01005521, 8.2, 46591, 伊豆的舞女
01812439, 8.1, 53774, 步步惊心
01958227, 8.2, 39113, 那些年，我们一起追的女孩
02250587, 7.6, 82962, 一个人的好天气
06431994, 8.2, 23660, 悟空传
01006639, 9.3, 4382, 蜡笔小新（全32册）
02376486, 8.9, 7268, 中国近代史
05406559, 8.8, 8054, 鼠疫
01069059, 8.1, 17458, 雪国
01040397, 8.1, 16343, 假如给我三天光明
03265177, 8.8, 5230, 呼兰河传
01210303, 8.9, 4239, 名侦探柯南1
03048059, 9.7, 1603, 龙珠(全42册)
02133254, 8.1, 11423, 流血的仕途
10797092, 8.6, 4516, 蒋介石与现代中国
01777823, 8.1, 8068, 八十年代访谈录
03612285, 9.3, 1471, 憂鬱な朝 (1)
04151599, 9.3, 1246, 花は咲くか 1
02118743, 8.6, 2762, 银元时代生活史
01491537, 8.9, 1666, 近代中国社会的新陈代谢
03206270, 8.9, 1547, 拥抱战败
04941617, 9.5, 778, 花は咲くか 2
02078609, 8.9, 1349, SKIP‧BEAT！─華麗的挑戰─01
01044979, 9.0, 1170, 天朝的崩溃
01441901, 9.0, 1121, 万历十五年
01084078, 7.9, 4602, 钟鼓楼
01466494, 8.8, 1234, 天然少年
03129820, 9.3, 721, 超智遊戲(01)
01400710, 8.3, 2098, 读史阅世六十年
01962885, 8.0, 3145, 山河入梦
01034847, 8.5, 1580, 美国与中国
02036569, 8.3, 2018, 愤怒的葡萄
02059300, 8.5, 1554, 彼男彼女的故事
03175716, 8.8, 1095, 嵐のあと
01422231, 8.4, 1711, 电影剧本写作基础
01022232, 8.6, 1340, 中国思想史
03303702, 9.0, 853, SEX PISTOLS 1 (1) (スーパービーボーイコミックス)
03401258, 7.9, 3157, 小猫杜威
03232092, 8.8, 971, 樱兰高校男公关部 vol.01
01899764, 8.5, 1334, 长征
02971885, 9.0, 747, どうしようもないけれど 1
26274949, 8.3, 1532, 昨天的中国
26680107, 8.7, 932, 制霸好莱坞
01603984, 8.0, 1879, 希腊神话故事
01034898, 8.0, 1708, 十七岁不哭
01796672, 8.2, 1255, 万古江河
03253983, 8.1, 1367, 原来这才是春秋 第一部:《称霸》
27145908, 6.9, 9484, 宇宙超度指南
01858594, 7.2, 5275, 暗算
02265482, 8.1, 1297, 遥远的乡愁
03686309, 9.0, 474, CRAFT vol.31
03880354, 8.6, 709, 金山
03417300, 8.7, 624, タイトロープ
04146842, 8.9, 504, きら星ダイヤル
04815628, 9.1, 401, 兎オトコ虎オトコ 2
02981480, 9.1, 397, 美国人民：创建一个国家和一种社会（上卷）
01014374, 8.3, 849, 东藏记
01012114, 8.1, 1020, 远东 朝鲜战争
02253111, 8.1, 988, 玄奘西游记(上下)
04745305, 7.6, 1927, 北洋裂变
01926869, 9.7, 209, HUNTER X HUNTER 22
02082163, 8.2, 798, 开卷有疑
01443964, 9.0, 348, 新编中国哲学史（全四册）
01057226, 8.2, 774, 伟大的中国革命
03262334, 8.4, 608, 知らない顔
04898780, 9.1, 307, 极道虎与小白兔
03154969, 8.8, 401, ノー カラー
03464501, 9.0, 333, 园丁集
01200827, 8.1, 840, 白门柳（全三册）
01427278, 8.7, 437, 青铜时代的恐龙战争
02277037, 8.2, 740, 信號 signal
01006732, 9.0, 328, 战争与回忆：1941－1945（上下）
01060204, 7.7, 1365, 历史的天空
01321897, 8.0, 893, 岁月台湾
01970684, 7.7, 1276, 企鹅革命
01963368, 7.9, 971, 青木川
01084407, 8.5, 487, 乌泥湖年谱
01899787, 8.6, 405, 希尔伯特
11519297, 7.8, 1002, 台湾往事
01793800, 9.0, 271, 千江有水千江月
04248139, 8.5, 432, 唐代藩镇研究
01789618, 8.9, 294, 金瓯缺
03262338, 8.1, 659, リスタート (ビーボーイコミックス)
01048771, 8.4, 462, 长征
01023188, 8.2, 556, 风雪定陵
01870759, 8.0, 683, 东周战争与儒法国家的诞生
03324991, 8.3, 486, 足りない時間
04254422, 9.5, 160, 神隱少女故事書
03036524, 7.7, 868, 石油战争
01084077, 8.1, 522, 黄河东流去
01057843, 8.2, 465, 中国古代衣食住行
03158388, 8.3, 417, ダッシュ！
01944158, 7.5, 1066, 一只狗的生活意见
01083680, 7.8, 689, 小雏菊
04122042, 8.5, 321, 通往天国的阶梯
05967327, 9.3, 156, 棋魂完全版 1
03826721, 8.0, 509, 那个超过100分的男人
04252835, 8.9, 208, 交响情人梦1
01713334, 8.3, 357, 无字（全3册）
03153599, 7.8, 621, 统一与分裂
01047146, 8.0, 473, 1912-1928:文武北洋
03687743, 8.1, 415, 亚细亚的孤儿
01767646, 8.2, 372, 彭德怀自述
03035211, 8.0, 460, 日本帝国的衰亡（上下册）
01088115, 8.5, 259, 宽容
01200845, 7.3, 1004, 沉重的翅膀
01024300, 8.6, 228, 汉字王国
01826198, 8.8, 187, 燃烧的岛群
04882056, 7.8, 492, 为什么是欧洲？
01845499, 7.4, 804, 纵横十六国
04154148, 8.8, 181, 银元时代生活史
03875719, 8.8, 177, 中国古代战争的地理枢纽
10757884, 7.8, 460, 其实我们一直活在春秋战国
03831088, 9.2, 127, 冰之魔物語(21)
04265349, 8.6, 203, 雫 花びら 林檎の香り
01158760, 8.2, 294, 停滞的帝国
01161333, 8.5, 218, 爱因斯坦传（上下）
06719924, 7.6, 563, 饰琳琅
04832486, 8.3, 204, 红轮（第一卷 全三册）
02152400, 8.1, 245, 生活中的魔法数学
01200836, 8.0, 262, 战争和人（全三册）
04238851, 8.2, 210, 从混沌到秩序
01476423, 7.8, 314, 成吉思汗与今日世界之形成
06105383, 8.3, 189, 水浒传
01141922, 8.5, 158, 书于竹帛
01834327, 9.1, 95, 幕府将军
21364142, 7.4, 457, 带100支牙刷去旅行
01680634, 8.4, 159, 数学 七年级 上册
01874476, 8.3, 172, 戀影天使 1
01919516, 7.9, 250, 太平风物
02160510, 7.9, 250, 中国往事
05360105, 7.8, 276, 被误解的中国
01090555, 8.0, 218, 白银谷（上下）
04860796, 7.6, 322, 哥伦布大交换
24696852, 8.2, 175, 南渡北归·北归
01053810, 7.7, 275, 风雪定陵--地下玄宫洞开之谜
01949009, 7.5, 344, 我意逍遥
03161088, 8.7, 110, 青春男孩(01)
03266223, 8.5, 128, 極道鮮師(01)
01427769, 8.2, 159, 启蒙的时代
01138871, 7.5, 285, 第四病室
01200839, 7.5, 282, 冬天里的春天（全二册）
02701313, 7.9, 177, 虎贲万岁
01875197, 7.4, 288, 中国绅士
01787280, 8.2, 126, 三国史话
02322743, 8.0, 136, 红顶商人胡雪岩
02274670, 7.5, 217, 谁杀死了秦帝国
01678219, 9.0, 62, 夏娃的七个女儿
04099315, 7.2, 281, 父亲的战争
01018934, 7.4, 223, 时装
19930666, 8.0, 123, 木垒河
02082024, 7.8, 147, 吸血少女 3
01442023, 7.6, 175, 朋友·客人·同事
01646376, 8.8, 65, 海底乐园
02160498, 8.2, 100, 犯人李铜钟的故事
02221199, 8.7, 68, 我的自传
01004538, 6.8, 412, 调情的艺术
01084084, 7.2, 232, 东方（全三册）
07058719, 6.9, 327, 为爱瘦一次
03222440, 6.7, 345, 石羊里的西夏
01790232, 7.9, 88, 野蛮人的性生活
01025426, 7.3, 154, 白门柳
02044812, 7.5, 124, 新娘
06139734, 6.6, 341, 初恋
03034477, 8.2, 65, 中国上古史实揭秘
01989365, 6.8, 252, 白衣女郎
02014209, 7.7, 93, 圣天门口（全三册）
01200830, 6.6, 294, 骚动之秋
01319897, 6.7, 252, 1421：中国发现世界
02101400, 8.7, 41, 冒险图鉴
03871052, 8.7, 39, ジャングルはいつもハレのちグゥ1（熱帶雨林的爆笑生活1）
04122404, 7.3, 108, 希腊化世界
02973566, 6.4, 298, 极乐诱惑
03825500, 7.4, 93, 那些给我勇气的句子
02139319, 7.7, 67, 缇萦
01291265, 6.3, 304, 提高语言智能的10种方法
03057595, 9.5, 22, 长白山猎话
04140071, 8.6, 34, 夢迴古都
04068680, 7.2, 97, 最後の肖像
10808701, 7.5, 69, 游遍日本
01497851, 8.7, 30, 古代文化知识精讲
01043288, 6.9, 119, 湖边有棵许愿树
02127065, 6.9, 105, 发饰达人
03131816, 7.5, 58, H3学园
01223754, 6.6, 132, 艳阳天（全三册）
01859175, 7.3, 62, Japanese Fashions
03407737, 8.1, 34, 致命危情
01454846, 8.0, 35, 中国民族的形成
04138258, 7.4, 52, 缘来就是你
01868467, 7.4, 50, Medieval Fashions Coloring Book
30407890, 7.9, 34, 今天要比昨天过得更好
02118005, 7.4, 48, 還是你懂我
06803448, 7.4, 48, 薔薇少女 01
03082240, 7.6, 41, 我的贴心玩偶
05364368, 7.3, 51, 玉垒浮云
03202438, 7.2, 53, 沉重的翅膀
02119863, 7.2, 48, 中国淑女
01937069, 6.8, 68, 极乐咖啡
03653162, 8.1, 24, 麥肯西的甜蜜任務
03407820, 8.1, 23, 晨光之子
04068678, 6.9, 54, 人生は薔薇色だ
01084081, 5.8, 202, 第二个太阳
01873328, 6.5, 76, 欧洲饮食文化史
01495743, 7.1, 43, 老饕说吃
01904031, 6.8, 51, Chinese Fashions
01942657, 6.9, 45, 西点公主烘焙日记
03053045, 6.6, 55, 国王的奖赏
04200008, 7.1, 35, 愛戀迷情調酒師
03417764, 7.7, 23, 獵男季節
03039110, 6.0, 98, 172个被误读的史事真相
02083998, 6.7, 45, 花信风
03152533, 7.8, 20, 女王的人馬
20381880, 8.1, 17, 私の奴隷になりなさい 壇蜜写真集 濃蜜
05362259, 6.4, 56, 早安昨日
03419026, 7.9, 18, 火的接觸
01363960, 7.7, 20, 魔01：今天開始魔の自由業！
03844974, 8.4, 14, 東京ゴースト・トリップ(7) 〈完結〉 (冬水社・いち*ラキコミックス) (コミック)
01099543, 6.4, 47, 浴血罗霄
03413437, 7.9, 16, 夜影危情
01950935, 6.3, 48, 历史的刀锋
02345285, 7.4, 20, 三十年代斯大林主义的恐怖
01954631, 7.3, 21, 从英镑到美元
03272796, 7.5, 18, 玉垒浮云
26972419, 8.6, 10, 卡哇依惡魔
26978026, 8.6, 10, scarlet ~ 緋紅愛戀 ~
03096499, 7.3, 18, 甘地传
25869661, 8.2, 11, 廣告新娘
02160218, 6.1, 44, 9次沉睡
02129904, 6.3, 36, 美女寫真攝影訣竅完全解說(01)
04760513, 7.2, 18, 隠したい欲望 (ショコラノベルス・ハイパー)
01943665, 7.5, 15, 全新大学英语词汇星火式巧记·速记·精练1-6级
05364367, 7.6, 14, 状元娘子
02213981, 6.6, 26, キライ嫌いも
03564800, 7.7, 13, 伴你一生
01202482, 6.7, 22, 中国人的骂
01420951, 7.7, 12, 抗战中的红色根据地
01620787, 6.6, 23, 猎爱季节
03861033, 6.9, 18, 巧用材料制作家饰用品
03407811, 7.7, 11, 致命楣女
01144726, 6.9, 17, 迈向成功的100个心理法则
03930908, 7.2, 14, 挑発～電光石火BOYS01
01212682, 6.6, 20, 北海纪游
03413421, 6.8, 16, 死命討好
05988833, 6.8, 16, 中国远征军
02267154, 6.3, 23, 马可·波罗到过中国吗？
01147817, 6.0, 29, 影响你一生的100个幽默技巧
04264035, 6.5, 19, 愛情幻影
03117969, 5.7, 37, 性风俗
01062289, 6.1, 24, 海市蜃楼中的的帝国
03403277, 6.8, 14, 梦中的吻
01152921, 6.8, 13, 辉煌帝国的军事视角
01427544, 7.0, 11, 移民与中国文化
01609204, 6.7, 13, 楚国史
02672637, 6.0, 21, After the Night
04280103, 6.2, 17, 養個男人來愛吧！
02160183, 6.3, 12, 温泉的秘密情事
01269590, 4.7, 24, 生活中的财富哲学
26298466, 4.7, 21, 企业人力资源管理师-三级
01745110, 0.0, 10, 宠爱自己
03022751, 0.0, 10, Death Angel
01547442, 0.0, 11, 洋务运动与中国早期现代化思想
01216929, 0.0, 12, 黑客入门全程图解&lt;披露黑客练功全过程&gt;(附光盘)
01721958, 0.0, 12, 大话佛家智慧
02077199, 0.0, 13, 非主流穿越之馴伏篇
26972381, 0.0, 14, 理想的誘惑
