2020-07-05 16:00:07

number of books, tag name
614, 智慧

ID, rating, votes, title
01084336, 9.0, 576776, 小王子
06082808, 9.2, 294583, 百年孤独
03211779, 8.9, 411953, 嫌疑人X的献身
01008145, 8.9, 372558, 围城
20427187, 8.8, 276232, 看见
01040211, 9.2, 92089, 福尔摩斯探案全集（上中下）
01054685, 9.1, 100735, 沉默的大多数
03674537, 9.1, 87803, 明朝那些事儿（1-9）
01829226, 9.1, 85331, 肖申克的救赎
01085860, 9.0, 100577, 基督山伯爵
01017143, 8.5, 200886, 不能承受的生命之轻
04238362, 8.6, 126794, 送你一颗子弹
01003479, 9.2, 43014, 中国历代政治得失
01002898, 9.2, 37773, 父与子全集
01767945, 8.8, 67475, 一只特立独行的猪
01040771, 8.2, 206806, 达·芬奇密码
01046265, 8.0, 317935, 挪威的森林
01045818, 8.5, 105806, 苏菲的世界
04242172, 8.1, 230390, 天才在左 疯子在右
06388661, 8.8, 56132, 这些人，那些事
04207781, 8.7, 62352, 孩子你慢慢来
01022060, 8.2, 146118, 狼图腾
01014578, 9.1, 28792, 我的精神家园
01034282, 8.8, 46652, 时间简史
07163250, 9.2, 21829, 明朝那些事儿
06798611, 8.7, 47506, 史蒂夫·乔布斯传
03406401, 9.0, 25413, 悉达多
01013208, 8.4, 63346, 如何阅读一本书
01080309, 8.5, 51714, 尘埃落定
03261600, 9.2, 16419, 人生的智慧
01046492, 9.3, 12142, 國史大綱（上下）
01033778, 8.3, 58355, 富爸爸，穷爸爸
01949420, 9.4, 8771, 孙子兵法
01964774, 9.1, 12792, 论语
26369699, 8.6, 26251, 被讨厌的勇气
03533221, 8.4, 35531, 非暴力沟通
03609132, 8.4, 35481, 把时间当作朋友
01085883, 8.7, 20026, 青铜时代
02022979, 8.0, 62015, 喜宝
02256039, 7.8, 92459, 杜拉拉升职记
01291204, 9.4, 6399, 哥德尔、艾舍尔、巴赫
01056295, 8.2, 39846, 人性的弱点全集
05346110, 8.9, 11552, 穷查理宝典
05375620, 8.7, 15222, 失控
01322455, 8.7, 14199, 遥远的救世主
01794844, 8.5, 19466, 有一天啊，宝宝……
01418180, 8.9, 10128, 思维的乐趣
01033190, 8.8, 10180, 失落的一角
01048007, 8.2, 26142, 高效能人士的七个习惯（精华版）
01037602, 8.9, 8574, 别闹了，费曼先生
01073349, 8.9, 8174, 写在人生边上 人生边上的边上 石语
26997048, 9.1, 6213, 撒哈拉的故事
01409704, 8.9, 7650, 金刚经说什么
01056461, 8.3, 18402, 旅行的艺术
05990251, 8.5, 12901, 西藏生死书
26413154, 9.2, 4680, 李光耀观天下
01009789, 9.5, 3239, 道德经
01292409, 9.1, 5025, 人生的智慧
01004322, 8.7, 8464, 第二性
01030200, 9.0, 5382, 失落的一角遇见大圆满
01061242, 8.8, 6778, 写在人生边上
01047719, 8.5, 10261, 傅雷家书
01084973, 8.9, 5673, 基督山伯爵（上下）
01777932, 8.7, 7170, 寻找无双·东宫西宫
03158482, 8.9, 5419, 新世界
03522695, 8.5, 9597, 瓦尔登湖
04953695, 7.8, 31692, 拆掉思维里的墙
01286547, 8.6, 7678, 菜根谭
26831789, 8.7, 6450, 穷查理宝典
10785583, 8.2, 13620, 思考，快与慢
06425061, 8.5, 8444, 哲学家们都干了些什么？
01851955, 9.3, 2738, 唐诗三百首
24753751, 8.1, 14702, 向前一步
02363651, 8.1, 14544, 十四堂人生创意课
02083981, 8.7, 5664, 了凡四训
01082578, 9.0, 3734, 理想国与哲人王
04773224, 8.2, 11606, 生活十讲
02348372, 8.3, 9761, 野蛮生长
01005193, 8.6, 5527, 重新认识你自己
04002701, 8.4, 7243, 朱镕基答记者问
01033248, 8.9, 3605, 幸福之路
05332713, 9.0, 3143, 人间是剧场
01262986, 8.1, 11395, 我不是教你诈
02277299, 8.4, 6924, 当下的力量
06526752, 8.8, 3763, 生命之书
01322358, 9.0, 2851, 费马大定理
04047637, 8.1, 10019, 1Q84
05320866, 8.3, 7136, 重来
03834938, 8.3, 6915, 与神对话（第一卷）
01849409, 9.1, 2158, 易经
20433554, 9.2, 1886, 关山夺路
05317075, 7.1, 57684, 蔡康永的说话之道
01182173, 8.9, 2634, 炒股的智慧
01079104, 8.6, 3802, 尼采
20433556, 8.8, 2659, 昨天的云
01066108, 8.5, 3873, 易经杂说
01451270, 9.1, 1827, 纪伯伦诗集
01107841, 9.1, 1815, 战国策
01020644, 8.1, 6844, 金字塔原理
01161817, 8.6, 3112, 洛克菲勒留给儿子的38封信
01021056, 7.1, 37960, 谁动了我的奶酪？
10488580, 8.9, 1949, 鬼谷子
01045862, 8.4, 3179, 第五项修炼
20433553, 8.8, 1895, 怒目少年
02225735, 7.9, 6606, 谁动了我的奶酪？
04843462, 9.5, 882, 楞严经
04053593, 9.1, 1270, 鹿鼎记
04766047, 7.8, 7301, 祸国
04843454, 9.3, 1011, 坛经
01077129, 8.5, 2528, 一生的学习
25870991, 8.3, 3309, 曾国藩的正面与侧面
26287433, 9.1, 1235, 心若菩提
01441922, 9.5, 816, 从一到无穷大
04726852, 8.5, 2478, 正念的奇迹
20492550, 7.7, 8029, 清醒思考的艺术
01135754, 8.1, 4120, 你的灯亮着吗?
06854525, 7.9, 5594, 黑天鹅
04843444, 9.4, 851, 维摩诘经
01092614, 9.2, 1035, 蔡志忠古典漫画（全八册）
27167992, 8.1, 3911, 见识
24748615, 8.3, 2828, 天幕红尘
01041452, 8.5, 2125, 存在与虚无
05063130, 9.0, 1169, 血色浪漫
26728136, 8.4, 2323, 非暴力沟通
10485011, 8.9, 1220, 穷查理宝典
03033060, 8.6, 1710, 德川家康（第六部）
01456524, 7.9, 4301, 这个世界会好吗
03260902, 8.6, 1644, 智慧书
03518333, 8.9, 1143, 寻找无双
01312995, 8.5, 1721, 周国平作品精选
04225644, 8.6, 1523, 街头生意经
03006742, 8.6, 1521, 改变
03211075, 8.1, 2876, 杜拉拉升職記
03224456, 7.7, 5085, 少有人走的路Ⅱ
20272112, 8.2, 2372, 欢喜
04124876, 8.1, 2684, 易经的奥秘
25957575, 9.4, 592, 老子
25911978, 7.6, 5371, 知行合一王阳明（1472—1529）
01042070, 8.5, 1447, 历史的经验
27136747, 9.0, 820, 正见
02196957, 9.3, 593, 孙子兵法
01484695, 8.0, 2682, 季羡林谈人生
02226264, 9.3, 564, 圣经 Holy Bible
01256282, 8.6, 1132, 心灵自由之路
06749472, 8.1, 1926, 赖声川的创意学
01889450, 7.8, 2904, 赖声川的创意学
02147562, 8.6, 1018, 棋与人生
04929897, 7.6, 3509, 情商
04833802, 8.9, 668, 薄伽梵歌
06687032, 8.7, 814, 经验的疆界
04874162, 8.3, 1292, 与神对话（第二卷）
01053752, 9.3, 442, 玛法达的世界  全集A
17153313, 9.0, 578, 哲学导论
01629460, 9.4, 389, 唐浩明评点曾国藩家书（上下）
02275558, 9.1, 495, 中庸
01100470, 7.5, 3591, 现在，发现你的优势
04846035, 7.5, 3563, 干法
25916679, 8.8, 628, 能断金刚
04843446, 9.1, 460, 法华经
01044342, 9.5, 323, 皮德生活漫画
04812798, 9.4, 349, 地藏菩萨本愿经
05366471, 9.3, 372, 佛教十三经
01058229, 8.6, 723, 智慧书
01007864, 7.9, 1600, 商道
20386249, 8.0, 1370, 人性的弱点
01731081, 9.0, 450, 叔本华论道德与自由
27024333, 8.9, 482, 沉默的大多数
27102701, 7.9, 1446, 另一种选择
04710580, 8.6, 579, 智慧的觉醒
04263247, 8.4, 703, 为什么大猩猩比专家高明
22993496, 7.5, 2274, 女人明白要趁早
25910582, 8.1, 979, 成长
20433557, 8.0, 1098, 文学江湖
20495024, 9.4, 261, 《长短经》
10807797, 7.7, 1591, 战国纵横：鬼谷子的局
27601926, 7.8, 1344, 斯坦福大学人生设计课
26323530, 8.4, 621, 念完哈佛念阿弥陀佛
01274932, 7.6, 1647, 冷眼看人生
01025284, 9.2, 269, 孙子兵法
01079808, 8.7, 405, 易经杂说
02284696, 9.2, 258, Seeking Wisdom
26600130, 8.8, 357, 忏悔录
03455122, 8.0, 839, 内在的从容
01045219, 8.9, 325, 菜根潭
01476920, 9.3, 228, 五十奥义书
01071993, 8.4, 511, 孙子兵法与三十六计
01013196, 8.3, 546, 各自的朝圣路
04249313, 7.6, 1289, 活在当下
03079768, 8.0, 763, 我们与这个世界的误会
24859580, 8.8, 328, 最初和最终的自由
01040673, 8.2, 597, 笑忘书
01981371, 9.4, 196, 拍脑袋的发明
01283295, 8.2, 581, 平衡的智慧
01056144, 7.5, 1405, 中的精神
01276597, 9.3, 203, 毛泽东文集 第一卷
26780791, 8.5, 401, 我不喜欢这世界，我只喜欢你 (精装礼盒典藏版)
01077701, 8.5, 394, 拿破仑·希尔成功学全书（上下）
01073866, 8.7, 322, 挺经
01472682, 9.5, 166, 啊哈！灵机一动
22206006, 8.4, 427, 容忍与自由
26374572, 7.7, 913, 查理·芒格的智慧
30351554, 7.4, 1350, 活好
24318966, 8.1, 548, 我在哈佛的最后一堂课
01082183, 8.0, 605, 把话说到心窝里
26710254, 7.4, 1312, 憋说话，吻我
01968882, 7.5, 1085, 冰鉴
02364965, 8.5, 335, 菜根谭
01974020, 8.5, 330, 花边文学
26755989, 7.4, 1213, 做一个刚刚好的女子：不攀附，不将就
26680362, 8.7, 266, 我们误解了这个世界
26301626, 7.5, 1007, 谢谢你
20429280, 8.3, 382, 死生有命 富贵在天
05398195, 7.9, 577, 中国智慧
06713332, 8.0, 514, 佣兵天下全集
04177459, 7.7, 720, 舍得
01799933, 8.6, 271, 所罗门的智慧
02089279, 7.1, 1626, 我的非正常生活
03225628, 7.9, 528, 做新闻
27068876, 8.9, 193, 流沙河讲诗经
01426232, 9.0, 176, 教父
05290387, 8.2, 356, 中国智慧
01042984, 8.1, 393, 人生的盛宴
05404240, 8.9, 183, 无我的智慧
04087584, 7.3, 992, 害羞心理学
04030358, 8.0, 403, 心灵午夜密谈
01100202, 8.1, 357, 你不可不知的人性2
02362932, 9.6, 101, 楞严经
24872436, 8.6, 210, 超越孤独
03215710, 7.9, 413, 伦理学的邀请
04843441, 8.6, 206, 楞伽经
27593502, 8.3, 268, 中国人的智慧
01099649, 8.4, 241, 君主论
02310816, 7.8, 443, 我不是教你诈5
25786148, 7.8, 442, 被颠覆的文明
01418098, 8.9, 155, 正念的奇迹
06114048, 8.8, 165, 小王子
05359679, 8.4, 233, 易经的智慧1
01213404, 8.2, 280, 穷理查年鉴
26183356, 7.3, 804, 以奋斗者为本
01756513, 8.2, 275, 资本论
03198489, 8.6, 185, 格言联璧
02212291, 9.0, 133, 先知（中英对照）
01043675, 8.4, 215, 重塑心灵
04225194, 8.6, 179, 生活的难题
02256190, 8.1, 283, 狗智慧
01464916, 7.3, 722, 飞得更高
04119096, 7.4, 622, 查理·芒格传
03797441, 9.1, 115, 大漠祭
04274972, 9.0, 122, 六祖坛经
25819483, 8.1, 256, 成功这件小事
04219498, 9.7, 74, 李泽厚集
10598181, 7.3, 624, 随机生存的智慧
26631269, 8.6, 158, 洛克菲勒写给儿子的38封信
03237636, 7.3, 620, 老子的帮助
10757905, 8.0, 271, 卡耐基沟通的艺术与处世智慧
27609277, 7.7, 373, 最富足的投资
04836523, 8.1, 241, 印度神话
03795797, 9.1, 104, 季诺漫画
01043200, 7.7, 359, 艰难的一跃：美国宪法的诞生和我们的反思
01372203, 9.2, 96, 內在的火焰－唐望故事
27033357, 7.2, 617, 择天记 第一卷
27146611, 8.3, 179, 经验的疆界
04843450, 9.0, 102, 解深密经
03768589, 8.8, 117, 罗素论教育
11615777, 9.1, 94, 生命的注释
26695340, 7.4, 427, 從前有座靈劍山 1
04821019, 9.1, 89, 瓦尔登湖
20382304, 8.9, 101, 离别时.我的爱不曾旧老
27187084, 7.4, 407, 跳着踢踏舞去上班
04233071, 8.6, 123, 静思语
01722917, 9.2, 78, 中华古典珍品·格言联璧
01370367, 9.2, 77, 老鷹的贈予－唐望故事
02327357, 8.8, 99, 博伽梵歌原意
30218245, 8.1, 172, 你要如何衡量你的人生
04889756, 8.2, 157, 穷理查智慧书
03753802, 9.0, 84, 看世界
04864981, 8.5, 119, 西夏咒
04825608, 8.1, 167, 阿朝快100岁了
19980424, 8.9, 86, 世界是心的倒影
26281863, 8.0, 178, 黑水浒
26844213, 9.9, 47, 雪漠2016年最新力作《空空之外》
01841561, 8.2, 143, 天地有大美
03182988, 9.1, 72, 白虎关
01791896, 8.2, 141, 人性管理
01388210, 8.8, 88, How to Win Friends &amp; Influence People
03519489, 7.5, 275, 思考致富
26752294, 7.8, 198, 不负如来不负卿
26350938, 8.1, 149, 悟道录
27599920, 7.4, 302, 查理·芒格的原则
27590666, 8.6, 98, 乌合之众
25750684, 7.6, 239, 坚强工作，温柔生活
26318941, 8.0, 160, 仙路争锋
21324325, 7.9, 173, 权力48法则
01449468, 7.7, 210, 松下幸之助自传
01257998, 7.6, 233, 叔本华的智慧
10491574, 7.6, 232, 这完美的一天
01015373, 8.3, 120, 毕淑敏自选精品集.散文卷
01388284, 9.3, 59, 力量的傳奇－唐望故事
01082793, 8.9, 76, 时代的精神状况
03419821, 8.8, 80, 唐浩明评点曾国藩家书（上下）
03254065, 7.6, 222, 女人，学会舍得
02100247, 8.0, 145, 傅佩荣细说老子
01036094, 8.3, 111, 矩阵博士的魔法数
02242192, 8.6, 88, Aesop&#39;s Fables
01780967, 8.1, 131, The Four Agreements
01190528, 8.3, 109, 道德经的智慧
26303980, 8.3, 109, 裸者与死者
26596183, 9.2, 58, 先知·沙与沫
02322743, 8.0, 136, 红顶商人胡雪岩
01346814, 8.4, 96, 天地一沙鷗
01318190, 7.4, 243, 超常思维的力量
01654973, 9.1, 59, 智慧书
03348174, 8.0, 133, 易经与人生
01462671, 8.0, 131, 老庄心解
01833518, 8.0, 131, 生活值得过吗
03900879, 8.0, 128, 光与盐
01165193, 8.2, 106, 大众塔木德
03320810, 8.0, 125, 暮云集
26912245, 7.2, 278, 与佛陀一起吃早餐
03269904, 7.8, 145, 曾仕强说胡雪岩
06052180, 7.8, 145, 乌合之众
01324821, 8.9, 61, 相对论的意义
05908427, 8.0, 119, 向诸葛亮借智慧
06893131, 8.3, 92, 洛克菲勒写给儿子的38封信
30485029, 7.4, 210, 鬼谷子
02026133, 8.0, 117, 增广校正梅花易数
02974974, 8.9, 59, 智慧和信仰
03640042, 8.0, 114, 从字到人
25884442, 7.5, 182, 有些道理只是逼真
06894924, 9.1, 51, 光明大手印：实修心髓（全二卷）
06801743, 7.7, 145, 营销革命
13221007, 8.4, 80, 胡适研究
02003701, 8.3, 86, 张居正讲评《论语》皇家读本
03420317, 9.2, 47, 修練當下的力量
01189811, 9.5, 39, 心中月
01851981, 8.6, 66, 季羨林談人生
10569636, 8.9, 54, 觉悟
02160751, 8.2, 88, 活出美好
02253359, 7.5, 162, 商人的咒
20425886, 9.3, 42, 三波志願者與新地球
03675518, 8.4, 74, 托尔斯泰传
20368807, 8.7, 60, 参透生死
03110789, 7.5, 159, 玩赚地球
01813129, 7.7, 127, 女人的资本全集
04328747, 8.2, 83, 君主论
03415083, 7.5, 153, 易经真的很容易
01492145, 8.4, 71, “六十四卦”中的人生哲理与谋略
02161800, 7.8, 115, 瓦尔登湖
04264713, 8.1, 88, 一个孤独散步者的遐想
26339251, 6.4, 610, 人生随时可以重来
01649821, 9.1, 44, 为了自由呼吸的教育
01063504, 8.1, 85, 谁妨碍了我们致富
06875697, 8.1, 84, 失落的神谕
02326211, 7.9, 98, The Introvert Advantage
01383323, 8.4, 66, JONATHAN LIVINGSTON SEAGULL
03597747, 9.1, 42, 富兰克林自传
01415323, 7.3, 170, 富爸爸商学院
02305132, 8.2, 75, 伊索寓言
33452954, 7.0, 234, 以身饲龙
01027068, 8.2, 73, 塔木德
03134955, 7.7, 108, 才经
34841191, 7.8, 97, 用手账管理时间：风靡全球的时间管理方法
03664562, 7.8, 96, 向庄子借智慧
19974670, 8.4, 60, 悲剧的诞生
04742326, 8.1, 74, 小人经
05359699, 8.1, 74, 马云说
26338127, 6.7, 310, 最强大脑
01081071, 7.3, 150, 中国才女
04873108, 8.5, 55, 卡耐基写给女人一生幸福忠告
26249354, 8.3, 63, 韦尔乔西方哲理系列绘本01:神圣的智慧
03537202, 6.8, 258, 水晶球
20472930, 7.9, 83, 曹操的启示
01132022, 8.5, 53, 燃烧时间的烟斗
01843524, 8.1, 70, 中道管理
01876040, 7.8, 87, 傅佩荣解读庄子
01448578, 9.6, 28, 亲子关系
03137292, 9.0, 38, 战争指导
21355974, 7.9, 79, 坏人是不会改好的
01067090, 7.7, 93, 攻心为上
03028224, 9.3, 32, 德道经
27015502, 8.8, 42, 从粒子到宇宙
03112840, 9.8, 25, 白话易经
34785005, 8.9, 39, 致青年书
01261877, 8.0, 71, 凯尔特智慧
04052718, 6.8, 233, 九型人格使用手册
04226054, 8.2, 61, 浪漫爱情的心理
04197739, 6.9, 204, 庄子的享受
03670721, 8.8, 41, 读国学用国学
03346158, 8.1, 65, 曾仕强剖析胡雪岩商道
03294696, 7.5, 105, 印度的智慧
26359113, 8.8, 40, 幸福从懂你开始
04742325, 7.9, 72, 权谋术
01197513, 7.7, 84, 孙子兵法与三十六计的智慧
01852882, 7.7, 84, 塔木德
02058046, 7.4, 110, 谋事在人
06425387, 7.8, 76, 洛克菲勒家书
27025955, 8.9, 36, 智慧与感觉
04857004, 8.8, 38, 千万别当侦探
01736970, 8.5, 45, 为了每一天
30252930, 8.0, 63, 伏尔泰小说精选
21346248, 7.1, 140, 遗失的智慧
03684891, 8.7, 39, 漫画天才计划
25912559, 8.0, 62, 可惜不是你
01797051, 7.5, 93, 权术论
10505645, 8.4, 46, 窮查理的普通常識
04888112, 8.8, 36, 曾国藩箴言
02991448, 8.9, 34, 超越自己 创造自己 肯定自己
30255980, 8.3, 48, 罗素思想小品
05333542, 8.1, 55, 贫民窟的哲学家
01007268, 7.9, 63, 智慧人生
26266817, 7.9, 63, 请相信，你配得上世间的一切美好
26907634, 8.3, 47, 回忆苏格拉底
04719016, 7.4, 95, 《梨俱吠陀》神曲选
05404547, 7.0, 142, 博弈论诡计全集
01754379, 8.7, 36, 菜根谭的智慧
02070161, 7.6, 76, 塔木德大全集
03177855, 8.8, 33, 围棋的宏大构思
02247358, 7.9, 59, 智慧书.银色锦囊
26249359, 8.5, 39, 韦尔乔西方哲理系列绘本04:心灵的觉醒
01038544, 9.3, 25, 企业家爸爸给儿子的30封信
04742323, 7.8, 62, 韬晦术
06719426, 8.7, 34, 女水手日记
02976824, 7.9, 57, 哲学经典名言的智慧
04066863, 9.9, 19, 禅宗六代祖师传灯法本
10531541, 8.5, 37, 智慧书
26292916, 7.4, 83, 卓别林的最后一支舞
03704458, 7.9, 55, 中国的品格
01022219, 8.8, 31, 最大化你的自尊
01909459, 7.8, 59, 品曹操
01489461, 7.3, 90, 尼采
03389933, 7.3, 90, 晚睡谈心
01967490, 6.8, 151, 你为什么是穷人
27024391, 8.3, 41, 蒙田全集
20469392, 9.8, 19, 廿一世紀初的前言後語（上冊）
34743027, 8.2, 43, 世间生活
03434444, 9.0, 27, 唐浩明评点曾国藩语录
19987030, 8.6, 33, 冯友兰追问人生
26567235, 8.9, 28, 退一步并不难
01809114, 8.4, 37, 太极内功心法
20365754, 6.8, 136, 女人不能太单纯
26249355, 8.1, 43, 韦尔乔西方哲理系列绘本02:哲人的沉思
01436179, 8.1, 42, 回忆录
20002817, 8.9, 26, 提高
05242092, 8.4, 34, 曾仕强点评三国之道第二部.诸葛亮下山
20273179, 7.9, 47, 苹果禅
03003566, 7.8, 50, 说苏轼
02008751, 9.2, 22, 罗摩功行之湖
02179317, 9.2, 22, 挺经
03744109, 8.0, 43, 管理的真相
01107405, 9.0, 24, 步入解脱
25802446, 7.5, 62, 小的力量
05283508, 7.5, 61, 长短经
03510269, 8.1, 39, 365天不抱怨的智慧
26933752, 7.0, 95, 兔子坡
27042374, 7.0, 94, 高情商管理
03413668, 8.5, 30, 六韬三略
03417140, 9.2, 21, 六祖大师法宝坛经
03124210, 7.1, 84, 过目不忘的记忆秘诀
04246474, 7.3, 69, 女人的幸福女人定
02981855, 7.5, 58, 伊索寓言全集
01409389, 8.3, 33, 哲学美学导论
02004766, 8.4, 31, 论语
35022812, 7.3, 68, 巴菲特和查理·芒格内部讲话
04742324, 7.6, 53, 守弱学
26718809, 6.2, 235, 异乡人
03675486, 7.1, 80, 最三国 第一卷 天下有事
19948594, 8.6, 27, 生长在春天
04066909, 9.0, 22, 猎原
04258813, 8.1, 36, 人生十八局
04811280, 8.1, 36, 德兰修女讲故事
25916759, 7.4, 60, 野狐岭
26801207, 8.3, 31, 历史的慰藉
01436297, 6.9, 92, 投资自己
25756416, 7.0, 83, 世界是对的，你也是
27622186, 9.2, 19, 脑洞西游
04248143, 8.3, 30, 论黑格尔的逻辑学
02007708, 7.7, 44, 塔木德
10773368, 7.0, 79, 幸福一生的心灵课
25759727, 6.6, 120, 我是若小安
01473075, 8.1, 33, 教练的智慧
35068996, 9.4, 17, 白云剪裁的衣服
26274418, 7.1, 70, 硬汉不跳舞
11633348, 8.9, 21, 胡适谈世相
26249362, 7.9, 36, 韦尔乔西方哲理系列绘本05:世界的探索
01283014, 9.3, 17, 世纪足音
01025227, 8.2, 29, 伟大的三大智慧奇书
01462181, 7.7, 40, 反思文艺复兴
27166684, 7.6, 43, 一学就会的10堂妈妈理财课
04721384, 6.9, 78, 经济学一本通
04000797, 7.2, 59, 论语的生活智慧
10557826, 9.0, 19, 一味一人生
04870061, 7.8, 37, 舍与得的人生经营课
01029617, 8.1, 30, 女人的身体女人的智慧
01004305, 7.5, 44, 点灯智慧
01396755, 7.2, 56, 一个成本杀手的管理自白
04046760, 7.7, 38, 星云大师与你谈心
01121968, 8.0, 31, 鬼谷子
06014497, 8.0, 31, 老子瑜伽
25717085, 8.0, 31, 幸运是设计出来的
03167806, 8.6, 22, 南传弥兰王问经
03759916, 8.0, 30, 易经真的很容易
26357437, 9.1, 17, 拜月的狐儿
01172036, 8.7, 20, 狼祸
30356737, 8.4, 23, 食色里的传统
11578301, 7.5, 40, 科学禅定
03503924, 7.9, 30, 不可让渡的审判
06526282, 6.0, 187, 冷读术
03578281, 8.1, 26, 李宗吾厚黑处世智慧全书
02253230, 8.8, 18, 太玄经
04842765, 7.0, 57, 开启智慧
04242174, 7.1, 51, 洞察易经的奥秘
24758122, 8.1, 25, 战国杀
26363273, 7.4, 39, 你将成为自己的光
01082896, 8.7, 18, 荒漠甘泉
06873651, 7.6, 33, 漫画《四十二章经》
03217489, 8.9, 16, 徘徊在人生的空地上
03684889, 7.4, 37, 漫画天才巧克力
25986744, 6.4, 93, 智慧城市
21362005, 6.6, 74, 心机
02273230, 8.6, 18, 开悟
10600674, 9.0, 15, 培根论人生
01075133, 7.3, 39, 经济学的智慧
01792440, 7.2, 42, 谈判学
03920779, 7.7, 29, 舍得的艺术
02568197, 7.4, 35, 伏羲九九
03131946, 7.0, 48, 大汉开国谋士群
25981417, 7.2, 40, 沈从文晚年口述（增订本）
04104025, 6.9, 51, 女人就是要有钱
10430436, 7.5, 31, 萤窗小语
26644434, 9.4, 12, 博学切问
01023955, 8.0, 22, 犹太名人读本
02180295, 7.6, 28, 哲学盛宴-罗素在华十大讲演
04062813, 6.5, 69, 加薪不加班
04827173, 7.0, 43, 图解哲学
05287194, 8.6, 16, 智慧书
20502643, 6.7, 53, 在星巴克遇见德鲁克
02123017, 7.4, 30, 旅行與人生的奧義
02115102, 6.4, 68, 快速阅读
01041672, 7.7, 23, 狼的智慧
03451115, 7.5, 26, 禅师的米粒
02337438, 7.6, 23, 汪国真哲思短语
03793017, 7.6, 23, 走进乾坤的门户
26756867, 7.6, 23, 深夜的蚕豆声
10956246, 8.7, 13, 追随本心
02126688, 8.0, 18, 大器之道
01881867, 7.5, 24, 魅力制造
04269831, 7.3, 27, 胡雪岩传
01045938, 8.2, 16, 探求智慧之旅
02220585, 7.1, 31, 总统的力量
01604641, 8.3, 15, 米修与中国文化
01136903, 7.9, 18, 完美和喜悦在我心中
04881624, 7.8, 19, 粗养的智慧
26372229, 6.7, 40, 我不想做一只小老鼠
06875947, 7.2, 27, 智商只占七分之一
02029219, 7.3, 25, 如何掌控自己的情绪和生活
24537564, 8.2, 15, 胡适语录
06397612, 5.7, 124, 仓央嘉措
23316638, 7.6, 20, 度心术
01015887, 6.9, 32, 墨者的智慧
01481935, 7.7, 18, 谋略论
02010131, 6.8, 32, 医生向左病人往右
02331170, 8.1, 14, 斯蒂格利茨经济学文集（1-6卷）
11026498, 8.1, 14, 道德经精读本
03225114, 7.8, 16, 陈敬容诗文集
04861727, 7.2, 21, 欢喜
01895118, 7.5, 17, 戴尔·卡耐基智慧全集
04253366, 8.0, 13, 西方的智慧
31262190, 7.7, 15, 比小说更好看的理财故事书
01721248, 6.8, 26, 羊皮卷智慧全集
05423166, 7.0, 22, 美国说客（上下）
04035331, 6.9, 23, 不可不知的1000个职场常识
01074249, 7.1, 20, 中国智慧
04035366, 6.7, 25, 如何轻松举起大象
03223632, 7.0, 20, 图解南怀瑾国学精萃
27160046, 6.3, 34, 生活(体验的智慧)
02183798, 6.2, 37, 幽默学原理
25728352, 4.9, 246, 邓文迪：我不是传奇
24850400, 8.0, 11, 微型小说也疯狂
27024326, 7.8, 12, 求异
01442096, 6.7, 23, 名人名言录
10465041, 6.7, 23, 别给人生设限
10761713, 7.1, 17, 周显捡股秘密
01726691, 7.0, 18, 天真做人，世故做事
01311748, 7.3, 15, EQⅡ
05417390, 7.3, 14, 活在珍贵的人间
01803160, 7.0, 16, 犹太人生存智慧全书
30851690, 7.6, 11, 富足感:巴比伦最富有的人
20475793, 6.4, 23, 狄仁杰
01281513, 6.8, 16, 女人枕边书：美丽一生的铂金法则
01954432, 5.8, 37, 生活中的博弈论
05285395, 6.9, 15, 超值金版-孙子兵法三十六计智谋全解
10434181, 5.6, 43, 基金投资入门与技巧
25823782, 6.7, 16, 国学旨归
03495886, 7.3, 11, 点灯智慧
04205381, 5.6, 39, 鲁豫给女人的24堂智慧课
25916700, 7.4, 10, 迈向智能医疗
10586527, 4.9, 101, 齐家治国 女德为要
04835446, 6.0, 19, 如果苏东坡考上EMBA
20474967, 6.5, 13, 金钱的艺术
25927603, 5.8, 22, 最高级思维：犹太人的经商圣经与做人智慧
03001151, 4.6, 90, 博弈圣经
26421314, 5.6, 18, 领导团队的智慧
25951946, 0.0, 10, 梭罗论人生
26611847, 0.0, 11, 国文趣味
02094664, 0.0, 12, 所罗门王大智慧书
02329430, 0.0, 12, 愈智慧 愈美丽
03679792, 0.0, 12, 左手曾国藩右手李鸿章
20368552, 0.0, 12, 不生气的处世之道
25917409, 0.0, 12, 智慧的觉醒
01098011, 0.0, 13, 女人的资本续篇
01141318, 0.0, 13, 总裁魅力学
03076017, 0.0, 15, 《易经》图绎宇宙原始虚空开阖模型
05502975, 0.0, 16, 行走在心灵深处
06784698, 0.0, 16, 道家做人儒家做事佛家修心 大全集
