2020-07-05 16:00:07

number of books, tag name
546, 未来

ID, rating, votes, title
03066477, 9.3, 222578, 三体Ⅱ
05363767, 9.2, 214997, 三体Ⅲ
02567698, 8.8, 375316, 三体
01082154, 9.1, 190798, 活着
25862578, 8.5, 642237, 解忧杂货店
20427187, 8.8, 276232, 看见
25985021, 9.1, 131615, 人类简史
06518605, 9.4, 49467, 三体全集
01082387, 9.3, 35131, 一九八四·动物农场
01045818, 8.5, 105806, 苏菲的世界
01389960, 9.3, 22831, 七龍珠 34
01092335, 9.0, 31551, 教父
01102403, 9.7, 10582, 机器猫哆啦A梦（共45册）
03815131, 9.4, 14561, 一九八四
01400705, 8.1, 134115, 情人
01401425, 8.3, 84772, 兄弟（上）
26953606, 9.1, 18809, 人类简史
01258490, 9.2, 13205, 基地
01062193, 8.5, 34991, 娱乐至死
26943161, 8.4, 41441, 未来简史
26957760, 8.8, 19764, 世界的凛冬
01388169, 8.7, 21658, 乱马1/2
02340100, 8.0, 73636, 遇见未知的自己
01394364, 8.8, 17669, 银河系漫游指南
27002046, 9.1, 10538, 美丽新世界
06021440, 8.7, 18587, 黑客与画家
01082150, 8.4, 28333, 白银时代
02209098, 7.8, 90008, 致我们终将逝去的青春
01418297, 9.2, 8258, 蜂蜜與四葉草 1
01364773, 9.0, 10566, 鋼之鍊金術師 1
05346110, 8.9, 11552, 穷查理宝典
05375620, 8.7, 15222, 失控
02056749, 8.1, 40337, 时间旅行者的妻子
06434486, 9.2, 6395, 上帝掷骰子吗？
02340609, 9.1, 6668, 2001太空漫游
01048007, 8.2, 26142, 高效能人士的七个习惯（精华版）
03268399, 8.4, 18451, 上海堡垒
01440089, 8.3, 21712, 那些生命中温暖而美好的事情
01418999, 9.2, 5543, 银河英雄传说
02359052, 8.9, 8275, 查拉图斯特拉如是说
02376486, 8.9, 7268, 中国近代史
02271450, 8.6, 10284, 镜·神寂
21617765, 8.8, 7532, 亲爱的安德烈
01439894, 8.7, 8299, CLOVER（VOL.1--4）
04152754, 7.6, 42778, 时生
01132956, 8.4, 9949, 白银时代
02213272, 9.4, 2578, 1984
07007241, 9.3, 2854, 2001：太空漫游
02363651, 8.1, 14544, 十四堂人生创意课
30259720, 8.1, 12984, 今日简史
04872919, 8.7, 4524, 美妙的新世界
02277299, 8.4, 6924, 当下的力量
26945094, 8.7, 4335, 未来简史
27094706, 8.7, 4183, 财富自由之路
01048930, 9.0, 2687, 联邦党人文集
26838557, 8.4, 5998, 智能时代
01399992, 9.0, 2597, 天渊
01863010, 9.2, 2047, 银河英雄传说VOL.2 野望篇
27036319, 8.5, 4559, 百年法
26297606, 7.5, 24550, 从0到1
26658379, 8.4, 5180, 必然
10607615, 8.7, 3312, 第三种黑猩猩
26759508, 8.1, 7793, 硅谷钢铁侠
01917417, 9.2, 1754, 银河英雄传说VOL.3 雌伏篇
02080914, 9.4, 1333, 银河英雄传说VOL.8 乱离篇
05214656, 9.3, 1453, 1984
01967817, 9.2, 1586, 银河英雄传说VOL.4：策谋篇
01053623, 8.5, 3548, 文明的冲突与世界秩序的重建
01919072, 7.7, 12064, 长尾理论
01867642, 7.6, 14224, 世界是平的
02142602, 9.3, 1287, 银河英雄传说VOL.10 落日篇
01422079, 9.0, 1770, 十二國記：月之影·影之海（上）
02243692, 7.8, 9623, 潜水钟与蝴蝶
02054916, 9.2, 1390, 银河英雄传说VOL.6 飞翔篇
01420740, 8.6, 2752, 阴阳师·生成姬
24153181, 7.6, 12980, 从前我死去的家
01386229, 8.7, 2404, 漂流教室(1)
03041463, 8.4, 3496, 时间回旋
02070068, 9.2, 1316, 银河英雄传说VOL.7 怒涛篇
02981589, 8.7, 2292, 美妙的新世界
02170469, 8.9, 1789, 喧哗与骚动
26708119, 8.6, 2532, 机器学习
01102259, 8.4, 3271, 人月神话
03025921, 7.7, 8383, 黑天鹅
06854525, 7.9, 5594, 黑天鹅
25904521, 8.9, 1445, Sapiens
01427679, 7.5, 10399, 做最好的自己
26836970, 7.7, 6926, 沙丘
02298769, 8.1, 3399, 殷商舰队玛雅征服史
01085002, 9.0, 1072, 哈扎尔辞典
01084435, 8.4, 2177, 策略思维
01101921, 8.6, 1659, 定本育儿百科
26665230, 8.4, 2082, 硅谷之谜
06913343, 8.3, 2302, 理性乐观派
05989373, 8.8, 1210, 失控
03035593, 8.2, 2312, 崩溃
01087547, 8.5, 1537, 理解媒介
06965746, 8.2, 2236, 科技想要什么
30318719, 8.4, 1713, 电幻国度
01102870, 7.9, 3319, 超新星纪元
25902226, 8.2, 2154, 时寒冰说：未来二十年，经济大趋势（现实篇）
10763170, 8.4, 1632, 发条女孩
03138847, 7.9, 3013, 思考的技术
30262617, 8.3, 1606, 生命3.0
30357931, 8.1, 2080, 智能商业
21370840, 7.5, 5157, 打工女孩
01834728, 8.8, 872, 人工智能的未来
02257997, 9.2, 574, 银河英雄传说外传(2)尤里安的依谢尔伦日记
26653673, 8.4, 1308, 必然
01441072, 8.9, 746, Ender&#39;s Game
25908079, 8.5, 1091, 新经济，新规则
01382848, 8.4, 1187, 不厭其煩
02133074, 7.0, 10207, 20几岁，决定女人的一生
10537640, 6.9, 11924, 如丧
20389192, 7.1, 7626, 30岁前的每一天
02127790, 7.6, 3151, 蝴蝶风暴
03932520, 7.5, 3659, 免费
26867512, 8.8, 604, Homo Deus
26412113, 8.4, 905, 机器人叛乱
03816895, 8.1, 1300, 雪崩
10799984, 7.4, 3480, 大数据
05379664, 7.6, 2511, 浅薄
01789444, 8.4, 857, 第三次浪潮
21346610, 7.6, 2457, 莫失莫忘
03735295, 7.5, 2659, 未来是湿的
26835090, 8.0, 1243, 软技能
01042814, 9.3, 302, 人与世界
10588021, 7.9, 1315, 技术元素
27127478, 8.7, 518, 读库1705
22993496, 7.5, 2274, 女人明白要趁早
20499070, 7.9, 1276, 这个社会会好吗
30418697, 7.0, 5144, 变量
30376593, 8.2, 811, 当下的启蒙
26652329, 8.2, 802, 失控
27614523, 7.5, 2034, 刷新
06855803, 7.6, 1654, 奇点临近
02150109, 8.7, 431, 未来的未来
01110313, 8.4, 583, 终极理论之梦
01959340, 8.3, 643, 时间机器（中英双语）
03734300, 8.7, 415, 不可思议的物理
02979316, 8.1, 786, 人类学的邀请
26816874, 8.1, 776, 理解未来的7个原则
02141593, 8.5, 493, 第三次浪潮
30242492, 8.1, 745, 人类的明天
01483021, 9.1, 273, Out of Control
26786410, 7.8, 1078, 超级版图
01089508, 7.8, 1070, 数字化生存
27015112, 7.3, 2189, 人工智能
27180217, 7.6, 1348, 人之彼岸
01394307, 8.0, 764, 玩具
21714777, 8.1, 657, 巴西：未来之国
06885709, 8.1, 648, 未来闪影
26942707, 8.7, 344, 游戏化实战
03014701, 8.4, 461, 苏珊娜之歌
26850526, 7.6, 1161, 追时间的人
24862722, 8.2, 531, 链接
21326266, 8.1, 589, 与机器赛跑
26810573, 8.6, 329, 白银时代
24297906, 6.6, 5491, 不畏将来 不念过去
20365163, 7.6, 1002, 创客
07007666, 7.0, 2516, 认知盈余
30446669, 8.0, 595, 到未来去
30305583, 7.2, 1756, AI·未来
01799241, 7.8, 749, 全新思维
01315569, 8.4, 380, 羚羊与秧鸡
26975985, 8.2, 462, 时间地图
01205456, 8.0, 577, 未来之路
02354988, 7.7, 798, 集装箱改变世界
01431762, 7.8, 702, 新闻业的怀乡病
26841898, 8.9, 224, 现代的历程
02338638, 8.2, 415, 预知社会
20501664, 7.5, 904, 荒潮
24872437, 9.8, 105, 《杂阿含经》校释（全八册）
02341195, 7.2, 1378, 20几岁，可以改变女人的一生
24325339, 7.4, 988, 全新思维
34461215, 9.1, 166, 洪水来客
25849758, 7.7, 655, 富足
01432641, 8.3, 330, 妹尾河童:边走边啃腌萝卜
06559258, 7.9, 501, 西方将主宰多久
34461213, 8.7, 223, 环形物语
01291077, 8.7, 222, 学会生存
30259509, 7.6, 685, 未来世界的幸存者
02231708, 7.4, 864, 掉线-星云VI
10580810, 7.1, 1310, 第三次工业革命
06789608, 8.1, 362, 濒死的地球
26823428, 8.3, 290, 趋势红利
02334078, 8.6, 219, 混序：维萨与组织的未来形态
25953932, 7.9, 434, 第二次机器革命
26885117, 7.3, 923, 在线
26985049, 8.3, 284, 我们何以成为后人类
10578495, 8.1, 344, 物理学的未来
01315265, 8.3, 281, 从混沌到有序
26733566, 7.6, 589, 知识大融通
26891160, 7.8, 462, 科技之巅
21617698, 7.1, 1148, 二十五岁的世界
01094500, 7.8, 452, 一种浸染
21966324, 7.2, 980, 3D打印
02238100, 7.9, 396, 西班牙乞丐
03215423, 7.5, 629, IT不再重要
01861805, 7.3, 803, 世界是平的
26314386, 8.3, 250, 心灵的未来
26776547, 7.6, 525, 人工智能时代
30406623, 8.9, 147, 国家兴衰
25926823, 8.4, 222, 智能时代
20492474, 7.1, 988, 乖宠
01171983, 8.6, 181, 洞察未来
26589666, 8.3, 232, 法律人的明天会怎样?——法律职业的未来
27038809, 6.8, 1532, 世界是红的：看懂中国经济格局的一本书
30168533, 8.3, 227, 邪恶催眠师三部曲：全3册
30192878, 8.1, 267, 量子魔术师
02281055, 7.8, 363, 小就是大
02381069, 7.5, 507, 第一团队
25784778, 8.1, 254, 1024·人与机器共同进化
35060315, 7.4, 542, 向上生长
01810352, 8.1, 236, 灵魂机器的时代
26931905, 7.1, 760, 终极算法
30133563, 8.2, 210, 我是未来——尼古拉·特斯拉传
26315800, 7.6, 389, 智慧社会
26823975, 7.6, 376, 我们为什么要去火星？
30282615, 8.6, 140, 未来地图
26685018, 7.8, 295, 科技想要什么
26933447, 8.0, 237, 卓越未来
26586799, 8.0, 235, 创业无畏
27078260, 7.7, 322, 维多利亚时代的互联网
20616993, 6.3, 2607, 洗脑术
02018975, 9.6, 65, 跟我学英语口语100句
03817241, 7.5, 375, 未来产品的设计
26318103, 8.3, 165, 脑机穿越
03010954, 9.3, 77, BLAME! 4
27041829, 9.6, 64, 大师说科学与哲学
06727381, 7.6, 323, Ready Player One
26926164, 7.1, 593, 我们的后人类未来
26749968, 7.2, 514, 超预测
01886671, 8.6, 122, 下一个社会的管理
06807753, 8.8, 104, 改变世界的方程
01839081, 8.1, 181, 增长的极限
27079203, 8.3, 150, 人类的终极命运
03664860, 8.3, 148, 新共生思想
30460634, 8.2, 160, 治愈未来：数字困境的全球解决方案
03032780, 8.0, 192, 管理大未来
11589943, 8.5, 122, 管理的未来
03049831, 8.2, 156, 增长的极限
34429934, 8.3, 142, 人类的未来
02872645, 8.4, 129, The Singularity Is Near
26831320, 8.1, 167, 生命的未来
02298237, 7.9, 199, 玛拉和丹恩历险记
11601459, 8.4, 127, 能源重塑世界（上下）
01843185, 8.3, 133, 远见
02364146, 7.6, 258, 海星模式
03006454, 9.8, 48, 7SEEDS 12
26873808, 8.5, 111, Homo Deus
01085032, 8.4, 116, 铁蹄
33463980, 7.4, 306, 未来学校
01426920, 8.2, 136, 后工业社会的来临
25822107, 8.4, 115, 未来考古学
20429704, 6.8, 645, 删除
26805266, 6.6, 883, 超级IP
24089617, 6.4, 1159, 世界这么大，还是遇见你
27609837, 8.1, 135, 第三次浪潮
26716231, 7.3, 303, 大国雄心
25981522, 9.1, 63, 一面多彩的镜子
34893791, 7.3, 295, J
27054249, 7.8, 167, 密码朋克
01064674, 8.7, 79, 法律的未来
26919830, 7.8, 161, 心智社会
02238108, 7.7, 172, 乞丐与选民
10769712, 6.2, 1354, 爆发
30414591, 7.1, 326, 未来
27663259, 7.7, 165, 白话区块链
26828718, 7.7, 164, 社群营销
25704047, 7.3, 250, 2052：未来四十年的中国与世界
01084946, 8.8, 67, 人工智能哲学
01049236, 8.4, 88, 寡头
26794863, 7.3, 242, 如何打造超级IP
27040869, 6.9, 396, 人工智能时代的教育革命
30206558, 7.3, 240, 日本未来时
02381063, 7.1, 304, 即将来临的经济崩溃
26961851, 6.1, 1465, 灰犀牛
20561925, 8.3, 91, 《一九八四》与我们的未来
30251703, 8.3, 89, 未来的冲击
26308917, 7.1, 286, 超级智能
26973408, 7.4, 201, 人类2.0
27017609, 6.6, 561, 智能革命
30252067, 8.6, 70, ORIGIN原型機(01)
27595116, 8.3, 84, 权力的转移
26766298, 6.9, 340, 未来建筑的100种可能
27605475, 7.8, 125, 人机平台：商业未来行动路线图
25780470, 7.5, 165, 如何创造思维
26936131, 7.8, 123, 布满贫民窟的星球
01835143, 8.3, 81, 管理未来
26763668, 7.7, 134, 颠覆性医疗革命：未来科技与医疗的无缝对接
01395436, 7.0, 286, 塞莱斯廷预言Ⅱ第十种洞察力
20502453, 9.6, 36, 銃夢
27179562, 7.0, 285, 人工智能
26435017, 7.2, 220, 资源革命
01442141, 7.6, 144, 不确定的科学与不确定的世界
03930784, 6.0, 1391, 中国大趋势
34856835, 9.0, 49, 冒险图鉴
24828865, 7.6, 140, 混合现实
24888072, 7.8, 116, 建筑母语
03258641, 7.9, 106, Free
26335770, 8.6, 62, 罗斯维尔真相
26943913, 8.5, 66, 再创世纪
26716264, 7.2, 209, 人工智能的未来
21346607, 8.2, 81, 恢复力
02188218, 8.2, 79, 分享年
01470822, 8.4, 67, 未来的冲击
27011957, 7.9, 97, 环形世界
26257987, 8.7, 53, Interstellar
30313605, 7.5, 135, 迷人的技术
10529104, 7.3, 164, 质量效应 第3卷
26683602, 7.3, 162, 情感机器
24381563, 7.9, 92, 斯格拉柔达
05986493, 8.5, 58, The Information
26593127, 7.2, 177, 可视化未来
10571977, 8.5, 57, 家庭、私有制和国家的起源
27039464, 7.6, 116, 机器崛起
24762070, 8.9, 44, The Future of the Mind
02300648, 7.9, 88, 下一轮伟大的全球化
03057991, 8.6, 52, 历史研究 上
03942944, 8.6, 52, 第三次浪潮
27087804, 8.6, 52, 我们为什么要合作
26879358, 7.4, 135, 未来的工作
26737842, 8.1, 72, 大脑的未来
01386613, 8.9, 42, How We Became Posthuman
25833586, 8.4, 57, 云端经济学
26386850, 7.8, 88, 图灵的大教堂
26930070, 8.1, 69, 隐秘的商机：如何预测和整合未来趋势
26892520, 6.9, 214, Google
02125040, 7.7, 93, 大趋势
04178755, 6.9, 210, 未来100年大预言
24849714, 7.5, 106, 即将崩溃的文明
30386364, 8.2, 59, 为什么速度越快，时间越少
05325853, 7.3, 126, 我们改变了互联网，还是互联网改变了我们?
26800364, 6.2, 528, 第四次工业革命
01072147, 7.6, 94, 灵魂机器的时代：当计算机超过人类智能时
27623458, 8.1, 62, 重塑
27180497, 8.8, 39, 给孩子的人工智能图解
26312151, 8.2, 56, 云端杀机
30389352, 8.1, 59, 赛先生的梦魇
27126686, 7.7, 80, 零边际成本社会
03043018, 7.8, 72, 时间机器
30220058, 6.8, 191, 未来版图
21360142, 8.1, 56, 我们如何拯救过去
26655915, 6.8, 189, 与机器人共舞
34866814, 8.1, 55, AI的25种可能
26628218, 7.1, 130, 智能爆炸：开启智人新时代
30401869, 7.2, 115, 小趋势²
01052568, 8.0, 57, 眼界大开――黑白世界的奇异图象（1-2）
01921533, 7.6, 78, 个人与组织的未来
27084311, 7.4, 93, 复杂：信息时代的连接、机会与布局
02730747, 8.9, 32, 十九顆星
27106994, 6.5, 249, 人工智能真的来了
01465388, 7.2, 109, 未来的社区
26841622, 7.1, 120, 新一轮产业革命
25852219, 7.9, 59, 第三种创新
27170962, 6.7, 171, 不会被机器替代的人
26673890, 7.5, 75, The Inevitable
26431012, 7.1, 109, 工业大数据
10756587, 8.1, 46, 未来八年我们该如何做
06806062, 8.2, 43, 世界是开放的
26711411, 8.2, 43, The Industries of the Future
01908384, 7.8, 53, 未来在等待的人才
02319383, 7.8, 53, 周期王国
26677329, 7.0, 106, 黑箱社会
01465387, 8.4, 35, 未来的组织
26697074, 7.4, 72, 智慧之巅：DT时代的商业革命
01036016, 8.1, 42, 21世纪的管理挑战
05447171, 8.1, 42, 中国大趋势2
26795385, 7.4, 71, 第四次革命
26931291, 8.2, 39, 新物种乐视
26796520, 7.5, 65, 地球的法则
01422026, 8.5, 32, Superstudio
03087182, 8.5, 32, 竞争大未来
34672218, 7.6, 58, 18个未来进行时
04894338, 8.1, 39, 中国
30203207, 6.8, 118, 人工智能会抢哪些工作
30424950, 6.8, 115, 你一定爱读的极简未来史
30204441, 7.0, 92, 未来工作 : 智能时代的竞争力法则
26283227, 6.5, 156, 与大数据同行
01319097, 7.7, 48, 未来世界的100种变化
25955917, 7.5, 56, 预言家的博弈
02884420, 7.8, 44, Time Machine
26941689, 7.8, 43, 第二次机器革命
01397775, 8.3, 31, 小小地球
26857852, 7.4, 58, 硅谷密探：探秘全球科技精华
26855627, 7.3, 62, 我们最后的发明
30446046, 7.3, 62, The Hundred-year Marathon
10725254, 7.6, 48, 魔昼
34934004, 7.5, 51, 人类向何处去
01868243, 8.2, 31, Doomsday Book
27044695, 6.5, 133, 传播的进化
30265815, 7.4, 54, 人生新算法
04238464, 8.9, 21, The Unabomber Manifesto
01089099, 8.7, 23, 大坝经济学
27176140, 7.1, 68, HR的未来简史
30245348, 8.3, 28, 2052：未来四十年的中国与世界（新版）
01053409, 7.3, 55, 赢家通吃的社会
01034457, 8.7, 22, 创造一个新的文明
34443588, 7.4, 49, 给未来人类的终极12问
02273677, 7.3, 53, 复杂性
26877920, 8.4, 25, 机器人战争
06879513, 7.1, 62, 失去乔布斯，苹果会怎么做
27039469, 7.3, 52, 理解信念：人工智能的科学理解
26734748, 7.6, 41, 大转换
33450994, 7.2, 56, 是我想多了吗?
25981888, 8.0, 31, 2100科技大未來
26860783, 7.5, 43, 无偿
30186385, 6.6, 96, 无界：人工智能时代的认知升级
05939015, 7.3, 48, 互联网的未来
26284947, 6.4, 111, 断点：互联网进化启示录
27054089, 7.7, 34, 100亿个明天
27599830, 7.7, 34, 人机共生：谁是不会被机器替代的人（托马斯·达文波特智能商业五部曲）
30409039, 8.8, 18, 鳴響雪松系列8.1：新的文明
30180282, 6.7, 76, 奇点艺术：未来艺术在科技奇点冲击下的蜕变
25960924, 7.3, 44, 正在设计的未来
25868332, 8.0, 26, 未来婚姻
26703945, 6.6, 77, 物联网：未来已来
22811016, 7.2, 44, 大转变
30421234, 7.4, 37, 隐藏的行为
11599057, 8.5, 19, 全球能源大趋势
01092250, 8.2, 22, 远景
24714102, 8.2, 22, 小型智能机器人制作全攻略
33478939, 7.9, 26, 智能机器如何思考
02885547, 7.3, 39, Flashforward
27141672, 7.3, 39, 预见
27103979, 7.2, 42, 噬梦人
34970909, 7.6, 31, 十年后工作图鉴
33387419, 7.7, 29, 未来战争
26417588, 6.9, 53, 读懂互联网+
30358139, 7.8, 27, 驾驭未来：抓住奇点冲击下的商机
01435839, 7.3, 38, 石油的终结
01430219, 8.3, 20, 伟大的事业
10440903, 8.4, 19, 2020，世界网络大战
27609284, 6.1, 124, 掌控大趋势：如何正确认识、掌控这个变化的世界
06021659, 7.7, 28, Physics of the Future
26371099, 6.9, 51, 大数据 [3.0升级版]
02339951, 8.0, 23, The World Without Us
30389556, 6.4, 83, 人类帝国的覆灭
34877489, 6.2, 105, 5G时代：生活方式和商业模式的大变革
26312794, 6.9, 50, Rise of the Robots
26927468, 7.6, 29, Whiplash
27066034, 9.1, 13, WTF?
27074880, 7.3, 34, 智能机器的未来
27054904, 7.2, 36, 增长的方法
02116253, 8.2, 19, 创造未来
30194652, 6.7, 54, 科技前哨
01417470, 7.4, 29, 哈佛新鮮人
01175397, 8.2, 18, 个体的崛起
26413957, 8.0, 19, 幻影集
06827474, 6.6, 49, 凋谢
02833934, 7.1, 30, The Next 100 Years
34839906, 7.3, 26, 超级思维
01020999, 7.7, 20, 想象中的世界
01228746, 7.7, 20, 未来的战争
01098124, 6.6, 44, 高级微观经济理论
04866927, 6.4, 53, 世界大趋势3
26911260, 6.0, 83, 人工智能
27200417, 6.1, 73, 超级技术
26341994, 8.5, 13, Reinventing Organizations
01233564, 7.1, 27, 成功
27007089, 6.1, 67, 影响未来的新科技新产业
21966350, 7.7, 18, 中国经济增长十年展望
25741581, 8.3, 13, 中国未来十年的机遇与挑战
01428519, 7.6, 18, 力量转移
27073474, 7.8, 16, 2040大预言：高科技引擎与社会新秩序
26873446, 7.2, 22, 三体智能革命
27017648, 8.0, 14, 大历史与人类的未来
30180769, 6.5, 37, 终极感知
01081338, 7.4, 19, 后汽车时代的城市
02348451, 8.3, 12, Love in the Time of Cholera
30351268, 7.8, 15, 深度思考
26830221, 6.4, 39, 未来在等待的人才
25697858, 6.5, 35, 迷失地下铁
27622035, 6.5, 35, 地球省
01071996, 7.5, 17, CCTV对话未来99种
34911103, 8.4, 11, 和机器人一起进化
34865361, 6.5, 34, 创造未来城市
21750368, 7.7, 15, Who Owns the Future?
26703542, 6.3, 40, 现实挖掘
25981760, 6.1, 49, 自然计算：DNA、量子比特和智能机器的未来
30260251, 7.0, 22, 未来的公司
26838182, 6.8, 25, 大停滞?全球经济的潜在危机与机遇
26995066, 6.8, 25, 比特城市
30434090, 6.8, 25, 最后一个人类
26642838, 7.6, 15, 移动思维变革
27069957, 6.0, 51, 智能化社会
30188010, 6.4, 34, 虚拟现实
30140294, 6.6, 28, 遇见未来
04222608, 6.7, 25, 2025年世界将发生什么
26898348, 6.2, 38, 四百年未有之变局
26799197, 7.5, 14, 入侵未来
34900586, 6.2, 35, 未来十五年
30171331, 6.8, 21, 未来50年
02470843, 7.6, 13, The Time Machine / The Invisible Man
34818344, 7.2, 16, 不要害怕中国
26329644, 7.3, 15, 网络人的未来
27058559, 7.3, 14, 孔夫子与机器人
27595286, 6.6, 21, 社会机器
26946082, 7.0, 16, 发现未来：重塑世界的五大发明
25871795, 6.8, 18, 馬卡龍女孩的地球千年之旅
01054549, 7.5, 12, 40年后会怎样
26976315, 7.6, 11, 趋势型创新
03168852, 6.9, 16, 未来十年俄罗斯的周围世界
01179449, 6.5, 21, 人类灭绝的10种可能
01442240, 6.5, 21, 第二次宣言
25901129, 6.4, 22, 最后的美国人
25783392, 6.2, 26, 《凶符》
26927985, 6.8, 16, 云工作时代
01449656, 7.4, 11, The Singularity Is Near
30259337, 5.8, 35, 破译人类的明天
01311582, 7.2, 12, 洞悉先机
30312114, 6.0, 28, 四维人类
05415890, 6.9, 14, 中国预言
25755676, 6.9, 14, 你不可不知的50个未来大预言
30230699, 6.3, 20, 机器人来了
26803888, 5.6, 39, 智能社会
26953736, 6.9, 13, 未来生机
26882968, 6.9, 12, 未来的截面
26850547, 6.7, 13, 重新定义智能
26861891, 6.1, 19, 物种之神
01442149, 6.2, 16, 第二次宣言
02998318, 6.0, 18, 非常留学
30394761, 5.8, 21, 世界趋势2050
11622280, 5.5, 27, 我想和中国教育谈谈
26837019, 6.0, 16, 未来世界
06771688, 6.0, 15, 索尼研究所的经营哲学
26692760, 5.7, 19, 数字法则
30198391, 5.7, 16, 智慧城市2.0：科技重塑城市未来
30300023, 4.7, 51, 万物重构：智能社会来临前夜的思索
26873462, 5.6, 16, 新经济崛起
03017744, 5.8, 11, 媒体未来图景
10517651, 4.7, 33, 20年后中国和世界
27078613, 0.0, 10, 蜂巢思维：国家智商VS个体智商
30277177, 0.0, 10, 谁统治世界？
35006164, 0.0, 10, 星际迷航经济学
24522761, 0.0, 11, 变革的力量
26640150, 0.0, 11, 在可见的未来，成就最好的自己
26992727, 0.0, 11, 生态战略：设计未来企业新模式
34917796, 0.0, 11, 人类未来
04212007, 0.0, 12, 因為遇見你
02297600, 0.0, 13, 十七大报告辅导读本
05346530, 0.0, 15, 计算机代数系统的数学原理
26394920, 0.0, 15, 逆反星球
04742244, 0.0, 16, 向明天撤退
30425278, 0.0, 44, 小程序大时代
