2020-07-05 16:00:07

number of books, tag name
644, 杂志

ID, rating, votes, title
01441869, 8.9, 5441, 没有教不好的学生
03332661, 9.2, 1233, 中国景色
01921377, 8.9, 1550, 中国人的景观大道
03246230, 7.6, 8146, 鲤·嫉妒
27182602, 8.8, 1317, 安藤忠雄
11516079, 7.9, 3700, 知日·猫
03091349, 7.3, 9147, 鲤·孤独
07154688, 8.1, 2451, 知日·书之国
03908625, 7.8, 3683, 单向街 001
04727980, 7.6, 5076, 鲤·上瘾
26797271, 8.7, 1113, Lens·目客004·猫：懒得理你
24862876, 7.4, 7070, 黄雀记
06101342, 8.1, 2303, 知日·制服uniforms
03286200, 8.4, 1537, 九州志Ⅲ
01493523, 8.3, 1716, 读库0601
26431215, 8.5, 1335, Lens·目客002：我这样爱你
26721550, 8.4, 1446, Lens·目客003：山本耀司
02248892, 8.5, 1205, 一本杂志和一个时代的体温
01937756, 8.7, 913, 疾风迅雷
26411600, 8.6, 982, Lens·视觉001：激情藏在安静的角落
03271171, 8.4, 1101, 读库0804
03695832, 8.2, 1386, 九州志·葵花
02372401, 8.0, 1622, 九州志Ⅱ
03526330, 9.6, 303, 苏打志4
26612460, 8.5, 838, Lens·视觉003：不需要安全感就是自由
01459494, 7.5, 3123, 岛（Vol.6）
05415719, 7.5, 3100, 知日·奈良美智
26337959, 8.3, 949, Lens·目客001:花朵与我
26681349, 8.6, 644, Lens·视觉004：需要什么，年轻的身体便去找寻
10739735, 7.6, 2228, 鲤·变老
03667783, 6.9, 7012, 月
24754123, 7.0, 5592, 所有人问所有人
34935930, 8.7, 516, 读库2000
03830512, 8.0, 1116, 九州志·葵花·紫之苦寂
25794334, 7.4, 2600, 知日!知日！这次彻底了解日本 01
30301369, 8.3, 762, 都市一无所有
27086154, 8.3, 757, 知中·幸会！苏东坡
03325973, 8.4, 670, 爱丽丝·仲夏夜之梦
25723797, 7.6, 1798, 知日·家宅
25808336, 7.5, 2024, 知日·了不起的推理
24851599, 7.1, 3783, 知日·断舍离
07054746, 8.5, 546, 读库1204
26800841, 8.6, 488, Lens·视觉006：我停在你将回来的地方
10606923, 8.3, 665, 读库1202
02241256, 8.3, 663, 故事会
06067966, 8.1, 824, 文艺风赏·失败者之书
10570061, 8.1, 818, 单向街 004
06711884, 8.3, 645, 读库1103
02973484, 9.3, 248, 苏打志3
01069071, 6.9, 4778, 岛
03196756, 8.2, 683, 读库0803
21322429, 8.2, 668, 读库1301
03901066, 9.6, 181, 蘇打志5
11498099, 8.3, 571, 读库1203
30231509, 7.7, 1105, 人的困境
04030301, 7.9, 850, 九州志·葵花·碧之孤戾
05263570, 8.1, 652, 读库1004
27042798, 8.3, 521, 世界的水手
27055278, 8.4, 466, 视觉012：我们是不是非要那么急迫不可
04262680, 8.0, 717, 九州志·王朝启示录·复仇的姬武神
02076719, 8.2, 565, 读库0702
01963412, 8.1, 617, 读库0606
01700258, 9.3, 198, 音乐天堂
20645157, 7.1, 2471, 知日·妖怪
24698875, 8.8, 300, 碧山02：去国还乡
02212399, 8.1, 612, 九州幻想
25852538, 7.3, 1702, 知日·料理之魂
26972834, 8.1, 583, 知中·竹林七贤
01999075, 8.0, 644, 读库0701
25843910, 8.8, 283, 《KINFOLK四季》2014年春季刊
01787798, 8.9, 259, 中国国家地理《圈点中国大西北》专辑
04259629, 8.6, 339, 九州幻想·贲书铁券
26861753, 7.7, 927, 愿你道路漫长
03432994, 8.1, 558, 读库0806
25696884, 8.3, 447, 读库1304
04817563, 8.1, 544, 九州志·王朝启示录·豹与狼
30446669, 8.0, 595, 到未来去
26976557, 8.4, 374, 视觉011：我宁愿让自己迷失一会儿
26860716, 8.4, 373, 视觉008：那就无所畏惧地老去
01278816, 7.7, 795, 《三联生活周刊》十年
04851821, 7.9, 613, 九州志·王朝启示录·白虎的崛起
25945941, 7.1, 1797, 日和手帖001：我们终究是一个人
26940719, 7.5, 970, 知日·步履不停，是枝裕和
30325323, 8.4, 336, 视觉014：总想逃跑，却还在这里
26596713, 7.5, 954, 知中·山水
20400742, 8.1, 452, 读者
25745889, 7.1, 1676, 知日·太喜欢漫画了
34842466, 8.2, 395, 单读·十周年特辑
25831196, 7.3, 1208, 知日·设计力
30288946, 8.6, 266, 下一代书店
03523308, 8.1, 425, 九州幻想·惊蛰
25812894, 8.7, 236, 读库1400
03725096, 7.6, 744, OZ奥兹·狂欢
03987364, 8.1, 409, 九州幻想·九张机
26881057, 8.3, 323, 视觉009：接受彼此的那种亲密
26832918, 8.2, 349, 视觉007：想要不提供翅膀的飞翔
24749134, 8.0, 430, 读库1303
26877278, 8.1, 376, 读库1604
04277407, 8.1, 371, 2009语录
27125073, 8.1, 365, 知中·禅的入门
02769740, 7.8, 499, 对话美国顶尖杂志总编
30245856, 8.1, 357, 知中·西南联大的遗产
25742175, 9.0, 158, 中国国家地理新疆专辑
26928508, 8.1, 352, 视觉010：我不再是我生命中最重要的人了
27034246, 7.9, 435, 正午4
01959278, 8.3, 286, 嘴上风暴
03778611, 9.4, 116, 我爱摇滚乐
26759612, 8.9, 168, TYPOGRAPHY 字誌  Issue 01
20278563, 8.3, 285, 碧山01：东亚的书院
01006207, 8.3, 280, 温故（之一）
27192676, 8.2, 304, 视觉013：事物应该恰当地结束
26640061, 7.4, 770, 谷物01
26785986, 7.8, 457, 食帖09：了不起的面包
02174865, 8.9, 159, 中国国家地理（选美中国）
04882153, 7.8, 454, 九州志·王朝启示录·狮子咆哮
26333217, 7.8, 434, 单读09
27031874, 7.8, 427, 知日·枯山水
03278795, 7.8, 425, 九州幻想·七瓣莲
05375833, 8.3, 252, 哈娜·人机床合一
25814894, 7.7, 474, 单向街005
26905635, 7.6, 525, 消失的作家
03314964, 7.8, 400, 九州幻想·八月槎
02381064, 8.3, 237, 新周刊2007年度佳作
26802846, 7.9, 350, 单读12
26613060, 7.5, 558, 食帖06：理想身材，吃即王道！
04832810, 8.1, 283, 九州幻想·悟空号
02287327, 7.7, 427, 九州幻想·十月流金
03079720, 8.4, 208, 奥斯卡80年
26307072, 8.1, 276, 读库1406
03077887, 9.5, 89, MAGIC地带
26390942, 7.6, 464, 食帖04：肉！肉！肉！
30231539, 7.6, 462, 知中·中国茶的基本
25967777, 7.1, 899, 知日·杂货
26587847, 7.6, 448, 食帖05：全宇宙都在吃甜品
35047243, 8.4, 195, 走出孤岛
03641202, 8.9, 129, 极端音乐 27
26638142, 8.8, 139, 中国国家地理2015年10月“一带一路”白皮书
26242432, 6.9, 1161, 日和手帖002：生活整理术
25784778, 8.1, 254, 1024·人与机器共同进化
05938362, 8.4, 191, 九州幻想·一意之行
26375107, 7.6, 433, 食帖03：食鲜最高
26314759, 7.1, 813, 食帖02：只为喝杯好咖啡
26997212, 7.5, 454, 知中·一本读懂!山海经
25800144, 8.2, 213, 东方历史评论（第4辑）
26281801, 7.7, 355, 单读08
03989135, 7.9, 285, 奥兹.宝藏
01953783, 10.0, 58, 发现之旅
26302798, 7.1, 749, 知日·和制汉语
25983831, 7.6, 391, 单读07
03658664, 9.2, 94, 我爱摇滚乐 VOL.3
25882224, 7.1, 724, 知日·燃
01909219, 8.7, 132, 足球周刊
01917628, 7.6, 378, 编辑力
27109724, 7.2, 625, 我们的黄金时代
26827556, 7.2, 616, 食帖10:早餐，真的太重要了
01871298, 8.0, 241, 少数派
26662810, 7.7, 328, 单读11：联结/断裂
19894643, 7.8, 291, 汉品02
03798653, 8.2, 192, 爱丽丝2:镜之国(hansey主编)
02231611, 9.3, 82, 中国国家地理2002年1月
30254401, 8.3, 174, 知中·幸会！鸠摩罗什
25919902, 7.3, 508, 单读06
27194515, 7.3, 500, 新北京人
03393127, 7.8, 278, 1626 100期特刊
27004779, 8.0, 224, 谷物05
01791789, 8.1, 200, 青年文摘合订本
04882154, 8.0, 218, 九州幻想·在希望的田野上
21358425, 9.7, 60, BARFOUT! 210 二宮和也
26580914, 7.2, 524, 知日·我们在喫茶店见吧
30385318, 7.8, 256, 鲤·时间胶囊
06868806, 8.3, 158, 出版人
03169788, 8.8, 105, 三联爱乐·2007年第1期
27127066, 7.7, 278, 知中·了不起的宋版书
01797806, 9.1, 84, A Magazine
25725493, 8.9, 95, 生活中的影像
27200268, 7.0, 644, 知日·世上只有一个京都
06868562, 7.9, 216, 白纸黑字 ＮＯ．１
01623665, 8.9, 93, 音乐天堂VOL70 2006年3月号(书+CD)
27192048, 7.6, 294, 一人份料理
27148613, 7.0, 624, 知日·东京就是日本
04249168, 7.7, 262, 《新周刊》2009年度佳作
26394962, 7.3, 412, 单读10
06843266, 8.1, 174, 绘心
30394965, 7.9, 210, 物外01：另一种逃离
26879195, 7.5, 321, 食帖12：厨房，治愈人生的避难所
26815710, 7.7, 255, 知中·孙子兵法指南书
05367365, 8.9, 90, 中国国家地理2007年第3期总第557期
03303218, 6.5, 1280, 上流女孩当如是
26913326, 7.9, 199, 福桃01：拉面
30178480, 7.8, 217, 食帖22：多谢款待！日本料理完全保存本
04133013, 8.8, 92, Total Thrash
05299852, 7.9, 191, 九州幻想·天空之城
05924322, 8.1, 158, 本色3
01052653, 8.9, 83, 知音文摘(2004年第7期)
26774757, 7.3, 361, 谷物02
04882043, 7.8, 207, 九州幻想·飞屋号
02269744, 8.9, 82, 我爱摇滚乐31
04249273, 7.0, 512, 兔子先生
05038371, 8.9, 80, Quarterly pixiv vol.02
26675995, 8.1, 149, 大宇宙
02210387, 8.3, 124, 艺态(03)三维时代的字体设计
01870732, 7.2, 382, 杂志癖
03274215, 8.5, 105, 《W.A.Y.画途》第一辑：漫画人的成功学
03077900, 9.5, 54, 梦幻总动员
26148067, 6.2, 1894, 知日·手账最高
05359859, 7.9, 176, 意林
26252837, 8.8, 84, 中国国家地理2014年10月 总第648期
05374006, 7.2, 378, 九州志·王朝启示录·蝰蛇暗影
25789347, 6.6, 881, 知日·写真
02280340, 8.8, 81, X FUNS
03166507, 8.4, 109, 360°概念与设计
03018315, 9.2, 62, 环球科学（2008.3）
27175930, 7.4, 282, 知中·以侠之名
04934370, 7.8, 184, 九州幻想·太阳照常升起
33443322, 7.5, 251, 知中·关于火锅的一切！
02300103, 7.8, 182, 月·水龙吟
34941279, 7.8, 182, 破碎之家
26839437, 7.4, 278, 谷物03
06722292, 8.0, 150, 漫客（总第11辑）
11505317, 7.9, 164, 文艺风赏 造作
26313680, 7.8, 179, 东方历史评论（第6辑）
21936113, 8.7, 84, 天南
34883341, 7.1, 385, 鲤·我去二〇〇〇年
26980391, 7.5, 238, 食帖15：便当灵感集
06392661, 7.4, 262, 九州志·浪人歌行
26792370, 8.5, 94, KINFOLK家居
03290223, 8.0, 140, 仙度瑞拉·天蝎
03766980, 9.0, 65, design360°
04070091, 8.8, 74, 《糖果》杂志第一期
01030641, 7.7, 183, 良友忆旧
03026501, 7.6, 198, 仙度瑞拉·华丽的序章·白羊
06903040, 8.3, 104, 九州幻想 青之界
30144191, 7.4, 244, 食帖21：酒的全事典
27060592, 7.6, 196, 谷物06
05299744, 7.9, 146, 阿飞幻想（第1辑）
03323099, 8.9, 67, 二次元狂热 2008年10月号/总第一期 创刊
27038469, 7.3, 272, 食帖17：蔬菜多好吃啊！
27594156, 8.0, 133, 福桃03：主厨
05959588, 6.7, 600, 九州志·龙渊绘卷 VOL.001
05323938, 7.7, 174, 最漫画·桃花号
01907560, 8.3, 101, 杂志产业
26389399, 7.8, 156, 离线·科幻
26681993, 7.3, 263, 食帖07：大丈夫生于厨房
05913391, 8.4, 93, 新周刊2010大盘点
27594066, 7.5, 210, 食帖020：面的奥义
03121374, 9.0, 61, 映色·花镜号
26904472, 7.4, 229, 谷物04
02985942, 7.9, 138, 艺态4
10574672, 8.3, 98, 練習一個人：Lifestyle Magazine
10802186, 7.3, 254, 一生要看的500电影
02122850, 8.6, 78, 《映色·音质》
30234750, 7.9, 137, 知中·再认识丰子恺
30304928, 7.5, 203, 食帖24：啊！又想吃零食了
03713162, 8.4, 90, 新蕾STORY 100
26584244, 8.5, 83, The Kinfolk Home
21085394, 9.5, 44, Kinfolk Volume 7
34661945, 7.1, 314, 新新新青年
11601881, 7.8, 145, 文艺风赏·语言暴力
01763394, 8.6, 75, 超越视觉美国《国家地理》百年图片精选
01999660, 9.3, 48, Butt Book
02311814, 8.8, 64, 映色·云崖号
27125082, 7.5, 188, 谷物07：刻意疏离
02139266, 8.7, 68, 映色·云端号
02221865, 7.8, 139, 月.满江红No.2
27125072, 7.3, 226, 食帖19：下午茶时间到！
01861912, 8.9, 58, 重型音乐 21
25799679, 7.5, 180, 富得像个人样
06966854, 8.1, 102, 绘心
01874594, 7.9, 121, 新平面-(08)
27076780, 7.5, 176, 福桃02：食物最好吃的时刻
10463366, 9.1, 50, 好运money+
02327724, 8.0, 109, 月·玉连环No.5
01768982, 8.2, 92, 字花
11596527, 9.2, 46, Kinfolk Volume Six
26997216, 7.4, 187, 食帖16：大满足！就爱锅料理
03003711, 8.8, 58, 映色.时序号
02213330, 7.4, 182, 漫友豪华特集2
03013198, 7.3, 201, 优秀编辑的四门必修课
26874330, 6.6, 495, 脑洞W
26932848, 7.3, 200, 食帖14：小聚会教科书
02298553, 9.3, 42, 游戏人第二十五辑
27666362, 9.1, 47, 水象
02119385, 8.9, 53, 新视点
03107070, 7.5, 161, 仙度瑞拉·双子
30326755, 7.8, 120, d设计之旅：奈良
25900043, 8.4, 73, Kinfolk Volume 12
26877226, 7.2, 216, 日和手帖008
27099197, 7.2, 216, 知日·日本制造力！Made in Japan
01825388, 8.8, 55, 中国最美的地方
03606438, 7.5, 154, 仙度瑞拉·水瓶&amp;双鱼
02976834, 8.7, 58, 《映色. 锦葵号》第18期
03057488, 7.2, 209, 《漫友增刊·豪华特辑3》
03555021, 9.4, 38, 我们爱科学
10443327, 7.3, 184, 放课后（2012.01）
02329559, 9.0, 47, 儿童文学
04133996, 9.0, 47, 极端音乐 28
01939230, 8.8, 53, 《印刻文學生活誌》創刊號：朱天文
19977937, 7.8, 112, 文艺风赏·盲从
02251759, 8.4, 69, 映色
06784908, 7.8, 111, 漫客绘心
24677139, 9.4, 37, Kinfolk Volume Eight
25807465, 7.8, 110, 碧山04
03715611, 9.5, 35, 《读书》三十年·光盘版
03940094, 8.6, 59, 城市画报
10864481, 8.0, 91, 天南杂志
04220249, 8.9, 48, 森ガール Lesson1 森ガールのすきなもの
30192883, 6.9, 276, 鲤·匿名作家
05386305, 7.8, 106, 意林
02974803, 7.9, 97, 月·双飞燕
05328230, 7.0, 242, 三地书
26917503, 7.2, 191, 知日·谁是增田宗昭？只有梦想值得实现！
05395832, 7.6, 125, 最漫画·天鹅号
25931257, 8.7, 53, 在他乡寻找自己
06790267, 7.8, 103, 约绘6
30374153, 8.0, 87, d设计之旅：冲绳
30321950, 7.3, 165, 食帖26
11524949, 8.7, 52, 本地
01794003, 7.9, 93, 书城
03778760, 8.4, 63, 新干线·漫小说
30175572, 7.9, 92, 生活太重，让我飞一会儿
02120421, 7.5, 131, 办最赚钱的杂志
26911258, 7.5, 131, 腐的品格
06837940, 8.0, 84, 约绘7
03026960, 8.9, 45, 映色·鸣啭号（总第20辑）
03194015, 7.5, 130, 仙度瑞拉·狮子＆处女
26813989, 7.1, 198, 知日·现代霓虹艺术力
01570853, 7.8, 98, 文艺风赏·伤口
05030506, 7.7, 107, 小说酱
04836197, 8.2, 71, Quarterly pixiv vol.1
03924299, 7.9, 89, 问道
03079107, 8.5, 56, 映色·吉羽号（总第21辑）
34429345, 8.1, 74, 物外02：在高处
03089546, 8.6, 52, 最动漫
04893628, 7.8, 94, 建筑与都市031（A+U 中文版）
19976340, 8.9, 43, 在島嶼的角落生起營火
01958118, 9.2, 36, 《印象》杂志
03068288, 7.4, 134, 仙度瑞拉·金牛
30244489, 6.6, 348, 知日·便利店全解读
04906105, 8.8, 45, スクラップホリックの本
26971181, 6.7, 301, 知日·樱花入魂
03226646, 7.6, 108, 仙度瑞拉·天秤
02180086, 7.9, 83, 新平面
26890734, 6.6, 336, 知中·民谣啊民谣
04272255, 9.0, 39, 人民文学
05915717, 7.9, 82, 最漫画·山海号
01922613, 8.3, 60, 口袋迷
01478000, 7.6, 104, 《新周刊》2005年度佳作
06874613, 7.7, 95, 绘心
23710056, 7.7, 95, 文艺风赏 · 一次别离
25740201, 7.3, 138, 文具手帖Season 03：燃燒手帳魂！
25886511, 7.7, 94, 文艺风象·你好
25891928, 7.1, 168, 我们·素直
19945866, 7.7, 93, 文艺风赏·规则
30325957, 7.5, 111, 谷物10：寂静之地
05359860, 8.5, 50, 小小姐 合订本 第1卷
05034283, 8.7, 44, 悦己
01220400, 7.9, 77, 新周刊2004年度佳作
20411257, 7.9, 77, 文艺风赏.流言
25815056, 8.2, 61, 文艺风赏·巴别塔
25776056, 9.2, 33, Casa BRUTUS特集：柳宗理
26580916, 7.7, 90, InnEarth地球旅馆·好日子里总有一只猫
30129081, 7.1, 161, 蓝瓶物语：不止一杯好咖啡
26935522, 7.0, 180, 我就是对公路片上瘾
10798829, 7.3, 130, 文艺风赏 传人
05264424, 6.6, 298, 微语录
04166653, 8.3, 56, 重型音乐Vol.36
03231092, 9.5, 28, 大人の科学マガジン Vol.09
22745874, 8.7, 43, 練習 說再見
03465652, 7.5, 106, 仙度瑞拉·射手&amp;摩羯
25796131, 8.4, 52, 文艺风赏·圣杯
33462213, 7.8, 81, 妖鬼记
26324057, 8.9, 38, 最想念的年货：外婆、妈妈与故乡的味道
01705778, 7.3, 127, 漫友增刊2
02232925, 8.3, 55, 幻想1+1
33372577, 7.9, 74, 谷物11
06511031, 6.8, 221, 九州志（九州绘卷）
01292353, 8.2, 58, 万象(第七卷.第五期)2005.05
03084249, 8.0, 67, 艺态(05)--游击广告
06885976, 8.0, 67, 约绘8
06744659, 7.2, 137, 九州志
25723332, 8.8, 39, Kinfolk Volume 9
03165260, 7.8, 77, 时尚与广告
03423197, 7.1, 149, 超新星
25886508, 7.3, 120, 文艺风象·肉真好吃
25742176, 8.5, 46, 中国国家地理浙江专辑（上）
25744123, 8.4, 49, 天南
27080498, 8.9, 36, 中国国家地理·2017年增刊:大拉萨
30240250, 7.5, 97, 谷物09
04730640, 8.5, 45, e-MOOK 『森ガール Lesson2 春の森ガールスタイル』
26344776, 8.4, 46, 中国国家地理2015年2月
24703817, 7.7, 76, 文艺风赏·两极
33413225, 8.3, 48, 日和手帖12·少年之心
10332424, 7.7, 74, 漫客绘意
26263934, 7.9, 63, 《KINFOLK四季》2014年冬季刊
06777707, 7.8, 68, 前进米兰
26299736, 7.6, 80, 私享家
01598829, 8.3, 47, 世界最佳杂志封面&amp;版式设计
10550590, 8.2, 50, 《绘心》第23辑 家园
26350885, 8.0, 57, 《KINFOLK四季》2015年春季刊
04028751, 8.1, 53, 看动漫
35060707, 9.8, 21, 银河边缘006：X生物
02353902, 9.1, 29, 梦幻总动员 续2
01840522, 7.6, 78, 創意市集101
26410899, 7.9, 61, 文艺风象
26866719, 6.8, 172, 食帖11：美食漫画万岁！
27028259, 6.5, 252, 你就是你穿的衣服
26169005, 6.9, 152, 文具手帖：燃烧手帐魂！
25962932, 8.2, 48, 《KINFOLK四季》2014年夏季刊
04874584, 8.4, 42, 今古传奇
33431894, 7.8, 63, 就是要逛才有趣
06972868, 8.3, 44, 约绘9
26271360, 7.0, 131, InnEarth地球旅馆•市集
01443786, 8.1, 50, 创刊指南
03271051, 8.1, 50, 重型音乐Vol.31
26810499, 8.8, 32, 中国国家地理 2016年第2期 总第664期
06025833, 6.3, 307, 九州志·星空秘藏
03132772, 7.9, 56, 亲小说10
26755738, 7.8, 60, 乌托有个帮2，我们终将抵达
26738591, 7.2, 101, 知日·了不起的推理
04145818, 7.2, 100, 映空
01819165, 9.4, 23, 销售与市场
25744122, 8.4, 39, 天南
03077881, 9.2, 25, 游戏·人vol.1
06893895, 6.5, 219, 私念念不忘
24526208, 7.9, 54, 温故（二十五）
26990558, 7.4, 80, 我成为怪物那天
01740413, 7.1, 106, 青年文摘
20450685, 6.1, 383, 魑魅魍魉
25773962, 8.0, 49, 文艺风赏•万有引力
10443135, 7.5, 71, 章恰尔·超好看
25842245, 7.7, 59, KINFOLK餐桌
05332425, 8.5, 34, 特别关注
27107106, 7.6, 63, 唇典
03423992, 8.9, 27, 散文2008精选集
04887808, 8.7, 30, 《信》
10443141, 7.6, 62, 章恰尔·超好看
03672616, 8.2, 40, 誠品．學2009/04
06716544, 6.6, 168, 九州志
26286328, 8.4, 35, 大人の文具500選
06895854, 7.3, 79, 缪斯超市
04859628, 8.3, 37, 生化危机十年典藏
25751099, 8.7, 29, 中国国家地理2013年1月海南专辑（上）
26426265, 7.1, 93, 文具手帖：旅•手帐
01826458, 8.3, 36, Another Magazine for Men and Women (Issue 2)
26956628, 7.0, 101, 人人过上中产好生活
03082007, 8.2, 38, 重型音乐 22
01424807, 7.9, 46, 世界时装之苑
11603314, 7.9, 46, 練習在一起
30236327, 7.7, 53, 知日·你完全误解了村上隆
24879937, 8.4, 33, 天南
06758628, 7.8, 49, 无独有偶
21376005, 8.2, 37, 温故（二十四）
07564342, 7.9, 45, 约绘
26720313, 8.3, 34, 最想念的年货：融合、回归和思乡之味
01079559, 8.7, 27, 故事会・2004合订本
20284147, 9.0, 23, 日日 (No.1)
10779521, 7.9, 43, 章恰尔·超好看
06558896, 7.8, 46, 編集時代：日本頂尖編集9人
24876758, 8.1, 37, 温故（二十六）
07004563, 8.5, 29, Erosion of Sanity #1
30464529, 8.5, 29, 《探享家：食物中的人情味》
01020781, 7.8, 45, 特别报道
26945555, 6.4, 175, 脑洞W：有妖怪
27622212, 6.6, 136, 谷物08：纽约印象
03992613, 7.5, 56, 杂志民国
25727370, 7.3, 66, 中国这十年
03551783, 8.3, 32, 看天下 2008 第17期 总第83期
06827480, 6.4, 173, 飞碟探索30年
27203317, 8.1, 36, 尝一口未来
26628144, 8.8, 24, Drift Volume 2: Tokyo
26293200, 7.0, 85, 我们·古早味
20273290, 7.3, 64, 杂志设计的秘密
03268236, 8.2, 33, 重型音乐 29
03408363, 8.2, 33, PPaper看台北
26738598, 7.4, 58, 知日·设计力
04892070, 7.0, 83, 一生要看的300电影
10679024, 8.6, 26, 形录
27033455, 7.1, 75, 摩登天空
30320937, 6.7, 112, 食帖25
10810629, 8.9, 22, 动漫贩
01791786, 7.2, 67, 书城2006年6月号
26251930, 6.0, 281, 知日·机甲
26355390, 7.3, 60, 格兰塔3·巴西最佳青年小说家
30132714, 6.7, 107, 知日·阴阳师
04103734, 8.1, 33, Come home! vol.17 (私のカントリー別冊)
10508664, 7.5, 50, 约绘
06851216, 7.4, 53, 漫客·悬疑世界（VOL.001）
03215406, 8.4, 27, 悦已SELF
10449379, 8.2, 30, 本地
25744127, 7.7, 41, 天南
10946210, 7.8, 38, 漫客绘心
02968752, 8.1, 31, 昕薇 (平装)
04271450, 7.4, 50, 红秀grazia
26835056, 9.4, 16, POPEYE (ポパイ)
01051731, 7.4, 49, 读者传奇
03080228, 8.2, 28, The 10 Influential Creators for Magazine Design
26376887, 5.6, 458, 知日·偶像
04829046, 7.4, 48, 南叶·仙度瑞拉(2010.5)
26774931, 6.3, 146, 想开一个店：造梦者
01878389, 7.7, 38, 美国《生活》杂志摄影师访谈录之二
04798469, 7.7, 38, 南叶:仙度瑞拉(2009.5)
20324029, 6.9, 73, 文艺风象·花的事
07000150, 7.4, 47, 《漫客·绘意》=2011-11
02119391, 8.1, 29, COMIC FRONT动漫前线
02339721, 7.8, 35, 光年纪
01263510, 7.5, 43, 书籍杂志编排设计完全手册（下）
02334952, 8.2, 27, 模魂志
01723415, 7.4, 46, 时尚芭莎（2006年1月刊）
27128694, 7.2, 54, 文艺风赏(春之祭)
25859640, 7.8, 34, 文艺风赏·彩虹桥
01154308, 7.6, 39, 期刊新设计
10733131, 7.2, 53, 男朋友
27608665, 7.0, 63, 日和手帖（11）
03734337, 8.5, 22, 大家的初音未来
10482201, 7.4, 44, 约绘
10574341, 8.0, 29, 约绘·戏梦号
02346426, 8.3, 24, 动画基地
01477241, 7.6, 37, 期刊中国
01882641, 9.3, 15, 游戏·人vol.16
06434537, 7.6, 36, 阿飞幻想（第4辑）
05905425, 6.8, 70, 推理·午夜场
03195193, 8.8, 18, Monthly VAMPS Vol.02
04798453, 7.7, 33, 南叶:仙度瑞拉(2009.9)
04189647, 7.3, 44, 漫友之名:人气声优50
03033761, 8.0, 27, 月·折杨柳（第8期）
35074994, 8.2, 24, 物外04：每个人都需要归属之地
03003712, 7.5, 37, 月·一年春
03704349, 6.5, 90, (特价书)蕾·绽放
01878393, 7.6, 34, 美国《生活》杂志摄影师访谈录之三
25751100, 8.4, 21, 中国国家地理2013年2月海南专辑（下）
34995515, 8.4, 21, 碧山12：建筑师在乡村
03071387, 6.3, 111, 漫女生
04922667, 7.9, 27, 瑞丽时尚先锋
26607776, 7.9, 27, Kinfolk Volume 17: The Family Issue
06139729, 8.1, 24, 疯
03195186, 8.9, 16, Monthly VAMPS vol.1
10756572, 6.9, 56, 私时间的玫瑰
30460300, 6.9, 56, 新周刊2018年度佳作
04028747, 7.0, 51, 萌动漫
04181476, 7.0, 51, 同人志
01841655, 8.5, 19, Gothic &amp; Lolita Bible
06312588, 8.6, 18, 美食与美酒杂志2013年2月 中国最佳餐厅
02451064, 8.2, 22, Zipper
24733561, 7.6, 31, 画匣子 03
05502801, 7.5, 33, 建筑与都市034（A+U中文版）
30359130, 8.8, 16, 中国国家地理 2018年第10期 总第696期
02250034, 7.2, 41, 糖（第02辑）
04797423, 7.4, 35, 南叶:仙度瑞拉(2010.2)
04798432, 7.9, 25, 南叶:仙度瑞拉(2009.10)
01212334, 7.7, 28, 电脑报 2002年合订本
01206796, 8.0, 23, 身体上的国境线
26345069, 7.5, 31, 杂志俱乐部招生中
04323549, 7.0, 45, 时尚芭莎百年风华
01958402, 8.5, 17, l&#39;uomo Vogue
01852653, 7.1, 40, 杂志封面女郎
26899875, 7.9, 23, 岁时花艺设计指南
20473083, 7.0, 43, 画匣子 01
10780884, 7.0, 42, 男朋友
01095432, 8.0, 21, 最新杂志设计
34802500, 6.8, 49, 宇宙晶卵
01812955, 6.2, 89, 雪漫
26738597, 6.6, 57, 知日·断舍离
04798424, 7.7, 24, 南叶:仙度瑞拉(2009.11)
26824986, 8.0, 20, 中国国家地理 2016年第3期 总第665期
11626947, 8.2, 18, 寒蝉号-约绘
30441440, 6.3, 76, 知日・一本全解！横尾忠则
01882644, 9.1, 12, 游戏·人vol.15
01091852, 7.5, 26, 《小小说选刊》十五年获奖作品精选
02047264, 8.1, 18, MORE
26662382, 8.1, 18, Kinfolk Volume 18: the Design Issue
03169613, 6.2, 76, 漫女生
01430632, 7.6, 23, 期刊经营
03389819, 8.9, 12, Ｈａｐｐｙ ｖｉｃｔｉｍｓ ― 着倒れ方丈記
03580762, 8.0, 18, We Make Magazines
03799191, 8.0, 18, 亲小说(06)
27181929, 6.9, 37, 理想生活01：打字机里的旧时光
02026217, 7.3, 27, 美国杂志的出版与经营
26583707, 7.3, 27, Kinfolk Volume 16
34908534, 7.4, 25, 谷物12：只想把美好的东西收藏起来
26823533, 8.8, 12, 博物
30455271, 8.6, 13, 三联生活周刊▪环球寻味记（2019）
04840726, 7.8, 19, 《Zer零》VOL.10
02114460, 5.9, 98, 壁花小姐奇遇记-火星少女（第3辑）
25887343, 7.4, 24, 汉品03：漆用
06067840, 7.0, 31, 写一封无法送抵的信
34456131, 7.2, 26, 极致京都
20273289, 6.7, 38, 杂志设计的秘密
34846434, 6.2, 61, 翻滚吧！咖啡：像冠军咖啡师一样冲咖啡
01892616, 8.1, 15, 游戏·人vol.11
25867418, 7.1, 27, 画匣子 08
25895880, 6.6, 40, 笨拙的力量
06512387, 8.2, 14, 诗建设
19941620, 7.5, 20, 约绘19明恋号
06067842, 6.9, 29, 只为与你相遇
03007144, 7.6, 18, 理想空间
03129146, 7.8, 16, 解密读者
05338826, 7.8, 16, 特别关注
26987844, 5.4, 151, 脑洞W：套路深
26915305, 7.0, 25, 文艺风象·反正到今天还是没完结
01082662, 6.8, 29, 瑞丽BOOK
26852249, 7.5, 18, 毕业去远方3
26781613, 7.8, 15, 三联生活周刊·张爱玲的后半生
05941527, 7.2, 21, 悬疑志·聊下斋
10539232, 7.6, 16, 2012.03下/VOL.22/绘意
26897982, 7.6, 16, 中國書房
03199964, 6.7, 28, 幻世
26941496, 7.8, 14, The Happy Reader - Issue 8
06067841, 6.7, 26, 这个时代的爱与痛
11505858, 6.7, 26, 焦糖玛奇朵天使咒
04250779, 7.3, 17, ZAKKA BOOK No.43 (私のカントリー別冊)
25778600, 5.9, 52, 最小说2008.11
25778303, 6.3, 34, 最小说映刻2009.01
30446127, 7.7, 13, 2018年《咬文嚼字》合订本
25883042, 7.1, 18, 画匣子 09
11505860, 6.8, 22, 小MM迷你爱藏本001？蝴蝶停在十六岁
10562766, 7.0, 19, 寻找失踪的民国杂志
01823400, 6.8, 21, 《程序员》(杂志)
20492320, 7.6, 13, 约绘?瑞雪号
01892618, 7.9, 11, 游戏·人vol.12
25778605, 5.7, 54, 最小说2008.12
01083511, 7.1, 16, 伊人美妆
30331121, 5.4, 81, 孤独的吃吃吃
04264821, 7.2, 15, 程序员2009精华本
25778300, 5.9, 41, 最小说2008.09
25778301, 5.8, 45, 最小说2008.10
01949959, 7.2, 14, 宽容与理性
04843151, 6.0, 32, 人生百味
07174550, 5.8, 39, 最漫画·爵迹号
10577853, 7.2, 13, 读者原创版精选集（人生卷）
26795064, 6.0, 30, 没点怪癖怎么行
25778297, 5.6, 45, 最小说.2008.08
27099673, 6.5, 18, 知日08：妖怪（第2版）
04733310, 6.2, 22, 最伟大的100部奇幻电影
06027818, 6.6, 15, 私宅
02048674, 5.0, 79, 火星少女-麻雀要革命
01732711, 6.0, 21, 恋爱宝贝
03632652, 6.3, 14, 火星少女
25778596, 5.1, 27, 最小说2008.11
03004873, 0.0, 10, yaso―特集#ヴァンパイア
04132249, 0.0, 11, Loveカメラ
06718315, 0.0, 11, 妮时代
24863092, 0.0, 11, 漫客·悬疑（VOL.10）
01892621, 0.0, 12, 游戏·人vol.14
05919828, 0.0, 29, 筋肉男 3 (光彩コミックス) [コミック]
