2020-07-05 16:00:07

number of books, tag name
956, 杂文

ID, rating, votes, title
01023045, 8.7, 239547, 我们仨
01054685, 9.1, 100735, 沉默的大多数
01089243, 8.9, 124073, 黄金时代
03995526, 8.6, 185208, 目送
06710437, 9.3, 50260, 撒哈拉的故事
01449351, 8.9, 90236, 呐喊
04238362, 8.6, 126794, 送你一颗子弹
01449352, 8.8, 85162, 朝花夕拾
03071717, 8.8, 84668, 爱你就像爱生命
01767945, 8.8, 67475, 一只特立独行的猪
01398395, 8.8, 51768, 狂人日记
03813669, 8.6, 69121, 民主的细节
01014578, 9.1, 28792, 我的精神家园
01088581, 8.8, 45248, 浮生六记
05910656, 9.2, 18811, 我与地坛
01863930, 8.8, 34012, 看不见的城市
01426971, 8.8, 30175, 野火集
03369600, 8.2, 78463, 当我谈跑步时我谈些什么
01865089, 8.4, 51684, 瓦尔登湖
01449348, 8.9, 22092, 彷徨
05275059, 7.9, 138110, 1988：我想和这个世界谈谈
01316648, 8.3, 58852, 查令十字街84号
01253310, 9.0, 15558, 人间草木
01776683, 9.0, 14345, 沉默的大多数
04729583, 8.9, 13360, 野火集
06973970, 8.3, 35466, 人间失格
05327697, 8.2, 37791, 橙
03344676, 8.1, 42994, 常识
01418180, 8.9, 10128, 思维的乐趣
20463108, 8.3, 26235, 观念的水位
01420862, 8.9, 10068, 孩子你慢慢来
01442720, 9.5, 4433, 鲁迅全集（2005最新修订版）
27013716, 8.9, 9349, 沉默的大多数
01883991, 9.4, 4702, 王小波全集
04872671, 8.2, 27465, 佛祖在一号线
26278687, 7.6, 86057, 皮囊
02256438, 7.8, 55994, 素年锦时
30183051, 8.3, 21601, 鱼翅与花椒
01003986, 8.8, 9526, 病隙碎笔
01830445, 9.1, 6253, 阿城精选集
01073349, 8.9, 8174, 写在人生边上 人生边上的边上 石语
03901880, 9.0, 7042, 沉默的大多数
01949679, 8.7, 10532, 素履之往
26889236, 8.3, 18086, 我的职业是小说家
03642673, 8.0, 30127, 我执
01482200, 9.0, 6042, 我的精神家园
01815640, 9.1, 5068, 王小波全集（第一卷 杂文）
01227844, 8.8, 7580, 雅舍谈吃
01025723, 8.3, 15891, 潜规则
01003284, 8.1, 22271, 退步集
03860856, 8.1, 22175, 可爱的洪水猛兽
27174130, 8.1, 22123, 北野武的小酒馆
01914636, 8.4, 12783, 蛤蟆的油
01061242, 8.8, 6778, 写在人生边上
01015864, 9.0, 4923, 惶然录
27013708, 8.6, 8217, 一只特立独行的猪
06712407, 9.0, 4615, 巴黎评论·作家访谈Ⅰ
19940743, 8.1, 17872, 文化苦旅
01157014, 8.8, 6003, 伤逝
02082194, 8.2, 14360, 小时候
25944034, 8.6, 7576, 菊次郎与佐纪
01460313, 8.4, 9603, 哥伦比亚的倒影
05252677, 8.0, 18433, 幸福了吗?
27024398, 8.6, 6988, 阅读是一座随身携带的避难所
06534897, 9.3, 2809, 寻找家园（增订版）
10549863, 8.6, 6961, 光明与磊落
02988943, 8.3, 10678, 青灯
06902639, 7.8, 24876, 青春
01082578, 9.0, 3734, 理想国与哲人王
01829614, 8.6, 6357, 琼美卡随想录
05290564, 8.3, 9918, 青春
25811462, 8.2, 11653, 小顾聊绘画·壹
04773224, 8.2, 11606, 生活十讲
25870310, 8.8, 4667, 野火集
01006560, 8.2, 10934, 血酬定律
03009033, 7.8, 21727, 杂的文
01822857, 9.0, 3396, 王小波全集（第二卷 杂文）
01933931, 8.7, 4959, 沿着塞纳河到翡冷翠
02143304, 8.1, 12309, 我爱问连岳
26899220, 8.8, 4270, 生活，是很好玩的
25982254, 8.1, 12098, 大萝卜和难挑的鳄梨
01016429, 8.6, 5586, 毛姆读书随笔
04151117, 8.4, 7176, 阴翳礼赞
01262986, 8.1, 11395, 我不是教你诈
05401989, 8.0, 13280, 自由在高处
01027247, 7.8, 18689, 丑陋的中国人
04086927, 8.5, 5927, 煮酒探西游
03067169, 7.9, 15432, 丑陋的中国人
01288925, 8.8, 3842, 五味
26738729, 9.2, 2326, 沉默的大多数
03333989, 8.1, 10587, 荒废集
02025235, 9.1, 2523, 顾准文集
30389935, 8.4, 6308, 四个春天
01062423, 8.4, 6228, 牛棚杂忆
01819978, 8.5, 5331, 温莎墓园日记
20425053, 7.6, 24204, 我所理解的生活
04199761, 8.3, 6906, 重新发现社会
05289756, 7.9, 13043, 爱的地下教育
01063245, 7.6, 22606, 通稿2003
02294993, 8.3, 6600, 纽约琐记（修订版）
05905348, 8.3, 6439, 笑谈大先生
25639223, 8.3, 6364, 身边的江湖
01491239, 8.5, 4591, 吾国与吾民
03080607, 8.3, 6086, 我爱问连岳Ⅱ
05317075, 7.1, 57684, 蔡康永的说话之道
01059537, 8.7, 3400, 沉重的肉身
03880832, 8.2, 6893, 认得几个字
10607793, 8.6, 3846, 刀与星辰
06902321, 8.8, 2959, 沉默的大多数
01474736, 9.0, 2267, 鲁迅杂文全集
01963395, 8.6, 3740, 鱼丽之宴
04016689, 9.1, 1993, 王小波全集（第一卷 杂文）
03393056, 8.2, 6613, 流动的盛宴
01059040, 8.7, 3245, 雅舍小品
01007196, 8.6, 3701, 闲情偶寄
03580750, 8.2, 6586, 潜规则（修订版）
25735727, 8.2, 6552, 站在两个世界的边缘
06312377, 8.8, 2794, 爱你就像爱生命
26613052, 8.6, 3596, 我的造梦之路
01039079, 9.0, 2168, 写在人生边上 写在人生边上的边上 石语
01023000, 8.5, 4092, 常识与通识
19986372, 8.8, 2653, 沉默的大多数
01034108, 7.2, 38502, 零下一度
01974029, 9.4, 1311, 坟
02052596, 8.2, 5927, 退步集续编
02298674, 8.9, 2214, 親愛的安德烈
05275500, 7.7, 12846, 尘曲
27081293, 8.6, 3165, 角儿
04118599, 8.3, 4776, 武侠，从牛A到牛C
26264154, 8.7, 2679, 悲伤与理智
34460345, 8.1, 6170, 李银河说爱情
26270679, 8.1, 6093, 零售的哲学
01888215, 8.4, 3831, 即兴判断
20278799, 7.5, 16719, 三十六大
26698598, 8.2, 5034, 有如走路的速度
10743137, 7.7, 11422, 绿皮火车
04749115, 7.5, 16432, 蔡康永的說話之道
26674343, 8.6, 2796, 容忍与自由
01041414, 8.6, 2739, 威尼斯日记
10601137, 7.6, 12828, 你永远都无法叫醒一个装睡的人
01073253, 8.7, 2373, 闲话闲说
01049361, 8.3, 4038, 比我老的老头
26687647, 7.9, 7344, 至味在人间
03311009, 7.2, 26381, 原来你非不快乐
26697791, 9.3, 1133, 鲁迅杂文集
01974027, 8.9, 1750, 热风
05290534, 7.7, 9723, 为了报仇看电影
04199685, 7.6, 11343, 我读
03279284, 7.7, 9154, 像少年啦飞驰
03033668, 7.8, 7621, 闪开，让我歌唱八十年代
19986371, 8.4, 3066, 一只特立独行的猪
30446684, 8.2, 3967, 六里庄遗事
06977757, 8.4, 2892, 民主的细节
04031698, 7.8, 6987, 读者
10435425, 9.0, 1334, 王小波全集 第七卷
26700416, 9.3, 959, 野草
03259619, 9.1, 1175, 我的精神家园
01968084, 8.9, 1465, 而已集
02339264, 8.7, 1853, 人为什么活着
01829862, 9.3, 948, 野草
02046933, 8.8, 1625, 华盖集
01015767, 8.0, 4722, 门萨的娼妓
21458706, 8.3, 3046, 出梁庄记
01072189, 8.8, 1586, 百年思索
25776456, 8.7, 1760, 老味道
02257188, 7.6, 8799, 致女儿书
03018322, 7.5, 10443, 活着活着就老了
26606389, 7.3, 15226, 白说
03886010, 8.1, 3773, 我爱问连岳Ⅲ
01914083, 7.6, 8131, 像少年啦飞驰
02297786, 7.4, 11724, 北京，北京
01040865, 8.7, 1633, 中国人
03391717, 8.1, 3603, 中国好人
20513012, 7.6, 8037, 无比芜杂的心绪
01004719, 8.7, 1630, 谈修养
02032666, 7.6, 7936, 零下一度
25762598, 8.9, 1276, 尽头
06539860, 8.6, 1797, 大地孤独闪光
01559300, 9.1, 1010, 坟
01041616, 7.4, 10994, 那些忧伤的年轻人
27156834, 9.0, 1066, 我的精神家园
01273759, 8.2, 2794, 人在欧洲
01790950, 8.8, 1282, 且介亭杂文
01028805, 7.7, 5823, 品人录
04035904, 9.0, 1004, 王小波全集（第二卷 杂文）
27090815, 8.4, 2024, 记一忘三二
19935557, 9.1, 897, 谈修养
19965972, 7.5, 7844, 我读书少，你可别骗我
01013369, 7.6, 6551, 格调
03621252, 7.4, 9297, 曾经
01324985, 8.1, 2942, 我是鸡汤
01440101, 7.2, 13441, 就这么漂来漂去
01088472, 8.1, 2912, 首届全国新概念作文大赛获奖作品选（全二册）
01046385, 7.1, 15888, 毒
05908161, 8.3, 2143, 雨天的书
10597973, 8.2, 2389, 旧山河
23780838, 9.1, 827, 沉默的大多数
01427754, 8.9, 1020, 侏儒的话
02156168, 8.5, 1594, 书读完了
02377014, 8.3, 2050, 阅读的故事
06794016, 7.5, 6892, 如何成为一个怪物
01084098, 8.4, 1787, 守望的距离
01001895, 7.8, 4131, 靠自己去成功
02287508, 8.0, 3049, 多余的素材
24876477, 7.2, 11901, 很高兴见到你
03640150, 8.0, 2988, 血酬定律
20451928, 8.6, 1358, 沉默的大多数
06110262, 8.5, 1529, 阴翳礼赞
26662549, 9.5, 529, 汪曾祺自选集
01070985, 8.8, 1043, 钱锺书散文
27072025, 7.9, 3166, 生活是很好玩的
04915869, 8.2, 2042, 愛的地下教育
11535030, 8.2, 2040, 一个一个人
03225748, 7.9, 3115, 路上有惊慌
01484695, 8.0, 2682, 季羡林谈人生
01064271, 8.0, 2640, 多余的素材
04621342, 7.8, 3536, 世纪末的华丽
06802371, 8.0, 2580, 一个游荡者的世界
01493523, 8.3, 1716, 读库0601
26298264, 9.2, 627, 积存时间的生活
01438669, 8.6, 1180, 这个动荡的世界
34800055, 8.8, 938, 张岪与木心
26279084, 9.4, 517, 翻译乃大道
03770726, 7.6, 4546, 草
05363274, 8.4, 1442, 即兴判断
24716171, 8.7, 1012, 沉默的大多数
19986373, 8.9, 809, 我的精神家园
25741244, 7.1, 11091, 我承认我不曾历经沧桑
04747877, 8.7, 995, 思维的乐趣
01437162, 8.2, 1802, 随想录
06902320, 8.8, 876, 我的精神家园
34937635, 9.0, 711, 乡关何处
01438928, 9.3, 530, 王小波文集(4卷)
06877598, 8.7, 972, 士人风骨
27049319, 8.5, 1222, 人间有味
02025454, 9.2, 576, 坟
04744973, 8.2, 1735, 我的精神家园
27183690, 8.4, 1347, 我想做一个能在你的葬礼上描述你一生的人
03433208, 8.4, 1338, 问中医几度秋凉
01438948, 8.4, 1325, 卖桔者言
01313443, 9.3, 502, 鲁迅精选集
01017839, 7.8, 2783, 带着鲑鱼去旅行
20499673, 7.9, 2352, 味道·人民公社
26673941, 8.2, 1555, 正午1
04841303, 7.6, 3669, 人情·世故
01002055, 9.8, 305, 鲁迅全集(2)
24716176, 8.3, 1339, 一只特立独行的猪
01409892, 9.1, 557, 随遇而安
01980222, 8.2, 1510, 丑陋的中国人
26726972, 7.9, 2263, 人生最美是清欢
27013392, 8.0, 1933, 扔掉书本上街去
10282578, 7.7, 2942, 村上广播
26986678, 8.4, 1118, 人类群星闪耀时
01974023, 8.9, 646, 华盖集
01915716, 8.5, 990, 负暄琐话
10537640, 6.9, 11924, 如丧
01468907, 8.9, 627, 且介亭杂文末编
04891219, 8.2, 1381, 甜与权力
01880457, 9.2, 466, 鲁迅文集（全两册）
01329975, 8.6, 852, 看世纪末向你走来
06398075, 8.0, 1755, 一转念
01815627, 8.6, 838, 书斋里的革命
01055357, 8.5, 937, 雨天的书
01042677, 7.7, 2676, 47楼207
24721230, 7.3, 5135, 活着活着就老了
03258802, 8.6, 828, 盛装舞步
01056501, 8.2, 1326, 传统下的独白
03866002, 7.2, 6091, 我所爱的香港
26253561, 9.4, 376, 给青年的十二封信
27028717, 8.1, 1489, 每天都是小春日和
01037121, 9.4, 375, 寒柳堂集
01865891, 7.8, 2241, 神了
05938219, 7.8, 2235, 昨日书
10426426, 8.6, 807, 我的精神家园
06969827, 7.6, 2996, 理想丰满
03808810, 7.8, 2182, 来去自由
01017541, 7.3, 4854, 读城记
04238941, 8.0, 1611, 新卖桔者言
20499702, 7.7, 2457, 味道·第一宗罪
03633627, 8.8, 628, 朝花夕拾
01468906, 8.7, 693, 二心集
02046916, 8.8, 622, 热风
03253866, 7.9, 1807, 想象中的动物
01064014, 8.3, 1076, 中国吃
03662421, 8.0, 1558, 密涅瓦火柴盒
03223719, 8.1, 1357, 围炉夜话
01830613, 8.8, 606, 朝花夕拾
30223225, 8.9, 542, 有心论
25804641, 7.8, 1994, 草草集
02033577, 8.9, 537, 华盖集续编
01073749, 7.6, 2643, 李敖有话说
06875940, 8.6, 725, 我为什么要写作
26612973, 7.9, 1701, 易中天中华史:隋唐定局
25798977, 7.2, 5135, 去你家玩好吗
03793774, 8.5, 794, 读库0903
01270511, 8.2, 1116, 湖上闲思录
25886172, 7.6, 2542, 幻想图书馆
30407050, 7.7, 2185, 有话说
01032547, 7.8, 1876, 47楼207
01974033, 9.0, 465, 且介亭杂文
01071187, 9.0, 464, 老舍幽默诗文集
01876333, 7.7, 2144, 没有国家的人
26662051, 8.1, 1238, 我说的不一定对
03036605, 7.8, 1804, 47楼207
04038569, 7.7, 2079, 带着鲑鱼去旅行
20502695, 7.6, 2412, 我所理解的生活
01003646, 7.5, 2802, 闲话中国人
02025444, 8.6, 660, 伪自由书
27024333, 8.9, 482, 沉默的大多数
01051324, 7.8, 1712, 铁屋中的呐喊
01313268, 7.6, 2256, 猪和蝴蝶
03747984, 8.0, 1264, 爱情的容量
01492804, 8.1, 1108, 把栏杆拍遍
07564166, 8.3, 867, 生活的艺术
19956259, 7.9, 1429, 人生有何意义
24716174, 8.6, 617, 我的精神家园
05399597, 9.1, 379, 鲁迅杂文全集（上下）
02025433, 8.8, 494, 且介亭杂文二集
27081998, 8.1, 1066, 见字如面
26277379, 8.2, 939, 闲话闲说
06125965, 8.2, 931, 李逵日记
06878272, 8.6, 591, 从前
34953844, 8.7, 527, 活过，爱过，写过
24754123, 7.0, 5592, 所有人问所有人
01690744, 8.8, 472, 梁实秋精选集
06802373, 7.5, 2330, 那些忧伤的年轻人
03711727, 7.5, 2329, 等待香港
04729521, 7.8, 1499, 单向街 002
34935930, 8.7, 516, 读库2000
07060938, 8.9, 422, 谈修养
20499070, 7.9, 1276, 这个社会会好吗
02297234, 7.7, 1645, 花事
26801831, 7.2, 3589, 在宇宙间不易被风吹散
01075506, 8.8, 448, 鲁迅杂文精选
25745691, 7.1, 4247, 罗辑思维
34973161, 8.5, 594, 她们
26743939, 8.4, 661, 常识与通识
01974018, 8.7, 479, 准风月谈
01004554, 7.3, 2889, 中国的男人和女人
30314033, 7.0, 4871, 无所畏
05982380, 8.3, 726, 祸枣集
34884579, 8.2, 808, 北野武的深夜物语
01421803, 7.7, 1537, 蔡澜谈吃
01009258, 8.2, 806, 背影
01024013, 8.5, 576, 风声·雨声·读书声
01392950, 7.5, 2049, 花间一壶酒
20387024, 7.2, 3277, 晓说
06388921, 8.2, 790, 重新发现社会
01759860, 7.4, 2347, 不许联想
26397584, 8.3, 702, 单向街
05355303, 7.5, 2001, 杂的文
25831406, 8.4, 616, 陌生的中国人
10536368, 8.1, 866, 纸上卧游记
27012154, 7.3, 2659, 我喜欢生命本来的样子
20397289, 7.9, 1097, 没有一条道路是重复的
02076617, 8.5, 540, 不朽
25850737, 7.1, 3646, 想得美
01974031, 8.9, 363, 而已集
01077328, 7.8, 1233, 只是蝴蝶不愿意
11631817, 8.1, 837, 佛祖在一号线
04912666, 8.1, 832, 飄移中國
02975939, 7.4, 2170, 论扯淡
26679240, 7.5, 1848, 槽边往事
10570061, 8.1, 818, 单向街 004
04149376, 8.2, 722, 朝闻道集
25865424, 9.0, 319, 朝花夕拾
01207626, 8.4, 573, 谁来跟我干杯
01009640, 7.7, 1343, 闲看水浒
10466455, 7.4, 2084, 不必读书目
06711775, 8.5, 512, 雅舍小品
03651646, 7.5, 1768, 精神明亮的人
06109582, 8.1, 792, 走不出的风景
01028977, 8.8, 375, 玻璃屋顶
04104793, 7.5, 1750, 冰眼看日本
04742298, 9.2, 260, 我之舞
01033007, 7.7, 1287, 关系千万重
26263052, 7.8, 1114, 毫无必要的热情
01808600, 7.8, 1110, 皇后之死
01083333, 8.4, 541, 积极生活
20395651, 7.6, 1440, 我不是一本型录
04915930, 8.1, 742, 虚拟书评
01438691, 7.7, 1212, 都是妖蛾子
03351062, 8.6, 421, 经典常谈
11498099, 8.3, 571, 读库1203
26897973, 8.2, 636, 中国特色的译文读者
26294673, 7.3, 2130, 自由在高处（增订版）
06129534, 7.8, 1031, 不曾苟且
01974038, 8.6, 413, 南腔北调集
26253701, 8.6, 413, 船夫日记
07007774, 7.7, 1153, 没有意义就没有摇摆
30136392, 7.9, 887, 耕种 食物 爱情
30426745, 8.5, 442, 念楼学短
33438831, 9.0, 275, 梦的宇宙志
01042690, 8.7, 358, 南腔北调集
25958626, 7.8, 968, 橄榄成渣
05349588, 7.7, 1104, 单向街 003
33371260, 7.9, 850, 人生海海，劈浪前行
01968105, 8.5, 432, 三闲集
27591183, 8.6, 389, 烟火人间
01131988, 8.3, 522, 不服从的江湖
01453120, 8.3, 503, 逝去的年代
30242361, 8.4, 447, 春时樱，秋时叶
26276409, 7.4, 1553, 带着鲑鱼去旅行
06711774, 7.8, 886, 出神
25996933, 8.5, 399, 独坐
01871590, 7.1, 2469, 爱你就像爱生病
27622222, 8.3, 490, 你不重要，你的喜欢很重要
01974039, 8.9, 274, 华盖集续编
30180075, 8.1, 606, 读库1802
25710866, 7.8, 864, 笑忘书
24371403, 6.7, 5068, 过得刚好
03686287, 7.8, 849, 梦的1/4旅行
30376420, 7.2, 1966, 一个人生活
26416508, 9.2, 203, 王小波思想小品
01427726, 8.1, 576, 耻辱者手记
04241022, 8.3, 461, 生活的艺术
05321843, 6.4, 9031, 假装的艺术
26278431, 8.3, 454, 脱腔
02122113, 9.1, 216, 梁实秋散文（共四册）
25944294, 7.4, 1392, 来到地球第一天
01007246, 7.7, 916, 写食主义
03694762, 8.2, 495, 张飞流水账
30351554, 7.4, 1350, 活好
03279254, 7.7, 884, 毒2
10344037, 7.1, 2141, 给理想一点时间
20435400, 8.5, 356, 坐待天明
06000646, 8.4, 389, 夜读抄
02121437, 8.8, 266, 梁实秋雅舍小品全集
27155678, 7.8, 762, 生命是孤独的旅程
04137642, 8.9, 243, 梦溪笔谈
01974025, 8.2, 476, 三闲集
30158992, 8.3, 427, 堕落论
01012573, 8.4, 383, 我是谁
24706897, 7.5, 1106, 我这一代香港人
06397251, 8.8, 260, 回到正统
26614139, 8.5, 343, 西南联大国文课
02046897, 8.4, 373, 花边文学
03518335, 8.7, 278, 文化笔记
07062629, 8.3, 409, 越界言论（第3卷）
27064077, 9.2, 180, 鉴赏家
26320194, 6.7, 3835, 我是个妈妈，我需要铂金包
04583113, 6.7, 3811, 四手联弹
02023300, 8.6, 289, 野火集
26616591, 7.1, 1819, 不如任性过生活
25933442, 6.8, 3022, 不散的宴席
03920235, 7.4, 1131, 等待香港
26782781, 7.3, 1307, 不必交谈的时刻
01039423, 8.5, 311, 且介亭杂文
26848146, 7.2, 1520, 民国太太的厨房
26716257, 8.4, 342, 然而，很美
03986581, 7.8, 656, 北纬78°（全二册）
19976775, 7.5, 960, 死城漫游指南
20414497, 7.4, 1104, 乱象丛生
01009295, 7.9, 575, 红袍蝎子糖
10749931, 8.1, 458, 我的两个世界
05908163, 8.6, 275, 谈虎集
34879052, 8.6, 275, 见鬼
25871046, 8.3, 366, 观念的水位
26291216, 6.5, 5198, 我们生活在巨大的差距里
01275739, 8.6, 272, 杨绛散文
20395644, 7.6, 815, 大量流出
11505930, 7.2, 1427, 杀鹌鹑的少女
01394394, 8.4, 324, 念楼学短
01974019, 8.9, 204, 且介亭杂文末编
01439657, 8.3, 352, 午夜的幽光
26807869, 8.1, 434, 读库1603
07067774, 7.8, 609, 青春
01974042, 8.6, 260, 二心集
26593671, 8.1, 427, 青灯
26288877, 7.4, 1007, 致女儿书
25847224, 6.7, 3174, 世界与你无关
26578484, 7.1, 1574, 世界上有趣的事太多
06757194, 6.9, 2188, 碎片，令人怀念的1980年代
03113454, 8.7, 234, 三言两拍
26819554, 9.1, 168, 容忍与自由
03916132, 8.5, 279, 晚学盲言（上下）
26383472, 7.0, 1823, 你我皆凡人
20494766, 8.2, 373, 昼之校 夜之校
05401958, 7.1, 1505, 九万字
34844812, 8.5, 270, 困惑的三文鱼
01968067, 8.5, 269, 准风月谈
25749911, 7.6, 721, 生命的单行道:程浩日记
25887970, 8.7, 224, 我们的普世文明
26937000, 7.6, 715, 山河袈裟
26683586, 8.7, 222, We Should All Be Feminists
04879664, 7.9, 494, 非常道
01042984, 8.1, 393, 人生的盛宴
25826578, 7.0, 1674, MacTalk 人生元编程
30214962, 8.1, 388, 人间须尽欢
10443517, 8.8, 200, 沉默的大多数
03444514, 9.0, 169, 鲁迅杂文选
01058874, 9.3, 134, 鲁迅全集(3)
03697838, 8.0, 426, 丑陋的中国人
25780158, 8.1, 381, 鸟儿歌唱
26053927, 8.2, 343, 观念的水位
26722503, 8.7, 214, 我的精神家园
26438103, 9.4, 124, 现代杂文的思想批判
03703103, 7.9, 471, 妖蛾子
02760024, 7.7, 595, 放虎归山
25891303, 8.4, 273, 治大国
03752476, 7.8, 509, 警察手记
01053943, 9.3, 128, 鲁迅杂文精编
30275615, 7.9, 447, 难道一切都是我的错吗？
01974032, 8.4, 266, 伪自由书
03067185, 7.8, 497, 我们要活得有尊严
03289285, 8.3, 291, 语文常谈
20414904, 6.5, 3725, 天下卵
26826861, 9.3, 126, 人生何处不欢喜
19976126, 8.4, 260, 在意义天际的写作
26949423, 8.2, 315, 读库1700
25720047, 7.2, 1071, 殷商玛雅征服史
25886895, 6.9, 1711, 如何成为一个妖孽
01461075, 8.3, 282, 独白下的传统
01181430, 7.9, 427, 丧家犬也有乡愁
30286935, 7.9, 426, 读库1804
01006207, 8.3, 280, 温故（之一）
07916062, 7.9, 424, 白描
02030714, 7.6, 604, 厚黑学
06812904, 8.5, 231, 十九札
26359009, 6.5, 3409, 和喜欢的一切在一起
02137804, 8.3, 271, 新周刊·忐忑
05966160, 8.2, 298, 許舜英購物日記
01141666, 8.7, 188, 私语
05402124, 8.1, 329, 人生不过如此
27593502, 8.3, 268, 中国人的智慧
05401874, 8.0, 363, 什么是好的公共生活
06025826, 8.5, 221, 异教徒
05355304, 7.3, 846, 草
26610902, 9.0, 145, 从感觉开始
26315736, 7.6, 568, 树，不在了
02974026, 8.6, 199, 老舍散文
03430536, 7.0, 1294, 上流社会知识竞赛
27053756, 8.7, 181, 一只特立独行的猪
26260603, 8.2, 280, 你为什么活着
01007704, 9.5, 98, 鲁迅杂文集(全五卷)
01059914, 8.2, 277, 经济学的争议
25814894, 7.7, 474, 单向街005
01066987, 8.3, 249, 杂书过眼录
02046903, 8.3, 249, 集外集
01469212, 6.8, 1706, 所有的男人都是消耗品
26822669, 8.9, 148, 我的精神家园
01026309, 7.3, 779, 自由风格
04100644, 7.5, 596, 日本万象
27072027, 8.1, 300, 人间种种清香，好想尝尝
02059402, 8.8, 159, 我们一家人
04140439, 6.8, 1656, 毒舌北野武
27072014, 8.5, 202, 淡是最浓的人生滋味
01410358, 8.4, 221, 野人献曝
01258602, 8.0, 327, “黑”话水浒
26647159, 9.2, 115, 容忍与自由
26434054, 8.1, 291, 先放一把火
05908162, 8.4, 214, 谈龙集
25749962, 8.8, 152, 热风
10544947, 7.8, 391, 不曾苟且II
25778509, 8.8, 151, 而已集
25774256, 7.1, 958, 肥肉
26427669, 9.5, 91, 寒柳堂集
27037151, 9.2, 111, 我的精神家园（珍藏版）
03685526, 8.7, 162, 呐喊
26588107, 7.2, 817, 只有大众，没有文化（增订版）
30178336, 6.9, 1286, 我只知道人是什么
26874279, 7.8, 381, 小英国，大伦敦
33387399, 7.6, 479, 小说的八百万种写法
03813260, 8.8, 147, 天下无不可为之事
01056114, 8.3, 226, 故园情
33436279, 7.3, 699, 游荡集
01974037, 8.6, 173, 且介亭杂文二集
25828086, 8.4, 205, 我们怎样读书
01561470, 7.7, 413, 说，还是不说
01064810, 8.8, 144, 坟-鲁迅杂文
11583756, 8.4, 201, 知日的风景
34931986, 6.9, 1216, 怪奇事物所
26177823, 6.4, 2992, 在这复杂世界里
01058872, 8.7, 153, 美的存在与发现
26418526, 8.1, 262, 赫逊河畔谈中国历史
26967810, 8.0, 289, 爱你就像爱生命
25869497, 7.6, 440, 蔡康永的說話之道 2
01156692, 8.9, 127, 呐喊
01980588, 8.2, 227, 文人的底气
30246798, 7.3, 612, 旅行手帐完全指南
25709399, 6.5, 2173, 不省心
26758424, 7.9, 293, 煮酒探西游
25843222, 8.1, 239, 你不可不知的人性
04130908, 8.0, 264, 福柯与性
03335663, 7.2, 677, 日本人与中国人
34984904, 8.8, 128, 穿越非洲两百年
03003524, 7.7, 357, 通往比傻帝国
34881632, 8.0, 259, 读库1906
01042831, 7.2, 666, 中国性研究
34942482, 7.7, 349, 假如你跳进一个黑洞里
33384247, 8.5, 159, 堕落论
01005442, 8.6, 144, 药味集
34432670, 8.9, 112, 胡适忍不住的新努力（作家榜经典文库）
01097155, 8.8, 120, 梁实秋经典作品选
26927700, 7.6, 370, 白说
10568346, 7.4, 469, 孤独的大多数
26590149, 7.5, 414, 亦摇亦点头
05918497, 7.9, 264, 我的高密
27129931, 7.5, 410, 我们心中的怕和爱（增订版）
25896179, 7.0, 792, 三重门
20428328, 8.2, 192, 非洲札记
01476952, 7.9, 256, 酱缸
26260619, 8.1, 210, 沉默的大多数
01119623, 8.7, 125, 二心集
27593539, 7.9, 255, 闲话中国人
03198357, 8.6, 135, 道德箴言录
27052050, 8.6, 135, 沉默的大多数
25919902, 7.3, 508, 单读06
01899062, 7.9, 251, 彀外谭屑
05984003, 7.1, 656, 暧昧的瞬间
30236354, 8.1, 205, 思考的芦苇
04252091, 8.3, 169, 午夜的沉默
27058278, 9.5, 70, 我的精神家园
01082677, 6.7, 1178, 北京姑娘
01016785, 9.4, 74, 鲁迅全集(4)
01029934, 9.0, 96, 且介亭杂文末编
30262387, 8.0, 220, 把日子过得有趣
27136920, 7.0, 726, 书生之见：子东时间
25944419, 7.4, 423, 大地上所有的河流
34853294, 6.2, 2949, 今天也要认真穿
01097897, 8.8, 108, 鲁迅经典作品选
33159859, 8.6, 125, 摩登中华
26547977, 8.5, 135, 另一个人
20472501, 7.4, 406, 深夜十堂
10563472, 8.3, 157, 人类星光灿烂时
01043142, 8.8, 105, 三闲集
01824350, 8.8, 105, 鲁迅杂文集
01008249, 7.5, 350, 中国文人的非正常死亡
27017553, 7.6, 309, 坦白书（增补版）
26735656, 8.0, 203, 都嘟·第二季
01018692, 8.5, 130, 中国现代经典散文
01056621, 6.8, 888, 蛋白质女孩
01106296, 8.0, 201, 给你所爱的人以自由
26666257, 8.7, 110, 天鹅之死
01962902, 7.6, 302, 燕山夜话
26921881, 8.6, 118, 悲观声浪里的乐观
26976455, 7.7, 269, 珍物
19958275, 8.2, 164, 中国人的气质
26288881, 6.8, 848, 知道分子
30331266, 7.4, 368, 读库1805
10443516, 8.6, 115, 我的精神家园
05292438, 8.2, 158, 救救孩子
26643532, 8.4, 131, マクマクラン博士の危険なお遊戯
30438861, 7.6, 280, 爱说教的男人
03294709, 8.6, 111, 自由之路
26260292, 8.9, 89, 王小波散文精选
04842955, 8.8, 95, 如是我闻
30252635, 9.0, 82, 奥威尔杂文全集
11628193, 8.0, 182, 少爷小姐要争气
06000645, 8.3, 139, 永日集
01424542, 7.8, 220, 巴黎到月亮
01060306, 8.5, 117, 准风月谈
01974028, 8.1, 161, 集外集拾遗
12278074, 8.4, 124, Fresh Off the Boat
30412497, 7.1, 478, 一个观点，不一定对
27132365, 7.8, 211, 亲爱的提奥
27617852, 8.4, 122, 文字世界和非文字世界
27086924, 7.6, 256, 三十六大
07051339, 8.0, 171, 波斯人信札
26986597, 8.3, 131, 岛上故事
10876812, 7.9, 187, 愛上幾個人渣
01370255, 8.3, 130, 泰晤士河畔
11577428, 7.3, 355, 腰斩哪吒
30187785, 7.9, 176, 沉默的大多数
26584730, 9.4, 57, 并非舞文弄墨
03880848, 6.2, 1867, 向死而生
06040348, 8.0, 156, 传统下的独白
30345257, 8.1, 142, 声色野记
01424708, 9.3, 59, The World of Yesterday
01038176, 8.1, 141, 木片集
02134782, 9.0, 71, 鲁迅杂文全编
34461220, 7.3, 321, 遗言图书馆
03011978, 7.8, 185, 我们热爱什么样的生活
34900487, 6.7, 716, 东京百景
26695154, 7.3, 314, 在无趣的时代活得有趣
01441016, 7.4, 272, 野史记
25824940, 9.7, 45, 鲁迅杂文集
06979779, 7.9, 160, 牛人的物种起源
02977896, 7.8, 176, 李敖有话说8
25984246, 8.2, 120, 中国人的尊严
02134697, 8.3, 110, 墮落論
26344840, 6.7, 655, 丑陋的中国人
25836950, 6.8, 562, 大叔
26599193, 6.2, 1561, 我们从未陌生过
04048227, 7.1, 360, 仇富
34449983, 7.9, 149, 退步主义者
26998071, 8.3, 104, 二十个站台
06755973, 9.8, 40, 野草
25778501, 8.9, 67, 华盖集续编
10446423, 8.2, 112, 答同代人
33463011, 7.8, 159, 弦理论
01030920, 7.0, 386, 邪童正史
34990941, 8.6, 80, 雁过留声
26639709, 8.8, 69, 鲁迅杂文精选集
02973510, 7.5, 206, 笔花六照
01929971, 8.6, 78, 鲁迅杂感选集
25844640, 6.6, 649, 如何处理仇人的骨灰
34780970, 7.5, 201, 你听懂了没有
10493971, 8.4, 88, 敏感詞
11531731, 8.5, 81, 书鱼知小
25660769, 8.2, 102, 容忍与自由：胡适演讲集（二）
03319916, 7.0, 348, 葫芦提
01756267, 7.7, 157, 左一刀，右一刀（全二册）
26161176, 7.6, 173, 可爱的洪水猛兽
24838226, 8.4, 86, 敬重与惜别
26841858, 9.4, 45, 知堂书话
33447952, 7.1, 298, 问彼嵩洛
26712741, 8.0, 117, 留德十年
33369787, 9.3, 47, 热风
03354511, 7.3, 232, 谣言的特点
01814065, 7.6, 168, 真话集
34661927, 6.6, 582, 装腔指南
26685239, 7.6, 166, 丑陋的中国人
26375776, 7.6, 165, 言花
20387021, 6.6, 573, 我站在蚂蚁这一边
30846416, 9.3, 46, 鲁迅经典文集 精装读书会
02046906, 7.9, 123, 集外集拾遗
30376418, 7.2, 251, 奇想博物志
25799679, 7.5, 180, 富得像个人样
26695147, 7.0, 319, 成长是一件孤独的事
26876527, 8.4, 81, 而已集
26261081, 8.0, 111, Men Explain Things To Me
26635362, 8.8, 61, :鲁迅杂文全集 (套装共2册)
01856508, 8.2, 94, 我的故乡在天堂
06965548, 7.1, 278, 公主坟
01090116, 7.6, 159, 谈心
27086926, 7.0, 307, 活着活着就老了
25734552, 6.8, 399, 生活在哪个朝代最郁闷
27039545, 7.6, 152, 普通读者
10556193, 7.7, 136, 蒙田随笔
26752665, 6.7, 434, 一些无可厚非的小事
01005334, 8.8, 57, 哀妇人
03026932, 8.0, 102, 乱谈琴
03003659, 7.4, 179, 蔡澜的生活方式
30216637, 6.7, 418, 一万口新鲜
01119073, 8.1, 92, 集外集
26639540, 9.0, 49, 何不認真來悲傷
24697636, 7.2, 216, 三重门
26876429, 8.5, 67, 朝花夕拾
02035119, 8.1, 90, 沉疴
26281949, 7.4, 167, 死亡晚餐派对
34648639, 8.1, 88, 袖中锦
01073876, 7.2, 207, 中国命研究
25768864, 7.3, 183, 谎言的年代：萨拉马戈杂文集
01289801, 7.2, 204, 谁的大学
04723558, 8.1, 85, 西滢闲话
30294375, 7.5, 142, 树犹如此
20373245, 7.9, 97, 何谓文化
20414899, 7.7, 115, 各自的朝圣路
27117555, 7.4, 153, 小说餐桌
11594691, 7.7, 110, 京城捕王
26656020, 6.7, 334, 我长得丑，你们都得让着我
02089292, 7.1, 200, 饭醉分子
26665645, 8.0, 84, 道大无外
01002451, 7.8, 99, 艺术复仇
02130035, 7.7, 105, 办公室
25744355, 7.5, 125, 关于生命的一切
34648293, 7.8, 95, 幻想博物志
27085766, 7.5, 124, 冰血：零下30℃的刑侦现场
01158210, 7.2, 167, 那一年
26902017, 8.8, 45, 三生石上旧精魂
30448390, 8.2, 67, 沒關係
04048188, 6.5, 392, 千面风华（上下）
26698504, 8.6, 50, 季羡林谈人生（精装珍藏版）
03274550, 7.5, 118, 我与三联
26637039, 9.1, 37, 三闲集
01814059, 7.6, 107, 探索集
25887109, 7.2, 157, 活着你就得有种
30133246, 8.0, 75, 大门背后
25778503, 8.6, 49, 且介亭杂文末编
25866788, 7.6, 104, 随心
03669573, 7.3, 139, 闲话红楼：大观园的后门通梁山
06709792, 7.5, 113, 博文001
03195599, 7.7, 94, 魔鬼辞典
34821461, 8.9, 40, 蓝色天堂
30275630, 8.2, 62, 爱与孤独
26742737, 7.1, 166, 每个生命都要结伴而行
26888224, 8.1, 66, 笔祸史谈丛
01005116, 7.7, 91, 媚俗通行证
01459558, 8.9, 39, The Importance Of Living
01814071, 7.9, 76, 无题集
26581091, 7.9, 76, 超思考
20423548, 7.4, 117, 翻皮球
01042101, 8.7, 43, 箴言集
01016698, 8.1, 64, 千年沉重
01221049, 7.5, 104, 舌头的战争
01145310, 7.6, 94, 走出囚徒困境
26902322, 8.0, 67, 过日子
02990754, 8.9, 37, 自己的园地
01321641, 9.0, 35, 人文随笔
25729305, 7.8, 78, 典型年度
27005452, 7.9, 71, 格格不入
04791787, 7.1, 149, 左一刀
25931805, 8.5, 46, 我和儿子的每一步
05377525, 8.0, 65, 笑傲七十年-李敖有话说纪念典藏版（全八册）
01475105, 7.8, 76, 都是性灵食色
22207603, 6.8, 204, 斯文
25744064, 7.0, 160, 我不原諒中國教育
26807570, 6.6, 261, 事实证明，人民永远是最可爱的
03076049, 8.8, 37, 夜航船
05415292, 7.2, 126, 燕山夜话
26737968, 7.1, 136, 给理想一点时间： 精选集
01209067, 6.6, 245, 鸡一嘴鸭一嘴
01925989, 7.6, 83, 大家
26589315, 8.6, 40, 假如有人欺骗了我
27075692, 6.8, 186, 器之美
01273609, 7.6, 81, 尼采散文选
24759008, 7.8, 68, 大国作手
30136784, 7.8, 67, 我所理解的生活
26635645, 8.2, 49, 二心集
04075795, 6.9, 151, 风不能把阳光打败
05400596, 6.4, 285, 慕容雪村随笔集
20645025, 8.0, 55, 空间感
10540002, 7.5, 81, 培根随笔全集
01545845, 8.3, 44, 雪莱政治论文选
01973632, 7.7, 68, 幽默散文读本
10604081, 7.7, 68, 洋相
20492260, 7.0, 130, 幽梦影
20489763, 6.2, 368, 所有女人都是奢侈品
30290234, 8.4, 40, 音乐笔记
01109976, 7.5, 75, 七侠五义
30318590, 6.4, 250, 后谷歌时代:大数据的衰落及区块链经济的崛起
26727147, 8.7, 32, 中国人的人格
11442492, 7.7, 62, 生命感悟
01607484, 6.9, 131, 偶像的黄昏
26340050, 6.9, 129, 從你的全世界路過
03830987, 8.6, 33, 中国人
06984884, 8.7, 31, 冷眼柔肠的巨人
01814069, 7.3, 84, 病中集
25862709, 8.3, 38, 墮落論
05416205, 7.2, 89, 狐狸洞话语
25778144, 7.8, 53, 在诗意与残忍之间
02037022, 8.8, 28, 皇后之死
26749131, 8.7, 29, 朝花夕拾
06773295, 7.1, 93, 病榻杂记
26611097, 8.1, 41, 你不知道的纽约
01802012, 8.3, 36, 国民作家的立场
04243217, 8.8, 27, 老北平的故古典儿
30404706, 8.8, 27, 浮生六记
02137599, 8.4, 33, 我将归来开放
30210901, 6.2, 258, 不太多，不太少
26345759, 8.6, 29, 周国平论教育(修订版)
25864478, 7.0, 96, 极端之美
04729574, 8.2, 36, 柏杨全集
30246988, 8.0, 40, 有趣儿
03118873, 8.3, 33, 狂秋日記
01148826, 7.6, 53, 书鱼知小
04164346, 6.9, 99, 殘酷的處刑史
04217462, 9.0, 22, 龙华集
27092370, 8.5, 28, 大家小文
04165674, 6.3, 185, 台湾故事会
25866924, 7.0, 82, 历史，不规矩
03025546, 8.5, 27, 到底是上海人
25889744, 8.5, 27, 枕中记
27081308, 9.1, 20, 随无涯之旅
02220633, 7.6, 48, 我看金庸小说
25957014, 6.3, 180, 所有的男人都是消耗品
26996421, 7.7, 44, 华盖集
06124399, 7.0, 79, 红楼夺目红
26377476, 7.2, 64, 给理想一点时间5
01254864, 7.9, 37, 文明的创痛
25950143, 7.2, 63, 中国人的淡定从何处来
34778950, 8.4, 27, 耳虫
26598269, 7.8, 39, 容忍与自由
01210331, 7.0, 74, 另类令我累
01009567, 7.9, 36, 余秋雨现象批判
30247000, 7.4, 51, 有味儿
05261711, 7.8, 37, 最好的杂文
25863289, 6.4, 131, 过得刚好
06067516, 7.3, 51, 张晓风散文精选
30341951, 7.3, 51, 在宇宙间不易被风吹散
25798508, 8.1, 29, 爱默生论人生
22994092, 6.4, 125, 钱文忠漫谈人生
30281748, 7.6, 39, 文人好吃记
01068764, 7.4, 45, 文思
01292008, 7.9, 31, 活色生香宁波话
02231053, 8.0, 29, 我们的苟且
30247004, 7.1, 56, 老舍自传
19981037, 7.0, 61, 最美人间四月天
01948645, 8.3, 24, 李敖千秋评论丛书
06040787, 8.2, 25, 鲁迅思想录
34678528, 6.4, 110, 日本风俗小物
01917549, 8.4, 22, 明月前身
20434026, 7.4, 41, 民间野草
01002899, 7.3, 44, 我不想树立雕像
10946407, 9.2, 15, 自由书
30335355, 6.6, 82, 大势将至，未来已来
01825589, 8.1, 25, 北京城杂忆
10782200, 7.1, 47, 生命的品质
26926816, 8.0, 25, 黄永玉全集文学编·杂文游记
26611899, 8.0, 24, 最合宜的位置
26835152, 7.8, 27, 天才為何總是成群地來
26853032, 5.2, 601, 把生活过成你想要的样子
34098734, 6.5, 74, 吃好，喝好，日子过好
26270475, 7.6, 29, 世纪之风
01359175, 9.0, 14, 道德浪女
30331147, 8.1, 21, 中国纽约客
25936059, 6.0, 127, 最好的时光不再
34810893, 8.9, 14, 閑話閑說
05921274, 7.0, 42, 怀旧课
02287117, 7.9, 22, 钢铁是怎样没炼成的
25804956, 6.8, 48, 刘墉散文精选
19989424, 7.8, 23, 往事新编
27119871, 7.1, 37, 讲述一个故事有五百万种方式
25996479, 8.1, 19, 小故事
26837886, 7.5, 27, 我愿与你浪迹天涯
01011707, 5.7, 166, 我和李敖一起骂
30233335, 8.1, 18, 擺一桌絕妙的宋朝茶席
26799603, 7.3, 29, 肉食美学与素食歧视
10679149, 7.2, 31, 我的最后一张底牌
01825994, 7.2, 30, 食之白话
06960561, 5.4, 240, 段子
06382860, 7.8, 19, 西窗随笔
01441109, 6.5, 48, 巴黎1900
25876137, 6.3, 57, 不脑残科学
04778397, 7.2, 26, 务实求理（上下）
34932086, 7.2, 26, 华丽食物志
06124801, 6.0, 76, 一剑不忍封喉
01039728, 8.4, 13, 午夜高楼：《宇宙风》萃编
10540532, 6.7, 36, 2020.我们会不会变得更穷
01041604, 7.1, 26, 道德的沦陷
04871382, 8.1, 14, 热言时代-2009年度名家评论精选 第四辑
30390547, 8.1, 14, Hello World
25969326, 7.6, 18, 瓷上中国
26375441, 7.8, 16, On Murder Considered as One of the Fine Arts
04160554, 6.1, 58, 历史的真相
30244218, 6.5, 37, 东方历史评论（第14辑）
33428820, 6.5, 35, 你是个年轻人，请你好好生活
26374963, 7.2, 20, 雖千萬人，李敖往矣
02062157, 7.0, 22, 李国文说帝王将相
06970227, 6.8, 25, 中国帮会三百年革命史
30688684, 8.5, 10, 杂草集 西方思想史散论
10748827, 6.0, 51, 段子2
04190109, 6.3, 37, 教育
01056640, 8.0, 12, 书屋(2004年第5期)
23780983, 7.4, 15, 问答录
27170649, 7.2, 16, 今生一盅茶
19962309, 5.9, 45, 追问大历史
01251982, 7.5, 13, 独身
02221623, 7.3, 12, 寻找灯绳
26421897, 6.4, 21, 清案探秘·宫闱秘闻
01490597, 7.0, 13, 善待命运
06511176, 6.2, 21, 论压力
01128080, 6.7, 13, How To洞察人心
26681486, 4.7, 132, 最冷最冷的冷门知识
01490350, 7.0, 10, 2005年中国杂文精选
25937896, 6.5, 13, 把握我们有限的今生
10495018, 6.5, 11, 读点民国史
04918248, 5.6, 17, 中国式寂寞
03670170, 4.0, 70, 中國不高興
01427165, 0.0, 11, 打左灯 向右转
26297450, 0.0, 11, 更野草
34857232, 0.0, 11, 简·奥斯丁传
06979781, 0.0, 12, 千万别说我是好人
30222510, 0.0, 77, 此心到处悠然
01729445, 0.0, 96, 教材全解-八年级语文下
