2020-07-05 16:00:07

number of books, tag name
89, 李叔同

ID, rating, votes, title
02567698, 8.8, 375316, 三体
10607793, 8.6, 3846, 刀与星辰
04124716, 8.5, 3729, 汉字书法之美
01227986, 9.2, 761, 护生画集
11599490, 9.2, 649, 护生画集
06431957, 7.8, 3474, 遇见一些人，流泪
01967819, 8.7, 688, 李叔同解经
01028052, 7.8, 1770, 李叔同说佛
01006322, 8.9, 219, 丰子恺护生画集选
01902632, 8.2, 316, 禅里禅外悟人生
04898703, 9.1, 131, 护生画集
04256701, 8.3, 214, 悲欣交集
03573700, 8.9, 121, 智慧100
26815874, 9.0, 110, 给大家看的国学常识
01004153, 8.8, 123, 护生画集（上下）
26919771, 8.3, 185, 李叔同
02139507, 8.2, 164, 李叔同谈艺
01161770, 8.6, 104, 人性的弱点全集
01079590, 7.7, 227, 悲欣交集
19986455, 9.2, 64, 李叔同的自我修养
01192582, 8.6, 89, 李叔同
11618617, 7.9, 153, 旧时的盛宴
03160702, 8.1, 116, 李叔同《晚晴集》讲记
02125832, 8.0, 123, 写在生活边上
01909658, 7.6, 166, 送别·我在西湖出家的经过
05329052, 9.3, 46, 弘一法师手书嘉言集
03101193, 9.5, 41, 晚晴集講記
05367385, 7.6, 105, 问佛•观心
10458974, 8.1, 68, 李叔同诗词集
24858814, 7.9, 76, 转身遇见佛
25863356, 7.6, 88, 问君此去几时还
25753115, 7.3, 82, 弘一大师传
01217674, 8.0, 44, 丰子恺自述
01641386, 8.6, 28, 弘一法师年谱
02999567, 8.4, 30, 悲欣交集
01683147, 7.9, 41, 弘一大师
04850138, 8.2, 33, 悲欣交集
26036227, 7.5, 47, 李叔同谈佛
03194714, 7.6, 43, 我在西湖出家的经过
02983089, 7.3, 54, 艺海潮音
02351308, 7.8, 37, 李叔同讲国学
27089507, 7.1, 61, 从容淡定过一生
01169241, 8.8, 20, 弘一书法墨迹
25908264, 9.1, 17, 李叔同致刘质平书信集（墨迹珍藏本）
01160686, 8.1, 28, 古道长亭
26803795, 9.2, 16, 般若波罗蜜多心经讲义
01982643, 9.3, 15, 弘一大师格言别录
03124276, 6.5, 84, 李叔同《晚晴集》人生解读
01078201, 7.6, 31, 李叔同图传
03125174, 7.5, 30, 李叔同的后半生
26970265, 7.8, 24, 休管人生幻与真：李叔同家族
06863737, 7.3, 33, 李叔同说佛
03029899, 7.7, 24, 李叔同的凡世禅心
26165250, 7.7, 24, 李叔同说佛
01424916, 7.1, 34, 尘世李叔同
01497592, 7.6, 24, 李叔同
30367270, 7.9, 18, 我欢喜生命本来的样子
04820137, 7.4, 24, 旷世凡夫
01069374, 8.4, 14, 李叔同诗文遗墨精选
04010167, 8.2, 15, 弘一法师永怀录
27007456, 6.8, 36, 送别
10745743, 7.6, 20, 李叔同智慧集
25922337, 8.0, 16, 心若莲花爱如菩提
28550493, 8.4, 13, 李叔同书信集
01960202, 8.4, 12, 禅灯梦影
01394000, 7.4, 19, 芳草碧连天：弘一大师传
10512378, 7.2, 20, 半世文人半世僧
26350937, 7.9, 13, 中国人的禅修
26304892, 6.8, 25, 我只愿在清风中明媚：李叔同传
04726654, 6.9, 23, 李叔同
10522573, 6.7, 24, 李叔同说人
04916587, 7.1, 17, 李叔同讲佛学
02026633, 6.5, 25, 倾听李叔同
03519791, 7.4, 13, 遁入空门
30374191, 6.2, 28, 半生红尘.半世空门：李叔同传
06721391, 7.8, 10, 李叔同美术广告作品集
03656464, 5.8, 31, 李岚清中国近现代音乐笔谈
01400155, 6.9, 13, 李叔同影事
01740084, 6.4, 18, 李叔同的二次婚姻揭秘
26976202, 7.0, 12, 一轮圆月耀天心
10449935, 6.3, 13, 别后芳草碧红尘
20283433, 6.7, 10, 爱就是慈悲
01445775, 0.0, 10, 李叔同身边的文化名人
02273309, 0.0, 10, 旷世凡夫
25986276, 0.0, 10, 纠缠不是禅
26921790, 0.0, 10, 弘一法师书信
03180597, 0.0, 11, 弘一法师书信
03545145, 0.0, 13, 听李叔同讲人生哲理
26358716, 0.0, 23, 心经修行课：过往不恋 将来不负
