2020-07-05 16:00:07

number of books, tag name
80, 李白

ID, rating, votes, title
01283273, 7.3, 17771, 天黑以后
01789842, 7.4, 13156, 侠客行
10354427, 8.1, 3241, 蒋勋说唐诗
01081778, 9.6, 463, 李太白全集（全三册）
25802944, 8.1, 2037, 大唐李白·少年游
01223808, 9.4, 396, 李白诗选
30160617, 8.2, 1059, 四时之诗：蒙曼品最美唐诗
01077942, 9.8, 228, 李白诗歌全集
05403733, 9.5, 269, 李太白全集
25918436, 8.4, 679, 大唐李白·凤凰台
24869134, 8.4, 677, 大唐李白
01891984, 9.4, 221, 李白诗选
01014359, 9.2, 253, 李白诗选
03345577, 8.4, 484, 鲁拜集
01095648, 8.4, 421, 白香词谱
26390716, 8.2, 464, 大唐李白·将进酒
02979274, 9.8, 114, 李太白全集（全三冊）
01390472, 9.4, 147, 李白集
25782887, 10.0, 96, 李白选集
10428378, 8.7, 236, 司马迁之人格与风格 道教徒的诗人李白及其痛苦
26667426, 9.8, 92, 李太白全集
01714304, 9.6, 102, 李白集校注（全四冊）
24888080, 8.6, 193, 道教徒的诗人李白及其痛苦
01545948, 9.5, 96, 李白集校注(全二册)
33386710, 7.2, 886, 七侯笔录
01556074, 9.7, 83, 李太白集  杜工部集
01010300, 8.5, 197, 道教徒的诗人李白及其痛苦
26690200, 9.9, 52, 李太白全集
25830428, 8.7, 110, 大唐李白
34841965, 8.9, 93, 通天之路
01214763, 7.5, 286, 中国文学史
01265465, 8.9, 82, 迦陵论诗丛稿
26734586, 9.0, 76, 道教徒的诗人李白及其痛苦
01140781, 7.3, 330, 李白传
02017051, 9.3, 52, 李白集
26659438, 9.6, 36, 李白全集编年笺注
30208181, 8.9, 52, 道教徒的诗人李白及其痛苦
34996974, 7.9, 108, 戴老师魔性诗词课
02154512, 7.2, 212, 大唐第一古惑仔李白实录
04851525, 7.2, 212, 李白与杜甫
01084571, 9.0, 42, 李杜诗学
01024204, 9.4, 33, 李白诗歌抒情艺术研究
01423163, 8.3, 62, 李白评传
25768248, 7.7, 90, 李白（新版中学图书馆文库）
01562131, 8.7, 43, 李白的客寓意识及其诗思
10344724, 9.1, 34, 国学经典丛书-李白诗文选
05957087, 9.0, 34, 李白诗集
30440165, 7.4, 101, 李白传
10345330, 9.1, 29, 李白诗选评
03069534, 7.4, 60, 李白传
02294551, 9.1, 18, 李白十论
27597722, 8.5, 23, 李白诗选
01420674, 7.4, 46, 中国古典文化景致
26903063, 9.1, 17, 李白诗选
30136871, 7.3, 46, 康震讲诗仙李白
03376549, 8.8, 16, 李白集-中国家庭基本藏书（名家选集卷）
27105928, 8.9, 14, 李白诗歌赏析/中国古典诗词名家菁华赏析丛书
35065582, 8.7, 15, 亦狂亦侠亦温文：龚自珍的诗文与时代
03614839, 8.2, 17, 李杜论略
01103881, 7.9, 19, 李白（上下卷）
25958225, 6.6, 43, 也说李白与杜甫
01659037, 7.0, 28, 陶渊明李白新论
06530066, 8.2, 12, 李白诗选译
01203460, 8.0, 13, 李白选集/中国古典文学名家选集
30486555, 5.8, 70, 一声狂笑，半个盛唐：李白传
34932126, 8.3, 11, 通天之路：李白
01721932, 8.0, 12, 李白
30169976, 6.9, 22, 两个李白（精装本）
19985974, 7.5, 15, 绣口一吐，就是半个盛唐
02351265, 8.0, 11, 李白诗选
06794517, 6.4, 26, 诗人李白
03136592, 6.8, 19, 李白精讲
26637831, 7.0, 15, 中华传统诗词经典:李白诗
20563249, 6.9, 13, 中小学课本里的名人传记丛书
01196137, 6.0, 18, 爱国的理由
30823405, 6.3, 12, 盛唐，狂人也寂寞：李白传
03629756, 5.2, 14, 太白醉剑
01879782, 0.0, 10, 跟随李白上路
04312595, 0.0, 10, 李诗咀华
34782246, 0.0, 10, 李白传
