2020-07-05 16:00:07

number of books, tag name
67, 杜甫

ID, rating, votes, title
02775787, 9.1, 1003, 叶嘉莹说杜甫诗
02027666, 9.2, 565, 杜甫诗歌讲演录
01008023, 9.4, 447, 杜詩詳注（全五冊）
19981641, 9.2, 386, 吴小如讲杜诗
03191866, 8.1, 904, 杜甫的五城
01626882, 9.2, 220, 杜詩鏡銓
01223810, 9.2, 205, 杜甫诗选
25809959, 9.6, 134, 杜甫全集校注
03803387, 9.3, 161, 钱注杜诗（全二册）
26296244, 9.0, 198, 叶嘉莹说杜甫诗
06429292, 8.8, 209, 杜甫
25913916, 7.8, 563, 杜甫传
01709390, 9.2, 137, 杜诗镜铨（全二册）
01556074, 9.7, 83, 李太白集  杜工部集
02226279, 9.3, 107, 被开拓的诗世界
25818901, 8.7, 144, 杜甫
20280614, 9.3, 90, 杜甫选集
01200599, 8.5, 158, 杜甫评传
30175619, 9.2, 89, 杜诗艺术与辨体
01130448, 9.1, 92, 杜甫评传
01050571, 8.8, 107, 杜甫戲为六绝句集解·元好问論诗三十首小箋
01034609, 7.7, 286, 杜甫传
03118140, 9.4, 68, 杜诗详注
05388160, 9.1, 78, 访古学诗万里行
01450077, 9.3, 66, 杜甫选集
33405234, 9.5, 55, 莫砺锋讲杜甫诗
26081620, 9.0, 74, 杜甫秋兴八首集说
26690202, 9.6, 51, 杜诗详注
02253648, 7.9, 160, 杜甫传
01032121, 9.2, 59, 杜甫全集
01423196, 9.4, 51, 杜甫诗
05921587, 8.9, 67, 杜甫评传（上中下）
30130024, 9.3, 49, 杜甫诗选注（增补本）
01826124, 9.4, 45, 杜工部集
01658959, 9.2, 48, 杜甫诗选注
10345336, 9.2, 45, 杜甫诗选评
34996974, 7.9, 108, 戴老师魔性诗词课
26323424, 8.5, 67, 杜诗详注
04851525, 7.2, 212, 李白与杜甫
26607221, 7.8, 104, 诗圣杜甫
01543894, 8.2, 74, 杜甫诗选评
03882375, 9.0, 43, 杜甫诗选
01084571, 9.0, 42, 李杜诗学
04253429, 7.8, 93, 康震评说诗圣杜甫
26796802, 9.2, 36, 杜甫集校注
27156618, 9.5, 30, 杜诗镜铨
03671643, 8.7, 44, 杜甫诗选
30384204, 8.4, 48, 唐诗课
20492018, 9.4, 25, 杜诗赵次公先后解辑校（全三册）
10344725, 9.2, 26, 国学经典丛书-杜甫诗选
26734885, 9.3, 22, 杜甫诗选
02006254, 8.9, 26, 杜甫诗醇
33398605, 8.9, 22, 杜甫评传
03755967, 9.3, 18, 杜工部诗集辑注
26758061, 9.1, 19, 杜甫集
30205540, 8.9, 20, 金圣叹选批杜诗
01385889, 7.9, 32, 杜甫的五城
01278373, 9.2, 16, 杜甫研究论集
05979663, 7.0, 43, 读杜札记
35065582, 8.7, 15, 亦狂亦侠亦温文：龚自珍的诗文与时代
19934652, 6.0, 106, 杜甫传
30276265, 8.4, 14, 杜诗杂说全编
25958225, 6.6, 43, 也说李白与杜甫
01546876, 6.6, 27, 《管锥编》与杜甫新解
33439943, 6.1, 16, 所有流浪，都是归程：杜甫传
26807315, 0.0, 11, 杜甫集校注
33403492, 0.0, 11, 杜诗镜铨
