2020-07-05 16:00:08

number of books, tag name
466, 東野圭吾

ID, rating, votes, title
03259440, 9.1, 460312, 白夜行
01770782, 8.9, 647941, 追风筝的人
06082808, 9.2, 294583, 百年孤独
03066477, 9.3, 222578, 三体Ⅱ
03211779, 8.9, 411954, 嫌疑人X的献身
10554308, 9.1, 272245, 白夜行
05363767, 9.2, 214997, 三体Ⅲ
25862578, 8.5, 642237, 解忧杂货店
10594787, 9.0, 184330, 霍乱时期的爱情
01858513, 9.0, 135120, 月亮和六便士
26954760, 8.8, 149139, 月亮与六便士
01827374, 9.0, 96688, 东方快车谋杀案
03006581, 8.9, 98933, 无人生还
03646172, 8.4, 195283, 恶意
25924253, 9.0, 53704, 嫌疑人X的献身
04011670, 8.3, 189107, 人间失格
04117922, 9.0, 46247, 嫌疑人X的献身
01046265, 8.0, 317935, 挪威的森林
01786670, 8.9, 52345, 百年孤独
04742918, 8.3, 111159, 1Q84 BOOK 1
03604517, 9.3, 14974, 撒哈拉的故事
04885241, 8.4, 62834, 1Q84 BOOK 2
26877752, 8.7, 36157, 恶意
05038409, 9.0, 18896, 金色梦乡
05275059, 7.9, 138110, 1988：我想和这个世界谈谈
02297697, 8.6, 34201, ZOO
01418686, 8.7, 27666, 红拂夜奔
06397275, 8.9, 16343, 此生未完成
01159939, 8.6, 24423, 一个陌生女子的来信
06746289, 8.4, 33943, 新参者
10554309, 8.5, 22656, 恶意
04071859, 9.4, 5920, 我在伊朗长大
05346110, 8.9, 11552, 穷查理宝典
03187737, 8.3, 29651, 占星术杀人魔法
04074636, 7.6, 121329, 放学后
01874961, 8.8, 12319, 嫌疑犯X的獻身
26639966, 8.2, 25433, 新参者
03162527, 8.7, 10167, 魍魉之匣（下）
27112607, 9.0, 6460, 白夜行
01147193, 9.1, 5021, 世说新语
24922716, 8.9, 6345, 阿勒泰的角落
05040220, 8.9, 6295, 蒋勋说红楼梦（第一辑）
04038672, 8.9, 6155, 络新妇之理（上）
03102324, 7.7, 44694, 秘密
03162513, 8.4, 12451, 魍魉之匣（上）
04009552, 7.5, 67278, 幻夜
01473895, 9.1, 4128, 白夜行
05502995, 7.6, 44665, 1Q84 BOOK 3
03140801, 8.0, 20255, 姑获鸟之夏
04152754, 7.6, 42778, 时生
04580972, 7.7, 34607, 流星之绊
03713327, 7.7, 33150, 圣女的救济
01421975, 8.7, 5692, 只有你聽到 Calling You
26118072, 7.7, 29985, 祈祷落幕时
03765620, 8.7, 5494, 在漫长的旅途中
26413027, 7.5, 41581, 虚无的十字架
20473505, 8.7, 5289, 山月记
01418707, 8.5, 6995, Goth.斷掌事件
26651926, 8.0, 14378, 红手指
01903164, 8.0, 14256, ABC谋杀案
05939312, 8.2, 9445, 超·杀人事件
03801097, 7.8, 18275, 夏天·烟火·我的尸体
03715844, 8.6, 5040, 铁鼠之槛（下）
25891771, 7.7, 21931, 失乐园
05347699, 7.8, 17499, 彷徨之刃
06003067, 9.5, 1616, 未来ちゃん
06794021, 7.8, 17143, 红手指
03890174, 7.7, 20555, 信
24163576, 8.3, 6941, 漫长的告别
03615061, 7.5, 27373, 宿命
04034009, 8.3, 6530, 剪刀男
24829798, 8.6, 4057, 解憂雜貨店
27115970, 8.0, 9760, 秘密
05317075, 7.1, 57684, 蔡康永的说话之道
04928387, 7.5, 23443, 单恋
05380266, 7.9, 10923, 怪笑小说
02237621, 8.5, 4295, 十八岁出门远行
26774897, 8.0, 9019, 流星之绊
05288327, 8.3, 5516, 鸟，看见我了
03026875, 8.7, 3060, 幕后凶手
04718973, 7.8, 11664, 毒笑小说
26298572, 7.9, 9710, 彷徨之刃
11498199, 8.3, 5151, 只有你听到Calling You
27200261, 7.6, 15863, 假面山庄
04753783, 7.4, 22545, 分身
04213995, 7.6, 15083, 黑笑小说
21247886, 9.1, 1676, 嫌疑犯X的獻身
02266498, 9.2, 1434, 白夜行（下）
02173262, 8.2, 5110, 假如明天来临
11607261, 8.6, 2801, 旧制度与大革命
24153181, 7.6, 12980, 从前我死去的家
04151180, 8.0, 6443, 巷说百物语
26906797, 7.7, 10599, 圣女的救济
25720041, 7.7, 10342, 秘密
10594788, 7.5, 14596, 谁杀了她
04264003, 7.4, 17444, 名侦探的守则
26387514, 7.6, 11464, 时生
02036390, 8.4, 3060, 超. 殺人事件: 推理作家的苦惱
01370069, 8.5, 2583, 惡意
25956990, 7.9, 6104, 信
03865832, 7.1, 25174, 变身
02270399, 9.5, 779, MONSTER-怪物-10
26387513, 7.8, 6435, 麒麟之翼
25879527, 9.1, 1101, 平如美棠
20513012, 7.6, 8037, 无比芜杂的心绪
03885914, 8.7, 1588, 悪意
27028847, 7.2, 16618, 沉睡的人鱼之家
17724327, 7.4, 10830, 盛夏的方程式
03439437, 7.7, 6278, 阿修罗
05416915, 7.5, 8830, 杀人之门
03053207, 7.2, 14843, 侦探伽利略
26359758, 7.8, 4991, 硬派健身
20493367, 8.4, 1989, 爱伦·坡暗黑故事全集（上册）
24384165, 7.6, 6414, 麒麟之翼
02242467, 7.2, 13399, 湖边凶杀案
05994808, 8.3, 2175, 涂佛之宴·宴之始末（上）
20449829, 7.4, 8911, 我杀了他
26598142, 7.3, 10672, 湖畔
34786086, 7.3, 10437, 沉默的巡游
03025613, 8.7, 1271, 赤朽葉家的傳說
27102207, 7.4, 8340, 放学后
03926665, 7.2, 11945, 伽利略的苦恼
11501902, 8.1, 2597, 异邦骑士
27178063, 7.4, 7821, 黎明之街
11615173, 7.1, 13481, 假面饭店
04191594, 7.3, 8959, 绑架游戏
10955921, 8.2, 2098, 骂观众
06832303, 6.8, 24795, 别相信任何人
11511204, 7.4, 7060, 悖论13
01881837, 8.1, 2010, 三言二拍
06902164, 7.2, 8582, 平行世界·爱情故事
01776127, 8.7, 945, 東京愛的故事 1
30210250, 7.7, 3504, 谁杀了她
04846032, 8.0, 2242, 性别战争
10598145, 7.2, 8159, 毕业
01732999, 8.4, 1305, 哥儿
26214729, 8.6, 1010, 如果我能说了算
05326846, 7.7, 3304, 一首朋克救地球
02174014, 7.5, 4508, 天黑以后
25845203, 8.5, 1080, 五岁熊孩子教我的事
26920165, 6.8, 16974, 拉普拉斯的魔女
26356948, 6.2, 82152, 摆渡人
01928477, 7.9, 2275, 單戀
26853726, 7.1, 8680, 假面饭店
01975541, 7.9, 2182, 名偵探的守則
27173553, 7.1, 8176, 白金数据
06722048, 8.5, 989, 挪威的森林（电影特别版）
02242461, 7.0, 9568, 预知梦
04903440, 7.1, 7658, 名侦探的诅咒
02071069, 8.8, 681, 福尔摩斯归来记
30317420, 7.8, 2317, 盛夏方程式
02143761, 8.6, 830, 西西弗的神话
04882008, 8.5, 836, 亚特兰蒂斯之心
04047710, 8.4, 936, 秘密
21347638, 7.1, 6425, 只差一个谎言
06251398, 7.6, 2681, 螺丝人
10594783, 6.9, 9232, 沉睡的森林
01790383, 8.7, 651, 超．殺人事件
30245830, 7.8, 1949, 从前我死去的家
26417643, 7.4, 3575, 歪笑小说
07067983, 7.2, 4868, 黎明之街
04191587, 6.7, 13265, 十一字杀人
06535522, 8.6, 681, 新參者
19951185, 7.0, 6871, 神探伽利略
10801462, 7.8, 1808, 苦才是人生
27037148, 7.1, 5510, 大雪中的山庄
03553032, 7.7, 1974, 流星之絆
26297985, 6.6, 14947, 梦幻花
30210694, 7.1, 5095, 悲剧人偶
03450539, 7.7, 1844, 放學後
04903190, 6.9, 6729, 没有凶手的杀人夜
03678357, 7.6, 1901, 波上的魔术师
07047148, 6.7, 9526, 同级生
26576518, 6.9, 5891, 我的晃荡的青春
20432186, 7.0, 4840, 布鲁特斯的心脏
21365370, 7.3, 2751, 湖畔杀人事件
06736909, 8.5, 533, 投资交易笔记
04199612, 8.0, 936, 本杰明的奇幻旅程
04723740, 6.7, 7476, 回廊亭杀人事件
03052810, 7.3, 2436, 使命與心的極限
25779594, 7.1, 3358, 魔球
01927377, 6.6, 8900, 畢業前殺人遊戲
26792376, 7.2, 2778, 分身
03420297, 7.7, 1250, むかし僕が死んだ家
26935572, 6.9, 4458, 浪花少年侦探团
01864553, 7.1, 3070, 雪地殺機
02379450, 7.8, 1051, 徬徨之刃
26703641, 6.7, 6155, 假面前夜
25731139, 7.5, 1491, 幻夜
26599491, 7.7, 1114, 怪笑小说
24847108, 8.4, 478, 加贺探案集
25720029, 7.5, 1420, 宿命
25957816, 7.3, 1886, 悖论13
05326850, 6.6, 6772, 白马山庄杀人事件
03445399, 9.1, 237, 白夜行
06961052, 7.5, 1344, 光媒之花
20507419, 7.0, 2992, 东野圭吾的最后致意
05951352, 7.3, 1805, 御手洗洁的旋律
30317422, 7.3, 1803, 毕业
35017604, 7.8, 883, 祈念守护人
27125950, 6.9, 3465, 第十年的情人节
04883568, 7.3, 1748, 从伊豆到北京有多远
25756926, 7.1, 2368, 禁忌魔术
07916085, 7.7, 936, 泪流不止（上、下）
26888804, 7.6, 1040, 单恋
22993089, 7.2, 1830, 预知梦
10472051, 8.4, 396, 伊豆舞女
27666929, 7.3, 1535, 幻夜
01370077, 7.9, 661, 北方夕鶴2/3杀人
10435833, 8.7, 285, 红发安妮
26745556, 9.2, 185, 东野圭吾天王套装
04286244, 6.3, 9740, 濒死之眼
24384166, 7.3, 1435, 使命与魂的尽头
25845649, 7.7, 807, 亲爱的闺蜜
04117627, 8.5, 330, 千古名将英雄梦（壹）
05939295, 6.7, 3939, 鸟人计划
30330292, 7.1, 1890, 沉睡的森林
30206396, 7.0, 2150, 假面之夜
02000671, 7.4, 1149, 綁架遊戲
03271703, 8.0, 531, 幻夜（上）
25978608, 7.0, 2095, 再美也美不过想象
11597314, 8.0, 520, 我被爸爸绑架了
06831054, 7.6, 840, 绑架游戏
26273543, 7.3, 1256, 黎明之街
24890744, 7.6, 788, 人为什么会淹死在沙漠里？
25754002, 6.8, 2650, 虚像小丑
06429267, 6.5, 4772, 美丽的凶器
26578484, 7.1, 1574, 世界上有趣的事太多
11615172, 7.3, 1106, 假面饭店
01723738, 8.4, 299, 雅典政制
26858577, 6.1, 10923, 少年的你，如此美丽
03170231, 7.9, 489, 時生
30276769, 6.8, 2345, 学生街的日子
19964966, 6.7, 2732, 侦探俱乐部
26273542, 7.5, 761, 杀人之门
06016230, 7.9, 460, Y先生的结局
26320595, 7.6, 647, 使命与魂的尽头
10816088, 7.8, 487, 誰殺了她
26613031, 7.3, 897, 黑笑小说
06073632, 8.1, 329, 1Q84
26599492, 7.3, 846, 毒笑小说
02286700, 7.5, 632, 幻夜
26257488, 7.6, 555, 空洞的十字架
23857303, 8.8, 166, 收获，不止Oracle
30448044, 7.2, 907, 侦探伽利略
26103854, 7.0, 1217, 布鲁特斯的心脏
01785095, 8.2, 264, 死神の精度
05938082, 8.3, 238, 陰摩羅鬼之瑕（下）
05938083, 8.1, 285, 陰摩羅鬼之瑕（上）
05290397, 6.3, 4141, 布谷鸟的蛋是谁的
27041318, 6.8, 1482, 伽利略的苦恼
30242333, 7.6, 471, 毒笑小说
04753978, 7.1, 904, 伽利略的苦恼
03277269, 8.3, 220, 秘密
25915129, 8.6, 166, 壹玖壹壹（软精装版）
11613224, 7.6, 449, 麒麟之翼
10794338, 7.0, 992, 脑男
26831080, 6.8, 1331, 变身（2016版）
26264953, 6.6, 1881, 天空之蜂
04248182, 7.7, 379, 名偵探的守則
04932572, 8.4, 186, 走出忧郁
04136529, 7.9, 301, 晚清有个袁世凯
04018047, 6.7, 1485, 畢業：雪月花殺人遊戲
25968493, 7.3, 576, 绑架游戏
30296025, 7.5, 443, 怪笑小说
25866559, 7.2, 644, 神探伽利略的苦恼
06314045, 6.2, 3542, 以眨眼干杯
05334355, 8.2, 199, 悪意
30433571, 7.0, 806, 预知梦
26890031, 9.3, 83, 白夜行
23010385, 6.1, 4051, 空中杀人现场
06539059, 9.5, 71, 流星の絆
26911126, 6.4, 2019, 那时的某人
25910860, 7.0, 728, 知日·向日本人学礼仪
30380271, 6.1, 3638, 危险的维纳斯
27037149, 6.3, 2350, 造彩虹的人
25712414, 8.7, 116, 新参者
06744643, 7.8, 259, 放學後(全)
30317421, 6.4, 1865, 禁断的魔术
03377092, 8.3, 156, 黒笑小説
06963584, 7.5, 340, 時生
26298560, 6.9, 730, 侦探俱乐部
01488490, 7.5, 326, 宿命
30488942, 6.8, 822, 天使之耳
30285335, 7.3, 403, 歪笑小说
26971148, 5.9, 4745, 风雪追击
01434340, 8.0, 186, 殺人之門
27181607, 6.9, 681, 白马山庄谜案
06952711, 8.3, 129, 生命之光
24717734, 7.6, 249, 黃雀記
30464974, 6.9, 596, 再见了，忍老师
26827564, 7.1, 439, 平行世界的愛情故事
26852367, 7.4, 301, 文具盒里的时空漫游
26276287, 7.1, 435, 鸟人计划
05912646, 9.0, 72, The Devotion of Suspect X
11533670, 8.2, 130, 前巷說百物語 〈上〉
27007486, 5.8, 4452, 恋爱的贡多拉
30242334, 7.2, 363, 黑笑小说
06069084, 7.5, 250, 德库拉
26301856, 7.7, 202, 黑色皮革手册
02259096, 7.8, 176, 写真集 白夜行
03134120, 8.4, 103, 拍案惊奇
05560532, 7.6, 209, 黑笑小說
25841847, 5.6, 6354, 疾风回旋曲
26103819, 6.3, 1236, 美丽的凶器
27028442, 7.2, 313, 你一定想知道的日本名词故事
21247901, 8.5, 89, 惡意
01364512, 7.5, 213, 偵探伽利略
27181606, 6.8, 503, 没有凶手的暗夜
02134075, 7.5, 204, HEADS變身
02971086, 7.9, 136, 狂骨之夢（上）
27163166, 6.2, 1286, 以眨眼干杯
04821061, 6.5, 694, 天使之耳
33455230, 6.2, 1172, 魔力的胎动
04074517, 7.3, 232, 伽利略的苦惱
01898829, 7.3, 222, 偵探伽利略
33446545, 7.1, 278, 天使之耳：交通警察之夜
03218499, 8.9, 57, รัก ลวง ตาย
03420316, 9.6, 38, 超・殺人事件―推理作家の苦悩
34662076, 6.6, 537, 绑架游戏
26291347, 8.0, 105, 歪笑小說
26413796, 8.5, 70, 希望之線
06742758, 6.8, 368, 在星巴克要买大杯咖啡
25831985, 7.3, 194, 再一個謊言
04249570, 6.8, 342, 日本获奖推理小说选
24720957, 5.7, 2470, 雪国之劫
06001371, 7.0, 257, 沙克传奇
30358478, 6.5, 510, 名侦探的咒缚
06853466, 8.3, 67, 东野圭吾精选集
03993357, 6.2, 715, 瀕死之眼
26422669, 7.9, 90, ナミヤ雑貨店の奇蹟
24699997, 7.3, 154, 我殺了他
27181611, 6.4, 490, 怪人们
27203432, 9.0, 40, 白夜行
25922662, 6.6, 341, 十字屋的小丑
26359740, 8.6, 50, Finders Keepers
24734456, 5.7, 1634, 破碎的时光
34799537, 6.3, 500, 11字谜案
10430745, 7.3, 135, 變身
26922986, 7.9, 78, 放學後
25864540, 7.3, 127, 虚ろな十字架
03215008, 7.9, 72, 探偵ガリレオ
27003133, 7.3, 122, S.C.I.謎案集 第二季 02
34786087, 6.1, 603, 布谷鸟的蛋
30270227, 7.1, 146, 白金数据
34807344, 6.3, 364, 雪国之劫
26878658, 8.7, 37, 祈りの幕が下りる時
03420308, 7.9, 63, 毒笑小説
33437510, 6.5, 267, 挑战
34778575, 7.3, 105, 魔球
25845551, 7.7, 73, 殺人奇面館
34449302, 6.9, 159, 科学？
03420314, 8.2, 49, 名探偵の掟
26683627, 7.1, 124, 假面飯店: 前夜
25776316, 6.5, 241, 谜一样的清明上河图
30259680, 7.8, 62, 禁忌的魔術
25832348, 8.6, 35, Journey Under the Midnight Sun
03317499, 7.7, 64, レイクサイド
26812658, 9.4, 22, Under the Midnight Sun
26378462, 5.9, 480, 白银杰克
20375529, 6.0, 381, 濒死之眼
03420310, 7.7, 53, 怪笑小説
27170349, 6.5, 167, 第十年的情人节
25968458, 5.8, 479, 濒死之眼
26644404, 7.0, 92, 人魚の眠る家
30316843, 8.4, 31, 沈黙のパレード
03420333, 7.0, 88, 卒業―雪月花殺人ゲーム
24719252, 8.2, 33, 真夏の方程式
04109360, 6.2, 205, 日本精彩推理小说选
20507503, 6.5, 135, 天空之蜂
10580257, 8.3, 29, 聖女の救済
10430747, 7.6, 46, 宿命
26438826, 7.6, 46, 惡意
03420287, 7.4, 53, 分身
04091111, 7.6, 45, 分身
01370047, 7.5, 46, 聖誕老婆婆
21248990, 8.1, 30, 東野圭吾ミステリー 快笑小説
27083939, 7.4, 46, 虛像的丑角
25713155, 5.4, 644, 侦探一上来就死了
03420292, 8.0, 30, どちらかが彼女を殺した
26961113, 6.1, 179, 濒死之眼
25761200, 6.7, 82, 名偵探的枷鎖
04882346, 7.7, 35, 狼廳
03245251, 7.5, 40, ガリレオの苦悩
04114646, 7.8, 32, 放課後
04838114, 7.5, 39, 夜行観覧車
25810156, 5.6, 341, 伊豆旅馆的神秘案
24878585, 7.3, 43, 祈りの幕が下りる時
30487091, 5.5, 402, 空中杀人现场
27068459, 6.6, 78, 白金數據
25727720, 6.4, 96, 杜鵑鳥的蛋是誰的
25703113, 7.7, 30, 爱+恨数学
07001559, 9.2, 14, The Devotion of Suspect X
06857736, 7.2, 43, マスカレード・ホテル
03114881, 7.1, 45, さまよう刃
11235811, 8.0, 24, Salvation of a Saint
03920569, 8.8, 16, 黒笑小説
30225642, 7.0, 48, 魔力的胎動
34662077, 6.5, 74, 濒死之眼
10482024, 6.1, 117, 以眨眼乾杯
26878946, 5.6, 236, 白银杰克
03420280, 7.5, 29, 変身
26668248, 6.1, 106, 东野圭吾在坏笑
03868214, 7.6, 26, 手紙
26340703, 7.0, 39, ラプラスの魔女
04717652, 7.5, 27, 放課後
26715395, 6.0, 108, 操縱彩虹的少年
03420459, 6.8, 45, 十字屋敷のピエロ
11629310, 7.7, 23, 别姬小姐系列
25748867, 8.8, 13, 書楼弔堂 破暁
25843359, 6.3, 70, 疾風迴旋曲
27205001, 7.0, 35, 戀愛纜車
03420243, 7.1, 32, 片想い
03420443, 7.2, 28, 仮面山荘殺人事件
34960352, 7.1, 30, 祈念之樹
25931590, 6.7, 41, マスカレード・イブ
04934677, 7.2, 27, 夜明けの街で
30341593, 7.3, 23, 假面飯店: 假面之夜
14644040, 7.3, 22, 禁断の魔術
02268797, 6.4, 44, 11文字の殺人
03612153, 7.5, 19, パラドックス13
26883461, 7.9, 15, 偵探伽利略（09年新版）
27665899, 6.4, 42, 第十年的情人節
03420318, 7.4, 19, ゲームの名は誘拐
04248221, 5.8, 76, 空中殺人現場
26291659, 6.4, 38, 瀕死之眼
03420441, 6.9, 25, ある閉ざされた雪の山荘で
30159553, 8.4, 11, 幻夜 下
03420429, 7.3, 19, 虹を操る少年
04749038, 7.8, 14, 使命と魂のリミット
04249871, 7.0, 22, 眠りの森
05288373, 7.2, 19, 白銀ジャック
22806577, 6.9, 23, プラチナデータ (バーズコミックス スペシャル) [コミック]
26276573, 6.4, 34, 同級生
02335253, 6.6, 28, 名探偵の呪縛
30159550, 8.4, 10, 幻夜 上
26858274, 5.9, 54, 冷酷的代課老師
26635626, 6.4, 32, 當年，我們就是一群蠢蛋！
03420402, 6.8, 23, 学生街の殺人
03102332, 7.3, 16, 天空の蜂
02300707, 7.2, 16, 使命と魂のリミット
03170247, 7.3, 15, 忌館～ホラー作家の棲む家
30204302, 6.4, 28, 沒有凶手的殺人夜
02213044, 7.4, 14, さまよう刃
03420435, 6.4, 27, 回廊亭殺人事件
06878333, 8.0, 10, ガリレオの苦悩
27592175, 6.5, 23, 當時的某人
02300471, 5.8, 40, ダイイング・アイ
03420458, 7.0, 14, ウインクで乾杯
30259682, 7.0, 14, 怪人們
03542874, 7.3, 11, 僕たちの好きな東野圭吾
03290941, 6.3, 19, おれは非情勤
27205000, 6.0, 24, 雪煙追逐
03420410, 6.7, 14, 殺人現場は雲の上
06532519, 6.5, 15, 鳥人計画
03420377, 6.7, 13, 犯人のいない殺人の夜
26438213, 4.4, 253, 梦回都灵
30471569, 6.5, 13, 空中殺人現場
03102349, 5.6, 26, 美しき凶器
26386195, 6.2, 15, 禁断の魔術
05333572, 6.1, 16, 浪花少年偵探團
26826973, 5.5, 26, 危険なビーナス
27181608, 4.3, 165, 梦回都灵
26874281, 6.4, 10, 恋のゴンドラ
25843067, 0.0, 10, 无字漫画2
04164694, 0.0, 12, 鳥人計画
