2020-07-05 16:00:08

number of books, tag name
169, 极权

ID, rating, votes, title
04820710, 9.3, 147874, 1984
01017143, 8.5, 200886, 不能承受的生命之轻
02143732, 8.8, 91250, 灿烂千阳
01858576, 9.3, 31339, 一九八四
03808982, 9.3, 27260, 动物庄园
05299764, 9.4, 20464, 1984
03239549, 9.2, 26755, 夹边沟记事
04742918, 8.3, 111159, 1Q84 BOOK 1
03815131, 9.4, 14561, 一九八四
01018136, 9.1, 21044, 动物庄园
04920007, 8.8, 31635, 不能承受的生命之轻
04908879, 9.4, 12172, 动物农场
03883991, 9.3, 9580, 动物农场
01321789, 8.7, 21102, 美丽新世界
25818441, 9.4, 7129, 1984
01424314, 9.4, 6419, 1984
26704403, 8.8, 13981, 二手时间
01077528, 8.8, 12561, 通往奴役之路
01041385, 9.2, 6982, 论美国的民主
03057556, 8.9, 10226, 狂热分子
01424313, 9.3, 5795, Animal Farm
23774518, 9.3, 5551, 1984
03315879, 8.6, 13534, 恶童日记
01255500, 9.2, 5540, 动物农场
04878745, 9.3, 4036, 动物农场
03111270, 9.4, 3182, 一九八四
26863404, 9.1, 4320, 美丽新世界
04099464, 9.3, 3033, 一九八四
01052828, 8.4, 10098, 玩笑
02213272, 9.4, 2578, 1984
01016486, 8.4, 9697, 笑忘录
01077492, 9.0, 3949, 大师和玛格丽特
02256351, 8.4, 9137, 乌合之众
01534951, 9.0, 3817, 逃避自由
05406563, 9.3, 2592, 一九八四
26728835, 9.4, 2308, 动物农场
01045466, 9.3, 2455, 一九八四
03442373, 8.5, 6080, 二人证据
04872919, 8.7, 4524, 美妙的新世界
03442377, 8.6, 5052, 第三谎言
20503529, 9.2, 2265, 古拉格：一部历史
26602467, 9.0, 2838, 我是女兵，也是女人
27113801, 8.3, 7277, 使女的故事
26394018, 9.3, 1870, 生活与命运
03154624, 9.3, 1848, 一九八四 动物农场
01468426, 8.7, 3634, 利维坦
03111269, 9.2, 1966, 动物农场
06097966, 8.0, 10277, 发条橙
25639223, 8.3, 6364, 身边的江湖
20395185, 9.3, 1751, 一九八四
01315844, 9.2, 1868, 古拉格群岛（上中下）
03101021, 8.7, 3195, 极权主义的起源
10945606, 8.3, 4996, 精益创业
25953571, 8.8, 2450, 耳语者
02063579, 9.3, 1362, 古拉格群岛（上中下）
02228707, 8.9, 2098, 癌症楼
23155678, 9.2, 1342, 1984
26834183, 8.6, 2575, 艾希曼在耶路撒冷
01003419, 9.1, 1390, 动物农庄
01434071, 7.9, 6634, 我们
22988752, 9.5, 885, 1984 动物农场
25773660, 9.3, 1017, 动物农场
01394254, 9.1, 1184, Animal Farm
04164096, 7.6, 8993, 饥饿游戏
07916069, 8.8, 1568, 被禁锢的头脑
04870150, 8.3, 2713, 44号孩子
10435653, 9.1, 904, 第三帝国的兴亡（上下册）
05299919, 8.7, 1345, 国王鞠躬，国王杀人
20273057, 9.0, 945, 象棋的故事
01076509, 9.2, 739, 变化社会中的政治秩序
26840828, 8.5, 1409, 古拉格之恋
25746689, 9.3, 599, 一九八四 （精装插图典藏版）
07047202, 9.4, 538, 一九八四
05417807, 7.5, 5696, 饥饿游戏2：燃烧的女孩
04212276, 8.5, 1336, 苏联的心灵
01321790, 8.1, 2049, 华氏451
26593670, 8.3, 1515, 天鹅绒监狱
03238339, 8.7, 914, 人以什么理由来记忆
26570629, 9.1, 602, 生存与命运
03662751, 8.7, 852, 公羊的节日
04913339, 8.8, 763, 1984
25854767, 9.4, 418, 动物庄园（插图纪念版）
01919879, 9.0, 563, 夜
30441006, 9.1, 418, 1984
26606366, 7.8, 1808, 布达佩斯往事
26378573, 9.2, 369, 经济人的末日：极权主义的起源
24738206, 9.2, 361, 曼德施塔姆夫人回忆录
06721231, 9.3, 322, 一九八四
03184542, 8.9, 438, 到奴役之路
26847517, 8.7, 529, 在缅甸寻找乔治·奥威尔
02364815, 8.5, 648, 伊凡·杰尼索维奇的一天
06265961, 7.0, 5563, 饥饿游戏3：嘲笑鸟
01084714, 8.1, 1000, 我们
26991064, 8.1, 999, 青年斯大林
04126252, 8.5, 617, 柏林墙
10546119, 8.3, 749, 弯曲的脊梁
11637051, 8.1, 889, 平壤水族馆
04940236, 8.7, 437, 日瓦戈医生
26675905, 8.8, 393, 统治与教育
04841640, 8.9, 336, 地下
26426511, 8.5, 468, 解读希特勒
01361931, 8.5, 442, 笑忘書
23860530, 9.4, 190, 动物农庄
03266831, 9.2, 220, Animal Farm
02064067, 7.6, 1107, 一个人
03741483, 8.0, 628, 大动乱的年代
06858576, 9.2, 193, 古拉格群岛
02084894, 8.8, 268, Brave New World
27181950, 7.8, 766, 浪潮
01376870, 9.3, 177, The Origins of Totalitarianism
02998520, 8.0, 554, 论小丑
26647895, 8.9, 218, 一切都在流动
04164054, 8.7, 257, 针尖上的天使
25723401, 8.4, 316, 第三帝国的语言
02353164, 9.1, 168, 俄国人（全两册）
06735584, 7.5, 857, 1985
10956502, 9.5, 123, 动物庄园(英文版)
01362212, 9.1, 164, 來自遠方的拷問
25710178, 8.5, 272, 情感堵塞
26821908, 8.9, 188, 朋友之间
01876856, 9.3, 133, The Road to Serfdom
26419441, 8.9, 173, 第三帝国的兴亡（上下册精装）
01444574, 8.0, 383, 当知识分子遇到政治
01026110, 9.1, 139, 第一圈（上下）
06435850, 9.0, 149, 一九八四
06833967, 7.6, 566, Why Nations Fail
01281779, 7.9, 348, 乌托邦
26294167, 8.8, 150, 敬愛的領袖
26974777, 9.2, 110, 1984
10761718, 8.3, 215, 苏北利亚
27154803, 7.7, 328, 大象
25751980, 7.4, 457, 他们以为他们是自由的
26535245, 8.8, 112, 被禁锢的头脑
01851215, 7.9, 245, 东方专制主义
01945141, 9.1, 88, 正午的黑暗
04912683, 7.9, 207, 极权制造
01552067, 9.4, 62, 生存与命运（上下）
11600041, 7.6, 265, 秘密演讲
02984324, 8.1, 143, 文明的解析
01939245, 8.4, 111, 美麗新世界
10491574, 7.6, 232, 这完美的一天
03397116, 8.3, 120, 纳粹上台前后我的生活回忆
26986006, 7.6, 229, On Tyranny
02128855, 8.7, 86, 苏共野史（上下）
01417648, 9.1, 65, One-Dimensional Man
02081974, 8.7, 81, 威尔历险记（全三册）
06714027, 8.6, 87, 一九八四 动物庄园
01281180, 7.5, 206, 《耶路撒冷的艾希曼》:伦理的现代困境
01776454, 9.1, 55, 生存与命运
02970187, 7.6, 165, 德意志问候
01492808, 7.6, 162, 鲁迅的最后十年
10473369, 8.4, 76, 爱这个世界
26269980, 7.2, 202, 沒有您，就沒有我們
01032800, 8.3, 62, 牛犊顶橡树
01273951, 7.7, 99, 斯大林秘闻
26907172, 7.5, 112, 莫扎特与纳粹
04854077, 8.8, 41, 成年礼
10863084, 8.5, 48, 逃避自由
06985260, 7.5, 82, 脑残
03822529, 8.6, 35, Thought Reform and the Psychology of Totalism
03199485, 8.1, 47, 極權主義
02342990, 9.5, 17, 1984
27055992, 9.5, 16, The Origins of Totalitarianism
18606623, 8.1, 16, 苏联那些人那些事
01825863, 8.4, 13, Homo Hierarchicus
24746888, 7.4, 18, 我们欢喜异常
27079008, 6.6, 29, Mobilizing without the Masses
01082850, 6.6, 13, 最高决策（上下）
01276358, 0.0, 11, 李锐其人
