2020-07-05 16:00:08

number of books, tag name
265, 极权主义

ID, rating, votes, title
06082808, 9.2, 294583, 百年孤独
04820710, 9.3, 147874, 1984
02567698, 8.8, 375316, 三体
02035179, 9.2, 90996, 动物农场
04908885, 9.0, 129285, 局外人
02143732, 8.8, 91250, 灿烂千阳
01858576, 9.3, 31339, 一九八四
03808982, 9.3, 27260, 动物庄园
05299764, 9.4, 20464, 1984
03239549, 9.2, 26755, 夹边沟记事
03815131, 9.4, 14561, 一九八四
01400705, 8.1, 134115, 情人
01012611, 8.2, 98210, 乌合之众
04920007, 8.8, 31635, 不能承受的生命之轻
03883991, 9.3, 9580, 动物农场
06397275, 8.9, 16343, 此生未完成
26704403, 8.8, 13981, 二手时间
01077528, 8.8, 12561, 通往奴役之路
03057556, 8.9, 10226, 狂热分子
01424313, 9.3, 5795, Animal Farm
01032063, 8.9, 8865, 旧制度与大革命
01431870, 9.0, 6972, 源泉
01962923, 8.6, 11344, 西班牙旅行笔记
04878745, 9.3, 4036, 动物农场
25798623, 9.3, 4030, 1984
02067269, 9.4, 3249, MONSTER-怪物-01
03111270, 9.4, 3182, 一九八四
03673651, 7.7, 39084, 岛
01467776, 8.4, 10724, 朗读者
03394338, 7.5, 55638, 他的国
04099464, 9.3, 3033, 一九八四
01052828, 8.4, 10098, 玩笑
25881102, 8.8, 5477, 独裁者手册
02213272, 9.4, 2578, 1984
05958726, 8.0, 18546, 质数的孤独
06534897, 9.3, 2809, 寻找家园（增订版）
01534951, 9.0, 3817, 逃避自由
26728835, 9.4, 2308, 动物农场
04240543, 9.5, 1983, 一九八四
01045466, 9.3, 2455, 一九八四
01872158, 8.2, 9682, 蝇王
05401989, 8.0, 13280, 自由在高处
04872919, 8.7, 4524, 美妙的新世界
20503529, 9.2, 2265, 古拉格：一部历史
26394018, 9.3, 1870, 生活与命运
11533585, 9.5, 1430, 动物庄园
05372471, 9.2, 1967, 党员、党权与党争
20395185, 9.3, 1751, 一九八四
26774038, 9.3, 1633, 1984
03101021, 8.7, 3195, 极权主义的起源
06509455, 9.3, 1520, 动物庄园
05214656, 9.3, 1453, 1984
01057197, 8.1, 6695, 无知
06953459, 9.2, 1572, 动物农庄
02063579, 9.3, 1362, 古拉格群岛（上中下）
02228707, 8.9, 2098, 癌症楼
01437488, 9.3, 1316, 群魔
04811917, 9.4, 1185, 一九八四
01396491, 9.1, 1559, 第三帝国的兴亡（全三册）
02344128, 9.2, 1350, 21世纪少年上
01125731, 8.8, 2122, 第三帝国的兴亡（上中下）
02981589, 8.7, 2292, 美妙的新世界
01434071, 7.9, 6634, 我们
26266067, 8.9, 1572, 重返美丽新世界
25773660, 9.3, 1017, 动物农场
03431988, 9.0, 1374, 人的境况
04827310, 8.8, 1622, “中间地带”的革命
07916069, 8.8, 1568, 被禁锢的头脑
04870150, 8.3, 2713, 44号孩子
01754836, 8.8, 1320, 向加泰罗尼亚致敬
02304817, 8.6, 1529, 资本论
05245529, 7.7, 5279, 1Q84 BOOK 3
26840828, 8.5, 1409, 古拉格之恋
07047202, 9.4, 538, 一九八四
05417807, 7.5, 5696, 饥饿游戏2：燃烧的女孩
01449451, 8.4, 1511, 为了告别的聚会
04212276, 8.5, 1336, 苏联的心灵
01810944, 8.7, 1052, 启蒙辩证法
26593670, 8.3, 1515, 天鹅绒监狱
11605940, 8.5, 1167, 倒转红轮
03238339, 8.7, 914, 人以什么理由来记忆
01056917, 8.8, 750, 十诫
27085641, 8.3, 1261, 邻人
01828292, 8.8, 706, 黑暗时代的人们
25869117, 8.5, 962, 失败的帝国
01919879, 9.0, 563, 夜
01939242, 9.4, 374, 1984
06771942, 9.3, 404, 1984
05380072, 8.3, 1010, 思想与乡愁
25795767, 8.7, 624, 极端的年代：1914～1991
26378573, 9.2, 369, 经济人的末日：极权主义的起源
06157548, 7.5, 2655, 房间里的大象
01084714, 8.1, 1000, 我们
20462932, 7.8, 1423, 我们
10546119, 8.3, 749, 弯曲的脊梁
01190181, 8.4, 651, 国家的视角
26436285, 8.4, 631, 布拉格精神
05994671, 9.4, 239, 1984
26675905, 8.8, 393, 统治与教育
01903698, 9.4, 230, 中午的黑暗
01915837, 8.7, 421, 玩笑
01002437, 9.0, 315, 癌症楼
01243015, 9.0, 297, 英语词缀与英语派生词
02308525, 8.5, 433, 论法的精神
02044009, 9.1, 245, 古拉格群岛(上册)
04828875, 8.6, 379, Python Cookbook
01427824, 8.8, 312, 无政府、国家与乌托邦
05264477, 8.2, 569, 心兽
01864292, 9.3, 190, Eichmann in Jerusalem
25983294, 8.5, 377, 极权主义的起源
34834133, 8.8, 276, 无泪而泣
06858576, 9.2, 193, 古拉格群岛
01376870, 9.3, 177, The Origins of Totalitarianism
26577706, 7.6, 939, 档案
04317736, 9.3, 165, 怎么办
26749915, 9.8, 115, 一九八四
02146422, 9.1, 189, 大师和玛格丽特
26647895, 8.9, 218, 一切都在流动
25891097, 9.0, 197, 动物农场
01321541, 8.5, 300, 异端的权利
06743308, 8.9, 201, 捍卫记忆
01963501, 9.4, 135, 不可思议的剖面
06124314, 8.0, 469, 皇帝
02353164, 9.1, 168, 俄国人（全两册）
06735584, 7.5, 857, 1985
01059110, 8.8, 200, 奥威尔经典文集
04226362, 8.6, 233, 哲学船事件
01466764, 8.1, 367, 我们
01026534, 8.4, 268, 布拉格精神
01467971, 8.7, 204, 美丽新世界
04711072, 8.4, 266, 无命运的人生
26435352, 9.0, 158, 动物农场
06744666, 8.8, 182, 纳粹德国
03287536, 7.7, 522, 回归
04229633, 7.9, 412, 奥斯卡·瓦奥短暂而奇妙的一生
01459071, 8.6, 206, 手提箱
01898651, 8.2, 297, 民主和专制的社会起源
04742475, 8.5, 223, 凿空
26838224, 8.6, 199, 排队
01865715, 9.3, 100, Social Origins of Dictatorship and Democracy
26265940, 8.6, 163, 寒星下的布拉格
25804571, 8.6, 161, 儿子，你要活下去
25728153, 8.2, 229, 民主德国的秘密读者
02156302, 9.0, 116, 布拉格之春
04832486, 8.3, 204, 红轮（第一卷 全三册）
03003524, 7.7, 357, 通往比傻帝国
04894618, 9.2, 95, 苏联检察院对5810例反苏维埃鼓动宣传活动案件的司法复查
01877650, 8.5, 158, 政治与英语
19982595, 9.4, 79, 纳粹德国
25751980, 7.4, 457, 他们以为他们是自由的
03210969, 7.9, 256, 阿伦特为什么重要
03040291, 9.8, 60, 古拉格群岛(下册)
02157039, 7.7, 306, 延安日常生活中的历史
26535245, 8.8, 112, 被禁锢的头脑
01851215, 7.9, 245, 东方专制主义
03815684, 7.9, 243, 梦幻宫殿
01659807, 8.2, 179, 大动乱的年代
03040287, 9.8, 56, 古拉格群岛(中册)
34986715, 9.2, 73, 东西街
30354867, 8.3, 141, 客居己乡
04325052, 9.5, 58, 权力学
34997980, 8.7, 97, 耶路撒冷之前的艾希曼
01870326, 8.2, 135, 苏菲的抉择
01222060, 8.5, 105, 从苏联归来
02138706, 8.0, 157, 我們
24371683, 9.0, 71, 一九八四
02128855, 8.7, 86, 苏共野史（上下）
06428469, 8.0, 151, 非常与正常
24529225, 7.7, 197, 从莫斯科到古拉格
03552732, 8.3, 114, 蘇聯是社會主義國家嗎
01757277, 8.6, 89, 伊凡·杰尼索维奇的一天
04011409, 7.6, 209, 阿伦特与海德格尔
02081974, 8.7, 81, 威尔历险记（全三册）
02568280, 7.2, 324, 希特勒万岁，猪死了！
24527595, 8.2, 117, 大明王朝的七张面孔
03250213, 9.1, 61, Two Concepts of Liberty
04239120, 8.1, 126, 饥荒与政治
01159063, 8.6, 84, 赫鲁晓夫回忆录
02988927, 7.6, 196, 黑暗时期三女哲
10734394, 9.2, 55, 1984.动物庄园
25697801, 8.3, 102, 面包屑山
27060615, 7.9, 141, 德国人的战争
01281180, 7.5, 206, 《耶路撒冷的艾希曼》:伦理的现代困境
02301161, 8.5, 83, 蘇俄在中國
04895828, 8.5, 78, 不合时宜的思想
01140492, 7.8, 138, 奥威尔传
01088681, 8.1, 102, 我快乐的早晨
30238533, 8.1, 100, 历史与记忆中的第三帝国
26265843, 8.4, 78, 我的疯狂世纪
25985416, 7.9, 114, 我们
06800511, 8.0, 103, 希特勒的心态
20516492, 8.1, 90, 希特勒的十字架
01085498, 8.4, 71, 左琴科幽默讽刺作品集
26409450, 7.8, 115, 回到苏联
26803000, 8.3, 75, 希特勒传
26916664, 9.3, 39, 1984
01220700, 7.9, 100, 苏联的最后一年
01945390, 7.8, 109, 法西斯主义群众心理学
03063033, 7.7, 111, 鲁豫有约·名门
02328345, 9.3, 36, 狱中书简：致亲爱的奥尔嘉
03205416, 8.6, 52, 伽莫夫自传
30302110, 8.9, 43, 奥斯维辛的药剂师
01550703, 8.2, 66, 恐怖的法官
03266471, 8.9, 40, 谁是疯子
06084773, 8.1, 66, 红轮（第二卷 全三册）
01397458, 7.2, 138, 有人说过集权主义吗？
01866468, 8.3, 54, 一杯苦酒
27625616, 7.6, 86, 战争的面目
01779442, 8.6, 40, The Road to Serfdom
01597377, 8.7, 37, 阿伦特
01812132, 8.7, 36, 让我们坠入诱惑
02051507, 9.7, 21, Men in Dark Times
01792507, 7.6, 73, 阿伦特
03822529, 8.6, 35, Thought Reform and the Psychology of Totalism
33658037, 8.5, 36, 奥威尔难题
02224918, 8.3, 40, 智取威虎山
33418533, 7.7, 60, 反自由的自由
06424661, 7.4, 71, 中国漫长的一年
01767313, 8.7, 29, 民间书信
01146074, 7.5, 63, 极权主义民主的起源
04009793, 9.5, 19, 知识分子的鸦片
03040283, 8.0, 42, 伊凡・杰尼索维奇的一天
03814266, 7.3, 72, 居辽同志兴衰记
01426849, 8.1, 39, 我们 在那遥远的地方
34996964, 8.2, 36, 纳粹掌权
02984656, 7.8, 47, 幸存者手记
01057912, 9.4, 18, 动物庄园
03820690, 9.4, 18, Nationalist Mobilization and the Collapse of the Soviet State
06808647, 9.4, 18, The Rise and Fall of the Third Reich
27055864, 8.5, 26, 美丽新世界的美德与见识
26348593, 7.4, 54, HHhH
02470142, 8.8, 22, Kolyma Tales
05419158, 8.8, 22, 暴力与社会秩序
05406381, 8.4, 27, 极权主义民主的起源
01458474, 8.3, 28, Communist Neo-traditionalism
26641653, 7.2, 58, 接班人
01109721, 7.3, 53, 斯大林（上中下）
03184142, 9.1, 17, New Class
01907397, 7.2, 48, 苏联秘密警察
03072398, 8.0, 26, 帝国主义
05989195, 8.1, 24, 死亡考試
03689200, 7.0, 52, 政治与构想
10752100, 9.1, 14, The Impossible State
01251841, 8.2, 21, 俄国社会思想史（第二卷）
27076776, 7.3, 37, 希特勒的世界
01947739, 9.4, 12, Max Weber and German Politics
04265841, 7.5, 30, 性革命
06718245, 7.1, 37, 作为革命者的斯大林
26971659, 8.6, 15, Red Famine
03182375, 8.0, 20, 郭松龄反奉见闻
01135050, 8.0, 19, 俄国社会思想史（第三卷）
04146291, 6.6, 50, 中国力
02837458, 7.4, 21, Totalitarian and Authoritarian Regimes
25811464, 6.8, 31, 古拉格群岛第一岛
01961414, 7.6, 18, 警犬挽歌
02158562, 5.2, 203, 社会主义中国不容诬蔑
26276887, 6.8, 28, 我的金饭碗
01620418, 8.4, 11, 马克思恩格斯列宁斯大林论文艺
25752184, 7.5, 15, Tyranny of the Weak
10808840, 6.5, 20, 延安曾经是天堂
04018304, 5.3, 48, 绿皮书
01843681, 3.7, 85, 怎样当记者
03396668, 0.0, 10, 1984 Nineteen Eighty-Four
34942520, 0.0, 10, 黑暗降临
05396556, 0.0, 333, 極權的誘惑
