2020-07-05 16:00:08

number of books, tag name
113, 林达

ID, rating, votes, title
01200840, 9.0, 251392, 平凡的世界（全三部）
01082154, 9.1, 190798, 活着
20427187, 8.8, 276233, 看见
01003479, 9.2, 43014, 中国历代政治得失
04011670, 8.3, 189107, 人间失格
03369793, 8.6, 102483, 亲爱的安德烈
01027191, 9.0, 36518, 历史深处的忧虑
03813669, 8.6, 69122, 民主的细节
02035171, 9.0, 20028, 人生的枷锁
01476651, 9.0, 17668, 社会心理学
01529893, 8.0, 90410, 莲花
03609132, 8.4, 35481, 把时间当作朋友
01014825, 9.0, 13040, 我也有一个梦想
01056315, 8.8, 17439, 总统是靠不住的
01001885, 8.5, 21774, 带一本书去巴黎
01762869, 8.9, 9778, 如彗星划过夜空
01144185, 9.1, 6744, 美国宪政历程
01962923, 8.6, 11344, 西班牙旅行笔记
05990251, 8.5, 12901, 西藏生死书
02282097, 8.8, 6330, 像自由一样美丽
05502995, 7.6, 44665, 1Q84 BOOK 3
02082194, 8.2, 14360, 小时候
01907199, 8.6, 6902, 扫起落叶好过冬
10439064, 8.9, 4011, 发现之旅
01076378, 9.1, 2989, 传统十论
02143304, 8.1, 12309, 我爱问连岳
26163454, 8.9, 3677, 数学之美 （第二版）
03010130, 7.7, 21790, 悲观主义的花朵
02381950, 8.8, 3719, 论摄影
25708714, 8.9, 3068, 历史深处的忧虑
01291211, 8.6, 4472, 干校六记
05366278, 7.9, 12255, 走吧，张小砚
01061029, 8.8, 2954, 杜尚访谈录
06430022, 8.6, 3355, 一路走来一路读 （增补本）
04882159, 7.6, 14777, 橘子不是唯一的水果
01050175, 8.1, 5972, 赫逊河畔谈中国历史
01010888, 8.4, 3615, 一路走来一路读
24540864, 6.9, 55198, 第七天
01397467, 7.9, 6305, 理智与情感
02051332, 8.3, 3309, 解读基金
06878212, 7.9, 5914, 一个村庄里的中国
25808056, 8.0, 4655, 纸牌屋
25719513, 8.7, 1620, 西班牙旅行笔记
25942507, 7.5, 9419, 参与感
03439437, 7.7, 6278, 阿修罗
01583288, 8.1, 2979, Twilight
25661780, 8.6, 1384, 总统是靠不住的（近距离看美国之二，林达作品系列）
25661779, 8.9, 950, 我也有一个梦想
25708708, 9.0, 822, 如彗星划过夜空
01064271, 8.0, 2640, 多余的素材
01400703, 8.3, 1755, 劳儿之劫
03298988, 8.5, 1363, 直视骄阳
04920062, 7.3, 7483, 别跟我说你懂日本
10770743, 9.5, 435, 林达作品集（全九册)
04920037, 6.9, 14303, 临界·爵迹 I
05375571, 7.6, 3691, 大漠苍狼
19943857, 8.3, 1283, 动物凶猛
03310808, 9.2, 488, 九三年
25748016, 8.8, 619, 带一本书去巴黎
26696539, 9.3, 384, 历史深处的忧虑
24841290, 8.3, 1048, 美国最高法院通识读本
01253244, 8.6, 700, 好兵帅克历险记
10799984, 7.4, 3480, 大数据
25887839, 8.1, 1229, 历史在你我身边
20411692, 8.7, 605, 隐秘的知识
25726145, 8.5, 686, 一路走来一路读
02044609, 8.5, 466, 上海老味道
04849378, 8.7, 370, 世界
06751045, 8.2, 620, Wabi-Sabi
01073068, 8.1, 631, 在边缘看世界
01664844, 8.7, 298, 国外建筑设计详图图集16隈研吾/建筑构造细部
25748014, 8.4, 359, 扫起落叶好过冬（第二版）
26597441, 8.7, 231, 像自由一样美丽
26845608, 9.4, 130, 我也有一个梦想
26845607, 9.3, 137, 如彗星划过夜空
02042908, 7.9, 439, 吾讲斯美
24885007, 8.5, 238, 食物与厨艺
05255695, 7.8, 464, 寻找韩国之美的旅行
25718213, 8.7, 186, 像自由一样美丽
26683416, 9.4, 98, 西班牙旅行笔记
02365744, 7.7, 418, 无轨列车
26698058, 8.6, 170, 总统是靠不住的
25962890, 7.4, 553, 我愿生命从容
01148767, 8.0, 261, 汉娜的手提箱
25733969, 8.1, 234, 蹉跎坡旧事
01088079, 8.6, 148, 黑色的春天
02025782, 7.4, 470, 春怨
25739280, 7.3, 473, 逍遥法外
01313160, 7.7, 253, 美国草根政治日记
01159373, 7.1, 509, 产品经理的第一本书
25953851, 7.5, 249, 深入分析Java Web技术内幕（修订版）
20442103, 8.2, 116, 章服之实
04908013, 8.3, 103, 极端的年代
19977899, 8.7, 71, 世界舞台上的政治
01149722, 8.2, 96, 克拉拉的战争
26706901, 8.4, 73, 带一本书去巴黎
26341426, 8.0, 91, 世界：半个世纪的行走与书写
26708081, 8.7, 51, 像自由一样美丽
03150705, 7.9, 90, 還好，我們生了兩個孩子
26682476, 9.7, 28, 林达作品集
20497211, 7.4, 129, 嫤語書年3·情絆帝業
10344930, 6.8, 249, 社交网站的数据挖掘与分析
26701756, 8.0, 67, 扫起落叶好过冬
04884850, 6.7, 243, 行走台湾II
01228033, 7.5, 92, 一本书和一个世界
01393324, 7.2, 122, 帝国晚期的江南城市
34451076, 8.4, 39, 历史深处的忧虑
01149481, 7.9, 53, 盖比橱柜的秘密
25862234, 7.8, 52, 爱，不停炖
24851458, 8.3, 29, 神秘日志·古希腊之谜
01052941, 7.2, 38, 说谎:你所不知道的一切
22994504, 7.3, 30, 米红
01425909, 0.0, 11, 大国心路
