2020-07-05 16:00:08

number of books, tag name
793, 欧洲

ID, rating, votes, title
01043008, 9.0, 69498, 格林童话全集
02035162, 9.0, 55001, 刀锋
01858576, 9.3, 31339, 一九八四
04123116, 9.1, 38127, 月亮和六便士
02284311, 8.8, 37681, 苏菲的世界
24257229, 9.1, 22334, 鼠疫
01013380, 8.2, 107433, 茶花女
01012611, 8.2, 98210, 乌合之众
27104959, 8.7, 34371, 离开的，留下的
01292416, 8.5, 36286, 香水
01213546, 8.4, 40967, 变形记
01159939, 8.6, 24423, 一个陌生女子的来信
01062343, 9.2, 9840, 昨日的世界
01083762, 8.7, 20484, 人类的群星闪耀时
05366248, 8.2, 44292, 你一定爱读的极简欧洲史
01001885, 8.5, 21774, 带一本书去巴黎
02158684, 9.1, 8595, 象棋的故事
01060774, 8.7, 14597, 君主论
10763902, 7.7, 87528, 偷影子的人
03136255, 8.8, 11209, 一个陌生女人的来信
11584574, 8.6, 13973, 万物静默如谜
04238162, 9.4, 4307, 昨日的世界
01060117, 8.6, 12455, 不朽
01081422, 9.0, 5903, 卡夫卡小说全集（全三册）
01917078, 8.6, 10191, 风之影
25891318, 9.0, 5495, 1453
20441569, 9.3, 3513, 被淹没和被拯救的
27029890, 8.0, 22478, 外婆的道歉信
01054889, 7.7, 26356, 行者无疆
25891321, 9.0, 3229, 海洋帝国
01063796, 8.7, 4691, 小说的艺术
03442373, 8.5, 6080, 二人证据
02146279, 9.0, 3070, 心灵的焦灼
26580084, 8.6, 5118, 烛烬
02326273, 8.9, 3274, 欧洲中世纪史
27615361, 9.5, 1582, 昨日的世界
01088418, 9.1, 2398, 死屋手记
26354440, 9.0, 2518, 野蛮大陆
01946658, 8.2, 7280, 啤酒谋杀案
27131538, 8.6, 3978, 白天的房子，夜晚的房子
25777432, 9.1, 2074, 罗马人的故事（礼品装，全15册）
26296352, 8.9, 2628, 财富之城
26708306, 8.6, 3746, 北欧，冰与火之地的寻真之旅
26276743, 8.6, 3415, 金雀花王朝
06126821, 8.4, 4311, 远方的鼓声
01070685, 8.1, 6566, 永远的普罗旺斯
33385402, 8.1, 6415, 事实
01036787, 9.2, 1458, 昨日的世界
34617780, 9.2, 1387, 鸟瞰古文明
01041414, 8.6, 2739, 威尼斯日记
26649304, 8.9, 1871, 一个无政府主义者的意外死亡
05916234, 7.6, 12697, 番茄工作法图解
01868698, 8.4, 3440, 为什么读经典
26577690, 8.5, 2863, 伪装成独白的爱情
01373788, 8.4, 3058, 玩偶之家
10485026, 9.1, 1224, 特朗斯特罗姆诗歌全集
21267489, 9.2, 1084, 加德纳艺术通史
01065142, 8.5, 2412, 欧洲文明十五讲
01060723, 8.0, 4399, 重返普罗旺斯
11539568, 8.7, 1677, 变形记
05407295, 9.3, 855, 悲惨世界（上下）
25899496, 8.8, 1447, 1453：君士坦丁堡的陷落
04714018, 7.5, 8309, 青春咖啡馆
25905706, 8.2, 2706, 高尔夫球场命案
21363162, 9.3, 736, 詹森艺术史（插图第7版）
25752592, 8.9, 1111, 从黎明到衰落（上下）
01024785, 9.1, 886, 西方现代思想史
26901940, 8.7, 1312, 征服者
01982096, 8.3, 2034, 关于来洛尼亚王国的十三个童话故事
01785512, 8.3, 2022, 漫卷西风
30318719, 8.4, 1713, 电幻国度
33408126, 9.2, 704, 征服与革命中的阿拉伯人
05283663, 8.4, 1678, 另一个波琳家的女孩
30258604, 8.9, 934, 八月炮火
30346652, 9.7, 436, 基督山伯爵
27172829, 8.6, 1269, 无敌舰队
34928222, 9.4, 542, 第三帝国的到来
26906382, 8.9, 885, 黑猫侦探 4：缄默地狱
01785508, 8.2, 1995, 今晚去哪里
05388095, 8.5, 1354, 三个火枪手
34970385, 8.2, 1962, 鞋带
34948951, 7.9, 2924, 大话西方艺术史
01232571, 9.2, 621, 哲学研究
30203779, 8.6, 1108, 空王冠
25875828, 8.9, 761, 玫瑰的名字
01044499, 9.2, 559, 菲利普二世时代的地中海和地中海世界（上下卷）
26335337, 9.2, 543, 昨日世界
27067973, 9.4, 439, 昨日世界
01017860, 8.2, 1555, 木已成舟
19912128, 8.5, 1070, 罗马人的故事8
27184989, 9.1, 552, 企鹅欧洲史·地狱之行
34808267, 8.2, 1484, 萨拉戈萨手稿
01785502, 7.9, 2219, 咖啡苦不苦
01009891, 8.6, 909, 公共领域的结构转型
26905142, 8.9, 648, 罗马帝国的陨落
25771588, 9.4, 401, 逻辑哲学论
26792404, 8.8, 705, 精神分析引论
27009488, 7.7, 2814, 财务自由之路
02381093, 7.4, 4383, 一辈子做女孩
27055137, 8.9, 610, 地中海史诗三部曲
26325605, 8.4, 1044, 威尼斯日记
06808160, 8.6, 821, 行者无疆
04212245, 8.4, 1014, 别想摆脱书
30297216, 9.0, 518, 克里米亚战争
01017334, 8.9, 565, 没有个性的人
26639302, 9.0, 497, 世界的演变
30390667, 8.9, 537, 奥斯特利茨
25894807, 9.6, 287, 西方文明中的音乐
26266156, 8.7, 640, 龙文身的女孩
26480625, 8.1, 1272, 午夜降临前抵达
03525645, 7.9, 1617, 蒙元入侵前夜的中国日常生活
01853552, 8.5, 770, 中世纪的城市
03933045, 8.7, 621, 旅途上的建筑
25943374, 8.6, 689, 沿着塞纳河到翡冷翠
30321026, 8.4, 843, 修道院纪事
30203737, 8.6, 671, 鞑靼人沙漠
25781009, 9.2, 366, 反乌托邦三部曲
04189598, 8.8, 524, 战后欧洲史
26667007, 9.0, 418, 思虑20世纪
26682066, 8.4, 763, 我的奋斗1
26545313, 8.0, 1226, 文艺复兴的故事01：文艺复兴是什么
34912617, 8.5, 675, 动物帝国
03464443, 8.0, 1214, 剑桥艺术史：中世纪艺术
24879961, 8.9, 440, 悲剧的诞生
26802226, 8.7, 530, 拿破仑大帝
26897748, 8.1, 1028, 维京传奇
30199056, 8.2, 904, 铁道之旅
01138452, 8.5, 642, 意大利文艺复兴时期的文化
26701098, 9.0, 371, 骄傲之塔
30397063, 8.2, 844, 被涂污的鸟
01864886, 8.6, 535, 欧洲
26929967, 8.0, 1049, 拜占庭帝国
30234331, 8.4, 654, 你一定爱读的极简欧洲史（增订纪念版）
27593408, 8.3, 719, 寡头
30257756, 8.8, 426, 阳台
27598734, 8.7, 446, 审问欧洲
25924103, 8.5, 544, 《战后欧洲史》套装（全四卷）
27078977, 8.4, 590, 十字军的故事（全四册）
01042580, 8.7, 433, 意大利古建筑散记
26972277, 7.3, 2542, 寻找时间的人
27608147, 7.9, 1052, 我曾这样寂寞生活
26686622, 8.3, 644, 滑铁卢
34869787, 8.6, 464, 独居冰岛的一年
04582325, 7.5, 1766, 窥视欧洲
30154591, 8.3, 629, 黑猫侦探5：阿马里洛
03320907, 8.2, 702, 追踪1789法国大革命
04145560, 8.4, 559, 巴黎城记
01027343, 7.5, 1744, 窥看欧洲
30354900, 9.5, 206, 德国
06808159, 8.0, 879, 千年一叹
01636374, 8.2, 688, 人类的群星闪耀时
05296632, 8.8, 366, The Shortest History of Europe
01094540, 8.8, 363, 神祇·坟墓·学者
26646633, 8.4, 537, 高窗
25793952, 9.1, 274, 卡夫卡小说全集（全3卷）
03092871, 8.2, 660, 欧洲：一堂丰富的人文课
03591140, 7.5, 1627, 柏棺
27624429, 9.2, 249, 历史
30426749, 8.8, 349, 皇帝圆舞曲
01864891, 8.7, 382, 德国
30358510, 8.4, 515, 重逢
25857922, 8.0, 805, 罗马灭亡后的地中海世界（上下册）
06990290, 8.5, 447, 西欧中世纪史
04909058, 8.4, 488, 你一定愛讀的極簡歐洲史
04145391, 9.2, 232, 第三共和国的崩溃
01035926, 8.1, 676, 今晚去哪里？
03729665, 8.3, 522, 欧洲同性恋史
01852591, 8.4, 466, 君王论
27026379, 7.8, 922, 黎明破晓的世界
02974194, 8.9, 285, 加德纳世界艺术史
25909032, 8.5, 411, 战后欧洲史 01：旧欧洲的终结（1945-1953）
26716508, 9.2, 219, 国家与革命
26646578, 8.1, 629, 文艺复兴的故事02：我的朋友马基雅维利——佛罗伦萨的兴亡
01963430, 8.7, 336, 欧洲思想史
01032736, 7.8, 894, 咖啡苦不苦？
34787207, 9.2, 214, 两个人的车站
30389693, 8.9, 267, 有一个地方叫夏
26829485, 7.3, 1699, 奇特的一生
27031979, 9.4, 176, 极端的年代：1914—1991
04920107, 8.1, 580, 奥斯曼帝国闲史
30322990, 9.2, 202, 拜占庭帝国史
26258900, 8.4, 413, 俄国与拿破仑的决战
25861368, 8.1, 568, 广岛之恋
01093295, 8.9, 253, 欧洲在发酵
06002242, 8.9, 253, 现代性的哲学话语
25910855, 8.4, 403, 论欧洲
02248275, 8.2, 497, 去年在马里安巴
05264468, 7.7, 886, 东西莫辨逛欧洲
26916895, 8.9, 248, 阅读计划：小王子
25956658, 8.6, 324, 风景中的少年
01936435, 8.2, 485, 法国
34431931, 9.1, 207, 树上的男爵
27912251, 9.6, 142, 昨日的世界
30198530, 8.6, 313, 王朝物语
04010963, 8.2, 462, 飙车
25909033, 8.8, 254, 战后欧洲史02：繁荣与革命（1953-1971）
10540006, 8.5, 333, 危险的关系
02280231, 9.1, 196, 欧洲中世纪简史
01061684, 9.0, 210, 罗马史（下卷）
10561232, 7.8, 704, 时光里的欧洲
01480999, 8.9, 225, 蒙塔尤
02367267, 8.9, 223, 西洋史
01870639, 8.3, 389, 肉体与石头
30316947, 8.2, 427, 图说西方建筑简史
34857213, 8.2, 426, 亲密陷阱
30362495, 8.7, 258, 企鹅欧洲史·追逐荣耀
27034392, 8.2, 416, 第三个警察
25825210, 8.7, 253, 世界之灰
27093323, 8.1, 454, 百年战争简史
30347176, 8.7, 251, 企鹅欧洲史·竞逐权力
01048669, 8.3, 363, 漫画法国
26871064, 7.5, 930, 美第奇家族的兴衰
27085707, 8.6, 271, 战败者
01936433, 8.2, 400, 俄罗斯
34993195, 9.4, 141, 我会在六月六十日回来
01028415, 8.8, 222, 羊脂球
01666611, 8.5, 290, 尤利西斯（上下）
04201719, 8.8, 221, 西洋史
01157293, 8.2, 383, 原始思维
30186006, 8.6, 258, 俾斯麦
26899544, 7.5, 861, 慕尼黑的清真寺
25795535, 9.2, 151, 十九世纪欧洲艺术史
06559258, 7.9, 501, 西方将主宰多久
30312128, 7.7, 631, 企鹅欧洲史·古典欧洲的诞生
26451393, 8.7, 222, 独角兽
26429888, 8.6, 241, 动物的朋友圈
27186786, 8.7, 219, 缔造和平
30194494, 8.7, 219, 欧洲与没有历史的人
02379023, 7.9, 486, 欧陆传奇食材
26929841, 7.6, 695, 诺曼风云
25900969, 8.7, 213, 战后欧洲史 03：大衰退（1971—1989）
26923543, 8.7, 212, 现代欧洲史（全6卷）
26839527, 8.5, 252, 西班牙内战
26983915, 8.2, 331, 欧洲之门
27098956, 8.8, 190, 我未尽的苦难
03056879, 8.6, 224, 西班牙
34661985, 9.0, 160, 仁慈的关系
26831765, 8.4, 268, 远方之镜
06871026, 7.6, 643, 在欧洲，逛市集
30438868, 9.0, 159, 1848
30222411, 8.3, 289, “艺术”
04882056, 7.8, 492, 为什么是欧洲？
30240975, 8.1, 349, 燃烧的远征
01481948, 8.8, 180, 欧洲近代早期的大众文化
34661933, 8.0, 381, 罗马阳台 世间的每一个清晨
02277061, 9.0, 152, 刀锋
02248274, 7.7, 531, 橡皮
01322136, 9.3, 121, 奇想联翩的绅士堂吉诃德·德·拉曼恰（上下）
10564059, 9.3, 121, 哈姆莱特
25887999, 7.7, 526, 欧罗巴英雄记
01388900, 8.4, 250, Neither Here
01883148, 9.0, 150, 现代君主论
01037070, 7.0, 1380, 欧洲史
30262775, 8.2, 299, 春之祭
25852927, 8.5, 224, 玻璃球游戏
27025722, 8.1, 327, 最后的十字军东征
27015659, 9.1, 136, 德国人和他们的神话
30466222, 8.2, 294, 不识字的人
01275318, 8.4, 241, 革命的年代
33387414, 8.6, 201, 奥斯曼帝国
30328938, 8.5, 219, 古罗马的日常生活
26751893, 7.6, 566, 哈布斯堡的灭亡
26702291, 9.1, 134, 欧洲现代史
30325888, 8.6, 197, 金色天国
04173412, 8.3, 256, 德国历史中的文化诱惑
01420498, 8.7, 179, 图说西洋甲胄武器事典
25966771, 8.0, 345, 如此苍白的心
20406641, 7.9, 377, 法国通史
01038143, 8.4, 227, 欧洲文化史（上下）
05260150, 7.8, 416, 燃烧的心
30259504, 8.2, 271, 伟大的海
30312125, 8.3, 246, 企鹅欧洲史·基督教欧洲的巨变
27119947, 8.8, 157, 布汶的星期天
27598520, 8.6, 184, 里卡尔多·雷耶斯离世那年
30325881, 8.7, 168, 修道圣所
01089405, 8.9, 143, 中世纪晚期欧洲经济社会史
26683416, 9.4, 98, 西班牙旅行笔记
26285636, 8.5, 194, 似是都柏林
33417161, 8.3, 232, 企鹅欧洲史·罗马帝国的遗产
01227901, 7.9, 344, 剑桥插图古希腊史
27034396, 8.3, 226, 双鸟渡
26104025, 8.4, 204, 启蒙时代（上）
27044555, 7.9, 333, 哈布斯堡王朝
01311733, 8.7, 157, 帝国的年代
30328453, 7.5, 527, 财务自由之路. Ⅱ
27065971, 8.8, 143, 拥抱
24749448, 7.9, 327, 世界文学名著典藏·查泰莱夫人的情人
24739617, 8.5, 181, 苔蕾丝·德斯盖鲁
21268040, 8.8, 140, 竞逐富强
25953929, 7.4, 573, 一战简史
24533463, 7.8, 352, 拜占庭帝国通史
30312369, 9.3, 96, 法兰西组曲
01959107, 7.8, 346, 走进一座大教堂
26878476, 8.6, 160, 何为封建主义
04189946, 8.3, 207, 合法化危机
26907955, 8.6, 158, 西班牙内战
02027873, 7.8, 338, 伏尔泰的椰子
30247619, 7.4, 527, 坚果壳
26794102, 8.1, 239, 图解欧洲艺术史：14世纪
06784101, 8.0, 261, 十个人的德意志
01480549, 8.3, 194, 施尼兹勒的世纪
30368773, 7.7, 354, 神奇动物：格林德沃之罪
27052068, 8.2, 211, 法国大革命前夕的舆论与谣言
05914510, 7.7, 351, 中世纪星空下
27141016, 8.3, 189, 黑羊与灰鹰
34446247, 8.3, 188, 北方以北
30255670, 8.8, 124, 一座城堡到另一座城堡
34836460, 8.9, 115, 比利时的哀愁
24862245, 8.4, 169, 拿破仑传
01220943, 7.5, 422, 你不可不知道的300幅名画
10453202, 8.8, 121, 穆罕默德和查理曼
20394018, 8.8, 121, 君主论
01068088, 6.9, 940, 疯子、傻子、色情狂
02338127, 9.2, 89, Coercion
26835575, 8.2, 193, 十字军史
27054857, 8.1, 212, 庞贝三日
20279525, 7.8, 286, 现代艺术：1851—1929
26361134, 8.8, 116, 爱与死的年代
26926589, 8.6, 131, 埃梅短篇小说精选
30412794, 9.5, 69, 创世：梵蒂冈博物馆全品珍藏（修订升级版）
34913222, 7.5, 375, 书情书
01852959, 8.3, 164, 欧游心影录 新大陆游记
04238196, 8.7, 118, 西班牙
02300325, 8.4, 149, 黑夜的蝴蝶
26596754, 8.3, 160, 欧洲民族大迁徙史话（修订版）
30288944, 7.6, 321, 巴尔干两千年
34970870, 9.0, 92, 社会学之思（第3版）
30294343, 8.9, 97, 北方与南方
01824389, 8.1, 186, 宫廷文化
03243093, 7.9, 225, 时间机器
34808250, 9.5, 65, 被弃的意象
25659948, 8.6, 120, 试谈另一个中世纪
34950356, 8.1, 183, 黑色睡莲
01080181, 8.2, 166, 欧洲文学史（第3卷）
26847734, 8.2, 166, 苏格兰
34826151, 7.4, 382, 黑暗时代的爱
26327548, 8.4, 139, 重建的世界
26717715, 8.5, 127, 通往工业革命的漫长道路
30484725, 7.7, 263, 议程
30419002, 7.6, 293, 财务自由之路Ⅲ
01138468, 8.8, 99, 中世纪经济社会史（上册）
30283394, 7.6, 290, 回访历史
26348288, 8.5, 123, 卢浮宫
26882908, 8.2, 158, 图解欧洲艺术史：15世纪
26293216, 7.2, 463, 二战简史
25943355, 7.8, 231, 梦游者
26976069, 9.2, 74, 公民社会与启蒙精神
34942344, 7.7, 256, 逝物录
34873200, 8.8, 97, 罗马的复辟
26917259, 8.4, 132, 圣战与文明
30420911, 8.3, 143, 印象巴黎
33395089, 8.3, 143, 欧罗巴一千年
04202408, 8.1, 169, 法国史
26721518, 8.7, 102, 罗马故事
34978410, 9.1, 77, 审查官手记
27093838, 8.3, 140, 欧陆传奇食材
20444098, 8.8, 94, 茨威格读本
33376541, 8.6, 109, 梅特涅：帝国与世界
02382373, 8.8, 93, 欧洲社会主义百年史（上下）
01057830, 8.7, 100, 西洋史
30402349, 8.3, 137, 西西里史
25909029, 7.9, 197, 战后欧洲史04：新欧洲 旧欧洲（1989-2005）
25919840, 7.6, 267, 七年
30253366, 7.6, 266, 图说中世纪生活史
04814375, 9.2, 70, 中世纪教会史
25951769, 9.1, 73, 威廉·夏伊勒的二十世纪之旅I：世纪初生
05406875, 8.9, 83, 世界地图集
05252169, 9.8, 48, Iron Kingdom
04857074, 8.4, 120, 欧洲崛起
26847587, 8.4, 120, 现代欧洲史02
27162570, 8.4, 120, 拜占廷简史
30466182, 8.0, 169, 蓝花
26757720, 8.4, 119, 神圣罗马帝国
03217414, 9.4, 59, Postwar
25885618, 8.2, 138, 巴萨
01013235, 7.5, 274, 欧洲风化史
29957463, 8.3, 126, 启蒙运动
34893656, 7.4, 304, 尚待商榷的爱情
04207522, 7.8, 197, 旧欧洲  新欧洲  核心欧洲
26859824, 7.8, 197, 现代欧洲史01
26838657, 7.2, 385, 传奇在路上
01019446, 7.6, 241, 欧洲风化史
34451997, 8.7, 91, 守望灯塔
27061706, 7.3, 338, 哈布斯堡王朝
06021948, 8.4, 114, 黑海史
34974563, 8.4, 113, 小手
02370351, 8.9, 78, 争夺欧洲霸权的斗争
04621237, 8.2, 133, 欧洲建筑纲要
04202374, 8.4, 111, 英国史（上册）
02429236, 9.2, 63, 1453
26210651, 8.4, 110, 没有圣人，没有天使
05372644, 8.0, 154, 狼口 02
34440551, 7.6, 225, 赢家法则
34790342, 7.4, 278, 人到了美术馆会好看起来
30283361, 7.2, 349, 黑城
30219717, 8.1, 135, 欧洲死刑史：1200—1700
30422753, 8.4, 105, 暴力与反暴力
27605190, 8.6, 90, 遥远的桥
26219598, 8.1, 134, 红丝带
07162508, 6.5, 940, 孤独要趁好时光
02264272, 8.6, 89, 意大利人
01823527, 8.3, 112, 水孩子
01791766, 8.4, 103, 君士坦丁大帝时代
05362618, 9.1, 63, 历史主义的兴起
06521438, 8.1, 132, 何谓欧洲知识分子
06000667, 8.1, 131, 逐陆记·世界史上的洲际争霸Ⅱ（中古卷）
26896024, 8.8, 76, 现代欧洲史04
30255677, 9.4, 51, 西方政治思想的社会史：公民到领主
04157693, 7.9, 152, 小酒馆之歌
01288933, 8.5, 91, 意大利文艺复兴时期的艺术
26678736, 7.8, 164, 欧洲
04157694, 8.1, 124, 女艺术家镜像
30168199, 8.8, 72, 不灭的火焰
34834028, 8.5, 89, 图说勃鲁盖尔
06967617, 8.1, 122, 狼口 03
01844256, 7.4, 242, 剑桥插图中世纪史
26806810, 8.6, 82, 绝对主义国家的系谱
25802513, 8.4, 95, 何谓旧制度（第2版）
27149269, 7.7, 175, 爱尔兰凯尔特神话故事
26806809, 8.7, 76, 宗教改革史（上卷）
30266483, 8.2, 111, 古希腊人
02265843, 7.4, 237, 布拉格：一座城市的幽暗记忆
34441055, 8.8, 70, 维多利亚女王
04113962, 7.9, 141, 奥地利史
01874554, 8.7, 74, Neither Here Nor There
02349106, 8.6, 79, 雪莱抒情诗选
01481970, 8.4, 91, 欧洲创造平面
26059042, 8.4, 91, 中世纪的衰落
30312104, 9.2, 52, 图解欧洲艺术史：17世纪
27197025, 8.0, 123, 北欧维京英雄传奇（大师插图本）
10775876, 9.0, 58, 欧洲文化史（上下第2版）
10603546, 6.9, 401, 欧游散记
01074840, 7.8, 144, 文化版图：英伦地标
34842086, 7.4, 216, 文艺复兴人
30367454, 8.1, 109, 维京时代
02129926, 7.0, 342, 彩色欧洲史(全三册)
35006321, 8.2, 100, 条顿骑士团
30177161, 7.5, 190, 企鹅欧洲史·中世纪盛期的欧洲
11577858, 8.8, 64, 后形而上学思想
27616951, 8.2, 99, 百年战争·第一卷
01763023, 8.6, 73, 昨日世界：一個歐洲人的回憶
01059254, 9.0, 56, 西洋古董鉴赏
26958309, 7.4, 206, 生活之盐
25835392, 7.4, 205, 西欧思想游记
05320843, 7.5, 184, 欧洲童话村之旅
06520482, 8.5, 77, 欧洲
26825938, 8.3, 89, 纳粹德国
01245514, 7.1, 284, 查理大帝传
26981524, 6.9, 364, 巴尔干五百年
02990340, 7.9, 122, 欧洲的另一种色彩
01485129, 7.4, 199, 茜茜公主画传
04110370, 7.7, 146, 波罗的海三国史
01009692, 7.8, 132, 古罗马风化史
26878910, 8.2, 93, 陛下
27115111, 8.3, 86, 书与你
06845280, 7.7, 142, 中世纪文明
30389633, 8.3, 84, 图说巴洛克
30328205, 8.7, 63, 走出防空洞
34978375, 8.9, 55, 普法战争
30334466, 8.4, 77, 幻影恐惧
19955085, 7.3, 208, 布鲁塞尔的浮木
02227942, 8.1, 97, The End of History and the Last Man
01067878, 8.4, 76, 精神故乡
35012385, 9.2, 45, 讲了100万次的故事·挪威（全两册）
01734333, 8.6, 65, 伟大的欧洲小博物馆
01054499, 8.1, 94, 欧洲文明的进程
01455475, 8.1, 94, 狱中札记
03675518, 8.4, 74, 托尔斯泰传
34976033, 9.7, 34, 纳粹军官的犹太妻子
27077147, 8.1, 93, 英雄与恶徒
34856094, 8.1, 93, 卡塞尔不欢迎逻辑
30422622, 7.5, 160, 秋
01000269, 7.5, 157, 欧洲风化史
26319029, 7.6, 142, 宗教美国，世俗欧洲？
01071937, 8.2, 84, 西洋文化史纲要
26855908, 6.9, 311, 欧洲王室另类史
03103969, 7.8, 117, 欧洲贵族
02043893, 7.4, 170, 不该被遗忘的人们
27063966, 8.7, 57, 谁杀死了罗杰·艾克罗伊德？
03174522, 8.4, 69, 中国之欧洲（修订译本）
01594048, 8.2, 80, 欧洲现代建筑解析:形式的建构
01635131, 8.3, 74, 世界建筑艺术史
06439973, 7.5, 146, 抠门小妞的欧洲穷游记
34908427, 8.0, 92, 维京人的世界
06119888, 7.6, 131, 波兰史
35045199, 8.7, 55, 中世纪的英雄与奇观
22225360, 8.0, 91, 西方绘画大师经典画作赏析
03074263, 8.4, 67, 欧洲漫画史
11626924, 7.9, 98, 到德国
19964303, 8.0, 90, 狼口 04
34840559, 9.7, 31, 图解欧洲艺术史：19世纪
01676590, 8.4, 65, 现代欧洲史05
03270996, 8.2, 75, 西方文明史
26409654, 6.3, 643, 怪物考
30310970, 7.6, 123, 时光之魅
30391624, 8.0, 86, 三折画
30236617, 8.7, 52, 1453——君士坦丁堡的陷落
01061194, 7.6, 121, 英格兰玫瑰村庄
25858692, 8.0, 85, 罗马人（插图第4版）
26921247, 8.2, 72, 现代欧洲史06
30281424, 9.2, 38, 阿道尔夫
03332959, 8.3, 66, 中欧人文图志
01397166, 7.5, 129, 欧洲中世纪生活
27591883, 8.2, 71, 林奈传
27176877, 8.5, 57, 在网下
01084837, 8.4, 61, 九三年
04201717, 8.0, 82, 欧洲文艺复兴史
27108522, 7.4, 140, 朱元璋的政权及统治哲学
25659947, 7.0, 217, 穆斯林发现欧洲
01064727, 7.3, 155, 欧洲细节
30245840, 7.3, 155, 成吉思汗与今日中国之形成
02009978, 8.5, 56, 解除束缚的普罗米修斯
26809716, 7.9, 87, 唐代财政
33436261, 7.7, 102, 匈人王阿提拉
34826130, 8.3, 63, 滑铁卢
23780841, 7.2, 166, 另一个欧洲
01882391, 8.2, 67, 欧洲梦
30255674, 7.2, 161, 文明的崩塌
02051976, 7.5, 118, 希波战争史
24736850, 8.1, 70, 黄金时代的荷兰共和国
02146289, 8.4, 56, 世界史
01247750, 8.6, 49, 哈佛演讲录
01510768, 8.5, 52, 剑桥欧洲经济史（第一卷）
04013360, 7.3, 139, 三十年战争史
06876201, 8.9, 40, Catherine the Great
25814666, 8.5, 51, 自反性现代化
02197571, 7.7, 93, 西欧金融史
01157920, 7.8, 85, 拜占廷
02351060, 8.2, 62, 欧洲文艺复兴
26648139, 8.6, 47, 如何读懂建筑
01439285, 9.1, 35, The Age of Revolution
20545453, 9.7, 26, The World of Yesterday
26582372, 7.3, 132, 玛利亚的自白
26044249, 8.4, 53, 欧洲五十年
27139192, 8.3, 56, 柏林日记
03081769, 7.1, 158, 俄罗斯
03234170, 8.2, 59, 欧洲文化概况
05318879, 8.8, 40, Bloodlands
11650288, 8.6, 45, The Sleepwalkers
30317406, 7.6, 94, 日耳曼尼亚
01952782, 7.1, 154, 图说中世纪服装
03015217, 8.4, 48, 欧洲景观设计
26284539, 8.5, 45, 欧洲史
02173598, 8.9, 35, 意大利文艺复兴时期八个哲学家
01066117, 8.1, 58, 欧罗巴的浪漫时代・欧洲
20375520, 8.1, 58, 天象馆
26853177, 7.7, 79, 迷情
02342503, 8.4, 47, 欧洲中世纪简史
26974896, 8.1, 57, 新的旧世界
03411444, 8.8, 36, 欧陆法律史概览
04137199, 8.8, 36, 西方古建筑之旅
10797817, 8.6, 40, 欧洲的宗教与虔诚
35026082, 8.6, 40, 西方史纲
27168443, 7.5, 90, 1683维也纳之战
01104778, 7.9, 64, 骑士时代
01486023, 7.9, 64, 12世纪文艺复兴
27131708, 7.8, 69, 最漫长的下午
02237823, 7.7, 74, Click
25423603, 7.4, 96, 黑死病
02304864, 8.3, 47, 欧洲文化史论
30312097, 6.6, 231, 耶鲁古典欧洲怪诞生活志
34434967, 9.1, 29, 魔鬼作坊
10572133, 8.4, 43, 西方文明史
30297171, 7.8, 65, 走到世界尽头
01072831, 7.3, 100, 欧洲历史上的战争
27176952, 8.9, 31, 德国史
01227955, 7.4, 87, 伦勃朗时代的荷兰
04191488, 7.6, 73, 文艺复兴
27104112, 7.0, 129, 铁血与音符
30226422, 8.7, 34, 战争与静画
28355041, 8.3, 43, 万籁俱寂的那一天
34900552, 8.0, 52, 历史的隐秘角落
30133249, 8.2, 45, 上帝与罗马
33423720, 7.6, 70, 掘墓人
26865117, 7.5, 76, 现代欧洲史03
01055341, 7.9, 53, 古海荒漠
34820918, 8.0, 49, 拿破仑王朝
01149644, 7.9, 52, 世界都市漫步——建筑文化：伦敦、巴黎
03463258, 7.8, 56, 英国湖区
02237819, 8.2, 42, To See the Stars
34434944, 8.2, 42, 庞贝古城
30276266, 9.6, 20, 中世纪音乐
10736933, 9.1, 25, 戰後歐洲六十年 【卷二】
03510262, 7.8, 55, 牛津欧洲史（第三卷）
30124789, 8.1, 44, 堕落之海
34869746, 8.2, 41, 边境
34441052, 9.3, 22, 争夺欧洲霸权的斗争
34969872, 8.4, 35, 宫廷社会
06560423, 7.2, 84, 中世纪的奥秘
27111154, 8.0, 44, 第四十一
33380607, 8.3, 36, 欧洲法律简史
01021654, 7.6, 58, 欧洲19世纪美术
30466207, 8.0, 43, 军事革命？
26271370, 8.3, 35, 最欧洲
03227938, 9.6, 18, 欧洲大学史（第二卷）
33451971, 8.3, 34, 萨拉热窝100年
34995566, 8.4, 32, 海洋之星
04197869, 7.6, 55, 巴塞尔都市圈
01987246, 7.1, 85, 塞纳河.莱蒙湖
01792403, 7.9, 44, 人生苦旅-伦勃朗传（全2册）
33463000, 9.7, 17, 欧洲思想的危机
33436276, 6.9, 103, 我们与祖先交谈的夜晚
26562329, 9.3, 20, 欧洲发展的历史经验
01810942, 8.3, 33, 中国哲学对欧洲的影响
27114624, 7.5, 57, 暴力的衰落
30161874, 8.5, 29, 小女孩与幻梦者
06536970, 6.9, 98, 古希腊罗马神话
01485667, 7.2, 73, 中国不能永远为世界打工
26821416, 6.7, 120, 窥视欧洲
01903901, 8.3, 32, 古罗马文学史
34685943, 8.1, 36, 中世纪早期的语言与权力
04152270, 7.4, 59, 腓特烈大帝
24695913, 8.7, 25, 西洋现代史（插图修订第4版）
01731079, 7.2, 68, 天国之花
02283370, 7.4, 57, 阿姆斯特丹
03544414, 7.7, 45, 小国崛起
30344101, 9.2, 19, 欧洲文艺复兴的人文主义和文化
30296430, 8.3, 30, 密室
02371612, 8.0, 36, 奥地利史
34833909, 7.7, 44, 西方的困局
02998912, 9.3, 18, 欧洲历史大辞典（全2册）
25910987, 9.3, 18, 中世紀歐洲武術大全
30397064, 7.6, 47, 英格兰，英格兰
26872481, 8.2, 31, 欧洲财政国家的兴起
34834205, 7.2, 64, 近代欧洲的霸权
01191019, 8.3, 29, 麦哲伦传
35032079, 7.2, 63, 秦俑两千年
26854304, 8.1, 32, 清教徒的革命
30444862, 8.1, 32, 八十天环游地球
11538569, 7.2, 61, 强制、资本和欧洲国家
34451966, 6.7, 99, 兵者不祥
34854038, 6.7, 98, 天空下的两万条街道
34886855, 10.0, 13, 制胜的科学
33370480, 8.4, 26, 童年的许诺
01916076, 8.8, 21, Europe
01965106, 7.4, 50, 100经典教堂
05988631, 7.7, 39, 世界史百科
25840294, 7.9, 34, 礼物的回归
27102021, 7.2, 56, 贵族
26857371, 8.3, 26, 时间的礼物
33461973, 8.8, 20, 世界迷宫三部曲
25808640, 7.4, 47, 最佳欧洲小说 II
01803214, 6.8, 80, 非同寻常
24845390, 7.9, 32, 欧洲民族思想变迁
01057626, 7.8, 34, 欧洲大陆-异域风情丛书
01447760, 7.5, 42, 西方近代思想史
25429789, 7.3, 49, 骑士之爱与游吟诗人
01781824, 6.8, 77, Click 3!
27070187, 7.4, 44, 一本让你爱不释手的欧洲简史
25732699, 8.0, 29, 波罗的海史
34971214, 8.0, 29, 外星人之恋
01507190, 7.1, 56, 天象仪
26836802, 7.7, 35, 查理十二传
19958260, 7.2, 51, 欧洲风化史
29954814, 9.0, 17, 意大利经典建筑100例/欧洲经典建筑地图系列丛书
03038708, 6.7, 79, 欧洲自由行
04047217, 8.2, 25, 世界市场中的小国家
25816575, 8.6, 20, 欧洲文明的经济与社会基础
02195533, 8.4, 22, 欧洲视野中的荷兰文化
33300921, 7.8, 31, 诺曼人征服英格兰史
01492523, 7.5, 38, 华丽的回眸
01033571, 7.1, 52, 意大利简史
34442493, 7.1, 52, 全民疯狂的欧洲
30289145, 6.6, 83, 多瑙河畔
26292018, 7.5, 37, 中世纪的人们
24743283, 7.3, 43, 一个人出去走走，就像旅行——东欧
02149216, 7.9, 28, 天象馆
33447950, 8.5, 20, 如何阅读小说
30212818, 8.6, 19, 塔尼奥斯巨岩
01097228, 6.4, 98, “丑陋”的欧洲人
26998589, 6.9, 58, 欧洲何以征服世界？
02237815, 7.4, 38, Click 2
10808695, 7.1, 48, 游遍欧洲-全球最美的地方精华特辑-图说天下
04173782, 7.2, 44, 从北京回望曼彻斯特
27625561, 7.0, 52, 租来的房子
19958264, 7.5, 35, 欧洲风化史
34925410, 8.9, 16, 最后的希望之岛
35012356, 9.4, 13, 讲了100万次的故事·北欧（全两册）
01072306, 7.4, 37, 伟大的德国农民战争（全二册）
34826179, 7.7, 30, 君主与承包商
02977286, 8.4, 20, 西班牙无敌舰队
23175609, 8.5, 19, The New York Times
10430595, 6.7, 67, 这些中世纪的人
30200152, 8.2, 22, 19世纪大转型
27018143, 7.2, 41, 不顾一切去旅行
01454214, 7.1, 44, 十九世纪欧洲史
03244092, 6.4, 86, 骑士、妇女与教士
25871835, 7.6, 30, 1848年欧洲革命
34787193, 8.5, 18, 流光之下
01873328, 6.5, 76, 欧洲饮食文化史
04223391, 9.2, 13, The Inheritance of Rome
27141783, 8.4, 18, 十字軍
03036592, 7.0, 44, 欧洲浪漫美食之旅
26637722, 7.5, 30, 1946
26282639, 8.0, 22, 欧洲城镇史
01208641, 6.8, 52, 奥匈帝国
01122373, 8.9, 14, 帕尔格雷夫世界历史统计
06976181, 6.1, 109, 欧洲人文地图
04258359, 7.8, 24, 查理曼大帝
33370320, 8.2, 19, 欧洲教育
30409065, 8.3, 18, 北欧雄狮：古斯塔夫二世传
06797209, 6.2, 92, 欧洲摩登
03061847, 6.5, 65, 感受老欧洲
26718384, 9.2, 12, The Holy Roman Empire
02100287, 7.3, 32, 多瑙河之旅
01277269, 6.9, 43, 西欧中世纪骑士的生活
30484734, 9.4, 11, 活在你手机里的我
34886854, 8.2, 18, 英法争霸的序幕
03181222, 9.1, 12, 立法主权与近代国家的建构
10745565, 9.1, 12, 聖戰與文明
26883588, 6.4, 67, 丝绸之路：重新开始的旅程
30288260, 8.4, 16, 医院骑士团九百年
06143017, 9.6, 10, The Crimean War
25709434, 7.3, 30, 低地国家史
04102181, 6.3, 73, 荷兰史
34865575, 8.0, 19, 神圣之美：欧洲教堂艺术
03346276, 8.1, 18, Empires of the Sea
30297179, 8.2, 17, 斯科塔的太阳
10601546, 7.8, 21, 20世纪欧洲社会史
01886816, 6.5, 56, 窗外看见欧罗巴
27598046, 8.6, 14, 弗洛斯河上的磨坊
26974925, 8.3, 16, 坚定的锡兵
01316483, 6.5, 54, 爱上你的忧郁
34833838, 7.5, 24, 动荡而强大的大陆
35005166, 7.0, 34, 矮人星上的矮人
01897131, 7.3, 27, 伊斯坦布尔 安卡拉-世界都市漫步-建筑文化-欧洲部分
03074030, 7.6, 22, 西亚、欧洲古代工艺技术研究
03601385, 9.3, 10, Iron Kingdom
02425299, 8.8, 12, The Fall of the Roman Empire
10431235, 8.4, 14, City of Fortune
30259572, 8.4, 14, 十字軍聖戰
25427461, 6.3, 60, 中世纪的城堡
26942712, 6.9, 34, 不可不知的意大利史
25918400, 7.3, 25, 全球时代的欧洲
30353862, 5.8, 106, 黑死病
03542259, 7.4, 23, 为什么欧洲会领跑21世纪？
26861458, 5.9, 84, 维纳斯的诞生
34787200, 7.1, 26, 难民革命
26883472, 7.5, 20, 欧洲新燃点
34918781, 7.9, 16, 心智力
03463325, 6.5, 42, 穷游欧洲
25764516, 7.7, 17, 欧洲风化史：风流世纪
30244668, 6.7, 33, 图解欧洲建筑艺术风格
01604089, 8.2, 13, 欧洲声乐发展史
25852353, 5.9, 71, 帝国的分裂
02373273, 7.0, 25, 压力下的生活
25819574, 6.6, 34, 薛飞自述
04066453, 7.5, 18, 在歐洲˙逛市集
03465073, 7.6, 17, 奈保尔
30217939, 7.4, 19, 黑暗大陆：20世纪的欧洲（见识丛书22）
01074177, 7.3, 20, 莱菌河的涛声――旅欧散记
01608062, 6.7, 30, 夜行列车
01324193, 6.8, 27, 真正欧洲
26391238, 8.2, 12, 剑桥现代欧洲经济史（第二卷）
26383971, 8.4, 11, 何谓民族？
26288819, 7.2, 20, 欧洲大历史
30285663, 8.6, 10, 西方通史 第四卷
07058215, 6.1, 47, 古堡
01546169, 7.2, 19, 庇隆夫人和麦当娜
26207337, 8.2, 11, 有嫌疑的女人
26580257, 8.2, 11, 剑桥现代欧洲经济史：1700-1870（第一卷）（经济科学译丛；“十一五”国家重点图书出版规划项目）
30193593, 8.0, 12, 卢贡家族的家运
26709847, 6.8, 24, 1908，漫行巴尔干
27593870, 7.1, 19, 乔托的几何学遗产
26293618, 6.0, 47, 欧洲脸谱
04895131, 7.5, 14, 文明与野蛮
30251280, 7.5, 14, 歐洲霸權的光和影
26915645, 6.9, 20, 脆弱的平衡
04926558, 6.3, 32, 一口气读完欧洲史
03675472, 6.7, 23, 欧洲古典时代的建筑与文化
25764519, 7.0, 18, 欧洲风化史：资产阶级时代
01070702, 6.9, 18, 欧洲近代生活
25934019, 7.8, 11, 欧洲早该这么玩
33423766, 7.1, 15, 凱爾特‧最初的歐洲
25774370, 6.4, 23, 说角儿
24743342, 5.9, 36, 欧洲
06720897, 6.2, 26, 独行欧洲
01608702, 7.2, 12, 绿党政治
34926555, 7.4, 10, 空手劈
03189750, 7.0, 11, 欧罗巴共和国新超级大国和美国霸权的终结
34443592, 6.3, 14, 中世纪的女巫
06959164, 6.2, 12, 欧洲真相
26707604, 6.2, 12, 城市阅读（一）
27002486, 6.4, 10, 不可不知的欧洲史
25857526, 5.9, 14, 不可不知的法国史
02139888, 0.0, 10, 世界散文精华（欧洲卷）（上、下册）
30466169, 0.0, 10, 记号
34834499, 0.0, 10, 24品脱的历史
34942520, 0.0, 10, 黑暗降临
34974511, 0.0, 10, 欧亚大陆的黎明：探寻新世界秩序
34821065, 0.0, 11, 欧洲全史
35012365, 0.0, 11, 讲了100万次的故事·德意志
30210075, 0.0, 13, 高效算法
