2020-07-05 16:00:08

number of books, tag name
614, 欧美

ID, rating, votes, title
01084336, 9.0, 576778, 小王子
10594787, 9.0, 184330, 霍乱时期的爱情
06781808, 9.2, 77186, 杀死一只知更鸟
26954760, 8.8, 149139, 月亮与六便士
01829226, 9.1, 85333, 肖申克的救赎
02035162, 9.0, 55001, 刀锋
33440205, 8.9, 60946, 你当像鸟飞往你的山
03808982, 9.3, 27260, 动物庄园
01027191, 9.0, 36518, 历史深处的忧虑
26602392, 8.6, 69764, 你今天真好看
26672693, 9.0, 34651, 一个叫欧维的男人决定去死
01034282, 8.8, 46653, 时间简史
01051193, 8.6, 57880, 麦琪的礼物
06798611, 8.7, 47506, 史蒂夫·乔布斯传
26382433, 8.2, 115949, 无声告白
01035848, 8.7, 44558, 一千零一夜
26576861, 9.0, 25134, 最好的告别
26878124, 8.5, 58242, 我的天才女友
01986291, 9.5, 12006, 冰与火之歌（卷三）
26425831, 8.8, 33336, 斯通纳
03261600, 9.2, 16419, 人生的智慧
03026879, 8.8, 28936, 爱的艺术
02035171, 9.0, 20028, 人生的枷锁
03719533, 9.4, 9787, 经济学原理
03693974, 9.4, 9537, 小王子
03578470, 9.0, 15419, 德米安
01258498, 8.4, 40249, 项链
01022238, 8.2, 58121, 菊与刀
24934182, 8.1, 68611, 一个人的朝圣
26707463, 8.8, 19534, 月亮与六便士
02361768, 9.3, 9337, 爷爷变成了幽灵
04187411, 8.8, 18256, 万物有灵且美
02053249, 8.1, 62229, 麦田里的守望者
01014825, 9.0, 13040, 我也有一个梦想
01083762, 8.7, 20484, 人类的群星闪耀时
01056315, 8.8, 17439, 总统是靠不住的
03210843, 9.2, 9723, 冰与火之歌·卷四·群鸦的盛宴（全两册）
01021615, 9.1, 11161, 小王子（中英文对照本）
01083474, 9.2, 9430, 飘（全二册）
10488620, 9.5, 6246, 冰与火之歌·卷二·列王的纷争（全三册）
26295448, 8.6, 21898, 你一生的故事
26712353, 8.6, 20746, 血疫
07065521, 9.0, 10804, 银河帝国：基地
03649782, 8.6, 19855, 达·芬奇密码
01885224, 8.9, 11919, 傲慢与偏见
01001885, 8.5, 21774, 带一本书去巴黎
02158684, 9.1, 8595, 象棋的故事
02039931, 9.1, 8363, 小王子
01040104, 8.8, 12752, 魔戒（第一部）
06265745, 8.7, 13979, 银河系搭车客指南
01071794, 9.0, 8870, 魔戒（第三部）
01258491, 9.2, 6696, 基地与帝国
01203251, 8.1, 33317, 雾都孤儿
34672176, 8.6, 14052, 呼吸
06313461, 9.1, 6772, 月亮和六便士
25697546, 8.6, 13906, 尼罗河上的惨案
03315879, 8.6, 13534, 恶童日记
01784153, 9.4, 4439, 安徒生童话
10555486, 8.7, 11174, 分成两半的子爵
01140727, 8.7, 10881, 安德的游戏
01860750, 8.4, 17417, 了不起的盖茨比
01187842, 9.0, 7035, 你一生的故事
26264967, 8.4, 17192, 神们自己
07065529, 9.0, 6576, 银河帝国2：基地与帝国
01427288, 8.4, 15592, 小妇人
01056461, 8.3, 18402, 旅行的艺术
01066165, 9.3, 4306, 卡尔维诺文集（第三卷）
26768309, 8.1, 25853, 查令十字街84号
26371317, 8.1, 24575, 24个比利
05993310, 9.1, 5011, 直捣蜂窝的女孩
05366382, 8.8, 7442, 夜航西飞
02171321, 8.4, 13466, 找死的兔子
06016234, 8.9, 6318, 奇风岁月
05366275, 8.4, 12765, 我怎样毁了我的一生
06857344, 8.5, 10510, 夜莺与玫瑰
01084973, 8.9, 5673, 基督山伯爵（上下）
01015864, 9.0, 4923, 惶然录
20326626, 8.6, 8526, 少年Pi的奇幻漂流
03836566, 8.6, 8436, 玫瑰的名字
01212488, 8.3, 13283, 罗密欧与朱丽叶（名著名译插图本）
04929844, 8.3, 13251, 怪诞行为学
01467776, 8.4, 10724, 朗读者
01851385, 7.9, 25133, 我的名字叫红
01049957, 8.7, 6780, 浮士德
04934552, 8.8, 5891, 玩火的女孩
01040397, 8.1, 16343, 假如给我三天光明
10785583, 8.2, 13620, 思考，快与慢
01016486, 8.4, 9697, 笑忘录
10540001, 8.8, 5368, 刀锋
01047138, 7.8, 26889, 少年维特的烦恼
05958726, 8.0, 18546, 质数的孤独
01907199, 8.6, 6902, 扫起落叶好过冬
26855315, 9.4, 2450, 冒险小虎队
01005918, 8.0, 17663, 堂吉诃德
01203244, 8.3, 10546, 三个火枪手
26061406, 9.1, 3409, 小狗钱钱
30218241, 9.1, 3291, 建筑师
26892080, 8.5, 7311, 猎豹
02061644, 8.2, 11675, 伤心咖啡馆之歌
01894745, 8.4, 8458, 简·爱
02349930, 8.8, 4710, 秘密花园
04240543, 9.5, 1983, 一九八四
01079252, 8.2, 10490, 爱情笔记
04864832, 9.3, 2288, 为什么学生不喜欢上学?
03594151, 8.1, 11996, 柑橘与柠檬啊
30207738, 8.8, 4198, 3秒
01872158, 8.2, 9682, 蝇王
01874411, 8.4, 6983, 乞力马扎罗的雪
01083432, 8.7, 4505, 巴黎圣母院
01083429, 8.8, 3645, 爱伦·坡短篇小说集
01037954, 8.4, 5975, 告别圆舞曲
24541883, 8.1, 9303, 消失的爱人
10569619, 8.4, 5835, 自由
01035326, 8.7, 3834, 一次・图片和故事
03246904, 8.1, 9152, 蒂凡尼的早餐
03191247, 8.7, 3696, 好兆头
27072981, 8.7, 3677, 遗产
02193876, 8.8, 3198, 浮士德
06097966, 8.0, 10277, 发条橙
01051714, 8.3, 6260, 等待戈多
25782902, 8.1, 8361, 反脆弱
01885214, 8.6, 3955, 双城记
03302645, 8.1, 8149, 我在雨中等你
01292359, 8.4, 5107, 相约星期二
01016845, 9.2, 1772, 史努比黄金50年
01012117, 8.3, 5568, 仲夏夜之梦
01948922, 8.3, 5466, 面纱
03264211, 8.7, 2790, 犹大之窗
02980471, 8.3, 4682, 赎罪
04732188, 8.1, 6290, 中央公园西路
03723866, 7.8, 10164, 破晓
06890671, 8.2, 5305, 一天
01221327, 8.5, 3418, 少年Pi的奇幻漂流
01193621, 8.5, 3390, 决策与判断
01012489, 7.7, 11802, 童年 在人间 我的大学
02173262, 8.2, 5110, 假如明天来临
10586741, 8.3, 4375, 关键对话
02060491, 8.9, 1976, 逻辑学导论
34889883, 8.7, 2504, 云游
01021056, 7.1, 37960, 谁动了我的奶酪？
01782032, 8.8, 2042, Charlotte&#39;s Web
03315827, 7.7, 10044, 暮光之城·新月
26577690, 8.5, 2863, 伪装成独白的爱情
33408247, 8.2, 4304, 病毒星球
30236304, 8.8, 1928, 列奥纳多·达·芬奇传
04908877, 9.1, 1339, 静静的顿河
03293574, 8.4, 3140, 人骨拼图
33459737, 8.2, 4130, 书店日记
01865765, 8.5, 2718, 童年的终结
10486418, 8.2, 4018, 十一种孤独
01903152, 8.0, 5333, 悬崖山庄奇案
01036395, 8.4, 2943, 爱上浪漫
01021623, 8.9, 1556, 安娜·卡列宁娜（上下）
26765928, 8.4, 2732, 屠夫十字镇
34813209, 8.7, 1857, 蝲蛄吟唱的地方
35009826, 8.8, 1627, 一生的旅程
01893466, 8.0, 4471, 鲁滨孙历险记
01927902, 7.6, 8572, 九型人格
03242857, 7.5, 9582, 分手信
01827375, 7.9, 4826, 人性记录
01053249, 8.7, 1607, 一点巴黎
02142574, 8.7, 1592, 时光中的时光
02301475, 8.3, 2583, 人间食粮
05921802, 7.6, 7437, 邮差总按两遍铃
05940829, 8.2, 2869, 写在身体上
02063620, 7.8, 5144, 谋杀启事
01948429, 8.5, 1896, 诗人
01793721, 7.9, 4333, 琴声如诉
06861517, 8.5, 1870, 时时刻刻
01883349, 8.2, 2688, 永别了，武器
01039840, 7.6, 6526, 查特莱夫人的情人
01070246, 8.6, 1534, 置身于苦难与阳光之间
01006770, 8.4, 1952, 卡尔维诺文集（第一卷 上下）
05299919, 8.7, 1345, 国王鞠躬，国王杀人
25742296, 8.3, 2166, 有限与无限的游戏
02265995, 7.1, 15946, 大象的眼泪
01023048, 8.0, 3261, 情人 乌发碧眼
30219713, 8.7, 1293, 病者生存
04150038, 8.0, 3087, 海鸥乔纳森
03225969, 7.5, 6778, 新月
26390426, 8.0, 2998, 比利战争
01729284, 8.0, 2917, 单行道
02147647, 7.9, 3319, 物质生活
26915345, 8.4, 1646, Y的悲剧
03287786, 7.8, 3803, 你好，忧愁
33451968, 9.1, 746, 世界杂货店
01320521, 8.9, 914, 一个陌生女人的来信
01880306, 9.1, 731, 刀锋
06832303, 6.8, 24796, 别相信任何人
03204692, 8.0, 2718, 高尔夫球场命案
03310627, 8.4, 1584, 繁花将尽
10531723, 8.7, 1074, 爱因斯坦传
05417807, 7.5, 5696, 饥饿游戏2：燃烧的女孩
05391766, 7.3, 8137, 忽然七日
01205351, 8.7, 1055, 双城记
01082187, 9.0, 762, 人类的天性
06863330, 7.8, 3375, 丝之屋
03732346, 8.1, 2163, 疯狂实验史
01907663, 8.2, 1872, 屠宰场之舞
05980585, 8.3, 1635, 走在蓝色的田野上
02568067, 8.2, 1852, 中性
02032117, 7.8, 3264, 纽约三部曲
03017205, 7.8, 3235, 长眠不醒
34444574, 8.4, 1396, 看不见的爱
01949417, 8.2, 1728, 这就是纽约
02071076, 8.8, 848, 福尔摩斯回忆录
10473347, 8.3, 1474, 双重赔偿
02382544, 8.8, 818, 园圃之乐
01017839, 7.8, 2783, 带着鲑鱼去旅行
01949182, 7.7, 3210, 古墓之谜
03788397, 8.5, 1080, 豺狼的日子
26871656, 7.3, 6145, 哈利·波特与被诅咒的孩子
03404727, 8.4, 1197, 同时
26981441, 8.4, 1197, 知觉之门
26653460, 8.1, 1606, 烟雾弥漫你的眼
04827792, 8.5, 948, 星星女孩
03931849, 7.6, 3175, 天黑前的夏天
01892291, 7.5, 3730, 十日谈
03553234, 8.2, 1288, 三口棺材
33402272, 8.3, 1129, 混凝土里的金发女郎
30226251, 8.2, 1236, 五芒星
35013439, 9.2, 423, 血殇
01229235, 8.8, 619, 穿过骨头抚摸你
02153625, 7.6, 2760, 午后四点
06507262, 7.4, 3755, 如何让你爱的人爱上你
01000930, 8.7, 653, 格林童话全集
01275565, 8.6, 692, 怪盗亚森・罗宾
26892222, 8.0, 1375, 生活的哲学
02063621, 7.3, 3940, 藏书室女尸之谜
26840504, 7.6, 2381, 人人都有妄想症
06560651, 7.8, 1772, 雨必将落下
25876611, 7.4, 3145, 引爆点
34995610, 7.9, 1466, 八百万种死法
05248289, 7.8, 1674, 岁月的泡沫
04111515, 8.5, 674, 诗人
04139701, 8.3, 843, 杜伊诺哀歌
04845007, 8.3, 842, 南极
01082167, 8.5, 656, 红与黑
02382359, 7.5, 2385, 杀人不难
06265961, 7.0, 5563, 饥饿游戏3：嘲笑鸟
04160175, 9.4, 264, Blacksad
03510279, 8.2, 810, 女郎她死了
34613713, 9.1, 317, 给仰望者的天文朝圣之旅
34841936, 9.3, 264, 紫与黑
01225366, 8.7, 452, 小毛驴与我
04301568, 9.1, 298, Jolies ténèbres
03786363, 8.6, 448, 沉思录
20493369, 8.2, 680, 爱伦·坡暗黑故事全集（下册）
01277257, 7.6, 1437, 小人物日记
21264215, 8.2, 658, 高绩效教练
01415292, 7.9, 936, 非人
03862392, 8.0, 823, 我，及其他
04038564, 7.8, 1030, 灾难之城
01193831, 8.2, 592, 创意
03586463, 8.4, 472, 断片集
02156635, 7.5, 1372, 有人喜欢冷冰冰
02381982, 7.5, 1356, 在地图结束的地方
01700258, 9.3, 198, 音乐天堂
04259340, 7.8, 880, 恶狼之夜
01871292, 7.8, 836, 天生嫩骨
03865981, 7.5, 1229, 清洁女工之死
02378192, 7.6, 1065, 绿胶囊之谜
10554689, 7.7, 930, 需要时，就给我电话
05321843, 6.4, 9031, 假装的艺术
26108007, 7.5, 1191, 我已经结婚了  我心情还不好
27062574, 7.8, 784, 坚毅
01221889, 7.7, 876, 漂亮朋友
01256614, 8.6, 306, 小城畸人
01092559, 8.1, 508, 雾都孤儿
03572739, 8.3, 403, 冷记忆5
05957609, 9.0, 210, 海明威短篇小说全集（下）
26818779, 8.6, 294, 绿里
02378202, 7.4, 1174, 歪曲的枢纽
04892942, 7.6, 871, 小小陌生人
01263494, 7.9, 594, 男人来自火星，女人来自金星
24895783, 7.9, 593, 法国粉末之谜
03662753, 7.8, 658, 半途之屋
01163374, 8.4, 332, 罗马阳台 世间的每一个清晨
01944926, 7.3, 1224, 在死亡之中
03423543, 8.6, 268, 借刀杀人/希区柯克悬念故事集
07916107, 7.3, 1215, 马耳他之鹰
02133268, 7.0, 1939, 借镜杀人
04187290, 7.7, 693, 达特穆尔的恶魔
06847881, 7.9, 526, 被遗弃的人
30431388, 7.9, 522, 万有引力之虹
26720828, 8.1, 409, 杀戮目标
04922499, 7.4, 964, 美国枪之谜
26271231, 7.2, 1225, 糖与香料
02301012, 7.7, 607, 一个岛的可能性
33427953, 9.5, 115, 神话与魔法
01418820, 8.8, 193, Brokeback Mountain
01441171, 8.2, 334, 小酒店
01936440, 8.1, 369, 荷兰
02253754, 7.7, 581, 萨冈，一个迷人的小魔鬼
05269129, 8.5, 248, 镜中恶魔
03572671, 8.1, 360, 冷记忆4
02040614, 8.3, 291, 温莎的风流娘儿们
02362665, 8.1, 351, 麦田里的守望者
26326484, 7.5, 700, 跑步圣经
01729675, 8.8, 178, 雷蒙德卡弗短篇小说集
06718284, 7.5, 684, 黑暗的另一半
04703943, 7.5, 645, 第十层地狱
05920825, 7.8, 440, 八十天环游地球
05264486, 7.9, 390, 一颗热土豆是一张温馨的床
26969935, 6.8, 1747, 故事思维
05299765, 8.1, 306, 最后的孩子
06794027, 7.9, 368, 血腥的谋杀
01229250, 9.5, 95, 欧美经典流行歌曲精选I:世界上最动听的歌(磁带版).(含1书+2磁带)
01469265, 8.6, 176, 小世界
33461528, 8.1, 277, 白城恶魔
02352480, 7.8, 379, 如果你愛上一家書店
04732060, 7.4, 610, 凶手是狐
01932768, 8.7, 157, 卡夫卡文学代表作
01664114, 7.9, 322, 十日谈
01844364, 9.5, 85, 海蒂
03175972, 7.3, 647, 死亡飞出大礼帽
34991116, 7.7, 392, 爱神之泪
06523131, 8.3, 210, 完美嫌犯
26312711, 8.3, 205, 雅各布之屋
01814179, 6.9, 1112, 挖鼻史
01455708, 9.1, 107, The Hard Goodbye (Sin City
04931690, 7.8, 333, 圣诞清单
25897402, 7.4, 530, 第13个小时
06889539, 9.6, 75, 勒内·格鲁瓦的第一世纪
35034559, 8.1, 228, 失敬，植物先生
10512239, 7.7, 341, 遥远的回声
01084250, 8.7, 133, 《存在与时间》读本
01067615, 7.7, 332, 伍尔芙日记选
19995754, 8.4, 161, 肖邦传
04845560, 7.6, 353, 失颤之人
06072331, 9.0, 98, 诉讼.美国-卡夫卡文集-第二卷-增订版
25947164, 7.5, 382, 哲学家死亡录
01220201, 8.2, 183, 撒玛坎护身符
34860967, 8.2, 181, 性格拼图
07163112, 8.0, 218, 犯罪人论
01781822, 8.8, 110, Indian Summer
01083472, 7.7, 297, 娜娜
01467749, 8.0, 215, 兔子跑吧
30253082, 8.7, 117, 休战
01838160, 8.8, 107, 欧·亨利短篇小说精选
01477712, 9.4, 71, Jack Johnson in Between Dreams
01116395, 7.9, 231, 爱的徒劳
01234809, 7.6, 301, 织工马南
22754689, 7.6, 295, 广岛之恋
30243868, 7.6, 283, 犹太警察工会
01027184, 7.7, 253, 隐身人
26767245, 7.8, 226, 这样你就不会迷路
06310326, 8.2, 151, 双面敌人
27664288, 8.5, 116, 幸福假面
26925465, 9.0, 80, 重压下的优雅
26636684, 7.7, 239, 迷雾
30325319, 7.3, 371, 夏日尽处
33422836, 7.8, 212, 格兰贝的年轻人
01524137, 8.6, 105, Everything Is Illuminated
04817621, 6.9, 625, 丢掉50样东西，找回100分人生
01785092, 6.9, 586, 母猪女郎
26576535, 9.9, 44, 语言引论
27083911, 6.8, 661, 拼布娃娃
06719721, 7.9, 174, 黑与蓝
26427233, 7.6, 235, 殡葬人手记
34437315, 9.2, 63, 绘制魔法之夜的插画师：埃德蒙·杜拉克
01455956, 8.0, 154, 吃太阳的家伙
26790607, 9.0, 70, 简析荣格
06393103, 7.1, 402, 双面莱特
01287534, 9.1, 65, 约翰·克利斯朵夫（上中下）
06920049, 8.8, 79, 魔鬼的法則
01852538, 8.5, 98, 哈姆莱特
26810827, 6.1, 2028, 黑石之墓
01835997, 7.7, 194, 名人传
30272325, 8.0, 145, 神弃之地
03413787, 7.8, 174, 鸡皮疙瘩：幽灵之月·外星魔蛋
34893791, 7.3, 295, J
03170264, 6.9, 491, 地狱之缘
01054476, 7.4, 257, 威廉·莎士比亚(附磁带)(书虫·牛津英汉对照读物)
26748177, 8.3, 108, 黑王子
10526481, 6.9, 462, 奎因犯罪调查局
33430622, 7.6, 197, 遇见莫扎特：从神童到大师的音乐人生
06967541, 8.0, 134, 厄运连锁
01830297, 8.4, 95, 幽默公寓1
06857343, 8.4, 95, 内向孩子的潜在优势
10794376, 7.3, 268, 送雏菊的姑娘
26636678, 8.1, 119, 暗夜无星
03257875, 7.2, 292, 弓区大谜案
01900733, 9.2, 53, 三伙伴
30309157, 6.8, 465, 我的紫色芳香小说
02037015, 8.0, 121, 小说写作技巧二十讲
06775217, 7.9, 131, The Silver Linings Playbook
03224602, 6.9, 386, 达利的骗局
01321788, 7.4, 210, 秘密花园
06991326, 8.2, 99, 下一个就是你
01856891, 8.0, 117, 卓娅与舒拉
26794770, 9.3, 47, 密室推理讲座
03122324, 7.3, 232, 污血之玷
30288491, 6.7, 503, 海面之下
01059351, 9.1, 52, 格林童话全集（上下）（成人双语版）
01326137, 8.1, 103, 塑料
07067085, 7.4, 199, 深蓝告别
01783367, 8.9, 57, Hellspawn
06010580, 6.9, 348, 怪奇案件受理处
02715633, 9.3, 44, Scott Pilgrim
26710938, 6.6, 531, 爆款：如何打造超级IP
03345187, 7.3, 210, 斯托维尔开膛手
01114924, 8.5, 72, 世界室内设计史
01082337, 7.1, 262, 只有一个贝克汉姆
01035002, 8.1, 96, 言犹在耳
04074955, 7.2, 225, 犹在镜中
10739602, 7.7, 133, 阿富汗人
06100711, 7.5, 161, 无间任务
01084401, 8.7, 60, 外国诗歌经典100篇
02378183, 6.5, 565, 女巫角
27088054, 7.6, 143, 黑暗诱惑
10514929, 7.8, 118, 死魂灵
01082338, 7.4, 171, 学会飞翔
02149444, 8.3, 77, 哲学
30305892, 7.5, 154, 来自地下室
04814398, 7.4, 170, 顺流而下
34845967, 8.0, 97, 猫的桌子
01438073, 7.9, 105, 基本粒子
35002954, 7.6, 138, 成就 : 优秀管理者成就自己，卓越管理者成就他人
05038562, 7.7, 124, 爱情盛宴
26379630, 9.2, 42, Los Traviesos
26861449, 6.6, 443, 阁楼里的女孩
26878906, 7.5, 147, 公牛山
25956105, 7.3, 179, 第43条疤痕
01661862, 8.4, 68, 弗兰克·劳埃德·赖特
27200983, 7.7, 119, 天使安魂三部曲
01885412, 8.7, 55, 海上劳工
01035422, 7.5, 142, 疾病改变历史
27625563, 7.8, 107, 失控
06125409, 7.0, 230, 唤醒死者
20398024, 7.5, 133, 苍白冥途
26837794, 8.5, 58, 11/22/63
26636683, 7.7, 108, 尸骨袋
25741607, 7.1, 196, 驯悍记
05387464, 7.0, 219, 火焰，燃烧吧！
01939007, 7.9, 87, 学游泳
02044812, 7.5, 124, 新娘
04115211, 7.6, 112, Before I Fall
05505136, 7.5, 123, 浮士德
03024263, 8.4, 59, 地獄藍調
01056097, 8.3, 63, 一个乡村教士的日记
27088049, 6.6, 346, 蝴蝶花园
26602614, 7.2, 164, 解剖
30234404, 7.7, 100, 第五个死者的告白
06693563, 7.8, 90, Anya&#39;s Ghost
27079437, 7.2, 159, 悬命遗书
11617296, 8.5, 53, Thou Shell of Death
27171016, 8.2, 65, 恐怖的活剧
05905977, 7.4, 126, 任血流淌
03310063, 9.1, 36, Jack Johnson
01867795, 7.2, 152, 谍影重重
30161885, 7.2, 147, 莉莉的选择
01799084, 8.2, 61, 兔子回家
10733115, 9.2, 33, 鲁滨孙漂流记
27118946, 7.0, 182, 美加风光摄影集
01757323, 8.3, 56, 北方的中国情人
03077998, 7.1, 158, 女店主
01490341, 7.7, 88, 辣妹日记
26312648, 7.6, 94, 我嫁给了一个死人
01177583, 7.8, 78, 陶瓷
30464113, 8.4, 50, 近在咫尺
25799972, 8.1, 61, 丧服之约
26931566, 6.4, 358, 被囚禁的女孩
26282717, 8.1, 60, 麻木
30416638, 7.8, 75, 平行美利坚
02262999, 8.3, 51, 牛津英美文化词典
27010149, 7.1, 142, 13 Reasons Why
04848834, 7.2, 127, 亡灵舞厅
27032022, 7.3, 114, 鲍勃·迪伦诗歌集Ⅶ：红色天空下（1985—1997）
27118848, 7.3, 114, 把房子住成家
02060734, 9.3, 28, Modernity and the Holocaust
26992628, 7.2, 123, 化学家
10484448, 7.4, 101, 明日已逝
02350254, 7.5, 91, 黄屋奇案
30134590, 6.9, 167, 幸存女孩
26991327, 8.1, 55, 恶意
26919459, 8.0, 59, 艺术家自我修养
30479196, 8.7, 37, 洞穴奇案
01232258, 8.4, 44, 三毛钱小说
02406431, 9.6, 23, Style
04606343, 6.7, 198, 不可忘却的游戏
01029300, 7.1, 121, 美国底层生存方式揭秘
01892101, 9.6, 22, Life is tough and then you graduate
05259536, 8.1, 50, 你是奇迹
06890678, 6.3, 318, 色情电影谋杀案
30189512, 7.8, 62, 祈祷黎明
03791078, 8.3, 43, Exit Wounds
30473898, 8.0, 52, 黑屋中的小美人
26282633, 7.7, 65, 面对死亡的人（上卷）
01476720, 8.1, 48, 魔服
01526502, 7.8, 59, 摄影大师的外景用光秘诀
03402227, 8.0, 50, 惡棍侯爵
02548614, 9.0, 27, Tricks of the Trade
25700740, 6.9, 127, 睡偶
05345951, 9.5, 21, Moebius oeuvres
05254320, 6.8, 140, 夜访良辰镇
34908351, 9.7, 19, 在路上
04151243, 8.6, 32, 黄金海岸
33462956, 7.1, 99, 美国男孩
06540683, 7.2, 88, 家庭甜蜜谋杀案
26393433, 9.2, 23, 靈魂法庭
27077348, 6.4, 218, 致命绑架
26760350, 7.4, 72, 哈佛医学生的历练
30384247, 6.3, 244, 必须牺牲卡米尔
27174221, 8.3, 35, 荒野里的牧羊人
26991329, 7.9, 45, 染血的双手
25832851, 7.7, 52, 电视
03198440, 7.6, 56, 夜海钩沉
01780604, 8.0, 41, 简单的真相
26760972, 7.3, 69, 危险关系
25932217, 9.4, 19, 柠檬水大战——柠檬水变摇钱树
34431985, 7.0, 89, 彩虹尽头
01791841, 8.6, 27, 漫长的告别
03398281, 7.6, 51, 曼谷八区
33474404, 7.5, 55, 断裂
01039425, 7.7, 47, 情欲艺术家 第二层皮
30435804, 7.5, 54, 多项选择
26662760, 7.7, 46, 试管迷踪
02979187, 7.8, 42, 冬天的惡魔
01034008, 6.8, 100, 杰奎琳风格
34947379, 6.8, 100, 玫瑰的遭遇
03100991, 8.2, 32, 鹰从天降
34862610, 9.3, 18, 夏洛克·福尔摩斯
27180150, 7.8, 40, 让-保罗·高缇耶
02380319, 7.6, 46, 一生
26721700, 9.0, 20, 让光进来
02122020, 8.4, 27, 百劫红颜. 下册
30464121, 6.8, 92, 破碎海岸
06401106, 7.9, 36, 血色塔罗
06857661, 7.9, 36, The Hunger Games
30255974, 6.3, 162, 命运晚餐
25871474, 7.8, 38, 仇恨
10732330, 7.3, 55, 雏菊花环
02032390, 7.1, 65, 创新产品设计与手绘
10564090, 8.2, 29, X先生
11617298, 8.6, 23, The Beast Must Die
26390940, 7.6, 42, 嫌疑者的救赎
01427477, 7.0, 69, 往事烟云
10434593, 8.1, 30, 亲爱的福尔摩斯
30217959, 6.9, 75, 迷雾中的小径
01418601, 8.0, 31, Something Blue
24841360, 8.4, 24, The Riddle of Monte Verita
01084834, 7.3, 49, 完美先生
26662761, 7.5, 41, 出租车奇案
06010582, 6.4, 115, 事实之前
26721711, 8.5, 21, 将你埋葬
01894250, 8.7, 19, Mouse Guard Belly of the Beast (Mouse Guard
05395727, 6.8, 69, 噬魂虫
03462711, 6.1, 157, 鸟人
12294942, 8.6, 19, Elliott Erwitt Snaps
26891518, 7.7, 30, 小报戏梦
05402007, 6.3, 105, 绝望的主妇
04626089, 9.2, 14, The Second Shot
03407820, 8.1, 23, 晨光之子
01036651, 7.8, 27, 火星人的时光倒转
26282622, 7.1, 44, 面对死亡的人（下卷）
11606727, 6.5, 74, 惊情四百年
01928971, 7.6, 29, 30位国际杰出平面设计师的成功创意
04725906, 8.1, 21, 生而為囚
26960805, 6.5, 69, 逃逸者
27054020, 7.6, 27, 漫长的遗忘
01330764, 7.3, 33, 100年100位产品设计师
02272186, 8.0, 21, A Kingdom of Dreams
04749366, 8.4, 17, Justice and the Politics of Difference
07062397, 6.9, 44, 草莓采摘者
01906522, 6.6, 57, 波希米亚
01063561, 7.5, 27, 沃尔特.迪斯尼传
30144080, 8.2, 18, 路易斯人
30288950, 7.4, 27, 消失的时间
05417323, 7.8, 21, 夏娃日记
26326479, 4.7, 1399, 五十度灰
26299994, 6.6, 45, 艺术谋杀
30353216, 7.8, 19, 生死逆行
06311581, 7.0, 32, 曼哈顿猎杀
30294604, 8.2, 15, 黑屋
02994084, 7.1, 28, 至死方休
01978084, 7.8, 18, 華麗的邪惡
30200839, 6.8, 34, 被偷走的灵魂
01056729, 7.0, 29, 阴阳之间
10434823, 8.8, 11, “姐妹”兄弟
26721701, 7.3, 23, 谋杀之石
27910653, 6.8, 32, 午夜琴声
27173016, 5.8, 87, 8分钟拯救你的小窝
27621478, 6.4, 41, 鬼父
01908832, 6.5, 35, 孤城密咒
01980757, 6.8, 27, 片场疑云
01878658, 7.5, 17, 一辆淡紫色出租车
02979654, 6.7, 28, 重新做人
26721706, 7.2, 19, 暗夜诉说
26721703, 7.6, 15, 绝命归途
03131208, 6.9, 21, 狼穴巨款（上、下）
26774522, 6.1, 40, 触摸
27171019, 6.1, 40, 贵妇之死
03212393, 6.3, 29, 野爱
34441075, 7.3, 13, 死亡的随从
06820497, 6.6, 19, 致命约会
01842904, 5.6, 46, 圣像
26919319, 7.3, 11, Love You Dead
26365715, 6.8, 14, 早知今日
26647296, 7.4, 10, 谋杀需要时间
01328316, 6.6, 15, 阴影中的狼
26299996, 5.6, 35, 落幕之光
27205414, 7.2, 10, 男友
02672637, 6.0, 21, After the Night
19950539, 5.5, 34, 星期一，我不杀人
25726103, 6.6, 12, 特殊学生
26419840, 6.4, 12, 失蹤
01806666, 5.5, 18, The Problem of the Wire Cage
01862949, 0.0, 10, The Emperor&#39;s Children
01945766, 0.0, 10, 欧美雕塑名作欣赏
02017694, 0.0, 10, 飘流的情侣
30233997, 0.0, 10, 杀无赦
34949591, 0.0, 10, 西方地理通史
34939262, 0.0, 11, 傀儡师
