2020-07-05 16:00:08

number of books, tag name
622, 欧美文学

ID, rating, votes, title
01084336, 9.0, 576778, 小王子
06082808, 9.2, 294584, 百年孤独
01040211, 9.2, 92089, 福尔摩斯探案全集（上中下）
04908885, 9.0, 129286, 局外人
01046209, 9.2, 88889, 安徒生童话故事集
26954760, 8.8, 149139, 月亮与六便士
01829226, 9.1, 85333, 肖申克的救赎
03006581, 8.9, 98933, 无人生还
01043008, 9.0, 69498, 格林童话全集
01082387, 9.3, 35131, 一九八四·动物农场
01336330, 9.3, 32524, 冰与火之歌（卷一）
01858576, 9.3, 31339, 一九八四
01205054, 9.0, 49791, 悲惨世界（上中下）
30172069, 9.1, 35656, 失踪的孩子
01401841, 9.0, 32405, 傲慢与偏见
01092335, 9.0, 31551, 教父
01856494, 9.4, 14945, 卡拉马佐夫兄弟
01036274, 8.6, 51789, 夏洛的网
03815131, 9.4, 14561, 一九八四
24257229, 9.1, 22334, 鼠疫
03406401, 9.0, 25414, 悉达多
25829693, 9.0, 23608, 永恒的终结
01807516, 8.9, 27458, 罗杰疑案
01086249, 8.6, 44975, 荆棘鸟
01013208, 8.4, 63345, 如何阅读一本书
01818347, 8.7, 36083, 尼罗河上的惨案
27104959, 8.7, 34371, 离开的，留下的
02035171, 9.0, 20028, 人生的枷锁
25762009, 9.1, 16809, 教父
01006197, 8.6, 35742, 哈姆莱特
24257486, 9.1, 16018, 局外人
10738023, 8.7, 24762, 了不起的盖茨比
03578470, 9.0, 15419, 德米安
01213546, 8.4, 40967, 变形记
26957760, 8.8, 19764, 世界的凛冬
25796120, 8.9, 16374, 小径分岔的花园
25884880, 9.0, 14070, 我不知道该说什么，关于死亡还是爱情
20428302, 9.1, 12133, 失明症漫记
04187411, 8.8, 18256, 万物有灵且美
01986590, 9.1, 10567, 小王子
03054821, 9.2, 9157, 渴望生活
01765512, 9.1, 10367, 海的女儿
26295448, 8.6, 21898, 你一生的故事
03815125, 8.9, 12281, 香水
20392523, 8.5, 22948, 没有人给他写信的上校
03131626, 9.0, 10403, 荒原狼
01052203, 8.9, 11727, 局外人
02158684, 9.1, 8595, 象棋的故事
01228110, 8.2, 35374, 天使与魔鬼
02194123, 8.4, 24264, 相约星期二
26657570, 9.0, 8541, 活着为了讲述
10774752, 9.0, 8493, 毛姆短篇小说精选集
01041128, 8.6, 15195, 天蓝色的彼岸
30142261, 8.9, 9461, 长日将尽
01883353, 8.8, 10341, 野性的呼唤
10555486, 8.7, 11174, 分成两半的子爵
26344078, 9.0, 7117, 夜莺与玫瑰
01860750, 8.4, 17417, 了不起的盖茨比
01254731, 8.8, 8915, 欧·亨利短篇小说选
04908883, 9.0, 6573, 荒原狼
01427288, 8.4, 15592, 小妇人
01066165, 9.3, 4306, 卡尔维诺文集（第三卷）
03757732, 8.9, 7248, 人类的群星闪耀时（增订版）
26598807, 9.0, 6110, 人鼠之间
03025618, 9.4, 3678, 我们的祖先
01082584, 8.7, 9283, 追忆似水年华 Ⅰ
01880992, 8.5, 12435, 老人与海
03326892, 8.6, 10509, 圣诞忆旧集
02180619, 8.0, 28059, 偷书贼
01917078, 8.6, 10191, 风之影
01013502, 7.6, 60625, 钢铁是怎样炼成的
10779650, 9.2, 4324, 追忆似水年华
30316475, 8.2, 18506, 漫长的告别
04292149, 8.5, 11052, 龙文身的女孩
01442869, 8.9, 6175, 献给阿尔吉侬的花束
03402999, 8.7, 7945, 到灯塔去
01292227, 8.8, 6813, 霍乱时期的爱情
04745949, 8.7, 7795, 第二性Ⅰ
20441569, 9.3, 3513, 被淹没和被拯救的
03335362, 8.5, 10212, 大教堂
05920385, 8.3, 13687, 肠子
03836566, 8.6, 8436, 玫瑰的名字
01012637, 8.2, 15547, 牛虻
01083434, 8.7, 7130, 莫泊桑短篇小说选
27132345, 8.8, 6040, 太古和其他的时间
01982200, 8.7, 6796, 爱德华的奇妙之旅
01049957, 8.7, 6780, 浮士德
02042063, 8.4, 10349, 伊斯坦布尔
01342817, 8.7, 6523, 哈利波特5 鳳凰會的密令
21346008, 8.5, 8740, 米格尔街
03013903, 8.1, 16399, 漫长的告别
01121460, 9.3, 2926, 基督山伯爵(上下)
01880986, 9.2, 3229, 悲惨世界（上下）
01047138, 7.8, 26889, 少年维特的烦恼
05958726, 8.0, 18546, 质数的孤独
02193877, 8.0, 18353, 你在天堂里遇见的五个人
01907739, 8.6, 6910, 当世界年纪还小的时候
04286204, 8.1, 15101, 麦田里的守望者
01005918, 8.0, 17663, 堂吉诃德
04149805, 8.5, 7753, 了不起的盖茨比
01400707, 8.1, 14545, 广岛之恋
02215160, 9.2, 2987, 神秘岛（全三册）
10768068, 8.4, 8522, 寻欢作乐
10512236, 8.4, 8476, 时间的针脚
01894745, 8.4, 8458, 简·爱
01075538, 8.2, 11561, 普罗旺斯的一年
02161892, 8.5, 7126, 九故事
04908872, 8.6, 5896, 都柏林人
03769738, 8.7, 5081, 万火归一
02063329, 8.5, 6448, 包法利夫人
04737325, 8.2, 10190, 维罗妮卡决定去死
27193117, 8.6, 5514, 我们一无所有
01119528, 8.0, 13529, 高老头
01872158, 8.2, 9682, 蝇王
01874411, 8.4, 6983, 乞力马扎罗的雪
02042629, 8.8, 3949, 九三年
27036317, 8.1, 11089, 独居的一年
11528350, 8.8, 3857, 哈扎尔辞典（阳本）
20501761, 8.3, 7627, 地球上最后的夜晚
02253413, 8.9, 3291, 巴黎圣母院
03926717, 8.6, 4790, 雷蒙德·卡佛短篇小说自选集
01880987, 8.6, 4783, 安娜·卡列尼娜
27194720, 9.2, 2235, 追寻逝去的时光·第一卷：去斯万家那边
02165076, 9.0, 2815, 玻璃球游戏
26701959, 8.6, 4662, 我脑袋里的怪东西
03831788, 8.1, 9841, 逃离
06440343, 8.8, 3535, 荒原
04202422, 8.3, 7059, 云图
24163576, 8.3, 6941, 漫长的告别
10569619, 8.4, 5835, 自由
01885261, 8.6, 4343, 巴黎圣母院
20428313, 8.7, 3702, 冷血
06097966, 8.0, 10277, 发条橙
01021311, 8.6, 4129, 爱丽斯漫游奇境
06797396, 8.5, 4643, 焚舟纪
04154988, 8.0, 9720, 纯真博物馆
04246979, 8.1, 8109, 窄门
11607435, 8.7, 3245, 廊桥遗梦
01948922, 8.3, 5466, 面纱
01009285, 7.7, 14695, 童年
26630480, 8.6, 3562, 毒木圣经
04621099, 8.3, 5171, 死于威尼斯
01946666, 7.9, 9367, 斯泰尔斯庄园奇案
01011702, 8.2, 5617, 廊桥遗梦
24107596, 8.1, 6507, 神经漫游者
02980471, 8.3, 4682, 赎罪
01048173, 8.1, 6289, 忏悔录
04245064, 8.6, 3044, 冷血
04881998, 8.4, 3964, 猜火车
01011228, 8.4, 3958, 远大前程
01437488, 9.3, 1316, 群魔
02173262, 8.2, 5110, 假如明天来临
02243692, 7.8, 9623, 潜水钟与蝴蝶
01038196, 8.4, 3756, 尤利西斯
27025715, 7.8, 9522, 永恒的边缘
10473355, 8.6, 2844, 木麻黄树
01152701, 7.8, 9084, 漂亮朋友
02267630, 8.3, 4107, 凯尔特的薄暮
01771464, 8.7, 2398, 微物之神
04881637, 8.7, 2377, 老人与海
03041463, 8.4, 3496, 时间回旋
01026317, 7.7, 10387, 可爱的骨头
04894485, 7.8, 8639, 麦田里的守望者
10605850, 9.1, 1398, 海浪
03797322, 9.1, 1379, 悲惨世界
06999940, 8.7, 2193, 2666
01434071, 7.9, 6634, 我们
02973335, 8.7, 2125, 微暗的火
33459737, 8.2, 4130, 书店日记
24089492, 8.8, 1782, 恶童日记（珍藏纪念版）
26681991, 8.6, 2252, 鳄鱼街
10746177, 8.3, 3215, 终结的感觉
01211572, 9.8, 606, 世界文学名著连环画 欧美部分（全十册）
04893069, 9.3, 962, 莎士比亚喜剧悲剧集
06310320, 8.7, 1840, 人都是要死的
25808056, 8.0, 4655, 纸牌屋
02214344, 7.5, 10668, 不存在的女儿
01888031, 7.8, 6186, 格列佛游记
01893466, 8.0, 4471, 鲁滨孙历险记
11539568, 8.7, 1677, 变形记
02050779, 8.3, 2651, 魔山
26591906, 8.2, 3003, 浮生梦
02209227, 8.2, 2999, 一个孤独漫步者的遐想
01455933, 7.5, 9078, 你好，忧愁
26303655, 8.3, 2546, 欧·亨利短篇小说精选
04213981, 8.4, 2211, 好人难寻
02050777, 8.2, 2835, 小妇人
02063620, 7.8, 5144, 谋杀启事
27079433, 8.5, 1887, 纳博科夫短篇小说全集
01998101, 9.5, 615, 飘（上）
02193878, 8.1, 3041, 红字
04125911, 8.1, 2981, 蝇王
26862626, 7.6, 6454, 克苏鲁神话
03055316, 7.7, 5430, 第十三个故事
30244058, 8.8, 1206, 奥斯卡与玫瑰奶奶
01279212, 7.4, 8925, 十日谈
06879215, 7.5, 7397, 乌克兰拖拉机简史
20273057, 9.0, 945, 象棋的故事
02265995, 7.1, 15946, 大象的眼泪
02245301, 8.0, 3269, 戴珍珠耳环的少女
01023048, 8.0, 3261, 情人 乌发碧眼
04191701, 8.7, 1272, 肉桂色铺子
05406569, 8.8, 1112, 羊脂球
02036569, 8.3, 2018, 愤怒的葡萄
27073501, 8.8, 1103, 最接近生活的事物
26264077, 8.4, 1773, 心是孤独的猎手
03024623, 8.2, 2298, 布鲁克林的荒唐事
05917395, 8.5, 1498, 特别的猫
06832303, 6.8, 24796, 别相信任何人
01760134, 9.1, 711, 茨威格小说集
21778349, 8.3, 1739, 苦水音乐
19898714, 7.6, 4660, 偶发空缺
01917969, 7.9, 2902, 通向蜘蛛巢的小径
02032117, 7.8, 3264, 纽约三部曲
03017205, 7.8, 3235, 长眠不醒
01321790, 8.1, 2049, 华氏451
01083317, 7.8, 3118, 北回归线
25875828, 8.9, 761, 玫瑰的名字
02280027, 7.6, 4048, 自杀俱乐部
26787941, 7.2, 8011, 玛格丽特小镇
30299697, 8.5, 1132, 黑塞童话集
04850826, 8.9, 728, 傲慢与偏见
27086103, 8.8, 804, 走出非洲
34954108, 8.2, 1605, 坟场之书
05940877, 8.4, 1225, 激情
04262685, 8.1, 1783, 戏梦巴黎
26356948, 6.2, 82152, 摆渡人
26900889, 8.3, 1342, 佛罗伦萨的神女
34441048, 8.0, 1964, 在别人的句子里
10555550, 8.5, 1044, 为什么读经典
24257271, 9.1, 553, 正义者
01242927, 9.7, 326, 英国文学名篇选注
27592929, 8.2, 1480, 克苏鲁神话Ⅱ
03100590, 8.6, 901, 罗密欧与朱丽叶
26312708, 8.5, 1009, 达洛维夫人
30325325, 8.0, 1888, 全能侦探社
04219120, 8.4, 1131, 流浪的星星
02043873, 9.0, 586, 天边外
10564102, 8.1, 1627, 单身（50周年典藏纪念版）
25881325, 7.1, 8087, 庆祝无意义
30266616, 9.1, 526, 追寻逝去的时光·第二卷：在少女花影下
23038663, 7.9, 2082, 质数的孤独
01210736, 8.3, 1151, 茶花女
27622171, 7.4, 4064, 橘子不是唯一的水果
03063119, 8.8, 636, 铁皮鼓
27037087, 8.7, 703, 断头王后：玛丽·安托瓦内特传
01766725, 8.1, 1410, 斩首之邀
02971734, 7.3, 4589, 一把雨伞给这天用
26298590, 8.4, 950, 出轨
02323412, 8.9, 553, 瓦尔登湖
02153625, 7.6, 2760, 午后四点
05043526, 7.6, 2641, 床笫之间
30165023, 7.4, 3533, 北欧众神
05394486, 7.3, 4021, 爱情没那么美好
26299948, 9.2, 376, 飞越疯人院
01208002, 8.1, 1177, 琥珀
30280340, 8.9, 482, 格林童话（上下）
20003446, 8.3, 912, 草竖琴
26909872, 8.3, 903, 奇想之年
26819479, 7.9, 1477, 小说药丸
03348423, 7.8, 1641, 零时
26682740, 8.4, 771, 快乐的死
01050006, 7.8, 1624, 伪君子
02380313, 8.8, 500, 一个陌生女人的来信
02323413, 7.9, 1356, 查泰莱夫人的情人
27039411, 7.6, 2054, 高堡奇人
01982151, 8.2, 913, 海
27024260, 9.0, 393, 飘
02253751, 7.9, 1321, 我最美好的回忆
01915476, 8.9, 425, 草原上的小木屋
01420506, 8.7, 507, 疯狂星期日
01768002, 9.3, 291, 是，首相
24861167, 8.5, 614, 一个人消失在世上
19944406, 8.8, 451, 天使，望故乡
26701071, 8.4, 680, 福楼拜的鹦鹉
25773582, 9.3, 283, 李尔王
26422517, 8.6, 539, 黄铜判决
06101489, 8.0, 1070, 洛丽塔
30367015, 8.4, 663, 守夜
01987907, 8.6, 525, 红与黑
30257756, 8.8, 426, 阳台
02135140, 8.0, 982, 英国式谋杀的衰落
02193880, 8.2, 752, 汤姆大伯的小屋
01322410, 8.7, 439, 人生的枷锁（上下）
05350834, 8.8, 398, 尼伯龙根的指环
01940642, 9.2, 271, 迪伦马特小说集
01903698, 9.4, 230, 中午的黑暗
25886975, 8.5, 502, 它
26767248, 8.4, 556, 校园秘史
04856199, 7.5, 1713, 而河马被煮死在水槽里
27197832, 8.7, 401, 愤怒的葡萄
21690069, 8.3, 584, 幻世浮生
25897675, 7.3, 2200, 比恐惧更强烈的情感
03908322, 7.7, 1214, 致命遗产
26767240, 8.5, 469, 安德的影子
21685339, 9.0, 292, 披头士
06440304, 8.4, 519, 青鸟
02282517, 7.4, 1853, 命案目睹记
30284759, 7.9, 923, 好好告别
03262703, 9.0, 289, 英国诗史
02248319, 8.0, 793, 嫉妒
20259527, 9.3, 220, 低俗小说
24719080, 8.5, 449, 纠正
03271522, 7.3, 2045, 蓝色列车之谜
03154712, 9.1, 255, 热爱生命
04193160, 8.8, 319, The Girl Who Kicked the Hornet&#39;s Nest
04729341, 8.7, 349, 梦中的塞巴斯蒂安
26274359, 9.0, 261, 夏威夷史诗（上下）
20273266, 8.1, 633, 假如给我三天光明
25875270, 7.5, 1370, 生命不息
03266351, 8.4, 452, 人性的因素
25887956, 7.4, 1556, 缓刑
26935080, 9.0, 248, 生活的事实
06124813, 8.3, 478, 纽约兄弟
26861720, 8.3, 477, 文学回忆录
06308163, 8.6, 351, 血字的研究
20301792, 7.7, 961, 邮差
26237051, 7.8, 839, 没有女人的男人们
26366422, 7.8, 828, 怪房客
02281029, 8.6, 340, 河畔小城
01760085, 8.8, 281, 岁月的泡沫
21331448, 9.1, 217, 小王子
01490999, 8.7, 305, 雨
26435512, 7.9, 710, 一直下雨的星期天
01434320, 8.7, 298, 米格尔大街
25956658, 8.6, 324, 风景中的少年
01315569, 8.4, 380, 羚羊与秧鸡
10607006, 7.7, 844, 长崎
05972402, 8.1, 506, 浓情巧克力
30140370, 7.6, 916, 玩家1号
05326853, 8.1, 498, 悲喜边缘的旅馆
26845401, 8.9, 228, 样样干
04892942, 7.6, 871, 小小陌生人
04230644, 9.0, 202, 分道而行
01085552, 8.0, 529, 匹克威克外传
04097174, 8.2, 419, 第十三个故事
01678460, 8.5, 308, 八十天环游地球
05406564, 7.9, 552, 红字
06451531, 8.7, 238, 赫索格
01085469, 8.3, 339, 驴皮记
02017722, 8.0, 457, 阴谋与爱情
04112159, 7.0, 1780, 万圣节前夜的谋杀案
25943061, 9.1, 161, 孤独、团结与反抗
19964968, 7.5, 809, 爱
20562647, 9.6, 111, 世界文学名著连环画:欧美卷(共10册)
03617189, 7.8, 547, 庞贝
11511203, 8.8, 199, 驭风少年
20499985, 8.4, 280, 社交礼仪守则
19963460, 8.5, 246, 与魔鬼作斗争
06101491, 8.4, 267, 微暗的火
07916083, 8.4, 267, 荒野指南
04884854, 7.7, 555, 自杀俱乐部
19976126, 8.4, 260, 在意义天际的写作
34991772, 8.3, 283, 暗室手册
25904929, 7.7, 541, 扯平
25746445, 7.9, 425, 酷儿
01199614, 8.1, 337, 呼啸山庄
21263654, 8.3, 274, 此景
19975223, 8.3, 273, 我弥留之际
10491258, 8.7, 190, 中性
26451389, 8.4, 247, 虔诚的回忆
19977751, 8.5, 221, 图案人
01862409, 8.7, 184, 荒凉山庄（上下）
26719433, 8.1, 314, 窄门
34893654, 7.2, 939, 火光之色
03570016, 8.6, 191, Breakfast at Tiffany&#39;s
11597313, 8.4, 222, 地下世界
10809022, 8.5, 202, 玻璃城堡
26276399, 7.9, 360, 误读
04140455, 8.2, 259, 布莱泽
26694861, 8.6, 179, 影响的剖析
04894484, 7.9, 346, 童年 在人间 我的大学
20451782, 8.3, 227, 我是海明威的巴黎妻子
20561623, 8.2, 249, 婚礼的成员
23020036, 9.1, 117, 重估一切价值
03025632, 7.9, 337, 德国，一个冬天的童话
26046255, 7.8, 375, 比虚构更离奇
07007773, 8.7, 158, 项狄传
27621485, 7.5, 524, 食人魔花园
25985298, 8.2, 239, 巫术师
26243522, 8.2, 238, 倒带人生
10774651, 8.3, 215, 费玛
25714171, 8.3, 215, 夜色温柔
01039237, 9.1, 112, 茨威格文集（全7卷）
03204694, 7.0, 976, 地狱之旅
25957001, 8.0, 279, 窄门
25891880, 9.6, 78, 国王的人马
20278368, 7.7, 380, 行尸走肉
26312711, 8.3, 205, 雅各布之屋
24697472, 8.4, 187, 我弥留之际
01292358, 7.1, 814, 斯佳丽
26579645, 8.7, 143, 查良铮译唐璜
03151043, 7.6, 415, 罗兰之歌
20458893, 7.4, 526, 画中情缘
20428300, 8.8, 130, 斯通，与另一个斯通
06021095, 7.8, 325, 笨蛋联盟
01144732, 8.3, 194, 尼伯龙人之歌
27603635, 8.5, 162, 人类的故事
24887637, 7.1, 756, 我唾弃你们的坟墓
02303178, 8.5, 160, 茶花女
33438813, 8.6, 147, 直到找到你
34836460, 8.9, 115, 比利时的哀愁
25875979, 8.0, 247, 婚宴
01839287, 8.6, 140, Bartleby the Scrivener
02149303, 7.7, 329, 所罗门王的宝藏
27154803, 7.7, 328, 大象
10578490, 7.5, 408, 杰夫在威尼斯，死亡在瓦拉纳西
25836046, 7.8, 288, 摇篮曲
26673089, 7.5, 402, 二流小说家
01960033, 8.3, 174, 金驴记
27081264, 8.3, 173, 一个人的朝圣
05436532, 8.0, 227, 宁静海
26926589, 8.6, 131, 埃梅短篇小说精选
26017808, 8.1, 202, 家
34672220, 7.4, 429, 灵魂漫长而黑暗的茶点时间
01084323, 8.7, 120, 巴黎圣母院
20499704, 7.3, 480, 裸体午餐
30284023, 8.4, 151, 城市与群星
20419249, 7.6, 331, 海鸥乔纳森
05326148, 7.3, 470, 堕落天使
20375528, 7.3, 466, 天空的囚徒
34969918, 7.5, 359, 柠檬桌子
03091416, 8.5, 134, 祖國
25708141, 8.7, 112, 冯至译德国，一个冬天的童话
02132087, 8.5, 131, 笑忘录
01411024, 9.0, 89, 过去的痛
06876280, 9.3, 73, Batman: Noel
34431973, 8.8, 101, 十部小说及其作者
19951333, 7.8, 239, 某种活法
04106717, 8.7, 107, 荒凉山庄-上下册-全译本
26721517, 8.9, 92, 何谓永恒
25712282, 8.5, 124, 海里有鳄鱼
26872706, 8.5, 122, 企鹅手绣经典系列：绿野仙踪
01945505, 7.9, 208, 美狄亚 声音
01019737, 8.5, 120, 自识与反思
23860708, 9.0, 83, 理想与偶像
27598516, 7.9, 197, 批评家之死
04317958, 8.6, 107, 加缪传
01084904, 8.3, 136, 劳伦斯中短篇小说选
19964306, 8.2, 147, 脆弱的幸福
01070465, 9.0, 76, 格林童话
04087914, 7.6, 249, 杯酒留痕
01449994, 8.0, 164, R.S.托马斯自选诗集
10810681, 8.1, 148, 约会游戏
33427743, 7.7, 217, 音乐大脑
04862437, 7.9, 176, 沉默之心
25912882, 7.5, 265, 日落公园
06527511, 7.9, 173, 马克·吐温短篇小说集
34937417, 7.7, 210, 午后四点
02028969, 8.4, 111, 战地钟声
21347636, 8.1, 142, 屋顶上的轻骑兵
25844020, 8.4, 110, 杜洛兹的虚荣
04703941, 7.4, 283, 毒树
01059633, 9.1, 65, 倾听者
26176955, 8.2, 125, 天使的呼唤
20506305, 7.3, 309, 什么愿望都没实现的夏天
10560797, 7.2, 348, 诸神的黄昏
26637758, 7.5, 242, 耳证人
26810827, 6.1, 2028, 黑石之墓
05336226, 7.7, 194, 完美的间谍
06387170, 7.6, 203, 鬼作家
21692706, 8.1, 126, 我的心愿单
01123802, 7.2, 310, 神秘的第三者
25837863, 8.7, 77, 安徒生童话故事集
34464701, 7.8, 160, 女俘爱玛
01954548, 8.4, 95, 白痴
02075906, 7.5, 212, 百分之七溶液
10746178, 7.5, 211, 修补匠
25744258, 8.2, 108, 苦行记
26260634, 7.7, 165, 相爱一场
20278402, 7.2, 279, 凯尔特的薄暮
26654278, 7.9, 134, 福克纳短篇小说集
20504512, 8.5, 82, 蒲宁中短篇小说选
27167972, 8.1, 112, 导体
22994258, 8.2, 103, 被释放的祖克曼
27176338, 7.1, 310, 一匹马走进酒吧
01459146, 8.4, 87, Teacher Man
02116543, 8.4, 87, 格列佛游记
26630442, 8.1, 110, 飞鸟集
03141310, 8.3, 92, 大饭店
25910828, 8.9, 60, 夜行人生
02216279, 8.2, 98, 形而上学
34787909, 7.9, 126, 睡在汽车里的女孩
21735010, 7.7, 151, 美，始于怀念
33422837, 7.8, 137, 假如比尔街可以作证
02033401, 8.1, 105, 曼斯菲尔德短篇小说选
05986570, 7.0, 325, 恶魔的报酬
25746449, 7.5, 181, 你会找到我的地方
20266035, 7.4, 201, 永恒的王妃
01915364, 8.3, 88, 圣安东尼的诱惑
25977221, 8.1, 103, 上来透口气
02069248, 8.0, 111, 欧也妮.葛朗台-世界文学名著典藏
10559575, 8.6, 69, 三剑客
30318643, 7.8, 130, 酗酒、猫与赞美诗
12425726, 7.8, 127, 探寻孤独斗室的灵魂
04583000, 7.4, 187, 我的穆斯林父亲
04729541, 7.4, 186, 查太莱夫人的情人
19964286, 7.6, 151, 我的秘密城堡
04859622, 8.9, 54, The Beautiful and Damned
27025898, 7.9, 112, 边缘故事集
22994260, 7.3, 202, 天空的孩子
01644122, 8.0, 102, 藻海无边
26616263, 7.7, 130, 杏子酱
10514929, 7.8, 118, 死魂灵
01024453, 8.7, 59, 一个小小的建议
25875986, 7.6, 140, 林中小屋
24699232, 8.3, 77, 论存在者与本质
26390038, 7.9, 106, 遗失的时光
04723752, 7.1, 235, 谎言定制店
25857978, 8.7, 57, 流氓的归来
20506303, 7.7, 124, 夜幕降临
11225827, 7.8, 107, 阿姆斯特丹
01839630, 9.0, 45, 德勒茲論文學
03925269, 8.7, 54, 无所不知先生
30172063, 7.2, 192, 爱，以及其他
20473125, 6.6, 413, 魔法师
27125374, 7.0, 238, 如何不在网上虚度人生
26812850, 7.6, 123, 杜兰葛山庄
20430023, 7.9, 94, 聚会
26777123, 8.2, 74, 纳博科夫的蝴蝶
01660423, 9.1, 41, 巴尔扎克论文艺
03019913, 8.6, 55, 文学批评方法手册
20275741, 7.6, 120, 完美的侍者
26299949, 8.1, 78, 康州美国佬大闹亚瑟王朝
01928529, 7.6, 119, 红字-世界文学名著典藏
21692865, 8.4, 62, 误解
02332055, 8.1, 77, 当代叙事理论指南
21334461, 6.4, 510, 兰贝斯的丽莎
04874274, 8.6, 53, 雪人
25801571, 8.6, 53, 人，岁月，生活
06781805, 8.1, 75, 安徒生自传
24818554, 8.7, 49, 爱欲与城邦
10575149, 8.2, 64, 存在主义
04744972, 8.5, 51, 感觉与可感物
22993609, 8.0, 72, 巨大灵魂的战栗
20415302, 7.2, 149, 未来的夏娃
20440076, 7.7, 91, 死亡空间
01225060, 8.2, 61, 灰姑娘逃婚
32223456, 8.4, 53, Girl
30466188, 7.1, 157, 地狱之旅
06039263, 8.2, 59, 克里姆林宫的枢机主教
25785152, 8.4, 51, 小王子（温暖插画纪念版）
21372099, 8.2, 58, 漂亮人生
07175448, 7.1, 150, 纸牌老千
04937353, 7.2, 134, 完美的图画
30380282, 8.0, 65, 夜袭动物园
27043120, 8.6, 43, 门在楼梯口
27192555, 8.0, 62, 爱情与阴影
01893381, 7.6, 85, 坎特维尔幽灵
26327551, 7.4, 101, 记忆残留
25743431, 9.2, 29, 蛻變
26651865, 6.9, 166, 穿PRADA的女魔头（纪念版）
22606910, 7.6, 82, 金苹果
25876946, 7.3, 108, 第十三章
11517081, 7.9, 63, 海涅的抒情
01580554, 8.4, 44, 幼狮（上、下册）
01085500, 7.7, 73, 拉封丹寓言诗全集
20468795, 7.8, 67, 明日花黄
02279391, 9.2, 27, 貓的搖籃
02376134, 8.6, 37, 伦理学
04273740, 8.6, 37, 红与黑
02011242, 6.7, 186, 北欧神话
24815946, 8.8, 32, 美国小报
17467739, 8.4, 40, The Shadow Over Innsmouth
04882002, 7.3, 91, 亿万年大狂欢
03090863, 8.4, 39, 土生子
02159507, 8.3, 41, 事实、虚构和预测
01228744, 7.8, 58, 我在黑手党的秘密生涯
23012762, 7.3, 86, 粉红色旅馆
34778572, 8.7, 31, 动物寓言集
34663168, 7.6, 65, 流浪图书馆
26720817, 7.4, 75, 寻找世上另一个我
11541356, 6.8, 134, 她的身体明白
27107193, 8.3, 37, 追影子的人3
01371661, 8.2, 37, Story of O
20438859, 7.4, 65, 布朗神父的秘密
01362760, 8.6, 28, 進去．出來．結束
25890183, 7.5, 58, 行尸走肉
04260203, 8.5, 29, 欧美文学
33387398, 8.0, 36, 追月亮的女孩
01075229, 7.6, 47, 在美国
06429614, 7.6, 47, 爱情与友情
01326858, 7.5, 50, 北欧文学史
11606526, 8.9, 21, 我不想上学了
20516448, 8.9, 21, 一本书的记录
03029818, 8.3, 27, 哲学逻辑
30435825, 8.3, 26, 坏事开头
04099637, 7.8, 35, 离开喀布尔的日子
21334479, 7.0, 65, 鳄鱼女孩
20400002, 7.6, 38, 唯愿你在此
04051535, 8.8, 19, 康德的经验形而上学
01084932, 7.7, 34, 教堂尖塔
19951048, 8.0, 28, 情迷维纳斯
03059282, 8.5, 21, 钟为谁鸣
04903186, 6.3, 121, 螺旋楼梯
06060475, 6.3, 109, 我烧了大文豪的家
25931845, 7.0, 50, 给我留下华尔兹
22003507, 7.7, 29, 我不知道的那些事情
03278786, 9.0, 14, 戈雅
02277144, 7.9, 22, Opium Tea
26183907, 7.6, 26, 自立
03561324, 7.6, 25, 论文学作品
01362553, 7.7, 22, 守門員的焦慮
30217960, 7.6, 23, 阿瑟.戈登.皮姆历险记
10598661, 7.0, 33, 大地之子的落日挽歌
01982412, 7.5, 23, 萧伯纳传
02045914, 8.6, 12, 新娘·主人·十字架
02288918, 7.8, 17, 冥王星早餐
01649468, 6.8, 32, 20世纪欧美文学热点问题
02000234, 7.2, 23, 伍尔夫作品精粹
05386290, 7.8, 15, 穿越時空的巨石碑
26284878, 6.9, 25, 边读边写
25826558, 7.6, 15, 20世纪欧美文学史
03431970, 7.1, 17, 哲学规劝录·哲学的慰藉
03931745, 7.9, 11, 爱默生散文选
05905937, 7.3, 14, 全球正义
10589311, 7.8, 10, 乌兰斯匹格传奇
06865255, 6.5, 21, 欧美文学评论选
26253804, 6.5, 18, 看得见风景的房间
26669405, 7.4, 10, Batman: The Doom That Came To Gotham
06860568, 6.2, 18, 欧美文学评论选
01147358, 6.8, 10, 世界文学名著百部  100卷 32开
