2020-07-05 16:00:08

number of books, tag name
293, 欲望

ID, rating, votes, title
03259440, 9.1, 460313, 白夜行
06082808, 9.2, 294584, 百年孤独
10554308, 9.1, 272247, 白夜行
01008145, 8.9, 372560, 围城
01068920, 9.3, 158310, 飘
10594787, 9.0, 184330, 霍乱时期的爱情
01858513, 9.0, 135119, 月亮和六便士
01017143, 8.5, 200886, 不能承受的生命之轻
01085799, 8.7, 102796, 白鹿原
01336330, 9.3, 32524, 冰与火之歌（卷一）
04011670, 8.3, 189110, 人间失格
04117922, 9.0, 46247, 嫌疑人X的献身
04123116, 9.1, 38127, 月亮和六便士
02159042, 8.5, 101238, 挪威的森林
01398395, 8.8, 51768, 狂人日记
01008988, 8.4, 107086, 了不起的盖茨比
01003000, 8.3, 112845, 悟空传
01082334, 8.1, 144825, 穆斯林的葬礼
01014278, 8.4, 79124, 红玫瑰与白玫瑰
03017857, 8.6, 49035, 金锁记
01863930, 8.8, 34012, 看不见的城市
05275059, 7.9, 138110, 1988：我想和这个世界谈谈
01292416, 8.5, 36286, 香水
01082162, 8.4, 35988, 第一炉香
01159939, 8.6, 24423, 一个陌生女子的来信
02158189, 8.5, 28642, 海边的卡夫卡
03391248, 8.7, 20074, 金阁寺
01007433, 8.2, 47495, 红与黑
20441957, 8.5, 26925, 兄弟
02022979, 8.0, 62015, 喜宝
03815125, 8.9, 12281, 香水
06711405, 8.9, 9488, 不能承受的生命之轻
03537590, 8.4, 20146, 朗读者
01030052, 7.9, 47083, 清醒纪
04882133, 8.5, 13516, 兄弟
04011440, 8.0, 31723, 最初的爱情 最后的仪式
01962923, 8.6, 11344, 西班牙旅行笔记
03270617, 9.3, 4146, 我与地坛
01261153, 8.4, 14765, 青蛇
02174013, 8.4, 13494, 国境以南 太阳以西
04009552, 7.5, 67278, 幻夜
01018153, 7.8, 31681, 水仙已乘鲤鱼去
03264665, 8.7, 6897, 三十而立
02339950, 7.7, 37705, 被窝是青春的坟墓
01049957, 8.7, 6780, 浮士德
04127527, 8.1, 16857, 厨房
01393218, 9.2, 3328, 大明宫词
01029159, 7.5, 51463, 八月未央
24737009, 8.3, 11270, ABC谋杀案
02267883, 8.0, 15433, 色，戒
01613372, 8.4, 7800, 喜宝
04267149, 8.5, 6323, 人生
01703544, 7.4, 43432, 兄弟（下）
01963325, 9.2, 2458, 教父
01894742, 8.5, 6074, 红与黑
25955474, 7.4, 42344, 坏小孩
25891771, 7.7, 21931, 失乐园
03100584, 8.8, 3820, 麦克白
03010130, 7.7, 21790, 悲观主义的花朵
01880987, 8.6, 4783, 安娜·卡列尼娜
03905366, 7.8, 16450, 迟到的间隔年
04202422, 8.3, 7059, 云图
10569619, 8.4, 5835, 自由
02193876, 8.8, 3198, 浮士德
01524272, 8.9, 2744, 魔戒（第一部）
03061282, 7.6, 20503, 山月不知心底事
01205372, 8.1, 7985, 茶花女
01211267, 8.5, 4302, 阿甘正传
03274851, 8.0, 9203, 原谅我红尘颠倒
01023500, 7.6, 18591, 告别薇安
01078554, 8.0, 8371, 情人
01318120, 8.4, 4370, 伊豆的舞女
01793713, 8.4, 4370, 中国北方的情人
01152701, 7.8, 9084, 漂亮朋友
02062599, 8.5, 3134, 雪
04778447, 7.7, 10792, 失乐园
04247000, 9.0, 1682, 欲望号街车
03016219, 8.0, 5869, 二三事
03889682, 8.4, 3175, 饕餮娘子
04100407, 8.0, 5407, 浮沉2
01075492, 8.0, 4809, 洛丽塔
24535899, 8.2, 3571, 悬崖山庄奇案
01097052, 8.4, 2673, 包法利夫人
01205373, 7.8, 6004, 苔丝
03796219, 8.7, 1695, 尘埃落定
04191699, 8.5, 2153, 午后曳航
01858583, 8.4, 2417, 蝴蝶梦
02974879, 8.1, 3460, 梦的解析
01070729, 8.3, 2548, 小妇人
04151134, 7.8, 5327, 只爱陌生人
04241767, 8.8, 1358, 邻座的怪同学 1
03195114, 8.8, 1355, 富江－The complete comics of Tomie
30441551, 8.8, 1330, 烧纸
01263250, 7.9, 4319, 八墓村
01417905, 7.1, 17404, 废都
02253392, 8.6, 1486, 包法利夫人
04881636, 8.7, 1115, 巴黎圣母院
01205351, 8.7, 1055, 双城记
01223778, 7.9, 2810, 万物生长
02071207, 8.4, 1376, 到黑夜想你没办法
20267987, 7.4, 6002, 孤独美食家
03808887, 7.5, 4963, 做单
26962862, 8.3, 1522, 流浪地球
01812223, 7.6, 4106, 消失的地平线
04241777, 9.0, 666, 邻座的怪同学 2
01921617, 8.0, 2059, 父之罪
01366168, 8.3, 1295, 假面的告白
01428004, 8.2, 1456, 羊的门
07916072, 7.6, 3106, 杨氏女
01526690, 8.1, 1418, 红与黑
05275385, 7.4, 3982, 鲤·荷尔蒙
03199440, 8.0, 1574, 玉米
02141646, 7.8, 1957, 恰似水之于巧克力
03351929, 7.6, 2541, 天堂向左深圳往右
02057529, 8.1, 1197, 阿佛洛狄特
01083430, 7.8, 1766, 十日谈
01315250, 8.9, 488, 福柯的生死爱欲
04151189, 8.6, 577, 物
02182122, 7.5, 2325, 成都今夜请将我遗忘
01185636, 7.6, 1984, 娜娜
01315187, 8.1, 997, 植物的欲望
05916004, 8.5, 626, 欲望的演化
03266350, 8.6, 522, 问题的核心
01935037, 8.4, 638, 红与黑
04582465, 7.7, 1454, 铁梨花
06784965, 7.7, 1411, 渴望之书
01428345, 7.3, 2529, 伊甸樱桃
01185896, 8.1, 794, 包法利夫人
01394352, 9.3, 243, 纳尔齐斯与歌尔德蒙
26745035, 8.6, 446, 月亮与六便士
01794202, 7.2, 2744, 苏丝黄的世界
25894181, 9.0, 267, 包法利夫人
02209114, 8.9, 290, 什么是哲学
01857240, 8.5, 421, 榆树下的欲望 漫长的旅程
01916614, 7.7, 1064, 我，十三岁，妓女，吸毒者……
03793773, 9.0, 259, 没有神的所在
01986386, 8.4, 448, 玛格丽特·杜拉斯
01908361, 8.7, 317, 太古和其他的时间
04010184, 7.3, 1592, 本能
01128662, 7.8, 790, 欲望之源
01278571, 7.4, 1347, 天瓢
02253766, 8.5, 355, 快乐人生/新快乐人生
01159937, 7.5, 1076, 淑女的眼泪
02000671, 7.4, 1149, 綁架遊戲
04062137, 8.4, 345, 六个嫌疑人
02940523, 7.0, 2095, 伊甸园的鹦鹉
03091975, 7.3, 1220, 穿裘皮的维纳斯
01315175, 8.7, 242, 实用人类学
01839468, 8.6, 260, 14歳
01512350, 7.9, 526, 包法利夫人
01085469, 8.3, 339, 驴皮记
01071392, 7.7, 657, 成都，今夜请将我遗忘
04088378, 7.9, 515, 米
01940588, 8.5, 271, 卢布林的魔术师
01944923, 8.0, 440, 十日谈
07175439, 7.6, 705, 必需品专卖店
10741116, 8.4, 289, 伊藤潤二愛藏版 01
26762116, 7.9, 486, 疯癫老人日记
06401129, 9.4, 126, 浪漫的谎言与小说的真实
02301012, 7.7, 607, 一个岛的可能性
01937598, 8.1, 368, 神之左手恶魔之右手
02172283, 7.7, 569, 橡皮人
03058216, 8.3, 287, 春潮
30170239, 8.6, 216, 包法利夫人
26284858, 8.3, 283, 欲望的眩晕
05976619, 7.5, 672, 隐者
01083203, 7.5, 663, 少女杜拉的故事
03351931, 7.1, 1141, 多数人死于贪婪
34940772, 8.3, 248, 六个道德故事
10741117, 8.4, 225, 伊藤潤二愛藏版 02
01647090, 8.6, 180, 金瓶梅
02051716, 8.7, 165, 六宅一生
02608363, 7.0, 1134, 因为女人
01370156, 8.2, 257, 火车
01260580, 7.7, 427, 欲望的旗帜
01321787, 7.3, 701, 穿裘皮大衣的维纳斯
01251781, 8.3, 224, 哲学与权力的谈判
02042256, 8.4, 193, 香水: 一个凶手的故事
02008625, 7.8, 350, 发条钟
04864857, 7.4, 559, 樱花树下
01420341, 7.8, 343, 后悔录
01315171, 8.0, 269, 奢侈与资本主义
27007485, 7.9, 298, 收藏家
01076162, 7.4, 505, 围棋少女
02060930, 7.3, 530, 势利
04834599, 8.1, 216, 爱与意志
23155724, 7.8, 288, 梦的解析
04894200, 9.2, 86, 巴黎圣母院
03038329, 7.6, 345, 奢侈品品牌管理
19977689, 7.1, 624, 红树林
01881125, 7.2, 537, 邮差总按两次铃
25938935, 8.1, 195, 欲望
25784098, 7.2, 528, 华尔街之狼
26848788, 7.5, 314, 化身
01907977, 7.5, 307, 流行性物欲症
01382856, 7.9, 200, 我的帝王生涯
01379802, 9.1, 76, The Name Of The Rose
26341821, 7.2, 402, 樱花树下
01065596, 8.0, 168, 站着相爱
30443980, 7.8, 203, 北海鲸梦
24737177, 7.3, 342, K—英国情人
02129371, 7.3, 336, 泯灭
01073162, 8.3, 123, 弗兰德公路·农事诗
01493897, 7.7, 205, The Pearl
02299266, 8.0, 149, 洛莉塔
01398908, 8.2, 122, 多少算够
01791942, 6.4, 1113, 湖光山色
01208672, 7.5, 230, 暧昧的历程
26939969, 6.7, 645, 快乐
26900662, 8.1, 126, 欲望几何学
02351866, 8.2, 115, 愛、欲望、出軌的哲學
01388244, 7.8, 162, A Stranger in the Mirror
04882006, 6.9, 457, 乳房
27118153, 7.6, 195, 找对梯子，没有你够不到的人生
02029914, 7.8, 152, 通往权力之路
03181674, 7.7, 167, 品味奢华
02969095, 6.8, 482, 红袖
03693086, 8.1, 113, 富裕社会
03622856, 6.9, 396, 寂寞是青春的墓志铭
01049690, 8.4, 82, 欲望与利益
01196752, 8.1, 103, 收藏家
01146063, 8.1, 94, 游牧思想
01000437, 6.4, 658, 索多玛城
01607111, 8.0, 95, 流星·蝴蝶·剑
01546475, 7.8, 111, 葡萄园
03578178, 7.9, 99, 视觉文化研究读本
03196187, 8.1, 84, 弗洛伊德文集第七卷：达·芬奇对童年的回忆
01152874, 7.0, 248, 北妹
01322151, 7.8, 102, 身体活
01939943, 8.0, 85, 双重束缚
11442992, 8.1, 78, 中华帝国晚期的欲望与小说叙述
34841771, 7.7, 105, 欲望的旗帜
01780745, 6.6, 355, 欲望都市
01160157, 8.3, 62, 轮舞 一位作家的遗书
01331514, 8.2, 66, 现代日本小说集·两条血痕
01163378, 7.0, 201, 青果
02243680, 6.3, 522, 市长秘书
20428319, 7.1, 174, 花儿与少年
02252536, 7.8, 82, Desiring China
03648581, 6.6, 277, 饕餮之欲
01030446, 6.5, 299, 成都粉子
02117093, 7.8, 70, 包法利夫人
20428334, 7.4, 94, 铁梨花
06981819, 7.8, 65, 后悔录
26417675, 5.9, 662, 致遗忘了我的你
04246939, 7.7, 69, 娼年
04118176, 7.1, 119, 给爱情加点盐－好爱情是算计出来的
10764155, 7.7, 68, 梦的解析
01443944, 7.4, 88, 尾巴
01075307, 7.3, 89, 初恋
27617094, 8.1, 46, 嫉妒：一桩不可告人的心事
20492456, 8.7, 31, 单独中的洞见2
02245043, 7.3, 84, 钢琴之恋
02041889, 8.8, 29, An American Tragedy
25709081, 8.1, 44, 白色巨塔
10506819, 6.9, 120, 警察难做
01351818, 8.4, 35, 工作、消費與新貧
04262640, 6.8, 113, 北京甜心
01212356, 7.9, 43, 权力玩家
01409389, 8.3, 33, 哲学美学导论
03824318, 8.2, 35, 化身博士
04202492, 6.8, 105, 理想的清单
02133871, 6.0, 285, 狗爸爸
01419910, 6.5, 129, 靈椅
01381538, 7.1, 68, 奢侈的女人
06981820, 7.1, 65, 耳光响亮
25815621, 7.4, 50, 三分之一
25892436, 7.3, 54, 我是谁
02148232, 8.1, 26, 别把事儿都当营销
26381442, 9.4, 13, Prayer
01395724, 7.8, 28, 潔癖者的極樂世界
01979830, 6.0, 151, 床前100次梳理乱发
33385451, 8.1, 20, 虹
26777165, 5.8, 159, 问药
22795017, 8.5, 15, 梦的解析
02201316, 7.2, 29, 亞洲名牌聖教
20391641, 7.4, 23, 恐惧
02283658, 6.7, 32, 流金时代
03107425, 6.3, 41, 水洗的欲望
03577578, 8.6, 10, Dying of Thirst
02080641, 6.9, 21, 布拉格恋人
03111480, 5.9, 51, 为什么有钱的人越有钱 没钱的人越没钱
02006597, 6.6, 24, 国际顶级品牌
22601865, 7.3, 13, 欲惑
02030977, 7.2, 13, 城市蚂蚁
01842904, 5.6, 46, 圣像
04212645, 6.8, 15, 市委办公室
03613792, 6.4, 14, 裸奔的年代
06017552, 5.9, 19, 人上人
03024486, 4.8, 12, 权力的欲望
35053335, 0.0, 10, 我是谁：成就人生的16种基本欲望
02475779, 0.0, 11, Desire and Fictional Narrative in Late Imperial China
10539465, 0.0, 12, 炼狱之花
