2020-07-05 16:00:08

number of books, tag name
192, 武汉

ID, rating, votes, title
02295163, 9.0, 100635, 哈利·波特与死亡圣器
01432596, 8.8, 109945, 哈利·波特与混血王子
02159042, 8.5, 101238, 挪威的森林
05275059, 7.9, 138111, 1988：我想和这个世界谈谈
04842446, 8.7, 25344, 巨流河
01919201, 8.4, 32757, 七夜雪
01228110, 8.2, 35374, 天使与魔鬼
02263077, 9.4, 3767, 福尔摩斯探案集（一）
01083433, 9.3, 3100, 悲惨世界（全三册）
01776300, 8.7, 5973, 席慕容诗集
01049189, 7.3, 73925, 1995-2005夏至未至
02379322, 9.4, 1959, 福尔摩斯探案集（三）
26908211, 9.1, 2363, 鼠疫
02379314, 9.4, 1647, 福尔摩斯探案集（二）
01856285, 7.2, 47609, 人生若只如初见
04718973, 7.8, 11664, 毒笑小说
24827456, 8.5, 3408, 万箭穿心
01078809, 8.0, 6309, 三重门
11507862, 8.2, 4047, 独自上场
02027824, 8.7, 2045, 风景
03191328, 6.5, 69880, 小时代1.0折纸时代
02128936, 8.8, 1155, 格兰特船长的儿女（共三册）
02062200, 6.2, 100680, 悲伤逆流成河
04920037, 6.9, 14303, 临界·爵迹 I
10570587, 7.3, 5992, 就想开间小小咖啡馆
01130366, 7.8, 2617, 生活秀
01822817, 8.3, 1153, 你是一条河
01102691, 8.9, 591, 吸血侠传奇-(壹)
03415661, 8.0, 1577, 水在时间之下
01023478, 8.0, 1576, 怀念声名狼藉的日子
04038164, 6.3, 42158, 小时代2.0虚铜时代
01086333, 8.4, 897, 鲁滨逊漂流记
04224227, 7.4, 3431, 怪你过分美丽
01102692, 8.9, 487, 吸血侠 达伦.山传奇II
03073062, 7.5, 2713, 纳兰词典评
01232201, 9.2, 363, 剑桥中级英语语法(英文版)(英语在用)
05355305, 7.8, 1596, 可爱的洪水猛兽
01038744, 7.2, 4030, 来来往往
01124615, 8.5, 631, 三个火枪手
03078848, 7.7, 1671, 紫极舞
02042966, 6.9, 5418, 双生水莽
34955500, 8.5, 532, 新型冠状病毒感染防护
01084407, 8.5, 487, 乌泥湖年谱
03107283, 7.7, 1254, 来吧孩子
01975960, 7.0, 3731, 所以
03733114, 7.2, 2612, 被遗忘的时光
01499588, 8.2, 620, 桃花灿烂
01434426, 8.5, 435, 一个大学校长的自白
01086337, 8.6, 383, 汤姆·索亚历险记(青少版)
01961690, 7.2, 2064, 最小说（第四辑）
22790343, 8.4, 429, 万箭穿心
01067403, 8.5, 382, 男生贾里新传
05397761, 8.1, 546, 烦恼人生
01883402, 7.9, 660, 生活秀
02057508, 7.2, 1668, 最小说（第七辑）
01522152, 7.6, 918, 木偶惊魂Ⅱ·礼堂幽灵
24533414, 7.4, 1173, 涂自强的个人悲伤
02215301, 8.6, 292, 十五岁的船长
01079591, 8.4, 350, 老人与海
04050400, 8.9, 215, 爱的3温暖
02237535, 7.7, 741, 烦恼人生
01201830, 7.2, 1351, 小姐你早
10542818, 9.1, 166, 珞珈山植物原色图谱
01074507, 7.7, 642, 死亡之屋・远离地下室
01087934, 7.9, 487, 池莉小说精选
01822819, 7.7, 571, 你以为你是谁
06309032, 7.3, 930, 她的城
01014080, 7.3, 886, 水与火的缠绵
01004795, 7.0, 1386, 有了快感你就喊
01066746, 7.4, 698, 魔血・倒霉相机
04237782, 8.1, 296, 春江花月夜
01078993, 7.4, 654, 法语(1)
06518250, 7.9, 352, 武昌城
02186929, 7.7, 424, 春天来到昙华林
07067547, 9.2, 108, 吾城武汉
35047243, 8.4, 195, 走出孤岛
01213929, 8.2, 232, 祖父在父亲心中
01289995, 7.3, 611, 毛孩复原记·海岸游魂
01011395, 7.7, 365, 水与火的缠绵
01257051, 7.3, 591, 钢琴杀手 湿地狼人
03037210, 8.3, 187, 汉口
20419234, 8.9, 114, 方方作品精选
04716209, 8.3, 176, 花样十年
06004738, 9.0, 100, 子不语 （壹）
02973013, 7.8, 282, 周杰伦@大灌篮
26320676, 8.1, 204, 万箭穿心
01084323, 8.7, 120, 巴黎圣母院
03930906, 8.3, 165, 蓝鱼手绘日记
10903003, 7.6, 316, 武汉人
01117332, 8.8, 100, 热爱生命
30175038, 8.7, 98, 中北路空无一人
01490732, 7.9, 193, 行为艺术
01425028, 8.1, 152, 行云流水
01420842, 7.8, 201, 周杰伦电影事件簿
01083208, 7.6, 245, 无头幽灵 木偶惊魂Ⅲ
01119948, 8.0, 162, 池莉近作精选
27593513, 7.6, 241, 读城记
01036776, 7.5, 255, 不谈爱情
05400189, 8.0, 151, 一夜盛开如玫瑰
03684929, 8.3, 116, 怀念声名狼藉的日子
05908259, 8.1, 136, 致无尽岁月
01085842, 7.3, 305, 数据结构
04742296, 8.6, 87, 祖父在父亲心中
02215376, 7.8, 168, 桑道夫伯爵
01036857, 7.8, 166, 埋伏
03155156, 8.5, 89, 埋伏
01277945, 7.3, 272, 深海奇遇·稻草人夜行
10458550, 8.0, 121, 刀锋上的蚂蚁
01229141, 7.5, 188, 大学法语简明教程
01391940, 7.7, 152, 头文字D
01047705, 8.1, 106, 天方夜谭
02213247, 7.9, 117, 征服者罗比尔
03200846, 8.3, 84, 方方自选集
03025628, 7.9, 116, 武汉晃晃
01103987, 7.7, 135, 有爱无爱都铭心刻骨
26005474, 8.0, 102, 汉口的沧桑往事
01056143, 7.6, 146, 汉口的沧桑往事
01265890, 7.9, 101, 怪异故事集
03264942, 8.0, 84, 文化十日谈
26857723, 7.9, 88, 烦恼人生
01016218, 6.7, 313, 口红
01425043, 8.0, 76, 致命的飞翔
06820331, 6.8, 254, 我们的千阙歌
02055166, 8.2, 65, 烦恼人生
02186304, 9.8, 25, 格林童话全集（上下）
03316147, 8.6, 46, 何处是我家园
01211738, 7.3, 119, 阅读武汉
01376436, 9.0, 32, 捆綁上天堂
26838612, 6.8, 172, 云淡风轻
05354880, 7.0, 136, 所以
01220334, 8.2, 48, 汉武大帝（上下）
35040417, 8.4, 38, 查医生援鄂日记
03936500, 9.1, 25, 你是一条河
27076248, 8.1, 42, 落日
01326456, 8.0, 42, 过程
02911748, 7.7, 52, 周杰伦@大灌篮
26663148, 8.3, 34, 武昌城
26677759, 7.2, 77, 水在时间之下
27086844, 8.9, 24, 大智门车站
26883109, 8.4, 31, 汉口
01822800, 7.4, 62, 闭上眼睛就是天黑
01887939, 8.2, 34, 武汉大学早期建筑
01624835, 7.3, 65, 儒林外史
10463097, 7.8, 42, 剑胆琴心是中医
04010106, 8.1, 31, 乌泥湖年谱
04735301, 7.8, 35, 非正规性城市
30172175, 8.5, 20, 大桥
03160301, 7.5, 36, 武汉老街巷
03223085, 7.4, 35, 小学生同步写字DIY
01073934, 8.2, 19, 武汉会战
03206889, 8.2, 19, Hankow
03624291, 7.6, 25, 武汉人
03310252, 7.1, 34, 武汉，1938
03414641, 7.3, 29, 风景深处
03436292, 8.8, 13, 江泽民同志在武汉热工所
34955023, 8.9, 12, 我要活下去
01083775, 6.4, 56, 江南第Ⅱ天堂
04900277, 7.4, 23, 大武汉美食指南
01187214, 7.2, 26, 武汉，和爱情一起入眠
01799104, 7.0, 28, 爱情有病
01782769, 8.4, 12, 消逝的武汉风景
01229142, 6.5, 39, 大学法语简明教程辅导手册
25770039, 7.2, 22, 武汉印象
01229137, 7.5, 18, 实用德语语法
04073512, 7.6, 17, 汉口老房子
20312638, 6.0, 51, 子夜惊魂
03160299, 6.9, 22, 汉味之洞天
03160300, 7.3, 16, 武汉老行当
02115775, 6.9, 20, 寻人启事
01801950, 7.8, 12, 爱情纪念日
02009882, 6.8, 21, 汉口租界
02114792, 7.2, 15, 孤帆远影碧空尽
05353297, 7.3, 14, 院墙内外
01450894, 6.5, 23, 风雅武汉
01957473, 6.1, 27, 湖北人的性情剖析
01632923, 7.5, 10, 武汉掌故
02373845, 6.2, 19, 洪波曲
01883333, 5.1, 63, 魔比斯环
27110578, 7.0, 10, 武汉历史建筑图志
01036262, 5.4, 35, 雪天使
10435539, 6.2, 15, 武汉往事
26281040, 6.2, 10, 好个大汉口
03565146, 5.9, 12, 汉口的租界
03423929, 5.8, 12, 武汉历史地图集
02112758, 6.0, 10, 山水中国（湖北卷）
07564129, 5.0, 13, 武汉史话
01241217, 0.0, 10, 2002年《程序员增值合订本》
02027639, 0.0, 10, 江城民谣
02110310, 0.0, 10, 武汉旧影
04323292, 0.0, 10, 晚清民初武汉映像
03000739, 0.0, 13, 传媒风云
35101664, 0.0, 6763, 中国战疫！
