2020-07-05 16:00:08

number of books, tag name
593, 死亡

ID, rating, votes, title
01770782, 8.9, 647944, 追风筝的人
06082808, 9.2, 294585, 百年孤独
10554308, 9.1, 272248, 白夜行
10594787, 9.0, 184330, 霍乱时期的爱情
04908885, 9.0, 129287, 局外人
01061118, 9.1, 86507, 活着
03995526, 8.6, 185210, 目送
01017143, 8.5, 200886, 不能承受的生命之轻
02143732, 8.8, 91250, 灿烂千阳
04011670, 8.3, 189110, 人间失格
02159042, 8.5, 101238, 挪威的森林
03239549, 9.2, 26755, 夹边沟记事
03136271, 8.7, 47435, 罗生门
01400705, 8.1, 134115, 情人
26576861, 9.0, 25134, 最好的告别
01401425, 8.3, 84772, 兄弟（上）
26425831, 8.8, 33336, 斯通纳
23008971, 9.1, 18815, 平如美棠
01865089, 8.4, 51684, 瓦尔登湖
26276775, 9.0, 17378, 异乡人
26963321, 8.7, 25299, 步履不停
24382569, 8.7, 22965, 一桩事先张扬的凶杀案
02361768, 9.3, 9337, 爷爷变成了幽灵
01858568, 9.1, 12217, 罪与罚
25884880, 9.0, 14070, 我不知道该说什么，关于死亡还是爱情
01257365, 9.0, 13345, 活了100万次的猫
03311253, 9.0, 12976, 额尔古纳河右岸
26896859, 8.8, 15977, 当呼吸化为空气
06973970, 8.3, 35466, 人间失格
27054340, 9.2, 8066, 一个叫欧维的男人决定去死
26641665, 9.1, 8729, 切尔诺贝利的悲鸣
26340138, 7.6, 120578, 岛上书店
25733470, 8.2, 35177, 没有色彩的多崎作和他的巡礼之年
02194123, 8.4, 24264, 相约星期二
01041128, 8.6, 15195, 天蓝色的彼岸
04826530, 9.1, 6680, 我亲爱的甜橙树
30475767, 8.1, 31731, 人生海海
26278687, 7.6, 86057, 皮囊
01394253, 8.7, 10778, デスノート 5
01065970, 7.8, 51147, 彼岸花
03608235, 8.5, 12866, 失物之书
02171321, 8.4, 13466, 找死的兔子
01049688, 8.4, 13158, 妞妞
27104286, 8.4, 11896, 寂寞的游戏
02282097, 8.8, 6330, 像自由一样美丽
27029890, 8.0, 22478, 外婆的道歉信
03673651, 7.7, 39084, 岛
01157014, 8.8, 6003, 伤逝
01058234, 7.7, 37343, 二三事
04127527, 8.1, 16857, 厨房
01029159, 7.5, 51463, 八月未央
01317899, 8.2, 12867, 生死场
01351678, 9.0, 3909, 夏宇詩集／Salsa
26304954, 9.6, 1760, 存在主义心理治疗
01016523, 7.5, 40378, 告别薇安
01761759, 9.0, 3460, 超越死亡
03899039, 8.1, 12439, 刺猬的优雅
04737325, 8.2, 10190, 维罗妮卡决定去死
01703544, 7.4, 43432, 兄弟（下）
01311280, 9.0, 3119, 灵魂的事
24226728, 8.3, 7553, 人间失格
03785741, 8.1, 10165, 死神的精确度
01165173, 8.8, 3611, 务虚笔记
27124847, 8.5, 5182, 葡萄牙的高山
01783111, 8.7, 3905, 存在与时间
05395162, 9.0, 2621, 天人五衰
27140882, 9.2, 2067, 伊凡·伊里奇之死
06073019, 9.0, 2584, 斐多
03302645, 8.1, 8149, 我在雨中等你
01292359, 8.4, 5107, 相约星期二
01797878, 8.6, 3771, 妞妞
01064223, 9.0, 2259, 夹边沟记事
01855231, 8.5, 4224, 银河铁道之夜
25735727, 8.2, 6552, 站在两个世界的边缘
01080687, 8.1, 7198, 厨房
26699448, 9.0, 2098, When Breath Becomes Air
21692813, 7.6, 16858, 眠
04621099, 8.3, 5171, 死于威尼斯
01026655, 8.4, 3807, 相约星期二
10541070, 8.4, 3774, 乞力马扎罗的雪
01055301, 8.5, 3258, 世界上最疼我的那个人去了
01852700, 9.0, 1717, 神经外科的黑色喜剧
01082946, 8.8, 2155, 我弥留之际
03155180, 8.7, 2436, 荒野生存
04778447, 7.7, 10792, 失乐园
01870262, 8.6, 2736, 帕洛马尔
26093161, 9.2, 1270, Being Mortal
21692809, 8.5, 2671, 深河
04219125, 8.3, 3349, 坟场之书
03865832, 7.1, 25174, 变身
01867064, 7.7, 7814, 八百万种死法
06310320, 8.7, 1840, 人都是要死的
06041686, 8.3, 3068, 父后七日
26599256, 8.1, 3913, 死神的精确度
24863163, 9.0, 1224, 恩宠与勇气：超越死亡
01006737, 7.8, 5921, 米
01462523, 9.2, 952, 生命的肖像
26794876, 9.1, 1039, 一日谈
25662922, 8.3, 2645, 维罗妮卡决定去死
24871655, 8.5, 1964, 无比美妙的痛苦
06897140, 8.2, 2909, The Fault in Our Stars
30264678, 9.1, 964, 尸体变化图鉴
30441551, 8.8, 1330, 烧纸
06861517, 8.5, 1870, 时时刻刻
11527635, 8.1, 3144, 鳄鱼手记
34981242, 9.1, 880, 人间告白
30244058, 8.8, 1206, 奥斯卡与玫瑰奶奶
26897187, 8.4, 1929, 活着回来的男人
30193594, 7.9, 3867, 遮蔽的天空
26780098, 8.7, 1296, 夏日庭院
30207170, 9.4, 606, 我与地坛
02266567, 9.2, 702, 伊凡·伊里奇的死
03287781, 9.1, 773, 腹語術
01871710, 8.8, 1036, Tuesdays with Morrie
26242908, 7.5, 6163, 如果世上不再有猫
01902982, 8.8, 1013, 獾的礼物
25823739, 9.3, 598, 活着
26584387, 7.6, 4984, 一个人的朝圣2
03525047, 7.8, 3596, 无影灯
03069690, 8.5, 1367, 人生的起点和终站
03298988, 8.5, 1363, 直视骄阳
01104698, 8.7, 1072, 保罗·策兰诗文选
11527634, 7.6, 4712, 蒙马特遗书
26133488, 8.9, 845, 死刑判决
24319078, 7.6, 4341, 我心中尚未崩坏的部分
02062200, 6.2, 100680, 悲伤逆流成河
06974199, 8.7, 916, 小毛驴与我
01891082, 8.2, 1651, 蒙馬特遺書
10473576, 7.4, 5465, 替身
06885371, 8.5, 1122, 切尔诺贝利的回忆
06719660, 8.8, 802, 苏格拉底之死
27623508, 8.4, 1261, 走出荒野
26769999, 7.8, 2825, 死神的浮力
26356948, 6.2, 82152, 摆渡人
01292415, 7.7, 3112, 蜜月旅行
01061729, 8.2, 1535, 韦罗妮卡决定去死
01073535, 9.1, 559, 人与自我
10564102, 8.1, 1627, 单身（50周年典藏纪念版）
06722048, 8.5, 989, 挪威的森林（电影特别版）
19930665, 8.6, 879, 重生手记
26653460, 8.1, 1606, 烟雾弥漫你的眼
01843788, 9.3, 429, 再见了，艾玛奶奶
24839756, 8.1, 1562, 死亡如此多情
20437599, 8.1, 1499, 自杀
01051931, 9.0, 540, 西藏度亡经
01958741, 7.7, 2568, 追逐日光
01223765, 8.3, 1104, 请宰了我
26890235, 7.7, 2423, 白事会
06424706, 8.4, 936, 银河铁道之夜
26660579, 8.7, 672, 直视骄阳：征服死亡恐惧
25804641, 7.8, 1994, 草草集
06742607, 8.4, 909, 偷书贼
27063482, 8.2, 1149, 维罗妮卡决定去死
03197563, 9.0, 474, 在森林里
01029739, 8.0, 1450, 生命的留言
20561802, 8.9, 516, 不老泉
03115304, 8.3, 964, 拯救乳房
03123757, 8.9, 499, 奥斯卡与玫瑰夫人
34895266, 8.6, 675, 柏林苍穹下
26909872, 8.3, 903, 奇想之年
25910235, 8.8, 518, 奔马
10739735, 7.6, 2228, 鲤·变老
27102701, 7.9, 1446, 另一种选择
24886923, 9.1, 384, 当鸭子遇见死神
25904933, 8.3, 856, 我的母亲手记
02149157, 8.5, 674, 墙
26657198, 9.2, 341, 荷马史诗中的生与死
26801537, 8.5, 666, 山中最后一季
01449688, 7.7, 1782, 白河夜船
27131873, 8.4, 725, 每个人的战争
02372022, 7.6, 1993, 无情/厄运
01778511, 8.7, 512, 象征交换与死亡
21318089, 7.6, 1933, 巴别塔之犬
02991664, 8.7, 493, 相约星期二
06729209, 7.7, 1603, 遣悲怀
04050808, 8.4, 666, 预约死亡
02344563, 8.9, 390, 邱妙津日記(上下)
01097397, 8.7, 463, 死亡的脸
03358570, 8.5, 556, 你可以不怕死
01008757, 9.0, 341, 致死的疾病
10774932, 8.0, 981, 柠檬桌子
26848023, 8.1, 852, 可爱的骨头
05352269, 8.2, 750, 你在天堂里遇见的五个人
04240395, 7.4, 2061, 复乐园
01067830, 8.9, 342, 人对抗自己
24722746, 7.7, 1311, 人类尸体的奇异生活
26910593, 7.3, 2341, 重生
30421137, 9.0, 307, 天蓝色的彼岸
26723951, 8.9, 319, When Breath Becomes Air
30284759, 7.9, 923, 好好告别
04192120, 8.9, 312, 楼上的外婆和楼下的外婆
26640439, 8.6, 413, 死缓
03248348, 9.2, 230, 獾的礼物
26422275, 7.2, 2256, 向死而生
25859542, 7.9, 824, 耶鲁大学公开课:死亡
02247138, 7.0, 3152, 爱的流放地
26708760, 8.8, 314, 死亡的脸
01309298, 7.7, 1045, 英儿
02072469, 8.0, 713, 死亡回忆
01827785, 8.7, 338, A Single Man
24523678, 8.0, 708, 白噪音
01775895, 8.5, 406, 心的出路
26838772, 9.2, 215, 我的忧伤像一头大象
34444561, 8.5, 401, 死亡护理师
01443662, 9.0, 251, 拒斥死亡
02003441, 8.9, 268, 西藏生死書（修訂版）
06861469, 8.6, 352, 在那天来临前
34449271, 7.8, 838, 尸检报告
04903446, 8.3, 467, 苏茜的世界
01781525, 7.7, 922, 殡葬人手记
06006579, 7.9, 706, 村上春树，去见河合隼雄
26220226, 8.1, 558, 流放的老国王
10770533, 7.5, 1160, 喂喂下北泽
34446050, 9.7, 134, 后来呢后来怎么了
03809655, 7.7, 870, 命
01340007, 9.2, 190, 伊凡．伊里奇之死
28867623, 8.3, 421, 暮色将至
21692682, 8.5, 344, 最后十二天的生命之旅
03774161, 7.8, 732, 凡人
02154542, 8.8, 255, 人都是要死的
25902064, 8.7, 276, 人生的起点和终站
30331265, 8.7, 276, 最后的告别
25870785, 8.7, 271, 维特根斯坦的侄子
25826747, 9.0, 208, 神经外科的黑色喜剧
02259001, 7.7, 785, 阿姆斯特丹
01097396, 8.6, 292, 生命的脸
01331882, 9.2, 175, 存在心理治療（上）
25901703, 8.0, 528, 只有时间不会撒谎
01013283, 7.7, 745, 捆绑上天堂
01466180, 8.3, 366, 东汉生死观
05326852, 7.6, 789, 纳棺夫日记
06811711, 7.0, 1898, 桥声
26608905, 9.2, 158, 小伤疤
27197828, 8.2, 365, 死亡间歇
01785680, 8.7, 226, 叔本華的眼淚
01015615, 7.8, 567, 甘露
05299885, 7.3, 1080, 遗物整理人看见的
01292283, 8.4, 287, 银河铁道之夜
26791174, 8.0, 425, 死亡哲学：耶鲁大学第一公开课
26148097, 7.3, 986, 不知死，焉知生
02184710, 8.3, 300, 生命的悲剧意识
04322027, 8.2, 323, 死亡清掃人(2)
06042376, 7.7, 554, 哀悼人
27606107, 7.5, 688, 河边的错误
01332027, 8.6, 211, 前世今生之回到當下
30268012, 8.1, 340, 许愿地球仪
05355710, 7.7, 524, 时光队伍
03098723, 7.5, 649, 死亡大辞典
03862386, 8.0, 357, 死亡匣子
35019783, 8.3, 259, 生存还是毁灭
02334602, 9.0, 142, 金閣寺
07163123, 7.8, 418, 哀痛日记
34672161, 8.0, 334, 卡夫卡与少女们
34444598, 9.2, 116, 我離開之後
01479693, 8.3, 242, 印记
25937456, 7.4, 660, 我的九十九次死亡
26607698, 8.9, 144, 死亡否认
26365988, 8.3, 237, 乞力马扎罗山上的雪
25718139, 7.2, 833, 每个人都会死，但我总以为自己不会
26958586, 8.9, 139, 不期而遇，不告而别
24848638, 7.4, 621, 天堂的证据
25895470, 8.1, 277, 人间失格
01446996, 8.3, 228, The Year of Magical Thinking
25943359, 7.9, 334, 死亡百科全书
26842404, 8.2, 240, 生命最后的读书会
25902031, 7.8, 350, 她们知道我来过
04268672, 9.0, 117, 法医病理学图鉴
06027725, 8.5, 173, 生死学十四讲
25885373, 8.8, 133, 心
30210935, 8.6, 151, 遗愿清单
01048590, 7.2, 664, 死亡与少女
19975220, 8.1, 232, 小毛驴与我
24739501, 6.5, 1990, 生死河
26775070, 7.8, 308, 无影灯（精装版）
30405019, 8.8, 123, Where Reasons End
25830943, 7.3, 553, 死后的世界
23780994, 8.7, 132, 裴多
06079935, 8.7, 131, 挪威的森林
01951657, 7.8, 299, 死亡美学
04845008, 7.7, 332, 如果我留下
26782720, 8.7, 129, 古埃及《亡灵书》
01068227, 8.2, 195, 人的问题
05375640, 8.2, 195, 妞妞-一个父亲的札记
01474588, 9.1, 95, A Grief Observed
27104494, 8.7, 124, 小小的她的来访
26303513, 7.6, 348, 活着有多久
26636665, 8.1, 206, 黄雨
01437620, 7.7, 306, 人类死刑大观
25947164, 7.5, 382, 哲学家死亡录
03012342, 8.3, 167, 木乃伊七号
01880836, 8.2, 179, 死亡的尊严与生命的尊严
01176313, 8.4, 145, 小河男孩
33410129, 8.9, 98, 生命最后的读书会（精装）
01008249, 7.5, 350, 中国文人的非正常死亡
05974322, 8.6, 121, 与神回家
26262781, 8.9, 95, Do No Harm
02345482, 8.8, 100, Civilization and Its Discontents
30271488, 8.6, 115, 失聪宣判
24744718, 7.8, 231, 直面内心的恐惧
26302565, 8.5, 121, 百年法(上)
24909388, 8.0, 186, 余生第一年
35013665, 8.2, 153, 比句点更悲伤
10809151, 7.7, 248, 失语者
06519817, 9.1, 77, 奔向荒野
07161523, 7.6, 275, 生物中心主义
26319003, 7.9, 201, 写下你的墓志铭
30170032, 7.9, 200, 给布里安娜的卡片
01687948, 9.6, 56, 梁遇春散文选/中国文库
26866846, 8.2, 150, 长远看来，我们都已死去！
01839940, 8.8, 92, 寂寞，在生命最後八天
03017810, 8.6, 106, 我們在此相遇
06729193, 8.6, 106, 永远的约定
30237881, 8.2, 147, 独自迈向生命的尽头
34907836, 7.4, 330, 生尸之死
27204087, 7.6, 262, 变老的哲学
01353757, 8.6, 104, 微物之神
01781794, 7.2, 406, 前世今生
30325328, 7.8, 205, 悲伤的力量
30443980, 7.8, 203, 北海鲸梦
10740436, 8.5, 109, 世界上最疼我的那个人去了
10546097, 8.2, 133, 陪伴生命
03880848, 6.2, 1867, 向死而生
10582043, 9.2, 64, 上帝的寓言
06087956, 8.3, 122, 如果能长大该多好
26427233, 7.6, 235, 殡葬人手记
26670874, 7.5, 261, 一个人最后的清单
01031314, 9.1, 67, 别人
01791149, 9.3, 59, 顶果钦哲法王传
01262058, 7.4, 286, 一，二，滑向铁轨的时光
01011028, 8.1, 141, 沙漏
34461220, 7.3, 321, 遗言图书馆
20284717, 8.3, 118, 沒有失去人性前的報告
34961303, 7.8, 185, 法医报告
26264636, 8.5, 100, 我和我母亲的疼痛
30187998, 7.4, 277, 少年维特的烦恼
01680303, 8.3, 115, 论死亡和濒临死亡
30466628, 8.2, 124, 日本美學：物哀、幽玄、侘寂
02145845, 7.3, 305, 不可逆转的时刻
04823759, 7.0, 440, 爱的流放地
07052380, 8.6, 89, 死体泥棒
03411745, 7.3, 300, 出走年代
26267080, 8.9, 72, 独一无二的伊凡
30257741, 8.3, 109, 死亡之书
34986454, 8.8, 75, 天上再见
01032140, 8.5, 93, 北风的背后
14278396, 6.9, 471, 南方旅店
01136990, 8.5, 91, 接近于无限透明
17421036, 8.5, 91, The End of Your Life Book Club
06126832, 8.0, 137, 死亡课
24743678, 8.0, 134, 已故的帕斯卡尔
01387071, 8.6, 82, 換取的孩子
26889296, 8.8, 71, 天涯若比邻
30208052, 7.5, 209, 漫游者
24697928, 7.4, 233, 人之将死
30207283, 9.5, 45, 伊凡．伊里奇之死
34834963, 9.1, 56, 自然的弃儿
07065562, 6.9, 419, 沉默博物馆
24696743, 9.2, 52, 死亡是怎么回事
06265503, 8.3, 96, 關於我的命運
01084227, 8.0, 121, 上帝·死亡和时间
06966481, 8.5, 80, 查拉图斯特拉如是说
30459272, 7.3, 237, 明日将至
34857125, 8.1, 108, 生死之间
25816998, 7.7, 154, 人间失格
01023973, 7.6, 167, 死刑报告
26869050, 8.2, 97, 影像中的生死课
24876892, 8.4, 83, 人字旁
27078988, 7.2, 255, 那些死亡教我如何活
06889832, 6.9, 367, 找死手册
02174320, 9.4, 43, 西藏度亡經
26413033, 7.4, 197, 姐姐的守护者
05321893, 7.5, 176, 死海搏击
33436270, 8.2, 93, 从容的告别
30318643, 7.8, 130, 酗酒、猫与赞美诗
01819486, 9.2, 47, On Photography
01077827, 7.5, 173, 死亡文化史
04265552, 8.4, 78, 死的型錄
01357703, 8.9, 55, 陳春天
06711933, 7.8, 122, 我的温柔死神
05989087, 7.6, 144, 正午的原野
03837614, 7.7, 130, 最后的舞蹈
25892202, 9.3, 41, 死亡预告08
01340905, 9.0, 48, How We Die
11591886, 7.4, 167, 安魂
26430181, 7.1, 233, 死亡入门
25727585, 8.3, 73, 发展心理学（第10版•下册）
30157233, 7.8, 106, 幸存心理学
02972146, 7.8, 104, 墓葬与生死
33658562, 7.3, 168, 我生命的第一天
02320015, 8.3, 69, 自由或死亡
02971371, 7.3, 162, 爱，在你转身时盛开
30270969, 8.2, 72, 优雅的离别
26436410, 8.4, 61, 一个男孩的宇宙
34461222, 7.1, 192, 墓志铭图书馆
01209393, 9.1, 39, 最后的宣战
04778325, 7.2, 168, 古埃及亡灵书
25848221, 7.7, 101, 远去的家
01448769, 8.3, 62, 我们怎样死
01538521, 8.2, 66, 死亡、战争与献祭
05989234, 7.5, 118, 死亡的化学反应
26757715, 9.0, 38, 死亡、战争与献祭
26312860, 8.1, 68, 外婆住在香水村
06810152, 9.5, 29, 生命的肖像
33398697, 8.2, 62, 此后再无余生
01796592, 8.5, 50, 酒店關門之後
05341005, 8.3, 57, 我心中尚未崩壞的部分
03833025, 7.1, 163, 与猫共舞的单身女人
02209366, 8.4, 53, Life After Life
26581091, 7.9, 76, 超思考
04052909, 9.5, 28, 星飛過
26802106, 9.0, 35, 重生手记（插图修订本）
04189964, 8.6, 44, 反抗死亡
01372317, 9.4, 28, The Sense of an Ending
10561790, 9.4, 28, Mortal Questions
26705772, 7.5, 99, 生命的另一种可能
03722969, 8.0, 65, 古罗马帝王之死
25816535, 7.4, 108, 嫁给西藏
26747793, 6.7, 234, 怕死
26411088, 8.0, 64, 生死功课
01287929, 7.8, 72, 饭店世界
01000429, 8.5, 43, 最后的尊严
30217950, 6.5, 278, 蜜月旅行
03575048, 8.8, 35, Sum
01765630, 8.1, 54, Everyman
04047676, 8.2, 50, 礼仪的交织
02973332, 7.8, 67, 病魔
01058896, 7.5, 86, 体验悲哀
01776818, 8.0, 57, 在我墳上起舞
10589314, 6.4, 299, 离奇死法大百科
04023399, 9.8, 21, 人的景况与神的大能
06425601, 7.5, 83, 给我的孩子讲死亡
30414597, 7.3, 99, 没什么好怕的
34923030, 7.8, 64, 黑暗物质三部曲
06795517, 8.3, 44, 最后一堂生死课
03761343, 8.2, 47, 納棺夫日記
06973812, 8.4, 40, 告別式從明天開始
26282633, 7.7, 65, 面对死亡的人（上卷）
03188323, 7.1, 112, 幸存者
02340083, 7.3, 92, 祝你生日快乐
34034482, 7.9, 55, 回不去的旅人
25887928, 7.7, 64, 黑色摩托
01055894, 7.8, 59, 我们在天堂重逢
27069636, 7.3, 89, 死后的世界
03793238, 8.0, 50, 死的困扰与生的执著
03206986, 7.3, 88, 死亡美学
30284740, 7.7, 62, 赠予死亡
01358475, 8.3, 40, 叔本華論文集
06862821, 7.4, 77, 此生
02061072, 9.1, 25, 灵魂自然死亡：宗教与科学的接点
33395291, 6.7, 155, 死亡的故事
01275547, 7.7, 58, 死论
26937462, 8.7, 30, 令人著迷的生與死
26774575, 9.3, 22, Cry
01119942, 7.9, 49, 古丽雅的道路
05292815, 7.0, 106, “自杀时代”的来临？
26394915, 7.6, 60, 临终前最后悔的五件事
27168141, 6.9, 115, 纵然明日离世，不碍今日浇花
02371041, 8.9, 26, The Denial of Death
26952843, 8.0, 44, 身体、不死与神秘主义
04609179, 9.7, 18, Thomas the Obscure
06524075, 6.2, 274, 前世的秘密
27188011, 7.4, 68, 人生谢幕前，请全力以赴
01878103, 9.5, 19, Writing and Difference
10537639, 7.5, 61, 日落俱乐部
34995584, 7.7, 52, 网上遗产
26763612, 8.8, 26, 凝視死亡
01820963, 7.0, 95, 肉鸽
10537646, 7.0, 94, 往生情书
02139687, 8.3, 33, 前世今生
27060322, 7.1, 82, 生命的关键决定
01140449, 8.2, 35, 生命直观
02125511, 8.2, 35, 人的末日
26830624, 8.2, 35, 面對父母老去的勇氣
05396607, 6.2, 236, 死亡清掃人(5)(完)
01894842, 7.6, 52, 少年维特之烦恼
01101662, 7.1, 79, 巨人离席：世界100名人的临终时刻
26821056, 7.6, 51, 夜舞
01128323, 7.1, 74, 习惯死亡
01332427, 7.9, 39, 不過是具屍體
01542273, 8.2, 32, 摇曳的教堂
34840647, 8.3, 30, 我们如何生，我们如何死
05372094, 8.7, 24, 世界的血
01041136, 7.8, 41, 死·永生·上帝
34999799, 8.4, 28, 妈妈，对不起
06009288, 7.9, 38, 哀伤平复自助手册
10489102, 6.5, 131, 血玲珑
25867718, 7.4, 52, 自杀研究
10589964, 8.7, 22, Mortality
02123069, 7.3, 54, 玫瑰血
04222475, 8.3, 27, 天堂教我的七堂課
03058351, 8.5, 24, Staring at the Sun
10537755, 8.2, 28, 生死思考
01079296, 8.4, 25, 每天拥抱死亡
26797123, 7.0, 67, 温暖消逝：关于临终、死亡与丧亲关怀
01358768, 9.2, 16, 美好人生的摯愛與告別
26333426, 7.6, 38, 民俗学中的死亡文化
06535740, 8.5, 22, 死の灰
01233644, 8.0, 29, 死
01395441, 7.6, 36, 在死亡之中
26589149, 7.1, 53, 妞妞
01394240, 8.4, 22, 死亡別狂傲
06430660, 8.3, 23, 男孩的最后8个愿望
34984113, 7.7, 33, 寂静旅馆
26275767, 6.6, 84, 砸开上帝的坚果
03414769, 8.2, 24, 不想活下去的孩子
03223703, 7.1, 51, 亲历死亡
20261738, 7.3, 43, 在死亡面前让我们谈谈人生
34809182, 7.6, 34, Will My Cat Eat My Eyeballs?
25716953, 7.4, 39, 最后的舞蹈（第9版）
07060512, 7.0, 53, 我思故我在
26861858, 8.8, 17, 临终心理与陪伴研究
26304865, 7.8, 29, 为什么要自杀
06985518, 7.3, 40, 死亡之书
03012094, 9.6, 12, 镜外——生死之间
04017883, 7.5, 34, 红处方
26521898, 6.1, 132, 移动迷宫：全3册
01017258, 7.1, 45, 达尔文的蚯蚓
26282622, 7.1, 44, 面对死亡的人（下卷）
26264190, 6.9, 51, 如今你的世界永远是黑夜
03398042, 6.6, 68, 出售死亡
06438131, 8.0, 23, 道濟群生錄
01775028, 8.3, 19, 每個人都死了
05355700, 8.2, 20, 好走：臨終時刻的心靈轉化
06917716, 6.9, 47, Me and Earl and the Dying Girl
01335302, 7.1, 39, 生命不死
04026509, 8.2, 19, NOTHING TO BE FRIGHTENED OF
04861197, 6.5, 65, 吸血鬼大全
10564631, 7.3, 31, 连续自杀事件
04744575, 8.0, 20, 天堂與地獄
01538992, 7.6, 25, 与死亡言和
01159393, 7.8, 22, 禁止死亡
34454820, 7.0, 38, 死后的世界
03751928, 8.7, 14, 凝視太陽-面對死亡恐懼
02481421, 9.6, 10, The Space of Literature
02289915, 7.8, 21, 直面与超越
07053124, 7.8, 21, Death
27055282, 6.5, 56, 超越生物中心主义
03349972, 8.3, 16, 牺牲
04867967, 8.4, 15, デス・スウィーパー n°1
02108235, 7.5, 24, 骨中罪
03354929, 5.8, 119, 死亡简史
21616923, 6.3, 62, 当我们回到上帝怀里
32579065, 8.1, 16, 无人返回之路
26662916, 7.3, 25, 死亡与右手
01480612, 7.5, 21, 中国死亡文化大观
03852561, 7.5, 21, 法医毒理学
03929563, 9.1, 10, The Tibetan Book of the Dead
01683735, 7.1, 27, 论死生
05283628, 8.4, 13, 生死學十四講
05283632, 8.6, 11, 死亡的尊嚴與生命的尊嚴（第六版）
10589987, 8.2, 13, Mortality
02979376, 7.1, 24, 人的生死之谜
02131753, 7.3, 21, 佛说死亡
30283790, 6.4, 41, 向死而生，活在当下：濒死体验死亡哲学课
01430305, 7.7, 16, 心灵鸡汤
33449780, 7.7, 16, 携死而生
06556584, 7.3, 19, 和哈利·波特一起直面死亡
01127793, 6.4, 37, 死亡心理探秘
26280656, 7.1, 20, 理解死亡
01814854, 7.5, 15, 感人至深的四句心灵告白
26870309, 7.6, 14, 死给你看
01763812, 7.9, 12, 在那天来临前
01732423, 7.5, 14, 安乐死法研究
06522128, 7.2, 15, 死時誰為你哭泣
10782462, 6.9, 18, 死前會後悔的25件事
01658164, 7.6, 12, 饬终
01416894, 6.6, 21, 中西死亡美学
02119302, 7.2, 13, 终极名言
30258974, 7.5, 11, 爱与死
26752818, 6.5, 19, 最后的陪伴
26370317, 6.8, 14, 没有你的最初42天
22279360, 5.7, 34, 向死而生
06848331, 6.2, 21, 死亡大辞典
03000347, 6.7, 14, 死亡探秘
10785638, 7.2, 10, 活着就是幸福
01813591, 6.6, 13, 独居生涯
26317161, 7.0, 10, 英美文学名家的死亡哲学
02070791, 6.5, 12, 中国当代文学的死亡叙事与审美
24882921, 5.8, 10, 死亡哲学
01419698, 0.0, 10, The Egyptian Book of the Dead
03100400, 0.0, 10, 活着没商量
03105184, 0.0, 10, The Book of Dead Philosophers
27008183, 0.0, 10, The Politics of Compassion
30361071, 0.0, 10, 奶牛娇娇
01060855, 0.0, 11, 生死之歌
04912698, 0.0, 11, 如果我留下
20390687, 0.0, 11, 讓「死」活下去
01797191, 0.0, 12, 死后见闻
03423545, 0.0, 12, 永生的信仰和对死者的崇拜
01068185, 0.0, 13, 死亡
05966622, 0.0, 13, Say Her Name
10491778, 0.0, 14, 田田的日记
35101957, 0.0, 14, 天生思想家系列·救命啊
