2020-07-05 16:00:09

number of books, tag name
561, 民主

ID, rating, votes, title
20427187, 8.8, 276236, 看见
01054685, 9.1, 100736, 沉默的大多数
06781808, 9.2, 77186, 杀死一只知更鸟
26698660, 8.9, 66329, 巨人的陨落
03369793, 8.6, 102484, 亲爱的安德烈
05414391, 9.0, 41467, 寻路中国
20424526, 9.2, 29827, 邓小平时代
07060185, 9.0, 37398, 江城
03239549, 9.2, 26755, 夹边沟记事
01027191, 9.0, 36518, 历史深处的忧虑
03813669, 8.6, 69122, 民主的细节
07163250, 9.2, 21829, 明朝那些事儿
01426971, 8.8, 30175, 野火集
05275059, 7.9, 138111, 1988：我想和这个世界谈谈
26957760, 8.8, 19764, 世界的凛冬
01014825, 9.0, 13040, 我也有一个梦想
01056315, 8.8, 17439, 总统是靠不住的
04729583, 8.9, 13360, 野火集
01277981, 8.8, 13601, 社会契约论
01060774, 8.7, 14597, 君主论
01041385, 9.2, 6982, 论美国的民主
20463108, 8.3, 26235, 观念的水位
01424313, 9.3, 5795, Animal Farm
01762869, 8.9, 9778, 如彗星划过夜空
23774518, 9.3, 5551, 1984
04872671, 8.2, 27465, 佛祖在一号线
01144185, 9.1, 6744, 美国宪政历程
06401128, 8.9, 8505, 批评官员的尺度
01255500, 9.2, 5540, 动物农场
19920715, 8.6, 10164, 论中国
01025723, 8.3, 15891, 潜规则
02282097, 8.8, 6330, 像自由一样美丽
03597031, 9.1, 4020, 杀死一只反舌鸟
07055441, 8.8, 5599, 罗马人的故事1
25881102, 8.8, 5477, 独裁者手册
01534951, 9.0, 3817, 逃避自由
06892579, 8.4, 8649, 美国种族简史
25870310, 8.8, 4667, 野火集
06558202, 9.0, 3440, 容忍与自由
06110110, 9.2, 2602, 社会契约论
05401989, 8.0, 13280, 自由在高处
03163104, 9.3, 2140, 变化社会中的政治秩序
01454687, 9.0, 3025, 政府论（下篇）
02025235, 9.1, 2523, 顾准文集
25708714, 8.9, 3068, 历史深处的忧虑
01048930, 9.0, 2687, 联邦党人文集
04199761, 8.3, 6906, 重新发现社会
20366368, 9.1, 2266, 公正
20453024, 8.7, 3688, 不要因为走得太远而忘记为什么出发
01468426, 8.7, 3634, 利维坦
10598170, 8.1, 8714, 我不要你死于一事无成
01439441, 9.0, 2299, 伯罗奔尼撒战争史
03101021, 8.7, 3195, 极权主义的起源
30147567, 9.4, 1248, 杀死一只知更鸟
01437488, 9.3, 1316, 群魔
11607261, 8.6, 2801, 旧制度与大革命
01125731, 8.8, 2122, 第三帝国的兴亡（上中下）
23155678, 9.2, 1342, 1984
04199363, 8.5, 3093, 九人
01465543, 8.8, 1961, 异端的权利
01016930, 9.0, 1552, 论法的精神（上）
06977757, 8.4, 2892, 民主的细节
26451505, 8.9, 1542, 伯罗奔尼撒战争
04240969, 8.7, 1947, 民主是一种现代生活
06878212, 7.9, 5914, 一个村庄里的中国
22806583, 8.7, 1839, 国家的常识
01072189, 8.8, 1586, 百年思索
21432137, 8.8, 1551, 共同的底线
01005813, 9.1, 1080, 自由秩序原理
01027030, 8.5, 2158, 常识
04915989, 8.5, 1953, 大法官说了算
01754836, 8.8, 1320, 向加泰罗尼亚致敬
02287712, 8.8, 1210, 美国精神的封闭
27097062, 8.5, 1706, 走出中东
01877291, 8.5, 1669, 论出版自由
01254280, 9.2, 731, 论美国的民主（上下）
25661780, 8.6, 1384, 总统是靠不住的（近距离看美国之二，林达作品系列）
04809955, 8.6, 1352, 常识
25777331, 8.5, 1518, 美国十讲
25661779, 8.9, 950, 我也有一个梦想
25708708, 9.0, 822, 如彗星划过夜空
01329973, 9.2, 646, 顾准文集
24316409, 8.3, 1746, 忍不住的“关怀”
02382433, 8.7, 1070, 罗伯特议事规则
01048922, 8.2, 1893, 硬球
01443638, 9.1, 676, 自由宪章
20375356, 9.1, 661, 论美国的民主
01867208, 9.1, 658, 政治学
03593300, 9.3, 541, 民主新论
02299164, 7.9, 2741, 帝国的终结
24379797, 8.9, 780, 民主•宪法•人权
01079962, 9.0, 666, 论法的精神（下）
11527058, 8.2, 1528, 先生
26865819, 8.3, 1264, 景观社会
03184336, 8.0, 1846, 民主四讲
26592899, 8.6, 851, 政治秩序与政治衰败
01039258, 8.9, 604, 西方政治思想史
01048109, 8.6, 817, 第三波
01080223, 9.2, 443, 人与国家
03550509, 8.4, 998, 英雄志【一】西涼風暴
01290969, 8.7, 710, 民主主义与教育
10563202, 8.3, 1082, 可操作的民主
03069173, 8.2, 1210, 单向度的人
05380072, 8.3, 1010, 思想与乡愁
10799984, 7.4, 3480, 大数据
03074246, 9.0, 466, 无政府、国家和乌托邦
03550513, 8.6, 692, 英雄志【二】亂世文章
01789444, 8.4, 857, 第三次浪潮
03550534, 8.6, 659, 英雄志【四】神鬼亭外
01789833, 8.9, 482, 希腊城邦制度
10749394, 8.4, 808, 法官能为民主做什么
20473872, 8.3, 892, 幻影公众
01959134, 8.2, 898, 中国皇帝的五种命运
01081334, 8.8, 463, 使民主运转起来
34808973, 8.6, 541, 乌合之众
10546119, 8.3, 749, 弯曲的脊梁
24529162, 8.3, 738, 民主的奇迹
24530428, 7.6, 1786, 许倬云说历史：台湾四百年
01084730, 9.4, 251, 辩论：美国制宪会议记录（上下）
06388921, 8.2, 790, 重新发现社会
25661345, 9.6, 211, 1987
05911531, 8.6, 507, 独自打保龄
01038949, 8.4, 605, 资本主义、社会主义与民主
05994671, 9.4, 239, 1984
01432078, 8.1, 836, 历史的终结及最后之人
01031956, 8.9, 360, 美国自由的故事
01050951, 8.2, 741, 米沃什词典
01278268, 8.9, 333, 十年沧桑
01474527, 8.5, 488, 漫漫自由路
11601304, 8.0, 850, 梁启超传
01578541, 8.9, 320, 古代城邦
26711347, 7.9, 898, 乌合之众
07163146, 8.8, 329, 重寻胡适历程
05391566, 8.4, 480, 家国天下
02972538, 8.9, 288, 民主转型与巩固的问题
06429778, 9.2, 222, 三民主义
26314948, 8.5, 416, 光荣与梦想（1）
03042579, 7.8, 922, 费城风云
20471310, 8.5, 412, 专制与民主的社会起源
03067671, 8.2, 562, 政治的历史与边界
23166433, 8.9, 281, 第三波
27176957, 8.0, 700, 战争、枪炮与选票
25886896, 7.4, 1538, 关键词
21967237, 9.5, 165, 论美国的民主
01291448, 9.0, 239, 寡头统治铁律
03014033, 7.9, 729, 法槌十七声
03650176, 8.3, 451, 重返五四现场
03664305, 8.5, 366, 蔣經國傳（2009新版）
06522852, 8.8, 276, The Dictator&#39;s Handbook
05348296, 8.3, 446, 理性选民的神话
10344037, 7.1, 2141, 给理想一点时间
27109207, 8.5, 337, 火与烬
06004602, 8.7, 262, 给我自由!
01080135, 8.3, 370, 论民主
01072924, 8.7, 246, 共和·民主·宪政
03662403, 8.7, 244, 美国人：建国的历程
01511498, 7.7, 690, 美国宪法的诞生和我们的反思
19912132, 8.0, 482, 民主的限制
20380464, 7.7, 662, 谁来守护公正
01723738, 8.4, 299, 雅典政制
02160713, 9.0, 176, 卓有成效的组织
01008013, 8.1, 403, 苏格拉底的审判
01491505, 8.3, 323, 幽暗意识与民主传统
26577911, 9.2, 147, 民主新论
01085386, 8.7, 215, 韩国工人：阶级形成的文化与政治
01059444, 8.1, 381, 二十世纪的教训
26053927, 8.2, 343, 观念的水位
26309057, 9.1, 154, 使民主运转起来
30244056, 8.1, 374, 反对选举
01065053, 8.8, 193, 在事实与规范之间
01251777, 8.0, 408, 政治学
01026534, 8.4, 268, 布拉格精神
26683648, 8.3, 284, 民主的不满
03662397, 8.7, 194, 美国人：民主的历程
01898651, 8.2, 297, 民主和专制的社会起源
10770260, 8.7, 182, 论民主
26430413, 8.8, 167, 宪法学讲义
26315815, 8.1, 311, 以平等之名
03351543, 8.4, 229, 君主论
26949934, 8.5, 206, 从投票到暴力
01288989, 7.7, 461, 网络共和国
02280308, 8.5, 202, 安邦之道
30203781, 8.3, 233, 民主的逻辑
01075312, 8.7, 150, 自由与权力
03243783, 8.5, 176, 右翼美国
26847521, 9.5, 84, 论美国的民主
25897254, 9.0, 116, 美国宪法及其修正案
03094804, 8.6, 158, 民主的不满
25908549, 7.6, 425, 无政府主义人类学碎片
04136529, 7.9, 301, 晚清有个袁世凯
20428716, 7.4, 531, 公天下
01054481, 8.4, 181, 大学精神档案(当代卷)
25782982, 7.5, 459, 论自愿为奴
03003524, 7.7, 357, 通往比傻帝国
20499267, 7.4, 494, 时代正在改变
25839996, 9.2, 93, 自由的未来
03431992, 8.3, 187, 社会运动，1768—2004
26651699, 8.7, 133, 罗伯特议事规则
01049207, 8.2, 204, 德国，一群老鼠的童话
03168295, 9.0, 106, 三民主義
01168766, 8.2, 198, 论民主
25903009, 8.9, 111, 光辉岁月
01657408, 8.7, 128, 表达自由的法律限度
26411239, 9.4, 78, 民主新论
03006239, 8.5, 149, 公民文化
01034224, 9.1, 93, 大学人文教程
03619975, 8.3, 166, 奥巴马演说集(附光盘)
04323444, 8.5, 139, 漫话英国
01254362, 8.6, 126, 多头政体
03434919, 8.9, 100, 政治发展的经济分析
10586553, 8.7, 116, 社会契约论
01009520, 8.0, 210, 雷震传
30206390, 8.6, 124, 民主四讲
05939811, 9.1, 85, 走向宪政
26821267, 8.0, 199, 对民主之恨
25863979, 8.1, 179, 民主的阴暗面
01281855, 8.5, 124, 民主与市场
01196921, 8.8, 96, 告别中世纪
03294709, 8.6, 111, 自由之路
06560184, 9.1, 77, 三民主义
24878569, 7.8, 220, 斑马线上的中国
01008179, 8.4, 127, 大国寡民
04821395, 7.8, 215, 为什么民主需要不可爱的新闻界
26148741, 8.9, 85, 自由的阶梯
01550973, 8.2, 144, 同意的计算
01920225, 8.3, 131, 民主的模式
26579801, 7.8, 207, 高思在云
01044823, 7.8, 206, 民主的模式
02085692, 8.3, 130, 在宪政舞台上：美国最高法院的历史轨迹
06850132, 8.8, 88, 民主的本性
30199351, 7.9, 184, 金钱暗流
26835556, 8.9, 80, 生死民主
26336596, 10.0, 42, 公共理性与民主理想
10526507, 7.8, 198, 威权统治的转型
05243440, 7.0, 504, 陽痿美國
01432543, 9.5, 54, Democracy in America
07836044, 8.1, 146, 台湾民主转型的经验与启示
01775669, 8.7, 88, 宪政与民主
20493241, 7.5, 249, 旧制度与大革命
01143665, 7.6, 218, 富媒体 穷民主
02153226, 8.1, 134, 约翰·穆勒自传
03404325, 9.5, 50, 陈独秀著作选编
03697468, 8.5, 95, 美国的言论自由
26691826, 8.6, 88, 被误解的民主
01555929, 8.5, 94, 新民说
04152794, 7.7, 188, 少数人的民主
02838817, 9.2, 58, The Logic of Political Survival
01959852, 8.8, 75, 托克维尔：民主的政治科学
01008869, 7.5, 230, 第三条道路――社会民主主义的复兴
02377819, 7.7, 181, 惯于争鸣的印度人
10749326, 6.7, 611, 中国触动
27115818, 8.8, 72, 民主的模式（第二版）
25987033, 7.2, 295, 全民选举
01924500, 7.5, 203, 中国之命运
02301161, 8.5, 83, 蘇俄在中國
10484150, 8.6, 77, 静思录
10868063, 8.2, 104, 审查历史
11636746, 8.9, 62, 霍布斯的宗教批判
06998812, 8.3, 94, 选举中的谋略与博弈
01013454, 8.3, 88, 民主理论的前言
05920981, 8.8, 60, 论道宪法
26022067, 8.6, 67, 论美国的民主
02227942, 8.1, 97, The End of History and the Last Man
05376890, 8.3, 75, 民主与城邦的衰落
01052684, 8.0, 94, 政治人
04909255, 9.1, 44, 民主的经济理论
01842693, 7.8, 110, 媒体与权力
03225228, 7.5, 145, 帝国的凋零
01220700, 7.9, 100, 苏联的最后一年
01392048, 8.5, 63, 民主
30194498, 7.7, 117, 民主
01157323, 8.0, 89, 政治论
26958848, 6.7, 354, 台湾战后七十年
26789452, 8.2, 75, 中国改革路线图
01029693, 8.4, 64, 宪政主义与现代国家
01028042, 8.4, 63, 美国公共行政的思想危机
02341342, 8.8, 48, 台灣民主運動四十年
03116936, 8.8, 48, 控制国家
04220984, 7.9, 90, 当代中国问题
34874770, 8.2, 71, 暴政：掌控關鍵年代的獨裁風潮，洞悉時代之惡的20堂課
25720343, 7.6, 117, 叛逆者
02052649, 9.5, 32, Democracy and the Market
25904486, 8.5, 57, 民主是可能的吗？
26766881, 8.1, 75, 社会因何要异见
01044515, 7.9, 88, 自由与社群
05338673, 8.4, 60, 民主与本土文化
24531574, 7.7, 102, 打铁还需自身硬
30220178, 8.3, 63, 费城风云
01908881, 8.0, 78, 自由的历程
03893315, 8.3, 62, 希腊思想与文化
01714988, 7.2, 158, 历史的终结
26668700, 8.1, 70, 知识分子和公共政治
01907914, 8.7, 46, 美国人民主历程
01897234, 7.0, 188, 民主是个好东西
03080761, 7.8, 84, 重读自由主义及其他
03336099, 7.3, 133, 失败的国家
06027647, 9.0, 37, 民主与不信任
02383102, 8.3, 57, 福泽谕吉与日本近代化
01517450, 9.3, 31, 论法的精神
26761121, 8.5, 49, 伯罗奔尼撒战争（罗辑思维版）
20495125, 8.7, 43, 旧制度与大革命
01281790, 7.8, 81, 官僚制
01722860, 8.8, 40, 法律、实用主义与民主
01871459, 8.6, 44, 政治的道德基础
10482768, 8.6, 44, 谁统治
03235685, 7.9, 71, 从威权到民主
01996374, 8.6, 43, The Third Wave
02277451, 8.9, 36, 论投票
27039479, 8.5, 45, 人文主义与民主批评
05419318, 8.1, 59, 维系民主？
05328229, 7.0, 158, 美国知识分子
02325536, 9.0, 33, 代议制政府
04152154, 7.5, 94, 祛魅与超越
02148476, 8.5, 44, 美国革命的激进主义
27181890, 7.7, 78, 财富与权力
01607282, 8.3, 49, 校邠庐抗议
10494025, 8.6, 40, 素人之亂
25768426, 8.6, 40, 人权 法治 民主
03339815, 7.0, 148, 美国的迷惘
01253298, 7.8, 69, 美国的自由主义传统
01085539, 8.2, 50, 暴力之后的正义与和解
01023253, 7.8, 67, 先贤的民主
01622481, 7.8, 67, 美国政府与政治
21356602, 8.9, 32, 旧制度与大革命
05333804, 9.3, 26, Making Our Democracy Work
04709172, 8.1, 52, 理解资本主义 （第3版）
01898648, 9.3, 25, 民治政府
03074713, 9.3, 25, 独秀文存
04725164, 8.0, 53, 民主政治与古典希腊
02836334, 9.2, 26, Democracy and Development
04930917, 9.2, 26, 论美国的民主 上下卷
25834995, 7.9, 56, 性别、政治与民主
03410753, 6.8, 155, 我们的奋斗
34815616, 7.4, 83, 逆说美国的民主
20480822, 7.0, 122, 西方的衰落
20270505, 7.8, 59, 你永遠都無法叫醒一個裝睡的人
25887853, 7.2, 99, 民主四讲
30387309, 8.6, 34, 民主國家如何死亡
03930418, 8.7, 32, 社群、组织与大众民主
03265320, 7.0, 117, 中国触动全球
26721923, 7.7, 61, 中国崛起
26298623, 8.9, 28, 無法送達的遺書
07154692, 8.4, 37, 青门里志
03243784, 8.0, 48, 媒体、市场与民主
04915750, 8.0, 47, The Globalization Paradox
05938077, 8.2, 41, 民主与再分配
01479542, 7.4, 75, The Wisdom of Crowds
26614909, 7.1, 99, 北大南门朝西开
11607102, 8.9, 27, 美国人
05982746, 6.7, 150, 中国为什么要改革
01245528, 8.4, 35, 民主财政论
01820518, 7.8, 52, 多元主义民主的困境
02081609, 7.7, 56, 国家理论
26710165, 7.3, 78, 数字民主的迷思
24917296, 8.6, 30, 论拉美的民主
26299380, 7.3, 75, 好民主，坏民主
02003042, 8.9, 25, Democracy
30142257, 7.4, 66, 议事的科学
01347608, 8.8, 26, They Made America
05289884, 7.4, 65, 我们头上的灿烂星空
01045114, 8.5, 30, 宪政与民主
01879310, 8.9, 24, 心智.知识与道德
02832891, 8.8, 25, Patterns of Democracy
04854010, 9.5, 18, 民主理论导论
25808382, 8.5, 29, 前途无量的孩子
05386900, 8.2, 34, 抗议政治学
02974916, 7.6, 51, 何谓公民身份
04015759, 8.8, 24, 选举政治学
27003001, 8.1, 35, 民主之门
01848369, 9.6, 16, Principled Agents?
27135327, 7.5, 51, How Democracies Die
20432051, 7.5, 50, 美国总统是怎么选出来的
02120304, 7.8, 40, 热言中国（第一辑）
03025318, 7.9, 37, 以权力制约权力
32578952, 8.8, 22, 论美国的民主
03248520, 8.7, 23, 密尔论民主与社会主义
34455784, 7.7, 42, 激进市场
26823653, 8.1, 32, 民主十問
01045212, 7.8, 38, 美国赖以立国的文本
11505939, 7.8, 38, 陈志武说中国经济
25956682, 7.3, 55, 豆选
24859865, 8.4, 26, 以平等之名：托克維爾與民主在美國
02977258, 7.5, 46, 选举的困境
01015083, 8.3, 27, 灰村纪事
02987081, 8.3, 27, 财产权与民主的限度
04249571, 8.3, 27, 人文與民主
27162680, 8.3, 27, 起火的世界（第二版）
02833110, 8.8, 20, How Democratic Is the American Constitution?
26692150, 8.8, 20, 民權與憲法
02084986, 8.2, 27, The Myth of the Rational Voter
26111150, 8.1, 28, 选主批判
01881773, 7.0, 62, 历史中的英雄
01467703, 7.2, 52, 浙江发生了什么
26219065, 7.6, 38, 让民主归位
01476967, 8.5, 22, 中国政治文化
07174797, 8.9, 18, 民主的基础-正义
01733293, 7.7, 35, 我眼中的殖民时代香港
06780936, 9.5, 14, Carbon Democracy
02311808, 9.3, 15, 自由与人权
11631933, 7.8, 32, 金大中自传
04857035, 7.9, 30, 蒋介石的陪都岁月
05363989, 8.7, 19, 1999不战而胜
04830754, 8.4, 22, 新教伦理与资本主义精神
01658358, 7.8, 31, 独钓寒江雪
25918365, 7.2, 48, 起火的世界
25789300, 8.0, 27, 古典民主与共和传统（上卷）
01832331, 8.2, 24, 新权威主义政权的民主转型
01875644, 6.9, 61, 五月花号
03555808, 7.4, 40, 超越自由民主
10560529, 7.6, 34, 敬畏民意
26793530, 8.5, 20, Democracy for Realists
26914801, 8.4, 21, 美国在中国的失败，1941-1950年（修订本）
26838711, 8.6, 19, 偏爱学问
01143036, 8.0, 26, 中国人走出死胡同
25764513, 8.0, 26, 欧洲风化史：文艺复兴时代
27015491, 7.1, 49, 民主的假面
02118289, 6.1, 144, 就是他踢的
01263530, 8.2, 23, 中国选举状况的报告
01137964, 7.7, 31, 向上的痛
04235701, 7.5, 35, 青瓦台的悲剧
01066318, 8.0, 25, 通往自由之路
03003255, 8.4, 20, 雅典民主的谐剧
03250222, 8.5, 19, Modernization
01532629, 8.6, 18, 法律对行政的控制
10807882, 7.3, 39, 美国算什么
26986138, 7.3, 39, 民主的胜利
01272284, 7.4, 36, 增量民主与善治
11538333, 7.4, 36, From Dictatorship to Democracy
26352543, 7.4, 36, 希腊民主的问题
30361646, 6.9, 54, 抽签与民主、共和
04813026, 7.5, 33, 全球化与中国劳工政治
26657210, 9.1, 14, 民本自由说
25714746, 8.3, 20, 印度民主的成功
20426731, 8.5, 18, 民国初立
01256351, 7.5, 31, 民主与民主化比较研究
02250346, 7.9, 24, 公债与民主国家的诞生
03071864, 7.2, 38, 激进民主
01469706, 7.5, 30, On Democracy
05361279, 8.0, 22, 日常生活
25832795, 8.0, 22, 别扭的声音
01835919, 7.7, 26, 政党与政府
25873052, 7.8, 24, 流动中的民主政体
03269851, 7.0, 42, 选票的背后
06114904, 8.7, 15, 柏杨谈话录
01517494, 8.0, 21, 平民政治的基本原理
06885353, 7.7, 25, 审判雅典
01343726, 8.4, 17, The Future of Freedom
25849034, 7.2, 35, 国家与社会
25899751, 9.0, 13, 资本主义民主的危机
27093320, 8.5, 16, 民主反对专家
04204968, 7.8, 23, 杜威与美国民主
01832336, 6.8, 47, 参与和民主理论
01840896, 7.6, 25, 自治：美国民主的文化史
01216810, 7.8, 22, 告别臣民的尝试
10520552, 7.8, 22, 政党与民主
01844434, 8.8, 13, 马丁·路德·金
24526636, 8.3, 16, 论民主
05910743, 6.8, 42, 金大中自述
34926960, 9.2, 11, 操弄
03999117, 6.9, 38, 不自由的希腊民主
01010059, 7.0, 35, 雅典的民主
22164611, 8.7, 13, 民主与资本主义
26649411, 8.7, 13, 美国宪法的民主批判（第二版）
24089645, 7.5, 24, 人的元素
25903814, 8.1, 17, 同意的计算
25808883, 6.4, 56, 说中国:未来10年的机会与财富
30346155, 8.6, 13, 古代民主与现代民主
26911185, 8.0, 17, The Politics of Resentment
03036029, 7.1, 29, 民主化转型的政治经济分析
21883196, 7.5, 22, 民主与乌托邦
03566683, 8.7, 12, 思想11
03921631, 6.4, 51, 我们都是少数人
01436127, 7.7, 19, 美国民主的先驱
01449121, 7.7, 19, 宪政之谜
01063458, 8.3, 14, 市场逻辑与国家观念
25704660, 7.0, 30, 去印度成长
01038961, 7.6, 20, 中国现代思想散论
04007007, 8.0, 16, 中国基层选举报告
01545881, 7.5, 21, 法治论
01982472, 7.3, 23, 经济制度与民主改革
01044607, 7.6, 19, 欧洲民主史--从孟德斯鸠到凯尔森
06794023, 7.6, 19, 通往民主之路
26976436, 9.0, 10, 论美国的民主
07174799, 8.0, 15, 民主的基础-责任
25764516, 7.7, 17, 欧洲风化史：风流世纪
25887359, 7.9, 15, 暴力与民主
06783958, 6.8, 29, 集体暴力的政治
03577286, 6.6, 34, 让民主造福中国
04875223, 7.6, 17, 民主国家的自主性
01213000, 6.5, 37, 后9・11世界(公共知识分子的声音)
01844223, 6.7, 31, 设计民主
02117495, 7.3, 20, 社会学家、经济学家和民主
03723945, 7.0, 24, 民主的危机
03323334, 7.6, 16, 中国民主的制度结构
07058040, 7.1, 21, 民主不是万能的
20927745, 8.1, 12, 多元社会中的民主
07174796, 7.0, 22, 民主的基础丛书-隐私
01638786, 7.9, 13, 半主权的人民
03666770, 7.6, 15, 儒学的时代价值
26879832, 7.0, 21, 民主与大坝
30269346, 8.2, 11, 反民主
10801650, 7.3, 17, 乔石谈民主与法制（上）
05376920, 7.8, 13, 袪魅與超越
26737880, 7.4, 16, 民主:美国最致命的输出
27669168, 7.6, 14, How Democracies Die
04918111, 7.7, 13, 民主国家的承诺
26667442, 7.4, 15, 欧洲的抗争与民主（1650—2000）
05406411, 7.8, 12, 多元主义民主的困境
01044951, 7.3, 15, 破碎的民主
19940424, 6.9, 19, 民主的不满
05406365, 7.4, 14, 民主的历程
06952565, 7.7, 12, 经济学的真相
25720422, 7.7, 12, 民主理论的现状
05419350, 6.8, 20, 历史的囚徒
05360703, 7.2, 15, 维基政府
05361252, 6.9, 18, 理性与民主
25949557, 7.8, 11, 政治泡沫
05406432, 7.5, 12, 民主与独裁
01195811, 7.2, 14, 部落联盟与酋邦
26731286, 7.3, 13, 民主的边界
03211767, 7.6, 11, 预算民主
02011618, 7.8, 10, 新旧个人主义
25827548, 6.2, 27, 中国的自由传统
03477057, 6.1, 29, 民主的乌托邦
26388547, 5.4, 65, 民主中国如何选择
26938266, 4.8, 186, 中国震撼三部曲
06855378, 5.8, 36, 杰斐逊自传
25846058, 7.4, 11, 社会分裂、弱政党政治与民主巩固
04188980, 6.3, 22, 通向公民社会的梯子
19989184, 7.2, 12, 民主
27066233, 7.2, 12, 民主
04328773, 6.7, 15, 从“布拉格之春”到东欧剧变
06967533, 6.1, 23, “我们”比“我”更聪明
05400855, 6.7, 14, 信息与美国民主
26686016, 6.7, 14, 西方如何“营销”民主
04050694, 6.8, 13, 开国前夜
23801772, 4.8, 115, 遏制民主
07067275, 5.8, 23, 大师远去·壹
19980016, 6.8, 11, 民主是做什么用的
01833454, 6.6, 12, 大改革家雍正
06879348, 6.6, 12, 民主的长征
01660850, 6.6, 10, 中国近代民主思想史
02197933, 6.3, 11, 古代民主与共和制度
26711047, 5.1, 33, 民主的反讽（第15版）
05912567, 3.9, 196, 民主胡同40条
01057240, 0.0, 10, 全球化与道德重建
03263981, 0.0, 10, 中國民主政治的困境1909-1949
26784818, 0.0, 10, 民主及其批评者
26806161, 0.0, 10, 徐贲作品
01041172, 0.0, 11, 理解民主
02080942, 0.0, 11, 审议民主
02129771, 0.0, 11, Democracy and Its Critics
03435848, 0.0, 11, 民主在美國
06831050, 0.0, 11, 西欧民主制度的幽灵
30302102, 0.0, 11, 自由民主的生平与时代
06023236, 0.0, 12, 民主的意义及民主制度的脆弱性
10828007, 0.0, 12, 资本主义与社会民主
26818156, 0.0, 12, 緬甸
02125291, 0.0, 13, 國家暴力與過去清算
03244835, 0.0, 14, 宪政与民主
26744171, 0.0, 14, 被自由消解的民主
