2020-07-05 16:00:09

number of books, tag name
306, 汉译名著

ID, rating, votes, title
01045818, 8.5, 105806, 苏菲的世界
03261600, 9.2, 16419, 人生的智慧
01004821, 8.7, 22711, 理想国
01008189, 8.9, 11519, 西方哲学史（上卷）
01060774, 8.7, 14597, 君主论
01082518, 7.9, 59966, 麦田里的守望者
01041385, 9.2, 6982, 论美国的民主
01032063, 8.9, 8865, 旧制度与大革命
01004699, 9.0, 6903, 作为意志和表象的世界
21570668, 9.3, 4314, 会饮篇
01038292, 8.6, 6226, 精神分析引论
01089398, 8.8, 4402, 西方哲学史（下卷）
01005354, 9.2, 2555, 逻辑哲学论
01454687, 9.0, 3025, 政府论（下篇）
01400195, 8.7, 4285, 论自由
01051943, 9.2, 2288, 尼各马可伦理学
01657455, 8.6, 4790, 论人类不平等的起源和基础
02165076, 9.0, 2815, 玻璃球游戏
01036446, 9.0, 2761, 诗学
01783111, 8.7, 3905, 存在与时间
01071023, 8.7, 3863, 谈谈方法
01468426, 8.7, 3634, 利维坦
01116367, 8.8, 3060, 道德情操论
01053009, 9.3, 1652, 游叙弗伦 苏格拉底的申辩 克力同
01439441, 9.0, 2299, 伯罗奔尼撒战争史
01022318, 8.7, 3245, 爱弥儿
01433192, 9.1, 1895, 普通语言学教程
01274469, 8.4, 4020, 自杀论
01060531, 8.5, 3396, 忏悔录
10540815, 8.3, 4351, 菊与刀
01070410, 9.0, 1725, 柏拉图对话集
01034259, 8.6, 2775, 小逻辑
11232671, 9.2, 1266, 悲剧的诞生
01016930, 9.0, 1552, 论法的精神（上）
01049872, 8.9, 1731, 西方哲学史（下卷）
01315184, 9.0, 1480, 哲学研究
01056867, 9.1, 1235, 政治学
25784280, 9.2, 1090, 偶像的黄昏
01057653, 8.7, 1856, 草原帝国
01704159, 8.6, 1918, 街角社会
01077833, 8.8, 1458, 形而上学
01254278, 8.7, 1590, 思想录
01137246, 8.7, 1533, 就业、利息和货币通论
01079756, 8.5, 1933, 释梦
01043613, 8.5, 1919, 工作与时日 神谱
01018360, 8.6, 1664, 性心理学
21357072, 9.3, 743, 裴洞篇
01877291, 8.5, 1669, 论出版自由
01393233, 9.1, 829, 古典时代疯狂史
01024279, 8.0, 3156, 普通心理学
01109350, 9.2, 745, 国民财富的性质和原因的研究（上卷）
01178535, 8.7, 1255, 人性论（上下）
01245537, 9.1, 792, 苏鲁支语录
02042631, 7.9, 3365, 弗兰肯斯坦
04934845, 9.0, 851, 西方哲学史（上卷）
01232571, 9.2, 621, 哲学研究
01073143, 8.9, 837, 美学(第一卷)
01071384, 8.5, 1283, 物种起源
01511912, 8.5, 1270, 高卢战记
01082457, 9.2, 596, 美学（第一卷）
02045704, 8.9, 794, 权力意志
01222032, 8.2, 1796, 梦的解析
01228193, 8.5, 1215, 回忆苏格拉底
01012380, 8.9, 771, 精神现象学（上卷）
01245533, 8.5, 1152, 论优美感和崇高感
01079962, 9.0, 666, 论法的精神（下）
01455362, 9.2, 530, 历史理性批判文集
01418669, 8.7, 877, 社会学方法的准则
01074364, 9.1, 564, 哲学史讲演录(第一卷)
01253835, 9.3, 468, 哲学史教程（上卷）
02185235, 8.5, 966, 历史是什么?
01171881, 8.1, 1495, 有闲阶级论
01439792, 8.7, 734, 形而上学导论
01251842, 9.4, 375, 巴曼尼得斯篇
01116315, 9.3, 402, 国民财富的性质和原因的研究（下卷）
21323553, 8.8, 623, 历史的辉格解释
01033561, 8.7, 687, 文明论概略
01053109, 9.0, 500, 封建社会（上、下卷）
04753726, 9.0, 484, 宗教与科学
01070872, 9.3, 361, 实践理性批判
01275842, 9.0, 463, 充足理由律的四重根
01853552, 8.5, 770, 中世纪的城市
01061761, 8.9, 501, 社会契约论
01915608, 8.8, 545, 人类理解研究
01251894, 8.6, 670, 培根论说文集
01340525, 9.0, 446, 贫困与饥荒
01255584, 8.4, 812, 时间与自由意志
01197914, 8.7, 568, 长征记
01020537, 8.7, 535, 历史的观念
01856985, 8.7, 533, 代议制政府
01069441, 8.3, 787, 纯粹理性批判
02186646, 8.7, 503, 蒙塔尤
01211051, 8.6, 535, 罗马帝国衰亡史（下册）
01316628, 8.6, 534, 法国革命史
01048529, 8.6, 527, 论老年 论友谊 论责任
01880660, 9.1, 327, 自然哲学的数学原理
01074178, 9.1, 318, 经济分析史（第一卷）
24530454, 9.0, 347, 巴黎，19世纪的首都
01315775, 8.5, 562, 知性改进论
01116359, 8.7, 456, 忏悔录（第一部）
01292428, 8.5, 545, 神经症与人的成长
01038949, 8.4, 605, 资本主义、社会主义与民主
24699604, 8.6, 487, 金枝
02327776, 8.2, 731, 历史的地理枢纽
01005360, 8.7, 425, 面向思的事情
01051349, 8.4, 578, 法国革命论
04202381, 9.2, 269, 逻辑学讲义
01116325, 8.7, 421, 人类理解论（上下）
01042153, 8.9, 341, 人类理智研究
27012024, 8.9, 340, 哲学简史
01031345, 9.3, 239, 哲学史讲演录（第二卷）
01028670, 8.7, 403, 塔西佗《编年史》
01116343, 8.4, 541, 蒙古帝国史
10484450, 8.8, 356, 金枝
01265828, 9.0, 296, 美学(第三卷下册)
01022369, 9.2, 242, 美学(第二卷)
01023088, 9.2, 240, 精神现象学（下卷）
01245516, 9.1, 250, 纯粹现象学通论
01315215, 8.6, 389, 蒂迈欧篇
20276111, 9.0, 269, 智者
01116356, 8.5, 428, 阿古利可拉传 日耳曼尼亚志
10540291, 9.3, 206, 经济学（第十九版）
01042292, 9.3, 205, 哲学史讲演录(第四卷)
01434346, 8.1, 636, 儒教与道教
02006592, 8.2, 564, 资本的秘密
25774839, 8.3, 499, 蒙田随笔集
01228654, 8.6, 363, 物性论
01023495, 8.9, 273, 战争论（全三卷）
01512490, 8.4, 435, 实用主义
01245505, 8.6, 345, 自然宗教对话录
01049103, 8.8, 281, 喀提林阴谋 朱古达战争
01749104, 8.4, 396, 古代法
01060019, 8.5, 350, 古代社会（上下）
01440342, 8.7, 287, 发生认识论原理
01135838, 8.0, 576, 罗马盛衰原因论
01160319, 8.4, 374, 精神分析引论
01455960, 8.4, 363, 人有人的用处
01061684, 9.0, 210, 罗马史（下卷）
01438722, 8.6, 293, 罗马史（上卷）
01037401, 8.2, 433, 佛罗伦萨史
01252117, 8.6, 288, 范畴篇 解释篇
01513154, 8.8, 238, 人生的亲证
01442127, 8.4, 344, 法律的道德性
01915910, 8.3, 379, 内战记
01130172, 8.6, 272, 塔西佗历史
01135056, 8.4, 319, 道德原则研究
01073230, 9.0, 186, 哲学史讲演录(第三卷)
01427471, 8.2, 378, 道德与立法原理导论
01255368, 9.1, 168, 苏鲁支语录
01116342, 8.9, 197, 斯宾诺莎书信集
01261642, 8.3, 339, 经济学原理
01245535, 8.4, 306, 国家篇 法律篇
10830525, 8.3, 337, 一个孤独的散步者的梦
01723738, 8.4, 299, 雅典政制
01025390, 8.5, 262, 中世纪的知识分子
01267787, 8.6, 238, 反杜林论
01073103, 8.7, 213, 笛卡尔哲学原理
01082943, 9.0, 165, 罗念生全集:第一卷:亚理斯多德《诗学》《修辞学》·佚名《喜剧论纲》
01248122, 8.5, 251, 数理哲学导论
01274030, 7.7, 586, 人口原理
01057558, 8.9, 176, 美学（第三卷·上）
01251777, 8.0, 408, 政治学
01157313, 8.4, 264, 物理学
01436758, 7.9, 440, 结构主义
01245531, 8.6, 217, 算术基础
26830768, 9.2, 131, 拉奥孔
01277282, 8.3, 273, 路易十四时代
04202361, 8.5, 223, 耶稣传
01259303, 8.6, 204, 科学哲学的兴起
21325694, 9.1, 135, 官僚体制的政治
01116392, 8.2, 287, 计算机与人脑
01809503, 8.4, 234, 政治家
01319698, 8.6, 195, 建城以来史（前言・卷一）
01036860, 7.9, 373, 艺术的起源
25761749, 9.1, 126, 东南亚的贸易时代 1450-1680年 （第一卷）
05380385, 8.3, 245, 两次世界大战之间的国际关系
03519570, 9.6, 88, 汉译世界学术名著丛书珍藏本
01494299, 8.7, 161, 经济科学的性质和意义
01459060, 8.7, 160, 秘鲁征服史
04736004, 8.8, 146, 美国文明的兴起（上下）
01074789, 8.7, 155, 先验唯心论体系
23801770, 8.2, 240, 西域考古记
01251787, 8.7, 154, 野性的思维
01035947, 8.3, 211, 科学史
01028120, 8.8, 137, 新科学（全两册）
01512160, 8.4, 188, 忏悔录（第二部）
01074458, 8.4, 185, 论人类语言结构的差异及其对人类精神发展的影响
01224274, 8.6, 155, 法国农村史
01022065, 9.0, 111, 精神现象学（上卷）
01071405, 8.2, 210, 社会静力学
24878119, 9.2, 94, 利息理论
01011561, 8.7, 134, 人类的由来（全两册）
01888884, 8.5, 157, 潘恩选集
21371526, 8.8, 120, 法学导论
01251897, 8.5, 152, 海军战略
01245515, 9.0, 103, 神圣人生论（全两册）
01072932, 8.2, 197, 哲学辞典
01116335, 8.4, 159, 拿破仑时代（上下）
25761765, 9.3, 81, 东南亚的贸易时代 1450-1680年 （第二卷）
01390512, 8.5, 145, 家庭论
01116324, 8.5, 141, 征服新西班牙信史（全二册）
01099484, 8.1, 198, 十七世纪英格兰的科学、技术与社会
01135048, 8.4, 145, 人类理智新论
01020983, 8.9, 95, 哲学史教程（上卷）
04736056, 8.6, 115, 英国的家庭、性与婚姻 1500-1800
05340428, 8.1, 172, 艺术即经验
06048889, 9.5, 61, 诠释学：真理与方法
01328723, 8.3, 141, 法律篇
03112184, 9.3, 68, 师主篇（Imitation of Christ ）
01245507, 8.4, 128, 科学中华而不实的作风
01043182, 9.1, 76, 哲学史教程（下卷）
01034222, 8.2, 148, 历史哲学
26596256, 9.2, 69, 中国伊朗编
03035655, 8.5, 108, 马基雅维里主义
01447887, 8.1, 150, 罗马史（第三卷）
01721809, 8.4, 115, 经济学原理（上卷）
01245527, 7.7, 214, 基督何许人也
01263204, 8.6, 94, 形而上学
04140491, 8.1, 140, 自我的超越性
01678257, 8.2, 126, 罗马帝国社会经济史（全两册）
05384626, 7.7, 199, 萨摩亚人的成年
01884504, 7.6, 211, 经济论 雅典的收入
01838364, 8.9, 69, 金融资本
01281780, 8.8, 73, 伦理学
01311965, 7.8, 164, 论英雄、英雄崇拜和历史上的英雄业绩
01269112, 8.9, 68, 法学总论
01512134, 7.4, 244, 西印度毁灭述略
05937107, 9.2, 55, 林肯选集
01721810, 8.0, 124, 逻辑与知识
01074906, 8.6, 74, 经济与社会（下卷）
01275852, 7.3, 225, 民族主义
01245514, 7.1, 284, 查理大帝传
01655575, 7.9, 119, 心的概念
02144496, 8.4, 79, 人文类型
01511716, 7.3, 209, 一年有半、续一年有半
01027071, 8.8, 54, 神学政治论
01089379, 8.6, 61, 史集（第一卷 第一分册）
26772503, 8.4, 70, 沙乡年鉴
01057417, 8.3, 75, 新系统及其说明
19997978, 8.8, 53, 缅甸高地诸政治体系
01228655, 7.8, 112, 狄德罗哲学选集
06429805, 8.5, 64, 往年纪事
10797687, 8.4, 67, 社会生活中的交换与权力
01224331, 7.6, 125, 盎格鲁-撒克逊编年史
10539131, 8.6, 56, 神学论文集 哲学的慰藉
01116318, 7.9, 94, 英吉利教会史
10808766, 8.8, 48, 象征之林
21360281, 9.0, 42, 社会世界的意义构成
01290256, 8.1, 76, 多元的宇宙
25761783, 8.1, 75, 劫余录
01044066, 8.3, 64, 柏拉图《对话》七篇
21360218, 8.6, 52, 《人权与公民权利宣言》——现代宪法史论
01722223, 8.0, 80, 政治经济学原理及其在社会哲学上的若干应用（上卷）
01010538, 8.0, 79, 人文地理学问题
01034760, 7.5, 121, 拓扑心理学原理
04202355, 8.4, 57, 动物志
01042862, 8.2, 64, 经济学原理（下卷）
03389553, 8.6, 47, 泰阿泰德 智术之师
04780042, 7.5, 96, 思想自由史
10876723, 8.9, 35, 马可波罗行纪
01443472, 8.4, 47, 普通认识论
01245502, 8.6, 40, 十八世纪科学、技术和哲学史(上下)
01577633, 8.5, 42, 地理学
01078701, 8.5, 40, 精神现象学（下卷）
02375032, 8.7, 35, 论法的精神(下册)
01048607, 8.1, 49, 制度经济学（上册）
01275646, 7.9, 54, 休谟经济论文选
20375092, 8.4, 38, 反暴君论
01054859, 8.3, 40, 对莱布尼茨哲学的叙述、分析和批判
05937115, 8.3, 39, 进步与贫困
01067211, 8.1, 44, 哈义·本·叶格赞的故事
01041278, 7.2, 89, 对笛卡尔《沉思》的诘难
01512471, 7.9, 49, 人类知识起源论
01245528, 8.4, 35, 民主财政论
05501396, 8.7, 28, 战争史（全二册）
04887601, 7.9, 45, 哲学与人文地理学
01026322, 8.8, 26, 纯粹理性批判
01032048, 7.7, 51, 地理学中的解释
01044883, 7.9, 44, 地理学性质的透视
01440832, 7.7, 49, 关于国家的哲学理论
01245518, 9.2, 20, 中世纪经济社会史(上册)
01079535, 8.4, 29, 塔西佗《编年史》（全两册）
01267352, 7.7, 45, 圣教论
01066494, 8.7, 24, 欧洲科学的危机与超越论的现象学
01060044, 7.7, 38, 拿破仑文选 下卷
02137827, 8.5, 23, 理论地理学
02284211, 8.1, 28, 法律、语言与法律的确定性
01245523, 8.4, 23, 历史方法的国民经济学讲义大纲
01245519, 9.1, 16, 中世纪经济社会史（下）
01030673, 7.8, 29, 制度经济学（下册）
06194399, 8.0, 25, 科学-神学论战史
01072306, 7.4, 37, 伟大的德国农民战争（全二册）
05384620, 8.3, 20, 给塞伦娜的信
01801431, 8.5, 17, 资本主义的法律基础
01255374, 8.9, 14, 哲学史讲演录（第四卷）
01723687, 7.6, 27, 为英国人民声辩
06728190, 8.6, 15, 汉译世界学术名著丛书（分科本）·历史
04818801, 8.7, 14, 长征记
01916287, 6.2, 82, 人类幸福论
05416370, 8.8, 12, 施蒂格勒论文精粹
30238521, 8.8, 12, 人类沟通的起源
30346155, 8.6, 13, 古代民主与现代民主
01245503, 7.4, 23, 为平等而密谋（上卷）
06728184, 8.0, 15, 汉译世界学术名著丛书（分科本）·哲学
01270958, 7.1, 25, 沙龙的兴衰
10808767, 8.3, 12, 语言
