2020-07-05 16:00:09

number of books, tag name
357, 汉语

ID, rating, votes, title
01255625, 9.1, 102637, 天龙八部
03995526, 8.6, 185210, 目送
01255624, 8.9, 80228, 神雕侠侣
01088065, 8.7, 71893, 阿Q正传
01398395, 8.8, 51768, 狂人日记
01036684, 9.3, 6601, 现代汉语词典（修订本）
01261153, 8.4, 14765, 青蛇
01021990, 9.3, 4128, 唐诗鉴赏辞典
01039427, 9.0, 4630, 围城
01049189, 7.3, 73925, 1995-2005夏至未至
01072316, 9.2, 2925, 古代汉语（第一册）
02747765, 9.0, 3616, 中国古代文化常识
01032967, 9.2, 1917, 说文解字
03880832, 8.2, 6893, 认得几个字
01410157, 9.4, 1337, 现代汉语词典（第5版）
10464337, 8.2, 5515, 三国机密（上）
01089510, 7.8, 9402, 流星·蝴蝶·剑
01042011, 9.1, 1531, 古代汉语（第二册）
01201835, 9.4, 1000, 文字学概要
01420423, 9.4, 999, 古汉语常用字字典
01070380, 9.1, 1061, 古代汉语（第三册）
01017788, 9.1, 1006, 古代汉语（第四册）
01067353, 9.3, 737, 新华字典
01236194, 9.2, 797, 余光中谈翻译
11534920, 7.8, 4256, 三国机密（下）
01134199, 9.2, 699, 语法讲义
01438098, 9.6, 462, 说文解字注
01045314, 8.7, 1089, 诗词格律
02062200, 6.2, 100680, 悲伤逆流成河
25660994, 9.6, 379, 文字学概要（修订本）
01416340, 9.2, 510, 汉语史稿
01436119, 8.9, 654, 训诂学
04856930, 9.1, 520, 汉语的本质和历史
01234604, 9.0, 567, 翻译研究
04258636, 8.8, 668, 烽火与流星
01076730, 9.4, 367, 语法答问
01041992, 8.4, 993, 骆驼祥子
01627340, 8.6, 707, 中国历代文学作品选（上编第1册）
25719688, 8.2, 1003, 中国经济史
01964476, 8.5, 700, 汉字王国
05292846, 9.4, 297, 外国小说欣赏
01258406, 8.9, 428, 细说汉字
01075506, 8.8, 448, 鲁迅杂文精选
01048943, 9.3, 281, 古代汉语词典
06727796, 8.8, 436, 现代汉语词典（第6版）
01016936, 9.3, 232, 语言问题
01456000, 8.9, 319, 近代中国社会的新陈代谢
03076325, 8.6, 397, 马桥词典
01119156, 8.3, 517, 古代汉语（上）
01229819, 7.7, 1007, 语言学纲要
04584057, 7.9, 748, 语言学纲要
01011712, 9.5, 164, 方言调查字表
26852422, 9.6, 149, 古汉语常用字字典
02381536, 8.8, 272, 修辞学发凡
03289275, 9.0, 221, 国文百八课
01155660, 8.8, 262, 对外汉语教学语法释疑201例
02261592, 9.1, 186, 基础汉字形义释源
01850727, 7.2, 1509, 大话方言
01795056, 8.4, 325, 方言与中国文化
01430699, 9.2, 159, 古汉语词汇纲要
10485070, 8.2, 380, 现代汉语 [增订五版](上)
25668889, 9.0, 182, 现代汉语语法研究教程（第4版）
06821397, 8.3, 338, 中国文化要略
01751797, 8.7, 232, 中国语言学史
01689035, 9.0, 178, 汉语语法分析问题
06560091, 8.8, 208, 新华字典
01074630, 8.3, 321, 汉语和汉语研究十五讲
01119186, 8.2, 353, 古代汉语（下）（修订版）
03289283, 9.0, 171, 语文杂记
05955945, 8.4, 282, 语文 选修  中国古代诗歌散文欣赏
33950352, 8.8, 187, 国语四千年来变化潮流图（影印本）
03289285, 8.3, 291, 语文常谈
01322254, 8.3, 282, 中国文字学
01036823, 9.2, 131, 汉语诗律学
01008237, 9.8, 87, 辞源
01071693, 9.7, 86, 康熙字典
01007059, 8.1, 303, 历代笔记概述
02049715, 9.6, 84, 古代汉语
01736742, 8.9, 131, 汉语口语语法
01660351, 9.5, 83, 20世纪中国语言学方法论（1898-1998）
33384286, 8.8, 134, 古代汉语常识
01116375, 9.5, 81, 现代语言学词典
01519026, 9.6, 76, 说文解字今释(上下)
02049861, 9.3, 92, 新华字典(1990年重排本)
07001214, 8.5, 166, 现代汉语 [增订五版](下)
01046205, 8.6, 148, 修辞学发凡
03036693, 9.7, 65, 汉语音韵讲义
01002933, 8.6, 136, 龙虫并雕斋琐语
01023404, 9.2, 87, 现代汉语语法研究
01269838, 8.9, 107, 古代汉语
19995894, 9.0, 99, 九三年
26966397, 8.7, 120, 汉字王国
10527097, 8.6, 129, 中国历史上的纪年
02049708, 9.5, 69, 古代汉语
05275522, 9.2, 82, 汉字古音手册（增订本）
01129019, 9.2, 79, 故训汇纂
01643301, 6.9, 755, 高中语文（第三册）
01134085, 9.2, 76, 汉语语法史
04322277, 9.2, 76, 音韵学概论
02049713, 9.7, 56, 古代汉语
26292998, 8.9, 91, 细说汉字
04232506, 9.6, 58, 赵元任 程曦吟诵遗音录
24845047, 8.5, 121, 说文解字
30203642, 8.6, 110, 汉字与中华文化十讲
01011980, 9.0, 76, 新华词典（2001年修订版）
01273675, 9.2, 66, 不对称和标记论
01430565, 8.2, 137, 古代汉语教程
02024298, 8.4, 115, 咬文嚼字
01669808, 8.7, 90, 汉语音韵学讲义
01213427, 8.3, 119, 新华成语词典
03038118, 9.2, 62, 汉字源流字典
20281495, 9.4, 55, 《标点符号用法》解读
02970218, 9.2, 61, 现代汉语词汇的形成
05254836, 9.3, 57, 语法分析讲稿
01082272, 9.2, 60, 现代汉语词典（汉英双语）
27136823, 8.2, 119, 汉字是画出来的
01662943, 8.5, 91, 汉语方言概要
26930130, 8.3, 106, 中国近代外交官群体的形成（1861—1911）
30272477, 7.3, 277, 唐开国
24752447, 9.1, 59, 汉语音韵
10521786, 8.9, 66, 语法六讲
26862454, 8.6, 81, 其实不识字
25805365, 9.6, 42, 上古音系（第二版）
02268270, 8.3, 96, 文话七十二讲
01162574, 9.4, 46, 广雅疏证
01153852, 9.6, 41, 中国语历史文法
01625166, 9.1, 54, 现代汉语新词语词典
25789456, 8.1, 107, 语镜子
01138729, 8.9, 56, 英汉写作修辞对比
20379639, 9.5, 39, 文字问题（修订本）
20426692, 9.5, 39, 成语大词典
34887272, 9.1, 48, 南宋宁宗朝前期政治研究
02155912, 7.7, 135, 现代汉语(增订四版)(下册)
03008543, 9.3, 42, 同源字典
01504841, 9.7, 34, 汉语大字典(缩印本)
01281869, 8.6, 63, 现代汉语语法研究教程
24855513, 9.0, 48, 上古音手册（增订本）
10743452, 9.4, 38, 汉语词汇史
01292407, 8.5, 65, 语文漫谈
06851217, 9.1, 44, 汉语音韵学
26747797, 6.7, 380, 如何改变习惯
01084727, 9.4, 37, 吕叔湘全集
25720782, 9.0, 46, 字源（全3册）
01060318, 9.3, 38, 广韵校本（上下）
01133317, 9.3, 38, 古汉语语法及其发展（全二册）
03045491, 8.4, 65, 子部要籍概述
26709634, 9.6, 32, 20世纪中国语言学方法论研究
01640849, 8.3, 67, 语文基础知识手册
05391063, 9.1, 40, 形式汉语句法学
25987891, 9.5, 32, 古語文例釋（修訂本）
02059913, 8.8, 47, 册府元龟
03036676, 9.6, 30, 切韵音系
30446220, 9.0, 40, 语言探秘
03601608, 8.5, 53, 咬文嚼字
06977537, 9.0, 39, 中国文字学
03110687, 8.4, 56, 方法：语言学的灵魂
04710396, 8.3, 60, 近代中日词汇交流研究
03997356, 8.7, 46, 汉语的韵律、词法与句法
26546657, 8.8, 43, 标点符号用法手册
01267748, 8.0, 74, 古代汉语知识教程
01048386, 8.6, 48, 汉语概说
01520560, 8.7, 45, 汉语语法三百问
06110443, 8.8, 42, 黑暗守护者
26678938, 8.9, 39, 汉语历史词汇学概要
03208174, 9.0, 36, 汉语语音史
26262078, 9.0, 36, 汉语音韵、音韵学初步
26368839, 8.1, 64, 正体字回家
26876366, 8.3, 55, 现代汉语通论（第三版）
02020171, 8.5, 48, 中国古代语言学史
33412414, 7.5, 104, 100个汉语词汇中的古代风俗史
01626320, 7.6, 89, 语文
24947152, 8.5, 45, 语法修辞讲话
01263441, 8.7, 39, 汉语成语词典
01968345, 8.9, 34, 认知与汉语语法研究
02159130, 9.4, 26, 中国现代语法
30215769, 8.2, 51, 汉语的意义
02250227, 9.3, 26, 呐喊·青少版
30319904, 10.0, 19, 上古汉语语法纲要
03007435, 8.8, 33, 咬文嚼字
01121971, 8.1, 49, 音韵学通论
01190970, 8.4, 40, 汉语方言学教程
27094402, 8.4, 40, 现代汉语（增订六版）
34795623, 8.6, 35, 左传撷华
01733904, 8.9, 29, 语言学前沿与汉语研究
01060200, 8.6, 33, 上古汉语的辅音系统
26667408, 8.0, 48, 方言与中国文化
01058331, 8.7, 31, 语序类型学与介词理论
01345163, 9.6, 20, 國語活用辭典（最新修訂）
03882358, 7.8, 55, 王力《古代汉语》同步辅导与练习（配第一册/第二册）
04008940, 8.3, 38, 少年天子
01509574, 7.8, 53, 汉语方言学
26426859, 9.2, 23, 新华成语词典
01593745, 9.6, 19, 蒋礼鸿集（共六卷）
02159997, 8.2, 39, 谚语录
26773697, 9.7, 18, 說文新證
01013423, 8.5, 32, 汉语等韵学
26826243, 8.0, 43, 文言语法
01289196, 9.4, 20, 音学五书
04002344, 8.7, 28, 谈谈学习古代汉语
01596142, 8.9, 25, 汉语功能语法研究
01680579, 7.3, 73, 语文
02197106, 8.8, 26, 马氏文通刊误 古书句读释例 古书疑义举例续补
01068004, 8.5, 30, 新华词典
02997034, 9.7, 17, 辞源
01236204, 6.9, 103, 语言学纲要学习指导书
06510224, 8.6, 28, 汉字源流
04075763, 7.8, 46, 对外汉语教学入门-第二版
26893148, 6.5, 153, 现代汉语词典
01704609, 8.3, 32, 中国语言学史
30158921, 8.7, 25, 怎样使用标点符号（增订本）
11601811, 7.6, 50, 想明白
01253330, 8.4, 29, 咬文嚼字・2004年合订本
01393282, 8.9, 22, 敦煌俗字典
01578358, 7.5, 52, 语文（七年级 下册）
01154643, 7.3, 60, 語言學概論
33413716, 7.3, 59, 汉语讲话
24845613, 9.4, 17, 汉语方言语音史研究与历史层次分析法
01543533, 8.3, 29, 现代汉语方言概论
01269793, 8.9, 21, 宁波方言词典
01444242, 5.9, 308, 语言学常识十五讲
03562306, 8.7, 23, 简明中国文字学
01400212, 7.7, 42, 怎样学习古文
01236374, 9.1, 19, 汉语语法化的历程
02295046, 9.1, 19, 文言虚字
01050824, 7.7, 41, 重返语词的密林
03043223, 9.3, 17, 汉语大词典
25782854, 9.3, 17, 文章体统（全二册）
01145031, 8.0, 33, 咬文嚼字(2003合订本)
03095122, 9.0, 19, 汉语
04272910, 8.5, 24, 中古汉语词汇史（全两册）
01073716, 9.2, 17, 韵镜校证
01166570, 8.3, 26, 汉语方音字汇
26610136, 8.8, 20, 语言类型学教程
01583613, 8.6, 22, 汉字学概要
01626136, 7.0, 66, 语文 九年级 下册
01197921, 7.7, 37, 上古音
26614556, 9.4, 15, 音韵学讲义
02283635, 7.7, 36, 语文
01260266, 6.4, 115, 黑暗之神
03036701, 9.0, 17, 汉语音韵学导论
26975045, 9.0, 17, 粵語語法講義
01268712, 8.4, 22, 20世纪汉语音韵学方法论
05958645, 9.2, 15, 中古近代汉语词汇学（全两册）
01269728, 8.0, 27, 汉语语法学
04013364, 7.1, 51, 中文可以这样教
03741451, 7.8, 30, 古代汉语
01787751, 8.0, 26, 汉语方言学导论
01235940, 7.7, 31, 训诂学导论
27191777, 8.9, 16, 大家小书·语文修养
25981119, 8.0, 25, 汉语修辞学（第三版）
05437038, 9.2, 14, 现代汉语描写语法
01531573, 8.5, 19, 一百年前的苏州话
01927195, 8.2, 22, 古汉语语法纲要
01413247, 8.7, 17, 汉语方言地理学
01107198, 6.7, 65, 语言学概论
26628930, 8.4, 19, 不对称和标记论
01558622, 7.3, 37, 汉字学简论
01226620, 8.9, 15, 现代汉语语法的功能、语用、认知研究
05320665, 8.9, 15, 汉语古文字字形表
05381386, 6.5, 76, 重点中学
01284993, 8.1, 22, 语用学概论
30220791, 8.6, 17, 说“王冕死了父亲”句
02356711, 7.8, 26, 语文
10618552, 7.5, 31, 文言和白话
01680480, 7.7, 27, 语文 一年级上册
01273102, 7.5, 29, 中古音
01058636, 7.6, 27, 现代汉语虚词散论
01680481, 6.9, 45, 语文 七年级 上册
01254144, 7.1, 38, 汉语语义学
01044884, 9.0, 13, 吕叔湘文集（第一卷）
25807862, 7.5, 28, 编余问学录
01116385, 8.8, 14, 汉语复句研究
02976424, 8.8, 14, 四角号码新词典
01250164, 7.2, 34, 对外汉语教学课堂教案设计/对外汉语教师资格考试参考用书
26393860, 7.5, 27, 咬文嚼字 2014年合订本
30262929, 8.9, 13, 汉语语法史
01685319, 8.7, 14, 汉语现象论丛
25809779, 8.7, 14, 中国文法要略
03976142, 8.4, 16, 佛教汉语研究
06389842, 8.4, 16, 大学实用教程
01031424, 9.6, 10, 成语小词典
02219346, 9.6, 10, 中國話的文法(增訂版)
11525368, 7.3, 30, 汉语写作与百科知识
30233980, 7.3, 30, 第二个经典时代
03191733, 8.5, 15, 佛教词语的构造与汉语词汇的发展
06711020, 8.0, 19, 学点音韵学
01599083, 9.0, 12, 汉语的构词法研究
34815280, 8.6, 14, 元史讲座
10576493, 6.9, 38, 普通话测试与训练
02091171, 7.3, 28, 大学语文
01398279, 7.7, 21, 甲骨文字学纲要
01548046, 8.8, 12, 汉语动物命名研究
01950279, 8.8, 12, 汉语篇章语法
25758934, 8.6, 13, 华言与蕃音
26262081, 8.6, 13, 中国现代语法
01086964, 8.0, 17, 汉语成语词典
01040503, 7.2, 27, 文字的魅力
25968680, 7.8, 18, 中国汉字听写大会
03245849, 7.9, 17, 中国现代语言学史
06021045, 8.4, 13, 汉语官话方言研究
22993403, 8.4, 13, 汉语韵律句法学
04007779, 7.3, 23, 中国的语言及方言的分类
01804222, 7.9, 16, 医古文
03122502, 8.5, 12, 古汉语重叠构词法研究
26080211, 8.0, 15, 新国标标点符号使用手册
01054588, 6.8, 29, 中国汉字源流
01881360, 7.7, 16, 词义的分析和描写
04292475, 7.5, 17, 古代汉语音系的构拟
02055416, 8.0, 13, 语林趣话全集
02109842, 7.1, 21, 古代汉语（下）（修订本）
10739376, 7.8, 14, 语林啄木
06816223, 7.2, 19, 现代汉语生成语法
01508782, 7.6, 15, 古代汉语（上）
05362946, 7.6, 15, 古代汉语
01265945, 8.2, 11, 汉语音韵学基础
02136959, 6.9, 22, 普通话培训测试教程
01393810, 7.5, 15, 汉语语源学
01896518, 7.7, 13, 《古代汉语》习题集
34951591, 7.3, 16, 唐人如何吟诗
05392405, 7.8, 12, 汉语方言分区的理论与实践
01269630, 7.7, 12, 论语言发声
01604059, 7.7, 12, 吕叔湘著《汉语语法分析问题》助读
01006793, 6.4, 27, 唐汉解字
01508846, 7.3, 13, 古代汉语（中）
02080798, 7.0, 15, 当代吴语研究
03226601, 7.1, 13, 汉语史纲要
27110793, 7.6, 10, 词源丛札
01699568, 7.2, 12, 北京话儿化词研究
10738973, 6.2, 19, 恶搞
10799583, 7.2, 10, 现代汉语修辞学
01531770, 5.6, 25, 汉语印欧语词汇比较
03031989, 6.6, 11, 对外汉语教学心理学
26906985, 4.8, 56, 汉语和汉语研究十五讲（第二版）
02104380, 5.5, 19, 大学计算机信息技术教程
01154418, 5.4, 12, 汉语地名与多彩文化
01119388, 0.0, 10, 汉语成语考释词典
01222566, 0.0, 10, 写作措辞参考词典
01242653, 0.0, 10, 现代晋语的研究
01258246, 0.0, 10, 汉语动词和动词性结构(一编)
01337385, 0.0, 10, 中学生字帖
01599600, 0.0, 10, 汉语方言学
01622913, 0.0, 10, 汉语语汇学
01943917, 0.0, 10, 汉语离合词研究
02110697, 0.0, 10, 汉语三论
03568531, 0.0, 10, 古语文例释
04111141, 0.0, 10, 汉语儿童语言发展研究
25732631, 0.0, 10, 当代语法学教程
26367036, 0.0, 10, 中国语法理论
01194732, 0.0, 11, 现代汉语方言大词典
01321935, 0.0, 11, 汉语词汇结构论
01953001, 0.0, 11, 近代汉语语法史研究综述
02106234, 0.0, 11, 语言论
04107942, 0.0, 11, 现代汉语外来词研究
10492653, 0.0, 11, 2010汉语新词语
21681470, 0.0, 12, 汉语国际教育硕士专业考试核心考案
01012277, 0.0, 14, 古代汉语虚词词典
01021870, 0.0, 14, 汉语方言大词典
