2020-07-05 16:00:09

number of books, tag name
107, 汽车

ID, rating, votes, title
01435907, 8.5, 771, 我在通用汽车的岁月
25761310, 8.4, 751, 汽车是怎样跑起来的
03683054, 8.5, 463, 汽车为什么会“跑”
07054896, 8.9, 183, 汽车为什么会“跑”
01187889, 9.1, 150, 一个人的F1
27128282, 9.0, 154, 心若菩提(增订本)
34454607, 7.3, 854, 三分钟漫画汽车史
01083600, 8.6, 180, 我在通用汽车的岁月
10510813, 9.9, 68, 汽车嘟嘟嘟系列（共五册）
06971777, 8.6, 132, 车记
01135841, 8.4, 153, 改变世界的机器
27119071, 7.7, 278, 克里斯汀
25756203, 8.1, 178, 底特律往事
26431010, 8.3, 146, 改变世界的机器
10567863, 9.6, 52, 赛车梦 Racecar
26821455, 8.1, 131, 汽车城
22531391, 7.7, 168, 安全驾驶从这里开始（第2版）
01290321, 9.2, 46, 汽车构造（下）
01212717, 8.5, 68, 汽车理论
01520869, 9.0, 48, 图解汽车驾驶技巧
01238907, 8.8, 53, 汽车构造（上册）
25891179, 8.8, 53, 丰田生产方式 Toyota Production System
34858057, 7.6, 132, 李老鼠说车
01283357, 7.6, 130, 汽车城
02122386, 8.9, 48, 能力构筑竞争
26746318, 9.2, 38, DK汽车大百科
03746259, 7.9, 88, 汽车和我
02349831, 7.6, 104, 汽车销售的第一本书
06960286, 9.0, 33, 魅力汽车
20470957, 7.0, 148, 搞定修车厂
34912792, 7.8, 69, 丰田传
03854824, 9.5, 24, BOSCH汽车工程手册（中文第3版）
02870912, 9.9, 20, Race Car Vehicle Dynamics
26303452, 8.6, 37, 前面还有什么车？
26877018, 8.1, 50, 前进·转弯·停止
25924605, 6.1, 431, 特斯拉之父
04715516, 9.6, 20, 机械制造工程基础
01852561, 8.5, 34, 丰田汽车精益模式的实践
10617750, 8.3, 38, 为人生加速
01186027, 8.3, 35, 汽车设计
01483070, 7.9, 43, 设计百年
26319055, 8.7, 26, 开车是一场修行
10441753, 7.7, 48, 汽车为什么会跑
01831160, 6.8, 103, 机械原理
06390552, 8.4, 27, 汽车维修技师 技师手记集锦2（上下册）
02005525, 8.0, 33, 丰田就这么几招!
01022349, 8.8, 21, 我的“现代”生涯--郑周永回忆录
01396755, 7.2, 56, 一个成本杀手的管理自白
06974206, 8.3, 26, 盛世危局
06933050, 8.8, 20, American Icon
26934113, 7.5, 43, 图解汽车原理与构造
01623203, 9.2, 16, 汽车构造图册
27205053, 8.2, 25, 自动驾驶改变未来
21362102, 7.8, 30, 汽车是怎样设计制造的
02338325, 7.2, 42, 我在大众汽车40年
04817086, 7.8, 27, 汽车不神秘
30207197, 7.7, 27, 中国汽车四十年
33400681, 8.6, 15, 曾经辉煌
03624768, 7.3, 30, 如此购车最聪明
26615660, 9.3, 11, H-Point 2nd Edition
05370380, 7.9, 20, 画解宝马
05347780, 7.8, 21, 雷克萨斯奇迹
25803515, 7.8, 21, 红牛F1赛车大揭秘
01904289, 7.2, 29, 法拉利传奇
06024002, 8.3, 15, 画解奥迪
02054674, 7.8, 19, 中国汽车营销风云录
03085226, 7.8, 19, 宝马背后的家族
03587717, 7.2, 27, 如此用车最聪明
10765399, 7.2, 27, 汽车百年
05381867, 9.1, 10, 内燃机学
04715519, 8.1, 15, 简明机械手册
01792214, 7.4, 22, 传奇
03865567, 6.9, 29, 如此开车最聪明
26871305, 6.4, 42, 驾驶圣经
02062241, 7.7, 16, 美国车
27092971, 6.4, 39, 服务就要做到极致
01435136, 8.6, 10, 汽车系统动力学
06962876, 8.3, 11, 汽车外形设计
01951868, 6.3, 35, 名车的历史
26902267, 7.6, 14, 大画汽车
02146718, 7.3, 16, 战后的奇迹日本车
04138963, 7.3, 16, 车友有问我来答
07175027, 8.0, 11, 车林外史
10595828, 8.2, 10, 汽车构造透视图典
30268521, 8.1, 10, 蔚蓝未来
01415302, 7.6, 12, 312国道私奔书
25929548, 7.4, 13, 汽车电子技术
07059437, 7.5, 12, 世界著名汽车标志全知道
02130601, 6.7, 17, 法国车
04041959, 7.5, 10, 奥迪珍藏书
04146290, 6.4, 19, 爱车，就该懂车
04894803, 6.8, 14, 名车品鉴
11524302, 7.0, 12, 世界名车传奇
30275732, 6.8, 13, 智能汽车决战2020
30877865, 6.3, 18, 5G与车联网——基于移动通信的车联网技术与智能网联汽车
06539468, 0.0, 10, American Wheels
10606087, 0.0, 10, 新能源汽车技术及其未来
20268287, 0.0, 10, 视觉之旅
27202230, 0.0, 10, 买车用车不求人
04739533, 0.0, 11, 巅峰之后
25735863, 0.0, 11, 汽车维修基础快速入门90天
01082738, 0.0, 12, 汽车销售的第一本书
06877345, 0.0, 12, 汽车电子硬件设计
20413707, 0.0, 12, 汽车维修技能全程图解
10482759, 0.0, 25, 汽车销售快速成交50招
10794967, 0.0, 25, 汽车4S店活动策划全案
25960890, 0.0, 39, 驾考宝典
