2020-07-05 16:00:09

number of books, tag name
779, 法学

ID, rating, votes, title
01277981, 8.8, 13601, 社会契约论
01041385, 9.2, 6982, 论美国的民主
01012307, 9.2, 6238, 规训与惩罚
01144185, 9.1, 6744, 美国宪政历程
03697494, 9.1, 6558, 洞穴奇案
06401128, 8.9, 8505, 批评官员的尺度
06110110, 9.2, 2602, 社会契约论
01454687, 9.0, 3025, 政府论（下篇）
10488619, 8.9, 3042, 洞穴奇案
01048930, 9.0, 2687, 联邦党人文集
01468426, 8.7, 3634, 利维坦
01224279, 9.2, 1932, 中国法律与中国社会
01028268, 8.9, 2586, 正义论
20258505, 9.4, 1338, 规训与惩罚(修订译本)(第4版)
01013488, 9.1, 1632, 论犯罪与刑罚
03300145, 9.2, 1420, 论犯罪与刑罚
04199363, 8.5, 3093, 九人
01016930, 9.0, 1552, 论法的精神（上）
01067236, 8.8, 1940, 法理学
01324621, 9.4, 960, 宪法学导论
04240969, 8.7, 1947, 民主是一种现代生活
33383582, 9.2, 1052, 审判
25918941, 9.7, 646, 宪法学导论
26807912, 9.8, 570, 民法总论（第二版）
04201004, 9.4, 814, 民法思维
04850629, 8.6, 1884, 言论的边界
02009914, 8.9, 1248, 为权利而斗争
04915989, 8.5, 1953, 大法官说了算
34905537, 8.9, 1168, 好的婚姻，要守护财产和爱
01029794, 8.5, 1693, 法治及其本土资源
02005481, 9.0, 949, 法律之门
01877291, 8.5, 1669, 论出版自由
30304845, 9.6, 517, 宪法学讲义
04201009, 9.7, 457, 民法总则
02267824, 8.4, 1693, 制度是如何形成的
26847821, 9.5, 512, 刑法学
05421526, 9.0, 778, 送法下乡
26699004, 9.1, 673, 掩饰
01517400, 9.2, 592, 清代地方政府
06004646, 9.2, 589, 中国法律与中国社会
24379797, 8.9, 780, 民主•宪法•人权
26337444, 8.4, 1316, 论人类不平等的起源和基础
25741274, 9.7, 358, 民法总论
10876715, 8.8, 828, 论法的精神
02995621, 9.0, 672, 论法的精神
01233301, 9.1, 608, 论犯罪与刑罚
01079962, 9.0, 666, 论法的精神（下）
01039771, 9.0, 656, 法哲学原理
25838004, 8.9, 712, 法学论文写作
25919579, 8.8, 776, 刑法的私塾
26895216, 9.8, 309, 知识产权法教程
01014737, 8.2, 1539, 政法笔记
27156021, 8.6, 939, 十二怒汉
26320417, 9.0, 606, 自然社会
30258976, 8.4, 1161, 异见时刻
25817153, 9.6, 345, 辩论
01550704, 9.2, 457, 法律思维与民法实例
01400888, 8.5, 913, 法律与宗教
01074822, 9.0, 536, 法学方法论
02252905, 9.1, 475, 刑法学
26430184, 9.3, 396, 美国宪政历程
24841290, 8.3, 1048, 美国最高法院通识读本
25923695, 8.0, 1530, 电车难题
01420111, 8.6, 742, 送法下乡
27069302, 9.1, 439, 资本的规则
01315680, 8.6, 712, 司法过程的性质
07056722, 8.4, 869, 政法笔记
26183845, 8.5, 758, 法治及其本土资源
01963058, 7.9, 1578, 木腿正义
34815132, 8.3, 949, 圆圈正义
21707344, 8.9, 482, 刑法格言的展开（第三版）
10749394, 8.4, 808, 法官能为民主做什么
03127122, 7.8, 1691, 公主之死
27094199, 9.5, 276, 法理学
01033829, 9.1, 382, 法律、立法与自由(第一卷)
04005727, 8.3, 848, 致年轻律师的信
01114108, 7.5, 2384, 西窗法雨
04187241, 9.5, 258, 债法原理
06860561, 9.3, 299, 宪法学讲义
26162975, 9.3, 296, 原则与妥协（增订版）
05269145, 7.9, 1205, 沉浮与枯荣
01836950, 9.0, 360, 法律的概念
01084730, 9.4, 251, 辩论：美国制宪会议记录（上下）
30248029, 9.5, 230, 合同法总论（第四版）
01054816, 9.1, 318, 法律与革命
05297434, 8.8, 403, 要件审判九步法
01039750, 8.9, 364, 政治的概念
10829270, 8.0, 920, 法的门前
26694947, 9.2, 270, 中国公司法
25961876, 8.2, 710, 断臂上的花朵
24754570, 8.1, 797, 看得见的正义
06109582, 8.1, 792, 走不出的风景
26286871, 9.3, 242, 博登海默法理学
03624050, 8.4, 557, 思维的笔迹（上）
01074037, 9.3, 238, 法律、立法与自由(第二、三卷)
03825687, 9.0, 305, 企业、市场与法律
26916794, 8.8, 358, 车浩的刑法题
01419307, 9.0, 294, 法理学问题
01861059, 8.7, 386, 陆地与海洋
26876481, 8.9, 310, 大法官说了算
06803346, 9.2, 239, 法律的概念
03058531, 9.2, 236, 法律与革命
21346161, 9.1, 254, 法学方法论
01826100, 8.3, 540, 法律与文学
26644286, 9.0, 270, 无罪辩护
01131988, 8.3, 522, 不服从的江湖
01169104, 9.1, 243, 产权的经济分析
01427824, 8.8, 312, 无政府、国家与乌托邦
27175898, 9.7, 151, 公司法学（上）
26685165, 9.1, 234, 物权法论（第二版）
25727704, 7.6, 1127, 西窗法雨
24318992, 8.0, 654, 别在异乡哭泣
03014033, 7.9, 729, 法槌十七声
26682753, 9.6, 147, 民法学说与判例研究（重排合订本）
30394978, 8.8, 276, 至高权力
06073549, 9.5, 157, 民法总论
25869991, 7.9, 696, 正义的成本：当法律遇上经济学
01749104, 8.4, 396, 古代法
20435400, 8.5, 356, 坐待天明
06808549, 9.4, 165, 证券法学
01517227, 8.4, 388, 法辨
01626467, 9.2, 190, 民法学说与判例研究（修订版）
34461617, 8.5, 348, 清代的案与刑
26705112, 9.3, 171, 侵权责任法
34451999, 8.7, 269, 是非与曲直
02032525, 8.6, 290, 波斯人信札
01442127, 8.4, 344, 法律的道德性
27176963, 7.6, 842, 大国宪制
01317010, 8.7, 252, 比较法总论
04218542, 8.1, 451, 论剽窃
01264138, 8.9, 210, 德国民法总论
01072924, 8.7, 246, 共和·民主·宪政
03427154, 7.8, 620, 犯罪心理学
06522235, 8.1, 422, 大法官是这样炼成的
01427471, 8.2, 378, 道德与立法原理导论
04908340, 8.2, 377, 合理的怀疑
01245535, 8.4, 306, 国家篇 法律篇
26362202, 8.2, 371, 破案后
06004603, 8.5, 271, 通过法律的社会控制
30222743, 9.5, 121, 漫长的诉讼
03596547, 8.3, 321, 弑君者
25794646, 8.1, 393, 你的权利从哪里来？
30364574, 8.3, 315, 诉讼中
24838223, 7.9, 482, 皇上走了
26657204, 8.6, 233, 为权利而斗争
03301171, 7.5, 765, 西窗法雨
01065053, 8.8, 193, 在事实与规范之间
26617182, 8.6, 229, 挑战不可能
05375977, 9.1, 150, 英格兰宪政史
26849213, 8.8, 190, 言论的边界
01323953, 9.2, 137, 德国民法通论
01029041, 8.5, 243, 法的形而上学原理
30272669, 8.8, 185, 威权式法治
26928755, 8.2, 320, 与手枪的不幸相遇
03376420, 8.6, 217, 通过法律的社会控制
06439380, 9.7, 95, 刑法分则的解释原理（上下）
10765473, 9.4, 115, 刑事辩护的中国经验
03287536, 7.7, 522, 回归
10416586, 9.1, 137, 宪政原理
30444288, 9.5, 102, 罗翔讲刑法
35005013, 8.8, 169, 想点大事
30142301, 8.0, 355, 思索死刑
04849550, 7.7, 496, 律师之道
34856828, 9.3, 115, 刑法学习定律
02336143, 9.0, 143, The Nine
04173112, 8.3, 260, 我的光荣与信仰
01316507, 8.2, 286, 言论自由的反讽
01323266, 8.6, 197, 大陆法系(第二版)
01313704, 8.5, 215, 裁判的方法
27007929, 9.3, 114, 中国民事诉讼法重点讲义
25848747, 8.3, 257, 审判为什么不公正
25936236, 8.1, 308, 最好的辩护
26636503, 8.4, 228, 正义的慈悲
24756360, 9.4, 103, 中国家族法原理
01017452, 8.2, 271, 地方性知识
10827010, 7.8, 411, 别笑!这才是中国法律史
01013879, 9.1, 125, 韦伯：法律与价值
01066113, 9.1, 125, 法律之门
27176962, 9.3, 108, 刑法的私塾（之二）
01196359, 9.3, 106, 比较宪法
34440842, 9.8, 77, 公司法学
01337864, 8.2, 260, 运送正义的方式
26962594, 9.2, 113, 法醫科學研究室
26589666, 8.3, 232, 法律人的明天会怎样?——法律职业的未来
01045442, 8.2, 255, 最好的辩护
33433152, 9.7, 80, 刑法注释书
03091115, 8.7, 162, 自然法
04848351, 8.5, 191, 吉迪恩的号角
04327946, 9.7, 79, 专利审查指南2010
06087583, 8.2, 247, 割据的逻辑
03920099, 8.4, 204, 法医学之父
01062638, 8.6, 171, 法学总论
11444517, 9.9, 69, 寻找新民法
01393130, 8.5, 185, 法理学
26821429, 8.9, 133, 联邦论
07154073, 9.0, 123, 法律的经济分析
30312956, 8.1, 265, 因为性别
26201896, 8.2, 240, 法学野渡
01316578, 8.9, 131, 中国家族法原理
26909551, 8.9, 131, 不公正的审判
02245848, 9.4, 91, The PowerScore LSAT Logic Games Bible
01267527, 8.6, 164, 刑法格言的展开
01070452, 8.6, 163, 法律的正当程序
04268672, 9.0, 117, 法医病理学图鉴
01657057, 9.4, 88, 程序的正义与诉讼
01273804, 8.4, 186, 法学方法论
01498386, 9.2, 99, 民法学原理
04820229, 9.0, 113, 法学方法论
02069662, 7.9, 291, 法律人，你为什么不争气？
05269204, 8.5, 165, 西方法律思想简史
01245454, 9.1, 103, 刑法的基本立场
01054001, 8.8, 128, 论公民
01737093, 8.7, 138, 论共和国
01324796, 7.5, 445, 反分裂国家法
26736800, 9.4, 83, 宪法学说
10753736, 8.9, 117, 行为无价值论与结果无价值论
01155718, 9.3, 88, 证券法学
02294138, 8.2, 207, 立法者的法理学
01944166, 9.4, 81, 历代刑法考（共4册）
06967105, 9.1, 97, 情理法与中国人
26279660, 8.5, 153, 致年轻律师的信
30265556, 8.2, 199, 海盗、囚徒与麻风病人
21371526, 8.8, 120, 法学导论
27177689, 9.3, 84, 中国公司法（第二版）
01657408, 8.7, 128, 表达自由的法律限度
03782359, 8.9, 109, 法学的概念天国
06431967, 8.6, 137, 教会法与神圣帝国的兴衰
04187243, 7.7, 321, 完美的合同
04012118, 8.1, 212, 高手
01292059, 8.6, 136, 法律与文学
01517497, 8.5, 147, 无需法律的秩序
02053208, 7.9, 254, 在路上
27604666, 9.1, 91, 刑法的启蒙
30247377, 9.8, 59, 法律的概念
26260116, 9.7, 62, 政府论（下篇）
33161576, 9.7, 62, 2019司法考试瑞达法考 钟秀勇讲民法之精讲 钟秀勇讲民法2019 国家法律职业资格考试
02032314, 9.1, 90, 从宪法规范到规范宪法
27175871, 8.5, 141, 民法总论（第五版）
01275195, 8.6, 130, 恶
24854309, 9.2, 84, 寻求自然秩序中的和谐
01517492, 9.8, 58, 民法总则
07163112, 8.0, 218, 犯罪人论
34779855, 8.2, 180, 隐秘战争
25739280, 7.3, 473, 逍遥法外
25984449, 7.9, 238, 到法学院学什么
06858537, 9.5, 68, 理想的专业法学教育
26708105, 9.5, 68, 著作权法
06805977, 9.0, 94, 建国方略
26756219, 7.5, 367, 法律-牛津通识读本
26830154, 8.1, 194, 迷信与暴力
26689753, 7.0, 702, 正义女神不睁眼
03091267, 9.1, 87, 推开美国法律之门
02974667, 8.6, 125, 法理学
01107081, 8.7, 115, 民法61讲
05939811, 9.1, 85, 走向宪政
03129101, 9.0, 91, 萨维尼法学方法论讲义与格林笔记
01077593, 8.1, 187, 法律是什么
25964612, 7.7, 279, 迟到的正义
27021403, 8.9, 97, 钟秀勇讲民法之精讲卷
34876354, 9.8, 54, 刑事诉讼法：规则 原理 应用
01051294, 8.5, 128, 认真对待权利
25716626, 9.2, 77, 刑事辩护的中国经验
26761402, 8.6, 117, 实习律师指南（修订版）
26966906, 9.0, 87, 作为科学的法学的无价值性
24152912, 9.2, 76, 法与国家的一般理论
06114436, 9.4, 67, 网络环境中的著作权保护研究
25725197, 8.7, 107, 合法性与正当性
26738759, 7.7, 261, 律师之道：新律师的必修课
02006377, 8.5, 124, 清代的法律、社会与文化
05988634, 7.2, 470, 法律稻草人
27175900, 9.5, 62, 公司法学（下）
01224212, 8.0, 190, 大法官的智慧
01424341, 8.3, 142, 公共知识分子
27622148, 9.7, 54, 傅鼎生讲物权法
01328723, 8.3, 141, 法律篇
25952297, 8.7, 102, 中国法史导论
03359326, 7.7, 248, 法官如何思考
25775120, 8.4, 128, 法槌十七声
01247705, 8.1, 165, 论立法与法学的当代使命
01548653, 9.3, 67, 瞿同祖法学论著集
05990630, 9.4, 63, 美国联邦宪法
24878569, 7.8, 220, 斑马线上的中国
34441815, 9.6, 56, 证券法学（第四版）
03186185, 8.3, 138, 认真对待权利
30460535, 8.5, 117, 公正何以难行
20441111, 7.9, 194, 法律与宗教
04231776, 10.0, 44, 新刑法总则
10460037, 10.0, 44, The Concept of Law
03575920, 9.1, 73, 中西法律文化比较研究
26992463, 9.1, 73, 比较法总论（上）
01492509, 8.9, 83, 外国民商法精要
26384386, 9.1, 72, 破产法论
34911631, 9.5, 56, 《全国法院民商事审判工作会议纪要》理解与适用
01657263, 9.3, 63, 刑法原理入门
06863773, 9.3, 63, 论当代中国的普通法教育
01223988, 8.5, 109, 最佳辩护
01799965, 8.0, 166, 法律、自由与道德
03931873, 8.3, 127, 霍姆斯读本
26342279, 8.3, 127, 法辨：法律文化论集
01100033, 8.6, 100, 当代法哲学和法律理论导论
03886019, 9.5, 55, The Case of the Speluncean Explorers
30133424, 8.2, 137, 诉讼可视化
01060371, 7.8, 197, 政府片论
01009902, 8.4, 115, 美国宪法的“高级法”背景
26600823, 8.6, 98, 司法和国家权力的多种面孔
30474750, 9.7, 48, 柏浪涛刑法攻略讲义卷
02205871, 9.1, 68, 洞穴奇案
01122700, 8.1, 144, 刑法的启蒙
11532995, 8.7, 89, 法律尽职调查指要
26772384, 8.9, 77, 法律帝国
03918737, 9.0, 72, 物权法
30145666, 8.9, 76, 功利主义
05387902, 8.2, 128, 窃书为雅罪
30356084, 8.5, 100, 写给法科生的信
06799925, 8.8, 80, 中华人民共和国婚姻法
26338126, 8.8, 80, 正义永不决堤
01433829, 7.7, 202, 木腿正义
01729086, 8.9, 74, 司法过程的性质
25846152, 8.9, 74, 古代宪法与封建法
26910268, 9.5, 51, 我的辩词与梦想
34897819, 9.6, 48, 2020年国家统一法律职业资格考试刑法攻略·精讲卷
05408891, 7.3, 305, 反常识经济学
26644816, 9.5, 50, 新编西方法律思想史（古代、中世纪、近代部分）
02023461, 8.6, 89, 合同与法律咨询文书制作技能
06834148, 8.1, 132, 法学思维小学堂
06854770, 9.0, 67, 刑法总论
24383568, 7.3, 297, 法哲学：价值与事实-牛津通识读本
03008597, 8.5, 93, 刑法的启蒙
01255975, 9.3, 54, 唐律疏议笺解
10956494, 9.8, 41, 德国民法总论
04930936, 8.7, 79, 法和经济学
27017580, 9.2, 57, 刘凤科讲刑法之精讲卷
24701861, 9.2, 56, 公法的变迁
04605572, 8.3, 104, 米诺斯
06800490, 8.4, 96, 法律的正当程序
26339357, 9.1, 59, 中国物权法总论
01267815, 8.9, 67, 论犯罪与刑罚
27015113, 8.9, 67, 论法学研究方法
26208406, 7.8, 160, 法的中国性
24295788, 8.7, 76, 我的辩词与梦想
25981305, 9.2, 55, 中华民国民主宪法十讲
01747540, 8.9, 65, 普通法
33408135, 8.1, 118, 无罪辩护
01101318, 7.1, 330, 民法
20390896, 7.0, 375, 人类酷刑史
30126875, 9.5, 45, 法律的道路
01475540, 9.3, 50, A Civil Action
01534874, 8.3, 98, 超越法律
03686807, 8.8, 68, 战争与和平的权利
03571363, 9.7, 40, 类推与“事物本质”
30437764, 9.8, 38, 刑法公开课
34459667, 8.1, 114, 誓言
06521434, 9.0, 59, 法律社会学・非正当性的支配
27012076, 9.2, 52, 法理学：全球视野（第四版）
01015867, 8.1, 112, 美国人民的历史
02323916, 7.9, 133, 民法学
26780983, 9.2, 51, 我的刑法研究
26835022, 9.2, 51, 像法律人那样思考
01805523, 8.8, 65, 近代私法史（上下）
26960594, 8.3, 92, 法律与文学
26807914, 10.0, 33, 不当得利
25947172, 8.5, 79, 所罗门之结
30211960, 8.9, 60, 宪法
02300541, 8.8, 64, 法学方法与现代民法
03822273, 9.0, 56, 基本法律概念
01031897, 9.5, 42, 美国行政法
01427757, 8.5, 78, 道德和法律理论的疑问
01517280, 9.1, 52, 反托拉斯法
01657054, 8.5, 76, 西方宪政体系
26346155, 9.1, 51, 企业、市场与法律
04736039, 8.3, 87, 英国宪法
07060546, 8.8, 61, 良心的自由
10565867, 8.2, 93, 法学学位论文写作方法
02132228, 8.6, 69, 自然法的观念史和哲学
26657828, 9.6, 38, 实践与理论
06004648, 9.1, 50, 比较宪法
02343947, 8.0, 109, 自由·平等·博爱
11579787, 8.8, 60, 合理怀疑的起源
07163631, 10.0, 31, 刑法通论（上册）
01443725, 8.5, 73, 英国宪制
24866266, 8.5, 73, 超越东西方
10512859, 8.4, 78, 请求权基础
20504650, 8.1, 97, 文人法学
33446822, 8.1, 97, 法律的颜色
34883994, 9.7, 35, 比较法学原理
01025101, 7.6, 151, 中华帝国的法律
01509168, 6.8, 382, 法理学
01517334, 8.9, 54, 法律的成长法律科学的悖论
30324023, 8.3, 81, 我是阿尔法
06963751, 7.9, 112, 律师之道
27600396, 9.4, 40, 损害赔偿
30247378, 9.6, 36, 法律行为解释之方法
26593184, 7.9, 109, 法窗夜话
33428160, 8.5, 68, 经济学与法律的对话
05924299, 8.4, 73, 中国法制史
04736005, 7.9, 107, 美国宪法的经济观
25704365, 8.8, 54, 法理学
01410525, 8.6, 61, 法律推理与法律理论
01908241, 8.7, 57, 权利话语
03012114, 8.7, 57, 说话算数
26733524, 6.9, 297, 要命的选择：霍尔姆斯杀人案、洞穴奇案和吉姆的困境
01935990, 8.9, 50, 票据法概论
27133193, 7.6, 135, 法学第一课
02218061, 7.7, 122, 看不见的法律
30152151, 9.1, 44, 刑法总论讲义
30460538, 9.9, 29, 德国民法总论
01525742, 9.4, 37, 企业所有权论
27027542, 9.4, 37, 法庭上的巅峰对决
03594949, 9.8, 30, 基础刑法学
05285310, 9.1, 43, 自由与权利
06431969, 8.4, 67, 罗马法与帝国的遗产
26322737, 8.4, 67, 亡者归来
04817888, 7.4, 158, 西窗法雨
34950156, 9.4, 36, 不正义的多重面孔
01009746, 8.3, 71, 现在开庭
21332554, 8.4, 66, 礼教与法律
26848652, 9.0, 44, 无需法律的秩序
03215709, 7.2, 187, 法学的邀请
34940580, 7.9, 94, 工具，还是武器？
23081000, 8.3, 67, 生命的自主权
06145250, 8.9, 45, 日本帝国宪法义解
06963845, 8.9, 45, 中国法制史概要
24750369, 9.1, 40, 英美法原论（套装上下册）
10568223, 9.5, 32, 现代知识产权法的演进
25904486, 8.5, 57, 民主是可能的吗？
01466657, 8.0, 82, 普通法的精神
26275445, 8.9, 44, 刑事诉讼法
30276251, 8.9, 44, 代码2.0
27592193, 7.6, 114, 温柔的正义
06798843, 8.5, 56, 积极自由
26667888, 8.5, 56, 礼教与法律
01852860, 8.7, 49, 知识产权法关键词
26519656, 8.3, 64, 法律
03003634, 8.1, 74, 迈向女性主义的国家理论
21360218, 8.6, 52, 《人权与公民权利宣言》——现代宪法史论
03744890, 7.5, 123, 作为法律史学家的狄更斯
23782168, 8.2, 68, 我们人民
01550774, 7.3, 149, 国际法
03537081, 9.2, 36, 法律帝國
30152269, 9.1, 38, 刑法教义的本土形塑
01737084, 8.6, 51, 法官、立法者与法学教授
02308809, 8.4, 58, 英文合同解读
01894769, 8.3, 62, 宪法精解
10473583, 8.5, 54, 政治多元论
01550703, 8.2, 66, 恐怖的法官
01255372, 8.1, 71, 政府片论
27667110, 8.7, 47, 证据法学
03521371, 8.6, 50, 宋村的调解
04137288, 7.9, 82, 惩罚与法治
27056229, 6.7, 288, 你不可不知的法律常识
01319084, 8.9, 41, 法理学
02245064, 8.9, 41, 国际商法教学案例
02351338, 8.4, 56, 法理学
26812722, 8.6, 49, 刺猬的正义
03644548, 8.7, 46, 民法哲学
01319093, 8.5, 52, 中华人民共和国婚姻法
30255054, 7.4, 126, 一本书看透IPO：A股IPO全流程深度剖析
26864874, 8.7, 45, 二十世纪美国法律史
26362837, 8.1, 67, 中国的近代性
24860505, 8.6, 47, 法社会学
01271917, 7.9, 77, 法律职业就是谈判
01046411, 8.0, 71, 人的权利与人的多样性——人权哲学
27002478, 9.6, 27, 钟秀勇讲知产
27116274, 7.9, 76, 裁判的方法
01517450, 9.3, 31, 论法的精神
01276188, 8.2, 60, 罗马法教科书
06891569, 7.4, 117, 宪在
01517621, 7.6, 97, 法律与道德
27036060, 8.7, 43, 另一个纽伦堡
30464979, 8.7, 43, 法律研习的方法
01800454, 8.4, 52, 守法主义
04908342, 9.1, 34, 德国民法典
26305460, 9.1, 34, 著作权法
01722860, 8.8, 40, 法律、实用主义与民主
30416951, 8.6, 45, 美国劳动法学的诞生
04832833, 9.2, 32, 对抗式刑事审判的起源
01500312, 9.7, 25, 当代刑法思潮
27078849, 9.6, 26, 德国民法典
05924872, 9.0, 35, 优士丁尼《法学阶梯》评注
30422567, 8.5, 47, 民法研究指引
06800489, 8.2, 57, 法律的训诫
03791340, 8.7, 41, 普通法的诉讼形式
26290666, 7.9, 71, 法律的成长
01623373, 8.4, 48, 公司法的经济结构
04261228, 8.3, 51, 美国国会行动的逻辑
01054943, 7.6, 87, 清代习惯法
25905180, 8.8, 37, 身披法袍的正义
01550706, 8.7, 39, 民法基本原则解释
26823674, 8.0, 61, 法律东方主义
03411444, 8.8, 36, 欧陆法律史概览
01255454, 8.3, 49, 说法活法立法
07153936, 8.5, 43, 教会法研究
03182132, 9.0, 32, 规范刑法学（上下册）
02025341, 8.2, 51, 法律的生命在于经验
30479196, 8.7, 37, 洞穴奇案
27025720, 7.4, 96, 律政雄心
19975558, 8.4, 44, 宪政爱国主义
03932177, 9.7, 22, 香港法概論(新版)
01919749, 8.9, 32, 英国法释义（第一卷）
30401865, 8.9, 32, 中国物权法总论（第四版）
01949288, 7.7, 70, 死刑论辩
30469067, 8.5, 39, 看得见的正义
26286743, 7.6, 74, 谁在守望言论
01914280, 8.3, 44, 理论犯罪学
03048420, 7.7, 68, 刑法学
30137050, 9.3, 25, 刑法总论（第三版）
03743955, 7.6, 73, 审判的历史
03843136, 7.8, 62, 代码2.0
34937302, 8.7, 34, 用野心对抗野心
26924796, 8.6, 36, 实证派犯罪学
24749382, 8.8, 32, 民主在美国
01323956, 7.9, 56, 为废除死刑而战
05296483, 7.9, 56, 法律常识全知道
02893728, 9.5, 22, The Best Defense
02993966, 8.0, 51, 法理学——法哲学及其方法
27010025, 9.7, 20, 英宪精义
01983794, 9.2, 25, The Morality of Freedom
30369067, 9.2, 25, 性/别少数群体平等保护研究
01548479, 7.6, 68, 沃伦法院对正义的追求
02991203, 8.6, 34, 英国行政法
03344662, 8.6, 34, Letters to a Law Student
30161888, 8.7, 32, 法律的文化研究
30288864, 8.4, 38, 合同审查精要与实务指南
04720234, 9.0, 27, 北大评案·法律思维
03743957, 7.1, 104, 最高法院的兄弟们
10863377, 9.2, 24, 民法讲义1·总则
25940323, 9.2, 24, 罗马法原论（全两册）
27116004, 9.2, 24, 教义刑法学
26871794, 9.7, 19, 公司法的逻辑
05332425, 8.5, 34, 特别关注
01004666, 6.6, 173, 中国法制史
26924164, 8.3, 38, 法学的圣殿
01941839, 8.9, 27, 奥本海国际法
01393212, 7.5, 67, 战争与和平法
04229645, 9.3, 22, The Law
01131106, 9.1, 24, 调解、法制与现代性
04733646, 8.6, 31, 被误读的信托
30451952, 8.0, 45, 法官因何错判
27617878, 8.4, 34, 惊世判决
01319168, 7.6, 59, 法理学导论
33380607, 8.3, 36, 欧洲法律简史
22306373, 8.8, 27, 法治
01663357, 9.1, 23, 美国法的变迁
34854233, 9.4, 20, 寻找新民法
01517599, 8.7, 28, 新社会契约论
02249247, 8.7, 28, 亲属法原论
24720505, 8.7, 28, 法律史解释
25910790, 8.7, 28, 民主、专业知识与学术自由
02974583, 8.1, 40, 刑事诉讼的中国模式
01414968, 8.3, 35, 與法有緣
01324444, 8.9, 25, 行政法
10764147, 8.6, 29, 司法过程的性质及法律的成长-英美法系法官裁判的精典样本
35004628, 8.6, 29, 私权的分析与建构
25742426, 8.8, 26, 法哲学
26419654, 8.0, 41, 公司法的经济结构（中译本第二版）
10581693, 9.0, 23, Natural Law and Natural Rights
30477665, 8.1, 38, 法和经济学的未来
01701447, 7.8, 46, 美国最高法院
04055820, 7.6, 53, 法律的经济分析
02115892, 7.8, 45, 诉讼的话语
01735056, 8.6, 27, 法治与文明秩序
01033936, 8.3, 32, 行政法学总论
03015830, 8.3, 32, 盖尤斯法学阶梯
26835582, 8.2, 34, 超越法律
04311448, 8.1, 36, 法和经济学导论
34441049, 7.9, 41, 痛苦的正当尺度
01204497, 7.2, 70, 古律寻义
02329350, 8.7, 25, 官、民与法
06533005, 8.7, 25, 中国法制史
25856486, 7.5, 54, 公司法前沿问题研究
01493034, 8.3, 31, 刑事诉讼的前沿问题
27003001, 8.1, 35, 民主之门
01599533, 8.4, 29, 意思表示解释理论
01852310, 8.0, 37, 现代宪法
30140422, 8.9, 22, 庭审之外的辩诉交易
01429086, 8.8, 23, 刑法学基础
01394062, 8.1, 34, 法律与社会规范
05400197, 8.3, 30, 中世纪商业合伙史
33440215, 8.3, 30, 法律人的明天会怎样？
01667308, 6.7, 108, 民事诉讼法
30419186, 7.8, 40, 深度沟通
01279016, 7.9, 37, 汉穆拉比法典
30224195, 9.7, 15, 刑法的基本立场
33380587, 8.9, 21, 法哲学入门
27605193, 8.4, 27, 国会政体
25856523, 8.7, 23, 刑事证据法学
34942845, 9.1, 19, 1840年以来的中国
03264949, 8.1, 32, 法律与宗教
26368407, 9.5, 16, 刑法总论重要问题
01939755, 8.3, 28, 法律中的因果关系
26769569, 7.3, 56, 司法的细节
25714728, 8.5, 25, 建国之父的失败
25986050, 7.6, 44, 德国债法总论（第7版）
01214220, 7.8, 38, 2011年国家司法考试·刑法48讲(第9版)(法院版·众合版)
02115063, 8.9, 20, 重点讲义民事诉讼法
26882461, 9.0, 19, 行政法学（第四版）
26368705, 8.6, 23, 司法审查的起源
02058421, 6.8, 85, 正义的历史映像
26921055, 8.5, 24, 美国宪法导读
26467572, 8.0, 32, 论私力救济
03040397, 8.1, 30, 论一般法律
01323858, 9.2, 17, 规范·人格体·社会
04197751, 9.2, 17, 中国法律发达史
27097053, 9.2, 17, 知识财产法哲学
26592476, 7.7, 38, 中共的治理与适应
26757429, 8.8, 20, 郭翔讲民诉
27093309, 8.6, 22, 商法史（意大利当代法学译丛）
02113730, 9.3, 16, 现代证明责任问题
05950401, 9.3, 16, 民事诉讼法学
06873859, 7.5, 43, 美国大法官的法理及信仰
27619619, 9.0, 18, 批评与自恋（增订本）
01052893, 6.9, 71, 犯罪心理学
24734325, 8.0, 30, 战争与和平法
03376633, 8.3, 25, 权利革命之后
25720161, 8.3, 25, 论海洋自由或荷兰参与东印度贸易的权利
03244300, 7.4, 45, 法律方法阶梯
01517272, 7.7, 36, 法律史解释
05912085, 6.9, 68, 政法往事
23185636, 7.6, 38, 你好，真相！
21335802, 7.8, 33, 同类相食与普通法
01845210, 8.4, 23, 环境正义
34865922, 8.4, 23, 中国的新型正义体系
20261486, 9.3, 15, 主观公法权利体系
26918568, 9.1, 16, 自由·平等·博爱
01263954, 8.6, 20, 财产论
01434205, 8.5, 21, 动物权利导论
04309495, 8.5, 21, 剑桥法律英语
30417743, 8.1, 26, 违约金论
30288490, 8.3, 23, 刑事证据法
03000288, 7.1, 52, 近代中国的犯罪、惩罚与监狱
02245397, 8.9, 17, The Morality of Law
10808763, 8.9, 17, 《人权与公民权利宣言》
01657277, 8.0, 27, 民法的精神
03575919, 8.5, 20, 中国法律的传统与近代转型
26781824, 8.5, 20, 古代法
34776601, 9.3, 14, 民法学入门
04161829, 8.0, 26, 民法原理与民法学方法
02009203, 7.7, 31, 法医学
30283498, 8.8, 17, 我是阿爾法
04244376, 7.4, 38, 女性的法律生活
02245063, 7.9, 27, 国际公法原理
01205734, 8.4, 20, 中国法制通史
33388318, 8.4, 20, 现代行政法总论（第2版）
02052559, 8.3, 21, 沃伦法院与美国政治
04187512, 8.3, 21, 实质法治
27147063, 9.6, 12, 刑法总论的思之道•乐之道
02270700, 8.6, 18, 国际私法原理
26362374, 8.6, 18, 林肯守则
34455903, 7.7, 29, 大数据战争
01254293, 7.8, 27, 法律信仰
26714863, 8.8, 16, 法律的正当程序
26767811, 9.5, 12, 法律逻辑
01065211, 8.3, 20, 德国民商法导论
03919656, 8.4, 19, 律师执业基本技能（下）
05347964, 8.4, 19, 法律人统治下的国度
26427655, 8.4, 19, 错案的哲学
02148173, 7.7, 28, 最小危险部门
34932633, 9.0, 14, 問道民法
30401195, 6.9, 49, 人人都该懂的法庭科学
03631487, 8.8, 15, 中华人民共和国刑法注释本
26895146, 7.8, 25, 别了，孟德斯鸠
22993953, 9.6, 11, 法律推理.研究与写作方法
25848339, 8.5, 17, 罗马法研究历史导论
26879377, 8.5, 17, 法律工具主义
05988669, 7.3, 34, 金融法概论
07162462, 7.8, 24, 现代中国的法治之路
03115233, 8.7, 15, 规制及其改革
33478633, 8.3, 18, 物权法之经济分析：所有权
01245768, 7.0, 41, 法律的博弈分析
30411131, 9.2, 12, 私有财产的经济学与伦理学
26969863, 6.8, 48, 经验与心得:法学论文指导与写作
06896054, 8.8, 14, 合同法总论（上卷）
20432418, 8.8, 14, 德国最高法院判例
06891493, 7.8, 23, 简明国际法史
26552801, 7.4, 29, 历史上的人权
01313218, 7.6, 25, 悲剧性选择
30296419, 8.9, 13, 生活中的法学
30435309, 6.8, 45, 你看我说
05040144, 8.7, 14, 合同法
26878263, 8.7, 14, 德意志法学之光
34453291, 8.7, 14, 刑事理论与刑事制度
10569860, 8.4, 16, 公开与公平的博弈
30802582, 7.4, 28, 法学野渡（第三版）
24698958, 9.3, 11, 德国刑法学总论（第2卷）
01735058, 7.7, 23, 风险与理性
01233171, 5.9, 119, 经济法
10799510, 8.5, 15, 辩诉交易的胜利
01599532, 8.1, 18, 司法能动主义
01009494, 8.8, 13, 中国当代法学争鸣实录
01409494, 7.2, 31, 中国法律的传统与近代转型
27611028, 7.0, 36, 荆棘丛
30401272, 9.2, 11, 围城之内
27189885, 8.7, 13, 徐金桂讲行政
30293667, 8.7, 13, 证明责任论
20432727, 7.9, 19, 同性婚姻法律问题研究
02564803, 9.4, 10, The Administrative State
25839874, 8.5, 14, 精英与平民：中国人的民主生活
04292687, 7.3, 27, 法律社会学基本原理
01895081, 7.4, 25, 中华人民共和国民法通则
30172313, 8.8, 12, 刑法学名师讲演录（第二版）
01492510, 7.3, 26, 法律经济学文献精选
01319113, 7.8, 19, 法律推理与政治冲突
26281832, 7.8, 19, 历史社会法学
02147214, 9.0, 11, 知识产权论
02262661, 8.0, 17, 在人大法学院听讲座
02009665, 7.6, 21, 公司法
26839255, 7.6, 21, 律师民法业务思维-2
01517281, 8.1, 16, 法律理论的前沿
05063080, 7.2, 27, 贝卡里亚刑事意见书6篇
26847818, 7.2, 27, 刑法学
26593094, 7.5, 22, 纽伦堡审判
03139966, 7.3, 25, 宪法的原始含义：美国制宪中的政治与理念
05419195, 6.6, 43, 法律的故事
27124686, 5.9, 89, 金庸武侠中的法律学
01902644, 6.8, 34, 东京大审判
26237244, 8.6, 12, 新英国宪法
26944645, 7.5, 20, 物权法
01205311, 6.5, 42, 行政法学
03089014, 8.0, 15, 事故的成本
02991490, 7.0, 27, 西方法律十二讲
01516989, 7.5, 19, 法律推理引论
30238519, 7.5, 19, 美国法律体系
01974675, 8.4, 12, 海商法专论
26771600, 8.6, 11, 专利法
03698062, 8.2, 13, 民事审判方法
05908748, 6.6, 34, 法学论文写作与资料检索
01657458, 6.4, 39, 知识产权法
25846044, 8.4, 11, 公共领域中的伦理学
27598078, 8.4, 11, 版权战争
26855498, 7.6, 16, 法学的故事
03875656, 7.7, 15, 反垄断法与经济学
26747833, 7.8, 14, 同意的道德性
01534882, 7.9, 13, 自由市场与社会正义
27185092, 7.9, 13, 自然作为理性
26864839, 7.7, 14, 知识产权法的经济结构
03563846, 8.0, 12, 律师职业道德的底线
26736502, 6.9, 22, 行政法与行政诉讼法（第六版）
01657304, 7.8, 13, 二十世纪西方法哲学思潮研究
04908964, 7.8, 13, 法律论证与证据
05917269, 8.3, 10, 别样的法律导论
01959716, 7.5, 14, 法律移植与法律文化
01599535, 7.7, 12, 刑法的基本概念
25757567, 7.7, 12, 活的法律
01214837, 7.5, 13, 妇女对法律的反抗
01517286, 7.5, 13, 法理学的世界
30802856, 7.6, 12, 中国宪法（第四版）
06809077, 7.0, 16, 权利平等与地方差异
01550600, 7.6, 11, 批判法学
34891905, 7.8, 10, 新编不可不知的1000个法律常识
30229203, 6.8, 17, 死刑的温度
01884458, 7.4, 12, 博弈论导引及其应用
30115930, 6.9, 15, 天才远离法学
26921157, 7.6, 10, 价值、尊重和依系
26919411, 6.9, 14, 黑暗年代
01254107, 6.5, 18, 经济法理论的重构
30377039, 7.0, 13, 棠阴比事
02992002, 7.5, 10, 白领犯罪
01517125, 6.7, 15, 法治四章
30475772, 6.3, 19, 死刑
03999475, 6.3, 17, 刑法
01393956, 6.8, 12, 普通法传统
30271413, 6.8, 11, 律师接案办案智慧与技巧
30238661, 6.3, 15, 民事诉讼法学
01803089, 6.5, 13, 国际私法
04212268, 5.3, 26, 大宪章
04872535, 4.2, 202, 思想道德修养与法律基础（2010年修订版）
07161531, 3.3, 141, 宪法学
01075050, 0.0, 10, 宪政与权利：美国宪法的域外影响--宪政译丛
03361371, 0.0, 10, Oppenheim&#39;s International Law
05243385, 0.0, 10, 律师与正义
01949778, 0.0, 11, 法律的隐喻
04286963, 0.0, 11, 择案而审
10946228, 0.0, 11, 证据分析
26972221, 0.0, 11, 卡尔·施米特在第三帝国
30425178, 0.0, 11, 中国诉讼社会史研究
34951930, 0.0, 11, 政府监管的新视野
03786926, 0.0, 12, 法律与分歧
21365504, 0.0, 12, 最民主的部门
24872954, 0.0, 12, 法缘记忆·醉心梦语
