2020-07-05 16:00:09

number of books, tag name
988, 法国

ID, rating, votes, title
01084336, 9.0, 576779, 小王子
04908885, 9.0, 129288, 局外人
01085860, 9.0, 100578, 基督山伯爵
01205054, 9.0, 49791, 悲惨世界（上中下）
01085470, 8.5, 80223, 海底两万里
01024197, 8.4, 90711, 巴黎圣母院
01400705, 8.1, 134115, 情人
24257229, 9.1, 22334, 鼠疫
01013380, 8.2, 107433, 茶花女
01012611, 8.2, 98211, 乌合之众
04920007, 8.8, 31635, 不能承受的生命之轻
01205370, 8.2, 86294, 羊脂球
24257486, 9.1, 16018, 局外人
26276775, 9.0, 17378, 异乡人
03693974, 9.4, 9537, 小王子
01292416, 8.5, 36286, 香水
01880831, 9.2, 11740, 基督山伯爵（上下册）
01258498, 8.4, 40249, 项链
01007433, 8.2, 47495, 红与黑
01052203, 8.9, 11727, 局外人
01277981, 8.8, 13601, 社会契约论
01001885, 8.5, 21774, 带一本书去巴黎
02039931, 9.1, 8363, 小王子
26695174, 9.1, 8343, 灯塔
01041385, 9.2, 6982, 论美国的民主
10763902, 7.7, 87528, 偷影子的人
25897657, 9.5, 4391, 悲惨世界
01012307, 9.2, 6238, 规训与惩罚
01032063, 8.9, 8865, 旧制度与大革命
01056023, 8.6, 12990, 鼠疫
01136881, 9.3, 4889, 悲惨世界
01186392, 8.7, 10622, 约翰·克利斯朵夫
30468519, 8.8, 8722, 局外人
04745950, 9.3, 4261, 第二性Ⅱ
26839300, 8.9, 7157, 局外人
05406559, 8.8, 8054, 鼠疫
01082584, 8.7, 9283, 追忆似水年华 Ⅰ
04246968, 8.9, 6948, 局外人
25717151, 9.2, 4414, 基督山伯爵（上下）
10779650, 9.2, 4324, 追忆似水年华
01004322, 8.7, 8464, 第二性
01083477, 8.1, 22174, 包法利夫人
11535042, 8.6, 9537, 请以你的名字呼唤我
01370897, 9.2, 4155, The Little Prince
05366275, 8.4, 12765, 我怎样毁了我的一生
01036541, 8.8, 6785, 疯癫与文明
04745949, 8.7, 7795, 第二性Ⅰ
01017563, 8.8, 6384, 我的野生动物朋友
01083434, 8.7, 7130, 莫泊桑短篇小说选
06712407, 9.0, 4615, 巴黎评论·作家访谈Ⅰ
01031741, 7.8, 30925, 欧也妮·葛朗台
01083433, 9.3, 3100, 悲惨世界（全三册）
04313207, 8.4, 10341, 致D
01121460, 9.3, 2926, 基督山伯爵(上下)
01880986, 9.2, 3229, 悲惨世界（上下）
01049522, 8.8, 5138, 西西弗的神话
02256351, 8.4, 9137, 乌合之众
01203244, 8.3, 10546, 三个火枪手
01400707, 8.1, 14545, 广岛之恋
02215160, 9.2, 2987, 神秘岛（全三册）
01000121, 8.6, 6540, 昆虫记
30134903, 8.9, 4312, 鼠疫
01393447, 9.1, 3338, 忧郁的热带
03765331, 8.6, 6286, 恋人絮语
01075538, 8.2, 11561, 普罗旺斯的一年
03200760, 9.5, 1976, 悲惨世界
26826605, 9.1, 3102, 加缪手记
01889128, 8.4, 7785, 茶花女
20443559, 7.7, 25865, 小王子
03899039, 8.1, 12439, 刺猬的优雅
01933931, 8.7, 4959, 沿着塞纳河到翡冷翠
01275907, 8.3, 8888, 八十天环游地球
01851058, 9.1, 2952, 约翰·克利斯朵夫（共四册）
06110110, 9.2, 2602, 社会契约论
33379779, 8.3, 8757, 美国陷阱
02063329, 8.5, 6448, 包法利夫人
30207738, 8.8, 4198, 3秒
01119528, 8.0, 13529, 高老头
01894742, 8.5, 6074, 红与黑
01092168, 9.1, 2728, 追忆似水年华（上下册）
02042629, 8.8, 3949, 九三年
05063806, 8.6, 5174, 茶花女
01083432, 8.7, 4505, 巴黎圣母院
06313450, 8.9, 3412, 包法利夫人
02253413, 8.9, 3291, 巴黎圣母院
01657455, 8.6, 4790, 论人类不平等的起源和基础
27194720, 9.2, 2235, 追寻逝去的时光·第一卷：去斯万家那边
01045365, 8.6, 4584, 恶之花
21329239, 8.8, 3453, 巴黎烧了吗?
24257403, 8.8, 3447, 西西弗神话
26908211, 9.1, 2363, 鼠疫
01205076, 9.2, 2094, 悲惨世界（上中下）
01071023, 8.7, 3863, 谈谈方法
26974262, 9.4, 1668, 小王子
01885261, 8.6, 4343, 巴黎圣母院
25822104, 9.2, 2035, 第二性（合卷本）
04140380, 8.7, 3709, 第七重解答
04131380, 9.1, 2253, 忧郁的热带
04987594, 9.2, 1963, 小王子
26975609, 8.7, 3611, 方向
05312095, 8.7, 3599, 西西弗神话
04258830, 8.1, 8576, 乌合之众
01051714, 8.3, 6260, 等待戈多
05062697, 9.2, 1868, 基督山伯爵（上、下）
10439392, 9.1, 2080, 风沙星辰
04246979, 8.1, 8109, 窄门
01061029, 8.8, 2954, 杜尚访谈录
25897678, 9.0, 2288, 包法利夫人
03393056, 8.2, 6613, 流动的盛宴
01030366, 8.2, 6601, 身份
01022318, 8.7, 3245, 爱弥儿
02255873, 9.1, 1957, 局外人 鼠疫
04766921, 9.0, 2193, 解体概要
01085467, 8.9, 2468, 神秘岛
01204488, 8.4, 4666, 格兰特船长的儿女
01700474, 9.3, 1496, The Little Prince
01078554, 8.0, 8371, 情人
20258505, 9.4, 1338, 规训与惩罚(修订译本)(第4版)
06131589, 8.6, 3409, 普罗旺斯的一年
26602756, 9.3, 1468, 读
26897469, 8.6, 3376, 红与黑
01793713, 8.4, 4370, 中国北方的情人
10608319, 8.5, 3772, 存在主义是一种人道主义
26906378, 9.2, 1584, 切尔诺贝利之春
01057197, 8.1, 6695, 无知
01030554, 8.6, 3240, 恶心
01070685, 8.1, 6566, 永远的普罗旺斯
24257192, 9.3, 1364, 卡利古拉
01276032, 8.3, 4690, 地心游记
01159967, 8.6, 3085, 第二性
01048173, 8.1, 6289, 忏悔录
01163327, 8.9, 2101, 列那狐的故事
01899006, 9.1, 1661, 我想去看海
03608170, 8.0, 7261, 我想吃一个小孩
03908240, 7.7, 11928, 情人
26662689, 8.6, 2932, 画的秘密
02243692, 7.8, 9623, 潜水钟与蝴蝶
34617780, 9.2, 1387, 鸟瞰古文明
20258504, 9.1, 1536, 疯癫与文明
11607261, 8.6, 2801, 旧制度与大革命
01792749, 8.5, 3169, 等待戈多
01152701, 7.8, 9084, 漂亮朋友
03662216, 8.6, 2717, 恶之花
01962883, 8.7, 2362, 八十天环游地球
02161692, 8.4, 3504, 海底两万里
03684227, 8.7, 2347, 巴黎的忧郁
01076280, 8.8, 2067, 第一哲学沉思集
03266617, 9.0, 1602, 电影是什么？
26352388, 9.2, 1279, 约翰·克里斯朵夫
10560097, 9.3, 1133, 不一样的卡梅拉（1-10册）
01016930, 9.0, 1552, 论法的精神（上）
26819342, 8.8, 1927, 波丽娜
04872917, 8.9, 1705, 小王子
01320206, 8.8, 1887, 电影是什么？
01893972, 8.2, 4130, 漂亮朋友
05920819, 8.5, 2693, 茶花女
01885262, 8.6, 2363, 笑面人
26828226, 9.2, 1176, 加缪手记
26773323, 9.0, 1456, 莫泊桑短篇小说精选
26416883, 8.2, 4024, 乌合之众
01091964, 9.2, 1162, 路易·波拿巴的雾月十八日
01437687, 8.8, 1806, 性经验史
25978763, 8.7, 2008, 僧侣与哲学家
01018925, 9.2, 1136, 玫瑰圣经
34691399, 9.5, 840, 小王子
02295122, 8.4, 2877, 卡门
01097835, 8.0, 5036, 名人传
01027587, 8.6, 2153, 恶之花 巴黎的忧郁
24257448, 9.3, 963, 反抗者
05941557, 8.7, 1855, 兰波作品全集
06310320, 8.7, 1840, 人都是要死的
26376049, 8.8, 1617, 阿兰的战争
01220098, 9.0, 1282, 羊脂球
05918057, 8.8, 1570, 玩笑
30133852, 9.0, 1230, 坏狐狸
01060723, 8.0, 4399, 重返普罗旺斯
30297123, 9.2, 979, 基督山伯爵
20375535, 8.7, 1662, 鼠疫
01041452, 8.5, 2125, 存在与虚无
05407295, 9.3, 855, 悲惨世界（上下）
10539804, 8.6, 1850, 彩画集
25774978, 8.8, 1439, 眼泪与圣徒
01052178, 8.5, 2053, 走向新建筑
01026547, 8.2, 3067, 一生
04115323, 8.7, 1601, 论人类不平等的起源
26591590, 8.8, 1423, 巴黎评论·作家访谈2
01254278, 8.7, 1590, 思想录
01212487, 8.5, 2013, 红与黑
21371502, 9.0, 1121, 局外人·鼠疫
02209227, 8.2, 2999, 一个孤独漫步者的遐想
02033808, 8.7, 1565, 巴黎圣母院
01070759, 8.4, 2269, 高老头
02301475, 8.3, 2583, 人间食粮
01455933, 7.5, 9078, 你好，忧愁
04881634, 8.4, 2221, 海底两万里
01162773, 9.0, 1089, 地狱一季
01427281, 8.2, 2887, 羊脂球
01400717, 8.0, 3838, 写作
26110579, 7.7, 6064, 暗店街
26828229, 9.2, 858, 加缪手记
26695177, 8.4, 2139, 氯的滋味
01793721, 7.9, 4333, 琴声如诉
01083476, 8.2, 2783, 欧也妮·葛朗台
10546888, 9.3, 763, 苦炼
04714018, 7.5, 8309, 青春咖啡馆
26895120, 8.9, 1151, 包法利夫人
06152979, 8.7, 1440, 恶之花
26820598, 9.0, 1018, 恋人絮语
25985966, 8.0, 3566, 偷影子的人
24839726, 8.6, 1594, 杜尚访谈录
01142862, 8.0, 3497, 拿破仑传
01035165, 9.2, 803, 忧郁的热带
30141667, 8.8, 1225, 乌托邦年代
26857567, 9.3, 723, 电影是什么？
01070246, 8.6, 1534, 置身于苦难与阳光之间
01858585, 8.3, 2232, 欧叶妮·格朗台 高老头
01082323, 9.1, 875, 昆虫记（全10册）
30134652, 9.1, 874, 局外人
30244058, 8.8, 1206, 奥斯卡与玫瑰奶奶
25900948, 8.4, 1943, 消费社会
05406571, 9.1, 870, 九三年
01968670, 8.7, 1344, 希区柯克与特吕弗对话录
02253392, 8.6, 1486, 包法利夫人
06021092, 8.9, 1054, 局外人·西绪福斯神话
05275747, 8.7, 1313, 红与黑
01023048, 8.0, 3261, 情人 乌发碧眼
10604035, 9.1, 842, 点点点
01001309, 8.6, 1447, 苦儿流浪记
01287508, 8.2, 2409, 明室
01393233, 9.1, 829, 古典时代疯狂史
05406569, 8.8, 1112, 羊脂球
01037148, 8.9, 981, 社会分工论
26870760, 9.2, 720, 摄影师
30329883, 9.0, 875, 马尔多罗之歌
26953603, 8.5, 1520, 全民审判
25886226, 9.0, 855, 巴黎圣母院
06021091, 8.9, 948, 反与正·婚礼集·夏天集
02305738, 8.6, 1320, 存在与虚无
02147647, 7.9, 3319, 物质生活
06068109, 8.6, 1306, 明室
01787562, 9.1, 758, 东方奇观
25900388, 8.6, 1305, 生活在别处
30346652, 9.7, 436, 基督山伯爵
03287786, 7.8, 3803, 你好，忧愁
06874612, 8.1, 2443, 孤独的池塘
24257317, 9.0, 829, 第一个人
26694925, 9.1, 747, 白兔夫人
01095849, 8.8, 1012, 词与物
01045934, 8.9, 908, 幻灭
02348135, 8.4, 1602, 拿破仑传
01987987, 8.4, 1596, 欧也妮·葛朗台
01019715, 8.8, 999, 世界名画家全集--莫奈
30458203, 8.7, 1113, 树下长椅
26209381, 8.8, 981, 我见
26883960, 9.0, 788, 伊比库斯的预言
27622680, 8.6, 1217, 白鲸记
03389460, 8.9, 864, 空间的诗学
05388095, 8.5, 1354, 三个火枪手
01125284, 8.5, 1325, 巴黎圣母院
26133488, 8.9, 845, 死刑判决
30175836, 8.5, 1324, 阿加莎·克里斯蒂的真实人生
30276928, 9.3, 562, 亲爱的陌生人
03616565, 8.6, 1145, 蒙田随笔全集（全三卷）
26312259, 7.9, 2848, 乌合之众
26107897, 9.2, 608, 存在与虚无
25861387, 7.6, 4527, 情人
11508896, 8.2, 1853, 夜航
30331835, 8.0, 2410, 窄门
34444574, 8.4, 1396, 看不见的爱
25902728, 9.2, 583, 不朽
04881510, 8.6, 1078, 羊脂球
01081863, 9.1, 631, 规训与惩罚
26274949, 8.3, 1532, 昨天的中国
30487959, 8.7, 951, 孤独患者
02213965, 8.2, 1731, 他人就是地狱
01253222, 8.5, 1191, 居里夫人传
05396636, 9.2, 567, 资本主义与精神分裂 （卷二）
04246980, 8.6, 1045, 地粮
26337444, 8.4, 1316, 论人类不平等的起源和基础
26666259, 8.7, 927, 包法利夫人
05917968, 8.2, 1680, 慢
01320205, 8.3, 1464, 法国电影新浪潮
01777853, 8.3, 1462, 屠猫记
25904481, 8.5, 1146, 那一天
01912513, 9.0, 664, 我去找回太阳
27116728, 8.5, 1138, 人生拼图版
05446437, 8.4, 1278, 红与黑
26847581, 9.2, 541, 艺术哲学
01487995, 8.5, 1116, 文字生涯
11533606, 9.0, 648, 贾科梅蒂的画室
30316493, 8.9, 716, 鼠疫
01398463, 9.0, 647, 萨特文集（1-8卷）
05408863, 9.0, 646, 一点法国
30257644, 8.7, 879, 念书，还是工作？
04881640, 8.1, 1814, 名人传
01418669, 8.7, 877, 社会学方法的准则
02253375, 8.3, 1393, 红与黑
25709105, 8.9, 705, 革命之路
26943381, 9.4, 437, 世界的苦难
04262685, 8.1, 1783, 戏梦巴黎
19950612, 7.1, 9040, 伊斯坦布尔假期
01083032, 8.1, 1767, 气球上的五星期
24257152, 8.2, 1546, 堕落
06016240, 8.9, 687, 堕落·流放与王国
30191971, 9.2, 505, 契诃夫的一生
01102497, 8.0, 1952, 歌剧魅影
06139564, 9.0, 607, 雅克•拉康
02033093, 8.5, 1028, 欧也妮·葛朗台 高老头
05214612, 8.2, 1474, 福柯
05415510, 9.0, 594, 复杂的意味
27605902, 7.5, 4034, 必须找到阿历克斯
26609146, 9.2, 490, 自我技术
04219120, 8.4, 1131, 流浪的星星
26865819, 8.3, 1264, 景观社会
25881325, 7.1, 8087, 庆祝无意义
30266616, 9.1, 526, 追寻逝去的时光·第二卷：在少女花影下
01428050, 8.7, 786, 礼物
26818873, 8.1, 1563, 我们都是食人族
27605362, 8.8, 685, 愤怒与神秘：勒内·夏尔诗选
24722916, 7.3, 5244, 如果一切重来
19964304, 8.2, 1352, 爱的多重奏
25947310, 7.7, 2684, 21世纪资本论
24845883, 8.7, 751, 空间的诗学
34855047, 8.9, 609, 卢浮地宫
11509009, 9.1, 499, 人的大地
06793951, 7.8, 2288, 地平线
26975206, 8.3, 1167, 人是一根会思考的芦苇
20437599, 8.1, 1499, 自杀
01210736, 8.3, 1151, 茶花女
26958882, 8.6, 802, 生火
03131641, 8.6, 801, 莫里哀喜剧六种
26905763, 8.5, 895, 人间食粮
26909607, 9.0, 526, 酝酿之道
26298592, 9.9, 245, 去斯万家那边
01271250, 9.2, 435, 悲惨世界
26807920, 8.7, 710, 阿兰的童年
02567398, 8.7, 708, 写作的零度
26738944, 9.3, 394, 路易·波拿巴的雾月十八日
05406575, 8.7, 701, 巴黎圣母院
25737804, 9.2, 429, 孤独与团结：阿尔贝·加缪影像集
01021529, 8.8, 625, 重负与神恩
03401286, 8.2, 1229, 冷记忆1
02266339, 8.7, 689, 贝多芬传
25850130, 8.0, 1580, 乌合之众（修订版）
24257470, 8.8, 620, 反与正·婚礼集·夏
25748016, 8.8, 619, 带一本书去巴黎
01421310, 8.7, 683, 知识分子的鸦片
02153625, 7.6, 2760, 午后四点
26184384, 8.2, 1193, 八月的星期天
05920833, 9.1, 446, 约翰·克利斯朵夫
27043527, 9.6, 290, 傅雷译品典藏
01615235, 8.3, 1028, 蒙田随笔
26384536, 8.9, 534, 巴黎烧了吗？（精装版）
07055279, 8.5, 800, 电影书写札记
26359759, 7.8, 1917, 那些我们没谈过的事
03851791, 9.1, 432, 大鼻子情圣
01075230, 8.7, 634, 关于电视
30354883, 8.8, 565, 快乐的死
03525645, 7.9, 1617, 蒙元入侵前夜的中国日常生活
30281339, 8.3, 971, 万物皆数
04255374, 9.4, 324, 巴巴爸爸的诞生
21371529, 8.5, 770, 高老头
02264147, 8.5, 767, 最后一课
26776046, 9.2, 383, 卡利古拉
03765359, 8.3, 959, 四季
04747128, 8.9, 494, 乌托邦的年代
11597363, 8.4, 835, 黑暗托马
26958896, 9.1, 407, 法国往事（上）
26603443, 8.7, 596, 法国往事1：约瑟夫的帝国
01255584, 8.4, 812, 时间与自由意志
05408850, 8.9, 480, 不简单的生活
03365386, 8.2, 1014, 马丁·盖尔归来
01022187, 8.2, 1013, 知识考古学
26598286, 9.0, 429, 论人与人之间不平等的起因和基础
26693438, 8.4, 788, 局外人
25905191, 8.6, 633, 人间食粮
26842849, 9.2, 355, 法国往事3：荣誉与警察
27110805, 8.4, 787, 巴黎评论·作家访谈3
30324567, 9.3, 325, 法国往事（下）
26733785, 9.0, 423, 法国往事2：乌鸦在盘旋
21324342, 8.8, 509, 西西弗斯神话
01809130, 8.8, 508, 野性的思维
26682740, 8.4, 771, 快乐的死
27622647, 9.4, 294, 法国往事6：应许之地
30295044, 8.7, 557, 西西弗神话
01050006, 7.8, 1624, 伪君子
19980351, 8.7, 553, 西西弗斯的神话
01703952, 8.3, 850, 海底两万里
34912617, 8.5, 675, 动物帝国
03171313, 8.3, 845, 普罗旺斯·山居岁月
02149157, 8.5, 674, 墙
01134656, 8.9, 448, 巴黎圣母院
25887981, 8.2, 940, 微妙
30121482, 8.3, 833, 乌合之众
33709396, 9.2, 335, 知觉的世界
26912478, 8.7, 535, 人间食粮
26141640, 8.2, 925, 戴眼镜的女孩
27194526, 9.8, 207, 约翰·克利斯朵夫
02567397, 8.3, 817, 符号学原理
26802226, 8.7, 530, 拿破仑大帝
03689121, 8.4, 728, 美国
27622648, 9.5, 258, 法国往事5：默伦小法官
24307336, 7.3, 3262, 跟巴黎名媛学到的事
01015941, 8.7, 523, 继承人
01951131, 9.3, 301, 卡里古拉
04151189, 8.6, 577, 物
01022210, 8.5, 641, 贝姨
26696386, 9.0, 389, 内在经验
25897692, 8.5, 638, 红与黑
25811142, 8.8, 469, 长夜行
30351733, 9.5, 253, 桑贝在纽约
01038594, 8.7, 516, 罗丹艺术论
01185636, 7.6, 1984, 娜娜
03865978, 8.7, 515, 神话修辞术/批评与真实
27133429, 8.0, 1140, 调香师日记
27028393, 8.7, 514, 为何一切尚未消失?
05354690, 8.2, 887, 地心游记
01778511, 8.7, 512, 象征交换与死亡
10000764, 8.2, 877, 由于男人都不在了
30389631, 8.8, 459, 沙丁鱼罐头之味
01455950, 7.6, 1938, 你喜欢勃拉姆斯吗……
30198063, 9.1, 346, 关于陀思妥耶夫斯基的六次讲座
02186646, 8.7, 503, 蒙塔尤
01256405, 8.6, 556, 哈德良回忆录
26004339, 9.3, 290, 伊西斯的面纱
25861814, 9.4, 266, 尼采与哲学
01130069, 8.1, 972, 巨人传
26908213, 8.7, 495, 西西弗神话
25894179, 8.7, 494, 一颗简单的心
04605583, 8.3, 757, 女宾
26963322, 8.4, 671, 封闭式车库
04199233, 9.1, 336, 人间喜剧
03242664, 7.7, 1608, 诉讼笔录
34808973, 8.6, 541, 乌合之众
02027999, 8.7, 488, 布拉热洛纳子爵
26980490, 8.0, 1071, 恶之花
25897685, 8.8, 439, 茶花女
27012513, 8.3, 740, 局外人
26681985, 8.0, 1051, 生命里最美好的春天
05321896, 8.3, 729, 危险的关系
26286241, 9.0, 358, 田园交响曲
27599933, 9.2, 300, 约翰克利斯朵夫
05917677, 8.9, 390, 爱弥儿
03324036, 8.6, 522, 茫茫黑夜漫游
30257756, 8.8, 426, 阳台
02253423, 8.8, 418, 疯癫与文明
01836026, 7.9, 1142, 背德者
30137390, 8.2, 787, 蕾蒂西娅，或人类的终结
01775264, 8.2, 783, 景观社会
27059487, 9.1, 312, 伊甸园世界01：星之上
05248331, 8.0, 982, 庸见词典
01049411, 8.6, 495, 八十天环游地球
01916659, 8.6, 495, 关于陀思妥耶夫斯基的六次讲座
34910658, 9.4, 240, 声音中的另一种语言
25900374, 8.7, 440, 无知
25734421, 8.3, 660, 胡萝卜须
26609148, 8.6, 479, 声名狼藉者的生活
27614519, 9.3, 253, 法国往事4：武装起来，同胞！
02287348, 8.4, 587, 论科学与艺术
27093835, 8.6, 475, 不可能性
26825522, 8.7, 429, 生活三部曲：生活的样子
05408864, 8.9, 353, 一点巴黎
26873719, 9.0, 319, 这不是书
26825934, 9.4, 227, 总体与无限
01903578, 8.3, 632, 人生五大问题
26905777, 8.4, 566, 一个孤独漫步者的遐想
24380058, 7.6, 1526, 读书年代
01770266, 8.9, 344, 结构人类学 （1-2）
27108920, 8.4, 564, 老实人
03320907, 8.2, 702, 追踪1789法国大革命
04145560, 8.4, 559, 巴黎城记
25789478, 8.5, 503, 宽忍的灰色黎明
02050778, 8.3, 619, 萌芽
27088083, 8.8, 370, 西西弗神话
26772504, 9.0, 307, 礼物
04130157, 9.4, 217, 忧郁的热带
30242492, 8.1, 745, 人类的明天
27124683, 8.8, 357, 合金男爵1
26353507, 8.3, 587, 巴黎的忧郁
10571622, 8.8, 353, 知识分子的鸦片
25897675, 7.3, 2200, 比恐惧更强烈的情感
24298157, 8.8, 351, 来日方长
03032674, 9.0, 293, 明室
26865498, 8.2, 650, 医治受伤的自信
03205317, 8.8, 350, 爱弥尔
27110870, 8.4, 517, 三故事
26640439, 8.6, 413, 死缓
25773652, 8.8, 340, 笑面人
26711347, 7.9, 898, 乌合之众
02248319, 8.0, 793, 嫉妒
03127861, 8.6, 411, 情感教育
01409878, 8.1, 700, 漂亮朋友
02259223, 8.5, 452, 玛戈王后
30324722, 9.1, 258, 艺术哲学
03672259, 8.4, 495, 比利提斯之歌
05921814, 8.5, 445, 后现代状态
06710686, 9.0, 278, 生命政治的诞生
25910862, 8.8, 332, 责任的重负
26262128, 8.9, 303, 圣巴托罗缪大屠杀
20282896, 8.4, 491, 冷记忆：1980—1985
24702216, 8.4, 489, 秃头歌女
06310335, 8.3, 544, 星期天
04735985, 8.9, 300, 保卫马克思
30367976, 9.1, 252, 被拯救的威尼斯
26979435, 8.7, 360, 东风
04145391, 9.2, 232, 第三共和国的崩溃
03622469, 8.1, 671, 娜嘉
27058741, 8.6, 389, 杜弗的动与静
26959626, 8.9, 293, 战争的余烬
05336230, 8.3, 524, 论诱惑
25735313, 8.9, 291, 历史学家的技艺
26111149, 7.2, 2264, 第一日
03729665, 8.3, 522, 欧洲同性恋史
02209114, 8.9, 290, 什么是哲学
26838822, 8.9, 290, 词与物
25872094, 7.3, 1907, 如何看一幅画
01168737, 8.4, 466, 妇女乐园
30205166, 8.6, 379, 爱的缓刑
30159018, 9.1, 240, 死无葬身之地
27077752, 7.5, 1376, 温柔之歌
25774839, 8.3, 499, 蒙田随笔集
26822655, 8.5, 405, 鼠疫
25887956, 7.4, 1556, 缓刑
30217954, 8.3, 496, 告别的仪式
26857021, 8.2, 550, 愿上帝保佑法兰西厨子
07054148, 8.6, 362, 批评与临床
26582466, 8.8, 299, 银翼夜枭01：暗夜女巫
04105422, 7.9, 773, 看不见的大陆
26575912, 9.2, 209, 银翼夜枭03：伍尔夫与莉莉娅
26666169, 8.2, 524, 逆流
26992720, 8.8, 287, 弗兰西斯·培根: 感觉的逻辑
10575163, 9.4, 175, 象征交换与死亡
26366422, 7.8, 828, 怪房客
27603491, 7.6, 1071, 风格练习
26591593, 9.1, 219, 记忆之场
07916081, 8.5, 374, 西绪福斯神话
26926085, 8.9, 258, 法国史学革命
26258900, 8.4, 413, 俄国与拿破仑的决战
25732544, 8.6, 338, 福柯 / 布朗肖
25861368, 8.1, 568, 广岛之恋
04861173, 8.2, 507, 六个道德故事
26988941, 9.2, 200, 巴黎圣母院
26910597, 7.0, 2657, 直到那一天
27041265, 9.8, 129, 巴尔格素描教程
02141589, 8.9, 255, 眼与心
30367977, 9.1, 215, 重负与神恩
25805080, 9.6, 147, 哈德良回憶錄
27609086, 8.6, 330, 蓝莓上尉：遗失的金矿
34893303, 8.5, 361, 劳尔的小秘密
26938516, 8.1, 544, 夜航
30304858, 7.9, 683, 色情
20375513, 9.2, 192, 桤木王
01085221, 8.9, 245, 欧叶妮·格朗台 高老头
26133535, 8.6, 321, 最后之人
26907626, 8.6, 321, 社会契约论
26726213, 9.2, 191, 说真话的勇气
27594711, 8.7, 288, 局外人·鼠疫
30592182, 8.3, 422, 悬停的爱
10529773, 7.9, 657, 独白
01675580, 8.7, 283, 居里夫人传
25970430, 8.6, 310, 纪德日记
01393386, 8.8, 258, 主体解释学
30203758, 9.4, 159, 基督山伯爵
26582467, 8.9, 236, 银翼夜枭02：莉莉娅同志
01159937, 7.5, 1076, 淑女的眼泪
25897693, 9.6, 136, 高老头 欧也妮·葛朗台
26634490, 7.7, 817, 你好忧愁
10540006, 8.5, 333, 危险的关系
01057142, 8.5, 330, 文学空间
26372806, 8.3, 403, 西方绘画大师经典佳作
26427454, 8.9, 229, 《羊脂球》莫泊桑短篇小说选
30331841, 8.9, 227, 被诅咒的部分
01023293, 8.3, 395, 权力的眼睛
26832895, 8.8, 245, 生活三部曲：生活的意味
25906170, 9.3, 163, 旧制度与大革命
27044681, 9.1, 189, 理论的幽灵
02374243, 9.7, 122, 40 DAYS DANS LE DESERT B
02032525, 8.6, 290, 波斯人信札
03334723, 7.7, 769, 谣言
30316746, 7.8, 671, 面具后的女人
27141613, 8.5, 313, 死缓
33431300, 8.2, 422, 夏日纪事
25762630, 9.1, 185, 社会契约论
30180673, 7.4, 1126, 她不是我妈妈
01482909, 8.6, 281, 勒内·夏尔诗选
20273138, 8.0, 515, 被伤害的空气
26845761, 8.6, 278, 神话修辞术
01363379, 7.7, 735, 索多瑪120天
27093323, 8.1, 454, 百年战争简史
01916453, 8.5, 301, 巴马修道院
26638631, 8.6, 273, 等待，遗忘
30475747, 8.7, 248, 自由的声音
34993195, 9.4, 141, 我会在六月六十日回来
03551720, 8.0, 493, 情人
01907590, 8.9, 206, 从存在到存在者
04187290, 7.7, 693, 达特穆尔的恶魔
26868404, 8.9, 202, 灾异的书写
05254266, 8.2, 383, 欧叶妮·格朗台
33406294, 9.4, 136, 童年
34802764, 9.4, 135, 加缪手记
01080481, 7.7, 668, 色情史
04881635, 8.2, 377, 昆虫记
01864830, 7.6, 756, 鲜花圣母
27200481, 8.5, 277, 我的妈妈去旅行了
34833911, 8.6, 252, 朝圣者的碗钵
27009736, 8.3, 335, 欧也妮·葛朗台
33400696, 7.0, 1790, 巴黎美人
27144940, 8.1, 411, 巴黎浪漫吗？
34464685, 9.7, 107, 论再生产
01787092, 8.3, 330, 文化与权力
04897628, 8.5, 271, 三个火枪手
25740171, 8.6, 247, 论人类不平等的起源和基础
06885348, 8.1, 402, 鳄鱼的黄眼睛
27070170, 8.7, 225, 雷蒙·阿隆回忆录
01067570, 7.2, 1267, 夜半撞车
25943061, 9.1, 161, 孤独、团结与反抗
30358503, 8.4, 289, 诺亚的孩子
27082106, 8.0, 431, 暗店街
03023706, 8.4, 284, 驴皮记
26702163, 8.1, 375, 溺水
26371256, 8.4, 277, 光影创作课
27186815, 7.6, 663, 我选择独自一人
26787937, 7.7, 585, 天上再见
30360494, 8.7, 207, 物体系
26609147, 8.5, 247, 什么是批判
26696383, 9.3, 129, 古代人的自由与现代人的自由
01789807, 8.8, 189, 萨特文集（全三册）
06110483, 8.4, 269, 火的女儿
26831805, 8.4, 269, 精神疾病与心理学
23782049, 8.1, 363, 儿童的世纪
01085194, 9.0, 160, 悲惨世界（上下）
02057362, 8.3, 294, 孤独与沉思
26689052, 7.6, 640, 狗样的春天
01082837, 8.0, 397, 罗丹的情人
30488072, 7.6, 634, 夏日郊外的旅店
26963665, 9.5, 110, 加缪全集
01059074, 7.9, 442, 法国1968
26354330, 7.8, 493, 区分
26844526, 7.9, 439, 青春咖啡馆
26297726, 8.5, 238, 在适当时刻
30252650, 8.5, 238, 法式诱惑
01007348, 8.2, 317, 小偷日记
30170239, 8.6, 216, 包法利夫人
26665640, 9.3, 123, 教育思想的演进
26820505, 7.7, 538, 大天使昂热丽克及其他诗
34661933, 8.0, 381, 罗马阳台 世间的每一个清晨
26685296, 9.0, 152, 風格練習
26863058, 8.8, 178, 我们什么也没看见
02248274, 7.7, 531, 橡皮
27003041, 9.7, 92, 追忆似水年华（全新修订）
24739623, 8.4, 248, 爱的荒漠
01866298, 8.4, 244, 叙事话语 新叙事话语
26981722, 8.7, 187, 什么是批判？/ 自我的文化
26865155, 8.9, 158, 无尽的谈话
30142301, 8.0, 355, 思索死刑
30207001, 9.3, 115, 历史学十二讲（增订本）
03035544, 8.4, 237, 臥房裡的哲學
26827223, 7.7, 493, 八月的星期天
34781056, 9.3, 114, 象棋的故事
26889247, 8.8, 166, 第一人
34893654, 7.2, 939, 火光之色
26832570, 8.0, 346, 法国大革命
26304040, 8.9, 151, 新浪潮（第三版）
26980909, 8.9, 151, 马拉美
06520601, 8.2, 278, 哈德良回忆录
01063870, 8.2, 277, 巴黎圣母院
04062211, 9.4, 104, 还原与给予
20406641, 7.9, 377, 法国通史
01465684, 9.1, 128, La peste
34940772, 8.3, 248, 六个道德故事
34672161, 8.0, 334, 卡夫卡与少女们
25811162, 8.3, 247, 三个火枪手
25901856, 8.7, 172, 小王子
33423293, 8.7, 172, 异乡人
26798155, 8.0, 329, 古拉格气象学家
27119947, 8.8, 157, 布汶的星期天
34809792, 8.9, 145, 爱的救赎
26854616, 8.3, 241, 荒谬的墙
30174021, 8.5, 199, 眼睛的故事丨聖神·死人
30262020, 7.4, 651, 爷爷一定要离婚
01747768, 7.9, 355, 一个世纪儿的忏悔
25758219, 8.8, 153, 法国蓝带西餐烹饪宝典
30247661, 9.2, 113, 文字生涯
33427962, 9.1, 121, 差异与重复
06867541, 8.2, 255, 法国大革命前的畅销禁书
27020859, 8.3, 231, 情感教育
26757718, 8.3, 228, 火的精神分析
25163392, 8.6, 174, 追忆逝水年华
03792826, 7.4, 603, O娘的故事
34867106, 9.7, 78, 局外人
01460684, 8.6, 171, 定命论者雅克和他的主人
25815924, 8.0, 297, 藍色是最溫暖的顏色
26798156, 7.7, 412, 哀伤的墙
06805252, 8.8, 143, 法国大革命中的政治、文化和阶级
30133207, 8.8, 143, 恶之花
34868503, 8.7, 154, 捉猫故事集
20423445, 8.9, 131, S/Z
26916869, 8.0, 290, 去他的戒律
26304984, 8.1, 262, 那没有伴着我的一个
33462994, 9.4, 91, 历史学家的技艺
34991116, 7.7, 392, 爱神之泪
01467300, 8.4, 193, 黑格尔导读
30312369, 9.3, 96, 法兰西组曲
10518851, 8.4, 192, 莫菲
30262932, 9.2, 102, 欧赫贝26国幻游记
30272310, 9.2, 102, 情人
27119176, 9.4, 89, 政治与历史
30324575, 8.8, 136, 盗窃
25901826, 7.7, 382, 三岛由纪夫，或空的幻景
26931567, 7.1, 818, 会消失的人
26355378, 8.2, 224, 制造路易十四
01068246, 7.8, 336, 越洋情书（上下卷）
26757719, 8.5, 170, 水与梦
26746873, 8.9, 122, 文艺杂谈
27019662, 8.9, 122, 地中海与菲利普二世时代的地中海世界
05300536, 9.0, 113, 来日方长
20375518, 8.5, 167, 模糊性的道德
33444178, 7.8, 328, 自信的力量
34855046, 8.5, 166, 唯独记得你
27093836, 9.1, 104, 《荒岛》及其他文本
25782982, 7.5, 459, 论自愿为奴
27063787, 8.3, 197, 圣安东的诱惑
30422637, 7.8, 324, 双性人巴尔班
27093910, 7.7, 360, 天空之蓝
30383411, 8.9, 119, 安提戈涅
01066774, 8.2, 211, 创造进化论
27052068, 8.2, 211, 法国大革命前夕的舆论与谣言
01484347, 8.7, 136, 博纳富瓦诗选
27124027, 8.2, 208, 加缪传
01292308, 8.3, 189, 论文字学
30255670, 8.8, 124, 一座城堡到另一座城堡
24529571, 8.1, 226, 冷记忆：1995-2000
26808914, 7.8, 305, 文字即垃圾：危机之后的文学
19964301, 8.2, 203, 日常生活颂歌
34845973, 8.9, 112, 秋风平地起
30188018, 8.0, 242, 茶花女
24863494, 8.5, 150, 书籍的秩序
05350988, 8.3, 178, 我们从未现代过
33437314, 8.3, 178, 海边的露露
34822060, 9.3, 82, 法国知识分子史
34940791, 9.4, 76, 时间与他者
11533561, 8.3, 172, 电影符号学质疑
01417123, 7.4, 439, 纹章学
10571615, 8.9, 105, 法国大革命讲稿
26298591, 9.2, 85, 在少女花影下
01024765, 8.1, 203, 从结构到解构（上下）
26926589, 8.6, 131, 埃梅短篇小说精选
30159016, 8.3, 164, 墙
27194233, 8.7, 118, 一年
24887735, 9.1, 88, 和平与战争
33458332, 8.9, 101, 雪国列车
26921060, 8.0, 213, 男性统治
30403979, 8.2, 176, 沉睡的人
26890213, 8.1, 190, 色彩列传：蓝色
34912658, 7.8, 254, 末世恋人
24892377, 8.2, 171, 巴黎的艺术女神：吉吉画传
26904058, 8.3, 156, 漫长的夏天
30299532, 8.2, 169, 在西伯利亚森林中
25659948, 8.6, 120, 试谈另一个中世纪
34950356, 8.1, 183, 黑色睡莲
26640915, 8.6, 119, 爱，为什么痛？
01458716, 7.6, 302, 知觉现象学
25859391, 8.2, 165, 视觉机器
30436452, 9.0, 88, 巴黎圣母院
01223943, 7.5, 335, 拉康选集
30141437, 9.1, 81, 国家精英
27200477, 8.3, 148, 玻璃剑1：复仇之刃
26928435, 7.7, 263, 语言的第七功能
30484725, 7.7, 263, 议程
27087303, 7.6, 290, 如何拍电影
26767246, 7.7, 260, 来自遗忘的最深处
26983924, 7.5, 317, 谣言如何威胁政府
30420911, 8.3, 143, 印象巴黎
26602991, 8.2, 155, 未来之书
26767245, 7.8, 226, 这样你就不会迷路
04202408, 8.1, 169, 法国史
26780758, 9.7, 54, 法国旧制度末期的税收、特权和政治
26425874, 8.6, 110, 法国大革命的文化起源
34866954, 9.5, 60, 梅塘之夜
26744155, 8.9, 88, 法國高中生哲學讀本 I 政府是人民的主人還是僕人？
30262589, 8.7, 101, 屠猫狂欢
30439882, 8.3, 138, 弯曲的船板
26815398, 8.7, 100, 梦想的诗学
01936222, 7.6, 267, 文学与恶
26384739, 8.1, 161, 碧丽蒂斯之歌
30329577, 8.4, 124, 疯狂的谱系
30389727, 8.9, 85, 在期待之中
30305762, 9.1, 74, 三个火枪手
25986609, 8.3, 133, 残酷戏剧
06085413, 7.1, 469, 法国文人相轻史
04884851, 7.3, 345, 时尚的精髓
34953968, 9.4, 58, 无知的教师
01478099, 8.5, 106, 康素爱萝
26265978, 8.2, 135, 柏拉图的理想国
01416177, 8.0, 155, 一面沿途漫步的镜子
03597826, 7.9, 169, 列那狐的故事
30270979, 7.6, 228, 斜眼狗
30292465, 9.0, 70, 为历史而生
26912067, 7.0, 456, 电影史
30412962, 9.2, 61, 空間物種
26657920, 8.0, 149, 法国人如何发明爱情
27145728, 8.5, 98, 罗盘
26141487, 8.4, 105, 拷问法国大革命
26943382, 8.6, 90, 实践理论大纲
26907370, 8.1, 134, 驶向撒马尔罕的金色旅程
01851145, 7.1, 386, 屎的历史
02043600, 8.7, 83, 如此人生
01277051, 8.8, 77, 康德与柏格森解读
04811941, 7.8, 174, 催眠术与法国启蒙运动的终结
25897687, 8.2, 121, 莫泊桑短篇小说选
26267266, 8.2, 120, 符号政治经济学批判
30353743, 8.9, 71, 生命政治的诞生
03071975, 8.4, 101, 童年的许诺
34912662, 8.1, 129, 空气的颜色
26842558, 8.3, 109, 美感论
34986454, 8.8, 75, 天上再见
30372353, 8.0, 139, 自由与毁灭
30248315, 8.8, 74, 沙岸风云
26784663, 7.2, 319, 乌合之众
19975555, 8.0, 136, 巴黎神话
26696382, 7.8, 163, 知识分子的背叛
01289061, 8.2, 114, 六千万法国人不可能错
27603474, 8.0, 135, 暴雨
19938073, 8.4, 96, 鹅妈妈的故事
26183300, 6.6, 705, 跟法国女人学雅致
30189171, 8.6, 82, 巴黎的忧郁
25802513, 8.4, 95, 何谓旧制度（第2版）
34936974, 7.5, 215, 卡尔·拉格斐传
26615787, 8.3, 102, 牛津法国大革命史
02305774, 8.1, 120, 语言·身体·他者
30325932, 7.9, 141, 舌尖上的法国：冬藏春耕
27112626, 7.6, 188, 理解戈达尔
27070164, 8.2, 107, 文明史
27065463, 8.4, 91, 日常生活批判
30222409, 7.4, 228, 杀戮之神
27065970, 8.3, 98, 半岛
26820599, 8.8, 68, 流行体系
27116256, 7.6, 183, 戏梦巴黎
34834963, 9.1, 56, 自然的弃儿
27167972, 8.1, 112, 导体
03137116, 7.3, 245, 巴黎高师史
25767386, 7.6, 177, 哲学宣言
26423230, 9.0, 58, 法国大革命与革命心理学
34451994, 7.8, 145, 直角之诗
27616060, 8.3, 94, 有限性之后
34881136, 8.0, 119, 隐痛
30223057, 8.7, 69, 雪国列车：终点
27616951, 8.2, 99, 百年战争·第一卷
34785838, 8.8, 63, 花园词典
05328238, 8.0, 113, 思想录
01245514, 7.1, 284, 查理大帝传
26986064, 8.5, 75, 笑面人
30297153, 7.8, 132, 你好，忧愁
27132493, 8.2, 93, 善心女神
06310330, 8.3, 86, 海
30267181, 9.6, 38, 伊西斯的面纱
30181687, 8.7, 64, 大卫·格德尔 舞会
34908317, 8.4, 79, 天堂的电脑
35039804, 8.9, 56, 精灵薇卡：奥伯龙之怒
34978375, 8.9, 55, 普法战争
26597119, 9.3, 43, 第三共和国的崩溃
27058900, 9.0, 51, 小说鉴史
30432492, 7.6, 148, 旅行
25909084, 8.1, 94, 宛如一部小说
30222457, 6.3, 807, 我余生的第一天
30346620, 8.2, 86, 列那狐的故事
34856157, 7.5, 160, 变形记
27591087, 8.5, 68, 孤独与沉思/诺贝尔文学奖大系
30417193, 8.6, 63, 诗意的身体
34840903, 8.8, 55, 拉康选集
06049010, 7.7, 128, Parisian Chic
01038538, 8.4, 71, 鹅妈妈的故事
01438073, 7.9, 105, 基本粒子
34920873, 7.9, 105, 废墟阅读者
27063966, 8.7, 57, 谁杀死了罗杰·艾克罗伊德？
34894704, 7.9, 103, 一百万亿首诗
26594072, 7.4, 165, 阿尔萨斯的一年
30217643, 7.9, 102, 恶之花
30435910, 9.2, 41, 茫茫黑夜漫游
35045199, 8.7, 55, 中世纪的英雄与奇观
34455900, 7.5, 143, 啤酒原来是这么回事儿
26133534, 7.9, 99, 文学的政治
27039522, 8.2, 76, 什么是主体性？
25912914, 8.4, 65, 情爱现象学
26820660, 8.6, 56, S/Z
34461204, 7.9, 94, 1789年大恐慌
26878904, 6.6, 386, 福尔摩斯症候群
26712439, 8.8, 48, 法国大革命的起源
30325346, 8.3, 67, 你喜欢勃拉姆斯吗……
30216772, 8.6, 52, 意大利的冬天
34783252, 9.2, 36, 星空词典
26275680, 8.7, 48, 法兰西兵法
26744153, 9.0, 40, 侯麥
06794036, 6.6, 345, 害羞的屁股
27600010, 8.2, 65, 流浪的星星
30306017, 8.4, 56, 羊脂球
30133246, 8.0, 75, 大门背后
19981632, 8.1, 69, 良知与担当
30354129, 8.1, 69, 非人：漫谈时间
34779925, 7.0, 194, 何为真正生活
26307411, 8.7, 45, 媒介学宣言
33402238, 7.7, 92, 法国大革命
03262646, 8.4, 53, 谍海孤舟
34457048, 7.2, 146, 威士忌原来是这么回事儿
30145714, 8.6, 46, 法国人民：四个世纪、五个地区的历史
34897216, 8.7, 42, 混沌互渗
01051277, 8.2, 58, 材料与记忆
30192884, 6.9, 192, 我与戛纳
33418863, 9.0, 35, 声音的种子
25819931, 7.5, 99, 重返风景：当代艺术的地景再现
33474416, 8.6, 43, 法国电影新浪潮
03403595, 7.8, 73, 主权论
20375520, 8.1, 58, 天象馆
30248344, 8.7, 39, 法国资产阶级
30126927, 7.9, 67, 成人之年
26929937, 7.8, 72, 他者女人的窥镜
34873597, 8.1, 57, 艾迪的自白
33417192, 8.4, 46, 列维-斯特劳斯对话录
34979052, 9.6, 24, 人类飞翔史
30438869, 8.4, 45, 长长的锚链
30443412, 7.4, 97, 爱呀美啊人生哪
27202226, 8.4, 44, 走私如何威胁政府
30229214, 7.8, 67, 塞纳河畔的一把椅子
26774656, 9.9, 20, 我的小问题•生和死
30482711, 9.2, 27, 法國高中生哲學讀本（全五冊套書）
35068946, 9.6, 22, 建筑的梦想
34456400, 8.0, 54, 肉料理原来是这么回事儿
30248300, 8.2, 46, 烽火巴黎
30286919, 8.0, 52, 路易十六出逃记
30238140, 8.9, 29, 星际特工5
34961588, 8.0, 49, 气质之美
33461969, 9.4, 22, 记忆之场
27019664, 8.1, 45, 女性的话语
26989813, 9.7, 19, 布尔迪厄作品集
34969872, 8.4, 35, 宫廷社会
27167040, 7.1, 95, 吉尔·德·莱斯案
01326842, 6.6, 162, 黑皮肤，白面具
26772034, 7.3, 76, 为什么是法国女人
34928258, 9.1, 23, 追寻消失的真实
27067888, 9.0, 24, 记忆之场
26280132, 7.7, 52, 古希腊神话与悲剧
34937484, 8.0, 41, 天然葡萄酒
35020098, 8.5, 29, 科学家如何思考：达尔文与物种起源
26978544, 8.8, 24, 掌握法国菜的烹饪艺术
33418847, 8.0, 38, 论电影
34947379, 6.8, 100, 玫瑰的遭遇
30424141, 9.2, 19, 历史性的体制
35069280, 9.2, 19, 养蜂的秘密
33442269, 8.2, 31, 论爱美
01843747, 8.8, 22, 戴高乐传（上下）
30444862, 8.1, 32, 八十天环游地球
25881707, 7.2, 60, 第二哲学宣言
33370480, 8.4, 26, 童年的许诺
26628351, 8.9, 20, 思想与运动
27102021, 7.2, 56, 贵族
34478323, 8.5, 23, 奶酪原来是这么回事儿
27122867, 9.0, 17, 博古斯学院法式西餐烹饪宝典(精)
34888345, 8.0, 28, 海洋之舞
27143753, 8.2, 24, 法国人是如何思维的
34854039, 7.2, 47, 金色玩具店
34456934, 6.5, 92, 鸡尾酒原来是这么回事儿
27000940, 6.8, 62, 欧洲的陨落
34988737, 8.9, 16, 理性与神秘
34826179, 7.7, 30, 君主与承包商
27182603, 7.5, 33, 品味之战
30282323, 7.4, 35, 文学法兰西
35025351, 6.9, 48, 内在疗愈
35006474, 8.9, 13, 法国烘焙教父的甜点配方
34990007, 8.8, 13, 在哲学与艺术之间（全新修订版）
34954815, 9.0, 12, 光之城
30297179, 8.2, 17, 斯科塔的太阳
30323739, 5.5, 182, 法式优雅
34672179, 8.1, 15, 走在幽暗的小径上
30229201, 8.4, 13, 乡愁
34862376, 7.9, 16, 恶的透明性
30248321, 8.1, 14, 我该解救热纳维埃芙·迪克斯麦尔吗？
30376525, 7.6, 15, 烛之火
30531777, 8.0, 11, 茶花女
30435886, 7.4, 12, 夫妻的房间
34908319, 6.5, 17, 我记得……
34914803, 7.2, 11, 海洋文明小史
34902724, 6.2, 18, 重塑法国
34443592, 6.3, 14, 中世纪的女巫
35059136, 0.0, 10, 重新发现欧洲：法兰西何以成为法兰西
34950358, 0.0, 11, 超现实主义宣言
34867984, 0.0, 12, 法兰西的特性
34942789, 0.0, 13, 回归故里
34994148, 0.0, 13, 卢浮宫的幕布之后
