2020-07-05 16:00:09

number of books, tag name
548, 温馨

ID, rating, votes, title
01770782, 8.9, 647945, 追风筝的人
03066477, 9.3, 222578, 三体Ⅱ
25862578, 8.5, 642238, 解忧杂货店
01054685, 9.1, 100736, 沉默的大多数
06781808, 9.2, 77186, 杀死一只知更鸟
02295163, 9.0, 100635, 哈利·波特与死亡圣器
01254588, 9.0, 100387, 城南旧事
01007914, 8.7, 158685, 窗边的小豆豆
03995526, 8.6, 185211, 目送
01474773, 9.5, 38593, 海贼王
01204889, 9.5, 28537, 机器猫哆啦A梦23
01221515, 9.5, 28455, 灌篮高手31
03369793, 8.6, 102485, 亲爱的安德烈
01080370, 8.6, 86194, 情书
19958089, 9.0, 39728, 我们仨
01029111, 8.9, 44655, 哭泣的骆驼
04207781, 8.7, 62353, 孩子你慢慢来
01088581, 8.8, 45251, 浮生六记
01051193, 8.6, 57880, 麦琪的礼物
03554154, 8.9, 33158, 阿狸·梦之城堡
01036274, 8.6, 51789, 夏洛的网
04188697, 9.0, 24791, 子不语 1-2
05916880, 8.4, 68097, 华胥引（全二册）
03026879, 8.8, 28936, 爱的艺术
26864984, 8.9, 24074, 金色梦乡
11622283, 9.2, 15215, 滚蛋吧!肿瘤君
04934332, 9.2, 14838, 子不语3
01760432, 9.3, 12596, 受戒
01421921, 8.9, 22186, 幽游白书（全19册）
04714734, 8.3, 60224, 这些都是你给我的爱
01433640, 9.3, 11921, 猜猜我有多爱你
01056733, 8.3, 50627, 地下铁
03057333, 9.1, 13383, 城南旧事
01431836, 8.6, 27000, 我的路
06397275, 8.9, 16344, 此生未完成
27110861, 9.4, 7885, 銀魂#01
03879301, 7.9, 95237, 微微一笑很倾城
02340100, 8.0, 73638, 遇见未知的自己
06746289, 8.4, 33943, 新参者
01226062, 8.9, 14788, 棋魂·光之棋（1）
20470916, 9.1, 9739, 深夜食堂 02
02209098, 7.8, 90008, 致我们终将逝去的青春
01418297, 9.2, 8258, 蜂蜜與四葉草 1
02567919, 8.2, 39776, 匆匆那年（上下）
01958227, 8.2, 39113, 那些年，我们一起追的女孩
01021847, 8.5, 22885, 我的心中每天开出一朵花
05327697, 8.2, 37791, 橙
03426869, 7.8, 80129, 三生三世 十里桃花
01819974, 8.7, 14612, 我的路3
20470913, 9.1, 8145, 深夜食堂 03
01794844, 8.5, 19466, 有一天啊，宝宝……
01026035, 9.1, 7781, 你看起来好像很好吃
01452610, 9.2, 6664, 蟲師 (1)  アフタヌーンKC (255)
01420862, 8.9, 10068, 孩子你慢慢来
01358413, 8.5, 18249, 我只能為你畫一張小卡片
05395407, 8.8, 11283, 阿狸·永远站
01922977, 9.4, 4980, 父与子
03128104, 8.9, 9188, 游园惊梦
03095638, 9.2, 5720, 同級生
02250587, 7.6, 82962, 一个人的好天气
01367458, 8.4, 17310, 照相本子
02043313, 9.2, 5389, 妖怪連絡簿 1
28656614, 8.3, 19434, 山茶文具店
03131048, 8.8, 8817, 目送
01794620, 7.8, 48450, 芒果街上的小屋
01427288, 8.4, 15592, 小妇人
26768309, 8.1, 25854, 查令十字街84号
03326892, 8.6, 10509, 圣诞忆旧集
01581547, 8.6, 10041, 聖闘士星矢 1
05363752, 8.5, 11698, 哥斯拉不说话
02283084, 8.0, 27160, 云中歌1
02669319, 9.1, 4797, Flipped
10529412, 9.2, 4201, 深夜食堂 06
01013248, 8.6, 9537, 向左走·向右走
01481362, 8.6, 9483, 城市猎人
06387054, 8.6, 9384, 一个人住的每一天
03065343, 8.3, 14783, 云中歌3
01758767, 8.2, 14872, 人气绘本天后高木直子作品典藏（全6册）
01436657, 8.9, 5109, 寄生獸 (完全版) (Vol. 1)
03016221, 8.2, 14019, 云中歌2
07059682, 9.2, 3356, 深夜食堂 05
04152754, 7.6, 42778, 时生
01761056, 8.3, 11627, 蓝石头
01270150, 9.3, 2933, 风与树的歌
01227838, 7.6, 41229, 年华是无效信
01608298, 9.6, 1971, 灌篮高手1
01024217, 7.4, 55654, 第一次的亲密接触
02297706, 8.2, 11351, 平面狗
01049070, 8.4, 7889, 等一个人咖啡
03054373, 9.2, 2600, 荷西 我爱你
06773643, 8.0, 14047, 橘生淮南·暗恋
01209078, 8.8, 4142, 魔戒（第二部）
01008074, 7.6, 28426, 失乐园
02078219, 7.9, 15983, 且试天下1
25747921, 7.0, 106911, 从你的全世界路过
25891771, 7.7, 21931, 失乐园
01891870, 9.0, 2878, 蹦蹦跳跳的仙太郎(1)
01310673, 9.3, 1989, 遥远的野玫瑰村
03115476, 8.7, 4104, 热夜之梦
01471391, 8.6, 4560, 有一天啊，寶寶
01582541, 9.3, 1828, 樱桃小丸子（全20册）
03091122, 9.1, 2278, 百鬼夜行抄1 [東立]
01232186, 8.9, 2837, 黑暗精灵三部曲
01152495, 9.3, 1752, 白鹦鹉的森林
01052212, 8.8, 3149, 我们仨
24829798, 8.6, 4057, 解憂雜貨店
01524272, 8.9, 2744, 魔戒（第一部）
01748232, 8.0, 10010, 忽而今夏
10440130, 8.8, 3102, 家庭日记
05290433, 8.7, 3437, 当代诗人作家书画集
01344548, 8.1, 7874, 150cm Life
03277199, 8.1, 7719, 多田便利屋
26774897, 8.0, 9019, 流星之绊
01394536, 8.6, 3593, 我的心中每天開出一朵花
25808222, 8.1, 7267, 黄
01458194, 8.9, 2391, 相聚一刻（1）
01056616, 8.6, 3499, 槭树下的家（席慕蓉作品典藏版）
01781311, 8.6, 3487, 未成年（1、2、3）
01475048, 8.0, 8217, 150cm Life 2
30302300, 8.7, 2946, 两个人的头两年
01441707, 8.2, 5919, 小蝴蝶小披风
23795254, 7.9, 9502, 骄阳似我
01468493, 7.5, 18353, 梦回大清
03227126, 8.2, 5476, 30分老妈
01437152, 8.9, 2043, 80℃（3、4）
01204398, 8.8, 2239, 幽梦影
11498200, 8.3, 4266, 寂寞的频率
03903387, 7.5, 15677, 香蜜沉沉烬如霜
03183785, 7.6, 12836, 爱你，是我做过最好的事
01290911, 9.2, 1325, 银孔雀
01204878, 9.1, 1475, 超长篇机器猫哆啦A梦1
01898609, 8.1, 5405, 吉祥寺咖啡屋
03037327, 8.8, 2076, 溯空
01026317, 7.7, 10388, 可爱的骨头
03090154, 8.9, 1759, SEVEN DAYS MONDAY→THURSDAY
01949011, 8.1, 5003, 一個爹爹三個娃
01424501, 9.3, 1079, 四葉妹妹
01455527, 9.5, 883, 風之谷1
01462981, 8.8, 1872, 绘羽
01489164, 9.1, 1324, 直到花豆煮熟
02300626, 7.3, 18555, 蔓蔓青萝（全2册）
03099359, 8.0, 5302, 拥抱
01469051, 6.9, 43140, 左耳
02284090, 7.5, 11841, 开到荼蘼
01434255, 9.3, 977, 蟲師01
02340955, 7.5, 11126, 暖暖
05269920, 8.5, 2261, 30分老妈 2
01596305, 6.8, 47420, 泡沫之夏
02284843, 8.9, 1361, 80℃ 第5、6册
01566311, 7.7, 7167, 第一次亲密接触
02135149, 8.3, 2728, 晨曦 上
02265160, 8.6, 1820, 我的家在西双版纳
01053249, 8.7, 1607, 一点巴黎
27028847, 7.2, 16618, 沉睡的人鱼之家
01199034, 8.7, 1577, 长腿叔叔
04845827, 8.7, 1546, 遇见·猫的国
25799686, 7.3, 12808, 无证之罪
05988597, 7.7, 5825, 独家记忆
04173369, 8.7, 1417, 象背
25851002, 7.8, 4801, 世界微尘里
24339872, 7.7, 5259, 至此终年
26665723, 7.3, 10506, 情人
03137185, 8.8, 1103, 阿米I-星星的孩子
01439891, 8.7, 1229, 阳光少女
26938527, 7.8, 4078, 山之四季
07056649, 8.6, 1361, 歧路
04124855, 7.2, 11439, 人生若只初相见
01462189, 9.2, 693, 谁也看不见的阳台
01582254, 8.5, 1445, 變奏家族01
03028009, 7.0, 16059, 温暖的弦
06087472, 7.2, 10257, 浮世浮城
26998358, 7.8, 3587, 时光倒流的女孩
27087488, 8.1, 2154, 昨夜的咖喱，明日的面包
01467535, 7.6, 4507, 猫眼三姐妹
01442620, 7.3, 7624, 和空姐同居的日子
25803547, 7.5, 5292, 一生一世，美人骨
01489165, 9.2, 593, 风的旱冰鞋
10786074, 7.9, 2741, 如意蛋
04040223, 7.9, 2667, 坏事多磨
03074810, 7.3, 7033, 穿越与反穿越
06390810, 8.1, 1976, 记我们单纯的小美好
30255971, 7.5, 4896, 闪闪发光的人生
19936010, 7.0, 12567, 三生三世十里桃花
01494787, 8.2, 1687, 客心短篇漫画集：BLUE、ORANGE
03069728, 7.0, 11933, 良辰讵可待
30390651, 7.4, 5525, 时间的礼物
04218539, 7.2, 7639, 落花时节又逢君
02269814, 8.0, 2079, 狐缘
06792678, 6.8, 16925, 杉杉来吃
06437035, 7.3, 5956, 扶摇皇后（上下）
01471741, 8.8, 749, 佐賀的超級阿嬤
34873348, 8.4, 1138, 熊与狸的四季之旅
01449947, 8.5, 1003, 小妇人
03040352, 8.1, 1634, 那些风花雪月
06953461, 8.8, 710, 一坛猪油
06431143, 9.2, 479, 咬人画的
03671352, 7.3, 5463, 嗨，我的男人
01752192, 8.3, 1238, 3 x 3 Eyes
03068623, 9.2, 462, 惡童 1
01738639, 7.4, 4376, 九月鹰飞
01582815, 8.1, 1490, 靈異教師神眉01
01592351, 8.2, 1249, 清华园日记
02287652, 7.8, 2123, 庸君
01446993, 8.8, 626, 孩子，你慢慢来
04162625, 7.3, 4168, 衾何以堪
06064336, 8.5, 786, 花花世界
01052629, 9.2, 383, 魔法师的帽子
03420384, 7.2, 4809, 告诉大雄我爱她
03289609, 7.0, 6961, 这么远，那么近
25789620, 8.4, 845, 一个人上东京
07015296, 7.4, 3315, 最美遇见你
03065698, 7.2, 4633, 白昼的星光
02265903, 8.0, 1324, 月迷津渡 上
25830077, 7.7, 1992, 阿尼玛
33436278, 8.7, 572, 一个叫欧维的男人
24886923, 9.1, 384, 当鸭子遇见死神
03088334, 7.8, 1584, 香奈儿的态度
04837447, 7.2, 4043, 两只前夫一台戏
30253249, 8.9, 445, 伦敦一家人
01262580, 7.7, 1752, 像邦妮一样爱你
03214973, 8.2, 901, 君醉尘香 下
19944232, 8.2, 884, 等风的人
01483645, 9.0, 383, 紅色花束
10795243, 8.0, 1121, 舌尖上的中国
11587591, 7.7, 1647, 想念你的陌生人
06556841, 7.6, 1875, 继父
01627741, 9.1, 338, 小王子(典藏版) (平装)
06534922, 7.4, 2500, 听说姻缘命中注定
03117303, 8.5, 595, 笨狗小古11年+108天的故事
01999657, 7.9, 1188, 至爱小鬼（上）
03128636, 7.0, 4759, 末路相逢
25789570, 7.1, 3862, 满满都是我对你的爱
03618055, 7.6, 1703, 和空姐同居的日子
03056022, 8.4, 620, Present for me~機器人的聖誕禮物~
01339950, 9.4, 243, 風與樹之歌
30200834, 8.5, 534, 剩下来的孩子
03059430, 8.2, 738, 萨布莉尔
06434488, 7.4, 2094, 全世爱Ⅲ
02264218, 7.8, 1172, 好一个国舅爷
04240395, 7.4, 2061, 复乐园
03061895, 6.9, 4835, 心素如简
25929667, 7.3, 2332, 你是我学生又怎样
30271444, 8.2, 678, 同学录2：完结篇
25885617, 8.0, 827, 她和她的猫
03138803, 9.1, 266, 攻殼機動隊(01)
01492928, 8.1, 700, 陪我走到世界尽头
30252127, 7.9, 889, 今天也要好好地过
30270552, 7.6, 1303, 同学录
03059435, 8.2, 598, 莉芮尔
03137080, 7.2, 2262, 那一杯咖啡的爱情
24755048, 8.1, 643, 当Bob来敲门
01771379, 7.8, 917, 三尖树时代
03021414, 7.0, 3069, 除了我你还能爱谁
26774292, 8.7, 336, 没有来生
10535987, 7.1, 2517, 轻易放火
06059783, 7.4, 1550, 你好，小确幸
35017604, 7.8, 885, 祈念守护人
26680353, 8.9, 263, 浅田家
07052763, 9.3, 186, 元氣囝仔 1
21322405, 8.0, 623, 路边草
06509801, 8.4, 401, 当下的幸福
03058812, 8.3, 444, 阿布霍森
03250041, 9.3, 176, H2 好逑雙物語 9
05379541, 6.9, 2876, 执子之手，将子拖走
01052767, 8.4, 364, 不想长大
26384540, 8.3, 381, 原始再来（上下册）
03148295, 8.2, 422, 笑问生死缘
02315072, 8.2, 413, 樱
06509456, 8.2, 410, 猫生十年
06059063, 7.4, 1069, 时光若有张不老的脸
03011168, 8.0, 489, 热夏
03104720, 8.8, 208, 猫の遊ぶ庭
06390062, 8.3, 328, 绘心·母亲
03069750, 7.3, 1083, 鸾，我的前半生，我的后半生3（大结局）
25982233, 8.6, 244, 家庭日记：森友治家的故事1
03015008, 6.7, 2926, 何须浅碧轻红色
26864983, 7.7, 621, 思家小馆的晚餐
26775199, 7.7, 613, 头条都是他
30241634, 7.3, 1007, 亿万斯年
05942561, 8.2, 329, 丑皇番外 咱家不是权阉
01358703, 8.2, 328, 森林唱遊
04766662, 7.2, 1117, 爱情来了你就上
24714640, 6.8, 2058, 我站在桥上看风景
06425455, 7.2, 1062, 有座香粉宅
01213245, 8.9, 166, 礼拜三的糕饼课
06508503, 9.1, 141, 父与子全集
06515083, 8.3, 269, 谁来替我照顾妈妈？
10599676, 7.2, 976, 公主貴性（上）
06715474, 8.8, 166, 桥下一家人
10725024, 7.9, 388, 特别的他
25910747, 8.4, 234, 狼的孩子雨和雪
26945077, 8.8, 165, 即使如此，依然溫柔地相戀
26255773, 6.4, 3581, 何所冬暖，何所夏凉
01442097, 8.1, 291, 森林里的秘密
01418961, 7.4, 638, 小S牙套日記
25960840, 9.0, 127, 龙与猫之国
25807523, 7.0, 1047, 唯爱与美食不可辜负
25889814, 8.4, 201, 玫瑰传奇
26965318, 7.1, 884, 和你在一起才是全世界2
25913805, 6.6, 1979, 对的时间对的人
03137343, 9.0, 119, 機動警察PATLABOR(01)
03124951, 8.5, 177, 小狐狸买手套
26980812, 7.2, 731, 千机谋
06053725, 8.7, 148, たいようのいえ（1）
01877097, 7.9, 309, 兩個人一回事
25862104, 7.2, 719, 白首不相离
04941675, 7.9, 305, 废话先生
30273349, 7.6, 427, 洋房里的猫先生
01180067, 7.6, 424, 诺亚方舟
30336227, 8.0, 267, 大大的城市，小小的我
25861605, 7.2, 682, 我站在桥上看风景
01746435, 9.5, 79, 大地之歌-吉米·哈利作品集
03923761, 9.5, 79, 迪士尼电影故事
10599678, 7.4, 509, 公主貴性（下）
34443599, 8.0, 256, 时光小旅馆
33425363, 8.0, 253, 这是你的星星，请签收
03086704, 7.7, 346, 鹿男
11639741, 9.6, 72, 元氣囝仔 5
27157733, 8.4, 169, 头条都是他3
33413929, 8.9, 113, 风从海上来
01255269, 8.1, 222, 微笑的鱼
05366004, 7.2, 624, 惜年
01358895, 8.0, 242, 黑白異境
01431562, 7.1, 705, 哪只眼睛看见我是你弟
06042685, 8.2, 195, 绿山墙的安妮
25872448, 8.4, 163, 水下离歌
03034737, 8.0, 235, 芙蓉軍師
01760638, 7.9, 258, 一瞬之光
04079156, 6.6, 1470, 船到桥头自然直
02998717, 6.0, 5066, 午后薰衣茶
30185915, 8.7, 123, 項真的群星閃耀時
26972578, 8.5, 143, 女少年
03616195, 8.7, 119, 幸福纪
02303264, 6.7, 1158, 爱情，不是得到就是学到
26439034, 9.4, 73, Rory the Dinosaur
25928675, 6.8, 967, 轻易放火
02988444, 9.2, 82, P. S.你好嗎? 6
05247942, 7.0, 702, 人生若只如初贱
20563214, 7.9, 232, 俊男坊·阴差阳错（全两册）
26844769, 7.8, 251, 回到过去变成猫1
01232710, 7.4, 387, 修玛传奇（全二册）
05404951, 8.2, 166, 时代广场的蟋蟀
03017449, 6.8, 876, 不双
33432768, 9.4, 68, 岁朝清供
10491546, 8.3, 150, 洛奇花园5
02336983, 8.2, 161, 1磅的福音 4
26695285, 6.2, 2485, 和你在一起才是全世界
34934655, 8.6, 113, 我想住在你心上
26414051, 8.9, 90, 月亮知道
06129107, 7.0, 598, 不能没有你
01442790, 8.4, 129, 小水精
03123946, 7.0, 585, 猫游记
02247323, 8.0, 181, 小老鼠忙碌的一天
03102308, 8.0, 176, 變裝俏老爸-1
04833931, 6.7, 866, 乌龙插错电
07051099, 7.6, 261, 和首席社长谈谈情
01035026, 8.5, 113, 与史努比一起过圣诞
06121356, 6.8, 709, 琥珀森林
25985522, 6.9, 610, 浅情人不知
05269238, 8.3, 128, 南瓜头与姜糖人
07163483, 9.0, 74, 嘟嘟猫观察日记1
06053726, 8.8, 83, たいようのいえ（2）
07004031, 8.2, 130, 两个人不上班 第一季
30326089, 8.6, 94, 一条狗的使命
06041720, 7.2, 363, 许愿树
26792508, 8.3, 117, 小妇人
27044570, 7.2, 352, 世间一切，都是遇见
27077615, 7.6, 221, 罗茜效应
26840523, 8.1, 135, 柴犬大叔
34464158, 9.1, 63, 好好吃饭好好爱
26599744, 8.1, 130, 我最亲爱的你
06534925, 6.7, 626, 你的青梅，她的竹马
27073403, 7.3, 275, 等你呼唤我的名字
30374565, 8.0, 131, 做人不要太过分
20472498, 8.1, 120, isbn被占用不存在未出版的错误条目
33435459, 9.1, 58, 做一个温柔坚定的女子：不委屈，不妥协
33455497, 8.3, 99, 恋上，一个人
06434276, 8.2, 107, 山雞精要做大妖怪 一
25829694, 8.6, 78, 好想告诉你 14
30466458, 8.5, 83, 在南极的500天
04045796, 8.7, 71, 狗狗的那些事儿系列绘本(全4册)
06526952, 7.2, 270, 朽女厨娘
10552827, 6.4, 814, 如若有你，一生何求
24838906, 7.2, 260, 跟你扯不清
10749195, 8.3, 90, 浮生六记
33429116, 8.0, 114, 照见星星的她 终章
27022145, 5.9, 2108, 致我们暖暖的小时光
19900036, 8.6, 69, 兄妹八点档
14267763, 8.1, 100, 麦田绘本馆·妈妈发火了
11619676, 8.3, 83, 一個人的朝聖
06946921, 8.3, 82, 仰望半月的夜空 07
25985894, 8.2, 88, 麦兜我和我妈妈
06116920, 7.6, 149, 我想亲你一下，可以吗？
24838896, 5.9, 1801, 村上春树·猫
21355911, 7.4, 180, 喜欢你的150个小细节
07163482, 9.1, 47, 嘟嘟猫观察日记2
01142693, 7.8, 120, 美丽的乔
10564801, 7.0, 272, 獵戶家的小娘子 下
34881102, 6.6, 467, 亲爱的伯德太太
25958454, 6.9, 304, 小别离
02277713, 8.5, 66, 單車環島練習曲
10604793, 8.8, 54, 当幸福来敲门
25901647, 7.8, 113, 假如，给你一间老房子
24542160, 6.8, 333, 名草有主
25766551, 6.5, 499, 唐砖1·土豆有妖气
26386047, 6.9, 283, 浅爱，深喜欢
05397155, 7.9, 99, 慢风景
04256044, 6.5, 492, 可不可以不嫁人
23963579, 7.6, 126, 生命中的美好缺憾
20423644, 7.9, 96, 偷时光的女人
03068926, 8.3, 68, 金魚屋古書店出納帳 1
27052023, 6.2, 744, 被你爱过才叫爱
25921367, 9.4, 34, 我的小羊驼蜜糖
03076657, 7.4, 143, 毕淑敏感悟心灵
01466100, 9.1, 38, いま、会いにゆきます
04829015, 8.8, 45, 阿布！阿布！！
11535041, 8.1, 72, ここにある、君のおと
25790433, 7.1, 182, 小世界
06722929, 6.7, 292, 老师，太给力
22749479, 9.2, 35, 火箭小子
27085749, 5.6, 2147, 后来时间都与你有关
30358193, 6.6, 328, 余生，请多指教2
03018278, 7.6, 103, 简单·爱
01215486, 7.5, 113, 下雨天里的松风声
07177007, 8.9, 40, 艾洋的魔兽世界漫画集
01055192, 8.8, 41, 牛仔
04292401, 8.0, 69, 绿屋的安妮
30229890, 9.1, 34, 游泳不是靠泳裤
20256529, 7.1, 157, 幸福不脫靶·上
26879977, 7.2, 139, 送你一座不孤城
25727078, 7.4, 112, 愿爱如初，温暖如昨
03766590, 7.2, 135, 流动的窗口
10483284, 9.4, 28, 我的抠门老妈
26253304, 7.4, 109, 如果世界只有我和你
30296880, 8.2, 55, 阿狸·梦之城堡
06507039, 7.5, 95, 永远不要忘记
34926907, 9.4, 27, 娜娜的厨房
26700387, 6.5, 291, 最动听的事
05395178, 8.5, 43, 小茶匙老太太
05379422, 8.2, 52, 非常男生
04714397, 7.1, 128, 暖暖不请狼自来
03128873, 7.7, 72, 马约卡之夏
26864261, 7.1, 125, 回到过去变成猫2
26947773, 7.4, 93, 回到过去变成猫3
06429272, 7.7, 71, 學生奶爸情人
26947775, 7.4, 92, 回到过去变成猫4
20429731, 7.8, 64, 小暖冬（上）~魔影魅靈之八
06954082, 6.1, 446, 北京的味道
03121957, 7.8, 61, 花落春仍在2 洛都纷争
34949076, 7.5, 78, 日月如移越少年
01041127, 7.7, 65, 给爱加点巧克力
01438200, 9.5, 22, 若 IF
26838513, 7.7, 63, 反洗脑Ⅱ
20256530, 6.9, 128, 幸福不脫靶·下
30269676, 5.8, 636, 总要习惯一个人
25795739, 6.2, 309, 情生意动
25756858, 8.1, 44, ラララ 1
27180840, 7.3, 79, 心若从容，便是优雅
10764136, 8.9, 26, 住在时光里的尘埃
30164415, 6.9, 112, 你为什么不快乐：写给年轻人的快乐心理学
27086814, 7.7, 53, 回到过去变成猫7
27108596, 7.7, 52, 回到过去变成猫6
03436220, 8.5, 30, 窗邊的小荳荳
02141228, 7.0, 92, 驯皇记
25833362, 7.6, 54, 欢歌犹在意微醺
26808586, 7.8, 46, 晚安，这个残酷又温柔的世界
27607365, 7.1, 81, 女人越独立，活得越高级
26790288, 9.2, 20, 晴空小侍郎
06005370, 7.4, 60, 和谁走过万水千山
26990700, 7.6, 49, 醒来时的一记阳光
27625432, 6.8, 101, 人不可貌相
06309063, 5.9, 338, 竹马翻译官
27096825, 7.4, 56, 就像星星被浪费在夜空里
01688958, 6.7, 108, 捡到一条龙
26342455, 8.2, 31, 一切都是刚刚好
01388258, 9.4, 17, 爺爺一定有辦法
26991555, 7.2, 64, 舍我“棋”谁
06800875, 7.1, 64, 所罗门的橡树
27119904, 8.7, 20, 一切幸福，不过恰好
10862554, 8.8, 19, オハナホロホロ 3
26644385, 7.9, 31, 也许已是许多年
20411511, 6.2, 149, 星动烟火
20266347, 6.9, 66, 暖爱
32514434, 6.2, 133, 幺幺见我心
26050203, 6.8, 66, 世界最美花海之旅
01290129, 8.4, 21, 黎平故事
26801491, 6.8, 63, 听说你命里缺我
26314160, 7.0, 52, 想把所有美好都给你
06425038, 8.5, 19, 俄罗斯娃娃的秘密
03086854, 9.0, 15, 新西游记
34969936, 7.3, 39, 欢迎回来，旅人
24884412, 8.2, 21, 矮子画廊 3
05980746, 7.8, 26, 花の鎖
24532584, 8.0, 23, 有你的地方，就是家
04038026, 7.0, 46, 骑着粉猪追白马
27065929, 9.2, 13, 老爸1：家有女儿
20003258, 6.3, 91, 楊柳青青輕煙凝
06729207, 7.4, 33, 最后一次说爱你
06507013, 6.9, 46, 愿你梦想成真
30486365, 8.4, 17, 我爸爸的小飞龙
30173915, 9.0, 13, 你是我的小宝贝
25902010, 7.3, 32, 来自你心底的风
01004022, 8.6, 15, 摩登家庭
20255092, 7.2, 33, 小七
04225768, 7.3, 30, 暖暖爱
34467952, 5.6, 186, 只能陪你走一程
27011681, 5.3, 316, 优秀的人，从来不会输给情绪
27037861, 7.5, 25, 黎明有星辰 上
26868011, 8.4, 15, 多肉爸爸之屋
20255093, 7.4, 25, 小七
24287160, 6.1, 75, 紫微郎花事
30372347, 6.4, 50, 天气预报说明天有你
05375482, 7.1, 27, 坐对流年 上
20365779, 6.6, 40, 人是会动的树，都有看不见的根
26252902, 7.0, 28, 我们仍未知道，爱的样子
24884947, 9.0, 10, 為什麼貓都叫不來2
10746270, 6.7, 34, 执子之手，将子悠走
25747176, 6.5, 38, 小世界
04210873, 6.8, 28, 女人的对话心理学
07067257, 7.4, 18, 猫妖老师的和菓子店
25882919, 7.7, 15, ラララ 2
06716562, 7.5, 16, 洛阳十月
26388148, 7.2, 19, 矮子画廊6
25808877, 6.7, 25, 那些年，我们在一起
26598352, 6.3, 35, 此间长情
26305371, 7.3, 16, 矮子画廊7个半
02159973, 7.8, 11, 不死鸟奇蛋
24283829, 6.9, 15, 蒋家门外的孩子
30171194, 5.2, 73, 我的命中命中
01512493, 6.5, 17, 小户型装修一点通
25927505, 7.4, 10, 冲破人生的冰河
25729775, 6.4, 16, 塞纳河终曲
05416208, 6.8, 12, 一朵寂寞的时间
25943540, 6.0, 15, 爱比技巧更重要
25790194, 5.3, 22, 英雄，请留步
26792373, 4.7, 37, 远东星辰
10443094, 0.0, 10, 龙猫
10458034, 0.0, 10, 留白
24530941, 0.0, 10, 生活在猫国
25934773, 0.0, 10, 在开始的地方说再见
26841886, 0.0, 12, 夏日天鹅
03115490, 0.0, 14, 家有装饰妙招
10491778, 0.0, 14, 田田的日记
24834632, 0.0, 14, 静候爱情成熟时
03100264, 0.0, 15, 单亲妈妈现在进行时
10528408, 0.0, 16, 薄荷协奏曲 下
26794001, 0.0, 16, 学院路16号
04872540, 0.0, 45, 冬至节的雪精灵
