2020-07-05 16:00:09

number of books, tag name
483, 港台

ID, rating, votes, title
01255625, 9.1, 102637, 天龙八部
02070844, 8.8, 76292, 梦里花落知多少
05337248, 8.9, 35475, 台北人
01036490, 8.8, 34554, 万水千山走遍
03604517, 9.3, 14974, 撒哈拉的故事
02068211, 9.3, 12326, 撒哈拉的故事
02068249, 9.1, 15389, 温柔的夜
26963900, 8.9, 18160, 房思琪的初戀樂園
02340100, 8.0, 73638, 遇见未知的自己
04729583, 8.9, 13360, 野火集
01958227, 8.2, 39113, 那些年，我们一起追的女孩
03673671, 9.1, 9231, 梦里花落知多少
25737043, 9.1, 8260, 霸王别姬
03604520, 8.7, 10955, 雨季不再来
03713237, 8.8, 9139, 亲爱的三毛
03699108, 8.6, 12189, 我的错都是大人的错
01076654, 8.8, 8850, 孽子
01082399, 8.6, 10918, 闹学记
01065239, 8.6, 10523, 我的宝贝
21617765, 8.8, 7532, 亲爱的安德烈
27104286, 8.4, 11896, 寂寞的游戏
03698390, 8.6, 8730, 送你一匹马
01823349, 9.0, 4944, Happy Birth Day
01064682, 8.8, 6023, 稻草人手记
01051797, 8.3, 12481, 喜宝
05332948, 9.0, 4431, 這些人，那些事
03673668, 8.5, 8614, 红玫瑰与白玫瑰
06558705, 8.5, 8598, 雨季不再来
01057444, 8.6, 6947, 大唐双龙传
05290564, 8.3, 9918, 青春
01613372, 8.4, 7800, 喜宝
01032581, 8.5, 6193, 胭脂扣 生死桥
02275502, 8.2, 9519, 十年一觉电影梦
01470158, 8.0, 13265, 圆舞
03735576, 8.6, 5112, 我的宝贝
04113090, 7.4, 38778, 我们台湾这些年
34262174, 8.2, 8449, 网内人
06007431, 8.4, 6022, 我不是完美小孩
02123957, 8.2, 8085, 绝对小孩
01471701, 8.8, 3369, 梦里花落知多少
05289756, 7.9, 13043, 爱的地下教育
01288916, 8.6, 4277, 伤心咖啡店之歌
01082416, 8.9, 2848, 温柔的夜
01089518, 7.9, 12001, 萧十一郎
01470159, 8.4, 5093, 流金岁月
02254582, 8.8, 2634, 以箭为翅
01668021, 8.1, 6944, 寻秦记
01038476, 8.7, 2879, 小说稗类
01037716, 8.7, 2737, 我的灵魂骑在纸背上
03673670, 8.3, 4707, 怨女
04208780, 8.1, 6287, 流浪集
01343089, 8.3, 4549, LA流浪記
01731521, 8.2, 5134, 生死桥
05337250, 8.4, 3824, 寂寞的十七岁
01030153, 7.5, 13799, 她比烟花寂寞
30217599, 8.1, 4602, 断代
01083883, 8.7, 2034, 席慕蓉经典作品
01061572, 8.5, 2588, 随想
01082173, 7.8, 7045, 面包树出走了
02284090, 7.5, 11841, 开到荼蘼
25716761, 8.0, 5001, 青蛇
30296432, 8.6, 2136, 猴子·罗汉池
06041686, 8.3, 3068, 父后七日
06527141, 8.2, 3528, 停车暂借问
02375972, 8.2, 3465, 今朝风日好
01032945, 7.7, 7378, 荷包里的单人床
06829323, 7.9, 5121, 我，睡了，81个人的沙发
01322066, 7.6, 7920, 吃南瓜的人
03073494, 7.4, 10877, 人淡如菊
04213445, 8.0, 3939, 击壤歌
03439437, 7.7, 6278, 阿修罗
01781120, 7.8, 5272, 可不可以不要上班
11580824, 8.8, 1255, 猎人们
03621252, 7.4, 9297, 曾经
01897413, 7.6, 6349, 一点旧一点新
01058956, 7.4, 9045, 碧血剑
01471687, 8.9, 1046, 背影
01361267, 8.9, 1039, 霸王別姬
05998988, 9.2, 745, 尋路中國
06048071, 8.4, 1815, 七声
02377014, 8.3, 2050, 阅读的故事
01456597, 7.5, 6787, 她的二三事
01322328, 7.4, 8099, 不羁的风
01082415, 8.2, 2283, 谈心
02244170, 7.7, 4670, 电光幻影
02174792, 8.3, 1936, 清欢
01322342, 7.6, 5294, 花常好月常圆人长久
01082172, 7.6, 5179, 蝴蝶过期居留
01057601, 7.7, 4305, 半饱
04915869, 8.2, 2042, 愛的地下教育
01471809, 7.7, 4115, 饺子
01062326, 6.9, 18186, 爱尔兰咖啡
01471697, 8.8, 930, 闹学记
01088088, 7.6, 4611, 大人物
01957045, 7.5, 5440, 印度墨
01062235, 7.5, 5239, 卖海豚的女孩
10570257, 7.9, 2710, 特别的一天
01547265, 7.5, 5032, 她比烟花寂寞
01291610, 7.9, 2630, 关于上班这件事
30382687, 8.4, 1344, 度外
01038267, 7.6, 4126, 人淡如菊
01499758, 7.6, 4074, 忽爾今夏
05293823, 7.9, 2500, 四喜忧国
10794355, 7.7, 3360, 台湾念真情
03410812, 7.4, 5185, 死在这里也不错
01291261, 8.9, 698, 小星星通信
04841303, 7.6, 3669, 人情·世故
01471696, 8.9, 684, 温柔的夜
05402205, 8.4, 1183, 空灵
01353736, 8.7, 838, 摩擦．無以名狀
04311468, 8.3, 1296, 炎夏之都
02972805, 9.3, 447, 金瓶梅詞話
04215678, 8.0, 1875, 我城
01087062, 8.5, 989, 炎夏之都
02036345, 7.6, 3265, 创意市集2·玩心大发
01891084, 8.2, 1386, 鱷魚手記
01829846, 9.2, 470, 偽科學鑑證1
02086633, 7.4, 4310, 盛夏光年
01316605, 8.6, 827, 温柔与暴烈
01316614, 8.8, 658, 七種靜默
05938219, 7.8, 2235, 昨日书
06026256, 8.6, 807, 红婴仔
25925760, 8.9, 584, 再见杨德昌
03662614, 7.9, 1732, 淡江记
01523834, 7.8, 1968, 我们不是天使
03843245, 8.9, 521, 當代占星研究
04822151, 9.1, 428, 戰爭與革命中的西南聯大
02025188, 8.2, 1113, 故事
06392678, 7.5, 2934, 想念
01958312, 7.5, 2925, 关于方文山的素颜韵脚诗
03809357, 8.8, 559, 玩火的女孩
01421643, 8.3, 939, 胭脂扣
01439194, 8.2, 1053, 寻秦记
03228088, 8.1, 1171, 盛世恋
01471706, 8.5, 728, 我的宝贝
01316611, 8.5, 715, 沉默。暗啞。微小。
01104557, 7.9, 1466, 海水正蓝
01018416, 8.2, 986, 花忆前身
25961455, 8.5, 648, 重读
01499775, 7.6, 2017, 要多美麗，就多美麗
02060432, 7.0, 5539, 红颜露水
01831760, 8.0, 1126, 弱水三千
10529099, 8.2, 864, 笑红尘
04861485, 7.2, 3580, 就算天空再深
01685483, 7.5, 2151, 不乖蔡康永－同情我可以親我
03872850, 7.2, 3342, 心机母女
06002887, 7.4, 2258, 突然十年便过去
04309094, 8.3, 656, 体育时期
01037857, 8.1, 786, 文字是肉做的
01786649, 7.1, 3310, 天上所有的星
02969113, 7.6, 1449, 意绵绵
03881360, 8.9, 324, L.I.F.E.
06101070, 8.3, 584, 滚石30
01082281, 7.4, 1868, 小S牙套日记
01082152, 7.3, 2140, 潘金莲之前世今生
01070087, 8.6, 405, 鬼狐仙怪――三生三世
01498618, 7.4, 1752, 綺色佳
30348380, 8.8, 328, 余英時回憶錄
01762066, 8.0, 755, 逆插桃花
02144432, 8.5, 430, 味覺現象學
03073492, 7.0, 3196, 痴情司
02969111, 7.6, 1218, 情未了
06314053, 7.4, 1607, 毫无代价唱最幸福的歌
01016062, 7.2, 2185, 异乡人
24870338, 7.5, 1375, 三少爷的剑
01499754, 7.2, 2009, 曾經深愛過
01358447, 9.2, 203, 瘂弦詩集
01443562, 8.1, 573, 生死桥
01342641, 8.6, 337, 空想科學讀本
07057385, 8.5, 361, 听幾米唱歌
01484313, 7.3, 1502, 風滿樓
01939451, 8.6, 315, 哀豔是童年
03035733, 8.3, 420, 蜂蜜綠茶
26331518, 8.7, 275, 连城诀
05301889, 8.0, 536, 我折叠着我的爱
01055183, 7.1, 1787, 痴情司
20397334, 7.2, 1508, 楚留香新传1：借尸还魂
01016061, 7.0, 2058, 小玩意
34392552, 8.3, 369, 暗恋桃花源
02155295, 9.3, 154, 牯嶺街少年殺人事件
05416544, 6.9, 2258, 风中的费洛蒙
03074795, 7.0, 1839, 长夜里拥抱
04882134, 8.1, 418, 白垩纪
04282052, 7.7, 639, 传说
01089535, 7.1, 1443, 名剑风流(上下册)
30165631, 9.1, 157, 越南
25922755, 7.9, 472, 像我这样的一个读者
01769541, 8.1, 363, 童女之舞
03224612, 8.2, 326, 西夏旅馆（套装上下册）
01395030, 8.3, 291, 生死橋
01418949, 7.3, 920, 特首小姐你早
01510333, 8.7, 197, 林清玄散文
03079907, 8.9, 162, 智慧書
05355710, 7.7, 524, 时光队伍
03014502, 8.5, 227, 給冥王星
03866488, 8.8, 168, 雲圖
05336461, 7.4, 720, 读中文系的人
01823875, 7.3, 800, 吻所有女孩
01499763, 7.1, 1028, 两个女人
10608441, 7.9, 367, 我们
24378390, 8.6, 186, 太平天國之秋
03829853, 7.4, 664, 爱的一百个提醒
02137153, 8.0, 317, 四代香港人
03205286, 6.9, 1301, 青花瓷
05910921, 6.8, 1535, 坦白说，亲爱的
01484312, 6.8, 1533, 曼陀罗
03230417, 8.2, 251, 經驗匱乏者筆記
02352480, 7.8, 379, 如果你愛上一家書店
04155030, 9.1, 116, 春醪集·泪与笑
01491373, 7.5, 496, 无爱纪
01364088, 8.5, 174, 歷史與怪獸：歷史，暴力，敘事
03880778, 7.7, 382, 镜中爹
02006062, 8.5, 172, 香港味道1：酒樓茶肆精華極品
04139532, 8.4, 180, 好色的哈姆雷特
27084032, 7.5, 442, 便利店人間
01397321, 8.7, 135, 中国中古社会史论
25922767, 7.7, 343, 手卷
01036937, 9.2, 89, 陈映真自选集
01484305, 6.9, 909, 一把青云
03134803, 8.6, 134, 像我這樣的一個女子
26950592, 9.0, 96, 疼痛是一道我穿越了的牆
19967508, 6.7, 1155, 我开始轻视语言
01945141, 9.1, 88, 正午的黑暗
05383670, 7.6, 323, 拟古
05413887, 8.0, 211, 吾爱梦工场
01473957, 7.9, 232, 慢慢快活
04745071, 9.1, 86, 安卓珍尼
03268044, 9.3, 75, 我們
06788195, 8.8, 105, 忠孝公园
01362588, 7.1, 586, 鄰居太太的情人
05952464, 8.8, 104, 複眼人
03278238, 8.4, 139, 周代城邦
30390432, 9.1, 82, 伸出蘭花指
02214270, 8.6, 115, 始皇(01)
01975667, 8.9, 90, 成為「日本人」
01506109, 7.1, 506, 红耳坠
03719444, 7.3, 382, 变形纪·找自己
01484306, 6.7, 880, 银女
27622182, 9.3, 65, 歷史中國的內與外
01411194, 8.6, 104, 魂牵
01915417, 8.5, 111, 桂花巷
02345992, 8.4, 119, 痖弦诗选
27598780, 7.3, 355, 雨水直接打进眼睛：叶青诗集
19959618, 8.3, 127, 我的心中每天开出一朵花
01758568, 7.9, 177, 橡皮章生活雜貨
02268780, 8.1, 142, 屁眼文化
01014090, 8.3, 116, 欢喜贼
04099626, 8.5, 97, John Ho 少年事件
21458711, 7.7, 191, 阅读是最浪漫的教养
03330182, 7.1, 375, 四部曲
04293260, 9.1, 62, 挖開兔子洞
02347935, 8.0, 140, 從學生運動到運動學生
02095400, 9.1, 61, 宇宙與歷史
03842640, 8.9, 69, 行路難
02351866, 8.2, 115, 愛、欲望、出軌的哲學
11497729, 9.0, 64, 瓊美卡隨想錄
01885263, 8.7, 78, 中國文化的深層結構
04747184, 8.4, 97, 管教啊
01337022, 8.5, 89, 布考斯基煮了七十年的一鍋東西
10446423, 8.2, 112, 答同代人
25808932, 8.2, 112, 煮海時光
03218377, 9.5, 46, 白先勇作品集
05938824, 7.9, 142, 女僕
01465000, 8.9, 65, 城邦暴力團＜參＞
26773438, 9.2, 53, 像史家一般閱讀
01348129, 9.2, 51, 詩意的身體
25956951, 8.0, 117, 告别式从明天开始
03173529, 9.3, 47, 上缅甸诸政治体制
03121641, 9.0, 56, 東周英雄傳(2)
34096087, 9.4, 44, 伊斯蘭帝國的吉哈德
26955734, 8.6, 72, 東課樓經變
25704614, 8.2, 96, 神行陌路
27075028, 8.0, 110, 從漢城到燕京
34997652, 9.0, 52, 云淡风轻
05918943, 7.1, 258, 香港三部曲
04221077, 6.5, 582, 方道·文山流
30199974, 9.1, 47, 1949-1976：岁月沧桑
11516838, 8.3, 79, 猿猴志
04213274, 7.3, 195, 紅線
05332954, 8.8, 55, 盧曼社會系統理論導引
01663652, 8.6, 62, 日常生活中的自我表演
06092608, 8.6, 62, 金贤姬自传
04825365, 7.9, 105, FW
01827749, 9.4, 38, 秀才的手錶
04915988, 7.5, 150, 都在书生倦眼中
34882634, 7.3, 184, 哪吒
30259451, 9.3, 39, 金閣寺
03238622, 9.1, 43, 黃土與中國農業的起源
05341546, 8.3, 72, 縫身
02033477, 7.6, 129, 拜託！不要每個人都一樣
01427950, 7.6, 127, 我愛花花世界
04203199, 9.1, 42, 中央樂團史（1956-1996）
02339783, 8.2, 73, 中国近世宗教伦理与商人精神
04059797, 7.0, 222, 饮食男女A-Z
01829670, 8.6, 53, 在废墟里看见罗马
06157431, 7.4, 137, 魔术时刻
07916054, 7.5, 124, 清白家风
24744995, 7.4, 136, 创意能源库
25776599, 8.7, 48, 動情的理性
06539609, 8.4, 58, 中国模式：赞成与反对
05949811, 8.8, 44, 茶韻茗事： 故宮茶話
26754914, 7.9, 80, 蔬菜的政治
24746992, 9.6, 28, 康德歷史哲學論文集（增訂版）
30269779, 7.6, 103, 犬儒與玩笑
03870395, 8.6, 48, 殺鬼
30410452, 7.9, 79, 道德浪女
01685300, 8.5, 51, 庄子说--自然的箫声/中国文库
06808956, 6.5, 357, Moleskine「傳奇筆記本」的活用術
03902430, 8.5, 50, 夢遊書
30449482, 8.2, 61, 三樓書記室的暗號
25851825, 9.5, 28, 他們在島嶼寫作
25820398, 7.6, 96, 桃花流水杳然去
24531304, 8.3, 55, 青筋
26355599, 8.8, 40, 魯迅與托洛茨基
01473190, 8.3, 54, 笔逗言
01367634, 8.8, 39, 眾聲喧嘩以後
05377525, 8.0, 65, 笑傲七十年-李敖有话说纪念典藏版（全八册）
03243230, 7.7, 81, 臨終者的孤寂
03788644, 8.5, 45, 體物入微
20257973, 8.3, 50, 棄的故事
03848131, 8.5, 43, Straightly gay 一直‧攣
06274734, 8.5, 43, 教育應該不一樣
03768483, 9.5, 25, 建國以來（1949 - 1997）
01083222, 7.3, 109, 窗外
06984813, 7.8, 69, 月的另一面
03781358, 9.3, 27, 瘖啞與傾聽
03190064, 8.2, 50, 金庸笔下的人生
01360960, 8.1, 53, 電影敘事
26907044, 9.1, 29, 抄寫員巴托比 / 水手比利．巴德
25742090, 8.5, 40, 那麼熱，那麼冷
11593638, 8.2, 48, 此時眾生
34954852, 8.7, 35, 候鸟
01385581, 8.8, 33, 唐滌生的文字世界 ─ 仙鳳鳴卷
03178311, 8.6, 37, 大河盡頭 （上卷：溯流）
10482345, 8.1, 51, 生命是長期而持續的累積
06146581, 6.8, 166, 慢慢走
03036987, 8.0, 54, 書到用時
04710165, 9.7, 21, 邏輯新引
01769544, 8.4, 41, 六個非道德故事
03212122, 6.7, 181, 史丹利一定要热血
02139895, 8.3, 43, 淡之頌：論中國思想與美學
04038504, 8.1, 49, 簡寫
04152777, 9.5, 22, 後事實追尋
03572089, 7.5, 74, 不用讀完一本書
30477661, 7.4, 80, 我的寻根记
05990275, 8.6, 33, 裙拉褲甩
05293839, 8.9, 28, 中國文化的展望
25932128, 7.5, 71, 巴黎地鐵上的人類學家
01389252, 8.8, 29, 文化研究
04003196, 9.8, 18, 一切能作為學問而出現的未來形上學之序論
25862709, 8.3, 38, 墮落論
06873694, 7.5, 66, 病夫、黃禍與睡獅
20516538, 8.2, 39, 重構台灣
34863773, 8.9, 26, 中國與日本：1500年的交流史
01344429, 7.7, 55, 映畫 x 音樂
02146412, 7.2, 84, Milly的京都私路
01373372, 8.5, 32, 自由民主的理路
30171174, 8.3, 36, 民粹時代
03848885, 7.2, 78, 茶果子
04045104, 8.3, 34, 茶餐時光
03582121, 8.9, 24, 旅行者的史學
27606187, 8.4, 31, 匡超人
25865900, 8.2, 34, 歷史的反叛
01878740, 9.1, 21, 愛華坦夫人及其它
30450211, 9.1, 21, 辶反田野
25755526, 8.9, 23, 孤獨前哨
26834850, 9.3, 19, 論嘗試文
03877171, 8.1, 35, 香港歌詞導賞
05409557, 8.5, 27, 吳東龍的東京設計生活100+
01806373, 8.8, 23, 夜未央
04229526, 8.8, 23, 殺母的文化
03718927, 8.6, 25, 也是香港人──七字頭的新移民誌
01438698, 7.5, 50, 浮城志异
25851681, 7.7, 43, 技巧高超的偽娘裝扮技術
26906525, 8.5, 26, 所信即所見
05391763, 7.4, 54, 傷心人類學
01331636, 8.7, 23, 反美學
03121644, 8.0, 34, 阿鼻劍(一)---尋覓
03053420, 7.0, 73, 江湖夜雨十年灯（上下）
02136085, 9.0, 19, 教我心醉，教我心碎
03744783, 9.4, 16, 說郛考
05386108, 8.6, 23, 共產黨·地方菁英·農民
25984499, 7.8, 36, 浮現中的女同性戀
04097032, 8.0, 31, 怪物描寫
04145697, 8.1, 29, 廣告X媒體
01353158, 9.2, 16, 時代的探索
03553294, 8.9, 18, 福爾摩沙如何變成臺灣府?
26671816, 6.4, 113, 弃的故事
03202920, 8.3, 24, 杀夫
04884966, 7.8, 32, 教授為什麼沒告訴我 (2010全見版)
01417912, 7.0, 59, 書房的16種遊戲
01389197, 8.0, 28, 迷藥
04317596, 8.6, 20, 紅樓夢西游記
04922527, 8.0, 27, 有貓在歌唱
01383536, 7.8, 30, 清代西北回民事變
26028034, 7.8, 30, 列寧的墳墓：一座共產帝國的崩潰（下卷/全兩冊）
03010586, 9.5, 13, 自己幹文化：九零年代的派對與革命
26960736, 8.7, 18, 從「請封」到「自封」
03072398, 8.0, 26, 帝国主义
01364101, 8.0, 25, 好书太多，时间太少
01362099, 8.6, 18, 班雅明作品選
01368348, 8.3, 20, 是或一點也不
01342542, 8.2, 21, 波灣戰爭不曾發生
01850033, 7.6, 30, 采花贼的地图
01384345, 6.9, 51, 慾望巴黎
34098734, 6.5, 74, 吃好，喝好，日子过好
01831564, 8.7, 16, 裙子底下的劇場
06900663, 8.7, 16, 台灣新文學史
03941695, 6.9, 48, 本性难移
03649895, 8.0, 22, 晚宋朝臣對國是的爭議
02335268, 7.5, 29, 世间女子
30419535, 8.7, 15, 田野的技藝
01367825, 8.8, 14, 夏日踟躇
03111740, 7.8, 23, 關電台司令什麼事啊
05355493, 7.8, 23, 大河盡頭（下卷：山）
01007880, 7.1, 36, 穿越仇恨的黑暗
01388212, 8.0, 20, 魯迅·朱光潛·陳映真
01332546, 8.3, 17, 星星的孩子
26648259, 8.3, 17, 怪獸大師圓谷英二
01367796, 7.8, 22, 麥克風試音
20451945, 9.6, 10, 明清檔案文書
03056267, 7.6, 24, 漫画教学后天美女养成班——magic保养书
01338089, 8.1, 18, 論博物館學
10559781, 7.3, 29, 當代史學研究的趨勢、方法與實踐
03808880, 7.8, 21, 我當黑幫老大的一天
05260169, 7.8, 21, 如何寫歷史
01862081, 6.5, 55, 尚未打烊
27001401, 8.4, 15, 食光記憶
10543658, 7.4, 26, 慢行。不丹
01471462, 8.0, 18, 動物園台灣出巡
05421014, 9.4, 10, 基層官僚
26891674, 9.4, 10, 古史辨運動的興起（修訂版）
30393398, 8.2, 16, 考現學入門
01903176, 8.3, 15, 二十世紀的巴黎
30285197, 7.8, 18, 織巢
06717473, 7.7, 19, 唐代藩鎭與中央關係之研究
04891114, 7.9, 17, 時空旅行社
05283652, 7.6, 20, 小電影學
03836217, 6.9, 32, 啊﹗這就是香港
01409237, 6.5, 44, 香港骑士
30168213, 8.4, 13, 琉球的時代
27065685, 8.8, 11, 從舞臺邊緣走向中央
30280579, 8.3, 13, 神國日本荒謬的決戰生活
01336699, 7.8, 16, 聽說
01163768, 6.4, 43, 彩虹公主
01352707, 8.4, 12, 年鑑學派管窺
02125301, 7.1, 24, 大人的旅行記錄法
30165624, 7.7, 16, 中東心臟
02978152, 8.1, 13, 博物館就是劇場
10537493, 5.1, 240, 白玉雕龙
04050681, 6.5, 35, 不一样的景观
04714028, 7.4, 18, 微憂: 那些無事在台北走路時想起的小事
26968887, 8.0, 13, 好色一代男
27104939, 8.0, 13, 民國乎？軍國乎？
02972758, 7.8, 14, 哈佛諾頓講座之大師與門徒
04838125, 7.8, 14, 文學與神明
26655806, 7.4, 17, 《清明上河圖》與北宋城市化
03806343, 7.5, 16, 致同代人
04820941, 7.5, 16, 無巧不成書
26949813, 7.5, 16, 北韓非請勿入區
20366869, 7.4, 16, 傅柯：危險哲學家
01340749, 7.6, 14, 建築電影學
04231493, 6.5, 26, 不是米芝蓮
26352846, 7.7, 12, 我與紅色高棉
30189751, 7.6, 12, 好音樂的科學 II
10801187, 8.0, 10, 我在MIT燃燒物理魂
01963556, 7.1, 15, 說書人：閱讀與評論合集
01981287, 7.6, 11, 這種問題你也敢問
01347966, 6.9, 16, 35種健康米飯煮法
04749231, 6.9, 16, 序類之關於
01036262, 5.4, 35, 雪天使
02062898, 0.0, 10, 海東青(新版)
03986167, 0.0, 10, 往事如真II 忘記他
34960351, 0.0, 10, 獻給虛無的供物
01348128, 0.0, 11, 現象學導論 
01759452, 0.0, 11, 嗨！克莉特絲
03244557, 0.0, 11, 清朝前期的文化政策
03724161, 0.0, 11, 文化载具：博物館的演進腳步
30345465, 0.0, 11, 日軍檔案中出現的平型關大捷
01947157, 0.0, 12, 没有故事的故事
01336584, 0.0, 13, 北歐:湖與童話繽紛的王國(彩圖版)
30270581, 0.0, 14, 啟蒙、理性與現代性
20470126, 0.0, 18, 夢想晚典名
