2020-07-05 16:00:09

number of books, tag name
82, 游历

ID, rating, votes, title
01060068, 9.2, 79452, 撒哈拉的故事
02035162, 9.0, 55001, 刀锋
01045818, 8.5, 105806, 苏菲的世界
01016003, 8.1, 153080, 鲁滨逊漂流记
03604517, 9.3, 14974, 撒哈拉的故事
01063190, 8.0, 32199, 蔷薇岛屿
01056461, 8.3, 18402, 旅行的艺术
01917972, 7.8, 45237, 在路上
01049219, 7.4, 81904, 长安乱
01312333, 8.2, 16342, 蔷薇岛屿
01490048, 8.7, 6023, 昆仑6
02988943, 8.3, 10678, 青灯
04906101, 8.4, 8452, 一个人旅行2
01075538, 8.2, 11561, 普罗旺斯的一年
06516050, 8.2, 7115, 搭车去柏林
01999519, 9.2, 1689, 三毛全集
03267934, 8.5, 3094, 日本四季
01008732, 8.4, 3463, 失败之书
05264779, 7.4, 17983, 背包十年
11506941, 7.9, 5400, 我们始终牵手旅行
01012039, 8.1, 3968, 我的视觉日记
01060723, 8.0, 4399, 重返普罗旺斯
01287823, 7.8, 5895, 千年一叹
01144385, 7.8, 5628, 镜花缘
03065232, 8.0, 4036, 藏地白皮书
27006467, 8.1, 3350, 浮生六记
27203505, 8.4, 1772, 从大都到上都
03306209, 8.5, 1554, 雪域求法记
20267987, 7.4, 6002, 孤独美食家
01060931, 8.5, 944, 幽黯国度
02381093, 7.4, 4383, 一辈子做女孩
01223780, 8.8, 562, 陌生的阿富汗
01032571, 8.7, 543, 沿着塞纳河到翡冷翠
01876807, 9.2, 277, 中国的西北角
03924138, 7.2, 2402, 行走台湾
01032736, 7.8, 894, 咖啡苦不苦？
04105422, 7.9, 773, 看不见的大陆
06805144, 8.1, 603, 老巴塔哥尼亚快车（套装上下册）
05299847, 7.9, 700, 与全世界做生意
11614288, 7.2, 1769, 我们为什么旅行
04934770, 7.5, 999, 美国也荒唐
06431238, 6.9, 2538, 一个人私奔
04922599, 9.1, 150, 撒哈拉故事
04236926, 8.1, 344, 的里雅斯特
02038036, 7.7, 515, 普罗旺斯写真集
27124094, 8.3, 193, 老残游记
03136257, 8.3, 185, 柏林，亚历山大广场
05910922, 7.2, 522, 狐狸尾巴
06889524, 7.2, 514, 慢漫京都
26276398, 6.9, 764, 自在的旅行
05917080, 8.1, 184, 千茗列传（1、2）
06396608, 7.9, 147, 我读天下无字书
24545046, 8.1, 123, 天行轶事-壹
01041428, 8.3, 83, 一册山河
10439823, 8.2, 82, 少年台灣
01870180, 7.5, 91, 感受印度
26299317, 7.4, 97, 里台湾
06146581, 6.8, 166, 慢慢走
25895701, 7.7, 44, 寻路非洲
03250136, 7.0, 68, 朝圣
26676512, 7.7, 37, 威尼斯——逝水迷城
01057626, 7.8, 34, 欧洲大陆-异域风情丛书
01199574, 8.1, 28, 土耳其
01150542, 8.0, 23, 瑞典
02075931, 7.3, 34, 尼罗河畔随想
21337909, 8.0, 15, 三春七秋
20442593, 8.1, 14, 一个背包客的光影六城记
01838064, 7.7, 15, 葡萄牙
01262227, 7.5, 16, 挪威
01010274, 8.0, 12, 法国
01145634, 6.4, 30, 越南
01193143, 7.5, 14, 英国
02984481, 7.5, 14, 消逝中的风情-京城胡同
01013110, 7.3, 15, 加拿大
01046231, 7.5, 13, 奥地利
01106203, 7.8, 11, 南美洲
01196765, 7.6, 11, 西班牙（第二版）——异域风情丛书
02306911, 7.1, 13, 尼泊尔
01097597, 7.2, 12, 韩国
01262226, 7.5, 10, 欧洲大陆
03049876, 6.4, 11, Across China on Foot
02317842, 0.0, 10, 乾隆江南地图
