2020-07-05 16:00:09

number of books, tag name
889, 游记

ID, rating, votes, title
01361264, 9.0, 186403, 撒哈拉的故事
01060068, 9.2, 79452, 撒哈拉的故事
26954760, 8.8, 149139, 月亮与六便士
06710437, 9.3, 50260, 撒哈拉的故事
02070844, 8.8, 76292, 梦里花落知多少
33440205, 8.9, 60949, 你当像鸟飞往你的山
05414391, 9.0, 41467, 寻路中国
01029111, 8.9, 44655, 哭泣的骆驼
07060185, 9.0, 37398, 江城
01036490, 8.8, 34554, 万水千山走遍
02136140, 8.7, 40390, 雨季不再来
03604517, 9.3, 14974, 撒哈拉的故事
02068249, 9.1, 15389, 温柔的夜
03607117, 8.9, 14587, 稻草人手记
01692648, 8.9, 11766, 一个人的村庄
01001885, 8.5, 21774, 带一本书去巴黎
01050339, 7.7, 77673, 文化苦旅
01760548, 9.2, 6126, 三毛作品集
30183051, 8.3, 21601, 鱼翅与花椒
26997048, 9.1, 6213, 撒哈拉的故事
01063190, 8.0, 32199, 蔷薇岛屿
01056461, 8.3, 18402, 旅行的艺术
01962923, 8.6, 11345, 西班牙旅行笔记
04618225, 8.2, 21767, 不去会死！
06712255, 8.9, 7158, 天真的人类学家
03698398, 9.0, 6036, 万水千山走遍
01065239, 8.6, 10523, 我的宝贝
26610864, 8.1, 24036, 浮生六记
02376570, 9.3, 3936, 浪漫的逃亡
02136133, 9.0, 5695, 万水千山走遍
05366382, 8.8, 7442, 夜航西飞
24922716, 8.9, 6346, 阿勒泰的角落
06558706, 8.9, 5973, 温柔的夜
01312333, 8.2, 16342, 蔷薇岛屿
01056868, 8.5, 9931, 河童旅行素描本
19940743, 8.1, 17872, 文化苦旅
01032645, 8.6, 7939, 窥视印度
01361263, 9.0, 4357, 哭泣的駱駝
06558705, 8.5, 8598, 雨季不再来
25753361, 8.6, 7287, 最好金龟换酒
06558709, 8.6, 6988, 万水千山走遍
01907199, 8.6, 6902, 扫起落叶好过冬
11602267, 8.9, 4321, 羊道·春牧场
01393447, 9.1, 3338, 忧郁的热带
25920202, 8.6, 6431, 泛若不系之舟
03765620, 8.7, 5494, 在漫长的旅途中
04906101, 8.4, 8452, 一个人旅行2
01075538, 8.2, 11561, 普罗旺斯的一年
11602265, 9.1, 3049, 羊道·前山夏牧场
01054889, 7.7, 26356, 行者无疆
03566368, 8.2, 10649, 空谷幽兰
01933931, 8.7, 4959, 沿着塞纳河到翡冷翠
11602263, 9.1, 2929, 羊道·深山夏牧场
02258803, 8.3, 8442, 一個人去旅行
01079838, 8.7, 4629, 湘行散记
06125543, 9.1, 2515, 北方的空地
03905366, 7.8, 16450, 迟到的间隔年
01020241, 7.6, 23825, 千年一叹
22883503, 9.1, 2378, 夜航西飞
01382829, 8.6, 4388, 萬水千山走遍
01828090, 9.2, 2027, River Town
04131380, 9.1, 2253, 忧郁的热带
05366278, 7.9, 12255, 走吧，张小砚
01130367, 8.9, 2779, 艽野尘梦
06516050, 8.2, 7115, 搭车去柏林
07064313, 7.7, 16545, 突然就走到了西藏
01025243, 8.4, 5208, 雨季不再来
05290370, 8.6, 3822, 禅的行囊
01902628, 8.3, 5841, 空谷幽兰
06131589, 8.6, 3409, 普罗旺斯的一年
06126821, 8.4, 4312, 远方的鼓声
01962409, 8.3, 4893, 不去会死！
01070685, 8.1, 6566, 永远的普罗旺斯
05275500, 7.7, 12846, 尘曲
04208780, 8.1, 6287, 流浪集
01129216, 9.0, 1865, 天真的人类学家
01119590, 8.1, 6064, 老残游记
01010898, 7.7, 11779, 格列佛游记
34889883, 8.7, 2504, 云游
01010888, 8.4, 3615, 一路走来一路读
01041414, 8.6, 2739, 威尼斯日记
27116878, 9.4, 1053, 羊道三部曲(共3册)
05264779, 7.4, 17983, 背包十年
06846465, 8.6, 2521, 罗摩桥
03332661, 9.2, 1233, 中国景色
01937939, 8.3, 3635, 河童杂记本
06815827, 8.3, 3525, 我的宝贝
05336240, 8.4, 3060, 异乡记
03830729, 9.1, 1265, Country Driving
30177173, 7.9, 6141, 假如真有时光机
03759806, 8.3, 3350, 西藏一年
24671183, 8.2, 3858, 藏地白皮书·十年爱情见证版
26700104, 8.5, 2548, 穿越百年中东
10485696, 7.6, 10123, 我就是想停下来，看看这个世界
03658090, 8.6, 2186, 旅行的艺术
01223575, 7.8, 6608, 文化苦旅
01888031, 7.8, 6186, 格列佛游记
03255922, 8.9, 1367, 湘行散记
01060723, 8.0, 4399, 重返普罗旺斯
06829323, 7.9, 5121, 我，睡了，81个人的沙发
04820214, 8.6, 1863, 印度走着瞧
25719513, 8.7, 1620, 西班牙旅行笔记
01144385, 7.8, 5628, 镜花缘
04817396, 8.7, 1588, 云南
03065232, 8.0, 4036, 藏地白皮书
03223552, 7.8, 5261, 转山
26828349, 8.1, 3176, 东北游记
01884249, 8.0, 3596, 当我们旅行
02137719, 9.1, 917, 撒哈拉的故事
01482502, 8.6, 1555, Pyongyang
01035165, 9.2, 803, 忧郁的热带
01438461, 7.8, 4393, 窥视日本
20379760, 7.9, 3757, 我亦飘零久
05998988, 9.2, 745, 尋路中國
01785512, 8.3, 2022, 漫卷西风
27203505, 8.4, 1772, 从大都到上都
03306209, 8.5, 1554, 雪域求法记
27074861, 7.0, 17251, 东京一年
26831788, 7.8, 3949, 旅行与读书
04137276, 9.4, 565, 结起点亦是终点
01081778, 9.6, 463, 李太白全集（全三册）
05397044, 8.2, 2084, 蓝色天堂
10554464, 8.2, 2080, 去他的巴西
07067934, 7.7, 4323, 打工旅行
01785508, 8.2, 1995, 今晚去哪里
01050407, 8.6, 1200, 我从战场归来
06802371, 8.0, 2581, 一个游荡者的世界
06826619, 8.2, 1948, 大中东行纪
01963229, 8.6, 1181, 东南亚
03805407, 8.4, 1496, 美国走着瞧
26587564, 8.1, 2144, 我已与一万亿株白桦相逢
01068907, 7.8, 3300, 如果我们的语言是威士忌
30230907, 8.7, 1014, 活山
04920062, 7.3, 7483, 别跟我说你懂日本
19956264, 8.3, 1577, 谷岳搭车去柏林
10548515, 9.2, 580, 消失中的江城
06872434, 7.5, 4963, 最好的时光在路上
10834769, 7.7, 3545, 门外汉的京都
01812223, 7.6, 4106, 消失的地平线
01082694, 7.9, 2536, 柬埔寨五月盛放
05914563, 8.1, 1907, 边走边啃腌萝卜
25918820, 7.6, 3986, 吴哥之美
26214729, 8.6, 1010, 如果我能说了算
06967496, 8.2, 1563, 不去吃会死
03410812, 7.4, 5185, 死在这里也不错
06084703, 7.3, 6153, 独立，从一个人旅行开始
26303593, 8.4, 1201, 三个胡安在海边
04908871, 7.8, 2641, 用洗脸盆吃羊肉饭
02333837, 7.9, 2250, 雨天炎天
25787364, 8.3, 1310, 京都古书店风景
01785502, 7.9, 2219, 咖啡苦不苦
27037182, 8.6, 908, 纽约无人是客
06126817, 7.9, 2187, 边境 近境
01047608, 8.1, 1620, 藏地牛皮书
26921196, 8.8, 682, 北京的城墙与城门
01060931, 8.5, 944, 幽黯国度
26325605, 8.4, 1044, 威尼斯日记
26591565, 8.1, 1489, 香港重庆大厦
01065264, 7.7, 2519, 格列佛游记
03550093, 8.3, 1114, Three Cups of Tea
05260232, 8.2, 1238, 托斯卡纳艳阳下
25748016, 8.8, 619, 带一本书去巴黎
02155525, 8.4, 953, 尼泊尔
05409459, 8.0, 1545, 摩托日记
25743459, 7.8, 2032, 如果我们的语言是威士忌
21979064, 7.3, 4479, 等风来
02969749, 8.3, 1047, 巴黎手记
10537645, 8.4, 917, 岛屿书
01019743, 8.2, 1148, 重返巴格达
03068550, 7.7, 2244, 希腊
26480625, 8.1, 1272, 午夜降临前抵达
20256471, 8.5, 776, 永远的普罗旺斯
01223780, 8.8, 562, 陌生的阿富汗
03665961, 8.2, 1093, 客厅里的绅士
03933045, 8.7, 621, 旅途上的建筑
25943374, 8.6, 689, 沿着塞纳河到翡冷翠
01083161, 8.4, 859, 风险投资家环球游记
01850861, 8.0, 1399, 托斯卡纳艳阳下
20258503, 8.4, 853, 土摩托看世界
26708780, 7.5, 2870, 非洲三万里
20434038, 8.2, 1070, 幽暗国度
03826575, 7.8, 1796, “小不列颠”札记
01401851, 7.9, 1543, 我的诺曼底
20383607, 8.1, 1184, 千年一叹
01939594, 7.6, 2287, 京都一年
04933087, 7.2, 4387, 机场里的小旅行
30396656, 8.2, 989, 万人如海一身藏
21690414, 7.7, 1907, 在中国屏风上
25726145, 8.5, 686, 一路走来一路读
06128129, 8.0, 1241, 带上灵魂去旅行
03171313, 8.3, 845, 普罗旺斯·山居岁月
01032571, 8.7, 543, 沿着塞纳河到翡冷翠
01058514, 8.1, 1066, 180°以外
25804649, 7.5, 2389, 无知的游历
03689121, 8.4, 728, 美国
26847517, 8.7, 529, 在缅甸寻找乔治·奥威尔
01968295, 8.3, 801, 柬埔寨
06556332, 7.8, 1494, 旅行，人生最有价值的投资
27025767, 8.0, 1131, 津轻
05423785, 8.1, 995, 千年繁华
26365963, 8.4, 699, 作家笔记
01055199, 8.2, 871, 万里无云
01024810, 8.0, 1090, 印度：受伤的文明
05408843, 7.7, 1600, 旅行从客房开始
01040351, 8.4, 663, 印度：百万叛变的今天
25283615, 8.8, 435, 萨哈林旅行记
03191866, 8.1, 904, 杜甫的五城
04137178, 8.2, 800, 北极光
34613713, 9.1, 317, 给仰望者的天文朝圣之旅
25810830, 8.1, 876, 第一次一个人旅行
02280575, 8.7, 448, 大唐西域记
04836688, 7.4, 2243, 最危险的厕所和最美丽的星空
26924986, 7.9, 1092, 明天我要去冰岛
01012956, 8.5, 541, 丰饶的苦难
27076521, 8.4, 580, 流学的一年
01288895, 9.0, 322, 在乌苏里的莽林中
34869787, 8.6, 464, 独居冰岛的一年
01075764, 7.8, 1167, 我在美国当农民
27099027, 7.9, 1023, 自由与爱之地
04582325, 7.5, 1766, 窥视欧洲
26357251, 8.5, 507, 窥视印度
01027343, 7.5, 1744, 窥看欧洲
06808159, 8.0, 879, 千年一叹
24748570, 8.6, 451, 走出非洲
25818124, 8.2, 686, 翡翠岛编年
04130157, 9.4, 217, 忧郁的热带
06794354, 8.1, 735, 诺阿诺阿
04924857, 7.1, 2980, 每一次相遇都是奇迹
04849378, 8.7, 370, 世界
25880420, 7.7, 1153, 少林很忙
30309619, 8.2, 618, 威尼斯日记
25934263, 8.7, 368, 土摩托看世界Ⅱ
05338827, 8.1, 688, 空谷幽兰
01095834, 8.6, 400, 真腊风土记校注
03560233, 9.0, 276, 徐霞客游记
11445372, 8.2, 607, 是非洲
01035926, 8.1, 676, 今晚去哪里？
20383609, 7.9, 859, 行者无疆
24737039, 8.0, 747, 客厅里的绅士
27096958, 8.4, 476, 破冰北极点
07052624, 7.3, 1862, 辞职，去旅行！
01438914, 8.4, 450, 奥州小道
01761571, 8.3, 498, Eat
26857021, 8.2, 550, 愿上帝保佑法兰西厨子
03303213, 7.1, 2481, 让我去那花花世界
20283087, 7.8, 880, 十年徒步中国
06805144, 8.1, 603, 老巴塔哥尼亚快车（套装上下册）
30187222, 8.9, 267, 夜航西飞
06731445, 7.9, 744, 巴黎，很烦人
01023907, 8.3, 464, 我在美丽的日本
25697790, 8.6, 341, 印度：百万叛变的今天
26995855, 8.2, 508, 万水千山走遍
01083446, 8.6, 337, 麦哲伦航海纪
30172061, 9.2, 199, 夏日走过山间
11443072, 7.8, 801, 三国志男
01093295, 8.9, 253, 欧洲在发酵
01052245, 8.7, 301, 访苏归来
04256223, 7.8, 793, 西班牙主题变奏
05264468, 7.7, 886, 东西莫辨逛欧洲
05395169, 8.1, 533, 奥州小路
20386247, 7.2, 1753, 趁，此身未老
03316185, 8.0, 590, 失落的大陆
27121479, 7.9, 654, 中国游记
06845414, 6.5, 6292, 去，你的旅行
03696228, 7.6, 936, 一次旅行遇见整个世界
04876949, 8.0, 566, 东搬葡萄西班牙之东一脚
26253714, 7.7, 808, 在西伯利亚森林中
02969117, 8.2, 449, 轉山
25748014, 8.4, 359, 扫起落叶好过冬（第二版）
26884467, 8.1, 491, 我甚至希望旅途永无止境
04583113, 6.7, 3811, 四手联弹
01559380, 8.8, 243, 徐霞客游记
01763434, 8.6, 289, 余纯顺孤身徒步走西藏
27613258, 9.0, 202, 土摩托看世界
05986543, 7.4, 1142, 11元的铁道旅行
26610903, 8.5, 314, 旅行人信札
10515312, 8.5, 311, 书店风景
01268594, 8.5, 310, 旅行人信札
26841614, 7.6, 846, 雨天 炎天
26775352, 8.1, 456, 水印
01754676, 8.0, 509, 赭城
26948175, 7.7, 729, 美洲小宇宙
27122365, 7.9, 566, 秦淮之夜
34872741, 8.2, 403, 印尼 Etc.
26422097, 7.6, 803, 这就是台湾
20645160, 8.3, 356, 一路向南·拉美篇
11589942, 7.4, 1041, 非洲十年
25876615, 8.3, 353, 信徒的国度
04208773, 8.0, 478, 伦敦画记
06759253, 7.4, 1015, 背包十年
34781750, 8.4, 311, 沿着季风的方向
27034274, 8.2, 378, 安第斯山脉的生与死
21329337, 8.5, 279, 深夜特急
01441803, 8.2, 373, 爱尔兰日记
04873796, 7.6, 748, 沙发旅行
04742972, 7.4, 963, 敦煌之旅
20003449, 8.1, 402, 战地行纪
10574746, 7.4, 945, 自在台湾
27120282, 8.2, 361, 寻路阿富汗
25887970, 8.7, 224, 我们的普世文明
10488583, 8.8, 202, 大唐西域记
03174527, 8.6, 238, 沿着古代中亚的道路
26693083, 8.0, 431, 说吧，叙利亚
26315075, 7.1, 1409, 岛屿来信
20645163, 7.2, 1173, 停在新西兰刚刚好
34429255, 8.1, 375, 非洲小札
24718653, 8.1, 370, 杜甫的五城
21321804, 8.2, 329, 千年一叹
26871303, 7.6, 647, 寻人不遇
02011778, 7.6, 644, 中国游记
24732948, 8.5, 244, Lonely Planet：尼泊尔
06794198, 8.6, 222, 老广新游
05984020, 7.4, 830, 温柔的路途
25716134, 7.6, 632, 印度，漂浮的次大陆
01066538, 8.0, 394, 万叶集
11522916, 8.9, 168, 格兰特船长的儿女们
26386378, 7.4, 801, 文化不苦旅
02073035, 8.9, 166, 萨哈林旅行记
04236926, 8.1, 344, 的里雅斯特
01737324, 7.6, 599, 中国游记
30358504, 8.7, 191, 当我在一个仲夏清晨出走
20509853, 8.0, 365, 深夜特急
01084365, 8.3, 267, 维也纳情感
01419710, 9.0, 146, 亚洲腹地探险八年
34432928, 9.5, 102, 靈魂冒險王
01465067, 8.6, 201, A Walk in the Woods
04278250, 9.6, 95, Provence Sketchbook
05353256, 8.3, 262, 世界上最糟糕的旅行
19973695, 6.8, 1827, 再不远行，就老了
04934719, 7.9, 389, 林依晨．美好的旅行
01817681, 6.4, 3847, 再穷也要去旅行
01062745, 8.4, 232, 苦修者的圣地
21734703, 8.0, 343, 失业之旅
04729548, 7.7, 473, 跟云门去流浪
01028230, 8.3, 248, 茫茫转经路
30247391, 8.2, 273, 老巴塔哥尼亚快车
34948397, 8.3, 242, 巴黎记
33446318, 7.5, 580, 秘境
20392561, 7.7, 454, 非洲的假面剧
25662404, 8.4, 218, 旅行，人生最有价值的投资2
26983043, 8.0, 320, 世界如锦心如梭
03182981, 8.6, 181, 阿尔罕伯拉
20273449, 8.9, 141, 走遍全球
07154682, 7.3, 729, 绕着地球去旅行
26683416, 9.4, 98, 西班牙旅行笔记
26309123, 6.9, 1320, 近在远方
33436279, 7.3, 699, 游荡集
03677999, 9.1, 116, 中亚手绘旅行
24697395, 8.3, 222, 深夜特急3
01154561, 7.9, 330, 抵达之谜
10539528, 7.2, 760, 黄河之旅
01083467, 7.7, 399, 中国之旅
04324566, 7.6, 448, 风转西藏
01215301, 8.4, 194, 情牵叙利亚
02139204, 7.2, 742, 天使坠落的城市
01059168, 8.6, 158, 北欧纪行
25734430, 8.1, 247, 理想国度
01905286, 7.3, 616, 偶尔远行
05245627, 8.3, 202, 東京．村上春樹．旅
26352276, 8.0, 269, 重访加勒比
26108431, 8.1, 237, 世界是我念过最好的大学
02149703, 7.5, 454, 大海与撒丁岛
26827326, 8.3, 195, 行走在非洲丛林
26727130, 8.8, 128, 西亚走着瞧
34984904, 8.8, 128, 穿越非洲两百年
21427943, 8.2, 212, 我在印度住了五年
24859803, 7.7, 351, 懒人瑜伽
01986109, 8.5, 160, 亚洲腹地旅行记
26882312, 8.4, 174, 我有一切的美妙
25844243, 8.2, 208, 山河之书
03266374, 9.1, 100, 三怪客泛舟记
25917842, 7.1, 737, 咖啡苦不苦
26775607, 7.0, 851, 我是爬行者小江
25891770, 7.8, 306, 空谷幽兰
25816576, 7.7, 336, 流浪者的乡愁
11537699, 7.0, 821, 印度，去十次都不够
26338006, 8.0, 242, 意大利的黄昏
30335334, 7.3, 533, 不租房的606天
25802926, 7.9, 262, 带着偏见上路
04735710, 8.1, 212, 牛津画记
01658265, 8.4, 161, 南行记
04208772, 7.8, 286, 爱丁堡画记
25932135, 8.9, 108, 津輕
26586452, 8.3, 175, 失落的南方
01341105, 8.2, 190, 邊境．近境
27087676, 7.4, 443, 柬埔寨旅人
30255668, 7.3, 501, 全民蠢萌的美国
26917821, 8.5, 143, 禅的行囊
34821732, 7.7, 298, 酒鬼与圣徒
11520543, 8.0, 217, 宅不宅之玩转东京
01852959, 8.3, 164, 欧游心影录 新大陆游记
27081995, 8.7, 118, 意大利古建筑散记
26685892, 8.6, 127, 忧乐为天下
06114312, 7.7, 292, 從北京到台灣
01421792, 8.2, 175, Notes from a Small Island
26702143, 8.8, 105, 旅食与文化
26990033, 7.5, 350, 空谷幽兰
30299532, 8.2, 169, 在西伯利亚森林中
26276398, 6.9, 764, 自在的旅行
06856709, 8.6, 120, 亚洲腹地旅行记
01071604, 7.8, 247, 波伏瓦美国纪行
34781357, 7.8, 247, 巫医、动物与我
30406506, 7.5, 342, 大风向野
26661292, 9.1, 83, 追火车
02175168, 8.2, 165, 燕山楚水
27121016, 8.8, 101, 随希腊众神去探险
33518576, 8.2, 163, 京都解剖书
26848033, 8.4, 136, 杜威家书
30177716, 7.4, 370, 我在印度的701天
25982610, 8.2, 160, 神的孩子都要去西藏
25889953, 8.1, 175, 古道
01344288, 7.7, 258, 如果我們的語言是威士忌
03621873, 8.3, 145, 老挝
06791953, 7.9, 208, 80天环游世界
26716284, 8.4, 132, 騎乘鐵公雞：搭火車橫越中國
30196965, 7.4, 356, 只有时间知道
26817233, 7.5, 314, 花与泪与河流
30322377, 7.5, 313, 文学履途
01427988, 8.5, 119, Notes from a Big Country
02129060, 9.0, 81, 西班牙像一本書
03101028, 7.4, 336, 海德堡语丝
30241943, 8.2, 148, 东方游记
26929808, 7.7, 235, 你說，寮國到底有什麼？
01141935, 8.1, 159, 游荡与闲谈
33429211, 8.0, 172, 一入再入之红
27194614, 7.6, 255, 死在这里也不错
01039646, 8.1, 155, 万里行记
30263569, 8.0, 169, 幽暗国度
20470158, 8.8, 88, 老巴塔哥尼亞快車
01809529, 8.1, 151, 马可波罗行纪
01898718, 8.5, 108, 京都一年
27108959, 8.1, 150, 杜甫的五城
26640167, 8.0, 163, 总有一段时光，虚度在江南
33442274, 8.1, 148, 寻隐日本
26838657, 7.2, 385, 传奇在路上
30242335, 9.0, 74, 春满北国
27609226, 7.8, 195, 一个乐观主义者在美国
03074026, 8.0, 160, 我的留学记
26253713, 8.0, 158, 爱尔兰之旅
26836487, 8.4, 112, 李希霍芬中国旅行日记
05326888, 8.1, 143, 歌之版图
27030322, 8.4, 111, 惊心动魄的17天
01416177, 8.0, 155, 一面沿途漫步的镜子
19941520, 7.4, 286, 说走就走
01168987, 7.7, 202, 布拉格给我一个微笑
02336289, 8.9, 74, 徐霞客遊记
26787948, 8.0, 149, 不止信仰
26929186, 8.0, 149, 非洲归来  不必远方
21321793, 7.5, 242, 波特哈根海岸
25863529, 8.4, 104, 一步一世界
07162508, 6.5, 940, 孤独要趁好时光
33379081, 9.3, 56, 秋野拾零
27121476, 8.2, 121, 禹域鸿爪
25881603, 7.2, 334, 三千佛塔烟云下
01480988, 7.5, 235, 日本魅影
02027292, 7.3, 294, 刹那樱花
20472859, 7.3, 294, 我看到的世界和你们不一样
26849480, 7.7, 189, 捕梦之乡
27085984, 8.6, 87, 远方不远
04843273, 7.9, 154, 倾听俄罗斯
20374768, 8.0, 140, 火车大巴扎
26929807, 8.0, 140, 你說，寮國到底有什麼？（精裝版）
27005544, 8.0, 139, 亚洲腹地旅行记
33379060, 9.0, 65, 夏游记趣
27616952, 7.8, 165, 印度放浪
02129193, 8.0, 137, China Road
25901715, 8.4, 98, Lonely Planet 孤独星球：青海（2014年版）
03191244, 7.6, 199, 鲜花的废墟
30302031, 8.3, 105, 去北地，再去北地
10426453, 7.6, 195, 寻味日本
26390018, 8.5, 88, 从东方到西方
26372715, 8.0, 132, 没有岁月可回头：新西兰的日与夜
25741245, 7.3, 267, 再不远行，就老了2
01866152, 7.7, 173, Shenzhen
02265843, 7.4, 237, 布拉格：一座城市的幽暗记忆
04165802, 7.0, 384, 我只是没有能力过我不想过的生活
11520544, 7.7, 172, 宅不宅之暴走香港
05377670, 8.6, 80, 菲律宾
07175411, 8.0, 128, 偏跟山过不去
11505557, 7.9, 139, 我们的国家公园
03248341, 7.5, 206, 搭地铁玩香港
27118775, 7.3, 255, 一个人去东京
26916620, 7.4, 227, 江南之旅
03241656, 8.5, 83, 風行東京
30466458, 8.5, 83, 在南极的500天
02999595, 8.1, 112, 太平洋的风-薛之谦旅行照相本
02261203, 7.1, 312, 中国最美的100风情小镇
10603546, 6.9, 401, 欧游散记
10945348, 8.3, 93, 拉布拉多鸭的诅咒
34830074, 8.3, 92, 沿坟墓而行
33447952, 7.1, 298, 问彼嵩洛
26920067, 7.6, 168, 通往印度次大陆
25843172, 6.4, 803, 人生终要有一场触及灵魂的旅行
25835392, 7.4, 205, 西欧思想游记
01478542, 8.5, 77, 天竺旧事
26258165, 8.1, 103, 自游日本
27196538, 7.4, 199, 把东京装进美术馆
26340272, 7.1, 280, 我的旅行方式
26898513, 8.6, 70, 我的探险生涯 I
25736557, 6.8, 406, 宋茜的港澳随笔
01766378, 7.9, 119, 巴黎印象记
27045490, 8.0, 109, 流浪到故乡
26641785, 7.3, 212, 路上有微光
27036650, 8.8, 59, 千年一叹
20470739, 8.5, 72, 書店時光
30296423, 8.2, 90, 母女同游美利坚
26280119, 8.0, 106, 巴塔哥尼亚高原上
21971619, 8.9, 55, 浮士德-全2册
26884140, 9.5, 39, 智慧七柱Ⅱ
02112115, 7.2, 234, 意大利是个小地方
01779257, 7.0, 297, 苏联祭
01370298, 9.7, 35, Tristes Tropiques
01035284, 8.2, 89, 心智的风景线
04729581, 8.2, 89, 利玛窦中国札记
25774832, 8.3, 82, 100年前西藏独行记
01752608, 9.1, 48, 太阳号草船远征记
01061490, 7.8, 124, 丰子恺游记
27186793, 7.7, 136, 温柔的路途
34454807, 8.0, 104, 满世界
06559166, 6.7, 436, 三毛台北地图
30432492, 7.6, 148, 旅行
25733155, 6.8, 372, 丝绸之路
25834004, 8.2, 86, 苦行孤旅
26109167, 8.2, 86, 欧游心影录
24395468, 7.0, 282, 从北京到台湾-这么近.那么远
27662742, 7.2, 220, 一念桃花源
26889844, 6.8, 363, 非洲手记
01750140, 8.2, 85, 斯坦贝克俄罗斯纪行
26910470, 8.4, 73, 徒步进藏
02266439, 8.0, 98, 绕道去圣地亚哥
02982433, 8.0, 98, 二十岁的巴黎
26244051, 8.6, 62, 新疆词典
01317843, 8.7, 58, 见闻札记
27123532, 7.6, 138, 中国色彩
25841382, 7.3, 187, 人生就是边玩边学
27613316, 6.8, 342, 蒙古国纪行
25879662, 7.3, 186, 追星81天
27614636, 8.1, 88, 美国深南之旅
26586436, 7.3, 185, 威尼斯是一条鱼
30138222, 9.2, 42, 在乌苏里的莽林中
26327545, 7.5, 149, 不朽的远行
26594072, 7.4, 165, 阿尔萨斯的一年
26435489, 7.2, 204, 星期三的神明
10793844, 8.4, 69, 看得见的湖声
21321797, 8.0, 93, 千年一叹
22741368, 7.9, 101, 探险途上的情书
06439973, 7.5, 146, 抠门小妞的欧洲穷游记
26202482, 7.0, 253, 藏在这世界的优美
26341426, 8.0, 91, 世界：半个世纪的行走与书写
03675780, 8.4, 67, 发现另一个湖南·溯水行
01228866, 7.7, 117, 马可波罗游记
20391402, 7.9, 98, 屐痕处处
04747138, 7.3, 173, 都与京
01024023, 8.5, 61, 库车行
27204301, 8.3, 70, 寂静苍穹下
34840702, 8.7, 53, 罩袍之刺
03711194, 7.0, 232, 坐火车游盛唐
03503859, 8.7, 52, 1910
01061194, 7.6, 121, 英格兰玫瑰村庄
30219068, 8.2, 73, 别列津纳河
01101638, 9.0, 43, 浪迹中国
04545291, 7.9, 92, 二十四番花信
26782682, 8.1, 78, 世界之道
01044381, 7.6, 119, 从巴黎到耶路撒冷
05311899, 7.6, 119, 藏地大穿越
26206381, 7.8, 99, 莫斯科日记
07053841, 6.2, 717, 台湾，你一定要去
06805143, 8.0, 83, 赫丘力士之柱
02098195, 8.2, 71, 西行阿里
20275745, 8.2, 71, 携驴旅行记
27071099, 7.7, 106, 寻找村上春树的东京
01275864, 8.1, 75, 酿一碗怀旧的酒
26837796, 8.4, 60, 横越美国
26670361, 7.6, 114, 像蜗牛一样旅行
01017687, 9.0, 41, 鲁迅全集(14)
10488622, 7.8, 95, 地址：威尼斯
27038453, 6.9, 239, 好食集
01545859, 8.7, 48, 克拉维约东使记
24843854, 7.9, 85, 横越美国
26296718, 7.2, 163, 骑车去元朝
01659466, 8.5, 54, 长春真人西游记
30142961, 8.1, 71, 中国纪行
26369109, 8.4, 57, 歌之版图
05914992, 7.0, 200, 拐哪个巷，巴黎
25728832, 9.2, 35, 马来群岛自然考察记
27138828, 6.3, 517, 伊斯坦布尔的一年
01442108, 9.4, 31, 孤岛漂流记
03541638, 7.3, 139, 旅者的心情
11588723, 7.7, 95, 文明之旅
26417288, 9.6, 28, 徐霞客游记
25807605, 7.3, 138, 搭车十年
01001840, 8.1, 67, 欧游杂记
27023645, 8.0, 72, 1894，中国纪行
27115912, 8.2, 61, 译文华彩·漫游
03469958, 8.4, 53, On A Chinese Screen
26044249, 8.4, 53, 欧洲五十年
05500744, 7.5, 107, 历史的高原游牧
26766816, 7.8, 81, 巴黎，巴黎
25909017, 7.7, 88, 地球走破！
01876961, 8.9, 38, In a Sunburned Country
35009833, 9.1, 34, 寻找中国之美
03814123, 7.1, 157, 情热四国
30206367, 6.4, 375, 全民自黑的英国
30157648, 7.7, 85, 摩托日记
26586407, 8.1, 61, 多瑙河之旅
11444697, 7.3, 120, 行者无疆
30220856, 8.4, 49, 西藏禁地
01022839, 7.1, 146, 风情万种是巴黎
03264689, 7.9, 69, 海行杂记
01081522, 8.2, 55, 吴越之间-余秋雨眼里的中国文化（彩图本）
01684700, 8.5, 45, 从长安到雅典
34986545, 8.1, 59, 史诗之城
26838264, 7.9, 68, 在古老的土地上
30365061, 7.7, 79, 大横断 寻找川滇藏
03923639, 6.5, 293, 乔见·巴黎
34840578, 6.9, 174, 桂花
26587241, 7.5, 93, 谛听马拉喀什
04720063, 7.7, 77, 老马在德国的故事
26898515, 8.5, 43, 我的探险生涯 II
26935394, 9.6, 24, 贺兰山：一部立着的史诗
10544613, 8.1, 56, 哈瓦那
02367017, 6.3, 375, 让灵魂跟上脚步
01397976, 8.6, 40, 巴蜀旧影
25854543, 8.6, 40, 印度七城行记
30376519, 8.4, 45, 占卜师的预言
34892809, 7.7, 75, 往事住的房间
21692815, 7.0, 145, 彩云之南
30334621, 7.4, 96, 识古寻踪
27146790, 7.4, 95, 旅行是为了抵达内心和远方
01011398, 7.8, 67, 马可波罗行纪
01316691, 7.5, 86, 自己的世界
01281862, 8.8, 34, 旅行
01958211, 8.8, 34, 傻子出国记
27112034, 7.5, 85, 西藏不止旅行--行走修心和最好的那个自己相遇
01807542, 8.9, 32, 名山游访记
26314461, 6.9, 153, 行·影不离
30297171, 7.8, 65, 走到世界尽头
05924579, 8.8, 33, 在黑暗中奔跑
04907258, 8.6, 37, 斯坦因西域考古记
10563558, 7.6, 75, 长征
26927702, 6.2, 381, 万事尽头
27663416, 9.5, 23, 牛津画记
01003477, 7.7, 68, 深入藏地
03994778, 7.7, 68, 爱上布拉格
27595100, 8.0, 54, 西班牙
01003941, 6.8, 164, 南极无新闻:乔治王岛手记
25852539, 8.1, 50, 悉尼
25868230, 8.1, 50, 别太想我哦!
30263570, 7.1, 113, 印度：受伤的文明
03024042, 7.2, 102, 明报·出入山河
26934302, 7.4, 84, 东方之行
20471505, 9.0, 28, 大凉山夷区考察记
02264924, 7.4, 83, 认识东方
26318884, 6.8, 153, 足足五千年
02197581, 8.0, 51, 一个澳大利亚人在中国
27078311, 6.2, 340, 夏日会在晚餐后
10807005, 8.1, 47, 菩提树下，恒河水上
26588105, 8.0, 50, 两访中国茶乡
26723068, 8.7, 32, 孟买春秋
01203035, 7.7, 62, 伊本・白图泰游记
03007446, 7.5, 73, 扬子江上的美国人
01082509, 8.1, 46, 黄金腹地
03316107, 8.1, 46, 中国文明记
34793752, 8.1, 46, 旧城池
27121470, 7.0, 115, 南方纪行
25764987, 7.5, 71, 徒步穿越中国
02066925, 8.2, 42, 东鞑纪行
01399951, 8.7, 31, 海德堡語絲
34856088, 7.0, 111, 旅行，是为了找到回家的路
01096056, 9.0, 26, 西洋番国志 郑和航海图 两种海道针经
34869746, 8.2, 41, 边境
03329210, 8.4, 36, 走向世界丛书（全十册）
03191235, 6.8, 133, 小杂货·东南亚
26635217, 7.8, 52, 西班牙
06958409, 6.7, 146, 东京的11种使用法
06558437, 6.9, 115, 给心灵一次放松的机会
01464480, 7.2, 82, 从大海到大海
35048725, 9.1, 23, 世界尽头，不如你在心头
27593766, 9.4, 20, 在乌苏里的莽林中
03726664, 7.3, 74, 拉班·扫马和马克西行记
25893912, 7.0, 97, Lonely Planet 孤独星球：江苏（2014年版）
06710697, 6.9, 107, 远游·鹅肝·松露
23125579, 7.6, 56, 子恺游记
26955522, 9.6, 18, 艽野尘梦
27028750, 7.0, 94, 大英博物馆日记（外二种）
04709261, 8.7, 27, 老挝、泰国自驾游
06831056, 6.9, 103, 见闻札记
25972646, 7.6, 54, 墨西哥湾千里徒步行
26710905, 7.7, 50, 归零
27601830, 7.7, 50, 波士顿画记
34950701, 8.9, 24, 北海道漫步
04848443, 8.0, 40, 出征
35000711, 8.0, 40, 奥之细道
01365695, 8.3, 33, The Motorcycle Diaries
25903151, 7.4, 62, 给我走远点
25956148, 8.7, 26, &#34;小猎犬&#34;号科学考察记
26834250, 7.0, 89, 旅居十年
35014086, 7.9, 42, 环冰岛记
30361610, 7.5, 56, 让我去那花花世界
26821416, 6.7, 120, 窥视欧洲
01045345, 7.0, 87, 我的台湾之旅
01054893, 9.0, 22, 徐霞客游记全译（三）
04841705, 8.9, 23, 何正璜考古游记
26836535, 8.7, 25, 太饿公主的手绘美西游记
01528045, 7.5, 54, 海屯行纪；鄂多立克东游录；沙哈鲁遣使中国记
30163470, 6.8, 103, 爱情这东西
10426275, 8.1, 35, 地中海的冬天
01371498, 7.4, 58, Under the Tuscan Sun
06774408, 7.2, 68, 大勇和小花的东瀛日记
25728834, 8.5, 27, 中非湖区探险记
26899128, 8.0, 36, 前往阿姆河之乡
02052465, 6.9, 88, 中国印象记 满韩漫游
26430851, 9.6, 16, Landmarks
01916386, 7.5, 51, 在北京最后的日子
02341715, 9.3, 18, 別跟山過不去
25833372, 8.1, 33, 印度放浪
01096429, 8.2, 31, 往五天竺国传笺释·经行记笺注
05348083, 6.5, 132, 日本行脚
30237870, 7.4, 53, 太阳船上的孩子
01885160, 8.7, 23, Once While Travelling
26857372, 8.7, 23, 山林与水泽之间
24845696, 9.1, 19, 上海游記・江南游記
02972745, 7.8, 39, 窗外是黑海
33381315, 8.5, 25, 两个人和全世界·从雨林迷雾到千岛落日  沙发客 开民宿 搭便车 旅行中50个陌生人的故事
02008136, 7.7, 41, 慢船到中国
10512604, 7.8, 38, 有生之年非看不可的1001处自然奇观
26707222, 7.1, 66, 南方的转折
26427576, 7.5, 47, Lonely Planet旅行指南系列:越南、柬埔寨、老挝和泰国北部
01034378, 7.3, 55, 穿蓝色长袍的国度
01780255, 7.7, 40, 中国长城
10744198, 7.6, 43, 马可·波罗游记
26377966, 6.6, 107, 日本去1000次也不够
30322314, 9.0, 19, 世界不及你好
27120155, 7.8, 37, 在时差中漫步
25718738, 7.0, 70, 欧行杂记
34827496, 6.4, 134, 德国的细节
02931912, 9.1, 18, A Time of Gifts
11026578, 7.4, 49, 靠近尼罗河
30269154, 7.0, 68, 寻人不遇
26797680, 6.8, 82, 埃及纪行
01875369, 6.7, 91, 青红诱惑
26616177, 7.7, 38, 四极日记
27028380, 7.1, 61, 京都导览
26857371, 8.3, 26, 时间的礼物
03038709, 6.9, 73, 美国自由行
25818914, 8.8, 20, 马可波罗行纪
26676512, 7.7, 37, 威尼斯——逝水迷城
27199120, 7.6, 39, 不艺术，不法国
03082941, 7.1, 58, 中国漫游记 七十八日游记
25722660, 6.8, 76, 一个人的西域
23494404, 7.6, 38, 漆蓝书简
26845082, 6.8, 74, CIAO！阳光下的意大利
04101381, 8.9, 18, 巴拉达号三桅战舰
25832775, 6.7, 80, 脱掉高跟鞋
01485765, 6.9, 65, 意大利游记
03038708, 6.7, 79, 欧洲自由行
27595101, 8.5, 21, 世界
34442493, 7.1, 52, 全民疯狂的欧洲
26545166, 8.0, 27, 伊本·白图泰游记
30246929, 7.8, 30, 在南极，独自一人
01910786, 7.2, 46, 朱自清游记
25900182, 7.6, 34, 孤独的克里雅
06848130, 6.4, 100, 英国，没有老虎的国家
04193337, 7.7, 31, 日本物見遊
26607691, 6.1, 142, 印度：熟悉而陌生的邻国
04774505, 7.6, 32, 在北京最后的日子
25866807, 8.6, 18, 推着妈妈去旅行
30312598, 7.1, 46, 从迦太基到迈锡尼
34793765, 7.9, 26, 老江湖
01102147, 7.3, 39, 行摄匆匆
26899125, 7.5, 33, 墨西哥湾千里徒步行
24523039, 8.0, 24, 柏朗嘉宾蒙古行纪 鲁布鲁克东行纪
27018143, 7.2, 41, 不顾一切去旅行
24385426, 6.7, 62, 如画北欧
04827388, 7.7, 28, 马可波罗游记
30381297, 7.6, 29, 我的纽约
02348949, 9.0, 14, 두나&#39;s 런던놀이
01390098, 7.4, 33, 从维也纳到爱丁堡去年冬天在墨尔本
25727391, 7.5, 30, 马来西亚：爱上迷路
26412056, 8.0, 22, 辣味江湖
11612942, 7.1, 40, 中国历史之旅
26873499, 6.6, 62, 意大利的黄昏
03365761, 6.6, 61, 在拉普兰的苍穹下
27096165, 7.8, 24, 到拉萨及其更远方
03576192, 7.2, 36, 欧游散记
26852311, 7.5, 29, 再见，爱琴海
30421127, 6.5, 67, 而我只想去巴黎
02369372, 7.6, 27, 哥伦布航海日记
26978821, 6.5, 66, 慢悠漫游城下町
19979185, 7.1, 38, 东京电车.地铁.私旅行
30466193, 6.6, 59, 全民发呆的澳洲
25957556, 7.2, 35, 西北的剖面
03061847, 6.5, 65, 感受老欧洲
02100287, 7.3, 32, 多瑙河之旅
03290306, 8.5, 16, Ghost Train to the Eastern Star
25890149, 7.6, 26, 一路惊喜
34902735, 7.4, 29, 火车大巴扎
33705340, 7.3, 31, 不一样的云南
03773877, 8.0, 20, 萍踪寄语
26883588, 6.4, 67, 丝绸之路：重新开始的旅程
27064450, 7.8, 22, 远行，与异文明的初恋
26857373, 8.5, 15, 破碎的道路
06789827, 6.1, 89, 神秘的印度
34902711, 6.9, 38, 浮世恒河
01729994, 8.9, 12, 桂北民间建筑
30407600, 7.8, 20, 老滇缅路
01008363, 7.6, 22, 葡萄牙人在华见闻录
06507614, 6.8, 39, 飞行
27082039, 8.3, 15, 第一道曙光下的真实
01483198, 8.6, 13, In Patagonia
34846819, 8.6, 13, 蒙古与唐古特地区
26356255, 7.1, 29, 旅行即修行：爱上治愈系旅行
26837797, 7.3, 25, 没有地图的旅行
24529466, 6.4, 52, 我在美国的生活
24737034, 7.4, 23, 察沃的食人魔
25786739, 7.8, 18, 浪迹十年之行旅记闻
27609687, 7.8, 18, 岛国走笔
26748279, 7.7, 19, 世界最险恶之旅II
24381766, 6.1, 70, 博物馆书
30198367, 6.6, 41, 一个人的迁徙
34672179, 8.1, 15, 走在幽暗的小径上
02983652, 7.0, 29, 文化震撼之旅-马来西亚
34970617, 8.8, 11, 永井荷风  异国放浪记（上、下）
27132936, 7.5, 20, 蒙古旅行
27602482, 7.5, 20, 丝绸之路纪行
28553487, 6.2, 57, 我在伏龙芝学军事
26815709, 7.2, 24, 日升之处
26713914, 8.3, 13, 新疆游记
10772764, 7.2, 23, 一个巴黎女子的拉萨历险记
02037077, 7.4, 20, 刚果之行
26818076, 7.4, 20, 拉美10天敢动假期
04268163, 8.6, 11, 八十天环游地球
01409853, 7.5, 18, 中国禅宗游
25789569, 5.3, 159, 布拉格之夜
26302863, 8.2, 12, 为了忘却的旅行
01856233, 8.0, 13, The Great Railway Bazaar
10786575, 8.1, 12, 发现西藏
01009800, 8.3, 11, 行走俄罗斯
26738175, 7.4, 17, 苏莱曼东游记 - 苏莱曼
30426205, 7.4, 17, 寻迹北京问年华
34465883, 6.0, 49, 26城记
26183738, 6.9, 22, 伯希和西域探险日记1906-1908
26869854, 6.7, 25, 墨西哥早晨
25806198, 5.8, 60, 何伟，再见涪陵（中国故事）
10603545, 6.8, 23, 欧游杂记
25777400, 5.4, 101, 此去江南，易老
26588769, 7.5, 14, 印度拾尘记
34005884, 7.5, 14, 中国纪行
03298089, 8.2, 10, 黑龙江旅行记
01489781, 6.1, 37, 法兰西之旅
01137089, 7.3, 15, 走进尼雅
24721265, 7.9, 11, 匹马苍山
27004296, 7.7, 12, 老卡拉布里亚游记
21715032, 6.8, 20, 稻城亚丁告诉你
30447294, 5.9, 44, 访古寻城
26776927, 6.6, 23, 书香英伦
27592543, 6.2, 32, 非常之洲:
22794445, 7.8, 11, 成都滋味
26899183, 6.6, 22, 喝了吧，赫拉巴尔
03276865, 7.6, 12, 大唐西域记全译（上下）
33950036, 7.1, 14, 印度？印度！中国女子独行印度40天
25858570, 6.7, 18, 这辈子，一定要环岛一次
26670613, 5.6, 49, 刀锋上的行走
26377490, 7.0, 14, 大西北的呼唤
30263362, 6.2, 22, 出发吧，北海道
34899173, 5.7, 34, 彼岸风景
24865170, 6.0, 24, 慢行·理想国
25723445, 6.0, 24, 去印度，与诸神同行
26436776, 6.7, 13, 带上画笔去巴黎
30649318, 6.4, 14, 悠长的赏云假期
26938864, 4.7, 106, 村上春树·旅
27205546, 5.8, 22, 纽约制造
27614825, 6.9, 10, 卓别林:我的环球之旅
26797726, 6.3, 11, 天竺心影
02983894, 6.0, 11, 沉静的欢乐
03547671, 0.0, 10, The Great Railway Bazaar
26293257, 0.0, 10, 伦敦：一次朝圣
30428852, 0.0, 10, 云雾森林
34974511, 0.0, 10, 欧亚大陆的黎明：探寻新世界秩序
01432657, 0.0, 11, 西藏旅行記（上）
10430401, 0.0, 11, 我陪母亲去朝觐
30426216, 0.0, 11, 旧金山画记
35044394, 0.0, 11, 南游记
01556418, 0.0, 12, 独腿单骑闯中国
02004678, 0.0, 12, 南京情调
03594772, 0.0, 12, 异境奇观
01340373, 0.0, 13, 拉薩之旅
03140387, 0.0, 14, 邊境漂流
35025453, 0.0, 38, 失落的卫星
