2020-07-05 16:00:09

number of books, tag name
167, 演义

ID, rating, votes, title
01019568, 9.3, 122054, 三国演义（全二册）
03674537, 9.1, 87805, 明朝那些事儿（1-9）
07163250, 9.2, 21829, 明朝那些事儿
01008357, 8.6, 57733, 水浒传（全二册）
03274113, 8.8, 31101, 明朝那些事儿（陆）
01483894, 9.4, 10928, 三国演义
03079029, 8.7, 12314, 大秦帝国
01001924, 9.3, 2640, 三国演义
03810699, 9.0, 3660, 水浒传
02133254, 8.1, 11423, 流血的仕途
01062455, 8.4, 5925, 康熙大帝（共四册）
01185908, 8.6, 4418, 东周列国志（上下）
01016595, 8.3, 5791, 雍正皇帝（全三册）
01891015, 9.5, 1244, 三国演义（共两册）
03409620, 9.1, 1499, 东周列国志
01009938, 7.8, 7021, 封神演义
01425067, 8.6, 2003, 大秦帝国·第二部 国命纵横（上、下）
02002025, 8.9, 1168, 东周列国志
01383643, 9.2, 664, 火鳳燎原 2
02070556, 9.3, 446, 三国演义
01510363, 8.8, 601, 水浒全传（上中下）
01095889, 7.7, 1961, 乾隆皇帝（全六册）
01961248, 8.4, 625, 康熙大帝：夺宫
02118290, 8.9, 323, 兴唐传（全四册）
01042039, 7.5, 1575, 隋唐演义（上下）
01292310, 7.4, 1736, 说岳全传
01330007, 8.1, 506, 平家物语
03409573, 8.0, 551, 封神演义
25662133, 9.4, 127, 三国演义
01420444, 8.1, 370, 嫁给太监
01845499, 7.4, 804, 纵横十六国
01471632, 7.9, 413, 封神演义
01432903, 7.1, 1136, 华丽血时代
01891431, 8.9, 124, 东周列国志
03773007, 7.6, 389, PPT演义
02278285, 7.7, 303, 说岳全传（上下）
01005436, 9.3, 76, 三国演义
02255712, 8.7, 112, 日本围棋故事
02242588, 7.7, 257, 薛刚反唐
02002038, 7.2, 449, 隋唐演义
01064461, 8.6, 101, 三侠五义（全二卷）
04890632, 8.5, 108, 中国历史通俗演义（全套十二册）
01082108, 7.2, 389, 德龄公主
25855959, 7.8, 194, 战争从未如此热血1
03140979, 8.9, 75, 佛陀(14)
03154673, 7.9, 155, 三侠五义
01024235, 6.7, 635, 正说明朝十六帝
25853231, 8.9, 69, 中国历朝通俗演义
25892824, 8.5, 91, 火鳳燎原 51
01149043, 7.9, 140, 两晋演义
02133896, 7.7, 159, 薛仁贵征东
26263545, 7.8, 139, 战争从未如此热血2
26613714, 8.6, 72, 火鳳燎原 55
26720289, 8.5, 70, 火鳳燎原 56
01426335, 8.3, 80, 前汉演义
01254344, 7.4, 178, 隋唐演义
03059677, 8.1, 93, 七侠五义
26263544, 7.7, 123, 战争从未如此热血3
03802462, 7.6, 126, 闲话三分
01149940, 7.4, 140, 民国演义
03622241, 6.8, 269, 那时汉朝（贰）
02311152, 7.4, 124, 杨家将
02216295, 7.6, 100, 岳飞传
01801926, 7.2, 140, 朝歌
03089605, 8.4, 51, 清史演义
03312090, 6.3, 438, 那时汉朝（壹）
26629172, 8.3, 51, 蔡东藩历朝通俗演义
01850264, 7.3, 107, 月唐演义
01310992, 8.0, 59, 瓦岗英雄
01148677, 7.4, 92, 南北史演义
01149044, 7.7, 70, 后汉演义
04934618, 7.7, 69, 办公室里读清史
01000029, 7.3, 98, 中华人民共和国演义
02242593, 7.5, 79, 薛刚反唐续
03156334, 8.5, 38, 华夏上古志
02332747, 7.5, 76, 隋唐演義（全二冊）
01148678, 7.4, 80, 前汉演义
03004558, 7.8, 57, 民国通俗演义（全四册）
01091712, 8.6, 32, Three Kingdoms (4 Volumes)
01275775, 7.0, 109, 薛丁山征西
03117804, 9.0, 25, 三国演义
01088611, 7.0, 98, 薛仁贵征东
01253136, 8.2, 37, 春秋战国
01426338, 7.9, 43, 清史演义
01426333, 8.6, 27, 后汉演义
01313030, 7.7, 47, 东汉演义（上下册）
01917226, 8.0, 37, 说岳通俗演义
03089584, 8.0, 37, 五代史演义
01149042, 7.0, 81, 明史演义
01426341, 8.8, 22, 唐史演义
03089597, 8.7, 23, 明史演义
01115549, 8.3, 28, 百年风云（全二卷）
03075991, 6.9, 79, 古本水浒传
01310220, 7.9, 35, 大明英烈
02260757, 7.6, 43, 少西唐演义
01606696, 6.7, 96, 薛丁山征西
05367463, 6.7, 94, 权力野兽朱元璋
02980826, 8.4, 25, 说唐全传
03089574, 7.5, 44, 后汉演义
01149939, 6.9, 73, 五代史演义
03462453, 8.6, 22, 东周列国志//中国古典小说名著百部
01280756, 6.9, 69, 杨家将传・说呼全传（中国古典小说名著百部）（精装）
03089588, 8.2, 26, 宋史演义
01426331, 8.0, 28, 两晋演义
01426332, 8.0, 28, 明史演义
01022903, 7.5, 39, 隋史遗文
03089358, 7.8, 30, 南北史演义
01411970, 8.2, 23, 美国通史演义
03089609, 8.2, 23, 民国演义（上下）
24325384, 6.8, 62, 盗国
03089355, 7.6, 32, 两晋演义
02360936, 7.3, 37, 飞龙全传
03518778, 8.6, 17, 天国演义（上下）
03055000, 7.6, 29, 水浒新传
01328244, 7.4, 33, 东西汉演义
01426336, 8.4, 18, 南北史演义
04155578, 7.4, 32, 自由的缔造者
03091100, 6.7, 57, 慈禧太后演义
01975384, 6.3, 87, 杨家将演义
03089582, 7.1, 40, 唐史演义
01076153, 7.5, 29, 英国史演义
01254865, 7.8, 23, 隋唐新传
01122152, 7.0, 40, 杨家将演义
01435750, 6.1, 95, 天可汗时代
01203429, 7.5, 26, 杨家将演义
01076913, 8.0, 19, 秦汉兴替
01275254, 8.0, 19, 民国风云
06720794, 7.3, 29, 杨家将演义
03072503, 7.0, 36, 元史演义
04068918, 6.5, 53, 水浒后传
01254697, 7.8, 20, 元史百年
01426334, 8.1, 17, 五代史演义
01426339, 8.5, 14, 宋史演义
01088612, 6.5, 52, 薛刚反唐
02369924, 7.5, 23, 隋唐演义
03263159, 7.8, 19, 南唐演义
01058811, 7.7, 20, 五代纷争辽金英烈
05996051, 7.4, 24, 北史演义
01144605, 7.3, 25, 前汉演义
01000842, 7.8, 18, 三国兴亡
01896033, 7.7, 19, 清史通俗演义
03900703, 7.8, 17, 小演义
03210655, 6.9, 30, 宋史演义
05387721, 6.7, 35, 权力野兽朱元璋 2
03067096, 6.8, 31, 武松演义(增订本)
01001053, 7.6, 16, 法国史演义
01275390, 8.0, 13, 晚清血泪
01061356, 7.7, 15, 后汉沉浮
03156351, 7.5, 16, 两晋变乱
03035929, 7.1, 20, 中国历朝通俗演义
01254355, 7.0, 21, 南北朝始末
04093494, 7.4, 16, 水浒新传(二)
04041206, 8.4, 10, 五代史演义
01073385, 7.5, 15, 大明盛衰
06395084, 6.0, 44, 夺权野兽朱棣
02255240, 6.6, 25, 续少西唐演义
02370344, 6.8, 20, 精忠岳传
05387722, 6.2, 32, 权力野兽朱元璋 3（大结局）
06530227, 6.7, 19, 夺权野兽朱棣3
03055026, 6.0, 24, 樊梨花全传、平金川
03575782, 5.4, 25, 双凤奇缘
03262801, 5.7, 18, 反唐演义全传
02239788, 6.1, 13, 续英烈传
01144608, 0.0, 10, 南北史演义
04093489, 0.0, 10, 水浒新传(四)
01208906, 0.0, 12, 封神演义(上下)
01474756, 0.0, 12, 明史通俗演义
