2020-07-05 16:00:09

number of books, tag name
995, 漫画

ID, rating, votes, title
01474773, 9.5, 38593, 海贼王
01204889, 9.5, 28537, 机器猫哆啦A梦23
01221515, 9.5, 28455, 灌篮高手31
01002898, 9.2, 37773, 父与子全集
01389960, 9.3, 22831, 七龍珠 34
01066462, 8.4, 103238, 向左走·向右走
26602392, 8.6, 69765, 你今天真好看
01102403, 9.7, 10582, 机器猫哆啦A梦（共45册）
04188697, 9.0, 24791, 子不语 1-2
10543300, 9.3, 15531, 月刊少女野崎くん 01
01358873, 8.6, 45605, 月亮忘記了
11622283, 9.2, 15215, 滚蛋吧!肿瘤君
01474842, 9.1, 17584, NANA（1-13）
20470917, 9.1, 17378, 深夜食堂 01
04934332, 9.2, 14838, 子不语3
02064977, 8.9, 23263, 死亡筆記 1
03665874, 9.0, 19298, 星空
01421921, 8.9, 22186, 幽游白书（全19册）
01346815, 8.4, 42441, 一個人住第5年
01056733, 8.3, 50627, 地下铁
01431836, 8.6, 27001, 我的路
01853785, 8.8, 19037, 天是红河岸
26755503, 8.7, 22197, 我可以咬一口吗
01388169, 8.7, 21658, 乱马1/2
01257365, 9.0, 13345, 活了100万次的猫
02025999, 9.8, 4547, 灌篮高手（全31卷）
01226062, 8.9, 14788, 棋魂·光之棋（1）
01180102, 8.9, 14398, 恐怖宠物店（10）
01440468, 9.0, 12364, 漩涡
20470916, 9.1, 9739, 深夜食堂 02
01440589, 8.8, 14986, 浪客剑心
01021847, 8.5, 22885, 我的心中每天开出一朵花
01424555, 8.9, 11945, HUNTER X HUNTER 1
04071859, 9.4, 5920, 我在伊朗长大
26695174, 9.1, 8343, 灯塔
20470913, 9.1, 8145, 深夜食堂 03
01791390, 9.2, 7067, Hunter X Hunter
01459623, 9.4, 5377, 20世紀少年01
01049354, 8.6, 16376, 又寂寞又美好
01180108, 9.1, 7777, 恐怖宠物店1
01370274, 9.3, 5695, Level E
01922977, 9.4, 4980, 父与子
20470914, 9.1, 7089, 深夜食堂 04
03128104, 8.9, 9188, 游园惊梦
02042982, 9.5, 4181, 七龙珠
30473909, 9.1, 6839, OPUS 作品
01070441, 8.6, 13951, 月亮忘记了
01033190, 8.8, 10180, 失落的一角
25709685, 9.6, 3595, 守望者（上）
03095638, 9.2, 5720, 同級生
02065597, 9.4, 4401, 浪客行 (Vol. 01)
01138986, 8.7, 11274, 名侦探柯南42
02334065, 9.4, 4309, 塔希里亚故事集
02285572, 8.7, 10535, 圣传
01006639, 9.3, 4382, 蜡笔小新（全32册）
01329941, 8.6, 11208, 東京BABYLON (Vol. 1)
25907864, 9.6, 2923, 守望者（下）
06878068, 9.2, 4611, 深夜食堂 01
01442678, 8.7, 8652, 魚
05363752, 8.5, 11698, 哥斯拉不说话
01427538, 9.4, 3440, 《父与子》全集
30336863, 8.4, 13618, 回答不了
10529412, 9.2, 4201, 深夜食堂 06
01481362, 8.6, 9483, 城市猎人
06967919, 8.7, 8165, 长歌行 01
01030200, 9.0, 5382, 失落的一角遇见大圆满
06387054, 8.6, 9384, 一个人住的每一天
02067269, 9.4, 3249, MONSTER-怪物-01
23780875, 9.1, 4660, 深夜食堂 05
04186113, 9.5, 2829, 卒業生−春−  ＥＤＧＥＣＯＭＩＸ
03822879, 8.8, 6781, 躲进世界的角落
04780102, 8.4, 12133, 一个人住第9年
01540211, 9.5, 2687, 丁丁历险记（共22本）
01442680, 8.7, 7311, 伊藤潤二恐怖漫畫精選【1】
01467239, 9.1, 4040, 铳梦
01595910, 9.5, 2480, 机器猫哆啦A梦1
02240120, 9.8, 1790, 灌籃高手完全版 1
01436657, 8.9, 5109, 寄生獸 (完全版) (Vol. 1)
01401840, 8.3, 12121, 天使禁獵區
10580806, 8.8, 5668, 长歌行 02
07059682, 9.2, 3356, 深夜食堂 05
03114959, 8.9, 4815, 至死不渝的愛
02129427, 9.0, 4197, 三毛从军记全集
10945834, 9.4, 2549, 蝙蝠侠：黑暗骑士归来
01392604, 8.7, 6105, 金田一少年事件簿①
01873281, 8.7, 6088, 少年残像
25775445, 8.8, 5217, 睡不着
06890451, 9.3, 2677, 外天楼
30163844, 8.3, 10371, 镖人
03114952, 9.1, 3360, 漩渦2
03114953, 9.2, 2951, 漩渦3
01009273, 9.2, 2935, 三毛流浪记（全集）
25982252, 9.0, 3746, 蝙蝠侠：致命玩笑
01210303, 8.9, 4239, 名侦探柯南1
30218241, 9.1, 3291, 建筑师
04906101, 8.4, 8452, 一个人旅行2
01461583, 9.3, 2545, 火鳳燎原 1
01458192, 8.3, 9744, 犬夜叉01
03048059, 9.7, 1603, 龙珠(全42册)
27154489, 8.8, 4547, 蓝色小药丸
11619743, 8.8, 4465, 长歌行 03
01082404, 8.4, 7612, X.1
30207738, 8.8, 4198, 3秒
02130986, 8.3, 8478, 美少女战士（全18卷）
02258803, 8.3, 8442, 一個人去旅行
02350079, 9.1, 2806, 婆娑罗
26469245, 9.6, 1510, 松风
03202110, 9.0, 2925, 世界一初恋    ~小野寺律の場合~
03114975, 8.9, 3280, 人頭氣球
01764915, 8.4, 6489, I&#34;s
01481371, 8.7, 4169, 封神演義 1
27194720, 9.2, 2235, 追寻逝去的时光·第一卷：去斯万家那边
01780565, 8.2, 8273, 一個人的第一次
30218904, 8.5, 5234, 镖人
30288379, 9.1, 2393, 有呀有呀书店
06007431, 8.4, 6022, 我不是完美小孩
26939973, 8.5, 5165, 散步去
02123957, 8.2, 8085, 绝对小孩
20469374, 8.8, 3428, 长歌行 04
05940434, 8.3, 6837, 一个人的美食之旅
03114955, 8.8, 3375, 魚2
01458188, 8.8, 3359, 人魚之森
23780880, 9.1, 2318, 深夜食堂 07
02148363, 9.4, 1648, 烙印戰士 1
03091122, 9.1, 2278, 百鬼夜行抄1 [東立]
05906052, 8.6, 4288, 進擊的巨人 01
01458186, 8.7, 3740, 人魚之傷
26775078, 9.0, 2547, 非人哉
01427788, 8.1, 8964, 死神01
01467599, 8.8, 3257, JOJO的奇妙冒險(01)
01441241, 8.5, 4868, 富江 PARTIII
27072981, 8.7, 3677, 遗产
10529543, 9.1, 2227, 蝙蝠侠：第一年
05030403, 9.1, 2215, 子不語 2
26975609, 8.7, 3611, 方向
03854850, 9.5, 1398, 阿拉蕾全集
04846547, 8.7, 3502, 北海怪兽
01442681, 8.7, 3466, 伊藤潤二恐怖漫畫精選【2】
26314627, 8.9, 2656, 万物：创世
23780878, 9.0, 2273, 深夜食堂 06
26873638, 8.7, 3241, 活着本来单纯
06114393, 8.1, 7665, 大家都有病
04075203, 9.2, 1761, 鼠族（一、二部）
01442690, 8.8, 2829, 伊藤潤二恐怖漫畫精選【5】
02209776, 9.5, 1270, 竹光侍 1
01874974, 8.5, 4152, 火影忍者1
11632564, 9.0, 2172, 蝙蝠侠：缄默
27108544, 8.8, 2753, 这里
02065208, 9.2, 1710, 女神的圣斗士
01442682, 8.8, 2719, 伊藤潤二恐怖漫畫精選【3】
01006418, 8.9, 2388, 老夫子
01442688, 8.9, 2372, 伊藤潤二恐怖漫畫精選【4】
30191460, 8.3, 5270, 我的生活不可能那么坏
20416178, 9.5, 1212, 囀る鳥は羽ばたかない 1
24883003, 8.8, 2639, 长歌行 05
01449957, 9.2, 1641, 烙印勇士1
01475048, 8.0, 8217, 150cm Life 2
25733467, 9.1, 1820, V字仇杀队
30302300, 8.7, 2946, 两个人的头两年
25818005, 8.9, 2284, 长歌行 06
27003014, 7.5, 19504, 半小时漫画中国史（修订版）
06731566, 8.6, 3271, 一个人去跑步
26906378, 9.2, 1584, 切尔诺贝利之春
01919647, 9.4, 1278, Ｊの総て ２
01442709, 8.9, 2199, 伊藤潤二恐怖漫畫精選【12】
26429140, 9.2, 1550, ONE-PUNCH MAN 一拳超人 01
04060362, 9.1, 1708, 猫城小事
26603439, 9.1, 1701, 黑猫侦探 2：极寒之国
01857022, 8.9, 2132, 大剑 1
02075822, 9.4, 1221, JOJO的奇妙冒險STEEL BALL RUN飆馬野郎(01)
02214034, 9.2, 1501, 窮鼠はチーズの夢を見る
01049463, 9.3, 1345, 宠物小精灵特别篇（全7册）
01020407, 8.9, 2101, 庄子说
30206604, 8.2, 5371, 北海怪兽
02074051, 9.5, 1088, 獵人01
01337279, 8.6, 3042, 闇之聲
27069925, 9.0, 1848, 不可思议的朋友
03334382, 9.0, 1799, 世界第一的初恋
26662689, 8.6, 2932, 画的秘密
01442694, 8.8, 2270, 伊藤潤二恐怖漫畫精選【6】
01029149, 8.5, 3303, 乌龙院(1-6)
25764905, 9.3, 1257, 鳴鳥不飛(01)
30247517, 8.3, 4279, 镖人
03376905, 8.5, 3233, 绝对小孩2
26642650, 9.3, 1249, 蝙蝠侠：漫长的万圣节
26952487, 9.2, 1384, BEASTARS 1
30394166, 8.5, 3210, 镖人
30331243, 8.4, 3620, 镖人
03545614, 9.1, 1517, 爆漫王。(01)
04055487, 8.4, 3602, 伊藤潤二的貓日記
03172176, 9.3, 1217, 異獸魔都(01)
01386229, 8.7, 2404, 漂流教室(1)
26783041, 9.0, 1669, 睡魔1：前奏与夜曲
02066868, 9.5, 951, 火鳥(1)
30490151, 8.6, 2587, 镖人
01927748, 9.0, 1595, 新世紀福音戰士01
01425207, 9.5, 941, 龙珠1
01467492, 9.1, 1405, Blame! 1
26370164, 8.9, 1762, 长歌行 08
02994915, 8.8, 1943, 戀愛暴君 1
03150093, 9.5, 907, 異色短篇集1-牛面人的大餐
30191803, 7.5, 13782, 半小时漫画世界史
26819342, 8.8, 1927, 波丽娜
26383997, 9.1, 1355, 天国降临
10443588, 9.3, 1095, the climber
30237190, 8.8, 1902, 银河铁道之夜
03122531, 9.0, 1489, 銃夢01
01455527, 9.5, 883, 風之谷1
03181927, 7.6, 11037, 大便书
27168013, 9.2, 1192, Killing stalking: 1 杀戮跟踪
26758080, 9.3, 1070, 父与子
25946417, 8.8, 1861, 长歌行 07
01473915, 9.6, 796, Watchmen
01495303, 7.8, 7578, 魔卡少女樱
30327868, 8.3, 3508, 非平面
02063268, 9.6, 769, 七龍珠1
01872739, 9.2, 1138, 歷史之眼(01)
26926849, 9.2, 1133, 长歌行 11
26895508, 9.3, 1019, 睡魔2：玩偶之家
30264297, 8.9, 1557, 万般滋味，都是生活：丰子恺散文漫画精选集
26987895, 9.3, 1006, 我在伊朗长大
03135034, 8.4, 2886, GANTZ殺戮都市(01)
02074155, 8.6, 2213, 拥抱春天的罗曼史
02040056, 8.2, 3792, 150cm Life 3
30244560, 9.6, 741, 海街日记（全7册）
01434255, 9.3, 977, 蟲師01
26369210, 8.5, 2433, 黑猫侦探 1：阴影之间
01211572, 9.8, 606, 世界文学名著连环画 欧美部分（全十册）
03176553, 9.2, 1075, 賭博默示錄(01)
03114991, 8.8, 1650, 呻吟的排水管
26376049, 8.8, 1617, 阿兰的战争
26628964, 9.0, 1277, 长歌行 09
26371105, 7.7, 7547, 就喜欢你看不惯我又干不掉我的样子
01432956, 8.4, 2615, 禁入空間
26780588, 9.1, 1114, 长歌行10
30133852, 9.0, 1230, 坏狐狸
27047626, 8.9, 1350, 約定的夢幻島 1
02078609, 8.9, 1349, SKIP‧BEAT！─華麗的挑戰─01
27126634, 8.1, 3726, 一禅小和尚
34870012, 9.0, 1190, 游戏
01467598, 9.4, 787, JOJO的奇妙冒險(29)
25912873, 9.1, 1063, The Little World of Liz Climo
04727293, 9.4, 781, 理解漫画
26794876, 9.1, 1039, 一日谈
01417778, 8.8, 1405, 17青春遁走 (Vol. 1)
03764958, 9.1, 996, セブンデイズ
30174103, 8.7, 1534, 荒木飞吕彦的漫画术
03122422, 9.4, 728, 五星物語(01)
02066931, 9.4, 725, 火之鳥-文庫版(01)
02072259, 8.8, 1344, 華札
33411326, 8.4, 2188, 镖人
01476003, 8.9, 1196, 異變者1
03176893, 9.0, 1071, 劍豪生死鬥(01)
33432324, 7.7, 6039, 一见你就好心情
26695177, 8.4, 2139, 氯的滋味
26839167, 9.0, 1047, 一人之下
26389520, 8.4, 2114, 肚子饿万岁
25847160, 8.7, 1456, What If?
27604190, 8.2, 2696, 我很好啊你怎么样
03373869, 9.4, 678, 女僕咖啡廳(01)
06973840, 9.5, 616, 抵岸
27037622, 9.1, 904, 非人哉2
26634871, 9.2, 812, 迷宮飯(01)
25944558, 9.4, 655, 鳴鳥不飛(02)
24755255, 9.0, 974, 在下坂本，有何貴幹？ 01
01210306, 8.9, 1083, 名侦探柯南2
01904671, 8.1, 2934, 水果篮子2
05992519, 9.3, 716, 乒乓 VOL.1
02301377, 9.2, 781, 玛法达
03109971, 9.4, 643, 阿拉蕾-第1卷
26779251, 8.8, 1179, 黑猫侦探 3：红色灵魂
30206117, 7.4, 8893, 半小时漫画中国史2
26589018, 8.6, 1450, 别做梦了
24811096, 9.5, 566, Sunny 01
27149647, 8.6, 1383, 利维坦之书
26839169, 9.3, 656, 一人之下
26870760, 9.2, 720, 摄影师
01210308, 8.9, 968, 名侦探柯南5
01210307, 8.9, 966, 名侦探柯南3
30232294, 7.5, 6584, 半小时漫画中国史3
26953603, 8.5, 1520, 全民审判
30318719, 8.4, 1713, 电幻国度
30342230, 9.5, 530, 亲爱的L
11537640, 8.3, 1922, 一个人的美食之旅2
01287102, 9.0, 851, 名侦探柯南7
06393901, 9.5, 524, 劍豪生死鬥(15)
01937582, 9.3, 623, 父之曆
20382353, 9.3, 623, 排球少年 1
34762492, 9.4, 563, 渊之信
26577096, 9.1, 748, 吉米·科瑞根
25891887, 9.0, 819, 深夜食堂 09
26975797, 9.2, 666, 隐山梦谈
26886428, 8.6, 1262, 一个人住第几年？
03114982, 8.9, 903, 逃兵之家
19976976, 9.0, 807, 回憶愛瑪儂
30458203, 8.7, 1113, 树下长椅
02075840, 9.8, 386, JoJo冒險野郎Part 6 石之海 1
01210339, 8.9, 885, 名侦探柯南6
26906382, 8.9, 885, 黑猫侦探 4：缄默地狱
02972043, 8.6, 1232, 殺殺草紙
01210305, 8.9, 881, 名侦探柯南4
06870500, 9.0, 793, 無法觸碰的愛
27118932, 9.1, 713, 人間失格 1
26883960, 9.0, 788, 伊比库斯的预言
27622680, 8.6, 1217, 白鲸记
34813164, 8.4, 1540, 镖人
26924424, 8.1, 2276, 喜欢我也没关系
30175836, 8.5, 1324, 阿加莎·克里斯蒂的真实人生
26602030, 9.4, 514, 鳴鳥不飛(03)
30276928, 9.3, 562, 亲爱的陌生人
30234130, 7.3, 7817, 芬兰人的噩梦
03114968, 8.6, 1152, 墓碑鎮
03016318, 8.6, 1133, 机器妈妈
26429145, 9.2, 603, ONE-PUNCH MAN 一拳超人 02
01210338, 8.9, 813, 名侦探柯南8
03134191, 8.6, 1129, 少女椿
19974860, 8.6, 1117, 孤獨的美食家
24874169, 9.0, 725, 조명가게 1
26471474, 8.5, 1253, 罗小黑战记 01
02075838, 9.1, 652, JOJO的奇妙冒險STONEOCEAN(01)
03112929, 9.5, 449, JOJO的奇妙冒險(47)
03094201, 9.0, 718, 晚安，布布(01)
30304698, 9.3, 537, 海门回声
01455540, 9.6, 407, 風之谷(07)
26957532, 9.6, 407, 鳴鳥不飛(04)
01946382, 8.9, 775, SOLANIN(01)
34447010, 8.4, 1360, 一禅小和尚：你总说没事，但我知道你偷偷哭过很多次
30487959, 8.7, 951, 孤独患者
01256840, 8.8, 852, 犬夜叉
27712152, 9.1, 626, 非人哉3
01776127, 8.7, 945, 東京愛的故事 1
02049373, 8.9, 761, 血咒聖痕 1
30338769, 7.8, 3012, 梦的化石
26684198, 8.4, 1329, 一品芝麻狐
30183469, 8.7, 935, 拾遗录
26614368, 8.1, 1922, SQ从你的名字开始
02976542, 8.7, 921, 圣斗士星矢 1
03137529, 9.5, 422, 蟲師03
34439699, 9.6, 387, Sunny 星之子
26628959, 9.0, 667, 画猫·梦唐
30214588, 9.3, 498, 睡魔4：迷雾季节
26830134, 7.6, 3901, 就喜欢你看不惯我又干不掉我的样子2
06013636, 7.7, 3272, 将爱
26429146, 9.2, 533, ONE-PUNCH MAN 一拳超人 03
03113026, 9.4, 444, JOJO的奇妙冒險STONE OCEAN(17)
26429148, 9.3, 485, ONE-PUNCH MAN 一拳超人 05
30257644, 8.7, 879, 念书，还是工作？
03114967, 8.6, 977, 新‧闇之聲 潰談
25709105, 8.9, 705, 革命之路
26839168, 9.3, 477, 一人之下
01962711, 7.8, 2703, 地獄星
30197691, 9.7, 334, 鳴鳥不飛(05)
02219310, 9.0, 613, 火影忍者4
19949958, 8.4, 1166, 暗殺教室 1
03172177, 9.4, 417, 異獸魔都(02)
26429150, 9.3, 455, ONE-PUNCH MAN 一拳超人 07
26429149, 9.3, 453, ONE-PUNCH MAN 一拳超人 06
26429147, 9.2, 492, ONE-PUNCH MAN 一拳超人 04
03128662, 9.4, 411, 日出處天子1
34873348, 8.4, 1138, 熊与狸的四季之旅
33423264, 9.2, 489, 瓜几拉画猫：吾辈宋朝猫
01005121, 9.2, 480, 三毛流浪记
30266616, 9.1, 526, 追寻逝去的时光·第二卷：在少女花影下
03172181, 9.6, 338, 異獸魔都(05)
03112951, 9.3, 437, JOJO的奇妙冒險(63)
26429151, 9.3, 437, ONE-PUNCH MAN 一拳超人 08
03817318, 8.7, 787, 東京巴比倫(01)
30373807, 8.8, 705, 有滋有味：我的厨艺人生
03172188, 9.7, 309, 異獸魔都(10)
27004537, 8.6, 866, 我可以被擁抱嗎？因為太過寂寞而叫了蕾絲邊應召
30296958, 8.9, 630, 19天(1)
04191816, 9.3, 422, BANANA FISH 全19巻 (フラワーコミックス)
01763759, 8.7, 756, 薔薇色ノ怪物
26988950, 8.7, 755, 和女儿的日常
03172180, 9.5, 354, 異獸魔都(04)
30318059, 9.0, 555, 桃子手记
27620810, 8.8, 677, 纳瑟·阿里先生的最后八天
03122715, 8.5, 937, TSUBASA翼(01)
03112930, 9.4, 383, JOJO的奇妙冒險(48)
03172178, 9.4, 383, 異獸魔都(03)
34855047, 8.9, 609, 卢浮地宫
05293424, 9.1, 501, 海獸之子 1
34803201, 8.4, 1047, 漫画电影史
01932095, 9.0, 545, 遙遠的小鎮（上）
03172182, 9.6, 319, 異獸魔都(06)
30231603, 9.2, 449, 火鸟
03112927, 9.5, 345, JOJO的奇妙冒險(45)
25813438, 9.7, 292, Sunny 02
03138879, 9.1, 488, 三個阿道夫(01)
27192147, 9.1, 487, 鬼滅之刃 8
07063932, 8.1, 1468, 东京散步
03112925, 9.5, 340, JOJO的奇妙冒險(44)
26958882, 8.6, 802, 生火
34448547, 8.2, 1277, 消失的塞布丽娜
03172184, 9.6, 311, 異獸魔都(07)
04773647, 9.4, 366, 全都因為愛
26909607, 9.0, 526, 酝酿之道
34884051, 8.2, 1266, 镖人
26807920, 8.7, 710, 阿兰的童年
27599965, 7.9, 1874, 就喜欢你看不惯我又干不掉我的样子3
25905798, 8.5, 875, 10 count (第1集)
25811761, 8.9, 570, 只有我不存在的城市 01
34833419, 7.7, 2411, 半小时漫画中国史4
26613709, 8.1, 1377, 快把我哥带走
03172186, 9.6, 299, 異獸魔都(09)
03112922, 9.4, 345, JOJO的奇妙冒險(41)
27124332, 9.1, 446, 約定的夢幻島 5
05960874, 7.9, 1730, 惡之華 01
26591912, 8.9, 537, 惊世奇人
27047659, 8.7, 651, FIRE PUNCH炎拳1
34451942, 8.3, 1009, 闯入者
30248281, 9.0, 479, 梵高
30293844, 9.2, 398, 漫画之王
01916634, 8.9, 526, 橫濱購物紀行01
30180617, 8.5, 793, 鬼刀
34841133, 8.6, 707, 步天歌 1
26760537, 8.8, 571, 给孩子的动物寓言
25789789, 8.2, 1112, 南烟斋笔录:子夜歌
26411083, 8.3, 984, 一个人的小繁华①
27150794, 8.3, 980, 如果历史是一群喵
02176700, 8.0, 1411, 鬼吹灯之精绝古城（上下）（漫画版）
30394127, 9.1, 421, 鬼滅之刃 10
27032613, 8.8, 561, 父与子全集
27132551, 8.8, 557, 西行纪
25789620, 8.4, 845, 一个人上东京
34895266, 8.6, 675, 柏林苍穹下
27624447, 8.1, 1200, 欲望德黑兰
25857378, 8.5, 744, 一个人住第5年
26958896, 9.1, 407, 法国往事（上）
26840504, 7.6, 2381, 人人都有妄想症
26336970, 9.4, 313, 理解漫画（第3版）
25893251, 8.6, 665, 东京爱情故事
26603443, 8.7, 596, 法国往事1：约瑟夫的帝国
26844477, 9.3, 338, ONE-PUNCH MAN 一拳超人 11
04028418, 9.0, 439, 浪客劍心完全版 01
27105444, 9.0, 439, 鬼滅之刃 7
30247169, 9.0, 437, 鬼滅之刃 11：混战
23780885, 8.3, 902, 正义联盟 第一卷
26856953, 7.4, 3127, 夏目友人帐
34821264, 7.5, 2657, 半小时漫画经济学2：金融危机篇
03278722, 8.2, 1007, 未來日記 01
34929521, 8.9, 472, 刺客列传
34949908, 9.5, 276, チェンソーマン 6
27663155, 8.9, 467, 鬼滅之刃 9
30324567, 9.3, 325, 法国往事（下）
27096113, 9.1, 387, 조명가게 세트
27030108, 7.9, 1451, 节日万岁！
26733785, 9.0, 423, 法国往事2：乌鸦在盘旋
26839170, 9.3, 323, 一人之下
34872378, 9.4, 297, 渊之信
03172206, 8.8, 510, 凡爾賽玫瑰(01)
25868407, 8.4, 772, 聲之形 01
02298868, 8.2, 961, 科學怪人
34912617, 8.5, 675, 动物帝国
34953939, 8.2, 950, 巨大的拥抱
33441524, 7.1, 4872, 半小时漫画唐诗
03150009, 8.7, 543, 惡魔人01
27105439, 8.7, 542, 鬼滅之刃 3
30253249, 8.9, 445, 伦敦一家人
26681602, 7.8, 1576, 作死的兔子大全集
26971230, 9.3, 309, ONE-PUNCH MAN 一拳超人 12
33453244, 9.0, 400, 鬼滅之刃 15
27594534, 8.3, 821, 如何在派对上搭讪女孩
03113007, 9.3, 303, JOJO的奇妙冒險STONE OCEAN(03)
25968489, 8.3, 811, 孤独的美食家
03113025, 9.4, 276, JOJO的奇妙冒險 STONE OCEAN(16)
35041581, 9.0, 389, 纳闷集
02159569, 8.8, 470, 多美好的人生(01)
26731346, 8.5, 637, 不义联盟：人间之神1
03113009, 9.3, 298, JOJO的奇妙冒險STONE OCEAN(04)
30351733, 9.5, 253, 桑贝在纽约
26272656, 9.2, 323, 少女終末旅行 1
27153996, 9.5, 252, 一人之下 08
34895263, 9.4, 273, チェンソーマン 5
25921377, 9.6, 231, Sunny 03
04320687, 9.2, 319, 劍豪生死鬥(13)
30389631, 8.8, 459, 沙丁鱼罐头之味
27105437, 8.0, 1111, 鬼滅之刃 1
06129268, 8.6, 557, アオハライド 1
26352920, 9.3, 286, 龍可愛的七個孩子
25913211, 8.7, 494, やたもも
20388106, 9.2, 310, スピリットサークル 魂環 1巻
20370555, 9.7, 208, 异兽魔都 (16)
27081128, 8.5, 603, 万物：文明
26963322, 8.4, 671, 封闭式车库
27668017, 8.2, 842, 月亮警察
03113011, 9.3, 282, JOJO的奇妙冒險STONE OCEAN(06)
26778180, 8.5, 598, 丰子恺 : 无宠不惊过一生
25977301, 8.0, 1062, 我只是对人生过敏
25799703, 9.4, 258, 塗鴉日記 01
03113012, 9.3, 276, JOJO的奇妙冒險STONE OCEAN(07)
27103840, 8.4, 647, 不靠谱的饭菜
03113031, 9.4, 253, STEEL BALL RUN飆馬野郎(02)
27105443, 8.9, 388, 鬼滅之刃 6
27061171, 9.4, 251, 一人之下 06
34850420, 7.5, 2034, 半小时漫画唐诗2
30374223, 8.8, 418, 非人哉4
26028247, 8.2, 789, 南烟斋笔录：花间意
03113010, 9.2, 290, JOJO的奇妙冒險STONE OCEAN(05)
27173099, 9.2, 289, ONE-PUNCH MAN 一拳超人 14
02143443, 8.8, 414, 奇子 1
34819859, 8.6, 501, 悠悠哉哉
27059487, 9.1, 312, 伊甸园世界01：星之上
34872312, 9.3, 262, 異獸魔都 (23) 完结
27061170, 9.3, 261, 一人之下 05
34450525, 9.0, 337, 神探狗狗1
27078222, 9.2, 283, ONE-PUNCH MAN 一拳超人 13
03113021, 9.3, 260, JOJO的奇妙冒險STONE OCEAN(14)
27611067, 8.7, 443, 端脑（套装共5册）
26864079, 8.8, 393, 終將成為妳 (1)
26751535, 9.2, 275, 黃金神威（1）
27153994, 9.4, 231, 一人之下 07
30413231, 8.8, 387, 鬼滅之刃 14
27105438, 8.4, 567, 鬼滅之刃 2
30285281, 9.1, 289, 大理寺日志 1
03144132, 9.2, 265, 阿基拉01
30154591, 8.3, 629, 黑猫侦探5：阿马里洛
27128266, 8.8, 375, マイホームヒーロー 1
03113033, 9.3, 242, STEEL BALL RUN飆馬野郎(03)
30207746, 8.2, 695, 惊爆点
02159230, 8.8, 371, 死神13
28461662, 9.3, 236, ONE-PUNCH MAN 一拳超人 15
30276808, 8.7, 400, 鬼滅之刃 12：上弦集结
03785179, 9.1, 278, PRIDE 上
30163501, 8.9, 329, 西行纪
03113039, 9.4, 216, STEEL BALL RUN飆馬野郎(09)
34907964, 9.1, 275, 小森林
27124683, 8.8, 357, 合金男爵1
26629413, 9.1, 273, 龍的學校在山上
02159226, 8.7, 392, 死神08
02159227, 8.7, 392, 死神09
30353849, 8.7, 391, 鬼滅之刃 13
27105442, 8.7, 385, 鬼滅之刃 5
01873518, 8.5, 467, 死神02
26883964, 8.8, 347, 老街的童话
01855882, 8.7, 381, 死神11
33428668, 8.1, 717, 我的生活不可能那么坏2·完美假期篇
30435215, 8.6, 418, チェンソーマン 1
35009938, 7.3, 2143, 半小时漫画宋词
27118076, 8.3, 571, 门先生
03113022, 9.1, 263, JOJO的奇妙冒險STONE OCEAN(15)
26345261, 9.0, 286, 小森食光 1
01778420, 8.8, 338, 昨日之歌 (01)
30252127, 7.9, 889, 今天也要好好地过
02159229, 8.7, 367, 死神12
27038832, 8.1, 690, 卢浮宫的守护者
02039755, 8.0, 770, 请别太过分
02159231, 8.7, 361, 死神14
26591167, 8.0, 763, 窝在角落好安心
02159224, 8.6, 397, 死神06
27015621, 9.0, 274, 擅長捉弄人的高木同學(01)
34440158, 8.2, 597, 人生很好玩，但有时也很丧
01982488, 9.3, 212, 我为猫狂
30429051, 9.0, 271, ワンルームエンジェル
01919454, 8.6, 390, 死神16
02159225, 8.6, 385, 死神07
03091214, 8.8, 318, 海街diary1~蟬鳴暫歇時~
26772930, 9.0, 263, 大理寺日志 卷1
02159228, 8.6, 379, 死神10
30205166, 8.6, 379, 爱的缓刑
30170729, 9.4, 190, 一人之下 10
26931114, 8.6, 376, VOID－寂寞的快感－
01873521, 8.5, 412, 死神03
26669222, 9.2, 218, 伊藤潤二自選傑作集
30380122, 9.3, 201, ONE PUNCH MAN一拳超人 18
02159234, 8.6, 363, 死神15
01873527, 8.5, 400, 死神05
25790386, 8.5, 400, 阿扎克
10605356, 8.1, 611, 阿衰
34800351, 6.7, 5145, 半小时漫画经济学
27105441, 8.5, 394, 鬼滅之刃 4
26936850, 7.6, 1127, 没人听过兔子说的话
30377585, 7.1, 2403, 成功的聪明人太多了，我必须为笨蛋争口气！
26597135, 9.6, 155, 異獸魔都 19
03193774, 7.7, 975, ブラッドハーレーの馬車
26964250, 9.3, 193, 猫咪与爷爷
25834895, 9.0, 246, 岸辺露伴一動也不動
26894983, 8.7, 320, JACKASS!
30389693, 8.9, 267, 有一个地方叫夏
03123141, 8.6, 350, 死神17
30312387, 8.4, 426, 无名之城
25739928, 8.0, 660, 累 1
33425595, 8.3, 469, 绝顶
27055625, 8.7, 314, Coyote 郊狼 Ⅰ
17604305, 9.5, 160, 塔希里亚故事集
01873525, 8.4, 409, 死神04
26761746, 8.4, 409, ポルノグラファー
30170731, 9.4, 171, 一人之下 09
35039496, 8.8, 277, 锥子
21371610, 7.9, 706, 被監禁的王子
27609086, 8.6, 330, 蓝莓上尉：遗失的金矿
25810764, 7.8, 790, 一个人的第一次
04022411, 8.6, 329, 銀の華 上巻
34893303, 8.5, 361, 劳尔的小秘密
33416840, 7.7, 890, 就喜欢你看不惯我又干不掉我的样子4
04296177, 7.6, 1010, 偷星九月天
34446050, 9.7, 134, 后来呢后来怎么了
30231751, 9.1, 209, ONE-PUNCH MAN 一拳超人 16
26710254, 7.4, 1312, 憋说话，吻我
25948870, 9.1, 206, 南瓜與我的野放生活
26329472, 8.8, 265, 拳願阿修羅 1
11628722, 9.0, 222, Building Stories
10565975, 8.9, 241, 超级漫画家圣经
30240233, 8.9, 240, 童话中人
30592182, 8.3, 422, 悬停的爱
26953601, 8.6, 313, 沼泽怪物
03310028, 7.7, 836, 鬼畜眼鏡
11523639, 8.3, 406, クロネコ彼氏のアソビ方
26655481, 9.3, 167, 野良神 1
30248778, 8.5, 325, 血之轍 1
27194696, 8.6, 295, 文森特与凡·高：星空中的月亮
34990166, 7.6, 891, 半小时漫画经济学3：金融危机（完结篇）
30237822, 8.5, 321, 大问题
35034666, 9.6, 131, 蓝溪镇.1
24847411, 8.0, 541, 日本漫画60年
27011193, 9.1, 187, 明日ちゃんのセーラー服 1
34863695, 9.3, 160, 鬼滅の刃 18
27038452, 7.5, 992, 成年如谜
34461208, 7.7, 757, 我也不想这样
33431300, 8.2, 422, 夏日纪事
11578457, 8.8, 237, 上海寻宝记
30284640, 9.4, 147, 一人之下. 11
27952695, 7.4, 1121, 国家是怎样炼成的
27109595, 8.9, 213, 丰子恺漫画古诗词
04010128, 8.0, 508, 漫画统计学
27616601, 9.2, 166, FIRE PUNCH炎拳8
30141136, 9.2, 166, 殺手寓言(1)
20424610, 8.2, 406, 艾莎的森林（上）
27017215, 8.8, 228, 消極之愛
26617587, 8.6, 268, 朋友遊戲
34952041, 9.1, 175, 地縛少年花子君  1
26053299, 9.0, 187, 5秒童话
33406294, 9.4, 136, 童年
27614881, 7.5, 864, 咔嚓！老田就爱高丽丽
26372384, 8.4, 307, citrus~柑橘味香氣~
27084466, 9.2, 154, 被写界深度 上
30284641, 9.3, 143, 一人之下. 12
27200481, 8.5, 277, 我的妈妈去旅行了
30244582, 8.3, 335, 如果历史是一群喵2·春秋战国篇
04022422, 8.8, 211, 銀の華 中巻
27032472, 8.8, 211, 未生
26449219, 9.5, 123, 鼠族（新译本）
27173667, 9.1, 162, 我らコンタクティ
30181200, 9.1, 162, Coyoto郊狼 II
30396931, 9.5, 121, 一人之下
26679717, 8.9, 189, 抽屜裡的生態箱
30401617, 9.6, 112, 一人之下
26760591, 7.3, 1073, 一条狗Ⅰ
26775199, 7.7, 613, 头条都是他
33159494, 8.9, 183, チェンソーマン  2
34434070, 9.1, 154, ONE-PUNCH MAN 一拳超人 19
26975801, 8.9, 180, 隐山梦谈4
30348874, 9.3, 132, 星期一的朋友 1
26357456, 7.7, 592, 魔之碎片
07060214, 7.5, 759, 日本漫画为什么有趣
30400716, 7.9, 464, 异端
30205454, 9.5, 113, GIVEN 被贈與的未來(03)
30313283, 9.1, 150, 夏日時光(01)
26975798, 8.9, 175, 隐山梦谈2
33420587, 8.6, 225, 漫画算法：小灰的算法之旅
34994545, 9.1, 149, 鬼滅之刃 16
26802130, 7.4, 837, 南烟斋笔录·如梦令
03180448, 7.0, 1520, 偷星九月天1
05293036, 8.3, 294, 漂流世界─地球下課後─(01)
25854601, 8.3, 294, 极度恐慌
30270978, 8.4, 265, 手冢治虫：原画的秘密
26743772, 7.2, 1099, 给我你的喵咪看看
30204893, 9.0, 158, 沼泽怪物
30302104, 8.5, 237, 重版出来！1
26994659, 8.4, 260, 八田百田
27104303, 9.1, 144, 国魂：甲午浴血（上、中、下）
34855033, 9.6, 101, 終將成為妳 (6)
27047665, 9.0, 151, FIRE PUNCH炎拳2
27124670, 9.1, 139, 月曜日の友達 1
30221084, 9.1, 139, 寶石之國 1
34437336, 8.9, 161, チェンソーマン 3
34994543, 9.0, 148, 鬼滅之刃 17
04061759, 8.1, 328, 阿鼻剑:寻觅、觉醒（上下部）
34454607, 7.3, 854, 三分钟漫画汽车史
05948941, 8.2, 294, 快遞精神
27053574, 7.1, 1144, 遇见你真好
26727558, 8.4, 242, 奴隸標記
30306196, 7.4, 740, 半小时漫画理财课
30325854, 9.4, 109, 明日同學的水手服 1
04220878, 8.9, 157, 蓝莲花-丁丁历险记
26954603, 9.0, 145, 青のフラッグ 1
27039424, 8.1, 322, 独角仙
30401618, 9.5, 101, 一人之下
34952042, 9.5, 100, 地縛少年花子君 2
34781056, 9.3, 114, 象棋的故事
26945077, 8.8, 165, 即使如此，依然溫柔地相戀
27591456, 8.8, 165, 少女椿
34795020, 8.9, 151, チェンソーマン 4
30362713, 8.4, 230, 魔姬 第一卷 觉醒
27182030, 8.6, 192, 正义联盟
26754312, 9.1, 128, 聽我的電波吧01
27667473, 8.5, 207, 疯狂的罗素
27603504, 7.4, 683, 今天也吸收了猫能量
10606490, 8.3, 248, 無限食女 01
26831504, 7.3, 779, 喵呜，来摸
25904016, 8.0, 333, All You Need Is Kill 01
34869654, 8.5, 204, 埃郡往事
34809792, 8.9, 145, 爱的救赎
19963546, 6.8, 1646, 激色猫小叮当
30181099, 8.0, 326, 哥哥
25864243, 8.2, 263, 黑貓男友的撒嬌方法
30167361, 8.6, 182, 柏林1：石之城
04820236, 8.8, 154, 極上親父
26975799, 8.8, 154, 隐山梦谈3
26413600, 9.0, 131, 子恺漫画全集
34954111, 8.9, 141, 乡村教师
34952043, 9.5, 92, 地縛少年花子君 3
34978161, 8.7, 164, 伊斯坦布尔之刃
26797183, 7.0, 1116, 喵呜，原来你是这种汪
27023935, 8.5, 193, 一品芝麻狐3·惊雷卷
34994540, 8.9, 138, 鬼滅之刃 18
03576516, 8.7, 158, 火影忍者（卷18）
30335707, 8.7, 157, 岸邊露伴在羅浮
34931986, 6.9, 1216, 怪奇事物所
26380119, 8.4, 199, 恋は雨上がりのように 1
26761573, 7.2, 768, 一条狗Ⅱ
35009913, 7.8, 362, 你说的那个朋友是不是你自己
26852675, 8.1, 262, 無節操☆Bitch社 1 (限定版)
34983166, 9.2, 105, 刘慈欣科幻漫画系列 第1辑
34839680, 8.8, 141, ONE-PUNCH MAN 一拳超人 20
30319490, 7.6, 447, 国家是怎样炼成的2
34795470, 7.9, 318, 和电风扇一起摇头
30469398, 8.4, 194, 療傷遊戲 上
34978615, 8.1, 257, 即使如此，也是不错的一天
26815038, 7.1, 857, 说医不二
06532566, 6.9, 1162, 斗罗大陆1
27047670, 8.9, 128, FIRE PUNCH炎拳3
27151970, 8.4, 192, ご利用は計画的に
30262932, 9.2, 102, 欧赫贝26国幻游记
35074652, 8.8, 136, 步天歌.2
27055849, 7.6, 426, 再一次
33455288, 8.3, 198, SPY×FAMILY 1
34855046, 8.5, 166, 唯独记得你
34430680, 9.0, 110, 正义联盟·第八卷:达克赛德战争 下
27083973, 8.5, 162, 聽見向陽之聲
33918451, 7.3, 576, 赛雷三分钟漫画世界史
19979924, 8.3, 191, 暴走邻家-1
26832457, 9.0, 108, ONE PIECE航海王： 81
34984635, 9.0, 108, 鬼滅の刃 20
30309593, 8.4, 171, めぐみとつぐみ
34845973, 8.9, 112, 秋风平地起
35034742, 9.4, 79, チェンソーマン 7
34430679, 8.9, 111, 正义联盟·第七卷:达克赛德战争 上
30372038, 9.1, 95, 童话中人
33437314, 8.3, 178, 海边的露露
26651861, 8.2, 193, Balance Policy 平衡政策 1
33451102, 8.4, 160, 你是世间最美好的色彩
27079097, 8.5, 147, 纽约客漫画全集
05988545, 9.0, 100, 東京愛的故事 3
25867040, 9.0, 99, 深淵融接 BIORG TRINITY(01)
34843741, 9.4, 75, 一人之下 17
30256582, 8.0, 224, Life 線上的我們
34882633, 6.6, 1417, 半小时漫画中国史（番外篇）
27187723, 9.1, 90, 魔法帽的工作室(01)
34950617, 9.0, 96, SPYxFAMILY：間諜家家酒（01）
33429236, 8.2, 182, 怎样玩转信息
34454512, 8.5, 140, 鏈鋸人 1
26899113, 8.4, 152, 芋蟲
30254525, 8.7, 119, ドラッグレス・セックス 辰見と戌井
34919761, 9.3, 78, 鬼滅の刃 19
34844421, 9.4, 73, 一人之下 16
34907465, 7.5, 364, 赛雷三分钟漫画中国史
30469403, 8.4, 148, 療傷遊戲 下
30400190, 8.9, 100, 你在夏日之中
27017273, 7.1, 604, 嘘，夜晚才刚刚开始
34983165, 8.8, 107, 流浪地球
26709997, 8.3, 159, 幻想女人國 1
26980823, 8.5, 134, 穿著制服的那一天
30134765, 8.8, 106, 爱在雨过天晴时 01
30181025, 8.6, 123, 寺田克也 以绘画为生的方法
34912658, 7.8, 254, 末世恋人
35016096, 9.1, 85, 杀死一只知更鸟
34852530, 8.8, 105, マイ・ブロークン・マリコ
19972249, 7.4, 394, 江戶川亂步異人館 01
27017214, 8.1, 185, 積極之戀
34923092, 9.2, 77, FIRE PUNCH 炎拳 5
24869118, 8.0, 198, クロネコ彼氏の甘え方
30357910, 7.2, 474, 想太多的猫和淡定的狗
26926564, 9.1, 80, 惡魔人 5
35075819, 8.7, 104, 老鼠什么都知道
30325307, 9.0, 83, 名偵探柯南 犯人・犯澤先生(01)
26938498, 8.5, 119, 蝶と花の関係性
26767197, 7.7, 247, 四代目．大和辰之
02277402, 7.4, 343, 兄弟限定! 第1卷
24713836, 8.7, 100, 村田雄介 漫画教室R
03930339, 8.1, 160, 幻想数学大战1
33413173, 9.1, 74, 藍色時期 1
26384484, 7.5, 293, 海邊的異邦人
34984648, 8.0, 172, 生命在于静止
34925977, 9.3, 64, 中村佑介的插画教室
30157872, 8.1, 153, 奥様はα
26768717, 8.0, 162, 我讓最想被擁抱的男人給威脅了 (第2集)
34844117, 9.1, 69, 一人之下 18
26822035, 8.7, 90, 砂与海之歌2
27055853, 8.0, 154, 智者星球
26921163, 8.7, 87, 星期戀人(02)FRIDAY→SUNDAY
34940361, 10.0, 40, 別對映像研出手！1
27047672, 8.1, 139, FIRE PUNCH炎拳4
27616603, 8.5, 100, FIRE PUNCH炎拳7
33461530, 8.5, 99, 西行纪
34992733, 8.5, 98, 戏精宿舍
27622645, 7.5, 245, 崖山
35049445, 9.6, 47, 一人之下 21
25896109, 7.5, 234, 偷窺孔 Vol.01
34912662, 8.1, 129, 空气的颜色
33420644, 6.6, 738, 你可以帮我挠挠背吗？
30221197, 8.7, 78, 1031万圣街
34807800, 8.7, 78, 我的警察先生(01)
30284018, 7.8, 163, 日用品简史
24545046, 8.1, 123, 天行轶事-壹
25952310, 8.8, 72, 海街diary 6
27088306, 7.9, 146, MODS—乞愛之徒—
35016764, 7.2, 305, 病毒、细菌与人类
30457522, 8.7, 74, 重版出来！2
33397577, 7.9, 139, 如果历史是一群喵3·秦楚两汉篇
35012557, 9.2, 53, 宝贝，一起环游世界吧！（全6册）
34922038, 8.0, 126, 水下焊工
30489294, 8.9, 63, 歡迎回來
30457523, 8.8, 67, 重版出来！3
34802295, 9.2, 52, 魔姬 第二卷 血脉
34711825, 9.3, 49, 这就是物理
26325775, 7.8, 145, 黑貓男友的寵愛方法 1
25957384, 9.6, 41, 时代漫画
35049359, 9.8, 37, 一人之下 20
26926543, 8.1, 107, 惡魔人 1
34952515, 9.0, 55, 蓝莓上尉：联盟国的宝藏
30436166, 8.3, 89, FIRE PUNCH炎拳6
26710462, 8.1, 104, 虛構推理 01
27598753, 7.4, 201, 我家戀愛好麻煩
35007046, 9.1, 51, 聪明的老板不苛责摸鱼的人
26262691, 6.8, 410, 我讓最想被擁抱的男人給威脅了
34432489, 7.9, 120, 約定的夢幻島 14
34855402, 7.5, 176, 请吃红小豆吧
34815966, 9.2, 47, 環世界
34977002, 9.4, 42, 終將成為妳 (7)
35039804, 8.9, 56, 精灵薇卡：奥伯龙之怒
34859290, 8.5, 73, 如果历史是一群喵5-乱世三国篇
34919557, 9.1, 49, 张光宇小集
33405591, 7.8, 127, 平和的你，才最美丽（小林漫画精选集治愈篇+签章版）
34912109, 9.6, 37, 爬行动物年代 : 纷争·捕猎·迁徙
34884006, 8.0, 103, 上帝的骰子
34954110, 7.5, 159, 圆圆的肥皂泡
25896465, 7.9, 109, 偷窺孔 Vol.13
34903925, 7.1, 239, 年纪轻轻，就有猫了
27199211, 7.4, 170, 正义联盟·第六卷:不义联盟
30457525, 8.4, 71, 重版出来！4
34920873, 7.9, 105, 废墟阅读者
34939826, 8.6, 61, 旁观者
34880703, 6.8, 334, 红头发的N
03443803, 7.6, 133, 独蛾
34945869, 7.4, 161, 一条草鱼
30342369, 8.1, 84, 無節操☆Bitch社 3
35015042, 8.1, 84, 赛雷三分钟漫画中国史2
25758760, 8.1, 83, 傾聽死者的聲音 01
30436480, 7.7, 115, DRAG-LESS SEX 不藥性愛 辰見和戌井
35084260, 7.0, 238, 半小时漫画科学史
02123707, 7.1, 208, 新宿夜啼鸟
26893551, 7.4, 150, 關於喜歡的人
30380325, 8.4, 64, ヤギとオオカミの発情事情
24844949, 7.4, 144, 貓科男友的逗弄方法
34797744, 7.9, 90, 約定的夢幻島 15
03176836, 7.1, 194, 那是不能吃的
26767199, 7.4, 140, 稔醫生的手
26926555, 8.2, 69, 惡魔人 3
34938997, 8.9, 43, 藏锋行
35018051, 8.9, 43, ONE-PUNCH MAN 一拳超人 21
30360218, 7.5, 123, 30歳からのカミングアウト
25795723, 7.7, 102, 淫月 〜運命の花嫁〜
26971029, 8.2, 67, 黑貓男友的溢愛方法 1
26370384, 7.0, 202, 淫夜 ～二人の花嫁～
34808287, 8.5, 53, おとなになっても 1
30295370, 8.4, 56, 閉上眼睛也能看見光
25896111, 7.6, 105, 偷窺孔 Vol.02
34984826, 9.5, 29, ONE PIECE～航海王～95
34825364, 9.8, 25, 塔希里亚故事集·秘典
27070544, 7.5, 109, 捨てないでマイヒーロー
30296475, 7.5, 109, 人匠
30387599, 7.9, 77, 成人漫畫表現史
26902389, 7.1, 160, 外出危機
06958791, 9.3, 30, 天人唐草
34940874, 8.0, 67, 最弱英雄传说
26954833, 7.8, 76, 淘气包马小跳（漫画升级版）
26939263, 8.0, 64, Q3
30376689, 8.2, 55, リスタートはただいまのあとで
26631569, 7.0, 160, トモダチ以上のこと、シたい。
04782808, 7.7, 79, 想い想われスリスラレ
27086135, 8.4, 47, 漫画家入行手册
04119960, 7.5, 92, 村上水軍作品集 Lily White
34793660, 6.8, 191, 白城血鳗
05043537, 7.3, 110, 夢魘製造機(01)
34819594, 8.7, 38, 騎乘之王
27096809, 7.1, 132, 考古入坑指南
34432501, 7.7, 75, 恋をするつもりはなかった
30331861, 7.5, 88, 再見阿爾法
35043020, 7.9, 63, 一禅小和尚：累就抱抱我，暖到你心窝
27664122, 7.3, 105, はじまりはナカから
34923494, 8.9, 29, 小王子漫画
33439350, 7.0, 117, 山羊與大野狼的發情事件
30164592, 9.0, 27, 海街diary 8
34808396, 7.8, 55, 抖S幽魂不讓我睡-02
34915850, 8.8, 29, 羅浮宮的貓
25737758, 7.8, 54, 鬼子の夢
34900455, 6.4, 226, 别害怕一个人生活
24323698, 7.1, 96, 就是要我的傲慢上司
26735016, 6.9, 118, 男子宿舍的玩具
30177179, 9.0, 25, 赛雷三分钟漫画中国史3
33446761, 7.1, 93, 白鹤三绝
34937484, 8.0, 41, 天然葡萄酒
34825792, 6.9, 103, 肉體還債完美計畫
35039412, 9.0, 23, SPY×FAMILY：間諜家家酒（02）
34988311, 7.3, 69, 約定的夢幻島 16
27166870, 7.4, 63, 才川夫妻の恋愛事情 7年じっくり調教されました
30141649, 7.6, 52, 弟弟就愛騷擾我
35023521, 9.6, 17, 安妮日记（漫画版）
34954113, 6.9, 94, 梦之海
35061971, 9.5, 17, ONE PIECE～航海王～96
35043360, 9.0, 21, SPYxFAMILY：間諜家家酒（03）
35069280, 9.2, 19, 养蜂的秘密
34462470, 6.3, 177, 黄同学漫画二战史
21324116, 6.6, 121, 惡德之褥
06810659, 8.3, 28, おやじ穴のムジナ
34902361, 8.2, 29, 看什么看，说你呢
34942112, 8.3, 27, 噴嚏
30387530, 6.9, 77, 優しいパンツの脱がせ方
30345652, 8.4, 24, 30歳まで童貞だと魔法使いになれるらしい 1
04074356, 7.2, 54, 純情的甜食情人
30289274, 7.4, 44, 莽撞HONEY
30464245, 7.0, 61, 溢れて零れて我慢できない
26919148, 6.7, 76, 赤い糸の執行猶予
27615281, 7.6, 35, エレベーター・ストラテジー
35067533, 10.0, 11, 观念生物学
35016987, 9.5, 13, 我的世界·红石学校系列·8智斗凋灵
35075716, 9.3, 14, 進擊的巨人 31
30342145, 6.8, 64, 我想被高中女生殺死 2
06872635, 6.3, 103, 放学后的秘密花园
30404437, 5.9, 168, 性の劇薬
35016973, 9.5, 12, 我的世界·红石学校系列·7末影人现身
35016998, 9.5, 12, 我的世界·红石学校系列·9幽灵沙滩
35017009, 9.5, 12, 我的世界·红石学校系列·11神秘的新同学
02244021, 6.2, 110, 属于你我的森林
30277039, 6.7, 61, 叶わぬ恋の結び方
34454796, 7.6, 29, 雙子男友雙倍的愛
35032002, 9.1, 13, DRAGON BALL超 七龍珠超 11
34961297, 6.4, 71, 巨人族の花嫁 通常版
10505091, 7.2, 34, 巨大娘研究~サブカルチャー批評の終焉と再生~
33372601, 6.4, 70, 不要啦不要啦卻深吻了起來
34961035, 8.2, 18, 漫画创作指南：剧本写作
27614545, 5.7, 164, 怦然心动2
26912818, 6.7, 48, 年下男友的甜蜜威脅
26971002, 6.0, 104, 雙子男友的雙倍調教
19895656, 6.8, 43, 保健室のヒミツ
25714128, 5.9, 103, 黑貓用尾巴來撒嬌
34852672, 7.7, 20, よふかしのうた 1
35072983, 9.2, 10, 丛林守护天使
34968883, 6.6, 40, MBTI16型人格漫画书
30464890, 7.0, 28, きみはもう噛めない
34984951, 8.3, 12, 名偵探柯南 犯人・犯澤先生(04)
30342385, 6.2, 47, 暴愛友情♥
26358185, 6.2, 43, 衝動
02210318, 5.9, 55, 被囚禁的男人
03126581, 6.6, 27, b-Boy Zips [08] 年下攻特集号
26267245, 7.0, 20, 先生はそんなこと教えてない!
26438332, 6.2, 37, 限定男友的攻陷方法
34793523, 6.7, 24, ハダカよりも奥深く
27924680, 5.9, 31, ケダモノアラシ
25775312, 5.2, 65, 双子カレシ
27131392, 6.0, 21, 桃色壞男孩
26584799, 5.6, 27, 我的癡女前妻
10548382, 5.5, 27, 三森先生のおさわり診察室
35016974, 5.0, 22, 黄同学漫画二战史2
27087989, 0.0, 11, 美眉憋不住 (3)
34959859, 0.0, 11, 成人漫畫研究史
27087850, 0.0, 12, 美眉憋不住 (2)
34854407, 0.0, 12, 先生で遊んじゃイケません!
19895668, 0.0, 20, とろけるあそび
26970611, 0.0, 23, 喝下媚藥的哥哥盯上了我的XX!? 1
30340696, 0.0, 25, 妊男~男子校で妊娠した俺。3
26778395, 0.0, 30, Deep Stalker―ソノ皮デ美少女ニナル―
35069016, 0.0, 34, 柏拉图上班记
27087332, 0.0, 37, 美眉憋不住 (1)
34900491, 0.0, 39, 疯狂山脉
26435976, 0.0, 49, 性玩具拘束人形
30351323, 0.0, 49, 植物大战僵尸2·恐龙漫画 恐龙之王
04823643, 0.0, 53, 少年嗜好女装ワールド
03277995, 0.0, 71, 銀獸學園 1
35088492, 0.0, 76, 生活蒙太奇
05501670, 0.0, 82, 筋肉男 (光彩コミックス) [コミック]
06828028, 0.0, 90, 陷落爱情
06265806, 0.0, 96, 冰冷的甜蜜
34994539, 0.0, 139, 鬼滅之刃 19
