2020-07-05 16:00:10

number of books, tag name
278, 灾难

ID, rating, votes, title
01770782, 8.9, 647945, 追风筝的人
03066477, 9.3, 222579, 三体Ⅱ
02567698, 8.8, 375319, 三体
02143732, 8.8, 91249, 灿烂千阳
03266609, 8.6, 56901, 流浪地球
05350303, 9.3, 17512, 活着
24257229, 9.1, 22334, 鼠疫
20428302, 9.1, 12133, 失明症漫记
26712353, 8.6, 20746, 血疫
26641665, 9.1, 8729, 切尔诺贝利的悲鸣
01056023, 8.6, 12990, 鼠疫
05406559, 8.8, 8054, 鼠疫
01442678, 8.7, 8652, 魚
20326626, 8.6, 8526, 少年Pi的奇幻漂流
02282097, 8.8, 6330, 像自由一样美丽
30236335, 9.0, 4537, 切尔诺贝利的祭祷
30134903, 8.9, 4312, 鼠疫
05906052, 8.6, 4288, 進擊的巨人 01
01035362, 7.9, 12495, 神的孩子全跳舞
01042434, 8.1, 7652, 安妮日记
04075203, 9.2, 1761, 鼠族（一、二部）
26906378, 9.2, 1584, 切尔诺贝利之春
03931510, 8.0, 7721, 神的孩子全跳舞
34820857, 8.7, 2781, 巨浪下的小学
03002857, 9.2, 1332, 寄生獸 (完全版) (Vol. 8)
01436655, 9.1, 1277, 寄生獸 (完全版) (Vol. 3)
05906056, 8.8, 1792, 進擊的巨人 02
03623831, 8.1, 4466, 温故一九四二
01436654, 9.1, 1216, 寄生獸 (完全版) (Vol. 4)
03002838, 9.2, 1062, 寄生獸 (完全版) (Vol. 7)
05906059, 8.7, 1639, 進擊的巨人 03
06041247, 8.8, 1457, 進擊的巨人 04
10466866, 8.9, 1300, 進擊的巨人 06
11507189, 8.9, 1252, 進擊的巨人 08
10602095, 8.9, 1242, 進擊的巨人 07
06736613, 8.8, 1344, 進擊的巨人 05
20388802, 8.9, 1185, 進擊的巨人 09
22513484, 8.8, 1189, 进入空气稀薄地带
03035593, 8.2, 2312, 崩溃
10763170, 8.4, 1632, 发条女孩
11511204, 7.4, 7060, 悖论13
03135799, 9.2, 612, 寄生獸10
05275073, 7.9, 2540, 白雪乌鸦
06885371, 8.5, 1122, 切尔诺贝利的回忆
05980471, 8.4, 1228, 生命如歌
05367332, 8.4, 1206, 请叫我英雄 Vol.1
01370244, 8.3, 1303, 末日(10)
01310155, 8.3, 1095, 莱博维茨的赞歌
03199440, 8.0, 1574, 玉米
25853069, 9.2, 415, 切尔诺贝利之花
02988328, 8.9, 539, 瑪莉的音樂盒#上
10745270, 7.6, 2548, 只剩一个角落的繁华
03700600, 7.5, 2900, 骗局
02978969, 8.3, 935, 守護她的51種方法01
24838641, 8.4, 809, 神堂记忆
06072853, 8.1, 1101, 橙红年代
30455321, 7.6, 2183, 流浪地球
01327414, 8.6, 554, 唐山大地震
30443982, 8.4, 668, 流浪地球
04138624, 9.3, 278, 大奧(02)
01507456, 8.9, 375, 唐山大地震
03148173, 8.8, 397, 守護她的51種方法05
01801846, 8.7, 420, 鼠疫
03150675, 9.1, 287, BLAME!探索者(01)
01125417, 7.9, 994, 日暮
03707708, 7.4, 1833, 寻人启事
03336414, 8.7, 373, MW 1
10548822, 7.9, 865, 特别响，非常近
03148170, 8.7, 361, 守護她的51種方法04
01469242, 7.6, 1282, 日本沉没
10416503, 6.9, 3911, 花冠病毒
03148168, 8.7, 354, 守護她的51種方法03
25957816, 7.3, 1886, 悖论13
01771379, 7.8, 917, 三尖树时代
03148167, 8.6, 357, 守護她的51種方法02
33439236, 7.8, 785, 云中记
06510996, 8.1, 544, 震度0
06858576, 9.2, 193, 古拉格群岛
05367334, 8.5, 356, 请叫我英雄 Vol.2
06972664, 8.8, 265, 神さまの言うとおり 2
01676672, 8.5, 325, 1942
06860117, 8.8, 236, 请叫我英雄 Vol.5
05441089, 8.5, 309, 垂直极限（上）
06075229, 8.5, 306, 请叫我英雄 Vol.3
06952107, 7.8, 598, 当上帝是只兔子
04821071, 8.8, 212, 漂流教室
26950083, 8.5, 273, 死亡地图
02065617, 8.1, 401, 末日(01)
06860116, 8.5, 241, 请叫我英雄 Vol.4
04025049, 7.8, 487, 末日之书
04893887, 8.3, 277, 唐山大地震
11605645, 8.6, 204, 神さまの言うとおり 4
01773699, 8.7, 178, 伊甸園01
02997267, 7.7, 453, All You Need Is Kill
30401606, 8.3, 234, 边缘信使
30376128, 8.2, 243, 不祥的蛋
21824686, 8.8, 144, 请叫我英雄 Vol.8
01206829, 7.5, 521, 末日逼近（上下）
11611099, 8.5, 181, 请叫我英雄 Vol.6
21429195, 8.7, 152, 请叫我英雄 Vol.7
01763572, 9.0, 116, 进入空气稀薄地带
20383681, 8.4, 185, 神さまの言うとおり 5
05385399, 7.2, 670, 地铁2033
24878165, 8.7, 138, 请叫我英雄 Vol.9
03337483, 8.3, 193, 芙蓉国（上下）
03156049, 8.5, 161, 夕凪之街櫻之國
03896447, 7.5, 427, 漂流網咖(01)
26773838, 7.7, 316, 寒武再临4
03162034, 7.8, 267, 顫慄寄生MANHOLE(01)
25786622, 7.7, 286, 致命接触
21474037, 9.1, 86, 進撃の巨人 10
10745485, 6.3, 2193, 地狱变
05363442, 8.7, 105, 進撃の巨人(3)
10532730, 9.1, 79, 進撃の巨人 7
10851476, 9.2, 73, 進撃の巨人 8
25757659, 8.6, 111, 漂流世界─地球下課後─(06)(完)
03125773, 8.1, 164, 末日(05)
03125775, 8.2, 148, 末日(07)
27087868, 8.8, 91, 唐山大地震（纪念版）
03125776, 8.2, 146, 末日(08)
06961019, 9.0, 79, 進撃の巨人 6
26639957, 7.9, 188, 第十一站
20284016, 9.2, 68, 進撃の巨人 9
03162036, 8.0, 169, 顫慄寄生MANHOLE(02)
06877500, 8.2, 137, 核电员工最后遗言
03880848, 6.2, 1867, 向死而生
01919120, 7.3, 332, 致命病毒(01)
06010047, 8.6, 95, 進撃の巨人 (4)
05332988, 7.4, 289, 驚爆遊戲 01
10825403, 8.0, 155, 浮城
06677592, 8.8, 81, 進撃の巨人  5
02295056, 8.4, 105, 群
03125778, 8.0, 145, 末日(09)
06835457, 8.9, 71, Extremely Loud &amp; Incredibly Close
24700969, 8.6, 87, 漂流世界─地球下課後─(05)
03162037, 7.7, 179, 顫慄寄生MANHOLE(03)
06009027, 8.3, 102, 漂流世界─地球下課後─(02)
03125779, 8.2, 110, 牡丹冠天下8 (完)
30187221, 8.5, 85, 月夜潜者
03329666, 8.9, 64, 岳(01)
24700968, 8.5, 84, 漂流世界─地球下課後─(04)
04047666, 8.0, 125, 太平輪1949
20438872, 8.3, 97, 逃生背包
25827590, 7.8, 146, 热浪
10515096, 8.3, 91, 漂流世界─地球下課後─(03)
04009365, 7.7, 153, 漂流網咖(02)
26707776, 9.2, 49, 眾神的山嶺
26868643, 7.6, 156, 全球进化
02977231, 7.5, 163, BLUE HEAVEN 1
10563606, 7.0, 283, 破壞獸 1
01066429, 8.6, 63, 大灭绝
30442837, 7.7, 127, 水刀子
03989516, 8.7, 56, 巨灾时代的媒体操作
05992212, 7.2, 201, Limit 界限 Vol.1
02302718, 8.2, 75, 传染病屋
03161691, 7.2, 184, 致命病毒(02)
27115077, 9.1, 41, Ghosts of the Tsunami
03611225, 8.9, 46, バイオメガ 6
10483500, 7.9, 92, 庞贝
24381563, 7.9, 92, 斯格拉柔达
26782381, 7.6, 115, 第5波入侵
06874607, 7.5, 122, Limit 界限 Vol.3
25865762, 8.2, 66, 无人区
10199323, 7.5, 118, Limit 界限 Vol.4
10481096, 8.8, 44, 终极抉择
10576570, 7.4, 127, Limit 界限 Vol.5
05332990, 7.7, 95, 驚爆遊戲 03
06524373, 7.4, 125, Limit 界限 Vol.2
02122863, 7.1, 169, 日本沉没
04055238, 7.7, 89, 逃離伊甸園2
05332989, 7.6, 97, 驚爆遊戲 02
10618037, 7.2, 140, 丁戊奇荒
03721274, 7.6, 95, 逃出地下铁
05980573, 8.6, 45, 吸墨鬼系列
33418927, 7.7, 85, 埃博拉，在门外徘徊的幽灵
26253304, 7.4, 109, 如果世界只有我和你
06116805, 8.3, 52, 独立摇滚手册
06730874, 7.7, 81, 驚爆遊戲 05
05375893, 7.6, 85, 驚爆遊戲 04
07067607, 7.6, 85, 魍魎の揺りかご 1
03227851, 7.9, 66, 泰坦尼克号
20257913, 7.1, 136, Limit界限 Vol.06
06397337, 7.8, 71, 灾难自救书
03128332, 8.9, 34, 火線先鋒大吾01
06856896, 7.7, 75, 驚爆遊戲 06
02983392, 7.5, 89, BLUE HEAVEN 3
25423603, 7.4, 96, 黑死病
04168854, 7.7, 72, 逃離伊甸園3
03172249, 8.9, 32, 特殊救難隊(01)
02983388, 7.5, 79, BLUE HEAVEN 2
03201169, 8.2, 46, 逃出地下铁2
04047015, 7.8, 60, COPPELION核爆末世錄(01)
04722872, 6.8, 150, 感染列岛
04262278, 7.5, 74, 逃離伊甸園4
02142747, 8.6, 32, 十胜山之恋
04198846, 7.7, 58, 第一现场
10801297, 7.4, 73, 驚爆遊戲 08
10767925, 7.6, 61, テラフォーマーズ 1
06515924, 7.6, 60, 逃离伊甸园 8
01109947, 7.4, 70, 伦敦大瘟疫亲历记
25981436, 8.8, 27, 黄河东流去
10466904, 7.4, 69, 驚爆遊戲 07
06515925, 7.5, 63, 逃离伊甸园 9
04903130, 7.4, 65, 逃離伊甸園6
25774138, 7.6, 54, 逃離伊甸園 21 (完)
01782666, 8.6, 28, The Day of the Triffids
06397011, 7.4, 60, 逃離伊甸園 7
21264416, 7.7, 46, すべてがちょっとずつ優しい世界
04898711, 6.8, 102, 玛雅预言书-2012世界末日
19969403, 7.3, 63, 破壞獸 4
01873523, 8.0, 37, In the Heart of the Sea
10725254, 7.6, 48, 魔昼
19969404, 7.3, 61, 破壞獸 5
20562532, 7.4, 51, 驚爆遊戲 10
05283487, 7.1, 65, 逃離伊甸園5
20470929, 8.2, 29, 穿过云朵的少女
34917735, 8.1, 30, 日本：生存的艺术
26587266, 7.2, 54, 叶落大地
26378895, 8.0, 30, 兴邦之难
25790089, 6.3, 137, 地狱变
20390704, 7.1, 58, 驚爆遊戲 09
01128394, 7.4, 45, 完美风暴
05952597, 7.2, 50, 末日降臨 2
01828372, 7.4, 41, 黑色的疯狂
06072917, 7.4, 41, 末日降臨 3
02449466, 8.2, 24, Heat Wave
25847442, 7.4, 40, 末日的魔法少女 01
20440631, 7.9, 25, テラフォーマーズ 2
03274534, 7.8, 24, HOTEL
10485650, 7.8, 24, 巨灾时代
04847738, 7.6, 27, 日本沉没 01
22796415, 7.3, 33, 逃離伊甸園16
02273079, 8.3, 18, The Climb
27093331, 8.0, 21, 全球进化
25721726, 6.8, 48, 破壞獸 6
22790065, 7.3, 32, 逃離伊甸園13
04044117, 5.8, 154, 忘记呼吸的小镇
01183807, 7.8, 23, 257实验室
22777173, 7.2, 33, 逃離伊甸園12
03042665, 7.5, 26, 荒山历险记1
03714645, 7.4, 26, 当灾难降临
22790092, 7.1, 31, 逃离伊甸园14
20440635, 7.4, 25, テラフォーマーズ 3
20513590, 7.8, 19, テラフォーマーズ 4
20496289, 7.7, 20, アイアムアヒーロー 11
26423331, 7.3, 25, 末日降临
33085417, 8.2, 15, 黑潮：永夜
22775818, 6.9, 33, 逃離伊甸園10
04113505, 7.7, 19, COPPELION核爆末世錄(02)
27081970, 7.7, 19, 全球进化
22790244, 6.9, 32, 逃离伊甸园15
26320157, 7.5, 21, Dead Wake
22775859, 6.8, 34, 逃離伊甸園11
04606337, 5.3, 199, 2012玛雅末日预言
03886579, 6.6, 35, 感染列島
03835583, 7.6, 17, COPPELION 1
06756450, 7.1, 23, 末日降臨 4
22631046, 6.6, 32, HUNGRY JOKER 1
26673184, 7.4, 18, 福岛核事故真相
25751670, 7.7, 15, 荒野生存
22796510, 6.5, 33, 逃離伊甸園17
04314855, 8.1, 12, AIDS 少年为何死了？
03179134, 8.2, 11, サバイバル 1
03128334, 8.0, 12, 火線先鋒大吾02
26595216, 7.3, 16, 机器人启示录
26423333, 7.4, 15, 再造世界
01824823, 6.8, 21, 明日之后
03128335, 7.8, 11, 火線先鋒大吾03
20266802, 7.4, 12, 末日降臨 5
26118834, 7.2, 11, The Collapse of Western Civilization
24717619, 7.0, 11, 末日降臨 (Vol.6)
03172010, 5.4, 23, 大灾难后的金融变局
25888252, 6.0, 10, 6000―ロクセン―（4）
04729348, 5.6, 10, 不可不知的世界5000年灾难记录
02265069, 5.0, 12, 东京大浩劫
26359006, 3.6, 58, 第三个太阳
03758118, 0.0, 10, 与世隔绝
03319861, 0.0, 12, 大灾难
