2020-07-05 16:00:10

number of books, tag name
144, 爱因斯坦

ID, rating, votes, title
02567698, 8.8, 375319, 三体
01102715, 9.1, 9675, 从一到无穷大
07647487, 8.6, 3457, 时间的形状
30320887, 9.0, 1588, 我的世界观
03071402, 8.6, 2196, 物理世界奇遇记
01707050, 9.2, 925, 狭义与广义相对论浅说
02059252, 9.6, 467, 力学
01030789, 8.6, 1230, 爱因斯坦的梦
10531723, 8.7, 1074, 爱因斯坦传
01120886, 8.9, 832, 黑洞与时间弯曲
01817332, 8.7, 571, 爱因斯坦谈人生
01761114, 9.0, 411, 物理学的进化
26141640, 8.2, 925, 戴眼镜的女孩
02124111, 8.9, 403, 世界科学技术通史
02283961, 8.9, 357, 相对论
25782226, 9.4, 187, 狭义与广义相对论浅说
26306618, 9.1, 206, 爱因斯坦传（精装珍藏版）
03730957, 9.1, 201, 爱因斯坦
27074686, 8.6, 267, 我的世界观
02984016, 8.8, 223, 爱因斯坦晚年文集
01459010, 8.8, 202, 量子史话
24747173, 8.4, 281, 时间的形状
06060527, 9.2, 143, 爱因斯坦文集（全三卷）
07154320, 7.5, 759, 与爱因斯坦月球漫步
01338482, 8.8, 193, 別鬧了，費曼先生
01865875, 9.1, 148, 爱因斯坦文集（第一卷）
30297157, 8.6, 221, 爱因斯坦的梦
01345685, 8.8, 180, Einstein&#39;s Dreams
04709933, 9.6, 100, 爱因斯坦文集（第一卷）（增补本）
01866146, 8.5, 226, 爱因斯坦的宇宙
25775662, 9.0, 148, 可畏的对称
01016814, 8.1, 323, 爱因斯坦的圣经
01161333, 8.5, 218, 爱因斯坦传（上下）
06952045, 8.2, 257, 量子理论
34809817, 8.3, 223, 追捕祝融星
24839347, 8.8, 132, 愛因斯坦的夢
26892734, 7.4, 484, 信使
26422773, 8.4, 146, 爱因斯坦传
03886830, 7.6, 316, 爱因斯坦信上帝吗？
02127452, 8.9, 95, Einstein
03022778, 9.1, 76, 爱因斯坦传（世界名人传记丛书）
01390937, 8.8, 92, 走近爱因斯坦
07916115, 8.2, 148, 爱因斯坦自述
30305866, 9.0, 78, 物理学的进化
26663607, 8.6, 103, 时与光：一场从古典力学到量子力学的思维盛宴
30187799, 8.4, 120, 给孩子讲相对论
26662654, 8.5, 98, 人类的未来会好吗
30469078, 8.9, 71, 物理学的进化
06533225, 9.1, 61, 爱因斯坦的望远镜
03210918, 6.7, 575, 终极理论
03065647, 8.2, 102, 爱因斯坦传
04808410, 9.3, 47, Einstein
01704807, 8.7, 66, 爱因斯坦
05980590, 8.8, 48, 爱因斯坦传
01073879, 8.3, 66, 爱因斯坦传-窥见上帝秘密的人
25795520, 7.1, 196, 花钱带来的幸福感
25807963, 8.3, 65, 爱因斯坦谈人生
05417231, 8.6, 47, 玻恩-爱因斯坦书信集 (1916-1955)
05449794, 8.0, 68, 爱因斯坦档案
02177375, 8.2, 58, 爱因斯坦论犹太人问题
03778677, 9.2, 30, Why Does E=mc2?
01443472, 8.4, 47, 普通认识论
02353845, 9.0, 32, 探求上帝的秘密
26733404, 8.7, 35, 爱因斯坦相对论100年
10781065, 9.1, 28, 好奇年代
26675529, 7.0, 125, 爱因斯坦与上海神秘人
04139334, 7.3, 92, 我眼中的世界
01813971, 8.0, 51, 一个真实的爱因斯坦
26043063, 8.3, 40, 爱因斯坦晚年文集
02058202, 8.6, 33, The World As I See It
26717699, 9.4, 22, 觀念與意見: 愛因斯坦散文集
01020282, 7.7, 58, 爱因斯坦
23038609, 7.2, 84, 启发每个人思维的数学小书
27107456, 7.3, 74, 爱因斯坦的宇宙
30426667, 8.3, 34, 爱因斯坦语录（终极版）
30296609, 8.2, 36, 黑洞之书
26762145, 9.2, 20, 爱因斯坦的宇宙
03544905, 8.1, 36, 新爱因斯坦语录
01316972, 9.4, 18, 爱因斯坦全集:第二卷:瑞士时期(1900~1909)
30306730, 8.3, 31, 爱因斯坦传
01863621, 7.7, 45, 爱因斯坦在中国
05914561, 8.8, 23, 物理学的进化
01400701, 7.9, 38, 关于时间
03798818, 7.9, 38, 爱因斯坦的圣经
26819412, 8.6, 25, 谁得到了爱因斯坦的办公室
02041689, 7.2, 65, 视读相对论
03033781, 8.7, 22, 爱因斯坦的人生方程
01468319, 9.0, 19, Einstein&#39;s Dream
10593776, 7.6, 42, 你错了，爱因斯坦先生！
01829447, 8.1, 30, 爱因斯坦、德国科学与文化
01133875, 8.2, 27, 相对论导引
01179939, 8.2, 27, 爱因斯坦传
02986990, 7.5, 41, 爱因斯坦尚未完成的交响乐
26830251, 7.4, 42, 量子群星闪耀时
34672466, 9.8, 12, 相对论之路
04916073, 8.1, 25, 爱因斯坦箴言
26411916, 7.9, 28, 创意天才的思维方法
01061524, 8.7, 18, 爱因斯坦
01024109, 8.0, 23, 爱因斯坦的智慧
34452937, 9.4, 12, 时空密码——揭开相对论奥秘的科学之旅
25844876, 8.4, 18, 乘着光束飞驰
01023955, 8.0, 22, 犹太名人读本
25662140, 7.7, 26, 爱因斯坦传
19987799, 7.7, 25, 坐在爱因斯坦对面
01391778, 7.9, 22, 镜头下的爱因斯坦
04926582, 7.7, 24, 猫咪眼里的万花镜
02206892, 7.5, 25, 爱因斯坦的宇宙
01149428, 6.7, 45, 爱因斯坦传
25775903, 6.2, 74, 日出：量子力学与相对论
04733818, 8.9, 12, 爱因斯坦晚年集
01121571, 7.3, 25, 爱因斯坦传
30224037, 8.3, 14, When Einstein Walked with Gödel
25924611, 6.3, 56, 创造者
01121366, 7.9, 16, 爱因斯坦语录
04929561, 7.2, 24, 相对论百问
03342960, 7.8, 16, 相对论时空
01792405, 7.0, 26, 鲜为人知的爱因斯坦
02360394, 7.1, 23, 爱因斯坦的私生活
02434546, 8.1, 13, Inside the Victorian Home
04270885, 7.5, 16, 谁动了爱因斯坦的大脑
02215768, 7.6, 15, 细说相对论
03182204, 7.8, 13, 爱因斯坦年谱
11539242, 7.1, 19, 宇宙与人生
01287414, 7.0, 20, 影响世界历史的三个犹太人
30389948, 6.6, 26, 爱因斯坦与柏格森之辩
06854079, 7.7, 12, 看得见的相对论
01281817, 6.2, 31, 爱因斯坦与大科学的诞生
02015606, 7.6, 12, 爱因斯坦与相对论
19989589, 6.7, 20, 爱因斯坦在柏林
01042577, 7.7, 11, 爱因斯坦奇迹年
01025769, 7.9, 10, 爱因斯坦
25916625, 7.8, 10, 相对论的意义
07052785, 5.9, 36, 临终谜题
01142571, 7.2, 13, 恋爱中的爱因斯坦
03284103, 7.5, 11, 爱因斯坦文集 第三卷
03675467, 6.6, 14, 多情爱因斯坦
26896871, 6.3, 11, 爱因斯坦自述
27135236, 5.8, 11, 爱因斯坦传
05063863, 5.1, 13, 爱因斯坦自述
03649795, 0.0, 10, 愛因斯坦-他的人生  他的宇宙
26728451, 0.0, 10, 爱因斯坦的梦想---相对论、量子力学和引力波
04139333, 0.0, 11, 阅读爱因斯坦
04926780, 0.0, 11, 爱因斯坦
01425152, 0.0, 14, 爱因斯坦
