2020-07-05 16:00:10

number of books, tag name
371, 犹太

ID, rating, votes, title
01770782, 8.9, 647944, 追风筝的人
01803022, 9.0, 15959, 圣经
01062343, 9.2, 9840, 昨日的世界
03537590, 8.4, 20146, 朗读者
04238162, 9.4, 4307, 昨日的世界
06152040, 9.1, 5944, 维特根斯坦传
21570668, 9.3, 4314, 会饮篇
02180619, 8.0, 28059, 偷书贼
26861418, 9.5, 3124, 奥斯维辛
20441569, 9.3, 3513, 被淹没和被拯救的
02282097, 8.8, 6330, 像自由一样美丽
01467776, 8.4, 10724, 朗读者
25883305, 9.1, 3407, 阿拉伯的劳伦斯
10583781, 8.8, 4138, 朗读者
01201620, 8.3, 7442, 人类群星闪耀时
27615361, 9.5, 1582, 昨日的世界
26354440, 9.0, 2518, 野蛮大陆
27072981, 8.7, 3677, 遗产
01042434, 8.1, 7652, 安妮日记
04075203, 9.2, 1761, 鼠族（一、二部）
03101021, 8.7, 3195, 极权主义的起源
01083054, 9.1, 1709, 现代性与大屠杀
25756955, 9.0, 1740, 爱与黑暗的故事
03228779, 8.7, 2281, 出埃及记
26834183, 8.6, 2575, 艾希曼在耶路撒冷
30269311, 9.1, 1400, 以色列
01780277, 8.7, 1987, 法兰西组曲
03431988, 9.0, 1374, 人的境况
01439706, 9.1, 1161, 和合本紅字版聖經
01274953, 8.9, 1413, 伦理学
01276479, 8.9, 1384, 发达资本主义时代的抒情诗人
01944205, 8.9, 1307, 追寻记忆的痕迹
03127852, 8.6, 1857, 推销员之死
25986748, 8.2, 3088, 我的应许之地
02245449, 8.7, 1583, 爱与黑暗的故事
01359005, 8.7, 1357, 活出意义来
03902733, 9.0, 943, 红色骑兵军
04753689, 8.2, 2317, 莎拉的钥匙
01074155, 8.9, 990, 骑兵军
24525766, 8.8, 1079, 记忆小屋
25858095, 8.7, 1151, 我是你的男人
03546250, 7.9, 3227, 寄居者
01886273, 8.3, 1632, 安妮日记
22638869, 8.6, 1123, 耶路撒冷三千年
01051659, 8.9, 753, 我与你
25900687, 8.6, 937, 夜
02999785, 8.4, 1156, 塔木德
03633809, 8.9, 665, 辛德勒名单
04219120, 8.4, 1131, 流浪的星星
01310188, 8.3, 1259, 魔鬼出没的世界
25844426, 8.8, 708, 反抗“平庸之恶”
01919879, 9.0, 563, 夜
25936051, 8.7, 741, 我的一生
01063627, 8.7, 728, 安妮的日记
01437686, 8.8, 640, 自由及其背叛
01019308, 8.0, 1615, 圣经的故事
01082601, 7.5, 3159, 羊皮卷
06742607, 8.4, 909, 偷书贼
06745115, 8.5, 793, 安妮日记
03042252, 8.8, 554, 约瑟夫有件旧外套
01827054, 9.2, 378, 诺斯替宗教
01794666, 8.7, 592, 巴黎，19世纪的首都
03598390, 8.5, 635, 安妮日记
01732998, 8.9, 417, 傻瓜吉姆佩尔
06854647, 8.7, 504, 大卫的伤疤
03645098, 8.7, 503, 生活在音乐中
05269192, 7.8, 1446, 创业的国度
01769726, 9.5, 246, The Complete Maus
03371237, 8.8, 449, The Boy in the Striped Pyjamas
30397063, 8.2, 844, 被涂污的鸟
26353607, 8.3, 742, 为你，耶路撒冷（上下册）
01925865, 9.1, 321, 摩西五經
01315775, 8.5, 562, 知性改进论
02758522, 8.5, 530, The Book Thief
01475583, 9.4, 229, Maus
07060197, 8.6, 461, 魔桶
03323308, 9.2, 244, 关于犹太人问题
26916427, 8.5, 453, 为你，耶路撒冷
01438394, 8.3, 543, 更多的人死于心碎
05989231, 8.1, 676, 别问我是谁
34942379, 8.9, 298, 移民
01737320, 8.1, 640, 安妮日记
03077186, 8.0, 700, 群氓之族
04082015, 7.9, 764, 了了
01864292, 9.3, 190, Eichmann in Jerusalem
01337282, 8.0, 650, 我的米海尔
01547744, 8.9, 259, 卡夫卡集
04320831, 8.8, 282, 责任与判断
01047120, 8.4, 399, 神学政治论
03348703, 7.9, 687, 耶路撒冷之鸽
01376870, 9.3, 177, The Origins of Totalitarianism
02998520, 8.0, 554, 论小丑
10577556, 7.8, 682, 中东现场
05363818, 8.0, 515, 我的米海尔
24749997, 8.2, 399, 耶路撒冷异乡人
02249411, 8.1, 434, 伊莎贝尔
07065568, 8.1, 428, 卢布林的魔术师
01818298, 8.6, 255, 艾·辛格的魔盒
27113372, 8.6, 254, 父亲的失乐园
01084821, 8.6, 253, 黑匣子
26597441, 8.7, 231, 像自由一样美丽
01940588, 8.5, 271, 卢布林的魔术师
06000487, 8.7, 208, 大卫之星
01815468, 8.7, 202, Number the Stars
03094726, 8.3, 283, 大卫·格德尔 舞会
02998522, 8.3, 281, 流氓的归来
01585889, 8.7, 195, 蓝山
01813779, 9.1, 141, 辛格短篇小说集
30281408, 9.5, 105, 罗特小说集5
25718213, 8.7, 186, 像自由一样美丽
24226729, 7.0, 1235, 晚安玫瑰
25897763, 8.3, 249, 周期表
01559665, 8.4, 225, 审判
26971461, 8.2, 256, 动物园长的夫人
01022973, 8.5, 193, 卢布林的魔术师 冤家，一个爱情故事
06560664, 8.5, 186, 修配工
04055787, 8.9, 130, 以色列游说集团与美国对外政策
07175388, 8.8, 132, Jerusalem
01148767, 8.0, 261, 汉娜的手提箱
01480549, 8.3, 194, 施尼兹勒的世纪
30121303, 9.0, 108, 安妮日记
02244645, 7.9, 275, 孤独之酒
03693094, 8.4, 169, 数星星
30319982, 7.9, 270, 圣经与利剑
05354950, 7.6, 371, 特别狠心特别爱
24846632, 7.8, 294, 国家阴谋2：英国刺客
25751980, 7.4, 457, 他们以为他们是自由的
01786385, 8.4, 161, 莫称之为夜晚
27014578, 7.8, 283, 魔桶
06012778, 7.9, 252, 纳粹与理发师
01507984, 8.1, 203, 了解女人
03673640, 7.2, 548, 瓦地的小号
03420483, 7.3, 474, 秘密
25732175, 8.0, 215, 国家阴谋3：梵蒂冈忏悔者
24871240, 9.2, 82, 安息日的真谛
01261543, 8.2, 175, 旧约概论
01289221, 7.9, 232, 拉维尔斯坦
19955765, 8.8, 104, 列维纳斯与“书”的问题
10785920, 7.7, 277, 虚构的犹太民族
04212270, 8.9, 96, 以色列与启示
03144817, 8.6, 118, 基督教思想史
34986715, 9.2, 73, 东西街
01085494, 8.3, 140, 魔桶
06729189, 8.4, 128, 假面舞会
04105450, 8.6, 107, 过时的人（第一、二卷）
04193469, 8.2, 148, 以色列人
26925448, 7.3, 364, 耶路撒冷告白
10565884, 7.7, 228, 寄居者
04102183, 8.1, 154, 以色列史
01870326, 8.2, 135, 苏菲的抉择
19940447, 7.2, 383, 为什么不杀光？
01768892, 8.8, 84, 证之于：爱
01500047, 8.6, 97, 给未出生的孩子做安息祷告
06016229, 8.2, 133, 沙海无澜
30176813, 8.4, 110, 一个犹太人的上海记忆
03196477, 8.6, 93, 伙计
02737396, 8.9, 75, Number the Stars
30320882, 8.7, 86, 地中海东岸诸港
10810671, 8.7, 82, 穿条纹衣服的男孩
04011409, 7.6, 209, 阿伦特与海德格尔
03574396, 8.3, 109, 犹太文化之旅
25845259, 7.7, 179, 重庆往事
02988927, 7.6, 196, 黑暗时期三女哲
26720841, 7.4, 241, 犹太人的故事
01444940, 6.9, 442, 艺术的阴谋
26416321, 7.0, 386, 塔木德
06387169, 6.9, 440, 犹太人与犹太教
03894821, 7.7, 166, 五千年犹太文明史
01165193, 8.2, 106, 大众塔木德
01133376, 9.1, 55, 迷途指津
01084227, 8.0, 121, 上帝·死亡和时间
01779801, 7.9, 130, 法国与德雷福斯事件
03245945, 9.3, 47, 弹子袋
21983612, 8.3, 91, Love and Math
27024116, 7.7, 146, 我为何放弃做犹太人
03353461, 8.1, 102, Sarah&#39;s Key
34396190, 7.9, 121, 敌人与邻居
01219123, 7.8, 129, 犹太人的智慧全集(珍藏版)
26862973, 7.6, 156, 犹太人千年史
01904361, 7.6, 153, 与狼为伴-不一样的童年
10473369, 8.4, 76, 爱这个世界
03909892, 7.3, 204, 我的母亲是纳粹
03743192, 7.2, 225, 犹太人思考术
01941408, 8.0, 102, 列维纳斯
01323763, 7.7, 133, 失落的文明：犹太王国
34976033, 9.7, 34, 纳粹军官的犹太妻子
01831774, 8.8, 54, 波兰斯基回忆录
03132220, 9.5, 36, A Tale Of Love And Darkness
01881701, 7.5, 150, 生活在约旦河西岸
26851890, 7.4, 148, 虚构的犹太民族
01063517, 7.3, 163, 犹太人的智慧
02033340, 8.1, 78, 伙计
26925388, 9.4, 33, 罗森茨维格
25873061, 9.1, 38, 古犹太历史文化语境下的希伯来圣经文学研究
01772439, 8.5, 54, American Pastoral
30281410, 8.9, 42, 罗特小说集6
26225320, 7.5, 117, 永生之书
01255010, 8.9, 41, 觅人的上帝
02362642, 8.5, 52, 神、人及其幸福简论
03989685, 8.7, 45, 海琳日记
21334478, 8.0, 72, 家庭絮语
02343734, 8.6, 47, The Yiddish Policemen&#39;s Union
34873566, 8.2, 59, 耶路撒冷三千年（全新增订版）
05392509, 8.5, 48, 圣诞礼物
01852532, 7.6, 95, 犹太人之谜
02177375, 8.2, 58, 爱因斯坦论犹太人问题
26606750, 7.9, 72, 琥珀眼睛的兔子
10345574, 7.8, 78, 提琴里的手稿
04213819, 8.4, 50, 犹太哲人与启蒙
01192041, 7.7, 82, 塔木德
01791062, 7.8, 75, 犹太史
02080781, 8.0, 61, 希伯来与希腊思想比较
01069906, 6.9, 170, 犹太人为什么优秀
03090872, 8.4, 46, 以色列与启示
27017986, 8.7, 38, 安妮日记
21690526, 7.9, 63, 名字之歌
01062043, 7.6, 80, 批评家之死
03057979, 9.0, 31, 弹子袋
01772485, 8.6, 38, The Shawl
03411404, 7.5, 80, 《出埃及记》释义
25977265, 8.2, 45, 上帝呀，你挨过饿吗？
25859172, 7.4, 82, 为什么他们是犹太人
27004772, 7.2, 96, 犹太致富金律
02343581, 7.1, 106, 思危：犹太人的赚钱哲学
02262877, 8.1, 46, 永世流浪的犹太人史
06969145, 8.1, 44, 斯宾诺莎传
25786411, 8.5, 34, 救赎之星
01938841, 7.6, 63, 古兰经的故事
06085415, 7.6, 63, 战时谎言
30187768, 8.2, 40, 大屠杀与集体记忆
01825828, 7.7, 57, 犹太人的故事
30254381, 8.1, 42, 若非此时，何时？
01461671, 9.2, 22, The Guide of the Perplexed
03433162, 7.6, 57, 午间女人
25770211, 7.6, 57, 与撒旦的约定
26365964, 8.0, 42, 芬奇-孔蒂尼花园
25713491, 8.2, 36, 犹太文明史话
01860609, 7.5, 59, 鬼使山庄
03026216, 6.9, 102, 犹太教
01547009, 7.4, 61, 论犹太教
25850138, 8.3, 32, 学习旧约圣经的经典教科书
01033939, 8.1, 36, 阿伯特
01048724, 8.0, 38, 论凝思的生活
01390639, 8.0, 38, 世界上最成功的教育
05910459, 7.7, 46, 杰洛米的赌注
03138334, 9.5, 17, Theological-Political Treatise
33464844, 7.8, 42, 到得了远方，回不去故乡
01015044, 8.5, 27, 一个模范丈夫的自白
01866946, 8.1, 34, 犹太人告白世界
30376574, 8.1, 34, 犹太文明
26352872, 8.1, 33, 安妮日记
01943470, 8.2, 31, 希伯来语圣经
02011837, 7.9, 35, 谜一般的犹太人
24761065, 8.2, 28, Disgraced
33474428, 8.4, 25, 犹太人与词语
01798356, 9.2, 17, Humboldt&#39;s Gift (Penguin Classics)
25729117, 8.0, 31, 施特劳斯与流亡政治学
03547688, 9.3, 16, Herzog
01034239, 7.5, 42, 犹太人历史
26297652, 7.6, 38, 特别狠心特别爱2
01457677, 8.8, 19, 魔术师·原野王
04220793, 9.5, 14, 古希伯来语教程
05035809, 7.9, 30, 文化的流亡
01423484, 7.7, 34, 快乐书
01909194, 7.4, 41, 提篮桥
05350302, 7.4, 40, 巴勒斯坦之恋
30479015, 7.7, 32, 锡安长老会纪要
03596682, 9.0, 16, 犹太教
01546603, 8.6, 19, 阿以冲突
01878051, 8.5, 19, The History of Love
05269123, 8.6, 18, 創造驚人成就的猶太式學習法
01162963, 6.8, 60, 希伯来文化
26617220, 7.9, 26, 犹太神秘主义概论
01505610, 7.6, 31, 希伯来语语法
01424821, 7.8, 27, 米拉尼的小提琴
26719079, 7.8, 27, 古以色列史
03007014, 8.2, 21, 美国犹太文学
25720353, 8.2, 21, 荒漠之岩
25849098, 7.6, 30, 以色列史
02958380, 8.0, 23, Bread Givers
26646230, 9.2, 13, 被詛咒的勝利
11498476, 7.2, 38, 别了
26334688, 7.8, 25, 地方法院
01422832, 7.0, 44, 中东国家通史（以色列卷）
01009388, 7.1, 40, 犹太文明
01561386, 8.2, 19, 犹太人在哈尔滨
01547010, 8.1, 20, 犹太教:一种文明
30488079, 7.0, 41, 虚构的以色列地
30463232, 7.9, 22, 本来
01283608, 7.1, 37, 希伯来语教程
03591973, 8.0, 20, 犹太人的奇异思想
04727297, 8.2, 18, 从奥斯威辛集中营到澳大利亚
05977440, 9.1, 12, 犹太政治传统（第1卷）
10573455, 6.9, 40, 希伯来文化
03591963, 8.0, 19, 犹太五千年的智慧
30211831, 9.0, 12, 黑土：大屠殺為何發生?
03081828, 7.1, 33, 犹太战争
10755820, 8.4, 15, 古典时代犹太教导论
02036228, 8.7, 13, 上海犹太难民社区： 1938-1945
26289084, 8.7, 13, 安妮日记
01181180, 7.9, 19, 近现代犹太宗教运动
25786425, 9.4, 10, 理性宗教
01078286, 7.2, 29, 犹太家教智慧
05980117, 9.1, 11, 犹太政治传统（第2卷）
06862216, 7.3, 27, 摩西！摩西！
01085527, 7.4, 25, 何去何从
07056734, 7.8, 19, 民主国家的法官
01059648, 8.4, 14, 犹太之旅-世界文明图库
01075451, 7.0, 31, 以色列2000年
06749743, 7.8, 18, 卡巴拉科学及生命的意义
26952651, 6.4, 49, 牲人祭
03137197, 6.8, 34, 犹太人
01210151, 6.6, 40, 上海大班哈同外传
27078645, 7.5, 20, 犹太史研究入门
06432697, 6.7, 35, 空间·故事·上海犹太人
01896936, 8.5, 12, 雷诺兹夫人
01245718, 8.0, 15, 现代犹太哲学
01531088, 8.1, 14, 犹太名人传(科学家卷)/犹太名人传丛书 (精装)
03591941, 7.9, 15, 犹太格言集
01253595, 8.2, 13, 天下通道精义篇
02056331, 7.5, 18, 犹太教中的柏拉图门徒
02066322, 7.1, 23, 今日以色列
03082011, 7.3, 20, 耶路撒冷
02184603, 7.7, 15, 犹商
01224093, 7.2, 20, 以色列百年风云（上下）
02026131, 6.8, 26, 犹太人为什么聪明
02185607, 7.1, 21, 希腊化世界中的犹太人
26298605, 5.9, 61, 罗斯柴尔德家族简史
26746884, 7.9, 13, 驳希腊人
30854702, 7.2, 19, 养育下一代创新者：犹太教育对中国的启示
26584692, 7.4, 16, 犹太人与现代资本主义
21971523, 8.1, 11, 抉择
06389891, 7.2, 17, 犹太人笔记本的秘密
03783006, 8.0, 11, 犹太式管理
01454554, 7.8, 12, 新史学.第三辑
10430939, 7.6, 13, 西方史学通史 第二卷 古典时期
01043432, 7.0, 18, 犹太教史
01431511, 6.9, 19, 犹太人的赚钱智慧
01732580, 7.0, 17, 一脉相传犹太人
01275691, 7.8, 11, 大屠杀后遗症
01832733, 7.0, 16, 以色列战鹰沙龙
01100471, 7.2, 14, 一个半世纪以来的上海犹太人
01427250, 7.3, 13, 中国的犹太人
03129234, 7.6, 11, 上海旧事之跷脚沙逊
26630958, 7.2, 13, 犹太七色光
01275571, 7.7, 10, 父辈的世界
02247150, 6.7, 17, 论律法
01734304, 6.6, 18, 河南犹太人
03567708, 6.7, 16, 上海犹太人社会生活史
01187325, 5.8, 34, 犹太十杰
10483281, 6.9, 13, 迫害、灭绝与文学
01803212, 7.0, 12, 通向死亡之路
03265492, 7.0, 12, 犹太人凭什么赢
10517494, 6.2, 19, 从耶路撒冷到北京
01039617, 6.8, 12, 古犹太文化史
03132058, 6.8, 12, 塔木德智慧枕边书
03085554, 6.7, 12, 犹太文明
03591956, 6.5, 12, 犹太笑话集
01810913, 6.2, 13, 操纵美国命运的犹太人
04849979, 6.6, 10, 塔木德大全集
02428476, 0.0, 10, Neighbors
03148419, 0.0, 10, Antisemitism
05361697, 0.0, 10, 犹太文化与以色列社会政治发展
19941945, 0.0, 10, 以色列摩萨德档案
01425548, 0.0, 11, 犹太智慧故事
04324438, 0.0, 11, The Jewish Study Bible
01319816, 0.0, 12, 犹太智慧书
01823666, 0.0, 12, 犹太人在中国
26653370, 0.0, 12, The Jewish Antiquities  / 猶太古史記（完整版中文翻譯）
03802394, 0.0, 13, 犹太人经商哲理
01652938, 0.0, 23, 犹太人的经商之道全集
