2020-07-05 16:00:10

number of books, tag name
554, 王小波

ID, rating, votes, title
04913064, 9.4, 496879, 活着
06082808, 9.2, 294587, 百年孤独
01008145, 8.9, 372562, 围城
01082154, 9.1, 190799, 活着
20427187, 8.8, 276236, 看见
10594787, 9.0, 184332, 霍乱时期的爱情
01029791, 8.8, 191241, 许三观卖血记
01054685, 9.1, 100738, 沉默的大多数
01041482, 8.9, 143757, 万历十五年
01089243, 8.9, 124073, 黄金时代
01061118, 9.1, 86507, 活着
03995526, 8.6, 185211, 目送
01017143, 8.5, 200887, 不能承受的生命之轻
01141406, 8.5, 186825, 简爱（英文全本）
01209899, 9.1, 59161, 我与地坛
04238362, 8.6, 126794, 送你一颗子弹
03071717, 8.8, 84668, 爱你就像爱生命
01082387, 9.3, 35131, 一九八四·动物农场
01858576, 9.3, 31339, 一九八四
01767945, 8.8, 67476, 一只特立独行的猪
01786670, 8.9, 52345, 百年孤独
01948901, 8.3, 160114, 盗墓笔记
05299764, 9.4, 20464, 1984
03813669, 8.6, 69122, 民主的细节
01014578, 9.1, 28792, 我的精神家园
01082406, 8.9, 38696, 黄金时代
06880158, 8.8, 44084, 陆犯焉识
06798611, 8.7, 47506, 史蒂夫·乔布斯传
01775691, 8.4, 81347, 少有人走的路
06789605, 9.1, 23066, 树上的男爵
01863930, 8.8, 34012, 看不见的城市
01426971, 8.8, 30175, 野火集
10522856, 9.0, 17894, 冬牧场
01418686, 8.7, 27666, 红拂夜奔
01529893, 8.0, 90410, 莲花
10738023, 8.7, 24762, 了不起的盖茨比
01213546, 8.4, 40967, 变形记
03518332, 9.0, 15206, 绿毛水怪
01776683, 9.0, 14345, 沉默的大多数
02380307, 8.8, 17228, 激荡三十年（下）
01085883, 8.7, 20026, 青铜时代
01559310, 9.0, 12554, 鹿鼎记
01082150, 8.4, 28333, 白银时代
03649782, 8.6, 19855, 达·芬奇密码
01008189, 8.9, 11519, 西方哲学史（上卷）
02158684, 9.1, 8595, 象棋的故事
02328458, 9.1, 8451, 社会性动物
01143694, 8.3, 28703, 动物凶猛
01418180, 8.9, 10128, 思维的乐趣
27013716, 8.9, 9349, 沉默的大多数
01883991, 9.4, 4702, 王小波全集
04872671, 8.2, 27465, 佛祖在一号线
01048007, 8.2, 26142, 高效能人士的七个习惯（精华版）
01082407, 8.8, 9606, 青铜时代
03901880, 9.0, 7042, 沉默的大多数
27013741, 8.8, 8832, 黄金时代
02376486, 8.9, 7268, 中国近代史
01883992, 9.0, 6337, 黄金时代
01066165, 9.3, 4306, 卡尔维诺文集（第三卷）
01917972, 7.8, 45237, 在路上
05990251, 8.5, 12901, 西藏生死书
01096790, 8.7, 9441, 黑铁时代
03025618, 9.4, 3678, 我们的祖先
03987362, 8.9, 6948, 春雪
01482200, 9.0, 6042, 我的精神家园
02243213, 7.8, 43029, 山楂树之恋
02136484, 8.7, 8908, 如果在冬夜，一个旅人
01815640, 9.1, 5068, 王小波全集（第一卷 杂文）
05040220, 8.9, 6295, 蒋勋说红楼梦（第一辑）
30163860, 9.1, 4763, 绿毛水怪
01069685, 8.6, 9506, 爱你就像爱生命
04836682, 8.5, 10775, 告白
01049219, 7.4, 81904, 长安乱
01763809, 8.7, 7551, 红拂夜奔
03264642, 8.8, 6423, 似水流年
03194071, 8.6, 8458, 少年巴比伦
01777932, 8.7, 7170, 寻找无双·东宫西宫
01012637, 8.2, 15547, 牛虻
27013708, 8.6, 8218, 一只特立独行的猪
03264665, 8.7, 6897, 三十而立
01851385, 7.9, 25134, 我的名字叫红
01764991, 8.9, 5160, 我的阴阳两界·革命时期的爱情
01049957, 8.7, 6780, 浮士德
01763806, 8.5, 9020, 万寿寺
04099464, 9.3, 3033, 一九八四
01132956, 8.4, 9949, 白银时代
06425061, 8.5, 8444, 哲学家们都干了些什么？
02213272, 9.4, 2578, 1984
06018916, 9.0, 4128, 许三观卖血记
01822862, 8.9, 4555, 王小波全集：红拂夜奔（第四卷）
01818426, 9.3, 2762, 教父
01015584, 8.1, 14270, 看上去很美
01082578, 9.0, 3734, 理想国与哲人王
26853356, 8.9, 4216, 鱼王
05292912, 8.0, 16163, 1988：我想和这个世界谈谈
01436713, 9.0, 3584, 青铜时代
01082577, 8.7, 5311, 黑铁时代
10439064, 8.9, 4011, 发现之旅
01822857, 9.0, 3396, 王小波全集（第二卷 杂文）
06937888, 8.6, 5776, 树犹如此
03879026, 8.2, 10541, 死亡通知单
19962936, 8.7, 4850, 只是孩子
01013801, 8.8, 4219, 倾城
01049477, 8.0, 13838, 一半是海水一半是火焰
03643270, 9.2, 2494, 新千年文学备忘录
01703544, 7.4, 43432, 兄弟（下）
01872158, 8.2, 9682, 蝇王
01032431, 9.0, 3068, 卡尔维诺文集（第五卷）
02216583, 8.8, 3927, 沉重的肉身
27111096, 8.6, 5030, 爱你就像爱生命
26738729, 9.2, 2326, 沉默的大多数
01436716, 9.1, 2606, 黄金时代 白银时代
06794021, 7.8, 17143, 红手指
04010186, 8.6, 4773, 跌荡一百年（下）
01477437, 8.9, 3172, 唐人故事
03071688, 8.7, 4010, 黄金时代
02015357, 9.1, 2415, 王小波全集（第六卷）
03018339, 7.7, 19209, 万物生长
03313327, 8.6, 4476, 跌荡一百年（上）
03264644, 8.8, 3383, 地久天长
01052360, 8.9, 2918, 卡尔维诺文集（第四卷）
01849791, 8.6, 4075, 铁皮鼓
06902318, 8.8, 3045, 黄金时代
03518334, 8.9, 2662, 我的阴阳两界
01767310, 9.0, 2321, 黄金时代 黑铁时代
06902321, 8.8, 2959, 沉默的大多数
01439441, 9.0, 2299, 伯罗奔尼撒战争史
03176760, 8.4, 4925, 革命时期的爱情
04016689, 9.1, 1993, 王小波全集（第一卷 杂文）
27071421, 9.0, 2230, 爱你就像爱生命（精装全彩珍藏）
06312377, 8.8, 2794, 爱你就像爱生命
01078554, 8.0, 8371, 情人
19986372, 8.8, 2653, 沉默的大多数
10877051, 9.1, 1780, 顾城哲思录
02283920, 8.5, 3757, 西方哲学史
05421787, 8.0, 7782, 定位
03055719, 8.7, 2809, 经济学的思维方式（第11版）
01015748, 8.8, 2452, 开放社会及其敌人（全二卷）
01963786, 8.5, 3569, 怎样鉴别黄色歌曲
10555538, 9.2, 1499, 美国讲稿
10199132, 9.0, 1859, 黄金时代
01023709, 8.4, 3988, 被背叛的遗嘱
06902319, 9.1, 1644, 夜行记
03908240, 7.7, 11928, 情人
01015398, 8.8, 2143, 卡尔维诺文集（第二卷）
10733032, 8.3, 4127, 王二的经济学故事
01870262, 8.6, 2736, 帕洛马尔
01807769, 8.8, 2071, 假如你愿意你就恋爱吧
02981589, 8.7, 2292, 美妙的新世界
02274697, 9.0, 1601, 江村经济
01812895, 8.2, 4487, 东宫·西宫
01822859, 8.6, 2540, 王小波全集：万寿寺（第三卷）
04894345, 8.8, 1965, 黄金时代
01068912, 8.4, 3268, 中国文化的深层结构
01787729, 8.5, 2849, 单向度的人
01467368, 9.0, 1532, 霍乱时期的爱情
20435468, 8.8, 1905, 黄金时代
19986371, 8.4, 3066, 一只特立独行的猪
04212607, 7.6, 10516, 有味
04039903, 9.2, 1143, 王小波全集（第六卷 中篇小说）
10426425, 8.7, 1949, 寻找无双
23780833, 8.7, 1929, 爱你就像爱生命
10435426, 8.6, 2141, 王小波全集 第九卷
10435425, 9.0, 1334, 王小波全集 第七卷
03016270, 9.0, 1329, 黄金时代
03176755, 8.6, 2125, 寻找无双
04039236, 8.7, 1857, 王小波全集（第九卷 书信集）
03259619, 9.1, 1175, 我的精神家园
02339264, 8.7, 1853, 人为什么活着
10199131, 8.9, 1435, 似水柔情
27591495, 8.6, 2032, 万古江河
01012039, 8.1, 3968, 我的视觉日记
11614293, 7.5, 10702, 人生需要揭穿
02257188, 7.6, 8799, 致女儿书
25729093, 8.5, 2219, 中国太阳
01043252, 9.0, 1206, 未来千年文学备忘录
27077957, 8.5, 2103, 红拂夜奔
01883990, 8.7, 1642, 白银时代/2010/黑铁时代
01047851, 7.7, 6729, 晃晃悠悠
02131426, 9.0, 1133, 涅朵奇卡·涅茨瓦诺娃
24716172, 8.9, 1257, 黄金时代
07047231, 8.6, 1731, 红拂夜奔
01883993, 9.0, 1078, 青铜时代
01607478, 8.3, 2485, 巴黎伦敦落魄记
27156834, 9.0, 1066, 我的精神家园
26110579, 7.7, 6064, 暗店街
10546888, 9.3, 763, 苦炼
26895120, 8.9, 1151, 包法利夫人
03518333, 8.9, 1143, 寻找无双
03264655, 8.5, 1817, 未来世界
04035904, 9.0, 1004, 王小波全集（第二卷 杂文）
01417905, 7.1, 17404, 废都
19965972, 7.5, 7844, 我读书少，你可别骗我
01202550, 8.9, 1103, 地久天长
26577691, 7.8, 4672, 人间采蜜记
02377488, 9.3, 703, 老妇还乡
26820586, 8.7, 1295, 黄金时代
01082193, 9.1, 835, 怀疑三部曲
23780838, 9.1, 827, 沉默的大多数
04039234, 8.9, 1011, 王小波全集（第四卷 长篇小说）
01085856, 7.9, 3607, 在人间
10443515, 8.8, 1111, 绿毛水怪
19950139, 7.2, 11752, 尸语者
01782318, 8.5, 1540, 白银时代
04736118, 7.9, 3460, 结网
20451928, 8.6, 1358, 沉默的大多数
06902245, 8.8, 1077, 明朝那些事儿·第3部
19950784, 8.6, 1352, 空荡荡的家
01787562, 9.1, 758, 东方奇观
01204132, 8.8, 1023, 孽子
03908625, 7.8, 3683, 单向街 001
01484695, 8.0, 2682, 季羡林谈人生
19986376, 8.8, 978, 黄金时代
02212128, 8.5, 1372, 奇特的一生
01185912, 8.6, 1208, 变形记
20389195, 7.3, 7887, 慢慢来，一切都来得及
02364762, 8.7, 1038, 唐璜（上下册）
01917969, 7.9, 2902, 通向蜘蛛巢的小径
02364742, 9.0, 751, 王小波散文
25861387, 7.6, 4527, 情人
01479194, 8.2, 1866, 他们的世界
24716171, 8.7, 1012, 沉默的大多数
19986373, 8.9, 809, 我的精神家园
01914223, 8.3, 1611, 哈克贝里·芬历险记
04747877, 8.7, 995, 思维的乐趣
34449288, 9.3, 535, 20世纪思想史
27116279, 9.0, 714, 夜行记
06902320, 8.8, 876, 我的精神家园
27037147, 9.0, 703, 爱你就像爱生命（珍藏版）
04744973, 8.2, 1735, 我的精神家园
01031857, 7.8, 2998, 虐恋亚文化
01051659, 8.9, 753, 我与你
05406801, 9.0, 680, 铁皮鼓
10550571, 8.5, 1170, 张纯如
05416832, 7.6, 4063, 辛亥：摇晃的中国
01894184, 9.1, 599, 罗素自选文集
10546136, 8.4, 1274, 我的兄弟王小波
04882011, 8.5, 1128, 短篇小说集
03056620, 7.7, 3304, 声音与愤怒
06808941, 8.0, 2107, 七日谈
05263615, 8.1, 1826, 五天学会绘画
01151872, 7.8, 2762, 玩的就是心跳
01858557, 7.9, 2339, 情人 乌发碧眼
06084703, 7.3, 6153, 独立，从一个人旅行开始
01036297, 7.8, 2681, 同性恋亚文化
04913339, 8.8, 763, 1984
26707363, 8.8, 757, 爱你就像爱生命（精装珍藏版）
24716176, 8.3, 1339, 一只特立独行的猪
10570587, 7.3, 5992, 就想开间小小咖啡馆
01442455, 8.9, 675, 王小波作品精选
10443580, 8.0, 1931, 一半是火焰 一半是海水
03025620, 7.8, 2563, 命运交叉的城堡
02977534, 8.6, 909, 白银时代
04039233, 9.0, 597, 王小波全集（第八卷 短篇小说）
10282578, 7.7, 2942, 村上广播
06902317, 8.5, 993, 革命时期的爱情
01273895, 8.9, 645, 似水柔情
27143188, 8.3, 1203, 万寿寺
01419037, 8.9, 614, 黄金时代
03258802, 8.6, 828, 盛装舞步
01030849, 8.5, 925, 黑铁时代
10566838, 7.4, 4263, 圣人请卸妆
01939242, 9.4, 374, 1984
02364765, 8.8, 654, 变形记
10426426, 8.6, 807, 我的精神家园
02347844, 8.1, 1449, 金粉世家
03808810, 7.8, 2182, 来去自由
03258797, 8.4, 985, 万寿寺
01870313, 8.1, 1398, 暗店街
04902836, 8.8, 615, 王小波小说全集：白银时代 2010 黑铁时代
01927487, 7.7, 2362, 乌托邦
01807349, 8.6, 744, 个人尊严
04039235, 8.7, 667, 王小波全集（第五卷 长篇小说 剧本）
26835700, 9.1, 443, 红拂夜奔/王小波文集
01734833, 8.2, 1150, 余华精选集
06773642, 7.7, 2229, 猛虎细嗅蔷薇
02093212, 9.1, 421, 青铜骑士
03781445, 8.9, 498, 青铜时代·红拂夜奔
07154690, 8.3, 941, 王小波全集 第一卷
01269972, 8.8, 537, 火 一弹解千愁
04028418, 9.0, 439, 浪客劍心完全版 01
27024333, 8.9, 482, 沉默的大多数
27036978, 8.7, 572, 寻找无双
26872704, 8.6, 625, 爱你就像爱生命
24716174, 8.6, 617, 我的精神家园
04912669, 7.4, 2928, 忧伤的老板
19987957, 7.4, 2918, 寡人有疾
27013746, 8.4, 753, 革命时期的爱情
01500045, 8.6, 601, 猜想与反驳
30180681, 8.8, 488, 我的阴阳两界
34953844, 8.7, 528, 活过，爱过，写过
10426427, 8.5, 643, 白银时代
03757981, 9.1, 356, 黄金时代
20430016, 9.1, 355, 别的国家都没有
07007230, 7.9, 1292, 斯蒂芬·金的故事贩卖机
01013707, 8.8, 464, 大众天文学(上下两册)
25938920, 8.9, 418, 黄金时代
03015804, 7.6, 1812, 你我交汇在遥远行星
10565778, 8.4, 650, 天浴
01484616, 8.9, 391, 鱼王
26713358, 8.7, 474, 一只特立独行的猪
24708198, 8.8, 427, 红拂夜奔
10344218, 8.6, 505, 黑铁时代
26707367, 8.7, 454, 红拂夜奔（精装珍藏版）
10583777, 8.1, 870, 南回归线
02011315, 9.0, 332, 天人五衰
03058357, 8.1, 820, 暗店街 夜巡
01940642, 9.2, 271, 迪伦马特小说集
01084794, 8.4, 578, 法官和他的刽子手
01960031, 8.8, 384, 铁皮鼓
04039231, 8.7, 419, 王小波全集（第七卷 中篇小说）
11639946, 7.4, 1950, 百鬼夜行－阴
26968988, 8.6, 436, 黄金时代
04039230, 8.7, 393, 王小波全集（第十卷 未竟稿）
01326461, 8.1, 736, 暗铺街
02306862, 8.2, 652, 精神分析引论
27121851, 8.9, 310, 黄金时代
05910768, 8.5, 454, 风景
04191419, 7.4, 1783, 别无选择的贼
03852840, 9.1, 258, 思维的乐趣
03176759, 8.0, 779, 白银时代
06902322, 8.3, 542, 白银时代
27037158, 9.0, 273, 红拂夜奔（珍藏版）
01026916, 9.0, 267, 芭巴拉少校
26897375, 8.7, 349, 爱你就像爱生命
04805128, 7.5, 1422, 你好，陌生人
06313499, 8.6, 383, 茫茫黑夜漫游
01025559, 7.5, 1353, 一个人的战争
10796954, 7.7, 1022, 商业模式新生代（个人篇）
26707364, 9.0, 251, 沉默的大多数（精装珍藏版）
03518331, 8.4, 427, 大学四年级
10048862, 8.3, 469, 中国社会的个体化
02338733, 8.5, 380, 西方的智慧
26416508, 9.2, 203, 王小波思想小品
26701731, 8.5, 377, 爱你就像爱生命
20268173, 9.0, 238, 教育的目的
26764480, 9.1, 217, 沉默的大多数
26691608, 8.9, 253, 黄金时代
01950146, 9.2, 197, 陀思妥耶夫斯基中篇小说选
26810573, 8.6, 329, 白银时代
04039232, 8.2, 487, 王小波全集（第三卷 长篇小说）
03536512, 9.2, 191, 王小波文集
01525761, 8.1, 535, 法国中尉的女人
01007625, 7.2, 1778, 中国女性的感情与性
26848841, 9.1, 206, 青铜时代
01280543, 7.6, 976, 一个特立独行的人
10443510, 8.8, 259, 黄金时代
01439543, 8.9, 235, 思维的乐趣
24716173, 8.6, 307, 青铜时代
03518335, 8.7, 278, 文化笔记
27037152, 9.5, 144, 黄金时代（珍藏版）
01100210, 8.1, 494, 哈克贝利·芬历险记
27037150, 8.8, 246, 沉默的大多数（珍藏版）
03757982, 8.6, 292, 青铜时代·万寿寺
30216760, 8.2, 433, 似水柔情
04708130, 8.1, 479, 疯狂的奥兰多
10491606, 7.1, 1816, 寂寞带我去散步
04823348, 8.2, 425, 有一天啊，宝宝
06827453, 7.3, 1299, 货币战争
26996525, 8.3, 369, 爱你就像爱生命
27116320, 8.3, 358, 白银时代
26800906, 8.9, 205, 青铜时代
02033688, 8.8, 223, 会说话的猪
01124536, 8.7, 239, 成事在天
26707368, 9.0, 182, 黄金时代（精装珍藏版）
01433450, 8.6, 256, 历史决定论的贫困
01818298, 8.6, 255, 艾·辛格的魔盒
05275361, 8.6, 252, 朝话
24716175, 8.2, 366, 白银时代
01067570, 7.2, 1267, 夜半撞车
01816714, 9.2, 150, 国民财富的性质和原因的研究
01444728, 8.2, 358, 中国人的智慧
19986375, 8.5, 266, 白银时代
06528073, 7.6, 709, 丧家犬也有乡愁
01986074, 7.0, 1693, 我们始终没有牵手旅行
01422085, 8.9, 185, 猜想与反驳
19986374, 8.9, 185, 青铜时代（上下册）
10443517, 8.8, 200, 沉默的大多数
04282073, 7.9, 483, 埃米莉·L
06886415, 9.1, 156, 肖斯塔科维奇回忆录
26722503, 8.7, 214, 我的精神家园
30381064, 7.1, 1322, 我们都是宇宙中的微尘
26107480, 9.1, 149, 王小波全集（第六卷 短篇小说）
26351750, 9.8, 90, 王小波全集
26280552, 8.3, 287, 我是一只骆驼
26220577, 8.7, 198, 黄金时代
20272116, 7.3, 901, 我的100件时尚单品
01105260, 8.4, 253, 卖花女
26707370, 8.6, 209, 万寿寺（精装珍藏版）
30135492, 9.1, 138, 王小波传（修订版）
27053756, 8.7, 181, 一只特立独行的猪
01820965, 9.0, 142, 藏传佛教绘画史
26260603, 8.2, 280, 你为什么活着
01469212, 6.8, 1706, 所有的男人都是消耗品
26822669, 8.9, 148, 我的精神家园
26284920, 9.0, 137, 白银时代
01404429, 8.8, 159, 沉默的大多數
26693906, 9.2, 117, 青铜时代
04187788, 7.2, 843, 第一本哲学漫画书
27037151, 9.2, 111, 我的精神家园（珍藏版）
10582265, 8.6, 176, 股权投资基金运作
01752258, 9.1, 118, 王小波文存
01361106, 8.7, 160, 芭芭拉少校
03792826, 7.4, 603, O娘的故事
26284921, 8.8, 145, 黑铁时代
05264093, 8.1, 270, 守望的距离
01131805, 8.4, 202, 光荣的荆棘路
01707741, 7.4, 592, 李银河说性
02372193, 7.1, 877, 那件疯狂的小事
26967810, 8.0, 289, 爱你就像爱生命
30272310, 9.2, 102, 情人
10759340, 8.0, 278, 我的乡土我的国
01881213, 8.3, 206, 傅雷谈翻译
10582048, 8.1, 246, 人为什么活着
20378997, 8.8, 131, 黃金時代
01859073, 9.3, 91, 七个被绞死的人
26802400, 9.3, 90, 王小波作品集（杂文卷）
02230611, 7.4, 514, 以温柔优雅的态度生活
01133747, 8.8, 127, 法官和他的刽子手
30296222, 8.5, 158, 黑铁时代
27052050, 8.6, 135, 沉默的大多数
27058278, 9.5, 70, 我的精神家园
01095495, 6.8, 999, 哈利·波特的魔法世界
03838050, 8.7, 119, 懺情書：東邪西毒
19967508, 6.7, 1155, 我开始轻视语言
25757947, 8.3, 158, 黃金年代
06827865, 7.1, 574, 火星照耀美国
01004168, 7.8, 248, 酷儿理论
01018692, 8.5, 130, 中国现代经典散文
20453392, 9.3, 72, 青铜时代
26260292, 8.9, 89, 王小波散文精选
25941556, 8.1, 164, 上海史
01440318, 8.1, 161, 浪漫骑士
03181305, 8.4, 124, 雪国
01098640, 8.1, 160, 康州美国佬在亚瑟王朝
27051913, 8.5, 112, 黄金时代(特供版)/王小波全集
06401122, 7.7, 228, 中华文化十二讲
27037160, 8.3, 130, 万寿寺（珍藏版）
25785647, 8.8, 87, 王小波思想小品
20280795, 7.8, 200, 策展简史
10522595, 8.4, 115, 在緬甸尋找喬治歐威爾
30187785, 7.9, 176, 沉默的大多数
25871633, 8.0, 156, 革命星空下的“坏孩子”
03011978, 7.8, 185, 我们热爱什么样的生活
27053802, 9.0, 70, 黄金时代
26928650, 8.5, 98, 白银时代
01792901, 8.6, 90, Rue des Boutiques Obscures
01056293, 6.8, 576, 你如此需要安慰
25984246, 8.2, 120, 中国人的尊严
27132395, 9.5, 49, 立新街甲一号与昆仑奴 摸鱼儿
27037157, 8.3, 109, 寻找无双（珍藏版）
26285135, 8.6, 86, 青铜时代
26847506, 8.4, 100, 白银时代
04239120, 8.1, 126, 饥荒与政治
01031000, 8.5, 91, 流氓的歌舞
20397343, 6.4, 1026, 楚留香新传3：桃花传奇
26812957, 9.2, 56, 黄金时代
26107477, 8.6, 81, 王小波全集（第四卷 中篇小说）
26855489, 9.6, 43, 王小波经典著作
02252174, 8.6, 79, 堕落
01762619, 9.3, 50, 弗洛姆著作精选：人性、社会、拯救
03201977, 8.4, 90, 唐人秘传故事
27037159, 8.7, 71, 似水柔情（珍藏版）
26235167, 8.9, 62, 王小波作品精华本
01876514, 8.5, 80, Story of O
01051115, 7.5, 184, 性文化研究报告
25961898, 8.4, 81, 王小波全集（第一卷 长篇小说）
19964290, 7.7, 141, 启蒙的精神
27053702, 8.5, 69, 我的精神家园
26107481, 8.7, 60, 王小波全集（第七卷 杂文）
27077325, 7.9, 109, 你的怪兽男友
26770923, 7.3, 190, 与哲学家一起思考
26107475, 8.2, 82, 王小波全集（第二卷 长篇小说）
26427759, 8.7, 57, 我的精神家园
26107476, 8.4, 69, 王小波全集（第三卷 长篇小说 剧本）
06001371, 7.0, 257, 沙克传奇
27119221, 8.5, 64, 青铜时代
25969403, 8.2, 79, 王小波全集（第八卷 杂文）
03036297, 8.5, 63, 王小波作品集
20419245, 8.5, 63, 王小波作品精选
02284506, 8.8, 51, 巨人传
27037156, 8.3, 70, 白银时代（珍藏版）
20275820, 9.2, 38, 黃金時代
06390871, 6.6, 371, 罪之断章
01442407, 7.6, 116, 福柯的迷宫
06750662, 6.3, 560, 在日本，我忍不住又笑了
24708192, 8.3, 63, 白银时代
01546987, 7.3, 142, 愤青时代
06434231, 7.6, 106, 偶然事件
02158545, 7.4, 127, 王小波门下走狗第五季
25863887, 6.4, 416, 王小波传
06428837, 6.9, 198, 当我们一起去跳海
03075001, 7.5, 101, O孃的故事
25865060, 8.7, 39, 王小波思想小品
27074658, 8.5, 44, 黑铁时代
27057620, 9.1, 31, 王小波时代三部曲(20周年纪念版共3册)
26703510, 8.6, 39, 黄金时代
01109353, 7.0, 138, 我的秃头老师
06012507, 8.2, 47, 圣经里的女性
01061751, 7.5, 79, 不再沉默
25933791, 8.3, 42, 王小波小说全集
34442422, 7.3, 89, 安身立命
01546128, 8.8, 30, 拜伦诗选
27037154, 7.9, 52, 黑铁时代（珍藏版）
26696554, 8.8, 29, 夜行记
03086278, 8.2, 41, 后王小波时代（上）
04226048, 8.2, 40, 王安忆小说选
26107478, 8.5, 33, 王小波全集（第五卷 中篇小说）
01644731, 7.7, 56, 红字·福谷传奇
26802394, 8.3, 36, 王小波作品集（小说卷）
25901212, 9.2, 22, 銀河情人: 王小波短篇小說選
25801129, 6.6, 156, 李银河：我的心灵阅读
04066532, 7.9, 46, 他們的世界
01009608, 8.0, 42, 教育的55个细节
04085146, 7.5, 59, 大师的投资习惯
27051912, 9.3, 20, 沉默的大多数(特供版)/王小波全集
01023899, 8.0, 39, 知识分子应该干什么
10732778, 6.0, 299, 出发.才能到达-3000美金周游世界
01078937, 8.4, 29, 时代三部曲
21214090, 7.2, 65, 黑铁时代
27077092, 6.5, 121, 切莫声张
04292614, 7.7, 40, 1978-2009中国文化地图
06880328, 6.8, 86, 我奋斗了18年
19934595, 9.1, 18, 小王子
02969784, 7.2, 53, 東宮西宮
10876536, 7.7, 36, 日本貴婦教妳75天嫁入豪門
27053800, 7.6, 35, 白银时代
01961602, 8.5, 20, 王小波作品集Ⅱ
05906968, 7.5, 36, Safe Haven
30212723, 7.0, 51, 一只特立独行的猪
25933793, 8.9, 15, 王小波小说全集
03086277, 7.7, 28, 后王小波时代（下）
27053759, 8.2, 20, 黑铁时代
26148092, 7.3, 35, 看穿王小波
27053761, 8.7, 15, 青铜时代
05247882, 8.0, 21, 文化悖论与文学创新
26707204, 8.4, 17, 革命时期的爱情
35085959, 9.0, 13, 心灵革命：19个改变人生的善意法则
01888798, 7.1, 31, Red Azalea
01755662, 8.3, 15, 茫茫黑夜漫游
26707210, 7.6, 21, 白银时代
03587290, 8.9, 11, 神思·文质编
02303522, 6.2, 60, 同性恋在中国
26337734, 7.5, 18, 为什么幸运的人一再走运，不幸的人继续倒霉?
04850146, 7.4, 17, 少年之年
05974235, 7.3, 18, 批判与想象
06873422, 8.0, 12, 我爱圣诞节
03107513, 7.6, 14, 城市幸福感
01084381, 6.4, 26, 网络王小波
25802298, 7.2, 13, 时光中的事
02217272, 6.5, 18, 南方来信
03086247, 0.0, 11, 黄金时代
27053937, 0.0, 11, 餘波未了
01481795, 0.0, 12, The Demon Soul (Warcraft: War of the Ancients
