2020-07-05 16:00:11

number of books, tag name
348, 现代主义

ID, rating, votes, title
01064275, 8.4, 155629, 老人与海
01858576, 9.3, 31339, 一九八四
04760224, 9.0, 46969, 许三观卖血记
01786670, 8.9, 52345, 百年孤独
03162991, 9.6, 14971, 艺术的故事
04742918, 8.3, 111159, 1Q84 BOOK 1
01400705, 8.1, 134116, 情人
01863930, 8.8, 34012, 看不见的城市
04920007, 8.8, 31635, 不能承受的生命之轻
10555509, 9.0, 17484, 看不见的城市
01440972, 9.2, 8945, 博尔赫斯小说集
20392523, 8.5, 22949, 没有人给他写信的上校
01082518, 7.9, 59966, 麦田里的守望者
26854318, 9.1, 6796, 现代艺术150年
03315879, 8.6, 13535, 恶童日记
01465324, 7.7, 67779, 洛丽塔
10555486, 8.7, 11174, 分成两半的子爵
01860750, 8.4, 17417, 了不起的盖茨比
01433377, 8.7, 10606, 生命中不能承受之轻
04011440, 8.0, 31723, 最初的爱情 最后的仪式
01066165, 9.3, 4306, 卡尔维诺文集（第三卷）
01917972, 7.8, 45237, 在路上
03025618, 9.4, 3678, 我们的祖先
02136484, 8.7, 8908, 如果在冬夜，一个旅人
04010969, 7.8, 40239, 当我们谈论爱情时我们在谈论什么
10779650, 9.2, 4324, 追忆似水年华
03402999, 8.7, 7945, 到灯塔去
01052074, 8.8, 5280, 喧哗与骚动
02036561, 8.4, 9409, 城堡
01077492, 9.0, 3949, 大师和玛格丽特
04908872, 8.6, 5896, 都柏林人
04120475, 9.3, 2216, 加缪全集 （小说卷）
03442373, 8.5, 6080, 二人证据
01874411, 8.4, 6983, 乞力马扎罗的雪
01032431, 9.0, 3068, 卡尔维诺文集（第五卷）
01873900, 8.7, 4487, 变形记
03442377, 8.6, 5052, 第三谎言
01477437, 8.9, 3172, 唐人故事
06440343, 8.8, 3535, 荒原
01045365, 8.6, 4584, 恶之花
01019628, 8.8, 3288, 卡夫卡中短篇小说选
03003258, 9.2, 1983, 阿莱夫
01849791, 8.6, 4075, 铁皮鼓
01051714, 8.3, 6260, 等待戈多
01837654, 8.8, 3113, 审判
01034066, 9.1, 2079, 加缪文集
01914572, 7.6, 19344, 誓鸟
02255873, 9.1, 1957, 局外人 鼠疫
01030554, 8.6, 3240, 恶心
03908240, 7.7, 11928, 情人
01038196, 8.4, 3756, 尤利西斯
01792749, 8.5, 3169, 等待戈多
03003466, 8.6, 2738, 恶棍列传
01768642, 9.2, 1340, 博尔赫斯短篇小说集
03662216, 8.6, 2717, 恶之花
03316438, 8.3, 3835, 孤独及其所创造的
02973335, 8.7, 2125, 微暗的火
04830263, 9.2, 1109, 追忆似水年华（第一卷）
01487996, 8.8, 1604, 城堡
01276479, 8.9, 1384, 发达资本主义时代的抒情诗人
01876746, 8.3, 2849, 帷幕
01041650, 8.7, 1669, 现代建筑
01052178, 8.5, 2053, 走向新建筑
07047231, 8.6, 1731, 红拂夜奔
01085002, 9.0, 1072, 哈扎尔辞典
01174722, 8.0, 3756, 太阳照常升起
03090810, 8.7, 1447, 五号屠场
06152979, 8.7, 1440, 恶之花
01883354, 8.8, 1238, 马丁·伊登
01039840, 7.6, 6526, 查特莱夫人的情人
01272866, 8.8, 1196, 审判・城堡
01825855, 8.7, 1266, 荒原
04203630, 8.5, 1484, 鳄鱼街
02147647, 7.9, 3319, 物质生活
03136267, 8.5, 1430, 小城畸人
02124556, 8.3, 1782, 黑书
04859493, 8.1, 2260, 查泰莱夫人的情人
01917969, 7.9, 2902, 通向蜘蛛巢的小径
03327495, 8.3, 1664, 万有引力之虹
01082374, 8.9, 787, 卡夫卡文集（第1卷）：城堡
01083317, 7.8, 3118, 北回归线
03136264, 8.8, 798, 诉讼
01675500, 9.1, 570, 后现代主义与文化理论
01083804, 8.3, 1357, 永别了，武器
01418343, 8.6, 912, 到灯塔去
01245758, 8.9, 646, 都柏林人
02255871, 8.6, 873, 冠军早餐 囚鸟
03055691, 8.2, 1387, 威尼斯之死
04191577, 7.9, 1915, 相遇
03253866, 7.9, 1807, 想象中的动物
01057095, 8.7, 663, 一切坚固的东西都烟消云散了
10785860, 8.6, 727, 现代性
01858493, 7.9, 1637, 虹
04191638, 8.3, 947, 10½章世界史
25853524, 9.0, 444, 一切坚固的东西都烟消云散了
04882012, 8.7, 577, 尤利西斯
07063852, 8.3, 890, 石泉城
26286738, 8.9, 449, 现代性的五副面孔
01778511, 8.7, 512, 象征交换与死亡
01793033, 8.6, 543, 番石榴飘香
03003475, 8.6, 532, 探讨别集
01583387, 7.6, 1799, 蓝，另一种蓝
04719265, 8.6, 515, 逆天
34663078, 8.5, 556, 小城畸人
03049157, 8.9, 352, 在流放地
26303508, 8.3, 634, 现代主义
03074160, 9.0, 303, 普鲁斯特与符号
03183055, 8.7, 399, 马桥词典
01907820, 9.1, 274, 荒原
02248319, 8.0, 793, 嫉妒
01085012, 8.9, 304, 卡夫卡文集(第2卷)诉讼・美国
02252366, 8.1, 686, 恩主
34942379, 8.9, 298, 移民
03622469, 8.1, 671, 娜嘉
01126206, 8.3, 498, 城堡
01945973, 8.8, 304, 阿克瑟尔的城堡
01327303, 9.0, 253, 第三谎言
03124867, 8.6, 363, 大江健三郎精品集
01945985, 8.6, 341, 魔山
01491371, 8.4, 405, 巴黎的忧郁
02121677, 9.2, 197, 外国现代派作品选 （第一册 上下）
02222182, 8.4, 403, 福
01783734, 8.2, 495, 现代性与后现代性十五讲
10443434, 9.2, 195, 加缪读本
01664838, 9.4, 163, 靳·柯布西耶全集(第2卷1929-1934年)
02165033, 9.3, 175, 地下室手记
03347961, 8.3, 424, 流水别墅传
01379963, 9.0, 218, A Room of One&#39;s Own
01545959, 9.4, 152, 三家評注李長吉歌詩
03221305, 9.0, 206, Between Silence and Light
01682639, 9.5, 134, 勒·柯布西耶全集
03204656, 8.8, 230, 猫城记·新韩穆烈德
04766960, 7.6, 815, 人间天堂
01042609, 8.2, 400, 浴室 先生 照相机
04213390, 7.3, 1204, 包豪斯理想
26838261, 9.1, 173, 敞开的门
01394533, 8.2, 390, 勒·柯布西耶：机器与隐喻的诗学
04304282, 7.6, 762, 黑暗中的人
01375350, 9.2, 152, Ulysses
20375644, 9.2, 146, 芬尼根的守灵夜 - 珍藏本（第一卷）
04882053, 8.1, 385, 诗人的餐巾
03014607, 8.9, 182, 暴风雨夜，暴风雨夜
03312621, 8.8, 189, 艺术与观念（下册）
01679164, 9.4, 119, 勒·柯布西耶全集
34991772, 8.3, 283, 暗室手册
01032706, 8.8, 177, 第一个人
03128797, 8.6, 205, 漫读经典
10785041, 9.2, 126, 20世纪世界建筑史
03431973, 8.3, 265, 13号橱柜
04856770, 7.9, 400, 恋爱中的女人
01672893, 9.2, 125, 勒·柯布西耶全集(第3卷·1934-1938年)
01840528, 8.9, 152, 后现代主义与文化理论
25845924, 8.6, 193, 波普主义
26606499, 8.4, 229, 艺术与文化
26900285, 8.3, 250, 春之祭
03444293, 9.7, 83, Giorgio Morandi 1890-1964
03149865, 8.6, 181, 爱
01683078, 9.2, 109, 勒·柯布西耶全集 第5卷·1946～1952年
01773020, 8.0, 300, 不可能的存在之真
25800793, 8.6, 166, 现代主义之后的艺术史
03878118, 8.2, 234, 波希米亚
01679392, 9.2, 102, 勒·柯布西耶全集
01676648, 9.4, 87, 勒·柯布西耶全集 第6卷·1952～1957年
04207342, 9.0, 113, Death of a Salesman
26948864, 9.2, 98, 发达资本主义时代的抒情诗人
02248276, 7.6, 411, 窥视者
03136257, 8.3, 185, 柏林，亚历山大广场
05290264, 8.9, 110, 蒙克
26854327, 8.5, 149, 比萨诗章
01076894, 7.8, 285, 恋都
06441337, 9.0, 100, 丹下健三与新陈代谢运动
03273586, 8.3, 171, 现代性赋格
01894737, 8.8, 113, 审判 城堡
01172157, 8.1, 203, 迟疑·电视·自画像
04853177, 8.3, 169, 杀鬼
05383807, 7.7, 302, 白色旅馆
03502384, 9.5, 69, Van Gogh
26992941, 8.1, 198, 黑暗的心
01178049, 8.7, 115, 城堡
01665587, 9.0, 92, 现代性基本读本
04851826, 8.9, 98, 光辉城市
03137096, 7.5, 329, 鲜血梅花
01493422, 8.1, 166, 项狄传
01794206, 8.4, 125, 复杂性与后现代主义
01865171, 9.0, 79, Tropic of Cancer
01770019, 9.1, 72, Sarah Kane
02345992, 8.4, 119, 痖弦诗选
01956418, 8.7, 91, 新教伦理与资本主义精神
03012817, 7.9, 177, 福柯的界线
01036445, 8.1, 147, 从未描述过的梦境（全两册）
25978616, 9.0, 72, 波德莱尔：发达资本主义时代的抒情诗人
25891554, 7.5, 245, 反建筑
02010713, 8.2, 124, 审美意识形态
06072332, 8.6, 90, 卡夫卡文集
02382657, 7.3, 278, 后垮掉派诗选
01095872, 9.4, 50, 狗心
01654942, 8.2, 111, 审美现代性批判
01274387, 8.4, 94, 总统先生
01946621, 9.2, 54, Gerhard Richter
01257097, 7.9, 141, 圣诞节的故事
10809734, 7.6, 184, 废都
01556122, 8.1, 113, 艾略特诗选
02003626, 9.2, 52, 污秽的夜鸟
01690544, 8.5, 82, 后现代哲学思潮研究
01283509, 8.4, 88, 西方现代性的曲折与展开
01821889, 7.8, 144, 东西方的会合
01797907, 8.1, 106, 本雅明思想肖像
01032803, 8.8, 63, 现代资本主义
03028933, 8.1, 104, 失踪者
26598410, 8.8, 61, 從行動到觀念
01706730, 9.2, 46, 保罗·鲁道夫设计作品集（上）
01768455, 8.2, 89, 生命与希望之歌
01277033, 9.0, 51, 恶——或者自由的戏剧
27205052, 7.1, 243, 小城
03410744, 8.4, 72, 反现代派
01292261, 9.6, 34, Complete Poems and Plays T.S. Eliot
01793274, 8.0, 93, 林中阳台
01661862, 8.4, 68, 弗兰克·劳埃德·赖特
01962566, 7.7, 118, 现代生活的画家
04038641, 7.3, 172, 撞车
03329967, 7.5, 138, 证词
04735711, 8.4, 65, 从现在开始
10746226, 8.0, 87, 不存在的贝克特
03819438, 9.1, 41, 安德列耶夫中短篇小说集
19964981, 7.2, 183, 失忆
01941874, 8.0, 85, 诺贝尔文学奖文集
01444112, 7.9, 92, 后现代论
01793360, 7.8, 97, 末世爱情
30415637, 8.6, 53, 审判
01322616, 7.4, 140, 现代性与空间的生产
01756103, 8.3, 65, 卡彭铁尔作品集
03268716, 8.9, 43, T·S·艾略特诗选
06952195, 8.4, 59, 贝克特选集
01272261, 8.5, 55, 诺斯托罗莫
01220835, 7.0, 202, 情欲
01527090, 8.0, 76, 后现代转向
01757273, 7.9, 82, 边缘
22145679, 8.8, 43, 20世纪外国小说专题
25817047, 7.8, 86, 现代主义之后的艺术史
01912736, 8.7, 45, 西方现代文学名作选读（上下）
01283127, 7.5, 111, 鲍德里亚与千禧年
02266128, 9.0, 37, Fin-De-Siecle Vienna
01727142, 8.6, 46, 保罗·鲁道夫设计作品集（下）
06831099, 7.7, 87, 里尔克，现代主义与诗歌传统
30180107, 9.8, 24, 密斯.凡.德.罗建成作品全集
03499312, 7.7, 86, 阿波利奈尔精选集
30463402, 8.4, 50, 包豪斯剧场
02283358, 8.3, 53, 劳伦斯作品精粹
01190643, 7.5, 99, 从现代主义到后现代主义
02052156, 9.0, 34, 巴拉巴
06901618, 8.3, 52, 现代性与后现代性
01826539, 9.0, 33, Rethinking Architecture
04151209, 7.7, 79, 小说的语言和叙事
01763239, 9.1, 31, 当代艺术危机与具象表现绘画
25964039, 7.8, 71, 现代主义：一部文化史
04331485, 8.3, 49, Slaughterhouse Five Unabridged
01271586, 7.3, 109, 毕加索画传
19962421, 8.6, 40, 现代主义之后的西方建筑
01524608, 8.5, 42, 现代主义
01393967, 7.7, 74, 波德莱尔诗歌精选
06778884, 8.4, 44, 出生前的踌躇
01228346, 8.2, 50, 后现代性的哲学话语
03266508, 8.1, 53, 再见福柯
01014051, 7.7, 71, 欧美现代派文学概论
01784893, 8.3, 45, 英雄梦
02346234, 7.8, 63, 中国现代主义诗群大观
25746889, 7.5, 80, 墓园樱桃
26983240, 8.4, 41, 《尤利西斯》（纪念版）
03202214, 8.9, 30, 亨利·詹姆斯小说选
30231933, 7.2, 102, 现代主义
02179148, 7.5, 77, 槙文彦的建筑
03320591, 7.3, 91, 三四五区间的联姻
30863559, 8.8, 30, 卡夫卡小说精选
01258367, 7.3, 85, 奢华的冒险
01871941, 9.6, 20, Theory Of the Avant-Garde
02004003, 8.0, 47, 弗洛尔和她的两个丈夫
03086278, 8.2, 41, 后王小波时代（上）
04118767, 8.4, 36, 只有一个太阳
01386279, 9.3, 22, Aldo van Eyck
01127910, 7.3, 72, 鲁文·达里奥诗选
01652115, 8.3, 34, Lord Jim
01800168, 8.3, 34, 人子
01513247, 7.6, 55, Heart of Darkness and The Secret Sharer
24843850, 7.9, 44, 蔑视
03034241, 8.2, 36, 现代建筑语言
02272099, 8.5, 30, 饥饿
30825247, 7.8, 46, 从乔伊斯到马尔克斯
02976918, 8.0, 40, 呼吸
02363673, 8.0, 39, 瑶沟人的梦
01422234, 9.1, 21, 北山散文集
03403548, 9.1, 21, 现代戏剧的理论与实践（一）
01227888, 7.1, 76, 超现实主义者的生活
01443998, 8.1, 35, 现代性理论
01878352, 8.9, 22, 沙岸风云
03002726, 8.2, 32, 现代性与小说形式
01022958, 8.7, 24, 西南联大现代诗钞
01331636, 8.7, 23, 反美學
04582334, 7.8, 37, 诗歌的先锋派
01918405, 7.7, 38, 诗学的基本概念
05386571, 8.3, 26, 中国现代主义诗潮史论
01290962, 8.0, 31, 耶鲁大学艺术与建筑系馆
03311841, 9.2, 16, Gerhard Richter
03027134, 7.4, 42, 飞扬（B卷）
01921122, 6.9, 62, 反思现代性
01065825, 8.7, 18, 西方现代主义文学的个人乌托邦倾向
03261751, 9.1, 15, Megastructure
04941672, 7.5, 35, 大分野之后
01758019, 6.6, 74, 环形女人
06803214, 7.3, 39, 后现代与大众文化
03747075, 6.8, 59, 福柯的主体解构之旅
04928932, 7.6, 31, 现代主义美术
03546594, 7.7, 29, 西方超现实主义诗选
01982734, 8.7, 16, 福克纳作品精粹
02261018, 8.3, 19, 西方后现代哲学
23155653, 7.5, 29, 包豪斯团队
01912970, 8.7, 15, 从前现代主义到后现代主义的美国法律思想
01362195, 8.0, 21, 小說地圖
03218358, 8.0, 20, 昨日到城市
10534846, 7.1, 34, 你应该知道的包豪斯50件圣品
04814829, 7.7, 20, 现代主义绘画解读
02644796, 8.2, 15, The International Style
01275794, 7.7, 19, 安宁的现实――劳伦斯哲理散文选
02105135, 7.6, 20, 欧美现代主义文学简编
06876335, 7.6, 20, 现代主义.现代派.现代话语
05950674, 6.9, 32, 了如指掌4
01352567, 6.2, 60, 福柯
04742964, 7.2, 25, 现代建筑文脉主义
06886310, 8.2, 14, 摩登·革命
02009970, 8.0, 15, 现代主义
03111710, 8.0, 15, The Sun Also Rises
01110630, 8.7, 11, 20世纪外国文学作品选
01109560, 7.9, 15, 青年艺术家的肖像
05913317, 6.5, 38, 平妖传
02089689, 7.5, 18, 庞德与中国文化-兼论外国文学在中国文化现代化中的作用
01786196, 7.8, 15, Tender Buttons
02155040, 8.2, 11, 「自覺」與中國的現代性
20375637, 6.8, 22, 鲁文·达里奥短篇小说选
02369304, 6.5, 27, 先锋派散论
06946467, 7.0, 17, 什么是现代主义文学
03337024, 7.7, 11, Campo Baeza
01387479, 7.2, 14, 现代主义
04896452, 6.7, 18, 超越
34949320, 6.7, 18, 荒原
01690220, 7.0, 14, 艾琳·格雷
03510139, 7.6, 10, 中国现代主义诗潮论
02301839, 0.0, 11, Art Incorporated
25726615, 0.0, 11, 从汽车到建筑
01593977, 0.0, 14, 超越现代主义
