2020-07-05 16:00:11

number of books, tag name
916, 现代文学

ID, rating, votes, title
04913064, 9.4, 496879, 活着
01008145, 8.9, 372562, 围城
27614904, 9.2, 192605, 房思琪的初恋乐园
01200840, 9.0, 251394, 平凡的世界（全三部）
25862578, 8.5, 642241, 解忧杂货店
01023045, 8.7, 239554, 我们仨
01029791, 8.8, 191242, 许三观卖血记
01041482, 8.9, 143757, 万历十五年
01060068, 9.2, 79453, 撒哈拉的故事
03674537, 9.1, 87806, 明朝那些事儿（1-9）
01089243, 8.9, 124073, 黄金时代
01057244, 8.7, 178959, 边城
01254588, 9.0, 100387, 城南旧事
01449351, 8.9, 90236, 呐喊
10564071, 9.2, 45221, 白鹿原
01449352, 8.8, 85163, 朝花夕拾
03071717, 8.8, 84668, 爱你就像爱生命
01090043, 8.5, 146983, 倾城之恋
01043815, 8.4, 151830, 骆驼祥子
01060852, 8.9, 54738, 呼兰河传
01088065, 8.7, 71893, 阿Q正传
10517238, 9.0, 42314, 平凡的世界
01398395, 8.8, 51768, 狂人日记
01963684, 8.6, 69831, 半生缘
01855364, 9.2, 23986, 围城
01013416, 8.6, 60025, 雷雨
01014278, 8.4, 79124, 红玫瑰与白玫瑰
01069848, 9.0, 27897, 围城
03017857, 8.6, 49035, 金锁记
26878124, 8.5, 58244, 我的天才女友
01401425, 8.3, 84772, 兄弟（上）
02136140, 8.7, 40390, 雨季不再来
03183775, 9.3, 15312, 四世同堂
01985223, 8.7, 37358, 倾城之恋
23008971, 9.1, 18815, 平如美棠
01915958, 9.4, 11936, 野草
01052990, 9.0, 20407, 草房子
01813841, 8.7, 32091, 枪炮、病菌与钢铁
01760432, 9.3, 12596, 受戒
01449348, 8.9, 22093, 彷徨
05337254, 9.1, 15639, 孽子
24745649, 9.2, 11893, 围城
26963321, 8.7, 25300, 步履不停
01020961, 8.8, 21531, 棋王
01088711, 9.1, 12938, 霸王别姬
10757938, 9.1, 12676, 半生缘
01391191, 8.5, 32583, 京华烟云
01036613, 9.0, 14181, 茶馆
01033825, 8.8, 18698, 顾城的诗
01082162, 8.4, 35988, 第一炉香
10757940, 8.7, 21629, 倾城之恋
04884218, 8.8, 17961, 我的阿勒泰
01085883, 8.7, 20026, 青铜时代
26734559, 9.2, 8859, 棋王·树王·孩子王
01004992, 8.9, 12955, 张爱玲文集
02046909, 9.2, 7982, 故事新编
03191322, 8.9, 10581, 边城
01464989, 9.1, 7463, 围城
01442720, 9.5, 4433, 鲁迅全集（2005最新修订版）
27010212, 8.1, 34544, 芳华
10757939, 8.7, 12339, 红玫瑰与白玫瑰
01883991, 9.4, 4702, 王小波全集
04275017, 9.1, 6378, 骆驼祥子
01980436, 8.8, 9596, 流言
01949679, 8.7, 10532, 素履之往
01054917, 8.5, 14082, 沧浪之水
27013741, 8.8, 8832, 黄金时代
01000517, 8.9, 7504, 故事新编
01783349, 8.8, 8453, 倾城之恋
01058679, 8.7, 9654, 人·兽·鬼
01082522, 8.2, 21511, 家
01418058, 9.1, 5166, 小径分岔的花园
04275058, 9.2, 4382, 茶馆
01049688, 8.4, 13158, 妞妞
01073744, 9.0, 5148, 四世同堂（上下）
03733076, 8.9, 5682, 半生缘
03264642, 8.8, 6423, 似水流年
01119796, 8.7, 7273, 十八春
01468602, 9.2, 3718, 围城
01777932, 8.7, 7170, 寻找无双·东宫西宫
03616310, 7.6, 47493, 小团圆
01157014, 8.8, 6003, 伤逝
02031604, 9.0, 4345, 离婚
02032964, 9.2, 3231, 正红旗下
01460313, 8.4, 9603, 哥伦比亚的倒影
02036561, 8.4, 9409, 城堡
03265177, 8.8, 5230, 呼兰河传
01317899, 8.2, 12867, 生死场
01013419, 8.8, 5025, 张爱玲全集1：长篇小说·半生缘
04843155, 8.7, 5757, 呼兰河传
01829614, 8.6, 6357, 琼美卡随想录
26853356, 8.9, 4216, 鱼王
01290398, 8.5, 7319, 白蛇
01982001, 8.7, 5374, 月牙儿
27150656, 9.1, 3156, Call Me by Your Name
26710670, 9.4, 2213, 呐喊
01398441, 9.2, 2781, 汪曾祺散文
02267883, 8.0, 15433, 色，戒
01578609, 8.9, 3869, 张爱玲作品集
26575679, 8.4, 7567, 当我谈跑步时，我谈些什么（2015典藏版）
27008303, 9.1, 2934, 不成问题的问题
04267149, 8.5, 6323, 人生
01961808, 9.3, 2236, 呐喊
01079838, 8.7, 4629, 湘行散记
25955474, 7.4, 42361, 坏小孩
01456183, 8.2, 9389, 我的帝王生涯
01873900, 8.7, 4487, 变形记
01444077, 9.3, 2129, 汪曾祺小说经典
01031146, 8.9, 3415, 台北人
01044772, 8.6, 5042, 雷雨
25759355, 8.6, 4995, 边城
01024468, 9.1, 2543, 金锁记
01165173, 8.8, 3611, 务虚笔记
25745773, 9.5, 1568, 呐喊
01819978, 8.5, 5331, 温莎墓园日记
01009043, 8.5, 5311, 日出
01136988, 8.9, 3052, 命若琴弦
03018339, 7.7, 19209, 万物生长
01970845, 9.4, 1668, 野草
01082416, 8.9, 2848, 温柔的夜
05905348, 8.3, 6439, 笑谈大先生
34451656, 9.2, 1957, 呼兰河传
01028693, 8.1, 8639, 骆驼祥子
01130367, 8.9, 2779, 艽野尘梦
02010284, 8.1, 8445, 春风沉醉的晚上
01485597, 8.7, 3470, 傅雷家书
05344534, 9.0, 2310, 额尔古纳河右岸
01474736, 9.0, 2267, 鲁迅杂文全集
01059040, 8.7, 3245, 雅舍小品
10757942, 8.4, 4874, 怨女
05288327, 8.3, 5516, 鸟，看见我了
04241023, 8.8, 2764, 吾国与吾民
26710671, 9.4, 1331, 彷徨
06872620, 9.5, 1195, 孔乙己
01974029, 9.4, 1311, 坟
25852981, 8.7, 2944, 小强升职记
01048403, 8.2, 5884, 家
03673670, 8.3, 4707, 怨女
01830621, 9.1, 1657, 呐喊
01734830, 9.3, 1303, 汪曾祺精选集
01888215, 8.4, 3831, 即兴判断
30264380, 8.3, 4398, 大江大河四部曲
20278799, 7.5, 16719, 三十六大
01257294, 9.2, 1416, 传奇
01621745, 8.8, 2164, 家春秋（全3册）
03523063, 9.1, 1515, 围城
01852117, 8.6, 2663, 边城
01807769, 8.8, 2071, 假如你愿意你就恋爱吧
30197986, 8.4, 3404, 许子东现代文学课
01558547, 9.2, 1273, 鲁迅小说全集
01040924, 8.2, 4431, 金粉世家（上下）
01125556, 8.6, 2548, 朝花夕拾
01955405, 8.4, 3312, 家
02075175, 8.8, 1922, 缘缘堂随笔
01047066, 8.6, 2461, 亲爱的三毛
01040131, 8.6, 2449, 茶馆 龙须沟
01008003, 8.6, 2439, 呐喊
27088048, 8.1, 4582, 比海更深
01494940, 9.1, 1264, 围城
01961815, 9.2, 1102, 彷徨
10788580, 8.0, 4924, 穆斯林的葬礼
01066627, 8.2, 3601, 中国现代文学三十年
01078750, 8.8, 1645, 雷雨
01968084, 8.9, 1465, 而已集
02339264, 8.7, 1853, 人为什么活着
02046933, 8.8, 1625, 华盖集
01001605, 9.0, 1274, 呐喊
06386087, 7.9, 5314, 金陵十三钗
34808043, 9.2, 1000, 离婚
03255922, 8.9, 1367, 湘行散记
01050349, 8.1, 3766, 上海的金枝玉叶
01418711, 8.7, 1688, 中国现代小说史
26877993, 9.1, 1055, 不能承受的生命之轻
01084388, 8.2, 3150, 寒夜
01203293, 8.7, 1596, 张爱玲散文
01139945, 8.0, 4078, 春
01139941, 8.1, 3504, 秋
01090109, 7.6, 7182, 红岩
02027002, 8.2, 2803, 对照记
01202373, 8.9, 1174, 边城
27622167, 8.8, 1308, 沈从文的前半生
27042834, 8.1, 3206, 小说灯笼
01790950, 8.8, 1282, 且介亭杂文
01316651, 8.3, 2347, 北京人
26881522, 9.5, 602, 药
04746016, 8.6, 1520, 边城
30247696, 9.5, 582, 四世同堂
01492165, 8.9, 1057, 断魂枪
05908161, 8.3, 2143, 雨天的书
03302642, 8.6, 1429, 萧萧
01025562, 8.1, 2716, 城北地带
01012505, 8.9, 989, 张爱玲典藏全集--中短篇小说：1944年作品
25696089, 7.3, 9490, 1980年代的爱情
01054776, 8.7, 1196, 我这一辈子 月牙儿
01690728, 8.9, 952, 沈从文精选集
01220904, 8.9, 949, 春醪集
01482322, 8.0, 2899, 绿化树
01023979, 9.0, 838, 朝花夕拾
01086444, 7.6, 5312, 沉沦
26421462, 8.7, 1124, 呼兰河传
01468916, 8.5, 1415, 王朔文集 谐谑卷
01443976, 8.4, 1589, 三寸金莲
01045578, 8.7, 1102, 长河
26377488, 9.0, 789, 朝花夕拾
01077898, 8.1, 2276, 原野
01157003, 9.0, 755, 祝福
01318125, 9.1, 658, 茶馆
01070775, 8.3, 1609, 小城三月
10867815, 8.8, 892, 海上花开
01398394, 8.6, 1114, 倾城之恋
01438928, 9.3, 530, 王小波文集(4卷)
01052242, 8.8, 867, 无法直面的人生
02025454, 9.2, 576, 坟
03427251, 8.7, 953, 阿Q正传
25778492, 9.5, 432, 彷徨
01048079, 9.0, 687, 阿Q正传・铸剑
30294358, 8.7, 938, 红玫瑰与白玫瑰
01313443, 9.3, 502, 鲁迅精选集
25851264, 9.1, 600, 从文自传
01018881, 9.0, 657, 穆旦诗全集
01040215, 8.9, 720, 浮出历史地表
10578510, 7.8, 2744, 人面桃花
01489665, 7.9, 2322, 风声鹤唳
03662751, 8.7, 852, 公羊的节日
03132491, 8.6, 947, 边城
01018178, 8.0, 1989, 浮躁
01044989, 8.6, 942, 鲁迅作品十五讲
03851799, 8.1, 1711, 天行者
26864237, 8.5, 1039, 爱欲与哀矜
03397128, 8.8, 739, 1948：天地玄黄
01465001, 8.9, 664, 呼兰河传
01019009, 8.0, 1873, 徐志摩诗
01974023, 8.9, 646, 华盖集
01084282, 8.1, 1623, 二马
02980340, 8.7, 788, 阿Q正传
01072541, 8.6, 864, 中国现当代文学名篇十五讲
01468907, 8.9, 627, 且介亭杂文末编
30137612, 7.6, 3231, 主角
04917574, 8.7, 765, 雅舍小品
01077834, 8.0, 1780, 沉沦・春风沉醉的晚上
03919409, 9.1, 505, 汪曾祺散文
01055357, 8.5, 937, 雨天的书
01051163, 7.1, 7343, 同学少年都不贱
04046893, 8.5, 905, 海上花开
01013334, 9.2, 438, 从文自传
02246783, 7.9, 1894, 张爱玲色戒
26961722, 9.5, 337, 骆驼祥子
01041992, 8.4, 993, 骆驼祥子
03647261, 8.6, 788, 为奴隶的母亲
01951750, 8.3, 1107, 春
01262809, 8.8, 632, 近代的超克
01318122, 8.7, 699, 骆驼祥子
01468906, 8.7, 693, 二心集
01050368, 7.2, 5581, 子夜
02046916, 8.8, 622, 热风
01988664, 9.2, 421, 呐喊.彷徨
05419486, 8.6, 736, 缘缘堂随笔
02033577, 8.9, 537, 华盖集续编
03264782, 8.9, 531, 京华烟云
01056324, 9.1, 439, 鲁迅小说全编
01911509, 8.9, 527, 桥·桃园
03427190, 8.5, 795, 生死场 呼兰河传
01462101, 8.4, 889, 北岛诗选
03447140, 9.4, 332, 废名集（全六册）
30324824, 8.1, 1253, 艾莉诺好极了
01000407, 8.5, 776, 竹林的故事
01071187, 9.0, 464, 老舍幽默诗文集
03143383, 8.4, 862, 马伯乐
01826007, 8.3, 963, 朱自清散文集
10442281, 8.2, 1084, 她比烟花寂寞
01063251, 8.6, 675, 丰子恺散文
20502695, 7.6, 2412, 我所理解的生活
01082160, 8.1, 1199, 对照记
02025444, 8.6, 660, 伪自由书
01324915, 8.7, 591, 十四行集
01001769, 8.8, 531, 知堂回想录（上下）
27662708, 9.6, 261, 沈从文的后半生（增订版）
02984652, 9.3, 330, 汪曾祺集
03988842, 7.8, 1702, 结婚十年
01081010, 7.4, 3053, 莎菲女士的日记
01801964, 8.4, 782, 刘震云精选集
01082161, 8.1, 1104, 惘然记
05399597, 9.1, 379, 鲁迅杂文全集（上下）
02025433, 8.8, 494, 且介亭杂文二集
10582058, 8.3, 843, 湘行散记
04243513, 9.0, 404, 雷雨 日出
01072248, 7.9, 1357, 永不瞑目
01505936, 8.4, 735, 鬼恋
01030699, 7.0, 5705, 繁星春水
01444217, 7.6, 2013, 你是人间四月天
01391993, 8.5, 637, 被压抑的现代性
26847649, 8.5, 621, 京华烟云（全2册）
01409149, 8.7, 496, 断魂枪
01075506, 8.8, 448, 鲁迅杂文精选
26608262, 9.7, 208, 鲁迅经典全集3：杂文集
01322444, 9.0, 368, 鲁迅散文
01927705, 7.6, 1858, 小艾
30262582, 8.4, 664, 幻影书
03376746, 8.1, 934, 老张的哲学
02137802, 8.1, 928, 杀夫
01082556, 8.7, 479, 白先勇自选集
01974018, 8.7, 479, 准风月谈
01464980, 8.5, 579, 家
01012703, 7.7, 1529, 林家铺子
30162553, 9.0, 348, 兄弟
03345576, 9.0, 343, 四世同堂（上下）
03132509, 8.3, 692, 骆驼祥子
34809085, 8.9, 371, 开市大吉：老舍短篇小说选
03097590, 8.9, 362, 大林和小林
02058427, 8.8, 391, 沈从文散文
27063109, 7.7, 1359, 红豆生南国
30147095, 9.3, 247, 浮出历史地表
10807300, 8.4, 569, 局外人
03651646, 7.5, 1768, 精神明亮的人
01437862, 8.5, 502, 想像中国的方法
25884419, 9.3, 239, 穆旦诗文集（增订版）
01157017, 8.1, 761, 迟桂花
03427240, 9.0, 303, 月牙儿 阳光 我这一辈子
01392691, 9.1, 277, 春醪集
19982761, 9.4, 216, 我这一辈子·正红旗下
01104783, 8.6, 436, 呼兰河传
26586126, 8.5, 482, 黑糖匣
01049586, 8.0, 842, 朱自清散文
01489184, 8.2, 664, 稻草人
03773194, 9.0, 296, 周作人散文全集
06389908, 8.6, 427, 知堂文集
27064846, 8.0, 824, 竹木狼马
26743764, 9.2, 247, 四世同堂
05360643, 8.7, 385, 缘缘堂随笔
01685311, 8.9, 318, 海子的诗
03803495, 8.5, 459, 金粉世家（上下）
02009489, 8.3, 566, 亞細亞的孤兒
03518209, 7.9, 902, 一个人张灯结彩
02046926, 8.7, 372, 南腔北调集
10740546, 9.2, 234, 四世同堂（第1部惶惑）
01042557, 7.5, 1484, 河流如血
03215539, 8.2, 604, 蓝袍先生
26910984, 9.0, 274, 中国现代小说史
01016656, 8.7, 358, 莫须有先生传
01017907, 9.0, 271, 沈从文小说选(上下)
01968105, 8.5, 432, 三闲集
01079044, 8.6, 390, 张爱玲散文全编
05248387, 7.5, 1438, 夜谭十记
05269118, 8.3, 512, 抒情传统与中国现代性
01089475, 8.5, 414, 果园城记
02075718, 8.5, 411, 空山灵雨
04243519, 8.6, 371, 茶馆 龙须沟
01022158, 7.3, 1821, 啼笑因缘
02314073, 9.0, 255, 倾城之恋
26816586, 9.6, 157, 茶馆
25882989, 8.3, 484, 女儿红
01103569, 8.9, 269, 从文家书
01834502, 8.7, 322, 骆驼祥子
07564734, 9.3, 189, 四世同堂（第2部偷生）
01479588, 8.2, 519, 三生石
25852564, 8.4, 418, 八骏图
02074382, 8.6, 338, 南行记
01075928, 9.0, 236, 鲁迅杂文选集
21692859, 8.5, 371, 中国现当代文学名篇十五讲
25851222, 8.8, 278, 边城
01010995, 9.0, 231, 二十世纪中国文学史论(第一卷)
26810573, 8.6, 329, 白银时代
01012938, 9.0, 227, 老舍小说
02084894, 8.8, 268, Brave New World
01974025, 8.2, 476, 三闲集
02137818, 8.0, 592, 伏羲伏羲
34800728, 8.7, 286, 生死场
01084077, 8.1, 522, 黄河东流去
02046897, 8.4, 373, 花边文学
04137847, 8.3, 408, 恋爱宝典
27025572, 7.6, 925, 惜别
03345554, 8.3, 405, 风萧萧
26423401, 9.0, 211, 额尔古纳河右岸
25785405, 8.8, 250, 济南的冬天
05922496, 8.3, 402, 朝花夕拾
04293231, 9.3, 166, 骆驼祥子
01802037, 8.8, 247, 神话与诗
01535594, 9.2, 176, 穆旦诗集(1939-1945)
01222090, 7.8, 681, 憩园
01546608, 9.1, 188, 1948
10571358, 8.0, 535, 青城
10775763, 7.1, 1813, 补玉山居
26679159, 8.1, 464, 邂逅集
01660790, 8.9, 215, 50-70年代中国文学经典再解读
01073386, 7.9, 578, 艾青诗选
26633001, 8.8, 232, 黑暗的閘門
05373479, 8.5, 302, 桥
03062072, 8.5, 300, 跨语际实践
26299129, 9.0, 192, 中國現代小說史
01093589, 7.7, 709, 结婚十年
01015343, 8.6, 269, 周作人传
03289630, 8.4, 322, 将军底头
01666611, 8.5, 290, 尤利西斯（上下）
26661749, 9.0, 187, 公寓里的塔
01464981, 8.1, 432, 春
30289610, 8.8, 219, 日出
02247642, 8.4, 313, 《中国现代文学三十年》学习指导
01445055, 8.7, 237, 沈从文精读
26574229, 9.3, 146, 运动中的视觉
05384906, 7.9, 521, 六月新娘
02308886, 8.6, 253, 中国新文学的源流
01521489, 6.9, 2084, 小二黑结婚
26991824, 9.2, 151, 月牙儿
01968067, 8.5, 269, 准风月谈
26273828, 8.7, 223, 兄弟
01546194, 8.2, 354, 丁西林代表作：一只马蜂
01119819, 9.0, 171, 废名小说
01092248, 7.3, 1049, 子夜
27011963, 7.1, 1416, 小丑之花
10740544, 9.0, 169, 四世同堂（第3部饥荒）
11444010, 8.9, 183, 四世同堂
26933995, 7.9, 468, 洛夫诗手稿
04873864, 8.8, 192, 边城
20501758, 8.5, 249, 声之善恶
27065974, 8.1, 365, 不过是垃圾
20268124, 8.8, 189, 四世同堂
01103162, 7.5, 728, 啼笑因缘
20383056, 8.0, 398, 旷野的呼喊
01078244, 6.8, 2111, 青春之歌
01214129, 8.3, 291, 巴金选集
25788738, 8.4, 262, 现当代文学新论
03848878, 9.6, 102, 鲁迅著译编年全集
03629877, 8.5, 237, 呼兰河传
01139188, 8.0, 389, 现代中国小说十讲
25779684, 8.9, 168, 伍子胥
27130213, 9.0, 155, 萧红传
01061965, 7.5, 697, 爱情的三部曲
01055446, 8.5, 234, 威尼斯商人
10511257, 8.6, 210, 鲁迅－呐喊·彷徨
30294354, 8.9, 160, 流言
05402124, 8.1, 329, 人生不过如此
05241280, 8.3, 265, 革命/叙述
01285962, 8.0, 355, 朱自清散文
01461192, 7.4, 723, 笨花
01188435, 9.0, 142, 文学复古与文学革命
01138870, 7.9, 389, 憩园
01981025, 8.0, 344, 寒夜
01112446, 8.6, 193, 现实主义的限制
04203156, 8.7, 176, 雷雨
03154493, 7.7, 475, 荷花淀
26644346, 8.3, 251, 林家铺子
01089499, 8.1, 305, 将军族
01320280, 8.9, 149, 咀华集·咀华二集
02046903, 8.3, 249, 集外集
04323840, 8.8, 160, 断魂枪
01105975, 9.0, 136, 茶馆
01409894, 8.3, 244, 故都的秋
01184041, 8.2, 268, 二十世纪中国文学三人谈·漫说文化
01810990, 8.1, 296, 白金的女体塑像
34850438, 8.7, 170, 牛天赐传
27128897, 9.3, 107, 我这一辈子(老舍中短篇小说选)
01133947, 8.2, 257, 中国现当代文学专题研究
03313523, 9.2, 112, 老舍全集
01138872, 7.8, 389, 寒夜
01824717, 9.1, 120, 假如给猪一对翅膀-阳光姐姐嘉年华
03598751, 9.0, 129, 梦里花落知多少
04605595, 9.3, 104, 沈从文全集（修订本）（1-27卷+附卷）
02083770, 7.6, 483, 春桃
06932723, 8.1, 278, The Song of Achilles
04155030, 9.1, 116, 春醪集·泪与笑
03748437, 8.8, 145, 家
04187484, 8.8, 145, 故乡
25881732, 9.0, 124, 虎雏
01064810, 8.8, 144, 坟-鲁迅杂文
01084372, 8.3, 221, 画梦录
03519774, 9.1, 114, 中国新文学大系导言集 (1917-1927)
01689316, 7.9, 325, 亚细亚的孤儿
01059955, 7.8, 359, 中国现代文学与现代性十讲
26938250, 8.8, 141, 故事新编
01392680, 8.4, 197, 公墓
01443837, 7.8, 351, 中国现代作家的浪漫一代
01946859, 9.0, 118, 感谢生活
03071706, 7.5, 493, 潘先生在难中
03394350, 8.1, 253, 寒夜
03345601, 7.3, 634, 子夜
01555916, 8.1, 252, 中国现代文学三十年
26655567, 9.1, 109, 呼兰河传
01105713, 8.4, 190, 画梦录
01491519, 8.6, 159, 域外小说集
06970225, 9.1, 108, 中国新文学大系导论集
26583248, 8.5, 172, 民国文学十五讲
03234640, 7.3, 619, 青春之歌
04323844, 8.5, 171, 神巫之爱
01314952, 8.9, 124, “新诗集”与中国新诗的发生
20259386, 8.9, 124, 平凡的世界 第三部
01242919, 9.0, 115, 英国20世纪文学史
03167586, 8.9, 122, 2666
26911262, 8.3, 198, 森林的沉默：诗集
26108431, 8.1, 237, 世界是我念过最好的大学
26281801, 7.7, 355, 单读08
02287927, 7.6, 395, 春蚕
04151975, 8.6, 147, 生死场·呼兰河传
03002454, 8.0, 252, 旧址
06382868, 8.3, 189, 写实主义小说的虚构
01975274, 8.6, 146, 大小舞台之间
03345597, 7.3, 560, 蚀
03345589, 8.4, 169, 暴风雨前
06973677, 8.7, 131, 论小说十家
03422804, 7.7, 331, 漂泊者萧红
01084357, 9.2, 90, 春醪集
05402225, 8.6, 139, 抒情与史诗
26821342, 8.2, 193, 想象中国的方法
27084267, 7.0, 785, 喜宝
01063826, 7.8, 278, 死水
01425399, 7.8, 272, 秋海棠
01005104, 8.2, 182, 文学的前途
01084308, 8.1, 198, 朱自清散文集精选
03269514, 8.2, 180, 中国现代戏剧史稿
03036888, 6.8, 966, 她是一个弱女子
25747732, 9.2, 82, 风波
04090356, 8.4, 148, 高山下的花环
01107531, 8.1, 193, 余秋雨的历史散文
01315306, 8.5, 135, 龙朱·虎雏
03427210, 7.4, 402, 二月
10487346, 7.7, 284, 沉沦
03175521, 8.5, 133, 鲁迅与终末论
01824350, 8.8, 105, 鲁迅杂文集
26847648, 7.5, 349, 生活的艺术
26892912, 8.8, 104, 铁屋中的呐喊
26929144, 8.2, 169, 一蓑烟雨任平生
01435606, 8.7, 111, 冯至全集
01065127, 6.4, 1779, 女神
01326821, 9.1, 82, 鲁迅小说全编
01001775, 8.1, 180, 卞之琳诗选
01446762, 8.8, 101, 鲁迅·革命·历史
01016875, 8.0, 197, 古韵
01409150, 8.1, 177, 酒后
27049070, 8.9, 92, 湘行散记 湘西
01074122, 7.1, 538, 海滨故人
26671946, 9.5, 62, 呐喊•彷徨
01905382, 9.1, 79, 鲁迅选集（1）
03201887, 8.7, 104, 在少女花影下
01133884, 8.3, 141, 中国现代文学作品精选
06000645, 8.3, 139, 永日集
01479667, 8.6, 109, 大智若愚
27185051, 9.6, 56, 与鲁迅相遇
01202372, 8.5, 117, 骆驼祥子
01313332, 8.8, 92, 七色魇
05408026, 7.8, 215, 夜谭十记
02103022, 7.3, 376, 我在霞村的时候
01070662, 9.6, 55, 中国新文学大系
01710483, 8.3, 135, 泪与笑
06529006, 8.9, 85, 现实主义的限制
01045089, 8.4, 123, 永日集
01202334, 9.3, 65, 自传集
01010361, 6.8, 736, 繁星·春水
01398452, 7.6, 259, 冰心散文
04243514, 8.6, 104, 冯至作品新编
02069552, 8.4, 121, 石秀之恋
03000431, 8.3, 131, 穆时英全集（全3册）
01138871, 7.5, 285, 第四病室
02287768, 9.8, 47, 地图女孩Vs鲸鱼男孩
26436958, 8.6, 100, 呼兰河传
01227865, 8.6, 98, 吴兴华诗文集(诗卷)
02158924, 8.4, 114, 上海屋檐下(夏衍代表作)/中国现代文学百家
03464393, 7.6, 236, 华威先生
26853722, 7.5, 260, 朱门
03197127, 8.7, 88, 春明外史（上中下）
02134782, 9.0, 71, 鲁迅杂文全编
01067036, 7.7, 206, 林徽因小说：九十九度中
04023207, 8.1, 140, 中国现代小说流派史
26263460, 8.3, 118, 中国现当代文学专题研究(第2版)
01080364, 8.0, 153, 财主底儿女们
01469610, 7.4, 282, 断鸿零雁记
27119914, 8.8, 80, 抒情传统与中国现代性
23494075, 8.5, 99, 湘行书简
05373473, 6.6, 829, 红豆
01123230, 8.0, 149, 花之寺
03609210, 9.0, 69, 山水
25953790, 8.5, 97, 跨语际实践
04885623, 9.4, 53, 菰蒲深处
01120490, 8.1, 133, 中国现代文学批评史
01143833, 7.9, 159, 春明外史(上下)
01220866, 6.7, 675, 太阳照在桑干河上
26675068, 9.8, 42, 沈从文小说全集 (套装共12册)
03203552, 8.9, 71, 老舍剧作选
02062889, 7.6, 210, 中国现代文学与电影中的城市
26344840, 6.7, 655, 丑陋的中国人
24700213, 7.9, 154, 中国新文学史 上册
26418522, 8.9, 70, 鲁迅 救亡之梦的去向
02010589, 8.3, 107, 鲁迅六讲
30468533, 7.8, 165, 人生如逆旅
01223740, 8.8, 73, 大波（全三册）
03808986, 7.8, 164, 习惯死亡
03804235, 7.5, 222, 秦淮世家
01535590, 7.8, 163, 风雪夜归人
06889226, 7.5, 218, 汪国真精选集
04722732, 8.3, 103, 百年中国新诗史略
03066968, 8.7, 76, 失去象征的世界
30176795, 8.1, 120, 心灵外史
01083007, 7.8, 157, 反抗绝望
04937488, 8.3, 99, 解读延安
34969939, 7.4, 230, 鹌鹑
01929971, 8.6, 78, 鲁迅杂感选集
26299127, 9.4, 47, 中國現代小說史（新版）
01089478, 6.9, 406, 倪焕之
01689606, 8.1, 112, 怀旧
03154464, 8.6, 75, 长夜
30468370, 9.5, 43, “新诗集”与中国新诗的发生（增订本）
04196801, 8.9, 61, 中国现代文学发展史
24719012, 8.5, 80, 独醒者与他的灯
01440454, 7.7, 156, 文明的碎片
01223755, 6.9, 389, 三里湾
30360935, 6.6, 597, 写给大人的睡前故事
27049072, 9.0, 56, 云南看云集
01895809, 7.3, 231, 中国现代经典短篇小说文本分析
01398022, 7.2, 256, 莎菲女士的日记
02311688, 9.0, 55, 江湖行
01049497, 9.5, 41, 中国新文学大系
01988198, 8.5, 76, 地之子
03245225, 7.3, 221, 灭亡
01026093, 8.2, 94, 凤凰之子--沈从文传
03251903, 9.3, 45, 冯至诗选
04308684, 9.3, 45, “人”与“鬼”的纠葛
02122676, 9.0, 53, 重释“信、达、雅”
19894838, 7.4, 193, 恰同学少年
25703769, 7.2, 235, 从前有一只粉蝶
01322228, 7.6, 150, 新文学的传统
25850738, 7.6, 150, 监狱里的图书馆
01902989, 7.7, 135, 东方
03119520, 8.7, 61, 如何现代，怎样文学
01466161, 6.5, 578, 我是一片云
04833930, 7.7, 133, 中国现代作家的浪漫一代
01392695, 7.8, 121, 南北极
26652995, 8.9, 53, 曹禺精选集
26853720, 8.3, 79, 红牡丹
01165496, 6.9, 315, 中国现代文学史1917～1997(上册)
10864152, 7.8, 118, 何夕卷：爱别离
03198373, 9.3, 41, 中国小说叙事模式的转变
01010954, 7.5, 156, 地之子
06255662, 8.8, 55, 现代中国“短篇小说”的兴起
26341122, 8.6, 62, 萧红经典作品新编：商市街.回忆鲁迅先生
26783497, 8.7, 58, 浪漫的中国
01066339, 7.5, 153, 赵树理选集
01084297, 7.6, 136, 饥饿的郭素娥 蜗牛在荆棘上
26897933, 9.2, 42, A New Literary History of Modern China
01202366, 6.7, 383, 屈原
02975977, 7.7, 122, 东北偏东
01084864, 8.2, 80, 活下去，并且要记住
01007304, 8.6, 60, 家
01425035, 8.1, 86, 荒山之恋
26899135, 9.3, 39, 鲁迅精读（第二版）
26268720, 8.3, 73, 心灵的探寻
04723558, 8.1, 85, 西滢闲话
01186168, 7.3, 178, 虹
20416319, 9.2, 40, 抒情传统与维新时代
03561427, 7.3, 168, 鼓书艺人
01154134, 7.6, 122, 晚清至五四
30266632, 8.5, 59, 珀金斯的帽子
26633002, 8.6, 55, 黑暗的闸门
01061050, 8.1, 78, 预言
01467620, 7.7, 109, 戴望舒精选集
01678177, 8.8, 48, 中国现代文学批评史
03543111, 9.1, 40, The Limits of Realism
03063107, 8.1, 77, 中国现代新诗与古典诗歌传统
01706638, 7.2, 176, 丁玲精选集
01264889, 6.8, 283, 那个夏季那个秋天
34886620, 8.7, 50, 猫城记
02131274, 9.2, 37, 汪曾祺文集 文论卷
01531572, 7.9, 88, 一千八百担
01188358, 8.6, 52, 周作人与鲍耀明通信集
02119330, 8.6, 52, 都市漩流中的海派小说
01968849, 7.5, 124, 鲁迅与周作人
34429363, 7.7, 103, 沈从文诗集
03719333, 7.8, 94, 鲁迅批判
06538422, 7.8, 94, 故都的秋
03719629, 7.8, 93, 新感觉派小说选
01215502, 8.3, 61, 二十世纪中国文学批评99个词
02237379, 8.8, 44, 普实克中国现代文学论文集
03071700, 7.3, 142, 斯人独憔悴
01084363, 7.8, 88, 鱼目集
27084297, 6.8, 246, 玫瑰的故事
01088883, 6.6, 320, 红日
01033635, 8.6, 48, 鲁迅的生命哲学
01593592, 8.6, 48, 卞之琳诗艺研究
02156967, 7.8, 86, 张天翼代表作：华威先生
26647764, 7.4, 123, 子夜
01881848, 8.5, 50, 家
03939188, 8.5, 50, 薄奠
01039710, 8.7, 43, 中国新文学大系
01200830, 6.6, 294, 骚动之秋
34841411, 7.0, 177, 去屠宰场谈恋爱好吗
01435102, 7.4, 116, 马识途文集2夜谭十记
10761269, 7.8, 81, 废名·田园小说
07060191, 7.7, 88, 鼓书艺人
26355599, 8.8, 40, 魯迅與托洛茨基
01060778, 8.5, 48, 老舍小说精编
01044031, 8.2, 58, 杨绛作品精选
03131573, 7.3, 124, 蚀
02227533, 8.0, 67, 到民间去
01037544, 8.5, 47, 中国文学研究现代化进程
03427222, 6.8, 212, 莎菲女士的日记 韦护
01089476, 8.1, 61, 大堰河
02022340, 8.1, 61, 中国左翼文学思潮探源
26888400, 9.2, 31, “晚清文学”研究读本
26868661, 8.0, 65, 鲁迅遗风录
02332178, 7.5, 98, 京派文学与海派文学
01262203, 8.8, 38, 艰难的选择
01509582, 7.8, 74, 中国现代文学作品选
04745254, 8.8, 37, 张天翼小说选集
33455872, 8.8, 37, 梁实秋：人间意趣
05961926, 8.7, 39, 中国近代小说的兴起
01313322, 8.3, 50, 友情集
03119633, 6.9, 173, 她是一个弱女子
03397675, 8.3, 49, 死水微澜（汇校本）
06067522, 8.5, 43, 余光中散文精选
25887424, 8.5, 43, 曹禺戏剧全集（全5卷）
05407836, 8.7, 38, 摩罗诗力说材源考
03113740, 7.3, 109, 塔里的女人
05243495, 8.4, 45, 千年文脉的接续与转化
01056356, 8.1, 55, 20世纪上半期中国文学的现代意识
03187983, 7.1, 130, 太阳照在桑干河上
01313240, 7.7, 74, 北京：都市想像与文化记忆
26911472, 7.6, 80, 风雅颂
04844657, 8.1, 54, 嬗变
01361799, 8.0, 58, 繁星春水
05373476, 7.5, 87, 九十九度中
01223746, 7.3, 104, 敌后武工队
25996972, 8.5, 41, 萧红经典作品新编
26873527, 7.0, 140, 风声鹤唳
03029185, 8.0, 57, 中国现代诗导读
24389790, 9.8, 21, Modern Archaics
01029429, 7.5, 84, 新诗鉴赏辞典
01535592, 6.9, 153, 尝试集
02034945, 7.6, 76, 宝剑金钗
01104653, 7.6, 75, 衰落
20493385, 7.9, 59, 中国现代文学作品精选（第三版）
01545951, 6.8, 167, 梦珂
03179896, 8.3, 44, 何其芳散文选集
20432506, 8.5, 38, 缘缘堂再笔
25829238, 8.3, 43, 中国文化的反省
01131866, 7.6, 72, 在其香居茶馆里
01937483, 7.8, 60, 科尔沁旗草原
01069403, 7.9, 55, 把一切献给党
01109884, 7.7, 64, 现代散文鉴赏辞典
03427233, 6.6, 192, 象牙戒指
05418337, 7.4, 80, 她们
26852890, 6.6, 188, 吸引力是这样炼成的
01089547, 8.0, 49, 在黑暗中
25906232, 8.5, 35, 世纪心路
01089477, 7.0, 113, 白毛女
01826006, 7.9, 51, 庐隐散文集
27011612, 8.8, 29, 生命的光影形线：人生感想录
04010157, 7.5, 69, 三家巷
01117159, 8.5, 34, 老舍选集(上下)
01089543, 7.6, 63, 九叶集
01084288, 8.3, 38, 咀华集
01024856, 7.6, 62, 微雨
04167930, 7.8, 53, 卞之琳作品新编
04286219, 7.7, 57, 二十世纪中国文学史（上册）
02134964, 9.3, 22, 鲁迅：在言说与生存的边缘
03163533, 8.6, 31, 我所认识的沈从文
25964725, 8.3, 37, 中国现代小说流派史
01209196, 7.7, 56, 中国文化的守夜人——鲁迅
24735182, 9.6, 19, 中国现代文学编年史
01201784, 7.5, 65, 茅盾小说
01053213, 8.4, 34, 苏雪林散文
03410750, 8.3, 36, 中国现代文学图志
03345568, 6.9, 112, 腐蚀
26852399, 7.8, 50, 文体问题
01002295, 7.3, 75, 柚子
04074294, 7.1, 90, 李欧梵论中国现代文学
01269400, 7.9, 46, 凌叔华：太太·绣枕
01749372, 8.7, 28, 谈美
26004595, 8.6, 29, 论小说十家
03074823, 8.1, 39, 美的偏至
03006626, 8.4, 32, 中国新文学史
27084283, 6.3, 217, 人淡如菊
02267983, 9.1, 22, 沫沫集
01871288, 7.5, 57, 被冷落的缪斯
01434513, 7.3, 67, 1921
01520219, 7.3, 67, 梅娘代表作
03232497, 7.2, 72, 倪焕之
06738248, 8.1, 36, 中国文学与苏联影响
02218428, 7.3, 65, 思想·山水·人物
06891459, 8.5, 28, 爱美的戏剧
10600780, 8.7, 25, 萧红小说经典
01919849, 8.3, 31, 鲁迅早期五篇论文注释
03796270, 6.9, 92, 活动变人形
01897338, 7.3, 63, 红烛·死水
01443142, 7.4, 57, 霞落燕园
30325789, 9.0, 21, 张爱玲的传奇文学与流言人生（增订本）
01559825, 9.2, 19, 师陀全集（第1卷上下）
03427229, 7.2, 66, 李有才板话
24721935, 8.0, 35, 中国现代文学编年史
01661171, 7.8, 40, 周作人年谱
04167223, 9.2, 18, 巴金全集（共26卷）
05968415, 7.5, 47, 盗官记
03060841, 8.2, 29, 艰难的选择
24699555, 8.1, 30, 守望剩余的文学性
01066486, 7.8, 36, 长安大道上的骑驴美人(莫言)
27184551, 8.4, 25, 钱理群中学讲鲁迅
11609996, 9.2, 17, 故乡
01085080, 7.5, 44, 命运的嘲弄 拉杜比丝 底比斯之战
04040860, 8.3, 26, 死水
01409304, 8.7, 21, 林庚诗文集
26631926, 8.6, 22, 春明外史
34893556, 9.0, 18, 主体的倒影
01284937, 8.2, 27, 丰富和丰富的痛苦
01495412, 8.2, 27, 蹇先艾代表作：水葬
03437231, 9.6, 14, 鲁迅中期思想研究
20434864, 6.5, 106, 雾
27055283, 8.8, 19, 风雨并肩处，岁岁看花人
27200462, 7.3, 47, 滴泪痣
06900375, 7.6, 37, 怂恿  喜讯
01140127, 8.0, 28, 荒原上的丁香
26948685, 7.3, 45, Sing
01119601, 8.0, 27, 中国现代小说史（全三册）
01556064, 8.0, 27, 鲁彦短篇小说选
33218319, 8.0, 27, 现代性的想象
11531701, 6.8, 64, 东风嫁
04867841, 7.7, 31, 忆
01086448, 6.6, 77, 王贵与李香香
01917101, 7.6, 32, 刺丛里的求索
06970226, 8.3, 21, 文学闲谈
03534940, 8.7, 17, 中国新诗批评观念之建构
01084081, 5.8, 202, 第二个太阳
01202378, 8.8, 16, 鲁迅杂感选集/百年百种优秀中国文学图书
01965438, 6.7, 64, 新文学现实主义的流变
25820412, 7.6, 30, 革命·启蒙·抒情
26762593, 7.6, 30, 书写&#34;我乡我土&#34;
01286984, 8.1, 22, 三八节有感(关于丁玲)
01958433, 8.6, 17, 缱绻与决绝
02243107, 8.0, 23, 沈尹默诗词集
04180574, 8.0, 23, 孔雀胆
04852870, 8.0, 23, 浮出历史地表之前
04864788, 8.0, 23, 鲁迅的生命哲学
11589289, 8.2, 20, “文协”与抗战时期文艺运动
01921707, 6.0, 131, 旗袍
01111815, 8.0, 22, 滇南散记
30466166, 8.6, 16, 穆旦诗编年汇校
01703140, 7.4, 31, 刘呐鸥小说全编
27074040, 8.2, 19, 林家铺子
01860949, 8.0, 21, 独身女人的卧室
01290609, 7.8, 23, 复仇记
03414927, 7.8, 23, 北新书局与中国现代文学
05386569, 8.6, 15, 中国现代诗歌艺术
01061087, 5.8, 147, 郭沫若诗
01097896, 7.6, 25, 茅盾经典作品选
26907837, 9.1, 12, 苹果树上的外婆
01028612, 7.8, 22, 手掌集
03217405, 8.4, 16, 周作人诗全编笺注
21994019, 6.4, 66, 风弹琵琶，凋零了半城烟沙
05319155, 7.7, 23, 中國現代小說的史與學
26371354, 7.7, 23, 《白毛女》七十年
06512323, 7.2, 32, 论鲁迅的复调小说
01067828, 8.5, 15, 想像女性
01144256, 8.5, 15, 百万英镑
03427220, 6.0, 103, 八月的乡村
24733009, 8.0, 19, 中国现代文学编年史
30198346, 8.6, 14, 无双的自我
04822423, 7.5, 25, “故”事如何“新”编——论中国现代“重写型”小说
03203551, 6.8, 42, 王统照短篇小说选集
03564830, 7.0, 35, 白薇作品选
06532816, 7.3, 28, 兰生弟的日记
05311649, 7.5, 24, 中国现代小说导论
26425294, 8.1, 17, 石门夜话
02072567, 6.8, 40, 灭亡·新生
05960899, 7.6, 22, 跋涉
06797773, 6.8, 39, 在其香居茶馆里
04246726, 6.0, 86, 屈原 蔡文姬
01672489, 7.7, 20, 中国新诗流变论
01105916, 6.1, 75, 女神
06088089, 7.0, 31, 骚土
26274517, 8.5, 13, 英雄與丑角
30367754, 8.3, 14, 东游的摩罗——日本体验与中国现代文学的发生
01562350, 8.1, 15, 读解张爱玲
27101591, 8.8, 11, “左翼文学”研究读本
30344770, 7.6, 19, 故都的秋
02359273, 7.8, 17, 母亲
05946314, 7.9, 16, 文学革命论
01084290, 7.2, 23, 谷
02010942, 7.7, 17, 论基督之大与小
03184891, 7.4, 20, 中国现代文学研究史（上下册）
01025329, 7.6, 17, 梅娘小说散文集
04132586, 7.8, 15, 中国现代文学思潮史
30749561, 8.4, 11, 呼兰河传（教育部统编《语文》推荐阅读丛书 人民文学出版社）
01843978, 7.6, 16, 寻找归宿的流浪者
04153488, 7.6, 16, 红烛·死水
25972329, 7.7, 15, 虎雏·阿黑小史
27108636, 7.8, 14, 茅盾精选集
30218567, 7.0, 22, 中国现代文学史1915—2016（上）（第三版）
26907038, 7.5, 16, 丁玲传
01660513, 7.2, 19, 春痕
03401484, 6.5, 31, 中国现代文学史（一）
03900405, 6.8, 24, 法西斯细菌
06116772, 7.2, 18, 亡友鲁迅印象记
01576576, 6.4, 32, 卷葹
26416424, 7.6, 14, 鲁迅与俄国
30396084, 7.2, 17, 女神之光
03692214, 7.5, 14, 刘半农文选
01072446, 8.2, 10, 创造社与泰东图书局
01953066, 8.2, 10, 鲁迅笔名索解
04068952, 8.2, 10, 周作人的是非功过
01046055, 7.0, 17, 人在旅途
10355098, 7.2, 14, 上海抗战时期的话剧
26303613, 7.6, 11, 论中国文学革命
26021752, 6.6, 19, 中国现代文学理论批评概念
01703178, 7.2, 13, 梦之谷
01105908, 6.5, 19, 给战斗者
06968014, 6.6, 16, 现代一女性
32462323, 6.9, 13, The Whisper Man
02093476, 7.4, 10, 考辨与析疑-五四文学十四讲
03401505, 6.0, 24, 中国现代文学史（二）
04010195, 6.8, 12, 农民帝国
26411152, 6.6, 13, 都市风景线
30379627, 5.4, 34, 冲出云围的月亮 野祭
25964361, 5.5, 25, 华语圈文学史
01320157, 6.0, 14, 中国左翼文学思潮
04183996, 6.0, 14, 武则天
03103755, 5.9, 13, 当代女性文学书系
02064680, 0.0, 10, About Chinese Women
24700292, 0.0, 10, 新诗鉴赏辞典
27043676, 0.0, 10, 徐玉诺诗歌精选
26281147, 0.0, 11, 先驱者的形象
34893713, 0.0, 12, 绝望与希望之外
