2020-07-05 16:00:11

number of books, tag name
754, 现代

ID, rating, votes, title
04913064, 9.4, 496879, 活着
06082808, 9.2, 294588, 百年孤独
03066477, 9.3, 222580, 三体Ⅱ
03211779, 8.9, 411958, 嫌疑人X的献身
05363767, 9.2, 214997, 三体Ⅲ
01008145, 8.9, 372562, 围城
27614904, 9.2, 192604, 房思琪的初恋乐园
01068920, 9.3, 158312, 飘
02567698, 8.8, 375319, 三体
20427187, 8.8, 276236, 看见
01023045, 8.7, 239554, 我们仨
01858513, 9.0, 135124, 月亮和六便士
01009257, 9.0, 126016, 哈利·波特与火焰杯
01054685, 9.1, 100738, 沉默的大多数
03995526, 8.6, 185211, 目送
01432596, 8.8, 109945, 哈利·波特与混血王子
01449351, 8.9, 90236, 呐喊
24531956, 9.7, 21888, 哈利•波特
03646172, 8.4, 195284, 恶意
01013129, 8.7, 106672, 哈利·波特与凤凰社
01085799, 8.7, 102796, 白鹿原
01449352, 8.8, 85163, 朝花夕拾
02070844, 8.8, 76293, 梦里花落知多少
03608208, 8.5, 120391, 牧羊少年奇幻之旅
01060852, 8.9, 54738, 呼兰河传
26986954, 9.0, 45485, 新名字的故事
30172069, 9.1, 35656, 失踪的孩子
02159042, 8.5, 101239, 挪威的森林
01398395, 8.8, 51768, 狂人日记
01963684, 8.6, 69831, 半生缘
01011754, 8.9, 33451, 海子的诗
26382433, 8.2, 115949, 无声告白
05350303, 9.3, 17512, 活着
01036274, 8.6, 51789, 夏洛的网
01401425, 8.3, 84772, 兄弟（上）
01080309, 8.5, 51714, 尘埃落定
01915958, 9.4, 11936, 野草
27104959, 8.7, 34371, 离开的，留下的
25762009, 9.1, 16809, 教父
01449348, 8.9, 22093, 彷徨
01529893, 8.0, 90410, 莲花
01461903, 7.8, 138119, 何以笙箫默
01036613, 9.0, 14181, 茶馆
02298149, 8.4, 37439, 盗墓笔记3
25884880, 9.0, 14070, 我不知道该说什么，关于死亡还是爱情
01033825, 8.8, 18698, 顾城的诗
03879301, 7.9, 95237, 微微一笑很倾城
01082162, 8.4, 35988, 第一炉香
27204805, 9.2, 9923, 那不勒斯故事四部曲
03607117, 8.9, 14587, 稻草人手记
01986590, 9.1, 10567, 小王子
27608412, 8.4, 31142, 默读
03800166, 8.4, 29861, 盗墓笔记5
02022979, 8.0, 62015, 喜宝
26712353, 8.6, 20747, 血疫
05254315, 8.4, 28753, 盗墓笔记7
26210487, 9.0, 11135, 强风吹拂
01958227, 8.2, 39113, 那些年，我们一起追的女孩
02046909, 9.2, 7982, 故事新编
28659562, 8.8, 14041, 夏日终曲
01692648, 8.9, 11766, 一个人的村庄
27013716, 8.9, 9349, 沉默的大多数
27133274, 9.0, 7895, 孩子们的诗
34672176, 8.6, 14053, 呼吸
04826530, 9.1, 6680, 我亲爱的甜橙树
26680113, 8.6, 13349, 那个不为人知的故事
30183051, 8.3, 21601, 鱼翅与花椒
26639966, 8.2, 25434, 新参者
01980436, 8.8, 9596, 流言
01065970, 7.8, 51147, 彼岸花
01054917, 8.5, 14082, 沧浪之水
01076654, 8.8, 8850, 孽子
03597825, 8.6, 11836, 我的孤独是一座花园
30468519, 8.8, 8722, 局外人
01000517, 8.9, 7504, 故事新编
01962929, 7.9, 38765, 佳期如梦
06531656, 9.3, 4341, 麒麟之与子同袍
01883992, 9.0, 6337, 黄金时代
01045352, 8.8, 7786, 二十首情诗与绝望的歌
01043485, 8.2, 19610, 檀香刑
04275058, 9.2, 4382, 茶馆
05366382, 8.8, 7442, 夜航西飞
04836682, 8.5, 10775, 告白
01073744, 9.0, 5148, 四世同堂（上下）
30280610, 8.6, 8142, 天长地久
02016749, 8.2, 15221, 金陵十三钗
02230208, 7.9, 25885, 我的前半生
06974232, 8.0, 20904, 盗墓笔记8·大结局（上）
03394338, 7.5, 55638, 他的国
02031604, 9.0, 4345, 离婚
01132956, 8.4, 9949, 白银时代
02032964, 9.2, 3231, 正红旗下
06730371, 9.4, 2550, 麒麟之生死與共
27041533, 8.7, 6115, 仿生人会梦见电子羊吗？
01453210, 7.4, 59055, 一座城池
06902639, 7.8, 24876, 青春
11528339, 8.1, 14244, 藏海花
30116399, 9.5, 2060, 跨越边界的社区（修订版）
26778494, 8.5, 7210, 大哥
01982001, 8.7, 5374, 月牙儿
01016523, 7.5, 40378, 告别薇安
06730832, 9.4, 2176, 麒麟之快意人生
06896252, 9.5, 1943, 麒麟之兵天血地
26651926, 8.0, 14378, 红手指
04737325, 8.2, 10190, 维罗妮卡决定去死
04267149, 8.5, 6323, 人生
01703544, 7.4, 43432, 兄弟（下）
01013980, 8.7, 4557, 边城
02376306, 7.7, 22071, 第三种爱情
01044772, 8.6, 5042, 雷雨
06835758, 8.6, 4901, 平凡的世界
26281913, 7.9, 14646, 镇魂
26978506, 8.3, 7447, 打火机与公主裙·荒草园
02376336, 8.5, 5477, 未央歌
01009043, 8.5, 5311, 日出
26908211, 9.1, 2363, 鼠疫
01136074, 9.0, 2583, 呼兰河传
01748232, 8.0, 10010, 忽而今夏
10519369, 9.3, 1674, 万物生光辉
26698223, 9.2, 1869, 永恒的时光之旅
04061972, 8.4, 5160, 狼王梦
04818929, 7.6, 19506, 夏至未至
01058520, 8.9, 2565, 炼金术士
01474736, 9.0, 2267, 鲁迅杂文全集
27094488, 8.5, 4033, 过门
03345595, 8.5, 3912, 猫城记
01034108, 7.2, 38502, 零下一度
03062632, 8.6, 3375, 日常生活中的自我呈现
23795254, 7.9, 9502, 骄阳似我
04115227, 7.4, 23914, 岁月是朵两生花
03674353, 7.6, 15975, 沥川往事
05275500, 7.7, 12846, 尘曲
20379254, 9.1, 1713, 霍比特人
25849892, 8.7, 2756, 人间滋味
26847854, 8.6, 2998, 那个不为人知的故事
26780911, 8.5, 3322, 大哥
04143274, 8.1, 5837, 忽而今夏
10556006, 8.9, 1886, 状元媒
03183785, 7.6, 12836, 爱你，是我做过最好的事
20499504, 9.4, 1079, 麒麟·戰爭之王·浴血南珈
01015403, 7.7, 10582, 今生今世
24540864, 6.9, 55198, 第七天
26662515, 7.7, 10095, 他知道风从哪个方向来
10605850, 9.1, 1398, 海浪
01974027, 8.9, 1750, 热风
01040131, 8.6, 2449, 茶馆 龙须沟
01228109, 8.4, 3185, 朝花夕拾
01008003, 8.6, 2439, 呐喊
34911983, 8.2, 4158, 坡道上的家
27104878, 8.9, 1663, 活受罪、長相守
19986371, 8.4, 3066, 一只特立独行的猪
05336240, 8.4, 3060, 异乡记
04100407, 8.0, 5407, 浮沉2
03284067, 7.5, 12509, 佳期如梦之海上繁花
01494940, 9.1, 1264, 围城
01143756, 8.0, 5180, 一半是火焰一半是海水
02284090, 7.5, 11841, 开到荼蘼
02345727, 7.4, 14000, 蜗居
33426127, 8.4, 2750, 渺小一生
26781333, 8.1, 4199, 格格不入
01796596, 7.2, 19686, 左耳
02081058, 8.3, 2825, 归途
01084388, 8.2, 3150, 寒夜
02135149, 8.3, 2728, 晨曦 上
01139941, 8.1, 3504, 秋
03727329, 7.1, 20567, 千山暮雪
03881584, 8.8, 1390, 第十年
04920005, 9.0, 1074, 终极往事
04025916, 8.4, 2182, 唇诺
26341728, 8.0, 3767, 山河表里
27050072, 8.7, 1447, 北城天街
06792080, 9.4, 690, 新世纪福音战士 01
06152979, 8.7, 1440, 恶之花
01051127, 8.8, 1235, 张爱玲典藏全集--中短篇小说：1945年以后作品
01024785, 9.1, 886, 西方现代思想史
26375993, 8.2, 2526, 狼行成双
26577679, 8.4, 1901, 人间失格
31585774, 8.4, 1887, 碎玉投珠
27077677, 8.6, 1453, 东北往事--黑道风云20年全集
35006237, 9.0, 875, 大山里的小诗人
05063254, 9.0, 874, 雪国
33393417, 8.8, 1080, 白日事故
06437880, 7.4, 7890, 哑舍
26825085, 7.8, 4004, 阿南
33408126, 9.2, 704, 征服与革命中的阿拉伯人
01220904, 8.9, 949, 春醪集
26599743, 7.8, 3871, 有生之年
01276199, 9.0, 832, 采桑子
03028009, 7.0, 16059, 温暖的弦
01999983, 7.7, 4348, 不能动
25704797, 7.7, 4238, 思念成城
11443061, 7.8, 3615, 别拿爱情说事儿
26883960, 9.0, 788, 伊比库斯的预言
01958871, 8.2, 1993, 普宁
01334600, 7.9, 3032, 不可抗力 上
01077898, 8.1, 2276, 原野
02078682, 7.8, 3475, 非卖品
01104808, 8.6, 1187, 烈火青春（1-13）
26907972, 8.6, 1139, 现代日本史
01212492, 8.6, 1136, 十八春
01318125, 9.1, 658, 茶馆
01861516, 8.8, 888, 第二十二条军规
03271283, 7.7, 3638, 奢侈品男人
27077127, 8.5, 1206, 火星编年史
06390810, 8.1, 1976, 记我们单纯的小美好
01046680, 8.7, 946, 茨维塔耶娃文集·诗歌
26743436, 7.4, 5722, 忍冬
26680107, 8.7, 932, 制霸好莱坞
03069728, 7.0, 11933, 良辰讵可待
27072051, 8.7, 903, 不疯魔不成活
27174220, 8.2, 1614, 唇枪
01584977, 7.9, 2319, 世界现代设计史
01465001, 8.9, 664, 呼兰河传
06534919, 7.4, 4848, 然后、爱情随遇而安
01791682, 7.4, 4842, 空中小姐
26806997, 8.5, 1021, 平面设计中的网格系统
03040352, 8.1, 1634, 那些风花雪月
01322445, 8.4, 1072, 林语堂散文
01468918, 8.3, 1201, 王朔文集 挚情卷
21349024, 8.5, 896, 王子病的春天 上
26905763, 8.5, 895, 人间食粮
25891017, 8.3, 1127, 不疯魔，不成活
05261719, 7.6, 2941, 只为爱
02056552, 7.7, 2451, 相会于加勒比海
01468906, 8.7, 693, 二心集
04174098, 8.2, 1222, 那一场呼啸而过的青春
02105879, 8.4, 956, 张爱玲传
01098161, 8.5, 850, 秋
04824159, 8.6, 754, 少年の孵化する音
10876729, 8.0, 1553, 何欢
21370565, 7.6, 2750, 凶宅笔记
03706295, 8.6, 749, 剪刀上的蘑菇
26278884, 8.5, 829, 文化不是味精
03881551, 8.6, 740, 离开以后
01119829, 9.2, 390, 汪曾祺小说
03555039, 9.0, 467, 现代世界史
06040895, 7.6, 2516, 憾生
02024007, 8.6, 686, HBL之死亡时间
01205388, 8.4, 854, 茵梦湖
25734190, 8.7, 612, 末日曙光Ⅱ
02111536, 8.4, 846, 过激行为
01052477, 7.6, 2422, 中国式离婚
04242061, 8.2, 1049, 黑道悲情1
24704353, 9.4, 311, 呐喊 彷徨 故事新编
21956674, 8.6, 660, 王子病的春天·下
27174246, 8.8, 510, 设计师
25788727, 7.4, 2991, 最美遇见你
20444964, 7.7, 1862, 突然想要地老天荒
01505936, 8.4, 735, 鬼恋
01030699, 7.0, 5705, 繁星春水
03084855, 7.2, 3758, 星辰变1
02081258, 7.8, 1426, 北京正午
03895158, 7.5, 2201, 哪瓣洋葱不流泪
27136843, 7.9, 1227, 死神的精确度
04270633, 9.0, 368, 沈从文家书
30215098, 7.9, 1216, 犯罪心理2
03266335, 7.7, 1586, 爱与乐的彼岸
02137802, 8.1, 928, 杀夫
01464980, 8.5, 579, 家
27593408, 8.3, 719, 寡头
01009258, 8.2, 806, 背影
01012703, 7.7, 1529, 林家铺子
06528739, 7.3, 2803, 谁的等待，恰逢花开
24738208, 8.5, 572, 圣路易斯雷大桥
26326016, 7.7, 1499, 小白杨（1）
03067148, 8.5, 565, 去政治化的政治
01003155, 7.7, 1476, 化妆
02142412, 8.2, 778, 长夜未央
26409529, 8.4, 616, 好人难寻
02084946, 8.3, 681, 冲撞 续
21349031, 8.5, 533, 王子病的春天·中
03825558, 8.1, 833, 晨曦 下
06969566, 7.9, 1056, 天王
06560283, 8.4, 577, 这世上我最爱你
01339908, 8.4, 570, HBL之契學修正【上】
04809782, 6.9, 4928, 路从今夜白
30246175, 8.1, 796, 末日乐园1·极温地狱
01339909, 8.5, 507, HBL之契學修正【下】
04249302, 7.1, 3370, 我的名字，你的姓氏
01369551, 7.6, 1514, 昨天（上）
05947457, 8.9, 338, 虚实之间
01104783, 8.6, 436, 呼兰河传
01049586, 8.0, 842, 朱自清散文
03010910, 8.6, 431, 誰先愛上誰？
01168973, 7.5, 1633, 卖海豚的女孩
04709375, 7.2, 2615, 我只是难过不能陪你一起老
26882320, 8.3, 581, 嗨，好久不见
26732446, 6.9, 4355, 你丫上瘾了
02159124, 8.3, 570, 高山下的花环
27067802, 8.1, 714, 第十二秒
27182214, 8.2, 617, 助理建筑师
05068504, 7.3, 2055, 十五年等待候鸟
01055203, 8.5, 446, 中国现代思想史论
27046761, 8.0, 772, 1987，我们的红楼梦
04856537, 7.3, 2030, 你是我的独家记忆
30161036, 9.6, 172, 北京人(精)
30348380, 8.8, 328, 余英時回憶錄
02024004, 8.5, 438, BAD BOY．下
26797014, 8.8, 327, 去年天气旧亭台
03302545, 8.0, 758, 蝴蝶肋骨
01017907, 9.0, 271, 沈从文小说选(上下)
01105712, 9.0, 271, 传奇
26427900, 8.4, 475, 國家一級註冊驅魔師上崗培訓通知 上
26606365, 8.1, 657, 城中城
03137080, 7.2, 2262, 那一杯咖啡的爱情
26845171, 8.3, 522, 多年前，她曾闯入他的城
01436346, 8.8, 309, 草木春秋
01369553, 7.6, 1190, 昨天（下）
26612679, 7.1, 2554, 南方有乔木
01025559, 7.5, 1353, 一个人的战争
01126206, 8.3, 498, 城堡
10491609, 9.3, 198, 西方现代思想史
03124867, 8.6, 363, 大江健三郎精品集
25982808, 7.4, 1528, 针锋对决（上）
11501757, 8.2, 536, 网游之演技一流（上、下）
27127501, 8.3, 479, 我认得人类的寂寞
20556208, 7.5, 1283, 故国人民有所思
25927528, 7.8, 846, 善男信女
01043903, 8.8, 286, 哲学的故事
02253361, 7.9, 732, 过把瘾就死
25852564, 8.4, 418, 八骏图
26652753, 8.0, 642, 沉舟(1)
30294368, 8.0, 640, 拔蒲歌
26278431, 8.3, 454, 脱腔
25714261, 7.5, 1185, 如果蝸牛有愛情（上+下）
01278571, 7.4, 1347, 天瓢
02056544, 7.3, 1531, 烟灰
02056010, 8.0, 602, 錯落
10462865, 8.8, 263, 亲爱的人
03664816, 6.9, 2915, 尽在不言中
01038102, 8.9, 239, 胡适口述自传
10794265, 7.0, 2378, 黑白
02103627, 7.1, 2006, 被享用的男人
26745278, 8.5, 338, 七根凶簡 1
02056554, 8.0, 571, 假如你觉得不幸福
06750335, 8.9, 233, 谈修养
26289485, 7.6, 932, 金牌助理(上)
01974020, 8.5, 330, 花边文学
01260250, 7.7, 804, 抉择
07916067, 7.5, 1050, 忘言书
01073274, 9.3, 166, 西方文学:心灵的历史
02082242, 7.6, 905, 橙黄
03594808, 9.1, 192, 萧红十年集
01535594, 9.2, 176, 穆旦诗集(1939-1945)
01222090, 7.8, 681, 憩园
26326019, 7.9, 598, 小白杨（2）
01608633, 7.8, 674, 神鞭
01073404, 8.9, 219, 长河孤旅
27179496, 8.6, 282, 刺杀孙策
02081261, 8.1, 461, 命中注定 C’était
26873564, 8.5, 304, 死水微澜
03185701, 7.7, 714, 钢铁是怎样炼成的
04932088, 7.2, 1415, 灯火阑珊处
04006109, 7.9, 538, 羊的门
03436133, 8.9, 201, 丰子恺漫画精品集
34461209, 7.3, 1160, 月落荒寺
01946019, 7.3, 1145, 无非爱恨
03863695, 7.8, 588, 一路疼，一路爱
26427902, 8.5, 278, 國家一級註冊驅魔師上崗培訓通知 下
26427901, 8.6, 253, 國家一級註冊驅魔師上崗培訓通知 中
11507163, 7.0, 1808, 心肝
04088378, 7.9, 515, 米
01999795, 8.2, 370, 神將 上
01521489, 6.9, 2084, 小二黑结婚
03010889, 8.3, 328, 不小心愛上你
05366446, 8.3, 327, 地下室里的黑豹
01092248, 7.3, 1049, 子夜
10740544, 9.0, 169, 四世同堂（第3部饥荒）
30254431, 7.9, 476, 被猜死的人
06394943, 9.2, 142, 西方建筑史
06012075, 6.5, 3953, 星光璀璨
01831017, 8.1, 368, 骆驼祥子
04035998, 6.7, 2632, 凶画
25878928, 7.8, 511, 山月不知心底事
01103162, 7.5, 728, 啼笑因缘
02049852, 7.7, 565, 幸福小孩刘小源(下)
02362158, 9.0, 159, 郁达夫全集（全12卷）
30156016, 6.8, 2086, 他从火光中走来
26952431, 7.4, 814, 穿T恤听古典音乐
01260663, 8.4, 260, 日本故事
03105659, 8.3, 285, 那个人
25907862, 8.9, 167, 1948:天地玄黄
02341970, 7.8, 480, 误读红楼
02023850, 7.9, 425, 称霸武林的厨师
20509118, 7.4, 787, 我的房东叫别扭
24719916, 7.8, 473, 殊途同爱
10511257, 8.6, 210, 鲁迅－呐喊·彷徨
03919629, 8.7, 192, 我这一辈子·二马
26770442, 7.9, 418, 袁先生总是不开心
04120698, 7.7, 526, 下一站，幸福
01464982, 8.0, 369, 秋
05976260, 7.3, 868, 我要逆风去
04895097, 7.2, 1001, 身将腐朽，其爱不渝
26856665, 8.5, 223, 与时光擦肩而过
26356893, 7.8, 445, 小白杨（3）
03182750, 8.8, 169, 陈寅恪诗笺释（上下）
01793366, 7.8, 443, 私宴
25985676, 8.1, 317, 灵魂深处闹革命（上）
30294585, 9.4, 107, 忆江南：湖山日历2019
27115903, 8.3, 258, 缅甸岁月
24232307, 7.4, 714, 最后一束米迦勒雏菊
25776193, 7.1, 1095, 职业替身（上）
04149891, 7.6, 551, 爱的替身
25982820, 7.3, 814, 针锋对决（下）
04814377, 9.0, 141, 同一与差异
24827144, 6.7, 2116, 沥川往事（上下）
25982816, 7.4, 707, 针锋对决（中）
01981025, 8.0, 344, 寒夜
30378717, 7.4, 695, 圖靈密碼
10554510, 7.5, 608, 嫁入高门的男人
30407565, 7.5, 608, 知否知否应是绿肥红瘦（大结局）
26599868, 7.4, 687, 金牌助理
06793128, 7.8, 419, 晴天旅行团
26256746, 8.9, 148, 你好！特雷西·桃子镇
01870632, 8.8, 159, 沈从文小说精编
26743403, 7.0, 1196, 一生一世，黑白影画
01119308, 8.1, 297, 小坡的生日
30402865, 7.7, 457, 我的相亲路上满是珍禽异兽
02135576, 7.2, 857, 好人难为
26413600, 9.0, 131, 子恺漫画全集
02328669, 8.2, 256, 玻璃心
02056546, 6.8, 1544, 悲惨大学生活(下)
27073350, 9.0, 128, 知堂谈吃
11625788, 7.3, 702, 资本剑客
01156458, 7.7, 416, 善变
26968048, 7.8, 371, 歲月間（上）
03861212, 7.6, 464, 血玲珑
01169895, 8.7, 154, 萧红全集(上下)
04220314, 6.7, 1690, 与大神JQ的日子
26378909, 7.2, 766, 第七个读者
05917327, 9.5, 86, 金庸作品集（明河社）
21615534, 7.1, 877, 情与谁共
10774651, 8.3, 215, 费玛
26758067, 7.4, 574, 君子一诺
25913805, 6.6, 1979, 对的时间对的人
26883476, 8.7, 151, 汪曾祺书信集
26769899, 7.1, 840, 君子有九思
01877097, 7.9, 309, 兩個人一回事
01204245, 8.3, 208, 老舍自传
02129679, 8.0, 277, 现代汉诗100首
02080959, 8.2, 227, 爱在斯德哥尔摩
04323844, 8.5, 171, 神巫之爱
26832651, 6.6, 1833, 亲爱的弗洛伊德
04742300, 7.7, 373, 南方的堕落
01841992, 7.9, 299, The Memory Keeper&#39;s Daughter
02024003, 7.3, 607, 蝴蝶牙医
04202322, 7.2, 693, 有一种爱谁敢言说
02153594, 8.6, 154, 郁达夫小说集（上下）
03188266, 7.6, 399, 终身操盘（下）
26782167, 8.4, 177, 蛾子纷落的时刻
05355823, 6.6, 1711, 无爱承欢
25968493, 7.3, 576, 绑架游戏
04296398, 6.9, 984, 碎夢天堂
01005442, 8.6, 144, 药味集
01946009, 7.2, 630, 暗紫
01444209, 7.8, 303, 依然是你
34468877, 9.7, 67, 城南旧事
02079679, 7.3, 542, 真心话大冒险
01511580, 7.1, 708, 这次来真的
04886239, 6.9, 946, 奢侈
03395043, 9.4, 79, 又是一年芳草绿
04909285, 8.3, 180, 山鬼木客
06970366, 7.5, 413, 不小心，祸大了！
01288386, 8.5, 149, 理与人
01398393, 8.1, 212, 蝴蝶夫人
26345618, 8.5, 147, 看名画的眼睛.2
02353613, 7.9, 255, 雨林．黑色禁断系列
01943887, 7.7, 315, 门.三岔口
02080362, 7.7, 313, 倾城之恋
26356894, 7.4, 439, 小白杨（4）
34431781, 7.3, 488, 出身
02142398, 7.7, 303, 背负阳光
01659807, 8.2, 179, 大动乱的年代
01013965, 8.0, 216, 金粉世家（上中下）
25778110, 7.0, 708, 职业替身（下）
01097897, 8.8, 108, 鲁迅经典作品选
25987969, 7.6, 323, 飘洋过海中国船 上卷
25777886, 7.1, 604, 职业替身（中）
01261187, 8.1, 191, 黑鱼千岁
03040355, 7.5, 356, Sex Animal
19962933, 8.8, 105, 被贬低的思想
01091890, 7.9, 225, 大雪怪
33446804, 8.2, 168, 悉达多
26848934, 7.2, 498, 貌合神離
03603704, 7.1, 563, 仰望来年炙烈的阳光
03690201, 8.0, 198, 我愛你，知道不？
04146227, 7.5, 331, 来吧，医生
30283541, 8.3, 147, 滿城衣冠 一
06723588, 7.7, 257, 不正当关系
26356896, 7.2, 459, 小白杨（5）
04040196, 7.1, 524, 奔跑的蜗牛
25941125, 7.4, 355, 他的国
05373471, 9.2, 71, 长河
02193186, 8.1, 164, 孽火
30238011, 8.8, 93, 家
01059696, 8.9, 86, 陈寅恪诗集附唐篔诗存
33447640, 6.7, 877, 一醉经年
34798221, 8.0, 176, 经久
04833931, 6.7, 866, 乌龙插错电
01202334, 9.3, 65, 自传集
01810991, 7.7, 233, 缀网劳蛛
34856482, 8.7, 96, 城堡
27050911, 6.3, 1694, 娘娘腔
02989259, 8.0, 170, 凤凰面具1
10808389, 9.2, 67, 胡适书信选
03007465, 6.5, 1142, 杏花春雨落雪时节
02287768, 9.8, 47, 地图女孩Vs鲸鱼男孩
06152984, 8.6, 100, 爸爸的画
02063189, 7.8, 198, 终极目标
20441778, 6.0, 2933, 爱情的开关
01076545, 7.5, 266, 逻辑
26968050, 7.6, 237, 歲月間（下）
25742330, 7.3, 331, 盗情（上下）
19979093, 8.6, 95, 断魂枪
04909286, 8.3, 120, 对你大爷有意见
02038399, 9.1, 66, 风也萧萧 雨也萧萧
01469610, 7.4, 282, 断鸿零雁记
03644811, 7.8, 184, 缚网
03290959, 6.4, 1171, 当糟糠遇见黑色会
20276429, 7.5, 247, 花瓶 上
02141100, 7.9, 163, 目标3 永恒目标
03198374, 7.4, 274, 拿钱砸死我吧 上
01425053, 7.8, 177, 黄泥街
27069880, 7.0, 444, 想起我叫什么了吗
04093044, 6.6, 802, 绯闻女王倾城记
01771915, 6.0, 2503, 天使街23号II
02130965, 8.6, 89, 鸿鹄集
01029701, 8.3, 112, 语际书写
02079682, 7.5, 238, 午夜场
26633470, 6.9, 499, 隔壁那个饭桶
01036752, 8.1, 129, 郁达夫经典
01042424, 7.9, 154, 新金赛性学报告（中文全译本）
26818137, 7.6, 207, 原来你还在这里
01049225, 7.3, 283, 似水流年
26820841, 6.9, 469, 沉默的告白
30435794, 8.1, 125, 警官，借個膽愛你
06977822, 7.7, 176, 佳期如夢
34902738, 8.8, 71, 在路上
01073774, 8.1, 120, 斯巴达
30297124, 7.6, 185, 春琴抄
01273683, 8.2, 105, 关于女人
25987971, 7.5, 201, 飘洋过海中国船 下卷
26779714, 7.1, 317, 意外事故
20276428, 7.5, 199, 花瓶 下
30329403, 8.2, 102, 白日夢之家
04009681, 7.9, 130, 重爱
26874435, 8.0, 118, 斯人若彩虹
34830074, 8.3, 92, 沿坟墓而行
24838906, 7.2, 260, 跟你扯不清
01895809, 7.3, 231, 中国现代经典短篇小说文本分析
04195789, 7.0, 330, 如果当时不放手
01959795, 5.9, 2144, 天使街23号Ⅳ
25773913, 7.9, 125, 乡愁北京：寻回昨日的世界
26866574, 8.6, 71, 岭南花木镜
25714264, 7.6, 162, 如果蝸牛有愛情（下）
03245225, 7.3, 221, 灭亡
03074975, 8.5, 75, 沈石溪动物小说自选集
34908317, 8.4, 79, 天堂的电脑
26392639, 9.1, 49, 围城
34971570, 8.9, 55, 大月亮及其他
04275090, 7.1, 249, Hi，如花
04265977, 6.7, 421, 所有的深爱都是秘密
26805837, 6.5, 568, 夏至未至
26612658, 7.3, 197, 假如爱情听不见
05496408, 7.2, 219, 粉红先生
01797685, 8.0, 100, 斯科塔的太阳
25926549, 7.3, 195, 师友杂忆
01440353, 9.1, 46, 没有日记的罗敷河
26320348, 7.7, 125, 朦胧诗精编
10739314, 7.1, 228, 全服第二
33411278, 6.8, 324, 夜色深处
04074796, 6.7, 369, 家有囍事
20428329, 7.2, 194, 补玉山居
01074096, 8.1, 83, 从城南走来
25698781, 7.6, 127, 叶落淮南
05960391, 7.5, 139, 满足感
06042723, 6.4, 558, 遗爱记
02330759, 6.8, 309, 我这样的爱她
03111558, 6.7, 352, 害(下)
34840702, 8.7, 53, 罩袍之刺
06844010, 8.4, 64, 圣洁百合
01127913, 7.9, 94, 彼得·霍恩诗选
03137054, 7.0, 225, 东南西北
11626650, 8.8, 47, 家事、国事、天下事
34886620, 8.7, 50, 猫城记
25813176, 6.9, 242, 完美替身恋人：终结篇
04268926, 7.7, 103, 门第
04190879, 6.4, 479, 让你嫁给我
26688712, 7.0, 210, 他站在夏花绚烂里
19972928, 7.2, 167, 我和“大神”有个约会
01999966, 6.5, 408, 我是一只狗
05355963, 6.3, 559, 杯具女王
02150619, 7.4, 135, 热夜
02381048, 7.0, 207, 恨一個人
11621659, 7.4, 132, 地下的鸽子
05740755, 7.3, 144, 生死相许无尽处
01014905, 8.5, 53, 恩怨录.鲁迅和他的论敌文选 (上下)
25756788, 9.3, 33, 格拉古軼事
30854835, 6.3, 512, 附加遗产 上
01925195, 5.9, 1056, 壁花小姐奇遇记1
02303842, 9.0, 38, 曹禺全集
01259309, 8.9, 40, 当代哲学主流（下卷）
26935670, 6.7, 272, 通往你的路
34848453, 7.3, 131, 鲁迅的都市漫游
01435102, 7.4, 116, 马识途文集2夜谭十记
01186361, 8.8, 40, 我的安东妮亚
26297258, 8.8, 40, 从世界看中国
26917033, 7.1, 155, 蝉
01169976, 7.7, 86, 文学与现代性
01256183, 7.3, 124, 抓痒
33462645, 6.5, 322, 附加遗产-下
26860758, 7.8, 78, 若情歌有见
01871459, 8.6, 44, 政治的道德基础
20393124, 6.1, 606, 有生之年/狭路相逢
05907931, 6.8, 213, 我们都曾亏欠爱情
01440505, 6.9, 180, 上床不说爱
05349517, 7.2, 129, 不是因为寂寞而爱你
02057363, 8.1, 59, 悲哀的咏叹调
25880483, 9.0, 33, 资本主义的未来
02259580, 6.9, 174, 明星之攻陷
03119633, 6.9, 173, 她是一个弱女子
30458419, 5.9, 784, 恰似寒光遇骄阳
01881257, 6.7, 219, 夜宴
01382109, 7.8, 71, 生男熟女（現代愛情神話之一）
30335663, 6.4, 327, 表弟凶猛
35046432, 9.6, 24, 非常年代
01394089, 8.1, 56, 少女的心
03063665, 7.9, 64, 前汉演义（上册）
19941513, 7.3, 107, 方圆四十里
04849978, 8.2, 51, 你喜欢不如我喜欢
03783319, 7.3, 106, 天堂主题公园
26260731, 6.9, 159, 好久不见
35045885, 9.6, 23, 繁星如你
03094937, 6.7, 200, 永乐町69号
26698970, 7.3, 99, 开悟者的微笑：禅解密
26702158, 6.8, 168, 单恋，是在机场等一艘船
26948102, 7.9, 59, 懒慢抄
25744238, 7.3, 97, 亿万大人物
26848153, 8.2, 47, 匠心
26967304, 8.0, 54, 鬼服兵團 02
04717338, 7.4, 88, 魑鬼
03000138, 8.6, 36, 新批评
04889723, 6.7, 181, 爱我就要说出来
25829238, 8.3, 43, 中国文化的反省
01041822, 7.6, 72, 聂绀弩杂文集
26732443, 5.9, 600, 我和你差之微毫的世界
04148148, 8.0, 51, 现代诗的再出发
26651957, 7.2, 98, 告诉大雄我爱她（纪念版）
26701878, 6.7, 166, 浅浅心事
03322051, 8.4, 38, 守护
26416049, 9.4, 22, 现代中国建筑话语的发生
27028664, 7.3, 85, 菀菀道来
26266063, 7.1, 101, 我的世界分你一半
11442581, 6.7, 156, 遇上是劫数爱上是注定（全2册）
20282799, 7.1, 100, 夏有乔木雅望天堂
05446493, 6.4, 228, 第101次逃婚（下）
27099377, 6.6, 171, 唯一的星光
01024856, 7.6, 62, 微雨
30437699, 7.3, 80, 宽裕的人生
26688095, 6.0, 397, 兔子压倒窝边草
20282382, 6.6, 157, 南京味道
04749532, 6.2, 264, 舞体投递
26967317, 7.8, 47, 鬼服兵團 03
02573014, 6.3, 201, 离爱
26776520, 8.3, 32, 唐長孺詩詞集
26656052, 9.1, 21, 前尘梦影新录
01381593, 8.0, 38, 愛人除舊佈新
20444154, 8.2, 33, 徜徉在思想的密林里
24532289, 5.6, 615, 竹马钢琴师
34681491, 6.5, 145, 明枪易躲，暗恋难防
03507173, 6.2, 217, 淑女飘飘拳
04110713, 7.0, 83, 鬱悶男的春天
03317797, 7.6, 49, 戀愛大過天
02142390, 7.0, 81, 裘欢
25903748, 9.1, 20, 无惭尺布裹头归•交往集
03842682, 6.1, 235, 后现代皇妃物语
26379093, 6.6, 118, After You
04313788, 7.6, 46, 和回忆做爱的男人
26671820, 6.4, 149, 直男宜家
04025921, 7.6, 45, 明瞳
27067812, 6.2, 189, 我在等风，也在等你
22224900, 5.8, 355, 东岑西舅
26575659, 7.5, 47, 转益多师
06810274, 6.7, 94, 野蒿园
27598873, 7.4, 48, 和你的世界谈谈2
26383037, 7.7, 38, 重看民国人物
06019710, 8.5, 23, 荷兰现代诗选
04114664, 6.8, 78, 爱情的三部曲：雾·雨·电
30371635, 6.3, 137, 北上广女子图鉴
04205430, 6.8, 75, 拘禁老大
10512779, 7.1, 55, 激愛藍調
03521385, 9.0, 17, Bacon
25813487, 7.6, 36, 紫薇学园
02046931, 8.4, 22, 生人妻
26878928, 7.2, 48, 少年侦探团
27179939, 6.4, 106, 喜欢你，我也是
26808193, 8.2, 24, 呼喊在风中
34953518, 7.2, 47, 在黑暗中
35047573, 7.4, 40, 明日星程
03161923, 6.7, 71, 高玉宝
34840593, 9.7, 12, 大转型
26268380, 9.1, 15, 傅斯年遗札
26698949, 6.8, 63, 念荣
34114160, 7.6, 32, 天才编辑
01518187, 8.3, 21, 浪漫现代
01262267, 7.9, 26, 我们的后现代的现代
30217716, 8.7, 17, 你醒了吗
26842456, 6.8, 59, 小念头
25761496, 7.4, 34, 上岭村的谋杀
26914251, 7.4, 34, 回首我们的时代
02243107, 8.0, 23, 沈尹默诗词集
02269819, 6.6, 64, 罪恶感
26724561, 7.1, 40, 书房/鲍贝作品系列
02335268, 7.5, 29, 世间女子
01053506, 5.6, 226, 沙床
11606548, 6.8, 49, 我希望没那么爱你
10742718, 7.2, 35, 课后辅导
27109933, 6.4, 72, 包豪斯理想：过去与现在
10527363, 5.8, 156, 爱与痛缠绵
06532816, 7.3, 28, 兰生弟的日记
26340288, 7.6, 23, 你是我最疼爱的人
30142060, 7.1, 32, Still Me
26261581, 6.3, 66, 吃货自然萌
04272728, 8.0, 18, 單身倒數計時
30424959, 9.1, 11, 鲁拜集
04197812, 6.4, 56, 家有妖狐·贰
26378454, 7.8, 19, 前辈们的秘密
30283532, 6.4, 54, 一替成名
26775245, 7.3, 25, 搏击暗夜
26270276, 6.2, 64, 林朗的秘密日记
03246518, 7.5, 21, 20世纪中国先锋诗潮
03337291, 7.4, 22, 黑山堡纲鉴
03264900, 6.9, 31, 希腊的现代进程
04224117, 6.5, 41, 我的活祖宗
20383419, 6.0, 68, 朝思暮念
26393154, 7.4, 20, 时尚里程碑
01177233, 7.6, 16, 人体雕塑
10826470, 6.3, 38, 研究生
04254337, 7.3, 14, 疾厄宫
26646248, 6.1, 29, 往事旧友，欲说还休
06828135, 6.0, 31, 许你一世欢喜
05418758, 7.6, 10, 人文主义的力量
20563143, 6.2, 22, 如果天国也曾悲伤
01896035, 6.7, 15, 子夜
20504678, 5.7, 28, 2012年中国悬疑小说精选
20435890, 5.5, 30, 一诺倾心
27192535, 0.0, 10, 十三座钟
30206495, 0.0, 11, 醉红颜：傲世临川
10603804, 0.0, 17, 禁果情人
21331462, 0.0, 31, 君要怜我
21792534, 0.0, 43, 最炫师徒风
35023261, 0.0, 185, 猴杯
27141150, 0.0, 247, 我的最爱，始终是你
03393295, 0.0, 518, 改革历程
