2020-07-05 16:00:11

number of books, tag name
461, 现实主义

ID, rating, votes, title
04913064, 9.4, 496879, 活着
01007305, 9.6, 291314, 红楼梦
01770782, 8.9, 647945, 追风筝的人
06082808, 9.2, 294588, 百年孤独
01200840, 9.0, 251394, 平凡的世界（全三部）
04908885, 9.0, 129291, 局外人
01873231, 8.7, 182712, 明朝那些事儿（壹）
01089243, 8.9, 124073, 黄金时代
01449351, 8.9, 90236, 呐喊
01141406, 8.5, 186825, 简爱（英文全本）
02143732, 8.8, 91249, 灿烂千阳
10564071, 9.2, 45221, 白鹿原
02035162, 9.0, 55001, 刀锋
01336330, 9.3, 32524, 冰与火之歌（卷一）
01064275, 8.4, 155629, 老人与海
01043815, 8.4, 151830, 骆驼祥子
01205054, 9.0, 49791, 悲惨世界（上中下）
01767945, 8.8, 67476, 一只特立独行的猪
04760224, 9.0, 46969, 许三观卖血记
04123116, 9.1, 38127, 月亮和六便士
05414391, 9.0, 41468, 寻路中国
03523041, 9.1, 32238, 平凡的世界（全三册）
03239549, 9.2, 26755, 夹边沟记事
01119522, 8.4, 102869, 呼啸山庄
01855364, 9.2, 23986, 围城
01016003, 8.1, 153082, 鲁滨逊漂流记
01082334, 8.1, 144826, 穆斯林的葬礼
01069848, 9.0, 27897, 围城
05350303, 9.3, 17512, 活着
03815131, 9.4, 14561, 一九八四
01205370, 8.2, 86294, 羊脂球
02035171, 9.0, 20028, 人生的枷锁
01449348, 8.9, 22093, 彷徨
05275059, 7.9, 138111, 1988：我想和这个世界谈谈
01292416, 8.5, 36286, 香水
01213546, 8.4, 40967, 变形记
26923390, 8.5, 33107, 长夜难明
26707463, 8.8, 19534, 月亮与六便士
01034329, 8.9, 16252, 白鹿原
06861664, 9.0, 13608, 白鹿原
02253380, 9.2, 9766, 安娜·卡列尼娜
01085883, 8.7, 20026, 青铜时代
01007433, 8.2, 47497, 红与黑
01082349, 8.2, 45887, 长恨歌
27608412, 8.4, 31142, 默读
01084165, 9.0, 11422, 平凡的世界
02022979, 8.0, 62015, 喜宝
01082150, 8.4, 28333, 白银时代
04071859, 9.4, 5920, 我在伊朗长大
01082138, 8.4, 25748, 在细雨中呼喊
01143694, 8.3, 28703, 动物凶猛
01060774, 8.7, 14597, 君主论
01082518, 7.9, 59966, 麦田里的守望者
03191322, 8.9, 10581, 边城
03598313, 7.9, 55931, 西决
01022632, 8.8, 11718, 罪与罚
03151596, 9.2, 6601, 活着
01442720, 9.5, 4433, 鲁迅全集（2005最新修订版）
03091368, 9.1, 7369, 白鹿原
01860750, 8.4, 17417, 了不起的盖茨比
01054917, 8.5, 14082, 沧浪之水
01007772, 8.3, 18853, 双城记
26707295, 8.7, 9675, 月亮和六便士
01082522, 8.2, 21511, 家
01917972, 7.8, 45237, 在路上
26839300, 8.9, 7158, 局外人
25907864, 9.6, 2923, 守望者（下）
04105446, 8.2, 20474, 十一种孤独
01815640, 9.1, 5068, 王小波全集（第一卷 杂文）
02026211, 9.0, 5775, 士兵突击
03860856, 8.1, 22175, 可爱的洪水猛兽
01083477, 8.1, 22174, 包法利夫人
03335362, 8.5, 10212, 大教堂
01255288, 8.1, 19263, 复活
30362170, 8.1, 18795, 冬泳
01456692, 8.7, 7235, 金瓶梅
19995918, 8.3, 13337, 蛙
01083434, 8.7, 7130, 莫泊桑短篇小说选
03432304, 8.9, 5314, 大江东去（共三部）
02253402, 9.1, 4016, 罪与罚
01083003, 8.7, 6557, 尘埃落定
02062557, 9.3, 2978, 地狱变
01083435, 8.8, 5406, 契诃夫短篇小说选
04149805, 8.5, 7753, 了不起的盖茨比
02161700, 9.4, 2356, 乱世佳人
01015584, 8.1, 14270, 看上去很美
01894745, 8.4, 8458, 简·爱
01013469, 8.7, 5340, 战争与和平（全四册）
04202004, 8.6, 5987, 文明的冲突与世界秩序的重建
04169424, 7.9, 18242, 蛙
01050566, 8.2, 10841, 一地鸡毛
01889128, 8.4, 7785, 茶花女
01394433, 8.4, 7352, 藍宇
04267149, 8.5, 6323, 人生
04120475, 9.3, 2216, 加缪全集 （小说卷）
25779593, 8.7, 4667, 族长的秋天
01119528, 8.0, 13529, 高老头
01872158, 8.2, 9682, 蝇王
01008074, 7.6, 28426, 失乐园
03075281, 8.6, 5190, 世界上所有的夜晚
02042629, 8.8, 3949, 九三年
06313450, 8.9, 3412, 包法利夫人
01066558, 9.4, 1854, 卡拉马佐夫兄弟（上下）
03164521, 8.8, 3685, 简爱
03926717, 8.6, 4790, 雷蒙德·卡佛短篇小说自选集
01014144, 8.3, 7146, 大卫·科波菲尔（上下）
01438602, 8.8, 3446, 白鹿原
04199761, 8.3, 6906, 重新发现社会
01885261, 8.6, 4343, 巴黎圣母院
03640067, 8.8, 3159, 革命之路
01035477, 7.9, 12094, 德伯家的苔丝
01837654, 8.8, 3113, 审判
01015547, 9.1, 2119, 平凡的世界(全三册)
01151873, 8.2, 7090, 我是你爸爸
01427302, 8.6, 3855, 罗生门
01205372, 8.1, 7985, 茶花女
01439441, 9.0, 2299, 伯罗奔尼撒战争史
01082233, 9.1, 2033, 平凡的世界
03277199, 8.1, 7719, 多田便利屋
06742586, 7.8, 12726, 我不是潘金莲
01361337, 8.9, 2398, 樹上的男爵
26394876, 9.1, 1781, 小说机杼
03813194, 7.9, 9035, 火车
01925218, 7.4, 22377, 翻译官
04213995, 7.6, 15083, 黑笑小说
01151876, 8.1, 6209, 顽主
28171580, 7.7, 12014, 人间便利店
01281653, 7.9, 8160, 秦腔
01880990, 8.3, 3972, 复活
24540864, 6.9, 55198, 第七天
02033349, 8.7, 2299, 一个分成两半的子爵
34442090, 8.5, 2973, 王考
26669243, 8.1, 5158, 慈悲
01417577, 8.7, 2202, 庸才 1
01822793, 7.6, 11143, 长安乱
04908877, 9.1, 1339, 静静的顿河
03149443, 8.4, 3106, 兄弟
03993392, 9.4, 968, 苏轼词集
02036390, 8.4, 3060, 超. 殺人事件: 推理作家的苦惱
01373788, 8.4, 3058, 玩偶之家
01033148, 8.7, 2020, 白夜
01894740, 8.6, 2258, 猎人笔记
01143756, 8.0, 5180, 一半是火焰一半是海水
02295122, 8.4, 2877, 卡门
03025921, 7.7, 8383, 黑天鹅
01151878, 8.3, 3249, 过把瘾就死
26879920, 8.5, 2457, 一地鸡毛
01120648, 8.8, 1690, 呼啸山庄
01097052, 8.4, 2673, 包法利夫人
01317891, 8.9, 1421, 桃花扇
01880827, 8.5, 2300, 远大前程
05437032, 8.5, 2284, 沧浪之水
01455138, 8.8, 1562, 白色巨塔（第一部）
01888031, 7.8, 6186, 格列佛游记
03290010, 7.0, 28564, 澜本嫁衣
01205373, 7.8, 6004, 苔丝
01885218, 8.2, 3249, 苔丝
01807562, 9.1, 1056, 加西亚·马尔克斯中短篇小说集
01070759, 8.4, 2269, 高老头
03931511, 8.2, 2937, 旋转木马鏖战记
01034449, 8.9, 1207, 杰克·伦敦小说选
30441551, 8.8, 1333, 烧纸
02174410, 8.3, 2456, 名利场
01083476, 8.2, 2783, 欧也妮·葛朗台
02133556, 6.9, 28662, 光荣日（第一季）
01031354, 8.1, 3115, 死魂灵
01971678, 9.3, 749, 国家间政治
03191328, 6.5, 69880, 小时代1.0折纸时代
01080789, 8.6, 1489, 白鹿原
02169998, 8.8, 1149, 被伤害与侮辱的人们
03886832, 7.5, 7079, 废都
05998988, 9.2, 745, 尋路中國
01076728, 8.5, 1606, 复活
02036569, 8.3, 2018, 愤怒的葡萄
01455137, 8.9, 956, 白色巨塔（第二部）
01041912, 8.0, 2910, 黄昏里的男孩
25897651, 9.3, 631, 静静的顿河
03136267, 8.5, 1430, 小城畸人
01045934, 8.9, 908, 幻灭
01083473, 8.4, 1571, 德伯家的苔丝
02355626, 8.5, 1355, 雾都孤儿
19898714, 7.6, 4660, 偶发空缺
01201947, 8.2, 1914, 哈克贝里·费恩历险记
02994137, 8.7, 1019, 深海鱼男
19977690, 8.3, 1606, 天堂蒜薹之歌
03593300, 9.3, 541, 民主新论
03279242, 7.5, 5202, 三重门
03903121, 9.0, 720, 第六病室
02987378, 8.6, 1098, 简·爱
01069227, 7.9, 2699, 世事如烟
01272844, 9.2, 580, 平凡的世界(全3册)路遥全集
01027786, 8.6, 1058, 大卫.科波菲尔（上下）
01433325, 8.5, 1188, 世界上所有的夜晚
02250331, 7.8, 2889, 高兴
03225756, 8.1, 1880, 灰故事
30257740, 8.1, 1856, 无理时代
01444245, 7.8, 2756, 米
27078382, 8.6, 975, 網內人
03662751, 8.7, 852, 公羊的节日
02042167, 8.2, 1518, 无名的裘德
02032178, 8.7, 840, 包法利夫人
34894380, 8.0, 1978, 雾行者
01959270, 8.1, 1715, 小世界
26857367, 8.9, 676, 大教堂
03851799, 8.1, 1711, 天行者
01072015, 9.2, 497, 人间喜剧 第一卷
01245758, 8.9, 646, 都柏林人
03878514, 8.0, 1835, 苍黄
02308408, 8.1, 1603, 唐吉诃德
01448800, 9.2, 471, Catch-22
03563287, 7.8, 2385, 返老还童
01442676, 8.4, 1074, 廢柴同盟 1
02028872, 9.0, 563, 都柏林人
01205382, 8.3, 1188, 双城记
01105348, 8.8, 659, 青春禁忌游戏
03122551, 9.1, 472, 銃夢07
01262809, 8.8, 632, 近代的超克
02354756, 8.8, 627, The Gadfly
01050368, 7.2, 5581, 子夜
03076985, 9.1, 461, 安娜·卡列尼娜
02036573, 7.7, 2347, 儿子与情人
04882010, 8.6, 701, 燃烧的原野
01858493, 7.9, 1637, 虹
21371529, 8.5, 770, 高老头
01224599, 9.0, 450, 20年危机（1919-1939）
01136277, 7.4, 3165, 嘉莉妹妹
10484056, 8.5, 720, 受活
01228144, 8.4, 795, 野性的呼唤
04262652, 8.2, 1004, 不如归
02079043, 9.1, 386, 機車人生(01)
01426453, 8.9, 449, 大生活
04140447, 8.3, 828, 绿房子
02323413, 7.9, 1356, 查泰莱夫人的情人
03208369, 9.0, 391, 国际政治理论
01871172, 8.9, 426, 易卜生戏剧四种
02372670, 7.8, 1453, 兔子，跑吧
03076986, 8.7, 503, 复活
10540004, 8.9, 412, 被伤害与侮辱的人们
30282302, 8.7, 497, 2081
02256514, 8.3, 754, 复活
03127197, 8.3, 750, 穷人
01069168, 7.4, 2513, 钢琴教师
21267640, 8.9, 393, 布登勃洛克一家
06308035, 9.0, 358, 星守犬
25834991, 9.5, 234, 路人超能100 01
30423925, 9.3, 271, 学术与政治
01893969, 7.8, 1305, 童年·在人间·我的大学
01062478, 8.7, 450, 安娜·卡列宁娜
01355925, 8.6, 475, Great Expectations
03049157, 8.9, 352, 在流放地
01441174, 8.5, 512, 男生贾里
02131434, 8.9, 344, 电影是什么？
20453463, 7.4, 1987, 无可慰藉
01051386, 8.4, 544, 大国政治的悲剧
02999686, 8.7, 384, 獨男
04140448, 8.2, 630, 胡利娅姨妈与作家
02248319, 8.0, 793, 嫉妒
03183810, 7.2, 2440, 酒国
02998749, 8.4, 491, 大国政治的悲剧
25894181, 9.0, 267, 包法利夫人
01885227, 7.7, 1038, 嘉莉妹妹
02372703, 9.3, 196, 一日长于百年
26280494, 7.3, 1759, 活着之上
01223810, 9.2, 205, 杜甫诗选
01221889, 7.7, 876, 漂亮朋友
03021160, 8.8, 263, 獨男2
03144753, 8.4, 383, 漂亮朋友
03112202, 8.8, 249, 獨男4
03112201, 8.7, 266, 獨男3
26986059, 8.6, 290, 死魂灵
10775763, 7.1, 1813, 补玉山居
01786676, 8.3, 362, 橡皮
01440357, 8.6, 266, The Wind in the Willows
06004232, 7.7, 675, 浮世爱
01067417, 8.9, 194, 福尔摩斯探案集
01082168, 7.7, 647, 十日谈
01139742, 8.3, 329, 名家名译随身典藏
19986374, 8.9, 185, 青铜时代（上下册）
03023706, 8.4, 284, 驴皮记
34839960, 8.1, 381, 被太阳晒热
26307908, 7.8, 517, 野蛮生长
01016225, 8.8, 190, 易卜生戏剧选
01813012, 8.1, 351, 我是钱
03279013, 7.3, 920, 晃晃悠悠
06313507, 8.8, 181, 伪币制造者
01411089, 7.7, 540, 漂亮朋友
01351667, 8.4, 255, 酸臭之屋
02216837, 8.4, 253, 克・亜樹ラブストーリースペシャル
30313392, 7.5, 676, 街道江湖
01004795, 7.0, 1386, 有了快感你就喊
01922873, 8.3, 261, GO!GO!茂利飛車黨 03
03030893, 8.4, 237, 羊脂球
26906405, 9.1, 131, 傲慢与偏见
04010164, 8.7, 178, 沧浪之水
01112446, 8.6, 193, 现实主义的限制
27156672, 7.9, 376, 梁光正的光
01433459, 8.7, 172, 金瓶梅词话
03633544, 8.5, 203, 宦海沉浮（上、下）
24295355, 9.5, 94, 悲惨世界（上、下）
02194125, 8.3, 236, 帕尔马修道院
02137787, 8.7, 165, 许三观卖血记
01426938, 8.1, 285, 美国悲剧
03014177, 9.3, 105, Black Lagoon Vol. 7
26574813, 8.7, 162, 婚变
02012418, 9.0, 121, 世界政治中的战争与变革
02154798, 7.7, 387, 女系家族
01822809, 7.9, 306, 白夜
01021528, 8.0, 275, 伊丽莎白·科斯特洛：八堂课
03019825, 8.6, 157, Lady Chatterley&#39;s Lover
01011395, 7.7, 365, 水与火的缠绵
25820584, 8.8, 129, 君主论
25947837, 7.8, 289, 栗树街的回忆
01081671, 8.3, 176, 一地鸡毛
01130448, 9.1, 92, 杜甫评传
01418429, 9.3, 80, 忠孝公園
01119556, 9.4, 75, 易卜生文集 第七卷
20296648, 7.5, 386, 装台
03016692, 7.9, 220, 制造同意
03118140, 9.4, 68, 杜诗详注
26327548, 8.4, 139, 重建的世界
02032114, 8.9, 94, 奥勃洛摩夫
04106717, 8.7, 107, 荒凉山庄-上下册-全译本
03797388, 8.3, 144, 茶花女
01201875, 7.5, 306, 美国的悲剧
03576161, 7.7, 245, 杰夫代特先生
24295344, 8.4, 125, 弃儿汤姆·琼斯的历史(上、下)
06529006, 8.9, 85, 现实主义的限制
01437615, 7.9, 193, 橡皮
01083315, 8.1, 158, 柯利希的宁静日子
24551457, 8.1, 158, 坚硬如水
02287013, 8.8, 89, 人、国家与战争
26280107, 8.2, 142, 大国政治的悲剧
03182988, 9.1, 72, 白虎关
19981687, 8.8, 87, 欢乐之家
26615605, 8.5, 107, 世界权力的转移
26906408, 8.4, 115, 劝导
03796254, 7.9, 177, 钟鼓楼
01283040, 8.6, 97, 新现实主义及其批判
10810402, 8.4, 108, 基辛格
06100792, 8.7, 85, Zhu Rongji Meets the Press
04187683, 8.8, 79, Great Expectations
03023388, 8.3, 114, 途中的镜子
02278856, 8.4, 104, 红与黑
11541382, 8.6, 86, 人间食粮
01084211, 8.2, 117, 高老头
01275540, 7.9, 152, 布拉格小城画像
03082500, 8.8, 72, 哥儿·草枕
34453056, 8.0, 132, 荣辱
01122017, 8.5, 87, 九月寓言
03238861, 8.2, 107, 论无边的现实主义
01129534, 8.6, 78, 二十年目睹之怪现状
04100390, 9.6, 42, 摹仿论
01087507, 8.9, 63, 刘震云
34786363, 8.6, 75, 《傲慢与偏见》/Pride and Prejudice
25933193, 9.1, 54, 大国政治的悲剧
01820059, 7.5, 192, 小说地图
01826124, 9.4, 45, 杜工部集
02348035, 8.5, 79, 洋葱头历险记
01546381, 8.6, 70, 双城记.(狄更斯文集) (精装)
03245225, 7.3, 221, 灭亡
01065196, 8.1, 102, 君主论
01961275, 8.0, 110, 浮华世家（下部）
03549380, 8.7, 64, 老古玩店(文集) (精装)
01416745, 8.5, 73, 现代生活的英雄
25920178, 8.4, 78, 波斯纳法官司法反思录
03181275, 8.6, 67, 巴黎圣母院
01979111, 7.3, 206, 冒犯书
27147355, 7.7, 129, 人间故事
01316502, 8.8, 55, 一度青春
04328747, 8.2, 83, 君主论
02383057, 8.6, 62, The Great Gatsby
01127472, 7.8, 110, 原来这句日语这样说
03741494, 7.8, 107, 培根论人生
01055768, 8.1, 79, 红与黑
10606504, 8.5, 59, 莫泊桑社会小说
30222204, 6.7, 338, 东京女子会
03543111, 9.1, 40, The Limits of Realism
01421836, 9.5, 32, 都柏林人
01459745, 8.8, 46, 世界文学著名文库 第一辑
05972003, 7.9, 84, 意大利电影
01852505, 8.5, 50, 契诃夫短篇小说选
27082334, 7.2, 147, 杀死一个程序员
01827421, 8.9, 39, 錢注杜詩（上下）
03127265, 8.9, 39, 奥立弗·退斯特
26796697, 7.9, 75, 让我们害怕的食物
20468670, 7.8, 80, 白豆白麦
01256183, 7.3, 124, 抓痒
05922529, 9.1, 33, 欧叶妮·葛朗台
30365914, 7.9, 71, 无光之地
03717199, 7.1, 147, 夜火车
06507265, 9.1, 32, 白色巨塔套書 (2011年版）
26901116, 8.6, 42, 科学人对抗权力政治
01743492, 7.5, 91, Ethan Frome
03249841, 8.3, 47, 虾球传
25894769, 9.6, 23, 造城时代的爱情
25902454, 8.6, 35, 嘉莉妹妹
26144688, 8.7, 33, 一生 皮埃尔与让
30276597, 7.3, 88, 重新生活
03549942, 7.4, 79, 变态心理学
02979277, 9.4, 22, 读杜心解(全三册)
10728021, 9.3, 23, 高老头
02057757, 7.4, 77, 遗失象牙的海岸
27127297, 7.4, 73, 夜火车
35022059, 7.8, 52, 长生塔
03854839, 7.6, 56, 私人生活史
05296498, 7.8, 47, 生死遗忘
03223380, 8.8, 25, 带叭儿狗的女人
01438923, 8.5, 29, The Diamond Age
26892577, 8.7, 26, 我们时代的安全战略理论
26080425, 7.5, 53, 沧浪之水
02025005, 8.1, 33, 堂娜芭芭拉
02246473, 8.1, 33, 365 Ways to Change the World
30162954, 8.6, 24, 野性的呼唤
06751168, 9.6, 15, 高尔基读本
01023565, 7.4, 50, 高跟鞋
11627093, 9.0, 19, 高老头
02311340, 7.3, 51, 蘑菇王
01416210, 8.2, 27, 美国无敌
01687319, 8.4, 24, 荷马史诗
01000118, 7.4, 42, 第七个十字架
02044516, 6.6, 85, 死亡笔记
02057025, 8.8, 18, 复活（托尔斯泰小说系列/插图本）
11612747, 7.8, 30, 骆驼祥子
34850853, 8.4, 21, 渎心者
11531701, 6.8, 64, 东风嫁
01801845, 8.2, 23, 艰难时世
26381442, 9.4, 13, Prayer
30126854, 9.2, 14, 世界政治中的美国战略
22163369, 9.0, 15, The Antinomies Of Realism
01965438, 6.7, 64, 新文学现实主义的流变
26933875, 7.6, 28, 子夜
01224770, 7.4, 32, 亚洲人会思考吗？
01362195, 8.0, 21, 小說地圖
02015198, 8.8, 14, 列维坦画集（下）
03194219, 8.0, 20, 毁灭
27191694, 8.9, 13, 唐吉诃德（上）
04727735, 6.8, 44, 盛夏来袭
02036138, 8.3, 16, 起义者
03568928, 8.0, 18, Fictional Realism in 20th Century China
01319449, 7.0, 34, 危险的移动
03142793, 8.2, 16, 赫达雅特小说选
02043868, 7.6, 22, 幸运儿彼尔
01876890, 6.4, 55, 手机自杀预告
03299713, 8.2, 15, 西方绘画大师，库尔贝
01038742, 7.8, 18, 论无边的现实主义
02022111, 7.7, 19, 法撼汾西
03557343, 7.9, 17, 在底层的人们
27180986, 6.0, 75, 黄棠一家
04152296, 6.3, 51, 爱是寂寞撒的谎
03815894, 7.6, 18, 20世纪外国文学作品选
06797901, 7.4, 19, 茶馆.龙须沟.春华秋实
06525365, 7.7, 16, 什么是现实主义文学
26969831, 6.9, 23, 游戏规则
25837359, 7.0, 21, 边缘地带论
02271149, 7.4, 16, Adventures of Huckleberry Finn
04139850, 7.0, 18, 《如果麦子死了》《俗丽》《戏剧场》
26304119, 6.6, 20, 化身九双鞋的男人
01028115, 7.6, 11, 现实主义与美国外交政策
01323166, 7.2, 13, 自主学习
20266313, 3.6, 13, 现实主义电影美学研究
01132128, 0.0, 10, 红与黑
