2020-07-05 16:00:11

number of books, tag name
125, 现在

ID, rating, votes, title
01770782, 8.9, 647945, 追风筝的人
01200840, 9.0, 251394, 平凡的世界（全三部）
01082154, 9.1, 190799, 活着
25862578, 8.5, 642241, 解忧杂货店
01054685, 9.1, 100738, 沉默的大多数
02295163, 9.0, 100635, 哈利·波特与死亡圣器
01254588, 9.0, 100387, 城南旧事
04238362, 8.6, 126795, 送你一颗子弹
01043815, 8.4, 151830, 骆驼祥子
06388661, 8.8, 56134, 这些人，那些事
03239549, 9.2, 26755, 夹边沟记事
01027191, 9.0, 36518, 历史深处的忧虑
01013416, 8.6, 60025, 雷雨
01813841, 8.7, 32091, 枪炮、病菌与钢铁
03803820, 8.4, 51381, 人生
05337254, 9.1, 15639, 孽子
03533221, 8.4, 35532, 非暴力沟通
01014825, 9.0, 13040, 我也有一个梦想
01056315, 8.8, 17439, 总统是靠不住的
01021615, 9.1, 11161, 小王子（中英文对照本）
01032501, 8.8, 16314, 心理学与生活
04124727, 8.1, 51465, 孤独六讲
26210487, 9.0, 11135, 强风吹拂
27608239, 8.4, 22261, 原则
03389984, 8.5, 15328, 俗世奇人
01369777, 9.0, 6551, NANA 12
04618225, 8.2, 21767, 不去会死！
02180619, 8.0, 28059, 偷书贼
19920715, 8.6, 10164, 论中国
10794792, 9.3, 3470, 受戒
19995918, 8.3, 13337, 蛙
01065977, 8.7, 7184, 共产党宣言
04929844, 8.3, 13251, 怪诞行为学
04152754, 7.6, 42779, 时生
01791664, 8.7, 5802, 千江有水千江月
01785029, 8.2, 12128, 步步惊心
25810506, 9.1, 3283, 史蒂夫·乔布斯传（修订版）
04773224, 8.2, 11606, 生活十讲
01000445, 8.6, 5969, 时间简史
01115353, 8.3, 8674, 奇特的一生
01027247, 7.8, 18689, 丑陋的中国人
25747921, 7.0, 106911, 从你的全世界路过
02115040, 7.9, 12916, 玫瑰的故事
01002690, 8.7, 3796, 陈寅恪的最后20年
06085181, 8.0, 9727, 二号首长
26658379, 8.4, 5180, 必然
10590165, 9.4, 1494, 聆听音乐
21692813, 7.6, 16859, 眠
01054181, 8.8, 2441, 牧羊少年奇幻之旅
01867642, 7.6, 14224, 世界是平的
11607261, 8.6, 2801, 旧制度与大革命
01073253, 8.7, 2373, 闲话闲说
24540864, 6.9, 55198, 第七天
06864307, 7.4, 16838, 像我这样笨拙地生活
06878212, 7.9, 5914, 一个村庄里的中国
02345727, 7.4, 14000, 蜗居
10565151, 7.5, 11443, 我是个年轻人 我心情不太好
22806583, 8.7, 1839, 国家的常识
25764295, 8.3, 3013, 百年好合
01055187, 8.3, 2753, 我的前半生
24736805, 7.5, 9757, 我所有的朋友都死了
26435040, 8.3, 2557, 世界秩序
26359758, 7.8, 4991, 硬派健身
26700745, 8.4, 2096, 南渡北归
04833920, 7.3, 11803, 十八岁给我一个姑娘
04901590, 7.7, 5390, 初夏荷花时期的爱情
19982767, 8.9, 1056, 茶馆 叶浅予插图本
06534712, 8.2, 2482, 寂静
26952485, 7.2, 12351, 人民的名义
03151850, 9.0, 894, 英语语法新思维初级教程
10597811, 8.5, 1479, 早晨从中午开始
04260576, 7.3, 8144, 有些事现在不做，一辈子都不会做了
26264956, 7.4, 6594, 袭击面包店
06710720, 6.9, 17149, 春宴
01464442, 7.6, 3969, 道路与梦想
05402682, 7.4, 5081, 牛奶可乐经济学
03333758, 7.3, 6039, 大爱晚成
20413742, 7.5, 4223, 不说，就真来不及了
06531686, 8.1, 1449, 抉择时刻
04738419, 8.6, 789, 幾米 故事的开始
03289609, 7.0, 6961, 这么远，那么近
04120032, 8.3, 830, 人面桃花
25782608, 7.8, 1441, 大道当然
01007391, 8.1, 934, 上海摩登
03376746, 8.1, 934, 老张的哲学
03345578, 8.5, 480, 死水微澜
26834083, 8.1, 706, 伟大的中国工业革命
26644808, 7.8, 913, 高铁风云录
01498975, 8.8, 308, Norwegian Wood
02131311, 8.2, 496, 现在
07916070, 7.6, 588, 杨氏女
21325515, 8.2, 299, 國家為什麼會失敗
26370001, 8.6, 193, Dealing with China
30189666, 8.7, 170, 力量训练计划
02080273, 8.9, 124, 你知道吗——现代科学中的一百个问题
20365139, 8.0, 252, 父亲那场永不止息的战争
01012363, 8.2, 207, 中国乡村，社会主义国家
02995324, 9.3, 77, A New Earth
25708959, 7.8, 249, 街猫
01221351, 9.1, 78, 现代世界中的数学
01133884, 8.3, 141, 中国现代文学作品精选
26976500, 7.7, 233, 大国速度
01961624, 9.3, 64, 古代中国的历史与文化
10506857, 7.9, 168, 天朝1793-1901
04742296, 8.6, 87, 祖父在父亲心中
23764874, 7.1, 359, 影子里的中国
05405414, 7.9, 96, Sword Art Online 刀劍神域 05
01038965, 7.6, 95, 巴金散文
25743162, 8.1, 63, 书衣文录
05990843, 7.7, 65, 鲁迅评传
01822814, 7.6, 65, 艺术家韩起祥
06126385, 7.2, 87, 红色账簿
01464769, 7.8, 47, 李潔明回憶錄
10354423, 7.2, 73, 世界30年
03183699, 8.3, 31, 画梦录
01051707, 6.8, 72, 陈洁如回忆录
11591738, 6.8, 55, 写字桌的1971
27138806, 9.0, 14, 古怪的科学
26149588, 5.8, 115, 初恋了那么多年
06521415, 6.3, 55, 性生活常识必读全书
11595729, 6.7, 35, 钻玉米地
06797859, 7.8, 13, 阳光
01014409, 4.6, 589, 我所认识的蒋介石
10480932, 7.0, 17, 裸婚不裸财
10553755, 7.4, 11, 落花生
