2020-07-05 16:00:11

number of books, tag name
799, 理想国

ID, rating, votes, title
20427187, 8.8, 276236, 看见
03995526, 8.6, 185211, 目送
04207781, 8.7, 62353, 孩子你慢慢来
04742918, 8.3, 111159, 1Q84 BOOK 1
23008971, 9.1, 18815, 平如美棠
05337254, 9.1, 15639, 孽子
10555509, 9.0, 17484, 看不见的城市
26362836, 9.0, 16358, 献给阿尔吉侬的花束
01062193, 8.5, 34992, 娱乐至死
01004821, 8.7, 22711, 理想国
01062343, 9.2, 9840, 昨日的世界
05366248, 8.2, 44292, 你一定爱读的极简欧洲史
04729583, 8.9, 13360, 野火集
26210487, 9.0, 11135, 强风吹拂
03344676, 8.1, 42994, 常识
05337243, 8.7, 14583, 纽约客
04230237, 9.1, 7876, 设计中的设计 | 全本
26253699, 9.1, 7335, 台北人
33424487, 8.9, 9324, 时间的秩序
26854318, 9.1, 6796, 现代艺术150年
25961458, 9.3, 5230, 大问题
26680113, 8.6, 13349, 那个不为人知的故事
02256438, 7.8, 55994, 素年锦时
01949679, 8.7, 10532, 素履之往
03642673, 8.0, 30127, 我执
26861418, 9.5, 3124, 奥斯维辛
03297888, 8.5, 11817, 云雀叫了一整天
02359003, 8.2, 18865, 沉思录
01003284, 8.1, 22271, 退步集
06397522, 9.3, 3789, 论自由
30330181, 9.0, 5473, 棋王
27062726, 8.9, 5937, 贾想 I
26253695, 9.1, 4452, 孽子
30362170, 8.1, 18795, 冬泳
22163516, 8.6, 8326, 云雀叫了一整天
25809269, 8.5, 8646, 目送
01460313, 8.4, 9603, 哥伦比亚的倒影
02256351, 8.4, 9137, 乌合之众
26853356, 8.9, 4216, 鱼王
04773224, 8.2, 11606, 生活十讲
26309691, 8.3, 9868, 月光落在左手上
25870310, 8.8, 4667, 野火集
30277179, 9.1, 3148, 打开一颗心
06937888, 8.6, 5776, 树犹如此
19962936, 8.7, 4850, 只是孩子
26939269, 9.0, 3156, 只是孩子
02295324, 8.6, 5308, 地下乡愁蓝调
33111439, 8.8, 3969, 有所不为的反叛者
25952961, 8.8, 3893, 博尔赫斯谈话录
34262174, 8.2, 8449, 网内人
26394018, 9.3, 1870, 生活与命运
02294993, 8.3, 6600, 纽约琐记（修订版）
04159088, 7.8, 14892, 理想的下午
04082434, 9.3, 1788, 穿墙透壁
27619602, 9.2, 1884, 娜塔莎之舞
26698223, 9.2, 1869, 永恒的时光之旅
27116235, 8.1, 7871, 飞行家
05355829, 8.6, 3746, 哥伦比亚的倒影
01963395, 8.6, 3740, 鱼丽之宴
25735727, 8.2, 6552, 站在两个世界的边缘
05363278, 8.4, 4796, 素履之往
02052596, 8.2, 5927, 退步集续编
25971624, 8.7, 2913, 政治秩序的起源
27600198, 8.4, 4293, 贾想II
04124716, 8.5, 3729, 汉字书法之美
01005325, 8.3, 4945, 童年的消逝
26120130, 9.1, 1745, 天才的编辑
25953571, 8.8, 2450, 耳语者
26292964, 8.6, 3161, 世界小史
01463256, 8.3, 4673, 大明王朝的七张面孔
27091035, 9.1, 1630, 魔灯
01017818, 8.3, 4504, 观看之道
01888215, 8.4, 3831, 即兴判断
05337250, 8.4, 3824, 寂寞的十七岁
04266008, 8.3, 4353, 给一个未出生孩子的信
26840830, 8.9, 1962, 爱德华·巴纳德的堕落
26253698, 8.8, 2133, 纽约客
01949674, 8.1, 5536, 我纷纷的情欲
03111928, 8.1, 5344, 安迪·沃霍尔的哲学
26687647, 7.9, 7344, 至味在人间
30197986, 8.4, 3404, 许子东现代文学课
26647742, 8.8, 1988, 陌生的经验
26298832, 8.7, 2223, 零年：1945
01068912, 8.4, 3268, 中国文化的深层结构
33408247, 8.2, 4304, 病毒星球
27156017, 8.6, 2454, 扫地出门
33459737, 8.2, 4130, 书店日记
04101013, 8.2, 4017, 设计的觉醒
30394971, 9.4, 943, 论自由
30446684, 8.2, 3967, 六里庄遗事
10739689, 8.6, 2276, 伟大的电影
26681991, 8.6, 2252, 鳄鱼街
06878212, 7.9, 5914, 一个村庄里的中国
03652211, 8.6, 2155, 爱默生家的恶客
33426127, 8.4, 2750, 渺小一生
27591495, 8.6, 2032, 万古江河
05363268, 8.6, 2011, 琼美卡随想录
30345416, 9.1, 1121, 铁浆
26894364, 8.3, 2880, 反正竞赛还很长
33440237, 9.0, 1199, 强风吹拂
19963049, 8.5, 2161, 留住手艺
25762598, 8.9, 1276, 尽头
30254236, 8.7, 1599, 4321
02142574, 8.7, 1592, 时光中的时光
25908550, 8.4, 2294, 历史的终结与最后的人
05363282, 8.6, 1751, 温莎墓园日记
10738211, 8.2, 2845, 直到长出青苔
30441551, 8.8, 1333, 烧纸
27622167, 8.8, 1308, 沈从文的前半生
11527635, 8.1, 3144, 鳄鱼手记
27156016, 9.0, 1017, 失焦
24839726, 8.6, 1594, 杜尚访谈录
02097249, 8.7, 1384, 鱼丽之宴
06100947, 7.6, 6355, 刘氏女
26822709, 8.4, 1938, 聋哑时代
19976381, 8.9, 1069, 政治秩序的起源
27130210, 9.2, 782, 传家之物
26897187, 8.4, 1929, 活着回来的男人
27167267, 8.8, 1170, 人性的因素
25809148, 8.7, 1303, 孩子你慢慢来
34928037, 9.4, 620, 生活与命运
03609269, 8.8, 1090, 黑色电影
25777331, 8.5, 1518, 美国十讲
05363267, 8.1, 2560, 我纷纷的情欲
04213397, 9.0, 855, 莱昂内往事
25913413, 8.1, 2497, 四季便当
30258604, 8.9, 935, 八月炮火
34925415, 9.5, 514, 当权的第三帝国
26337806, 8.8, 1026, 树犹如此
04898554, 9.4, 554, 木心画集
01868786, 8.0, 2741, 列侬回忆
25881335, 8.1, 2379, 在黑暗中等待
25913058, 7.8, 3679, 我爱这哭不出来的浪漫
26840828, 8.5, 1409, 古拉格之恋
30441530, 8.8, 997, 打开
25844017, 8.5, 1408, 讲谈社·中国的历史（十卷本）
26584734, 8.1, 2343, 乐之本事
34928222, 9.4, 542, 第三帝国的到来
21778349, 8.3, 1739, 苦水音乐
06975925, 7.3, 8151, 设计诗
06826619, 8.2, 1948, 大中东行纪
11527634, 7.6, 4712, 蒙马特遗书
34800055, 8.8, 938, 张岪与木心
19965872, 8.9, 837, 理想国
26303995, 8.8, 927, 飞毡
30234130, 7.3, 7818, 芬兰人的噩梦
26312259, 7.9, 2848, 乌合之众
04733295, 9.0, 731, 理想国
25758414, 8.3, 1608, 苏联的最后一天
26324803, 7.9, 2696, 木心诗选
06877598, 8.7, 972, 士人风骨
30376534, 8.9, 777, 英国特工阿申登
30462410, 9.0, 697, 造境记
10834769, 7.7, 3545, 门外汉的京都
26427575, 8.7, 942, 我们在此相遇
20366533, 8.7, 937, 中国与中国人影像
05416832, 7.6, 4063, 辛亥：摇晃的中国
06749472, 8.1, 1926, 赖声川的创意学
19900003, 8.0, 2209, 迈向另一个国度
25904481, 8.5, 1146, 那一天
05293823, 7.9, 2500, 四喜忧国
25784438, 8.1, 1889, 不留心，看不见
03056620, 7.7, 3304, 声音与愤怒
27044847, 9.3, 481, 红楼梦
30312119, 8.6, 975, 美之地图
04746128, 7.6, 3743, 家
27591677, 9.3, 477, 昨日的世界
04746130, 7.8, 2732, 家
20499673, 7.9, 2352, 味道·人民公社
26673941, 8.2, 1555, 正午1
26711101, 8.3, 1353, “边缘人”纪事
27131100, 8.1, 1746, 小王子的领悟
26869694, 8.5, 1059, 奥斯曼帝国的衰亡
27602608, 8.5, 1051, 光年
34894380, 8.0, 1978, 雾行者
26873680, 8.4, 1173, 出梁庄记
34907855, 8.1, 1711, 小行星掉在下午
30274766, 8.1, 1704, 潦草
01875581, 7.7, 2974, 西班牙三棵树
30128172, 7.8, 2522, 单身女性的时代
10876101, 8.8, 722, 不合理的行为
04215678, 8.0, 1875, 我城
26939261, 8.2, 1417, 时光列车
10539156, 8.2, 1412, 绚烂的世界帝国：隋唐时代
30437166, 8.3, 1226, 饮食的迷思
20499677, 7.9, 2055, 味道·味觉现象
26592899, 8.6, 851, 政治秩序与政治衰败
05935614, 8.4, 1067, 杜尚传
25828759, 8.0, 1761, 中华的崩溃与扩大： 魏晋南北朝
27064644, 7.6, 3144, 北方大道
34969942, 8.7, 751, 聋哑时代
06826615, 7.8, 2298, 台北小吃札记
26293322, 8.3, 1178, 杨牧诗选 1956-2013
22160048, 8.7, 746, 爱默生家的恶客
07916072, 7.6, 3106, 杨氏女
26431217, 8.4, 1037, 在江湖
30309618, 9.4, 378, 学术与政治
05938219, 7.8, 2235, 昨日书
26876054, 8.4, 1015, 纵乐的困惑
04212245, 8.4, 1014, 别想摆脱书
01939168, 7.8, 2176, 丢三落四的小豆豆
26794598, 8.2, 1260, 过去的痛
30297216, 9.0, 518, 克里米亚战争
20499702, 7.7, 2457, 味道·第一宗罪
25715245, 9.1, 467, 台北人
03182023, 9.0, 513, 平凡的世界（全三册）
26285734, 8.0, 1584, 6点27分的朗读者
26427579, 7.8, 2085, 观看之道
01064014, 8.3, 1076, 中国吃
34440418, 8.0, 1563, 赵桥村
27129928, 8.1, 1360, 我们唱
26832583, 9.2, 412, 世界哲学史
27102845, 8.4, 929, 最寒冷的冬天
25804641, 7.8, 1994, 草草集
27608151, 8.5, 812, 摄影小史
04215454, 7.9, 1688, 外国音乐在外国
04772537, 8.4, 895, 窥看舞台
26314606, 8.7, 642, 打回原形
34940823, 8.3, 996, 逍遥游
06064336, 8.5, 786, 花花世界
22993829, 7.7, 2183, 我们这儿是精神病院
10799984, 7.4, 3480, 大数据
05288521, 7.6, 2488, 时代的噪音
27156014, 8.2, 1092, 豹变
06826594, 8.1, 1233, 故事照亮未来
05423772, 7.8, 1823, 西夏旅馆
05299274, 7.5, 2857, 前朝梦忆
30442488, 7.7, 2089, 玉森画廊的客人
26606366, 7.8, 1808, 布达佩斯往事
26953532, 7.4, 3334, 白先勇细说红楼梦
06750187, 7.6, 2422, 王氏之死
04190173, 9.1, 408, 人应该如何生活
27109131, 8.3, 932, 解说疾病的人
26314773, 8.7, 599, 袁氏当国
03662262, 7.9, 1535, 电影化叙事
30226265, 8.7, 595, 教宗与墨索里尼
26646201, 7.8, 1756, 葡萄柚
26388796, 7.9, 1520, 人间卧底
27176353, 8.3, 912, 理解一张照片
27662708, 9.6, 261, 沈从文的后半生（增订版）
02277314, 8.4, 802, 碰巧的杰作
26877741, 8.5, 717, 人类的群星闪耀时
03700734, 7.5, 2664, 字解日本
05248289, 7.8, 1674, 岁月的泡沫
01376301, 9.5, 273, The Republic of Plato
30262204, 8.0, 1248, 20世纪简史
27045282, 8.6, 618, 决斗写真论
04218689, 8.1, 1092, 哀悼乳房
26682066, 8.4, 763, 我的奋斗1
20499536, 7.8, 1579, 时代的稻草人
04901554, 7.2, 3968, 一个都不正经
06878272, 8.6, 591, 从前
05363277, 7.9, 1344, 西班牙三棵树
25804649, 7.5, 2389, 无知的游历
26953561, 9.3, 304, 小王子
01052932, 7.9, 1336, 大历史不会萎缩
27131873, 8.4, 725, 每个人的战争
25961455, 8.5, 648, 重读
26893634, 8.7, 525, 树之生命木之心
27608153, 7.8, 1510, 创造日本
06802373, 7.5, 2330, 那些忧伤的年轻人
06860955, 7.6, 1972, 太平天国
30335758, 8.2, 886, 拉丁美洲被切开的血管
26894367, 7.8, 1465, 尘土
25971616, 8.0, 1122, 没有宽恕就没有未来
26384375, 7.7, 1673, 平乐镇伤心故事集
34432198, 8.5, 618, 伊斯坦布尔三城记
22229354, 9.3, 290, 木心作品一辑八种
11587591, 7.7, 1647, 想念你的陌生人
30301369, 8.3, 762, 都市一无所有
19899834, 7.1, 4280, 只愿你曾被这世界温柔相待
25975620, 8.5, 607, 漫漫自由路
26657573, 8.3, 757, 眼前
25714759, 8.4, 671, 别想摆脱书
30262582, 8.4, 664, 幻影书
26802170, 9.3, 280, 科雷马故事
34468490, 8.9, 398, 病玫瑰
26577705, 8.3, 737, 罪孽的报应
30483768, 8.9, 396, 秋水堂论金瓶梅
11597383, 8.5, 590, 一个女人的自传
30232245, 8.5, 586, 神经的逻辑
26905650, 8.1, 921, 中国在梁庄
21622634, 8.9, 390, 滚吧，生活
26905301, 8.8, 426, 经典里的中国
34461202, 7.8, 1333, 企鹅的忧郁
30314042, 8.5, 570, 闲话闲说
26436285, 8.4, 631, 布拉格精神
27108717, 8.3, 693, 维米尔的帽子
26323706, 8.9, 373, 理想国
30258601, 8.5, 552, 世界简史
24307937, 8.2, 749, 东方历史评论（第1辑）
10570061, 8.1, 818, 单向街 004
26915721, 8.5, 521, 简单·丰盛·美好
27062550, 8.9, 347, 悠游小说林
27099027, 7.9, 1023, 自由与爱之地
25961876, 8.2, 710, 断臂上的花朵
04230140, 8.2, 708, 乡关何处
25806352, 8.3, 630, 梁思成与他的时代
24380058, 7.6, 1526, 读书年代
27108705, 9.0, 314, 不合理的行为
07916066, 7.6, 1517, 欲爱书
26310659, 8.5, 492, 莎士比亚
25804642, 7.5, 1696, 谈话的泥沼
20395651, 7.6, 1440, 我不是一本型录
26274801, 7.5, 1654, 沉默也会歌唱
23778103, 9.2, 252, 木心作品二辑五种
30159014, 8.3, 587, 永生的海拉
34781358, 8.2, 655, 史记的读法
25913504, 7.1, 3077, 邹氏女
30322594, 8.4, 522, 孤独及其所创造的
03174519, 8.9, 320, 神圣的存在
26657845, 7.7, 1198, 大国志
30309616, 9.2, 245, 新教伦理与资本主义精神
25731387, 7.9, 920, 理想的下午
30358510, 8.4, 515, 重逢
26253701, 8.6, 413, 船夫日记
30167658, 7.5, 1553, 一些时刻
06781409, 6.8, 5092, 窗里窗外
26253697, 8.5, 452, 寂寞的十七岁
27086099, 9.3, 220, 理想国
30200827, 8.3, 554, 乐队女孩
30309619, 8.2, 618, 威尼斯日记
25735281, 8.5, 445, 人间词话汇编汇校汇评(增订本)
33455193, 7.3, 2024, 猎人
34908576, 9.7, 160, 堂吉诃德
05936610, 8.1, 680, 工艺之道
10553731, 7.6, 1284, 中国思想与宗教的奔流：宋朝
04841292, 7.3, 2004, 十方一念
11232882, 8.9, 299, 革命（全四册）
10539580, 7.6, 1275, 白
34942379, 8.9, 298, 移民
30231509, 7.7, 1105, 人的困境
30401009, 8.7, 353, 水妖
27042798, 8.3, 521, 世界的水手
30314820, 8.1, 650, 常识与通识
04164041, 7.8, 923, 字解日本
35005125, 8.6, 376, 阅读的故事
30222403, 8.3, 509, 明治天皇
34779922, 8.3, 502, 到婚礼去
27176957, 8.0, 700, 战争、枪炮与选票
26359335, 8.5, 403, 中国与中国人影像（增订版）
26022685, 8.2, 538, 现象
27600526, 8.8, 293, 金与铁
25849608, 8.0, 669, 艺术的起源
20301792, 7.7, 961, 邮差
05917239, 7.6, 1081, 康熙：重构一位中国皇帝的内心世界
34978587, 9.0, 240, 光明共和国
19978001, 8.0, 650, 镜子
20516974, 8.1, 577, 木心纪念专号
30339988, 8.1, 573, 无中生有
26712445, 8.9, 259, 西方政治传统
26373145, 7.5, 1214, 耳朵借我
01107649, 8.6, 337, 柏拉图全集（第二卷）
30297160, 7.8, 809, 死于昨日世界
27661637, 8.5, 370, 放牧人生
25828590, 7.7, 915, 始皇帝的遗产：秦汉帝国
25881330, 7.2, 1883, 濒死之绿
26960822, 8.1, 555, 大地上的亲人
20516973, 7.5, 1171, 从神话到历史：神话时代、夏王朝
26349517, 8.0, 616, 非普通读者
26933583, 8.4, 396, 余音
30438411, 8.5, 358, 观看的技艺
30446669, 8.0, 595, 到未来去
07916068, 7.6, 976, 路上书
06875423, 8.5, 340, 坐观天下
26665644, 8.8, 257, 国民党的“联共”与“反共”
27107671, 7.5, 1087, 甲马
30270219, 7.4, 1250, 恶的科学
26258214, 8.1, 512, 理念的力量
26577706, 7.6, 939, 档案
34937631, 8.9, 233, 给一个未出生孩子的信
30257757, 8.8, 254, 哲学是做出来的
33426137, 8.0, 566, 米，面，鱼
26617517, 8.5, 333, 经济学原理
27662697, 7.6, 927, 日本之镜
26242242, 8.2, 448, 新史太阁记
07916067, 7.5, 1050, 忘言书
03669688, 7.5, 1046, NO LOGO
33391930, 8.3, 399, 一场游戏一次消遣
30318729, 8.9, 227, 文明的故事
33426136, 9.1, 192, 音乐的极境
07001470, 8.8, 244, 四十年的故事
25966753, 8.2, 430, 看
25731397, 7.1, 1805, 漫步东京
25858076, 8.0, 529, 国盗物语
30309611, 8.6, 282, 追寻现代中国
26925073, 8.5, 309, 牧歌
25740175, 8.2, 416, 奇来前书
26705289, 7.7, 741, 三十三年梦
06541263, 7.6, 842, 枪，偶尔有音乐
26687321, 7.6, 841, 什么是自由什么是爱
30337701, 8.2, 410, 布鲁克林的荒唐事
26953553, 7.9, 570, 照夜白
25953656, 7.3, 1252, 写真的话
11597382, 8.3, 364, 杂记赵家
34872741, 8.2, 403, 印尼 Etc.
20395644, 7.6, 815, 大量流出
10601219, 8.8, 226, 星守犬
10601552, 7.2, 1425, 例外
30413046, 7.1, 1666, 做二休五
03121296, 8.8, 225, 豆蔻镇的居民和强盗
30264635, 8.4, 323, 行走的话语
27091051, 8.1, 436, 建筑改变日本
01939267, 7.7, 693, 日本手工艺
22160775, 7.9, 539, 巴珑
27603589, 7.1, 1606, 郊游
30212319, 7.5, 889, 基本美
34678463, 7.7, 667, 重来也不会好过现在
26838035, 7.5, 861, “鬼子”来了
26773392, 7.6, 749, 读者
26808220, 8.1, 407, 与古为徒和娟娟发屋
30325327, 8.9, 192, 艺术的力量
30426274, 9.5, 122, 《存在与时间》读本
30348030, 8.2, 363, 旱魃
25749911, 7.6, 721, 生命的单行道:程浩日记
25958725, 8.3, 325, 王谢堂前的燕子
06970742, 7.7, 628, 我未来次子关于我的回忆
10577555, 7.9, 492, 白崇禧将军身影集
26434974, 7.4, 925, 行云纪
34978358, 9.0, 172, 余下只有噪音
07916061, 7.9, 490, 今朝风日好
10782031, 9.0, 171, 胡适的理想国
26940987, 7.5, 784, 文章自在
26369862, 8.1, 383, 浮光
27219599, 8.2, 343, 聚焦
25922755, 7.9, 472, 像我这样的一个读者
24863442, 7.3, 993, 无印良品生活研究所
33450354, 7.8, 517, 异乡记
26790004, 7.5, 746, 正午2
34468473, 9.0, 162, 手术剧场
26712444, 8.1, 361, 信任
26892159, 8.2, 325, 树号
05325363, 8.0, 399, 八〇年代
25922753, 8.0, 398, 胡子有脸
30421604, 7.4, 828, 速求共眠
30403440, 8.1, 354, 见字如来
26952431, 7.4, 814, 穿T恤听古典音乐
26578400, 7.8, 488, 煮海时光
25857414, 7.9, 428, 剩下的都属于你
07916060, 7.8, 478, 记忆的脚注
26427580, 8.4, 255, 约定
20367006, 8.5, 232, 理想国
10434725, 8.7, 192, 花花世界2
34911695, 8.6, 209, 丝绸之路与唐帝国
25864840, 7.7, 526, 且借纸遁
25833287, 8.5, 227, 我的第一本艺术启蒙书
07916070, 7.6, 588, 杨氏女
34663162, 8.9, 161, 零年
06309206, 7.5, 667, 字解日本
30265869, 8.0, 369, 资本之都
30464960, 8.8, 174, 坂本龙马与明治维新
06878274, 7.9, 406, 这一代的事
21965475, 6.9, 1586, 爱上几个人渣
25828767, 7.4, 742, 末代王朝与近代中国：清末 中华民国
26314736, 8.6, 202, 希腊神话
25915944, 8.4, 240, 人生三书
26819278, 8.5, 218, 一曲微茫
06937890, 7.7, 497, 朗姆酒日记
35019783, 8.3, 259, 生存还是毁灭
04934667, 7.2, 949, 一生只为这一天
26333217, 7.8, 434, 单读09
26300044, 7.5, 623, 群氓之族
03618178, 8.8, 165, 《理想国》讲演录
26314769, 8.6, 195, 李宗仁回忆录
26315815, 8.1, 311, 以平等之名
26819282, 8.7, 178, 打造新世界
34785084, 8.4, 231, 亚历山大的征服与神话
10539598, 7.7, 479, 飘零一家
25814894, 7.7, 474, 单向街005
07916063, 7.7, 472, 绝色
26336601, 7.3, 784, 有味
30397714, 8.0, 334, 纽约三部曲
26905635, 7.6, 525, 消失的作家
30460537, 7.7, 459, 长皱了的小孩
26953559, 8.4, 220, 24堂财富课
25937456, 7.4, 660, 我的九十九次死亡
25714765, 8.4, 219, 漫漫自由路
34796171, 9.3, 107, 游艺黑白
30262584, 8.2, 262, 血色子午线
30247286, 8.0, 318, 我爱迪克
26865408, 7.7, 438, 历史文化的全息图像
03183094, 8.1, 281, 许倬云观世变
30345415, 7.7, 431, 中国文化的精神
20516975, 7.1, 948, 疾驰的草原征服者：辽 西夏 金 元
26933894, 8.3, 229, 诗经
26943667, 7.8, 379, 便当时间
10562768, 8.2, 248, 电影或想象的人
33393515, 7.8, 360, 布达佩斯往事
25900293, 8.4, 196, 足球往事
26911264, 9.0, 120, 风吹在水上：致宋淇书信集
26241644, 7.7, 392, 国盗物语·斋藤道三
34937365, 7.9, 311, 日本的世界观
22162194, 8.4, 191, 诗经演
25864834, 7.6, 429, 生于午夜
25750940, 8.1, 249, 想乐
01908374, 8.5, 172, 《王制》要义
26314759, 7.1, 813, 食帖02：只为喝杯好咖啡
34781354, 8.3, 203, 幸运者
30361675, 6.8, 1264, 翅鬼
30276249, 7.7, 366, 长路
33447929, 8.3, 197, 留白
26954617, 8.1, 236, 尚书
26281801, 7.7, 355, 单读08
25828586, 7.0, 881, 从城市国家到中华：殷周 春秋战国
20499267, 7.4, 494, 时代正在改变
26022684, 8.0, 247, 一本严格意义上的日记
26253696, 8.2, 203, 女儿
27109724, 7.2, 625, 我们的黄金时代
25890645, 7.5, 423, 脸之书
30319982, 7.9, 270, 圣经与利剑
27072967, 7.8, 298, 食帖18：真的，烤箱什么都能做
25740177, 8.0, 241, 奇来后书
10544783, 7.0, 809, 草木的理想国
10580248, 7.0, 809, 地书
26662810, 7.7, 328, 单读11：联结/断裂
22162686, 7.3, 531, 伪所罗门书
27177670, 8.1, 216, 杜尚传(第二版)
30143241, 8.3, 179, 我的奋斗2
03527555, 8.3, 178, 理想国(套装全2册)(一力文库)(The republic)
05917293, 7.6, 355, 爱的五重奏
26773393, 7.0, 770, 噪音
26385621, 7.2, 577, 恋爱课
30334631, 8.1, 207, 古都
26945912, 8.2, 188, 庄子
26633750, 7.7, 311, 金融的逻辑2
27194515, 7.3, 500, 新北京人
30361671, 7.5, 387, 行走的耳朵
26298895, 7.5, 383, 段祺瑞政权
26535245, 8.8, 112, 被禁锢的头脑
34431781, 7.3, 488, 出身
25844023, 7.6, 338, 改变中国
27154065, 8.3, 166, 漆涂师物语
11542537, 8.1, 198, 历史的历史
27062629, 7.9, 239, 螺旋之谜
26547977, 8.5, 135, 另一个人
26371103, 7.5, 360, 岁月台湾（第4版）
35032389, 9.4, 71, 人的疆域
30484721, 8.0, 210, 正午7
26319518, 8.2, 173, 木心逝世三周年纪念专号
26926164, 7.1, 593, 我们的后人类未来
26710946, 8.1, 189, 向死而生
05966157, 8.0, 203, 許舜英古著文本
26449556, 8.7, 111, 古都
26701176, 6.7, 1045, 美丽的权利
27108622, 7.7, 274, 白瓷之路
34434691, 8.2, 167, 漫长的战败
26436676, 8.0, 200, 设计，为更好的世界
04898560, 8.1, 181, 勇者曼德拉自传
26815878, 7.2, 489, 击壤歌
30385550, 8.9, 94, 文明的故事1：东方的遗产
26314772, 7.7, 267, 五十年代的尘埃
26818701, 8.2, 162, 制造大片
20470487, 8.0, 194, 酸甜苦辣咸
34835561, 7.6, 293, 战争时期日本精神史
26842611, 7.9, 213, 传声筒
30283394, 7.6, 290, 回访历史
25870331, 6.6, 1154, 所有年轻人都将在黎明前死去
26371104, 7.9, 210, 哲学的快乐
11506981, 7.9, 208, 岁月台湾（第三版）
30271495, 7.8, 225, 另一种讲述的方式
26419655, 7.3, 395, 昨日书
26914542, 8.9, 88, 基督教神圣谱
05423773, 6.6, 1079, 向田邦子的情书
26357897, 7.8, 221, 碰巧的杰作
34937630, 7.7, 242, 勇敢的人死于伤心
30463350, 8.2, 149, 中国人与美国人
27178748, 7.5, 298, 穷中谈吃
26737683, 8.1, 160, 傅山的交往和应酬（增订版）
26767675, 8.0, 175, 设计的生态学
26791405, 7.4, 327, 八百万种走法
34997980, 8.7, 97, 耶路撒冷之前的艾希曼
26800356, 7.4, 322, 来自静默时刻的讯息
27117556, 8.0, 168, 学术江湖
25837963, 7.2, 401, 胡若望的疑问
25731390, 7.0, 523, 在各种悲喜交集处
30271798, 8.1, 152, 抵抗的群体
26685987, 7.6, 248, 月球姓氏
06068289, 7.1, 446, 电影之死
04746111, 7.3, 344, 书生傻气
25861518, 6.8, 677, 奢侈
26943669, 6.9, 580, 追故乡的人
34869428, 8.4, 115, 讲谈社·兴亡的世界史
26265978, 8.2, 135, 柏拉图的理想国
26820923, 8.8, 84, 理想国
26327564, 7.1, 431, 木心论
34974563, 8.4, 113, 小手
34834204, 8.5, 104, 东印度公司与亚洲之海
01039857, 8.3, 122, 川端康成·三岛由纪夫往来书简集
04746569, 8.2, 131, 驼峰航线
30190095, 8.2, 131, 生活工艺时代
26314766, 8.3, 120, 胡适杂忆
26388669, 7.5, 258, 一公分
26313680, 7.8, 179, 东方历史评论（第6辑）
26944445, 7.5, 236, 摩天大楼
30166849, 7.6, 211, 听闻
07054139, 8.4, 101, 英芝芬芳華蓉
30399171, 8.0, 140, 草叶手帖
25785796, 6.9, 473, 既然爱情留不住
30137395, 7.3, 279, 正午5
30187215, 7.9, 146, 万物起源
34429360, 8.8, 71, 认得几个字
30323396, 7.0, 385, 从早“茫”到晚
25908569, 7.2, 298, 另一片海
34840056, 8.3, 101, 海海人生
34876237, 8.1, 115, 写真学生
26958207, 8.1, 114, 理想国
34779924, 7.6, 179, 猪的土地
27028487, 6.9, 408, 国家构建
34661945, 7.1, 314, 新新新青年
06896092, 8.7, 71, 《理想国》讲演录
02024377, 7.3, 246, 从历史看人物（第二版）
30383919, 7.6, 177, 一个人的“文艺复兴”
26438525, 7.4, 218, 战国日本1:时间的滋味
24841729, 9.1, 54, 柏拉图《理想国》剑桥指南
27039551, 8.6, 74, 伦理
27168888, 7.5, 190, 日本的设计
26414452, 7.3, 236, 陪都重庆
26253702, 7.8, 140, 写我的书
30477638, 9.7, 38, 生活的故事
25723889, 7.4, 203, 信息时代的世界工厂
26800348, 7.4, 203, 十二月
24973485, 7.7, 149, 北京秘境2
01232997, 8.6, 70, 法治理想国
26852985, 7.2, 245, 惧恨拉斯维加斯
30155974, 8.0, 110, 翻译新究
33413574, 7.5, 176, 冬日笔记
26866570, 7.9, 119, 你的建筑有多重？
25734552, 6.8, 399, 生活在哪个朝代最郁闷
02053877, 7.7, 141, 柏拉图与《理想国》
30258599, 7.6, 153, 肥瘦对写
35017678, 8.9, 55, 流溪
35015037, 9.1, 47, 文字的故事
34431782, 8.9, 53, 小说稗类
06391356, 7.5, 161, 理想国
26951418, 8.1, 93, 当我们谈论文学时，我们在谈些什么
25773914, 7.7, 131, 物语三千：复活平民的历史
27079208, 7.8, 119, 剑桥插图中国史（第2版）
34869429, 8.1, 92, 奥斯曼帝国
30415666, 7.8, 118, 新艺术的震撼
10426651, 8.5, 67, 闲闲书室读书记
26953557, 6.7, 404, 孤独的泡面
25838041, 7.7, 126, 这不只是一部电影
26324820, 8.1, 87, 美术的故事
34869430, 8.0, 94, 俄罗斯
26286068, 7.3, 182, 包益民与大明星聊什么？
26148721, 7.5, 147, 寻路青春
03044466, 7.9, 101, 奥逊·威尔斯
30389976, 7.7, 118, 末世之城
34895563, 8.3, 72, 轴心时代
30293883, 8.1, 83, 我的生活散步
27098047, 7.2, 189, 大奥日本
26349519, 7.0, 238, 战国日本2:败者的美学
26954839, 7.6, 120, 老子
33391926, 7.1, 196, 魔鬼与福尔摩斯
26258470, 7.0, 220, 中国豆腐
26414520, 7.1, 192, 迷宫中的恋人
25971490, 7.0, 215, 窗里窗外
26819014, 7.6, 114, 历史的本色
34881007, 8.5, 56, 谁在看中国画
03695146, 9.0, 41, 理想國
25871620, 7.6, 113, 道济群生录
34429363, 7.7, 103, 沈从文诗集
26828745, 8.5, 55, 世外桃源
30443689, 8.5, 55, 在平原
26894801, 7.7, 101, 游游游
26816075, 6.9, 232, 皇帝的影子有多长
30395276, 7.3, 147, 世界尽头是北京
26668731, 6.7, 294, 在自己身上，克服这个时代
02260539, 8.6, 50, 理想国（全二册）
26935462, 7.6, 105, 战国策
05340647, 8.5, 51, 金陵女大
26954843, 7.7, 93, 孟子
30323006, 7.5, 108, 在地图结束的地方
26585456, 9.0, 36, 人应该如何生活
30128402, 7.3, 128, 不经意
34817467, 7.1, 154, 新闻业的怀乡病
06812887, 7.1, 151, 吃到底
11500141, 7.5, 101, 好好学习 天天向上
26603433, 7.6, 91, 离线·机器觉醒
30486546, 8.9, 36, 二十一世纪民艺
25723878, 7.4, 107, 连线力
30426466, 7.3, 116, 总觉得饿？
27662698, 7.8, 73, 罪孽的报应
30372295, 7.7, 79, 旭日残阳
34927236, 7.9, 66, 未完：365首诗
04238294, 8.4, 46, 理想国
25857417, 7.4, 97, 寻找孙佩苍
30476256, 7.8, 68, 形之素
34845955, 7.3, 105, 地中海世界与罗马帝国
30277217, 8.3, 47, 理想国译丛导读
30385471, 7.4, 94, 密室中的旅行
24389785, 8.4, 43, Emperor Huizong
10466019, 7.0, 136, 此一去万水千山
26356189, 7.2, 109, 孤寂百年
19930005, 7.5, 82, 一饭一世界
24869455, 7.2, 108, 陈舜臣十八史略：皇皇盛世
01907040, 7.9, 58, 我承认，我历尽沧桑
03071045, 8.4, 41, 阿威罗伊论《王制》
26953551, 7.0, 130, 恋爱课2：我们都是千疮百孔的恋人
30381698, 9.0, 29, 弗兰克·盖里传
30385553, 8.8, 32, 文明的故事2：希腊的生活
25867723, 7.9, 57, 日常生活的启蒙者
33397334, 7.4, 85, 十宅论
33459607, 7.4, 83, 日本美术史
34661944, 6.9, 136, 那些忧伤的年轻人
24526208, 7.9, 54, 温故（二十五）
30477661, 7.4, 80, 我的寻根记
34432437, 7.5, 73, 赭城
01491348, 7.6, 67, 理想国
26994874, 8.0, 49, 明治维新
30486668, 7.2, 95, 我爱器皿
30214785, 9.0, 26, 我有關聲譽、權勢和財富的簡單思索
30482518, 7.9, 50, 撕碎建筑的硬壳
26953558, 8.1, 43, 艺术地图
26995695, 6.4, 221, 京都之水
27000057, 6.9, 119, 零度诱惑
33405104, 7.2, 84, 档案
04714029, 8.0, 44, 第五瓶血罐
27129929, 7.5, 64, 南画的形成
21376005, 8.2, 37, 温故（二十四）
26383661, 6.3, 224, 觉醒的力量
34845956, 7.1, 87, 东南亚
26897607, 7.6, 56, 落差
04826121, 7.3, 72, 乌拉尼亚
06039216, 6.7, 129, 走着瞧
25900880, 7.4, 64, 吃的艺术
34869431, 6.8, 112, 蒙古帝国与其漫长的后世
01329934, 8.8, 25, 被背叛的遺囑
24876758, 8.1, 37, 温故（二十六）
26636433, 6.8, 108, 一个人的收藏
25715224, 9.1, 21, 《理想国》汉译辨正
10738161, 7.1, 76, 历史的复盘
26261099, 8.3, 31, 哲学如何成为苏格拉底式的
34937625, 7.3, 63, 丝绸之路
30460330, 7.5, 53, 八〇年代
27661574, 7.4, 57, 蕴秀之域
26577702, 6.1, 236, 什么是杰作
34834205, 7.2, 64, 近代欧洲的霸权
30422646, 7.1, 70, 晚清三国
26327549, 7.2, 62, 交流与对抗
30281431, 7.2, 61, 激荡的百年史
26954846, 6.6, 109, 墨子
24867975, 8.4, 26, 《理想国篇》译注与诠释
34996408, 8.0, 32, 亚洲与一战
30353287, 9.2, 17, 理想国
30385554, 8.7, 21, 文明的故事3：恺撒与基督
35045205, 8.9, 19, 群众与权力
30415665, 6.7, 87, 文明
26816651, 8.0, 30, 哲学进入城邦——柏拉图《理想国》研究
30413057, 7.3, 49, 老科技的全球史
27086067, 8.3, 25, 城邦与灵魂
30341620, 6.8, 75, 如果有这样一个家就好了
26671816, 6.4, 113, 弃的故事
10539603, 6.8, 72, 故人风清
34678528, 6.4, 110, 日本风俗小物
11497734, 8.6, 20, 偽所羅門書
03310576, 8.7, 19, 赵南栋-陈映真选集
25750161, 5.9, 212, 这个人必须也很爱电影
34678534, 7.8, 31, 日本风俗食具
27661639, 7.6, 35, 过得去
30309609, 6.8, 67, 中国纵横
26435986, 7.0, 55, 东方历史评论（第8辑）
26314770, 7.2, 46, 史学与红学
26337439, 6.4, 98, 关键十六天
26706378, 8.2, 23, 哲学的奥德赛
24872426, 7.8, 29, 苏格拉底的再次起航
19897586, 8.0, 25, 他是那唯一还在低声清唱的人
20277280, 7.5, 34, 温故（二十三）
25928826, 6.5, 82, 如果你爱上了藏獒，就不能指望他像鸡一样给你下蛋
25714332, 7.6, 30, 柱头上的《圣经》
06965766, 7.3, 37, 文化造城
06967543, 6.8, 56, 公路女王
30389556, 6.4, 83, 人类帝国的覆灭
04085256, 7.5, 31, 图解理想国
34826139, 7.0, 45, 隐页书城（三部曲）
30424977, 8.0, 22, 文武北洋：枭雄篇
26607668, 6.2, 95, 东亚大历史
06784189, 6.7, 53, 辨象
26731129, 6.8, 48, 律师想要的东西
34440859, 7.6, 26, 诗想者·读经典：别想跳过这些书
02188675, 7.2, 33, 理想国
26697417, 7.1, 35, 背影：我的父亲柏杨
33372685, 6.9, 41, 正本清源说红楼
26593672, 7.3, 28, 满地江湖吾尚在：章太炎与近代中国（1895—1916）
30257943, 6.6, 48, 日本人不敢说设计
30444048, 6.6, 44, 不敢懈怠
07055498, 7.5, 21, 螺丝爱螺母
30270316, 6.8, 33, 金融的逻辑1
30385567, 7.6, 18, 文明的故事11：拿破仑时代
10733172, 7.9, 15, 生命的微笑
34434982, 8.2, 13, 《论语》英译及评注
11589212, 5.9, 62, 台湾漫记
34989472, 8.0, 12, 音乐的故事
34856744, 7.0, 19, 警惕艺术！
34823476, 5.5, 49, 孤独课
05432531, 6.9, 13, 理想国
26683411, 5.7, 31, 虫子书（特装版）
25880165, 0.0, 10, 抗战防疫进行时
05345092, 0.0, 11, 理想国
