2020-07-05 16:00:11

number of books, tag name
567, 生物学

ID, rating, votes, title
04242172, 8.1, 230394, 天才在左 疯子在右
26953606, 9.1, 18809, 人类简史
01813841, 8.7, 32091, 枪炮、病菌与钢铁
01476651, 9.0, 17668, 社会心理学
26712353, 8.6, 20747, 血疫
20501147, 9.3, 6502, 中国哲学简史
11445548, 8.5, 12512, 自私的基因
01225983, 8.7, 8729, 万物简史
01292405, 8.6, 6482, 自私的基因
02143904, 8.8, 3715, 进化心理学
01024846, 9.2, 1825, 所罗门王的指环
27168433, 8.7, 3324, 基因传
04312810, 8.6, 3786, 裸猿
10607615, 8.7, 3312, 第三种黑猩猩
20283570, 9.2, 1808, 所罗门王的指环
01317485, 8.7, 3272, 生命是什么
25902448, 8.7, 2249, 枪炮、病菌与钢铁
33408247, 8.2, 4304, 病毒星球
02350407, 8.2, 4284, 寂静的春天
26743265, 8.8, 1928, 枪炮、病菌与钢铁
26279878, 8.3, 3669, 历史的教训
27025492, 8.7, 1976, 上帝的手术刀
25876750, 9.0, 1373, 看不见的森林
26683297, 9.0, 1282, 进化心理学(第4版)
10539126, 8.4, 2629, 社会动物
27145016, 8.9, 1406, 创造自然
03131814, 8.7, 1749, 笔记大自然
04312825, 8.6, 1963, 人类动物园
01046620, 8.9, 1348, 我们为什么生病
26837082, 8.8, 1483, 消失的微生物
05975576, 7.7, 6350, 冷浪漫
26679862, 8.9, 1163, 生命的跃升
26876440, 8.4, 2057, 吃货的生物学修养
01291817, 8.6, 1594, 细胞生命的礼赞
30354451, 8.0, 3543, 皮肤的秘密
01911687, 7.4, 8872, 厚黑学
30219713, 8.7, 1293, 病者生存
01428117, 8.9, 974, 普通生物学
02270925, 8.5, 1413, 病者生存
10513941, 8.7, 1097, 奥托手绘彩色植物图谱
33376237, 8.9, 864, 我包罗万象
26861460, 8.5, 1335, 环界2
06750347, 9.2, 622, 演化
01777630, 9.0, 758, The Selfish Gene
01441487, 9.5, 471, 中国鸟类野外手册
01071384, 8.5, 1283, 物种起源
01062309, 8.9, 808, 基因组
01509898, 9.7, 372, 神经科学
26380736, 8.4, 1370, 语言本能
34782541, 9.0, 693, 从一到无穷大
04846032, 8.0, 2242, 性别战争
25745879, 8.9, 706, 物种起源
26901529, 9.0, 631, 怎样观察一棵树
30244461, 8.1, 1568, 规模
01043814, 7.8, 2363, 午夜凶铃2：复活之路
01445558, 8.8, 670, 物种起源
01206206, 8.1, 1507, 皇帝新脑
30164677, 8.5, 920, 我们为什么会生病
01080750, 8.2, 1273, 精子战争
26785959, 8.1, 1412, 疯狂人类进化史
26309060, 8.9, 569, 生命是什么
03987165, 9.4, 347, 中国常见植物野外识别手册（山东册）
26412113, 8.4, 905, 机器人叛乱
26685563, 9.5, 295, 演化
01000340, 8.5, 743, 水母与蜗牛
30263244, 8.8, 516, 生命是什么
04114172, 8.7, 568, 为什么要相信达尔文
04046736, 8.3, 861, 神似祖先
04735702, 9.0, 409, DNA：生命的秘密
26936484, 8.5, 656, 醉酒的植物学家
25924311, 8.3, 818, 盲眼钟表匠
30309613, 8.3, 786, 自私的基因
25857941, 8.0, 1121, 病毒来袭
06784219, 9.4, 256, 生物心理学
30171338, 8.8, 425, 复杂
20507207, 8.6, 510, 地球上最伟大的表演
01084011, 9.1, 307, 鲸与海豚
30281788, 8.6, 486, 鱼什么都知道
26262681, 9.4, 234, 陈阅增普通生物学（第4版）
05413523, 8.2, 736, 植物学通信
26834220, 8.8, 389, 人类的演化
26976086, 8.6, 450, 生物与非生物之间
04032570, 8.5, 483, 进化的大脑
01084009, 8.4, 508, 树
03734810, 8.7, 367, 我们为什么生病
27172136, 8.7, 364, Why We Sleep
01504995, 9.1, 247, 病毒学概览
26844877, 8.5, 421, 神秘的量子生命
26369891, 8.6, 365, 猿形毕露
27052052, 7.9, 781, 人体的故事
27596897, 9.2, 214, 演化的故事
01870759, 8.0, 683, 东周战争与儒法国家的诞生
04006535, 8.8, 295, 神的杰作
01503213, 9.4, 176, 免疫学概览
06778713, 9.4, 176, 细胞生物学
26523760, 8.6, 340, 基因组
03092928, 8.1, 572, 逼近的瘟疫
03121161, 7.9, 704, 性趣探秘
06861475, 9.1, 212, 意识探秘
26754245, 8.9, 250, The Gene
24325270, 8.0, 601, 道德动物
06966735, 8.6, 319, 永生的海拉
03370214, 8.1, 524, 深奥的简洁
07059612, 8.8, 258, 细胞生命的礼赞
25951837, 8.2, 461, 精子战争
01219557, 9.0, 215, 创世纪的第八天
30204745, 8.8, 254, 疯狂的进化
01001292, 8.0, 567, 惊人的假说
26917126, 8.7, 273, 第三种黑猩猩：人类的身世与未来（简明版）
01650993, 9.1, 194, Lehninger生物化学原理（第3版）
01145977, 8.5, 326, 阅读生物学札记
26936474, 8.9, 226, 鸟的感官
01084003, 8.8, 239, 鸟
03117982, 7.8, 670, 植物的故事
26992747, 8.0, 527, 它们没大脑，但它们有智能
30219714, 8.9, 217, 生命是什么
27601734, 8.2, 416, 我们为什么不说话
03866931, 8.7, 254, 陈阅增普通生物学（第3版）
01332398, 8.9, 212, 自私的基因
04767422, 8.2, 405, 进化！进化？
33408124, 8.6, 272, 人类起源的故事
26724633, 8.9, 206, 遗传的革命
04742986, 8.7, 244, 混沌与秩序
01084012, 8.6, 260, 昆虫
30368111, 7.4, 1007, 生命密码
03005196, 8.7, 236, 生理学
26728065, 8.2, 372, 生命的未来
01972794, 8.7, 229, 感觉的自然史
26950083, 8.5, 273, 死亡地图
04180380, 8.3, 330, 午夜凶铃（第二部）
26281143, 9.3, 140, 基因组
01697556, 9.9, 93, Principles of Neural Science
01508833, 8.3, 312, 植物学（上册）
03101825, 8.1, 377, 人类基因的历史地图
25752076, 7.8, 524, 贪婪的大脑
25877184, 8.9, 177, 蚂蚁之美
26921233, 8.0, 411, 种子的胜利
03156699, 8.5, 248, 社会生物学
10602325, 9.9, 86, 细胞生物学精要
26286707, 8.5, 241, 了不起的地下工作者
30320889, 8.4, 261, 美的进化
01033086, 8.3, 285, 生命的壮阔
24700134, 7.9, 431, 性别战争
26140658, 8.3, 280, 人造恐慌
04739526, 9.2, 131, 进化动力学
34879783, 8.7, 192, 有毒
01028077, 8.2, 301, 师从天才
26733566, 7.6, 589, 知识大融通
01057523, 8.5, 223, 熊猫的拇指
30396021, 8.9, 159, 生命的运作方式
24384863, 8.7, 186, 自然的魔法
26334506, 8.3, 265, 正常的另一面
26913836, 9.9, 79, 奈特人体解剖学彩色图谱（第6版）
01453798, 8.7, 184, 寻找生命的逻辑
01253285, 8.4, 239, 第四级病毒
34835117, 7.9, 393, 我们为什么还没有死掉
01803961, 8.2, 286, 双螺旋
06129746, 9.0, 141, 物种起源
01084264, 8.3, 250, 自达尔文以来
03841181, 9.3, 109, 植物学
26394048, 7.9, 366, 上帝的跳蚤
01962865, 9.1, 125, 生物物理学
01075443, 8.1, 291, 植物的欲望
34991633, 9.6, 87, MOVE图鉴 昆虫
02256190, 8.1, 283, 狗智慧
25723403, 9.7, 80, 神经科学原理
27078158, 7.8, 383, 基因社会
01060088, 8.6, 175, 蚂蚁的故事
26816283, 9.0, 127, 昆虫记
04292525, 8.6, 170, 进化思维
03061002, 8.4, 202, 野花
30296201, 8.6, 165, 鸟类的天赋
01117650, 8.1, 260, 植物学（下册）
02053754, 8.5, 178, 大自然的猎人
26327402, 8.4, 194, 猿猴家书
06789757, 9.1, 110, DNA：生命的秘密
26775711, 7.9, 305, 生命是什么
34918510, 7.3, 609, 我们为何结婚，又为何不忠
30447356, 7.6, 409, 驯化
02267717, 8.2, 217, 细胞生物学
02042417, 8.4, 173, 花的智慧
25957452, 8.0, 251, 重返人类演化现场
01011561, 8.7, 134, 人类的由来（全两册）
01159180, 7.7, 333, 人类前史
02854616, 9.4, 79, Molecular Biology of the Cell
30278178, 9.3, 82, 生命是什么
03271250, 9.6, 68, Lehninger Principles of Biochemistry
04832192, 8.0, 226, 上帝的迷思
26421453, 7.6, 345, 基因革命
33384512, 9.4, 72, 行為
04860796, 7.6, 322, 哥伦布大交换
02076537, 9.1, 86, 基因论
01416237, 8.4, 145, 动物行为学
30124829, 9.3, 75, 灭绝与演化
27001653, 8.5, 133, 地球上最伟大的表演
26433346, 8.2, 172, 小猎犬号上追随达尔文
03267841, 9.5, 66, Molecular Biology of the Cell
27150701, 8.6, 121, 基因传（精装版）
03992999, 8.4, 138, 普通动物学-第4版
06868959, 8.0, 196, 信念的力量
30271174, 7.9, 216, 生命的法则
01394597, 9.7, 56, Time
26374946, 8.8, 98, 病玫瑰
27025200, 8.9, 91, 树的秘密生命
26877916, 8.2, 154, 盲眼钟表匠：生命自然选择的秘密
26831320, 8.1, 167, 生命的未来
07161523, 7.6, 275, 生物中心主义
01422222, 8.4, 127, 贝壳的自然史
25724942, 7.1, 498, 肠子，脑子，厨子
01873954, 9.2, 71, What is Life?
03930583, 8.0, 178, 饶议科学
27666964, 8.0, 176, 动物武器
30349090, 8.8, 91, 祖先的故事
01435394, 9.1, 74, 分子生物学实验室工作手册
26617461, 7.5, 283, 写在基因里的食谱
26280441, 10.0, 43, Molecular Biology of the Cell
01761663, 8.7, 94, 伊甸园的飞龙
06068065, 7.6, 249, 危险花园
26202327, 7.6, 248, 愉悦回路
27933973, 9.6, 52, 漫画遗传学
01046794, 8.5, 107, 伊甸园之河
34848398, 8.7, 92, 生命之种
34907898, 8.6, 99, 实验室女孩
25792729, 9.2, 65, 酷虫成长记
26728002, 7.7, 214, 缤纷的生命
01148193, 8.5, 101, 生命的多样性
02082005, 8.1, 140, 人类的猿性
04100363, 8.5, 100, 人类和动物的表情
26423783, 8.1, 136, 树的秘密生活
21336200, 8.1, 135, 基因之河
26471102, 8.4, 105, 看不见的森林：林中自然笔记（珍藏本）
30257745, 8.8, 78, 生命之书
25862411, 8.3, 113, 乌鸦的教科书
30210993, 8.4, 104, How to Change Your Mind (Audiobook)
26248628, 9.4, 53, 神经生物学
26343032, 9.3, 56, The Vital Question
34930608, 8.1, 131, 巡山报告•基因编辑婴儿
25819561, 9.9, 40, 人体（第二版）
30259593, 8.4, 102, 我们只有10%是人类：认识主宰你健康与快乐的90%微生物
04285592, 9.8, 42, 基因X
27192551, 9.5, 49, 物种起源
25778094, 9.2, 58, 灭绝的哺乳动物图鉴
26738486, 9.2, 58, The Selfish Gene
05300476, 8.8, 75, 祖先的故事
06854378, 8.6, 86, 生物学思想发展的历史
25743161, 8.8, 74, 生命:非常的世界
24524242, 9.2, 57, 能量、性、死亡：粒線體與我們的生命
33424495, 7.5, 224, 创世记
26712820, 8.3, 105, 论人的本性
27611002, 9.5, 47, 神似祖先
01062741, 8.8, 71, 生机勃勃的尘埃
03248629, 9.2, 55, 脊椎动物比较解剖学
01678219, 9.0, 62, 夏娃的七个女儿
01149920, 7.8, 156, 生理学
34439600, 7.1, 336, 新药的故事
30354425, 8.5, 85, 性本自然
03088531, 8.4, 91, 论人的天性
33446821, 7.9, 138, 给年轻科学家的信
30290031, 7.8, 151, 自私的基因
02820193, 9.4, 47, Art Forms in Nature
03079136, 7.8, 149, Brain Rules
01021263, 8.7, 72, 与恐龙同行
03351435, 8.8, 67, 物种起源
03300040, 9.2, 52, 人体
01015359, 7.8, 147, 消失的动物-古生物绝版图鉴
11498185, 8.3, 94, 无尽之形最美
01136387, 8.8, 65, 动物生态学原理
02168911, 8.8, 65, Why Zebras Don&#39;t Get Ulcers
26819410, 8.0, 119, 超负荷的大脑
26804140, 8.6, 74, 地球生命的历程
01538996, 7.6, 172, 红色皇后
25900643, 8.9, 60, DK动物生活大百科
30152564, 8.8, 64, 人类成功统治地球的秘密
26752488, 8.1, 106, 双螺旋
33391914, 8.1, 106, 蚂蚁的社会
26910000, 9.4, 44, 暴力解剖
27098139, 7.8, 137, 我们人类的进化
26384150, 9.6, 39, 基因的分子生物学（第七版）
01940471, 9.7, 37, 目击者丛书 犬科动物
34994974, 9.1, 51, 优雅的守卫者
01408302, 8.8, 61, 生物进化
01551554, 8.5, 73, 论人性
04177613, 8.4, 78, 中国兽类野外手册
07059610, 8.3, 84, 水母与蜗牛
04053482, 8.4, 77, 双螺旋：发现DNA结构的故事
05936417, 8.2, 89, 不可替代的牙齿
27199030, 6.5, 593, 盗火
26882918, 9.8, 33, 生物学与生活（原书第10版）
04831009, 8.1, 95, 漫画生物化学
01937407, 9.5, 38, 狂热的追求
01768203, 8.1, 94, Mean Genes
21326481, 8.5, 69, 造就适者
33402275, 8.4, 74, 昆虫传
01667301, 7.8, 119, 植物生理学
26878224, 8.2, 85, 焦虑的意义
01116350, 7.5, 157, 互助论
01064738, 7.7, 129, 神秘的舞蹈
20019387, 8.8, 55, Letters to a Young Scientist
01156671, 8.0, 97, 孟德尔妖
26943913, 8.5, 66, 再创世纪
01008101, 8.6, 61, 自达尔文以来
27084491, 7.5, 149, 我们人类的基因
26952932, 9.7, 32, 免疫学概览
01000441, 8.9, 49, 蚂蚁帝国
04041938, 8.2, 79, 人类的由来及性选择
05338171, 8.0, 91, 生命的语言
01847583, 8.3, 72, 酶的情人
03569909, 7.2, 195, 普通高中课程标准实验教科书 生物 1 必修
10744245, 8.9, 48, 傅佩荣译解易经
02019967, 8.6, 58, 进化新篇章
04919398, 7.7, 117, 药物发现
01419610, 8.2, 77, 基因时代的恐慌与真相
03518974, 9.3, 38, 癌生物学
03398355, 9.1, 42, 生态学基础
01002819, 8.5, 61, 攻击的秘密
27113516, 7.1, 213, 鸡征服世界
26890747, 9.6, 32, 物种起源
04832392, 8.5, 60, 深海奇珍
06435056, 8.4, 64, 微生物学教程
01070808, 8.2, 73, 不可思议的旅程
01527268, 9.0, 43, 生长和形态
02183420, 8.6, 55, 生物信息学算法导论
01075269, 8.4, 63, 生命科学史
33436025, 8.4, 63, 猿猴的把戏
26989167, 8.4, 62, 垃圾DNA
01080268, 8.2, 71, 中国昆虫记
25917736, 7.1, 196, 情种起源
01455778, 9.5, 32, The Eighth Day of Creation
04830828, 7.6, 116, 上帝的语言
35016532, 8.9, 44, 演化之旅
21979280, 8.9, 43, The Story of the Human Body
33400357, 7.5, 122, 生命之美：奇异植物的生存智慧
04832632, 9.1, 38, 进化
26308680, 8.5, 54, 人的展开
04202355, 8.4, 57, 动物志
35009927, 7.8, 90, 想太多的人类学家
34913672, 8.5, 53, 孟德尔妖
27041561, 9.0, 39, 征程（中文典藏版）
02128093, 7.7, 97, 养猫百科
34884945, 7.1, 176, 老鼠、虱子和历史
02796240, 9.0, 38, Why We Get Sick
20502437, 8.9, 40, Lewin 基因X（中文版）
25815811, 9.0, 37, 物种起源（少儿彩绘版）
25874535, 9.3, 31, 森林祕境
26684007, 7.7, 88, 明日的餐桌
04011447, 8.5, 48, 意识的奥秘
02057390, 9.2, 32, An Introduction to Systems Biology
06772381, 9.2, 32, 常见蜘蛛野外识别手册
02275771, 8.1, 63, 病因何在
25931490, 9.3, 30, 恐龙艺术
25835878, 8.9, 37, 大脑总指挥：揭秘最具人性的大脑区域
01147878, 8.5, 47, 从兽性到人性
26335065, 7.2, 136, 进化-牛津通识读本
02052478, 8.8, 39, 人类在自然界的位置
11612933, 8.8, 39, 生命的躍升
04770454, 9.1, 33, 系统生物学导论
21331186, 9.1, 32, 遗传学
03314316, 8.4, 48, 新的综合
26344232, 7.5, 96, 意识与脑
26935411, 7.9, 68, 生物学之书
27666938, 7.9, 66, 适者降临
30324189, 8.0, 61, 触感引擎
30345616, 8.7, 38, 生命是什么（附《我的世界观》）
05379678, 9.3, 27, 昆虫记
01225706, 7.5, 88, 人类灭绝之后的动物
03422812, 7.5, 88, 进化是什么
02134094, 9.0, 31, 狩猎台上的风景
33406382, 7.6, 79, 进化的咬痕
27609483, 8.7, 36, 古鸟
01521182, 9.4, 25, 第二重奥秘
21749773, 9.9, 20, The Biology of Cancer
01952939, 9.0, 30, 生物化学原理
27039276, 8.4, 42, The Evolution of Beauty
30171327, 7.7, 69, 惊人的假说
01431705, 9.1, 28, What Mad Pursuit
01649505, 7.2, 107, 人体解剖生理学
27072897, 7.6, 74, 生命
01257030, 9.3, 25, 猫科动物
10553293, 8.3, 43, What a Plant Knows
33398698, 7.8, 60, 蜜蜂的民主
02026913, 8.8, 31, Power
01439914, 9.3, 24, Molecular Biology of the Gene
34853190, 8.9, 29, 生命是什么
01514090, 7.6, 68, 细胞生物学
27046794, 9.1, 26, 古脊椎动物学（第四版）
01055293, 8.5, 36, 倾斜的真理
26979909, 8.1, 46, 分子
26934414, 8.0, 49, 生命是什么
01033747, 8.2, 42, 双螺旋探秘
34933366, 9.2, 24, 小猎犬号航海记
27195168, 7.3, 84, 未完成的进化
04236336, 9.1, 25, 分子生物学
33542164, 6.6, 177, 为什么需要生物学思维
03354583, 8.1, 44, 奇妙的生命
10458025, 8.1, 44, 蜜蜂的生活
01509193, 7.3, 81, 植物生物学
30489868, 8.7, 30, 极端生存
27039402, 7.6, 62, 爱情简史
26810922, 9.3, 22, 进化的智慧与决策的理性
26880628, 8.8, 28, 生命之源
27074384, 9.5, 20, 野外观蝶
34845969, 7.5, 66, 基因之河
34459315, 8.3, 37, 蚂蚁的故事
26925069, 7.1, 94, 神秘的镜像神经元
03161078, 8.7, 29, 物候学
01280099, 8.9, 26, 基因工程原理（上册）
01611803, 9.7, 18, The Origin of Species
26656139, 8.8, 27, Are We Smart Enough to Know How Smart Animals Are?
01228549, 8.2, 38, 麦克明彩色人体解剖图谱
01419706, 8.3, 35, 生命问题
05241973, 7.6, 57, 双螺旋探秘
34921939, 8.9, 25, 基因启示录
26639533, 7.9, 45, 自然老师没教的事
04732141, 8.2, 36, 鸟类的迁徙之旅
30158784, 8.2, 36, 进化的奇迹
10798963, 8.5, 30, 漫画生理学
26988205, 8.8, 25, 生物心理学（原书第9版）
01033757, 8.5, 29, 天生反叛
07016325, 9.6, 17, The Forest Unseen
27046843, 9.2, 20, 生物进化
03685412, 8.4, 30, 种子植物分类学
01401140, 8.8, 24, The Extended Phenotype
27036372, 8.2, 33, 远离野蛮的身体
10506778, 9.5, 17, 理解生物信息学
27594024, 9.0, 21, 系统医学原理
03207629, 8.9, 22, 美国高中主流理科教材•科学发现者
01138621, 9.1, 20, 青藏高原上的生灵
26298175, 8.0, 36, 物种起源
01059167, 9.3, 18, 图解植物学词典
10798937, 9.4, 17, 植物生物学
01103083, 7.0, 77, 北大毕业等于○
04280404, 8.3, 29, 达尔文的证据
26775257, 7.9, 37, 熊猫的拇指
25854579, 9.1, 19, DK儿童自然大百科
30267192, 8.3, 28, 王者归来
26282599, 7.4, 51, 证明达尔文
27080613, 6.7, 96, 为什么我们会上瘾
26950048, 7.3, 54, 小宇宙
24295978, 8.6, 23, 分子生物学
34449459, 7.0, 70, 人类的算法
01101166, 8.5, 24, 性科学概论
01967994, 9.5, 15, Molecular Cloning
04179681, 7.6, 41, 生命简史
07059614, 8.0, 31, 聆乐夜思
25914524, 8.7, 21, 燕园动物
30581262, 8.6, 22, 进化思维
30164679, 7.5, 43, 第二自然
26608864, 9.1, 17, 植物学（第2版）
26435795, 8.3, 25, A Planet of Viruses
03121201, 7.4, 45, 谁是造物主
02851411, 9.2, 16, Oxygen
04222632, 7.6, 38, 物种起源
01167042, 7.9, 30, 鸟类学
03047640, 7.6, 36, 进化心理学
33391917, 6.8, 69, 大象的政治
30474619, 8.9, 17, 博物学家的传世名作
10486864, 8.0, 27, 猴、猿、人
35067533, 10.0, 11, 观念生物学
06837664, 9.3, 14, 普通昆虫学
11594783, 8.0, 26, 生命科学史
30175430, 8.0, 26, 基因机器
30164671, 7.3, 41, 比天空更宽广
01038419, 7.4, 38, 动物哲学
01328826, 8.9, 16, 生物学
04326534, 8.0, 25, 合成生物学导论
34792445, 8.0, 25, 人类的旅程
10580328, 9.4, 13, 观鸟手册
30251075, 9.2, 14, 生命的跃升(40亿年演化史上的十大发明珍藏版)(精)
01810799, 9.3, 13, 分子细胞生物学
06887017, 8.3, 20, The Epigenetics Revolution
34974550, 8.3, 20, 基因蓝图
03235801, 8.4, 19, 系统生物学哲学基础
26837964, 8.4, 19, 生物的“性”世界
01701830, 7.7, 28, 普通昆虫学
01018406, 6.8, 56, 生物伦理学十五讲
04157037, 9.7, 11, SuperCooperators
03000214, 8.2, 20, 偶然性和必然性
30345296, 7.8, 25, 生命之美
06084972, 8.4, 18, 大腦、演化、人
05276619, 9.6, 11, 中国植物志
01314019, 8.0, 22, 微生物的秘密世界
01578695, 6.8, 52, 身边的植物
34454083, 6.9, 47, 反本能生存学
34858769, 8.6, 16, 动物王朝
04873818, 9.3, 12, 如何做生态学（简明手册）
26107948, 7.1, 39, 生命的奇迹
01188150, 7.8, 24, 生命新科学
27007507, 8.2, 19, 植物大发现
26859162, 9.2, 12, 生物学哲学
04141852, 7.3, 32, 崩溃边缘
01118703, 7.8, 23, 20世纪的生命科学史
01514210, 8.6, 15, 植物生物化学与分子生物学
05282943, 8.6, 15, 生命的乐章
06985285, 8.2, 18, The Social Conquest of Earth
30208055, 7.9, 21, 文化的演进
34615310, 7.8, 22, 比人更有趣的哺乳动物
02994325, 7.4, 28, 生命科学导论
01881539, 8.5, 15, X染色体的故事
05285371, 8.5, 15, 优生原理
26694849, 8.6, 14, The Diet Myth
26901323, 8.9, 12, 天堂飞鸟
30376075, 8.0, 18, 生命是什么
01081674, 7.8, 20, 很长的论点
03029611, 7.7, 21, 所罗门王的魔戒
01613877, 7.3, 26, 社会学研究
20112964, 9.0, 11, Lewin&#39;s Genes XI
26149322, 8.0, 17, 生机勃勃的尘埃
01550148, 8.2, 15, 中国野生兰科植物彩色图鉴
01025107, 7.8, 18, 巴斯德传
26865731, 7.8, 18, 人類存在的意義
04844659, 6.5, 46, 转基因食品
01965487, 7.9, 17, 达尔文读本
27101431, 6.4, 49, 专注(把事情做到极致的艺术)
04703033, 8.8, 11, 理论生态学
01631701, 7.6, 19, 遗传学
01965494, 8.5, 12, 基因VIII精要
03173894, 8.5, 12, 人类的由来及性选择
25850276, 8.0, 15, 挖掘者手记
01056541, 8.1, 14, 中国高等植物图鉴 第一册 (1972)
30396680, 7.6, 18, 我与大自然的奇妙相遇·寻觅兽类
01509103, 6.6, 36, 动物生物学
04200483, 7.0, 26, 湿地植物
03354141, 8.4, 12, 进化爆炸
33447928, 8.4, 12, 奇妙的生命
03117353, 8.2, 13, 生物统计学
25781910, 8.2, 13, 人类的足迹
10199245, 7.1, 24, 生命的季节
06863484, 8.8, 10, 营养基因组学
01140465, 7.4, 19, 生命的线索
30424134, 6.5, 35, 大历史与人类的未来
01596149, 8.0, 13, 我的另一半
01523579, 7.3, 18, 情感之源
01022538, 7.5, 16, 达尔文生平（全二册）
25964040, 7.5, 16, 中国萤火虫生态图鉴
27066638, 7.9, 13, 生命的诞生
01578369, 7.2, 19, 生物学八年级上册
01076914, 6.6, 27, 自然的指印
01476183, 7.3, 16, 生命科学导论
26250930, 8.0, 11, Life on the Edge
26310904, 8.0, 11, 尼安德塔人
03626743, 6.9, 19, 人体及动物生理学
32693555, 7.7, 12, 植物为什么不会动
01218609, 6.6, 22, 植物学
01962001, 8.0, 10, Theoretical Ecology
06125420, 7.5, 12, A Billion Wicked Thoughts
27012169, 7.5, 12, 图解物种起源
26278339, 5.9, 32, 达尔文的黑匣子
01047983, 7.2, 11, 感情动物
03184880, 6.5, 16, 完全图解不可思议的人体
03077053, 6.9, 12, 完全图解达尔文进化论
33587150, 6.5, 14, 人人都该懂的遗传学
01451853, 6.2, 17, 中国鸟类图鉴
03748262, 6.2, 16, 古汉语植物命名研究
02010095, 6.0, 16, 人类基因研究报告
01216230, 0.0, 10, 达尔文的猴子
01545303, 0.0, 10, Roitt免疫学基础（中文版）
03173215, 0.0, 10, 用物理學找到美麗新世界
03420852, 0.0, 10, 菌儿自传
04022743, 0.0, 10, 中国景观植物（上下册）
04204141, 0.0, 10, Essential Cell Biology
30356304, 0.0, 10, 神经生物学原理
02050601, 0.0, 11, Biology
26945611, 0.0, 11, 基因、心灵与文化
01332432, 0.0, 13, 性趣何來?
01535776, 0.0, 13, 神经科学原理 Principles of Neural Science
30376283, 0.0, 13, 癌生物学（第二版）
06514457, 0.0, 17, 百猫谱
