2020-07-05 16:00:11

number of books, tag name
623, 畅销书

ID, rating, votes, title
04913064, 9.4, 496883, 活着
01084336, 9.0, 576785, 小王子
03259440, 9.1, 460313, 白夜行
01770782, 8.9, 647947, 追风筝的人
06082808, 9.2, 294589, 百年孤独
03211779, 8.9, 411958, 嫌疑人X的献身
10554308, 9.1, 272254, 白夜行
05363767, 9.2, 214997, 三体Ⅲ
01041007, 9.1, 170787, 哈利·波特与魔法石
01361264, 9.0, 186404, 撒哈拉的故事
25985021, 9.1, 131617, 人类简史
01071241, 9.0, 131717, 哈利·波特与阿兹卡班的囚徒
01039487, 8.9, 126755, 哈利·波特与密室
01061118, 9.1, 86507, 活着
02295163, 9.0, 100635, 哈利·波特与死亡圣器
01827374, 9.0, 96693, 东方快车谋杀案
01007914, 8.7, 158687, 窗边的小豆豆
01432596, 8.8, 109945, 哈利·波特与混血王子
02143732, 8.8, 91249, 灿烂千阳
01013129, 8.7, 106672, 哈利·波特与凤凰社
26698660, 8.9, 66330, 巨人的陨落
33440205, 8.9, 60953, 你当像鸟飞往你的山
03369793, 8.6, 102485, 亲爱的安德烈
03608208, 8.5, 120391, 牧羊少年奇幻之旅
01046265, 8.0, 317936, 挪威的森林
04242172, 8.1, 230394, 天才在左 疯子在右
05414391, 9.0, 41468, 寻路中国
06388661, 8.8, 56134, 这些人，那些事
02052448, 8.9, 44031, 明朝那些事儿（叁）
01066462, 8.4, 103238, 向左走·向右走
03813669, 8.6, 69122, 民主的细节
26672693, 9.0, 34653, 一个叫欧维的男人决定去死
01022060, 8.2, 146118, 狼图腾
01192090, 8.7, 53420, 球状闪电
01003000, 8.3, 112844, 悟空传
04742918, 8.3, 111159, 1Q84 BOOK 1
07163250, 9.2, 21829, 明朝那些事儿
02253642, 8.8, 40158, 明朝那些事儿（肆）
06798611, 8.7, 47506, 史蒂夫·乔布斯传
02284311, 8.8, 37681, 苏菲的世界
03009821, 8.8, 36683, 明朝那些事儿（伍）
06709783, 9.0, 26433, 浪潮之巅
03626924, 8.9, 30843, 明朝那些事儿（柒）
26576861, 9.0, 25136, 最好的告别
01401425, 8.3, 84772, 兄弟（上）
01013208, 8.4, 63346, 如何阅读一本书
03274113, 8.8, 31101, 明朝那些事儿（陆）
01426971, 8.8, 30175, 野火集
26953606, 9.1, 18809, 人类简史
01970428, 8.8, 28882, 激荡三十年（上）
01321017, 8.8, 27834, 九州·缥缈录
25762009, 9.1, 16809, 教父
01858410, 9.0, 19293, 万历十五年
01059419, 8.1, 90761, 海边的卡夫卡
05275059, 7.9, 138111, 1988：我想和这个世界谈谈
04714734, 8.3, 60224, 这些都是你给我的爱
04231381, 8.4, 48888, 那些回不去的年少时光
26414020, 8.0, 95860, 我不喜欢这世界，我只喜欢你
01292416, 8.5, 36286, 香水
01062193, 8.5, 34992, 娱乐至死
01529893, 8.0, 90410, 莲花
01882933, 8.1, 73253, 鬼吹灯之精绝古城
26943161, 8.4, 41442, 未来简史
26923390, 8.5, 33110, 长夜难明
26957760, 8.8, 19764, 世界的凛冬
02298149, 8.4, 37439, 盗墓笔记3
03609132, 8.4, 35481, 把时间当作朋友
03266344, 8.4, 34886, 盗墓笔记4
02340100, 8.0, 73639, 遇见未知的自己
01159939, 8.6, 24423, 一个陌生女子的来信
01394364, 8.8, 17670, 银河系漫游指南
10786473, 8.2, 45624, 自控力
06953273, 8.5, 26640, 盗墓笔记
01812439, 8.1, 53775, 步步惊心
06021440, 8.7, 18587, 黑客与画家
03800166, 8.4, 29861, 盗墓笔记5
05254315, 8.4, 28753, 盗墓笔记7
02209098, 7.8, 90008, 致我们终将逝去的青春
01056295, 8.2, 39846, 人性的弱点全集
02567919, 8.2, 39776, 匆匆那年（上下）
03649782, 8.6, 19855, 达·芬奇密码
05346110, 8.9, 11552, 穷查理宝典
01228110, 8.2, 35374, 天使与魔鬼
01082518, 7.9, 59966, 麦田里的守望者
02056749, 8.1, 40337, 时间旅行者的妻子
01322455, 8.7, 14200, 遥远的救世主
01322025, 8.7, 13301, 卓有成效的管理者
04238754, 8.0, 40774, 失恋33天
24845582, 8.4, 19466, 群山回唱
26854318, 9.1, 6796, 现代艺术150年
01030052, 7.9, 47083, 清醒纪
01048007, 8.2, 26142, 高效能人士的七个习惯（精华版）
26278687, 7.6, 86057, 皮囊
02250587, 7.6, 82962, 一个人的好天气
01065970, 7.8, 51147, 彼岸花
01926103, 8.0, 34243, 鬼吹灯之云南虫谷
06431994, 8.2, 23660, 悟空传
03316422, 8.9, 7652, 猫国物语
01794620, 7.8, 48450, 芒果街上的小屋
01063190, 8.0, 32199, 蔷薇岛屿
26768309, 8.1, 25854, 查令十字街84号
03642673, 8.0, 30127, 我执
26371317, 8.1, 24576, 24个比利
11445548, 8.5, 12512, 自私的基因
02243213, 7.8, 43029, 山楂树之恋
06709809, 8.4, 14209, 暗时间
02180619, 8.0, 28059, 偷书贼
05287474, 8.7, 8596, 影响力
02283084, 8.0, 27160, 云中歌1
04292149, 8.5, 11052, 龙文身的女孩
01419882, 8.9, 5872, 消失的密室
05920385, 8.3, 13687, 肠子
26733851, 8.9, 5523, 月亮与六便士
04929844, 8.3, 13251, 怪诞行为学
03673651, 7.7, 39084, 岛
04953695, 7.8, 31692, 拆掉思维里的墙
02230208, 7.9, 25885, 我的前半生
02339950, 7.7, 37705, 被窝是青春的坟墓
01851385, 7.9, 25134, 我的名字叫红
06974232, 8.0, 20904, 盗墓笔记8·大结局（上）
03394338, 7.5, 55638, 他的国
05502995, 7.6, 44665, 1Q84 BOOK 3
02082194, 8.2, 14360, 小时候
10785583, 8.2, 13620, 思考，快与慢
05252677, 8.0, 18433, 幸福了吗?
06434543, 8.0, 18129, 龙族Ⅱ
01453210, 7.4, 59055, 一座城池
30155720, 8.2, 12601, 小小小小的火
01049189, 7.3, 73925, 1995-2005夏至未至
02256351, 8.4, 9137, 乌合之众
24753751, 8.1, 14702, 向前一步
20428922, 8.3, 10347, 学会提问
01024217, 7.4, 55654, 第一次的亲密接触
25920202, 8.6, 6431, 泛若不系之舟
01021425, 8.5, 6650, 照相本子
01079252, 8.2, 10490, 爱情笔记
02143304, 8.1, 12309, 我爱问连岳
33379779, 8.3, 8757, 美国陷阱
03778004, 8.2, 9731, 致我们终将逝去的青春
07059662, 8.1, 11221, 考拉小巫的英语学习日记
01012203, 7.7, 22770, 檞寄生
01027247, 7.8, 18689, 丑陋的中国人
01059406, 7.0, 101836, 幻城
25984204, 7.3, 49263, 乖，摸摸头
04113090, 7.4, 38778, 我们台湾这些年
01269900, 8.1, 10335, 活法
26895993, 7.9, 13600, 刻意练习
26838557, 8.4, 5998, 智能时代
04199761, 8.3, 6906, 重新发现社会
04737329, 7.6, 23095, 龙族Ⅰ
24541883, 8.1, 9303, 消失的爱人
05366278, 7.9, 12255, 走吧，张小砚
01313124, 8.2, 7381, 赢
01856285, 7.2, 47609, 人生若只如初见
25782902, 8.1, 8361, 反脆弱
26297606, 7.5, 24550, 从0到1
26860776, 8.4, 5225, 鞋狗
26658379, 8.4, 5180, 必然
01292359, 8.4, 5107, 相约星期二
04928387, 7.5, 23443, 单恋
04173403, 7.7, 15822, 温柔的叹息
02149655, 7.6, 18971, 鬼吹灯Ⅱ之一·黄皮子坟
26759508, 8.1, 7794, 硅谷钢铁侠
01400679, 8.9, 2453, The Kite Runner
01069885, 8.1, 7349, 你在天堂里遇见的5个人
26666472, 7.2, 40335, 天才在左 疯子在右（完整版）
02201813, 7.5, 19672, 藏地密码1
05921213, 8.4, 4250, MBA教不了的创富课
30242320, 8.3, 4897, 薛兆丰经济学讲义
05421787, 8.0, 7782, 定位
20472730, 7.7, 12780, 龙族Ⅲ
03323987, 7.3, 27776, 杜拉拉2华年似水
03266968, 7.2, 33362, 秘密
20384337, 8.3, 4498, Lean In
01026655, 8.4, 3807, 相约星期二
04749115, 7.5, 16432, 蔡康永的說話之道
34797578, 8.1, 5664, 人间值得
30331243, 8.4, 3620, 镖人
01223845, 7.6, 13031, 男人来自火星 女人来自金星
01853323, 7.9, 7692, 圈子圈套2
01026317, 7.7, 10388, 可爱的骨头
01057206, 7.3, 22205, 数字城堡
04882120, 8.1, 5218, 金字塔原理
06754574, 8.9, 1770, Thinking
06864307, 7.4, 16838, 像我这样笨拙地生活
02257609, 7.9, 6822, 圈子圈套3
01074841, 7.5, 13715, 葵花走失在1890
01007334, 7.1, 31166, 草样年华
03181927, 7.6, 11037, 大便书
01837006, 8.0, 5441, 人性的弱点
24671183, 8.2, 3858, 藏地白皮书·十年爱情见证版
01062134, 8.1, 4450, 狼图腾（简装本）
01077129, 8.5, 2528, 一生的学习
03025921, 7.7, 8383, 黑天鹅
24877320, 7.7, 8371, 龙族Ⅲ
01473250, 7.6, 9980, 魔鬼经济学
06714861, 8.0, 5106, 致我们终将逝去的青春
01424955, 9.0, 1335, 卓有成效的管理者 （中英文双语典藏版）
10565151, 7.5, 11443, 我是个年轻人 我心情不太好
06854525, 7.9, 5594, 黑天鹅
03147450, 7.7, 7698, 藏地密码3
11614293, 7.5, 10702, 人生需要揭穿
02214344, 7.5, 10668, 不存在的女儿
02257188, 7.6, 8799, 致女儿书
03682204, 7.6, 8686, 佐藤可士和的超整理术
04773741, 7.5, 10308, 杜拉拉3
03134517, 8.3, 2869, Outliers
03321602, 7.8, 6066, 藏地密码5
04846126, 8.1, 3752, 巴别塔之犬
04849382, 8.3, 2778, 搞定
10773358, 8.1, 3630, 意志力
10828002, 7.9, 4849, 游戏改变世界
25957554, 8.0, 4104, 在不安的世界安静的活
05408860, 8.2, 3062, 风雨哈佛路
25942507, 7.5, 9419, 参与感
03787012, 7.8, 5594, 藏地密码7
07005249, 8.5, 2033, Gone Girl
01144826, 8.2, 2937, 最有意义的生活
24871655, 8.5, 1964, 无比美妙的痛苦
10476698, 7.5, 8760, 因为痛，所以叫青春
06052834, 8.0, 3799, 亲密关系
03995799, 7.8, 5141, 蚁族
03610094, 7.7, 5897, 藏地密码6
01383525, 8.7, 1450, How to Read a Book
01028805, 7.7, 5823, 品人录
03900987, 7.6, 6816, 引爆点
04833920, 7.3, 11803, 十八岁给我一个姑娘
19965972, 7.5, 7844, 我读书少，你可别骗我
01013369, 7.6, 6551, 格调
03622904, 7.2, 13723, 不抱怨的世界
01162784, 8.1, 2907, 超越自己·创造自己·肯定自己
03191328, 6.5, 69880, 小时代1.0折纸时代
06795849, 7.7, 5300, 偷影子的人
01006881, 6.7, 40651, 左手倒影，右手年华。
06879215, 7.5, 7398, 乌克兰拖拉机简史
02265995, 7.1, 15946, 大象的眼泪
01046385, 7.1, 15888, 毒
01731825, 7.4, 8706, 读大学，究竟读什么
25967870, 9.0, 918, 长白秘闻之不咸灵迹
26392337, 8.3, 2088, 与神对话
26735064, 7.2, 12262, 孤独小说家
26178426, 7.5, 6939, 稀缺
01291760, 6.6, 48028, 会有天使替我爱你
06794016, 7.5, 6892, 如何成为一个怪物
20470934, 7.8, 4134, 三国配角演义
01862115, 7.1, 14171, 当时只道是寻常
03786755, 7.2, 11287, 每天懂一点色彩心理学
25902226, 8.2, 2154, 时寒冰说：未来二十年，经济大趋势（现实篇）
06121542, 7.9, 3266, 当你途经我的盛放
04231394, 8.0, 2795, 中国足球内幕
02282946, 7.8, 3721, 直面内心的恐惧
33427364, 8.5, 1395, 熊镇2
25777982, 7.6, 4970, 在难搞的日子笑出声来
06041708, 7.7, 4159, 世上另一个我(修订版)
04260576, 7.3, 8144, 有些事现在不做，一辈子都不会做了
19955069, 7.8, 3459, 遇见未知的自己
01062326, 6.9, 18186, 爱尔兰咖啡
20389195, 7.3, 7887, 慢慢来，一切都来得及
01030054, 7.2, 9491, 水知道答案
25807982, 8.5, 1304, 创新者的窘境(全新修订版)
01318427, 7.7, 3910, 蓝海战略
04920062, 7.3, 7483, 别跟我说你懂日本
02299164, 7.9, 2741, 帝国的终结
06712457, 8.2, 1714, 你早该这么玩Excel
03184666, 7.7, 3481, 世界是平的（3.0版）
06052860, 7.2, 8100, 海底捞你学不会
10582351, 7.4, 5551, 虚实之间
01028916, 6.9, 14750, 雨衣
05344908, 7.9, 2493, 别独自用餐
01427920, 8.7, 900, The 7 Habits of Highly Effective People
01292336, 8.3, 1431, Freakonomics
27623508, 8.4, 1261, 走出荒野
01080812, 7.1, 9420, 红鞋
01077497, 7.2, 7525, 水煮三国
24527845, 7.0, 10884, 我讲个笑话，你可别哭啊
01931318, 7.0, 10860, 于丹《论语》心得
01316569, 8.4, 1194, Getting Things Done
01981355, 6.8, 16069, 墨迹
01421029, 7.5, 4130, 帝国的惆怅
04149893, 7.0, 10416, 每天懂一点好玩心理学
02133074, 7.0, 10207, 20几岁，决定女人的一生
27605902, 7.5, 4034, 必须找到阿历克斯
03734776, 7.9, 2080, The Hunger Games
26761859, 7.7, 2697, 精要主义
26416401, 7.3, 5147, 我敢在你怀里孤独
01041550, 6.6, 21468, 爱与痛的边缘
01853540, 8.5, 905, The Joy Luck Club
21359609, 8.3, 1139, 高效演讲
01031634, 7.9, 1915, 富爸爸投资指南
01291075, 8.1, 1421, The Tipping Point
25895442, 6.6, 20115, 你的孤独，虽败犹荣
25933841, 7.1, 6648, 蔡康永的说话之道2
01014310, 7.3, 4559, 痛并快乐着
03712855, 8.1, 1364, 为何越爱越孤独
24839553, 7.4, 3821, 拖拉一点也无妨
01319893, 8.0, 1476, 当和尚遇到钻石
01864849, 7.4, 3598, 小S之怀孕日记
06896459, 8.4, 894, Quiet
02048588, 7.5, 3015, 第一皇妃（Ⅰ、Ⅱ）
22993829, 7.7, 2183, 我们这儿是精神病院
06971390, 7.3, 4131, 小狗钱钱2
01029796, 8.2, 1104, 我不是教你诈3
10431236, 8.3, 978, The Power of Habit
02003451, 7.2, 4709, 于丹《庄子》心得
01418173, 7.1, 5623, 刘心武揭秘红楼梦（第一部）
27029463, 8.1, 1192, 畅销作家写作全技巧
20366367, 7.8, 1609, 金钱不能买什么
06125965, 8.2, 931, 李逵日记
01016204, 7.2, 3961, 不过如此
04816212, 7.4, 2807, 真希望我20几岁就知道的事
05363264, 7.6, 1965, 被偷走的人
01419361, 7.4, 2361, 医生杜明
04249213, 8.2, 792, 国运1909
26844348, 6.5, 12956, 好吗好的
03044492, 7.4, 2237, 百年诅咒
02975939, 7.4, 2170, 论扯淡
01428345, 7.3, 2529, 伊甸樱桃
01912395, 8.2, 694, 我不是教你诈.4
33422386, 7.2, 2728, 世界尽头的咖啡馆
05920237, 8.4, 545, 把爱传下去
19941515, 7.9, 968, 这些道理没有人告诉过你
01103156, 8.2, 649, 一个被称作它的孩子
03015838, 7.6, 1348, Breaking Dawn
06750340, 7.7, 1162, 卑鄙的圣人：曹操.第2部
01014964, 7.9, 893, 引爆流行
30136392, 7.9, 887, 耕种 食物 爱情
01039826, 7.5, 1465, 十七楼的幻想
26739865, 6.9, 3717, 向着光亮那方
30351566, 7.6, 1201, 别做那只迷途的候鸟
04909716, 7.4, 1595, 谁说这辈子只能这样
23774520, 7.5, 1357, 晓说2
06515939, 6.8, 4264, 世界如此险恶，你要内心强大
34800351, 6.7, 5145, 半小时漫画经济学
01401682, 7.9, 765, 第8號當舖
10788371, 6.9, 3371, 清单革命
26948144, 7.2, 1960, 格调
05321843, 6.4, 9031, 假装的艺术
11443221, 8.3, 449, 卑鄙的圣人：曹操.10，大结局
10779411, 6.7, 4392, 男女内参
23860707, 8.6, 317, 中国当代社会阶层分析
02252637, 7.9, 663, 诱惑的艺术
25827226, 8.2, 466, 11枚戒指：禅师菲尔·杰克逊自传
01291535, 7.5, 1090, Blink
30248303, 8.2, 459, 爱的沟通
30255667, 7.7, 812, 无尽世界
01377769, 7.8, 711, Men Are from Mars
01004325, 6.5, 5986, 致加西亚的信
27199561, 8.2, 443, 長安十二時辰 上
04737015, 6.6, 4174, 30年后，你拿什么养活自己？
30209866, 7.4, 1020, 每一天梦想练习
30263503, 8.6, 259, 真確
02282191, 7.9, 523, 让创意更有黏性
24325339, 7.4, 988, 全新思维
25849758, 7.7, 655, 富足
03815992, 6.8, 2440, 白骨精学习法
03536129, 8.4, 285, The Girl with the Dragon Tattoo
30218334, 7.5, 788, 护肤全书
26434719, 6.5, 4050, 你一年的8760小时
04199629, 7.1, 1360, 棚屋
01022541, 7.7, 565, 追求卓越
20278327, 5.8, 18893, 谁的青春不迷茫
26876103, 8.1, 328, 这不是你的错
27112399, 7.4, 743, 时间停止的那一天
20375627, 8.5, 220, 风之影
01062945, 7.5, 646, 创造双赢的沟通
24859516, 8.7, 182, 雅舍谈吃
26847907, 7.6, 557, 见过爱情的人
02227661, 7.4, 718, 购物狂结婚记
02229049, 7.3, 820, 购物狂纽约血拼记
03043907, 8.3, 257, The Black Swan
05990497, 6.9, 1418, 中国的逻辑
33395626, 7.4, 665, 优雅，从姿势开始
06758610, 6.8, 1640, 人脉是设计出来的
26342494, 7.1, 961, 美女都是狠角色
24700181, 7.5, 549, 别让猴子跳回背上
03239543, 7.9, 341, 爱要一生的惊艳
01798844, 7.1, 895, 水是最好的药
26789264, 6.4, 3003, 极简生活
01288877, 7.2, 764, 电车男
26184622, 8.5, 180, 菲洛梅娜
20497858, 8.1, 252, 网站分析实战
04909052, 6.5, 2278, 世有桃花
01340500, 8.1, 250, 失控的陪审团
10517695, 6.7, 1558, 你以为你以为的就是你以为的吗
24700676, 8.2, 225, 苏东坡传
30359352, 7.6, 424, 为何家会伤人（2018百万畅销纪念版）
26769591, 7.8, 326, 男人来自火星
06784039, 5.7, 13527, 你若安好便是晴天
25849381, 7.8, 311, 世界是自己的，与他人无关
30337269, 7.5, 437, 生于1981
24859513, 8.4, 171, 雅舍小品
06728194, 6.6, 1616, 鬼吹灯之圣泉寻踪
26357936, 8.2, 199, 不念过往  念远方
25712066, 7.7, 331, 当哲学家遇上心理医生
25714762, 7.5, 409, 吾家小史
22855208, 9.1, 94, 城南旧事
03043427, 7.9, 255, 从思考到思考之上
06076154, 6.3, 2560, 跟乐嘉学性格色彩
02157607, 8.0, 226, 我不是教你詐
01425370, 7.7, 305, 为什么男人爱撒谎 女人爱哭泣
23715318, 7.6, 339, 激素少年
24843836, 8.1, 194, 象之背
26677431, 8.2, 176, 清醒地活
26769662, 7.2, 521, 雄性衰落
25714275, 8.6, 120, 被遗忘的花园
06798183, 8.3, 148, 牛棚杂忆
03039806, 7.4, 366, 美元大崩溃
05301484, 7.3, 394, 不一样的恋爱心理学
33401921, 9.0, 81, 找到更好的自己
01187284, 7.6, 266, 购物狂纽约血拼记
01071094, 7.4, 330, 解密凤凰
30432092, 7.8, 213, 就喜欢你看不惯我又干不掉我的样子1（增订版）
34663191, 8.3, 131, 灿若黎明
30401411, 7.6, 255, 林徽因传：人生从来都靠自己成全
04854940, 8.1, 150, 十月
01000687, 6.1, 2309, 学习的革命
26789266, 7.2, 375, 你不懂面包
19899498, 8.8, 83, 花精物语
27001123, 7.1, 422, 遗失的世界
10559308, 8.2, 129, 咖啡学
25731151, 6.2, 1765, 愿我的世界总有你二分之一
26372375, 9.3, 58, 小王子
27612464, 7.2, 346, 统计数据会说谎
06798956, 7.1, 367, 虫图腾
01032030, 6.3, 1253, 我为歌狂中终结本8848
01873319, 7.7, 180, 凡·高的遗言
26866060, 8.4, 97, 陪伴式成长，和孩子一起成为更好的自己
04043732, 7.2, 304, 和校花同居的日子
04016660, 7.6, 193, 美国杀戮
03742130, 7.3, 266, 世界是弯的
01419066, 8.4, 92, 創龍傳12
01077371, 7.6, 180, 漂亮者生存
05904053, 5.8, 3010, 微博：改变一切
25712458, 7.3, 245, 大繁荣
30245565, 5.6, 4456, 你坏
24700670, 8.3, 88, 风声鹤唳
10799324, 8.1, 102, 可能发生的往事
03267944, 7.3, 214, 《秘密》的秘密
03599566, 7.8, 128, 开瓶
06801060, 8.2, 91, 季羡林自传
30265858, 6.2, 1025, 如何给狮子剥皮
26260066, 8.0, 106, 没有你的天堂
05347817, 6.9, 335, 设计师不读书
06801061, 8.5, 71, 季羡林谈佛
24859514, 7.8, 122, 雅舍随笔
06528103, 7.2, 225, 我只是遗憾不能陪你一起老
26433348, 6.9, 324, 我知道有人在什么地方等我
26416036, 7.4, 179, 你不必逞强，时间会为你疗伤
27067885, 8.3, 80, BBC看俄罗斯
26388902, 9.1, 47, 我们都是借道前行的过路人
26976453, 6.6, 489, 厉害了，我的厨房！
01000437, 6.4, 658, 索多玛城
30371905, 7.7, 128, 三毛传：你松开手，我便落入茫茫宇宙
30475773, 7.5, 155, 那时上帝是只兔子
19977957, 7.7, 121, 终结者
25957381, 8.1, 81, 做单（全新版）
26920090, 7.1, 205, 问题之书
26606327, 8.0, 85, Zero to One
01059568, 5.9, 1321, 没有任何借口
25772765, 6.9, 255, 别再为小事抓狂：小事永远只是小事
35068181, 9.6, 31, 昆虫的奇妙生活
04733969, 7.9, 89, 三重门
24529136, 6.7, 314, 适合比成功更重要
06472009, 7.6, 113, 说好在一起
06011963, 9.3, 34, Self-Compassion
06390897, 8.3, 62, Tschick
26797669, 6.3, 525, 我的朋友陈白露小姐：金屋一梦
24743352, 8.4, 56, 吃得优雅
11588723, 7.7, 95, 文明之旅
01875183, 7.3, 136, Water for Elephants
26869107, 5.8, 1235, 愿无岁月可回头
26372373, 9.2, 33, 飞鸟集·园丁集
01814292, 9.6, 27, The Fellowship of The Ring
24323298, 7.9, 76, 情若入画
06720471, 7.8, 82, 这样学日语最有效
27092788, 8.0, 68, Before We Were Yours: A Novel
25916557, 7.9, 73, 十几岁孩子的正面管教
34952429, 7.2, 136, 爱情的逻辑
02296664, 7.3, 122, 我的脖子令我很不爽
07004259, 7.3, 122, 盐之书
27074753, 7.2, 133, 别独自用餐
06710893, 7.9, 70, 没有借口
05993545, 7.2, 130, 如果巴西下雨，就买星巴克股票
20503851, 6.5, 299, 与青春私奔
01648388, 7.3, 115, Nothing Lasts Forever
26361454, 7.8, 73, 秘密调查师3·家族阴谋
06509953, 8.2, 54, 隐形VISA
06088297, 7.1, 139, 躲在成功背后的50个职场细节
26384396, 8.1, 57, 去爱
01642121, 7.6, 84, 将军的女儿
21452846, 7.1, 135, 爱情急救手册
34840521, 7.0, 148, 忙碌爸爸也能做好爸爸
01289752, 8.8, 35, 西点危机
25764332, 7.4, 96, 寻路美国
03172011, 7.3, 105, 将世界甩在身后
06517443, 6.8, 180, 快感
06976142, 8.4, 41, 雪佛告诉你，加薪20%的秘密
26277086, 9.3, 25, 寻找马里奥
01082912, 7.9, 56, 畅销书
34842275, 8.0, 51, 华为营销基本法
26898849, 6.1, 402, 力比多记
01128315, 8.2, 44, 组织的管理
26693270, 7.0, 118, 人生迎风向前
06854186, 6.8, 147, 嫁给谁都幸福
24700155, 8.8, 30, 生活的艺术
04249522, 7.4, 78, 东邪西独
26835008, 7.4, 77, 请求的艺术
25747924, 8.8, 29, 蹲下来和孩子说话
25898722, 8.4, 36, Look Who&#39;s Back
19898993, 8.3, 38, 发现更强大的自己
03431427, 7.3, 81, 英美畅销小说简史
01820604, 6.7, 150, 致加西亚的信
25883248, 7.2, 88, 梦想会生利息
27055725, 7.0, 107, 官墙里
30284607, 7.5, 67, 前任博物馆
01421507, 8.5, 33, 最初
25755867, 7.0, 103, 成功者的大脑
06811621, 8.4, 34, 美军生存手册
11445683, 7.6, 57, 从一万到百万-超级畅销书的秘密
34459817, 6.7, 135, 人人都能梦的解析（新版）
05401995, 6.7, 130, 封口费
20285396, 6.7, 128, 可口可乐的征服
01073414, 7.7, 50, 从优秀到卓越
27055209, 7.8, 46, 介不介意聊聊天
26362680, 6.3, 198, 失眠夜看的哲学书
10726572, 7.5, 55, The Hunger Games #03
01951698, 7.4, 57, 打造畅销书
02979530, 9.1, 20, Night Train to Lisbon
35071723, 9.4, 17, 平行线2：恶意
06839456, 6.4, 150, 救救你的钱包
04243875, 7.9, 35, Game Change
25892436, 7.3, 54, 我是谁
01886944, 6.9, 77, 可乐求爱记
20375635, 7.3, 52, 女童
26343603, 6.5, 114, China Rich Girlfriend
35021866, 7.7, 38, 深度改变
11526780, 5.1, 1418, 格雷的五十道陰影I：調教
34854893, 6.3, 143, 生活需要高级感
26606035, 7.2, 55, 好奇地活着
26372371, 7.9, 32, 假如给我三天光明
01904179, 7.5, 42, Next
01853447, 7.3, 49, 一半在腐烂 一半在燃烧
01233644, 8.0, 29, 死
25996807, 6.2, 147, 恨着恨着就爱上了
30289577, 6.9, 66, 大学四年：我多想在入校前就知道的事
06518118, 8.3, 24, 经济学人MOOK.1101
26674300, 9.3, 15, 大医生说：五谷杂粮吃对比药好
30296754, 5.8, 255, 余生好贵 请勿浪费
06844605, 5.9, 214, 假装的艺术2
04238179, 8.1, 25, 欢迎你的危机
25928213, 6.9, 60, 大学
05907458, 7.2, 45, 别为小事抓狂
23780391, 7.2, 45, 畅销书营销浅规则
04755539, 7.7, 31, The Hunger Games Trilogy Boxed Set
06516896, 7.9, 27, 做淡定的自己
04766746, 6.1, 138, 蚁族
05387397, 6.2, 119, 有钱人和你想的不一样
27113572, 6.7, 63, 职场书面沟通完全指南
26640307, 8.0, 22, 不放弃
19967243, 5.9, 147, 我想我已活到了一个尴尬的年龄
25747825, 7.0, 43, 美元复兴十年？or中国痛苦十年？
02040936, 7.1, 38, 优势思考
26791230, 5.5, 244, 解答之书
03985243, 8.1, 19, 美麗聖經普及版
19982775, 6.9, 41, 你的7岁孩子
20412043, 5.2, 418, 格雷的五十道陰影II：束縛
30204209, 7.5, 26, 世间欢喜消遣人
06116612, 7.2, 32, 这样猜透女人心
34969947, 8.0, 19, 线索
25945566, 6.7, 47, 适应性创新
01185463, 6.3, 69, 致加西亚的信
27604728, 7.2, 30, 他看见你的声音之未亡人
26662301, 5.2, 363, 天才在左  疯子在右
26136756, 7.7, 21, 别放弃，小豌豆
26847875, 8.1, 16, 我是大医生：医生不说你不懂2
03168364, 7.2, 26, How to Simplify Your Love
20283253, 6.7, 37, 人骨咒怨
24311783, 6.3, 54, 成全自己
06391343, 7.4, 22, 忏悔无门
25929033, 7.3, 23, 第七子
01059569, 6.0, 71, 彭伯里庄园
26320592, 7.0, 27, 出位
04118797, 7.4, 20, 世界上最神奇的36堂课
06894065, 6.7, 32, 一瘦就瘦一辈子
01951699, 6.3, 44, 畅销书的故事
30198036, 7.3, 20, Sea of Strangers
10830579, 6.2, 48, 男人持续力
03774467, 6.6, 32, 石油交易战
05434612, 7.5, 17, 道听狐说话聊斋
01013988, 7.6, 16, 未来刚刚发生
06559606, 7.3, 18, 黄古洞葬（第1部）
06952215, 6.9, 23, 女人总是想太多
26374338, 7.3, 17, 复兴孔子 继往开来
31832657, 7.3, 17, Disappearing Earth
26910325, 7.7, 13, 《看不见的大猩猩》（经典版）
05949825, 7.3, 16, 一整年不用錢
10430438, 7.0, 19, 历史选择了邓小平（最新版图文本）
03193088, 8.0, 11, 移民
26393028, 7.8, 12, 货币战争
26275802, 5.7, 54, 狂热Ⅰ
02047698, 7.0, 17, 呆伯特企管漫画（全五册）
01857799, 6.0, 36, 戴尼提
03847651, 7.5, 12, The Secret Dreamworld of a Shopaholic
06879926, 6.4, 22, 气场
26377120, 6.2, 26, 一万个美丽的未来，抵不上一个温暖的现在
06041980, 6.7, 15, 与恐惧共舞
25733235, 6.4, 15, 向上的青春，终将长成最好的模样
03812052, 5.3, 42, 金融巨骗麦道夫
02122064, 5.7, 26, 畅销书风貌
26772163, 7.0, 10, 从匠人到管理者
06443651, 4.8, 83, 跟谁都能聊不停
24700163, 5.9, 19, 就是让你记得住
03086914, 5.2, 32, 桃花夜
11541139, 6.3, 11, Heads in Beds
06310981, 4.6, 63, 李鸿章回忆录
25842117, 4.7, 23, 生活中的行为心理学
20492257, 4.3, 40, 糗事百科
27131884, 3.5, 130, 所有的奋斗都是一种不甘平凡
01157137, 0.0, 10, 漂流瓶里的爱情
34902964, 0.0, 12, 鲁滨孙漂流记（新课标六年级必读！只有独立面对过困难，才能真正长大成人！出版300周年纪念版 附赠导读手册）（读客经典文库）
04885567, 0.0, 14, 八百年前云和月
30314207, 0.0, 17, 科学验证的改运法
05394644, 0.0, 22, 文昙
