2020-07-05 16:00:11

number of books, tag name
170, 盗版

ID, rating, votes, title
01255625, 9.1, 102638, 天龙八部
01054685, 9.1, 100738, 沉默的大多数
01002299, 9.0, 88428, 笑傲江湖（全四册）
03995526, 8.6, 185211, 目送
01255624, 8.9, 80228, 神雕侠侣
01044547, 9.0, 64631, 射雕英雄传（全四册）
01046265, 8.0, 317936, 挪威的森林
01949338, 8.9, 53040, 明朝那些事儿（贰）
01045818, 8.5, 105806, 苏菲的世界
02052448, 8.9, 44031, 明朝那些事儿（叁）
02253642, 8.8, 40158, 明朝那些事儿（肆）
03009821, 8.8, 36683, 明朝那些事儿（伍）
03626924, 8.9, 30843, 明朝那些事儿（柒）
01070851, 8.6, 49391, 倚天屠龙记(共四册)
01358873, 8.6, 45605, 月亮忘記了
01086249, 8.6, 44976, 荆棘鸟
03274113, 8.8, 31101, 明朝那些事儿（陆）
01080309, 8.5, 51714, 尘埃落定
01858410, 9.0, 19293, 万历十五年
01476651, 9.0, 17668, 社会心理学
01032501, 8.8, 16314, 心理学与生活
01291204, 9.4, 6399, 哥德尔、艾舍尔、巴赫
01056295, 8.2, 39846, 人性的弱点全集
01082518, 7.9, 59966, 麦田里的守望者
01082582, 9.0, 8324, 天龙八部（全五册）
01885170, 9.3, 4993, 算法导论（原书第2版）
01015699, 8.2, 25004, 中国大历史
01014914, 9.5, 3666, 英语魔法师之语法俱乐部
02376486, 8.9, 7268, 中国近代史
01066165, 9.3, 4306, 卡尔维诺文集（第三卷）
01026425, 7.4, 108286, 三重门
02180619, 8.0, 28059, 偷书贼
01477390, 9.3, 3857, 代码大全（第2版）
01058234, 7.7, 37343, 二三事
01851385, 7.9, 25134, 我的名字叫红
02004407, 8.0, 20563, 后宫·甄嬛传Ⅰ
01220853, 8.3, 12200, 伟大的博弈
02130190, 9.1, 3817, Java编程思想 （第4版）
01029159, 7.5, 51463, 八月未央
01016486, 8.4, 9697, 笑忘录
02243615, 9.2, 3111, Head First 设计模式（中文版）
01453210, 7.4, 59055, 一座城池
01201821, 8.0, 16722, 梦的解析
01025643, 8.8, 4788, 全球通史
01063624, 8.8, 4121, 鹿鼎记（全五册）
03143537, 9.4, 1978, 津巴多普通心理学
01092168, 9.1, 2728, 追忆似水年华（上下册）
01032431, 9.0, 3068, 卡尔维诺文集（第五卷）
01059406, 7.0, 101836, 幻城
01052241, 9.0, 2908, 设计模式
01477437, 8.9, 3172, 唐人故事
01076045, 7.7, 19941, 连城诀
01468426, 8.7, 3634, 利维坦
01034066, 9.1, 2079, 加缪文集
02081876, 7.2, 43595, 货币战争
01016845, 9.2, 1772, 史努比黄金50年
02028068, 8.0, 9043, 后宫·甄嬛传Ⅱ
01999519, 9.2, 1689, 三毛全集
01052380, 7.7, 13680, 飞狐外传
01773419, 8.8, 2457, 近所物语
01255237, 8.6, 3166, 纸牌的秘密
01159967, 8.6, 3085, 第二性
04262627, 9.0, 1875, 重构
03360807, 9.1, 1658, Effective java 中文版（第2版）
01919072, 7.7, 12064, 长尾理论
01021056, 7.1, 37960, 谁动了我的奶酪？
01026317, 7.7, 10388, 可爱的骨头
01068912, 8.4, 3268, 中国文化的深层结构
03004255, 8.4, 3183, 编程之美
03025921, 7.7, 8383, 黑天鹅
01342175, 8.7, 1893, The Alchemist
01075492, 8.0, 4809, 洛丽塔
04164096, 7.6, 8993, 饥饿游戏
02284574, 8.3, 2896, 织田信长
01927902, 7.6, 8572, 九型人格
01925228, 9.2, 830, 射雕英雄傳
02003092, 8.3, 2346, 波多里诺
01005255, 9.4, 659, 博尔赫斯文集
01082193, 9.1, 835, 怀疑三部曲
01055976, 7.2, 11922, 碧血剑（上下）
01014533, 7.2, 11890, 书剑恩仇录(上下)
02230248, 8.6, 1350, 人月神话
01055088, 8.3, 1923, 像艺术家一样思考
04280762, 8.9, 920, 热靴日记
01794138, 8.6, 1243, 北欧神话ABC
02281905, 8.7, 1106, 少女館
01442037, 7.2, 9246, 书剑恩仇录
01077497, 7.2, 7525, 水煮三国
03146174, 9.0, 612, JAVA核心技术（卷1）
01017242, 9.0, 579, TIME单挑1000
02069906, 8.2, 1412, 死了七次的男人
02567326, 8.1, 1583, 从大历史的角度读蒋介石日记
02043926, 8.8, 682, A Short History of Nearly Everything
01030849, 8.5, 925, 黑铁时代
01279113, 8.3, 1127, 好兵帅克
01048672, 8.0, 1578, 尼采生存哲学
03253983, 8.1, 1367, 原来这才是春秋 第一部:《称霸》
01020329, 8.5, 726, 世界史纲
01437160, 7.8, 1613, 平原
01125281, 8.9, 419, 傲慢与偏见
03574499, 8.4, 666, 原来这才是春秋 第二部：争霸
01191016, 8.3, 682, 蓝色大门
03044492, 7.4, 2237, 百年诅咒
01782150, 8.7, 399, 武则天
01038140, 7.3, 2169, 侠客行(上下)
02002457, 9.1, 264, English Through Pictures
02973558, 7.7, 1171, 丰臣秀吉（上下册）
01100436, 8.2, 610, 完美的人
01676627, 8.2, 564, 哈佛中国史03•世界性的帝国：唐朝
01257434, 7.8, 827, 马斯洛人本哲学
02340062, 7.4, 1367, 跑步圣经
03036524, 7.7, 868, 石油战争
01060019, 8.5, 350, 古代社会（上下）
03360866, 8.7, 274, JAVA核心技术卷2
02354988, 7.7, 798, 集装箱改变世界
01782016, 7.9, 558, 飞鸟与鱼
01137615, 8.4, 323, 一见钟情
01027832, 6.5, 4856, 猜火车
04174807, 8.2, 385, 日本史
01042464, 8.4, 283, 哲学简史
01393904, 9.1, 152, 棋王‧樹王‧孩子王
03224524, 7.8, 503, 代码之美
01434247, 7.3, 945, 帝国政界往事：大明王朝纪事
01761869, 7.8, 479, 史学九章
02248759, 8.2, 289, 修改代码的艺术
03043907, 8.3, 257, The Black Swan
01459060, 8.7, 160, 秘鲁征服史
03422332, 8.2, 235, 你必须知道的495个C语言问题
01510165, 8.2, 228, 南回归线
01476423, 7.8, 314, 成吉思汗与今日世界之形成
02002444, 8.9, 115, English Through Pictures
01010977, 8.2, 204, 天下粮仓
01432917, 8.4, 158, 大地广角
34650132, 8.7, 118, 音乐是怎么变成免费午餐的
02002461, 9.0, 89, English Through Pictures
01081798, 6.7, 910, 蛇为什么会飞
01271758, 7.1, 501, 太阳城
01053687, 7.4, 310, 心灵鸡汤
02252423, 7.7, 217, 花园的旋转木马
01013167, 7.9, 172, 英国旗
01149192, 7.5, 246, 视觉文化读本
01049297, 8.4, 78, 青年必读书手册
01262214, 7.1, 264, 妇女闲聊录
02970071, 9.0, 43, 数码摄影师Photoshop魔法
01118426, 8.4, 62, 漫步遐想录
02974577, 7.5, 130, 数字时代，盗版无罪？
01315274, 8.9, 44, 与大自然捉迷藏
02005943, 7.8, 90, C++ Primer（第4版）习题解答
01041631, 8.9, 38, 权力与影响
01925842, 7.5, 93, 剑桥雅思真题全解
01262970, 6.7, 206, 达·芬奇解码
01532744, 7.8, 52, 阿尔巴特街的儿女
01545860, 6.7, 133, 乌有乡消息
01545842, 6.8, 104, 基督城
01158718, 9.0, 21, 唐诗三百首宋词三百首元曲三百首
01801806, 7.6, 45, 春风沉醉的晚上
01950761, 7.7, 41, 品彻·马丁
03577344, 5.6, 498, 哈利波特与黄金甲
01060193, 7.1, 54, 老杭州.湖山人间
01021090, 7.4, 42, 日本近代史
02044516, 6.6, 85, 死亡笔记
01223070, 7.5, 37, 边干边学
02033217, 5.3, 521, 九阴九阳
01161537, 6.5, 79, 棋魂
01006918, 7.8, 25, 人类与动物心理学论稿/20世纪心理学通览
02248218, 7.3, 27, 男人为什么恨女人
01510339, 6.7, 32, 外蒙古独立内幕
02116983, 5.6, 14, 颠覆历史
01607872, 4.4, 39, 哈利·波特
01023322, 0.0, 2687, 他改变了中国
