2020-07-05 16:00:12

number of books, tag name
469, 研究

ID, rating, votes, title
01981042, 9.1, 19319, 万历十五年（增订本）
03410718, 9.2, 16164, 美的历程
01022238, 8.2, 58121, 菊与刀
01015699, 8.2, 25004, 中国大历史
10750155, 8.7, 10769, 数学之美
11445548, 8.5, 12512, 自私的基因
03711709, 8.7, 8252, 娱乐至死 童年的消逝
05248516, 9.2, 3435, 改变心理学的40项研究
05991872, 8.9, 4464, 爱的艺术
01269182, 8.7, 5665, 叫魂
26418524, 9.0, 3677, 万历十五年
04773224, 8.2, 11606, 生活十讲
01005354, 9.2, 2555, 逻辑哲学论
10436418, 8.9, 2773, 战争与革命中的西南联大
26929955, 7.8, 14297, 腾讯传
05423803, 8.2, 7263, 剑桥倚天屠龙史
01147347, 8.8, 3097, 改变心理学的40项研究
01203363, 9.1, 1800, 中国小说史略
26394876, 9.1, 1781, 小说机杼
03688489, 7.7, 10997, 异类
26298832, 8.7, 2223, 零年：1945
30327868, 8.3, 3508, 非平面
03908032, 7.3, 18031, 怪诞心理学
06878212, 7.9, 5914, 一个村庄里的中国
04061963, 8.7, 1873, 荣格自传
01049136, 8.7, 1822, 数学：确定性的丧失
01927902, 7.6, 8572, 九型人格
01439260, 8.9, 1226, 历史三调
26435040, 8.3, 2557, 世界秩序
04723735, 8.8, 1370, 没有神的所在
01253538, 8.7, 1510, 剑桥中华民国史（上卷）
01022938, 8.4, 1968, 中国历史研究法
04035330, 8.6, 1449, 研究是一门艺术
03640150, 8.0, 2988, 血酬定律
01010189, 9.6, 472, 金明馆丛稿初编
21964791, 8.4, 1585, 两次全球大危机的比较研究
01045314, 8.7, 1089, 诗词格律
03132641, 8.7, 1032, 中国现代思想史论
03732346, 8.1, 2164, 疯狂实验史
26743051, 9.2, 609, 改变心理学的40项研究（第7版）
01045890, 8.1, 2006, 红楼梦魇
01070897, 8.5, 1169, 十九札
26665157, 8.9, 683, 当代中国政府与政治
03518162, 8.7, 791, 社会研究方法
26883044, 8.6, 670, 文本盗猎者
01069301, 8.4, 814, 在中国发现历史
01058669, 8.8, 524, 现代危机与思想人物
05410275, 8.6, 628, 中国文化史通释
01189957, 9.1, 368, 改变心理学的40项研究
04887607, 9.1, 365, 芥川龙之介读本
03260366, 8.9, 429, 社会主义
30240081, 9.4, 273, 印度佛教史
01043650, 8.7, 502, 中国历史研究法
10789833, 9.2, 302, Case Interview Secrets
01024041, 9.4, 254, 文史通义校注
04882052, 8.7, 451, 电影诗学
01410929, 9.4, 242, 唐代政治史述论稿
24699604, 8.6, 487, 金枝
04732177, 8.0, 955, 小说的艺术
21683667, 8.8, 379, 电影研究关键词
01288909, 7.8, 1018, 日本论
26606365, 8.1, 657, 城中城
03810013, 8.6, 385, 大众传播效果研究的里程碑（第三版）
05348946, 8.6, 361, 金枝
02486955, 8.5, 396, How to Write a Lot
27031979, 9.4, 176, 极端的年代：1914—1991
07064456, 8.4, 421, 研究之美
30175690, 8.4, 399, 被解释的美
04733982, 8.3, 423, 轴心时代
05399343, 7.8, 702, 论证是一门学问
01867455, 7.8, 677, 像外行一样思考，像专家一样实践——科研成功之道
27017590, 7.9, 593, 品尝的科学
06526308, 7.9, 575, 怎样做文献综述
01015343, 8.6, 269, 周作人传
03307202, 9.3, 150, Artificial Intelligence
03288544, 8.7, 242, 希腊人和希腊文明
03410842, 8.5, 287, 继承与叛逆
03410734, 8.9, 193, 从爵本位到官本位
06429292, 8.8, 209, 杜甫
20284332, 8.9, 189, 学术研究，你的成功之道
27120516, 9.5, 120, 柏拉图对话中的神
07054138, 7.2, 1223, 洗脑术
01025390, 8.5, 262, 中世纪的知识分子
26821276, 9.3, 134, 剩余的时间
01094964, 8.4, 280, 中国绅士
30354270, 8.0, 418, 地狱书单
26603025, 8.5, 241, 亲爱的张枣
10570885, 8.5, 234, 芝加哥学术生涯规划
01449787, 8.7, 195, 绝对主义国家的系谱
05423776, 9.4, 111, 《营造法式》注释
01484887, 8.4, 243, 迈向质朴戏剧
03137159, 7.5, 614, 用图表说话
01665334, 9.0, 138, 现代性
01009147, 8.6, 190, 血路
04729534, 8.8, 159, 美国政治传统及其缔造者
06794027, 7.9, 368, 血腥的谋杀
26935203, 9.0, 135, 美国政治
01184041, 8.2, 268, 二十世纪中国文学三人谈·漫说文化
30434010, 7.5, 562, 社交媒体简史
30287931, 8.2, 251, 剑桥倚天屠龙史
03159708, 8.4, 201, 西方服装通史经典图鉴
01818861, 8.2, 227, 大学何为
22855367, 9.3, 94, 手把手教您绘制建筑施工图
34918510, 7.3, 609, 我们为何结婚，又为何不忠
02265256, 9.3, 88, Advice for a Young Investigator
06853651, 8.7, 132, Mining of Massive Datasets
01066225, 8.4, 167, 词曲概论
01292431, 8.4, 167, 诗词读写丛话
27085617, 8.6, 141, 音乐与情感
01052533, 8.4, 160, 心灵的探寻
05360105, 7.8, 276, 被误解的中国
03666450, 9.5, 70, 中国佛学源流略讲
33429236, 8.2, 182, 怎样玩转信息
01021229, 8.6, 125, 论中国学术思想变迁之大势
34442426, 8.4, 137, 纳粹猎人
01838801, 9.6, 59, 转识成智——贾题韬与佛学
03786978, 8.2, 159, 千古文人侠客梦
01725476, 8.1, 170, 中国神话研究初探
01908337, 7.9, 205, 激变时代的文化与政治
01207945, 9.0, 80, 中国小说史略
01024423, 8.3, 135, 高阳说诗
01051827, 8.2, 142, 周作人研究二十一讲
06855828, 8.6, 102, 反动的修辞
04055772, 7.7, 226, 英伦之谜
05991773, 7.4, 305, 伪雅史
03597412, 7.8, 197, 人类学的四大传统
03005007, 8.8, 84, 外国美术史简编
26530670, 7.7, 205, 视觉传达设计实践
30356084, 8.5, 100, 写给法科生的信
27136317, 8.0, 150, 美国电影美国文化（插图第4版）
02004495, 8.3, 115, 研究设计与写作指导
26583917, 8.6, 88, 风姿花传
01943986, 9.5, 49, 微分几何讲义
01007744, 8.8, 75, 佛学研究十八篇
24719938, 8.1, 128, 日本论 日本人
10810344, 8.7, 79, Crafting Your Research Future
01423253, 9.0, 64, 洪业论学集
03183526, 7.5, 221, 妇女与中国现代性
01008850, 8.8, 70, 清朝的皇帝（共三辑）
01194734, 8.9, 65, 普通语言学教程
05957593, 8.2, 107, 波兰斯基传
01661462, 8.4, 91, 陈省身传
01084629, 8.8, 68, 古希腊宗教的社会起源
01076262, 8.7, 71, 追求象征的力量
26603305, 9.0, 57, 日本推理100年
01980859, 8.6, 73, 希腊宗教研究导论
01466083, 9.4, 44, The Craft of Research
04935203, 9.0, 55, Sayers on Holmes
34873596, 8.8, 62, 小说鉴赏
06758642, 8.7, 66, 怎样做研究
06401132, 8.2, 95, 希腊思想的起源
01048466, 7.5, 178, 宋：西风凋碧树
03043225, 8.0, 111, 雍正继位新探
02175062, 8.6, 69, 社会研究方法（第十一版）（影印）
25913875, 8.6, 69, 重访三种文化中的幼儿园
04882149, 8.5, 73, 日本官僚制研究
03719336, 8.0, 106, 红楼梦人物论
10518111, 7.1, 255, 香港电影夜与雾
01256600, 8.8, 57, 课程理论
10479855, 8.2, 87, 夏洛蒂·勃朗特的秘密日记
01427011, 7.9, 111, “革命”的现代性
01044339, 8.7, 59, 现代诗律学
10798475, 9.5, 37, 计算机视觉
04848543, 10.0, 29, 圣经（研用本）
02249513, 9.0, 48, How to Write and Publish a Scientific Paper
01033176, 8.5, 66, 周作人的是非功过
02309661, 7.6, 137, 零距离的日本
34851670, 8.6, 61, 建筑与虚无主义
24383564, 7.3, 184, 性格的力量
01908392, 7.8, 112, 金庸小說的女子
01057800, 8.2, 80, 民国初年的政党
33441963, 9.0, 45, 莫砺锋讲唐诗课
03465155, 9.1, 42, 城市化
01456105, 8.6, 57, 乌克兰
02025658, 8.5, 60, 中国现代通俗文学史
01180393, 7.5, 136, 中国当代电影史
02058072, 9.3, 37, 三国演义
34839996, 9.1, 41, 趣味实验图鉴
20373414, 7.7, 110, 吴晗论明史
02373054, 9.5, 32, 顾随文集
02308217, 7.9, 89, 红楼梦哲学精神
01149236, 7.4, 140, 媒介研究的进路
34796164, 10.0, 25, 般若至宝
01961871, 9.0, 41, 昆剧发展史
01077793, 7.9, 85, 中楼集
02382357, 8.6, 51, 魏晋南北朝文学史
27109688, 9.3, 34, Bit by Bit
03351899, 7.3, 147, 美国反正统文化运动
03893315, 8.3, 62, 希腊思想与文化
26698971, 8.0, 77, 田园的微笑：菜根谭解密
26369667, 6.6, 329, 互联网+
01129863, 7.7, 96, 裂变中的传承
03107523, 9.1, 36, 计算机视觉中的数学方法
01122729, 8.3, 58, 二十世纪的历史学
01145978, 7.8, 84, 知识分子研究
05321203, 7.8, 84, 經濟史的趣味
01433903, 7.9, 77, 中国古代社会研究
34848453, 7.3, 131, 鲁迅的都市漫游
01032961, 8.0, 70, 男人女人行为观察
03238803, 6.8, 228, 微软的梦工场
20279686, 8.8, 39, 穆旦评传
01891188, 9.1, 33, 中国通俗小说书目
01441747, 7.6, 92, 大学的使命
01055729, 8.0, 66, 东风与西风
01043194, 8.3, 53, 说不可说之神秘
03335619, 6.7, 238, 民国的身影
05339251, 8.9, 36, 穆旦年谱
05350199, 8.3, 50, 东方化革命
10554314, 8.2, 53, 旧约圣经背景注释
01427415, 8.4, 46, 新史学（第4辑）
03129154, 7.1, 134, 你的记忆怎么了？
01551556, 8.4, 45, 认知失调理论
01056356, 8.1, 55, 20世纪上半期中国文学的现代意识
33644238, 7.6, 81, 颠覆式学习
01199198, 8.7, 37, 镜花水月的世界
01792242, 7.6, 80, 中国人类学史
04882003, 8.2, 50, 科幻小说变形记
03110441, 7.8, 67, 儒家文化的困境
27609483, 8.7, 36, 古鸟
26722446, 8.2, 48, 陶渊明传论
04814383, 8.0, 55, 欧罗巴与亚细亚
03026914, 8.6, 37, 八旗与清朝政治论稿
06785603, 7.1, 120, 乌力波
03932849, 7.9, 59, 基督教与中国社会研究入门
26312136, 8.5, 39, 城市概论
01679504, 8.9, 31, 文学间的契合
24846303, 8.0, 54, OpenCV2计算机视觉编程手册
25752074, 8.3, 43, 巴比伦与亚述文明
03165777, 8.1, 49, 研究设计与方法
04119921, 8.4, 39, 媒介研究技巧
02548614, 9.0, 27, Tricks of the Trade
04038403, 9.0, 27, 郑天挺元史讲义
26279376, 8.3, 40, 博物馆变迁
03354528, 7.5, 72, 规则与潜规则
03117354, 7.9, 52, 如何撰写和发表SCI期刊论文
01258657, 8.6, 33, 创造性论文的写法
03642089, 7.9, 51, 中国美术史教程
02220693, 7.6, 64, 金庸小說的男子
02974819, 8.2, 41, 学习、教学和评估的分类学
01944448, 7.4, 74, 献芹集
02060066, 7.4, 74, 社会变迁
03081673, 7.6, 62, 神圣的荷马
26437276, 7.6, 62, 栖居之重
02117916, 8.2, 40, 比较神话学
04841341, 9.3, 22, 西遊記資料彙編（全二冊）
01608084, 8.8, 28, 晚清史探微
27082464, 7.3, 79, 杀母的文化
02315106, 8.3, 37, 中医学基本理论通俗讲话
05348477, 8.3, 37, 发现卞之琳
02300977, 7.7, 56, 论凤姐
03650184, 8.2, 39, 齐梁诗歌向盛唐诗歌的嬗变
01528228, 7.8, 51, “民族”想象与国家统制
03283556, 8.1, 41, 大学之用
01529400, 8.5, 32, 历史的真相
03715375, 8.5, 32, 考文叙事录
01539071, 9.8, 17, 二十世纪中国文史考据文录（上下）
01047392, 7.4, 68, 周作人和他的苦雨斋
04249564, 7.2, 81, 左与右
01789510, 9.5, 19, Le Corbusier
02000582, 8.2, 37, 学术的秩序
01823679, 8.0, 42, 吐谷浑史
04016893, 8.8, 26, 中國文化的展望(上)
26856684, 7.9, 42, 服装和时尚简史(第5版)
01142077, 7.0, 88, 西方电影简明教程
05332736, 9.1, 21, 陈贻焮文选
02293785, 8.9, 23, 学会引用
01011137, 7.8, 44, 中国史纲要(修订本下)
02236282, 9.7, 16, 生物医学研究的统计方法
01661561, 8.3, 31, 智者的尊严
26422530, 7.8, 42, 黎东方讲史之续：细说秦汉
34985532, 10.0, 14, 现代科学史
25838110, 8.2, 32, 中国新诗讲稿
02743356, 8.1, 34, MATLAB Demystified
02226976, 7.6, 48, “学衡派”谱系
04903660, 6.9, 88, 媒介文化十二讲
02341673, 7.0, 79, 民国时期的国家与社会
34862610, 9.3, 18, 夏洛克·福尔摩斯
03235392, 8.2, 31, 公共服务中的伙伴
04087955, 8.2, 31, 南京路
02080991, 7.7, 43, 诗经讲座
01012118, 7.9, 37, 中国近代史上的关键人物(上下)
25760716, 7.0, 76, 可笑的思维谬误
05914509, 7.4, 53, 昨天的故事
03005202, 8.2, 30, 中国书法名作100讲
01188350, 8.6, 24, 知堂先生
05338788, 8.6, 24, 中国韵文史
25968028, 7.8, 38, Mao Cult
01542642, 7.3, 55, 走进他者的世界
01559405, 8.9, 20, 周珏良文集
01289588, 7.5, 46, 认知语言学与隐喻研究
01031683, 9.0, 19, 骨董琐记全编
01433769, 6.4, 135, 教育为何是无用的
26909776, 8.5, 24, 猫与鸦
06758667, 7.6, 42, 怎样做好一项研究
04052738, 8.0, 32, 如何解读统计图表
01014328, 7.7, 39, 留得枯荷听雨声
01016938, 8.1, 30, 中国现代学术经典:顾颉刚卷
01489614, 7.9, 34, 武侠文化通论
01578107, 7.9, 34, 美国电影的兴起
01840997, 7.0, 66, 高阳说曹雪芹
03275335, 7.6, 40, 古代悲剧与现代科学的起源
04074877, 7.6, 40, 如何撰写研究计划书
01423230, 8.5, 23, 戏曲小说丛考
26854494, 6.2, 159, 电影审查
03643197, 8.4, 24, 保护与迷失
01055438, 7.4, 45, 清末新知识界的社团与活动
01159946, 7.5, 41, 思想时代
01607301, 8.8, 19, 制艺丛话  试律丛话
03341715, 8.8, 19, 明清江苏文人年表
05410250, 6.5, 102, 日本动漫产业与动漫文化研究
01208588, 7.4, 43, 破围
30151444, 9.0, 17, 最后的天子门生
30442075, 9.0, 17, 纸醉金迷
04255637, 7.3, 46, 规划你的学术生涯
25816575, 8.6, 20, 欧洲文明的经济与社会基础
04129105, 7.3, 45, 日本动漫影响力调查报告
26607624, 7.3, 45, 死亡哲学十二讲
26841181, 7.3, 45, 设计调研（第2版）
02226867, 8.7, 19, 晚唐钟声
01044062, 8.1, 26, 中国单位社会
03122648, 8.1, 26, 国外鲁迅研究论集
34917654, 9.6, 13, 三国兵争要地与攻守战略研究
25851813, 7.0, 57, 媒介、社会与世界
03193485, 9.2, 15, 金观涛 刘青峰集
03756976, 6.7, 75, 旧闻新知张爱玲
03200182, 8.0, 27, 科技论文写作快速入门
25719706, 8.2, 24, 关于概率的哲学随笔
01197081, 7.5, 37, 南唐国史
02016792, 7.3, 43, 色彩密码
01661232, 8.5, 20, 让-弗·利奥塔
03818562, 8.5, 20, 日本及其世界
06126811, 8.7, 18, 论语言、思维和现实
01596606, 8.0, 26, 二十世纪的中国思想与学术掠影
03626617, 6.7, 71, 艺术与癫狂
01258599, 7.6, 33, 北宋词史
01423393, 7.3, 40, “美女文学”现象研究
34441068, 9.0, 15, 影子与水文
04902701, 7.3, 38, 咸同年间清廷与湘淮集团权力格局之变迁
05472203, 9.7, 11, Middle Egyptian
01023725, 6.9, 50, 罗素与中国
06526181, 7.1, 42, 学术写作手册
02030615, 7.6, 29, 旧痕新影说文人
02307075, 9.4, 12, 杂剧形成史
25789279, 7.0, 45, 民族志：步步深入（第3版）
03198017, 8.2, 20, 昆剧演出史稿
06977758, 8.8, 15, 姜夔资料汇编
34994978, 7.8, 25, 感情研究指南
03071697, 7.4, 32, 水浒人物论赞
01675515, 7.1, 39, 弗吉尼亚·伍尔夫与女权主义
30359549, 7.4, 31, 中国古代文学：从神话到楚辞
01471511, 7.6, 27, 何谓日本
04908992, 7.6, 27, 如何拿博士学位
02173301, 8.2, 19, 两种人：官僚与政客
10520888, 8.2, 19, 《浮生六记》研究
30180480, 8.2, 19, 希腊奇迹的观念基础
03518499, 7.7, 25, 清史十二讲
04145451, 7.4, 30, 中国佛教与传统文化
01188353, 8.8, 14, 致周作人
02005364, 7.6, 26, 圣殿中的莲花-度母信仰解析
03053891, 7.6, 26, 明清文学群落
01170158, 6.4, 70, 西方近代心理学史
01044032, 7.9, 21, 有鼻子有眼儿
03730300, 8.3, 17, 中国骈文发展史
25818923, 8.9, 13, 明末奉使罗马教廷耶稣会士卜弥格传
04024823, 9.1, 12, 外语教学问卷调查法
01800892, 6.5, 60, 女性性格类型指南
01088310, 7.0, 38, 被亵渎的鲁迅
33422846, 8.7, 14, 《神奇女侠》与哲学
01206499, 7.6, 24, 读周作人
26635574, 8.8, 13, 教育研究：定量、定性和混合方法（第4版）
03891574, 7.7, 22, 东海西海之间
34456264, 9.2, 11, 维吉尔《埃涅阿斯纪》导论
02225624, 8.4, 15, 固原南郊隋唐墓地
02360458, 8.7, 13, 近现代侦探小说作家程小青研究
01200375, 8.0, 18, 岳飞评传
02998856, 8.0, 18, 中国历代物价问题考述
01680334, 7.7, 21, 五百种明清小说博览（上下）
01200391, 8.2, 16, 蒲松龄评传
02350410, 6.9, 35, 中国历史上的环境与社会
01178123, 7.8, 19, 中国诗体流变
01557219, 8.0, 17, 佛学与隋唐社会
02010650, 7.5, 22, 科技英文写作与讲演
01033692, 6.1, 73, 红楼梦性爱解码
01963218, 6.8, 36, 狄金森研究
04874548, 6.8, 36, 与我们青春有关的记忆
06429289, 8.7, 12, 曼荼罗之研究（上下册）
06778735, 8.0, 16, 旅行的现代性
01274095, 7.1, 27, 父亲:神话与角色的变换
01178024, 7.6, 19, Le Corbusier
01751231, 7.8, 17, 王权思想论
03131195, 7.9, 16, 中国的叛徒与隐士：周作人
05418521, 9.0, 10, 乔伊斯
06062491, 8.0, 15, 人类社会的根基
06560519, 8.3, 13, 英语科技论文撰写与投稿
02010942, 7.7, 17, 论基督之大与小
04254272, 7.8, 16, 赵树理研究资料
03918846, 6.9, 28, 村庄里的闲话
03771593, 8.4, 12, 如何阅读医学论文
01108328, 8.6, 11, 中国戏班史
24757303, 6.2, 52, 本当は恐ろしいグリム童話 禁断のエロス編
26595439, 7.1, 24, 文字起源
03838644, 8.0, 14, 近代中國的變局
05922250, 7.7, 16, 艾米莉·勃朗特研究
01188356, 7.8, 15, 研究述评
01526646, 8.4, 11, 在行动中学作质的研究
20537642, 8.4, 11, 穆旦研究资料（上下）
03121049, 7.3, 19, 中国政治思想史集（全三册）
03888141, 6.4, 37, 明朝那些曲
03648945, 7.7, 15, 中华民国史 第一编 全一卷
27135862, 5.3, 152, 中国人，你要自信
25792802, 8.6, 10, 汇流：周文中音乐文集
26737980, 7.1, 21, 美国超级英雄电影：神话、旅程和文化变迁
01738630, 7.2, 19, 人体工程学图解
03343893, 7.2, 19, 20世纪《西游记》研究（上下）
05355301, 6.6, 29, 监狱的隐喻
26639757, 6.9, 22, 臺灣妖怪研究室報告
01188354, 7.8, 13, 其文其书
01156125, 7.2, 18, 丰子恺漫画研究
02255186, 7.1, 19, 谭盾有什么好?-钱仁平海上听乐记
01410492, 6.5, 28, 周作人生平疑案
24859693, 7.3, 16, 倪學：衛斯理五十周年紀念集
26801348, 7.3, 16, 文本的隐与显
04845013, 7.4, 15, 黑塞与东西方文化的整合
25889802, 7.6, 13, 移动互联
04862555, 6.3, 30, 如何做综述性研究
03216005, 7.0, 17, 洞察中国
03728414, 7.2, 15, How Professors Think
01941984, 7.6, 12, 胡适论红学
04291634, 7.4, 13, 中國新音樂史論（增訂版）
03243839, 7.7, 11, 廣東地方道教研究
10483179, 6.9, 16, 研究生论文写作技巧
05294884, 7.3, 12, 真假鲁迅辨
01157304, 7.0, 14, 欧洲历史的100断面
19946155, 7.6, 10, 近代以来日本的中国观·第四卷（1895-1945）
02072895, 7.0, 13, 南方传媒研究（第七辑）
01043731, 7.3, 11, 家庭史研究的新视野
03542874, 7.3, 11, 僕たちの好きな東野圭吾
26296626, 6.4, 19, 失独
02035898, 6.7, 15, 20世纪中国社会生活变迁史
01834241, 6.6, 16, 金瓶梅之谜
10468148, 5.6, 39, 黑色洗脑术
01135059, 6.4, 18, 文化与叛乱
01183965, 7.0, 12, 新闻哲学
01147206, 6.5, 16, 郑孝胥前半生评传
27008795, 6.7, 14, 京剧书简
03044130, 7.3, 10, 现代早期英国社会变迁
30317410, 5.0, 76, 密室犯罪推理
01245709, 6.7, 13, 中国的单位组织
04138986, 6.8, 12, 心理学研究要义
04763248, 5.5, 32, 海子诗歌研究
24874061, 6.8, 11, 成长小说概论
01060324, 6.3, 13, 中国古代藏书楼研究
01660850, 6.6, 10, 中国近代民主思想史
03221867, 5.3, 27, 重新审视侦探小说
01149376, 5.3, 22, 广告美学
30329865, 5.6, 10, 内容付费
01427276, 0.0, 10, 中国近世词学思想研究
04310325, 0.0, 10, 鲁迅的印象
04901758, 0.0, 10, 教育研究方法导论
06538949, 0.0, 10, 网络文学产业论
24313304, 0.0, 10, 德语文学中的文化记忆与民族价值观
30367975, 0.0, 10, 模仿荷马
34902368, 0.0, 10, 幻化之龙
01707629, 0.0, 11, 《管理科学季刊》最佳论文集
03993881, 0.0, 11, 手相与人生
03997820, 0.0, 11, 佛教逻辑
33658177, 0.0, 11, 黑色雅典娜：古典文明的亚非之根（第一卷）
01339842, 0.0, 13, 金庸小說看人生
02085495, 0.0, 17, 加藤鹰物语
