2020-07-05 16:00:12

number of books, tag name
326, 研究生

ID, rating, votes, title
04913064, 9.4, 496884, 活着
03066477, 9.3, 222580, 三体Ⅱ
27614904, 9.2, 192609, 房思琪的初恋乐园
25985021, 9.1, 131617, 人类简史
01023045, 8.7, 239556, 我们仨
01858513, 9.0, 135125, 月亮和六便士
01041482, 8.9, 143759, 万历十五年
02143732, 8.8, 91250, 灿烂千阳
02035162, 9.0, 55001, 刀锋
04760224, 9.0, 46969, 许三观卖血记
02159042, 8.5, 101241, 挪威的森林
03523041, 9.1, 32238, 平凡的世界（全三册）
01013416, 8.6, 60025, 雷雨
07163250, 9.2, 21829, 明朝那些事儿
01400705, 8.1, 134116, 情人
01981042, 9.1, 19319, 万历十五年（增订本）
01059419, 8.1, 90761, 海边的卡夫卡
01033778, 8.3, 58355, 富爸爸，穷爸爸
01529893, 8.0, 90410, 莲花
20381804, 9.4, 8037, 冰与火之歌·卷五·魔龙的狂舞（全三册）
01922246, 9.2, 8774, 全球通史(下)
02057285, 8.2, 42258, 盗墓笔记2
02158463, 9.2, 8361, 小王子
02209098, 7.8, 90008, 致我们终将逝去的青春
01958227, 8.2, 39113, 那些年，我们一起追的女孩
01418180, 8.9, 10128, 思维的乐趣
01420862, 8.9, 10068, 孩子你慢慢来
25709685, 9.6, 3595, 守望者（上）
01139336, 9.4, 4549, C程序设计语言
01465324, 7.7, 67779, 洛丽塔
01058679, 8.7, 9654, 人·兽·鬼
25907864, 9.6, 2923, 守望者（下）
02026211, 9.0, 5775, 士兵突击
19920715, 8.6, 10164, 论中国
01025723, 8.3, 15891, 潜规则
01010472, 8.5, 10146, 安娜·卡列尼娜（上下）
03448867, 9.0, 4668, 采桑子
01467776, 8.4, 10724, 朗读者
10785583, 8.2, 13620, 思考，快与慢
20428922, 8.3, 10347, 学会提问
25822105, 8.3, 10265, 无缘社会
01025643, 8.8, 4788, 全球通史
01390934, 8.8, 4667, GRE词汇精选
01504957, 8.6, 5752, 学会提问
01485495, 8.0, 13386, 楼下的房客
01006113, 7.8, 16077, 源氏物语
04140380, 8.7, 3710, 第七重解答
01124305, 8.1, 8752, 扶桑
01130367, 8.9, 2779, 艽野尘梦
01151873, 8.2, 7090, 我是你爸爸
06085181, 8.0, 9727, 二号首长
02061116, 9.5, 1334, Pattern Recognition and Machine Learning
02081876, 7.2, 43595, 货币战争
20473089, 8.6, 3597, 有顶天家族
01948922, 8.3, 5466, 面纱
01080687, 8.1, 7198, 厨房
04146756, 8.3, 4796, 浮生取义
01023709, 8.4, 3988, 被背叛的遗嘱
01867642, 7.6, 14224, 世界是平的
01155722, 8.8, 2235, 电影批评
30276984, 9.1, 1551, 女性主义
01139426, 8.9, 1924, 数据结构与算法分析
02126665, 9.3, 1162, 乡土中国
01045862, 8.4, 3179, 第五项修炼
01091964, 9.2, 1162, 路易·波拿巴的雾月十八日
06313277, 8.9, 1555, 学术训练与学术规范
01944205, 8.9, 1307, 追寻记忆的痕迹
01139881, 8.7, 1589, 微观经济学
01486658, 9.2, 914, 奥菲利娅的影子剧院
02036993, 8.0, 3868, 幸福的建筑
06759059, 7.9, 4025, 二号首长2
01461652, 8.2, 2585, 纳尼亚传奇：狮子、女巫和魔衣柜
06879215, 7.5, 7398, 乌克兰拖拉机简史
04035330, 8.6, 1449, 研究是一门艺术
05038750, 9.1, 793, 读书指南
01097395, 8.8, 972, 失明症漫记
01958871, 8.2, 1993, 普宁
01888111, 9.6, 434, Convex Optimization
26952345, 8.5, 1288, 私人生活的变革
26907972, 8.6, 1139, 现代日本史
02138527, 7.4, 6299, 法老的宠妃
01083317, 7.8, 3118, 北回归线
02027666, 9.2, 565, 杜甫诗歌讲演录
30187217, 8.0, 2092, 宋徽宗
26943381, 9.4, 437, 世界的苦难
01074364, 9.1, 564, 哲学史讲演录(第一卷)
27156021, 8.6, 939, 十二怒汉
26721301, 8.8, 755, 反思史学与史学反思
01391207, 8.8, 753, 计算机网络（第4版）
02119843, 6.8, 15342, 钝感力
01461660, 8.3, 1238, 纳尼亚传奇：魔法师的外甥
01057879, 9.0, 565, 荒漠甘泉(附黑门山路)
26771893, 9.0, 531, 光变
01979199, 8.3, 1128, 批判性思维
01936629, 8.3, 1044, 周易江湖
01461655, 8.3, 1038, 纳尼亚传奇：黎明踏浪号
01982025, 8.6, 731, 宽宽信箱与出埃及记
24869701, 9.3, 360, 无畏之海
01627340, 8.6, 707, 中国历代文学作品选（上编第1册）
06854982, 9.0, 459, 《春秋》与“汉道”
01099275, 8.7, 614, 论人类不平等的起源和基础
01157681, 8.1, 1203, 外星屠异
02153299, 8.6, 655, 小仓百人一首
01082945, 9.3, 325, 押沙龙，押沙龙！
01130388, 8.7, 553, 音韵学教程
30199056, 8.2, 904, 铁道之旅
30240081, 9.4, 273, 印度佛教史
26951502, 8.4, 697, 礼物的流动
03518087, 8.6, 560, 给研究生的学术建议
01461661, 8.2, 848, 纳尼亚传奇：最后一战
01461653, 7.9, 1233, 纳尼亚传奇：凯斯宾王子
01484492, 8.8, 444, 20世纪思想史
01092471, 9.3, 281, 现代汉语八百词
27041233, 8.1, 892, 千万别说你懂买房
01461658, 8.1, 886, 纳尼亚传奇：能言马与男孩
24719936, 9.5, 226, 古籍整理概论
01895846, 7.8, 1150, 马语者
01277262, 8.1, 772, 孔子传
01033007, 7.7, 1287, 关系千万重
24532734, 9.2, 258, 东方文学史通论
01850407, 9.2, 253, 数学的发现
01112779, 7.2, 2411, 上错花轿嫁对郎
01936511, 8.3, 519, 孟子他说
20471310, 8.5, 412, 专制与民主的社会起源
04071854, 8.8, 309, 考古学专题六讲
06969055, 8.9, 280, 拓跋史探（修订本）
01475705, 7.6, 1172, 恶魔之魂
01161799, 7.7, 1018, 魂断阿寒
23132256, 8.6, 365, 资本主义与现代社会理论
33450028, 8.0, 666, 天才为何成群地来
01727293, 7.2, 2010, 晨間日記的奇蹟
26637688, 7.2, 1945, 元年春之祭
01950993, 7.8, 812, 我的前半生
02136633, 7.3, 1406, 31岁小美女的养颜经
01134231, 9.2, 180, 数学与猜想（第二卷）
04852587, 9.0, 200, 学龠
06526308, 7.9, 575, 怎样做文献综述
01760488, 8.0, 480, 杀夫
01080481, 7.7, 668, 色情史
01128207, 8.8, 211, 英国文化模式溯源
20284332, 8.9, 189, 学术研究，你的成功之道
01599317, 8.1, 399, 对外汉语教育学引论
01850011, 7.9, 490, 麦奎尔大众传播理论
01059110, 8.8, 200, 奥威尔经典文集
25720724, 8.8, 198, 知堂回想录
34897872, 8.9, 175, 分身
03219204, 8.1, 353, 跑步
01749153, 7.8, 485, 马语者
26989749, 9.2, 132, 刘基事迹考
21323611, 9.5, 96, 古代中国考古学
26155237, 8.5, 187, 社会科学中的研究设计
01431446, 8.6, 167, 英国采风录
01959107, 7.8, 346, 走进一座大教堂
02027873, 7.8, 338, 伏尔泰的椰子
01135494, 7.8, 337, 中国文化要略
06817768, 8.6, 153, 日本文学史序说（上下）
26693997, 8.5, 166, 罗密欧与朱丽叶
01844645, 8.2, 205, 天堂的喷泉
02079387, 8.3, 187, 猿猴世界
01081808, 8.5, 157, 西洋美术史
02178389, 8.8, 121, 如何撰写和发表科技论文
01427526, 8.0, 230, 不老泉
26297180, 8.5, 145, 三国史话
01914932, 7.1, 653, 仇恨之轮
01664101, 8.1, 204, 森鸥外精选集
26673851, 7.1, 626, 静观日本
27108502, 8.8, 110, 研究生完全求生手冊
30423837, 7.0, 715, 日本的细节
01394927, 8.9, 101, Psychology and Life
01886055, 7.7, 280, 人类学概论
01915390, 7.4, 389, 日本人的心理结构
27087872, 8.5, 125, 和食
01090672, 6.9, 717, 请你将就一下
27099203, 9.3, 68, 明初以降人口及其相关问题（1368-1953）
01025244, 7.6, 276, 新编现代西方哲学
34940789, 8.5, 118, 应仁之乱
01005561, 8.5, 117, 日本政治史（全四册）
01885331, 8.5, 116, 二十世纪的历史学
03300769, 8.9, 85, 十年与二十天
01435394, 9.1, 74, 分子生物学实验室工作手册
01057892, 7.3, 371, 在性与爱之间挣扎
11526307, 7.9, 192, 谁在统治着日本
01930183, 8.1, 158, 千年终结
01058681, 7.5, 273, 中国东南的宗族组织
02056528, 8.9, 80, 心·路边草
30296906, 7.9, 177, 国之枭雄
01426703, 8.0, 156, 消失的植物
01112789, 6.8, 628, 巧妇伴拙夫
30216915, 7.4, 281, 四夷居中国
01484767, 9.3, 58, The Illusion of Life
04824305, 8.1, 135, 日本的佛教与神祇信仰
02052825, 8.1, 134, 媒体与社会
01925372, 9.3, 56, 走向自主创新
30284810, 8.9, 70, 现代性社会理论绪论
01577600, 8.0, 139, SPSS统计分析基础教程
27115818, 8.8, 72, 民主的模式（第二版）
03882367, 8.5, 83, 先秦史十讲
01083921, 7.1, 317, 好色一代女
26960594, 8.3, 92, 法律与文学
01842649, 7.9, 124, 金融经济学
01577602, 8.3, 88, SPSS统计分析高级教程
30362294, 8.5, 68, 心理咨询与心理治疗
01907830, 7.9, 108, 西方先锋派电影史论
01895020, 8.6, 62, 科技论文写作与发表教程
01917653, 8.1, 87, 阿赫玛托娃诗文集
01449897, 8.2, 79, 英国新闻史
05361384, 8.6, 58, 案例研究（中文第2版）
25981419, 8.9, 47, 冰茧庵论学书札（上）
01215641, 8.8, 49, 金刚经今译
01912888, 8.0, 84, 谁想成为科学家?
30197833, 7.9, 91, 历史的那一幕
03546884, 9.5, 32, 高等有机化学
02179551, 8.3, 58, 教学设计原理
30484697, 8.8, 42, 单一民族神话的起源
02013459, 8.1, 60, 认知心理学
30450057, 7.7, 79, 日本的底力
03070203, 7.3, 105, 日本文明史
01972493, 6.9, 160, 电影剧本的创作
01786432, 6.8, 173, 迷失在阅读中
34908426, 7.5, 81, 日本社会的诞生（岩波日本史 第一卷）
34887406, 8.0, 54, 两次世界大战之间的日本陆军
26266871, 9.0, 29, 冰茧庵论学书札（下）
01881851, 8.3, 43, 前汉通俗演义
01919510, 8.5, 37, 对年轻科学家的忠告
33405909, 9.3, 24, 中国古代阐释学研究
02261246, 9.1, 26, 管理学
30302977, 8.7, 32, 音调未定的传统
01441403, 8.5, 35, Observing the User Experience
01258657, 8.6, 33, 创造性论文的写法
30448906, 9.3, 23, 元史
01107175, 7.0, 113, 杜月笙全传（上下册）
01762867, 7.7, 59, 中产阶级文化的起源
01951591, 7.1, 98, 经济地理学（第二版）
27068396, 7.5, 66, 宛如梦幻：苇原露华
01256358, 8.6, 31, 数学拾遗
34908425, 8.1, 42, 飞鸟·奈良时代（岩波日本史 第二卷）
01945121, 7.3, 77, 剑桥插图英国戏剧史
34945335, 8.2, 38, 平安时代（岩波日本史 第三卷）
01457409, 7.5, 62, Xenocide (Ender
34986453, 8.9, 25, 菊纹大和绘
01372620, 7.6, 56, 命
03888729, 9.6, 18, 传热与流体流动的数值计算
03194776, 7.5, 60, 科学社会主义的理论与实践
01548018, 8.5, 30, 普通教育学教育学讲授纲要
35005066, 7.1, 84, 菊花王朝
26670601, 7.3, 64, 跨文化交际
01950011, 6.8, 98, 法国文学简史
01535598, 8.2, 31, 五卷书
01151006, 8.0, 35, 美国通俗小说史
10741767, 8.0, 35, 西方现代主义文学概论
30289265, 8.8, 22, 天地史谭
01086603, 8.2, 30, 水陆两栖人
26852419, 5.9, 280, 物语日本史
02013111, 6.6, 106, 考什么别考研
01948462, 7.2, 57, 宇宙漂流记
04909016, 7.3, 49, 欧洲史
27598777, 8.7, 20, 唐诗综论
02129865, 7.6, 38, 亲兄热弟
01168253, 8.2, 25, 数学历年试题解析 数学三
02029729, 8.0, 26, Beginning Perl for Bioinformatics
27112739, 7.6, 32, 宛如梦幻
02146074, 7.5, 34, 女客
01183491, 8.4, 19, 中国近代经济史
02025576, 7.3, 37, 最后的军礼
26605900, 8.9, 15, 实证研究：计划与设计（原书第10版）
01656504, 6.4, 85, 动画概论
25843726, 8.1, 22, 机器人的信条
25910596, 7.1, 42, 大皇宫
04245989, 7.0, 45, 什么是好电影
01816091, 6.7, 58, 亚太动画
27114381, 7.4, 32, 宛如梦幻：战国风雨
03629406, 7.8, 24, 传媒文化研究
01050109, 7.6, 27, 星际战争
10808675, 6.5, 65, 风吹了
20385666, 7.6, 25, 人格特质
01136264, 7.1, 35, 当代美国概况
01281719, 8.5, 15, 教学理论
06078824, 8.8, 13, 日语惯用语.谚语详解
03518080, 7.8, 21, 学位论文写作与学术规范
33423805, 7.7, 22, 古代的职官
34900604, 7.7, 22, 明治维新（岩波日本史 第七卷）
10438219, 6.8, 41, 现代性与现代中国
30216361, 7.9, 19, 自卑与超越
01153649, 7.0, 32, 当代英国概况
26104024, 8.1, 16, 日本政治论
01805046, 6.3, 57, 中国科幻小说经典
01047158, 7.0, 29, 垃圾文化
27114383, 7.0, 29, 宛如梦幻：江户烟岚
04723673, 7.2, 25, 文学评论写作实用教程
10599017, 8.2, 14, 印度文学
01424670, 7.8, 17, 基督教文学
27068668, 7.5, 20, 冰茧庵随笔
01130983, 6.2, 51, 法国文学史
01612168, 7.3, 20, 中国近代翻译文学概论
02043023, 7.9, 14, 遗传学原理（中文版）
02027481, 7.3, 19, 印度文化与民俗
01485875, 5.8, 67, 爱经与秘戏
10826470, 6.3, 38, 研究生
01145288, 6.4, 34, 世界经典电影全纪录：世界科幻电影
02195844, 7.7, 14, 后现代主义文学导读（全二册）
03625061, 6.4, 33, 西方美术史教程
05312448, 6.3, 36, 巴基斯坦史
01149613, 6.9, 22, 古埃及文化知识图本
01099408, 7.6, 14, 分布式数据库系统原理（第2版）（英文影印版）
06813288, 7.6, 14, 卤煮研究生院
01130372, 6.7, 23, 广告创意表现
01802325, 6.2, 34, 中国影视艺术简史
01323115, 7.3, 15, 学习环境的理论基础
01151099, 6.8, 20, 中东国家通史 埃及卷
01604649, 6.6, 23, 影视人类学概论
25720044, 6.4, 27, 科幻电影启示录
01144560, 6.2, 32, 世界娼妓史（彩图版）
30362301, 8.0, 10, 管理心理学
19954411, 7.4, 13, 清华新闻传播学前沿讲座录
01500147, 5.8, 43, 中国翻译文学史
24533417, 7.2, 14, 翁同龢传-高阳文集-珍藏版
01943427, 5.8, 41, 白银时代
01868483, 7.5, 11, 艾丽丝镜中奇遇记
05321746, 7.2, 12, 顧曲集
04846571, 6.7, 16, 我在加拿大独自生存的智慧
01896557, 5.5, 37, 西方后现代主义文学研究
02326596, 6.2, 11, 国际汉语教师标准
10772657, 0.0, 10, 洪深戏剧论文集
26363912, 0.0, 10, 文献学讲义
03462234, 0.0, 11, 中国近代股份制企业研究
10606567, 0.0, 12, 日本公务员人事制度
