2020-07-05 16:00:12

number of books, tag name
253, 社会文化史

ID, rating, votes, title
26878124, 8.5, 58244, 我的天才女友
01813841, 8.7, 32091, 枪炮、病菌与钢铁
01046492, 9.3, 12142, 國史大綱（上下）
01922216, 9.2, 13065, 全球通史(上)
01022238, 8.2, 58121, 菊与刀
01083762, 8.7, 20485, 人类的群星闪耀时
05366248, 8.2, 44292, 你一定爱读的极简欧洲史
01922246, 9.2, 8774, 全球通史(下)
01225977, 8.9, 12731, 全球通史（第7版 上册）
03057556, 8.9, 10228, 狂热分子
01762869, 8.9, 9778, 如彗星划过夜空
01032063, 8.9, 8865, 旧制度与大革命
01325507, 9.0, 5558, 江村经济
01032645, 8.6, 7939, 窥视印度
01465007, 8.2, 14120, 生死疲劳
01269182, 8.7, 5665, 叫魂
30116399, 9.5, 2060, 跨越边界的社区（修订版）
01076378, 9.1, 2989, 传统十论
01870268, 8.6, 4919, 美国大城市的死与生（纪念版）
02302217, 8.6, 4070, 阿特拉斯耸耸肩（上下）
01224279, 9.2, 1932, 中国法律与中国社会
01054760, 8.9, 2700, 枪炮、病菌与钢铁
01752349, 8.7, 3432, 胡雪岩（全三册）
10607615, 8.7, 3312, 第三种黑猩猩
26759508, 8.1, 7794, 硅谷钢铁侠
26747700, 9.0, 1741, 撒马尔罕的金桃
02253389, 8.6, 2754, 呼啸山庄
02988944, 8.6, 2535, 金翼
06028977, 8.5, 2730, 零ZEЯRO
01326833, 8.6, 2122, 美国大城市的死与生
03273876, 8.0, 4242, 被劫持的私生活
26789604, 9.0, 1050, 茶馆之殇
25886351, 7.5, 7895, 耶路撒冷三千年
01438461, 7.8, 4393, 窥视日本
03035593, 8.2, 2312, 崩溃
01452735, 8.8, 883, Guns
02085605, 8.8, 832, 去他的巴西
01777853, 8.3, 1462, 屠猫记
01274491, 8.3, 1322, 文化、权力与国家
01034759, 8.6, 842, 礼物的流动
02315287, 8.6, 790, 技术垄断
04242368, 8.6, 781, 茶馆
01511839, 8.9, 548, 希罗多德历史
01799788, 8.6, 701, 华夏边缘
03525645, 7.9, 1617, 蒙元入侵前夜的中国日常生活
01853552, 8.5, 770, 中世纪的城市
01212800, 8.9, 498, 从黎明到衰落
01437472, 8.9, 489, 笔记《清明上河图》
01440432, 8.4, 812, 中国的亚洲内陆边疆
03365386, 8.2, 1014, 马丁·盖尔归来
01484492, 8.8, 444, 20世纪思想史
01860524, 9.4, 261, 战争史研究
01040351, 8.4, 663, 印度：百万叛变的今天
05414013, 8.2, 821, 美好生活
01491734, 8.2, 761, 私人生活的变革
01227961, 9.1, 306, 东京梦华录注
01810530, 8.8, 401, 中产阶级的孩子们
25790421, 8.1, 822, 红雨
01959340, 8.3, 643, 时间机器（中英双语）
01035592, 7.6, 1464, 西方文明的另类历史
01024666, 7.6, 1432, 王氏之死
01451308, 8.4, 532, 日本四书
01499683, 8.1, 635, 街头文化
01227931, 8.8, 304, 霓虹灯外
01166000, 8.8, 300, 摩根财团
01867361, 9.1, 229, Princesses oubliées ou inconnues...
01821224, 8.7, 322, 地域文化与国家认同
01546841, 8.6, 351, 西太平洋的航海者
01085541, 8.3, 449, 传统的发明
01037090, 8.1, 556, 天下味
30232097, 8.4, 403, 打造消费天堂
01116685, 8.6, 331, 意大利文艺复兴时期的文化
01772103, 8.2, 481, 再造“病人”
20563231, 7.5, 1111, 邓小平传
34894713, 7.6, 909, 妻子们的思秋期
01480999, 8.9, 225, 蒙塔尤
26821965, 7.9, 607, 机械宇宙
26249395, 7.8, 672, 帝国的惆怅
03662403, 8.7, 244, 美国人：建国的历程
01891759, 8.5, 289, 两头蛇
01083053, 8.9, 193, 英国工人阶级的形成（上下）
01449367, 8.1, 390, 社会如何记忆
02229152, 9.1, 157, Brave New World
01069675, 8.1, 382, 蒙元入侵前夜的中国日常生活
03572572, 8.2, 344, 私人生活的变革
01444195, 8.7, 211, 北朝村民的生活世界
01851667, 8.5, 241, 新史学：自白与对话
01461650, 8.2, 319, 启蒙运动的生意
04882056, 7.8, 492, 为什么是欧洲？
01481948, 8.8, 180, 欧洲近代早期的大众文化
01427013, 8.1, 335, 转变的中国
03661780, 8.1, 330, 缠足
01936600, 8.2, 297, 小历史与大历史
03268095, 8.2, 281, 断层线
01084264, 8.3, 250, 自达尔文以来
02371008, 7.9, 361, 制造路易十四
01089405, 8.9, 143, 中世纪晚期欧洲经济社会史
02053303, 8.7, 161, 神话学
27039526, 9.1, 103, 华北的叛乱者与革命者
01480549, 8.3, 194, 施尼兹勒的世纪
03101027, 8.3, 173, 从“异域”到“旧疆”
06109436, 8.7, 123, 中国社会文化史读本
02988466, 8.3, 171, 法国大革命时期的家庭罗曼史
02157039, 7.7, 306, 延安日常生活中的历史
01100135, 8.6, 130, 历史学与社会理论
01758109, 7.5, 373, 犬与鬼
03711191, 8.1, 193, 寻羌
01874086, 7.5, 351, 六个瓶子里的历史
01871294, 7.7, 280, 历史、身体、国家
01548653, 9.3, 67, 瞿同祖法学论著集
01022784, 7.7, 237, 狂欢与日常
01082538, 8.4, 122, 瓮葬
01058454, 8.1, 154, 跨语际实践
04863593, 8.7, 90, 恺撒与基督/世界文明史
01917880, 7.8, 191, 中国的城市生活
02984324, 8.1, 143, 文明的解析
26826851, 8.4, 108, 走进日常
01476205, 8.3, 116, 非零年代
01921937, 6.9, 525, 消失的搭车客
01085554, 7.9, 163, 身处欧美的波兰农民
01734931, 8.8, 78, 中华文化史（上下）
02062889, 7.6, 210, 中国现代文学与电影中的城市
01937950, 8.1, 130, 印刷书的诞生
01449914, 8.3, 106, 晚清民国的国学研究
01433856, 7.9, 144, 清末的下层社会启蒙运动:1901-1911
02259779, 7.8, 156, 语言的文化史
02975884, 8.1, 119, 中古的佛教与社会
02062517, 8.0, 129, 汉代社会结构
01223801, 7.4, 233, 行走在宋代的城市
01868162, 7.3, 260, 黑夜史
03181674, 7.7, 167, 品味奢华
01030292, 8.0, 123, 消费文化读本
02268026, 8.7, 71, 北宋文化史述论
01815806, 8.4, 86, 神道人心
33459263, 8.5, 77, 礼仪下乡
28553381, 8.0, 111, 左图右史与西学东渐
01896972, 8.3, 87, 文化类同与文化利用
03530163, 7.9, 120, 前朝夢憶
01126175, 7.8, 129, “土著”如何思考
01910601, 8.1, 96, 鼠疫：战争与和平
03271892, 8.8, 57, 1860-1930：英国藏中国历史照片
34431892, 9.0, 50, 从“异域”到“旧疆”
01048515, 7.5, 156, 人类的四分之一
03093316, 7.4, 171, 帝国的隐喻
33459258, 9.3, 40, 走出地方史
01483440, 7.4, 167, 夜间的战斗
01087531, 7.6, 122, 文化人类学
02117518, 6.9, 232, 美国历史十五讲
02376316, 7.8, 92, 历史社会学的视野与方法
01962660, 9.1, 37, 明清福建家族组织与社会变迁
01322277, 7.7, 97, 钱穆与七房桥世界
01508186, 8.1, 69, 新史学
03292903, 8.6, 48, 左圖右史與西學東漸
01946207, 7.5, 109, “贼”“民”之间
02158484, 7.7, 86, 上帝的指纹
04101399, 7.2, 131, 中国时代1900-2000(上卷)
01834829, 8.8, 37, Keywords
24746510, 7.7, 79, 时间的社会文化史
25735495, 8.3, 50, 历炼精魂
03358426, 7.8, 71, 明清时代之社会经济巨变与新文化
01427415, 8.4, 46, 新史学（第4辑）
03017243, 7.6, 82, 中国十八省府
01442278, 8.1, 55, 培田
01520382, 8.6, 39, 历代社会风俗事物考
03185545, 8.0, 58, 祭祀政策与民间信仰变迁
27132522, 6.8, 177, 唐译子不语
02389081, 7.4, 93, 兄弟并不平等
26792350, 8.4, 43, 清代卫生防疫机制及其近代演变
01012552, 7.6, 74, 中国古代的艺术与文化
02224601, 7.2, 98, 私人生活史II：肖像中世纪
01595333, 9.1, 26, 云南掌故
03168467, 7.1, 107, 山东叛乱
02303727, 7.2, 95, 千年俄罗斯
33461969, 9.4, 22, 记忆之场
01800386, 7.9, 51, 中国封建社会形态研究
01762867, 7.7, 59, 中产阶级文化的起源
26320756, 9.0, 26, 口福老北京
03636014, 7.8, 54, 移民、户籍与宗族
01870100, 6.9, 121, 隐秘的火焰
01447911, 8.2, 40, 中国民间宗教简史
03611873, 7.7, 56, 异质文化交织下的上海都市生活
02229698, 9.0, 25, Centuries of Childhood
01077710, 7.9, 48, 明清徽商与淮扬社会变迁
02511514, 8.7, 28, The Railway Journey
01879938, 7.3, 73, 中国人生活的明与暗
02973556, 7.8, 48, 檔案中的虛構
06852563, 9.2, 21, 吕思勉集
01271558, 6.9, 103, 食物的历史
03547250, 8.1, 36, 文物宋元史
02301290, 8.6, 26, Plagues and Peoples
02172077, 8.3, 30, 半工业化
03114626, 7.5, 49, 过失杀人、市场与道德经济
01024220, 8.4, 27, 中国文化史（上下）
03272074, 8.3, 28, 北宋士族：家族·婚姻·生活
02159305, 7.7, 40, 清末的下層社會啟蒙運動
01885333, 7.4, 50, 时间.空间.书写
01223791, 6.9, 77, 洗浴的历史
03426343, 7.6, 42, 婦人王氏之死
01145684, 7.0, 62, 危险的味道
03753857, 7.6, 38, 明清社会文化生态
01171566, 7.8, 33, 江山无限
01252573, 8.1, 27, 宋代婚姻家族史论
02254645, 8.5, 21, 品味奢华
01998182, 7.1, 53, 布尔乔亚饮食史
03567565, 7.3, 43, 中国宗族史
03791513, 8.3, 22, 现代华北秘密宗教
03561331, 7.5, 36, 宋代社会的空间与交流
01392663, 7.3, 41, 平常事情的历史
03662532, 7.3, 41, 社会历史学导论
26927636, 6.9, 53, 陌上
01336571, 9.3, 13, 製作路易十四
01178195, 6.8, 57, 跨出封闭的世界
21104820, 9.4, 12, The Bourgeois
02081523, 7.4, 33, Peking
02060673, 7.9, 23, Shanghai Love
01883171, 7.2, 36, 明代后期士人心态研究
01332133, 7.5, 29, 鬼魅神魔
01894982, 7.3, 33, 中国变色龙
05986503, 7.5, 27, 春申旧闻
03218358, 8.0, 20, 昨日到城市
06891145, 8.0, 19, 中国音乐小史
03134399, 8.4, 15, 唐代的婦女文化與家庭生活
03976399, 8.9, 12, Pilgrims and Sacred Sites in China
01147401, 7.8, 20, 盐
25846365, 8.6, 13, The Making of a New Rural Order in South China
01441109, 6.5, 48, 巴黎1900
26806024, 7.3, 25, 体罚与人性
03599434, 7.6, 20, 战时中国的社会与文化
26108125, 7.5, 21, 中国乡村与墟镇神圣空间的建构
34085572, 7.3, 23, 信仰与秩序
01360491, 7.1, 24, 中世纪的旅人
04758358, 6.3, 44, 天生购物狂
26271616, 8.1, 13, 神明与市民
02993893, 7.8, 15, 宋代社会のネットワーク
03000767, 7.3, 19, 基督教简史
25740161, 7.0, 22, 西方儿童史（上卷）
03276907, 7.7, 13, 明清以來民間生活知識的建構與傳遞
01660906, 7.2, 17, 宋代文化史
01946387, 7.1, 17, 《大公报》与近代中国社会
01607223, 7.8, 11, 血缘与地缘之间
01033465, 7.4, 13, 近代中国社会文化变迁录(1-3)
01270529, 6.6, 21, 宋代家庭研究
01893865, 7.1, 15, 宋代特殊群体研究
01050647, 7.8, 10, 周秦社会结构研究
01546635, 7.0, 15, 晚清上海社会的变迁
01288929, 6.3, 23, 女性化妆史话
04774517, 7.4, 11, 18世纪法国视野里的中国
01445776, 6.6, 15, 唐代妇女生活与诗
01140586, 6.6, 13, 明清民间社会的秩序
26849461, 6.8, 10, 民国武汉日常生活与大众娱乐
05260401, 0.0, 10, 晚清上海
24910634, 0.0, 10, Early China
01831603, 0.0, 13, 宋代文学与宋代文化
