2020-07-05 16:00:12

number of books, tag name
654, 社会心理学

ID, rating, votes, title
05363767, 9.2, 214997, 三体Ⅲ
27614904, 9.2, 192609, 房思琪的初恋乐园
04820710, 9.3, 147878, 1984
25862578, 8.5, 642244, 解忧杂货店
20427187, 8.8, 276237, 看见
25985021, 9.1, 131617, 人类简史
01017143, 8.5, 200887, 不能承受的生命之轻
04238362, 8.6, 126795, 送你一颗子弹
33440205, 8.9, 60954, 你当像鸟飞往你的山
01775691, 8.4, 81347, 少有人走的路
24257229, 9.1, 22334, 鼠疫
26576861, 9.0, 25136, 最好的告别
01012611, 8.2, 98211, 乌合之众
03026879, 8.8, 28936, 爱的艺术
01786387, 8.6, 39608, 影响力
25762009, 9.1, 16809, 教父
10471333, 9.0, 19515, 叫魂
01476651, 9.0, 17668, 社会心理学
26276775, 9.0, 17378, 异乡人
01062193, 8.5, 34992, 娱乐至死
26943161, 8.4, 41442, 未来简史
01022238, 8.2, 58121, 菊与刀
03533221, 8.4, 35533, 非暴力沟通
01321789, 8.7, 21102, 美丽新世界
02340100, 8.0, 73639, 遇见未知的自己
10786473, 8.2, 45624, 自控力
05952488, 9.0, 12181, 亲密关系
01032501, 8.8, 16314, 心理学与生活
01015452, 8.3, 34934, 国境以南 太阳以西
02328458, 9.1, 8451, 社会性动物
01077528, 8.8, 12562, 通往奴役之路
03057556, 8.9, 10228, 狂热分子
03697494, 9.1, 6558, 洞穴奇案
01465324, 7.7, 67779, 洛丽塔
26585065, 9.4, 4308, 亲密关系
26319730, 8.5, 15011, 娱乐至死
04745950, 9.3, 4261, 第二性Ⅱ
01917972, 7.8, 45237, 在路上
06709809, 8.4, 14209, 暗时间
26418475, 9.2, 4460, 逃避自由
05287474, 8.7, 8596, 影响力
01025723, 8.3, 15891, 潜规则
04745949, 8.7, 7795, 第二性Ⅰ
04180711, 8.2, 16363, 拖延心理学
05325618, 8.4, 11282, 高效能人士的七个习惯
03158482, 8.9, 5419, 新世界
04953695, 7.8, 31692, 拆掉思维里的墙
01005576, 8.9, 5249, 影响力
05248516, 9.2, 3435, 改变心理学的40项研究
06511362, 9.0, 4255, 我们时代的神经症人格
10785583, 8.2, 13620, 思考，快与慢
02256351, 8.4, 9137, 乌合之众
05991872, 8.9, 4464, 爱的艺术
02033081, 8.2, 12443, 身份的焦虑
01534951, 9.0, 3817, 逃避自由
25822105, 8.3, 10266, 无缘社会
01393447, 9.1, 3338, 忧郁的热带
01292405, 8.6, 6482, 自私的基因
06892579, 8.4, 8649, 美国种族简史
25982198, 9.4, 2286, 社会心理学
30259720, 8.1, 12984, 今日简史
01006560, 8.2, 10934, 血酬定律
01504957, 8.6, 5752, 学会提问
03143537, 9.4, 1978, 津巴多普通心理学
01262986, 8.1, 11395, 我不是教你诈
03420606, 8.7, 4531, 正面管教
04071842, 8.5, 5888, 路西法效应
03413836, 8.4, 6563, 当下的力量
02143904, 8.8, 3715, 进化心理学
27662713, 9.3, 1848, 舆论
01444900, 8.6, 4371, 爱的五种语言
01437973, 8.7, 3733, 亲密关系
01045201, 8.2, 7548, 哲学的慰藉
01468426, 8.7, 3634, 利维坦
03002878, 8.7, 3599, 优势谈判
04258830, 8.1, 8576, 乌合之众
26874446, 9.1, 2159, 社会学的想象力
27186106, 8.3, 6158, 心流
25782902, 8.1, 8361, 反脆弱
01116367, 8.8, 3060, 道德情操论
05317075, 7.1, 57684, 蔡康永的说话之道
10607615, 8.7, 3312, 第三种黑猩猩
03580750, 8.2, 6586, 潜规则（修订版）
01472946, 8.4, 4875, 《华尔街日报》是如何讲故事的
03101021, 8.7, 3195, 极权主义的起源
03062632, 8.6, 3375, 日常生活中的自我呈现
20507212, 8.0, 8158, 习惯的力量
05421787, 8.0, 7782, 定位
03168468, 8.2, 5569, 斯普特尼克恋人
04146756, 8.3, 4796, 浮生取义
33385402, 8.1, 6415, 事实
03000997, 7.5, 18357, 牛奶可乐经济学
03266968, 7.2, 33362, 秘密
01193621, 8.5, 3390, 决策与判断
26286031, 9.3, 1274, 心理学与生活（第19版）
06744767, 8.9, 1987, 我们内心的冲突
02328178, 9.0, 1759, 态度改变与社会影响
30276984, 9.1, 1551, 女性主义
26761696, 7.5, 16126, 精进
11607261, 8.6, 2802, 旧制度与大革命
03688489, 7.7, 10997, 异类
06754574, 8.9, 1770, Thinking
03033690, 7.9, 6914, 24重人格
01035517, 7.6, 11383, 男人这东西
01221479, 8.9, 1695, 与“众”不同的心理学
34911983, 8.2, 4158, 坡道上的家
26416883, 8.2, 4024, 乌合之众
01288844, 8.2, 3811, 设计心理学
03025921, 7.7, 8383, 黑天鹅
02116916, 8.8, 1722, 动机与人格
10746177, 8.3, 3215, 终结的感觉
06854525, 7.9, 5594, 黑天鹅
10539126, 8.4, 2629, 社会动物
19949881, 8.8, 1579, 绝非偶然
03669408, 8.2, 3356, 身份的焦虑
01927902, 7.6, 8572, 九型人格
03389960, 7.5, 10268, 自卑与超越
10739290, 7.8, 5897, 30岁前别结婚
05913475, 8.2, 3160, 高难度谈话
01944205, 8.9, 1307, 追寻记忆的痕迹
10828002, 7.9, 4849, 游戏改变世界
01039311, 8.4, 2266, 职场动物进化手册
03035600, 8.4, 2212, 心灵的七种兵器
26150549, 8.6, 1612, 人性中的善良天使
30420900, 8.8, 1250, 奥丽芙·基特里奇
03622904, 7.2, 13723, 不抱怨的世界
01051097, 8.7, 1354, 我们时代的神经症人格
03006742, 8.6, 1521, 改变
01316093, 8.2, 2535, 超越自卑
25900948, 8.4, 1943, 消费社会
05321463, 8.2, 2460, 沟通的艺术
26178426, 7.5, 6939, 稀缺
03116096, 8.2, 2280, 象与骑象人
02980795, 7.7, 4725, 内向者优势
26701760, 9.3, 637, 社会心理学（第11版，平装版）
01196945, 8.4, 1613, 集体行动的逻辑
02282946, 7.8, 3721, 直面内心的恐惧
04312829, 8.2, 1954, 亲密行为
06859959, 9.0, 765, 健全的社会
27025626, 9.1, 682, 君主论
01048922, 8.2, 1893, 硬球
26312259, 7.9, 2848, 乌合之众
27023900, 7.4, 5640, 睡眠革命
01032085, 9.1, 573, 社会性动物
06858527, 7.7, 3080, 格调
20413742, 7.5, 4223, 不说，就真来不及了
02122637, 8.1, 1698, 20世纪最伟大的心理学实验
04929897, 7.6, 3509, 情商
30203273, 8.1, 1687, 乌合之众
25763679, 8.7, 808, 不确定世界的理性选择
20389192, 7.1, 7626, 30岁前的每一天
02310726, 8.7, 759, 社会学
01930235, 9.1, 504, 社会心理学
02266022, 8.8, 668, The Art of Loving
25867785, 8.6, 815, 正义之心
02990015, 8.5, 911, Predictably Irrational
20260640, 8.1, 1471, 象与骑象人
01150779, 8.8, 652, 心理学导论——思想与行为的认识之路
01979199, 8.3, 1128, 批判性思维
10568233, 9.0, 521, 策略投资
25697495, 8.6, 783, 情感依附
25850130, 8.0, 1580, 乌合之众（修订版）
26791309, 9.3, 380, 初识传播学（插图第7版）
06507262, 7.4, 3755, 如何让你爱的人爱上你
04126261, 8.4, 924, 身份与暴力
02030855, 8.6, 737, 弱者的武器
01101447, 7.7, 2263, 不要用爱控制我
25764449, 8.5, 789, 社会学的邀请
04230636, 8.3, 992, 不平等的童年
22993829, 7.7, 2183, 我们这儿是精神病院
02184895, 8.7, 631, 中国古代房内考
02247109, 9.0, 457, 社会学入门
26840504, 7.6, 2381, 人人都有妄想症
06157548, 7.5, 2655, 房间里的大象
26292057, 8.2, 959, 性审判史
01193622, 8.3, 844, 自我
27092579, 7.8, 1586, 孤独的城市
30121482, 8.3, 833, 乌合之众
27063276, 8.4, 736, 论不服从
03625964, 9.1, 363, 逃避自由
02158889, 8.3, 788, 权力的48条法则
33440184, 8.8, 462, 代谢增长论
05916004, 8.5, 626, 欲望的演化
20477116, 8.9, 406, 对权威的服从
34984693, 8.1, 957, 剧变
34808973, 8.6, 541, 乌合之众
26235729, 7.5, 2153, 单身社会
30215098, 7.9, 1216, 犯罪心理2
20280796, 8.6, 530, 快思慢想
30376593, 8.2, 811, 当下的启蒙
10736800, 6.6, 10767, 重口味心理学
20379212, 6.9, 5429, 不如去死
01292428, 8.5, 545, 神经症与人的成长
01688051, 8.1, 840, 传播理论
05361804, 8.3, 655, 焦虑的意义
01197956, 8.9, 356, 权力论
26288194, 9.0, 313, 权力与领导（第5版）
26319791, 8.7, 388, 自我
27110421, 7.9, 925, 先发影响力
11509401, 6.9, 4367, 正能量
03682751, 7.7, 1195, 谈判力
26851515, 7.4, 1837, 细节
01141543, 7.7, 1183, 金融心理学
03865994, 8.4, 510, 污名
26711347, 7.9, 898, 乌合之众
01014964, 7.9, 893, 引爆流行
03462267, 8.6, 407, 占有还是存在
02033123, 9.5, 185, 玛法达与伙伴们
25951835, 9.1, 253, 社会心理学（第8版）
26866762, 8.6, 384, 影响力（经典版）
06023969, 8.7, 348, 论个人在历史上的作用问题
33387422, 7.4, 1602, 后真相时代
06397072, 8.3, 509, 施剑翘复仇案
27077752, 7.5, 1376, 温柔之歌
25755874, 7.5, 1366, 运动改造大脑
03077186, 8.0, 700, 群氓之族
11577232, 8.9, 268, 社会心理学（插图第7版）
21346249, 7.6, 1085, 选择的悖论
30310479, 8.8, 284, 态度改变与社会影响
26806961, 7.9, 726, 社交天性
01322869, 8.2, 510, 我们时代的病态人格
05321843, 6.4, 9031, 假装的艺术
05910460, 7.4, 1365, 看不见的大猩猩
01128662, 7.8, 790, 欲望之源
26304280, 8.8, 272, 欲望与利益
26742369, 8.5, 355, 乌合之众：大众心理研究
24325270, 8.0, 601, 道德动物
30420818, 7.8, 761, 在群中
01266211, 9.1, 204, 论意识操纵（上下）
01483907, 9.1, 203, 社会心理学
30261648, 8.0, 567, 情绪勒索
25660015, 6.7, 3918, 以自己喜欢的方式过一生
26647384, 8.6, 296, 影响力
01161117, 8.0, 542, 股市趋势技术分析
01265785, 8.6, 291, 笑
01112447, 8.1, 480, 群氓的时代
03309690, 7.9, 590, 萨摩亚人的成年
26778782, 9.1, 183, 对权威的服从
02338638, 8.2, 415, 预知社会
33298549, 8.3, 373, 我们内心的冲突
01378028, 8.3, 371, 佛洛依德之夢的解析
25798422, 9.3, 155, 心理学导论
26728811, 7.7, 717, 乌合之众-“慢读”系列
01556409, 8.4, 321, 信任论
24845389, 7.6, 793, 潜意识
01862776, 8.0, 475, 心理学改变生活
01315269, 8.3, 341, 心灵、自我与社会
26889370, 8.0, 464, 别独自用餐（十周年修订珍藏版）
25904953, 8.4, 303, 社会心理学
02122937, 8.8, 207, 在幻想锁链的彼岸
03766438, 7.5, 810, 隐藏的逻辑
01545830, 7.9, 493, 形式逻辑
01101840, 8.7, 220, 斯宾塞的快乐教育
03023839, 8.0, 434, 苦痛和疾病的社会根源
26640176, 8.0, 431, 路西法效应
05373117, 8.2, 346, 乌合之众
34901765, 8.1, 381, 巴拉巴西成功定律
25788948, 8.0, 424, 错不在我
20472028, 7.9, 467, 我们为何如此不安
26616951, 7.9, 457, WOOP思维心理学
01399258, 8.5, 247, 人情、面子与权力的再生产
25733593, 7.9, 443, 沃顿商学院最实用的谈判课（原书第2版）
01044827, 8.1, 356, 现代性与自我认同
03324610, 7.3, 924, 摇摆
26865149, 7.3, 924, 魔鬼经济学2
24700134, 7.9, 431, 性别战争
01287548, 8.6, 206, 健全的社会
26864201, 8.1, 328, 海蒂性学报告：女人篇
04022709, 7.4, 736, 助推
03312040, 8.1, 320, 谁会认错
24851721, 8.3, 260, 美国人的性格
26300044, 7.5, 623, 群氓之族
01841977, 8.8, 164, Stumbling on Happiness
26256415, 9.3, 112, 社会心理学纲要（第6版）
30422106, 7.9, 369, 乌合之众
01016822, 8.5, 204, 美德的起源
25725855, 8.1, 280, 人情、面子与权力的再生产（修订版）
26848727, 7.5, 542, 当良知沉睡：辨认身边的反社会人格者
01057378, 7.7, 424, 非同寻常的大众幻想与群众性癫狂
34845831, 8.5, 188, 亲爱的女儿
27028462, 8.3, 225, 讲故事
01277872, 8.1, 273, 亲密行为
03540367, 8.1, 267, 奸的好人系列 全5册
03065481, 8.8, 143, 路西法效應
02159464, 8.4, 200, 官场病
01251787, 8.7, 154, 野性的思维
01021379, 8.1, 258, 社会心理学
30314828, 8.0, 285, 向着光明
30322086, 8.0, 285, 行为设计学(零成本改变)
06440824, 7.9, 309, 乌合之众
02844103, 9.1, 108, The Social Animal
02066295, 8.4, 180, 寻找灵魂的现代人
02138920, 8.0, 258, 撞上快乐
26834866, 8.3, 193, 乌合之众
03039155, 8.2, 208, 中国的人心与文化
01257648, 8.0, 250, 社会心理学
26774198, 9.0, 105, 我们时代的神经症人格
03094759, 8.5, 152, 合作的复杂性
27625595, 8.9, 110, 未发现的自我
20388034, 7.2, 587, 大连接
26171368, 8.1, 210, 菊与刀
25848953, 6.9, 860, 群体性孤独
05405367, 8.3, 168, 乌合之众
01275195, 8.6, 130, 恶
26696883, 9.2, 83, 从资本家手中拯救资本主义
10502486, 8.9, 101, 社会性自我
03137128, 8.0, 213, 见树又见林
05373043, 7.5, 363, 人情与面子
25714450, 8.2, 175, 自恋主义文化
20258609, 8.9, 99, 心理咨询师的14堂必修课
26769662, 7.2, 521, 雄性衰落
01276857, 8.1, 189, 革命心理学
20492451, 8.2, 171, 社会传播的结构与功能
05408894, 7.5, 348, 你需要多少朋友
20563266, 8.2, 169, 社会认知
01915390, 7.4, 389, 日本人的心理结构
26931320, 8.5, 130, 西方的妄想
11626743, 8.1, 182, 看不见的影响力
01000773, 8.6, 118, 人类本性与社会秩序
24845328, 8.7, 109, 人权论集
26264666, 8.4, 138, 与人联结
19958275, 8.2, 164, 中国人的气质
10799782, 7.8, 240, 魅力何来
06309931, 8.5, 126, 自我·群体·社会
05975975, 7.9, 212, 无边的恐惧
01084711, 7.5, 316, 谣言心理学
01475779, 9.1, 78, Influence
01439480, 8.1, 169, 日常生活中的自我呈现
03578243, 8.2, 150, 我是谁
02341864, 8.9, 86, 隐喻
27167825, 9.2, 70, 寻找灵魂的现代人
17472121, 8.6, 104, Contagious
04295779, 8.1, 157, 电醒人心
02678774, 8.4, 120, 模仿律
01914790, 8.6, 101, 蒼蠅王
26774193, 8.5, 109, 神经症与人的成长
01084508, 8.1, 150, 信仰的法则
05953972, 8.5, 107, 中国人的脸面观
05290296, 8.7, 91, 社会心理学
22275298, 8.2, 134, 旧制度与大革命
30247743, 8.7, 90, 乌合之众（有声版）
04860603, 9.1, 66, Not by Chance Alone
01316523, 7.5, 245, 孤独的人群
25840364, 8.5, 97, 让时间治愈一切
06383704, 8.1, 132, 幸福的方法
26377468, 8.6, 87, 小猪猪的故事（万千心理）
03373894, 7.1, 371, 说服力
01920180, 8.6, 84, 对自由的恐惧
03792191, 8.3, 104, 互动仪式链
34979471, 8.5, 89, 与内心的恐惧对话
20435845, 8.9, 67, 沟通分析的理论与实务
26383620, 9.1, 58, 国际政治中的知觉与错误知觉
04913068, 6.5, 806, 生猛的进化心理学
01410310, 7.7, 172, 传播与社会影响
27167560, 7.8, 149, 大人的友情
20284675, 7.7, 164, 非人
04292123, 7.9, 135, 局外人
27106797, 8.2, 103, 意愿的冲撞
26423230, 9.0, 58, 法国大革命与革命心理学
25981240, 9.2, 51, 易学人格学
06720139, 7.0, 338, 最愚蠢的一代
33455230, 6.2, 1172, 魔力的胎动
04908898, 7.9, 126, 预知社会：群体行为的内在法则
03287264, 8.6, 72, Mistakes Were Made
03413328, 7.3, 228, 社会心理学的邀请
06537368, 8.4, 82, 中国人的关系原理
01418273, 9.0, 54, 管理困境
01004538, 6.8, 412, 调情的艺术
25943358, 7.3, 220, 盲点
07162931, 7.0, 311, 我们都是自己的陌生人
04924898, 7.1, 273, 群体的智慧
26891559, 7.6, 157, 《游戏改变世界》（经典版）
25784156, 8.3, 85, 洗脑心理学
05293924, 7.6, 156, 美国的弑母文化
25770724, 8.0, 108, 公共人的衰落
25837839, 7.4, 187, 人的七张面孔
03225428, 7.6, 151, 影响力心理学
25808713, 7.6, 151, 人间游戏
03249335, 7.5, 166, 女性心灵成长经典
03074876, 8.8, 57, 社会实在的建构
11542903, 7.7, 133, 他人即地狱?
04214195, 8.6, 64, 吉洛维奇社会心理学
04201769, 8.3, 79, 揭开行政之恶
26668718, 8.5, 68, 乌合之众
03093316, 7.4, 171, 帝国的隐喻
01004939, 8.3, 77, 社会学
03542657, 8.2, 83, 思维与决策（第四版）
01663652, 8.6, 62, 日常生活中的自我表演
30299531, 9.0, 48, 健全的社会
01266353, 8.5, 66, 常态下的癫狂
01712350, 7.6, 137, 动机心理学
20492200, 7.2, 204, 亲密
04745007, 8.6, 59, 文明的变迁·荣格文集（第6卷）
01945390, 7.8, 109, 法西斯主义群众心理学
27124017, 8.1, 84, Win Bigly
26675771, 8.3, 72, 乌合之众
25866871, 6.7, 365, 大开眼界
33388554, 7.9, 97, 心智
02089976, 7.8, 104, 宗族·种姓·俱乐部
26742950, 8.1, 80, 仿佛若有光：女主播抑郁症日记
01416339, 7.7, 108, 罗曼蒂克心理学
25917736, 7.1, 196, 情种起源
27139925, 7.5, 127, 好人为什么会作恶
26257132, 8.6, 53, So You&#39;ve Been Publicly Shamed
27614939, 8.6, 53, 关系性存在:超越自我与共同体
30304743, 7.0, 217, 依赖共生
27015796, 8.0, 80, 累赘
03871576, 7.5, 120, 孙子兵法说什么
26706384, 8.3, 62, 美国行为的根源
26918115, 8.6, 50, 阿德勒心理学讲义
01128415, 8.4, 57, 影响力的本质
04753665, 7.2, 160, 极端的人群
24522665, 7.9, 79, 社会冲突
27054336, 7.5, 112, 嗜好心理学
01067090, 7.7, 93, 攻心为上
01035759, 8.7, 44, 社会理论的基础（上、下册）
01120438, 7.0, 183, 社会心理学
02973399, 8.4, 52, 液態之愛
04910524, 7.0, 177, 骗子为什么要穿阿玛尼
03522377, 8.0, 69, 社会心理学精要
05503551, 7.7, 88, 社会认同过程
26289614, 7.5, 104, 平民如何变成屠夫
33218306, 7.3, 126, 断裂的阶梯
01068856, 7.5, 103, 被遗忘的性
27108680, 6.7, 248, 传染：塑造消费、心智、决策的隐秘力量
01315301, 8.3, 54, 信任
01323106, 8.1, 62, 思想和行动的社会基础：社会认知论（上、下册）
04189964, 8.6, 44, 反抗死亡
10771031, 8.6, 44, 心灵、自我和社会
01227044, 6.8, 212, 野蛮人的性生活
26730646, 7.5, 99, 权力的悖论
04723812, 8.2, 56, 信任与统治
04917079, 7.5, 98, 人性能达到的境界
26747793, 6.7, 234, 怕死
05921332, 8.5, 45, 心理们
02350315, 8.9, 35, The Moral Animal
03006535, 7.8, 73, 美国人与中国人
26314515, 8.2, 54, 每个人心中都有一个被低估的自我
04167954, 7.1, 137, 孤独是可耻的
27611153, 8.8, 36, Intimate Relationships
11577320, 9.6, 24, Social Psychology
01276375, 7.9, 65, 乡土心路八十年
01551556, 8.4, 45, 认知失调理论
25729198, 9.1, 30, 超越经济人
20505468, 7.0, 145, 完美的群体
34432307, 8.7, 37, 孤独的力量
06517443, 6.8, 180, 快感
01085539, 8.2, 50, 暴力之后的正义与和解
26781091, 8.2, 49, 妈妈，谢谢你懂我
01320512, 8.0, 56, 人际沟通技巧
34456197, 8.6, 37, 掌控情绪，遇见更好的自己
30276250, 8.3, 44, 交往行为理论（第1卷）
01771134, 7.8, 62, 中国人的心理
01104524, 7.9, 57, 无聊与兴趣
03286034, 7.2, 104, 过度诠释
03767611, 6.5, 230, 穷忙族
02913433, 8.3, 42, Propaganda
01438976, 8.8, 31, DSM-IV-TR
01977206, 8.0, 51, 异常流行幻象与群众疯狂；困惑之惑
01909385, 6.8, 149, 人间游戏
26679517, 8.6, 34, 我们
06827376, 7.0, 115, 孤独无处诉
04060058, 8.9, 28, 日常生活中的自我表演
01060937, 7.5, 70, 中国人行动的逻辑
01038120, 8.2, 40, 高峰体验
30158998, 9.2, 23, 爱默生和中国
05311621, 7.1, 96, 美第奇效应
27054515, 8.5, 33, 西奥迪尼社会心理学
01438366, 8.4, 35, 性·演化·达尔文
04735950, 7.6, 61, 决策、不确定性和大脑
03242214, 8.2, 39, 日常接触
01142824, 7.5, 65, 中国社会中的日常权威
26303393, 8.9, 26, 心理学改变生活（原书第11版）
04023798, 7.8, 51, 中国文化中“报”“保”“包”之意义
10762727, 6.8, 126, 超级人脉
25807280, 8.1, 41, 政治心理学
26972382, 7.0, 100, 自卑与超越
06266467, 7.8, 49, 美国学生社会技能训练手册
26873217, 7.2, 80, 迈尔斯直觉心理学
26335676, 6.7, 134, 女人的格局决定结局
20430323, 7.4, 66, 这太恶心了！
34794009, 8.8, 26, 不让一个孩子受伤害
03653467, 8.1, 39, Quirkology
04606693, 7.2, 76, 乱乱脑
10592037, 8.6, 28, Intimate Relationships
26349462, 7.9, 43, Better Than Before
02316155, 7.5, 58, 情感社会学
01781773, 8.0, 40, 冰点
30418031, 8.4, 31, The Human Network
03390974, 7.6, 53, 大脑可以改变
26937736, 8.5, 29, 我们时代的神经症人格
02063964, 8.7, 26, 4%的人毫無良知，我該怎麼辦？
07065464, 7.6, 52, 心理学统治世界2
04194260, 7.4, 61, 我们为什么说谎
27149602, 5.7, 538, 乌合之众
01962715, 8.4, 30, The Virtue of Selfishness
02036766, 7.7, 47, 社会生活中的交换与权力
26249371, 6.5, 148, 非理性冲动
03111280, 7.8, 43, 心灵、自我与社会
06873688, 7.9, 40, 财富大癫狂
34869489, 8.9, 22, 文明中的疯癫
01665337, 8.2, 31, 偏好伪装的社会后果
26960706, 7.2, 64, 中国体验
30371467, 7.6, 46, 适配
05406381, 8.4, 27, 极权主义民主的起源
05957669, 8.1, 32, Predictable Irrationality. Hidden forces that shape our decisions. Ariel D. / Predskazuemaya irratsionalnost. Skrytye sily
01143568, 6.9, 82, 广告心理学
30289055, 7.3, 55, 国家的计算
26639298, 7.5, 46, If I&#39;m So Wonderful
03801129, 6.6, 106, 合伙人
20141649, 8.5, 24, The Power of Habit
04847748, 7.6, 42, 成功与挫折
01273872, 7.7, 39, 人类愚昧疯狂趣史
01081722, 8.1, 30, 嫉妒与社会
26341361, 8.6, 22, 文化反哺
26184195, 5.6, 431, 哈佛谈判心理学
02995092, 7.8, 34, 现代性的困境
26918177, 7.2, 53, 乌合之众
04100341, 8.5, 22, 如何研究中国人
27609301, 7.4, 43, 心灵、自我与社会
20036263, 9.3, 15, 社会心理学（影印第7版）
01489147, 7.3, 46, 话语和社会心理学
25747855, 7.5, 39, 坏传统
34970886, 8.8, 18, 社会性动物（第12版）
05503556, 7.4, 41, 社会支配论
25963611, 6.5, 93, 我为什么要听你的
05360983, 8.0, 27, 社会心理学导论
03222650, 8.4, 21, 生殖崇拜与死亡抗拒
01045162, 7.4, 39, 飘零的秋叶
01444090, 7.1, 48, 情绪心理学
06880082, 7.1, 48, 战争心理学
30280238, 6.3, 108, 网络心理学
06938348, 7.5, 35, 权力与社会
05363740, 7.3, 40, 权力世界的丛林法则
10679363, 7.3, 40, 心理学的50大奥秘
26329760, 8.4, 20, 精神病理学与政治
01144770, 8.6, 18, 现代社会心理学史
01045588, 6.0, 154, 河南人惹谁了
33425153, 8.7, 17, 少有人走的路5：不一样的鼓声（修订本）
04113401, 6.9, 53, 跨文化沟通心理学
01288865, 6.0, 143, 洞察心理高手（上、下册）
02294980, 8.6, 17, 中国人的脸面观
10734647, 8.0, 23, 图说美国史
30403242, 7.4, 33, 子彈思考整理術
03897071, 7.5, 30, 社会心理学
05944466, 7.5, 30, 精英话语与种族歧视
05916005, 7.4, 32, 社会心理学的解释水平
26812726, 7.9, 23, 话语、权力和主体性
35037875, 8.6, 16, 我是猫
03003136, 6.3, 85, 社会心理学
01270713, 7.4, 31, 中国人的心理与行为：本土化研究
05503554, 7.4, 31, 自我归类论
30291408, 7.2, 35, 群氓的狂欢
03671567, 7.6, 26, 软能力
30190354, 6.9, 43, 如何从这个世界消失
01820114, 8.2, 18, 社会及行为科学研究法（上册）
03148134, 7.9, 21, 同理心的力量
10457665, 8.2, 17, 教养
02275731, 7.2, 31, 偏见
01408348, 8.3, 16, 社会心理学
03089144, 8.3, 16, 不平等和异质性
01053515, 7.7, 22, 修正文库·中国江湖系列丛书·第一辑
25856851, 7.7, 22, 回到土地
01226882, 6.8, 41, 观人学
34869395, 6.7, 44, 我们内心的“坏东西”
01796781, 7.5, 24, 世道人心
05503550, 7.7, 21, 论辩与思考
01734300, 7.1, 31, 理解电视
25805146, 7.1, 31, 消费心理学
26637363, 6.3, 62, 暗黑心理学
03027530, 7.2, 28, 社会心理学
11519384, 8.6, 13, 隐形的国民财富
02113525, 7.8, 19, 心灵
03424060, 8.0, 17, 山洞里的大师
26414518, 8.7, 12, 信息资本主义时代的批判宣言
02893588, 8.3, 14, The Nature of Prejudice
06785462, 6.3, 55, 众包2
05367386, 8.2, 14, 錯不在我？
20504875, 6.9, 30, i成瘾
26698315, 8.5, 12, The Confidence Game
01544379, 8.0, 15, 权力主义人格 全三卷
10775220, 7.3, 22, 关系与中国社会
02079965, 6.9, 29, The Elephant in the Room
30441011, 8.1, 14, 群氓心理学
05950392, 6.8, 31, 社会表征
03183012, 7.7, 17, Loneliness
01845200, 7.8, 16, 走出单位
26316021, 7.8, 16, 社会心理学之旅
03918846, 6.9, 28, 村庄里的闲话
10779466, 8.4, 12, 社会交际心理学
25960004, 8.2, 13, 理论的邂逅
01443861, 8.0, 14, 性别心理学
04046196, 7.5, 18, 消费社会与消费认同
04771520, 7.6, 17, 当代中国社会分层
27170582, 8.1, 13, 社会心理学（第3版）
01913922, 7.5, 17, 予学
26916525, 8.4, 11, Goodbye iSlave
27006558, 8.0, 13, 文化、群体与认同
01820097, 8.6, 10, 社会及行为科学研究法 [第13版] (下册)
34995287, 8.6, 10, 谢谢您，阿嬷
02234761, 7.8, 14, 文化研究与大众文化研究
01040651, 7.3, 18, 理解害羞：心理透视
25769122, 7.3, 18, 美国国民性演变历程
06530476, 6.6, 29, 刷卡
26916521, 8.2, 11, 青少年自残行为
06766391, 6.6, 28, 自我催眠术
01489674, 6.1, 43, 一眼看出他的心
05983863, 6.3, 34, 不要对我说谎
27039343, 7.7, 13, 乌合之众2
04729484, 6.5, 27, 政治心理学
06266279, 6.2, 35, 你的优雅价值无限
07054008, 8.2, 10, 社会与人格心理学研究方法手册
34780727, 7.6, 13, “剁手”心理学：如何在与客户的心理博弈中，获得更多
05328010, 6.5, 26, 自己拯救自己
01551552, 7.4, 14, 精神病学的人际理论
03110222, 7.1, 16, 中国社会心理学
01133990, 6.4, 26, 社会心理学
01385361, 7.2, 14, 迷文化
25918503, 7.2, 14, 孤独的人是可耻的
21372209, 7.4, 12, 社会心理学 挑战你的成见
24295780, 7.3, 12, 城市人
04826632, 6.2, 25, 我不是教你骗
05984731, 7.1, 13, 消费时代女性身体形象的建构
26271655, 6.0, 29, 阴谋论
02972703, 7.4, 10, 囚犯的兩難
01177260, 6.4, 16, 社会心理学
02997990, 6.8, 12, 影视受众学
04833360, 6.8, 12, 心理解码
06758205, 6.7, 11, 魅力心理学
10493158, 5.4, 29, 烦
04872256, 6.4, 12, 偏见心理学
26909294, 6.1, 13, 抑郁症在中国产生的社会学分析
25841945, 6.2, 10, 转型心理学
19956269, 5.8, 13, 100個照著做一定會分手的方法
06436874, 4.5, 17, 社会心理学导论
01080423, 0.0, 10, 充满张力的生活空间-勒温的动力心理学
01870481, 0.0, 10, 官僚政治
02006725, 0.0, 10, Modernity and Self-identity
02285827, 0.0, 10, Generation Me
02906479, 0.0, 10, Age of Propaganda
06887741, 0.0, 10, The Social Animal
06946599, 0.0, 10, 爱里说诚实话
25858257, 0.0, 10, 电影的历程
26384705, 0.0, 10, Open Source Intelligence Techniques
01044479, 0.0, 11, 权力规则(中国历史上的官场游戏)
01087137, 0.0, 11, 大众传播心理研究
01130170, 0.0, 11, 群体动力学
25763438, 0.0, 11, 心理学统治世界3
01087151, 0.0, 13, 精神创伤之后的生活
26028565, 0.0, 13, 做人之道
04733964, 0.0, 14, 社会认知-人怎样认识自己和他人
10775219, 0.0, 14, 情感、叙事与修辞
34824792, 0.0, 14, 影响国家创新能力的宏观社会生态因素：生命史理论的扩展假说
04292893, 0.0, 15, 社会心理学
