2020-07-05 16:00:12

number of books, tag name
923, 社科

ID, rating, votes, title
25985021, 9.1, 131617, 人类简史
01041482, 8.9, 143759, 万历十五年
01003479, 9.2, 43017, 中国历代政治得失
01795079, 9.2, 36599, 乡土中国
20424526, 9.2, 29827, 邓小平时代
07060185, 9.0, 37399, 江城
03162991, 9.6, 14971, 艺术的故事
26576861, 9.0, 25136, 最好的告别
01012611, 8.2, 98211, 乌合之众
01013208, 8.4, 63346, 如何阅读一本书
03410718, 9.2, 16164, 美的历程
01813841, 8.7, 32091, 枪炮、病菌与钢铁
10471333, 9.0, 19515, 叫魂
01476651, 9.0, 17668, 社会心理学
26943161, 8.4, 41442, 未来简史
01022238, 8.2, 58121, 菊与刀
01139360, 9.3, 9404, 毛泽东选集 第一卷
01858568, 9.1, 12218, 罪与罚
01021273, 8.9, 15250, 中国哲学简史
05952488, 9.0, 12181, 亲密关系
06021440, 8.7, 18587, 黑客与画家
26712353, 8.6, 20747, 血疫
01225977, 8.9, 12731, 全球通史（第7版 上册）
01476213, 9.4, 6171, 中國近代史（上冊）
01277981, 8.8, 13601, 社会契约论
03344676, 8.1, 42994, 常识
20501147, 9.3, 6502, 中国哲学简史
03283983, 9.3, 6319, 乡土中国
20507206, 9.1, 8207, 众病之王
01060774, 8.7, 14597, 君主论
01261560, 9.0, 9208, 国富论
26390842, 8.6, 15085, 哲学家们都干了些什么
33424487, 8.9, 9324, 时间的秩序
03697494, 9.1, 6558, 洞穴奇案
06401128, 8.9, 8505, 批评官员的尺度
30183051, 8.3, 21601, 鱼翅与花椒
10758290, 9.4, 4376, 东晋门阀政治
26585065, 9.4, 4308, 亲密关系
26319730, 8.5, 15011, 娱乐至死
20395476, 9.2, 5072, 乡土中国
26901114, 9.2, 5037, 中国国家治理的制度逻辑
06712255, 8.9, 7158, 天真的人类学家
01000534, 9.2, 4695, 中国少年儿童百科全书
11445548, 8.5, 12512, 自私的基因
01025723, 8.3, 15891, 潜规则
01325507, 9.0, 5558, 江村经济
01310228, 9.2, 4102, 乡土中国 生育制度
04745949, 8.7, 7795, 第二性Ⅰ
20441569, 9.3, 3513, 被淹没和被拯救的
26863404, 9.1, 4321, 美丽新世界
05325618, 8.4, 11282, 高效能人士的七个习惯
25881102, 8.8, 5477, 独裁者手册
02032141, 9.0, 4122, 陈寅恪魏晋南北朝史讲演录
30280804, 8.4, 9205, 薛兆丰经济学讲义
25822105, 8.3, 10266, 无缘社会
01315190, 8.8, 4907, 想象的共同体
25912076, 9.2, 2946, 叫魂
06892579, 8.4, 8649, 美国种族简史
30116399, 9.5, 2060, 跨越边界的社区（修订版）
27599025, 8.9, 4146, 激荡三十年
30259720, 8.1, 12984, 今日简史
01006560, 8.2, 10934, 血酬定律
01125026, 9.3, 2402, 毛泽东选集 第二卷
06558202, 9.0, 3440, 容忍与自由
01041993, 9.2, 2635, 中国少年儿童百科全书
06110110, 9.2, 2602, 社会契约论
27116307, 8.5, 5917, 长乐路
14439405, 8.9, 3428, 哲学的故事
26945094, 8.7, 4335, 未来简史
30199434, 8.3, 7666, 原生家庭
20395460, 9.2, 2301, 江村经济
01269900, 8.1, 10335, 活法
01657455, 8.6, 4790, 论人类不平等的起源和基础
27007549, 8.4, 6358, 中央帝国的财政密码
26314954, 8.7, 3965, 光荣与梦想（套装共4册）
04199761, 8.3, 6906, 重新发现社会
26658395, 9.2, 2015, 政治学通识
01147347, 8.8, 3097, 改变心理学的40项研究
26897747, 8.3, 6165, 黑旗
01054760, 8.9, 2700, 枪炮、病菌与钢铁
26314627, 8.9, 2656, 万物：创世
05317075, 7.1, 57684, 蔡康永的说话之道
26296352, 8.9, 2628, 财富之城
11636077, 8.4, 5089, 饥饿的盛世
02081876, 7.2, 43595, 货币战争
01829836, 7.7, 15125, 品三国（上）
10575976, 8.7, 2963, 中国近代史
25971624, 8.7, 2913, 政治秩序的起源
26363926, 8.7, 2906, 何为良好生活
27624390, 8.4, 4110, 云彩收集者手册
33385402, 8.1, 6415, 事实
01274469, 8.4, 4020, 自杀论
20394150, 8.9, 2081, 八次危机
34460345, 8.1, 6170, 李银河说爱情
02042907, 7.8, 10016, 品三国（下）
25863621, 8.0, 6895, 异类
02328178, 9.0, 1759, 态度改变与社会影响
02060491, 8.9, 1976, 逻辑学导论
01139359, 9.1, 1561, 毛泽东选集 第四卷
30276984, 9.1, 1551, 女性主义
20376550, 9.1, 1530, 科学革命的结构
03688489, 7.7, 10997, 异类
01016864, 8.9, 1800, 士与中国文化
01068912, 8.4, 3268, 中国文化的深层结构
33408247, 8.2, 4304, 病毒星球
26743265, 8.8, 1928, 枪炮、病菌与钢铁
27156017, 8.6, 2454, 扫地出门
30223629, 8.9, 1659, 椰壳碗外的人生
27139938, 8.7, 2066, 哲学·科学·常识
01009529, 8.8, 1826, 毛泽东、斯大林与朝鲜战争
30394971, 9.4, 943, 论自由
02150432, 9.1, 1277, 韦伯作品集Ⅻ:新教伦理与资本主义精神
01418648, 8.4, 2981, 胡适口述自传
27045287, 8.7, 2014, 谁在世界中心
01085366, 9.2, 1129, 组织社会学十讲
06436972, 9.1, 1252, 中国文化要义
26700104, 8.5, 2548, 穿越百年中东
03908032, 7.3, 18031, 怪诞心理学
01056867, 9.1, 1235, 政治学
03025921, 7.7, 8383, 黑天鹅
26897464, 8.0, 5101, 小岛经济学
01277259, 8.6, 2137, 社会学的想像力
01063736, 8.4, 2729, 人类的故事
01804960, 9.2, 1057, 社会与政治运动讲义
10773362, 8.1, 4094, 随机漫步的傻瓜
26692468, 8.3, 3035, 智识分子
27167992, 8.1, 3911, 见识
21325858, 8.8, 1557, 文明的冲突
04112632, 8.2, 3283, 活法（修订版）
30411849, 8.6, 1917, 棉花帝国
27111185, 8.0, 4363, 女性贫困
04850629, 8.6, 1884, 言论的边界
01089854, 8.3, 2710, 城市意象
04115323, 8.7, 1601, 论人类不平等的起源
26435040, 8.3, 2557, 世界秩序
26949210, 8.2, 2933, 如果没有今天，明天会不会有昨天？
03725829, 8.8, 1347, 国富论
03689168, 9.0, 1057, 社会学（第五版）
01223897, 9.2, 852, 实践理性批判
01315258, 9.1, 937, 中国古代服饰研究
26368104, 9.1, 897, 乡土中国
01013369, 7.6, 6551, 格调
01035165, 9.2, 803, 忧郁的热带
26810557, 8.8, 1220, 想象的共同体
02287712, 8.8, 1210, 美国精神的封闭
27007881, 7.9, 3851, 乡下人的悲歌
30389969, 8.4, 1898, 女性与权力
30441554, 9.1, 820, 六论自发性
01025001, 8.4, 1816, 东方学
27084077, 9.0, 908, 利奥波德国王的鬼魂
26799348, 8.1, 2682, 演讲的力量
23774527, 9.2, 732, 时代的精神状况
30311816, 8.0, 3058, 荒诞医学史
04809955, 8.6, 1352, 常识
25777331, 8.5, 1518, 美国十讲
30421672, 9.4, 572, 现实的社会建构
26852425, 8.7, 1164, 什么是科学
26410016, 8.6, 1296, 金翼
25708708, 9.0, 822, 如彗星划过夜空
34952676, 8.3, 1840, 苏世民：我的经验与教训
30353486, 7.8, 3736, 认知天性
05944383, 9.2, 667, 乡土中国
30441530, 8.8, 997, 打开
21964791, 8.4, 1585, 两次全球大危机的比较研究
34204669, 8.2, 2001, 日本人为何选择了战争
01181216, 9.3, 580, A Global History
04212276, 8.5, 1336, 苏联的心灵
06859959, 9.0, 765, 健全的社会
30459652, 8.5, 1324, 十问
01280568, 8.8, 939, 毛泽东与莫斯科的恩恩怨怨
34948951, 7.9, 2924, 大话西方艺术史
27025626, 9.1, 682, 君主论
30383694, 7.7, 3877, 进击的智人
26826089, 8.2, 1854, 那些古怪又让人忧心的问题
20375356, 9.1, 661, 论美国的民主
01082457, 9.2, 596, 美学（第一卷）
26806801, 9.2, 596, 告别百年激进
26278816, 8.9, 793, 耶鲁大学公开课 : 政治哲学
34449288, 9.3, 535, 20世纪思想史
34895571, 8.1, 1995, 饱食穷民
03432401, 7.9, 2622, 苦难辉煌
34988734, 9.1, 618, 走出唯一真理观
26337444, 8.4, 1316, 论人类不平等的起源和基础
26653673, 8.4, 1308, 必然
34896921, 9.2, 555, 父权制与资本主义
11444302, 9.0, 650, 南方周末特稿手册
30143251, 7.7, 3279, 老后破产
26943381, 9.4, 437, 世界的苦难
20373351, 8.1, 1792, 城市的胜利
01032085, 9.1, 573, 社会性动物
01392562, 8.6, 963, 康德哲学讲演录
01036297, 7.8, 2681, 同性恋亚文化
26331553, 8.5, 1067, 非暴力沟通
06858527, 7.7, 3080, 格调
26665157, 8.9, 683, 当代中国政府与政治
24716176, 8.3, 1339, 一只特立独行的猪
33474750, 9.2, 507, 浪潮之巅（第四版）（上下册）
30276702, 8.1, 1689, 中央帝国的哲学密码
27037182, 8.6, 908, 纽约无人是客
30441545, 8.8, 727, 人行道王国
26865819, 8.3, 1265, 景观社会
03184336, 8.0, 1846, 民主四讲
26529831, 8.2, 1398, 忏悔录
30244461, 8.1, 1568, 规模
26592899, 8.6, 851, 政治秩序与政治衰败
01340429, 8.2, 1366, 女性主义
25947310, 7.7, 2684, 21世纪资本论
10446295, 8.0, 1721, 权力
30309618, 9.4, 378, 学术与政治
01171881, 8.1, 1495, 有闲阶级论
25900802, 7.6, 3055, 我在底层的生活
27025729, 9.0, 536, 天生幸存者
03064047, 8.8, 648, 西方文化概论
06004480, 9.1, 478, 周易
01796672, 8.2, 1255, 万古江河
26707803, 8.2, 1229, 千面英雄
35013439, 9.2, 423, 血殇
26696539, 9.3, 384, 历史深处的忧虑
27176880, 9.0, 503, 码书
25923695, 8.0, 1530, 电车难题
06507262, 7.4, 3755, 如何让你爱的人爱上你
03435537, 8.7, 666, 大流感
30205907, 9.0, 493, Factfulness
27136549, 8.7, 655, 思想史
10785860, 8.6, 727, 现代性
26952828, 8.4, 906, 演员的自我修养
02222030, 8.0, 1459, 生活中的经济学
25809012, 8.0, 1455, 爱的博弈
34464674, 8.9, 521, 万物发明指南
25764449, 8.5, 789, 社会学的邀请
04230636, 8.3, 992, 不平等的童年
30348068, 8.5, 759, 无规则游戏
27119171, 8.3, 949, 成吉思汗与今日世界之形成
02138608, 8.7, 606, 中国社会中的宗教
25859093, 7.8, 1795, 自由的老虎
05941341, 8.5, 735, 全球“猎身”
26323176, 9.4, 310, 1844年经济学哲学手稿
30161884, 7.6, 2301, 贫穷的本质
06157548, 7.5, 2655, 房间里的大象
20473872, 8.3, 892, 幻影公众
02159604, 8.2, 1000, 寻访行家
07064561, 9.0, 425, Thinking Fast and Slow
30389924, 7.9, 1457, 爱欲之死
27082415, 8.3, 875, 恋恋风尘
01918220, 8.1, 1108, 性与性格
30122152, 8.9, 459, 小镇喧嚣
33436178, 8.4, 756, 寂静的孩子
26823033, 8.3, 841, 梦的解析
25903866, 7.7, 1791, 唐朝定居指南
33442259, 7.9, 1339, 倦怠社会
30271098, 9.2, 320, 最危险的书
25971616, 8.0, 1122, 没有宽恕就没有未来
27125070, 7.5, 2252, 高敏感是种天赋
22182576, 7.5, 2227, 中国缺什么，日本缺什么
03815282, 8.8, 449, 技术与文明
01024810, 8.0, 1090, 印度：受伤的文明
34984693, 8.1, 957, 剧变
26586149, 9.3, 285, 国富论
19895831, 8.2, 848, 新教伦理与资本主义精神
34786067, 7.9, 1230, 伦敦人
01936434, 8.3, 751, 德国
34808973, 8.6, 541, 乌合之众
26371591, 8.1, 942, 常识
34778568, 9.1, 333, 海错图笔记·叁
01004554, 7.3, 2889, 中国的男人和女人
02173201, 8.2, 816, 停滞的帝国
04114636, 8.3, 724, 性学观止（上下册）
04154013, 8.9, 390, 血疫
30376593, 8.2, 811, 当下的启蒙
25756932, 7.4, 2402, 两个故宫的离合
26594366, 8.1, 906, 魔鬼数学
34876107, 7.9, 1165, 无处安放的同情
03507422, 8.6, 516, 萧条经济学的回归和2008年经济危机
30423925, 9.3, 271, 学术与政治
34613713, 9.1, 317, 给仰望者的天文朝圣之旅
26674037, 8.4, 621, 为人文教育辩护
04293302, 9.5, 226, 眾神的植物
27101663, 8.8, 410, 权力与特权
25831406, 8.4, 616, 陌生的中国人
27116331, 7.7, 1447, 瘟疫与人
01474936, 8.6, 481, Watching the English
02975939, 7.4, 2170, 论扯淡
01197956, 8.9, 356, 权力论
25790421, 8.1, 822, 红雨
30383755, 7.5, 1834, 弱传播
04821765, 8.1, 811, 火星上的人类学家
30395243, 7.8, 1172, 爱的艺术
26905777, 8.4, 566, 一个孤独漫步者的遐想
30354900, 9.5, 207, 德国
27664289, 8.9, 341, 不平等的童年
27058538, 8.3, 616, 群居的艺术
03786363, 8.6, 448, 沉思录
26772504, 9.0, 307, 礼物
06897379, 9.1, 281, The Psychology Book
26584021, 9.1, 279, 革命年代
01051386, 8.4, 544, 大国政治的悲剧
03424266, 8.8, 361, Flow
01216455, 8.6, 437, 社会学(第4版)
26786410, 7.8, 1078, 超级版图
26806808, 9.3, 226, 人性论
30309616, 9.2, 245, 新教伦理与资本主义精神
02567964, 8.5, 461, 道德的重量
26269564, 9.4, 207, 中国历代政治得失
04139460, 8.3, 568, 国民党高层的派系政治
26834083, 8.1, 706, 伟大的中国工业革命
26801839, 8.4, 499, 1493
34442420, 8.2, 613, 色彩的秘密生活
34879976, 8.3, 548, 什么是民粹主义？
26872888, 7.3, 2013, 人类砍头小史
27056339, 9.0, 275, 君主论
26979435, 8.7, 360, 东风
33460971, 8.6, 394, 画地为牢
05349588, 7.7, 1104, 单向街 003
26872634, 8.1, 668, 思辨与立场
26606365, 8.1, 657, 城中城
02301436, 7.9, 835, 不顾诸神
26319391, 8.1, 656, 金融的逻辑1
26974841, 9.0, 267, 人的境况
26148300, 9.0, 266, 新闻的十大基本原则（中译本第二版）
26652242, 7.7, 1068, 文明是副产品
30384422, 8.6, 380, 臣服实验
27026379, 7.8, 922, 黎明破晓的世界
33387422, 7.4, 1602, 后真相时代
03402992, 8.0, 703, 历史大脉络
01427058, 10.0, 121, The Feynman Lectures on Physics
20645157, 7.1, 2471, 知日·妖怪
30354245, 7.6, 1145, 注定一战
34800351, 6.7, 5145, 半小时漫画经济学
30296440, 9.3, 193, 数学简史
25899658, 9.1, 226, 人类的破坏性剖析
33450028, 8.0, 666, 天才为何成群地来
26902374, 8.8, 291, 知识分子论
21967237, 9.5, 165, 论美国的民主
34949339, 8.3, 470, 致命流感
25963469, 8.4, 422, 好好讲道理
26948144, 7.2, 1960, 格调
01255434, 8.1, 576, 上瘾五百年
30310479, 8.8, 284, 态度改变与社会影响
26806961, 7.9, 726, 社交天性
33385896, 8.1, 573, 技术垄断
27143471, 8.1, 568, 12 Rules for Life
26931151, 7.8, 813, 被误诊的艺术史
26409445, 9.2, 200, 政治学说史（上卷）
25963767, 9.1, 216, Sapiens
26609474, 7.5, 1188, 八卦医学史：不生病，历史也会不一样
27624439, 7.6, 1017, 如何写影评（插图修订第8版）
26891290, 7.7, 889, 哈佛极简中国史
30306978, 8.5, 359, 讲给大家的中国历史02
30206003, 8.3, 439, 21 Lessons for the 21st Century
06038174, 9.1, 209, 反景入深林
30365847, 7.6, 1002, 博物馆里的极简中国史
26907626, 8.6, 321, 社会契约论
26545443, 8.0, 601, 自由的基因
26832063, 7.9, 671, 后物欲时代的来临
23860707, 8.6, 317, 中国当代社会阶层分析
03370214, 8.1, 524, 深奥的简洁
01394499, 8.3, 422, Good to Great
34449286, 9.4, 159, 浪漫主义的根源
20499301, 8.2, 460, 政治的历史与边界
10744224, 9.1, 199, 文明与缺憾
26804793, 7.6, 935, 她身之欲
25708550, 8.1, 496, 知识分子与社会
02253697, 7.6, 898, M型社会
30265800, 8.4, 356, 平常的恶
26606364, 8.6, 293, 第三种黑猩猩
30261591, 8.1, 486, 美丽的标价
25871715, 8.0, 543, 性学入门
27045310, 8.6, 290, 像人类学家一样思考
30137402, 8.9, 222, 马克思与《资本论》
03334723, 7.7, 769, 谣言
01860946, 8.7, 261, 白领
01263494, 7.9, 594, 男人来自火星，女人来自金星
26865732, 8.4, 345, 纳粹医生
25762630, 9.1, 185, 社会契约论
30262316, 8.9, 215, 虽然人人都说暴力不好（14岁懂社会系列）
02995283, 7.3, 1278, 脏话文化史
26845761, 8.6, 278, 神话修辞术
04115340, 8.3, 369, 毛泽东箴言
27101895, 8.3, 367, 自我关怀的力量
33408124, 8.6, 272, 人类起源的故事
01936433, 8.2, 400, 俄罗斯
02068710, 8.2, 397, 国家的兴衰
33463965, 7.4, 1036, 工作漂流
26741236, 8.1, 433, 推理的迷宫
03410842, 8.5, 287, 继承与叛逆
27000191, 7.7, 685, 自下而上
27197865, 7.5, 888, 简单统计学
04120388, 7.5, 887, 中国女性的感情与性
30325465, 9.4, 136, 江村经济（插图导读版）
30263503, 8.6, 259, 真確
34935089, 9.5, 126, “医学大神”文库本系列
26819554, 9.1, 168, 容忍与自由
24758859, 8.9, 195, 新政治经济学讲义
26362202, 8.2, 371, 破案后
30133467, 9.1, 164, 查拉图斯特拉如是说
10546525, 9.6, 114, 不含傳說的普魯士
03354703, 7.9, 506, 应该读点经济学
02122937, 8.8, 207, 在幻想锁链的彼岸
26845608, 9.4, 130, 我也有一个梦想
26544961, 7.8, 565, 24/7
26652340, 8.6, 246, 信任论
06559258, 7.9, 501, 西方将主宰多久
30367953, 7.6, 710, 专家之死
26184836, 7.9, 493, 朱雀
26845607, 9.3, 137, 如彗星划过夜空
26968875, 7.3, 1056, 用地图看懂世界格局
27601528, 8.8, 201, 流动的现代性
04031687, 7.6, 700, 岩松看美国
03023839, 8.0, 434, 苦痛和疾病的社会根源
26042854, 7.5, 781, 理智向左 疯狂向右
25858710, 8.1, 377, 为什么？
01274030, 7.7, 586, 人口原理
30340892, 7.7, 585, 菊与刀
27174411, 7.8, 512, 思维简史
26629064, 8.7, 207, 芝加哥大学论文写作指南
26849213, 8.8, 190, 言论的边界
03082580, 9.9, 87, The Spirit of Chinese Politics
01962680, 6.9, 1818, 下流社会
34907824, 9.1, 148, 第三帝国的兴亡
34917818, 8.9, 171, 人类灭绝之后
27178073, 7.4, 811, 知识的错觉
25953932, 7.9, 434, 第二次机器革命
27616926, 8.6, 215, 给无价的孩子定价
34857216, 8.7, 196, 传统的发明
20367006, 8.5, 232, 理想国
26733566, 7.6, 589, 知识大融通
03071770, 8.2, 300, 社会分层十讲
10788787, 8.1, 330, 乌合之众
33422844, 8.1, 330, 人类网络
27624387, 7.1, 1153, 异类的天赋
25794332, 8.1, 326, 反社会的人
34853883, 7.7, 504, 小顾聊印象派
27092641, 8.0, 358, 人类群星闪耀时
26901444, 8.3, 263, 合作的进化
30207001, 9.3, 115, 历史学十二讲（增订本）
26954757, 8.1, 316, 乳房
01323266, 8.6, 197, 大陆法系(第二版)
04130905, 8.4, 235, 生育与村落文化
27197932, 8.8, 166, 拜占庭的新生
33380604, 8.4, 234, 国家的视角
26826786, 8.2, 279, 社会学的想象力
30424945, 7.8, 423, 当代中国社会分层
25814894, 7.7, 474, 单向街005
01459390, 9.3, 111, 弗洛姆文集：我相信人有实现自己的权利
34869664, 8.2, 275, 从“天下”国家到民族国家
30406623, 8.9, 147, 国家兴衰
30125592, 9.0, 135, 发现的乐趣
26443813, 7.8, 408, 沉疴遍地
34762471, 8.6, 184, 说书人与梦工厂
20480678, 6.9, 1356, 逆转
30434010, 7.5, 563, 社交媒体简史
34866852, 9.3, 105, 福柯：关键概念
26738993, 7.6, 488, 易中天中华史：从春秋到战国
34925762, 7.0, 1100, 钱从哪里来
26275049, 7.6, 480, 法医，警察与罪案现场：稀奇古怪的216个问题
26989588, 9.6, 84, 西方思想史
27070172, 9.9, 70, 哲学的历程
30212306, 8.3, 225, 隔间
20625420, 7.9, 336, 怀疑的时代需要怎样的信仰
01116326, 7.3, 690, 人是机器
26698058, 8.6, 170, 总统是靠不住的
26821429, 8.9, 133, 联邦论
11583756, 8.4, 201, 知日的风景
26672408, 6.5, 2490, 本书书名无法描述本书内容
34931986, 6.9, 1216, 怪奇事物所
05921664, 7.0, 1035, 中国社会各阶层分析
26201896, 8.2, 240, 法学野渡
26760576, 8.4, 199, 清教徒的礼物
01010570, 7.5, 515, 人类学是什么
26945187, 8.3, 216, 人伦的“解体”
26606521, 7.1, 872, 日本第一
34858766, 7.9, 319, 大脑修复术
30394112, 7.9, 317, 破碎大地
25826755, 8.5, 175, 政治学与生活
25728153, 8.2, 229, 民主德国的秘密读者
25723254, 9.4, 89, 循环提问
05271385, 8.9, 126, Half the Sky
26652333, 8.2, 228, 代价论
01049946, 8.3, 206, 代价论
05924297, 8.9, 125, 美国革命的激进主义
04934611, 7.0, 959, 九型人格心灵密码学
34939373, 9.4, 88, 精神健康讲记
34918510, 7.3, 609, 我们为何结婚，又为何不忠
32567290, 8.6, 155, 别睡，这里有蛇
30262175, 7.7, 366, 我们时代的精神状况
03335663, 7.2, 677, 日本人与中国人
27603635, 8.5, 162, 人类的故事
34439461, 7.9, 284, 范志红：吃出健康好身材
01434521, 7.6, 392, 知识分子都到哪里去了
34942482, 7.7, 349, 假如你跳进一个黑洞里
33425193, 7.8, 311, 原因与结果的经济学
33434684, 8.5, 159, 急救，比医生快一步
25839996, 9.2, 93, 自由的未来
02255869, 8.0, 249, 小话西游
20394018, 8.8, 121, 君主论
26703422, 7.6, 360, 登天的感觉：我在哈佛大学做心理咨询
26944429, 8.8, 116, 资本主义
07056696, 8.1, 205, 我的大英百科狂想曲
10520050, 9.0, 98, Tiny Beautiful Things
27126163, 8.5, 142, 蝶变
25848953, 6.9, 860, 群体性孤独
30261434, 8.4, 153, 社会与经济
25774080, 7.5, 375, 谁在导演世界
20366369, 7.3, 480, 动物精神
30171307, 9.4, 73, 宇宙的结构
26279954, 7.0, 711, 知识的边界
26756219, 7.5, 367, 法律-牛津通识读本
01337874, 7.6, 326, 圣经的故事
26689753, 7.0, 702, 正义女神不睁眼
25714450, 8.2, 175, 自恋主义文化
25870947, 7.7, 286, 医学伦理-牛津通识读本
11519519, 8.6, 124, 人、国家与战争
34841405, 7.9, 230, 与恶魔对话
34941359, 8.6, 123, 君主论
30296200, 6.3, 2250, 低欲望社会
30268916, 7.1, 586, 过劳时代
27074730, 8.5, 132, 欧亚皇家狩猎史
34882254, 8.5, 132, 万物有灵
30488255, 8.4, 142, 独异性社会
03335668, 8.1, 185, 什么是西方
34808250, 9.5, 65, 被弃的意象
27623522, 8.5, 130, 经济学的著名寓言
26276468, 9.3, 73, 命运的求索
21372126, 8.4, 140, 菊与刀
34876354, 9.8, 54, 刑事诉讼法：规则 原理 应用
26327548, 8.4, 139, 重建的世界
01052175, 8.3, 151, 经济与社会（上卷）
19958275, 8.2, 164, 中国人的气质
01499641, 8.1, 179, The Crowd
26263824, 8.9, 93, 南京大屠杀全纪实
30141437, 9.1, 81, 国家精英
26260799, 7.9, 215, 农民自杀研究
03658068, 7.5, 330, 大众哲学
30484725, 7.7, 263, 议程
34840609, 7.4, 368, 广场与高塔
30335973, 8.5, 124, 魔球
25963084, 8.7, 105, 龙旗飘扬的舰队（甲午增订版）
24758492, 7.3, 402, 历史的惯性
26928018, 8.2, 155, 注意力曲线——打败分心与焦虑
26831320, 8.1, 167, 生命的未来
01548653, 9.3, 67, 瞿同祖法学论著集
30443381, 7.5, 302, 1分钟物理
34983206, 8.6, 106, 人类大瘟疫
06394591, 8.4, 124, 心理学史
30349090, 8.8, 91, 祖先的故事
30412497, 7.1, 478, 一个观点，不一定对
25767798, 8.2, 145, 论灵魂的激情
03264985, 9.4, 61, 社会理论和社会结构
26697886, 7.5, 289, 博物馆里的活色生香
03824580, 8.1, 156, 社会学与十个大问题
30217910, 7.3, 355, 反智时代
30270084, 9.2, 67, 中国鸟类图鉴
27096914, 8.1, 153, 高敏感是種天賦
30199351, 7.9, 184, 金钱暗流
26712843, 8.5, 109, 见树又见林
21318394, 8.7, 93, 论美国的文化
30230390, 7.0, 511, 咖啡瘾史
26336596, 10.0, 42, 公共理性与民主理想
03597412, 7.8, 197, 人类学的四大传统
30338155, 8.4, 115, 场景
02205871, 9.1, 68, 洞穴奇案
30200842, 8.6, 96, 文化与社会
25707650, 7.1, 411, 别想那只大象
34441071, 7.7, 205, 混乱的猴子
27192066, 8.9, 75, 为女权辩护
04189744, 9.3, 58, 农民工进城防骗手册
30427227, 9.1, 65, 彩虹
30389743, 8.7, 85, 不安之书
26657920, 8.0, 149, 法国人如何发明爱情
34900595, 8.5, 98, 食物探险者
01068569, 7.9, 162, 幽默人生
27609837, 8.1, 135, 第三次浪潮
26275825, 7.4, 272, 泰国通史
30420913, 8.2, 123, 美国官僚体制
01418295, 8.5, 96, 火星上的人类学家
27593874, 8.1, 133, 洁净与危险
34834428, 8.2, 122, 血夏
24720958, 7.2, 336, 东京迷上车：从橙色中央线出发
26592161, 7.5, 235, 优雅的辩论：关于15个社会热点问题的激辩
26827318, 7.2, 331, 一条改变世界的鱼：鳕鱼往事
25784370, 8.8, 75, 理性化及其限制
26472167, 7.6, 206, 梦的解析
25836351, 7.2, 323, 广告
01196074, 9.4, 51, 潘光旦文集
30255677, 9.4, 51, 西方政治思想的社会史：公民到领主
34446883, 8.5, 91, 人性中的善良天使
30355879, 7.3, 281, 大局观
33424495, 7.5, 224, 创世记
27028442, 7.2, 313, 你一定想知道的日本名词故事
34866949, 7.9, 143, 独霸中东
27074704, 8.5, 87, 福泽谕吉与日本近代化
34879908, 8.3, 101, 大幻想
26386366, 8.3, 99, 政治学百科
33384854, 7.5, 206, 暗知识：机器认知如何颠覆商业和社会
33408165, 8.3, 98, 新黑暗时代
30290031, 7.8, 151, 自私的基因
34786076, 7.3, 253, 英国下层阶级的愤怒
26921054, 9.6, 42, 劳工的力量
24878141, 7.2, 279, 心胜
27021986, 7.7, 158, 清醒(如何用价值观创造价值)(精)
34873198, 7.4, 215, 吃
30252632, 6.4, 847, 下流社会
26961851, 6.1, 1465, 灰犀牛
01676587, 7.3, 236, 魅力史:激发欲望与视觉征服的艺术
25733957, 7.3, 234, 权力的终结
03614418, 7.4, 208, 印度哲学祛魅
26910000, 9.4, 44, 暴力解剖
01205893, 7.4, 204, 失控的世界
30175692, 7.8, 136, 数字起源
30251703, 8.3, 89, 未来的冲击
33377094, 7.9, 124, 不会聊天就出局
30251645, 8.6, 71, 美國的反智傳統
34994974, 9.1, 51, 优雅的守卫者
27611890, 7.7, 146, 餐桌上的世界史
26261081, 8.0, 111, Men Explain Things To Me
26861859, 9.3, 45, 大师的手艺与绝活
01964729, 8.7, 65, 建国以来毛泽东文稿第1册
34841552, 7.7, 145, 暴力拓扑学
27194243, 8.9, 57, 资本主义与现代社会理论
34781254, 9.7, 36, 经济与社会（第一卷）
06439513, 7.0, 307, 简单的逻辑学
26773296, 7.1, 267, 魔鬼的牧师
34442845, 7.5, 169, 小镇美国
20383645, 8.6, 67, 复杂适应系统
30277464, 7.9, 115, 旁观者
01011708, 8.0, 105, 图像中的孩子
01025101, 7.6, 151, 中华帝国的法律
34835160, 8.2, 89, 万智有灵
25766901, 8.1, 95, 十字街头的知识人
04213540, 8.5, 70, 社会学与生活
30294526, 7.3, 202, 烧钱
30208072, 7.7, 134, 爱的悖论
01671271, 8.5, 69, 三农问题与世纪反思
07064376, 8.7, 60, 范式与沙堡
30354857, 8.7, 60, 说真话的勇气
34432031, 7.3, 196, 社群的进化
34862806, 7.6, 143, 创新化生存
33416293, 7.9, 108, 人性中的善与恶
27599388, 7.6, 142, 怪诞行为学2
33458407, 6.8, 357, 墨菲定律
26764585, 8.3, 78, 制度变迁的广义理论
21324973, 8.8, 55, 公共舆论
35006227, 8.8, 55, 人文主义地理学
01155910, 8.4, 71, 近代家庭的形成和终结
26059062, 7.8, 115, 游戏的人
27024429, 7.4, 169, 你所不知道的日本
30264650, 8.2, 82, 平等之路
26710380, 6.8, 342, 天才、狂人与梅毒
35059162, 8.4, 70, 了不起的古希腊
25861889, 7.6, 136, 婚姻史
27133193, 7.6, 135, 法学第一课
04862413, 8.3, 74, 中国社会学史
25858005, 8.5, 64, 未完的对话
26747797, 6.7, 380, 如何改变习惯
10570322, 7.5, 146, 印度通史
01060494, 7.4, 161, 西方文化史
33378023, 9.2, 41, 牛津国际关系手册
34893663, 7.8, 108, 中国的当下与未来
27029469, 8.1, 84, 人类的误测
01213573, 8.0, 91, 情爱论
01035422, 7.5, 142, 疾病改变历史
34868006, 7.3, 174, 没有思想的世界
30194498, 7.7, 117, 民主
30218268, 7.0, 245, 为什么是足球？
34847879, 9.3, 38, 自信社交
30269565, 6.9, 267, 格差社会
34940580, 7.9, 94, 工具，还是武器？
27090415, 8.2, 74, 人民公开课
30326100, 8.8, 49, The Laws of Human Nature
01072605, 7.6, 122, 大学的逻辑
27140869, 7.3, 161, 情绪勒索
33392625, 9.2, 38, MEMO2018
30489378, 9.1, 40, 中心与边缘
34970434, 9.1, 40, 拜占庭的巅峰
03236563, 7.8, 98, 当法律遇见爱
35030202, 8.2, 71, 童年
34974512, 9.5, 32, 一个利他主义者之死
35041459, 8.4, 61, 我们的脑子够用吗？
26983377, 7.0, 215, 第七感
06079390, 7.5, 124, 博弈论平话
26879358, 7.4, 135, 未来的工作
25750872, 8.6, 51, 面具之道
34816332, 9.3, 34, 观复嘟嘟（上下）（视频书）
26296718, 7.2, 163, 骑车去元朝
34456251, 7.5, 120, 空荡荡的地球
30354486, 7.0, 204, 惊奇与怪异
26970519, 7.8, 91, 哲学与政治之间谜一般的关系
34884945, 7.1, 176, 老鼠、虱子和历史
02224302, 8.1, 69, 新加坡为什么能(上下卷)
30460541, 7.9, 80, 警察
25717296, 9.1, 36, 用图像思考
26952920, 8.3, 59, 城市经济
26757715, 9.0, 38, 死亡、战争与献祭
24522665, 7.9, 79, 社会冲突
26299708, 8.5, 51, 追求意义的意志
02125040, 7.7, 93, 大趋势
34826220, 9.3, 32, 5000年文明启示录
34449268, 7.8, 85, 莱布尼茨、牛顿与发明时间
30422599, 7.9, 78, 一神论的影子
04817218, 8.6, 47, 知识论
01933647, 9.1, 35, 不许再卖
01005820, 7.2, 145, 瘟疫的故事
34618234, 8.9, 38, 无畏的雄心
30386364, 8.2, 59, 为什么速度越快，时间越少
34873566, 8.2, 59, 耶路撒冷三千年（全新增订版）
01978052, 7.9, 74, The Economic Naturalist
30267191, 7.3, 126, 现实主义者的乌托邦
26701756, 8.0, 67, 扫起落叶好过冬
01723439, 7.8, 77, 寸土必争
27017633, 9.2, 31, 二分心智的崩塌
03120447, 7.5, 99, 论对资产阶级的全面专政
26730646, 7.5, 99, 权力的悖论
26603022, 8.4, 49, 思想背后的利益
34897118, 8.8, 38, 审丑
26428574, 7.3, 118, 我者与他者
34976597, 7.2, 130, 叙事经济学
30409246, 7.8, 74, 爱自己是一辈子的修行
34900850, 7.4, 105, 废品生活
34790040, 8.9, 35, 中国政治思想史
26823941, 9.6, 24, 敢于尝试的勇气
24325337, 8.1, 56, 控制自然
31786619, 6.6, 244, 电影冷知识: 当我们谈电影时，我们在谈什么？
26657161, 8.5, 42, 怎样做开题报告
34910653, 8.5, 42, 发明自由
25886949, 9.3, 27, 从古典经济学派到马克思
33408162, 6.9, 161, 为什么不平等至关重要
27602073, 8.0, 58, 我最喜欢他了
30277217, 8.3, 47, 理想国译丛导读
30329569, 5.8, 866, 人类愚蠢辞典
30198390, 6.7, 203, 中年的意义
03057537, 9.1, 29, 蜡烛的故事
34451952, 8.8, 34, 少了一颗纽扣的米娜
26376984, 8.6, 38, 社会理论和社会结构
25781880, 7.7, 71, 重返巴格达
01073351, 8.2, 48, 中国七问
34989767, 8.6, 37, 风险社会学
26709637, 7.9, 59, 生活在极限之内
34908426, 7.5, 81, 日本社会的诞生（岩波日本史 第一卷）
30384531, 7.8, 62, 秩序
27104112, 7.0, 129, 铁血与音符
26584556, 8.0, 53, 宇宙的地图
27104181, 6.9, 142, 重拾交谈
33423720, 7.6, 70, 掘墓人
30161993, 7.1, 111, 本书书名无法描述本书内容（精装珍藏版）
34815616, 7.4, 83, 逆说美国的民主
25887853, 7.2, 99, 民主四讲
30219708, 7.6, 69, 错把妻子当帽子
26990872, 7.9, 54, Irresistible
33437507, 7.8, 58, 技术的真相
33658037, 8.5, 36, 奥威尔难题
30401281, 8.8, 30, 礼物
02548614, 9.0, 27, Tricks of the Trade
25919540, 7.6, 66, 星座之美
04712485, 7.0, 115, 复杂社会的崩溃
04853133, 8.6, 33, The Feminine Mystique
30258368, 8.9, 28, 以學術為志業
25931633, 7.5, 71, 靠近点，科学是最性感的世界观
02891507, 9.2, 24, A Conflict of Visions
34925413, 9.2, 24, 大众的反叛
30394074, 6.7, 157, 疯狂咖啡因
34900455, 6.4, 226, 别害怕一个人生活
34449460, 7.1, 99, 最好的亲密关系
04729288, 7.3, 81, 北部湾集结号
30180837, 8.9, 27, 论战争与和平
02060066, 7.4, 74, 社会变迁
04915938, 8.7, 30, 污名: 管理受損身分的筆記
34663235, 7.4, 73, 恐惧
24873026, 8.3, 37, 社会学概要（修订第3版）
27009591, 8.3, 37, A Little History of Economics
01326842, 6.6, 162, 黑皮肤，白面具
24298918, 6.6, 162, 选择理论
11586646, 8.4, 34, 恭王府风水大观
34429088, 8.1, 41, 无意识的文明
34808035, 7.4, 69, 名画日历2020
26681345, 7.8, 50, 贝尔实验室与美国革新大时代
34672218, 7.6, 58, 18个未来进行时
25896990, 7.6, 57, 性暴力史
34995584, 7.7, 52, 网上遗产
30142257, 7.4, 66, 议事的科学
01253619, 7.6, 56, 世界宗教
05336236, 7.9, 44, 偿还
27609290, 8.2, 36, 崩溃
34840520, 9.2, 21, 通鉴纪事本末（注译本）
27599393, 6.9, 103, 怪诞行为学3
33447344, 7.5, 58, 清华韩秀云讲经济
26820796, 7.4, 63, 西方的没落
33455212, 7.3, 68, 权贵
34990155, 7.7, 49, 时间之舞
11527050, 6.5, 157, 微反应
27077702, 5.7, 551, 故宫院长说故宫
33438815, 6.7, 121, 新城市危机
05312395, 8.2, 34, 乡村社会关键词
26895131, 7.4, 60, 西方哲学史
26644354, 7.7, 47, 日本的众神
27605710, 8.7, 25, Psychopath Free
27003001, 8.1, 35, 民主之门
27012638, 8.4, 29, The Future Is History
30483399, 7.1, 75, 柠檬、拍卖和互联网算法
01196242, 7.4, 57, 种姓与印度教社会
26603131, 6.9, 89, 男权的神话
26662813, 8.0, 36, 变革与习俗
30251648, 8.0, 36, 解讀民粹主義
04861749, 7.8, 41, 离异与回归
19957543, 8.6, 25, 社会思想的视角
34991851, 8.2, 31, 法老的宝藏
26337446, 7.7, 43, 倦怠社會
26960706, 7.2, 64, 中国体验
35024534, 9.9, 14, 形而上学俱乐部
27141044, 7.6, 46, BCG特训 : 培养人才的徒弟制
30427425, 6.5, 131, 电影
34826156, 9.7, 15, 经济与社会（第二卷）
26904576, 7.1, 69, 从有意义到有意思-《新周刊》生活观
25950143, 7.2, 63, 中国人的淡定从何处来
27102043, 8.4, 27, 对与错的真相
10430746, 7.6, 45, 中国婚姻家庭及其变迁
25870697, 6.9, 81, 国际移民
26421046, 6.2, 186, 游戏
26769569, 7.3, 56, 司法的细节
10775591, 9.3, 17, 中国古代经济史稿
32568720, 7.5, 47, 简朴的哲学
30415751, 6.6, 108, 低增长社会
05375760, 8.5, 24, 李大钊与中国马克思主义的起源
26871833, 7.7, 39, 创新力社会
25871916, 8.1, 30, 日本论
34917735, 8.1, 30, 日本：生存的艺术
30417764, 7.9, 34, 思想产业
06974828, 7.5, 45, Sex at Dawn
35017571, 7.6, 41, 岛屿传说
01773645, 8.7, 21, 濒临失衡的地球
35045205, 8.9, 19, 群众与权力
32705706, 8.5, 23, 国企混改新时代
04712511, 7.7, 37, 中国民族史
27181596, 8.4, 24, 选择生命
26461251, 8.2, 26, 参与观察法（修订版）
26659793, 8.2, 26, Black Box Thinking
01934223, 8.3, 24, 开放社会科学
26968005, 8.5, 21, 合作的复杂性
27017712, 8.1, 26, Unshakeable
34672466, 9.8, 12, 相对论之路
06128975, 8.0, 27, 行政法与社会科学
25709124, 8.0, 27, 安倍经济学
30206383, 8.1, 25, 从部曲到佃户
30479015, 7.7, 32, 锡安长老会纪要
25928213, 6.9, 60, 大学
27017965, 8.3, 22, 币缘论
27190212, 7.5, 36, 党的十九大报告辅导读本
34672541, 7.5, 36, 基因与命运
30377601, 6.5, 87, 怪诞行为学5：理智与金钱
34925410, 8.9, 16, 最后的希望之岛
05303984, 8.0, 25, What I Didn&#39;t Learn in Business School
34905549, 8.0, 25, 经济蓝皮书：2020年中国经济形势分析与预测
30280112, 6.5, 83, XWorld：未来进化
27182603, 7.5, 33, 品味之战
25740043, 6.2, 111, Leftover Women
34792447, 7.4, 35, 重症监护室
26617211, 7.7, 28, 古希腊语语法速记表·古希腊语基本词汇手册
26888775, 5.7, 224, 那些怪诞又实用的日常心理学
26871828, 7.8, 26, 在危机中崛起
26964517, 9.0, 14, 历史与社会
34994978, 7.8, 25, 感情研究指南
01950981, 7.0, 43, 与古人一起读广告
26346846, 6.6, 62, 雅典考古博物馆
06434866, 8.0, 20, 戦闘美少女の精神分析
28949676, 8.0, 20, 傷風敗俗文化史
30141426, 8.2, 18, 读懂中国改革1
01313218, 7.6, 25, 悲剧性选择
30205897, 8.1, 18, Bullshit Jobs
34926960, 9.2, 11, 操弄
03564059, 6.6, 50, 好莱坞
35015112, 8.1, 17, 金乡
34799133, 8.2, 16, 知日的风景:日本的历史文化与当下
30270573, 7.5, 23, 專業之死
26849211, 7.1, 30, 逃脱东京审判
30314038, 6.9, 35, Winners Take All
33474412, 7.9, 18, 魔鬼出没的世界
26911185, 8.0, 17, The Politics of Resentment
27034333, 6.8, 37, 全球现代性的危机
26810332, 7.0, 31, 亲密关系如何伤害我们
27609257, 8.9, 11, 意义与视觉
04778397, 7.2, 26, 务实求理（上下）
30426627, 7.3, 24, 如何描写情感
34908320, 6.8, 34, 语言的诞生
30229201, 8.4, 13, 乡愁
34859823, 7.0, 28, 女性情商课
30436119, 6.4, 46, 不可思议的印度
03018251, 6.3, 50, 早餐的革命
03066784, 7.6, 18, 中国先秦国家间政治思想选读
03271055, 7.6, 18, 客家研究导论
26316021, 7.8, 16, 社会心理学之旅
03354481, 8.2, 13, 中国学术大师系列
30354727, 5.9, 72, 墨菲定律
30256106, 6.0, 61, 数据的真相
33442955, 7.9, 14, 财富与贫困
02786770, 8.4, 11, Fame and Obscurity
04934458, 7.6, 16, Online Society in China
35000433, 6.6, 31, 元素周期表何以解释一切
01058173, 6.7, 28, 101个影响世人思想的经典寓言
26790614, 6.4, 35, 探秘古埃及
34989472, 8.0, 12, 音乐的故事
06105170, 6.5, 30, 盖世太保
01908880, 7.3, 17, 丹麦
11520893, 7.8, 13, 新工业国
34809855, 7.8, 13, 时光的倒影：艺术史中的伟大园林
26985010, 7.2, 18, 马克思为什么是对的
27034374, 7.3, 16, 不良女性主義的告白
21266825, 6.8, 22, 轻武器典藏手册
06858456, 6.0, 44, 麻辣经济学
27198023, 6.0, 41, 零工经济
25806950, 5.5, 71, 旧中国三教九流 ：艺人妓女嫖客
05344920, 6.6, 19, 语言人类学
26897354, 6.0, 27, 日本大发展时代启示录
27093913, 6.8, 14, 书淫艳异录（增补本）
35013916, 6.0, 23, 无辜者
10519243, 7.0, 11, 新经济学
04918248, 5.6, 17, 中国式寂寞
01419698, 0.0, 10, The Egyptian Book of the Dead
03927589, 0.0, 10, 艾滋病证人
05062976, 0.0, 10, 话说政治
23719925, 0.0, 10, 手眼通天－－世界歷史中的神秘共濟會 中港傳媒
26314122, 0.0, 10, 真實烏托邦
35000733, 0.0, 10, 通往北京的道路
27075415, 0.0, 11, 被拒絕的勇氣
24881203, 0.0, 12, 超越复仇
