2020-07-05 16:00:12

number of books, tag name
227, 神怪

ID, rating, votes, title
02295163, 9.0, 100635, 哈利·波特与死亡圣器
01029553, 8.9, 58704, 西游记（全二册）
03266609, 8.6, 56901, 流浪地球
04188697, 9.0, 24791, 子不语 1-2
04934332, 9.2, 14838, 子不语3
01882933, 8.1, 73253, 鬼吹灯之精绝古城
02298149, 8.4, 37439, 盗墓笔记3
03266344, 8.4, 34886, 盗墓笔记4
01061803, 9.2, 8166, 西游记
03426869, 7.8, 80129, 三生三世 十里桃花
03128104, 8.9, 9188, 游园惊梦
01926103, 8.0, 34243, 鬼吹灯之云南虫谷
03162527, 8.7, 10167, 魍魉之匣（下）
03162513, 8.4, 12451, 魍魉之匣（上）
01220219, 8.6, 9036, 阴阳师
01938591, 7.9, 27065, 鬼吹灯之昆仑神宫
01036397, 9.1, 3321, 全本新注聊斋志异（全三册）
02971446, 8.5, 6032, 桃花债 上
02213684, 8.3, 6975, 又一春
26775078, 9.0, 2547, 非人哉
05030403, 9.1, 2215, 子不語 2
01823533, 8.7, 3413, 山海经
02201813, 7.5, 19672, 藏地密码1
01221329, 8.5, 3537, 阴阳师·飞天卷
02267630, 8.3, 4107, 凯尔特的薄暮
01608873, 9.3, 1168, 山海經
01174703, 9.4, 989, 西游记
01009938, 7.8, 7021, 封神演义
05030405, 8.9, 1477, 子不語 1
03683898, 7.5, 9390, 向日葵不开的夏天
03330173, 8.7, 1581, 蛮荒记Ⅵ·刹那芳华
01626883, 8.2, 2893, 阅微草堂笔记
01958863, 8.5, 1698, 搜神記
02382074, 9.4, 642, 画集 百鬼夜行抄
01471809, 7.7, 4115, 饺子
03137544, 9.6, 425, 蟲師09
04197229, 8.1, 2147, 如意蛋 上
01070272, 8.3, 1641, 子不语
03137529, 9.5, 422, 蟲師03
02143945, 9.5, 420, 蟲師08
03137536, 9.5, 407, 蟲師06
03137531, 9.6, 368, 蟲師05
02049866, 9.0, 631, 山海经校注
04836601, 8.4, 1173, 扪虱谈鬼录
03137530, 9.5, 385, 蟲師04
03418469, 7.6, 3092, 怪谈
03071759, 8.0, 1617, 百物语
04197236, 8.1, 1402, 如意蛋 下
03253866, 7.9, 1807, 想象中的动物
01982553, 9.1, 446, 古本山海经图说（上下）
03227189, 8.4, 857, 宝珠诡话
03376908, 8.2, 1001, 图解日本妖怪大全（上下）
01451520, 7.5, 2237, 沙门空海之大唐鬼宴·卷之一·入唐
30395154, 8.8, 442, 苗疆道事1：饥饿年代
03264064, 8.3, 712, ぬらりひょんの孫 1
02272936, 8.5, 511, 图解山海经
01488377, 8.0, 882, 中华异想集·硃蛾
01760258, 7.6, 1436, 沙门空海之大唐鬼宴·卷之二·咒俑
01795067, 7.6, 1370, 沙门空海之大唐鬼宴·卷之四·不空
01778558, 7.6, 1280, 沙门空海之大唐鬼宴·卷之三·胡术
04312746, 8.1, 668, 如山魔嗤笑之物
03258458, 7.0, 3175, 贼猫
01232460, 8.5, 417, 花情曲
20473569, 7.0, 3096, 河神1·鬼水怪谈
01932401, 9.3, 195, 乱世铜炉
01094171, 8.5, 375, 山居之神
04202315, 8.7, 305, 六月十一日
25959500, 7.4, 1271, 百鬼夜行
03651353, 8.5, 336, 淮南子
03264071, 8.8, 254, ぬらりひょんの孫 (2)
01040608, 8.7, 265, 古本山海经图说
06355455, 9.7, 112, 蟲師 02
06804833, 8.3, 335, 说魂儿
04181114, 8.8, 203, ぬらりひょんの孫 (3)
06355633, 9.6, 107, 蟲師 03
11627841, 8.6, 226, 流浪神差 01
06357564, 9.7, 92, 蟲師 06
06355705, 9.6, 98, 蟲師 04
04181117, 8.7, 190, ぬらりひょんの孫 (4)
25770183, 9.3, 119, 流浪神差 05
06357456, 9.6, 96, 蟲師 05
03270898, 7.6, 554, 宛若梦幻
05979084, 8.8, 166, 子不語 3
25770184, 9.2, 121, 流浪神差 06
24863540, 9.1, 130, 流浪神差 03
20383691, 9.0, 139, 山海师2
03186539, 8.4, 229, 山海经译注（全二册）
26904095, 7.3, 781, 博物学家的神秘动物图鉴
11520725, 8.4, 224, 博物志（外七种）
25770185, 9.1, 124, 流浪神差 04
02270293, 9.1, 123, 拾遗记
03013954, 7.7, 446, 图解百魅夜行
02057758, 9.6, 85, 蟲師 08
01963114, 9.6, 84, 蟲師 07
25770186, 9.1, 116, 流浪神差 07
01260119, 8.7, 155, 隋唐嘉話 朝野僉載
11627851, 8.8, 141, 流浪神差 02
01049232, 9.2, 102, 中国神怪故事大观
02235872, 9.4, 89, 天地劫:神魔至尊传(CD-ROM)
03724378, 8.4, 185, 欢迎来到童话世界
21869680, 8.6, 152, 镇魂街3
26689267, 7.7, 361, 苗疆蛊事大结局上
25813434, 9.1, 103, 流浪神差 09
04228449, 8.0, 256, 鲲与虫
06357569, 9.7, 69, 蟲師 09
06357653, 9.7, 69, 蟲師 10
03040272, 8.4, 174, 幽明录
25813068, 8.9, 105, 流浪神差 08
06720787, 8.1, 204, 封神演义
03081636, 9.3, 77, 百鬼夜行抄 1巻
02303242, 7.8, 261, 博物志
25815879, 9.1, 84, 流浪神差 10
01558973, 8.1, 174, 中国方术考
01020905, 8.5, 123, 西藏的神灵和鬼怪
02382960, 8.4, 132, 阅微草堂笔记
01442764, 8.3, 140, 沙門空海之唐國鬼宴【卷八】鬼宴
01432209, 8.4, 126, 沙門空海之唐國鬼宴【卷之五】胡術
02267375, 8.1, 163, 少年陰陽師_01_異邦的妖影
01434112, 8.3, 132, 沙門空海之唐國鬼宴【卷之六】幻法
26325784, 9.1, 69, 流浪神差 12
01437309, 8.2, 131, 沙門空海之唐國鬼宴【卷之七】不空
27001725, 9.1, 66, 古神话选释
04259252, 8.5, 100, ぬらりひょんの孫 6
10488587, 7.8, 183, 搜神记
04276472, 8.5, 96, ぬらりひょんの孫 9
04259248, 8.4, 103, ぬらりひょんの孫 5
25937929, 9.0, 65, 流浪神差 11
26783263, 10.0, 37, 流浪神差 14
03154019, 8.1, 123, 結界師01
25731802, 8.6, 80, 山海师3
06519063, 7.4, 228, 降灵家族
02252955, 8.4, 87, 穆天子传.神异经.十洲记.博物志
04275055, 8.2, 99, 奥德赛
03179399, 7.6, 160, 神国日本
01749258, 8.5, 74, 搜神记.世说新语
03082101, 9.5, 40, 百鬼夜行抄 2巻
03154049, 8.7, 62, 結界師16
26437875, 9.1, 48, 流浪神差 13
02280536, 7.3, 195, 一本神经
04290431, 7.8, 113, 雨月物語 (全)
03154050, 8.8, 53, 結界師17
26783264, 9.9, 29, 流浪神差 15
01664113, 8.5, 62, 金银岛·化身博士
03056742, 7.4, 154, 盗听狐说
03154052, 8.8, 50, 結界師18
03161419, 8.8, 50, 結界師20
01048526, 7.2, 186, 三遂平妖传
03287836, 8.9, 46, 結界師21
01548216, 7.8, 97, 醉茶志怪
03835559, 6.7, 316, 怪谈
03154032, 8.5, 55, 結界師07
04030178, 8.5, 55, 摩合罗传Ⅱ·水澜
03154047, 8.7, 48, 結界師15
03154053, 8.7, 48, 結界師19
03539145, 8.8, 45, 百鬼夜行抄 17巻
03154035, 8.5, 54, 結界師09
26803331, 9.5, 30, 流浪神差 16
03154034, 8.4, 55, 結界師08
02298523, 7.1, 169, 罗摩衍那的故事
03154041, 8.4, 51, 結界師12
03154046, 8.4, 51, 結界師14
03154030, 8.3, 54, 結界師06
03088469, 9.6, 26, 百鬼夜行抄 6巻
02263311, 8.0, 67, 博异志 集异记
02341972, 8.1, 60, 三个怪物
03154026, 8.3, 52, 結界師04
02217938, 8.5, 45, 搜神记.世说新语
26780843, 7.5, 96, 鬼滅の刃 1
03144479, 7.8, 74, 我家有個狐仙大人 01
03154040, 8.3, 51, 結界師11
03154044, 8.3, 51, 結界師13
04030179, 8.1, 58, 摩合罗传Ⅰ·啖鬼
03154029, 8.2, 54, 結界師05
03545591, 8.5, 44, 結界師22
03862252, 8.8, 36, 百鬼夜行抄 18
03154039, 8.3, 49, 結界師10
06720812, 7.3, 110, 镜花缘
01196880, 9.1, 30, 山海经注证
06711792, 7.7, 74, 独活十年
19894911, 8.4, 44, 结界师35
25818480, 9.5, 24, 中国神话母题索引
01345458, 8.3, 46, 中國妖怪事典
04190414, 8.5, 40, 結界師25
03931948, 8.3, 45, 摩合罗传Ⅲ·寻香
03154022, 7.9, 59, 結界師02
05991509, 8.4, 41, 妖怪少爺 15
03927884, 8.4, 39, 結界師24
04215274, 8.4, 38, 結界師26
03808220, 8.2, 39, 結界師23
26820520, 7.6, 59, 鬼滅の刃 2
03102239, 8.3, 35, 山海经校译
20425444, 7.5, 60, 饥饿的路
25720030, 8.5, 29, 虎×鹤 妖师录 01
10761448, 7.1, 69, 雌雄怪盗·下
01079444, 7.8, 39, 神灵与祭祀
01096348, 7.8, 38, 中国佛教诸神
04883589, 7.8, 37, 鬼话
03059604, 7.5, 45, 济公全传
03144568, 7.7, 36, 我家有個狐仙大人 03
03274630, 9.3, 15, 中国的神话世界
03619845, 7.2, 50, 白蛇全传
03144577, 7.4, 38, 我家有個狐仙大人 04
03008251, 7.0, 51, 四游记
01446967, 8.8, 16, 山海经
03144546, 7.4, 35, 我家有個狐仙大人 02
35058203, 8.4, 19, 有妖气
01124683, 8.0, 23, 镜花缘
01222440, 7.6, 29, 镜花缘
04842531, 7.5, 30, 鬼之古道1
26834483, 7.5, 30, 盆の国
26818551, 8.6, 16, 國家地理：埃及神話故事
11591355, 7.4, 31, 雷峰塔奇传
20391667, 7.5, 27, 搜神记译注
01042374, 6.6, 40, 山海经现代版
03200439, 7.6, 19, 神魔列国志（全四册）
01392813, 7.4, 19, 夜雨秋灯录.夜谭随录
25933764, 7.0, 22, 青之母 (1)
01093079, 7.5, 15, 冤魂志校注
04289650, 6.6, 23, 古代志怪小说
03903802, 7.6, 12, もののけもの 1
04051549, 6.0, 27, 图解中国道教生死书
10468431, 6.1, 21, 月輪に斬り咲く 1
03381031, 6.6, 14, 天地吞食(02)
26379046, 6.3, 15, 搜神记
01139886, 0.0, 10, 搜神记
06972861, 0.0, 14, 怪談—小泉八雲怪奇短編集
03045694, 0.0, 15, 古今怪海
