2020-07-05 16:00:12

number of books, tag name
104, 私小说

ID, rating, votes, title
27614904, 9.2, 192611, 房思琪的初恋乐园
01046265, 8.0, 317936, 挪威的森林
26963321, 8.7, 25301, 步履不停
01018577, 8.9, 16385, 霸王别姬 青蛇
02158189, 8.5, 28642, 海边的卡夫卡
06973970, 8.3, 35466, 人间失格
26647769, 8.2, 31066, 人间失格
02256438, 7.8, 55994, 素年锦时
01065970, 7.8, 51147, 彼岸花
03259428, 8.6, 10506, 斜阳
01312333, 8.2, 16342, 蔷薇岛屿
04127527, 8.1, 16857, 厨房
01000856, 7.9, 17163, 我是猫
25891771, 7.7, 21931, 失乐园
24226728, 8.3, 7554, 人间失格
03391245, 8.4, 6292, 假面自白
04259314, 8.3, 5883, 人间失格
04011668, 8.5, 4228, 女生徒
21692813, 7.6, 16859, 眠
04753783, 7.4, 22548, 分身
05385349, 8.4, 4081, 人间失格
28171580, 7.7, 12014, 人间便利店
24744505, 8.2, 4141, 人间失格
26410730, 7.8, 7699, 我是猫
06009666, 7.5, 11344, 一个人的好天气
01388190, 8.6, 1410, 荒人手記
01086444, 7.6, 5312, 沉沦
23755938, 8.0, 2434, 人间失格
24319078, 7.6, 4341, 我心中尚未崩坏的部分
03744657, 8.6, 1087, 人間失格
01040635, 8.3, 1529, 假面自白
10345560, 7.8, 2954, 离别之音
26940247, 8.5, 1098, 个人的体验
01366168, 8.3, 1295, 假面的告白
26704408, 8.2, 1415, 春琴抄
04626138, 8.3, 1230, 潘多拉盒子
25714740, 7.3, 4690, 起风了
26417643, 7.4, 3575, 歪笑小说
01062476, 8.6, 709, 万延元年的足球队
04262652, 8.2, 1004, 不如归
05317129, 7.9, 1329, 魔法师俱乐部
10000764, 8.2, 877, 由于男人都不在了
06729209, 7.7, 1603, 遣悲怀
10484332, 8.8, 425, 心
05907515, 8.4, 587, 浮云
11593284, 7.5, 1725, 鲤·文艺青年
26351392, 8.1, 764, 爱的人们
01797118, 8.7, 395, 丧失为人资格
03744282, 7.4, 1852, 分身
26797105, 8.0, 767, 舞姬
03402613, 7.5, 1462, 无家可归的中学生
30227831, 8.6, 374, 人间失格
05942644, 8.5, 388, 武藏野
03623353, 8.2, 526, 廚房裡的人類學家
03809655, 7.7, 870, 命
02000187, 8.6, 317, 人間失格
01939451, 8.6, 315, 哀豔是童年
01448674, 7.8, 675, 无处告别
10588842, 7.7, 752, 而我只有你
30278164, 8.3, 352, 永久的托词
03182667, 8.2, 383, 异旅人
01031285, 8.7, 234, 斜阳
02209378, 8.3, 305, 假面的告白
06720620, 7.1, 1161, 棉被
27090306, 8.0, 321, 暗夜行路
05907519, 7.7, 408, 放浪记
01680190, 8.1, 265, 女性的奥秘
01078297, 8.1, 263, 嘴唇里的阳光
03824828, 9.0, 121, 太宰治
01908542, 7.8, 339, 水边的摇篮
05269128, 7.3, 606, 扔在八月的路上
25928661, 7.1, 764, 小生物语
27084032, 7.5, 442, 便利店人間
21134179, 7.3, 564, 苦役列车
02277526, 7.7, 337, 写给你
01788403, 8.6, 140, 暗夜行路
12036392, 8.3, 174, 而我只有你2
10430422, 7.3, 502, 桥上的孩子
25907743, 8.9, 102, 人间失格
26662018, 7.1, 531, 甜蜜的房间
26272191, 6.9, 674, 夏日终焉
24871656, 8.2, 137, 青山七惠小说集
02117057, 7.2, 363, 棉被
03176335, 7.4, 233, 不再让你孤单
01770393, 8.0, 107, 桃花萬丈
01254734, 7.6, 144, 感想与风景
01871673, 7.6, 128, 棉被
01348633, 7.7, 94, 海水正藍(平裝)20週年珍藏版
25913193, 6.6, 280, 一切有情
01252662, 8.0, 66, 放浪记
06893895, 6.5, 219, 私念念不忘
05948797, 7.6, 44, 苦役列車
03642080, 7.7, 38, 棉被
20279953, 7.8, 30, 苦役列車
06517146, 8.0, 26, 命·魂·生·声
30211510, 7.7, 30, 你(穿著木屐)踩過天鵝屍體嗎?
21352754, 8.9, 15, 假面的告白
03183710, 6.6, 53, 结婚日记
05043346, 7.9, 16, 青春的蹉跌
30251060, 7.8, 16, 人间失格
02129577, 7.4, 16, 林芙美子 放浪記
26577711, 6.5, 23, 私小说
06891870, 5.3, 60, 若非死别，绝不生离
26789126, 6.8, 13, 心
