2020-07-05 16:00:12

number of books, tag name
937, 科学

ID, rating, votes, title
25985021, 9.1, 131617, 人类简史
01034282, 8.8, 46654, 时间简史
01467022, 9.2, 22491, 上帝掷骰子吗
06709783, 9.0, 26433, 浪潮之巅
26943161, 8.4, 41442, 未来简史
26295448, 8.6, 21898, 你一生的故事
02160556, 9.1, 10182, 十万个为什么
26712353, 8.6, 20747, 血疫
01102715, 9.1, 9675, 从一到无穷大
01291204, 9.4, 6399, 哥德尔、艾舍尔、巴赫
20507206, 9.1, 8207, 众病之王
06434486, 9.2, 6395, 上帝掷骰子吗？
33424487, 8.9, 9324, 时间的秩序
26697350, 9.1, 6635, 极简宇宙史
01037602, 8.9, 8574, 别闹了，费曼先生
10750155, 8.7, 10769, 数学之美
26706730, 9.0, 6605, 肠子的小心思
03228668, 9.3, 4435, 上帝掷骰子吗
11445548, 8.5, 12512, 自私的基因
01225983, 8.7, 8729, 万物简史
06952036, 9.1, 4680, 对伪心理学说不
25742211, 9.2, 3994, 上帝掷骰子吗?
01034279, 8.6, 8151, 果壳中的宇宙
05248516, 9.2, 3435, 改变心理学的40项研究
25902942, 9.0, 4402, 文明之光（第一册）
03930318, 9.1, 3848, 超越时空
10785583, 8.2, 13620, 思考，快与慢
04822685, 9.2, 3285, 编码
01320282, 9.1, 3650, 什么是数学
01000121, 8.6, 6540, 昆虫记
01292405, 8.6, 6482, 自私的基因
26772731, 8.3, 9957, 七堂极简物理课
27156306, 9.2, 2858, 现实不似你所见
30277179, 9.1, 3148, 打开一颗心
30259720, 8.1, 12984, 今日简史
01000445, 8.6, 5969, 时间简史
26163454, 8.9, 3677, 数学之美 （第二版）
03392046, 8.2, 9997, 当彩色的声音尝起来是甜的
25986341, 8.1, 11495, 万万没想到
01437852, 9.5, 1682, 费恩曼物理学讲义（第1卷）
26592648, 8.9, 3342, 癌症·真相
02143904, 8.8, 3715, 进化心理学
01322358, 9.0, 2851, 费马大定理
20494401, 9.2, 2175, 费马大定理
01257217, 9.1, 2209, 时间简史
25902222, 8.9, 2774, 文明之光（第二册）
27186106, 8.3, 6158, 心流
01054760, 8.9, 2700, 枪炮、病菌与钢铁
26314627, 8.9, 2656, 万物：创世
01024846, 9.2, 1825, 所罗门王的指环
27168433, 8.7, 3324, 基因传
04312810, 8.6, 3786, 裸猿
10607615, 8.7, 3312, 第三种黑猩猩
20283570, 9.2, 1808, 所罗门王的指环
01317485, 8.7, 3272, 生命是什么
01045119, 8.9, 2531, 宇宙的琴弦
01084257, 8.9, 2513, 别闹了，费曼先生
06749832, 9.0, 2221, 复杂
26992254, 8.8, 2799, 时间的形状
26796536, 9.0, 2127, 身体从未忘记
26807573, 8.3, 5180, 流浪地球
26275177, 8.9, 2311, 文明之光 （第三册）
30379527, 8.9, 2241, 世界观（原书第2版）
02101774, 9.0, 1942, 金枝
01024570, 9.3, 1384, 编码的奥秘
27624390, 8.4, 4110, 云彩收集者手册
33385402, 8.1, 6415, 事实
25752043, 8.7, 2506, 信息简史
01257218, 8.8, 2185, 果壳中的宇宙
33477229, 9.0, 1721, 上帝掷骰子吗？
20376550, 9.1, 1530, 科学革命的结构
30320887, 9.0, 1588, 我的世界观
26593084, 8.3, 3751, 迷人的材料
33408247, 8.2, 4304, 病毒星球
02350407, 8.2, 4284, 寂静的春天
01322336, 9.0, 1528, 控制论与科学方法论
01221479, 8.9, 1695, 与“众”不同的心理学
02124114, 8.8, 1869, 怎样解题
27139938, 8.7, 2066, 哲学·科学·常识
34434342, 8.5, 2645, 人类群星闪耀时
10455982, 9.3, 1017, 什么是数学
27025492, 8.7, 1976, 上帝的手术刀
26364209, 8.0, 5133, 那些古怪又让人忧心的问题
01030898, 8.8, 1727, 复杂
25876750, 9.0, 1373, 看不见的森林
26897464, 8.0, 5101, 小岛经济学
01441922, 9.5, 816, 从一到无穷大
26353666, 9.2, 1085, 量子物理史話
26686251, 8.8, 1655, 这才是心理学
01049136, 8.7, 1822, 数学：确定性的丧失
27145016, 8.9, 1406, 创造自然
03131814, 8.7, 1749, 笔记大自然
03117464, 8.5, 2216, 平行宇宙
30246268, 8.6, 1951, 给忙碌者的天体物理学
01046620, 8.9, 1348, 我们为什么生病
25793667, 8.2, 3206, 植物知道生命的答案
26837082, 8.8, 1483, 消失的微生物
34842793, 8.8, 1454, 薄世宁医学通识讲义
01400030, 8.6, 1840, 推理的迷宫
21771587, 8.8, 1437, 平面国
26413155, 8.8, 1435, 星际穿越
01707050, 9.2, 925, 狭义与广义相对论浅说
05422665, 8.0, 3951, 大设计
05975576, 7.7, 6350, 冷浪漫
01053174, 8.6, 1728, 你干吗在乎别人怎么想？
26679862, 8.9, 1163, 生命的跃升
25847160, 8.7, 1456, What If?
10808841, 9.3, 763, 夜观星空
26876440, 8.4, 2057, 吃货的生物学修养
01291817, 8.6, 1594, 细胞生命的礼赞
30354451, 8.0, 3543, 皮肤的秘密
25829287, 8.9, 1116, 数学
05989373, 8.8, 1210, 失控
01082323, 9.1, 875, 昆虫记（全10册）
01277169, 9.0, 960, 古今数学思想（一）
26902370, 9.3, 707, 宇宙
34462719, 8.2, 2480, 女生呵护指南
30311816, 8.0, 3058, 荒诞医学史
06965746, 8.2, 2236, 科技想要什么
01072767, 9.2, 702, 宇宙
26852425, 8.7, 1164, 什么是科学
24846072, 9.1, 754, 隐藏的现实
03550249, 8.8, 1033, 科学哲学
02059252, 9.6, 467, 力学
10539147, 9.3, 611, 宇宙的结构
01123740, 8.7, 1122, 科学革命的结构
02270925, 8.5, 1413, 病者生存
01070820, 8.6, 1233, 上帝与新物理学
26989163, 8.9, 882, 文明之光（第四册）
01030789, 8.6, 1230, 爱因斯坦的梦
06873632, 8.6, 1220, 冒烟的耳朵和尖叫的牙齿
33376237, 8.9, 864, 我包罗万象
10531723, 8.7, 1074, 爱因斯坦传
27001165, 9.0, 765, 地球之美
30459652, 8.5, 1324, 十问
06750347, 9.2, 622, 演化
01777630, 9.0, 758, The Selfish Gene
01391740, 8.5, 1311, 逻辑的引擎
01030054, 7.2, 9491, 水知道答案
01120886, 8.9, 832, 黑洞与时间弯曲
03732346, 8.1, 2164, 疯狂实验史
01071384, 8.5, 1283, 物种起源
01626392, 8.4, 1437, 女士品茶
26826089, 8.2, 1854, 那些古怪又让人忧心的问题
01062309, 8.9, 808, 基因组
30262617, 8.3, 1606, 生命3.0
20260928, 9.3, 542, 编码
30233984, 9.5, 451, 科学作为天职
10779597, 8.2, 1802, 思考的乐趣
01834728, 8.8, 872, 人工智能的未来
01507315, 9.1, 639, 自然哲学之数学原理
10522003, 8.3, 1557, 艾伦·图灵传
01509898, 9.7, 372, 神经科学
34782541, 9.0, 693, 从一到无穷大
01253222, 8.5, 1191, 居里夫人传
01024928, 8.6, 1054, 裸猿
27023900, 7.4, 5640, 睡眠革命
33385217, 8.4, 1278, 全球科技通史
01062137, 9.7, 351, 最新21世纪少年儿童百科
26776967, 8.4, 1235, 发现的乐趣
25745879, 8.9, 706, 物种起源
27089022, 8.5, 1083, 海洋中的爱与性
26901529, 9.0, 631, 怎样观察一棵树
01986050, 8.7, 860, 哲学 科学 常识
05336588, 9.5, 395, The Emperor of All Maladies
33438811, 8.7, 826, 为什么
30404521, 8.5, 1030, 一想到还有95%的问题留给人类，我就放心了
26890863, 8.7, 818, 我们如何走到今天
20453160, 9.1, 544, 天才引导的历程
01310188, 8.3, 1259, 魔鬼出没的世界
35005062, 8.4, 1114, 银河系边缘的小失常
05985153, 8.9, 629, 视觉之旅
01067603, 9.0, 567, 暗淡蓝点
30244461, 8.1, 1568, 规模
01016272, 8.7, 764, 第三种猩猩
04904723, 9.0, 559, 微积分的历程
01206206, 8.1, 1507, 皇帝新脑
30164677, 8.5, 920, 我们为什么会生病
26337663, 8.2, 1298, 无言的宇宙
27054267, 8.5, 905, 黑洞不是黑的
01984347, 8.2, 1281, Power Sleep
19989296, 8.2, 1251, 别逗了，费曼先生
30384279, 9.7, 282, DK博物大百科
26309060, 8.9, 569, 生命是什么
01138353, 8.7, 689, 统计学的世界
01266422, 8.5, 840, 可怕的对称
01145593, 9.1, 454, 哥本哈根
02122352, 8.8, 606, 万物简史
04926707, 9.1, 452, 普林斯顿微积分读本
02033768, 8.3, 1049, 批评中医
03435537, 8.7, 666, 大流感
30205907, 9.0, 493, Factfulness
01036413, 9.1, 442, 密码故事
04753726, 9.0, 484, 宗教与科学
26412113, 8.4, 905, 机器人叛乱
04268931, 8.3, 1007, 生命八卦
34464674, 8.9, 521, 万物发明指南
30134674, 9.3, 355, 宇宙的琴弦
24307342, 8.8, 565, 哈默手稿
01428309, 8.8, 563, 数学大师
30281339, 8.3, 971, 万物皆数
01013762, 9.1, 418, 怎样解题
06784981, 9.5, 296, 几何原本
26685563, 9.5, 295, 演化
01016827, 9.1, 402, 阿西莫夫最新科学指南（上下册）
26214114, 8.9, 480, 暗淡蓝点
26839342, 8.9, 478, 文明之光
01959248, 8.5, 707, 科学成就健康
01817332, 8.7, 571, 爱因斯坦谈人生
30263244, 8.8, 516, 生命是什么
04114172, 8.7, 568, 为什么要相信达尔文
03673637, 7.5, 2584, 水知道答案
01134230, 9.2, 348, 数学与猜想（第一卷）
01196939, 8.4, 767, 寂静的春天
25777854, 8.8, 498, 科学革命
01761114, 9.0, 411, 物理学的进化
24884999, 9.0, 411, 食物与厨艺
04735702, 9.0, 409, DNA：生命的秘密
25761310, 8.4, 751, 汽车是怎样跑起来的
02249354, 8.6, 604, 啊哈，灵机一动
01500045, 8.6, 601, 猜想与反驳
01052973, 8.5, 666, 科学的历程
25924311, 8.3, 818, 盲眼钟表匠
27131873, 8.4, 725, 每个人的战争
01313582, 8.6, 575, 千亿个太阳
05354690, 8.2, 887, 地心游记
01013707, 8.8, 464, 大众天文学(上下两册)
30309613, 8.3, 786, 自私的基因
01315187, 8.1, 997, 植物的欲望
03144300, 9.2, 320, 通向实在之路
25857941, 8.0, 1121, 病毒来袭
02135227, 8.4, 681, 一个数学家的辩白
25842419, 8.4, 678, X的奇幻之旅
24527652, 8.7, 494, 科学哲学
30335756, 8.3, 756, 我是个怪圈
25764938, 8.3, 754, 天使与魔鬼
02124111, 8.9, 403, 世界科学技术通史
02149971, 8.6, 541, 链接
27009472, 8.5, 595, 创新者
27082359, 8.2, 828, 星空的琴弦
03269798, 9.6, 220, 量子力学
30232245, 8.5, 586, 神经的逻辑
01880660, 9.1, 327, 自然哲学的数学原理
01238685, 8.7, 473, 统计与真理
30376593, 8.2, 811, 当下的启蒙
26594366, 8.1, 906, 魔鬼数学
10779604, 8.8, 425, 图灵的秘密
30171338, 8.8, 425, 复杂
26652329, 8.2, 802, 失控
26953160, 8.1, 901, 给孩子讲量子力学
25815890, 9.6, 212, 费曼物理学讲义 第一卷
20507207, 8.6, 510, 地球上最伟大的表演
26652354, 8.4, 629, 世界重启
24715603, 9.3, 268, 费恩曼物理学讲义（第1卷）
02987179, 8.6, 507, 科学究竟是什么
02116353, 9.5, 227, 不列颠百科全书（全20卷）
27040498, 8.0, 989, 花朵的秘密生命
26847510, 10.0, 156, 基础有机化学(第4版)上册
27110281, 8.4, 609, 当自然赋予科技灵感
06855803, 7.6, 1654, 奇点临近
02283961, 8.9, 357, 相对论
01148191, 8.7, 431, 费曼讲物理入门
10738199, 8.5, 526, 宇宙简史
26890706, 9.1, 297, 科学与宗教的领地
25900438, 8.4, 581, 这书能让你戒烟
25902452, 8.7, 425, 爱因斯坦的梦
25923082, 9.2, 270, 万物运转的秘密
04926595, 8.6, 468, 醉汉的脚步
26831075, 8.4, 573, 诗意的原子
03734300, 8.7, 415, 不可思议的物理
01067830, 8.9, 342, 人对抗自己
24722746, 7.7, 1311, 人类尸体的奇异生活
01068802, 8.1, 780, 时间之箭
30367215, 8.8, 372, 脑与意识
01083985, 8.4, 547, 混沌
04032570, 8.5, 483, 进化的大脑
01850407, 9.2, 253, 数学的发现
05411583, 8.5, 482, 中国居民膳食指南
25846075, 7.9, 954, 技术的本质
01483021, 9.1, 273, Out of Control
24736494, 8.3, 584, 地理学与生活（插图第11版）
10532684, 9.0, 293, 赶往火星
01421646, 9.1, 267, A Short History of Nearly Everything
02253663, 7.9, 921, 没有我们的世界
03374562, 8.3, 575, 营养圣经
27045352, 8.4, 512, 穿越平行宇宙
22993873, 8.5, 460, 宇宙之书
06024015, 8.2, 630, 蚕丝：钱学森传
02221395, 8.2, 621, 经度
01725267, 9.2, 236, 微分几何入门与广义相对论（上册·第二版）
27172136, 8.7, 364, Why We Sleep
33455242, 8.5, 434, 太阳系度假指南
25882638, 6.8, 4724, 轻断食
01504995, 9.1, 247, 病毒学概览
03724680, 7.3, 1942, 外星人就在月球背面
26844877, 8.5, 421, 神秘的量子生命
24859467, 8.4, 464, 谁说了算？
25838139, 8.5, 417, 黑猩猩的政治
19989298, 9.0, 262, 费曼讲物理
27119240, 8.2, 563, 国家地理终极观星指南
25782226, 9.4, 187, 狭义与广义相对论浅说
33450010, 9.5, 173, 动手学深度学习
27596897, 9.2, 214, 演化的故事
01065156, 8.4, 441, 我生活的种种模式
11506872, 8.9, 271, 黎曼猜想漫谈
01230328, 9.0, 247, 数学（第一卷）
05352345, 9.1, 227, 黑洞战争
30296440, 9.3, 193, 数学简史
04233221, 8.7, 321, 双相情感障碍
26320244, 8.7, 321, 巫师、外星人和星舰
04578536, 8.3, 476, 阿司匹林传奇
04002577, 9.1, 223, 法医学彩色图谱
01503213, 9.4, 176, 免疫学概览
34449271, 7.8, 838, 尸检报告
02356843, 9.0, 241, 控制论
01430203, 8.9, 262, 系统的哲学
25817381, 9.4, 175, 普林斯顿数学指南（第一卷）
04225911, 9.3, 188, 量子力学史话
26523760, 8.6, 340, 基因组
05977975, 8.5, 366, 数学那些事儿
03121161, 7.9, 704, 性趣探秘
04247329, 8.4, 402, 致青年学者
06861475, 9.1, 212, 意识探秘
03349509, 8.7, 299, 科学发现的逻辑
34444901, 8.6, 327, 肠子的小心思
30373573, 8.7, 294, 十亿美元分子
26419624, 8.9, 245, 世界觀
26184242, 8.4, 390, 无穷的开始
03370214, 8.1, 524, 深奥的简洁
03730957, 9.1, 201, 爱因斯坦
01675580, 8.7, 283, 居里夫人传
07059612, 8.8, 258, 细胞生命的礼赞
30270219, 7.4, 1250, 恶的科学
26284518, 8.4, 372, 超弦理论
26337651, 8.8, 255, 无尽深蓝
26171042, 8.1, 508, 悖论
30204745, 8.8, 254, 疯狂的进化
01001292, 8.0, 567, 惊人的假说
04928961, 9.0, 213, 人有人的用处
24885010, 8.7, 276, 食物与厨艺
30459271, 9.3, 168, 极简天文学
01007886, 8.8, 252, 游戏中的科学
03222291, 8.6, 302, 意识的解释
01050324, 8.0, 562, 霍金讲演录
01650993, 9.1, 194, Lehninger生物化学原理（第3版）
01841445, 9.0, 210, 物理学和哲学
02157346, 8.3, 396, 笛卡尔的错误
01077588, 9.4, 152, 元素的故事
01045342, 8.2, 437, 诺贝尔奖获得者与儿童对话
01000067, 8.6, 292, 美丽心灵
26821965, 7.9, 607, 机械宇宙
01023860, 8.3, 386, 最后的炼金术士：牛顿传
01867455, 7.8, 677, 像外行一样思考，像专家一样实践——科研成功之道
01589847, 9.4, 149, 费恩曼物理学讲义
03229838, 9.5, 138, 眷恋昆虫
01270267, 8.9, 219, 通过知识获得解放
27017590, 7.9, 593, 品尝的科学
03805815, 9.2, 171, 控制论
01037290, 8.0, 525, 莎士比亚、牛顿和贝多芬
01310477, 9.5, 137, 天空与地球
03301446, 8.7, 258, 科学的旅程
01322880, 8.1, 465, 夸克与美洲豹
27601734, 8.2, 416, 我们为什么不说话
30351884, 8.9, 215, Brief Answers to the Big Questions
30139217, 9.3, 156, The Book of Why
26362918, 9.5, 135, 自然与希腊人 科学与人文主义
34908495, 8.9, 213, 大图景
33440284, 8.1, 458, 那些活了很久很久的树
03235797, 8.0, 505, 啊哈！原来如此
35048568, 8.7, 249, 如何不切实际地解决实际问题
01230487, 8.8, 227, 人工智能
01672671, 8.6, 270, 物理化学(第五版)上册
30203973, 9.4, 140, 中国常见植物野外识别手册（北京册）
04742986, 8.7, 244, 混沌与秩序
27074686, 8.6, 267, 我的世界观
26352270, 7.7, 702, 《三体》中的物理学
27139923, 8.7, 243, 明亮的泥土
26741236, 8.1, 433, 推理的迷宫
24699866, 7.5, 894, 反对完美
33377950, 9.7, 112, 野鸟形态图鉴
06810273, 8.6, 260, 我即我脑
07565203, 9.4, 136, 可怕的科学-经典数学系列套装-全12册
01049797, 8.4, 312, 科学的反革命
30368111, 7.4, 1007, 生命密码
26432962, 8.2, 381, 量子理论
01440690, 9.1, 166, 可畏的对称
26728065, 8.2, 372, 生命的未来
03148301, 9.6, 114, 量子力学原理
07061949, 9.5, 121, 数学指南
20284332, 8.9, 189, 学术研究，你的成功之道
25775902, 8.5, 268, 那颗星星不在星图上
26920424, 9.1, 161, 从封闭世界到无限宇宙
30420866, 9.4, 129, DK大历史
06521433, 9.0, 173, 宗教社会学・宗教与世界
01459010, 8.8, 202, 量子史话
01563766, 9.2, 147, 猜想与反驳
20370475, 8.7, 219, 数学的语言
33383607, 8.3, 314, 大脑的故事
26814078, 7.3, 1039, 万物解释者
06060527, 9.2, 143, 爱因斯坦文集（全三卷）
26740091, 8.2, 338, 爱与数学
25752076, 7.8, 524, 贪婪的大脑
01894641, 8.9, 178, 科学与假设
26921233, 8.0, 411, 种子的胜利
01122364, 8.3, 300, 时间、空间和万物
27174411, 7.8, 512, 思维简史
27016304, 8.6, 224, 迷人的温度
30432502, 8.0, 403, 药物简史
01114551, 9.0, 160, 欧几里得·几何原本
01865875, 9.1, 148, 爱因斯坦文集（第一卷）
10602325, 9.9, 86, 细胞生物学精要
25817569, 8.3, 292, 世界观
34436558, 8.3, 292, 猎药师
25987064, 8.7, 202, 云与大气现象
26286707, 8.5, 241, 了不起的地下工作者
34917818, 8.9, 171, 人类灭绝之后
30317231, 8.6, 220, 天气预报
24885007, 8.5, 238, 食物与厨艺
26150358, 7.9, 437, 寂静的春天
01803252, 9.0, 156, 关于托勒密和哥白尼两大世界体系的对话
01195595, 8.8, 182, 人工科学
01033086, 8.3, 285, 生命的壮阔
02104842, 9.0, 155, 数理化通俗演义
11541213, 8.4, 258, 艾伦•图灵传
06126929, 8.6, 215, 疯狂科学
26939315, 8.7, 197, 宇宙信息图
26830979, 9.1, 143, 宇宙
01315265, 8.3, 281, 从混沌到有序
04709933, 9.6, 100, 爱因斯坦文集（第一卷）（增补本）
04904722, 8.4, 255, 数学沉思录
30171324, 9.1, 141, 脑中魅影
34879783, 8.7, 192, 有毒
10745173, 9.1, 139, 科学的反革命
30466214, 8.4, 249, 从一到无穷大
01028077, 8.2, 301, 师从天才
26733566, 7.6, 589, 知识大融通
01866146, 8.5, 226, 爱因斯坦的宇宙
05241992, 8.9, 161, 人体
26891160, 7.8, 462, 科技之巅
25775662, 9.0, 148, 可畏的对称
02372323, 8.9, 159, 科学研究的艺术
33387425, 8.9, 158, 亲历切尔诺贝利
24384863, 8.7, 186, 自然的魔法
34429935, 8.4, 240, 世界边缘的秘密
34865685, 9.3, 116, 提灯照世（医学大神06）
01253285, 8.4, 239, 第四级病毒
01161333, 8.5, 218, 爱因斯坦传（上下）
34835117, 7.9, 393, 我们为什么还没有死掉
03119865, 9.4, 107, 物理学的概念与文化素养
01803961, 8.2, 286, 双螺旋
30305868, 9.5, 100, 从一到无穷大
19977029, 8.3, 258, 身体密码
26954748, 8.9, 153, 对于历史，科学家有话说
21868971, 8.4, 234, 隐藏的自我
01003692, 8.3, 257, 真实世界的脉络
01488318, 8.4, 233, 先天，后天
30354898, 9.3, 111, 圣经、新教与自然科学的兴起
26314386, 8.3, 250, 心灵的未来
01071936, 8.4, 227, 隐秩序
06321315, 9.6, 90, 数学天书中的证明
24844888, 8.2, 271, 蝴蝶效应之谜：走近分形与混沌
30125592, 9.0, 135, 发现的乐趣
26394048, 7.9, 366, 上帝的跳蚤
04085179, 9.6, 88, 希尔伯特几何基础
24719686, 9.0, 133, 大众天文学
30327855, 8.2, 264, 茶杯里的风暴
20492371, 8.5, 199, 师从天才
24371364, 9.7, 82, 费恩曼物理学讲义（第2卷）
06730363, 9.3, 106, 人工智能
30384189, 7.4, 636, 人人都在说谎
26948085, 9.0, 129, 行星
01138451, 8.4, 211, 最后的沉思
25723403, 9.7, 80, 神经科学原理
27078158, 7.8, 383, 基因社会
01465244, 9.4, 96, Pale Blue Dot
34825764, 7.9, 336, 迷人的液体
25958751, 7.7, 420, 伟大创意的诞生
01082579, 9.2, 108, 从哈勃看宇宙
34809817, 8.3, 223, 追捕祝融星
34869452, 8.3, 222, 睡莲的方程式
04292525, 8.6, 170, 进化思维
30192878, 8.1, 267, 量子魔术师
33590444, 9.1, 114, 生命与新物理学
27036260, 8.6, 168, Astrophysics for People in a Hurry
24720345, 8.6, 167, 反叛的科学家
01901251, 8.6, 166, The God Delusion
30371936, 8.5, 180, 万物漫游指南（套装2册）
27171491, 8.9, 130, 豹式健身
30296201, 8.6, 165, 鸟类的天赋
10571608, 9.8, 71, 第一推动丛书（珍藏版套书）
01770421, 9.5, 85, Cosmos
26684304, 9.1, 111, 普林斯顿恐龙大图鉴
26842454, 7.7, 394, 免疫
25834607, 8.2, 232, 自由的进化
20492316, 8.7, 149, 大宇之形
26768783, 9.7, 74, 0-8岁儿童纪律教育
26831080, 6.8, 1331, 变身（2016版）
26591305, 8.4, 189, 万物身刻
34399478, 9.0, 116, 理查德·费曼传
26411141, 7.4, 547, 世界为何存在？
20282961, 9.6, 77, 科学革命的编史学研究
26863416, 8.6, 156, 唤醒大脑：神经可塑性如何帮助大脑自我疗愈
35023259, 9.6, 76, 这才是心理学（第11版）
24749708, 9.3, 92, 西方科学的起源
26390277, 9.3, 92, 量子怪杰
34865679, 9.0, 112, 醚碑斑驳（医学大神05）
05344024, 9.6, 75, 珍爱生命
26891304, 7.8, 322, 极简科学史
01810352, 8.1, 236, 灵魂机器的时代
01159821, 8.3, 193, 意识的宇宙
34942482, 7.7, 349, 假如你跳进一个黑洞里
02348477, 9.2, 94, 理解航天
25695604, 9.0, 108, 十万个为什么
01899804, 8.0, 253, 涌现
04871292, 8.3, 190, 计算机与人脑
01283433, 8.8, 125, 科学研究纲领方法论
26413697, 8.3, 187, 魔鬼出没的世界
25830943, 7.3, 553, 死后的世界
30151207, 9.5, 75, 文明之光
04787994, 9.6, 70, 数学在19世纪的发展（第一卷）
04263995, 8.9, 111, 解码宇宙
26685018, 7.8, 295, 科技想要什么
01158657, 8.6, 137, 上帝粒子
30390660, 7.9, 259, 联结
30190680, 9.2, 88, The Order of Time
30278178, 9.3, 82, 生命是什么
34865700, 9.5, 72, 探寻魔弹（医学大神12）
25752974, 8.5, 146, 从相残到相爱
01426377, 8.8, 115, 物理学基础
01265963, 8.7, 124, 从封闭世界到无限宇宙
06021942, 9.3, 81, 昆虫记
04832192, 8.0, 226, 上帝的迷思
26844088, 7.1, 650, 医学的真相
01182434, 9.4, 75, 环境科学（上下）
01790854, 8.8, 113, 发现者
26591316, 8.0, 224, 一本书读懂进化论
27080999, 9.6, 66, 逻辑与哲学
01425447, 9.5, 70, 奈特人体生理学彩色图谱
04712530, 8.5, 141, 科学史
26996599, 7.5, 379, 万物起源
26882298, 8.1, 199, 世界上最老最老的生命
34865697, 9.3, 78, 春风化雨（医学大神11）
01008227, 9.1, 89, 数学家的眼光
30171307, 9.4, 73, 宇宙的结构
25719703, 9.0, 95, 科学史与科学哲学导论
26279954, 7.0, 711, 知识的边界
27041829, 9.6, 64, 大师说科学与哲学
25815899, 9.9, 54, 费曼物理学讲义 第二卷
27192185, 8.7, 116, 陶哲轩教你学数学
06028251, 9.2, 81, 数学及其历史
26535520, 8.1, 192, 机械宇宙
01466989, 8.8, 107, A Course in Game Theory
34865706, 9.4, 71, 格微济世（医学大神14）
25786622, 7.7, 286, 致命接触
01120732, 8.1, 190, 宇宙为家
30428815, 7.7, 284, 起源
26942567, 9.3, 75, 气象学与生活
04062447, 9.7, 59, 光学原理
30364733, 7.8, 254, 极简科学起源课
27001653, 8.5, 133, 地球上最伟大的表演
26353234, 9.1, 85, 视觉之旅 化学世界的分子奥秘
01932857, 9.0, 91, 现代几何学：方法与应用（第一卷）
34865694, 9.2, 79, 法则奠基（医学大神10）
01067279, 8.7, 112, 大自然的分形几何学
04096693, 7.9, 225, The Shallows
26976067, 7.7, 277, 假设的世界
30488255, 8.4, 142, 独异性社会
01322206, 8.8, 102, 技术史(Ⅰ-Ⅶ)
30484694, 8.8, 102, 完结日
25765863, 9.3, 72, 普通化学原理
27079203, 8.3, 150, 人类的终极命运
25976094, 8.0, 196, 普鲁斯特是个神经学家
34840198, 8.7, 108, 人类的终极问题
30271174, 7.9, 216, 生命的法则
30190339, 9.0, 86, 蜜蜂
01543713, 8.7, 106, 涌现
03240683, 7.7, 259, 高级迷信
27074278, 8.5, 123, 大爆炸简史
01899815, 8.7, 105, 心灵裸舞
30155297, 7.3, 406, 时间的悖论
01468622, 8.5, 122, A New Kind of Science
34892525, 8.9, 90, 几何原本
01035843, 7.9, 207, 谜米机器
03216250, 9.3, 69, 认知、脑与意识
27021746, 8.7, 103, 薛定谔生命物理学讲义
26877916, 8.2, 154, 盲眼钟表匠：生命自然选择的秘密
01245507, 8.4, 128, 科学中华而不实的作风
11607197, 8.7, 101, 近代物理科学的形而上学基础
04712035, 9.4, 63, 电磁通论
01835311, 8.6, 108, 天体运行论
25723282, 8.6, 108, 元素的盛宴
07162591, 8.3, 137, 《地球编年史》指南
25876499, 7.1, 491, 女人的性爱动机
01331738, 9.1, 75, 難以置信(II)尋訪諸神的網站
03201174, 8.7, 99, 从混沌到有序
01794206, 8.4, 125, 复杂性与后现代主义
01881556, 8.4, 125, 人工智能哲学
02139767, 8.8, 91, 科学的价值
19989299, 8.4, 123, 物理定律的本性
06797698, 8.1, 159, 隐秩序
30446952, 8.2, 145, DK医学史
05423784, 7.4, 326, 多重宇宙
30305866, 9.0, 78, 物理学的进化
25764940, 7.5, 286, 骗局
26367428, 8.8, 89, DK家庭医生
11542549, 7.0, 535, 谋杀手段
03522427, 9.0, 77, 星际航行概论
01761663, 8.7, 94, 伊甸园的飞龙
26628303, 8.6, 101, 天文之书
03201509, 9.2, 66, 科学发现的逻辑
04182735, 9.1, 70, 杀人疾病全记录-可怕的科学
30187654, 6.4, 1325, 暗网
34848398, 8.7, 92, 生命之种
34907898, 8.6, 99, 实验室女孩
06874099, 7.8, 198, 现代医学的偶然发现
02221665, 8.9, 79, 中国科学技术史
26148739, 8.0, 160, 数学与生活（修订版）
26728002, 7.7, 214, 缤纷的生命
26876074, 7.0, 485, 大脑使用指南
02112914, 8.6, 95, 从存在到演化
01049469, 8.0, 155, 万有理论:宇宙的起源与归宿
26673315, 8.0, 155, 庞加莱猜想
27050905, 8.7, 87, 失效的科学
02532112, 10.0, 40, Merriam-Webster&#39;s Visual Dictionary
26636048, 7.7, 202, 数理化通俗演义
26803787, 9.4, 54, 我的大脑敞开了
21458724, 8.7, 84, 电的旅程 探索人类驾驭电子的历史过程
21336200, 8.1, 135, 基因之河
30197152, 8.4, 105, 科学需要讲故事
26859082, 7.2, 342, 为什么有的人特別招蚊子?
30176651, 8.7, 83, 迷人的材料[精装珍藏版]
26995630, 7.4, 268, 那些让你更聪明的科学新概念
25981522, 9.1, 63, 一面多彩的镜子
10734899, 9.8, 42, 可怕的科学
05373898, 8.9, 71, 科学与方法
30469078, 8.9, 71, 物理学的进化
26985371, 7.4, 261, 绝非天赋
26934521, 9.3, 55, 宇宙图志
35033507, 9.3, 55, 数学之美（第三版）
27172814, 7.4, 260, 头发
26790125, 7.8, 169, 注意力
02005484, 8.2, 117, 身体罪证
04880639, 9.1, 61, 希腊黄金时代的古代科学
33387288, 9.1, 61, 為什麼要睡覺？
26861003, 7.6, 204, 黑洞简史
01500044, 8.2, 116, 客观知识
24524242, 9.2, 57, 能量、性、死亡：粒線體與我們的生命
05375796, 10.0, 37, 宇宙、地球和大气
04062636, 8.4, 98, 天文学新概论（第四版）
34865704, 8.9, 68, 大成若缺（医学大神13）
26712820, 8.3, 105, 论人的本性
27105031, 8.4, 97, 上帝的错觉
26583403, 9.2, 56, 解码宇宙
26780782, 8.2, 113, 游戏设计梦工厂
34436620, 7.3, 274, 我们脑中那些挥之不去的问题
30428803, 8.4, 96, 过敏大流行
30187215, 7.9, 146, 万物起源
34451501, 9.3, 52, 登月使命
10571600, 9.6, 44, 第一推动丛书·宇宙系列（珍藏本）
30291736, 8.2, 111, 科学的历程（修订第4版）
20429823, 7.9, 143, 从科学到神
30209490, 8.5, 87, 上帝与新物理学
34439600, 7.1, 336, 新药的故事
04735995, 8.6, 80, 近代科学在中世纪的基础
30258598, 8.2, 108, 火焰中的秘密
01043838, 8.4, 92, 自然哲学
24701841, 8.4, 91, 视觉之旅：神奇的化学元素2
01996705, 9.0, 60, 光学
20513228, 9.3, 50, 中国国家地理自然百科系列：野生动物
27061912, 9.2, 53, 什么是数学
30290031, 7.8, 151, 自私的基因
11534474, 9.5, 44, 大脑与认知
01245512, 8.4, 89, 莱布尼茨与克拉克论战书信集
01015359, 7.8, 147, 消失的动物-古生物绝版图鉴
34795871, 8.8, 66, 世界野生猫科动物
04254757, 8.0, 121, 奥本海默传
11498185, 8.3, 94, 无尽之形最美
01425826, 8.5, 80, 物理学史
27087870, 8.9, 60, 我·世界——摆在眼前的秘密
34841542, 9.0, 56, 密林侦探
25847649, 8.7, 68, 复杂性思维：物质、精神和人类的计算动力学
27599520, 8.0, 116, 无言的宇宙
26752488, 8.1, 106, 双螺旋
33391914, 8.1, 106, 蚂蚁的社会
02259400, 9.3, 46, 控制论
01239247, 8.3, 89, 数学史概论
26308917, 7.1, 286, 超级智能
01516666, 8.2, 96, 复杂系统理论基础
25844489, 8.6, 71, 哈佛家庭医学全书(上册)
34945327, 8.8, 62, 自然图鉴
01704807, 8.7, 66, 爱因斯坦
02258215, 8.3, 88, 有限地球时代的怀疑论-未来的世界是垃圾做的吗
26376353, 9.4, 43, 世界图景的机械化
33413970, 9.4, 43, 费曼手札
02026245, 8.0, 112, 李昌钰博士犯罪现场勘查手册
01008370, 8.5, 75, 系统论--系统科学哲学
26776903, 9.4, 42, 自然哲学的数学原理
02229010, 8.0, 106, 反对方法
30162456, 8.1, 97, 科学的意义
30212258, 7.8, 125, 大脑简史
27117509, 8.7, 62, 数学也荒唐
25812830, 8.2, 89, 性
25845537, 8.0, 104, 神圣几何：人类与自然和谐共存的宇宙法则
34884006, 8.0, 103, 上帝的骰子
01417287, 8.4, 75, 通向量子引力的三条途径
26763668, 7.7, 134, 颠覆性医疗革命：未来科技与医疗的无缝对接
01937407, 9.5, 38, 狂热的追求
21326481, 8.5, 69, 造就适者
01442141, 7.6, 144, 不确定的科学与不确定的世界
01217075, 8.5, 68, 必要的张力
30359936, 7.7, 129, 大脑帝国
01231234, 8.3, 78, 七巧板、九连环和华容道
20019387, 8.8, 55, Letters to a Young Scientist
25896915, 9.6, 35, “哈勃”的宇宙
30355429, 8.4, 72, 外星生命简史
01128158, 8.2, 83, 一颗原子的时空之旅
02316725, 8.2, 83, 自然之数
26335770, 8.6, 62, 罗斯维尔真相
26943913, 8.5, 66, 再创世纪
26336612, 9.4, 38, 物理学咬文嚼字 卷一（增补卷）
01008101, 8.6, 61, 自达尔文以来
05378921, 9.8, 31, 化学键的本质
27028378, 8.7, 57, 科学哲学的历史导论
04119499, 8.5, 65, 驱逐捣蛋者
30324814, 7.7, 122, 创造的本源
27001798, 7.9, 102, 解析彩虹：科学、虚妄和对奇观的嗜好
26935398, 7.9, 97, 伟大的海洋
01323619, 8.2, 76, 早期希腊科学
27662712, 8.2, 76, 科学的诞生
03398355, 9.1, 42, 生态学基础
27113516, 7.1, 213, 鸡征服世界
02080790, 8.4, 65, 数的趣谈
30318178, 7.0, 238, “芯”想事成 中国芯片产业的博弈与突围
35084260, 7.0, 238, 半小时漫画科学史
30313605, 7.5, 136, 迷人的技术
26646663, 9.3, 37, 飞机全书
26778885, 9.4, 35, 西方科学的起源
34839996, 9.1, 41, 趣味实验图鉴
33436025, 8.4, 63, 猿猴的把戏
04293057, 8.0, 85, 基础拓扑学
06265504, 7.3, 161, 大背叛
05980590, 8.8, 48, 爱因斯坦传
03246317, 9.2, 38, 地理（全三册）
30244520, 8.9, 45, 时空的秘密
26938818, 8.6, 54, 我的疯狂发明书
30373956, 9.0, 42, 怎样解题
01903131, 8.4, 61, 科学精神的形成
04830828, 7.6, 116, 上帝的语言
27180603, 7.9, 89, 端粒效應
26305171, 8.0, 82, 生命八卦
35016532, 8.9, 44, 演化之旅
01660174, 8.3, 64, 大自然如何工作
25846684, 8.8, 46, 哈佛家庭医学全书(下册)
30408669, 7.1, 187, 菌群大脑
34783252, 9.2, 36, 星空词典
26737842, 8.1, 72, 大脑的未来
26317233, 8.1, 71, 科学百科
30178123, 8.7, 47, 亿亿万万
35009927, 7.8, 90, 想太多的人类学家
34833898, 8.3, 61, 理性的边界
34913672, 8.5, 53, 孟德尔妖
03085040, 8.8, 43, 剑桥世界人类疾病史
34449268, 7.8, 85, 莱布尼茨、牛顿与发明时间
26585183, 9.1, 35, 科学研究的艺术
01082777, 8.1, 66, 当科学遇到宗教
02064950, 8.4, 53, 人类未解之谜
26936480, 7.8, 83, 探寻自然的秩序
03476139, 9.6, 27, 院士思维
34852467, 8.6, 46, 迷人的材料（彩图升级版）
26270318, 8.9, 38, 猜想与反驳
04182729, 8.5, 48, 化学也疯狂
30253308, 8.1, 62, 太阳系简史
30435830, 8.3, 53, 极简人类史
27032830, 8.1, 60, 万年的竞争
24733759, 7.6, 89, 厨室探险
30466220, 8.7, 40, 时间的观念
10576146, 7.7, 81, 比天空更宽广
27168687, 8.1, 59, 道德景观
01559280, 9.2, 30, 中国植物志
25666474, 7.5, 95, 医疗凶猛
06013222, 8.9, 35, 神经科学
02193941, 8.4, 47, 旷世奇才
33380203, 8.2, 53, 不速之客：藏在家里的自然史
26918842, 8.4, 46, 太空
30220058, 6.8, 191, 未来版图
30355428, 8.5, 43, 铸造《自然》
06021418, 8.1, 56, 美国创新史
30354892, 9.9, 21, 西方科学的起源
26708703, 7.5, 90, 疾病图文史
01219953, 7.6, 81, 实验室生活
26886769, 7.5, 88, 安全驾驶从这里开始（第三版）
03905151, 8.4, 44, 万物简史
27017432, 7.9, 62, 科学的终结（修订版）
33406382, 7.6, 79, 进化的咬痕
01476506, 9.8, 21, Encyclopedia Britannica
03057537, 9.1, 29, 蜡烛的故事
26989168, 7.3, 100, 哪些科学观点必须去死
30171327, 7.7, 69, 惊人的假说
01431705, 9.1, 28, What Mad Pursuit
10781065, 9.1, 28, 好奇年代
03154069, 8.9, 31, 民兵爆破地雷教材
26928287, 7.8, 63, 物理才是最好的人生指南
27072897, 7.6, 74, 生命
30408889, 8.0, 54, 自然观察入门
30463857, 8.0, 54, 人人都该懂的科学哲学
01343052, 9.0, 29, 優雅的宇宙
01266054, 8.6, 36, 21世纪的心理科学与脑科学
03177844, 8.2, 46, 哲学是物理学的工具
02007834, 8.8, 31, 河洛理数
30155711, 8.5, 35, 科学简史
20275791, 8.6, 33, 我們從未現代過
04178997, 8.9, 28, 自然百年科学经典
35029959, 8.9, 28, 进击的心智：优化思维和明智行动的心理学新知
34438614, 9.3, 23, 认识飞行
04182730, 9.2, 24, 进化之谜-可怕的科学
34933366, 9.2, 24, 小猎犬号航海记
34951533, 7.8, 54, 自然的音符：118种化学元素的故事
03050529, 9.8, 18, 引力论
27137994, 8.9, 27, 万物简史(修订本)
26700517, 7.5, 67, 通往天堂的入口
33417845, 8.4, 35, How To
04182748, 9.1, 24, 地震了!快跑!-可怕的科学
34845969, 7.5, 66, 基因之河
05907255, 8.6, 31, 认识飞行
34459315, 8.3, 37, 蚂蚁的故事
01081842, 6.6, 164, 达尔文的黑匣子
24699016, 9.6, 19, 我们都是科学家
04099667, 8.7, 29, 进化论与伦理学
01079989, 7.8, 51, 比一千个太阳还亮
26304582, 7.4, 70, 伟大的探险家
01918022, 9.7, 18, The Mathematical Theory of Communication
26681345, 7.8, 50, 贝尔实验室与美国革新大时代
20365734, 8.0, 43, 贩卖怀疑的商人
33440220, 8.7, 28, 奇迹地图
01106000, 8.1, 40, 第三种文化
01419706, 8.3, 35, 生命问题
01059154, 8.5, 31, 牛顿传
34921939, 8.9, 25, 基因启示录
27076513, 9.6, 18, 心靈的傷，身體會記住
30424950, 6.8, 115, 你一定爱读的极简未来史
30213638, 9.3, 20, 永恒的图灵：20位科学家对图灵思想的解构与超越
26785461, 7.6, 54, 九十九种垃圾加一记妙想
06711288, 8.9, 24, DK自然发现大百科
34465948, 9.4, 19, 谁在犯罪
34458726, 7.8, 46, 健康日历2020
27060322, 7.1, 82, 生命的关键决定
25956148, 8.7, 26, &#34;小猎犬&#34;号科学考察记
06114192, 7.6, 52, 人类性反应
04745550, 9.2, 20, 原子物理学的发展和社会
30470522, 9.2, 20, 天文学与生活（原书第7版）
35014869, 7.4, 60, 天才与算法
01401140, 8.8, 24, The Extended Phenotype
02275520, 9.4, 18, 连续介质力学（第一卷）
25969248, 10.0, 14, 让孩子痴迷的趣味科学实验
33462961, 8.3, 30, 科学与宗教
04841593, 9.6, 16, HOW &amp; WHY-3
26607672, 7.9, 38, A Byte of Python
26819412, 8.6, 25, 谁得到了爱因斯坦的办公室
03420679, 8.4, 27, 叶永烈讲述科学家故事100个
07014867, 9.5, 16, 生命的起源
26607205, 8.1, 32, 料理的科學
02104434, 7.9, 35, 论人体科学与现代科技
01620396, 8.1, 30, 趣味地球化学
35005076, 9.2, 17, 登月第一人
03277357, 9.3, 16, 时间之河
03246319, 8.9, 19, 物理（全三册）
32932176, 8.0, 30, 月亮全书
27914526, 7.6, 39, 几率
26435795, 8.3, 25, A Planet of Viruses
03121201, 7.4, 45, 谁是造物主
01170091, 8.2, 26, 密码学概论(中文版)
06529703, 8.4, 23, 科学的社会史
33435186, 7.3, 47, 《三体》中的物理学
30354890, 9.8, 12, 世界图景的机械化
35009802, 9.7, 12, 物质是什么
26616028, 8.9, 16, 高等数学基础
03127064, 8.0, 25, 自组织的宇宙观
01011795, 8.4, 20, 牛顿自然哲学著作选
03416054, 8.5, 19, 发现的种子
34977009, 7.5, 33, 人工智能之不能
01046862, 7.8, 27, 希腊思想和科学精神的起源
02349481, 7.8, 27, 怀疑的化学家
25833197, 8.8, 16, 科学的历史
30466215, 9.3, 13, 质的量化与运动的量化
01712414, 9.5, 12, 载人航天飞行中的事故与灾难
26977351, 7.3, 37, 现代科学的起源
27138806, 9.0, 14, 古怪的科学
03000214, 8.2, 20, 偶然性和必然性
30156813, 8.2, 19, 科学之魂
34939749, 6.4, 73, 那些听过却从未搞明白的问题
01898180, 9.2, 12, On Growth and Form
01860018, 7.6, 26, 控制论 信息论 系统科学与哲学
34897211, 7.7, 24, 植物知道地球的奥秘
34948812, 8.3, 17, 学理
26360501, 7.6, 25, 工程师知道什么以及他们是如何知道的
26893009, 8.7, 14, 鸣虫音乐国
23134225, 6.0, 106, 被禁止的知识
03130143, 8.0, 19, 预测论基础
26632254, 7.5, 24, 发现鸟类
04182750, 9.4, 10, 愤怒的河流-可怕的科学
26829166, 7.4, 25, 量子时刻
01016735, 8.8, 12, 陆海空斗法圣战
26575653, 8.6, 13, 无知
34926003, 8.6, 13, 量子通史
33474412, 7.9, 18, 魔鬼出没的世界
34840596, 7.6, 21, 人类为什么要探索太空
35012626, 6.6, 44, 人人都该懂的工程学
01196703, 8.1, 15, 为世界而生：霍奇金传
34908320, 6.8, 34, 语言的诞生
26431112, 8.0, 15, 半导体的故事
30464116, 6.9, 28, 万物简史
30171332, 8.6, 11, 四维旅行
01917652, 8.2, 13, 《熵，一种新的世界观》
10199245, 7.1, 24, 生命的季节
27150789, 6.4, 39, 工程学之书
33406348, 7.3, 19, 无穷的开始
35000433, 6.6, 31, 元素周期表何以解释一切
34907456, 7.6, 15, 口袋神探1：音乐教室的神秘琴声
21318649, 8.0, 12, 论宇宙的体系
05982391, 8.4, 10, 科学推断
30389948, 6.6, 26, 爱因斯坦与柏格森之辩
02032527, 8.0, 10, The Turning Point
30229502, 6.8, 18, 人人都应该知道的人工智能
06816599, 7.3, 13, 达尔文的秘密花园
30271122, 6.0, 31, 理性之谜
22225812, 6.3, 23, 智者的困惑
30263563, 7.6, 10, 蒙尘缪斯的微光
34800371, 7.0, 10, 未来科技通史
33407809, 6.1, 16, 睡眠书 : 一觉睡到大天亮的高效酣睡术
01098580, 5.7, 22, 超级记忆术
11229089, 0.0, 10, Intuitive Eating
26899955, 0.0, 10, 镜头下的讯问
35082791, 0.0, 10, 科学家的笔记本
34917796, 0.0, 11, 人类未来
01048898, 0.0, 15, 性与爱大全
34902742, 0.0, 15, 迷人的误解
35086535, 0.0, 18, 科学的故事
