2020-07-05 16:00:12

number of books, tag name
970, 科普

ID, rating, votes, title
02567698, 8.8, 375321, 三体
25985021, 9.1, 131617, 人类简史
03162991, 9.6, 14971, 艺术的故事
01034282, 8.8, 46654, 时间简史
01467022, 9.2, 22491, 上帝掷骰子吗
06709783, 9.0, 26433, 浪潮之巅
26576861, 9.0, 25136, 最好的告别
25829693, 9.0, 23608, 永恒的终结
26953606, 9.1, 18809, 人类简史
01813841, 8.7, 32091, 枪炮、病菌与钢铁
01028409, 9.4, 10265, 中国少年儿童百科全书（全四册）
01476651, 9.0, 17668, 社会心理学
26943161, 8.4, 41442, 未来简史
01032501, 8.8, 16314, 心理学与生活
05366248, 8.2, 44292, 你一定爱读的极简欧洲史
02160556, 9.1, 10182, 十万个为什么
26712353, 8.6, 20747, 血疫
01102715, 9.1, 9675, 从一到无穷大
01291204, 9.4, 6399, 哥德尔、艾舍尔、巴赫
05375620, 8.7, 15223, 失控
02328458, 9.1, 8451, 社会性动物
20507206, 9.1, 8207, 众病之王
06434486, 9.2, 6395, 上帝掷骰子吗？
26390842, 8.6, 15085, 哲学家们都干了些什么
33424487, 8.9, 9324, 时间的秩序
25961458, 9.3, 5230, 大问题
26697350, 9.1, 6635, 极简宇宙史
01037602, 8.9, 8574, 别闹了，费曼先生
10750155, 8.7, 10769, 数学之美
26706730, 9.0, 6605, 肠子的小心思
03228668, 9.3, 4435, 上帝掷骰子吗
20431965, 8.5, 12990, 只有医生知道!
01000534, 9.2, 4695, 中国少年儿童百科全书
11445548, 8.5, 12512, 自私的基因
01225983, 8.7, 8729, 万物简史
06952036, 9.1, 4680, 对伪心理学说不
25742211, 9.2, 3994, 上帝掷骰子吗?
30293663, 8.6, 8314, 绝对笑喷之弃业医生日志
01034279, 8.6, 8151, 果壳中的宇宙
05248516, 9.2, 3435, 改变心理学的40项研究
25902942, 9.0, 4402, 文明之光（第一册）
03930318, 9.1, 3848, 超越时空
04822685, 9.2, 3285, 编码
06425061, 8.5, 8444, 哲学家们都干了些什么？
01320282, 9.1, 3650, 什么是数学
26848740, 9.3, 2791, 认识电影：全彩插图第12版
25746578, 9.2, 3121, 大英博物馆世界简史（全3册）
30280804, 8.4, 9205, 薛兆丰经济学讲义
01000121, 8.6, 6540, 昆虫记
01292405, 8.6, 6482, 自私的基因
26772731, 8.3, 9957, 七堂极简物理课
27156306, 9.2, 2858, 现实不似你所见
30277179, 9.1, 3148, 打开一颗心
10439064, 8.9, 4011, 发现之旅
27154489, 8.8, 4547, 蓝色小药丸
30259720, 8.1, 12984, 今日简史
01000445, 8.6, 5969, 时间简史
26163454, 8.9, 3677, 数学之美 （第二版）
03392046, 8.2, 9997, 当彩色的声音尝起来是甜的
25986341, 8.1, 11495, 万万没想到
01437852, 9.5, 1682, 费恩曼物理学讲义（第1卷）
26592648, 8.9, 3342, 癌症·真相
26945094, 8.7, 4335, 未来简史
02143904, 8.8, 3715, 进化心理学
01322358, 9.0, 2851, 费马大定理
27172839, 9.0, 2770, 苏菲的世界
20494401, 9.2, 2175, 费马大定理
26838557, 8.4, 5998, 智能时代
25747217, 8.5, 4918, 只有医生知道！2
01257217, 9.1, 2209, 时间简史
25902222, 8.9, 2774, 文明之光（第二册）
01054760, 8.9, 2700, 枪炮、病菌与钢铁
01003694, 9.1, 2125, 中国少年儿童百科全书
26314627, 8.9, 2656, 万物：创世
01024846, 9.2, 1825, 所罗门王的指环
27168433, 8.7, 3324, 基因传
04312810, 8.6, 3786, 裸猿
10607615, 8.7, 3312, 第三种黑猩猩
20283570, 9.2, 1808, 所罗门王的指环
01317485, 8.7, 3272, 生命是什么
01045119, 8.9, 2531, 宇宙的琴弦
01084257, 8.9, 2513, 别闹了，费曼先生
06749832, 9.0, 2221, 复杂
26992254, 8.8, 2799, 时间的形状
25928708, 8.6, 3576, 佛祖都说了些什么?
26021455, 9.5, 1247, 中国古代文化常识（插图修订第4版）
26423502, 9.7, 996, 艺术的故事
07647487, 8.6, 3457, 时间的形状
01474050, 8.7, 3019, 时间简史(普及版)
01933479, 9.0, 2055, 小灵通漫游未来
26275177, 8.9, 2311, 文明之光 （第三册）
26944962, 8.9, 2251, 地理学与生活
30379527, 8.9, 2241, 世界观（原书第2版）
27624390, 8.4, 4110, 云彩收集者手册
33385402, 8.1, 6415, 事实
03000997, 7.5, 18357, 牛奶可乐经济学
01129216, 9.0, 1865, 天真的人类学家
01015123, 8.7, 2579, 生存手册
20429677, 7.5, 16517, 大数据时代
25752043, 8.7, 2506, 信息简史
34617780, 9.2, 1387, 鸟瞰古文明
33477229, 9.0, 1721, 上帝掷骰子吗？
20376550, 9.1, 1530, 科学革命的结构
26341546, 8.8, 2077, 大灭绝时代
30320887, 9.0, 1588, 我的世界观
25902448, 8.7, 2250, 枪炮、病菌与钢铁
34897038, 9.1, 1407, 地球上最孤单的动物
26593084, 8.3, 3751, 迷人的材料
33408247, 8.2, 4304, 病毒星球
26905274, 8.2, 4295, 海错图笔记
02350407, 8.2, 4284, 寂静的春天
01322336, 9.0, 1528, 控制论与科学方法论
26743265, 8.8, 1928, 枪炮、病菌与钢铁
01221479, 8.9, 1695, 与“众”不同的心理学
26287453, 8.9, 1677, 这才是心理学（第9版）
03181927, 7.6, 11037, 大便书
02124114, 8.8, 1869, 怎样解题
27590675, 9.0, 1480, 你是你吃出来的
30327868, 8.3, 3508, 非平面
27139938, 8.7, 2066, 哲学·科学·常识
10455982, 9.3, 1017, 什么是数学
27025492, 8.7, 1976, 上帝的手术刀
26364209, 8.0, 5133, 那些古怪又让人忧心的问题
01473250, 7.6, 9980, 魔鬼经济学
01030898, 8.8, 1727, 复杂
25876750, 9.0, 1373, 看不见的森林
26584286, 8.7, 1941, 大学之路（套装）
03071402, 8.6, 2196, 物理世界奇遇记
01441922, 9.5, 816, 从一到无穷大
02161983, 8.8, 1717, 怀斯曼生存手册
26686251, 8.8, 1655, 这才是心理学
11608712, 8.6, 2059, 无器械健身
26683297, 9.0, 1282, 进化心理学(第4版)
26431646, 8.9, 1433, 语言学的邀请
26692468, 8.3, 3035, 智识分子
20389202, 7.7, 7631, 唐朝穿越指南
27145016, 8.9, 1406, 创造自然
10555491, 8.8, 1552, 宇宙奇趣全集
04121562, 7.9, 5270, 吃的真相
26579966, 8.6, 1956, 医生的修炼
03117464, 8.5, 2216, 平行宇宙
30246268, 8.6, 1951, 给忙碌者的天体物理学
34835320, 8.2, 3283, 这里是中国
01046620, 8.9, 1348, 我们为什么生病
25793667, 8.2, 3206, 植物知道生命的答案
26837082, 8.8, 1483, 消失的微生物
33436180, 9.4, 783, 牛津大学哲学通识课：政治哲学
01944205, 8.9, 1307, 追寻记忆的痕迹
10773358, 8.1, 3630, 意志力
34842793, 8.8, 1454, 薄世宁医学通识讲义
10794070, 8.4, 2380, 心外传奇
01400030, 8.6, 1840, 推理的迷宫
26941639, 9.1, 1033, 网络是怎样连接的
21771587, 8.8, 1437, 平面国
26413155, 8.8, 1435, 星际穿越
26680437, 8.3, 2680, 只有医生知道！3
10764908, 9.4, 759, 美国儿科学会育儿百科
01707050, 9.2, 925, 狭义与广义相对论浅说
05422665, 8.0, 3951, 大设计
30264678, 9.1, 964, 尸体变化图鉴
34905537, 8.9, 1169, 好的婚姻，要守护财产和爱
26679862, 8.9, 1163, 生命的跃升
25847160, 8.7, 1456, What If?
10808841, 9.3, 763, 夜观星空
26314063, 7.9, 4231, 斯坦福极简经济学
26665230, 8.4, 2082, 硅谷之谜
26150549, 8.6, 1612, 人性中的善良天使
26876440, 8.4, 2057, 吃货的生物学修养
01291817, 8.6, 1594, 细胞生命的礼赞
30354451, 8.0, 3543, 皮肤的秘密
26578141, 8.7, 1405, 医生的精进
25829287, 8.9, 1116, 数学
06913343, 8.3, 2302, 理性乐观派
26664522, 8.7, 1385, 写给大家看的设计书（第4版）
01277169, 9.0, 960, 古今数学思想（一）
26902370, 9.3, 707, 宇宙
02005481, 9.0, 949, 法律之门
34462719, 8.2, 2480, 女生呵护指南
25742296, 8.3, 2166, 有限与无限的游戏
30219713, 8.7, 1293, 病者生存
27104764, 8.3, 2069, 经济学通识课
30311816, 8.0, 3058, 荒诞医学史
03116096, 8.2, 2280, 象与骑象人
26985299, 8.2, 2269, 小岛经济学
01428117, 8.9, 974, 普通生物学
25768216, 8.8, 1081, 冀连梅谈：中国人应该这样用药
06965746, 8.2, 2236, 科技想要什么
27131765, 9.2, 707, 认识电影（插图第12版）
01072767, 9.2, 702, 宇宙
26852425, 8.7, 1164, 什么是科学
24846072, 9.1, 754, 隐藏的现实
10539147, 9.3, 611, 宇宙的结构
02270925, 8.5, 1413, 病者生存
34467855, 8.5, 1396, 世纪的哭泣
26899701, 9.6, 453, 普林斯顿微积分读本(修订版)
01070820, 8.6, 1233, 上帝与新物理学
06873632, 8.6, 1220, 冒烟的耳朵和尖叫的牙齿
33376237, 8.9, 864, 我包罗万象
10531723, 8.7, 1074, 爱因斯坦传
21329758, 8.8, 960, 博弈与社会
27001165, 9.0, 765, 地球之美
30459652, 8.5, 1324, 十问
06750347, 9.2, 622, 演化
10831090, 9.5, 472, 我们的身体
01441487, 9.5, 471, 中国鸟类野外手册
26892991, 8.1, 2194, 你的第一本哲学书
01391740, 8.5, 1311, 逻辑的引擎
01077688, 9.1, 681, 逻辑新引・怎样判别是非
03732346, 8.1, 2164, 疯狂实验史
30383694, 7.7, 3877, 进击的智人
26743051, 9.2, 609, 改变心理学的40项研究（第7版）
01626392, 8.4, 1437, 女士品茶
26826089, 8.2, 1854, 那些古怪又让人忧心的问题
01062309, 8.9, 808, 基因组
30262617, 8.3, 1606, 生命3.0
27121473, 9.0, 725, 大英博物馆世界简史
03249247, 9.2, 595, 高观点下的初等数学
10779597, 8.2, 1802, 思考的乐趣
01834728, 8.8, 872, 人工智能的未来
01507315, 9.1, 639, 自然哲学之数学原理
10522003, 8.3, 1557, 艾伦·图灵传
01509898, 9.7, 372, 神经科学
26380736, 8.4, 1370, 语言本能
26792171, 9.3, 526, 美国儿科学会育儿百科（第6版）
34782541, 9.0, 693, 从一到无穷大
04846032, 8.0, 2242, 性别战争
05937126, 9.3, 509, 认知神经科学
27023900, 7.4, 5640, 睡眠革命
24754537, 7.4, 5588, 简单的逻辑学
26744154, 9.0, 666, 猫咪家庭医学大百科
26581735, 8.8, 816, 黑格尔
27125081, 8.5, 1137, 海错图笔记（贰）
33385217, 8.4, 1278, 全球科技通史
10491608, 8.5, 1126, 神祇、陵墓与学者
30302000, 8.5, 1106, 你的第一本保险指南
26776967, 8.4, 1235, 发现的乐趣
25745879, 8.9, 706, 物种起源
27089022, 8.5, 1083, 海洋中的爱与性
26901529, 9.0, 631, 怎样观察一棵树
26605978, 8.2, 1545, 超越智商
05402682, 7.4, 5081, 牛奶可乐经济学
25908552, 7.6, 3616, 上瘾五百年
33438811, 8.7, 826, 为什么
30404521, 8.5, 1030, 一想到还有95%的问题留给人类，我就放心了
33429926, 8.9, 666, 追寻记忆的痕迹
26890863, 8.7, 818, 我们如何走到今天
20453160, 9.1, 544, 天才引导的历程
24532503, 8.2, 1458, 佛学概论
25969064, 9.4, 409, 神奇校车 桥梁书版
01310188, 8.3, 1259, 魔鬼出没的世界
30437166, 8.3, 1226, 饮食的迷思
04821769, 8.8, 697, 死者在说话
05985153, 8.9, 629, 视觉之旅
27104999, 8.7, 771, 癌症·新知：科学终结恐慌
01067603, 9.0, 567, 暗淡蓝点
30244461, 8.1, 1568, 规模
26417693, 8.8, 692, 深海
26335757, 8.8, 689, 最后的熊猫
26819850, 8.8, 686, 世界咖啡地图
04904723, 9.0, 559, 微积分的历程
26320883, 7.7, 2708, 丈量世界
34803201, 8.4, 1047, 漫画电影史
01206206, 8.1, 1507, 皇帝新脑
30164677, 8.5, 920, 我们为什么会生病
26337663, 8.2, 1298, 无言的宇宙
26919519, 8.1, 1440, 晓松奇谈·世界卷
30384279, 9.7, 282, DK博物大百科
26785959, 8.1, 1412, 疯狂人类进化史
26309060, 8.9, 569, 生命是什么
01138353, 8.7, 689, 统计学的世界
27176880, 9.0, 503, 码书
01266422, 8.5, 840, 可怕的对称
26791309, 9.3, 380, 初识传播学（插图第7版）
02122352, 8.8, 606, 万物简史
04926707, 9.1, 452, 普林斯顿微积分读本
03435537, 8.7, 666, 大流感
30205907, 9.0, 493, Factfulness
26412113, 8.4, 905, 机器人叛乱
33476150, 9.3, 364, 建筑的故事
34464674, 8.9, 521, 万物发明指南
25764449, 8.5, 789, 社会学的邀请
27150794, 8.3, 980, 如果历史是一群喵
26308505, 8.3, 978, 杂草的故事
30134674, 9.3, 355, 宇宙的琴弦
01428309, 8.8, 563, 数学大师
25999980, 8.3, 971, 妇产科男医生告诉你
30281339, 8.3, 971, 万物皆数
06784981, 9.5, 296, 几何原本
26685563, 9.5, 295, 演化
25717380, 8.1, 1198, 赤裸裸的统计学
27108800, 8.3, 937, 纸上动物园
27599381, 8.1, 1188, 怪诞行为学
03237608, 8.7, 592, 小威向前冲
01016827, 9.1, 402, 阿西莫夫最新科学指南（上下册）
04852805, 8.7, 590, 希利尔讲世界史
26214114, 8.9, 480, 暗淡蓝点
26839342, 8.9, 478, 文明之光
24380079, 8.2, 1012, 怎样征服美丽少女
34821264, 7.5, 2657, 半小时漫画经济学2：金融危机篇
30263244, 8.8, 516, 生命是什么
30262204, 8.0, 1248, 20世纪简史
25777854, 8.8, 498, 科学革命
01761114, 9.0, 411, 物理学的进化
24884999, 9.0, 411, 食物与厨艺
27046024, 8.4, 755, 杂食者的两难
04735702, 9.0, 409, DNA：生命的秘密
25761310, 8.4, 751, 汽车是怎样跑起来的
33441524, 7.1, 4872, 半小时漫画唐诗
06127657, 9.7, 227, 珍爱生命
01500045, 8.6, 601, 猜想与反驳
25903866, 7.7, 1791, 唐朝定居指南
30326909, 9.1, 364, 宇宙奥德赛：漫步太阳系
26936484, 8.5, 656, 醉酒的植物学家
25924311, 8.3, 818, 盲眼钟表匠
10546116, 8.7, 528, 小鸡鸡的故事
27131873, 8.4, 725, 每个人的战争
01313582, 8.6, 575, 千亿个太阳
01862145, 7.9, 1308, YOU：身体使用手册
06822344, 8.3, 794, 崩溃
26827546, 8.4, 706, 大历史
01013707, 8.8, 464, 大众天文学(上下两册)
30309613, 8.3, 786, 自私的基因
01315187, 8.1, 997, 植物的欲望
03144300, 9.2, 320, 通向实在之路
05916004, 8.5, 626, 欲望的演化
26795949, 8.6, 562, 中国居民膳食指南（2016）
25857941, 8.0, 1121, 病毒来袭
26756741, 8.0, 1118, 胆小别看画 1
03875749, 8.1, 983, 第十二个天体
26259174, 9.7, 211, DK宇宙大百科
25810164, 8.7, 497, 心理学百科
27140491, 7.3, 3023, 小顾聊绘画·文艺复兴
25842419, 8.4, 678, X的奇幻之旅
30335756, 8.3, 756, 我是个怪圈
26265544, 9.1, 337, 图解密码技术
27081128, 8.5, 603, 万物：文明
02124111, 8.9, 403, 世界科学技术通史
34778568, 9.1, 333, 海错图笔记·叁
34468490, 8.9, 398, 病玫瑰
27082359, 8.2, 828, 星空的琴弦
26235467, 7.4, 2453, 你不懂咖啡
30232245, 8.5, 586, 神经的逻辑
26677354, 8.9, 391, 数学女孩
04114636, 8.3, 724, 性学观止（上下册）
30398273, 8.1, 915, 世间万物
04154013, 8.9, 390, 血疫
30376593, 8.2, 811, 当下的启蒙
01100657, 8.1, 912, 统计陷阱
26976924, 8.2, 808, 杂草记
26594366, 8.1, 906, 魔鬼数学
30171338, 8.8, 425, 复杂
26953160, 8.1, 901, 给孩子讲量子力学
34850420, 7.5, 2034, 半小时漫画唐诗2
01084010, 8.7, 465, 岩石与矿物
10736800, 6.6, 10767, 重口味心理学
25763528, 7.9, 1150, 植物学家的锅略大于银河系
25815890, 9.6, 212, 费曼物理学讲义 第一卷
20507207, 8.6, 510, 地球上最伟大的表演
26652354, 8.4, 629, 世界重启
34613713, 9.1, 317, 给仰望者的天文朝圣之旅
26822106, 9.4, 246, 图解密码技术（第3版）
02116353, 9.5, 227, 不列颠百科全书（全20卷）
03408334, 8.8, 413, 洗冤集录译注
04293302, 9.5, 226, 眾神的植物
27040498, 8.0, 989, 花朵的秘密生命
30258601, 8.5, 552, 世界简史
30218972, 8.2, 768, 陈志武金融通识课
27116331, 7.7, 1447, 瘟疫与人
27110281, 8.4, 609, 当自然赋予科技灵感
06855803, 7.6, 1654, 奇点临近
30281788, 8.6, 486, 鱼什么都知道
30376623, 9.3, 257, 海底两万里
34955500, 8.5, 532, 新型冠状病毒感染防护
26262681, 9.4, 234, 陈阅增普通生物学（第4版）
05413523, 8.2, 736, 植物学通信
27029478, 8.2, 735, 厨艺的常识
02283961, 8.9, 357, 相对论
07067149, 8.8, 391, 认知心理学及其启示
10738199, 8.5, 526, 宇宙简史
26834220, 8.8, 389, 人类的演化
25923082, 9.2, 270, 万物运转的秘密
04926595, 8.6, 468, 醉汉的脚步
26831075, 8.4, 573, 诗意的原子
26825934, 9.4, 227, 总体与无限
03734300, 8.7, 415, 不可思议的物理
26583357, 8.0, 887, 理性乐观派
24722746, 7.7, 1311, 人类尸体的奇异生活
34430051, 8.2, 697, 大脑健身房
30367215, 8.8, 372, 脑与意识
01522839, 9.2, 261, 数理统计学简史
27058538, 8.3, 616, 群居的艺术
26754615, 7.3, 2321, 极简人类史
26968920, 8.4, 544, 逼近的瘟疫
30485206, 8.4, 542, 与病对话
04032570, 8.5, 483, 进化的大脑
01850407, 9.2, 253, 数学的发现
05411583, 8.5, 482, 中国居民膳食指南
25846075, 7.9, 954, 技术的本质
30242492, 8.1, 745, 人类的明天
26317334, 9.3, 231, 认知心理学（第三版）（万千心理）
25913619, 7.8, 1074, 理性动物
30159014, 8.3, 587, 永生的海拉
10532684, 9.0, 293, 赶往火星
27015112, 7.3, 2189, 人工智能
03374562, 8.3, 575, 营养圣经
30279065, 8.4, 513, 考古的故事
26726452, 9.5, 192, 计算机科学导论
22993873, 8.5, 460, 宇宙之书
34938986, 8.8, 337, 猛犸爷爷
02221395, 8.2, 621, 经度
26902009, 8.1, 695, BBC世界史
27622170, 8.0, 780, 纽约：一座超级城市是如何运转的
26921971, 7.3, 2054, 时间之书
30340107, 7.9, 876, 直觉泵和其他思考工具
34442420, 8.2, 613, 色彩的秘密生活
27172136, 8.7, 364, Why We Sleep
26702041, 7.2, 2369, 天生变态狂
26872888, 7.3, 2013, 人类砍头小史
33455242, 8.5, 434, 太阳系度假指南
27085977, 8.6, 384, 极简音乐史
06729589, 8.1, 650, 救命饮食
30314820, 8.1, 650, 常识与通识
26844877, 8.5, 421, 神秘的量子生命
24859467, 8.4, 464, 谁说了算？
34893628, 8.4, 464, 模型思维
19989298, 9.0, 262, 费曼讲物理
30489754, 8.0, 718, 你有你的计划，世界另有计划
30306429, 8.6, 373, 大流感
27119240, 8.2, 563, 国家地理终极观星指南
25755874, 7.5, 1366, 运动改造大脑
26357635, 7.9, 800, 性存在
26296233, 8.2, 560, 重塑大脑，重塑人生
35051811, 9.2, 215, 生命密码2：人人都关心的基因科普
27052052, 7.9, 781, 人体的故事
27596897, 9.2, 214, 演化的故事
25900305, 7.9, 772, 舌尖上的历史
34800351, 6.7, 5145, 半小时漫画经济学
26593192, 8.3, 486, 思想本质
26292422, 7.5, 1306, 顾中一说：我们到底应该怎么吃？
26345472, 8.0, 680, 全球经济史
01230328, 9.0, 247, 数学（第一卷）
05352345, 9.1, 227, 黑洞战争
30296440, 9.3, 193, 数学简史
26320244, 8.7, 321, 巫师、外星人和星舰
24862722, 8.2, 531, 链接
04578536, 8.3, 476, 阿司匹林传奇
24737829, 8.4, 424, 金赛性学报告
34949339, 8.3, 470, 致命流感
34449271, 7.8, 838, 尸检报告
25817381, 9.4, 175, 普林斯顿数学指南（第一卷）
26948144, 7.2, 1960, 格调
30310479, 8.8, 284, 态度改变与社会影响
03092928, 8.1, 572, 逼近的瘟疫
26742180, 8.1, 569, 心智探奇
25963767, 9.1, 216, Sapiens
05977975, 8.5, 366, 数学那些事儿
26609474, 7.5, 1188, 八卦医学史：不生病，历史也会不一样
06861475, 9.1, 212, 意识探秘
01007073, 8.0, 618, 语言本能
34444901, 8.6, 327, 肠子的小心思
07162744, 8.7, 294, 几何天才的杰作
30373573, 8.7, 294, 十亿美元分子
26377453, 7.1, 2114, 谷物大脑
26184242, 8.4, 390, 无穷的开始
06966735, 8.6, 319, 永生的海拉
04137642, 8.9, 243, 梦溪笔谈
26744946, 8.6, 317, 英国皇家园艺学会植物学指南
30305583, 7.2, 1757, AI·未来
01419432, 7.9, 666, 熵：一种新的世界观
03370214, 8.1, 524, 深奥的简洁
07059612, 8.8, 258, 细胞生命的礼赞
26975985, 8.2, 462, 时间地图
25951837, 8.2, 461, 精子战争
01219557, 9.0, 215, 创世纪的第八天
26925467, 8.4, 371, 白板
30204745, 8.8, 254, 疯狂的进化
01001292, 8.0, 567, 惊人的假说
05348905, 8.4, 368, 一粒种子的旅行
04928961, 9.0, 213, 人有人的用处
26936478, 9.0, 213, 羽毛
24885010, 8.7, 276, 食物与厨艺
30459271, 9.3, 168, 极简天文学
27073686, 8.3, 400, 梳毛、八卦及语言的进化
20738413, 8.8, 247, 法醫．屍體．解剖室：犯罪搜查216問
26936474, 8.9, 226, 鸟的感官
26732651, 10.0, 102, 珍爱生命
01077588, 9.4, 152, 元素的故事
26387817, 8.2, 437, 核心基础运动
26606364, 8.6, 293, 第三种黑猩猩
24749903, 8.4, 355, 世界是数字的
34990166, 7.6, 891, 半小时漫画经济学3：金融危机（完结篇）
26821965, 7.9, 607, 机械宇宙
27045310, 8.6, 290, 像人类学家一样思考
30312155, 8.2, 430, 尼安德特人
30126940, 8.5, 316, 大自然的社交网络
26365491, 8.0, 532, 程序是怎样跑起来的
26838785, 8.2, 424, 最好的抉择
27017590, 7.9, 593, 品尝的科学
03022640, 8.0, 528, 逻辑学十五讲
26992747, 8.0, 527, 它们没大脑，但它们有智能
30219714, 8.9, 217, 生命是什么
25815267, 8.5, 309, 经济学百科
27601734, 8.2, 416, 我们为什么不说话
34865589, 9.0, 198, 天才永生（医学大神01）
34437434, 7.3, 1278, 古代人的日常生活
30418117, 8.6, 278, 因计算机而强大
34908495, 8.9, 213, 大图景
33440284, 8.1, 458, 那些活了很久很久的树
26865561, 9.0, 196, 星空帝国
26901824, 8.5, 304, 阿加莎的毒药
26838150, 7.9, 566, 女士品茶
35048568, 8.7, 249, 如何不切实际地解决实际问题
25905227, 7.4, 1074, 你的生存本能正在杀死你
33408124, 8.6, 272, 人类起源的故事
30246792, 7.3, 1238, 认识身体
26724633, 8.9, 206, 遗传的革命
30203973, 9.4, 140, 中国常见植物野外识别手册（北京册）
04742986, 8.7, 244, 混沌与秩序
26352270, 7.7, 702, 《三体》中的物理学
27139923, 8.7, 243, 明亮的泥土
30228608, 8.9, 204, 炼金术的秘密
26741236, 8.1, 433, 推理的迷宫
27072133, 8.6, 263, 太空全书
27197865, 7.5, 888, 简单统计学
27102934, 8.1, 428, 行星全书
30263503, 8.6, 259, 真確
30368111, 7.4, 1007, 生命密码
34935089, 9.5, 126, “医学大神”文库本系列
27061755, 8.7, 234, DK伟大的世界地图
26657357, 7.3, 1145, 世界简史
26645277, 7.8, 587, 浅薄
26656350, 8.1, 415, 增长的本质
26728065, 8.2, 372, 生命的未来
30238047, 8.1, 412, 思维的发现
26950083, 8.5, 273, 死亡地图
26954267, 8.5, 270, 数字化生存
30229508, 8.1, 399, 统计学关我什么事
30420866, 9.4, 129, DK大历史
26850083, 8.1, 397, 致命药瘾
30190069, 9.3, 138, 超空间
20370475, 8.7, 219, 数学的语言
10491601, 7.8, 541, 致命元素
33383607, 8.3, 314, 大脑的故事
26814078, 7.3, 1039, 万物解释者
34901765, 8.1, 381, 巴拉巴西成功定律
27024082, 8.3, 308, 走进奇妙的元素周期表
27182058, 9.7, 101, 大地的窗口
27167590, 9.4, 123, 想透彻
27004827, 8.6, 231, 统计学的世界
27028320, 7.9, 467, 柔软的宇宙
30243029, 9.0, 165, 如何制作一个哥哥
30225902, 8.3, 304, 企鹅与其他海鸟
30400716, 7.9, 464, 异端
26921233, 8.0, 411, 种子的胜利
27174411, 7.8, 512, 思维简史
26290627, 7.6, 649, 逝者证言
27016304, 8.6, 224, 迷人的温度
26659834, 7.3, 968, 盐糖脂
30414788, 7.6, 646, 通识
30432502, 8.0, 403, 药物简史
30394968, 8.6, 222, 疫苗的史诗
34436558, 8.3, 292, 猎药师
26286707, 8.5, 241, 了不起的地下工作者
34994192, 9.0, 158, 我想要不卑不亢地面对这世界
34917818, 8.9, 171, 人类灭绝之后
30317231, 8.6, 220, 天气预报
26905289, 8.1, 356, 掌中花园
24885007, 8.5, 238, 食物与厨艺
30320889, 8.4, 261, 美的进化
27178073, 7.4, 811, 知识的错觉
25953932, 7.9, 434, 第二次机器革命
30121259, 7.7, 546, 第五次开始
26939315, 8.7, 197, 宇宙信息图
10867037, 8.8, 181, 认识性学
26546914, 8.1, 345, 科学的极致：漫谈人工智能
01315265, 8.3, 281, 从混沌到有序
30171324, 9.1, 141, 脑中魅影
34879783, 8.7, 192, 有毒
27614470, 7.1, 1189, 人类酷刑简史
30466214, 8.4, 249, 从一到无穷大
10589345, 9.0, 149, 世界通史
26891160, 7.8, 462, 科技之巅
27043292, 7.9, 410, 我的最后一本减肥书
30396021, 8.9, 159, 生命的运作方式
34974775, 9.3, 117, 认识建筑
34853883, 7.7, 504, 小顾聊印象派
34429935, 8.4, 240, 世界边缘的秘密
01253285, 8.4, 239, 第四级病毒
34835117, 7.9, 393, 我们为什么还没有死掉
33460098, 8.5, 216, 一个天文学家的夜空漫游指南
01803961, 8.2, 286, 双螺旋
30305868, 9.5, 100, 从一到无穷大
26954757, 8.1, 316, 乳房
30155731, 7.5, 628, 算法之美
19977029, 8.3, 258, 身体密码
21868971, 8.4, 234, 隐藏的自我
26369484, 7.0, 1275, 我们为什么会发胖？
34825698, 8.5, 213, 影响世界的中国植物
34901074, 8.9, 152, 量化健身：原理解析
33413612, 9.2, 121, 给想成为医生的你（14岁懂社会系列）
27667473, 8.5, 207, 疯狂的罗素
30183960, 8.5, 207, 我们迷人的鸟
26814867, 8.6, 189, 火星上的人类学家
30271424, 8.6, 189, 简单微积分
30135708, 9.1, 127, 时间简史
34778204, 8.4, 224, 结构是什么
26394048, 7.9, 366, 上帝的跳蚤
27620804, 8.5, 202, 撼动世界史的思想家格斗
01072128, 9.3, 108, 趣味物理学
24719686, 9.0, 133, 大众天文学
30327855, 8.2, 264, 茶杯里的风暴
20492371, 8.5, 199, 师从天才
34991633, 9.6, 87, MOVE图鉴 昆虫
26962594, 9.2, 113, 法醫科學研究室
34865672, 9.2, 113, 邪症迷思（医学大神04）
34995672, 8.9, 141, 中国妖怪故事（全集）
30434010, 7.5, 563, 社交媒体简史
30183961, 8.7, 165, 我们花园里的鸟
26948085, 9.0, 129, 行星
27078158, 7.8, 383, 基因社会
01060088, 8.6, 175, 蚂蚁的故事
26275049, 7.6, 480, 法医，警察与罪案现场：稀奇古怪的216个问题
34825764, 7.9, 336, 迷人的液体
34807860, 9.0, 125, 长城绘
34809817, 8.3, 223, 追捕祝融星
34450938, 7.1, 912, 焦虑星球笔记
04292525, 8.6, 170, 进化思维
26672408, 6.5, 2490, 本书书名无法描述本书内容
33590444, 9.1, 114, 生命与新物理学
34931986, 6.9, 1216, 怪奇事物所
24722744, 7.7, 405, 科学碰撞“性”
30145197, 8.5, 181, 生命简史
34965161, 8.7, 152, 张文宏教授支招防控新型冠状病毒
30296201, 8.6, 165, 鸟类的天赋
30383926, 8.1, 260, 表象与本质
34858766, 7.9, 319, 大脑修复术
10571608, 9.8, 71, 第一推动丛书（珍藏版套书）
26684304, 9.1, 111, 普林斯顿恐龙大图鉴
26842454, 7.7, 394, 免疫
33372580, 8.5, 177, 科幻编年史
30425822, 7.5, 496, 深度学习
26827323, 7.4, 555, 上帝之饮
34398024, 8.4, 190, 诗意的宇宙
34399478, 9.0, 116, 理查德·费曼传
30177380, 7.5, 482, 特工训练手册
34865686, 9.4, 87, 一代宗师（医学大神07）
26863416, 8.6, 156, 唤醒大脑：神经可塑性如何帮助大脑自我疗愈
34710113, 8.5, 169, 逛动物园是件正经事
34918510, 7.3, 609, 我们为何结婚，又为何不忠
30447356, 7.6, 409, 驯化
05344024, 9.6, 75, 珍爱生命
30364327, 7.2, 675, 大唐兴亡三百年
30286940, 8.5, 163, 森林的奇妙旅行
33918451, 7.3, 576, 赛雷三分钟漫画世界史
27667267, 7.3, 570, 明年更年轻
34942482, 7.7, 349, 假如你跳进一个黑洞里
25695604, 9.0, 108, 十万个为什么
01899804, 8.0, 253, 涌现
33434684, 8.5, 159, 急救，比医生快一步
35034559, 8.1, 228, 失敬，植物先生
27018263, 7.9, 278, 漫步到宇宙尽头
33419167, 7.8, 307, 你有你的计划，世界另有计划
26397183, 7.4, 487, 计算机是怎样跑起来的
30387377, 7.8, 301, 深度营养
30151207, 9.5, 75, 文明之光
33412681, 8.0, 242, 欢迎来到你的世界
02970042, 9.4, 79, 登陆火星
30225899, 8.6, 140, 我们唱歌的鸟
04263995, 8.9, 111, 解码宇宙
26838508, 7.3, 532, 具身认知
30271035, 8.1, 214, 亿万年的孤独
30359490, 9.1, 94, 裸眼观星
30382545, 8.1, 211, 十分钟智商运动
30278178, 9.3, 82, 生命是什么
30458212, 8.9, 108, 性学观止
23134237, 7.9, 253, 香水指南
30423363, 7.7, 311, 怪诞脑科学
26421453, 7.6, 345, 基因革命
26844088, 7.1, 650, 医学的真相
26253814, 9.4, 75, DK园艺百科全书
34882633, 6.6, 1417, 半小时漫画中国史（番外篇）
26996599, 7.5, 379, 万物起源
33429236, 8.2, 182, 怎样玩转信息
30225898, 8.5, 140, 我们林地里的鸟
26882298, 8.1, 199, 世界上最老最老的生命
34892807, 6.8, 974, 守夜者3
34795291, 8.5, 138, 一个数学家的叹息
26756219, 7.5, 367, 法律-牛津通识读本
33384512, 9.4, 72, 行為
27192185, 8.7, 116, 陶哲轩教你学数学
06028251, 9.2, 81, 数学及其历史
34865706, 9.4, 71, 格微济世（医学大神14）
25786622, 7.7, 286, 致命接触
30428815, 7.7, 284, 起源
30124829, 9.3, 75, 灭绝与演化
30364733, 7.8, 254, 极简科学起源课
27001653, 8.5, 133, 地球上最伟大的表演
26353234, 9.1, 85, 视觉之旅 化学世界的分子奥秘
35015583, 8.0, 205, 第十一根手指
34454494, 7.0, 668, 如何假装懂音乐
27065907, 9.1, 84, 腰背维修师
27092880, 7.0, 663, 这本书能让你睡得好
33474978, 8.5, 128, DK园艺智慧
33459535, 8.7, 109, 宇宙的规则
34663229, 7.9, 218, 欺负人的经济
27079203, 8.3, 150, 人类的终极命运
34840198, 8.7, 108, 人类的终极问题
30271174, 7.9, 216, 生命的法则
30190339, 9.0, 86, 蜜蜂
26992853, 7.5, 323, 食物信息图
26374946, 8.8, 98, 病玫瑰
26420533, 8.6, 113, 度量
01468622, 8.5, 122, A New Kind of Science
34888766, 8.8, 97, 我在太空的一年
03216250, 9.3, 69, 认知、脑与意识
34429934, 8.3, 142, 人类的未来
35074423, 9.7, 53, 科幻电影中的科学：科学家奶爸的宇宙手绘
30443381, 7.5, 302, 1分钟物理
30331725, 7.6, 270, 全球上瘾
07162591, 8.3, 137, 《地球编年史》指南
34983206, 8.6, 106, 人类大瘟疫
26916870, 8.8, 91, 毒物研究室
30349090, 8.8, 91, 祖先的故事
25911723, 8.2, 146, 拍砖中医
30446952, 8.2, 145, DK医学史
30305866, 9.0, 78, 物理学的进化
34984648, 8.0, 172, 生命在于静止
30351542, 6.5, 1182, 斯坦福高效睡眠法
26367428, 8.8, 89, DK家庭医生
11542549, 7.0, 535, 谋杀手段
26617461, 7.5, 283, 写在基因里的食谱
26628303, 8.6, 101, 天文之书
26862325, 7.9, 183, 人类的荣耀
30230390, 7.0, 511, 咖啡瘾史
30187654, 6.4, 1325, 暗网
34848398, 8.7, 92, 生命之种
34907898, 8.6, 99, 实验室女孩
02118898, 9.9, 44, 科学探索者
27182151, 8.8, 85, 植物进化的艺术
34862623, 9.0, 74, 宇宙奥德赛：穿越银河系
26915916, 7.1, 436, 素颜女神：听肌肤的话
30282901, 9.5, 54, 人体解剖图谱:汉英法拉对照
34648287, 8.2, 134, 幻兽动物园
26148739, 8.0, 160, 数学与生活（修订版）
26876074, 7.0, 485, 大脑使用指南
27054018, 6.9, 545, 古典音乐说明书
27608646, 6.9, 544, 人类“吸猫”小史
27119174, 8.0, 154, 哥伦布大交换
30129112, 8.0, 154, 笛卡尔的错误
34961303, 7.8, 185, 法医报告
26975991, 8.0, 153, 计算进化史
26741238, 7.1, 407, 囚徒的困境
05262857, 7.5, 250, 裸女
27011875, 7.1, 398, 别说你会吃日料
26803787, 9.4, 54, 我的大脑敞开了
34900595, 8.5, 98, 食物探险者
21336200, 8.1, 135, 基因之河
30145132, 8.9, 73, 黑洞与时间弯曲
27156811, 8.4, 105, 潮汐
34838365, 7.6, 217, 极简护肤：你的皮肤需要断舍离
30176651, 8.7, 83, 迷人的材料[精装珍藏版]
26995630, 7.4, 268, 那些让你更聪明的科学新概念
30295832, 8.2, 122, 菌物志
33059616, 8.7, 82, Good Economics for Hard Times
34930608, 8.1, 131, 巡山报告•基因编辑婴儿
25819561, 9.9, 40, 人体（第二版）
27034389, 8.2, 120, 用数学的语言看世界
30259593, 8.4, 102, 我们只有10%是人类：认识主宰你健康与快乐的90%微生物
35033507, 9.3, 55, 数学之美（第三版）
27172814, 7.4, 260, 头发
33387288, 9.1, 61, 為什麼要睡覺？
27054249, 7.8, 167, 密码朋克
26386297, 8.0, 138, 没有我们的世界
24524242, 9.2, 57, 能量、性、死亡：粒線體與我們的生命
27105031, 8.4, 97, 上帝的错觉
26583403, 9.2, 56, 解码宇宙
34436620, 7.3, 274, 我们脑中那些挥之不去的问题
30428803, 8.4, 96, 过敏大流行
30187215, 7.9, 146, 万物起源
35016764, 7.2, 305, 病毒、细菌与人类
30291736, 8.2, 111, 科学的历程（修订第4版）
01678219, 9.0, 62, 夏娃的七个女儿
34439600, 7.1, 336, 新药的故事
25960878, 9.3, 51, 默克家庭医学手册
30222822, 7.9, 141, 地图中的历史
27156828, 8.9, 65, 草地上的嗡嗡声
30258598, 8.2, 108, 火焰中的秘密
24701841, 8.4, 91, 视觉之旅：神奇的化学元素2
27061912, 9.2, 53, 什么是数学
30290031, 7.8, 151, 自私的基因
34711825, 9.3, 49, 这就是物理
34869977, 9.4, 46, 微观世界
34795871, 8.8, 66, 世界野生猫科动物
27147219, 7.6, 172, 共病时代
30152564, 8.8, 64, 人类成功统治地球的秘密
25847649, 8.7, 68, 复杂性思维：物质、精神和人类的计算动力学
27599520, 8.0, 116, 无言的宇宙
30331442, 7.5, 186, 给好奇者的暗黑物理学
27131571, 8.4, 83, 水果
30175692, 7.8, 136, 数字起源
34945327, 8.8, 62, 自然图鉴
35030244, 9.4, 43, 六极物理
34994974, 9.1, 51, 优雅的守卫者
34978720, 8.3, 87, 一本不正经的博物志
34912230, 9.3, 45, 鸟类行为图鉴
34908271, 8.2, 93, 你学的数学可能是假的
25812830, 8.2, 89, 性
30192587, 7.1, 260, 塑造世界经济的50项伟大发明
30446468, 6.8, 380, 只有男科医生知道
30408725, 7.2, 229, 不吃糖的理由：上瘾、疾病与糖的故事
34884006, 8.0, 103, 上帝的骰子
33455248, 8.5, 70, 140亿年宇宙演化全史
35015037, 9.1, 47, 文字的故事
27141103, 8.0, 101, 泥土
30169994, 8.5, 68, 数学思考法
06751238, 9.4, 39, 绳圈的数学
30359936, 7.7, 129, 大脑帝国
35033075, 9.2, 43, 学会看病
26420531, 6.9, 302, 家用游戏机简史
34779934, 8.4, 70, 时间的玫瑰
34983259, 8.9, 50, 妇科圣经
26915262, 8.3, 73, 叩响天堂之门
35023465, 9.2, 41, 奇怪的生物图鉴
34455900, 7.5, 143, 啤酒原来是这么回事儿
30338777, 8.1, 83, 耶鲁极简科学史
27662712, 8.2, 76, 科学的诞生
27113516, 7.1, 213, 鸡征服世界
35084260, 7.0, 238, 半小时漫画科学史
34997473, 8.7, 53, 我问宇航员
27198629, 8.0, 87, 人类找北史
26646663, 9.3, 37, 飞机全书
34940580, 7.9, 94, 工具，还是武器？
34839996, 9.1, 41, 趣味实验图鉴
34658288, 8.0, 86, 漫画区块链
27198561, 7.7, 111, 伴星共生
34442425, 9.6, 31, DK世界家具大百科
35068181, 9.6, 31, 昆虫的奇妙生活
34974512, 9.5, 32, 一个利他主义者之死
35041459, 8.4, 61, 我们的脑子够用吗？
35016532, 8.9, 44, 演化之旅
34648293, 7.8, 95, 幻想博物志
30481485, 7.2, 166, 小学二年级就能读懂的经济学
34459741, 6.9, 235, 让我们灵魂激荡身体欢愉
34783252, 9.2, 36, 星空词典
26737842, 8.1, 72, 大脑的未来
30379536, 8.9, 42, 智慧的疆界
34908170, 8.7, 47, 狼的智慧
35009927, 7.8, 90, 想太多的人类学家
34913672, 8.5, 53, 孟德尔妖
35031397, 9.5, 30, DK蘑菇大百科
27056229, 6.7, 289, 你不可不知的法律常识
35036147, 8.2, 65, 手术两百年
34884945, 7.1, 176, 老鼠、虱子和历史
34442209, 9.3, 33, DK微生物大百科
34908026, 9.3, 33, 素数的阴谋
35060383, 8.3, 59, 逝者之书
35042822, 9.1, 35, 你好啊，区块链！
35033585, 8.9, 39, 动物有灵
01005820, 7.2, 145, 瘟疫的故事
34852467, 8.6, 46, 迷人的材料（彩图升级版）
30181843, 6.3, 436, 你不懂巧克力
34945918, 8.6, 44, 两栖爬行动物的神话与传说
34917699, 7.9, 69, 认知
27068369, 8.3, 51, 动物的秘密语言
35088516, 8.7, 39, 笑到最后
34614807, 7.9, 67, 奇妙量子世界
33380203, 8.2, 53, 不速之客：藏在家里的自然史
30346545, 8.0, 61, 思维
34970595, 8.9, 34, 环游世界80种树
34979052, 9.6, 24, 人类飞翔史
30354892, 9.9, 21, 西方科学的起源
34841559, 9.0, 32, 量子空间
34933361, 8.1, 54, 自我的本质
30204280, 8.4, 44, 神奇的数字零
33406382, 7.6, 79, 进化的咬痕
34834511, 7.6, 79, 请教机长
33445985, 9.6, 23, 消逝世界漫游指南
26392673, 9.1, 29, Gut
26774656, 9.9, 20, 我的小问题•生和死
34982294, 7.0, 133, 非正常死亡事件簿
30408889, 8.0, 54, 自然观察入门
35082357, 8.3, 43, 相对论究竟是什么
35082304, 8.0, 52, 博弈论究竟是什么
34853190, 8.9, 29, 生命是什么
30382590, 8.3, 41, 计算机科学精粹
33463349, 6.5, 214, 我们为什么会说脏话？
34438614, 9.3, 23, 认识飞行
30394074, 6.7, 157, 疯狂咖啡因
34951533, 7.8, 54, 自然的音符：118种化学元素的故事
30489868, 8.7, 30, 极端生存
33950038, 7.4, 73, 极简量子力学
30330384, 9.3, 22, 大自然的一年
26880628, 8.8, 28, 生命之源
33417845, 8.4, 35, How To
27198448, 9.3, 21, 蘑菇博物馆
34891911, 9.3, 21, 大自然有条隐形线
34921939, 8.9, 25, 基因启示录
34873161, 9.9, 16, 认识海洋
34782995, 8.0, 41, 听肌肤的话2：问题肌肤护理全书
34710218, 7.5, 59, 符号侦探
32519971, 9.3, 20, The Art of Statistics
34993983, 9.3, 20, 食物简史
34953963, 6.8, 112, 企鹅、凤梨与穿山甲
35020098, 8.5, 29, 科学家如何思考：达尔文与物种起源
30839470, 7.1, 79, 动物的内心戏
30470522, 9.2, 20, 天文学与生活（原书第7版）
34851781, 8.9, 23, The Body
35014869, 7.4, 60, 天才与算法
34834169, 8.4, 29, 最后的数学问题
35069280, 9.2, 19, 养蜂的秘密
33425362, 5.8, 392, 5G时代
26819412, 8.6, 25, 谁得到了爱因斯坦的办公室
30357376, 6.7, 105, 学点法律，避点坑
35036124, 7.7, 42, 中国食物：水果史话
34996717, 9.6, 15, 人人可懂的量子计算
34449459, 7.0, 70, 人类的算法
30200825, 8.2, 28, 化学之书
35017571, 7.6, 41, 岛屿传说
34915092, 6.8, 78, 5G时代:经济增长新引擎
34841109, 7.8, 34, 菜市场鱼图鉴
33438808, 6.3, 134, 超纲冷知识
33435186, 7.3, 47, 《三体》中的物理学
34950388, 9.5, 14, 生命的进化
34914947, 7.6, 37, 隐藏的自我
34993986, 8.4, 22, 下一站火星
34937394, 9.4, 14, 在海里
34970886, 8.8, 18, 社会性动物（第12版）
30333936, 7.4, 41, 图解远离疾病的营养学
34875343, 7.1, 51, 食物的逆袭
27667614, 6.6, 81, 语言风格的秘密
35067533, 10.0, 11, 观念生物学
35058245, 8.7, 18, 美丽的数学
35009802, 9.7, 12, 物质是什么
34942373, 8.2, 23, 大英博物馆
34996420, 7.3, 41, 新药的故事2
35027985, 8.0, 25, 奇特的工具
34895930, 8.7, 17, 现代医学小史
34977009, 7.5, 33, 人工智能之不能
34974550, 8.3, 20, 基因蓝图
34912108, 7.1, 41, 摇滚吧，经济学
34941715, 8.8, 15, 数字思维
34954811, 9.3, 12, 英国皇家学会
34939749, 6.4, 73, 那些听过却从未搞明白的问题
34897211, 7.7, 24, 植物知道地球的奥秘
34948812, 8.3, 17, 学理
26360501, 7.6, 25, 工程师知道什么以及他们是如何知道的
34926003, 8.6, 13, 量子通史
34437274, 6.3, 60, 有趣得让人睡不着的地理（日本中小学生经典科普课外读物，系列累计畅销60万册）
35012626, 6.6, 44, 人人都该懂的工程学
34908320, 6.8, 34, 语言的诞生
34965162, 6.2, 57, 中国抗疫简史
34453185, 8.6, 11, 不可思议的数
35062494, 7.6, 16, 万物的古怪秩序
35012611, 7.2, 20, 人人都该懂的认识论
35000433, 6.6, 31, 元素周期表何以解释一切
34992806, 6.8, 25, 地理上的经济学
35020993, 7.6, 13, 无线通信简史
35030241, 6.7, 14, 今天，你更博学了吗
35006164, 0.0, 10, 星际迷航经济学
35012874, 0.0, 10, 云的真相
35082791, 0.0, 10, 科学家的笔记本
34845968, 0.0, 11, 眼生万物
34994599, 0.0, 11, BBC人体如何工作
35037849, 0.0, 11, 我的野生动物朋友（全8册）
34998412, 0.0, 12, 人怎样变成巨人（全三册）
34998870, 0.0, 13, 人体大百科：结构和功能图谱
35019300, 0.0, 16, 嘉卉
35086535, 0.0, 18, 科学的故事
35071111, 0.0, 27, 催眠密码
35069016, 0.0, 34, 柏拉图上班记
