2020-07-05 16:00:13

number of books, tag name
856, 穿越

ID, rating, votes, title
25862578, 8.5, 642246, 解忧杂货店
01853785, 8.8, 19037, 天是红河岸
01812439, 8.1, 53775, 步步惊心
30473909, 9.1, 6840, OPUS 作品
02283084, 8.0, 27160, 云中歌1
02004407, 8.0, 20563, 后宫·甄嬛传Ⅰ
02048364, 8.0, 19998, 独步天下（上下卷）
03016221, 8.2, 14019, 云中歌2
04152754, 7.6, 42779, 时生
03155622, 8.1, 15821, 庆余年·壹
01925232, 7.8, 25330, 大漠谣
01785029, 8.2, 12128, 步步惊心
03561591, 7.9, 19288, 凤囚凰（上中）
03123939, 8.0, 15883, 不负如来不负卿1
03412107, 8.3, 8983, 步步惊心（上下）
34466299, 8.6, 5462, 天才基本法
02078219, 7.9, 15983, 且试天下1
03710879, 8.0, 12660, 凤囚凰（下）
03522694, 8.6, 4871, 史上第一混乱·第一季神仙预备役
06125543, 9.1, 2515, 北方的空地
01161852, 8.1, 9923, 天意
02213684, 8.3, 6975, 又一春
03218402, 8.2, 8058, 不负如来不负卿Ⅱ·大结局
10468852, 8.5, 5024, 海棠依舊: 知否? 知否? 應是綠肥紅瘦 卷一
02062202, 7.8, 14989, 绾青丝Ⅲ
04224758, 7.6, 21023, 花千骨（上下）
03927199, 8.1, 8569, 后宫·甄嬛传VII
03244068, 8.3, 6209, 庆余年·陆
26853361, 8.5, 4634, 夜旅人
02009825, 7.5, 24712, 绾青丝Ⅰ
03165385, 8.3, 5866, 庆余年·叁
03165135, 8.2, 6716, 庆余年·贰
03165386, 8.3, 5680, 庆余年·肆
03244065, 8.3, 5493, 庆余年·伍
02028070, 7.7, 14084, 绾青丝Ⅱ
01668021, 8.1, 6944, 寻秦记
03464725, 8.1, 6817, 后宫·甄嬛传Ⅵ
06794017, 8.2, 5610, 步步惊心
01468493, 7.5, 18353, 梦回大清
01830208, 8.3, 4569, 尼罗河的女儿（第一部）
06139592, 7.9, 8030, 11处特工皇妃
03903387, 7.5, 15677, 香蜜沉沉烬如霜
02382094, 7.7, 10700, 绾青丝Ⅳ（上）
02699701, 7.5, 15350, 歌尽桃花
04135947, 7.9, 7349, 天子谋
02281912, 7.6, 11934, 醉玲珑（上卷）
02969572, 7.9, 6910, 后宫·甄嬛传Ⅳ
26387514, 7.6, 11465, 时生
02221889, 8.1, 4861, 无限恐怖
02340167, 7.8, 7758, 醉玲珑（下卷）
05291181, 8.2, 4102, Blood X Blood：血族传说
20501270, 8.5, 2676, 大唐明月1·风起长安
01361268, 8.3, 3510, 朝花夕拾
03611391, 8.7, 2065, 史上第一混乱·第二季·山寨武校
02300626, 7.3, 18555, 蔓蔓青萝（全2册）
34816684, 8.9, 1565, 天才基本法·完结篇
03664145, 8.8, 1755, 史上第一混乱·第三季·武林大会
02220812, 7.5, 11707, 木槿花西月锦绣1
20389202, 7.7, 7631, 唐朝穿越指南
01446870, 8.7, 1737, 新宋十字(上下)
03802381, 8.7, 1713, 史上第一混乱·第五季·寻秦记
01958655, 7.5, 10207, 寻找前世之旅（上下册）
03779046, 8.5, 2157, 慶餘年 卷7
06794149, 8.7, 1672, 一生孤注掷温柔
02078225, 7.8, 5826, 孤芳不自赏
02340168, 7.7, 6852, 醉玲珑（中卷）
01253459, 8.3, 2569, 尼罗河女儿（第2部上下）
06782521, 7.5, 8849, 凤囚凰
06531676, 8.4, 2139, 阿麦从军
02004509, 7.5, 8490, 梦回大清
03087031, 7.6, 7084, 歌尽桃花
02373834, 8.3, 2424, 新宋·十字1
03739306, 8.6, 1650, 史上第一混乱·第四季·诱惑仙草
03863359, 8.9, 1164, 千劫眉·两处沉吟
10563041, 8.3, 2325, 将夜之花开彼岸天
03177843, 7.7, 5663, 木槿花西月锦绣3
02221121, 7.7, 5512, 木槿花西月锦绣2
03037790, 8.2, 2516, 小楼传奇
01860523, 8.3, 2084, 鳳于九天之一魂落西雷
02703292, 7.4, 8335, 兰陵缭乱
03024940, 8.6, 1399, 新宋Ⅱ·权柄1
02298345, 8.5, 1569, 狐魅天下·第一部·狐妖公子
03170442, 7.7, 4866, 午门囧事Ⅰ
26957420, 8.7, 1190, 临高启明
03053120, 8.6, 1268, 新宋Ⅱ·权柄2
20501271, 8.5, 1413, 大唐明月2·谋断恩仇
01792473, 8.3, 1806, 一代军师（第一部）
03705820, 7.1, 12711, 斗罗大陆（全14卷）
03439439, 8.0, 2695, 朝花夕拾
33424453, 8.5, 1391, 诡秘之主
10527811, 8.6, 1186, 官居一品（全七册）
21336788, 8.6, 1179, 大唐明月3·西域烽烟
02970172, 8.6, 1164, 新宋·十字2
10566532, 8.5, 1308, 海棠依舊：知否？知否？應是綠肥紅瘦 卷二
04729353, 8.5, 1304, 史上第一混乱·第六季·时光总动员
02138527, 7.4, 6299, 法老的宠妃
02974188, 7.7, 3776, 回到明朝当王爷
03004594, 8.6, 1116, 新宋·十字3
01464824, 7.8, 3203, 交错时光的爱恋
19281910, 8.5, 1231, 海棠依舊：知否？知否？應是綠肥紅瘦 卷五
04844954, 8.4, 1386, 史上第一混乱·第七季·终极拯救大结局
02139108, 7.2, 8551, 潇然梦（上）
03074810, 7.3, 7033, 穿越与反穿越
30164967, 7.4, 5758, 知否知否应是绿肥红瘦
26680107, 8.7, 932, 制霸好莱坞
03389971, 7.7, 3452, 永夜（上下）
21346268, 8.6, 1028, 大唐明月4·碧血黄沙
03069940, 8.6, 1027, 新宋Ⅱ·权柄3
03101286, 8.6, 1027, 新宋Ⅱ·权柄4
04218539, 7.2, 7639, 落花时节又逢君
25747128, 8.3, 1388, 庶女·明兰传1
05375571, 7.6, 3691, 大漠苍狼
06730936, 7.9, 2319, 扶摇皇后·终结篇（上下）
03183693, 8.6, 945, 新宋Ⅱ·权柄5
06437035, 7.3, 5956, 扶摇皇后（上下）
04714187, 7.4, 4879, 不负如来不负卿
03766379, 8.7, 815, 新宋Ⅲ·燕云3
05275312, 7.4, 4817, 暴君，我来自军情9处
03239554, 8.5, 935, 新宋Ⅲ·燕云1
03696953, 7.7, 2674, 绿红妆之军营穿越
03306270, 8.6, 830, 新宋Ⅲ·燕云2
05038509, 8.5, 916, 倒带人生
04833241, 7.3, 4962, 犹记惊鸿照影
03072649, 7.9, 1862, 窃明
02241269, 8.3, 1100, 清风入梦·怡殇Ⅱ
03143821, 8.8, 626, 來自遠方 1
06790474, 8.4, 965, 别拿穿越不当工作（全三册）
11443660, 8.1, 1382, 不负如来不负卿
03932365, 7.8, 2032, 极品家丁全集
02257608, 7.8, 2029, 秀丽江山·青龙卷
03015088, 7.6, 2704, 极品家丁 1
01996569, 8.5, 823, 梦幻游戏
01443258, 7.7, 2302, 太簇角舞
25791940, 8.1, 1300, 战起1938
02048588, 7.5, 3015, 第一皇妃（Ⅰ、Ⅱ）
03236601, 7.9, 1635, 恶魔法则1
02975947, 7.4, 3469, 笑倾三国（Ⅰ、Ⅱ）
03679840, 8.1, 1239, 恶魔法则（全12册）
02266558, 8.6, 688, 西游补
27075479, 7.3, 3986, 人渣反派自救系統 上
06805154, 7.5, 2842, 再生缘（上中下）
03931437, 7.3, 3937, 销魂殿
01439194, 8.2, 1053, 寻秦记
03819920, 8.1, 1188, 有女舜華
25880334, 8.4, 798, 大唐明月6·谁家天下（完）
02139618, 7.3, 3638, 寻找前世之旅续集
03550601, 7.5, 2555, 双阙
06072853, 8.1, 1101, 橙红年代
02327556, 7.6, 2093, 不辞冰雪为卿热（全2册）
01939705, 7.5, 2433, 青莲纪事1
20426236, 7.6, 2064, 將夜1
26851806, 7.3, 3282, 招摇
04838107, 8.1, 1031, 新宋
06439354, 7.5, 2357, 醉玲珑
01377681, 8.1, 1017, 追月
05336752, 8.4, 704, 新宋Ⅲ·燕云4
01796294, 7.1, 4489, 旋转门
07440370, 7.7, 1650, 非我倾城（全三册）
25839869, 8.4, 676, 大唐明月5·云诡波谲
04130055, 7.0, 5115, 跨过千年来爱你
03205242, 7.4, 2381, 法老的宠妃Ⅱ·荷鲁斯之眼
03056907, 7.2, 3305, 宸宫（上下）
26436202, 8.3, 696, 清川日常
01956593, 7.5, 1964, 青莲纪事 2
02973646, 7.3, 2646, 少年丞相世外客
03067732, 8.1, 832, 不思议游戏——玄武开传
10480178, 7.2, 2989, 绾青丝
03766708, 7.7, 1374, 爱莫能弃
03894603, 7.5, 1827, 穿越之天雷一部（全二册）
02274579, 9.2, 267, 天は赤い河のほとり(1)
26947907, 7.9, 1015, 海棠依旧：知否？知否？应是绿肥红瘦（壹）
03135064, 6.7, 6994, 薄荷荼靡梨花白
06861939, 7.6, 1463, 帝凰（上中下）
03153363, 7.0, 3781, 三救姻缘
01205053, 7.3, 2210, 秦俑
04893632, 8.4, 503, 鳳于九天 漫畫版 第一卷
27075481, 7.3, 2045, 人渣反派自救系統 中
10344574, 7.9, 875, 傲风
03812309, 7.3, 2040, 穿越时空的少女
03426048, 7.7, 1134, 平凡的清穿日子1
27194610, 9.2, 229, 临高启明 第一卷
02343018, 7.2, 2297, 寻找前世之流年转
27075484, 7.2, 2272, 人渣反派自救系統 下
26924252, 8.5, 412, 清穿日常1
02239745, 7.3, 1853, 奇门遁甲
26718236, 8.2, 542, 木兰无长兄1
03161021, 8.6, 350, 赤河戀影(01)
03710711, 7.8, 840, 春秋大梦
02993425, 7.3, 1681, 神仙也有江湖（上）
07162172, 7.1, 2299, 媚公卿（上下）
02351434, 7.3, 1665, 寻找前世之流年转2
04889767, 7.6, 1063, 步步生莲（全14卷）
31086991, 9.5, 159, 临高启明
19958299, 7.5, 1172, 大唐女法医·江南卷（上下）
30176151, 7.7, 879, 知否知否应是绿肥红瘦（二）
05414115, 7.3, 1530, 错嫁良缘之一代军师（上下）
02062281, 7.2, 1733, 清空万里
05379541, 6.9, 2876, 执子之手，将子拖走
03340229, 8.5, 339, 大唐明月 卷一
03064299, 8.9, 229, 到开封府混个差事Ⅱ
10559304, 6.8, 3223, 太子妃升职记
06436925, 7.6, 906, 独步天下
04209676, 7.1, 1881, 九鼎记
03069481, 7.7, 783, 太平
30140824, 7.7, 766, 楚楚很动人
26384540, 8.3, 381, 原始再来（上下册）
26920860, 7.3, 1308, 脱轨
04925049, 7.9, 583, 长生
04041246, 8.2, 409, 寻秦记
02690427, 7.9, 568, 相约在雨季
03084594, 8.5, 293, 凤于九天设定集 风华云集
06894976, 8.7, 242, 仁醫 (1)
19957704, 7.8, 613, 锦衣夜行1·杀青州
26673297, 7.7, 680, 娇娘医经1
02216422, 7.1, 1538, 鸾，我的前半生，我的后半生1
03255919, 8.0, 460, 窃明5
25725666, 8.3, 331, 活在晚明①
20283081, 7.2, 1266, 庶女攻略1
03069750, 7.3, 1083, 鸾，我的前半生，我的后半生3（大结局）
20507294, 7.5, 774, 大唐女法医·帝京卷（上下）
11885197, 9.0, 166, Here
25732720, 7.4, 877, 无方少年游（全两册）
06749702, 8.5, 250, 羅馬浴場 Ⅲ
25893267, 7.8, 512, 11/22/63
26975863, 8.0, 406, 海棠依旧：知否？知否？应是绿肥红瘦（贰）
02972183, 8.0, 402, 不能说的秘密
03039108, 7.8, 498, 极品家丁2
02995606, 6.9, 1763, 宅女在古代后宫的幸福生活（全2册）
04025049, 7.8, 487, 末日之书
05297359, 7.1, 1247, 错嫁良缘之洗冤录
06425455, 7.2, 1062, 有座香粉宅
26410186, 7.3, 914, 女帝本色1
04149332, 6.9, 1672, 芊泽花开（全二册）
06946709, 6.9, 1662, 小凰不是仙
03872436, 7.7, 513, 奇妙糖果屋
03183037, 8.2, 294, 尼羅河女兒 1
02212323, 7.4, 742, 清空万里2
03101421, 6.9, 1559, 皇后出墙记（全二册）
10867420, 8.4, 240, 不负如来不负卿（大结局）
26307871, 8.7, 178, 不思议游戏
26336630, 8.1, 310, 鲜满宫堂
30229984, 7.5, 616, 知否知否应是绿肥红瘦（三）
01356626, 8.5, 210, The Time Traveler&#39;s Wife
10594424, 7.1, 1063, 月沉吟（上下）
30407565, 7.5, 608, 知否知否应是绿肥红瘦（大结局）
25919864, 7.7, 470, 奥术神座1·女巫笔记
01981158, 7.7, 462, 戏梦·上
30406543, 8.4, 223, 大帝姬1-10套装
30294537, 7.5, 578, 知否知否应是绿肥红瘦（四）
05939422, 7.6, 509, 月の森に、カミよ眠れ
02024783, 7.2, 857, 晓梦迷蝶·秋霁Ⅰ锦瑟篇
30406322, 7.2, 857, 表妹万福
26878092, 7.9, 356, 锦衣夜行
20492474, 7.1, 988, 乖宠
25838009, 7.7, 445, 女心理师之江湖断案
27004118, 7.9, 352, 海棠依旧：知否？知否？应是绿肥红瘦（伍）
01914936, 6.7, 1875, 瑶华
06873409, 7.4, 637, 远古伊甸
30253574, 9.0, 129, 新宋·1 （大结局珍藏版）
02305270, 6.8, 1541, 凤求凰
07055310, 7.7, 432, 独步天下（全三册）
26775222, 7.3, 713, 凤囚凰（全3册）
26333780, 8.3, 229, 独步天下
05918449, 8.3, 224, 小荷才露尖尖角
26756791, 8.3, 222, 木兰无长兄2
02363678, 6.6, 2068, 和亲公主
26979783, 7.8, 366, 海棠依旧：知否？知否？应是绿肥红瘦（叁）
30134156, 7.1, 897, 君侯本无邪
30407562, 7.6, 454, 知否知否应是绿肥红瘦（五）
27004108, 7.8, 359, 海棠依旧：知否？知否？应是绿肥红瘦（肆）
27010857, 7.7, 396, 海棠依旧：知否？知否？应是绿肥红瘦（陆）
01092923, 7.0, 1004, 戏点鸳鸯
04851822, 7.8, 349, 窃明第二部·虎狼
26826979, 8.6, 161, 魂环 1
26747184, 6.8, 1347, 大宋的智慧1
25835989, 6.8, 1343, 独家占有Ⅰ
20263658, 7.9, 308, 将夜之朱雀之火
11602618, 7.3, 630, 越姬（上）
05918836, 7.8, 341, 七寻记1
02253362, 7.9, 306, 清宫·红尘尽处（上下）
34919443, 8.7, 146, 新宋·9－12（大结局珍藏版）
35005782, 7.9, 305, 献鱼
26587749, 6.9, 1111, 良辰多喜欢2
26931567, 7.1, 818, 会消失的人
11443725, 7.5, 473, 雲鬢鳳釵（上）
01820596, 7.2, 699, 狩猎美男
05906141, 8.5, 169, 漂流武士 01
10801275, 7.5, 469, 一度君华
30187394, 7.4, 530, 楚楚很动人2
26774124, 8.4, 183, 木兰无长兄3
02304613, 6.6, 1785, 绝色赌妃Ⅰ
06723573, 8.1, 238, 凤于九天27 魂牵梦萦
02271317, 7.2, 674, 凤舞大清Ⅰ
01981159, 7.7, 360, 戏梦·下
20283083, 7.4, 512, 庶女攻略3
07698729, 7.2, 665, 法老的宠妃 终结篇（上下册）
30358018, 8.2, 212, テセウスの船(1)
01941754, 6.7, 1432, 瑶华
25908409, 7.1, 759, 九重紫（1、2、3）
04900241, 8.2, 209, 江山3·群雄逐鹿
20283082, 7.4, 499, 庶女攻略2
02246239, 6.8, 1165, 恨相逢之战国之恋
25725667, 8.4, 170, 活在晚明②
10558083, 7.6, 377, 特工皇妃（全三册）
03427344, 7.8, 300, 极品家丁8
01492927, 8.3, 181, 天下·壹·风起
06965582, 7.8, 293, 东倾记·啸世
03115770, 7.6, 366, 极品家丁4
26661762, 8.1, 209, 娇娘医经3
22606927, 7.2, 580, 秀丽江山（全四册）
04583098, 7.0, 765, 瑾年绝恋.醉流苏
05396149, 8.5, 143, 江山6·四海归一
03361739, 6.8, 1017, 二两娘子
10738605, 7.0, 744, 卿本风流（上下）
04860814, 7.2, 559, 斩情丝
01792075, 8.4, 153, 天下·贰·龙啸
26722308, 7.4, 426, 蒲生邸事件
30266088, 8.8, 110, 我的王
06876115, 8.1, 195, 11/22/63
06827318, 6.2, 2886, 白发皇妃（上下）
35008586, 8.0, 212, 想见你
05985017, 7.8, 259, 慶餘年 參部曲 11 五竹（完）
20563214, 7.9, 232, 俊男坊·阴差阳错（全两册）
02051059, 8.5, 134, 寻秦记
03264994, 7.6, 317, 极品家丁6
34908302, 8.7, 114, 宰执天下
03126357, 8.5, 133, 轻柔说话的风
26820930, 8.2, 171, 木兰无长兄4
26844769, 7.8, 251, 回到过去变成猫1
25700789, 8.4, 142, 掌事(卷二)
03374615, 7.6, 304, 极品家丁7
03998149, 6.6, 1221, 下堂妻的悠哉日子
22499412, 8.2, 165, 傲风3·诸神大陆1（上下册）
26148091, 7.7, 267, 儒道至圣
33441559, 7.8, 239, 回到明朝当王爷
19943805, 8.5, 126, 南衙纪事
26950725, 7.7, 263, 寡人无疾
03194076, 7.5, 321, 极品家丁5
04075905, 6.9, 702, 青山依旧笑春风
03094951, 7.4, 358, 春风渡
25846281, 8.9, 90, 凤逆苍穹3
04731812, 6.9, 693, 血族新娘（下）
02349951, 7.2, 455, 凤舞大清Ⅱ
02187818, 6.7, 937, 花落燕云梦（全2册）
30346784, 7.5, 310, 以你为名的小时光
04718480, 6.8, 783, 血族新娘（上）
02381531, 6.8, 782, 凤还巢
26968007, 7.8, 218, 讀者和主角絕逼是真愛(一)
25700791, 8.5, 115, 掌事(卷四)
04023238, 8.0, 177, 篡清3·不一样的甲午（上下）
02976880, 7.1, 487, 纳妾记
01098640, 8.1, 160, 康州美国佬在亚瑟王朝
25725668, 8.1, 160, 活在晚明③
27077737, 7.8, 212, 天下
01946021, 7.0, 533, 墨莲
06894982, 9.1, 72, 仁醫 (3)
03786933, 7.2, 397, 骑士幻想夜Ⅱ
26846663, 8.1, 151, 木兰无长兄5
26673306, 8.0, 164, 娇娘医经2
26860947, 8.2, 137, 木兰无长兄6
03126471, 8.6, 99, 大唐明月 卷四
03068271, 7.6, 240, 并箸成欢 上
05948763, 8.1, 146, 復生 上
24870698, 7.0, 493, 宦妃
26822035, 8.7, 90, 砂与海之歌2
26904053, 8.2, 133, 木兰无长兄7
01125257, 7.5, 263, 爱上一只唐朝鬼
26673311, 8.0, 158, 娇娘医经4
25832465, 8.6, 96, 凤逆苍穹2
25700790, 8.4, 112, 掌事(卷三)
25942327, 7.8, 190, 奥术神座2·圣咏之城
03735921, 6.8, 627, 骑士幻想夜
06964234, 7.3, 319, 凤临天下（全三册）
01706039, 7.4, 281, 逝去的欧若拉
03287735, 7.0, 463, 静思
03075203, 7.6, 219, 交錯時光的愛戀
24863533, 6.2, 1681, 纨绔世子妃（上下）
03244010, 7.3, 304, 猫游记2
25934782, 6.7, 682, 盛世良缘
25832464, 7.8, 175, 凤逆苍穹1
25943434, 8.4, 102, 七寻记Ⅲ
07068069, 7.5, 234, 姐姐有毒
02061455, 6.6, 767, 恍然如梦2
06788019, 7.1, 372, 失落大陸
26673316, 7.9, 154, 娇娘医经5
25700792, 8.3, 108, 掌事(卷五)
03244011, 7.3, 284, 猫游记3
11445472, 7.2, 315, 女法醫辣手摧夫記·上
02241268, 6.7, 622, 契丹王妃
27075037, 8.5, 90, 凤九卿（五）
01999747, 6.7, 615, 唐突美人
01546477, 7.5, 220, 重返中世纪
34839271, 6.9, 458, 庆余年·第一卷：远来是客
24740579, 7.5, 217, 木槿花西月锦绣3
25700793, 8.3, 103, 掌事(卷六)
30273344, 7.0, 392, 青梅七分甜
03666772, 8.1, 120, 寻秦记2
03786931, 7.1, 338, 骑士幻想夜Ⅰ
27114769, 7.2, 298, 君九齡1-10套装
05366329, 7.6, 187, 蛮姑儿
03733116, 6.9, 427, 美人在侧花满堂
02971921, 7.6, 185, 归路1
03689474, 7.9, 137, 重生于康熙末年（三）
03061269, 7.0, 366, 失踪的王妃
03042879, 7.4, 224, 纳妾记2·白骨迷案
27046833, 8.1, 113, 原来你是这样的馆长大人
27604100, 6.9, 409, 湖中公子
35092357, 9.4, 46, 航海少年团1·古灯塔的神秘之门
26417445, 7.5, 197, 名门医女（上下）
05938978, 8.1, 111, 莫道浮云终蔽日
21241484, 7.2, 273, 庶女攻略5
25790208, 7.6, 175, 九云辞
27034257, 7.8, 144, 凤九卿（三）
03744040, 8.1, 110, 寻秦记3
03287729, 6.8, 454, 青蛇
05948761, 8.0, 119, 復生 下
25765018, 8.0, 119, 三生三世彼岸花·完美终结（上下）
11602693, 7.1, 298, 越姬（下）
01104746, 7.2, 263, 乘龙快婿
26583776, 7.6, 169, 萬事如易 第一卷 福禍易算，人心難卜（１）
05938977, 7.9, 127, 谁人试手补天裂
26904433, 7.3, 232, 醉玲珑
04834582, 6.6, 587, 无盐妖娆（全二册）
03795706, 6.4, 812, 皇家幼儿园
26411284, 7.7, 152, 奥术神座4·天空之城
26779890, 8.1, 106, 歌尽桃花（全2册）
06527857, 7.5, 185, 六朝清羽記 1
03228759, 7.7, 150, 尋找前世之旅·二部曲2·祭司選中的少女
25886158, 7.5, 183, 时砂之王
25795071, 7.7, 147, 昊天纪·符阵师
03998997, 6.3, 924, 芙洛
27082729, 7.9, 121, 木兰无长兄8
02361716, 7.5, 177, 指南录 1
06843907, 6.6, 545, 云狂（上下）
26733370, 7.5, 175, 掌事
25983068, 7.5, 174, 奥术神座3·死亡盛宴
03361745, 7.3, 214, 异世淘宝女王（中）
34840675, 6.9, 346, 庆余年·第二卷：人在京都
25729887, 7.2, 236, 宦妃·完美终结
27075039, 7.9, 115, 凤九卿（六）
02285549, 8.7, 62, 王家の紋章
05441850, 9.1, 48, 仁醫 (Vol.14)
30318776, 6.7, 437, 再生缘：我的温柔暴君
26011722, 6.5, 584, 北落师门
03115875, 6.6, 495, 如梦令（上下）
10519681, 6.9, 323, 妖孽传说
30245295, 7.0, 284, 唐砖1：初入大唐
20273770, 7.8, 121, 傲风2·北境放逐之地Ⅱ（上下册）
27060209, 7.5, 161, 九霄奔云传
24860519, 7.4, 178, 將夜27
03210664, 7.4, 176, 大唐御医1
24283791, 7.1, 246, 庶女攻略7
26411286, 7.6, 142, 奥术神座5·黑暗山脉
30166198, 8.0, 99, 有鹤鸣夏2
04915762, 7.1, 241, 大龄宫女
26657576, 7.2, 213, 异乡人1
03446592, 7.0, 268, 倾城别传 上、下
24283628, 7.1, 235, 庶女攻略6
03326973, 7.0, 264, 异世淘宝女王（上）
25714562, 7.8, 113, 俊男坊·风云变幻（全两册）
05363959, 7.9, 103, 信长协奏曲 Vol.1
05938976, 7.9, 103, 直挂云帆济沧海
25765016, 7.2, 204, 三生三世彼岸花（上下）
26899836, 7.5, 148, 不如，重新开始
06856074, 8.1, 86, 沉舟侧畔千帆过
04713881, 7.6, 133, 篡清4·两江风雷
06097574, 7.2, 201, 我就是妖怪3
25934791, 7.5, 146, 天之骄女
10602098, 8.9, 49, 漂流武士 02
30276112, 7.5, 145, 丞相不容易
06977666, 6.9, 285, 天才魔妃
25766551, 6.5, 499, 唐砖1·土豆有妖气
02301315, 7.7, 118, 无字拼图Ⅰ
03894618, 6.3, 677, 窈窕庶女
26615105, 7.2, 194, 女捕头
34917883, 6.8, 316, 庆余年·第三卷：北海有雾
03133417, 7.2, 193, 纳妾记3·纵火迷云
03518091, 7.3, 172, 异世淘宝女王（下）
24860523, 7.2, 191, 將夜29
26424037, 7.0, 241, 一品仵作
03071718, 7.8, 105, 情人
03532803, 7.5, 138, 明朝五好家庭5（大结局）
05985000, 7.8, 104, 慶餘年 參部曲 2 松芝仙令
02991237, 7.7, 113, 1911新中华1
20380197, 8.1, 80, Er ist wieder da
03168444, 7.2, 184, 纳妾记4·苗疆惨案
24860518, 7.2, 184, 將夜26
27030241, 6.6, 385, 再见，寒生
26837794, 8.5, 58, 11/22/63
25955091, 8.4, 62, 凤逆苍穹4
27167509, 8.1, 77, 朝花夕拾
24283416, 6.7, 327, 我的溫柔暴君（一）
25904032, 7.3, 158, 花開春暖1
19998878, 7.5, 128, 丹鳳朝陽·卷一
27027469, 7.9, 89, 他与星辰皆璀璨
01704819, 8.6, 53, 爱的约定
25734575, 8.2, 70, 美人謀律·卷一
03242684, 6.6, 357, 花褪残红青杏小
25907579, 7.5, 123, 美人谋律·洛阳卷（上下）
26748150, 8.2, 68, 成化十四年（卷四）
27116049, 6.7, 305, 归鸿书 金粉丽人
01466100, 9.1, 38, いま、会いにゆきます
26608057, 7.4, 133, 神医凤轻尘：断是今生难舍离
04242838, 8.0, 78, 再生勇士7 云中之剑
20440086, 6.7, 298, 凤再上（上下）
06856073, 7.9, 84, 严冬过尽绽春蕾
04048188, 6.5, 392, 千面风华（上下）
24744714, 8.1, 71, 汉室瑶光
10451754, 6.4, 453, 错嫁良缘之后宫疑云（上下）
02302076, 7.0, 199, 凤凰无双（共三册）
25817796, 7.3, 142, OVERLORD 02
30245366, 7.0, 197, 唐砖2：平步青云
02064999, 7.6, 105, 龍狼傳(01)
25695979, 7.7, 96, 莊周之燕 卷下
24860524, 7.0, 195, 將夜30
26222164, 7.9, 80, 一生一世笑繁华终结篇（全三册）
26307249, 6.6, 320, 盛世王妃
25934784, 7.1, 170, 一生一世笑繁华（上下）
11510504, 7.2, 152, 饕餮西施（上）
11443717, 6.7, 275, 霓裳
10608302, 7.0, 189, 落月迷香
02064448, 7.9, 78, 跳躍吧！時空少女
11528163, 7.7, 92, 牡丹冠天下1·絕處逢生
30142886, 7.3, 134, 神医凤轻尘
26748151, 8.1, 65, 成化十四年（卷五）
30410841, 7.3, 128, 妙偶天成 1
03117373, 7.7, 88, 蝴蝶的皇冠1
30245375, 7.0, 176, 唐砖6：盛世长歌
05450773, 7.5, 104, 朱门风流
03987209, 7.2, 137, 食霸天下·完结篇
03228762, 7.0, 170, 平安京之宋姬物語
04243427, 7.0, 170, 大爭之世 卷一：公子慶忌
05296866, 7.3, 123, 篡清5·鼎之轻重
26598616, 7.9, 72, 萬事如易 第一卷 福禍易算，人心難卜（3）完
30222512, 7.3, 122, 再见顾南浔2
05395593, 7.3, 121, 天使的私心
20450040, 7.3, 121, 扶搖皇后·終結曲3·扶風海寇
25955093, 7.6, 91, 美人谋律·长安卷（上下）
25733652, 7.0, 165, 將夜32
25917401, 6.8, 209, 千金记
24888455, 7.1, 147, 良婿1·盛世浮华（上下）
20366855, 7.6, 89, 时空之恋1
26981157, 7.3, 117, 公主上嫁记
25904052, 6.7, 230, 妃嬪這職業 上
02300109, 7.6, 88, 再世为狐
25888099, 7.2, 127, 天才儿子腹黑娘亲(1)-武林萌主
26343553, 6.5, 293, 纨绔世子妃7·大结局（上下）
26756763, 7.9, 67, 關於我轉生變成史萊姆這檔事 03
04179799, 6.5, 289, 兰陵皇妃（上）
02595331, 7.5, 93, 帝师传奇一·帝台深
30458419, 5.9, 784, 恰似寒光遇骄阳
26115659, 8.1, 57, 表妹難為01
25922348, 7.1, 137, 步步惊华
26108563, 7.9, 66, 天下男修皆爐鼎  卷一
25733650, 6.9, 171, 將夜31
25877111, 7.4, 101, 名門醫女（一）
35017509, 8.0, 61, 庆余年·第四卷：龙椅在上
03314960, 6.6, 243, 飞花溅玉录（全两册）
03033758, 7.6, 82, 隋唐风云Ⅰ·蜉蝣
20413736, 6.9, 162, 芙蓉王妃（上下）
27065425, 6.9, 162, 慕南枝1：如梦初醒
30245373, 6.9, 162, 唐砖4：美人心计
11510515, 7.3, 106, 饕餮西施（下）
10439753, 7.8, 68, 木槿花西月錦繡·卷一
25855722, 7.0, 143, 喜盈门（上下）
05242195, 7.6, 79, 窃明第二部·虎狼2
01708151, 7.2, 114, 爱在公元前
03106619, 7.3, 103, 醉游记Ⅰ
20281266, 7.3, 103, 九全十美1
27022062, 7.6, 78, 讨厌的你(2)
26864261, 7.1, 125, 回到过去变成猫2
26947773, 7.4, 93, 回到过去变成猫3
07564368, 6.4, 297, 天生凉薄（上下）
03228736, 7.7, 71, 尋找前世之旅2·毒藥公爵
07916265, 7.7, 71, 绝色锋芒
26947775, 7.4, 92, 回到过去变成猫4
25712064, 7.6, 77, 奸相萌女 卷1
26286497, 6.6, 221, 九重紫（4、5、6）
30342961, 7.9, 60, 她心见陆心
06732190, 7.4, 91, 吟詠風歌(下)
26280977, 6.5, 251, 皇家二掌柜
26616067, 6.9, 151, 關於我轉生變成史萊姆這檔事 01
26583778, 7.8, 64, 萬事如易 第一卷 福禍易算，人心難卜(２)
27012341, 5.4, 1962, 特工皇妃楚乔传
26307173, 6.8, 166, 皇家二掌柜·完结篇
26738321, 6.6, 212, 思美人
30179796, 8.0, 54, 凤煮九天
34839867, 8.0, 54, 庶女生存手册
25803303, 9.0, 29, 漂流武士 03
04210987, 7.0, 127, 新中国
25904053, 6.8, 158, 妃嬪這職業 下
06428341, 6.7, 178, 寻找前世之旅
05399426, 7.3, 93, 全美男后宫
26290163, 7.9, 56, 無職轉生 ~到了異世界就拿出真本事~ 01
10484087, 8.0, 52, 回到未来
02044743, 5.9, 592, 穿越时空之错爱唐朝
20379841, 7.4, 82, 錦衣夜行 卷一
25889140, 6.7, 168, 纨绔世子妃3·倾天下（上下）
03909864, 6.7, 166, 埃及艳后
30245374, 7.0, 118, 唐砖5：乘风破浪
26388421, 6.9, 127, 春闺梦里人（上）
25961140, 6.7, 157, 將夜36
03360570, 7.9, 51, 古国奇缘1
03070052, 7.6, 64, 隋唐风云Ⅲ·锦瑟无端
03232127, 7.0, 110, 大唐御医2
03755374, 7.0, 110, 囧囧后宫记3之夺宫
10457376, 7.8, 54, 会挽雕弓如满月
03897856, 6.7, 152, 穿越之春色无双
25729723, 8.3, 38, 奸相萌女 卷5
03070046, 7.5, 68, 红尘客
20500942, 7.8, 53, 浪漫传说-2
21349696, 8.5, 33, 猫之茗2
25982108, 6.7, 146, 缚石
20497102, 6.8, 130, 小娘子素手擒夫（上）
30245367, 6.8, 128, 唐砖3：祸从天降
05383652, 6.9, 114, 下堂后
05297352, 6.7, 142, 美人天下（全二册）
03089735, 7.2, 83, 迷失在康熙末年
26148476, 6.8, 125, 绝世无双2崛起荒芜
25841471, 6.4, 204, 纨绔世子妃2·公子谋（上下）
02277549, 7.2, 82, 倾城梦
03177937, 7.4, 68, 醉游记Ⅲ
25712067, 8.1, 40, 奸相萌女 卷2
27086814, 7.7, 53, 回到过去变成猫7
02229053, 6.8, 120, 冰恋沉醉千年前
33406696, 8.0, 42, 墨多多谜境冒险 阳光版28.深湖暗影
27108592, 7.7, 52, 回到过去变成猫5
27108596, 7.7, 52, 回到过去变成猫6
25929620, 6.4, 193, 君心似我心
05936095, 7.0, 95, 医道官途
03115966, 7.1, 86, 宫弑
26363575, 6.3, 219, 五次方谋杀
30254857, 7.5, 60, 异乡人
04106759, 7.4, 65, 戏点鸳鸯
26674141, 7.4, 65, 關於我轉生變成史萊姆這檔事 02
04106734, 7.2, 76, 交错时光的爱恋
03360572, 7.7, 50, 古国奇缘2
26410978, 6.8, 113, 美人难做
01223800, 7.1, 82, 生活在清朝的人们
30315392, 7.5, 57, 我男朋友是锦衣卫
26832560, 6.5, 154, 凤凰错1宁弃天下换卿心
20370981, 6.4, 175, 楚王妃-全二册
07060334, 6.6, 136, 刑名师爷1
04179798, 6.2, 231, 兰陵皇妃（下）
25891813, 6.3, 200, 颤抖吧
26312544, 6.5, 153, 盛世良缘完美终结
30175855, 8.3, 32, 天庭出版集團 一
25720696, 8.1, 36, 奸相萌女 卷4
25955155, 6.5, 150, 纨绔世子妃4·点江山（上下）
03302778, 6.9, 91, 恨相逢之戰國之戀1·初遇清洲城
30321128, 7.4, 57, 枭臣
26328571, 7.7, 45, 天才儿子腹黑娘亲2 比财招亲
26635993, 7.9, 39, 萬事如易 第貳卷 善惡易知，是非難說  02
10607040, 5.3, 1165, 妾本惊华（上下）
19998918, 7.4, 56, 丹鳳朝陽·卷三
30187953, 6.9, 87, 美景未迟
19998904, 7.4, 55, 丹鳳朝陽·卷二
07060370, 7.0, 78, 刑名师爷2
26848154, 6.8, 95, 何时雾散尽
22051559, 6.3, 172, 彼岸花开为君颜（上中下）
20375973, 7.2, 64, 丹鳳朝陽·卷六（完）
26705850, 6.3, 169, 同学别将就
06711777, 6.6, 116, 八夫临门
10761448, 7.1, 69, 雌雄怪盗·下
26607547, 9.0, 20, 漂流武士 04
24891568, 6.2, 187, 复贵盈门
26582937, 8.5, 25, 殺手之王02
26700343, 6.9, 80, 春闺梦里人下
26630430, 7.4, 50, 萬事如易 第貳卷 善惡易知，是非難說  01
11443267, 6.8, 84, 杀手皇妃
26834531, 7.5, 45, 帝医风华1妙手乾坤倾天下
30334161, 6.7, 92, 听说陛下嫌我丑
35010863, 7.1, 62, 似锦
26148484, 6.4, 130, 纨绔世子妃5·姻缘劫（上下）
27598873, 7.4, 48, 和你的世界谈谈2
02990524, 6.8, 82, 谁家天下·上阕·化蝶的眼睛
10757146, 6.6, 101, 書蟲在清朝的米蟲生活
06139435, 7.0, 67, 囧女辣手摧草录
26654116, 7.7, 38, 萬事如易 第貳卷 善惡易知，是非難說  03 完
10799763, 7.9, 33, 秘语森林
20500943, 6.8, 80, 浪漫传说-1
06984975, 6.9, 72, 重返亚瑟王朝
06793129, 6.9, 71, 独领风骚（全二册）
20301078, 7.2, 54, 丹鳳朝陽·卷五
05256867, 5.8, 290, 三生三世桃花依旧
01939576, 6.7, 86, 霸王龙也有春天（上下）
19998996, 7.2, 53, 丹鳳朝陽·卷四
30421803, 7.7, 36, 關於我轉生變成史萊姆這檔事 (7)
26945346, 6.6, 94, 田入心扉
03162410, 6.6, 93, 宫斗：高手在现代（上下）
27200228, 7.3, 48, 贞观大闲人
25846292, 6.7, 82, 朕本红妆
03017398, 6.5, 102, 大清往事
03739305, 6.2, 148, 繁花落尽执何手
27093487, 5.7, 321, 宫中记：北落师门
03821901, 6.4, 113, 凤歌（上下）
26933882, 7.3, 45, 仙泣
30269386, 7.0, 56, 人海之中遇见你
26631092, 6.9, 61, 春闺梦裡人 中
27104630, 6.3, 113, 再遇霍承安
26582945, 8.6, 19, 殺手之王10
26593780, 6.8, 64, 材料帝国
26255849, 6.1, 143, 纨绔世子妃6·定乾坤（上下）
26694940, 7.7, 31, 萬事如易 第叁卷 生死易破，情仇難解 02
27624044, 6.7, 70, 浮生知星辰(下)
30414882, 7.4, 38, 關於我轉生變成史萊姆這檔事 4
26366640, 6.3, 106, 吉时医到
04289105, 6.4, 94, 小妾当然不如妻
25955140, 6.3, 105, 宫廷记事
25817978, 6.8, 60, 朕本红妆·完美终结
26964879, 6.7, 65, 掌家娘子
06968360, 7.5, 33, 青瓷怡梦
11526831, 6.6, 69, 顾盼生欢 卷三
26678669, 7.6, 30, 萬事如易 第叁卷 生死易破，情仇難解  01
30448004, 6.7, 62, 至尊女医（全3册）
20645088, 6.2, 107, 唐歌
25720866, 6.4, 84, 彼岸千缘
02310655, 6.3, 93, 妖王Ⅰ
20375962, 6.2, 104, 美姬妖且閒  卷1
26774265, 7.6, 29, 萬事如易 第肆卷 天下易得，成敗誰何 02
26797494, 7.6, 29, 萬事如易 第肆卷 天下易得，成敗誰何 03
26108631, 7.8, 25, 奸相萌女 卷9  (完)
02120769, 6.2, 100, 灵魂等待三千年（壹、貳）
26582941, 8.5, 17, 殺手之王06
26582946, 8.5, 17, 殺手之王11
04087440, 7.2, 37, 食神王妃万万岁
03007469, 6.0, 126, 盛世红妆
26582948, 8.6, 16, 殺手之王13
26933154, 8.6, 16, 漂流武士 05
03222343, 6.1, 109, 青花瓷
30143037, 8.2, 19, 贞观大闲人3
26582938, 8.1, 20, 殺手之王03
26582940, 8.3, 18, 殺手之王05
03695587, 7.7, 25, 知音漫客丛书 幻之国度 2
26582943, 8.4, 17, 殺手之王08
26582949, 8.4, 17, 殺手之王14
26797495, 7.4, 30, 萬事如易 第肆卷 天下易得，成敗誰何 04
26108625, 7.8, 23, 奸相萌女卷6
26611272, 7.1, 37, 步步惊华终结篇
26738306, 5.9, 131, 盛世医妃
03657109, 6.2, 88, 慕容冲之凤凰于飞（上下）
03005077, 5.9, 129, 赵飞燕传奇（全2册）
10442137, 5.0, 734, 宫锁心玉
30143036, 8.0, 20, 贞观大闲人2
26719832, 7.2, 33, 萬事如易 第參卷 生死易破，情仇難解  03 完
26582939, 8.3, 17, 殺手之王04
26108628, 7.8, 22, 奸相萌女 卷8
26582942, 8.4, 16, 殺手之王07
26582947, 8.4, 16, 殺手之王12
30229610, 7.1, 35, 美人戾氣重  卷一
20499123, 7.0, 37, 紫微宫词
04175343, 5.9, 119, 好女十八嫁（上下）
26704363, 8.5, 15, 且把年华赠天下之战江山
03840479, 6.1, 88, 大唐寻情记（下）
26582944, 8.3, 16, 殺手之王09
02248257, 5.9, 113, 美人如花隔云端
20436099, 6.4, 61, 多多益善1·從此蕭郎是陌路
03017723, 6.2, 76, 谁主君心
30774337, 7.3, 28, 大宋的智慧2
26732967, 7.2, 30, 萬事如易 第肆卷 天下易得，成敗誰何  01
27108563, 6.9, 37, 原始戰記1
05938353, 7.7, 21, 香薰时光之恋
30581068, 7.3, 27, 大宋的智慧3
26115666, 7.6, 22, 表妹難為02
03133024, 6.1, 79, 时空错·锦凤成凰
06712838, 6.7, 42, 你是我的宠
02184729, 5.9, 97, 穿越时空情迷五胡乱华2
03155198, 5.9, 97, 囚娇龙
20271235, 5.5, 178, 国医高手
02970250, 5.7, 121, 折草记之文珠令
03182179, 6.2, 63, 我与诸葛孔明
20434948, 6.8, 35, 九全十美5（完）
06712824, 6.9, 32, 王妃从天降
30396557, 5.4, 185, 嫡长孙
30144063, 6.5, 44, 阿努比斯之门
10561643, 6.2, 59, 媚色逃妃（上下）
25806019, 6.2, 59, 龙藏凤隐（上下）
02983191, 6.0, 74, 浴火凤凰
20375963, 6.5, 43, 美姬妖且閒 卷2
03695585, 6.5, 42, 知音漫客丛书 幻之国度 1
20493239, 6.2, 56, 楚王妃（全二册）
07684341, 5.7, 95, 血族·邪瞳（上中下）
26115679, 7.2, 22, 表妹難為03
03284078, 6.1, 56, 江山如此多娇（上下）
06810208, 7.6, 17, 梦幻军舰大和号 Vol.1
20473579, 6.5, 36, 惊世弃妃（全二册）
25978025, 6.8, 28, 荒岛一枝花
26115681, 7.2, 21, 表妹難為05
26953706, 5.3, 162, 盛世皇后2
05332991, 7.3, 19, 穿越時空 01
25958961, 6.3, 41, 書香貴女1
03165445, 5.5, 109, 何者为卿狂
25835991, 5.2, 173, 一世倾城1
26938890, 7.4, 17, 求ム! 理想の年下上司
26777161, 6.9, 23, 一柳寒蝉
03065656, 5.4, 114, 芙蓉成长记之芙蓉帐寒难度春宵
26115706, 7.0, 21, 表妹難為09（完）
26115682, 7.2, 18, 表妹難為06
04711898, 7.0, 20, 捉鬼王妃（全三册）
26115680, 7.0, 20, 表妹難為04
26115697, 7.0, 20, 表妹難為07
26115705, 7.0, 20, 表妹難為08
01962589, 6.0, 47, 清楼女帝（上下）
10742947, 6.4, 31, 掌权者
25835992, 5.3, 117, 一世倾城2
30277419, 7.3, 16, 美人戾氣重  卷二
30410920, 6.1, 40, 韶光慢（卷五）
30317607, 6.9, 20, 美人戾氣重  卷四
02999439, 6.4, 29, 企鹅王妃
25806016, 6.2, 34, 凤啸云歌（上下）
30277433, 7.3, 15, 美人戾氣重  卷三
25778897, 5.6, 65, 愿我如星君如月
06905496, 6.3, 30, 你若不离不弃，我必生死相依
03360545, 5.5, 73, 何日再成人
20501018, 6.7, 21, 盛世醫女1·孤女技不凡
30194760, 6.3, 28, 扶摇皇后·第一卷
04887835, 6.7, 18, いつか恋が叶うまで
30383261, 5.7, 44, 神女追梦记
27935559, 5.5, 51, 我本闲凉
30282000, 6.1, 24, 画骨女仵作
10771143, 6.8, 14, 水墨山河珍藏版
03755378, 4.9, 102, 因缘妙美人（上下）
26582730, 5.7, 28, 無巧不成妻（上）
04111162, 5.2, 50, 梦回尼罗河之帝国王妃（上下）
24872206, 4.9, 81, 医手遮天1·天玄大陆
06990321, 5.7, 24, 网络穿越小说概论
10580922, 6.0, 17, 冷情王爷命定妃
03726786, 5.5, 21, 天雪香铺（上下）
20501024, 6.0, 13, 盛世醫女2·皇城女御醫
20501031, 5.9, 13, 盛世醫女3·貴女得良嫁（完）
25842596, 4.6, 54, 千年等一蛇
21817765, 4.4, 53, 妃来横祸（上）
25879691, 4.5, 38, 所罗门封印
26970799, 0.0, 10, 风之守望者2
25848473, 0.0, 11, 傲雪江山·终结篇
20394703, 0.0, 13, 重生女警之错嫁为妃
03260453, 0.0, 17, 小迷糊闯江湖（终结版）
10519518, 0.0, 21, 超时空恋爱社
26754252, 0.0, 21, 老公有点萌
26296039, 0.0, 23, 假凤惊鸾
26863309, 0.0, 29, 王府娇妻
30417670, 0.0, 29, 孕男~我在男校懷孕了 2
26296042, 0.0, 30, 美人兮：幽梦奇缘
27020196, 0.0, 30, 引君心：龙凤斗
04881021, 0.0, 34, 四物国物语·终结篇
30281683, 0.0, 35, 二两皇妃千千岁（一）
26612078, 0.0, 42, 君心有主
27591118, 0.0, 42, 仙途有坑
26856219, 0.0, 47, 天王助理
27058426, 0.0, 47, 同学别将就2
30204341, 0.0, 53, 倾世萌狐3
27179982, 0.0, 55, 听说你在暗恋我
25736630, 0.0, 59, 血族·神医1·天赐无邪（上下）
26738314, 0.0, 59, 蓬莱走读生（下）
26964793, 0.0, 64, 锦绣江山之溺宠皇妃
33394768, 0.0, 65, 我的总裁先生
