2020-07-05 16:00:13

number of books, tag name
947, 童年

ID, rating, votes, title
01084336, 9.0, 576786, 小王子
01770782, 8.9, 647950, 追风筝的人
10554308, 9.1, 272258, 白夜行
27614904, 9.2, 192613, 房思琪的初恋乐园
01041007, 9.1, 170788, 哈利·波特与魔法石
01046209, 9.2, 88895, 安徒生童话故事集
06781808, 9.2, 77187, 杀死一只知更鸟
01254588, 9.0, 100388, 城南旧事
01007914, 8.7, 158689, 窗边的小豆豆
01043008, 9.0, 69500, 格林童话全集
24531956, 9.7, 21888, 哈利•波特
01204889, 9.5, 28537, 机器猫哆啦A梦23
01449352, 8.8, 85163, 朝花夕拾
01002898, 9.2, 37773, 父与子全集
01029553, 8.9, 58705, 西游记（全二册）
01060852, 8.9, 54738, 呼兰河传
01040771, 8.2, 206807, 达·芬奇密码
01389960, 9.3, 22831, 七龍珠 34
01085470, 8.5, 80225, 海底两万里
01016003, 8.1, 153084, 鲁滨逊漂流记
01102403, 9.7, 10582, 机器猫哆啦A梦（共45册）
01035848, 8.7, 44559, 一千零一夜
01036274, 8.6, 51790, 夏洛的网
02136140, 8.7, 40391, 雨季不再来
01052990, 9.0, 20407, 草房子
01421921, 8.9, 22187, 幽游白书（全19册）
01119839, 9.1, 15886, 王尔德童话
01028409, 9.4, 10265, 中国少年儿童百科全书（全四册）
03693974, 9.4, 9537, 小王子
03057333, 9.1, 13383, 城南旧事
02160226, 9.2, 9797, 快乐王子
05437113, 9.1, 10733, 窗边的小豆豆
01765512, 9.1, 10367, 海的女儿
02160556, 9.1, 10182, 十万个为什么
01064841, 9.1, 8991, 绿山墙的安妮
01028270, 8.8, 11468, 舒克和贝塔历险记
01922977, 9.4, 4980, 父与子
01004088, 9.0, 8177, 长袜子皮皮
20421947, 8.6, 14523, 在细雨中呼喊
01021193, 8.8, 10603, 皮皮鲁传
02042982, 9.5, 4181, 七龙珠
01203251, 8.1, 33317, 雾都孤儿
01001136, 8.8, 10439, 彼得·潘
04826530, 9.1, 6680, 我亲爱的甜橙树
01028404, 8.9, 8585, 鲁西西传
01784153, 9.4, 4439, 安徒生童话
03389984, 8.5, 15328, 俗世奇人
01483522, 9.3, 4843, 365夜
01006639, 9.3, 4382, 蜡笔小新（全32册）
01000534, 9.2, 4695, 中国少年儿童百科全书
26907961, 9.4, 3629, Born a Crime
03326892, 8.6, 10509, 圣诞忆旧集
01581547, 8.6, 10041, 聖闘士星矢 1
01427538, 9.4, 3440, 《父与子》全集
01467519, 9.9, 1984, 世界童话名著连环画
01470625, 9.2, 4288, 西游记（全三册）
01481362, 8.6, 9483, 城市猎人
01878265, 9.1, 4605, 安徒生童话
01318622, 8.7, 7602, 青铜葵花
01540211, 9.5, 2687, 丁丁历险记（共22本）
01017563, 8.8, 6384, 我的野生动物朋友
02282097, 8.8, 6330, 像自由一样美丽
01595910, 9.5, 2480, 机器猫哆啦A梦1
01072319, 8.5, 9013, 长腿叔叔
01542939, 9.8, 1771, 哈尔罗杰历险记(全套共14册)
02082194, 8.2, 14360, 小时候
01536907, 9.2, 3318, 金刚葫芦娃
01012561, 8.6, 7331, 上下五千年
02129427, 9.0, 4197, 三毛从军记全集
26372408, 8.9, 4671, 呼兰河传
03265177, 8.8, 5230, 呼兰河传
26855315, 9.4, 2451, 冒险小虎队
04832665, 9.2, 3073, 草房子
01015584, 8.1, 14270, 看上去很美
01009273, 9.2, 2935, 三毛流浪记（全集）
25953676, 9.3, 2558, 草房子
02349930, 8.8, 4710, 秘密花园
01803641, 8.9, 4036, 小公主
03048059, 9.7, 1603, 龙珠(全42册)
07154675, 8.8, 4592, 怦然心动
02050767, 8.6, 5853, 绿野仙踪
01041993, 9.2, 2635, 中国少年儿童百科全书
04132801, 9.1, 2949, 城南旧事
01430530, 8.3, 8831, 汤姆叔叔的小屋
01880823, 8.8, 4180, 格林童话
01077778, 8.1, 11800, 爱的教育
02130986, 8.3, 8478, 美少女战士（全18卷）
04860554, 8.8, 4022, 淘气包马小跳系列
25955474, 7.4, 42379, 坏小孩
02161691, 8.3, 8018, 伊索寓言
01102876, 9.0, 3030, 草房子
01060383, 9.2, 2301, 中国少年儿童百科全书
02084893, 9.2, 2258, 舒克和贝塔历险记
06003067, 9.5, 1616, 未来ちゃん
01005279, 8.8, 3456, 皮皮鲁和鲁西西的故事
02123957, 8.2, 8085, 绝对小孩
01090575, 8.6, 4350, 金拇指
01582541, 9.3, 1828, 樱桃小丸子（全20册）
01136074, 9.0, 2583, 呼兰河传
02002914, 9.2, 2002, 皮皮鲁和鲁西西全传
01912993, 9.2, 1973, 海蒂
01873569, 9.3, 1758, 郑渊洁童话全集(33卷)
01021311, 8.6, 4129, 爱丽斯漫游奇境
03132477, 9.1, 2189, 城南旧事
03854850, 9.5, 1398, 阿拉蕾全集
01030469, 8.3, 6246, 青鸟
01073333, 8.8, 3110, 我的妈妈是精灵
01880824, 8.6, 4034, 一千零一夜
01156424, 9.0, 2411, 罐头小人
02003111, 9.2, 1910, 格林童话
01024889, 8.6, 3993, 大灰狼罗克
02343288, 9.4, 1524, 中国少年儿童百科全书（文化艺术）
01003694, 9.1, 2125, 中国少年儿童百科全书
02069606, 9.2, 1882, 皮皮鲁和鲁西西
01018482, 8.1, 7961, 汤姆・索亚历险记
01491317, 9.1, 2024, 皮皮鲁和罐头小人
01152745, 9.1, 2018, 花香小镇
01085467, 8.9, 2469, 神秘岛
01009285, 7.7, 14695, 童年
02065208, 9.2, 1710, 女神的圣斗士
01006418, 8.9, 2388, 老夫子
01040632, 8.5, 4002, 木偶奇遇记
01156423, 8.9, 2359, 五个苹果折腾地球
01092965, 8.3, 5233, 智齿
01933479, 9.0, 2055, 小灵通漫游未来
02128938, 8.9, 2260, 海底两万里（共二册）
01023882, 8.5, 3754, 病菌集中营
01115397, 9.1, 1772, 我要做好孩子
01005325, 8.3, 4945, 童年的消逝
03829245, 9.1, 1739, 城南旧事
01065799, 8.5, 3628, 男生贾里全传
02050768, 8.5, 3605, 夏洛的网
01318615, 8.5, 3576, 山羊不吃天堂草
03227126, 8.2, 5476, 30分老妈
01276032, 8.3, 4690, 地心游记
01049463, 9.3, 1345, 宠物小精灵特别篇（全7册）
01489401, 9.2, 1493, 安徒生童话
01163327, 8.9, 2101, 列那狐的故事
02081975, 8.7, 2678, 七色花
01830208, 8.3, 4569, 尼罗河的女儿（第一部）
01012489, 7.7, 11802, 童年 在人间 我的大学
01066463, 8.6, 2919, 我是钱
02343276, 9.4, 1156, 中国少年儿童百科全书（人类社会）
01029149, 8.5, 3303, 乌龙院(1-6)
01595893, 9.3, 1250, 超长篇机器猫哆啦A梦5
03376905, 8.5, 3233, 绝对小孩2
01142578, 8.4, 3690, 汤姆索亚历险记
20435633, 9.2, 1375, 小艾，爸爸特别特别地想你！
10794550, 8.9, 1904, 柳林风声
01825593, 9.4, 1092, 小学生十万个为什么
01047927, 8.8, 2120, 郑渊洁十二生肖童话（12册）
01290911, 9.2, 1325, 银孔雀
01962883, 8.7, 2362, 八十天环游地球
01204878, 9.1, 1475, 超长篇机器猫哆啦A梦1
03210776, 9.5, 966, 小学生十万个为什么
01285961, 8.4, 3430, 根鸟
01753922, 9.3, 1137, 超长篇机器猫哆啦A梦14
01054899, 8.3, 3797, 女生贾梅全传
01064532, 8.5, 2810, 秘密花园（2册）
25900696, 9.2, 1224, 银河英雄传说（全10册）
01100766, 8.9, 1704, 神秘岛
03041384, 9.5, 893, 阿拉蕾
01056707, 8.8, 1893, 时代广场的蟋蟀
01092264, 8.6, 2417, 格兰特船长的儿女
01034741, 8.7, 2128, 绿野仙踪
03090693, 9.5, 880, 小学生十万个为什么
01084169, 9.1, 1324, 城南旧事
01277319, 9.2, 1183, 超长篇机器猫哆啦A梦3
01689108, 9.2, 1183, 名侦探柯南原画全集
01495303, 7.8, 7578, 魔卡少女樱
01203631, 9.0, 1444, 城南旧事
01204884, 9.2, 1144, 超长篇机器猫哆啦A梦9
01103990, 8.4, 2943, 阿衰on line之一
01046883, 8.5, 2540, 查理和巧克力工厂
01064862, 8.1, 4446, 男生贾里  女生贾梅
01753923, 9.2, 1090, 超长篇机器猫哆啦A梦11
05383175, 8.8, 1698, 童年与故乡
01595897, 9.2, 1076, 超长篇机器猫哆啦A梦12
01211572, 9.8, 606, 世界文学名著连环画 欧美部分（全十册）
01252742, 8.8, 1669, 309暗室
01204881, 9.2, 1065, 超长篇机器猫哆啦A梦2
02193881, 8.2, 3543, 汤姆·索亚历险记
01578115, 8.6, 2069, 金刚葫芦妹
01220098, 9.0, 1282, 羊脂球
01831065, 9.2, 1031, 超长篇机器猫哆啦A梦7
01103312, 9.3, 924, 随风而来的玛丽. 波平斯阿姨
01595898, 9.2, 1014, 超长篇机器猫哆啦A梦13
01888031, 7.8, 6186, 格列佛游记
01949268, 8.9, 1375, 夜莺
01162717, 8.7, 1680, 红沙发音乐城
01021209, 8.4, 2415, 尼尔斯骑鹅历险记
02193875, 8.5, 2120, 尼尔斯骑鹅旅行记
01321696, 9.3, 852, 小布头奇遇记
06525582, 9.3, 849, 城南旧事
01595895, 9.1, 1030, 超长篇机器猫哆啦A梦8
01066133, 9.0, 1140, 怪老头儿
01936204, 8.4, 2292, 女生日记
01527300, 8.9, 1222, 城南旧事
02212064, 9.0, 1093, 小房子
01318422, 8.5, 1954, 假小子戴安
01080758, 9.5, 649, 史努比全集（全25册）
01416289, 9.0, 1050, 晴天有时下猪
27004925, 8.4, 2100, 我在秘密生长
01079945, 8.1, 3142, 生化保姆
01880825, 8.2, 2721, 希腊神话
27135212, 8.7, 1428, 杨红樱笑猫日记
01595894, 9.2, 822, 超长篇机器猫哆啦A梦6
02226178, 9.0, 1006, 城南旧事
01067353, 9.3, 737, 新华字典
01129879, 8.4, 2001, 魔方大厦
01841531, 8.3, 2276, 鲁滨孙漂流记
01491324, 8.9, 1098, 皮皮鲁和金拇指
01022702, 8.2, 2569, 小丫林晓梅
01007396, 8.3, 2198, 男生日记
01000993, 8.2, 2465, 女生日记
01009665, 8.3, 2131, 五·三班的坏小子
01880819, 8.9, 1035, 皮皮鲁和魔方大厦
01001309, 8.6, 1447, 苦儿流浪记
01310233, 8.7, 1283, 世界五千年
01192700, 9.0, 916, 永远讲不完的故事
03628184, 8.9, 1019, 猫武士
02036835, 9.1, 821, 意大利童话
03726316, 9.8, 429, 郎雀
01085856, 7.9, 3607, 在人间
01595921, 9.7, 464, 机器猫 哆啦A梦14
01595913, 9.6, 500, 机器猫 哆啦A梦6
01962205, 9.3, 656, 舒克和贝塔历险记全集
01595920, 9.7, 455, 机器猫 哆啦A梦13
01884655, 8.9, 966, 皮皮鲁和幻影号
01816104, 8.4, 1719, 保姆狗的阴谋
01885229, 8.2, 2225, 爱的教育
01161118, 8.6, 1337, 龙珠风波
01491321, 9.1, 766, 皮皮鲁和舒克贝塔
01310025, 8.4, 1676, 红瓦黑瓦
03053271, 8.5, 1468, 小猫出生在秘密山洞
25763527, 9.5, 511, 城南旧事（插图珍藏版）
02052682, 8.5, 1436, 虎皮猫，你在哪里
01041104, 8.7, 1131, 吹牛大王历险记
01059016, 8.7, 1131, 蛇王淘金
26421462, 8.7, 1124, 呼兰河传
01029951, 9.2, 661, 海蒂
01476304, 9.1, 722, 夏洛的网
01491319, 8.7, 1103, 皮皮鲁和教室里的隐身人
02040650, 9.4, 531, 窗边的小姑娘
02052229, 8.2, 1969, 爱丽斯奇境历险记
01072508, 8.2, 1966, 哈克贝利·费恩历险记
01917962, 7.9, 2964, 金银岛
01016435, 8.8, 939, 女巫
01505377, 8.5, 1319, 细米
01919733, 8.6, 1171, 彼得潘
07047201, 8.0, 2531, 芒果街上的小屋
01089893, 8.0, 2520, 童年
01045486, 8.2, 1913, 小鬼鲁智胜
02052697, 8.6, 1161, 能闻出孩子味儿的乌龟
04922018, 7.4, 6484, 斗破苍穹 2
01816105, 8.5, 1291, 塔顶上的猫
26994910, 8.8, 908, 城南旧事
01595903, 9.0, 727, 超长篇机器猫哆啦A梦17
02032651, 8.1, 2090, 格列佛游记
01865689, 8.6, 1115, 玻璃城堡
01032764, 7.7, 3739, 小时候就在想的事
03063012, 9.1, 652, 上下五千年（一）
01057702, 8.2, 1812, 汤姆·索亚历险记
01029322, 8.9, 794, 小公主
01595925, 9.6, 408, 机器猫 哆啦A梦20
04711377, 8.5, 1217, 小时候
02059671, 8.8, 867, 马王登基
06110326, 8.6, 1081, 呼兰河传
01000134, 9.0, 699, 三毛流浪记全集
01009405, 8.2, 1749, 漂亮老师和坏小子
01008592, 8.3, 1525, 那个骑轮箱来的蜜儿
01791383, 9.4, 473, 365夜科幻故事（上、下册）
26427575, 8.7, 942, 我们在此相遇
01769212, 9.2, 565, 骑鹅旅行记（上）
02976542, 8.7, 921, 圣斗士星矢 1
34439699, 9.6, 387, Sunny 星之子
06974199, 8.7, 916, 小毛驴与我
01085038, 8.4, 1293, 水孩子
01939608, 9.1, 601, 两个意达
01062137, 9.7, 351, 最新21世纪少年儿童百科
03023897, 9.1, 577, 希腊三部曲Ⅰ 追逐阳光之岛
01437776, 9.0, 633, 哆啦A梦秘密道具完全大事典
01831071, 8.9, 691, 超长篇机器猫哆啦A梦20
26337198, 8.8, 765, 多多，爸爸一直在这儿
02059535, 8.7, 847, 兔王卖耳
01063733, 8.5, 1059, 神秘的女老师
01753921, 8.9, 684, 超长篇机器猫哆啦A梦19
02223473, 9.3, 465, 舒克贝塔和五角飞碟
01011051, 9.2, 506, 时代广场的蟋蟀
01045722, 8.5, 1037, 调皮的日子
01816497, 9.2, 501, 亲亲我的妈妈
01035334, 8.9, 668, 超长篇机器猫哆啦A梦18
01286930, 9.1, 547, 我飞了
01003502, 9.3, 454, 安徒生童话故事全集（全四册）
01080959, 8.8, 729, 绿屋的安妮
01063138, 8.4, 1137, 今天我是升旗手
01489166, 9.0, 590, 狼王梦
01283223, 8.4, 1126, 80天环游地球
01029817, 9.0, 582, 绿屋的安妮
01005121, 9.2, 480, 三毛流浪记
01076320, 9.0, 580, 豆蔻镇的居民和强盗
02229614, 9.2, 478, 铁臂阿童木（1）
01970486, 9.5, 364, 安徒生童话和故事选
03620505, 8.8, 699, 女巫
01069405, 7.7, 2768, 我的大学
02059700, 8.8, 691, 虎王出山
01491325, 8.7, 764, 皮皮鲁和梦中人
01310023, 8.5, 953, 野风车
03769019, 8.6, 850, 闪亮的日子
06889910, 8.2, 1359, 世界别为我担心
03063133, 9.2, 453, 上下五千年（三）
03072494, 9.8, 274, 午夜飞机上的谋杀
02983793, 8.3, 1163, 蓝色的兔耳朵草
01491320, 8.1, 1488, 皮皮鲁和419宗罪
02996741, 8.9, 596, 乌龙院大长篇漫画系列
02039548, 8.2, 1294, 从地球到月球
02059543, 8.7, 722, 龙王闹海
03521255, 8.8, 650, 猪王照相
04832666, 8.8, 650, 青铜葵花
02996273, 9.7, 289, 绿野仙踪全集之一
02042241, 7.4, 4113, 魔法騎士（マジックナイト）レイアース 01
01939168, 7.8, 2176, 丢三落四的小豆豆
01271250, 9.2, 435, 悲惨世界
26807920, 8.7, 710, 阿兰的童年
02059684, 8.7, 702, 猴王变形
05912701, 7.7, 2405, 查理九世1·黑贝街的亡灵
05941664, 8.5, 850, 遊戲王01
01044342, 9.5, 323, 皮德生活漫画
26945615, 8.4, 933, 燕子最后飞去了哪里
02065008, 8.6, 744, 三隻眼(01)
04087909, 8.4, 923, 借东西的小人
03620499, 8.7, 659, 好心眼儿巨人
01008180, 9.2, 404, 天使雕像
01086333, 8.4, 897, 鲁滨逊漂流记
03023898, 9.2, 397, 希腊三部曲Ⅱ 桃金娘森林宝藏
02059682, 8.6, 714, 羊王称霸
01109610, 8.8, 576, 舒克和贝塔全传（全6册）
01076966, 8.6, 708, 大林和小林
01854578, 8.7, 635, 皮皮鲁和红桃老K
02059510, 8.6, 696, 鼠王做寿
05254318, 8.9, 509, 缝不起来的伤痕童年
01245777, 8.3, 969, 贪玩老爸
02227700, 7.6, 2487, 有你我不怕
02264147, 8.5, 767, 最后一课
02076987, 8.0, 1401, 大宇神秘惊奇系列1-5
01006933, 9.1, 414, 雷梦拉8岁
01968936, 9.1, 413, 城南旧事
02059519, 8.6, 676, 牛王醉酒
01032777, 9.2, 377, 喜乐与我
02039809, 8.8, 545, 皮皮鲁和红沙发音乐城
01442791, 8.9, 493, 我和小姐姐克拉拉
03025580, 8.3, 935, 杰出的流年
03044158, 8.1, 1188, 小豆豆频道
01107026, 9.1, 406, 凡尔纳科幻故事精选
01004383, 9.0, 445, 威斯汀游戏
04872916, 8.1, 1167, 格列佛游记
03829908, 9.6, 262, 格林童话
01143869, 8.1, 1159, 漂亮女孩夏林果
02059695, 8.6, 650, 鸡王画虎
01018554, 9.3, 333, 山中岁月
03200743, 8.6, 647, 一千零一夜
01162370, 8.2, 1018, 疯丫头杜真子
01125969, 9.2, 352, 嘭嘭嘭
01019586, 8.6, 621, 红瓦
03054759, 9.7, 231, 金字塔之谜
01041057, 8.4, 763, 非法智慧
01780261, 8.4, 760, 智齿
33436178, 8.4, 756, 寂静的孩子
01844858, 8.2, 938, 超级市长
03060931, 8.6, 596, 爱的教育
04742299, 8.4, 733, 北极村童话
04872914, 8.3, 817, 汤姆·索亚历险记
01041568, 9.1, 359, 世界五千年
25787839, 8.6, 579, 纳尼亚传奇
01143793, 8.2, 904, 天真妈妈
10426427, 8.5, 643, 白银时代
01038984, 8.9, 429, 亲爱的汉修先生
02240426, 8.8, 472, 十万个为什么
01065950, 9.4, 275, 猎场剿匪
03874471, 8.2, 897, 爱丽丝漫游奇境
01915476, 8.9, 425, 草原上的小木屋
26663303, 7.4, 2675, 俗世奇人·贰
02266772, 9.2, 317, 彩色童话:绿色童话 (精装)
01043880, 9.6, 229, 新编十万个为什么图画本(自然科学)(全八册)
10794873, 9.0, 377, 永远的西瓜小丑-笑猫日记
01727587, 9.1, 344, 门背后的秘密(日本大幻想小说)
01970559, 8.6, 553, 超级成长版冒险小虎队
01884658, 8.7, 494, 皮皮鲁分身记
03750803, 9.5, 239, 蓝色童话
02160319, 8.6, 529, 魔女宅急便
03891438, 9.5, 235, 三毛流浪记
01962718, 8.4, 648, 宝葫芦的秘密
22788820, 8.6, 524, 白轮船
01049814, 8.9, 386, 杨柳风
01893969, 7.8, 1305, 童年·在人间·我的大学
05984284, 7.4, 2342, 斗破苍穹3·寻找异火
01576005, 9.0, 346, Anne of Green Gables
04199539, 9.0, 345, 星期三的战争
01053536, 8.6, 506, 小公子
01001872, 9.1, 315, 黄色童话
03109972, 9.3, 262, 阿拉蕾·第2卷
01049411, 8.6, 495, 八十天环游地球
10433751, 8.9, 367, 孩子们的秘密乐园
01217319, 8.7, 443, 流浪狗和流浪猫
27048952, 8.9, 366, 缝不起来的童年
03097590, 8.9, 362, 大林和小林
01216165, 8.3, 665, 没头脑和不高兴
02241256, 8.3, 663, 故事会
05381705, 8.7, 435, 柏林童年
01102435, 8.3, 661, 冒险小虎队：喷火面具
02229649, 8.1, 830, 童年的秘密
01022672, 8.6, 477, 杜立德医生
01923154, 9.4, 233, 彩图成语词典
04262612, 9.4, 233, 风与树的歌
01027507, 8.5, 527, 海底两万里
30347934, 9.3, 250, 耗子大爷起晚了
01022023, 9.0, 321, 小巫婆求仙记
03677166, 9.0, 320, 美少女戰士(01)
03109973, 9.3, 248, 阿拉蕾·第3卷
01228395, 7.8, 1162, 化身博士
01024513, 9.2, 265, 新版小灵通漫游未来
01311998, 8.2, 701, 杀人蚁
01006961, 9.1, 286, 一千零一夜
01970555, 8.4, 558, 沉默的证人-超级成长版冒险小虎队
03922847, 9.7, 177, 世界文学名著连环画（亚非部分全五册）
03150367, 8.7, 406, 超长篇机器猫哆啦A梦23
02087599, 8.5, 489, 阿衰on line
01970560, 8.6, 436, 滴血的龙-超级成长版冒险小虎队
01489184, 8.2, 664, 稻草人
01032562, 9.4, 211, 一千零一夜连环画(上下全）
01019246, 9.1, 269, 骑鹅旅行记（上下）
02159124, 8.3, 570, 高山下的花环
01281682, 9.6, 178, 星际公共汽车旅行
03041335, 8.2, 632, 天子传奇
01023712, 9.1, 262, 小海蒂
01812682, 7.5, 1550, 伯爵千金
01219827, 8.3, 559, 超级版冒险小虎队
01035822, 9.0, 282, 黛西之歌
01272868, 8.0, 782, 童年 在人间 我的大学
01819845, 8.9, 305, 一号街的幽灵猫
01199658, 8.5, 443, 有老鼠牌铅笔吗
35074464, 9.3, 216, 光景宛如昨
02033123, 9.5, 185, 玛法达与伙伴们
02039811, 8.6, 399, 皮皮鲁和肥皂订书机
01949266, 9.3, 212, 幸运的贝儿
01981371, 9.4, 196, 拍脑袋的发明
03413784, 7.8, 953, 鸡皮疙瘩：噩梦营·邻屋幽魂
02326886, 9.5, 180, 魔鬼三角的秘密
02224276, 9.2, 224, 舒克贝塔德国游
20500693, 8.7, 345, 寻找黑骑士
01044705, 9.3, 205, 吵闹村的孩子
03028703, 8.1, 640, 狗牙雨
34792334, 8.1, 627, 穗子的动物园
03931981, 8.5, 407, 佐贺的超级阿嬷
01045375, 9.5, 171, 神秘海底城
03191308, 9.8, 138, 世界真奇妙
01970558, 8.5, 398, 林中飘过白衣女人
01134258, 8.6, 360, 汤姆·索亚历险记 哈克贝利·费恩历险记
04042069, 8.9, 273, 柳林风声
02044443, 8.8, 298, 狗王梦游
26879423, 8.8, 296, 孩子是个哲学家
01636447, 8.3, 483, 爱的教育
01085581, 8.7, 319, 吹牛大王历险记
01001366, 9.0, 243, 老夫子
26288879, 7.9, 722, 看上去很美
30172061, 9.2, 199, 夏日走过山间
01065109, 8.8, 270, 小鹿斑比
26606518, 8.9, 247, 草房子
02050878, 8.7, 294, 爸爸、妈妈、我和她
02977926, 8.6, 318, 圣斗士星矢 3
01052622, 8.9, 242, 傲慢与偏见
01207477, 7.9, 666, 上种红菱下种藕
01225537, 9.1, 204, 恶战杀人鲸
01322449, 9.5, 149, 安徒生童话故事集
01102874, 8.5, 343, 甜橙树
01022091, 8.5, 338, 山羊不吃天堂草
02579237, 9.9, 112, 彩图世界名著100集（红星篇）
01522152, 7.6, 918, 木偶惊魂Ⅱ·礼堂幽灵
03103039, 9.0, 210, 第三军团
01915733, 9.3, 165, 夏日历险
01079237, 8.8, 246, 猪王照相
01835996, 8.4, 357, 鲁滨孙漂流记
02266827, 9.3, 163, 度假村的狗儿猫儿
10772894, 8.4, 349, 看上去很美
01777763, 8.3, 382, 中华上下五千年
01071463, 8.4, 345, 笨狼的故事
01213486, 8.8, 238, 皮皮鲁外传
02368819, 8.6, 284, 灶王爷
33431300, 8.2, 422, 夏日纪事
01310477, 9.5, 137, 天空与地球
04263406, 8.6, 282, 山羊不吃天堂草
01012269, 9.7, 119, 彩虹英汉词典
01219821, 8.4, 340, 太空陵墓
01086317, 7.8, 657, 会飞的教室
01055429, 9.1, 183, 上下五千年（上、中、下）
01769828, 9.3, 157, 骑鹅旅行记（下）
01678460, 8.5, 308, 八十天环游地球
01219824, 8.3, 374, 毒药博士的恐怖计划
01219825, 8.6, 279, 孤岛紧急呼救
03171139, 8.5, 306, 腰门
01323723, 8.3, 371, 我的同桌是女妖
01469232, 8.6, 272, 审判
01095737, 8.7, 248, 大灰狼罗克全传
02259144, 9.8, 108, 《365夜故事》图画本
03265348, 8.4, 326, 戴银铃的长臂猿
01079505, 8.4, 325, 雾都孤儿
10736589, 8.2, 392, 远远的村庄
34428757, 7.8, 614, 原生家庭生存指南
01765671, 7.2, 1370, 风魔小次郎
01252646, 8.7, 238, 山居岁月
05984814, 8.8, 218, 天使雕像
26608905, 9.2, 158, 小伤疤
33406294, 9.4, 136, 童年
01004319, 8.7, 236, 漂来的狗儿
07047309, 7.8, 593, 查理九世9·羽蛇神的黄金眼
27200481, 8.5, 277, 我的妈妈去旅行了
24371376, 7.9, 516, 查理九世19·厄运水晶头骨
01074507, 7.7, 642, 死亡之屋・远离地下室
01039134, 9.5, 120, 安徒生童话选集
01213484, 8.7, 222, 大侦探乔麦皮外传
03179444, 8.2, 353, 蒲柳人家
01091886, 8.4, 287, 威尼斯惊魂
03132595, 7.7, 601, 鸡皮疙瘩：灵偶·妖怪狩猎者
03265349, 8.2, 337, 和乌鸦做邻居
01952115, 8.3, 303, 乌龙院大长篇漫画系列（卷一）
04171071, 7.7, 585, 偷星九月天10
22677141, 7.9, 455, 杨红樱淘气包马小跳系列
01007751, 9.8, 92, 儿童生活趣味百科
06852021, 7.7, 569, 与内心的小孩对话
01274150, 8.1, 360, 伦敦塔
01046115, 8.5, 243, 柳林中的风声
01204924, 9.8, 91, 彩图世界名著100集(紫星篇)
02329922, 9.5, 109, 中华少年奇才:彩色卡通画(上下) (精装)
26261844, 9.2, 134, 爱脸红的马赛林
01084550, 8.1, 346, 王子复仇记
27021598, 8.2, 312, 穿堂风
04254505, 8.6, 214, 小屁孩日记4
06101205, 8.2, 311, 你们忘了这个世界吗
01077870, 8.2, 307, 茶花女
01030717, 9.7, 93, 世界儿童文学名著故事大全
02079464, 9.2, 130, うめめ
02368114, 8.1, 335, 男孩的冒险书
01042820, 8.7, 190, 火鞋与风鞋
03183037, 8.2, 294, 尼羅河女兒 1
01257054, 7.6, 568, 木偶惊魂·追妖女孩
02352128, 9.4, 108, 13点少女漫画(共4册)
03226024, 7.8, 435, 别想吓着我·惊恐乐园
24719852, 8.1, 313, 会唱歌的猫
03058396, 8.3, 255, 足球大侠
01066746, 7.4, 698, 魔血・倒霉相机
01063870, 8.2, 277, 巴黎圣母院
06518246, 7.1, 1061, 斗破苍穹4·吞噬异火
03420103, 8.4, 228, 关于这座城市的记忆
01226366, 8.6, 189, 幸福来临时
26755809, 8.2, 273, 安琪拉的灰烬
06716742, 7.2, 897, 斗破苍穹6·炼药师大会
06721251, 8.7, 173, 城南旧事
01253906, 8.6, 188, 盛世繁花.童话卷.1
02979794, 8.9, 147, 神秘的公寓
26990606, 7.8, 414, 愿你，归来仍是少年
04879613, 9.1, 126, 升级版冒险小虎队
01119308, 8.1, 297, 小坡的生日
06797964, 8.9, 145, 城南旧事
06041383, 9.0, 134, 城南旧事
01257053, 7.5, 580, 魔鬼面具·小心许愿
01145497, 8.0, 325, 伊索寓言
01074203, 9.2, 115, 打开世界之窗/三毛大世界
01015241, 9.4, 100, 爱克斯探长(数学侦探故事)
01059136, 9.6, 87, 智力故事300个
26584008, 8.5, 196, 城南旧事
34451493, 8.9, 139, 八九十枝花
10465336, 9.2, 111, 毒伯爵該隱 05
03094982, 8.7, 162, 小忍者
04174167, 9.2, 110, 世界五千年（一）
06538396, 7.1, 936, 斗破苍穹5·佛怒火莲
01125872, 9.6, 84, 象母怨
01047430, 7.7, 422, 装在口袋里的爸爸
30208109, 8.5, 188, 萝西与苹果酒
34797194, 8.9, 132, 抑郁生花
02062998, 9.4, 92, 白比姆黑耳朵
02160208, 10.0, 64, 彩图中国古典名著100集——紫龙篇
01001934, 9.2, 105, 蜡笔小新
01010072, 8.2, 237, 苦儿流浪记
01844364, 9.5, 85, 海蒂
04242813, 8.0, 285, 辫子姐姐心灵花园
03431944, 9.7, 75, 故事口袋
06758577, 7.2, 745, 斗破苍穹9.挺进内院
03264585, 7.7, 393, 拳皇97 (全13册)
04923843, 8.1, 255, 黑熊舞蹈家
01461388, 9.6, 79, 20世纪世界儿童文学名著精粹
26770718, 8.8, 137, 城南旧事（插图本）
01049232, 9.2, 102, 中国神怪故事大观
03427906, 9.2, 102, 隐形人/神秘的雪球/老宅惊魂/复活的冷冻人/疯狂的医生/诡秘地带
02151797, 9.1, 109, 飞向冥王星的人
05919044, 9.1, 109, 吃六顿晚餐的猫
06751280, 7.1, 838, 斗破苍穹7
04116060, 8.9, 125, 魔幻游戏
02350825, 7.7, 380, 大宇神秘惊奇系列16-20
02049861, 9.3, 92, 新华字典(1990年重排本)
02323567, 8.1, 242, 非常童年
02080702, 8.4, 183, 神龍之謎 1
01909917, 7.5, 467, 世界未解之谜
10468295, 9.2, 98, 毒伯爵該隱 07
02128190, 7.8, 328, 第9届全国新概念作文大赛获奖作品选
01710831, 9.2, 97, 葫芦娃大战变形金刚（上）
01592768, 8.0, 259, 童年·在人间·我的大学
27077524, 9.6, 74, 童话往事 1
01221635, 9.4, 83, 18个童话女孩子
01099296, 8.3, 189, 尼尔斯骑鹅旅行记
02334035, 8.0, 250, 火星公主
01201856, 9.5, 76, 小学生十万个为什么(修订版)第三系列
26931367, 8.0, 244, 圣诞妈妈
04220914, 9.3, 85, 向日葵教授绑架案
02225049, 9.2, 90, 小精灵大闹娃娃祭
01592781, 8.6, 140, 聊斋志异
02176684, 9.1, 96, 柳林风声
06758576, 7.0, 795, 斗破苍穹8
01485699, 8.1, 213, 银顶针的夏天
01262334, 7.8, 288, 瞧，这帮坏小子
22855208, 9.1, 94, 城南旧事
01018001, 8.7, 126, 老夫子（1～10）
01219812, 8.0, 233, 超级版冒险小虎队
01489168, 8.7, 125, 一百个中国孩子的梦
03932425, 8.6, 135, 父亲的荣耀
10519842, 9.9, 57, 怪老头的故事
06860057, 8.7, 124, 草房子
34850356, 9.3, 81, 花猫三丫上房了
03132592, 7.5, 394, 断手琴师.夜嚎狼人
02412249, 9.2, 86, 罗克和返老还童丸
11441801, 9.2, 86, 铁路边的孩子们
07067228, 7.1, 654, 斗破苍穹14·强势归来
01522385, 8.2, 187, 霹雳贝贝
01214596, 7.9, 250, 幽默三国
04140606, 7.7, 308, 罗西与苹果酒
01687968, 9.9, 56, 坂田荣男围棋全集（共12册）
06720787, 8.1, 204, 封神演义
10468298, 9.1, 91, 毒伯爵該隱 09
03617614, 7.8, 273, 小桔灯
02273700, 9.1, 90, 猫和老鼠
01046816, 7.3, 478, 古墓毒咒・魔镜隐身记
27133466, 9.2, 83, 城南旧事（精装插图本）
01291733, 8.7, 118, 悬疑惊险小说系列
26863235, 8.4, 149, 星愿大陆1
06959737, 7.0, 691, 斗破苍穹12.陨落心炎
01178049, 8.7, 115, 城堡
06854073, 7.0, 690, 斗破苍穹10
06857773, 7.0, 688, 斗破苍穹11·强榜之争
01221602, 7.6, 318, 钢铁是怎样炼成的
03398702, 9.8, 56, 中国童话大王
26156642, 7.4, 402, 查理九世23·香巴拉，世界的尽头
34808894, 8.2, 173, 我爱这热闹的生活
01047734, 9.5, 66, 荒岛历险
01954547, 7.7, 280, 金银岛
01965310, 7.8, 250, 乌丢丢的奇遇
01328662, 8.1, 185, 圆桌武士
01824868, 8.7, 111, 手心里的阳光
01079254, 10.0, 49, 世界儿童小说宝库
03034696, 8.2, 167, 超霸世紀
06976264, 7.0, 649, 斗破苍穹13
05404951, 8.2, 166, 时代广场的蟋蟀
01026840, 9.0, 88, 哪吒传奇.1
03226017, 7.7, 269, 鸡皮疙瘩：金字塔咒语·隐身魔镜
10535975, 9.0, 87, 侠探寒羽良
02013303, 8.4, 137, 匹诺曹
02141683, 9.5, 63, 狄公断狱大观
03028701, 9.1, 80, 秃鹤
01098018, 9.5, 62, 狐仙妮妮
03939015, 10.0, 47, 世界著名童话E
02412258, 8.9, 91, 野狼歌唱家罗克
02128684, 8.7, 105, 柳林风声
01277014, 8.8, 97, 漫游锦绣中华/三毛大世界
27102026, 9.3, 69, 星愿大陆2
01222704, 7.6, 282, 小猪唏哩呼噜
03005415, 8.4, 131, 男子 (ペーパーバック)
27063543, 9.2, 73, 去吧，去吧，去野餐
27157137, 9.2, 73, 星愿大陆3
30014559, 8.3, 142, 又见小可怜
04825608, 8.1, 167, 阿朝快100岁了
01437869, 8.2, 152, 兰心的秘密
02309338, 7.6, 273, 非常男生
20380455, 9.3, 67, 一点一横长
02988525, 9.6, 56, 365夜民间故事
02266123, 9.1, 75, 中外科幻小说大观
02309336, 7.8, 215, 非常妈妈
04800851, 7.8, 214, 山羊不吃天堂草
02064466, 9.1, 74, 亂馬1/2  1
04861372, 9.1, 74, 明星志愿2000
10767251, 9.1, 73, 365个艺术创意
26418117, 8.9, 83, 我也有过小时候
01173747, 8.6, 101, 小熊星月童话
26592405, 7.8, 202, 将军胡同
01512843, 8.9, 81, 泰罗奥特曼大全
10529159, 6.9, 596, 斗破苍穹16
27013320, 7.8, 200, 回忆当铺
01008299, 7.6, 246, 魄散恐怖塔・蚯蚓复仇记
01371423, 9.2, 65, 當世界年紀還小的時候
03939517, 9.4, 57, 黄胡子警官
26803373, 7.2, 378, 转动时光的伞
25751571, 8.2, 133, 处女座：完美年华初相见
06394622, 9.2, 64, 成长三部曲《五三班的坏小子》《漂亮老师和坏小子》《假小子戴安》
03689682, 7.7, 212, 灵异学校.诡秘邻居-升级版
04264961, 8.5, 103, 鸡皮疙瘩：冰湖惊梦·红魔肉团
03140294, 9.5, 53, 世界著名智慧童话365
01223725, 7.8, 189, 互联网上的匪徒
03121600, 8.2, 128, D・N・A² （04）
26877205, 9.1, 66, 企鹅手绣经典系列：秘密花园
02982768, 8.9, 75, 罗克和八字论文
02325494, 9.8, 44, 怪老头儿
01959943, 8.4, 108, 虹猫蓝兔七侠传
01974796, 8.7, 86, 追踪小绿人
01389911, 7.9, 166, 道尔教授的头颅
01971705, 8.9, 74, 纸醉金迷
01813014, 8.7, 85, 鲁西西外传
01939957, 9.0, 69, 十四岁的森林
03171483, 9.3, 57, 捣蛋鬼日记
30372216, 8.7, 84, 访问童年
04885623, 9.4, 53, 菰蒲深处
01326310, 9.0, 67, 哭泣精灵
02980588, 9.1, 62, 罗克和神圣考察
03071975, 8.4, 101, 童年的许诺
01060663, 8.6, 86, 汤姆.索亚历险记
01749023, 8.2, 117, 海底两万里
01522772, 9.3, 54, 绝境生存秘笈
25853179, 8.1, 125, 亨利·休格的神奇故事
10761552, 9.6, 45, 西游记
01948618, 8.3, 103, 小灵通再游未来
02331817, 9.3, 52, 魔方大厦1
01972866, 8.9, 66, 魔法小仙子
05922508, 8.5, 87, 老人与海
01844349, 9.4, 48, 秘密花园
01125964, 8.8, 69, 青鸟飞过
02013315, 8.6, 77, 一年级的小豌豆
02119721, 8.8, 67, 擒孟达
27083174, 8.4, 89, 乌干菜 白米饭
26851249, 8.4, 88, 童眸
01092000, 7.5, 197, 爷爷铁床下的密室
27090583, 8.9, 62, 苏北少年堂吉诃德(我们小时候)
01795748, 9.3, 48, 撞破江湖 （上、下）
04264962, 7.8, 143, 鸡皮疙瘩：我的隐形朋友·一罐魔血4
26952989, 8.9, 60, 呼兰河传
02154667, 8.8, 64, 丢了鼻子以后
01010147, 8.4, 83, 奇妙的数王国
01327379, 8.8, 62, 两年假期
01522100, 9.4, 43, 绝境生存秘笈
01079406, 9.0, 54, 草原小屋
01104022, 8.6, 70, 哆啦A梦历险记(1)
26257896, 8.0, 110, 童年时光
02980840, 8.1, 101, 罗克练摊记
03077647, 9.6, 38, 诱骗
05325605, 7.5, 174, 迷藏·海之迷雾
02176706, 8.2, 92, 莎士比亚悲剧集
04192261, 9.8, 34, 一天一个好故事
26392880, 8.4, 78, 小红帽
03077639, 8.5, 72, 珊瑚岛上的死光
03535140, 9.6, 37, 成语典故故事
26590844, 9.1, 47, 孩子，假如你吃了棉花糖
03011186, 8.8, 56, 100个科学家的故事
24703645, 8.5, 68, 那个骑轮箱来的蜜儿/杨红樱童话
03337511, 9.4, 39, 亲爱的蠢日记
02013370, 8.8, 55, 纸人-殷健灵心灵成长小说
04264963, 7.7, 128, 鸡皮疙瘩：我住你家地下室·深海怪物2
05356143, 7.9, 106, 莎莉·曼恩
01100425, 8.3, 76, 汤姆历险记
01073417, 8.8, 53, 杜利特医生非洲历险记・杜利特医生航海记
34903883, 7.6, 133, 虽然很想哭 但更想喝一杯奶茶
01265941, 9.3, 39, 绝境生存秘笈
27131055, 9.3, 39, 呼兰河传
03012648, 9.5, 35, Cipher the collection
10456477, 7.9, 100, 封印之书
01035788, 9.0, 45, 鬼马双雄
01107011, 9.1, 42, 绝境生存秘笈
26904690, 8.3, 70, 皮皮鲁和309暗室
25723400, 8.4, 65, 会唱歌的火炉
34867306, 7.9, 94, 你的亲子关系价值千万
04030675, 8.8, 49, 橙色童话
01935297, 8.5, 59, 女儿的故事
01214598, 7.7, 109, 幽默水浒
03639009, 9.9, 27, 永不长大的孩子
01059979, 9.3, 36, 绿野仙踪（中英文2册）
02052519, 7.0, 224, 假小子勇希
01117339, 7.9, 90, 伊索寓言
01022878, 8.9, 44, 鬼马侦探
27040431, 7.5, 126, 昨日当我年少时
01146568, 8.7, 49, 哪吒传奇.10
01934565, 8.0, 80, 男生不许进-阳光姐姐好看小说No.1
03060344, 8.9, 43, 孙小圣与猪小能
01903669, 8.4, 57, “月光号”的沉没
01103991, 6.9, 221, 豌豆笑传
04182736, 8.4, 55, 身体使用手册-可怕的科学
01060999, 7.8, 86, 小巫婆真美丽
01835991, 7.6, 102, 格列佛游记
01076204, 10.0, 23, 世界儿童小说宝库
03121306, 8.5, 50, 夏天的故事
25941422, 8.2, 61, 把世界搞好啊，少年
01055192, 8.8, 41, 牛仔
03354234, 8.1, 65, 校园三剑客
34990673, 9.3, 31, 诗歌里的童年
25867420, 7.9, 75, 秦时明月 01
02343032, 8.6, 45, 神精榜
01390711, 9.2, 32, 朗格银色童话
01988051, 7.5, 103, 小巫婆求仙记
01471510, 7.6, 94, 生活的科学
03108951, 8.3, 54, 老夫子四合院
03757921, 7.4, 110, 神秘的易拉罐
02979010, 7.8, 77, 闪闪的红星
04744208, 9.2, 31, 老鼠记者第1季
26954833, 7.8, 76, 淘气包马小跳（漫画升级版）
04182743, 9.0, 34, 时间揭秘-可怕的科学
01030810, 8.3, 52, 三毛迎解放
03719397, 9.1, 32, 3年级花样多
01364959, 8.0, 63, The Tao of Pooh
10776230, 7.6, 87, 偷星九月天26
21365395, 8.8, 37, 绿野仙踪
03062325, 8.1, 58, 淘气包马小跳1
26438772, 7.1, 140, 超级记忆力训练法
01189921, 7.8, 72, 书包里的老师
01785488, 7.3, 112, 隐身人
03239733, 8.7, 38, 神精榜8
25919247, 9.0, 32, 家在九芎林
01092876, 7.0, 149, 三国演义
05411420, 7.3, 108, 穿越时空遇见你
01043813, 7.9, 64, 孩提时代
03066321, 9.1, 30, 中国动物故事集
03541577, 8.0, 59, 天宫界 CLUSTER
11553974, 8.7, 37, Running on Empty
26647602, 8.9, 33, 曹文轩画本·草房子
02343033, 8.6, 39, 神精榜
06778782, 6.7, 192, 我是你的守护星
10759083, 7.5, 82, 偷星九月天25
06938847, 8.8, 33, 女强人
03241464, 8.6, 37, 老夫子·水虎传（全5册）
01098485, 8.5, 39, 侦探迷的聪明手册
03719401, 8.5, 39, 六年级怪事多
01264044, 7.5, 81, 杨家将传
01480122, 9.5, 23, Body
01059540, 8.3, 44, 童年的故事
02224658, 8.2, 47, 促织
03939482, 9.7, 21, 外国神话故事精选
01131488, 8.6, 36, 鼹鼠进城历险记
01776610, 7.6, 71, 日本民间故事选
03100547, 7.8, 60, 神精榜
01315430, 7.2, 101, 流氓兔的故事
33180944, 8.6, 35, 外婆家的马
01175951, 9.0, 28, 半个魔法
01657968, 9.4, 23, 洋葱头历险记
01061552, 8.4, 39, 游戏囚徒
01913201, 8.4, 39, 班长下台
10540580, 7.2, 98, 偷星九月天24
26628643, 8.2, 43, 城南旧事（典藏版）
01071741, 9.3, 23, 漫画科学史探险(1)
01134676, 9.1, 25, 中国儿童阅读文库
03005839, 9.1, 25, 电影哆啦A梦 大雄的猫狗时空传
03633498, 9.1, 25, 农庄男孩
03869488, 6.5, 201, 刘亦婷的学习方法和培养细节
03112031, 7.7, 54, 东游记
04182744, 9.1, 23, 受苦受难的科学家
27174425, 8.3, 35, 童年不会消失
11621880, 9.5, 19, 绿色素描
01060603, 8.6, 29, 男孩彭罗德的烦恼
01040698, 7.0, 93, 朗园
03310929, 10.0, 15, 动物园里的趣闻
01178915, 9.0, 22, 儿童简笔画
26762989, 9.2, 20, 99℃
04791778, 8.1, 36, 银娜
03012334, 7.8, 44, 双脑人
02269088, 8.8, 24, 聊斋汊子
01418737, 7.4, 59, Chinese Cinderella
04182742, 8.7, 24, 声音的魔力-可怕的科学
02998698, 9.4, 17, 吃六頓晚餐的貓
26745304, 7.4, 53, 疯狂动物城
03160487, 7.6, 44, 小猪唏哩呼噜2-唏哩呼噜和他的弟弟
03162630, 7.5, 47, 天鹅姑娘
01093213, 7.0, 72, 水浒传
01064547, 8.4, 26, 足球大侠
30238901, 6.9, 78, 陪孩子读诗
34945876, 7.8, 37, 外婆家
01886770, 8.7, 21, 中华少年奇才(上下)
30285562, 8.9, 19, 和鹦鹉对话的人
01102383, 6.8, 79, 都往我这儿看
03016785, 9.8, 13, 水自无言
10809507, 9.4, 15, 七龙珠·大魔王之谜卷2：超神水的力量
01489187, 9.2, 16, 窗下的树皮小屋
01410336, 7.2, 52, 神奇宝贝
03056065, 8.8, 19, 数学万花筒
01064031, 7.6, 36, 回忆未来
03197693, 6.7, 77, 玫瑰梦
01044511, 6.6, 85, 青春前期
01277162, 8.8, 18, 18个童话小魔怪
02140880, 7.4, 41, 少女罗薇
06526090, 7.0, 56, 淘气包马小跳
34759830, 9.0, 16, 读一首童谣让时光倒流(精)
04182741, 8.6, 19, 神秘莫测的光-可怕的科学
11232949, 9.5, 13, 彩图寓言词典
25917213, 7.3, 41, 爱你，小时候
03772419, 8.6, 18, 彩图格言词典
01168561, 7.2, 42, 十大将军
03391422, 8.7, 17, 知音漫客丛书 神精榜 10
04727674, 8.1, 23, 谁捡了我的手
10344019, 7.3, 37, 大宇神秘惊奇系列8
25819228, 7.5, 32, 村童野径
03755463, 8.7, 16, 正义联盟1
01805296, 9.4, 12, 象棋入门
27053354, 7.3, 35, 自行车之歌
26647956, 8.7, 15, 雾都孤儿
01032486, 9.5, 11, 木偶奇遇记
27182522, 9.5, 11, The Boy Who Was Raised as a Dog
01084535, 6.9, 44, 日光溪畔的雷碧嘉
25737522, 8.8, 14, 刚烈小恐龙阿贡2
02969683, 9.4, 11, 假如给我三天光明
01004022, 8.6, 15, 摩登家庭
26376919, 6.2, 83, 天才医生1：名扬医界
03066885, 8.1, 18, 纯真季节
01209618, 7.8, 21, 封神榜
03117870, 8.6, 14, 天才小钓手（钓鱼迷三平）
26942559, 8.9, 12, 童年书
01016735, 8.8, 12, 陆海空斗法圣战
26712299, 7.8, 19, 热鸟
05442202, 8.4, 14, 21世纪儿童英语大观园   精
01451062, 7.9, 17, 恐龙百科全书
01528327, 8.8, 11, 中国儿童百科全书.地球家园
02036771, 8.0, 15, 塑造美的心灵
01081540, 7.3, 21, 探寻全能者的踪迹
25941576, 7.3, 21, 童年社会学
11880515, 8.8, 10, The Paper Dolls
01290421, 7.4, 19, 同学，咱们聊一聊虐待
03400825, 7.4, 19, 女儿的故事
02154663, 8.2, 12, 不翼而飞
30549215, 8.2, 12, 乌丢丢的奇遇 曹文轩推荐儿童文学经典书系
03214467, 6.9, 25, 盛开·十年新概念·历届一等奖范本作品·B卷
01039075, 7.6, 16, 蛇岛的故事
01006182, 6.8, 26, 赖宁
01624798, 8.0, 11, 双木老师的荒诞故事
26677375, 5.6, 66, 柏林童年
10544867, 7.1, 15, 爆笑校园2
03427749, 7.3, 13, 感动世界的100幅名画
01925200, 0.0, 10, 逃离恐怖岛
03040199, 0.0, 10, 绝句一百首
10443094, 0.0, 10, 龙猫
34985889, 0.0, 10, 妈妈抱抱
03939137, 0.0, 11, 已经消失的动物
06999143, 0.0, 11, 赤色小子
20271674, 0.0, 11, 洛克王国魔法侦探（全12册）
25826229, 0.0, 11, 邂逅·妖之国
01544543, 0.0, 12, 小老虎历险记
03988993, 0.0, 16, 和父母谈谈男孩子的“小雀雀”
01975259, 0.0, 19, 寻找快活林
22366604, 0.0, 48, 幻想大王奇遇记
