2020-07-05 16:00:13

number of books, tag name
903, 童话

ID, rating, votes, title
01084336, 9.0, 576786, 小王子
01041007, 9.1, 170788, 哈利·波特与魔法石
01071241, 9.0, 131718, 哈利·波特与阿兹卡班的囚徒
01046209, 9.2, 88895, 安徒生童话故事集
01009257, 9.0, 126017, 哈利·波特与火焰杯
01039487, 8.9, 126756, 哈利·波特与密室
01254588, 9.0, 100388, 城南旧事
01007914, 8.7, 158689, 窗边的小豆豆
01043008, 9.0, 69500, 格林童话全集
24531956, 9.7, 21888, 哈利•波特
01204889, 9.5, 28537, 机器猫哆啦A梦23
01013129, 8.7, 106672, 哈利·波特与凤凰社
01002898, 9.2, 37773, 父与子全集
03608208, 8.5, 120392, 牧羊少年奇幻之旅
01066462, 8.4, 103238, 向左走·向右走
03554154, 8.9, 33158, 阿狸·梦之城堡
01035848, 8.7, 44559, 一千零一夜
01036274, 8.6, 51790, 夏洛的网
01358873, 8.6, 45605, 月亮忘記了
01052990, 9.0, 20407, 草房子
03665874, 9.0, 19299, 星空
01119839, 9.1, 15886, 王尔德童话
01433640, 9.3, 11921, 猜猜我有多爱你
03693974, 9.4, 9537, 小王子
01056733, 8.3, 50627, 地下铁
02361768, 9.3, 9337, 爷爷变成了幽灵
01257365, 9.0, 13345, 活了100万次的猫
02160226, 9.2, 9797, 快乐王子
01021615, 9.1, 11161, 小王子（中英文对照本）
01941301, 9.3, 8455, 365夜故事（上下）
01765512, 9.1, 10367, 海的女儿
02008284, 8.7, 18453, 佐贺的超级阿嬷
02158463, 9.2, 8361, 小王子
01021847, 8.5, 22885, 我的心中每天开出一朵花
01915170, 9.2, 7854, 小王子
01064841, 9.1, 8991, 绿山墙的安妮
02039931, 9.1, 8363, 小王子
01049354, 8.6, 16376, 又寂寞又美好
01026035, 9.1, 7781, 你看起来好像很好吃
01028270, 8.8, 11468, 舒克和贝塔历险记
05395407, 8.8, 11283, 阿狸·永远站
01041128, 8.6, 15195, 天蓝色的彼岸
01004088, 9.0, 8177, 长袜子皮皮
01021193, 8.8, 10603, 皮皮鲁传
27133274, 9.0, 7896, 孩子们的诗
01001136, 8.8, 10439, 彼得·潘
01033190, 8.8, 10180, 失落的一角
04826530, 9.1, 6680, 我亲爱的甜橙树
01028404, 8.9, 8585, 鲁西西传
01784153, 9.4, 4439, 安徒生童话
01975797, 8.9, 8397, Harry Potter and the Deathly Hallows
01095634, 8.7, 11111, 小狗钱钱
01483522, 9.3, 4843, 365夜
26344078, 9.0, 7118, 夜莺与玫瑰
01367458, 8.4, 17310, 照相本子
01794620, 7.8, 48450, 芒果街上的小屋
03608235, 8.5, 12866, 失物之书
03025618, 9.4, 3678, 我们的祖先
01467519, 9.9, 1984, 世界童话名著连环画
01370897, 9.2, 4155, The Little Prince
01878265, 9.1, 4605, 安徒生童话
06857344, 8.5, 10510, 夜莺与玫瑰
01318622, 8.7, 7602, 青铜葵花
01401161, 8.9, 5658, 阿茲卡班的逃犯
01214898, 8.6, 8220, 哈利・波特与凤凰社
01982200, 8.7, 6796, 爱德华的奇妙之旅
01072319, 8.5, 9013, 长腿叔叔
01542939, 9.8, 1771, 哈尔罗杰历险记(全套共14册)
02082194, 8.2, 14360, 小时候
04049269, 9.5, 2412, 狐狸的窗户
01342817, 8.7, 6523, 哈利波特5 鳳凰會的密令
01059503, 9.1, 3803, 爱心树
01761056, 8.3, 11627, 蓝石头
01270150, 9.3, 2933, 风与树的歌
02129427, 9.0, 4197, 三毛从军记全集
01907739, 8.6, 6910, 当世界年纪还小的时候
01009273, 9.2, 2935, 三毛流浪记（全集）
01007952, 9.4, 2314, 蓝熊船长的13条半命
25953676, 9.3, 2558, 草房子
02349930, 8.8, 4710, 秘密花园
01803641, 8.9, 4036, 小公主
02050767, 8.6, 5853, 绿野仙踪
26647054, 9.3, 2373, 小王子（纯美珍藏绘本）
20443559, 7.7, 25866, 小王子
03594151, 8.1, 11996, 柑橘与柠檬啊
01016880, 8.8, 4189, 道连·格雷的画像
01880823, 8.8, 4180, 格林童话
03089661, 9.1, 2780, 永远永远爱你
01436586, 9.1, 2736, 你真好
02161691, 8.3, 8018, 伊索寓言
01965464, 9.2, 2300, 毛毛
01397331, 8.9, 3245, 爷爷一定有办法
02084893, 9.2, 2258, 舒克和贝塔历险记
01310673, 9.3, 1989, 遥远的野玫瑰村
30288379, 9.1, 2393, 有呀有呀书店
01005279, 8.8, 3456, 皮皮鲁和鲁西西的故事
02296687, 8.5, 5080, 纸牌的秘密
26974262, 9.4, 1668, 小王子
01090575, 8.6, 4350, 金拇指
05993314, 8.0, 10666, 安吉拉·卡特的精怪故事集
02002914, 9.2, 2002, 皮皮鲁和鲁西西全传
01912993, 9.2, 1973, 海蒂
01873569, 9.3, 1758, 郑渊洁童话全集(33卷)
04987594, 9.2, 1963, 小王子
01361249, 8.4, 5478, 地下鐵
01021311, 8.6, 4129, 爱丽斯漫游奇境
01152495, 9.3, 1752, 白鹦鹉的森林
01030469, 8.3, 6246, 青鸟
01073333, 8.8, 3110, 我的妈妈是精灵
06797396, 8.5, 4643, 焚舟纪
01880824, 8.6, 4034, 一千零一夜
01433572, 9.3, 1713, 随风而来的玛丽阿姨
04237837, 9.0, 2414, 月亮忘记了
01156424, 9.0, 2411, 罐头小人
02003111, 9.2, 1910, 格林童话
01024889, 8.6, 3993, 大灰狼罗克
26616226, 9.3, 1696, 小王子
02117872, 8.9, 2692, 花婆婆
02069606, 9.2, 1882, 皮皮鲁和鲁西西
01491317, 9.1, 2024, 皮皮鲁和罐头小人
01058520, 8.9, 2565, 炼金术士
04714156, 9.2, 1803, 夜莺与玫瑰
01152745, 9.1, 2018, 花香小镇
01351652, 8.5, 4237, 路德維希革命1
01855231, 8.5, 4224, 银河铁道之夜
03338216, 9.4, 1406, 猜猜我有多爱你
01394536, 8.6, 3593, 我的心中每天開出一朵花
01040632, 8.5, 4002, 木偶奇遇记
01700474, 9.3, 1496, The Little Prince
01156423, 8.9, 2359, 五个苹果折腾地球
04736014, 9.1, 1860, 快乐王子
01092965, 8.3, 5233, 智齿
04138982, 8.9, 2330, Alchemist
01933479, 9.0, 2055, 小灵通漫游未来
01448645, 8.8, 2609, 鳄鱼怕怕牙医怕怕
26278316, 8.8, 2600, 夏洛的网
04115227, 7.4, 23914, 岁月是朵两生花
01023882, 8.5, 3754, 病菌集中营
01054181, 8.8, 2441, 牧羊少年奇幻之旅
02050768, 8.5, 3605, 夏洛的网
01318615, 8.5, 3576, 山羊不吃天堂草
01152564, 9.2, 1521, 黄昏海的故事
01489401, 9.2, 1493, 安徒生童话
01163327, 8.9, 2101, 列那狐的故事
02081975, 8.7, 2678, 七色花
03608170, 8.0, 7261, 我想吃一个小孩
01221327, 8.5, 3418, 少年Pi的奇幻漂流
01010898, 7.7, 11779, 格列佛游记
01066463, 8.6, 2919, 我是钱
01821232, 8.5, 3332, 谢谢你毛毛兔，这个下午真好玩
10794550, 8.9, 1904, 柳林风声
01047927, 8.8, 2120, 郑渊洁十二生肖童话（12册）
01933695, 8.9, 1869, 小王子
01290911, 9.2, 1325, 银孔雀
01782032, 8.8, 2042, Charlotte&#39;s Web
02138971, 8.9, 1801, 黑猫警长
19985027, 8.5, 2954, 御伽草纸
01001377, 8.7, 2280, 月亮忘记了
10560097, 9.3, 1133, 不一样的卡梅拉（1-10册）
04020853, 9.3, 1126, 那个黑色的下午
01819816, 9.3, 1110, 风的旱冰鞋
04872917, 8.9, 1705, 小王子
30237190, 8.8, 1902, 银河铁道之夜
01056707, 8.8, 1893, 时代广场的蟋蟀
01034741, 8.7, 2128, 绿野仙踪
01489164, 9.1, 1324, 直到花豆煮熟
03338175, 8.0, 5222, 诗翁彼豆故事集
04219125, 8.3, 3349, 坟场之书
01046883, 8.5, 2540, 查理和巧克力工厂
04097264, 9.0, 1372, 小兔彼得和他的朋友们（全3册）
01342110, 9.4, 890, Guess How Much I Love You
01252742, 8.8, 1669, 309暗室
01022341, 8.2, 3511, 白客
26575658, 7.8, 6278, 被掩埋的巨人
01064880, 9.2, 1008, 麦兜·微小小说
01888031, 7.8, 6186, 格列佛游记
01949268, 8.9, 1375, 夜莺
01459357, 9.4, 810, Le Petit Prince
03620500, 8.7, 1706, 查理和巧克力工厂
01212507, 9.1, 1086, 麦兜·尿水遥遥
03689118, 8.3, 2773, 梦想家彼得
01828307, 9.1, 1059, The Miraculous Journey of Edward Tulane
05988558, 8.4, 2418, 深夜小狗神秘事件
02193875, 8.5, 2120, 尼尔斯骑鹅旅行记
01321696, 9.3, 852, 小布头奇遇记
30167142, 9.1, 1044, 绿野仙踪
27059884, 8.2, 3105, 碟形世界：猫和少年魔笛手
03449341, 9.1, 1033, 向着明亮那方
01066133, 9.0, 1140, 怪老头儿
01057900, 9.2, 904, 安徒生童话故事集
02059670, 9.0, 1109, 蛇王淘金
01546437, 8.8, 1368, 蚯蚓的日记
01959287, 8.6, 1733, 月亮的味道
02212064, 9.0, 1093, 小房子
05341084, 8.1, 3287, 午时风
01080758, 9.5, 649, 史努比全集（全25册）
02984402, 9.5, 638, 奥菲利娅的影子剧院
03210683, 8.2, 2743, 星尘
01079945, 8.1, 3142, 生化保姆
04139056, 8.1, 3125, 爱的教育
27135212, 8.7, 1428, 杨红樱笑猫日记
25985966, 8.0, 3566, 偷影子的人
06534894, 8.6, 1593, 我会像青草一样呼吸
02135803, 8.7, 1413, 今天运气怎么这么好
01010779, 9.3, 742, 安徒生童话选集
01129879, 8.4, 2001, 魔方大厦
01491324, 8.9, 1098, 皮皮鲁和金拇指
01461652, 8.2, 2585, 纳尼亚传奇：狮子、女巫和魔衣柜
25831096, 9.0, 965, 梦书之城
02301377, 9.2, 781, 玛法达
01009665, 8.3, 2131, 五·三班的坏小子
01212508, 9.1, 840, 麦唛·完美故事
01880819, 8.9, 1035, 皮皮鲁和魔方大厦
01001309, 8.6, 1447, 苦儿流浪记
25732034, 8.4, 1839, 阿狸·尾巴
01192700, 9.0, 916, 永远讲不完的故事
03628184, 8.9, 1019, 猫武士
04863321, 9.0, 914, 球球老老鼠
02036835, 9.1, 821, 意大利童话
03620504, 9.0, 900, 玛蒂尔达
01982096, 8.3, 2034, 关于来洛尼亚王国的十三个童话故事
27102949, 8.2, 2322, 御伽草纸
03137185, 8.8, 1103, 阿米I-星星的孩子
01962205, 9.3, 656, 舒克和贝塔历险记全集
01797670, 8.8, 1086, 兔子屋的秘密
03187629, 9.2, 712, 爷爷一定有办法
01884655, 8.9, 966, 皮皮鲁和幻影号
01816104, 8.4, 1719, 保姆狗的阴谋
04894876, 9.0, 854, 小王子
01491321, 9.1, 766, 皮皮鲁和舒克贝塔
01212509, 9.0, 848, 麦唛·宁静声音
03175372, 8.6, 1319, 夏洛的网
01491330, 8.8, 1050, 皮皮鲁和病菌老大
01854580, 9.0, 846, 皮皮鲁和蛇王阿奔
01000251, 9.0, 842, 王尔德全集
03053271, 8.5, 1468, 小猫出生在秘密山洞
02171327, 8.4, 1655, 好饿的小蛇
19967506, 8.8, 1028, 小王子
02052682, 8.5, 1436, 虎皮猫，你在哪里
01041104, 8.7, 1131, 吹牛大王历险记
10604495, 9.2, 662, 小王子
01476304, 9.1, 722, 夏洛的网
01491319, 8.7, 1103, 皮皮鲁和教室里的隐身人
03865644, 8.9, 881, 麦兜响当当
01491322, 8.9, 879, 皮皮鲁和活车
02052229, 8.2, 1969, 爱丽斯奇境历险记
01016435, 8.8, 939, 女巫
05980371, 8.6, 1174, 爱德华的奇妙之旅
06735972, 8.2, 1925, 兔子什么都知道
01919733, 8.6, 1171, 彼得潘
10831090, 9.5, 472, 我们的身体
02052697, 8.6, 1161, 能闻出孩子味儿的乌龟
02340082, 8.9, 831, 亲爱的小鱼
01816105, 8.5, 1291, 塔顶上的猫
01263747, 9.2, 608, 海的女儿
01534810, 9.1, 664, 红头发安妮
01032764, 7.7, 3739, 小时候就在想的事
03823070, 8.3, 1593, 最后的精灵
01797665, 8.7, 987, 红玫瑰旅馆的客人
26601206, 9.5, 444, 小王子
03621942, 8.3, 1564, 了不起的狐狸爸爸
02059671, 8.8, 867, 马王登基
01949237, 9.4, 478, 柳树下的梦
01791383, 9.4, 473, 365夜科幻故事（上、下册）
20273030, 8.3, 1518, 哈尔的移动城堡
01769212, 9.2, 565, 骑鹅旅行记（上）
04263422, 8.6, 1037, 一头灵魂出窍的猪
06974199, 8.7, 916, 小毛驴与我
01085038, 8.4, 1293, 水孩子
30299697, 8.5, 1132, 黑塞童话集
01959339, 9.1, 582, 巨人的花园（中英双语）
03376091, 8.8, 788, 秘密花园
01451453, 9.2, 524, 女大学生安妮
01860433, 9.3, 477, 格林童话全集(上)
01975886, 8.5, 1067, 一片叶子落下来
02059535, 8.7, 847, 兔王卖耳
04047646, 8.8, 760, 夏洛的网
02042967, 8.3, 1346, 木偶奇遇记
30488936, 8.8, 759, 给所有人的黑塞童话
02223473, 9.3, 465, 舒克贝塔和五角飞碟
01264253, 9.1, 555, 少女安妮
01003502, 9.3, 454, 安徒生童话故事全集（全四册）
01044156, 8.8, 727, 彼得·潘
27182450, 8.5, 1010, 夜莺与玫瑰
05355666, 8.5, 1003, 小国王
01076320, 9.0, 580, 豆蔻镇的居民和强盗
01461660, 8.3, 1238, 纳尼亚传奇：魔法师的外甥
01970486, 9.5, 364, 安徒生童话和故事选
01210735, 7.9, 2087, 王子与贫儿
03086575, 8.3, 1230, 单翼天使不孤单
03620505, 8.8, 699, 女巫
30219512, 9.0, 570, 我的妈妈是精灵
02059700, 8.8, 691, 虎王出山
10567936, 8.7, 767, 银河铁道之夜
01025251, 8.6, 854, 屎捞人·浮屎若梦
01491325, 8.7, 764, 皮皮鲁和梦中人
01083091, 8.6, 848, 吹小号的天鹅
03686974, 8.5, 947, 樱桃沟的春天
02364616, 8.5, 930, 伊索寓言
01491320, 8.1, 1488, 皮皮鲁和419宗罪
02059543, 8.7, 722, 龙王闹海
03521255, 8.8, 650, 猪王照相
01279913, 8.6, 798, 安徒生剪影
01065264, 7.7, 2519, 格列佛游记
01257342, 8.2, 1258, 爱丽丝梦游仙境
02059684, 8.7, 702, 猴王变形
30270242, 8.1, 1415, 星尘
05299807, 8.7, 698, 当世界还不存在的时候
03867627, 9.2, 425, 松鼠先生和第一场雪
27044089, 8.1, 1386, 最后的精灵
06424706, 8.4, 936, 银河铁道之夜
04087909, 8.4, 923, 借东西的小人
03620499, 8.7, 659, 好心眼儿巨人
03797733, 8.1, 1319, 巧克力味的暑假/阳光姐姐小书房
01008180, 9.2, 404, 天使雕像
01000930, 8.7, 653, 格林童话全集
01485700, 8.5, 800, 苹果树上的外婆
03661060, 8.4, 895, 小屁孩日记
02059682, 8.6, 714, 羊王称霸
07058461, 9.3, 361, 手绢上的花田
01109610, 8.8, 576, 舒克和贝塔全传（全6册）
01076966, 8.6, 708, 大林和小林
04109194, 8.4, 883, 为自己出征
01854578, 8.7, 635, 皮皮鲁和红桃老K
02129196, 9.2, 392, The Little Prince
20561802, 8.9, 516, 不老泉
06971390, 7.3, 4131, 小狗钱钱2
02059510, 8.6, 696, 鼠王做寿
04744787, 9.2, 386, 亚历山大和发条老鼠
01008883, 9.0, 463, 格林童话全集
01245777, 8.3, 969, 贪玩老爸
06560648, 8.5, 762, 教海鸥飞翔的猫
03042252, 8.8, 554, 约瑟夫有件旧外套
01483961, 9.3, 347, 格林童话精选
03123757, 8.9, 500, 奥斯卡与玫瑰夫人
02059519, 8.6, 676, 牛王醉酒
04743834, 8.8, 548, 迟到大王
02039809, 8.8, 545, 皮皮鲁和红沙发音乐城
01442791, 8.9, 493, 我和小姐姐克拉拉
01442789, 9.0, 444, 小女巫
01779099, 8.5, 736, 月亮，生日快乐
30280340, 8.9, 482, 格林童话（上下）
03829908, 9.6, 262, 格林童话
02059695, 8.6, 650, 鸡王画虎
01915337, 7.5, 2676, 百变小红帽
01221823, 9.6, 259, 中国童话名著连环画(上下)
03011068, 8.8, 522, 公主的月亮
01072447, 7.6, 2271, 羊男的圣诞节
02161686, 8.7, 570, 豪夫童话
27080294, 8.9, 466, 白轮船
01986124, 9.1, 385, 一千零一夜（一）
03755917, 9.3, 323, 安徒生童话全集（全四册）
01125969, 9.2, 352, 嘭嘭嘭
01886348, 9.4, 295, 淘气包埃米尔
04261769, 9.3, 319, 到你心里躲一躲
01000934, 8.8, 504, 詹姆斯与大仙桃
01228700, 7.9, 1411, 爱丽丝漫游奇境记
01371734, 9.0, 413, Charlotte&#39;s Web
01058413, 8.6, 609, 没有画的画册
25982794, 7.1, 4873, 世界上所有童话都是写给大人看的
01844858, 8.2, 938, 超级市长
03629943, 9.1, 367, 猫武士
25774843, 9.1, 367, 快乐王子
26953561, 9.3, 304, 小王子
25787839, 8.6, 579, 纳尼亚传奇
03186403, 8.3, 803, 一园青菜成了精
33446904, 7.6, 2005, 烧火工
01854579, 8.8, 470, 皮皮鲁逃往雅典娜
03874471, 8.2, 897, 爱丽丝漫游奇境
01461657, 8.2, 896, 纳尼亚传奇：银椅
03428902, 9.2, 323, Complete Fairy Tales of Oscar Wilde
03120450, 8.6, 565, The Graveyard Book
02039813, 8.7, 508, 皮皮鲁压缩人生7天
26267109, 9.2, 319, 雾中的刺猬
01464619, 8.4, 696, 驴小弟变石头
02266772, 9.2, 317, 彩色童话:绿色童话 (精装)
10794873, 9.0, 377, 永远的西瓜小丑-笑猫日记
01491327, 8.6, 556, 皮皮鲁恐怖易位
04923844, 8.6, 546, 疯羊血顶儿
02224122, 9.3, 285, 舒克贝塔航空公司
01461653, 7.9, 1233, 纳尼亚传奇：凯斯宾王子
03750803, 9.5, 239, 蓝色童话
02212066, 8.1, 936, 100万只猫
25959972, 8.1, 935, 染血之室与其他故事
02160319, 8.6, 529, 魔女宅急便
30170933, 7.2, 3394, 小王子三部曲
01962718, 8.4, 648, 宝葫芦的秘密
30398273, 8.1, 915, 世间万物
24891592, 9.1, 324, 永远讲不完的故事（新译本）
04902445, 8.2, 804, 爱丽丝漫游奇境记
01048496, 8.7, 468, 秘密花园
01049814, 8.9, 386, 杨柳风
01410229, 8.4, 639, 魔幻城堡
01678877, 8.3, 708, 鬼妈妈
02247147, 8.8, 418, 小熊维尼
02039812, 8.6, 509, 皮皮鲁和巴拉娜
01461658, 8.1, 886, 纳尼亚传奇：能言马与男孩
26744138, 8.7, 457, 彼得·潘
01001872, 9.1, 315, 黄色童话
01007576, 8.4, 618, 了不起的狐狸爸爸
02274446, 9.1, 310, 橡树上的逃亡（共两部）
01174990, 9.2, 282, 小公主
06001114, 8.2, 751, 猫的事务所
03097590, 8.9, 362, 大林和小林
01216165, 8.3, 665, 没头脑和不高兴
26986707, 8.3, 663, 银河铁道之夜
01025474, 8.2, 737, 舒克舌战贝塔
03016791, 8.3, 656, 逆流河
01345112, 8.8, 388, 牧羊少年奇幻之旅
22693008, 8.4, 581, 兔子共和国
01132600, 8.8, 384, 月亮看见了
30258764, 8.3, 631, 公主走进黑森林：用荣格的观点探索童话世界
01024513, 9.2, 265, 新版小灵通漫游未来
26295445, 8.9, 343, 夜莺与玫瑰
01006961, 9.1, 286, 一千零一夜
10553999, 9.3, 240, 失落的一角遇见大圆满
01066911, 9.4, 219, 大森林里的小木屋
10432767, 8.3, 599, 西女巫之死
02223475, 9.1, 275, 舒克贝塔和歌唱家
01489184, 8.2, 664, 稻草人
10555488, 8.2, 657, 意大利童话
25782292, 8.8, 353, 巫魔师
01032562, 9.4, 211, 一千零一夜连环画(上下全）
01019246, 9.1, 269, 骑鹅旅行记（上下）
01171912, 9.1, 268, 永远的丁丁
06440304, 8.4, 519, 青鸟
03230819, 8.3, 577, Charlie and the Chocolate Factory
03163871, 8.2, 644, The Tales of Beedle the Bard
01482975, 9.1, 265, 普希金童话诗
01278974, 9.2, 243, 海的女儿
05939315, 8.7, 371, 鱼就是鱼
02247353, 8.7, 366, 洋葱头历险记
05397730, 9.0, 278, Charlotte&#39;s Web
02039811, 8.6, 399, 皮皮鲁和肥皂订书机
03704461, 8.9, 299, 我好喜欢她
01982488, 9.3, 212, 我为猫狂
24754239, 8.3, 528, 银河铁道之夜
02224276, 9.2, 224, 舒克贝塔德国游
03654011, 9.0, 264, 毛毛-时间窃贼和一个小女孩的不可思议的故事
27139942, 9.5, 177, 小约翰
01933497, 8.3, 516, 一只会开枪的狮子
01965681, 8.7, 339, Matilda
25999982, 9.0, 259, 瞬间收藏家
24840354, 8.8, 307, 时代广场的蟋蟀
03083264, 9.1, 234, 5月35日
02975344, 8.8, 303, 外公是棵樱桃树
02984576, 9.2, 215, 狼王梦全本
26674030, 8.6, 363, 夜莺与玫瑰
04042069, 8.9, 273, 柳林风声
02044443, 8.8, 298, 狗王梦游
01076328, 9.1, 230, 格林童话全集
03099800, 8.3, 483, 神奇女生祝如愿
01213995, 9.0, 245, 银河铁道之夜
01085581, 8.7, 319, 吹牛大王历险记
04274281, 9.2, 207, 永远讲不完的童话
03746800, 8.7, 318, 纸袋公主
05404942, 9.3, 189, 苹果树上的外婆
04743856, 8.9, 258, 14只老鼠大搬家
26374356, 8.4, 408, 刚好有你在
02120267, 8.2, 497, 一百条裙子
26916895, 8.9, 248, 阅读计划：小王子
01065109, 8.8, 270, 小鹿斑比
21361152, 8.7, 294, 夜莺与玫瑰
01671132, 8.4, 387, 爱丽丝漫游奇境
01034150, 9.4, 163, 讲不完的故事
04708141, 8.1, 528, 爱丽丝梦游仙境
03024931, 8.0, 587, 青鸟
01322449, 9.5, 149, 安徒生童话故事集
01090631, 8.2, 465, 爱丽丝漫游奇境记
26328457, 8.2, 463, 童话心理学
06048869, 8.4, 375, 鬼妈妈
03876276, 8.5, 339, The Wonderful Wizard Of Oz
26377915, 8.2, 459, 夜莺与玫瑰
01041267, 9.4, 158, 长腿爸爸
06523669, 8.2, 458, 小白的选择
30302901, 8.1, 505, 不安公主
02080462, 9.0, 212, 红蜡烛和人鱼姑娘
01573766, 9.2, 180, Owl at Home
02010938, 8.1, 498, Alice&#39;s Adventures in Wonderland
03620495, 8.8, 248, 独闯天下
01083092, 8.2, 443, 精灵鼠小弟
01875743, 9.0, 209, 西游新记
03620501, 8.4, 358, 詹姆斯与大仙桃
01345430, 8.7, 267, 那天，我用爸爸換了兩條金魚
01213486, 8.8, 238, 皮皮鲁外传
05416916, 8.8, 238, 乌鸦面包店
03786733, 8.6, 283, 超酷天使大肚子爸
02285269, 9.4, 147, 随风而来的玛丽·波平斯阿姨
01030864, 8.4, 341, 丛林故事
06401118, 8.0, 519, 要求太多的餐馆
01041524, 9.1, 182, 疯丫头马迪根
30142290, 9.2, 167, 尼尔斯骑鹅历险记
01323769, 8.3, 369, 被遗忘的语言
01001516, 8.6, 273, 海蒂
03121296, 8.8, 225, 豆蔻镇的居民和强盗
19894084, 7.5, 912, 矮人星上的矮人
02266733, 8.8, 222, 鬼磨坊
26687655, 7.7, 692, 智齿
03326292, 8.8, 217, Howl&#39;s Moving Castle
26879779, 8.1, 424, 失物之书
01484284, 7.0, 1859, 薔薇泡沫
30309121, 9.4, 135, 安徒生童话
30178045, 8.0, 467, 银河铁道之夜
03620498, 8.2, 375, 魔法手指
03620503, 8.1, 411, 小乔治的神奇魔药
02039810, 8.5, 274, 克隆皮皮鲁
03620496, 8.6, 248, 世界冠军丹尼
07058458, 9.1, 163, 兔子屋的秘密
03238521, 8.9, 191, 王尔德童话
04262675, 9.5, 120, 白鹦鹉的森林
06859149, 9.5, 120, 字的故事
01213484, 8.7, 222, 大侦探乔麦皮外传
04714318, 9.0, 173, 森林报
06397217, 9.9, 92, 365夜故事（上下）
01958067, 9.1, 159, 格林童话选
01311994, 8.9, 184, 穿风衣的猫
04261770, 8.2, 345, 来自鬼庄园的九九
04005108, 8.8, 197, 渔夫和他的灵魂
01097836, 8.0, 424, 伊索寓言全集
19987566, 9.3, 133, 五个苹果折腾地球
03261247, 8.9, 180, 蚯蚓的日记
01028506, 8.5, 254, 风先生和雨太太
01106317, 8.1, 375, 意大利童话
05408519, 9.4, 122, 14只老鼠（第2辑）
03620502, 7.9, 463, 查理和大玻璃升降机
01057202, 8.4, 275, 南极，遥远的知音
03797864, 7.9, 458, 穿靴子的猫
05367350, 8.9, 175, 顽皮公主不出嫁
03027262, 8.4, 266, 鲁西西和鲍尔历险记
20375324, 8.6, 221, 你是世上最好的妈妈
02069618, 8.8, 186, 魔方大厦
01839609, 8.9, 171, 弗洛格吓坏了
02039815, 8.6, 218, 皮皮鲁和蜘蛛表
01915734, 8.4, 260, 狗来了
05399916, 9.0, 155, 紫丁香街的帽子屋
06952336, 7.5, 700, 羊男的圣诞节
01205384, 9.4, 114, 格林童话全集
03620497, 8.3, 279, 好小子-童年故事
01151061, 8.4, 245, 屋顶上的小孩
01351869, 8.4, 245, Coraline
01426168, 8.9, 159, 猫和少年魔笛手
01201441, 8.1, 328, 爱丽丝漫游仙境
27190994, 9.3, 118, 有意见
24860404, 7.5, 654, 百变小红帽
26582271, 8.1, 323, 有我陪着你，什么都不怕
01418517, 8.6, 201, Charlie and the Chocolate Factory
02298455, 8.2, 291, 森林报-春
01161662, 8.1, 321, 兔子坡
05906937, 9.5, 101, 神奇校车-漫游电世界
26834196, 8.9, 155, 绿野仙踪
06015968, 9.6, 94, 少年小树之歌
02970636, 9.3, 114, 嘭嘭嘭
01138914, 8.8, 166, 蜗牛快递
24719852, 8.1, 313, 会唱歌的猫
06114048, 8.8, 165, 小王子
04894483, 8.1, 309, 天方夜谭
26282485, 9.2, 119, 吹小号的天鹅
01253906, 8.6, 188, 盛世繁花.童话卷.1
01119308, 8.1, 297, 小坡的生日
03107914, 8.2, 268, 皮皮鲁和生化保姆
01278859, 8.9, 144, 坚定的锡兵
03518551, 8.8, 154, 暴风雨之夜/翡翠森林狼和羊第1册
03027356, 8.6, 180, 柳林风声
04048025, 8.5, 196, 吹牛大王历险记
01027514, 8.5, 195, 四个孩子和一个护身符
26897232, 9.6, 86, 小鹿斑比
30305884, 9.2, 111, 鸢尾花
01278969, 8.9, 137, 卖火柴的小女孩
20379682, 8.7, 160, 最美最美的中国童话
01190569, 8.9, 136, 蓝鲸的眼睛
03729383, 8.6, 173, 逛了一圈
01047430, 7.7, 422, 装在口袋里的爸爸
07058457, 8.7, 159, 风的旱冰鞋
01704801, 8.4, 205, 爱丽丝梦游仙境
01119701, 8.7, 157, 骑鹅历险记
01131805, 8.4, 202, 光荣的荆棘路
34868503, 8.7, 154, 捉猫故事集
34792931, 8.4, 197, 开罗团长+洞熊学校的三个毕业生
05378431, 8.3, 211, 格林童话全集
04087910, 8.4, 192, 借东西的小人在高处
01221265, 8.9, 127, 朗格蓝色童话
25756921, 8.8, 137, 星语者
01130845, 8.0, 276, 拇指牛
01017632, 9.0, 116, 木民谷的彗星
01278864, 9.0, 116, 丑小鸭
20267984, 9.0, 116, 尼尔斯骑鹅旅行记
05398731, 7.4, 533, 童话的心理分析
01085184, 8.1, 240, 爱丽丝镜中奇遇记
03040011, 9.5, 80, 安徒生童话和故事选
04743843, 9.5, 80, 姆咪谷的伙伴们
20273033, 7.9, 291, 空中城堡
03121289, 9.5, 79, 尼姆的老鼠
30344981, 8.3, 195, 夜莺与玫瑰
03680373, 9.2, 96, 蓝熊船长的13条半命
01834946, 8.1, 235, 手斧男孩
07058459, 8.4, 178, 红玫瑰旅馆的客人
10567935, 8.3, 194, 风之又三郎
01221635, 9.4, 83, 18个童话女孩子
01099296, 8.3, 189, 尼尔斯骑鹅旅行记
03522714, 9.2, 93, 土拨鼠日记
25901258, 8.5, 154, 妖精的小孩
01000768, 8.7, 129, 格林童话
26388271, 8.2, 196, 夜莺与玫瑰
06042685, 8.2, 195, 绿山墙的安妮
10519842, 9.9, 57, 怪老头的故事
01427526, 8.0, 230, 不老泉
02285801, 9.3, 81, 乌拉波拉故事集
03134803, 8.6, 134, 像我這樣的一個女子
04226366, 9.1, 92, 鼹鼠的故事
01522385, 8.2, 187, 霹雳贝贝
01084327, 9.5, 70, 非常妈妈
02040658, 8.6, 131, 小灵通漫游未来
01132545, 9.0, 96, 王尔德童话
03241241, 9.0, 96, 绿色童话
02086977, 9.8, 58, 世界童话名著文库1
01390710, 9.2, 83, 朗格绿色童话
25917623, 7.4, 418, 女巫一定得死
27187949, 7.5, 370, 嘿，小家伙
23134216, 8.8, 109, 夜莺与玫瑰
19963456, 7.5, 364, 忽至森林深处
01873706, 8.8, 107, 列那狐
03195661, 9.8, 56, 安徒生童话精选
03398702, 9.8, 56, 中国童话大王
04720095, 9.3, 75, 安徒生童话全集
01965310, 7.8, 250, 乌丢丢的奇遇
01007601, 8.3, 155, 红帆
01074401, 8.9, 96, 狐狸列那的故事
04743845, 9.2, 78, 姆咪谷的冬天
35041365, 9.6, 61, 豪夫童话全集
01097899, 9.0, 89, 郑渊洁短篇童话选
05404951, 8.2, 166, 时代广场的蟋蟀
34972174, 9.2, 77, 小小的王国
01373589, 8.6, 118, The BFG
04050577, 8.1, 180, 猫头鹰王国1-暗算
26861412, 8.6, 117, 企鹅手绣经典系列：柳林风声
02013303, 8.4, 137, 匹诺曹
24716066, 9.2, 76, 快乐王子
01819930, 9.4, 67, 总有一天会长大
01005447, 8.1, 176, 豪夫童话全集
03261174, 7.9, 211, 彼得的椅子
01394428, 8.7, 105, 黑塞童话选
30014559, 8.3, 142, 又见小可怜
01453169, 9.7, 54, 世界童话之树
26276701, 6.7, 927, 南极姑娘
30299464, 7.9, 202, 夜莺与玫瑰
01438074, 9.2, 72, Watership Down
01754148, 8.7, 101, How to Catch a Star
26721099, 7.4, 342, 冰龙
10736307, 8.1, 164, 最后一朵花
30142269, 8.8, 93, 精灵书
03549894, 8.4, 125, 鹅妈妈童谣
01442792, 8.4, 124, 妈妈走了
01845045, 8.3, 134, 查理和巧克力工厂
01844328, 9.1, 74, 汤姆的午夜花园
04902823, 9.4, 61, 你很特别
01397595, 9.6, 54, 屎壳郎先生波比拉
34856160, 9.0, 78, 最后的巨人
01025761, 7.7, 231, 没有尾巴的狼
01377409, 9.0, 77, 白鸚鵡的森林
01892074, 9.1, 72, 孔雀石箱
10773128, 8.4, 119, 拥抱幸福的小熊
27003795, 9.2, 66, 皮皮鲁驯兔记
30402696, 9.2, 66, 绿野红纱
27104799, 8.4, 116, 怪物书
02007244, 9.1, 70, 郑渊洁童话三部曲
01370107, 9.2, 64, 黃昏海的故事
26607921, 8.8, 83, 《异世界童话之旅1：许愿魔咒》
01197455, 8.3, 121, 不不园
03140294, 9.5, 53, 世界著名智慧童话365
03081326, 8.9, 76, 木偶奇遇记
03597826, 7.9, 169, 列那狐的故事
27194682, 7.8, 186, 银河铁道之夜
02982768, 8.9, 75, 罗克和八字论文
01974796, 8.7, 86, 追踪小绿人
03239719, 7.9, 165, Stuart Little
34663234, 8.3, 116, 散散的完满
02336452, 9.4, 54, 皮皮鲁和鲁西西奇遇记（一）
01914357, 9.0, 69, 小巴掌童话
10740555, 8.3, 114, 舒克贝塔传
30191448, 7.2, 322, 最后的仙女
25853179, 8.1, 125, 亨利·休格的神奇故事
01083034, 8.4, 97, 小爵爷
25837863, 8.7, 77, 安徒生童话故事集
19938073, 8.4, 96, 鹅妈妈的故事
33456952, 9.6, 44, 我亲爱的偏执狂
01344690, 9.4, 49, 銀孔雀
01475719, 8.1, 118, The Horse and His Boy
01844349, 9.4, 48, 秘密花园
01278860, 8.8, 69, 野天鹅
03126364, 7.5, 205, 小王子写给妈妈的信
01466478, 8.6, 78, James and the Giant Peach
26679753, 8.6, 78, 鲁西西传
34900727, 8.6, 78, 雪人
04050576, 8.1, 115, 猫头鹰王国2-险途
27050813, 8.2, 103, 拯救王子的公主
01017228, 8.6, 76, 飞翔的教室
30121397, 8.5, 81, 爱丽丝漫游奇境
01442760, 8.3, 94, 白茉莉催眠奇幻术
01999544, 7.5, 194, 圆圆的月亮
26691683, 9.5, 43, 夏洛的网
26994228, 9.4, 45, 时代广场的蟋蟀
26897366, 8.1, 108, 从此以后
26282480, 8.2, 99, 精灵鼠小弟
27060305, 7.8, 140, 卜多力的一生
01441916, 9.5, 42, 假话国历险记
26642435, 7.9, 127, 原来如此的故事
24902816, 8.1, 103, 格林童话I
26315808, 7.8, 133, 童话的魅力
25723268, 9.2, 47, 魔法树顶的国度
26719929, 6.5, 631, 绝非普通人之红发球艾米丽
01035835, 8.1, 97, 秋空爽朗
01017343, 8.7, 62, 哈默林的花衣吹笛人
34438689, 9.0, 51, 夜莺与玫瑰
35012385, 9.2, 45, 讲了100万次的故事·挪威（全两册）
03425935, 8.7, 61, 愛麗絲夢遊仙境&amp;鏡中奇緣
26879458, 8.8, 56, 阅读计划：爱丽丝梦游仙境
01084402, 9.5, 37, 外国童话经典100篇
27050816, 8.1, 91, 大人心理童话
25897658, 8.4, 72, 格林童话全集
03036810, 7.8, 116, The Lion
03236648, 8.7, 58, 菲斯的秘密
24902735, 8.4, 71, 格林童话II
03034066, 8.8, 54, 灶王爷和他的朋友们
26777151, 8.3, 75, 舒克贝塔传/经典童话系列
01073417, 8.8, 53, 杜利特医生非洲历险记・杜利特医生航海记
01278819, 8.3, 74, 打火匣
01576000, 8.5, 64, Aesop&#39;s Fables
26786093, 6.7, 377, 一头栽进月光里
26826618, 8.4, 68, 皮皮鲁和魔方大厦
33459686, 9.0, 46, 银河铁道之夜
34432669, 9.1, 43, 夜莺与玫瑰
03124954, 8.6, 58, 渡过雪原
26904690, 8.3, 70, 皮皮鲁和309暗室
26897279, 7.8, 104, 童话中的男性进化史
05325950, 8.5, 60, 巨人的花园
35065466, 8.5, 60, 中国童话
04932729, 8.2, 74, 阳光姐姐小说派
26641574, 9.4, 35, 鸭子与猫头鹰
34793043, 8.5, 59, 解读童话
26679752, 7.3, 162, 皮皮鲁传
01214598, 7.7, 109, 幽默水浒
03521154, 8.5, 58, 雪地天使
30203775, 8.4, 62, 小王子
01001358, 9.1, 40, 小纽扣杰姆和火车司机卢卡斯
01117339, 7.9, 90, 伊索寓言
27175608, 8.4, 60, 迪士尼英文原版·爱丽丝梦游仙境
01139410, 8.6, 52, 红汽车历险记
01119892, 7.2, 165, 打开天窗
30344997, 9.7, 28, 典藏版安徒生童话（Ⅰ）
01041749, 9.0, 40, 狼先生和他的大炮
06890223, 8.5, 54, 小王子
27173041, 8.1, 71, 青鸟
25862436, 7.7, 98, 夜莺与玫瑰
25837860, 7.8, 89, 一千零一夜
26935627, 8.4, 55, 奇幻精品店
26382445, 10.0, 23, 蓝熊船长的13条半命
30488070, 7.7, 92, 日之东·月之西
01278822, 8.3, 57, 皇帝的新装
05416927, 8.9, 39, 奇先生妙小姐-第一季
10575575, 8.8, 41, 彩色世界童话全集-第一辑
02052257, 7.2, 142, 五日谈
25957080, 7.3, 127, 蜗牛小镇
06038969, 8.6, 45, 柳林风声
03885105, 9.5, 27, Alice&#39;s Adventures in Wonderland
26640819, 9.3, 29, 《异世界童话之旅2：女巫归来》
04840044, 8.2, 55, 红鞋子
03024664, 9.4, 27, 中国优秀童话选：1922-1979
03401168, 8.6, 41, 新编365夜
26313484, 8.8, 36, 姆咪和大洪水
26363857, 9.5, 25, 托芙·扬松姆咪谷漫画全集（共9册）
01085490, 8.6, 40, 背井离乡的365天
26299947, 7.4, 98, 机械心
05038493, 8.8, 35, 弗洛格迷路了
27625562, 7.5, 87, 伊索寓言
34897082, 7.6, 79, 日本的童话
04048080, 9.7, 22, 小约翰
02250142, 8.6, 38, 俄罗斯童话
26879576, 9.1, 27, 怪老头儿
26777152, 8.2, 44, 大灰狼罗克传/经典童话系列
30215770, 9.1, 26, 关于来洛尼亚王国的十三个童话故事
24715997, 6.6, 187, 潘宫的秘密1
30216927, 8.1, 46, 银河铁道之夜
27615693, 8.1, 45, 借东西的小人（全彩插图修订版）
30467951, 9.6, 20, 姆咪谷的伙伴们
03401170, 8.8, 29, 新编365夜
11528343, 8.0, 47, 那份温暖永不散去
27194680, 9.9, 17, 汉声中国童话
30411232, 7.4, 72, 我能咬一口你的尾巴吗
01442793, 7.5, 65, 公猫拿破仑
30296124, 8.9, 26, 姆咪和大洪水
03687445, 9.7, 18, 皮皮鲁总动员之大长篇系列 礼品盒装(共6册）
01864121, 7.3, 76, 重返梦幻岛
03172299, 7.8, 50, The Tales of Beedle the Bard
01204956, 9.3, 21, 格林童话(彩图世界童话金库)
02326877, 9.5, 19, 一块烫石头
26361775, 8.9, 25, 夜莺与玫瑰·王尔德童话
10875985, 7.7, 52, 新月王子
24153020, 8.0, 40, 小野人和长毛象
02057584, 9.8, 16, 电话里的故事
27067913, 7.3, 67, 大象巴巴的故事
26983304, 8.3, 32, 皮皮鲁压缩人生7天
30380141, 9.0, 22, 橡子与山猫
35050052, 9.0, 22, 去年的树
06062072, 9.2, 20, 追踪小绿人
02377584, 9.3, 19, 牛奶将军
01884661, 8.5, 28, 大侦探乔麦皮
34792367, 9.5, 17, 纳尼亚传奇
01762317, 9.2, 19, 【鲁莫与黑暗中的奇迹】一只沃泊亭格的诞生
30468122, 9.6, 16, 姆咪谷的冬天
30222961, 8.4, 28, 很久很久以前
25740155, 7.4, 54, 来自鬼庄园的九九2
02206595, 9.7, 15, 【鲁莫与黑暗中的奇迹】黑暗世界大冒险
26297416, 9.7, 15, 一天一个新童话
26377015, 8.8, 22, 十二王妃
07910597, 7.5, 49, Alice&#39;s Adventure In Wonderland
01067145, 7.4, 53, 小神龟
26657554, 7.9, 36, 小王子
30185197, 9.6, 15, 拇指姑娘
01278825, 7.9, 35, 豌豆上的公主
02230104, 7.7, 40, 出走的泰奥
30369475, 8.3, 26, 长大的彼得潘
04883479, 8.7, 21, 青鸟
24839419, 7.5, 43, 尾巴的故事
33376153, 7.5, 43, 日之东月之西
26777133, 8.2, 27, 牛王醉酒
01319812, 8.4, 24, 叶圣陶儿童文学全集（上下）
11615286, 9.1, 17, 两条腿
27092418, 7.3, 48, 五日谈（全5册）
05408509, 8.2, 26, 走出院子的母鸡
26960337, 7.9, 31, 皮皮鲁和66宗罪
26988928, 7.8, 33, 皮皮鲁和幻影号
02140880, 7.4, 41, 少女罗薇
26683024, 7.5, 38, 环游精灵国度的女孩
04224639, 9.2, 15, 小怪物六六 永远的星期六
10809064, 8.1, 25, 青草国的鹅
27204818, 8.0, 26, 银河铁道之夜
34431072, 7.3, 41, 爱丽丝漫游奇境记
02982603, 8.9, 16, 饼干房子
06899587, 8.9, 16, 彼得兔经典故事全集
20563217, 8.0, 25, 柳林风声
35012356, 9.4, 13, 讲了100万次的故事·北欧（全两册）
04146566, 9.6, 12, 丑小鸭
17111926, 9.6, 12, The Little Mermaid
01186201, 8.2, 22, 中国名家经典童话·叶圣陶专集
30160365, 8.7, 17, 柳林风声(精装典藏版）
02573649, 9.3, 13, The Little White Horse
26264190, 6.9, 51, 如今你的世界永远是黑夜
30468117, 9.2, 13, 姆咪谷的夏天
04113125, 9.4, 12, 安徒生童话全集
26331019, 8.2, 20, 俄罗斯的童话-鲁迅译童话集
03057348, 8.8, 15, 猫先生开店
30468129, 8.5, 17, 姆咪谷的彗星
32919231, 9.3, 12, 欧洲民间童话
01032486, 9.5, 11, 木偶奇遇记
30200171, 8.0, 21, 姑娘寨
03220518, 9.2, 12, 意大利童话精选
25880472, 8.2, 18, 纳尼亚传奇系列2：狮子、女巫和魔衣柜 THE LION
25986517, 7.4, 28, 童话之书
01312490, 8.2, 17, 白虎
04073566, 8.6, 14, 宝葫芦的秘密
30468133, 9.2, 11, 十一月的姆咪谷
35005166, 7.0, 35, 矮人星上的矮人
01819947, 8.0, 18, “巴勒斯坦王后”莉迪娅
33399626, 8.1, 16, Neil Gaiman&#39;s Snow
05285333, 8.6, 12, 小巴掌童话百篇
30271467, 8.4, 13, 童話中的女性
01278851, 8.2, 14, 夜莺
27084726, 8.3, 13, 皮皮鲁保卫叛逆者
27004307, 8.1, 14, 皮皮鲁和穿风衣的猫
03401017, 7.8, 16, 孤独的小螃蟹
24757303, 6.2, 52, 本当は恐ろしいグリム童話 禁断のエロス編
11880515, 8.8, 10, The Paper Dolls
10575554, 8.2, 12, 驴皮公主
30549215, 8.2, 12, 乌丢丢的奇遇 曹文轩推荐儿童文学经典书系
27025498, 8.6, 10, Good Night Stories for Rebel Girls
10575570, 8.2, 11, 三只小猪
26429264, 7.1, 18, 皮皮鲁和金鱼王子
10575556, 8.0, 11, 白雪公主
27003800, 7.6, 13, 皮皮鲁和流星暴雨
34793633, 7.6, 12, 英伦童话地图
01131420, 6.0, 30, 我是动物
27001017, 7.2, 12, 皮皮鲁和大侦探乔麦皮
06718318, 2.5, 415, 讲真话的中国
04883484, 0.0, 10, 最能打动孩子心灵的世界经典童话
10575523, 0.0, 10, 怪物的三根毛发
10575539, 0.0, 10, 穿靴子的猫
10575548, 0.0, 10, 睡美人
10575550, 0.0, 10, 火绒匣
35064956, 0.0, 10, 我爱读经典：彼得·潘
10512692, 0.0, 11, 丑小鸭
10512693, 0.0, 11, 拇指姑娘
19982148, 0.0, 11, 怪老头儿
27154293, 0.0, 11, 星孩的芒果湖
35012365, 0.0, 11, 讲了100万次的故事·德意志
10512701, 0.0, 12, 阿里巴巴和四十大盗
10575559, 0.0, 12, 大野狼和七只小山羊
35012382, 0.0, 12, 讲了100万次的故事·非洲（全两册）
10519831, 0.0, 13, 几乎什么都有国王
03131344, 0.0, 14, 小熊温尼·菩
10512691, 0.0, 14, 野天鹅
20441824, 0.0, 14, 巫婆村
10593646, 0.0, 33, 星辰守护者-爱上奔跑的羊-2
10511464, 0.0, 40, 肚子里的闹钟
