2020-07-05 16:00:13

number of books, tag name
854, 管理学

ID, rating, votes, title
06798611, 8.7, 47506, 史蒂夫·乔布斯传
01786387, 8.6, 39608, 影响力
03609132, 8.4, 35481, 把时间当作朋友
27608239, 8.4, 22261, 原则
01322025, 8.7, 13301, 卓有成效的管理者
01048007, 8.2, 26142, 高效能人士的七个习惯（精华版）
26585065, 9.4, 4308, 亲密关系
03151575, 8.6, 10522, 激荡三十年
05287474, 8.7, 8597, 影响力
05325618, 8.4, 11282, 高效能人士的七个习惯
01072438, 8.3, 12583, 大败局
25926542, 8.9, 5179, 一本书读懂财报
01220853, 8.3, 12200, 伟大的博弈
24753751, 8.1, 14703, 向前一步
05914587, 8.5, 6766, 启示录
26306686, 8.3, 7928, 创业维艰
01017180, 8.2, 8481, 定位
05320866, 8.3, 7136, 重来
01313124, 8.2, 7381, 赢
26929955, 7.8, 14297, 腾讯传
01433346, 8.7, 3516, 旁观者
26354200, 8.9, 2565, 华杉讲透孙子兵法
26582822, 8.2, 6549, 重新定义公司
01457028, 8.9, 2257, 管理的实践
01894695, 9.0, 1997, 营销管理
10945606, 8.3, 4996, 精益创业
05921213, 8.4, 4250, MBA教不了的创富课
05421787, 8.0, 7782, 定位
33385402, 8.1, 6415, 事实
26270679, 8.1, 6093, 零售的哲学
01193621, 8.5, 3390, 决策与判断
04051739, 8.7, 2601, 第五项修炼
02328178, 9.0, 1759, 态度改变与社会影响
04882120, 8.1, 5218, 金字塔原理
01022936, 8.2, 4476, 基业长青
04243770, 8.5, 2815, 创新者的窘境
01045862, 8.4, 3179, 第五项修炼
02225735, 7.9, 6606, 谁动了我的奶酪？
26287433, 9.1, 1236, 心若菩提
02116916, 8.8, 1722, 动机与人格
01424955, 9.0, 1335, 卓有成效的管理者 （中英文双语典藏版）
01059769, 8.0, 4900, 从优秀到卓越
10441759, 9.4, 868, 公司理财
30356081, 8.1, 4166, 奈飞文化手册
35009826, 8.8, 1627, 一生的旅程
01464593, 8.7, 1806, 目标
04020857, 8.8, 1590, 卓有成效的管理者
02259198, 8.9, 1405, 合作的进化
04723970, 7.6, 8339, 人人都是产品经理
04036180, 9.0, 1180, 营销管理
26728136, 8.4, 2323, 非暴力沟通
30186119, 8.9, 1254, 硅谷增长黑客实战笔记
03646976, 9.0, 1074, 菜根谭
26738885, 9.1, 880, Shoe Dog
04225644, 8.6, 1523, 街头生意经
27154533, 7.6, 5879, 终身成长
01159949, 7.8, 3993, 杰克·韦尔奇自传
20434430, 8.0, 2834, 你要如何衡量你的人生
04020854, 9.0, 832, 管理的实践
34952676, 8.3, 1840, 苏世民：我的经验与教训
02382433, 8.7, 1070, 罗伯特议事规则
04050758, 8.3, 1720, 基业长青
25807982, 8.5, 1304, 创新者的窘境(全新修订版)
01318427, 7.7, 3910, 蓝海战略
01951372, 8.9, 822, 创新与企业家精神
26608585, 8.3, 1632, 重新定义团队：谷歌如何工作
03319935, 8.2, 1857, 走出软件作坊
01084471, 8.3, 1610, 管理学
11516567, 8.7, 985, 四步创业法
10565381, 7.9, 2567, 活法
06052860, 7.2, 8100, 海底捞你学不会
04039936, 8.8, 820, 旁观者
05344908, 7.9, 2493, 别独自用餐
01958120, 8.6, 1012, 格鲁夫给经理人的第一课
20505765, 8.8, 802, 精益创业实战
07001106, 7.4, 5358, 时间管理
01077497, 7.2, 7525, 水煮三国
33474750, 9.2, 507, 浪潮之巅（第四版）（上下册）
03419122, 8.2, 1495, 22条商规
06687032, 8.7, 814, 经验的疆界
01435909, 8.6, 906, 竞争战略
01059490, 7.6, 3442, 麦肯锡方法
25833051, 8.3, 1288, 幸福的婚姻
25908390, 8.5, 1012, 大败局2
06536593, 8.4, 1104, 领导梯队
27609489, 7.7, 2756, 远见
26606009, 7.7, 2754, 精力管理
10446295, 8.0, 1721, 权力
24700126, 8.9, 603, 格鲁夫给经理人的第一课(纪念版)
01100470, 7.5, 3591, 现在，发现你的优势
25775696, 7.6, 3055, 金字塔原理
03794450, 8.3, 1120, 细节营销
05431183, 9.0, 506, 格鲁夫给经理人的第一课
05325852, 7.9, 1776, 思考的技术
27132072, 7.4, 3802, OKR工作法
01011509, 7.8, 2009, 谁说大象不能跳舞？
03685882, 8.8, 591, 营销管理
01108725, 8.2, 1144, 人件
01279659, 8.3, 1008, 组织行为学
30147418, 8.5, 793, 经营者养成笔记
01913066, 8.8, 576, 市场营销原理
26879263, 9.3, 357, 营销管理（第15版）
01435907, 8.5, 771, 我在通用汽车的岁月
07054652, 8.0, 1404, 创业36条军规
03922162, 8.3, 956, 认识商业
04075835, 8.2, 1077, 从优秀到卓越
25717380, 8.1, 1198, 赤裸裸的统计学
11589951, 8.0, 1314, 长尾理论
10568352, 9.3, 329, 营销管理（第14版·全球版）
01427527, 8.7, 576, 竞争优势
27025877, 8.0, 1259, 小米生态链战地笔记
01454393, 8.6, 613, 21世纪的管理挑战
06080059, 8.2, 946, 将心注入
26901342, 8.5, 663, 管理的常识
10433837, 8.6, 596, 采购与供应链管理
10946226, 8.8, 483, 管理学
26603244, 9.2, 329, 市场营销
01843508, 9.1, 357, 管理：使命、责任、实务（实务篇）
03741218, 8.4, 706, 项目管理知识体系指南
01019959, 7.8, 1481, 精力管理
02158889, 8.3, 788, 权力的48条法则
26917969, 9.3, 292, 华杉讲透《孙子兵法》（修订版）
26641761, 7.9, 1246, 横向领导力
01082725, 7.8, 1423, 一分钟经理人
27065675, 9.0, 371, 组织行为学(第16版)
04851372, 8.4, 670, 怎样卖龙虾
27614523, 7.5, 2034, 刷新
01002474, 7.6, 1726, 只有偏执狂才能生存
30489331, 7.7, 1466, 能力陷阱
26743607, 7.4, 2290, 商业的本质
01015133, 7.9, 1112, 首先，打破一切常规
06078123, 7.6, 1650, 一路向前
01839796, 9.2, 279, 管理
26870611, 8.3, 667, 超级符号就是超级创意（全彩增订版）
02180696, 9.1, 300, 德鲁克管理思想精要
02249558, 8.3, 651, 光环效应
01006203, 9.2, 272, 工商巨子
25891495, 8.2, 725, 自控力
27029547, 8.0, 916, 人人都是产品经理2.0
01044177, 7.5, 1798, 李嘉诚全传
03320425, 8.3, 639, 跨越鸿沟
03007108, 8.6, 464, 财务智慧
26288194, 9.0, 313, 权力与领导（第5版）
04020858, 8.7, 410, 卓有成效的管理者
04830099, 9.0, 304, 市场营销原理
04178327, 8.3, 596, 谁说大象不能跳舞(珍藏版)
03393766, 8.5, 478, 管理学
21264215, 8.2, 658, 高绩效教练
03717183, 7.5, 1625, 餐巾纸的背面
05432449, 8.1, 735, 商战
04200664, 8.4, 497, 管理的常识
26838695, 7.8, 1000, 12个工作的基本
30245089, 7.6, 1300, 百岁人生：长寿时代的生活和工作
04178328, 8.5, 440, 赢
10809140, 9.3, 214, 战略历程
04118751, 7.6, 1274, 阿米巴经营
04020863, 8.8, 322, 创新与企业家精神
20492093, 7.5, 1434, 平台战略
27178870, 9.1, 244, 格鲁夫给经理人的第一课
27204181, 7.5, 1377, 赋能
01464588, 8.4, 454, 关键链
01951395, 8.4, 444, 科学管理原理
05362909, 7.4, 1536, 只有偏执狂才能生存
34799648, 8.8, 300, The Ride of a Lifetime
10484712, 7.6, 1136, 驱动力
27008697, 8.1, 589, 敏捷革命：提升个人创造力与企业效率的全新协作模式
20261700, 8.1, 587, 好战略，坏战略
01792212, 8.2, 518, 丰田生产方式
27045616, 8.2, 518, 习惯的力量
10582496, 8.7, 312, 目标
25855770, 7.9, 728, 就因為「沒時間」，才什麼都能辦到
27019726, 7.5, 1230, 10人以下小团队管理手册
30396635, 7.5, 1230, 这就是OKR
30203275, 8.2, 513, 谈判
04020855, 9.4, 171, 管理的实践
26979428, 9.1, 216, 管理学(第13版)
23009947, 8.6, 334, 科学管理原理
22229485, 7.7, 908, 需求
26904600, 8.8, 275, 商业模式新生代
25956450, 8.5, 364, 人件（原书第3版）
05408875, 7.3, 1587, 一胜九败
27598664, 7.3, 1572, 可复制的领导力
06801742, 7.4, 1351, 人生定位
27621512, 8.6, 326, 认识商业（修订第10版）
01051650, 7.9, 681, 羊皮卷
01394499, 8.3, 422, Good to Great
01967814, 9.2, 185, 企业战略博弈
25905229, 8.6, 307, 竞争战略
24902403, 8.9, 234, 忙总管理笔记
01004325, 6.5, 5986, 致加西亚的信
06732543, 7.7, 782, 如果高中棒球队女子经理读了彼得·德鲁克
05377234, 7.6, 884, 情商2
03622624, 8.3, 386, 绝对成交
01156866, 7.9, 589, 系统思考
05920725, 9.1, 184, 马奇论管理
05311622, 8.6, 282, 蓝海战略
03018230, 8.1, 458, 创
01485340, 8.2, 411, 德鲁克日志
03253861, 8.7, 251, 管理成就生活
01053836, 6.7, 3485, 细节决定成败
30216705, 8.2, 407, 扫除道
01278419, 7.8, 640, 冰鉴
27131763, 6.9, 2278, 如何有效整理信息
03074782, 8.3, 351, 组织行为学
26823208, 7.6, 784, 离经叛道
01759797, 8.5, 287, 公司的概念
01031207, 7.5, 869, 执行
26889370, 8.0, 464, 别独自用餐（十周年修订珍藏版）
03740422, 7.4, 983, 创始人
01062278, 8.6, 251, 国家竞争优势
02243561, 8.5, 275, 非营利组织的管理
02280967, 8.6, 248, 权力与影响力
10441244, 6.8, 2485, 整理的艺术
04886883, 7.5, 831, 将才
02160713, 9.0, 176, 卓有成效的组织
01053848, 8.8, 207, 看得见的手
24700113, 8.5, 267, 赢（纪念版）
01396778, 8.3, 316, 梁山政治
27056289, 8.1, 388, HR+三支柱：人力资源管理转型升级与实践创新
26953172, 8.4, 286, 如此不同如此成功
01861312, 7.9, 480, 冰山在融化
01453922, 8.1, 383, 人力资源管理
24834617, 8.2, 344, 滚雪球（上）(纪念版)
27668032, 8.3, 310, 有效管理的5大兵法
26827314, 7.5, 771, 逆向管理
26388790, 7.9, 470, 交办的技术
25338822, 7.8, 526, 团队协作的五大障碍
26591085, 8.4, 278, 组织能力的杨三角
27155410, 8.6, 228, 企业生命周期
03185166, 7.7, 572, 世界最简单解决问题的方法
04020870, 8.6, 224, 德鲁克管理思想精要
01022541, 7.7, 565, 追求卓越
06512297, 8.4, 264, 这是你的船
26646553, 7.7, 558, 指数型组织
02334078, 8.6, 219, 混序：维萨与组织的未来形态
30158062, 7.2, 1089, 我在碧桂园的1000天
30133649, 8.4, 262, 第五项修炼①
20493300, 8.2, 318, 高效能人士的执行4原则
01843507, 8.9, 164, 管理：使命、责任、实务（责任篇）
24834614, 8.4, 252, 滚雪球（下）（纪念版）
04062798, 7.7, 529, 别让猴子跳回背上
01475470, 8.3, 276, 仍然不足够
01448684, 7.9, 409, 蓝血十杰
26978921, 7.7, 509, 阿米巴经营——畅销十周年纪念版
01022147, 7.5, 646, 管道的故事
23238270, 8.7, 183, 权力与影响力
04178326, 8.3, 262, 杰克·韦尔奇自传
27137525, 7.3, 833, 墨菲定律(经典收藏版)
01015540, 7.5, 635, 周一清晨的领导课
03039668, 8.2, 285, 真北
01481148, 8.4, 233, 第五项修练
01439982, 7.9, 383, 麦肯锡传奇
03406505, 8.1, 309, 厚黑学全本
01083895, 8.2, 277, 管理百年
04223249, 7.6, 536, 管理十诫
26929917, 8.2, 270, 领导力
30310710, 8.2, 269, 七堂思维成长课
26863476, 8.1, 296, 领导梯队：全面打造领导力驱动型公司（原书第2版）
03132014, 9.2, 116, 组织与管理研究的实证方法
26591168, 8.7, 170, 人力资源转型：为组织创造价值和达成成果
03227994, 7.6, 511, 水煮三国
01076490, 8.2, 264, 这是你的船
24744688, 8.3, 236, 管理百年
01083600, 8.6, 180, 我在通用汽车的岁月
04837927, 8.8, 152, 创造高收益 壹
30415984, 8.0, 311, 崩溃
24846231, 8.0, 310, HR转型突破
01074794, 8.4, 210, 略胜一筹
01175396, 7.9, 343, 跳出盒子
01017103, 8.3, 228, 竞争论
04235591, 7.9, 338, 团队协作的五大障碍
02307859, 8.7, 159, 曾胡治兵语录
20366371, 7.9, 336, 找我1
34809067, 8.1, 269, 华杉讲透资治通鉴
10862311, 8.5, 184, 人力资源管理
26439804, 8.4, 201, 权力
03540367, 8.1, 267, 奸的好人系列 全5册
01491595, 8.2, 242, 稻盛和夫的实学：经营和会计
02159464, 8.4, 200, 官场病
26760576, 8.4, 199, 清教徒的礼物
03063109, 8.0, 292, 高手身影
01921558, 7.5, 511, 华为的世界
26897699, 6.7, 1676, 极简：在你拥有的一切之下，发现你想要的生活
03738701, 8.3, 215, 经营沉思录
27084312, 7.4, 570, OKR：源于英特尔和谷歌的目标管理利器
26702075, 8.0, 285, 经营战略全史
25850087, 8.3, 210, 有的放矢
06753831, 9.0, 118, 国家竞争优势（上）
25850257, 8.0, 280, 消费者行为学
04037526, 9.1, 109, 管理：使命、责任、实务(使命篇)
26699698, 7.9, 305, 新版一分钟经理人(2015版)
02160659, 8.4, 187, 项目管理艺术
01396702, 8.3, 203, 战略地图
20492937, 8.7, 143, 组织行为学
25902032, 7.8, 329, 只有偏执狂才能生存
04843742, 9.0, 111, 创造高收益 贰
01042737, 8.6, 151, 困境与出路
06391791, 9.1, 103, 组织理论
26949945, 9.0, 109, 营销管理
01835275, 8.4, 174, 刘邦大传
01159542, 9.0, 108, 新企业的起源与演进
27613230, 8.7, 135, 5分钟商学院•管理篇
03598650, 8.5, 158, 管理思想史
03655164, 8.9, 115, 战略
26651699, 8.7, 133, 罗伯特议事规则
27045323, 8.0, 247, 合伙人制度
07015176, 7.9, 273, 管理的常识
30224687, 7.9, 272, 哈佛商学院最受欢迎的营销课
01215642, 7.4, 481, 中国式管理
25868249, 8.3, 182, 蓝血十杰
20272125, 7.9, 266, 选择卓越
04200631, 7.1, 702, 麦肯锡工具
27146611, 8.3, 179, 经验的疆界
01974883, 7.8, 289, 追求卓越
04008885, 8.2, 194, 揭秘服装赚钱的门道
01659228, 9.1, 94, 战略与结构
04244274, 7.8, 286, 这才是最牛团队
24700116, 8.2, 192, 杰克.韦尔奇自传（纪念版）
04020869, 8.7, 125, 21世纪的管理挑战
21359919, 9.1, 93, 白话设计公司管理
02021604, 8.5, 145, 管理决策中的判断
01173944, 9.1, 92, 管理研究方法论
01785409, 8.6, 133, The Effective Executive
27014998, 7.5, 388, 高效的秘密
01421961, 7.6, 338, 从历史看管理（第二版）
30244208, 7.6, 337, 5分钟商学院•个人篇
01135841, 8.4, 153, 改变世界的机器
02368360, 8.1, 199, 领袖性格
34791926, 7.5, 371, 闪电式扩张
26989977, 7.4, 417, 无印良品管理笔记
02146258, 8.6, 127, 工业管理与一般管理
01084649, 8.8, 108, 企业生命周期
02143747, 7.6, 324, 赢的答案
01263690, 8.5, 135, 市场营销管理
02062316, 7.5, 359, 彼得原理
01768398, 7.6, 318, 关键时刻MOT
06536592, 8.0, 208, 执行
26803284, 8.1, 188, 供应链管理：高成本、高库存、重资产的解决方案
27030307, 8.1, 188, 重塑组织
01759792, 8.7, 113, 工业人的未来
30258984, 8.5, 131, 深度管理
25947541, 8.9, 96, 竞争优势
26847762, 7.7, 275, 创始人
10809142, 7.9, 223, CEO说
01069174, 9.0, 89, 戴明论质量管理
30230632, 8.2, 167, 哈佛商学院最受欢迎的领导课
04020865, 8.4, 139, 非营利组织的管理
10808942, 9.1, 82, 组织与管理研究的实证方法
03882250, 8.8, 101, 后资本主义社会
03160742, 8.6, 117, 管理的真相
25780509, 8.7, 108, 将培训转化为商业结果
01083277, 8.3, 149, 管理行为
03024168, 8.8, 100, 企业的人性面
06946410, 8.4, 136, 抉择
01881449, 8.8, 99, 成果管理
03032780, 8.0, 192, 管理大未来
11589943, 8.5, 122, 管理的未来
26972465, 7.0, 598, 全栈市场人
01811450, 8.6, 111, 创造知识的企业
01491155, 9.6, 57, 孙子兵法
02039176, 8.7, 102, 企业巫医
33396592, 7.7, 247, 用得上的商学课
25866380, 8.2, 152, 互联网思维的企业
02126190, 8.5, 118, The Five Dysfunctions of a Team
01488518, 8.6, 109, 谁能成为领导羊
01320173, 8.0, 181, 管理者而非MBA
33391219, 8.0, 181, 金字塔原理
01101360, 8.5, 117, 公司的概念
33704066, 6.8, 759, 每天演好一个情绪稳定的成年人
03668161, 7.8, 217, 项目管理之美
01055585, 8.9, 86, 团队的五种机能障碍
01039972, 8.8, 92, 产业组织理论
03666539, 8.1, 160, 财色战场
02305092, 9.0, 79, 个性与组织
01430503, 8.2, 145, 管理者情商
01843185, 8.3, 133, 远见
03822268, 8.1, 158, 战略管理
27104113, 7.4, 325, 逻辑思维
01431652, 8.3, 132, Built to Last
02364146, 7.6, 258, 海星模式
27609916, 7.6, 256, 营销革命 4.0
01683470, 7.3, 361, 西点军校的经典法则
25916832, 6.8, 707, 麦肯锡问题分析与解决技巧
01791896, 8.2, 141, 人性管理
02076139, 8.1, 154, 突破瓶颈
01084651, 9.9, 45, 把握变革
03361791, 7.3, 352, 发现商业模式
20492915, 7.8, 201, 领导力
23238272, 8.8, 86, 管理行为
04020849, 8.1, 150, 公司的概念
26429719, 6.9, 586, 麦肯锡工作法
25891112, 9.1, 70, 我在通用汽车的岁月：斯隆自传
20507208, 7.3, 336, 哈佛商学院最受欢迎的领导课
30316675, 8.0, 158, 电商数据分析与数据化运营
26256719, 8.1, 144, 無印良品成功90%靠制度
27002185, 8.8, 82, 企业文化生存与变革指南
01508015, 9.3, 59, 工厂物理学
34798244, 7.9, 168, 责任病毒:如何分派任务和承担责任
01759801, 8.9, 75, 新社会
30230309, 9.2, 61, 专业服务公司的管理（经典重译版）
23009940, 8.8, 79, 管理成就生活
05326292, 8.0, 149, 第五项修炼·心灵篇
04020861, 9.0, 69, 管理
04748017, 8.2, 125, 改善
03788472, 8.4, 106, 在萧条中飞跃的大智慧
30420913, 8.2, 123, 美国官僚体制
24533316, 9.0, 68, 工业管理与一般管理（珍藏版）
30185857, 8.2, 122, 战略节奏
06754223, 8.0, 145, 跟司马懿学管理
04124755, 8.4, 103, 必要的革命
30248063, 7.6, 213, 5分钟商学院•工具篇
02160238, 7.9, 157, 管理工作的本质
05291323, 8.3, 110, 明茨伯格管理进行时
02281090, 8.9, 69, 国家竞争优势
04020856, 8.8, 73, 成果管理
26629337, 7.5, 222, 认同
26642365, 8.4, 97, 哈佛商业评论管理必读：大师十论
26589161, 7.4, 245, HRBP是这样炼成的之菜鸟起飞
34789035, 8.3, 104, 终身学习（领导力篇）
03062249, 8.9, 67, 管理：任务、责任和实践（第一部）
30280416, 7.2, 305, 时机管理
02076634, 8.8, 71, 决策是如何产生的
03016642, 8.2, 111, 企业文化
25796129, 7.9, 143, U型理论（全新升级版）
01971209, 8.3, 101, 企业再造
02179024, 8.8, 70, 经理人员的职能
01170013, 8.0, 128, 人际关系与沟通
26368060, 7.9, 140, 创业，生与死
26578034, 8.3, 99, 宝洁制胜战略
26708826, 7.1, 327, 不懂说话，你怎么带团队？
27002242, 8.8, 68, Radical Candor
24870849, 6.6, 646, 不懂带人，你就自己干到死
33395539, 8.9, 63, 卓有成效的管理者
01802543, 8.7, 72, 巨变时代的管理
26293550, 9.2, 52, 无为而治
02142083, 9.3, 49, 经济人的末日
26381898, 7.1, 314, 中层领导力
03710550, 7.6, 178, 爱德华的礼物
25795601, 7.8, 144, 品类战略
04020868, 8.6, 75, 21世纪的管理挑战
11445547, 8.6, 75, 国家竞争优势（下）
30318661, 7.3, 241, 李光耀谈治国、管理和人生
05908427, 8.0, 119, 向诸葛亮借智慧
10453866, 8.4, 86, 管理思想史
01325392, 8.8, 64, 战略管理
25906034, 7.6, 169, 危机领导力
01046795, 6.8, 436, 管理学
05412254, 8.3, 90, The Personal MBA
04907409, 7.8, 137, 性、金钱、幸福与死亡
10540584, 7.9, 125, 空雨衣
02148395, 8.1, 104, 职业化团队
04850509, 8.6, 71, 现场改善
01312095, 7.7, 148, 隐形冠军
01444249, 8.2, 95, 管理学原理
10945357, 9.0, 54, 竞争论
34902178, 7.8, 132, 华为灰度管理法
26282839, 8.9, 57, 企业运营实战案例
02253276, 8.5, 74, 运筹学导论
25873203, 9.4, 42, 管理困境
01102987, 8.2, 92, 情境领导者
04882149, 8.5, 73, 日本官僚制研究
01142124, 7.4, 191, 人力资源管理概论
25922817, 9.3, 44, 管理学问卷调查研究方法
03576464, 8.2, 91, 平衡计分卡战略实践
23243753, 8.6, 67, 将才-让主管成长走直线-II
01775694, 7.4, 187, 从历史看组织
03225428, 7.6, 151, 影响力心理学
06510690, 8.3, 82, 管理十律
23238271, 7.5, 165, 彼得原理
01002310, 6.7, 434, 走出华为
03198666, 8.3, 81, 薪酬管理
26331204, 8.3, 81, 我读管理经典
30230300, 8.6, 65, 值得信赖的顾问
06711567, 9.4, 40, 社会调查设计与数据分析
02979575, 7.3, 200, 把时间留给最重要的事
26775006, 9.3, 42, 转危为安
11589941, 6.4, 671, 皮克斯
24695872, 8.9, 52, 认识管理（第4版）
26388887, 8.9, 52, 组织文化与领导力
03196528, 7.8, 118, 刀锋上的舞蹈
33458407, 6.8, 357, 墨菲定律
01098941, 8.0, 97, 利润模式
30433146, 8.1, 89, Trillion Dollar Coach
01959838, 8.6, 61, 功能社会
03729148, 9.2, 42, 财务管理基础（上.下册）
06423889, 8.4, 69, 组织文化与领导力
01043427, 7.2, 201, 领导力21法则
24858563, 8.2, 79, 管理大师
34839920, 7.3, 179, 智能战略
01848338, 8.7, 55, 后资本主义社会
03349621, 8.1, 84, 领导力与新科学
25866871, 6.7, 365, 大开眼界
26838799, 7.1, 218, 以客户为中心
01836546, 8.0, 90, 大象与跳蚤
33463986, 9.2, 40, 知行
03390122, 8.2, 76, 中国模式
03757929, 8.1, 82, 已经发生的未来
27057878, 7.2, 189, 第二曲线：跨越“S型曲线”的二次增长
34863184, 9.6, 32, 领导力必修课：动员团队解决难题
25962759, 7.1, 209, 模仿的技术
01955232, 7.8, 103, 工作与生活的未来
27065618, 7.8, 103, 人人都是产品经理——写给产品新人
01486718, 8.6, 56, 产权、激励与公司治理
07154348, 8.1, 80, 醒悟
04191830, 8.2, 74, 西方管理思想史
26716899, 7.5, 135, 重新定义战略
03639533, 9.1, 41, 组织与管理
01461013, 8.9, 46, The Essential Drucker
01072605, 7.6, 122, 大学的逻辑
01475457, 8.7, 52, The 22 Immutable Laws of Marketing
26426008, 7.6, 121, MBA十日读（第四版）
01173139, 8.6, 55, 最初的90天
01059568, 5.9, 1321, 没有任何借口
20003698, 8.3, 67, 破局
01260387, 7.4, 145, 80/20定律
03134955, 7.7, 108, 才经
26951833, 8.6, 54, 如何测试商业模式
05311619, 8.0, 83, 整合思维
30323399, 9.7, 29, 组织与管理研究的实证方法（第三版）
26890615, 8.5, 56, 团队核能：行动版
34625758, 7.0, 214, 弹性
34798939, 9.4, 33, 每个人的商学院（全8册）
04833770, 7.4, 137, 向毛泽东学管理
02030230, 7.5, 124, 公共行政学
06530876, 8.9, 43, 绩效咨询
34442779, 8.5, 55, 绝对坦率
24700109, 8.3, 63, 赢的答案（纪念版）
19999646, 9.1, 38, ERP
01921524, 7.7, 101, 觉醒的年代
26643780, 7.0, 207, 重新定义管理
05408874, 8.4, 58, 第五项修炼 实践篇（上）
26642427, 8.4, 58, 哈佛商业评论管理必读：什么造就了领导者
24700114, 7.3, 146, 水煮三国
06425764, 7.7, 99, 从历史看组织
01278489, 8.0, 77, 平等与效率
01040175, 9.2, 35, 公司战略透视
04139672, 9.0, 39, 管理（上册）
01023032, 8.3, 60, 变革之心
04124436, 8.6, 49, 组织生存力
03151772, 6.7, 284, 一页纸项目管理
01315192, 8.8, 43, 知识资产：在信息经济中赢得竞争优势
35013824, 7.7, 95, 本事
03175366, 9.0, 38, 企业家的战略头脑
01721434, 8.6, 48, 人力资源管理
26895877, 8.0, 73, 哈佛商业评论管理必读：重塑战略
04141729, 7.9, 79, 波士顿战略观点
05945539, 8.3, 58, 人力资源成为战略性业务伙伴
23779047, 8.4, 54, 七个战略问题
04075839, 8.3, 57, 领导力沉思录
05336012, 7.0, 183, 再造卓越
26665045, 8.2, 61, Extreme Ownership
03346158, 8.1, 65, 曾仕强剖析胡雪岩商道
34894082, 8.2, 60, 华杉讲透《资治通鉴》2
01041631, 8.9, 38, 权力与影响
26583347, 6.5, 326, 专业主义
01039349, 8.2, 58, 知识管理
02160362, 8.3, 54, 科学管理原理
02172268, 7.6, 93, Z理论
30339211, 8.9, 37, 5分钟商学院（套装）
26596091, 7.7, 84, 跟《西游记》学创业
25925031, 7.9, 71, 水平营销
02308312, 7.0, 163, 帕金森法则
10582492, 7.7, 82, 关键链
25872225, 8.5, 45, 科学管理原理
26640133, 7.5, 96, 如何专业做采购
05408879, 8.6, 42, 第五项修炼·实践篇（下）
26208000, 8.4, 47, 一分钟经理人·领导力
02068890, 7.3, 113, 公共管理导论
26771324, 8.2, 53, 这样做指导，难带员工变能干
30384062, 8.8, 36, 彼得德鲁克全集·德鲁克管理思想精要
06837457, 6.1, 512, 世界500强人力资源总监管理笔记
03808598, 7.0, 144, 向世界最好的医院学管理
24533317, 9.0, 31, 经理人员的职能
04075834, 7.9, 62, 追求卓越
04139673, 9.1, 29, 管理（下册）
26292367, 7.8, 66, 柳问
01007373, 8.4, 43, 日本还有竞争力吗？
02730747, 8.9, 32, 十九顆星
03036134, 7.0, 138, 行政管理学
03067064, 8.1, 52, 绩效管理
26899512, 9.2, 27, 管理学中的伟大思想
26333753, 8.2, 48, 上承战略 下接人才——人力资源管理高端视野
10531895, 7.5, 82, 漫画项目管理
01042399, 8.9, 31, 责任病毒
02310810, 8.9, 31, 管理：任务、责任和实践（第二部）
26728952, 7.5, 81, 事业合伙人：知识时代的企业经营之道（精装）
02247349, 8.3, 44, 明茨伯格论管理
26901183, 8.2, 47, 我读管理经典（珍藏版）
01022570, 8.1, 50, 领导者准则
04896424, 8.2, 46, 管理学中的伟大思想
05290832, 8.3, 43, 管理者而非MBA
30311945, 7.7, 66, 四季酒店经营哲学
26870585, 8.4, 40, 空巴
06519562, 7.5, 77, U型理论
04429779, 7.8, 60, 留住好员工
01913841, 7.0, 124, 砍掉成本
03882248, 8.3, 42, 养老金革命
30396204, 6.5, 222, 本质
34442757, 7.4, 82, 解谜茑屋
02376199, 7.9, 54, 组织理论与设计
27193406, 7.9, 54, 领导力
20278162, 8.3, 41, 卓有成效的组织
28553164, 7.6, 68, 诺基亚总裁自述
01045385, 8.0, 50, 领导者的优势
26895875, 8.5, 36, 哈佛商业评论管理必读：团队竞争力
26643784, 6.7, 167, 激活个体
05040160, 7.1, 107, 从零开始做人脉
02128078, 8.2, 43, 领袖
30223850, 7.4, 77, 供应链的三道防线：需求预测、库存计划、供应链执行
25967954, 9.6, 20, 公司理财
26784342, 9.1, 25, 工业文明的社会问题
04833361, 7.8, 55, 职业生涯发展与规划
01039274, 6.9, 124, 管理心理学
04136247, 7.4, 75, 德鲁克经典管理案例解析
02277546, 8.4, 36, 行动者与系统
25895583, 7.1, 99, 照着做，你就能带好团队
27244983, 6.6, 173, 未来时间使用手册
27590493, 8.1, 43, 人力资源管理
26685600, 7.4, 73, 领导力与新科学
03391715, 9.4, 21, 现代决策理论的基石
11614292, 7.6, 61, 追求卓越
26315229, 9.0, 25, 采购成本控制与供应商管理（第2版）
10522918, 7.3, 78, 1分钟爱上管理学
26546586, 8.7, 29, 无国界的世界（大前研一经典系列）
04020866, 8.1, 41, 管理未来
10354223, 7.5, 64, 领导力的5个层次
27601679, 8.3, 36, 管理与组织研究必读的40个理论
26874220, 7.2, 83, 华为内训
26863988, 9.2, 22, 人才管理大师：卓越领导者先培养人再考虑业绩
26728973, 8.0, 43, 组织设计：实现组织价值的规律（精装）
26894141, 7.9, 46, 自然选中
03822394, 7.5, 62, 现在，发现你的领导力优势
25958885, 7.5, 62, 一分钟经理人•遇见猴子
25850392, 8.2, 37, 你就是艇长
01870648, 7.5, 61, 硬球战略
25947209, 7.5, 61, 拉姆斯菲尔德规则
25813440, 6.8, 119, 80/20法则
01365534, 8.3, 34, The Toyota Way
05913086, 6.4, 189, 给你一个公司看你怎么管？
02289663, 7.6, 55, 管理学
25737097, 7.6, 55, 服务的细节013：会切西红柿，就能做餐饮
24383547, 7.2, 76, 管人的真理
34833418, 8.0, 40, 锁定高端
04010231, 8.8, 25, 组织社会心理学
26733191, 8.8, 25, 工业文明的人类问题
27129100, 8.8, 25, 战略管理(概念与案例第12版)/工商管理经典译丛
02180700, 8.4, 31, 福列特论管理
26634229, 7.3, 68, 管理学
01290482, 8.7, 26, 当代管理学
03391765, 8.7, 26, 管理行为
04020862, 7.9, 42, 动荡时代的管理
01446894, 8.0, 39, 本田传奇
01128172, 8.6, 27, 实践社团
25905685, 8.3, 32, 管理至简
04327183, 6.7, 119, 管理学
01013435, 8.1, 36, 软件业的成功奥秘
27148269, 8.9, 23, 企业家之道
04904734, 8.5, 28, 激励人心
35036262, 8.7, 25, 工作需要仪式感
04775202, 9.4, 18, The Ambiguities of Experience
06438126, 6.6, 128, 经营为什么需要哲学
34978964, 8.4, 29, 华杉讲透《资治通鉴》3
27118607, 6.8, 101, 发现天赋的15个训练方法
26579511, 7.2, 68, 中国式管理
34995191, 7.4, 57, 写给管理者的睡前故事
01843544, 9.8, 15, 《美国管理学会学报》最佳论文集萃
26932497, 5.7, 476, 华为工作法
05379283, 8.0, 35, A3思维
04020867, 9.4, 17, 巨变时代的管理
26935083, 6.9, 85, 小道理：分寸之间
26325530, 8.7, 23, 人与绩效
01922421, 9.1, 19, 有效的管理者
02216505, 8.1, 32, 运营管理
04705968, 7.3, 57, 图解六西格玛
26786208, 8.0, 34, 无边界组织
34834429, 6.9, 82, 协同
35018113, 9.2, 18, 光环效应
01007927, 7.4, 52, 塔木德:犹太商人的创业圣经
34460484, 6.3, 157, 熵减
33970865, 6.7, 96, 硬功夫：助你精进的八大硬核技能
01002266, 7.3, 54, 二八法则
27009785, 6.6, 106, 赋能式投资
30368721, 9.1, 18, 彼得德鲁克全集·创新与企业家精神
26576590, 8.0, 32, 华为哲学
01281255, 8.1, 30, 人员管理
02008133, 8.1, 30, The Halo Effect
01137982, 7.6, 41, 21世纪非营利组织管理
03826837, 6.4, 126, 管理学
26411288, 9.3, 16, 白话设计公司战略
27140798, 6.1, 187, 阿里巴巴人力资源管理
01027728, 7.0, 65, 24只胡萝卜的管理
26704140, 7.7, 37, 关键的少数：任正非说干部培养
26006343, 7.2, 54, 大爆炸式创新
03070977, 9.6, 14, 管理技能开发
25831269, 8.3, 25, 管理思想史（第六版）
01676591, 6.4, 119, 变革的基因
26639397, 8.2, 26, 团队领导最后吃饭
26919857, 8.2, 26, 已经发生的未来
04020850, 8.5, 22, 新社会
01802582, 8.0, 29, 成事在人
27032741, 8.4, 23, 管理工作的本质
25963522, 8.9, 18, 心理学与工作
27005936, 5.5, 475, 任正非传
01077201, 7.3, 47, CEO说
01807787, 8.3, 24, 21世纪的管理挑战 （中英文双语典藏版）
06536591, 8.3, 24, 游戏颠覆者
04359584, 9.0, 17, What Got You Here Won&#39;t Get You There
26318369, 7.6, 37, 领导力基因
26904854, 7.1, 54, 让战略落地：如何跨越战略与实施间的鸿沟
26799652, 9.1, 16, 抉择(修订本)
04829455, 8.8, 18, 战略规划的兴衰
26997698, 8.8, 18, 进化：组织形态管理
01944740, 8.0, 27, 组织文化诊断与变革
30395148, 7.0, 56, 高效管理
34430780, 7.3, 43, 高效的方法
01036386, 7.3, 42, 顾客也疯狂
02038558, 9.1, 15, The Practice of Management
06785467, 6.9, 58, 大品牌大问题
03258769, 6.8, 63, 管理要像一部好电影
25732053, 7.1, 48, 决策是如何产生的（珍藏版）
01082728, 7.9, 27, 战略管理
26864006, 6.4, 93, 执行：如何完成任务的学问
01042486, 7.8, 28, 变革的力量/哈佛商学经典译丛
27111581, 7.8, 28, 产品经理手册（原书第4版）（白金版）
01312036, 8.1, 23, 组织学习、绩效与变革
24749469, 7.6, 31, 领导力十律
34970909, 7.6, 31, 十年后工作图鉴
33476474, 7.7, 29, 重新定义团队
24537598, 7.8, 27, 组织
10833760, 8.9, 15, 案例研究方法
27621061, 7.8, 26, 管理成就生活（原书第2版）
33454024, 7.2, 39, 电影导演的电影理论
04083262, 7.5, 31, 中层危机
34794057, 7.5, 31, 从偶然到必然：华为研发投资与管理实践
34995118, 8.4, 18, Upstream
33426573, 6.5, 71, OKR使用手册
30316378, 6.1, 114, 共生
10731659, 8.1, 21, 管理中的魔鬼细节
27046683, 6.4, 79, 关键影响力：如何调动团队力量（原书第2版）
25807239, 5.8, 172, 我的人生哲学
04180357, 7.9, 23, 信任的真相
06850775, 8.6, 16, 信息管理学基础
27019172, 7.8, 24, 商业数据分析
10582345, 7.3, 33, 卓有成效管理者的实践
24537482, 7.3, 33, Z理论（珍藏版）
04875281, 8.3, 18, 项目管理
26762221, 8.3, 18, 创业成功范式：硅谷创业教父的忠告
06345044, 5.8, 157, 上班赚钱下班理财
33415902, 6.1, 103, 21世纪的定位：定位之父重新定义“定位”
20502643, 6.7, 53, 在星巴克遇见德鲁克
26937819, 8.8, 14, 管理的本质：企业管理的6个关键方法论
34930836, 8.6, 15, 管理至简
30295278, 7.9, 21, 高效领导力
27007579, 7.8, 22, 老汪谈职场
01140498, 8.4, 16, 朱兰质量手册
26747820, 8.5, 15, 组织与管理
02992470, 6.2, 80, 管理心理学
24537522, 8.2, 17, 马斯洛论管理
30194131, 5.9, 114, 心智力：商业奇迹的底层思维
07154341, 7.5, 25, 美国培训与发展协会领导力开发手册
25983816, 6.5, 55, 这样带团队，主管不用做到死
20277779, 7.0, 35, 管理工作的本质
05247362, 7.8, 20, 工业与组织心理学
34955415, 8.2, 16, 企业迷思：北大管理公开课
26902016, 7.1, 31, 回归营销基本层面
27084168, 6.4, 57, 组织管理（MBA轻松读）
19906943, 7.5, 23, 哈佛商学院管理全书（全10册）
02250136, 8.6, 13, 艾柯夫管理思想精华集
25929026, 8.4, 14, 工业文明的社会问题
25924411, 7.6, 21, 组织设计：如何构建高效能团队
25815244, 6.9, 34, 服务的细节011：菜鸟餐饮店30天繁荣记
26353222, 6.9, 34, 向世界最好的医院学经营
27022362, 6.2, 65, 华为管理法(任正非的企业管理心得)(精)
01430568, 8.2, 15, 组织行为学
06313265, 8.5, 13, 心を整える。
04020872, 7.8, 18, 功能社会
01083929, 7.7, 19, 绩效改进
30152415, 7.7, 19, Great at Work
04166007, 8.3, 14, 营销管理
26348599, 6.7, 38, 管理就是搞定人
07051363, 8.0, 16, 组织学习Ⅱ
26710593, 6.6, 41, 云管理
34439599, 8.4, 13, 发现你的管理优势
01965154, 7.7, 18, 项目管理
26802133, 7.8, 17, 伟大的挣扎
06430598, 8.5, 12, 人力资源管理
26901195, 8.3, 13, 卓有成效的领导者：8项核心技能帮你从优秀到卓越
06805235, 7.0, 27, 困境中的决策力
27109164, 7.0, 27, 赢的答案
25963531, 7.7, 17, 领导力就是说对十句话
01962935, 8.4, 12, 管理决策新科学（国外经济管理名著丛书）
11638333, 8.4, 12, Venture Deals
26844697, 8.4, 12, 关键时刻MOT
01835144, 7.9, 15, 创业管理
30226973, 7.1, 24, 群体性愚昧：为什么精英在一起也会干蠢事
01505785, 5.8, 82, 责任胜于能力
27598929, 7.2, 22, 正面领导
25873133, 7.9, 14, 火线领导（珍藏版）
01453968, 7.1, 22, IT治理
04231768, 8.2, 12, 管理经济学
05330361, 7.3, 19, 传媒经济与管理学导论
03528003, 7.8, 14, 卓有成效的社会管理
24756592, 7.2, 19, 领导力教练（原书第3版）
01391368, 7.6, 15, 创业管理
01068776, 8.2, 11, 规划・发现战略的力量
05327011, 8.0, 12, 数据、模型与决策
10573683, 7.6, 14, 资本主义的新精神
30162895, 5.6, 76, 华为人力资源管理
06427033, 7.7, 13, 第五项修炼变革篇（下）
26869316, 7.7, 13, 运营管理（原书第14版）
04087920, 7.3, 16, 成为美国海军陆战队员
26703833, 7.3, 16, 在组织中高效学习：如何把学习成果转化为工作绩效
30275756, 6.8, 22, MBA一日读2.0：一日之内学完知名商学院的全部课程
06427032, 7.5, 14, 第五项修炼变革篇（上）
27101743, 6.1, 39, 目标与关键成果法：盛行于硅谷创新公司的目标管理方法
26282059, 8.0, 11, 我的企业观
02267364, 8.1, 10, 铃木敏文的“统计心理学”
20283578, 6.9, 18, 打造一家好公司
01527828, 7.8, 11, 失败学
35018927, 7.3, 14, 零内耗：打造一支彼此信任的高效团队
26981858, 5.8, 45, 聪明人是怎样思考的
34853214, 5.8, 45, 组织革新
01283528, 7.8, 10, 消费者行为
26021867, 6.8, 17, 沃顿商学院创新课
26260009, 7.4, 12, 中国式带队伍
23938009, 7.2, 13, 供应链管理
01021557, 6.5, 20, 西方管理学名著提要
26314354, 7.1, 13, 办公室政治
21460687, 7.6, 10, 管理学
20108162, 7.2, 12, What You&#39;re Really Meant to Do
34833434, 5.4, 53, 保持饥渴
26942199, 7.3, 11, 老HRD手把手系列丛书：老HRD手把手教你做任职资格管理
26712514, 4.9, 104, 墨菲定律
03081808, 6.0, 24, 态度决定一切
19967334, 7.3, 10, 管理和你想的不一样
26985773, 6.8, 13, 人单合一管理学
27171484, 6.0, 23, 重塑增长：成本削减、重组和转型的战略指南
01726355, 6.2, 19, 行政管理学
26806972, 5.7, 30, 从零开始学开公司
01106852, 5.7, 25, 危机管理
34806771, 6.5, 11, 创新者的行动
01213876, 5.8, 17, 为什么我讨厌搭飞机
34787002, 5.1, 29, 特斯拉模式：从丰田主义到特斯拉主义，埃隆 · 马斯克的工业颠覆
25723394, 5.0, 14, IBM
34978538, 4.2, 31, 危机自救
01281555, 0.0, 10, 心经与现代管理
02796193, 0.0, 10, The External Control of Organizations
25913168, 0.0, 10, 领导统御智慧：中国式管理实践篇
26818601, 0.0, 10, 赫茨伯格的双因素理论（修订版）
10549582, 0.0, 11, 商业的直觉
24745486, 0.0, 11, 福列特论管理（珍藏版）
06810770, 0.0, 14, 听懂德鲁克
07067816, 0.0, 18, 从零开始学管理
20534585, 0.0, 21, 极简管理
