2020-07-05 16:00:14

number of books, tag name
213, 纯净

ID, rating, votes, title
01084336, 9.0, 576789, 小王子
01770782, 8.9, 647952, 追风筝的人
01200840, 9.0, 251399, 平凡的世界（全三部）
25862578, 8.5, 642248, 解忧杂货店
01361264, 9.0, 186406, 撒哈拉的故事
01023045, 8.7, 239557, 我们仨
01858513, 9.0, 135125, 月亮和六便士
01071241, 9.0, 131718, 哈利·波特与阿兹卡班的囚徒
01046209, 9.2, 88895, 安徒生童话故事集
01009257, 9.0, 126017, 哈利·波特与火焰杯
01039487, 8.9, 126756, 哈利·波特与密室
01254588, 9.0, 100388, 城南旧事
01007914, 8.7, 158691, 窗边的小豆豆
01017143, 8.5, 200887, 不能承受的生命之轻
01141406, 8.5, 186826, 简爱（英文全本）
01209899, 9.1, 59162, 我与地坛
01043008, 9.0, 69500, 格林童话全集
01064275, 8.4, 155633, 老人与海
03608208, 8.5, 120392, 牧羊少年奇幻之旅
01046265, 8.0, 317937, 挪威的森林
01045818, 8.5, 105807, 苏菲的世界
01080370, 8.6, 86194, 情书
04207781, 8.7, 62354, 孩子你慢慢来
01066462, 8.4, 103238, 向左走·向右走
01119522, 8.4, 102870, 呼啸山庄
01085470, 8.5, 80225, 海底两万里
26879778, 9.3, 20738, 杀死一只知更鸟
01051193, 8.6, 57880, 麦琪的礼物
01775691, 8.4, 81347, 少有人走的路
01011754, 8.9, 33452, 海子的诗
03554154, 8.9, 33158, 阿狸·梦之城堡
01082334, 8.1, 144826, 穆斯林的葬礼
01036274, 8.6, 51790, 夏洛的网
04188697, 9.0, 24791, 子不语 1-2
01052990, 9.0, 20407, 草房子
01865089, 8.4, 51684, 瓦尔登湖
04714734, 8.3, 60224, 这些都是你给我的爱
01433640, 9.3, 11921, 猜猜我有多爱你
10522856, 9.0, 17894, 冬牧场
01003078, 9.2, 12311, 小王子
01292416, 8.5, 36286, 香水
01803022, 9.0, 15959, 圣经
01529893, 8.0, 90410, 莲花
01033825, 8.8, 18700, 顾城的诗
04881850, 9.1, 11586, 阿勒泰的角落
04884218, 8.8, 17962, 我的阿勒泰
02340100, 8.0, 73639, 遇见未知的自己
01005521, 8.2, 46593, 伊豆的舞女
01021847, 8.5, 22885, 我的心中每天开出一朵花
02039931, 9.1, 8363, 小王子
01082518, 7.9, 59967, 麦田里的守望者
01049354, 8.6, 16376, 又寂寞又美好
10763902, 7.7, 87528, 偷影子的人
01452610, 9.2, 6664, 蟲師 (1)  アフタヌーンKC (255)
01041128, 8.6, 15195, 天蓝色的彼岸
01070441, 8.6, 13951, 月亮忘记了
01039752, 7.8, 57365, 且听风吟
01792668, 8.4, 17834, 苏东坡传
01367458, 8.4, 17310, 照相本子
03544376, 9.1, 5810, 顾城的诗 顾城的画
01026425, 7.4, 108286, 三重门
02243213, 7.8, 43029, 山楂树之恋
01439894, 8.7, 8299, CLOVER（VOL.1--4）
01069685, 8.6, 9506, 爱你就像爱生命
01318622, 8.7, 7602, 青铜葵花
03522695, 8.5, 9597, 瓦尔登湖
01318126, 8.4, 11067, 雪国
01044446, 8.7, 6788, 在黑暗的河流上
01069059, 8.1, 17458, 雪国
02082194, 8.2, 14360, 小时候
04049269, 9.5, 2412, 狐狸的窗户
01367964, 8.2, 14123, 布瓜的世界
01393218, 9.2, 3328, 大明宫词
01761056, 8.3, 11627, 蓝石头
01270150, 9.3, 2933, 风与树的歌
01227838, 7.6, 41229, 年华是无效信
01047138, 7.8, 26890, 少年维特的烦恼
01907739, 8.6, 6910, 当世界年纪还小的时候
01049189, 7.3, 73925, 1995-2005夏至未至
01791664, 8.7, 5802, 千江有水千江月
01024217, 7.4, 55654, 第一次的亲密接触
01045716, 8.7, 5607, 人生中不可不想的事
01417385, 9.0, 3544, 博尔赫斯诗选
01933931, 8.7, 4959, 沿着塞纳河到翡冷翠
01077778, 8.1, 11800, 爱的教育
01444077, 9.3, 2129, 汪曾祺小说经典
01764915, 8.4, 6489, I&#34;s
01471701, 8.8, 3369, 梦里花落知多少
01474343, 9.1, 2321, 手绢上的花田
01849409, 9.1, 2158, 易经
01073333, 8.8, 3110, 我的妈妈是精灵
01856285, 7.2, 47609, 人生若只如初见
01902628, 8.3, 5841, 空谷幽兰
01018482, 8.1, 7961, 汤姆・索亚历险记
01401795, 8.6, 3776, 时间的玫瑰
01152745, 9.1, 2018, 花香小镇
01023500, 7.6, 18591, 告别薇安
01085467, 8.9, 2469, 神秘岛
01318615, 8.5, 3576, 山羊不吃天堂草
01048441, 8.3, 4283, 透明的哀伤
01933695, 8.9, 1869, 小王子
01008732, 8.4, 3463, 失败之书
01910477, 8.9, 1828, 千秋一寸心
01285961, 8.4, 3430, 根鸟
01871913, 8.7, 2196, 人间草木
01007334, 7.1, 31166, 草样年华
01087758, 7.3, 19657, 花季雨季
01489164, 9.1, 1324, 直到花豆煮熟
01949105, 9.1, 1262, 柴王(06)
02340955, 7.5, 11126, 暖暖
01022783, 8.1, 3684, 用我一辈子去忘记
06525582, 9.3, 849, 城南旧事
01655362, 9.1, 1020, 小王子
01186209, 8.7, 1561, 张晓风经典作品
01781120, 7.8, 5272, 可不可以不要上班
01174192, 8.5, 1854, 瓦尔登湖
01039840, 7.6, 6526, 查特莱夫人的情人
01022702, 8.2, 2569, 小丫林晓梅
01806300, 8.9, 1035, 雪人
11588813, 8.6, 1418, 海上钢琴师
01987995, 8.2, 2283, 在云上
01505377, 8.5, 1319, 细米
01045486, 8.2, 1913, 小鬼鲁智胜
01029322, 8.9, 794, 小公主
01082899, 8.7, 984, 我的心遗留在爱琴海
01915945, 8.1, 1918, 6868，一起跷班去
01381504, 8.5, 1016, 鳳于九天之四興衰與共
01310023, 8.5, 953, 野风车
01044934, 7.9, 1905, 橙色女孩
01748073, 8.7, 632, 从你美丽的流域
01207424, 8.4, 769, 上海的金枝玉叶
20480834, 9.0, 413, 雨林精灵
26184644, 9.7, 218, Criterion Designs
01050091, 8.1, 991, 属于少年刘格诗的自白
01902601, 7.3, 3086, 岛（Vol.8）
30262582, 8.4, 664, 幻影书
01048496, 8.7, 468, 秘密花园
01199658, 8.5, 443, 有老鼠牌铅笔吗
11613687, 7.4, 1737, 我是爬行者小江
01073086, 8.2, 583, 偶遇
01290673, 8.0, 732, 十六岁少女 孤女俱乐部
01870381, 8.4, 442, 闲情偶拾
01465745, 8.7, 317, Kazuyo Sejima + Ryue Nishizawa
01066974, 8.3, 449, 茶经
01950434, 9.2, 192, 追風箏的孩子
01436773, 7.6, 938, 提笔就老：洁尘的女人书
01100385, 8.4, 364, 小妇人
01816147, 9.2, 155, 绿野仙踪
01050731, 8.1, 409, 十六岁少女
01023798, 8.4, 276, 一个女孩的心灵史
01430002, 8.1, 351, 妖精森林
01525173, 8.2, 304, 初恋
01040575, 8.8, 163, 教海鸥飞翔的猫
01119308, 8.1, 297, 小坡的生日
26989392, 9.4, 100, 瓦尔登湖
26150311, 8.3, 231, 沙乡年鉴
01870555, 8.0, 308, 人间深河
26766834, 8.9, 131, 第一次的亲密接触:痞子蔡完美彩插典藏版
01215253, 8.8, 124, 我有时是猪
01427526, 8.0, 230, 不老泉
01392921, 7.6, 274, 顾城：生如蚁美如神
01074192, 9.0, 80, 米切尔. 恩德作品集
05918946, 8.0, 176, 桂花雨
01464418, 8.5, 114, 琴恋
01915417, 8.5, 111, 桂花巷
01154473, 8.1, 154, 忍受快乐
01470213, 7.7, 222, 两个人的爱琴海
01433698, 7.2, 369, 得不到，已失去
20003693, 7.2, 347, 白狗秋千架
01062352, 7.9, 160, 人间烟火
01067127, 9.3, 55, 天涯猎户星
01729396, 8.6, 77, 盛夏微凉
01106083, 8.4, 84, 交换日记(5)
19894838, 7.4, 193, 恰同学少年
10456700, 7.7, 142, 长腿叔叔
01758344, 7.9, 106, 晾着女孩子裙子的阳台
10555482, 7.8, 112, 西藏的月光
26269980, 7.2, 202, 沒有您，就沒有我們
01223786, 8.8, 48, 加菲猫精华版.1
02050581, 8.7, 49, 我的甜橙树
01106169, 7.8, 93, 一沙一世界
01053357, 7.8, 89, 活着的一万零一条理由
01914088, 6.9, 220, 离魂衣
26736811, 8.0, 73, 爱尔兰咖啡:蔡智恒完美图文版
01102877, 7.8, 85, 一根燃烧尽了的绳子
01190570, 8.4, 53, 穷女孩心香和富女孩可人
01233323, 7.9, 74, 第11棵苹果树
01805007, 8.9, 36, 小王子
27048673, 9.3, 28, 瓦尔登湖
01313408, 8.3, 46, 秦文君花香文集：蔷薇卷
26766333, 8.5, 37, 孔雀森林:痞子蔡作品完美彩插典藏版
01820316, 6.3, 291, 坐着火车去西藏
26766773, 8.5, 34, 暖暖:痞子蔡作品完美彩插版
05350141, 7.7, 57, 私奔到巴黎
24859376, 8.5, 33, 纯净
04088395, 7.1, 77, 花亭鸟
01328014, 7.7, 43, 夜晚的顺序
26766347, 7.7, 43, 亦恕与珂雪:痞子蔡作品完美彩插典藏版
03665700, 8.7, 22, 黑头发妹妹
05341049, 7.6, 38, 请在秋天叫醒我
01082751, 7.5, 40, 小贵族
06443282, 6.7, 69, 二十七八岁，再不改变就晚了
26766848, 7.5, 35, 7-ELEVEN之恋:痞子蔡作品完美彩插典藏版
26766793, 8.6, 18, 蝙蝠:痞子蔡完美彩插典藏版
06383669, 8.4, 18, 张牧笛作品精选
02270869, 7.0, 43, 风
26766783, 8.1, 19, 回眸:痞子蔡完美彩插典藏版
26766788, 8.2, 18, 鲸鱼女孩 池塘男孩:痞子蔡完美彩插典藏版
01005482, 7.9, 19, 响自心灵的高音
06966445, 6.8, 37, 跟着《转山》去旅行
04715861, 7.4, 12, 罗伯特.帕丁森写真专辑
26835720, 5.2, 85, 暮光之城：暮色重生
03901038, 6.0, 27, 小妖的金色城堡
