2020-07-05 16:00:14

number of books, tag name
516, 纯文学

ID, rating, votes, title
01040211, 9.2, 92091, 福尔摩斯探案全集（上中下）
01254588, 9.0, 100388, 城南旧事
01017143, 8.5, 200887, 不能承受的生命之轻
01040771, 8.2, 206808, 达·芬奇密码
01046265, 8.0, 317937, 挪威的森林
01080370, 8.6, 86194, 情书
02159042, 8.5, 101243, 挪威的森林
01963684, 8.6, 69831, 半生缘
01855364, 9.2, 23986, 围城
04742918, 8.3, 111159, 1Q84 BOOK 1
01400705, 8.1, 134117, 情人
01213945, 9.6, 10844, 红楼梦
01401425, 8.3, 84772, 兄弟（上）
01863930, 8.8, 34012, 看不见的城市
01985223, 8.7, 37358, 倾城之恋
04885241, 8.4, 62834, 1Q84 BOOK 2
02035171, 9.0, 20029, 人生的枷锁
02068211, 9.3, 12326, 撒哈拉的故事
01292416, 8.5, 36286, 香水
01529893, 8.0, 90410, 莲花
03578470, 9.0, 15420, 德米安
01391191, 8.5, 32583, 京华烟云
01424741, 8.5, 28758, 心是孤独的猎手
02253380, 9.2, 9767, 安娜·卡列尼娜
02209098, 7.8, 90010, 致我们终将逝去的青春
02158161, 8.8, 13293, 世界尽头与冷酷仙境
25733470, 8.2, 35177, 没有色彩的多崎作和他的巡礼之年
01322455, 8.7, 14200, 遥远的救世主
10763902, 7.7, 87528, 偷影子的人
03598313, 7.9, 55931, 西决
24845582, 8.4, 19466, 群山回唱
01039752, 7.8, 57365, 且听风吟
03315879, 8.6, 13535, 恶童日记
01465324, 7.7, 67780, 洛丽塔
01031740, 8.2, 25257, 寻羊冒险记
02250587, 7.6, 82962, 一个人的好天气
01431870, 9.0, 6972, 源泉
01949679, 8.7, 10532, 素履之往
02244146, 8.1, 26924, 穆斯林的葬礼
04011440, 8.0, 31723, 最初的爱情 最后的仪式
01917972, 7.8, 45237, 在路上
03608235, 8.5, 12866, 失物之书
05988624, 8.2, 20692, 远山淡影
03326892, 8.6, 10509, 圣诞忆旧集
03259428, 8.6, 10506, 斜阳
01418058, 9.1, 5166, 小径分岔的花园
01917078, 8.6, 10191, 风之影
05366382, 8.8, 7442, 夜航西飞
03402999, 8.7, 7945, 到灯塔去
01292227, 8.8, 6813, 霍乱时期的爱情
01009393, 8.4, 12386, 在细雨中呼喊
02174010, 8.6, 8926, 舞！舞！舞！
03335362, 8.5, 10212, 大教堂
27104286, 8.4, 11896, 寂寞的游戏
03673651, 7.7, 39084, 岛
03673771, 9.0, 4670, 项塔兰
01039427, 9.0, 4630, 围城
02253402, 9.1, 4016, 罪与罚
01079440, 8.1, 17528, 遇到百分之百的女孩
01851385, 7.9, 25134, 我的名字叫红
01044446, 8.7, 6788, 在黑暗的河流上
05502995, 7.6, 44665, 1Q84 BOOK 3
01926700, 7.7, 35875, 关于莉莉周的一切
01848256, 8.0, 20103, 东京奇谭集
02213272, 9.4, 2578, 1984
02193877, 8.0, 18353, 你在天堂里遇见的五个人
01907739, 8.6, 6910, 当世界年纪还小的时候
01351678, 9.0, 3909, 夏宇詩集／Salsa
01400707, 8.1, 14545, 广岛之恋
01290398, 8.5, 7319, 白蛇
02161892, 8.5, 7126, 九故事
03769738, 8.7, 5081, 万火归一
26285194, 9.3, 2360, 故事新编
01394433, 8.4, 7352, 藍宇
02042629, 8.8, 3949, 九三年
02158192, 8.4, 6669, 寻羊冒险记
02295912, 9.0, 2955, 佩德罗·巴拉莫
03831788, 8.1, 9841, 逃离
01962124, 8.5, 5304, 东京塔
02165037, 8.8, 3514, 荒原狼
03246904, 8.1, 9152, 蒂凡尼的早餐
01019428, 8.0, 10750, 一九七三年的弹子球
01849791, 8.6, 4075, 铁皮鼓
02046977, 8.1, 8559, 我是猫
02302217, 8.6, 4070, 阿特拉斯耸耸肩（上下）
02336093, 7.8, 14193, 池袋西口公园
02010284, 8.1, 8445, 春风沉醉的晚上
01292359, 8.4, 5107, 相约星期二
01914572, 7.6, 19344, 誓鸟
01951384, 8.4, 4967, 郁金香
05363278, 8.4, 4796, 素履之往
02251691, 8.8, 2790, 弗兰妮与祖伊
01948922, 8.3, 5466, 面纱
01080687, 8.1, 7198, 厨房
01291199, 8.7, 2959, 过于喧嚣的孤独 底层的珍珠
03842847, 8.5, 3856, 深河
01906681, 8.8, 2462, 猎人们
01318615, 8.5, 3576, 山羊不吃天堂草
02228707, 8.9, 2098, 癌症楼
03578471, 8.8, 2288, 盖特露德
02243692, 7.8, 9623, 潜水钟与蝴蝶
02267630, 8.3, 4107, 凯尔特的薄暮
01285961, 8.4, 3430, 根鸟
05395157, 7.9, 7231, 小夜曲
01101607, 8.0, 5403, 列克星敦的幽灵
01780277, 8.7, 1987, 法兰西组曲
01283273, 7.3, 17771, 天黑以后
05366440, 8.6, 2011, 禁色
01319345, 7.6, 8813, 18岁给我一个姑娘
01876746, 8.3, 2849, 帷幕
01415226, 8.7, 1662, 奥兰多
03246230, 7.6, 8146, 鲤·嫉妒
02297786, 7.4, 11724, 北京，北京
26890281, 8.1, 3453, 漫长的中场休息
01455933, 7.5, 9078, 你好，忧愁
25724491, 8.2, 2946, 突然，响起一阵敲门声
02073481, 8.6, 1682, 城市与狗
02027002, 8.2, 2803, 对照记
03391242, 8.0, 3632, 爱的饥渴
02042638, 9.1, 912, 大师和玛加丽塔
01212152, 7.8, 4697, 萤
02250289, 7.9, 3823, 一个人不要怕
01427754, 8.9, 1020, 侏儒的话
01962885, 8.0, 3145, 山河入梦
01040126, 8.5, 1537, 洛丽塔
02283762, 8.4, 1708, 钟形罩
03091349, 7.3, 9147, 鲤·孤独
01320521, 8.9, 914, 一个陌生女人的来信
02124556, 8.3, 1782, 黑书
01854753, 7.5, 5890, 返祖
04038610, 8.1, 2285, 回归
01949121, 7.7, 4009, 白色城堡
03327495, 8.3, 1664, 万有引力之虹
01000323, 7.7, 3910, 电视人
02032117, 7.8, 3264, 纽约三部曲
05406558, 8.3, 1579, 到灯塔去
01321790, 8.1, 2049, 华氏451
02032561, 8.6, 1077, 红与黑
01949417, 8.2, 1728, 这就是纽约
01855425, 8.7, 944, 当代英雄
02280027, 7.6, 4048, 自杀俱乐部
01340498, 8.7, 899, 人都是要死的
01080812, 7.1, 9420, 红鞋
01281622, 7.5, 4385, 连环
03861531, 8.4, 1205, 荒野侦探
01292415, 7.7, 3112, 蜜月旅行
05403006, 7.7, 3095, 《文艺风象+文艺风赏》第一期合刊
03431637, 8.6, 931, 野棕榈
02027291, 8.3, 1310, 比我老的老头
03578472, 8.4, 1125, 罗斯哈尔德
04215678, 8.0, 1875, 我城
03427928, 8.8, 719, 契诃夫的一生
03759803, 7.9, 2125, 波多贝罗的女巫
05920821, 7.8, 2414, 我是猫
20435635, 8.6, 848, 里斯本夜车
24722916, 7.3, 5244, 如果一切重来
20437599, 8.1, 1499, 自杀
05408346, 8.7, 724, 九栋
01945004, 8.7, 702, 近距离
05341136, 8.0, 1565, 水仙已乘鲤鱼去
01851303, 8.3, 1066, 达马的语气
03091295, 8.6, 756, 盖普眼中的世界
01266422, 8.5, 840, 可怕的对称
02277795, 7.6, 2739, 邮差
05340646, 8.0, 1485, 十四岁
02213524, 9.3, 364, To Kill a Mockingbird
03989541, 7.2, 5029, 没有悲伤的城市
03672237, 7.1, 5811, 裂舌
02002992, 8.3, 954, 爱是不能忘记的还有勇气吗
02372015, 7.5, 2812, 不伦与南美
20444771, 8.7, 553, 血色子午线
02323413, 7.9, 1356, 查泰莱夫人的情人
05363264, 7.6, 1965, 被偷走的人
02084797, 7.8, 1425, 佛罗伦斯月光下
03242664, 7.7, 1608, 诉讼笔录
01040053, 9.2, 304, 中午的黑暗
02048616, 8.7, 469, 大卫·考坡菲
04719265, 8.6, 515, 逆天
01954594, 8.2, 746, 十二楼
24296281, 8.8, 394, 希望永远都在
01331512, 8.7, 423, 如梦记·石川啄木诗歌集
04709682, 8.6, 463, 绿林记
02356871, 7.0, 3931, 欢喜
20275657, 8.2, 683, 幸存者
25969353, 8.8, 362, 天鹅之死
03287883, 7.4, 1931, 糖
21690069, 8.3, 584, 幻世浮生
10608317, 8.5, 461, 夏日谎言
01309733, 8.2, 628, 莫瑞斯
02036576, 7.4, 1795, 看得见风景的房间
02221395, 8.2, 621, 经度
03169416, 8.7, 341, 黑塞画传
01377141, 8.3, 489, Fahrenheit 451
03276769, 7.7, 984, 孔雀森林
03312291, 8.2, 537, 凶年纪事
01945466, 9.4, 179, トーマの心臓
01962041, 8.1, 585, 破碎的四月
01393385, 8.9, 263, 铁皮鼓
02222182, 8.4, 403, 福
01948925, 8.1, 554, 魔法外套
03617479, 7.7, 896, 私酿
03348703, 7.9, 687, 耶路撒冷之鸽
05340645, 7.6, 1005, 十六岁
02327728, 8.4, 393, 踏着月光的行板
04260927, 8.0, 557, 鬼魅丹青
02082032, 7.8, 703, 巴登夏日
02259001, 7.7, 785, 阿姆斯特丹
01857446, 6.6, 4562, 碧奴
02005555, 9.3, 160, 茨威格中短篇小说选
02134572, 7.7, 761, 夏屋，以后
02311292, 8.0, 528, 读库0705
05441089, 8.5, 309, 垂直极限（上）
27083797, 8.9, 209, 不成问题的问题
02359197, 8.3, 352, 然而
02249411, 8.1, 434, 伊莎贝尔
02226288, 7.3, 1194, 蚁生
05442028, 8.7, 237, 垂直极限（下）
02220782, 7.7, 670, 千万别丢下我
02075641, 8.3, 339, 《堂吉诃德》讲稿
01425031, 8.8, 212, 逝川
01216643, 8.2, 371, 遇到百分之百的女孩（精装本）
01768458, 8.9, 184, 人生拼图版
02301012, 7.7, 607, 一个岛的可能性
26787937, 7.7, 585, 天上再见
06784958, 8.5, 249, 偶遇
24758483, 8.1, 361, 漫长的告白
01853457, 7.9, 444, 美元硬过人民币
02310605, 7.3, 948, 暧昧纯友谊
03160835, 7.8, 490, 从街角数起的第二棵树
03094726, 8.3, 283, 大卫·格德尔 舞会
01585889, 8.7, 195, 蓝山
21263654, 8.3, 274, 此景
03080521, 7.6, 587, 浮世畸零人
03772863, 8.3, 266, 兔年
02161688, 7.7, 500, 巨人传
19967333, 8.1, 310, 美丽的青春
03369608, 7.6, 542, 女人，房子，一部小说
24839438, 9.1, 129, 告诉狼们我回家了
03287260, 8.8, 160, 这原是老酋长的国度
02079177, 8.4, 224, 爱伦·坡短篇小说集
24871492, 8.2, 262, 绕颈之物
03710671, 8.2, 260, 冷皮
04097184, 8.1, 280, 失窃的孩子
24859827, 8.6, 175, 羽毛人
03287549, 7.4, 619, 南方的海
01321787, 7.3, 701, 穿裘皮大衣的维纳斯
02156127, 9.2, 109, 帝国瀑布
05907519, 7.7, 408, 放浪记
24899757, 8.6, 160, 舞者
01264228, 8.0, 278, 白鲸
05388848, 7.9, 308, 簪花的少年郎
01950235, 8.1, 250, 我母亲的自传
01395761, 9.0, 116, 德富芦花散文选
03217622, 8.4, 184, 万灵节
24851836, 8.2, 215, 回家的路
01029375, 8.1, 236, 纪实和虚构
03144509, 7.5, 448, 白牙
01055631, 8.1, 231, 饥饿的女儿
02285007, 8.8, 124, 下午茶
02038354, 8.9, 115, 你往何处去
02244645, 7.9, 275, 孤独之酒
06863339, 8.0, 246, 梦见街
05407560, 7.9, 262, 开往伊斯坦布尔的最后列车
26926159, 8.0, 232, 慢慢学
24870336, 8.7, 124, 奔腾年代
03659826, 7.7, 313, 天堂里的小提琴
03078146, 9.0, 99, 波族传奇
06742525, 8.1, 206, 卡夫卡中短篇小说集
01327915, 8.2, 187, 白银那
03243922, 8.1, 204, 秋之蝇  库里洛夫事件
03673640, 7.2, 548, 瓦地的小号
05353677, 9.1, 89, 欧.亨利短篇小说精选
25704584, 7.4, 422, 阿莱夫
03268127, 8.3, 165, 印度之行
03272471, 8.4, 149, 茨威格散文
24871668, 8.8, 108, 转吧，这伟大的世界
02309183, 9.0, 93, 六角丛书（第十一辑）
06100687, 8.2, 174, 你在高原
05606376, 7.4, 403, 物理属于相爱的人
24872494, 7.9, 231, 巴黎永无止境
23059961, 9.3, 75, 天启
21334460, 7.7, 281, 彼时此时
03814940, 8.1, 186, 乐透彩
02132087, 8.5, 131, 笑忘录
20267983, 8.1, 173, 夏夜里的人们
26848788, 7.5, 314, 化身
20278216, 8.1, 168, 你不在的时候
01319925, 8.2, 153, 格林威治子午线
02298237, 7.9, 199, 玛拉和丹恩历险记
03746931, 9.2, 70, 先秦诗选
02227328, 7.9, 191, 有病的情诗
02971696, 7.6, 260, 丽姬娅-世界哥特小说选
03413773, 7.7, 229, 士兵如何修理留声机
27131536, 8.2, 141, 最漫长的旅程
03753878, 7.2, 401, 恋人版中英词典
01930514, 8.7, 91, 死于合唱
03274306, 8.1, 147, 非洲的笑声
02027112, 8.3, 122, ひとり日和
01312541, 6.5, 1056, 红楼望月
06893861, 8.2, 130, 古老的法兰西
03147496, 7.3, 323, 旅行，旅行去
04018960, 7.7, 207, 对镜成三人
24871663, 7.6, 228, 时光匆匆老去
27186876, 8.1, 140, 青面鱼
03684929, 8.3, 116, 怀念声名狼藉的日子
25752975, 8.4, 107, 佩里戈尔的媒人
24528310, 7.3, 307, 失落的秘境
04028116, 7.4, 271, 垂直之旅
21957187, 7.7, 196, 知更鸟
02260940, 7.6, 217, 图书馆之恋
01032121, 9.2, 59, 杜甫全集
03071975, 8.4, 101, 童年的许诺
03530868, 7.3, 290, 恐怖分子
03622818, 8.0, 140, 美声
04051240, 7.6, 201, 霍华德庄园
02051503, 9.0, 64, 心
02381210, 7.6, 200, 啼笑因缘
02222357, 7.7, 178, 幽暗之地
05290404, 7.7, 177, 听说每颗星都会寂寞
03689140, 7.6, 195, 葡萄牙修女的情书
03622596, 7.7, 176, 每况愈下
01204198, 8.7, 76, 一个人的遭遇
04940843, 7.9, 144, 阳光之城
03142155, 7.3, 267, 邪恶之路
11511201, 8.0, 130, 印度，总有人在那里等你去寻找
25806531, 7.8, 156, 情侣手记
03071507, 7.8, 155, 亚拉巴马之歌
01429802, 7.8, 154, 崩溃
24851815, 8.2, 108, 滨河街公寓
02003636, 7.6, 184, 猎物
25280708, 8.1, 115, 单位
03633829, 8.5, 82, 情人
25718885, 8.5, 81, 诱惑者
20488772, 7.3, 241, 游击队员
03339324, 7.4, 215, 聚会
03080012, 8.2, 101, 施蒂勒
02057353, 7.7, 157, 读品2006
10770532, 7.4, 213, 下一次
26856369, 7.7, 152, 美丽与哀愁·蒲公英
21735010, 7.7, 151, 美，始于怀念
03070552, 7.3, 229, 加百列的礼物
21690240, 7.3, 229, 人体
10581206, 8.4, 83, 再见，美丽堡
01742142, 8.5, 76, 妇女乐园
03553660, 7.7, 147, 除了幽灵
07160845, 7.9, 121, 爱情、疯狂和死亡的故事
03321615, 7.6, 155, 无法企及
04051245, 8.0, 107, 最漫长的旅程
24871611, 8.1, 98, 歌犬
26380073, 7.4, 188, 三人成宴
01212300, 7.6, 153, 化妆（全两册）
19929596, 8.0, 106, 最明净的地区
02080014, 9.2, 45, 黛依丝
03419973, 7.5, 164, 来不及穿的8号鞋
03333782, 8.3, 81, 越狱
02078393, 8.1, 92, 欧·亨利幽默小说选
01459979, 8.5, 66, 问题的核心
01931330, 8.9, 50, 静静的顿河（上下）
05263502, 7.7, 121, 小毛驴之歌
24741557, 8.1, 85, 月亮的阴面
03136117, 7.8, 108, 奇迹之城
03779298, 7.3, 175, 小孩子
03259454, 7.7, 117, 人民公仆
03329967, 7.5, 138, 证词
01134700, 8.7, 53, 幸福鬼魂手记
03287246, 7.9, 94, 抟日记
20275741, 7.6, 120, 完美的侍者
01426069, 8.3, 66, 狗年月
20513015, 8.3, 66, 泪水河
25732872, 8.1, 76, 灯塔里的陌生女孩
03621124, 6.7, 318, 灾难物理学奇事
21329811, 7.2, 170, 长夜将尽
24859086, 8.3, 64, 有朝一日 你我互诉衷肠
24859378, 7.9, 87, 无限
01519295, 8.6, 52, 叶甫盖尼•奥涅金 (平装)
24851830, 8.5, 55, 另一种生活
03278866, 7.1, 186, 身体
26951579, 7.6, 111, 天漏邑
03719348, 7.4, 134, 确然书
24845604, 8.4, 58, 像风一样疯
25718882, 7.4, 132, 灵魂之伤
01288740, 6.9, 228, 白雪公主后传
05341064, 6.6, 326, 作品第一号
01853615, 7.9, 80, 现代地狱纪游
03575310, 8.7, 45, 诗集
03870945, 7.9, 79, 风暴眼
03684930, 8.1, 67, 三寸金莲·男人的一半是女人
02256188, 7.3, 135, 大进军
21334478, 8.0, 72, 家庭絮语
05401974, 8.3, 57, 德·尼罗的游戏
01920375, 9.2, 33, Waterland
11632946, 7.9, 76, 谜情书
20269357, 8.5, 48, 天堂鸟
27194482, 7.8, 80, 上帝鸟
24760800, 8.0, 65, 亚特兰蒂斯
02133272, 8.1, 58, 不死的纯文学
03067918, 8.7, 39, 白雪的墓园
03339297, 7.7, 78, 幽灵
03294650, 7.1, 136, 再见，海明威
01272849, 7.8, 71, 蟹行
03684932, 8.9, 34, 病相报告·从两个蛋开始
24853139, 7.6, 83, 白日的诞生
01987651, 7.8, 70, 思凡
22606910, 7.6, 82, 金苹果
03717174, 8.1, 55, 万物有灵
03783319, 7.3, 106, 天堂主题公园
03313328, 6.9, 160, 空床日记
02138437, 8.2, 50, 庸见词典
03523037, 7.9, 62, 情系撒哈拉
03928714, 7.9, 62, 污船
20281346, 7.5, 84, 暴风雪
24871970, 6.7, 195, 寻找马洛里
01456697, 8.0, 56, 沒人寫信給上校
03058300, 8.2, 48, 蒙梭罗夫人
10738209, 7.3, 99, 萨巫颂
24866010, 7.8, 63, 地下室狗头
01274888, 8.4, 40, 味水軒日記
03320591, 7.3, 91, 三四五区间的联姻
24708489, 7.5, 75, 桥
01941759, 8.3, 40, 托马斯·沃尔夫短篇小说选
03239537, 7.0, 115, 关于美
01829621, 8.3, 38, 欧洲教育
19963462, 8.1, 43, 来自巴格达的尤利西斯
19964281, 7.1, 97, 阁楼上的狐狸
24834582, 7.5, 67, 祈愿者
24859343, 7.9, 49, 罗马女人
10788142, 8.8, 28, 梅里美中短篇小说选
03284331, 7.4, 72, 玛莎·奎斯特
24882294, 7.1, 95, 夜深时分
01061692, 8.0, 44, 斯通家史札记
02975934, 7.6, 59, 红色巴西
01309737, 7.5, 64, 风雨术士：巴尔萨莫男爵（上、下）
25767124, 8.0, 43, 爱的宝藏
03433162, 7.6, 57, 午间女人
03433157, 7.3, 70, 曲终人散
07175436, 7.4, 63, 寻金者
24741563, 7.2, 75, 厨子
25728730, 8.2, 35, 女性时代
24872496, 6.9, 100, 迷狂
04008889, 6.1, 277, 书中谜
01076736, 8.5, 29, 霍桑小说全集（全四册）
03112654, 6.6, 138, 空房间
03654652, 7.0, 89, 林中城堡
25725502, 7.9, 42, 黑曼巴男孩
03260656, 8.3, 32, 沙女
03339312, 7.4, 59, 雅典娜
10774756, 7.3, 63, 牧羊人的孙女
03196474, 7.3, 60, 神秘的河流
22994267, 8.0, 35, 梦想继承人
03324161, 7.5, 48, 风暴的余波
02331669, 7.1, 67, 曾经深爱过
01079953, 8.3, 28, 夏娃的女儿
03433155, 7.2, 59, 我脸上的秘密
20375635, 7.3, 52, 女童
02287404, 7.7, 38, 一个关于我父亲的谎言
20502624, 8.0, 31, 霞光灿烂的早晨
23780531, 7.6, 40, 我从未许诺你一座玫瑰园
24722921, 7.3, 50, 西西里岛的守望
02007083, 6.8, 77, 南方的寡妇
24700112, 6.9, 69, 小说
20400002, 7.6, 38, 唯愿你在此
25038793, 7.6, 38, 路
02303150, 6.8, 74, 伊人，伊人
03339303, 7.7, 35, 分
24873263, 6.7, 79, 去往西伯利亚
01129199, 7.7, 34, 管你爱不爱
25712283, 7.9, 29, 门在楼梯口
03582469, 8.2, 24, 你不能再回家
24871644, 7.0, 56, 小世界
20435374, 7.1, 51, 救生艇
04006786, 6.8, 67, 阴差阳错
03458818, 9.0, 16, 啊 少男少女
05353894, 7.5, 36, 爱在列宁格勒
27106785, 7.1, 47, 情书里的民国
10554693, 6.7, 66, 如果我忘记你，巴格达
03260275, 6.4, 90, 丝之谜
03928716, 7.8, 26, 杰作
24847392, 7.3, 36, 那两个女孩
10482557, 7.4, 33, 时光的旅人
24838898, 8.0, 22, 爱的回忆
20471624, 7.4, 31, 圣地事件
01128823, 7.8, 23, 最新先锋诗论选
02973331, 8.3, 17, 梅尔尼茨
05341142, 6.9, 37, 从集市上来
03111275, 7.3, 27, 菲利普斯堡的婚事
25782300, 7.6, 22, 形影不离
11600024, 6.8, 38, 马拉松大盗
01949599, 8.4, 14, 苏格兰人的书
02059315, 7.1, 27, 我的光辉生涯
03522796, 7.1, 26, 你身体的印痕
03086462, 6.9, 30, 风吹浮世
01394107, 7.3, 22, 明朝书生
11605553, 6.8, 31, 后裔
03022310, 6.5, 38, 克里斯蒂娜的囚徒
01961360, 8.1, 13, 小酒店
06991364, 7.2, 21, 香甜的毒药
10732125, 7.0, 24, 叹息桥
25746895, 6.9, 25, 平静的骚动
03529346, 7.4, 18, 安宁
01854265, 7.7, 15, 人生舞台
03258548, 6.6, 31, 偷窃
03433169, 6.5, 33, 别了，那道风景
20281343, 7.3, 18, 骗局的辉煌落幕
24877022, 6.4, 33, 大唐才女鱼玄机
25729040, 7.5, 14, 上海远在何方
03776877, 7.7, 11, 完美的已婚女人
03398143, 6.3, 23, 壅域之中
21347635, 6.0, 25, 简单的故事
01546062, 6.7, 13, 选择
21957347, 6.3, 17, 新十日谈
10605855, 6.5, 12, 主仆美国历险记
03397141, 5.5, 19, 维也纳一家人
06109429, 0.0, 10, 美国刺客
25770502, 0.0, 10, 异乡变形记
24846378, 0.0, 16, 鳖有洞天
20282518, 0.0, 17, 依然·爱
