2020-07-05 16:00:14

number of books, tag name
115, 经济学读物

ID, rating, votes, title
03576486, 9.1, 31099, 小狗钱钱
01970428, 8.8, 28882, 激荡三十年（上）
01813841, 8.7, 32091, 枪炮、病菌与钢铁
01033778, 8.3, 58355, 富爸爸，穷爸爸
03719533, 9.4, 9787, 经济学原理
02380307, 8.8, 17228, 激荡三十年（下）
05346110, 8.9, 11551, 穷查理宝典
01077528, 8.8, 12562, 通往奴役之路
03151575, 8.6, 10522, 激荡三十年
03291111, 8.5, 11107, 富爸爸穷爸爸
04929844, 8.3, 13251, 怪诞行为学
01958714, 8.7, 6266, 彼得·林奇的成功投资
03223711, 8.1, 14880, 怪诞行为学
01869144, 9.1, 3173, 经济学原理（第4版）
06403593, 8.6, 3630, 时寒冰说
01919072, 7.7, 12064, 长尾理论
01874488, 8.1, 6012, 别做正常的傻瓜
01021056, 7.1, 37960, 谁动了我的奶酪？
10733032, 8.3, 4127, 王二的经济学故事
04243770, 8.5, 2815, 创新者的窘境
01045862, 8.4, 3179, 第五项修炼
06743298, 8.8, 1734, 经济为什么会崩溃
03025921, 7.7, 8383, 黑天鹅
01473250, 7.6, 9980, 魔鬼经济学
26897464, 8.0, 5101, 小岛经济学
01139881, 8.7, 1589, 微观经济学
01082512, 8.8, 1373, 公司理财
01084435, 8.4, 2177, 策略思维
01972412, 8.1, 3182, 说谎者的扑克牌
21966353, 7.6, 6794, 贫穷的本质
03043970, 8.4, 2001, 漫步华尔街
01159949, 7.8, 3993, 杰克·韦尔奇自传
25871778, 8.4, 1584, 数据之巅
01420638, 8.4, 1543, 投资学
21329758, 8.8, 960, 博弈与社会
04010185, 8.0, 2353, 哪来的天才？
26604224, 8.9, 751, 经济学的思维方式
06429781, 9.0, 669, 诡辩与真相
05378548, 8.3, 1462, 一沙一世界
01464442, 7.6, 3969, 道路与梦想
10544307, 8.5, 1107, 自私的皮球
01077497, 7.2, 7525, 水煮三国
10570587, 7.3, 5992, 就想开间小小咖啡馆
01435909, 8.6, 906, 竞争战略
01031634, 7.9, 1915, 富爸爸投资指南
26374036, 8.2, 1283, 一课经济学
01962687, 8.2, 1144, 随机致富的傻瓜
10799984, 7.4, 3480, 大数据
05447147, 7.4, 2856, 货币战争3
01923472, 8.4, 736, 大投机家
04243135, 7.3, 3336, 别告诉我你懂PPT
01082923, 8.3, 754, 别做正常的傻瓜
01055258, 8.4, 617, 经济解释
26583357, 8.0, 887, 理性乐观派
06952770, 8.6, 435, 第一本经济学
02301436, 7.9, 835, 不顾诸神
26924324, 8.6, 372, 天才的回声
05335800, 8.2, 546, 吾意独怜才
03348742, 7.3, 1601, 牛奶可乐经济学2
10566136, 8.0, 611, 大拐点
01837823, 7.6, 1008, 卧底经济学
06392133, 8.3, 417, 国富论 （上下册）
26617517, 8.5, 333, 经济学原理
26866034, 7.6, 925, 菜场经济学
02253697, 7.6, 898, M型社会
04241667, 7.9, 555, 足球经济学
02977509, 7.7, 699, 有钱人想的和你不一样
01968264, 7.4, 999, 卖竹竿的小贩为什么不会倒？
03824134, 7.4, 979, 动物精神
01484425, 7.6, 743, 囚徒的困境
04137490, 7.5, 821, 牛角包一样的会计
26981031, 8.9, 174, 经济学规则
26884338, 8.3, 279, 资本社会的17个矛盾
26327897, 8.1, 331, 压力测试
04034141, 7.0, 1263, 抠门兔的精致生活
01861805, 7.3, 803, 世界是平的
10484709, 8.0, 307, 让顾客自己来定价
01057378, 7.7, 424, 非同寻常的大众幻想与群众性癫狂
04886251, 7.2, 796, 哈佛经济学笔记
02363744, 6.4, 2969, 在星巴克要买大杯咖啡！
03823102, 9.0, 109, 国富论
02147557, 7.2, 465, 富人的28个理财习惯
04319412, 7.9, 180, 金融幻象
01440229, 7.7, 212, 下一个大泡泡
01874444, 8.9, 73, A Primer in Game Theory
06519849, 7.1, 381, 一切皆有价
02567247, 6.6, 784, 性越多越安全
03033313, 6.9, 440, 女人的艺术
04277687, 6.6, 638, 职场潜伏心理学
02381063, 7.1, 304, 即将来临的经济崩溃
06742758, 6.8, 368, 在星巴克要买大杯咖啡
03567623, 8.2, 85, 大萧条与罗斯福新政（1932～1941）
04821383, 6.9, 313, 直觉
03030856, 7.2, 169, 为什么不向美丽征税
01931531, 8.8, 41, Trading for a Living
02003678, 6.4, 380, 一生的理财计划
27604192, 7.0, 130, 海盗经济学
07060422, 6.7, 133, 信仰
25710759, 7.0, 90, 优衣库这样卖衣服
01146006, 7.8, 41, 民富论
02678398, 7.2, 54, 图解巴菲特投资策略
01008424, 7.3, 46, 华尔街股市投资经典
03132018, 6.9, 63, 走进经济学
01018718, 7.6, 35, 经济学的困惑与悖论
01013391, 7.7, 29, 影响历史的商业七巨头
03055176, 7.9, 24, 莱茵模式
01870266, 6.3, 76, 在餐厅遇见巴菲特
03585291, 5.3, 184, 花小钱过优越生活
34460154, 7.2, 20, 经济学江湖事
03194898, 6.6, 31, 美元的衰落
02029874, 7.3, 14, 吃遍世界看經濟
01057813, 6.7, 20, 撬开富翁的嘴
27624220, 7.8, 10, 创造性破坏
01140276, 7.2, 10, 诠释诺贝尔经济学大师的智慧
02301379, 6.0, 12, 世博解码
