2020-07-05 16:00:14

number of books, tag name
981, 经济

ID, rating, votes, title
03576486, 9.1, 31099, 小狗钱钱
06709783, 9.0, 26433, 浪潮之巅
01970428, 8.8, 28882, 激荡三十年（上）
01786387, 8.6, 39608, 影响力
01033778, 8.3, 58355, 富爸爸，穷爸爸
01028842, 9.1, 15426, 经济学原理（上下）
03719533, 9.4, 9787, 经济学原理
02380307, 8.8, 17228, 激荡三十年（下）
10583099, 9.1, 10628, 全球通史
05346110, 8.9, 11551, 穷查理宝典
01077528, 8.8, 12562, 通往奴役之路
01261560, 9.0, 9207, 国富论
01322455, 8.7, 14200, 遥远的救世主
27608239, 8.4, 22261, 原则
03719531, 9.3, 4979, 经济学原理
01095634, 8.7, 11111, 小狗钱钱
03151575, 8.6, 10522, 激荡三十年
01325507, 9.0, 5558, 江村经济
03291111, 8.5, 11107, 富爸爸穷爸爸
26435630, 9.6, 2547, 经济学原理(第7版)
26824237, 8.8, 6501, 大国大城
05243775, 8.9, 5443, 聪明的投资者
04929844, 8.3, 13251, 怪诞行为学
03432304, 8.9, 5314, 大江东去（共三部）
01072438, 8.3, 12583, 大败局
25926542, 8.9, 5179, 一本书读懂财报
01220853, 8.3, 12200, 伟大的博弈
26831789, 8.7, 6450, 穷查理宝典
10785583, 8.2, 13620, 思考，快与慢
25881102, 8.8, 5477, 独裁者手册
27179563, 8.3, 11480, 激荡十年，水大鱼大
01958714, 8.7, 6266, 彼得·林奇的成功投资
26163553, 8.7, 6075, 投资中最简单的事
30280804, 8.4, 9207, 薛兆丰经济学讲义
24851460, 8.6, 6800, 历代经济变革得失
03223711, 8.1, 14880, 怪诞行为学
26061406, 9.1, 3409, 小狗钱钱
11530078, 9.6, 1899, 经济学原理
27599025, 8.9, 4147, 激荡三十年
01150503, 9.2, 2824, 资本论（第一卷）
01006560, 8.2, 10934, 血酬定律
01087737, 8.9, 3944, 日本蜡烛图技术
02064450, 8.5, 6815, 大败局Ⅱ
33379779, 8.3, 8757, 美国陷阱
25918895, 8.9, 3705, 大江东去
02791877, 9.2, 2394, One Billion Customers
26306686, 8.3, 7928, 创业维艰
20395460, 9.2, 2301, 江村经济
10799082, 8.7, 4226, 投资最重要的事
02025235, 9.1, 2524, 顾准文集
27094706, 8.7, 4183, 财富自由之路
04010186, 8.6, 4773, 跌荡一百年（下）
27007549, 8.4, 6358, 中央帝国的财政密码
03313327, 8.6, 4476, 跌荡一百年（上）
01089991, 9.1, 2318, 期货市场技术分析
01313124, 8.2, 7381, 赢
26929955, 7.8, 14297, 腾讯传
25782902, 8.1, 8361, 反脆弱
01116367, 8.8, 3060, 道德情操论
26297606, 7.5, 24550, 从0到1
26658379, 8.4, 5180, 必然
20366370, 8.7, 3409, 变革中国
01182173, 8.9, 2634, 炒股的智慧
01070007, 8.8, 2953, 致命的自负
01252057, 9.0, 2275, 1844年经济学哲学手稿
02081876, 7.2, 43595, 货币战争
25747852, 8.9, 2553, 世界上最简单的会计书
27204860, 8.3, 5650, 指数基金投资指南
26388289, 9.6, 1160, 经济学原理(第7版)
02983683, 9.3, 1533, 经济学
26290085, 8.7, 3085, 手把手教你读财报
25968115, 8.9, 2347, 激荡三十年：中国企业1978~2008. 上
03891900, 7.9, 9821, 金融的逻辑
06974582, 8.8, 2622, 股票作手回忆录
10945606, 8.3, 4996, 精益创业
05921213, 8.4, 4250, MBA教不了的创富课
30242320, 8.3, 4897, 薛兆丰经济学讲义
05421787, 8.0, 7782, 定位
03055719, 8.7, 2809, 经济学的思维方式（第11版）
05382213, 8.8, 2446, 股票大作手回忆录
03000997, 7.5, 18357, 牛奶可乐经济学
04827219, 9.1, 1683, 彼得·林奇的成功投资
20394150, 8.9, 2081, 八次危机
01919072, 7.7, 12064, 长尾理论
26270679, 8.1, 6093, 零售的哲学
01867642, 7.6, 14223, 世界是平的
11530079, 9.6, 961, 经济学原理
01874488, 8.1, 6012, 别做正常的傻瓜
01021056, 7.1, 37960, 谁动了我的奶酪？
02118743, 8.6, 2762, 银元时代生活史
10733032, 8.3, 4127, 王二的经济学故事
01281898, 8.8, 2095, 宏观经济学
02005726, 8.8, 2072, 货币金融学
05939751, 9.2, 1307, 货币金融学
06980818, 8.6, 2540, 浩荡两千年
04012143, 8.6, 2495, 伟大的博弈
25816940, 8.5, 2824, 富爸爸穷爸爸（最新修订版）
04243276, 9.3, 1107, 田园诗与狂想曲
04243770, 8.5, 2815, 创新者的窘境
03225979, 8.4, 3203, 一课经济学
03097539, 8.9, 1665, 自由选择
01013378, 8.8, 1843, 证券分析
02150432, 9.1, 1277, 韦伯作品集Ⅻ:新教伦理与资本主义精神
11626951, 8.8, 1761, 解读中国经济
02051332, 8.3, 3309, 解读基金
06743298, 8.8, 1734, 经济为什么会崩溃
03025921, 7.7, 8383, 黑天鹅
01728725, 9.0, 1375, 股市真规则
01473250, 7.6, 9980, 魔鬼经济学
26897464, 8.0, 5101, 小岛经济学
05297291, 8.4, 2849, 大而不倒
25969067, 8.9, 1529, 激荡三十年：中国企业1978~2008. 下
01424955, 9.0, 1335, 卓有成效的管理者 （中英文双语典藏版）
24092345, 9.1, 1190, 证券分析
01059769, 8.0, 4900, 从优秀到卓越
01004118, 8.1, 4182, 富爸爸财务自由之路
26582558, 8.0, 4864, 经济学通识
10441759, 9.4, 868, 公司理财
05921785, 8.8, 1638, 乱世华尔街
04208757, 8.9, 1455, 穷查理宝典
22806583, 8.7, 1839, 国家的常识
06854525, 7.9, 5594, 黑天鹅
10773362, 8.1, 4095, 随机漫步的傻瓜
04249967, 8.0, 4751, 财务自由之路
04860448, 9.0, 1287, 经济解释卷一： 科学说需求 （神州增订版）
01058131, 8.4, 2603, 金融炼金术
30486499, 8.7, 1760, 债务危机
21325858, 8.8, 1557, 文明的冲突
06718487, 8.4, 2515, 商业模式新生代
30411849, 8.6, 1917, 棉花帝国
01005813, 9.1, 1080, 自由秩序原理
25717107, 8.8, 1485, 红色资本
01755153, 8.7, 1582, 微观经济学
02189613, 8.4, 2298, 战胜华尔街
10485011, 8.9, 1220, 穷查理宝典
01137246, 8.7, 1533, 就业、利息和货币通论
01046164, 8.2, 2898, 巴菲特致股东的信
03725829, 8.8, 1347, 国富论
01084435, 8.4, 2177, 策略思维
30164963, 9.1, 961, 巴菲特致股东的信
05408886, 8.3, 2437, 大空头
24325274, 8.7, 1461, 海龟交易法则
01972412, 8.1, 3182, 说谎者的扑克牌
26314063, 7.9, 4231, 斯坦福极简经济学
03900987, 7.6, 6816, 引爆点
21966353, 7.6, 6794, 贫穷的本质
06913343, 8.3, 2302, 理性乐观派
20272113, 8.5, 1777, 逃不开的经济周期
05253757, 7.8, 4738, 怪诞行为学2
03043970, 8.4, 2001, 漫步华尔街
01089142, 8.4, 1988, 消费社会
06557288, 8.9, 1097, 聪明的投资者
01499783, 8.3, 2254, 将心注入
01227019, 8.4, 1972, 伟大的博弈
02304817, 8.6, 1529, 资本论
10439662, 8.9, 1084, 货币的教训
04225644, 8.6, 1523, 街头生意经
06508275, 8.7, 1329, 大败局Ⅱ
03164123, 8.2, 2430, 巴菲特传
26746460, 8.9, 1030, 让数字说话
03816827, 8.2, 2387, 沸腾十五年
01109350, 9.2, 745, 国民财富的性质和原因的研究（上卷）
27104764, 8.3, 2069, 经济学通识课
26178426, 7.5, 6939, 稀缺
26388291, 9.3, 660, 经济学原理(第7版)
26335181, 8.5, 1567, 巴菲特之道
26314955, 8.7, 1228, 创新公司
04100680, 8.5, 1551, 巴菲特的护城河
05914475, 7.9, 3496, 无价
26985299, 8.2, 2269, 小岛经济学
27153484, 8.4, 1744, 富爸爸穷爸爸
02335844, 9.1, 789, Margin of Safety
01812833, 8.7, 1204, 穷人的银行家
03291970, 8.0, 2937, 滚雪球（上）
06438293, 8.8, 1064, 富爸爸 穷爸爸（财商教育版）
06556296, 8.3, 1917, 亚洲教父
06822683, 8.9, 940, 朱镕基讲话实录 第一卷
26697774, 8.4, 1665, “错误”的行为
25902226, 8.2, 2154, 时寒冰说：未来二十年，经济大趋势（现实篇）
04953707, 8.1, 2469, 门口的野蛮人
04020854, 9.0, 832, 管理的实践
10510736, 8.8, 1026, 经济学的思维方式（修订第12版）
03107581, 9.0, 821, 史丹·温斯坦称傲牛熊市的秘密
34952676, 8.3, 1840, 苏世民：我的经验与教训
01007459, 8.5, 1432, 怎样选择成长股
01196945, 8.4, 1613, 集体行动的逻辑
02079931, 8.8, 1001, 大转型
21964791, 8.4, 1585, 两次全球大危机的比较研究
01047370, 8.5, 1394, 拉丁美洲被切开的血管
04244859, 8.4, 1567, 超越金融
10587755, 9.3, 591, 以利为利
01047001, 8.1, 2313, 资本主义与二十一世纪
05914480, 8.7, 1089, 富可敌国
04216944, 8.8, 960, 卖轮子
21329758, 8.8, 960, 博弈与社会
04238939, 8.1, 2253, 吴敬琏传
20473412, 7.9, 2953, 品牌洗脑
30416923, 9.0, 760, 价值投资实战手册
23780847, 8.8, 934, 民企江湖
02048893, 7.8, 3384, 财报就像一本故事书
01084434, 9.0, 754, 以自由看待发展
01443638, 9.1, 676, 自由宪章
26756140, 8.7, 1025, 行动的勇气
27053704, 9.1, 672, 渐行渐近的金融周期
03376690, 8.3, 1645, 中国怎么办
27120243, 9.3, 550, 转型中的地方政府
04124834, 8.6, 1126, 冬吴相对论
03292060, 8.1, 2102, 滚雪球（下）
27039312, 8.6, 1120, 艰难的制造
01043419, 8.8, 895, 自由与繁荣的国度
26806801, 9.2, 596, 告别百年激进
11589950, 7.7, 3748, 沃顿商学院最受欢迎的谈判课
30357931, 8.1, 2080, 智能商业
23789345, 8.9, 793, 渐行渐远的红利
04012145, 8.0, 2325, 中国的经济制度
01438948, 8.4, 1325, 卖桔者言
03184666, 7.7, 3481, 世界是平的（3.0版）
01006419, 8.5, 1170, 十六世纪明代中国之财政与税收
26604224, 8.9, 751, 经济学的思维方式
01003598, 8.4, 1311, 富爸爸，穷爸爸
25751995, 8.5, 1160, 还原真实的美联储
06429781, 9.0, 669, 诡辩与真相
05378548, 8.3, 1462, 一沙一世界
26882283, 8.9, 721, 历代经济变革得失（典藏版）
01032570, 9.1, 588, 哈耶克文选
10544307, 8.5, 1107, 自私的皮球
30302000, 8.5, 1106, 你的第一本保险指南
25908391, 8.1, 1823, 大败局1
26634824, 8.6, 985, 投资最重要的事（全新升级版）
02382899, 8.4, 1238, 通向财务自由之路
25908079, 8.5, 1091, 新经济，新规则
01467393, 9.2, 525, The Intelligent Investor
26636765, 9.2, 518, 经济解释
01421923, 8.2, 1549, 大国的兴衰
03648316, 8.8, 768, 资本论（全三册）
05402682, 7.4, 5081, 牛奶可乐经济学
05992743, 7.8, 2653, 看懂世界格局的第一本书
03419122, 8.2, 1495, 22条商规
27599114, 8.4, 1165, 涛动周期论
02155342, 8.9, 667, 货币的非国家化
26762440, 9.2, 497, 权力结构、政治激励和经济增长
02015368, 9.1, 544, 价值评估
04772958, 8.7, 816, 专业投机原理
25908390, 8.5, 1012, 大败局2
01032937, 8.9, 649, 问题与主义
03427304, 8.8, 697, 美国货币史 1867—1960
01315186, 9.4, 390, 国民经济学原理
04062752, 9.1, 510, 古典自由主义
04203984, 8.7, 761, The Big Short
03869711, 8.1, 1545, 消费者行为学 （第8版·中国版）
25893995, 9.0, 558, 亚洲大趋势
01150702, 9.2, 462, 资本论（第二卷）
30417612, 8.2, 1352, 非对称风险
06398075, 8.0, 1755, 一转念
25947310, 7.7, 2684, 21世纪资本论
03932520, 7.5, 3659, 免费
24878434, 8.6, 832, 城乡中国（上）
02031890, 8.3, 1177, 以交易为生
01085935, 8.1, 1513, 非理性繁荣
24714655, 8.2, 1329, 我看电商
25766497, 9.3, 414, 城市化转型与土地陷阱
04772963, 8.4, 1034, 战胜华尔街
05314887, 8.1, 1497, 邓普顿教你逆向投资
01171881, 8.1, 1495, 有闲阶级论
04244804, 8.4, 1024, 笑傲股市
02155341, 9.0, 540, 官僚体制·反资本主义的心态
04846035, 7.5, 3563, 干法
25844463, 8.4, 1020, 摩根财团
02375990, 8.9, 590, 经济学思想史讲义
01150703, 9.3, 405, 资本论（第三卷）
26849910, 9.0, 534, 炒股的智慧 (第四版)
01394382, 8.7, 723, 賣桔者言
26374036, 8.2, 1283, 一课经济学
26771893, 9.0, 531, 光变
02111085, 9.1, 481, 财务报表分析
01046202, 9.0, 526, 自由选择
30274068, 8.3, 1117, 经济学的思维方式
10568233, 9.0, 521, 策略投资
04238941, 8.0, 1611, 新卖桔者言
01018498, 8.8, 622, 华北的小农经济与社会变迁
01138353, 8.7, 689, 统计学的世界
04039368, 8.6, 760, 微观经济学
34813128, 9.2, 415, 去依附
01011509, 7.8, 2009, 谁说大象不能跳舞？
01029513, 8.5, 814, 聪明的投资者
01780208, 8.8, 591, 凯恩斯传
27069302, 9.1, 439, 资本的规则
04906492, 8.8, 586, 金融市场技术分析
01315182, 8.7, 648, 权力与繁荣
01149697, 8.6, 717, 货币银行学
24745513, 9.0, 475, 自由选择（珍藏版）
30468563, 9.5, 303, 宏观经济学二十五讲：中国视角
27045965, 8.1, 1258, 有钱人和你想的不一样
26698020, 8.3, 970, 认识商业（插图修订第10版）
01008122, 8.8, 560, 国富论
01083161, 8.4, 859, 风险投资家环球游记
07054652, 8.0, 1404, 创业36条军规
24700123, 8.5, 767, 一炮走红的国家
01789444, 8.4, 857, 第三次浪潮
03922162, 8.3, 956, 认识商业
01038279, 9.4, 318, 15至18世纪的物质文明、经济和资本主义（全三卷）
03845101, 7.8, 1796, 24堂财富课
04122414, 9.3, 343, 经济与社会（第一卷）
04893663, 8.2, 1058, 市场的逻辑
25717380, 8.1, 1198, 赤裸裸的统计学
01340525, 9.0, 446, 贫困与饥荒
27599381, 8.1, 1188, 怪诞行为学
26378573, 9.2, 369, 经济人的末日：极权主义的起源
27038261, 9.0, 437, 信贷的逻辑与常识
30194663, 9.1, 397, 股市真规则（畅销版）
30161884, 7.6, 2301, 贫穷的本质
25876611, 7.4, 3145, 引爆点
34997975, 8.4, 803, 文明、现代化、价值投资与中国
30443502, 7.8, 1710, 周期
34821264, 7.5, 2657, 半小时漫画经济学2：金融危机篇
25719688, 8.2, 1003, 中国经济史
30169979, 7.8, 1650, 战后日本经济史
01007510, 8.0, 1258, 富爸爸财务自由之路
26201890, 7.9, 1428, 第四消费时代
25767203, 8.0, 1247, 同业鸦片
20563189, 7.9, 1414, 中国人的焦虑从哪里来
27156012, 8.9, 453, 美国增长的起落
20366367, 7.8, 1609, 金钱不能买什么
01071819, 8.9, 452, 经济腾飞路
25930690, 9.6, 246, 高级计量经济学及Stata应用
01011772, 8.1, 1074, 泥鸽靶
01961174, 9.0, 406, 数理经济学的基本方法
01963140, 8.4, 747, 商战
24696672, 8.3, 831, 经济运行的逻辑
01949390, 8.3, 822, 投资者的未来
01465419, 8.3, 821, 资本主义与自由
03869949, 8.1, 1043, 经济学通识
06720539, 8.2, 911, 断层线
04748753, 8.8, 476, 机构投资的创新之路
26887927, 9.7, 220, 宏观经济学（第九版）
30128262, 8.9, 430, “错误”的行为
01873802, 9.4, 277, 人的行為
03260366, 8.9, 429, 社会主义
25843334, 8.2, 902, 金融的本质
03300402, 9.0, 388, 制度、制度变迁与经济绩效
06556332, 7.8, 1494, 旅行，人生最有价值的投资
06828176, 8.6, 571, 金融炼金术
11525290, 8.4, 705, 走出幻觉走向成熟
01454953, 9.4, 272, 比较政治经济学
25840005, 8.6, 565, 中国是部金融史2
33440184, 8.8, 462, 代谢增长论
01088096, 8.7, 508, 中国的奇迹
06795916, 9.0, 374, 行为经济学讲义
30418697, 7.0, 5144, 变量
26586149, 9.3, 285, 国富论
10606457, 8.6, 535, 漫步华尔街
27602003, 7.5, 2108, 枢纽
05346017, 9.0, 359, 博弈论
06105339, 7.6, 1801, 煤老板自述三十年
04772962, 8.5, 584, 以交易为生
27593408, 8.3, 719, 寡头
01676611, 7.6, 1769, 魔鬼经济学1
27155983, 8.1, 902, 贸易打造的世界
24878818, 8.3, 713, 改革的逻辑
03507422, 8.6, 516, 萧条经济学的回归和2008年经济危机
02379345, 8.8, 421, 中国农村的市场和社会结构
27041233, 8.1, 892, 千万别说你懂买房
01074178, 9.1, 318, 经济分析史（第一卷）
01002474, 7.6, 1726, 只有偏执狂才能生存
26743607, 7.4, 2290, 商业的本质
30218972, 8.2, 768, 陈志武金融通识课
01011731, 9.0, 339, 信息规则
04894684, 8.6, 491, 创业之初你不可不知的融资知识
01038949, 8.4, 605, 资本主义、社会主义与民主
21331443, 7.9, 1092, 中国是部金融史
01448727, 8.4, 593, 博弈论基础
06736909, 8.5, 533, 投资交易笔记
26583357, 8.0, 887, 理性乐观派
30176774, 8.5, 500, 第一本经济学
20266235, 8.8, 370, 新阶级
01365035, 8.4, 548, Rich Dad
03825687, 9.0, 306, 企业、市场与法律
02141593, 8.5, 493, 第三次浪潮
26314075, 9.1, 280, 信用创造、货币供求与经济结构
01278268, 8.9, 333, 十年沧桑
26950185, 9.0, 303, 货币金融学（第11版）
03393766, 8.5, 478, 管理学
26786410, 7.8, 1078, 超级版图
26415468, 8.4, 527, 大空头
33406377, 8.3, 587, 战胜一切市场的人
25912159, 8.6, 429, 当音乐停止之后
06012609, 8.9, 321, Poor Economics
30309616, 9.2, 245, 新教伦理与资本主义精神
05976544, 7.9, 920, 交易心理分析
30344136, 9.1, 266, 中国经济改革进程
27155168, 8.9, 315, 5分钟商学院•商业篇
01092275, 8.3, 571, 说谎者的扑克牌
03931857, 8.8, 345, 十年轮回
01141543, 7.7, 1183, 金融心理学
03558787, 8.6, 414, 美国大萧条
26834083, 8.1, 706, 伟大的中国工业革命
03276034, 8.3, 561, 大衰退
04193722, 8.3, 561, 国富国穷
26752026, 9.1, 258, 聪明的投资者（第4版注疏点评版）
01410322, 8.7, 369, 经济学（上下册）（第三版）
03248513, 7.5, 1520, 为什么中国人勤劳而不富有
26676661, 8.4, 497, 从黄河文明到“一带一路”.第1卷
05402027, 9.0, 280, Red Capitalism
24838618, 8.7, 367, 反脆弱
03000660, 7.8, 994, 非理性繁荣(第二版)
10557289, 9.2, 234, 商务与经济统计
21371574, 8.1, 677, 凯恩斯大战哈耶克
26965847, 8.4, 485, 手把手教你读财报2
24523169, 7.9, 857, 策略思维
03837280, 8.1, 670, 黑天鹅
27077719, 8.0, 744, 黑匣子思维
26996646, 8.8, 321, 用生活常识就能看懂财务报表
26600395, 9.0, 268, 人的行为
26894273, 8.5, 427, 时运变迁
26319391, 8.1, 656, 金融的逻辑1
30296163, 9.5, 179, 金融经济学二十五讲
04187474, 8.3, 521, 西方世界的兴起
01074525, 9.0, 265, 杨小凯谈经济
30175059, 9.3, 204, 李光耀观天下
02006592, 8.2, 564, 资本的秘密
26924324, 8.6, 372, 天才的回声
01792738, 9.0, 257, 几位著名经济思想家的生平、时代和思想
04191818, 7.6, 1172, 彼得·林奇教你理财
04720006, 7.9, 787, 峭壁边缘
26591877, 9.6, 159, 微观经济学
27015840, 8.7, 328, 城乡中国（修订版）
34800351, 6.7, 5145, 半小时漫画经济学
20492816, 9.1, 230, 人的行动
03162523, 9.2, 212, Mostly Harmless Econometrics
26345472, 8.0, 680, 全球经济史
02155338, 9.1, 229, 货币、方法与市场过程
25779081, 8.8, 296, 教你炒股票
30314653, 6.6, 6162, 韭菜的自我修养
01026065, 8.7, 318, 长江三角洲小农家庭与乡村发展
21326266, 8.1, 589, 与机器赛跑
01279947, 8.8, 289, 州县官的银两
27026691, 7.9, 743, 千年金融史
34810876, 9.2, 206, 一本书读懂财报（全新修订版）
30147276, 7.4, 1454, 好好赚钱
21346249, 7.6, 1085, 选择的悖论
04262048, 8.7, 313, 当代中国经济改革教程
27010229, 9.1, 220, 通向奴役之路
30175590, 8.5, 376, 激荡四十年
26803982, 8.3, 459, 非理性繁荣（第三版）
26576499, 8.4, 411, 房债
26142366, 8.3, 453, 中国巨债
30348776, 9.0, 232, 筚路蓝缕
33401129, 8.5, 360, 投资最重要的事
06809028, 8.9, 249, 朱镕基讲话实录 第四卷
27621512, 8.6, 326, 认识商业（修订第10版）
27173829, 8.4, 395, 投资要义
34807450, 9.3, 179, 货币、权力与人
26282781, 9.0, 225, 期权、期货及其他衍生产品(原书第9版)
02078097, 8.8, 267, 社会主义体制
06830062, 9.5, 152, 国富论
01049686, 9.1, 206, 盐铁论
26832063, 7.9, 671, 后物欲时代的来临
19895515, 8.2, 476, 卢瑟经济学
30490198, 8.4, 386, 大趋势
01042567, 7.4, 1294, 邻家的百万富翁
30316742, 8.2, 473, 戴维斯王朝
02016501, 8.9, 240, 另一条道路
03518436, 9.5, 150, 现代宏观经济学
01068793, 9.0, 220, 从资本家手中拯救资本主义
27088810, 8.8, 261, 资本回报·穿越资本周期的投资
34925941, 7.5, 1108, 变量2
27142454, 8.1, 522, 房地产周期
06392133, 8.3, 417, 国富论 （上下册）
26258214, 8.1, 512, 理念的力量
01958147, 7.3, 1447, 一个经济杀手的自白
03031727, 9.3, 169, 中国货币史
26617517, 8.5, 333, 经济学原理
01076446, 9.3, 168, 财产·法律与政府
26866034, 7.6, 925, 菜场经济学
34441120, 9.1, 195, 中国为什么有前途（第3版）
27596775, 8.3, 401, 漫步华尔街(原书第11版)
02354988, 7.7, 798, 集装箱改变世界
06822685, 8.6, 296, 朱镕基讲话实录（第二卷）
04002726, 8.8, 247, 听故事学会计
34990166, 7.6, 892, 半小时漫画经济学3：金融危机（完结篇）
03598279, 9.2, 176, 价格理论及其应用
34836784, 7.2, 1587, 定投十年财务自由
30192232, 8.1, 485, 人口创新力：大国崛起的机会与陷阱
26857930, 9.7, 121, 米塞斯大传
30329810, 9.3, 159, 解读中国经济
25815267, 8.5, 309, 经济学百科
03067210, 8.8, 234, 中国历史上的基本经济区与水利事业的发展
03837299, 8.1, 458, 黑天鹅的世界
30345940, 8.7, 253, 通胀螺旋
01928404, 7.5, 951, 1929年大崩盘
10796953, 8.7, 252, 资本的游戏
03195672, 8.2, 408, 道氏理论
06129747, 9.2, 166, 资本论
26981115, 7.8, 639, 让大象飞
06395844, 8.4, 330, 股市天才
01511636, 8.8, 228, 价值投资
01070147, 7.7, 717, 大分流
30320988, 9.0, 192, Big Debt Crises
05360204, 9.1, 177, 国富论
03925917, 7.7, 708, 巴比伦最富有的人
30346193, 8.8, 224, 认识经济
01157539, 9.0, 189, 公司财务原理
01255502, 8.5, 287, 经济史中的结构与变迁
02155344, 8.8, 219, 权力与市场
27197865, 7.5, 888, 简单统计学
26981887, 8.3, 348, 资本主义简史
03242450, 8.1, 428, 为什么我们的钱变薄了
25758308, 7.6, 768, 巨富
34949599, 8.3, 344, 溢出
01028620, 8.4, 309, 通向金融王国的自由之路
26986691, 7.5, 863, 金钱永不眠
01002574, 8.8, 213, 资本主义的动力
26656350, 8.1, 415, 增长的本质
30292824, 8.1, 415, 新周期
01000506, 8.5, 277, 蜜蜂的寓言
03824134, 7.4, 979, 动物精神
25849758, 7.7, 655, 富足
20472515, 9.2, 153, 中国经济改革二十讲
25806559, 8.4, 302, 血酬定律
06876957, 9.0, 177, 经济思想史
01053848, 8.8, 207, 看得见的手
01203329, 8.3, 327, 人类行为的经济分析
26922908, 8.9, 190, 大衰退
06559258, 7.9, 501, 西方将主宰多久
04882119, 8.2, 357, 价值起源
04218691, 8.1, 396, 休克主义
06058911, 9.2, 148, 国富论
26968875, 7.3, 1056, 用地图看懂世界格局
01289999, 8.7, 216, 营救华尔街
26853102, 7.5, 776, 魔鬼经济学3
01427018, 8.6, 233, 国家兴衰探源
03235204, 7.5, 766, 三井帝国在行动
26933302, 8.3, 306, 巨变
33462451, 7.8, 524, 爱、金钱和孩子：育儿经济学
26801676, 8.1, 374, 债务和魔鬼
26901046, 8.2, 337, 穿过迷雾
26729910, 9.7, 100, 当代中国经济改革教程
04898529, 8.7, 210, 论经济学和经济学家
01073106, 7.9, 457, 做生意的艺术
26358478, 9.2, 139, 人、经济与国家
27163861, 9.6, 105, 经济学原理（第7版）（典藏版）
04758384, 8.1, 365, 贼巢
11530161, 8.7, 206, 经济学思想史讲义
27601129, 8.7, 206, 股票大作手回忆录
01962680, 6.9, 1818, 下流社会
26981031, 8.9, 174, 经济学规则
10580810, 7.1, 1310, 第三次工业革命
01477425, 8.7, 205, 市场演进的故事
01022541, 7.7, 565, 追求卓越
01006020, 7.4, 821, 白银资本
01860877, 8.0, 394, 货币的祸害
30158062, 7.2, 1089, 我在碧桂园的1000天
24708136, 8.5, 239, 估值
20480829, 8.3, 288, 大国的兴衰（上）
25953932, 7.9, 434, 第二次机器革命
26865149, 7.3, 924, 魔鬼经济学2
26884338, 8.3, 279, 资本社会的17个矛盾
26323173, 9.1, 140, 帝国主义是资本主义的最高阶段
01446417, 8.2, 304, 微观动机与宏观行为
33451663, 9.5, 105, 大衰退年代：宏观经济学的另一半与全球化的宿命
25901160, 7.3, 886, 低风险投资之路
01075682, 8.8, 174, 当代中国经济改革
04071865, 8.3, 271, 石器时代经济学
26327897, 8.1, 331, 压力测试
30128227, 7.5, 664, 助推
27203450, 8.8, 173, 一本书看透信贷
26989179, 8.6, 204, 中国经济新方位
04931700, 9.4, 110, 创新的先知
25986746, 7.4, 748, 零边际成本社会
02280169, 7.0, 1335, 时间的玫瑰
30306196, 7.4, 740, 半小时漫画理财课
06833967, 7.6, 566, Why Nations Fail
03351179, 8.0, 356, 股市长线法宝
25800850, 7.6, 561, 动荡的世界
05271687, 8.5, 216, 金融市场与金融机构基础
04175450, 7.1, 1100, 当中国统治世界
26631278, 8.6, 196, 大投机家（修订版）
03225659, 8.2, 282, 金融帝国
07051700, 8.2, 282, 共同基金常识
25841474, 8.6, 194, 哈耶克传
07015980, 8.2, 280, What Money Can&#39;t Buy
26370001, 8.6, 193, Dealing with China
01059914, 8.2, 277, 经济学的争议
30143261, 8.2, 276, 货币战争
26361453, 7.5, 606, 郁金香热
23163344, 8.9, 149, 农民的道义经济学
04198018, 7.1, 1055, 五百年来谁著史
10572016, 7.4, 685, 失去的二十年
27099114, 8.3, 248, 躺着赚钱
30406623, 8.9, 147, 国家兴衰
26609051, 8.1, 299, 明代的漕运
03702843, 9.2, 117, 基于实践的微观经济学
30191962, 8.1, 297, 谁偷走了美国梦：从中产到新穷人
26388427, 7.2, 874, 国家为什么会失败
26953559, 8.4, 220, 24堂财富课
01499791, 9.1, 124, 读《资本论》
25755771, 7.9, 358, 清教徒的礼物
02137823, 8.2, 260, 经济发展理论
27038809, 6.8, 1532, 世界是红的：看懂中国经济格局的一本书
21324988, 8.2, 252, 有效资产管理
34925762, 7.0, 1100, 钱从哪里来
34977252, 9.0, 127, 会走路的钱（上）
01057378, 7.7, 424, 非同寻常的大众幻想与群众性癫狂
03716052, 8.2, 248, 看懂股市新闻
27667390, 7.4, 609, 钱：7步创造终身收入
27014615, 7.3, 695, 为什么有的国家富裕，有的国家贫穷
25929431, 7.7, 420, 可转债投资魔法书（第2版）
26374984, 8.2, 239, 选择做富人
30490056, 8.7, 153, 探路之役
05408889, 7.9, 321, 一件T恤的全球经济之旅
26606521, 7.1, 872, 日本第一
21268040, 8.8, 140, 竞逐富强
01002253, 8.7, 150, 政治经济学的国民体系
33463004, 9.0, 119, 抗战外援
01832047, 7.9, 315, 权力的转移
26383233, 8.8, 138, 中央银行与货币供给
06753831, 9.0, 118, 国家竞争优势（上）
25850257, 8.0, 280, 消费者行为学
01843857, 8.1, 253, 未来的冲击
02971878, 9.0, 117, 劳动与垄断资本
30398402, 9.6, 77, 经济解释（二O一九增订版）
06967545, 7.9, 301, 嚣张的特权
01315171, 8.0, 269, 奢侈与资本主义
05171466, 7.8, 332, 艾略特波浪理论
30229576, 7.6, 412, 时间的玫瑰
26662174, 8.9, 121, 十年轮回
04322858, 8.7, 141, 东南亚的贸易时代
26260335, 7.9, 292, 上帝与黄金
30147790, 8.6, 152, 跌荡一百年
34882674, 7.9, 291, 曾国藩的经济课
10867800, 7.2, 677, 大目标
34834004, 8.3, 194, 财富的起源
26850431, 8.4, 176, 奖赏
05912230, 7.2, 655, 世界是部金融史
01055273, 9.1, 101, 权力与货币
24878119, 9.2, 94, 利息理论
03248694, 8.3, 190, 不确定状况下的判断
30205922, 7.6, 389, 如何获得真正的财富
02159689, 8.1, 227, 贫穷的终结
25912364, 8.2, 206, 吾民无地
03405045, 9.2, 93, “三农”问题与制度变迁
26417290, 8.8, 123, 盐铁论
26763015, 9.1, 98, 李光耀：新加坡赖以生存的硬道理
26220124, 8.5, 155, 货币野史
25795595, 7.6, 375, 集装箱改变世界（修订版）
02372640, 8.9, 111, 为增长而竞争
30385026, 7.6, 368, 购物凶猛
02326852, 8.6, 139, 技术革命与金融资本
26362997, 7.1, 683, 商业冒险
03624226, 8.0, 234, 富爸爸投资指南
02986244, 7.7, 320, 人口论
26697242, 6.9, 910, 钓愚
04074403, 8.6, 136, 伟大的中国经济转型
26612357, 8.6, 136, 人为制造的脆弱性
26944429, 8.8, 116, 资本主义
02155336, 8.7, 125, 经济学方法论探究
01536542, 9.0, 100, 资本主义发展论
26891410, 8.2, 188, 魔鬼经济学系列
04850306, 8.7, 123, 中国经济：转型与增长
30213785, 7.9, 249, 复杂经济学
33478543, 8.1, 204, 繁荣与衰退
04894568, 8.0, 224, 个人理财
30288497, 8.1, 203, 过剩之地
27034335, 9.1, 90, 《凡尔赛和约》的经济后果
30261434, 8.4, 153, 社会与经济
33437521, 7.6, 336, 慢慢变富
25774080, 7.5, 375, 谁在导演世界
20366369, 7.3, 480, 动物精神
35017592, 8.1, 198, 好的经济学
01758109, 7.5, 373, 犬与鬼
26696883, 9.2, 83, 从资本家手中拯救资本主义
26979305, 7.3, 477, 牛奶可乐经济学
34779855, 8.2, 180, 隐秘战争
30164457, 7.7, 294, 清算
25763756, 9.0, 94, 现代世界体系（四卷本）
25790082, 7.8, 260, 读懂中国改革
25784098, 7.2, 528, 华尔街之狼
26589347, 9.2, 81, 经济学思想史进阶讲义
11520218, 8.2, 174, 从报表看企业
02983307, 8.5, 134, 和约的经济后果
02347627, 9.3, 75, 公司金融理论（上下册）
30296200, 6.3, 2250, 低欲望社会
01789440, 7.8, 252, 财富的革命
04888394, 7.8, 252, 赢得输家的游戏
01140879, 8.0, 206, 世界经济千年史
27093851, 8.3, 156, 以交易为生（原书第2版）
26388011, 7.3, 446, 隐性动机
26602944, 9.2, 79, 经济科学的最终基础
27618864, 7.7, 277, 中间人经济
27623522, 8.5, 130, 经济学的著名寓言
01082764, 8.4, 141, 经济思想史(原书第6版)
25763455, 8.1, 183, 中国经济双重转型之路
11601990, 8.4, 140, 萧条经济学的回归
04222014, 8.6, 119, 稳定不稳定的经济
04236415, 9.5, 64, 曼昆《经济学原理》
24745480, 7.8, 241, 不平等的代价
25756203, 8.1, 178, 底特律往事
34890450, 8.1, 177, 我们的时代
04860587, 8.3, 148, 通产省与日本奇迹
26418531, 8.7, 106, 十六世纪明代中国之财政与税收
03798518, 9.3, 70, 货币哲学
05311626, 8.8, 98, 七天读懂宏观经济
02294930, 8.8, 97, 毛泽东早期文稿
01732502, 8.5, 121, 全球政治经济学
26958016, 7.6, 281, 卧底经济学（全4册）
26840986, 7.7, 252, 金融炼金术
03272812, 9.6, 57, 智慧型股票投资人
26677472, 8.4, 129, 妙趣横生博弈论 (珍藏版)
27002570, 9.1, 77, 贸易的猜忌
02068662, 7.9, 199, 生活在极限之内
11601459, 8.4, 127, 能源重塑世界（上下）
27037093, 8.3, 138, 拼实业
26969182, 7.2, 430, 白银帝国
22741516, 7.8, 216, 美联储
33436272, 8.4, 125, 贸易的冲突
30424140, 7.8, 213, 伟大的博弈
06119948, 7.3, 371, 海盗经济学
06749571, 8.9, 84, 开放社会
26851886, 8.1, 158, 镜厅
05408888, 7.5, 288, 美学的经济
03129738, 8.6, 103, 谁说人是理性的
26898052, 7.7, 229, 投资的护城河
10345308, 9.1, 72, 微观经济学(第19版)
27182266, 8.6, 102, 改革的逻辑
02568149, 7.7, 227, 财富公式
01084651, 9.9, 45, 把握变革
03361791, 7.3, 352, 发现商业模式
34888158, 6.7, 809, 中国经济2020
25864125, 8.5, 108, 资本主义还有未来吗
34887287, 7.4, 308, 中国城市大洗牌
26700719, 8.0, 164, 洛克菲勒自传
30129131, 7.5, 272, 用经济思维看懂世界格局
26733967, 9.4, 58, 经济增长理论史
34873196, 8.0, 162, 灭火
26771310, 8.1, 147, 一盘大棋？中国新命运解析
03189919, 7.7, 215, 石油大博弈（上）
30371975, 8.7, 90, 通往財富自由之路
10545398, 8.4, 113, 基本无害的计量经济学
34927633, 9.1, 68, 无常的博弈
21325145, 8.9, 76, 不确定状况下的判断
26702089, 6.9, 537, 商业模式全史
26741238, 7.1, 407, 囚徒的困境
01320278, 8.5, 100, 策略与博弈
02012517, 9.8, 44, 经济分析基础
01187241, 9.3, 57, 零售管理
05408891, 7.3, 305, 反常识经济学
26383062, 9.8, 43, 战略性工业化的曲折展开
26637768, 9.2, 60, 经济学的邀请
30413264, 8.3, 113, 轻创业
27046569, 7.9, 160, 金融的本质(伯南克四讲美联储中英双语版)(精)
21332119, 9.4, 53, 会计学基础
33407728, 7.9, 159, 坚定不移
34788840, 8.0, 145, 全球贸易摩擦与大国兴衰
33429540, 8.8, 77, 地产是部金融史
30248063, 7.6, 213, 5分钟商学院•工具篇
33059616, 8.7, 82, Good Economics for Hard Times
01884504, 7.6, 211, 经济论 雅典的收入
22538508, 8.2, 120, 空间的力量
10750408, 9.1, 62, 强权与富足
35084340, 9.3, 54, 美国真相
02279726, 8.4, 99, 发现利润区
01838364, 8.9, 69, 金融资本
30456791, 9.2, 57, 波克夏大學
01961159, 7.6, 202, 朋友还是对手
30355879, 7.3, 281, 大局观
33395248, 7.5, 222, 掉队的拉美
26815412, 7.6, 199, 一本书看透房地产
26668824, 7.6, 196, 隐形冠军
26293301, 8.6, 82, 奥地利学派的大师们
06510691, 8.4, 95, 繁荣的背后
30147343, 8.0, 131, 浩荡两千年
10759564, 8.1, 120, 近代英国工业革命揭秘
33434680, 7.7, 172, 简斯维尔
25846145, 7.5, 210, 布雷顿森林货币战
30361180, 8.1, 118, 哈佛极简经济学
01262816, 7.8, 154, 泡沫经济学
34821729, 8.7, 74, 市场的逻辑
01484103, 8.6, 79, 规模与范围
26762219, 7.8, 149, 一件T恤的全球经济之旅（原书第2版）
26307935, 8.7, 71, 中国的奇迹
34923245, 7.7, 161, 商业的本质和互联网
01151152, 8.1, 111, 发现你的销售力量
11445547, 8.6, 75, 国家竞争优势（下）
34785073, 8.7, 69, 有闲阶级论
26961851, 6.1, 1465, 灰犀牛
33658304, 8.0, 118, 用后即弃的人
25979459, 7.0, 339, 逃离不平等
01032803, 8.8, 63, 现代资本主义
30439507, 8.0, 114, 溃而不崩
01547736, 9.3, 46, 不确定条件下的投资
26420911, 8.6, 71, 凯恩斯传
27091788, 8.6, 71, 权力与繁荣
30387994, 8.0, 113, 剑桥中国经济史
30150181, 7.4, 200, 不上班也有錢
11613937, 7.0, 319, 这次不一样
26367420, 8.4, 81, Who Gets What — and Why
27198025, 7.3, 221, 零工经济
03265233, 6.8, 407, 大癫狂
26972468, 8.2, 93, 现代货币理论
26920326, 9.1, 50, 货币、银行信贷与经济周期
26883450, 8.0, 109, 金融炼金术的终结
34787572, 7.2, 239, 这就是中国
20545345, 8.6, 68, How Asia Works
26627811, 8.0, 107, 财富的帝国
04766858, 8.1, 98, 近代中国商业的发展
30401752, 6.6, 523, 城里的房子
30382477, 7.5, 168, 数据资本时代
30296023, 8.1, 97, 低风险，高回报
26840503, 7.5, 167, 大势研判
30192587, 7.1, 260, 塑造世界经济的50项伟大发明
01084669, 7.2, 230, 上市公司财务报表解读
01070215, 7.3, 203, 一个经济学家给女儿的忠告
25947471, 8.6, 65, 国富论（上下卷）
01089276, 8.3, 79, 发展的幻象
35013301, 7.8, 119, 全球房地产
33428160, 8.5, 68, 经济学与法律的对话
02779499, 10.0, 29, A Course in Econometrics
34809822, 7.9, 107, 海上丝绸之路
04862752, 9.2, 43, 现代经济学主要流派
01098941, 8.0, 97, 利润模式
30267730, 7.7, 126, 一课经济学
25954597, 8.6, 61, 繁荣与萧条
26012652, 8.1, 88, 二十一世紀資本論
01227751, 7.8, 113, 金字塔底层的财富
30449721, 9.0, 46, 货币的非国家化
26373664, 9.6, 33, 中国货币史
34893663, 7.8, 108, 中国的当下与未来
06435564, 8.0, 90, 资本主义的真相
34815985, 7.8, 106, 金龙鱼背后的粮油帝国
03225657, 7.2, 191, 粮食战争
24841482, 9.1, 42, 工资、价格和利润
04873444, 7.1, 211, 中国为什么有前途
30289117, 7.4, 152, 巴比伦富翁新解
03932811, 8.7, 53, 你也可以成为股市天才
01083450, 8.2, 75, 我们到底要什么
23011117, 8.2, 74, 房噬
10595870, 7.8, 102, 解读中国经济指标
01860684, 7.4, 146, 欢乐的经济学
27096026, 7.7, 107, 中国经济增长的真实逻辑
34464026, 6.7, 321, 财富自由
26014087, 8.4, 60, 新结构经济学
34798939, 9.4, 33, 每个人的商学院（全8册）
27075100, 8.3, 64, 石油即政治
30302921, 9.8, 27, 石器时代经济学
30340262, 7.1, 184, 看得见的与看不见的：商界、政界及经济生活中的隐形决策思维
10345303, 8.4, 58, 第一排
30487608, 9.6, 29, 经济情操论：亚当·斯密、孔多塞与启蒙运动
26898351, 7.2, 161, 艰难时代
27665053, 8.1, 71, 积极型资产配置指南
01273546, 9.0, 39, 陈云文选 第三卷
25789490, 9.3, 33, 成與敗
01510768, 8.5, 52, 剑桥欧洲经济史（第一卷）
05376006, 8.2, 64, 大萧条时期的中国
21318655, 8.2, 64, 微观动机与宏观行为
30394741, 9.4, 31, 石油的时代
10773360, 7.2, 153, 货币崛起
27606760, 7.7, 94, 大萧条与罗斯福新政
30480829, 7.7, 94, 格林斯潘传
01271798, 8.2, 63, 陈云文选 第一卷
34643859, 9.8, 25, 走向自主创新
01933647, 9.1, 35, 不许再卖
02985736, 8.3, 57, 信息改变了美国
11588681, 7.2, 145, 我的第一本金融入门书
34902581, 8.6, 46, 心灵的整饰
26689271, 7.0, 179, 韩娱经济学
34983713, 8.2, 60, 经济运行的真相
30289178, 9.5, 28, 史上最伟大的交易
34913538, 6.7, 258, 被看见的力量
21323982, 9.0, 36, 中国金融大揭密
27044673, 8.8, 40, 中央银行与货币供给(第2版)
04074691, 8.1, 63, 大萧条时期的中国
01085687, 8.4, 51, 运用财务报表进行企业分析与估价
32330434, 7.1, 154, 大杯咖啡经济学
27085867, 6.8, 217, 蚂蚁金服
26848787, 7.3, 122, 索罗斯传（白金珍藏版）
30304982, 7.0, 166, 大概率思维
03064302, 8.4, 49, 失落的百年致富圣经
03393542, 8.2, 56, 宏观经济学
25754608, 7.9, 70, 贸易的真相
34976597, 7.2, 130, 叙事经济学
34468425, 8.5, 45, 中国问题
30289870, 6.1, 560, 低欲望社会
26575098, 6.9, 177, M型社会
30489675, 7.7, 79, 借钱
30172741, 9.6, 24, 选择、价值与决策
03091910, 9.2, 29, 日本列岛改造论
35034326, 7.5, 91, 未来站在中国这一边
30350541, 8.6, 40, 美国经济评论百年经典论文
06510086, 8.6, 39, 解读苏南
20451565, 9.0, 31, 货币政策
33390404, 7.6, 79, 涛动周期录
27058903, 6.6, 225, 白银资本
03285545, 8.5, 40, 中国经济50人看三十年
33384254, 7.2, 109, 无论如何都想告诉你的世界史
01666271, 7.4, 90, 全球化陷阱
26134019, 8.7, 35, 大失衡
03265170, 7.8, 64, 经济与社会
26190562, 8.6, 37, 货币政策实施:理论、沿革与现状
26765971, 8.1, 51, 钢铁、蒸汽与资本
26961645, 8.1, 51, 动员与效率
26952157, 7.6, 74, 苦酿百威
26921231, 7.1, 118, 世界的逻辑
35014332, 9.4, 24, 走向自主创新2
27154515, 8.4, 41, 谁统治美国？
26913840, 9.8, 20, 民国时期的土地典当
34903926, 7.7, 67, 为什么精英可以快速积累财富
01291057, 7.9, 57, 商业性质概论
30329031, 7.6, 72, 经济学的思维方式·现实应用篇
03253744, 6.9, 142, 大萧条时代
26362998, 8.0, 51, 大国货币
02339034, 8.4, 39, 货币制度的世界史
34925940, 6.6, 193, 中国优势
33411425, 8.9, 29, 经济学寓言
01962984, 7.7, 63, 经济增长的阶段
27157986, 8.0, 50, 美国大萧条
27620796, 7.6, 67, 经济的本质
34464568, 6.6, 186, 冯仑：买房这些事儿
05937115, 8.3, 39, 进步与贫困
35017979, 8.3, 38, Has China Won?
03391715, 9.4, 21, 现代决策理论的基石
33453803, 9.4, 21, Bottle of Lies: The Inside Story of the Generic Drug Boom
30313570, 8.0, 45, 击败庄家：21点的有利策略
34888767, 7.7, 52, 官绅的荷包
19991062, 7.6, 56, 行为经济学
33447344, 7.5, 58, 清华韩秀云讲经济
26279300, 7.5, 57, 美国制造
33438815, 6.7, 121, 新城市危机
25951694, 9.1, 21, 经济学的故事
26941689, 7.8, 43, 第二次机器革命
24845960, 7.3, 63, 中午吃什麼? 一個經濟學家的無星級開胃指南
30483399, 7.1, 75, 柠檬、拍卖和互联网算法
26877554, 6.9, 88, 政策制定的艺术
34889907, 7.9, 38, 巨兽
02971870, 9.4, 17, 1929—1939年世界经济萧条
26853104, 5.6, 542, 魔鬼经济学4
34455784, 7.7, 42, 激进市场
34880471, 9.5, 16, 宏观经济学史
30487758, 8.2, 30, 先进制造：美国的新创新政策
30245348, 8.3, 28, 2052：未来四十年的中国与世界（新版）
06307568, 7.0, 72, 二战股市风云录
34919491, 9.4, 16, 中国经济
01271799, 8.3, 27, 陈云文选 第二卷
01700875, 7.3, 47, 投资收益百年史
26629060, 6.6, 90, 暗池
26286370, 7.0, 60, 世界历史上的消费主义
34880649, 7.6, 37, 改变中国
30422558, 7.6, 36, 黑天鹅
27667625, 7.0, 58, 从报表看舞弊：财务报表分析与风险识别
30407595, 7.3, 45, 世界不是平的
26356432, 7.4, 41, 经济指标解读：洞悉未来经济发展趋势和投资机会（第3版）
34870036, 6.9, 62, 从工业化到城市化
34894289, 8.2, 24, 资本游戏
35061100, 7.9, 28, 百年变局
34840593, 9.7, 12, 大转型
34912108, 7.1, 41, 摇滚吧，经济学
34463602, 8.3, 19, 共同利益经济学
34943720, 8.2, 20, 房地产与中国经济
33442282, 7.6, 28, 全球不平等
33446853, 6.8, 52, 全球化逆潮
33442595, 7.2, 37, 明斯基时刻：如何应对下一场金融危机
35015112, 8.1, 17, 金乡
35039526, 8.5, 14, 钱的千年兴衰史
34795839, 8.2, 15, Capital and Ideology
34920123, 8.3, 14, 好莱坞电影经济的内幕
23779046, 8.8, 11, 新中国财政金融制度变迁事件解读
34973128, 8.8, 11, 大道至简
26601203, 7.3, 22, 逆向投资心理学：引发市场波动的非技术因素分析
30389347, 7.0, 27, 战争与工业
01917652, 8.2, 13, 《熵，一种新的世界观》
01559708, 7.2, 21, 《史记·货殖列传》研究
34837511, 6.6, 31, 投资的奥妙
27135862, 5.3, 152, 中国人，你要自信
34992806, 6.8, 25, 地理上的经济学
26379834, 7.6, 15, 大驅離
30324001, 7.8, 10, 简明世界经济史
27009642, 4.7, 71, 怪诞经济学
34808080, 0.0, 10, Trade Wars Are Class Wars
35032106, 0.0, 14, 超越财富
35087420, 0.0, 14, 下沉市场
35019774, 0.0, 135, 秦砖
35047171, 0.0, 248, 影响商业的50本书
