2020-07-05 16:00:14

number of books, tag name
794, 绘画

ID, rating, votes, title
03162991, 9.6, 14971, 艺术的故事
26602392, 8.6, 69766, 你今天真好看
30445437, 9.5, 5814, DEPART
26666533, 9.5, 3179, 梵高手稿
01056868, 8.5, 9931, 河童旅行素描本
01441853, 8.9, 5397, 伯里曼人体结构绘画教学
25775445, 8.8, 5217, 睡不着
25811462, 8.2, 11653, 小顾聊绘画·壹
01933931, 8.7, 4959, 沿着塞纳河到翡冷翠
01485731, 9.6, 1679, 原动画基础教程
30228730, 8.5, 6006, 观山海
26469245, 9.6, 1510, 松风
04903265, 9.1, 2405, 亲爱的提奥
02294993, 8.3, 6600, 纽约琐记（修订版）
26417490, 8.1, 8977, 写给大家的西方美术史
04082434, 9.3, 1788, 穿墙透壁
02969420, 9.5, 1274, 抵岸
27108544, 8.8, 2753, 这里
03332517, 9.5, 1113, 海底的秘密
01154707, 8.7, 2646, 素描的诀窍
26376603, 8.0, 7120, 秘密花园
26662689, 8.6, 2932, 画的秘密
26265303, 8.0, 6690, 小顾聊绘画·贰
01076426, 8.8, 2108, 世界美术名作二十讲
03410759, 9.0, 1578, 隔江山色
26647742, 8.8, 1988, 陌生的经验
01779243, 8.9, 1724, 摄影构图学
04251473, 8.6, 2258, 手绘的奇思妙想
02026870, 9.3, 976, 阿尔丰斯·穆夏
25774379, 8.6, 2011, 图说中国绘画史
03131814, 8.7, 1749, 笔记大自然
04011322, 9.0, 1207, 重屏
04727293, 9.4, 781, 理解漫画
01047957, 9.3, 858, 比亚兹莱大师图典
26390189, 9.0, 1167, 如何看懂印象派
26845199, 9.0, 1120, 大都会艺术博物馆指南
01032369, 9.1, 922, 花卉圣经
03654631, 8.0, 3525, 琥珀
04149287, 8.9, 1113, 好绘本如何好
03410762, 9.0, 966, 气势撼人
03334535, 8.4, 1942, 剑桥艺术史：绘画观赏
26425832, 9.2, 783, 纸上中洲
01227986, 9.2, 761, 护生画集
02188017, 9.0, 930, 铁丝网上的小花
25732034, 8.4, 1839, 阿狸·尾巴
25934300, 8.7, 1236, 塞拉菲尼抄本
27156515, 8.0, 3052, 美术馆里聊怪咖
01055088, 8.3, 1923, 像艺术家一样思考
04898554, 9.4, 554, 木心画集
01019715, 8.8, 999, 世界名画家全集--莫奈
25872646, 9.2, 657, 野兽国
03410760, 8.9, 885, 江岸送别
01174739, 8.9, 852, 艺用人体解剖
34948951, 7.9, 2924, 大话西方艺术史
01450035, 9.4, 504, 比亚兹莱插画集
27069092, 9.2, 604, 美的情绪：西洋画派十二讲
03016318, 8.6, 1133, 机器妈妈
01951547, 8.5, 1265, 像艺术家一样思考
01016832, 8.5, 1254, 我负丹青
03335742, 8.6, 1107, 设计元素
01134620, 9.3, 524, 席勒油画.水彩
30462410, 9.0, 697, 造境记
26684198, 8.4, 1329, 一品芝麻狐
26251939, 8.4, 1307, 名画之谜·希腊神话篇
27182216, 9.5, 423, 理解人体形态
03410761, 9.0, 672, 山外山
26628959, 9.0, 667, 画猫·梦唐
05399602, 9.7, 346, Framed Ink
11533606, 9.0, 648, 贾科梅蒂的画室
05263615, 8.1, 1826, 五天学会绘画
01807843, 9.1, 573, 芥子园画谱
27145385, 8.2, 1557, 寂静的深度
02138351, 9.3, 459, E.席勒速写
05378929, 8.5, 1030, 培养孩子从画画开始
10430691, 8.5, 1015, 画家生涯
34432985, 9.8, 288, 《塞尔达传说：旷野之息》大师之书
20387173, 8.6, 841, 30天学会绘画
34808340, 8.9, 611, 东京老铺
01003414, 9.3, 415, 魔镜
26431217, 8.4, 1037, 在江湖
10439099, 9.1, 493, 旅之绘本（全六册）
26606513, 8.7, 734, 如何读中国画
26763747, 9.1, 484, 永山裕子的水彩课Ⅰ: 重新开始学水彩
03785949, 8.3, 1092, 梵高奶奶的世界
03581389, 9.4, 357, 吴冠中画作诞生记
01000284, 8.9, 555, 百合圣经
06266302, 9.1, 453, 素描的诀窍
01811078, 9.3, 375, 带阁楼的房子
30248281, 9.0, 479, 梵高
26762941, 8.6, 713, 一个人的博物馆
30180617, 8.5, 793, 鬼刀
19950884, 9.1, 422, 视觉艺术用光
20411692, 8.7, 605, 隐秘的知识
01017227, 9.0, 450, 温迪嬷嬷讲述绘画的故事
04055859, 9.1, 401, 森林大熊
34818672, 9.0, 439, 中村佑介的插画世界Ⅰ：蓝
25695703, 8.6, 622, 最好的你，在路上
05353300, 9.1, 378, 林泉高致
04721058, 9.6, 245, Figure Drawing
26945196, 8.4, 740, 我有一只叫抑郁症的黑狗
33424489, 9.4, 283, 中洲旅人：从袋底洞到魔多
20513213, 9.1, 357, 色彩与光线
26133644, 8.4, 706, 洛煌笈
27092980, 9.3, 296, 色彩与光线：写实主义绘画指南（珍藏版）
26756741, 8.0, 1118, 胆小别看画 1
27140491, 7.3, 3023, 小顾聊绘画·文艺复兴
27069094, 8.8, 448, 认识绘画：丰子恺绘画十六讲
01606879, 9.2, 310, 莫兰迪
03065652, 8.0, 1082, 像艺术家一样思考Ⅲ:贝蒂的色彩
30137430, 9.5, 241, 梵高手稿（典藏修订版）
01980903, 8.2, 841, 达·芬奇笔记
34468490, 8.9, 398, 病玫瑰
03041567, 8.7, 479, 美的情愫
01036272, 8.4, 654, 素描基础
30393386, 9.6, 216, 艺用人体结构
02010622, 8.6, 517, 超级漫画素描技法-基础篇
02249390, 8.5, 573, 弗兰西斯·培根：感觉的逻辑
25803294, 8.8, 418, 画语录
26975767, 8.8, 418, 画家之眼
04165856, 7.7, 1474, 配色设计原理
03038328, 8.8, 412, 浮世绘
01004151, 8.5, 555, 艺用解剖
25811785, 7.3, 2627, 莫奈和他的眼睛
20279547, 8.0, 950, 花之绘 38种花的色铅笔图绘
01252151, 8.2, 743, 康定斯基论点线面
03168709, 8.7, 428, 风格与世变
25737866, 7.4, 2126, 梵高生活
26758311, 8.3, 644, 胆小别看画 3
02143015, 8.3, 617, 我们什么也没看见
34907964, 9.1, 275, 小森林
06873348, 9.0, 294, 竹久梦二名作原寸复刻集
06743317, 8.7, 381, 点线面
26756742, 8.1, 695, 胆小别看画 2
02149449, 8.9, 304, 绘画史事
30318678, 9.6, 173, 梵高
05413067, 9.5, 183, Color and Light
26365909, 7.3, 1984, 人生只有一次，去做自己喜欢的事
01002701, 8.9, 293, 中国绘画三千年
25957239, 9.1, 244, 素描的诀窍（15周年畅销版）
25872094, 7.3, 1907, 如何看一幅画
22163122, 9.4, 188, How to Draw Drawing and Sketching Objects and Environments from Your Imagination
01038523, 8.7, 338, 人体素描
26865730, 6.9, 3656, 小顾聊神话
24878414, 8.3, 499, 少有人看见的美
05980848, 9.0, 249, 奥列佛风景速写教学
25794692, 9.0, 247, 中国画颜色的研究
04154939, 9.4, 176, 宋画全集
26992720, 8.8, 287, 弗兰西斯·培根: 感觉的逻辑
25767531, 9.0, 240, 你们仨.1
20382249, 9.3, 188, 美国绘画透视完全教程
06440709, 8.2, 512, 没创意还敢玩涂鸦
26931151, 7.8, 813, 被误诊的艺术史
27041265, 9.8, 129, 巴尔格素描教程
05417093, 8.9, 254, 水彩入门
27180573, 9.6, 147, 原田泰治的素朴画世界
33410480, 8.9, 251, 想象力构图与创作思维
26936275, 8.5, 362, 渴望风流
03322912, 7.9, 691, 剑桥艺术史：18世纪艺术
30438411, 8.5, 358, 观看的技艺
20516764, 8.4, 395, 更大的信息
01205346, 9.2, 193, 向大师学绘画
07162744, 8.7, 294, 几何天才的杰作
26797923, 9.0, 226, 好绘本如何好
02225512, 8.7, 293, 超级漫画素描技法-草图篇
01446300, 8.2, 482, 丰子恺谈名画
26614175, 7.4, 1319, 写给大家的中国美术史
10453633, 8.5, 352, 蓝围巾男人
10565975, 8.9, 241, 超级漫画家圣经
26318944, 7.8, 752, 绘画是一个人的旅行
26708517, 8.1, 527, 绘森活--水彩私享课
03040948, 8.9, 240, 论艺术的精神
30198530, 8.6, 313, 王朝物语
26647513, 8.7, 285, 关于构图问题
25959500, 7.4, 1271, 百鬼夜行
26963037, 9.1, 198, 我的观看之道
27004871, 7.7, 822, 疯狂艺术史：从达芬奇到伦勃朗
30260377, 8.7, 275, 中国绘画中的“女性空间”
26417642, 7.5, 1057, 蒋勋破解莫奈之美
26372806, 8.3, 404, 西方绘画大师经典佳作
26834591, 9.1, 195, 永山裕子的水彩画Ⅰ: 回首
04254481, 9.6, 134, 人体素描
04604733, 9.4, 154, The Art of How to Train Your Dragon
01157182, 9.0, 208, 艺术家手册
26611270, 9.0, 208, 从风格到画意
01138909, 8.3, 396, 艺术中的精神
05363491, 8.7, 269, 千年丹青
03171267, 9.2, 176, 阿黛拉和西蒙在巴黎
30181220, 8.8, 243, 创造自己的世界
01017829, 9.2, 175, 艺术哲学
26796791, 9.0, 205, 永山裕子的水彩课 Ⅱ : 叠色渲染技法
10563612, 9.3, 162, 西游漫记
26290219, 9.2, 173, 我负丹青
27576971, 8.9, 219, 亲爱的提奥
04837454, 8.7, 258, 漫画分镜头表现教程
30135540, 8.0, 518, 只生欢喜不生愁
02205654, 9.4, 145, 看示范·学水彩
30145656, 8.9, 212, 中国美术史
26953553, 7.9, 570, 照夜白
11603000, 8.0, 507, 不朽的林泉
26416437, 7.7, 708, 名画之谜：历史故事篇
06982049, 8.8, 223, 构图的艺术
05921082, 8.4, 320, 培养孩子从画画开始2：孩子的话如何看怎样教
35005098, 8.0, 483, 春山
25904562, 7.6, 775, 伦勃朗1642
05936451, 9.8, 104, 伯里曼着装形体绘画
20277309, 8.1, 422, 诗之旅
26917428, 8.7, 235, 跟菲利大叔学手绘：创意速写
26994664, 8.7, 232, 世界美术名作二十讲
34833911, 8.6, 252, 朝圣者的碗钵
01097816, 9.1, 164, 吴冠中速写意境
04104397, 9.1, 164, 彰显生命力
20382267, 9.1, 164, 牛津艺用人体解剖学
26913980, 8.8, 209, 阿部智幸的水彩笔记
02090395, 8.9, 189, 铅笔画技法
27592240, 8.9, 188, 缺失空间
26869054, 8.4, 287, 诗经名物图解：美了千年 却被淡忘
25768157, 8.7, 216, 让水彩画达到极致的调色技法
02814449, 9.3, 134, The Arthur Rackham Treasury
26313206, 8.5, 256, 看名画的眼睛.1
30303814, 8.8, 195, 周末速写
04881500, 8.7, 212, 油画的光与色
26436490, 9.1, 153, 透视如此简单
25921388, 8.3, 304, 大自然笔记
03464485, 9.2, 140, 席勒色彩
34468473, 9.0, 162, 手术剧场
01119281, 8.6, 226, 动态素描·人体结构
26658071, 7.8, 512, 梦二画集·夏之卷
04744705, 8.5, 246, 魅力猫咪
03033211, 8.9, 173, 人
04926492, 9.2, 137, 日本漫画大师讲座1
01046615, 8.5, 241, 达利的秘密生活/一个天才的日记
26850007, 7.5, 721, 一幅画开启的世界
01444827, 8.6, 219, 英国儿童读物插画完全教程
01119268, 8.9, 170, 动态素描·着衣人体
01380573, 9.2, 135, 席勒
01311346, 8.4, 260, 解构人体
02188178, 9.4, 115, 乔治.莫兰迪
26758312, 7.6, 612, 胆小别看画 4
03622449, 8.5, 233, 我与西藏组画
26863058, 8.8, 178, 我们什么也没看见
01174671, 9.3, 120, 素描进阶教程
01956148, 8.5, 227, 面部表情大全
02242906, 8.9, 161, 毕沙罗
30142695, 7.8, 462, 花与童
01016673, 9.3, 119, 水彩画里的色与光
24869637, 9.1, 137, 世界建筑风景速写
30414436, 8.4, 245, 视觉游戏
34853883, 7.7, 504, 小顾聊印象派
26393558, 9.0, 145, 水彩画的实质
01032253, 7.9, 399, 诺阿诺阿
04278250, 9.6, 95, Provence Sketchbook
01099611, 8.6, 200, 动态素描·头部结构
02815285, 9.2, 124, Perspective Drawing Handbook
06129756, 9.1, 133, 生命的幻象
26277913, 8.3, 261, 乐舞敦煌
03271022, 9.8, 83, Shadowline
01820965, 9.0, 142, 藏传佛教绘画史
26657264, 7.9, 389, 梦二画集·冬之卷
27149532, 9.0, 141, 太空美术简史
21357312, 8.1, 312, 新笔记大自然
26360519, 9.7, 87, Anatomy for Sculptors
27199095, 8.5, 211, 恶之花：比亚兹莱插画艺术
01437888, 9.6, 92, The Animator&#39;s Survival Kit
27204771, 8.5, 210, 我的手绘不可能这么萌：萌系手帐插画教程
30394583, 8.9, 149, 艺术精神
25967753, 8.5, 207, 水彩基础
26904095, 7.3, 781, 博物学家的神秘动物图鉴
20138253, 8.9, 147, Secret Garden
05936454, 9.3, 107, 伯里曼实用人体解剖
01148778, 8.1, 289, 心印
06773763, 9.3, 106, 素描的原点
26760273, 8.3, 236, 性与艺术
05936445, 9.3, 104, 伯里曼人体绘画技法
27200299, 8.1, 281, 无用之美
26917427, 8.8, 150, 跟菲利大叔学手绘：漫步水彩
26748029, 8.6, 172, 幻园
25912268, 8.4, 203, 木朵百睡图
04090260, 8.9, 133, 力量
02221283, 8.8, 143, 苦瓜和尚画语录
25871868, 9.0, 121, 深度拥抱症
26919384, 8.6, 165, 图解欧洲艺术史：16世纪
26917425, 9.4, 90, 向大师学绘画
05977392, 9.5, 84, 动物画技法
27103061, 8.3, 207, 竞争的艺术
30238151, 9.3, 94, 葛饰北斋 : 超越巨浪
01442199, 8.4, 187, 艺用人体解剖
27601557, 8.6, 156, 世界美术名作二十讲(精)
26756729, 8.5, 168, 如何看中国画
03428169, 8.6, 153, 素描的高度
26794102, 8.1, 239, 图解欧洲艺术史：14世纪
04882072, 8.3, 197, 中国绘画史
01001198, 8.9, 120, 色彩艺术
26608163, 8.5, 164, 萌翻你的手帐简笔画10000例
05063626, 9.1, 103, 配色事典―大正・昭和の色彩ノート
04121084, 8.4, 178, 马奈的绘画
02253734, 9.1, 101, 罗丹艺术论
26717185, 8.1, 230, 日本古书店的手绘旅行
30347837, 9.0, 108, 莫奈
26699062, 8.0, 253, 如画观法
26782538, 6.9, 1007, 这幅画原来要看这里
26758317, 7.6, 389, 名画之谜：穿越时空的对决
26816694, 8.5, 158, 一个人的涂鸦时光
26599282, 8.9, 114, 肯特里奇的六堂绘画课
19964301, 8.2, 203, 日常生活颂歌
26782676, 8.6, 143, 绘安静的地方
01859905, 9.8, 63, Andrew Wyeth
26846184, 7.6, 375, 山山水水聊聊画画（魏晋－两宋）
01220943, 7.5, 422, 你不可不知道的300幅名画
26461257, 8.3, 182, 浮生物语.1
11510806, 8.1, 218, 莳花
27086839, 8.0, 240, 胆小别看画 5
25696114, 8.8, 119, 南画十六观
26362927, 8.5, 151, 忠于生活
30484703, 8.9, 109, 英国插画书拾珍
26714710, 7.5, 403, 生命的热情何在
25728106, 7.9, 256, “偷”师学艺
26345618, 8.5, 147, 看名画的眼睛.2
10423700, 9.9, 57, Gustav Klimt
27198385, 8.0, 225, 山山水水聊聊画画（元明清卷）
27620937, 9.8, 59, 伦勃朗
27000051, 7.6, 340, 浮世绘三杰
26598007, 8.8, 112, 西方绘画大师经典佳作:塞尚
30412794, 9.5, 69, 创世：梵蒂冈博物馆全品珍藏（修订升级版）
05411307, 8.9, 102, 日本漫画大师讲座2
30289897, 7.8, 265, 青眉抄
33400559, 8.0, 215, 睡莲花下的奇书
03069208, 9.3, 77, 芬奇论绘画
01153320, 8.7, 117, 艺用人体结构运动学
10465940, 9.2, 81, 中国出土壁画全集
30181025, 8.6, 123, 寺田克也 以绘画为生的方法
26780659, 7.8, 251, 约翰·列侬艺术作品集
01024526, 8.2, 170, 著名画家、雕塑家、建筑家传
10741326, 7.7, 278, 岁月是贼
27203351, 8.8, 103, 夏加尔
26382933, 7.9, 222, 绘画当为奇迹
27599909, 8.4, 140, 知·道
34816461, 8.4, 140, 名画中的猫
30518854, 9.3, 72, DK《温迪嬷嬷讲述1000幅世界名画》
01171985, 8.7, 108, 红楼梦群芳图谱
03372470, 8.6, 116, 创意素描的诀窍
01098500, 8.7, 107, 园艺花卉
01196877, 8.7, 106, 新世纪水彩人物画技法
01254388, 8.3, 146, 达.芬奇论绘画
27616673, 9.3, 70, 波提切利
33458165, 8.0, 190, 一幅画看日本
01376930, 9.1, 79, 筆紙中國畫
27048698, 9.2, 74, 日本动漫绘画中的线条设计
32485594, 9.6, 58, 意境
26378537, 7.7, 255, 古画里的中国生活
01312489, 8.4, 132, 素描指南
20382261, 9.4, 65, 幻想的艺术
01346283, 8.7, 103, 激情香水 I
06787985, 9.6, 57, Sketching
05391697, 9.4, 64, 水彩色铅笔散步写生6堂课
30214755, 8.7, 102, 角落·熬路水彩旧画
25765054, 7.5, 307, 去伦敦上插画课
07057439, 8.6, 109, 风格与观念
26435995, 7.7, 244, 魔法森林
01410361, 8.9, 87, 中国绘画史
06773764, 9.2, 71, 人体素描法
24713836, 8.7, 100, 村田雄介 漫画教室R
27599680, 8.9, 86, 竹久梦二图案集
17911108, 9.1, 75, How to Render
33646067, 8.3, 136, 画笔记
01919164, 9.6, 55, The Art of Animal Drawing
26281256, 8.7, 98, 味覺獵人
02139102, 9.5, 58, Euan Uglow
26722320, 7.5, 293, 感知艺术
01193641, 8.7, 97, 雷诺阿
26315410, 8.2, 144, 水彩奶奶Cathy Johnson的清新手绘教程
34925977, 9.3, 64, 中村佑介的插画教室
27158390, 8.3, 131, 中国的运河：苏州/杭州/绍兴/上海
06875873, 8.1, 155, 你应该读懂的100幅世界名画
30124900, 7.6, 253, 命运之画：是意外，还是宿命
01160888, 8.2, 141, 透视的艺术
07063010, 8.4, 119, WOW 不一样的插画设计
34781182, 9.2, 67, 梵高：苍穹之色
05977659, 9.4, 59, Rooftops of Paris
26909388, 8.3, 127, MoMA的绘画和雕塑
01754670, 9.0, 75, Edward Hopper
24839474, 8.3, 124, 色彩圣经
01946852, 9.3, 61, On Drawing Trees and Nature
27621508, 9.1, 69, 路米斯经典美术课
04850617, 7.9, 175, 安野光雅的七堂绘画课
27182184, 8.9, 78, 克利
30245144, 9.3, 60, 热爱生活——大卫·霍克尼作品集
01861237, 9.5, 53, Figure Drawing for All It&#39;s Worth
26388669, 7.5, 258, 一公分
34816492, 7.2, 364, 古色之美
04578686, 7.4, 283, 卡夫卡的画笔
26990010, 8.7, 86, 简·海恩斯的写意水彩
05915006, 9.0, 70, 世界绘画经典教程
01484767, 9.3, 58, The Illusion of Life
01043236, 8.4, 107, 英国水彩画大师
26580774, 8.4, 107, 角落生物的生活
10483553, 9.2, 61, David Hockney
01132033, 8.8, 79, 人体素描的艺术
01861230, 8.7, 84, Fun with a Pencil
01222680, 8.8, 78, J.夏帕德动态人体解剖
26827315, 9.3, 56, 牛津艺用人体解剖学（经典版）
01221141, 7.9, 158, 儿童绘画与心理治疗
27112491, 7.9, 156, 印象派的敌人
27003173, 8.1, 130, 典藏:经典世界名画高清图集
01814322, 9.3, 55, 外国钢笔画选集
01441605, 9.2, 58, Drawing the Head and Hands
33455462, 9.2, 58, 永山裕子的水彩心得
26654592, 9.6, 46, What Paintings Say
27620869, 9.6, 46, 拉斐尔
01007267, 8.8, 74, 《神曲》图集（鲁迅藏书）
01429281, 8.4, 98, 世界名画家全集
01452345, 8.6, 84, 徒手绘画及速写
34857305, 9.6, 45, 名家大手笔
25912904, 8.0, 135, 行动中的绘画
34834028, 8.5, 89, 图说勃鲁盖尔
33459754, 9.7, 42, 拉斐尔：柔美与和谐
26816953, 8.3, 102, 图像的肉身
34918470, 8.3, 102, 世界上有一个你，只有我知道
27098403, 7.6, 192, 这幅画还可以看这里
01946621, 9.2, 54, Gerhard Richter
27067763, 7.6, 187, 安野光雅的十二堂绘画课
35012557, 9.2, 53, 宝贝，一起环游世界吧！（全6册）
26930178, 7.7, 164, 发现中国画的秘密
30304733, 9.5, 44, 路米斯经典美术课
30325282, 9.5, 44, 什么都能拿来画
01032798, 8.3, 96, 和孩子一起享受艺术
30194291, 8.9, 62, 风格与世变
04134406, 8.8, 66, 看！身体怎么说话
26861719, 8.3, 94, 绘森活：薇蓝
30324008, 8.0, 120, 安野光雅绘画人生
01904025, 9.0, 57, MATTE PAINTING
26928013, 8.1, 109, 艺术形式
27061235, 8.9, 60, 西方学院派素描教程
02585915, 9.7, 38, Force
06105683, 8.6, 73, 我怎样画工笔花鸟画
30324016, 7.8, 138, 画中有猫
11615440, 8.5, 77, 珠宝设计绘图入门
27069093, 9.3, 46, DK 艺术家手册
01934438, 8.8, 61, 菲菲的开心妙计
10598662, 8.0, 110, 我的画就是我的记忆
03880740, 9.0, 53, 芥子园画谱
06982070, 8.0, 108, 手绘的创意日志
20432629, 8.5, 73, 幸福四季水彩花园
30484154, 8.5, 73, 《轻手帐：用手帐留住美好生活》
01704014, 8.4, 78, 你应该了解的100个西方名画故事
30271918, 8.8, 59, 凡·高
26742166, 8.7, 63, 500年大师经典色彩风景
34919557, 9.1, 49, 张光宇小集
26879171, 7.5, 169, 鲁迅藏浮世绘
27163720, 8.7, 62, 你的孩子和他的艺术
01450694, 8.8, 58, 米勒传
10549645, 9.0, 51, 力
30329832, 8.4, 76, 理解孩子的画
25849524, 9.2, 45, 日本超级漫画课堂：人物素描与写实
34780880, 7.5, 164, 中国绘画的深意
01197859, 8.8, 56, 戴敦邦聊斋人物谱
26789784, 7.2, 210, 插画考
01962123, 8.6, 61, 画室──塞尚与加斯凱的对话
02034031, 9.8, 31, The Country Diary of an Edwardian Lady
04268650, 9.8, 31, 智慧小孩 远在天边
04733825, 8.7, 57, 儿童早期艺术创造性教育
25720193, 8.7, 57, 清新彩铅微笔记. 花草集
26281082, 7.1, 232, 涂鸦笔记
27063502, 9.6, 34, Henri Matisse
26323285, 8.9, 50, 水彩画专业技法
26339251, 6.4, 611, 人生随时可以重来
20475579, 8.1, 87, 手绘日志
10761238, 8.2, 80, 墨梅
34432029, 8.7, 56, 四季物语
30203787, 9.7, 32, 华丽的地图
34997373, 8.4, 68, 书中漫步
22225360, 8.0, 91, 西方绘画大师经典画作赏析
03705916, 8.8, 51, 小山画谱
01809955, 8.4, 66, 铅笔素描肌理
21241464, 7.7, 116, 做个风格插画家
02990586, 9.1, 42, 安格尔素描
34649867, 7.2, 188, 642幅可画的画
02998659, 8.1, 81, 德国新媒体插画教程2
02304506, 7.9, 95, 儿童绘画心理学
27608666, 7.6, 123, 名画里的猫
01103655, 8.2, 74, 透视
11593361, 9.1, 41, 你的艺术家大脑
35052844, 9.7, 30, CG造型基础与创作·入门篇
30209623, 9.5, 33, 偽好物
20505731, 8.3, 68, 有生之年非看不可的1001幅绘画
10463357, 7.8, 99, 在黑暗中绘画
26938818, 8.6, 54, 我的疯狂发明书
26850338, 7.8, 98, 游戏动漫人体结构造型手绘技法
26732543, 8.2, 71, 水彩技法完全指南：贵图子的37堂实用水彩课
33459790, 8.8, 47, 达·芬奇：天才的秘密
05957943, 8.8, 46, 色彩艺术
26617116, 8.6, 52, 张择端《清明上河图》导览
26766968, 9.7, 28, 大城市
02538693, 8.8, 45, An Atlas of Animal Anatomy for Artists
01042470, 9.0, 40, 戴敦邦新绘红楼梦稿本-画稿.眉批.札记
27616979, 8.4, 58, 侘寂之美与物哀之美
30320949, 7.2, 163, 线条的魅力
30295958, 8.5, 54, 莫奈手稿
26930175, 7.0, 200, 宋画三讲
01156005, 9.0, 39, 图画见闻志
34833492, 9.0, 39, 洛煌笈
28441279, 9.3, 33, 世界绘画经典教程：铅笔素描的乐趣（第2版 ）
34945437, 8.9, 41, 灯塔之书
26928111, 7.2, 157, 绘画中的日常
30349084, 8.3, 60, 捕梦艺术
30304734, 8.7, 46, 路米斯经典美术课
26822671, 7.5, 115, 绘画鉴赏方法
26760979, 6.6, 324, 画框里的男人装
06806524, 9.1, 36, Pantone色彩聖經
20269243, 9.1, 36, 一枝鉛筆就能畫
26798352, 7.4, 124, 蒸汽朋克艺术
25974670, 8.2, 63, 青梅引
10829052, 7.3, 136, 成为插画师
06817035, 9.5, 29, 漫画密技
03648612, 9.9, 24, 宫室楼阁之美
30358814, 8.5, 50, 大都会艺术博物馆：馆藏绘画
06390611, 9.4, 30, Light for Visual Artists
26953139, 8.9, 39, 水彩画完全自学宝典
26237246, 7.8, 83, 寻找如画美
26634268, 9.3, 31, 神筆丹青
01343784, 8.3, 56, 像藝術家一樣思考
03000096, 7.9, 75, 欧洲最新商业插画
10748010, 9.1, 34, 史努比漫画全集1
34899913, 8.3, 55, 爱上莫奈
26061084, 8.8, 40, 静物：陈丹青画册写生1998-2014
10481057, 8.0, 68, 瞥见死神
03582288, 9.7, 25, 林风眠画集
25929514, 8.2, 58, 水彩从入门到精通
01450877, 8.6, 44, 绘画构图基础教程
26769812, 9.1, 33, 春雨
27621505, 8.7, 41, 路米斯经典美术课
26905838, 7.3, 120, 视觉思维
34867619, 8.4, 49, 莫奈：光的印象
01204148, 9.1, 32, 顾仲安钢笔行书字帖
24732639, 8.7, 40, 童画家
34816455, 8.2, 55, 名画中的鸟
07004122, 8.3, 51, 世俗的肉身
27618391, 8.8, 37, 构图的秘密(快速提升画面效果的黄金法则)/西方经典美术技法译丛
26416799, 9.4, 27, 超级漫画CG技法完全自学教程：线稿+透视+光影+上色+质感
27619607, 9.0, 33, 波洛克传
27086135, 8.4, 47, 漫画家入行手册
05922099, 9.3, 28, 世界绘画经典教程
26716401, 8.6, 41, 像透纳那样画水彩
27116515, 8.0, 61, 宋元绘画
01051465, 8.4, 46, 圣经图录
19948616, 8.4, 46, 线条、光线和色彩
27003749, 8.4, 46, 艺术简史
34821016, 8.9, 34, 百绘山海经
25865937, 8.5, 43, 造就全人的艺术教育
01143736, 8.6, 40, 人物默写教程
34845991, 8.6, 40, 中国画之风格
30464898, 8.8, 35, 白话芥子园
10332424, 7.7, 74, 漫客绘意
27052400, 8.6, 39, 油画棒创想绘
05423122, 7.5, 86, 如何成为插画师
30395988, 6.6, 228, 伟大的艺术献给小小鉴赏家
25828634, 7.6, 78, 自由绘画：插画师要知道的84个创作技巧
30234953, 7.6, 78, 清华少儿艺术启蒙·第一次发现名画之美
01861609, 8.6, 38, Keys to Drawing
20507371, 8.9, 32, 超级漫画创作技法图解教程：动态人物衣褶的画法
01205366, 8.3, 45, 家庭艺术馆典藏系列-世界名画与巨匠-莫迪里阿尼
20382257, 8.3, 45, Graphic
27027534, 9.5, 23, Essentials of Kinesiology for the Physical Therapist Assistant ；基礎肌動學 by Paul Jackson Mansfield、Donald A. Neumann
02147780, 9.4, 24, Cartooning the Head and Figure
27140456, 9.4, 24, 竹林
04226156, 9.3, 25, Charles Bargue and Jean-Leon Gerome
27103074, 8.8, 32, 特里·哈里森的水彩课Ⅰ
25774377, 7.4, 85, 道德镜鉴
03831468, 8.9, 30, 勃鲁盖尔
01058269, 8.4, 40, 西洋名画巡礼・建筑讲话
30156268, 9.1, 27, 中村爱的水彩课Ⅰ：简单五步学水彩
26269629, 8.5, 37, 魔镜——埃舍尔的不可能世界
34955194, 8.5, 37, 葛饰北斋：浮世百景
26865358, 9.5, 22, 超人气动画角色设计攻略
04589676, 9.3, 24, Imaginative Realism
30244506, 9.2, 25, 千本の花束 海島千本作品集
26847346, 8.9, 29, 极彩色的魔术师：藤原CG插画绘制技法
27198384, 8.9, 29, 跟巨匠学配色的基本
20562619, 9.1, 26, 手繪城市
35033230, 9.8, 19, 小样教你画生活简笔画
01392945, 8.4, 38, 跟塞斯学素描
26393464, 8.4, 38, 结构素描基础教程
04872849, 8.2, 43, 伯里曼画手
30396222, 9.4, 22, 透视画法入门
01442721, 7.4, 77, 美国插图史
27109157, 7.8, 55, 秋：梦行云
01058905, 7.7, 59, 油画技法
34998064, 8.4, 36, 鬼刀2WLOP个人插画作品集
34907928, 8.6, 32, 中国绘画史
27170498, 7.7, 58, 油画棒画得比油画还棒
20269055, 9.2, 23, 小小花国国王
23780691, 9.2, 23, 世界绘画经典教程
27038744, 7.5, 66, 跟菲利大叔学手绘：如何成为一名插画家
01434134, 8.6, 31, 蒋兆和
01762704, 8.7, 29, The New Drawing on the Right Side of the Brain
30344661, 8.7, 29, 台纸上的植物世界
27016205, 7.0, 103, 从莫奈到梵·高，印象派里有什么
25972806, 8.0, 44, 水彩小时光
04925200, 9.7, 18, 门采尔素描全集·头像素描
26780644, 8.1, 41, 漫画创作法
05261661, 8.3, 36, 直觉素描
34808035, 7.4, 69, 名画日历2020
04714697, 8.1, 40, 印象派绘画中的时尚女性与巴黎消费文化
30428985, 7.7, 53, 有生之年一定要看的1001幅画（第4版）
03831472, 8.5, 31, 绘画构图学
06573263, 9.6, 18, Figure Drawing for All It&#39;s Worth
02028547, 9.1, 22, 设计素描
30360553, 7.7, 50, 第一次发现名画之美：达芬奇
02998924, 8.9, 24, 水彩技法百科全书
26814115, 8.9, 24, 国际插画大师惠特拉奇的动物绘本
26296454, 8.6, 28, 美术中的流光
30350506, 7.3, 69, 第一次发现名画之美：高更
26789578, 8.8, 25, 文身的艺术
26355587, 8.4, 31, 速写时光
23134209, 8.5, 29, 和孩子一起涂鸦
34902998, 8.5, 29, 水彩私藏笔记——意大利人文之旅
26879000, 7.1, 80, 典藏——印象派作品高清图集
34835529, 9.6, 17, 水彩颜料调色方法600例
06982069, 8.6, 27, 马克笔的魅力
03884420, 8.3, 32, 安野光雅寫給大家的七堂繪畫課
34922377, 9.1, 21, 克里姆特：变形的真实
34805506, 8.9, 23, 穿越幻想之门的插画师：凯·尼尔森
30146855, 7.6, 51, 容貌即是一切
27093009, 7.1, 76, 美的反叛者
30125612, 7.1, 76, 名画时尚考
30368456, 8.3, 31, 别靠墙，油漆未干！
27666400, 8.6, 26, 水彩必修课
26287657, 6.6, 127, 水色斑斓
34816450, 7.5, 53, 名画中的狗
05916351, 9.5, 17, 流民图
25952618, 6.8, 99, 绘画心理学
21266883, 8.8, 23, 6堂课学会绘画
24716087, 7.3, 61, 弗里达原来可以这样看
34872494, 8.7, 24, 透纳：火与雾
30336143, 9.6, 16, 哲人神彩 : 100位世界著名哲学家肖像
01833651, 8.6, 25, 何多苓.忧伤的诗歌
05351812, 8.0, 35, CG漫画人物技法讲座
25888553, 9.4, 17, 旅繪人生
01204606, 9.7, 15, 唐诗三百首(彩图注音)
06306195, 8.8, 22, 快描教室漫畫企劃講座1
19980512, 8.8, 22, 克里姆特速写全集
26755708, 9.5, 16, 前行：斯蒂夫·汉克斯
27008941, 6.8, 91, 趁一切还来得及，做自己喜欢的事
04925198, 8.3, 28, 门采尔素描全集·风景速写
11610499, 8.3, 28, 动画的时间掌握
24843985, 7.6, 44, 黑色不过滤光芒
26362418, 7.1, 65, 在咖啡馆画画
33418350, 9.0, 19, 21天精通水彩
04249110, 7.8, 37, 脸该怎么画
33787952, 9.1, 18, 凡·高的素描本
34814421, 9.7, 14, 世界名师的绘画课: 人像入门
26285874, 8.7, 21, 构图的诀窍
30188113, 8.8, 20, 隐秘的知识
30166906, 8.6, 22, 100幅印象派名画中的巴黎
34835834, 9.3, 16, 丙烯颜料调色方法500例
05922928, 8.9, 19, 凯绥·珂勒惠支人物素描（下册）
30208776, 8.9, 19, 科幻速写
11599218, 9.0, 18, 旅途上的畫畫課
30254443, 8.2, 27, 如何成为一名插画师 第2版
26799979, 7.0, 65, 管饱10年的漫画家入门
26931264, 9.1, 17, 超级英雄的超级手册
30353939, 9.1, 17, 与绘画相伴一生
06432298, 8.3, 25, 超级漫画素描技法-人物结构篇
25961945, 8.3, 25, 小熊老师零基础神奇绘画课
30355752, 8.3, 25, 向大师致敬:高更
02254082, 7.9, 31, 从提香到戈雅
30408874, 7.4, 44, 大美不言：中国画论体系及其批评
30477871, 8.9, 18, 哈尔滨水彩笔记
01418479, 9.7, 13, 陈洪绶
25870945, 7.5, 40, 生命清供
27101352, 7.5, 40, 插画教室(专业插画设计技法精解)
19966092, 6.9, 66, 1000种可爱图案，一学就会的简单铅笔画
03840350, 9.0, 17, 常玉畫集
26306392, 8.5, 21, 希腊美术模仿论
02819545, 9.6, 13, Dynamic Wrinkles and Drapery
27104937, 9.8, 12, Framed Perspective Vol. 1
26575887, 7.7, 32, 十光年
20406859, 8.6, 19, 完美教学-线描速写
03636437, 9.3, 14, Force
27061259, 8.7, 18, 向大师学绘画
33397521, 8.0, 26, 艺术里的地狱与天堂
26386761, 7.5, 36, 甜心笔记
30422625, 8.2, 23, 为什么让人思念的总在于远方
27599314, 8.9, 16, 世界绘画经典教程：水彩奶奶的速写簿
35052596, 9.4, 13, CG造型基础与创作·进阶篇
05392376, 7.8, 28, 中国美术小史·唐宋绘画史
26576230, 8.6, 18, 铅笔素描入门
26576534, 8.6, 18, 最美的花绘教科书
27616773, 8.2, 22, 中国绘画史纲
34869376, 9.3, 13, 敦煌画研究
34904750, 9.1, 14, 德加：动态的艺术
27104938, 9.5, 12, Framed Perspective Vol. 2
30270983, 7.9, 25, 21天精通素描
26285858, 8.9, 15, 头与手的素描
26358054, 7.5, 32, 卢浮宫画作珍藏集
34865576, 7.7, 28, 艺术中的经典文学形象与故事
30285916, 8.1, 22, 信仰真实：维米尔作品赏析
10484648, 7.7, 27, 中国现代绘画史（第二卷）
02980565, 8.1, 21, 中国美术史及作品鉴赏
25879582, 8.0, 22, 超级漫画创作技法图解教程：从人物写真学习人物画法
34778076, 9.1, 13, 跟菲利大叔学手绘：绘画第一课
24371438, 7.3, 34, 快速绘画
26700105, 6.8, 51, 从零起步：素描基础教程
02325701, 8.9, 14, 中国国家博物馆馆藏文物研究丛书·绘画卷（风俗画）
30328514, 7.8, 24, 创意北欧插画实验室
26966117, 8.2, 19, 绘画构图与形式
10732588, 8.1, 20, 绘画与文学-民国文学文化名著
30285921, 8.1, 20, 黑色美学：戈雅作品赏析
30372256, 8.3, 18, 绘画的基本
30306889, 7.7, 25, 艺术密语书系：油画艺术的秘密语言
27138690, 7.1, 38, 山水思想
20022128, 9.4, 11, Freehand Drawing and Discovery
03039373, 8.6, 15, 八十七神仙卷临摹范本
30285925, 8.1, 19, 光与影之舞：莫奈作品赏析
30234605, 8.0, 20, 植物手绘艺术
34961035, 8.2, 18, 漫画创作指南：剧本写作
34932963, 8.9, 13, 遇见Echo的钢笔淡彩——水彩插画技法详解
03621536, 8.7, 14, 空気を描く美術
11626453, 8.4, 16, 水彩画工作室I
27204443, 7.1, 35, 典藏——西方绘画大师极具影响力的肖像画高清图集
26994273, 7.3, 30, 卡普空黄金十年视觉艺术图鉴2004-2014
33394612, 8.8, 13, 米开朗基罗
34672175, 7.2, 31, 口袋美术馆：女性艺术家
26715710, 7.5, 25, 以水为媒：水彩画入门完全自学教程
21791844, 9.2, 11, 欧洲专业艺术家用.美术设计透视全书
27599326, 8.9, 12, 世界绘画经典教程：水彩奶奶Cathy Johnson的写生精要
01482924, 8.7, 13, Eye of the Painter
26857568, 8.7, 13, 創意插畫聖經
01792689, 9.1, 11, 纽约现代艺术博物馆藏绘画名作选
30756360, 6.7, 43, 颜色里的中国画·蓝
30285923, 7.4, 25, 温柔的颠覆：马奈作品赏析
03622113, 8.6, 13, 无上粉本寺中寻
26318413, 8.0, 17, 首饰绘
34883032, 7.6, 21, 又见大唐
21345890, 8.2, 15, 山西古建写生
34814418, 9.2, 10, 世界名师的绘画课: 色彩入门
34869895, 8.5, 13, 插画教室——专业插画设计基础教程
01548702, 8.0, 16, Drawing Portraits
24635681, 7.4, 22, Shazam! Vol. 1
34926483, 8.4, 13, 赖利法·人体与动物结构
34937633, 8.2, 14, 莱奥纳多·达·芬奇：绘画论
25779110, 7.9, 16, 油画风景写生与创作
30347628, 8.9, 10, 运动中的人体结构
20269830, 7.7, 17, 中国壁画史
27071804, 7.7, 17, 素描圣经
34824058, 8.4, 12, 速写随手画
27021666, 8.6, 11, 水彩技法全书
02820317, 8.0, 14, Drawing Scenery
34900431, 8.0, 14, 雷诺阿：画中的幸福
03279399, 7.7, 16, 一超直入如来地
30272679, 7.5, 17, SSbook超人气绘师精讲教程：水彩零基础篇
30285928, 7.3, 19, 心向光明：雷诺阿作品赏析
07013777, 8.6, 10, A Yorkshire Sketchbook
26699696, 6.9, 24, 画什么，怎么画
06901644, 7.8, 13, 无模特人像绘画
34809855, 7.8, 13, 时光的倒影：艺术史中的伟大园林
26827443, 7.5, 15, 不语禅
34884825, 7.3, 16, 反传统素描教程
10994804, 7.5, 14, 不存在的維梅爾
10520483, 7.8, 12, 绮罗人物
25953697, 5.7, 58, 水彩画入门，一本就够了
10463488, 7.7, 12, 人物头像结构形态学
30285905, 7.7, 12, 诗意的光彩：波提切利作品赏析
04876364, 7.8, 11, 女性的光彩
26987829, 8.0, 10, 素描技法大全
10484649, 6.9, 16, 中国现代绘画史（第三卷）
26577174, 6.8, 17, 超级彩图馆:30天学会绘画
26870317, 5.6, 50, 唤醒你沉睡的创造力
26783193, 7.2, 13, 凡·高
34820472, 7.2, 13, 景观社会的图像——20世纪90年代以来的欧洲绘画研究（清华大学优秀博士学位论文丛书）
30768017, 6.2, 25, 数字绘画技法丛书--Procreate绘画创作从入门到精通
30285910, 7.1, 13, 美神的追求者：丢勒作品赏析
06727664, 6.2, 24, 波提切利画传
27599337, 7.3, 11, 世界绘画经典教程：水彩奶奶的水彩簿
26984155, 5.3, 56, 清华少儿艺术启蒙·第一次发现名画之美
27061250, 6.6, 14, 向大师学绘画
10433882, 5.2, 43, 零基础学画漫画1
26788801, 6.8, 10, 速写基础入门
26992871, 6.8, 10, 畫張圖想得更清楚！
30423373, 6.2, 12, 动态人体结构
26394873, 0.0, 10, 张光宇集（共四卷）
26855282, 0.0, 10, 牛津艺用人体解剖百科-W
30327239, 0.0, 10, 限时人物速写技法(10分钟5分钟2分钟1分钟)
34881769, 0.0, 10, 西方艺术通史 ——从艺术看西方历史，从人文、画作读懂西方的发展
31289429, 0.0, 11, 图说中国绘画颜料
34842758, 0.0, 11, 名画之最
03508410, 0.0, 12, 李壮平李勤油画作品
30419686, 0.0, 12, 安德鲁·路米斯的素描课Ⅰ
34778318, 0.0, 12, 艺用表情结构
35063809, 0.0, 12, 蝴蝶拟人，给科普来点萌
35019300, 0.0, 16, 嘉卉
02185146, 0.0, 17, 油画人体
30319988, 0.0, 17, 一念一事
26762243, 0.0, 27, 速写实用教程
35088492, 0.0, 77, 生活蒙太奇
