2020-07-05 16:00:14

number of books, tag name
210, 绝望

ID, rating, votes, title
01770782, 8.9, 647952, 追风筝的人
03066477, 9.3, 222580, 三体Ⅱ
03211779, 8.9, 411960, 嫌疑人X的献身
05363767, 9.2, 214997, 三体Ⅲ
27614904, 9.2, 192614, 房思琪的初恋乐园
04820710, 9.3, 147879, 1984
02567698, 8.8, 375321, 三体
10594787, 9.0, 184338, 霍乱时期的爱情
01029791, 8.8, 191244, 许三观卖血记
04908885, 9.0, 129294, 局外人
01061118, 9.1, 86506, 活着
01057244, 8.7, 178962, 边城
01017143, 8.5, 200887, 不能承受的生命之轻
02143732, 8.8, 91251, 灿烂千阳
02154960, 8.7, 107020, 一个陌生女人的来信
01043815, 8.4, 151835, 骆驼祥子
01046265, 8.0, 317937, 挪威的森林
01786670, 8.9, 52346, 百年孤独
05299764, 9.4, 20464, 1984
01008988, 8.4, 107086, 了不起的盖茨比
01119522, 8.4, 102870, 呼啸山庄
01013416, 8.6, 60025, 雷雨
01011754, 8.9, 33452, 海子的诗
01014278, 8.4, 79125, 红玫瑰与白玫瑰
05350303, 9.3, 17512, 活着
03017857, 8.6, 49035, 金锁记
01474842, 9.1, 17584, NANA（1-13）
01449348, 8.9, 22093, 彷徨
02297697, 8.6, 34202, ZOO
01418686, 8.7, 27666, 红拂夜奔
01292416, 8.5, 36286, 香水
01941558, 8.6, 29623, 设计中的设计
26963900, 8.9, 18160, 房思琪的初戀樂園
01213546, 8.4, 40968, 变形记
03012517, 8.6, 27902, 小姨多鹤
20428302, 9.1, 12133, 失明症漫记
01082162, 8.4, 35988, 第一炉香
02053249, 8.1, 62229, 麦田里的守望者
01159939, 8.6, 24423, 一个陌生女子的来信
01062343, 9.2, 9841, 昨日的世界
01424741, 8.5, 28758, 心是孤独的猎手
01440468, 9.0, 12365, 漩涡
06973970, 8.3, 35466, 人间失格
02209098, 7.8, 90010, 致我们终将逝去的青春
20392523, 8.5, 22949, 没有人给他写信的上校
04074636, 7.6, 121330, 放学后
01082518, 7.9, 59967, 麦田里的守望者
01020670, 8.3, 27954, 舞！舞！舞！
01025753, 8.2, 32612, 妻妾成群
26647769, 8.2, 31066, 人间失格
01059112, 9.1, 7027, 百年孤独
01030052, 7.9, 47083, 清醒纪
01465324, 7.7, 67780, 洛丽塔
01065970, 7.8, 51147, 彼岸花
01329941, 8.6, 11208, 東京BABYLON (Vol. 1)
26598807, 9.0, 6111, 人鼠之间
01081422, 9.0, 5903, 卡夫卡小说全集（全三册）
01043485, 8.2, 19610, 檀香刑
01442678, 8.7, 8653, 魚
01467333, 8.6, 9522, 圣传画集
02067269, 9.4, 3249, MONSTER-怪物-01
03102324, 7.7, 44694, 秘密
03111270, 9.4, 3182, 一九八四
03335362, 8.5, 10212, 大教堂
01015864, 9.0, 4923, 惶然录
01016300, 7.1, 161992, 梦里花落知多少
01473895, 9.1, 4128, 白夜行
01318126, 8.4, 11067, 雪国
01018153, 7.8, 31681, 水仙已乘鲤鱼去
02339950, 7.7, 37705, 被窝是青春的坟墓
01058234, 7.7, 37343, 二三事
01926700, 7.7, 35875, 关于莉莉周的一切
03114959, 8.9, 4815, 至死不渝的愛
01029159, 7.5, 51463, 八月未央
01873281, 8.7, 6088, 少年残像
06434543, 8.0, 18129, 龙族Ⅱ
02139305, 7.7, 30673, 巴别塔之犬
01013419, 8.8, 5025, 张爱玲全集1：长篇小说·半生缘
25822105, 8.3, 10266, 无缘社会
01016523, 7.5, 40378, 告别薇安
04737325, 8.2, 10190, 维罗妮卡决定去死
01067907, 8.1, 10936, 长恨歌
01031146, 8.9, 3415, 台北人
25891771, 7.7, 21931, 失乐园
01059406, 7.0, 101836, 幻城
03114975, 8.9, 3280, 人頭氣球
01948502, 7.7, 20593, 1995-2005夏至未至
01076045, 7.7, 19941, 连城诀
04241870, 7.6, 23160, 我在回忆里等你
01970845, 9.4, 1668, 野草
01006004, 7.5, 25662, 樱桃之远
04259314, 8.3, 5883, 人间失格
01449626, 8.7, 3356, The Catcher in the Rye
01082233, 9.1, 2033, 平凡的世界
03274851, 8.0, 9203, 原谅我红尘颠倒
01023500, 7.6, 18591, 告别薇安
01351652, 8.5, 4237, 路德維希革命1
01078554, 8.0, 8371, 情人
01125283, 9.0, 2074, 莎士比亚悲剧集
01793713, 8.4, 4370, 中国北方的情人
03290028, 8.4, 4317, 孤城闭
01440243, 8.8, 2438, 索拉里斯星
05385349, 8.4, 4081, 人间失格
01436348, 7.7, 12147, 八月未央（修订版）
02078991, 8.7, 2583, 绝爱-BRONZE-
01420368, 7.5, 16012, 裂锦
02038238, 8.4, 3587, 戒音
26577688, 8.6, 2720, 斜阳
01348667, 9.2, 1293, 活著
01927748, 9.0, 1595, 新世紀福音戰士01
01480747, 8.6, 2525, 人間失格
01417577, 8.7, 2202, 庸才 1
26935435, 7.7, 9622, 大裂
01972266, 7.7, 8492, 余欢
02073249, 8.6, 2206, 妖色小周
01075492, 8.0, 4809, 洛丽塔
03865832, 7.1, 25174, 变身
30190063, 8.2, 3408, 人间失格
02149169, 8.1, 3688, 水仙已乘鲤鱼去
01203293, 8.7, 1596, 张爱玲散文
03223552, 7.8, 5261, 转山
01322158, 7.7, 5966, 同门
01069754, 8.2, 2702, 红处方
02221902, 8.1, 3104, 少年维特之烦恼
01667254, 7.8, 4675, 飞狐外传（上下册）
04901590, 7.7, 5390, 初夏荷花时期的爱情
01025562, 8.1, 2716, 城北地带
02036569, 8.3, 2018, 愤怒的葡萄
02283762, 8.4, 1708, 钟形罩
02377002, 7.9, 3045, 和我们的女儿谈话
01947653, 8.3, 1659, 糖果子弹
03026449, 7.6, 4268, 告别薇安
02062200, 6.2, 100680, 悲伤逆流成河
01441503, 8.8, 849, The Book of Bunny Suicides
02280027, 7.6, 4048, 自杀俱乐部
01418345, 8.3, 1461, 英国病人
03225756, 8.1, 1880, 灰故事
02178315, 9.1, 578, A Thousand Splendid Suns
01205431, 8.9, 705, 九三年
01962711, 7.8, 2703, 地獄星
01081971, 7.9, 2301, 拯救乳房
01400058, 8.6, 861, 罗生门
03150092, 9.5, 327, 異色短篇集4-思鄉的老人
10453121, 7.2, 5154, 下面，我该干些什么
01438954, 8.2, 1124, 米
06040895, 7.6, 2516, 憾生
02146035, 7.6, 2267, 昼若夜房间
02346977, 8.8, 510, Into the Wild
01641472, 9.0, 386, 白痴
01444225, 7.3, 3119, 那么，爱呢？
01340962, 8.3, 691, 蒙馬特遺書
01072213, 8.7, 419, 一个陌生女子的来信
02074103, 8.1, 776, 残酷な童話たち
01766731, 7.8, 1112, 绝望
01797118, 8.7, 395, 丧失为人资格
01828383, 8.4, 498, 死于威尼斯
11592890, 8.3, 544, 人间失格
10465299, 8.9, 297, 毒伯爵該隱 01
26811334, 7.2, 2232, 疼
01038010, 7.2, 2150, 血玲珑
01016060, 7.2, 2062, 没有月亮的晚上
03200161, 7.1, 2302, N·P
25787500, 8.3, 423, 我忘记了自己自杀的理由
26859848, 8.9, 235, 黑铁时代
10773549, 8.9, 230, 致死的疾病
01063806, 9.1, 191, 野草
01054088, 8.2, 424, 苏菲的选择
20444434, 9.2, 167, 罪与罚
02301012, 7.7, 607, 一个岛的可能性
01075828, 7.4, 786, 近似无限透明的蓝色
02124537, 8.4, 245, The Road
01805916, 8.9, 154, 赫索格
01438492, 9.4, 106, 長夜漫漫路迢迢
01970744, 8.3, 226, 赫索格
01520129, 7.0, 1056, 异乡人
26347185, 8.7, 147, 微妙的平衡
01077151, 7.3, 619, 瑞典火柴
05437075, 7.9, 300, 解读绝望
02220643, 8.3, 196, The Road
03411662, 6.7, 784, 迴廊亭殺人事件
01202000, 7.8, 165, 麒麟夜(倾城之恋系列)
02221080, 8.2, 111, 拯救与逍遥
25966132, 8.3, 101, 《天注定》手稿珍藏本
02069639, 8.6, 76, The Walking Dead Vol. 3
02069643, 8.4, 87, The Walking Dead Vol. 2
26660745, 8.7, 69, 羅生門
01431185, 6.9, 369, 晴天
01434517, 7.8, 129, Memories of My Melancholy Whores
34796122, 7.7, 139, 狗与水
02069642, 8.5, 69, The Walking Dead
02069644, 8.5, 69, The Walking Dead Vol. 5
01523720, 8.6, 61, 柔嫩的臉頰
26608141, 7.9, 102, 爱与希望的小街
02039917, 9.0, 45, &#39;night
01429887, 7.1, 207, 没什么要紧
02368858, 9.1, 39, Film School Confidential
03416723, 7.1, 149, 白貌傳道師
04840945, 6.9, 182, 听说每一颗星球都会哭泣
02959004, 8.4, 47, The Walking Dead
30402326, 8.4, 47, 迷路人间
02567559, 5.5, 1524, 双生（2011纪念版）
01367163, 8.7, 34, 當尼采哭泣
04027822, 7.9, 56, 朝着天堂走
01059708, 7.8, 52, 冲向天空找月亮
06528182, 7.3, 76, 生命逝如斯
10545439, 7.4, 61, 南京，我的夜生活
30214944, 7.7, 30, 十年霜刃
01523876, 0.0, 10, 蝴蝶梁祝
02043015, 0.0, 11, 捡到大魔王
35044039, 0.0, 19, 拳击手的儿子
