2020-07-05 16:00:14

number of books, tag name
747, 网络文学

ID, rating, votes, title
02567698, 8.8, 375321, 三体
03674537, 9.1, 87811, 明朝那些事儿（1-9）
01873231, 8.7, 182714, 明朝那些事儿（壹）
01948901, 8.3, 160116, 盗墓笔记
04242172, 8.1, 230396, 天才在左 疯子在右
24754316, 8.7, 56075, 最好的我们
01003000, 8.3, 112845, 悟空传
04231381, 8.4, 48888, 那些回不去的年少时光
01020459, 8.4, 46999, 此间的少年
26414020, 8.0, 95860, 我不喜欢这世界，我只喜欢你
01461903, 7.8, 138122, 何以笙箫默
01882933, 8.1, 73253, 鬼吹灯之精绝古城
02298149, 8.4, 37439, 盗墓笔记3
03879301, 7.9, 95238, 微微一笑很倾城
03266344, 8.4, 34886, 盗墓笔记4
02326571, 8.5, 28324, 琅琊榜
04732378, 8.7, 19512, 那些回不去的年少时光·终场
27608412, 8.4, 31142, 默读
01812439, 8.1, 53775, 步步惊心
02057285, 8.2, 42258, 盗墓笔记2
26939596, 8.8, 13742, 殺破狼
01030052, 7.9, 47083, 清醒纪
03268399, 8.4, 18451, 上海堡垒
26680113, 8.6, 13349, 那个不为人知的故事
02256438, 7.8, 55994, 素年锦时
26886310, 8.8, 9272, 有匪1
01926103, 8.0, 34243, 鬼吹灯之云南虫谷
27198567, 8.6, 11670, 有匪（全集）
01063190, 8.0, 32199, 蔷薇岛屿
06531656, 9.3, 4341, 麒麟之与子同袍
01485224, 8.5, 13111, 悟空传
02283084, 8.0, 27161, 云中歌1
01316622, 8.3, 15482, 诛仙1
01016300, 7.1, 161992, 梦里花落知多少
01938591, 7.9, 27065, 鬼吹灯之昆仑神宫
26989242, 9.1, 4125, 有匪2
01916726, 7.8, 31507, 鬼吹灯之龙岭迷窟
01312997, 9.0, 4374, 香初上舞·终上
01261471, 8.7, 6465, 香初上舞
03155622, 8.1, 15821, 庆余年·壹
01276930, 9.0, 3998, 香初上舞·再上
01049189, 7.3, 73925, 1995-2005夏至未至
11528339, 8.1, 14244, 藏海花
01024217, 7.4, 55654, 第一次的亲密接触
10561209, 8.7, 5589, 全职高手1·放逐斗神
26613061, 8.9, 4248, 九州·缥缈录
26778494, 8.5, 7210, 大哥
06120039, 8.3, 9674, 曾许诺·殇
30246163, 8.5, 6954, 默读.2
01016523, 7.5, 40378, 告别薇安
02303588, 8.0, 15072, 心理罪
01321018, 8.2, 10579, 九州·羽传说
03412107, 8.3, 8983, 步步惊心（上下）
05980360, 8.0, 14632, 曾许诺
06773643, 8.0, 14047, 橘生淮南·暗恋
34466299, 8.6, 5462, 天才基本法
07564736, 8.2, 9963, 那些年，我们一起追的女孩
25829434, 7.9, 16323, 暗恋·橘生淮南
21242062, 8.1, 11531, 长相思
03034184, 8.0, 13587, 鬼吹灯Ⅱ之四巫峡棺山
02078219, 7.9, 15983, 且试天下1
04041998, 8.6, 5186, 孤城闭
01012203, 7.7, 22770, 檞寄生
02337600, 8.0, 13063, 诛仙
25747921, 7.0, 106912, 从你的全世界路过
04866987, 8.7, 4383, 如果·宅
30307059, 8.5, 5762, 默读.3
05336428, 9.1, 2615, 吉祥纹莲花楼终篇之青龙·白虎
10807374, 8.7, 4268, 浮生若梦1
26281913, 7.9, 14647, 镇魂
03522694, 8.6, 4871, 史上第一混乱·第一季神仙预备役
02340300, 7.9, 14498, 鬼吹灯Ⅱ之三·怒晴湘西
03506871, 7.5, 30452, 曾有一个人，爱我如生命
04212812, 8.6, 4611, 紫川（全五册）
01400048, 8.5, 5253, 搜神记Ⅰ-神农使者
05686369, 7.7, 19285, 何以笙箫默
27079142, 8.9, 3019, 有匪3
03218402, 8.2, 8058, 不负如来不负卿Ⅱ·大结局
04737329, 7.6, 23095, 龙族Ⅰ
10468852, 8.5, 5024, 海棠依舊: 知否? 知否? 應是綠肥紅瘦 卷一
02567590, 8.9, 2927, 殺手.流離尋岸的花
01420794, 8.1, 8991, 诛仙4
30141639, 8.8, 3204, 残次品
05423803, 8.2, 7263, 剑桥倚天屠龙史
03244068, 8.3, 6209, 庆余年·陆
03061282, 7.6, 20503, 山月不知心底事
26284304, 7.9, 11277, 簪中录
03165385, 8.3, 5866, 庆余年·叁
26331014, 8.1, 7957, 怨氣撞鈴1·食骨
02149655, 7.6, 18971, 鬼吹灯Ⅱ之一·黄皮子坟
03165135, 8.2, 6716, 庆余年·贰
03274851, 8.0, 9203, 原谅我红尘颠倒
03165386, 8.3, 5680, 庆余年·肆
01023500, 7.6, 18591, 告别薇安
06732193, 7.5, 21996, 十年一品温如言
03244065, 8.3, 5493, 庆余年·伍
02981573, 8.8, 2677, 悟空传
03111691, 8.5, 3940, 桃花债(下)
01079887, 8.6, 3371, 此间的少年
01478890, 8.5, 3857, 杀手
04871447, 7.3, 30201, 东宫
03464725, 8.1, 6817, 后宫·甄嬛传Ⅵ
04118599, 8.3, 4776, 武侠，从牛A到牛C
02265312, 7.6, 15237, 鬼吹灯Ⅱ之二·南海归墟
01468493, 7.5, 18353, 梦回大清
01925218, 7.4, 22377, 翻译官
26793349, 8.1, 6298, 桃花债
02570719, 8.2, 5393, 诛仙全集（全六册）
01400049, 8.6, 3053, 搜神记Ⅱ·大荒惊变
01007178, 8.3, 4579, 功夫
03244665, 8.4, 3913, 盗墓笔记之1：七星鲁王宫
26780911, 8.5, 3322, 大哥
03606570, 8.3, 4266, 鹤唳华亭
25963518, 8.3, 4150, 鹤唳华亭
06875231, 8.6, 2713, 此间的少年
03584141, 8.0, 6206, 流水迢迢（全两册）
04098989, 8.2, 4547, 我的青春从爱你开始
02354969, 8.2, 4532, 衣香鬓影
01006073, 7.5, 14660, 七月与安生
26662515, 7.7, 10096, 他知道风从哪个方向来
01436958, 8.6, 2582, 搜神记Ⅴ·三生石
26734228, 8.7, 2206, 鬼吹灯全集
23860394, 8.8, 1909, 全职高手7·毁人不倦
03124547, 7.7, 9364, 藏地密码2
05291181, 8.2, 4102, Blood X Blood：血族传说
01430871, 8.5, 2691, 亵渎1·轮回·月陨
03611391, 8.7, 2065, 史上第一混乱·第二季·山寨武校
25846270, 8.7, 2044, 吉祥纹莲花楼（完美典藏版）
02300626, 7.3, 18555, 蔓蔓青萝（全2册）
03284067, 7.5, 12509, 佳期如梦之海上繁花
05026743, 8.0, 5299, 藏地密码9
04766047, 7.8, 7301, 祸国
03697979, 8.4, 2946, 衣香鬓影2·千秋素光同
03664145, 8.8, 1755, 史上第一混乱·第三季·武林大会
02271177, 7.6, 10027, 青春酷语（第四辑）
10763905, 7.7, 8226, 西游日记
01805988, 8.5, 2453, 庆熹纪事
26844940, 8.9, 1465, 全职高手24·荣耀之巅
25797068, 8.8, 1629, 全职高手10·四会联盟
03147450, 7.7, 7698, 藏地密码3
21352126, 7.6, 9067, 沙海
01029475, 8.0, 4587, 若星汉天空
05414084, 8.0, 4465, 智斗
03321602, 7.8, 6066, 藏地密码5
01566311, 7.7, 7167, 第一次亲密接触
25879588, 8.8, 1513, 全职高手11·门票战争
03779046, 8.5, 2157, 慶餘年 卷7
03295326, 7.8, 5910, 回眸
02340168, 7.7, 6852, 醉玲珑（中卷）
25910906, 8.8, 1449, 全职高手12·步步惊心
01190868, 7.4, 11418, 烈火如歌
25955820, 8.8, 1401, 全职高手14· 线下风云
25714176, 7.7, 6395, 雪中悍刀行 1
02298769, 8.1, 3399, 殷商舰队玛雅征服史
02988181, 8.4, 2219, 鬼吹燈（4本）
02298478, 8.7, 1517, 知北游
33456675, 8.3, 2472, 镇魂
30215869, 8.4, 2157, 孤城闭
26341728, 8.0, 3767, 山河表里
02004509, 7.5, 8490, 梦回大清
02373834, 8.3, 2424, 新宋·十字1
03739306, 8.6, 1650, 史上第一混乱·第四季·诱惑仙草
26275008, 8.8, 1298, 全职高手16·第十赛季
25735699, 7.5, 8286, 三生三世 枕上书·终篇
05988597, 7.7, 5825, 独家记忆
02008976, 8.9, 1144, 庆熹纪事Ⅱ
26613724, 7.6, 6854, 余罪
10563041, 8.3, 2325, 将夜之花开彼岸天
03816834, 7.7, 5637, 兰因·璧月（上、下）
04842735, 8.3, 2278, 海妖
07001192, 8.1, 3002, 后宫·甄嬛传（套装共6册）
19965972, 7.5, 7844, 我读书少，你可别骗我
03244671, 8.1, 2981, 盗墓笔记之2：怒海潜沙
02221121, 7.7, 5512, 木槿花西月锦绣2
03335951, 7.6, 6413, 我的波塞冬
26648636, 8.1, 2927, 成化十四年
26437839, 8.8, 1202, 全职高手20·蓝雨之役
26364436, 8.8, 1201, 全职高手19·八强之争
03188320, 8.2, 2519, 第一次的亲密接触
03191328, 6.5, 69880, 小时代1.0折纸时代
31585774, 8.4, 1887, 碎玉投珠
25912734, 7.1, 15730, 他来了，请闭眼
04725541, 7.6, 5992, 大漠苍狼
01886402, 7.3, 10282, 如果这一秒，我没遇见你
03250733, 7.9, 3627, 午门囧事Ⅱ
03024940, 8.6, 1399, 新宋Ⅱ·权柄1
03577800, 9.2, 712, 韦帅望的江湖(Ⅲ众望所归)
05264447, 7.4, 7706, 三千鸦杀
01024854, 7.3, 9283, 成都，今夜请将我遗忘
03330160, 8.6, 1324, 蛮荒记Ⅳ·天元
05366006, 8.4, 1685, Blood X Blood：血族传说大结局
01489792, 8.8, 1049, 亵渎5·火中的权杖·沈默的温柔
04853091, 7.7, 4546, 藏地密码8
26674168, 8.8, 1044, 全职高手21·双杀晋级
06026287, 7.6, 5243, 藏地密码10
03359946, 7.6, 5226, 盘龙（1～10部）
01048931, 7.6, 5187, 天堂向左，深圳往右
03321449, 9.1, 737, 韦帅望的江湖之大刃无锋
01464085, 7.8, 3687, 柔福帝姬
04135618, 7.5, 6030, 丹尼海格
01792473, 8.3, 1806, 一代军师（第一部）
03705820, 7.1, 12711, 斗罗大陆（全14卷）
01491241, 9.1, 721, 狼群3
33424453, 8.5, 1391, 诡秘之主
01485480, 8.0, 2651, 太和舞
04774018, 7.6, 4775, 鲸鱼女孩 池塘男孩
10527811, 8.6, 1186, 官居一品（全七册）
01062326, 6.9, 18186, 爱尔兰咖啡
03070952, 7.2, 9508, 佳期如梦之今生今世
04729353, 8.5, 1304, 史上第一混乱·第六季·时光总动员
30234130, 7.3, 7818, 芬兰人的噩梦
04922018, 7.4, 6484, 斗破苍穹 2
03324187, 8.7, 1021, 蛮荒记Ⅰ·鲲鹏
26767644, 8.7, 1014, 全职高手22·老将新兵
01442620, 7.3, 7624, 和空姐同居的日子
03335785, 8.7, 1010, 蛮荒记Ⅱ·青帝
02138527, 7.4, 6299, 法老的宠妃
02974188, 7.7, 3776, 回到明朝当王爷
10786074, 7.9, 2741, 如意蛋
02176855, 7.4, 6127, 潇然梦（下）
03245113, 8.3, 1583, 盗墓笔记之4：云顶天宫
03205245, 7.3, 7325, 落落清欢
04844954, 8.4, 1386, 史上第一混乱·第七季·终极拯救大结局
02062200, 6.2, 100680, 悲伤逆流成河
19936010, 7.0, 12567, 三生三世十里桃花
26680107, 8.7, 932, 制霸好莱坞
03389971, 7.7, 3452, 永夜（上下）
03069940, 8.6, 1027, 新宋Ⅱ·权柄3
03101286, 8.6, 1027, 新宋Ⅱ·权柄4
24863499, 7.5, 4701, 沙海2
03069728, 7.0, 11933, 良辰讵可待
01028916, 6.9, 14750, 雨衣
02342840, 8.3, 1431, 苏旷传奇
05245615, 7.5, 4357, 江山为聘
06730936, 7.9, 2319, 扶摇皇后·终结篇（上下）
03183693, 8.6, 945, 新宋Ⅱ·权柄5
03829610, 7.8, 2635, 午门囧事Ⅲ·午门篇
06437035, 7.3, 5956, 扶摇皇后（上下）
03314970, 8.5, 1024, 搜神记Ⅰ·神农使者
06534919, 7.4, 4848, 然后、爱情随遇而安
27106928, 8.4, 1146, 雪中悍刀行 20
03766379, 8.7, 815, 新宋Ⅲ·燕云3
05275312, 7.4, 4817, 暴君，我来自军情9处
26613908, 9.0, 592, 九州·缥缈录
03227999, 8.2, 1435, 邪气凛然
04192766, 7.5, 3966, 凡人修仙传（1-10）
03335787, 8.6, 882, 蛮荒记Ⅲ·蜃楼志
01026674, 6.8, 14726, 狼的诱惑
03618253, 8.0, 1798, 和空姐同居的日子
03127865, 7.5, 3789, 兰陵缭乱3
03245099, 8.0, 1772, 盗墓笔记之3：秦岭神树
03239554, 8.5, 935, 新宋Ⅲ·燕云1
03306270, 8.6, 830, 新宋Ⅲ·燕云2
03810025, 8.3, 1171, 卡徒（第一季）
06845424, 8.3, 1154, 盗墓笔记3·云顶天宫
05261719, 7.6, 2941, 只为爱
10577009, 8.7, 696, 网游之近战法师1·一战成名
01963250, 7.9, 1812, 冤鬼路
30230061, 7.8, 2086, AWM「絕地求生」VOLUME #2
01082515, 7.5, 3299, 理工大风流往事
03932365, 7.8, 2032, 极品家丁全集
02257608, 7.8, 2029, 秀丽江山·青龙卷
03015088, 7.6, 2704, 极品家丁 1
02017876, 8.2, 1172, 仙剑神曲(全五册)
25791940, 8.1, 1300, 战起1938
03314971, 8.5, 805, 搜神记Ⅱ·龙神太子
10490350, 7.0, 7333, 后宫·如懿传
04162625, 7.3, 4168, 衾何以堪
01916738, 8.5, 786, 一代军师（第三部）
03236601, 7.9, 1635, 恶魔法则1
03276786, 7.7, 2148, 爱尔兰咖啡
01033790, 6.9, 8647, 狼的诱惑
03679840, 8.1, 1239, 恶魔法则（全12册）
03543364, 8.9, 501, 狐说
04242061, 8.2, 1049, 黑道悲情1
26308574, 7.3, 3851, 锦衣之下（全二册）
06813389, 8.2, 1037, 盗墓笔记7·邛笼石影
02341489, 6.9, 7809, 香寒
34821264, 7.5, 2657, 半小时漫画经济学2：金融危机篇
03151078, 7.0, 6163, 大约是爱（全二册）
03179389, 7.5, 2559, 未央·沉浮（全两册）
03550601, 7.5, 2555, 双阙
25793386, 8.2, 973, 扯经
03191264, 7.8, 1608, 花镜
33441524, 7.1, 4872, 半小时漫画唐诗
01336939, 8.5, 660, 少林寺第八銅人
02977394, 8.7, 535, 一代军师（第一部）
20426236, 7.6, 2064, 將夜1
01816672, 8.5, 656, 佣兵天下4
01021597, 6.6, 13177, 一光年的距离有多远
10772251, 7.2, 3904, 后宫·如懿传2
02977393, 9.0, 392, 一代军师（第二部）
06845425, 8.2, 899, 盗墓笔记5·迷海归巢
25768851, 8.2, 899, 败絮藏金玉(上)
02182122, 7.5, 2325, 成都今夜请将我遗忘
01003925, 8.3, 794, 风姿物语No.1
03084682, 7.1, 4502, 琴帝
03084855, 7.2, 3758, 星辰变1
01071495, 7.1, 4459, 一杯热奶茶的等待
05905877, 7.1, 4440, 重紫（全两册）
25839869, 8.4, 676, 大唐明月5·云诡波谲
01069628, 6.7, 9446, 那小子真帅2
04130055, 7.0, 5115, 跨过千年来爱你
04738290, 8.2, 808, 狩魔手记 No. 1
05319117, 7.2, 3345, 鬼吹灯之牧野诡事
06528739, 7.3, 2803, 谁的等待，恰逢花开
01419361, 7.4, 2361, 医生杜明
03351930, 7.3, 2765, 成都今夜请将我遗忘
05984284, 7.4, 2342, 斗破苍穹3·寻找异火
30180684, 9.2, 291, 全职高手 19
03875446, 8.3, 699, 塵緣1·打入濁世
26436202, 8.3, 696, 清川日常
03618055, 7.6, 1703, 和空姐同居的日子
03271254, 8.4, 611, 隋乱1·塞下曲
01428345, 7.3, 2529, 伊甸樱桃
01377083, 7.5, 1846, 冰箱
02010276, 7.2, 2981, 神墓1·潜龙出渊
01833501, 8.8, 380, 紫川（7）：灿若星河
26405967, 8.5, 511, 九州·缥缈录Ⅱ
02277517, 6.7, 7124, 冷月如霜
01816673, 8.4, 552, 佣兵天下6
01731523, 8.3, 610, 佣兵天下3
03135064, 6.7, 6994, 薄荷荼靡梨花白
03153363, 7.0, 3781, 三救姻缘
06019806, 8.1, 725, 黑道悲情2
34863577, 9.4, 208, 恐龙博物馆:大型肉食恐龙
35009938, 7.3, 2145, 半小时漫画宋词
01945657, 8.3, 562, 佣兵天下·10
01791804, 8.9, 310, 紫川（5）：雾锁流风
01813217, 8.3, 561, 佣兵天下5
04158875, 7.3, 2082, 爱如指间沙
26790759, 7.2, 2445, 悟空传
27182214, 8.2, 617, 助理建筑师
03904616, 8.4, 495, 卡徒（第二季）
02147373, 7.5, 1509, 朱雀记
04833933, 7.2, 2399, 小女花不弃
25915622, 6.8, 4914, 花千骨
01897653, 8.3, 542, 佣兵天下9
01006635, 7.1, 2777, 沙僧日记
02128447, 8.3, 537, 佣兵天下12
03258458, 7.0, 3175, 贼猫
01312733, 7.6, 1228, 理工大往事外传
01791805, 8.8, 316, 紫川（6）：特兰攻歼
03244004, 7.5, 1400, 星辰变4
04922017, 6.8, 4528, 斗破苍穹 1
03021414, 7.0, 3069, 除了我你还能爱谁
24379854, 7.0, 3000, 后宫·如懿传3
01488419, 8.6, 364, 紫川（2）：帕伊血战
25870931, 7.9, 773, 他來了，請閉眼 上
34800351, 6.7, 5145, 半小时漫画经济学
11501757, 8.2, 536, 网游之演技一流（上、下）
11502594, 7.2, 2040, 遮天1·九龙拉棺
02040795, 7.5, 1284, 佛本是道1
27106927, 8.1, 579, 雪中悍刀行 19
07162172, 7.1, 2299, 媚公卿（上下）
33370580, 8.7, 311, 六爻
26652753, 8.0, 642, 沉舟(1)
04889767, 7.6, 1063, 步步生莲（全14卷）
11622713, 7.2, 1918, 将军在上（上下）
04829641, 8.2, 505, 尘缘 1 缘起尘世卷
03134869, 7.4, 1379, 星辰变2
03011281, 9.1, 214, 惡魔狂想曲之明日驕陽（伍）
19958299, 7.5, 1172, 大唐女法医·江南卷（上下）
26579333, 7.2, 1824, 月上重火（上下）
05921726, 8.0, 611, 何以笙簫默
01044842, 8.4, 394, CS之赏金猎手
06920058, 7.7, 880, 凤影空来（上下）
02283574, 8.2, 485, 金陵女子1
03215659, 7.4, 1328, 星辰变3
05414115, 7.3, 1530, 错嫁良缘之一代军师（上下）
02194002, 8.7, 291, 历史的尘埃 3
02099309, 8.3, 425, 弹痕II-风云际会
25787500, 8.3, 423, 我忘记了自己自杀的理由
01347682, 8.6, 313, 都市妖1：給妖怪們的安全手冊
05379541, 6.9, 2876, 执子之手，将子拖走
01822785, 8.5, 343, 风姿物语1·暹罗结义
01082820, 6.5, 6243, 无往而不胜的童话
26289485, 7.6, 932, 金牌助理(上)
26201918, 8.0, 549, 蛊真人
04209676, 7.1, 1881, 九鼎记
27104889, 8.7, 268, 将军令
34990166, 7.6, 892, 半小时漫画经济学3：金融危机（完结篇）
01817625, 7.1, 1856, 善良的死神
01038639, 6.5, 5664, 冬日最灿烂的阳光
03335348, 8.4, 347, 隋乱贰·功名误
01082821, 6.4, 6929, 水晶般透明
26920860, 7.3, 1308, 脱轨
01001174, 7.3, 1301, B栋11楼
26800331, 7.4, 1117, 护心
06713332, 8.0, 514, 佣兵天下全集
20381617, 8.4, 334, 独闯天涯1·萧老板的诞生
01881298, 8.7, 251, 风姿物语5 ·巫宫探秘
03769083, 7.8, 635, 平凡的清穿日子3
04839899, 8.5, 298, 冒牌大英雄（全10册）
04855558, 7.8, 631, 毕业八年，我重逢了高中的校花
10484442, 6.5, 5094, 爱你是最好的时光
01082843, 7.4, 1051, 我打不赢爱情
26948966, 7.6, 793, 日不西沉
03573651, 8.4, 316, 隋乱3
01825812, 8.6, 258, 佣兵天下8
03608327, 8.1, 418, 窃明6
26324163, 7.7, 664, 金牌助理(下)
03255919, 8.0, 460, 窃明5
02970998, 6.8, 2542, 青囊尸衣
01881292, 8.5, 273, 风姿物语·外传：梅之卷+太阳篇+爱菱篇
24744401, 8.4, 299, 狙魔手记1·古滇国祭祀干尸
26858577, 6.1, 10924, 少年的你，如此美丽
01309276, 6.7, 2817, 爱人的头颅
01799810, 7.5, 781, 仙楚2·道魔
01924889, 7.5, 766, 仙楚3·北斗
03012313, 7.6, 670, 清宫之宛妃传（上）
03673479, 7.7, 572, 平凡的清穿日子2
01212453, 6.5, 3754, 蛋白质女孩
03039108, 7.8, 498, 极品家丁2
01490749, 7.9, 441, 升龙道1
04046040, 7.6, 628, 盘龙（11～13部）
03748844, 8.5, 234, 隋乱伍·水龙吟
01822776, 8.0, 380, 兽血沸腾（第三卷）
01839151, 8.0, 380, 邪风曲大结局
25744235, 7.3, 896, 侯门新妇-嫤语书年
10795878, 7.0, 1377, 仙逆
04896403, 7.7, 506, 闲看水浒
05027280, 7.5, 648, 凡人修仙传（11-20）
01925375, 8.3, 258, 仙剑问情1
02012687, 7.3, 820, 神墓2·古神遗迹
05996638, 8.1, 313, 卡徒全集（套装共8册）
24827144, 6.7, 2116, 沥川往事（上下）
01829534, 8.3, 255, 杨叛作品
26336630, 8.1, 310, 鲜满宫堂
33375419, 7.5, 614, 是谁出的题这么难，到处都是正确答案
03147021, 7.4, 699, 大哥大
06518246, 7.1, 1061, 斗破苍穹4·吞噬异火
03643184, 8.3, 250, 隋乱肆·扬州慢
26599868, 7.4, 687, 金牌助理
25919864, 7.7, 470, 奥术神座1·女巫笔记
01833360, 7.9, 373, 兽血沸腾（第二卷）
22933018, 6.2, 5661, 斗破苍穹
02232544, 6.8, 1695, 冰火魔厨
06716742, 7.2, 897, 斗破苍穹6·炼药师大会
03879019, 8.4, 224, 隋乱陆
03140451, 8.8, 158, 檞寄生
04880858, 7.8, 407, 卡徒（第8季·大结局）
01079191, 7.5, 583, 寂寞杀死一头恐龙
01489079, 6.8, 1637, 狂神
34762471, 8.6, 184, 说书人与梦工厂
30406322, 7.2, 857, 表妹万福
26878092, 7.9, 356, 锦衣夜行
26863501, 8.2, 260, 花开成毒
30327699, 7.7, 437, 大王饶命1
02305270, 6.8, 1541, 凤求凰
27038809, 6.8, 1532, 世界是红的：看懂中国经济格局的一本书
03768653, 6.6, 2187, 诡案组
06538396, 7.1, 936, 斗破苍穹5·佛怒火莲
11625788, 7.3, 702, 资本剑客
05918449, 8.3, 224, 小荷才露尖尖角
01072770, 7.7, 416, 月老
30327026, 7.8, 371, 杨天乐买房记
03464699, 7.3, 685, 神墓14·葬天
01961249, 8.6, 170, 春江花月夜
03360612, 7.4, 596, 神墓13·六界崩碎
02066610, 7.3, 676, 神墓3
02114615, 7.3, 671, 神墓4
26766834, 8.9, 131, 第一次的亲密接触:痞子蔡完美彩插典藏版
03075525, 7.5, 512, 朱雀记2
26652756, 8.5, 180, 沉舟(2)
19989558, 7.4, 571, 同学两亿岁
03241273, 7.4, 569, 神墓11·杀戮君王
27184549, 9.0, 119, 大宗师5：摇光临阵
03288009, 7.7, 392, 篡清1·京华烟云
01925202, 7.9, 314, 飘邈之旅7·神罚之眼（终结篇）
01291340, 7.5, 496, 小兵传奇（1）・银河禁锢
33434424, 8.0, 279, 我有一座冒险屋 贰
33434425, 8.0, 279, 我有一座冒险屋 叁
20263658, 7.9, 308, 将夜之朱雀之火
34919443, 8.7, 146, 新宋·9－12（大结局珍藏版）
02118742, 6.6, 1851, 平安京之宋姬物语
23933821, 7.7, 376, 傲世九重天1·苍天可逆
03998999, 7.2, 704, 龙龙龙（全三册）
26832651, 6.6, 1833, 亲爱的弗洛伊德
04149251, 7.8, 334, 人性禁岛2
01894537, 8.0, 270, 飘邈之旅4·赤明魔尊
01479251, 7.7, 368, 明：1扬帆，2大风（全2册）
02314470, 7.3, 602, 神墓6
01799814, 7.9, 293, 飘邈之旅2·阗殛魔杖
19898236, 7.6, 398, 回到明朝当王爷
04063661, 6.9, 1027, 诡案组2
01894536, 7.9, 283, 飘邈之旅5·神之战魂
01040764, 7.1, 753, 谈谈心
20283082, 7.4, 499, 庶女攻略2
03218233, 7.3, 561, 神墓10·君王现世
10439161, 7.0, 853, 星辰变（上中下）
03290316, 6.8, 1157, 誓不为妃·上
02112071, 7.6, 378, 至尊无赖6
02137402, 7.0, 830, 寸芒.1
21360625, 8.0, 244, 将夜之一览众山小
25961910, 7.1, 712, 九宗罪之心理实验
27033357, 7.2, 617, 择天记 第一卷
01822768, 7.9, 268, 飘邈之旅3·逆天宝镜
01925203, 7.9, 266, 飘邈之旅6·厉禁天君
01409671, 8.4, 162, 我们是冠军
24714636, 6.3, 2692, 锦绣未央（1、2、3）
03573666, 6.9, 915, 一把桃木梳
26920213, 7.1, 677, 独家记忆
02213489, 6.9, 901, 空速星痕
03085660, 7.2, 575, 神墓9·人界之乱
20414889, 7.0, 760, 花千骨（上下）
26713080, 6.4, 2077, 亲爱的阿基米德
10566840, 8.1, 203, 诛仙1
27056074, 7.6, 338, 一世之尊
26587753, 6.7, 1141, 司命
10566842, 8.3, 161, 诛仙2
05985017, 7.8, 259, 慶餘年 參部曲 11 五竹（完）
06959737, 7.0, 691, 斗破苍穹12.陨落心炎
21325666, 7.7, 281, 凡人修仙传22·九仙山
26148091, 7.7, 267, 儒道至圣
19943805, 8.5, 126, 南衙纪事
30762860, 8.6, 116, 大宗师6
06306745, 8.4, 136, 隋亂典藏套書
02187818, 6.7, 937, 花落燕云梦（全2册）
01822752, 7.8, 224, 魔法学徒3
03321606, 7.8, 224, 底牌1
01779108, 7.7, 245, 魔法学徒2
02014271, 9.1, 76, 星之海洋
24527013, 7.7, 243, 明宫秋词
25854653, 6.5, 1261, 岁月是朵两生花
24706892, 7.5, 300, 罪恶之城1
02976880, 7.1, 487, 纳妾记
02150985, 6.3, 1772, 光之子（上中下）
11026529, 7.0, 525, 斗破苍穹22·重振星陨阁
10607959, 7.0, 524, 斗破苍穹19·勇闯中域
03284084, 6.8, 696, 武林萌主（上下）
10529159, 6.9, 596, 斗破苍穹16
01506578, 8.0, 165, 天魔神谭.2
21323863, 7.3, 344, 凡人修仙传21·广寒界
26829573, 7.9, 179, 最後的守衛（上）
10581124, 6.9, 579, 斗破苍穹18
03214451, 6.6, 916, 青眼影沉沉（全两册）
21328038, 7.3, 337, 求魔1
04239809, 6.7, 771, 诡案组3
10762501, 6.6, 900, 吞噬星空·觉醒1
01220372, 7.5, 262, 天眼
10762476, 6.9, 552, 斗破苍穹20
20312477, 6.9, 552, 斗破苍穹25·净莲妖火
03743816, 7.3, 323, 完全变态手册
01804981, 7.9, 168, 天魔神谭3
03275071, 7.3, 318, 刑警奇闻录
02114757, 8.2, 128, 赫氏门徒
10566843, 8.1, 139, 诛仙4
04726667, 6.2, 1743, 黄河鬼棺全集
01824870, 7.8, 183, 魔盗
26903151, 7.8, 183, 青崖白鹿记
03290959, 6.4, 1171, 当糟糠遇见黑色会
01444213, 8.1, 137, 6人行
10543656, 6.8, 598, 斗破苍穹17
01873313, 7.5, 244, 城北黑帮
30475140, 7.8, 177, 永夜君王1
01822753, 7.6, 216, 魔法学徒 第四部
27044697, 8.1, 132, 星域四万年1
05504363, 8.3, 108, 鬼吹燈Ⅱ之三·怒晴湘西
01852108, 6.5, 885, 唯我独仙1
03420392, 7.5, 226, 武林高手在校园
01049032, 8.3, 105, 我踢球你在意吗
22227388, 6.8, 530, 盘龙（全四册）
11604672, 6.8, 529, 斗破苍穹23·天墓历练
04023239, 7.2, 304, 天王
05985016, 7.8, 157, 慶餘年 參部曲 10 神廟
02043062, 7.4, 236, 像小强一样活着
05985006, 8.3, 101, 慶餘年 參部曲 7 凌遲
11524111, 7.3, 263, 仙逆4·煞星化凡
04251546, 7.4, 233, 艳歌行:三重恋(套装共2册)
26829578, 8.0, 128, 最後的守衛（下）
10795877, 7.1, 325, 仙逆2·修魔内海
27132316, 7.7, 166, 西游日记
26786725, 8.2, 106, 网络文学经典解读
25987971, 7.5, 201, 飘洋过海中国船 下卷
26756797, 8.1, 111, 时间暂停等到你
20434306, 6.7, 529, 斗破苍穹26·决战在即
27033364, 7.1, 305, 择天记 第二卷
05068510, 6.5, 715, 幸得相逢未嫁时
30283567, 8.2, 100, 没有名字的人2
02363674, 7.5, 190, 迷醉
01792371, 7.9, 128, 天魔神谭4
25938347, 7.4, 210, 醉枕江山
26981156, 7.7, 152, 太子妃升职记
05984963, 8.2, 97, 慶餘年 卷3 長街殺機
01028797, 7.9, 125, 笑死你不偿命-网络经典幽默文集
03593978, 6.8, 421, 痴相公（下）
10566844, 7.8, 133, 诛仙6（大结局）
02115006, 7.1, 273, 三宫六院七十二妃
01442870, 7.3, 216, 小兵传奇。9。全方位内讧
07163389, 6.4, 723, 光明之子-神印王座-I
03009652, 6.5, 611, 白衣传（共2册）
01039065, 6.7, 450, 湖边有棵许愿树
05984994, 7.7, 138, 慶餘年 貳部曲 12 清東宮
05040214, 6.6, 509, 清风卷帘海棠红
01930580, 7.3, 202, 逆龙道（上下册）
26011722, 6.5, 584, 北落师门
24868876, 7.3, 199, 阳神1•侯府风云
01098574, 6.8, 363, 图书馆的女孩
26759997, 8.0, 100, 网络时代的文学引渡
02280536, 7.3, 195, 一本神经
30415071, 7.1, 241, 今年冬天下雪吗？
27033372, 6.9, 309, 择天记 第三卷
27093044, 7.2, 211, 破壁书
05261713, 6.7, 399, 玉簟秋
27625741, 6.9, 298, 青龍圖騰 第一卷
06890568, 6.9, 295, 斗罗大陆1·双生武魂
25765016, 7.2, 204, 三生三世彼岸花（上下）
05298092, 6.6, 444, 寸芒
26794010, 6.5, 514, 左先生，向右转
25708360, 7.8, 108, 仙魔变1·不灭荣耀
10795876, 6.9, 281, 仙逆3·古神之秘
34917883, 6.8, 316, 庆余年·第三卷：北海有雾
27033384, 6.9, 277, 择天记 第四卷
10792272, 5.9, 1436, 武动乾坤1·血池石符
05984971, 7.8, 106, 慶餘年 卷9 載譽歸國
02158876, 6.3, 648, 情倾天下
25912767, 7.0, 226, 遮天16·登天古路
02093652, 7.5, 131, 天魔神谭9:玄武圣兽
04838726, 7.9, 91, 揭密取经门
27067542, 7.1, 198, 择天记 第五卷
11026527, 6.9, 251, 吞噬星空·觉醒2
19972928, 7.2, 167, 我和“大神”有个约会
20440895, 5.8, 1455, 斗罗大陆·第二部·绝世唐门1
01436415, 7.9, 85, 津夜，往事随风
24152733, 6.2, 644, 莽荒纪1·赤明九天
01339898, 7.9, 84, 道緣儒仙7
06856073, 7.9, 84, 严冬过尽绽春蕾
27104547, 6.2, 643, 天坑鹰猎
05985004, 7.8, 91, 慶餘年 參部曲 6 起因
27126299, 6.5, 391, 落雪满南山
02009962, 7.4, 130, 天魔神谭10
10439162, 7.0, 200, 星辰变续（上中下）
05984985, 7.8, 89, 慶餘年 貳部曲 4 收內庫
04852276, 7.2, 157, 情场屠夫
26810522, 7.2, 157, 勘破西游
24860524, 7.0, 195, 將夜30
25797033, 7.1, 173, 將夜34
26742681, 8.8, 43, 新世纪第一个十年小说研究
03311255, 7.3, 136, 这该死的青春
01895107, 7.0, 188, 霍格沃茨的中国留学生-哈利波特
02093636, 7.5, 111, 天魔神谭8
01014346, 7.3, 135, 第一次的亲密接触
01212064, 6.7, 262, 八点五十五分再相逢
04726882, 7.9, 76, 丫头，你怎么又睡着了呢
30464716, 7.8, 81, 大国重工·壹
20325229, 7.5, 104, 斗破苍穹漫画版4
04243427, 7.0, 170, 大爭之世 卷一：公子慶忌
01019629, 6.8, 214, 11:50PM不见不散
27086402, 7.0, 163, 择天记 第七卷
01030446, 6.5, 299, 成都粉子
35017509, 8.0, 61, 庆余年·第四卷：龙椅在上
01051457, 7.8, 71, 鬼丫头沸腾聊斋
23066015, 7.6, 83, 酒神
11526370, 8.3, 48, 紫川（全五册）
27086401, 6.9, 164, 择天记 第六卷
03873892, 6.7, 207, 我和一个日本女生
11605763, 6.7, 200, 吞噬星空·觉醒3
01053364, 7.3, 100, 假装纯情
25797032, 6.8, 170, 將夜33
04727326, 6.3, 333, 荆棘花园
26357844, 7.2, 108, 网络文学创作原理
26923946, 6.5, 236, 南有嘉鱼
01063844, 7.7, 66, 笑死你不偿命3
27598854, 7.2, 102, 和你的世界谈谈
26274907, 6.4, 258, 开到荼蘼婚事了
01077293, 7.0, 123, 有种你丫别跑
01007054, 6.4, 240, 唐僧传
21360628, 6.4, 234, 吞噬星空2·涅槃1
25961140, 6.7, 157, 將夜36
01082548, 6.5, 202, 太平间的磨牙声
11527041, 6.0, 431, 武动乾坤2·力挽狂澜
35022398, 7.3, 81, 剑来2：忽为远行客
02216967, 8.7, 30, 翼手龙与小青蛙
01326897, 7.2, 87, 魔武士1
26632551, 6.9, 113, 夏有乔木 雅望天堂2
27087336, 6.4, 190, 桃花折江山1含苞卷
01140896, 7.6, 55, 倾斜的文学场
30257274, 6.6, 144, 红妆神捕
10581059, 7.3, 69, 我的老千生涯-IV
01981105, 6.3, 210, 夜不语诡秘档案 01 碟仙
01038310, 7.0, 90, 大话水浒
10577927, 6.5, 154, 琴帝1·千手琴音
19955017, 5.9, 373, 武动乾坤3·墓府探秘
03834928, 6.4, 172, 沙僧日记2-盛开的师傅
27086403, 6.3, 192, 择天记 第八卷
24526082, 7.3, 64, 斗破苍穹-6
01792235, 6.3, 191, 二更鼓
24530875, 7.4, 56, 斗破苍穹-5
04116810, 6.9, 88, 广州之恋
01055644, 6.7, 100, 爱情狂飙路
04323566, 7.0, 72, 和校花同居的日子2
25797072, 6.3, 149, 吞噬星空3·秘境1
27598873, 7.4, 48, 和你的世界谈谈2
01079563, 7.4, 47, 屋塔房小猫
01878814, 6.4, 126, 大明星爱上我
27114764, 8.1, 29, 君九齡9
27114765, 8.1, 28, 君九齡10
26107443, 6.2, 154, 最强弃少1.前世今生
01872794, 6.5, 102, 菩提美人
30435788, 6.2, 148, 悍匪
01087147, 7.4, 42, 边缘游戏
25864162, 6.2, 139, 魔天记1·宗门灵徒
20500907, 5.7, 300, 武动乾坤4·大漠古碑
25741467, 6.7, 76, 大周皇族1
34976871, 8.9, 17, 大宗师7
26593780, 6.8, 64, 材料帝国
30205594, 6.0, 161, 十宗罪6
01903895, 8.0, 25, 搜神新记
25955140, 6.3, 105, 宫廷记事
30721317, 7.7, 29, 来自二次元的网络小说及其类型分析
01161537, 6.5, 79, 棋魂
01082940, 6.4, 84, 流浪中国
02983999, 7.3, 36, 网络文学概论
34805435, 6.6, 65, 我等你，很久了
25783447, 5.9, 152, 斗破苍穹之大主宰4
30212516, 7.5, 28, 大神们
25736632, 6.2, 89, 不败战神1
01214271, 6.4, 69, 大话红楼
26732943, 5.7, 167, 武动乾坤17·反截杀戮
33429284, 7.6, 24, 一栋人间烟火（共2册）
04753704, 5.7, 145, 天朝女提刑
30544323, 6.2, 70, 凡人修仙传之仙界篇1
03365096, 8.0, 17, 電車男：從網路出發的LOVE STORY(1)
03155198, 5.9, 97, 囚娇龙
01019593, 6.5, 46, 邂逅.恋爱中毒-恋爱急救病栋1
01046937, 6.1, 60, 吓死你不偿命
25888595, 7.4, 19, Internet Literature in China
04852867, 7.8, 15, 神圣书写帝国
04275096, 6.6, 31, 诡异悄悄话
24878377, 5.5, 105, 三千水    下
30181602, 8.1, 12, 天庭出版集團 四
27152058, 6.1, 32, 斗破苍穹之大主宰(25)
25882983, 7.7, 11, 网络文学大事件100
27143974, 4.8, 141, 雪鹰领主(Ⅰ)
30242590, 5.1, 79, 撑腰
10563013, 5.1, 71, 叫我女神
05994982, 6.5, 15, 网络文学新论
06538942, 6.7, 13, 网络小说名篇解读/新媒体文学丛书
25769106, 5.5, 31, 奉旨逃婚
06990321, 5.7, 24, 网络穿越小说概论
30998900, 6.6, 10, 撑腰2
03576485, 5.4, 18, 网络文学发展史
20562387, 5.6, 13, 九星天辰訣1
02678132, 5.6, 12, 读屏时代的写作
01032815, 5.4, 10, 网络文学本体论
07564521, 0.0, 10, 百年江山3：錦繡山河
