2020-07-05 16:00:14

number of books, tag name
459, 罗马

ID, rating, votes, title
01770782, 8.9, 647954, 追风筝的人
01040771, 8.2, 206808, 达·芬奇密码
06789605, 9.1, 23067, 树上的男爵
01863930, 8.8, 34012, 看不见的城市
01803022, 9.0, 15959, 圣经
01228110, 8.2, 35374, 天使与魔鬼
03025618, 9.4, 3678, 我们的祖先
02359003, 8.2, 18865, 沉思录
27180479, 9.2, 4332, 奥古斯都
25891318, 9.0, 5495, 1453
07055441, 8.8, 5599, 罗马人的故事1
07064370, 9.2, 3325, 罗马人的故事2
03654604, 8.4, 9563, 天使与魔鬼
25891321, 9.0, 3229, 海洋帝国
27036319, 8.5, 4559, 百年法
10541074, 9.2, 1852, 罗马人的故事5
25777432, 9.1, 2074, 罗马人的故事（礼品装，全15册）
26296352, 8.9, 2628, 财富之城
01070685, 8.1, 6566, 永远的普罗旺斯
24257192, 9.3, 1364, 卡利古拉
01060531, 8.5, 3396, 忏悔录
10485699, 8.7, 2439, 罗马人的故事3
10541073, 8.8, 2135, 罗马人的故事4
03710137, 8.6, 2340, 沉思录
30284738, 9.1, 1200, 罗马元老院与人民
25899496, 8.8, 1447, 1453：君士坦丁堡的陷落
10762726, 8.7, 1519, 罗马人的故事6
01211052, 8.6, 1495, 罗马帝国衰亡史（上册）
06428078, 9.1, 767, 罗马帝国衰亡史（套装共6册）
11589948, 8.6, 1303, 罗马人的故事7
19964969, 9.1, 714, 你往何处去
01185912, 8.6, 1208, 变形记
01917969, 7.9, 2902, 通向蜘蛛巢的小径
03663124, 9.2, 613, 韦洛克拉丁语教程
01511912, 8.5, 1270, 高卢战记
20272121, 8.7, 976, 罗马人的故事9
01197950, 9.2, 552, 希腊罗马名人传
01079962, 9.0, 666, 论法的精神（下）
26360790, 8.7, 867, 万神殿堂
19912128, 8.5, 1070, 罗马人的故事8
24744709, 8.8, 747, 罗马人的故事 15
20273136, 8.5, 1008, 水的空白
26905142, 8.9, 649, 罗马帝国的陨落
10355149, 9.1, 527, 建筑十书
20507209, 8.6, 841, 罗马人的故事11
22495539, 8.6, 824, 罗马人的故事12
02364765, 8.8, 654, 变形记
05293819, 8.4, 925, 羅馬浴場 Ⅰ
01185910, 8.9, 536, 埃涅阿斯纪
24307334, 8.5, 789, 罗马人的故事13
20441113, 8.4, 873, 罗马人的故事10
26776046, 9.2, 383, 卡利古拉
24671185, 8.5, 753, 罗马人的故事 14
03089401, 8.5, 729, 沉思录
03662554, 8.8, 498, 牧歌
26545313, 8.0, 1226, 文艺复兴的故事01：文艺复兴是什么
03464443, 8.0, 1214, 剑桥艺术史：中世纪艺术
26721302, 9.3, 287, 埃涅阿斯纪  特洛亚妇女
01211051, 8.6, 535, 罗马帝国衰亡史（下册）
26929967, 8.0, 1049, 拜占庭帝国
01048529, 8.6, 527, 论老年 论友谊 论责任
01266269, 8.0, 1014, 建筑十书
01084606, 8.8, 414, 伯罗奔尼撒战争史
03018347, 8.8, 409, 罗马帝国衰亡史（第一卷）
30248326, 8.6, 493, 全译罗马帝国衰亡史
01473686, 8.4, 606, Angels and Demons
01257185, 8.8, 389, 你往何处去
03786363, 8.6, 448, 沉思录
01028670, 8.7, 403, 塔西佗《编年史》
25969313, 7.6, 1455, 易中天中华史：两汉两罗马
01315248, 8.7, 389, 论李维
01578541, 8.9, 320, 古代城邦
25857922, 8.0, 805, 罗马灭亡后的地中海世界（上下册）
34875240, 8.5, 457, 竹不如肉
25829274, 8.8, 334, 神话
01116356, 8.5, 428, 阿古利可拉传 日耳曼尼亚志
25895035, 9.0, 266, 罗马史研究入门
26808763, 8.3, 514, 奥古斯都
26906381, 8.5, 416, 希腊罗马神话
05401999, 9.2, 220, 君主论·李维史论
01039585, 8.1, 633, 罗马十二帝王传
26646578, 8.1, 629, 文艺复兴的故事02：我的朋友马基雅维利——佛罗伦萨的兴亡
01228654, 8.6, 363, 物性论
01916347, 8.8, 298, 变形记
26443903, 8.4, 424, 卢比孔河
30322990, 9.2, 202, 拜占庭帝国史
26764853, 7.6, 1065, 迦太基必须毁灭
01049103, 8.8, 281, 喀提林阴谋 朱古达战争
25805080, 9.6, 147, 哈德良回憶錄
01126207, 8.0, 620, 斯巴达克斯
01416919, 8.9, 243, 羅馬不是一天造成的
01060019, 8.5, 350, 古代社会（上下）
34432189, 8.5, 340, 罗马的命运
01871632, 8.5, 337, 卢比孔河
01061684, 9.0, 210, 罗马史（下卷）
01438722, 8.6, 293, 罗马史（上卷）
25910407, 9.1, 187, 统治史（卷一）：古代的王权和帝国——从苏美尔到罗马（修订版）
01915910, 8.3, 379, 内战记
26925073, 8.5, 309, 牧歌
01130172, 8.6, 272, 塔西佗历史
27034364, 8.9, 206, 西方思想的起源
26838691, 7.9, 545, 易中天中华史 第九卷：两汉两罗马
25705618, 9.1, 165, 马基雅维里时刻
03309694, 9.0, 174, 卡图卢斯《歌集》拉中对照译注本
26435504, 8.4, 280, 罗马史
06749702, 8.5, 250, 羅馬浴場 Ⅲ
34438693, 8.5, 236, 庞贝
03510266, 8.5, 222, 希腊罗马名人传（全三册）
20452305, 8.2, 295, 罗马帝国的崛起
30328938, 8.5, 219, 古罗马的日常生活
27197932, 8.8, 166, 拜占庭的新生
01319698, 8.6, 195, 建城以来史（前言・卷一）
03263793, 9.1, 130, 埃涅阿斯纪
25841479, 7.9, 378, 罗马人的故事（精编体验本）
26644666, 9.2, 114, SPQR
26104025, 8.4, 204, 启蒙时代（上）
01062638, 8.6, 171, 法学总论
03018351, 8.8, 141, 罗马帝国衰亡史（第二卷）
01071177, 9.1, 112, 古希腊哲学
01460892, 9.4, 91, The History of the Decline and Fall of the Roman Empire
24533463, 7.8, 352, 拜占庭帝国通史
26835224, 8.8, 137, 罗马革命
01808910, 8.2, 220, 修辞学
05367393, 8.4, 182, 最高权力
01737093, 8.7, 138, 论共和国
02209257, 8.2, 212, 欧洲民族大迁徙史话
27193374, 8.5, 161, 罗马共和国
24530485, 8.7, 135, 论李维罗马史
01485602, 8.4, 169, 米开朗琪罗与教皇的天花板
26639303, 8.0, 244, 坎尼的幽灵
01484568, 8.6, 142, 賢君的世紀
01883871, 8.4, 165, 斯巴达克思
03534435, 8.8, 118, 基督的勝利
27066737, 9.5, 73, 拉丁语语法新编
01883052, 8.9, 109, 城之理念
01960033, 8.3, 174, 金驴记
30246810, 9.1, 92, 巨人的文明
27201060, 9.5, 70, 贺拉斯诗全集
02383085, 8.1, 199, 罗马帝国简史
26693989, 8.7, 117, 安东尼与克莉奥佩特拉
26767467, 8.0, 213, 龙与鹰的帝国
02141141, 8.6, 119, 西方思想史
01433512, 9.4, 68, Memoirs of Hadrian
01950488, 8.4, 137, 拉丁语基础
26855019, 9.4, 66, 左宗棠全传
01080942, 8.2, 159, 罗马史（第二卷）
34873200, 8.8, 97, 罗马的复辟
01275100, 8.5, 121, 西塞罗三论
10564507, 9.1, 77, 论李维
04734380, 9.0, 82, 普洛科皮乌斯战争史
01073125, 7.7, 246, 黑白巴黎
03018352, 8.5, 116, 罗马帝国衰亡史（第三卷）
26952228, 8.1, 159, 论幸福生活
10581487, 7.6, 258, 凯撒们的星空下
26791962, 8.2, 143, 罗马盛衰原因论
03035655, 8.5, 108, 马基雅维里主义
01447887, 8.1, 150, 罗马史（第三卷）
02267345, 9.1, 70, 我，克劳迪亚斯
30306717, 7.3, 344, 希腊罗马神话
26667847, 7.7, 219, 地中海的衰落
04132747, 8.1, 143, 沉思录
27069756, 9.2, 63, 罗马第一人 上
01852374, 7.9, 168, 拜占廷帝国
03169421, 7.7, 199, 罗马史
25921044, 9.4, 54, 哈佛百年经典第22卷：柏拉图对话录 : 申辩篇、克利同篇、斐多篇 ; 爱比克泰德金言录 ; 马库思·奥勒留沉思录
01791766, 8.4, 103, 君士坦丁大帝时代
02046813, 8.5, 95, 恶魔导演的战争
03018353, 8.7, 81, 罗马帝国衰亡史（第四卷）
04259940, 8.4, 101, 罗马晚期的工艺美术
24733453, 8.6, 86, 人文通识课1：古典时代
01926001, 8.4, 98, 萨朗波
26418230, 8.7, 78, 恺撒传
01002656, 8.5, 90, 古希腊抒情诗选
01557582, 8.5, 90, 罗马法原论（上下）
03193730, 8.1, 124, 忏悔录
03018354, 8.7, 77, 罗马帝国衰亡史（第五卷）
03014027, 9.0, 63, 古希腊罗马哲学
03071752, 8.0, 133, 希腊的回声
02021237, 8.7, 76, Cambridge Latin Course Book 1
04016660, 7.6, 193, 美国杀戮
06538493, 8.5, 85, 爱经·海螺
01475049, 8.3, 99, 哀歌集
03018355, 8.7, 73, 罗马帝国衰亡史（第六卷）
04849906, 8.8, 68, 西塞罗文集（政治学卷）
01390135, 7.8, 150, 失落的文明
26582376, 7.5, 201, 一本最危险的书
27609843, 7.4, 221, 罗马：一座城市的兴衰史
26311303, 8.6, 76, 罗马帝国
26952318, 8.3, 93, 朝服
01427774, 8.3, 92, 强者的温柔
20431880, 8.0, 116, 古代的希腊和罗马
04121039, 8.4, 83, 九章集（上下）
25942138, 8.7, 67, 罗马帝国衰亡史
04919407, 7.6, 163, 简明拉丁语教程
30314053, 9.8, 35, 幸运的宠儿（上）
01009692, 7.8, 132, 古罗马风化史
25950953, 8.5, 73, 阿提卡之夜（1-5卷）
01151849, 7.8, 126, 拜占廷帝国史
27069757, 9.4, 41, 罗马第一人 下
01319708, 8.2, 88, 外族名将传
34846908, 8.6, 65, 角斗场外的绅士
01003194, 9.0, 50, 古罗马诗选
06709237, 9.9, 31, Rome Sketchbook
26356374, 8.9, 53, 贺拉斯诗选
04146045, 6.4, 663, 干掉一切对手
25733120, 8.4, 73, 外族的智慧
03797501, 7.8, 117, 古希腊罗马神话传说
01727867, 7.5, 153, 虚伪的生命
27132859, 9.1, 45, 草冠(上)
01465599, 7.4, 164, 古希腊罗马时期不确定的性别
04606391, 8.2, 80, 漫话意大利
04164071, 8.5, 63, 乔恰里亚女人
26810556, 8.5, 63, 从古代到封建主义的过渡
01265441, 7.7, 114, 亚历山大大帝传
06758675, 8.5, 60, 古代罗马史
26345471, 8.8, 49, 论义务
25858692, 8.0, 85, 罗马人（插图第4版）
10483500, 7.9, 92, 庞贝
26103628, 9.6, 31, 马基雅维利全集1：君主论·李维史论
34970434, 9.1, 40, 拜占庭的巅峰
03410840, 8.0, 82, 古典神话人物100
03001455, 9.2, 37, The Aeneid
04776309, 9.4, 33, The Metamorphoses
34970437, 9.4, 33, 拜占庭的衰亡
02663468, 8.9, 43, Metamorphoses
04117942, 8.7, 48, 罗马政制史（第一卷）
25717207, 8.8, 44, 柯林斯拉丁语-英语双向词典
01142262, 8.1, 70, 罗马:帝国荣耀的回声
30142263, 9.3, 33, 恺撒的女人（上）
01320058, 8.0, 75, 罗马史随想
04200249, 8.6, 49, 《埃涅阿斯纪》章义
06047767, 8.2, 64, 恋爱中的诸神
01013804, 7.6, 104, 庞培――掩埋在地下的荣华
27132860, 9.0, 38, 草冠(下)
30402619, 7.7, 94, 罗马的崛起
01457103, 7.4, 124, 罗马神话故事
30283395, 9.3, 32, 希腊化、罗马和早期基督教
02219898, 7.5, 109, 红衣主教的帽子
26263329, 8.6, 46, 战争事典007
01276188, 8.2, 60, 罗马法教科书
30314054, 9.5, 28, 幸运的宠儿（下）
24307332, 8.3, 54, 高卢战记
04303817, 9.3, 30, 名哲言行录
25934181, 8.5, 47, 罗马史（第四卷）
01607992, 8.2, 57, 希腊罗马神话
21324981, 7.5, 100, 新罗马帝国衰亡史
01052510, 8.4, 49, 兵法简述
03722969, 8.0, 65, 古罗马帝王之死
26693986, 8.5, 45, 居里厄斯·恺撒
01513081, 8.0, 62, 斯巴达克思
02037061, 8.9, 34, 希腊罗马散文选
03829989, 8.7, 38, 我的朋友馬基維利
01863111, 9.9, 21, The Roman Revolution
05272998, 8.0, 60, 希腊罗马神话与传说中的恋爱故事
33428439, 8.6, 40, 罗马世界甲胄、兵器和战术图解百科
26975004, 9.5, 24, 古代文明惊奇透视：古罗马
01084704, 8.1, 53, 罗马皇帝尼禄
02148691, 7.8, 66, 古代战争与西方战争文化
10564502, 8.4, 43, 古代城市
20279666, 8.4, 43, 罗马新史
30312043, 8.4, 43, 罗马帝国的梦魇
05370228, 7.0, 136, 罗马神话
26323675, 10.0, 19, The Classical Tradition
26661400, 8.0, 55, 罗马帝国兴亡史
03008932, 7.6, 75, 凶宅 孪生兄弟
01086764, 8.0, 54, 罗马人
26705440, 8.0, 54, 剑桥希腊罗马政治思想史
06901613, 6.9, 145, 哥特史
06791815, 8.2, 46, 希腊罗马名人传
26286027, 8.2, 46, 最高权力
19958273, 8.1, 49, 古罗马风化史
24738846, 7.3, 93, 神圣罗马帝国，1495—1806
10557006, 8.2, 45, 沉思录
30133249, 8.2, 45, 上帝与罗马
26443902, 7.7, 64, 罗马帝国兴亡史
25827512, 8.0, 51, 罗马共和国史
01424721, 7.2, 97, 古罗马人的欢娱
06847790, 7.8, 57, 论神性
26388654, 8.0, 49, 奥黛丽•赫本在罗马
24522575, 8.9, 28, 征服美洲
30450678, 8.9, 28, 哀歌集·黑海书简·伊比斯
25940323, 9.2, 24, 罗马法原论（全两册）
25902313, 7.7, 60, 罗马史
01907792, 8.8, 29, Imperium
01010744, 7.6, 63, 罗马人
04149997, 8.7, 30, 希腊罗马神话
02084391, 6.8, 134, 秘史
11615098, 7.8, 53, 恺撒战记·高卢战记
02141631, 7.7, 57, 论神性
03259557, 8.8, 28, 古罗马文学史
26616417, 7.2, 87, 牛津拜占庭史
30142264, 9.5, 20, 恺撒的女人（下）
27667793, 7.2, 86, 托蒂笑话集
03395282, 8.7, 29, 甜蜜的家，罗马
26755734, 8.7, 29, 琉善哲学文选
10770511, 9.7, 18, The Oxford Classical Dictionary
20275491, 7.9, 47, 希腊罗马英豪列传
04887606, 9.3, 21, 论基督教信仰
01012892, 7.7, 53, 世界霸主・罗马帝国
01424720, 7.4, 67, 古罗马的儿童
02023773, 8.8, 26, 古代的希腊和罗马
01056566, 7.6, 55, 希腊罗马神话故事
03289507, 9.2, 21, The History of the Decline and Fall of the Roman Empire
01560019, 7.5, 59, 古希腊罗马犬儒现象研究
26708569, 8.9, 24, 权谋
26296454, 8.6, 28, 美术中的流光
01925073, 6.9, 101, 恺撒大传
26616456, 7.9, 42, 牛津古罗马史
01903901, 8.3, 32, 古罗马文学史
01577631, 7.6, 51, 论农业
01157381, 7.0, 86, 西班牙史
01793504, 9.3, 19, The Decline and Fall of the Roman Empire
03997360, 8.5, 28, 罗马法史
03753858, 8.2, 33, 恺撒评传
01278999, 7.2, 69, 王力别集：希腊文学 罗马文学
01337648, 8.6, 26, 昆体良教育论著选
02974189, 7.1, 75, 古代世界的终结
03269567, 7.5, 53, 罗马文明
26790604, 7.6, 49, 罗马帝国简史
04265851, 8.1, 34, 道德和政治论文集
25844863, 6.7, 104, 气候改变历史
24872412, 6.6, 109, 古罗马的性与权力
19971984, 8.7, 22, 维吉尔的帝国
03575628, 8.5, 24, 罗马私法中的过错要素
06124689, 7.3, 53, 伟大属于罗马
30289101, 7.9, 34, 古希腊罗马技术史
01427773, 7.5, 45, 论至善和至恶
01489476, 7.4, 48, 伊特鲁利亚人的灵魂
01198126, 8.6, 22, 古希腊罗马币鉴赏
02435446, 8.5, 23, The World of Late Antiquity
04908238, 8.5, 23, 千万别当罗马士兵
02254131, 8.4, 24, 假尼禄
02005965, 9.4, 15, The History of the Decline and Fall of the Roman Empire
33477145, 7.3, 48, 赌徒恺撒
01926324, 7.2, 52, 罗马史-诺贝尔文学奖文集
06396375, 7.6, 38, 古希腊罗马奴隶制
04000719, 7.8, 33, 信任帝国
01004213, 7.7, 35, 罗马共和的衰亡
10590230, 7.8, 31, 古希腊-罗马文明：社会、思想和文化
25789300, 8.0, 27, 古典民主与共和传统（上卷）
30384180, 8.2, 24, 罗马史
01158732, 7.1, 51, 迦太基传奇
02179171, 7.9, 28, 罗马帝国衰亡史
25854089, 7.9, 28, 在大英博物馆读古罗马
26616176, 7.0, 54, 罗马史
01686282, 8.3, 22, 沉思录
03012291, 8.3, 22, 龐貝
01657052, 7.5, 36, 法学阶梯
01245522, 7.3, 41, 农业志
04243038, 7.3, 41, 罗马军团
05326227, 7.4, 37, 凱撒軍團東征中國之謎
05293429, 8.3, 21, 李维《罗马史》选
27155207, 8.3, 21, 尤利安文选
20426512, 8.7, 17, 普劳图斯（上卷）
01062370, 7.2, 41, 汉尼拔
19943939, 7.4, 35, 古罗马宗教读本
02454129, 8.2, 21, The Early History of Rome
02123521, 7.6, 30, 女杰书简
01439709, 8.1, 22, 高盧戰記
33402512, 7.8, 26, 元老院的生与死
01029411, 7.0, 46, 古代希腊罗马美术
01279012, 8.7, 16, 十二铜表法
03426797, 7.5, 31, 罗马与中国
26315419, 7.7, 27, 古罗马的教育
01254239, 7.4, 32, 情爱录
01845851, 7.2, 36, 古罗马的医生
25985648, 7.4, 31, 欧洲的月份
01396606, 8.1, 19, 西方政治思想史&lt;第1卷&gt;(古希腊罗马)
26827761, 8.0, 20, Lonely Planet国际旅行指南系列:罗马
06981966, 7.9, 21, 艺术与建筑
30142260, 7.5, 26, 罗马与中国
01137109, 7.0, 37, 哈斯德鲁巴
25769898, 7.1, 34, 西方古典文献学发凡
26022089, 8.0, 19, 罗马的圣·彼得大教堂和创造性毁坏的原则
01659056, 8.1, 18, 罗马文化与古典传统
01781186, 8.2, 17, Rubicon
01830691, 8.6, 14, 希腊罗马哲学
34456264, 9.2, 11, 维吉尔《埃涅阿斯纪》导论
25887905, 8.7, 13, 罗马政制史（第二卷）
27004762, 8.7, 13, 罗马史（第一册）
27195437, 8.7, 13, 论至善和至恶
26584723, 8.0, 18, 古代罗马社会生活
03303122, 7.8, 20, 古罗马喜剧三种
26772507, 7.8, 20, 罗马共和国政制
30459814, 8.5, 14, 罗马简史
01953718, 9.1, 11, 世界建筑史-拜占廷卷(上下册)
27121073, 9.1, 11, The Storm Before the Storm
11758285, 8.2, 16, The Roman Republic
03795408, 7.4, 25, 罗马，大理石和时间的怪圈
26805802, 7.2, 28, 罗马的黑人皇帝
02425299, 8.8, 12, The Fall of the Roman Empire
06870606, 8.8, 12, 原來，古羅馬人這樣過日子
27060597, 8.8, 12, 马基雅维里与文艺复兴
01149543, 6.9, 35, 罗马式艺术
04746863, 7.3, 26, 奥古斯都
01060890, 7.8, 19, 罗马法史
01507191, 7.8, 19, 阿古柏伯克传
01113899, 8.5, 13, 西方古典柱式
05986475, 8.3, 14, 漫画玩转全球史（第四辑）
30284734, 7.6, 20, 古希腊罗马军事史
01000879, 7.3, 24, 君士坦丁大帝
05976622, 6.9, 32, 罗马文学地图
01437896, 6.1, 68, 从罗马到中国
25858736, 7.1, 26, 畅游意大利
01248167, 7.2, 24, 末日军团
30270817, 7.2, 24, 战术
30137385, 7.4, 21, 帝国的边界
26277362, 6.9, 29, 噢，诸神
27006321, 8.6, 11, 罗马精神
02425287, 8.2, 13, The Fall of Rome
25847990, 6.8, 29, 拉丁语入门教程II：文献篇
23782052, 7.4, 19, 世界古文明书系·罗马
01212731, 7.3, 20, 天才复生
02471739, 7.9, 14, The Aeneid
05039244, 6.9, 25, 罗马帝国
01914749, 7.6, 16, 罗马帝国
26562333, 7.6, 16, 西塞罗传
21248398, 7.7, 15, 骊靬梦断
26856782, 7.9, 13, 罗马爱经
04873374, 7.6, 15, 古罗马美术
01708502, 7.0, 21, 罗马风建筑
03546478, 8.2, 11, 最高權力
26296288, 7.3, 17, 贝尼尼传：他的人生 他的罗马
25929639, 8.4, 10, 走遍全球——罗马
01272338, 7.2, 17, 世界霸主
03675472, 6.7, 23, 欧洲古典时代的建筑与文化
01926299, 7.3, 15, 罗马:从共和走向帝制(第2版)(研究生教学用书)
02530451, 7.9, 11, The Penguin Historical Atlas of Ancient Rome
27118339, 7.4, 14, 马可·奥勒留传
25845890, 7.5, 12, 天使的品味
26761381, 5.4, 69, 长安与罗马
06194600, 7.2, 13, 古代世界的城邦
26679567, 6.9, 15, 腐败与罗马帝国的衰落
01265309, 7.0, 14, 美国
26347202, 7.4, 11, 自建城以来
03039111, 6.0, 27, 汉尼拔
06817754, 7.5, 10, 撒路斯特与政治史学
03605721, 7.3, 11, 罗马帝国与汉晋帝国衰亡史
01906523, 6.5, 16, 角斗士
27202436, 6.4, 17, 罗马帝国简史
03413715, 5.9, 17, 欢情与迷乱
05994957, 6.1, 11, 从长安到罗马
27091771, 5.7, 14, 尼禄
27091768, 5.5, 16, 汉尼拔
01010784, 5.7, 13, 罗马的恐怖
26373677, 5.5, 15, 罗马世界
02189804, 4.7, 23, 西塞罗全集·修辞学卷
26423489, 2.4, 222, 虚构的古希腊文明
01448774, 0.0, 10, 爱经
03729731, 0.0, 10, 罗马-拜占廷时代的埃及基督教史研究
26392830, 0.0, 10, 罗马史纲要
30389684, 0.0, 10, 罗马法史纲
30474007, 0.0, 10, 古罗马戏剧史
01621771, 0.0, 11, 荣光欧罗巴
01228642, 0.0, 12, 美学的开端
02471646, 0.0, 12, Metamorphoses
03925185, 0.0, 12, 罗马史（上卷）
25708324, 0.0, 13, 帝国兴亡:罗马帝国的六大转折点
30389686, 0.0, 23, 恺撒之死
