2020-07-05 16:00:14

number of books, tag name
992, 美国

ID, rating, votes, title
01770782, 8.9, 647954, 追风筝的人
01068920, 9.3, 158316, 飘
06781808, 9.2, 77187, 杀死一只知更鸟
01829226, 9.1, 85335, 肖申克的救赎
02143732, 8.8, 91251, 灿烂千阳
01336330, 9.3, 32524, 冰与火之歌（卷一）
01064275, 8.4, 155634, 老人与海
33440205, 8.9, 60961, 你当像鸟飞往你的山
01040771, 8.2, 206808, 达·芬奇密码
05414391, 9.0, 41468, 寻路中国
07060185, 9.0, 37399, 江城
01008988, 8.4, 107086, 了不起的盖茨比
01027191, 9.0, 36518, 历史深处的忧虑
26602392, 8.6, 69766, 你今天真好看
03813669, 8.6, 69122, 民主的细节
26879778, 9.3, 20739, 杀死一只知更鸟
01092335, 9.0, 31551, 教父
01051193, 8.6, 57881, 麦琪的礼物
06798611, 8.7, 47506, 史蒂夫·乔布斯传
01775691, 8.4, 81347, 少有人走的路
26382433, 8.2, 115952, 无声告白
01036274, 8.6, 51791, 夏洛的网
26576861, 9.0, 25138, 最好的告别
26425831, 8.8, 33336, 斯通纳
25829693, 9.0, 23609, 永恒的终结
01013208, 8.4, 63346, 如何阅读一本书
03026879, 8.8, 28936, 爱的艺术
01786387, 8.6, 39608, 影响力
01813841, 8.7, 32092, 枪炮、病菌与钢铁
25762009, 9.1, 16809, 教父
01865089, 8.4, 51684, 瓦尔登湖
25826936, 9.5, 9113, 冰与火之歌
01316648, 8.3, 58852, 查令十字街84号
01033778, 8.3, 58355, 富爸爸，穷爸爸
01028842, 9.1, 15426, 经济学原理（上下）
01258490, 9.2, 13205, 基地
01476651, 9.0, 17668, 社会心理学
03719533, 9.4, 9787, 经济学原理
26362836, 9.0, 16360, 献给阿尔吉侬的花束
01062193, 8.5, 34994, 娱乐至死
10738023, 8.7, 24765, 了不起的盖茨比
01022238, 8.2, 58121, 菊与刀
26755503, 8.7, 22199, 我可以咬一口吗
20381804, 9.4, 8037, 冰与火之歌·卷五·魔龙的狂舞（全三册）
25976544, 9.2, 10326, 故事
03533221, 8.4, 35536, 非暴力沟通
02053249, 8.1, 62229, 麦田里的守望者
01424741, 8.5, 28758, 心是孤独的猎手
01014825, 9.0, 13040, 我也有一个梦想
01056315, 8.8, 17439, 总统是靠不住的
06964050, 9.4, 7211, 冰与火之歌·卷一·权力的游戏（全三册）
10583099, 9.1, 10628, 全球通史
10488620, 9.5, 6246, 冰与火之歌·卷二·列王的纷争（全三册）
10786473, 8.2, 45627, 自控力
01032501, 8.8, 16314, 心理学与生活
02326403, 8.9, 13822, 认识电影
26896859, 8.8, 15978, 当呼吸化为空气
26295448, 8.6, 21898, 你一生的故事
06021440, 8.7, 18587, 黑客与画家
01922246, 9.2, 8774, 全球通史(下)
26712353, 8.6, 20747, 血疫
01102715, 9.1, 9675, 从一到无穷大
01056295, 8.2, 39846, 人性的弱点全集
07065521, 9.0, 10804, 银河帝国：基地
03649782, 8.6, 19855, 达·芬奇密码
26586492, 8.9, 12446, 火星救援
01017749, 9.4, 6215, 乱世佳人(上、下)
28659562, 8.8, 14041, 夏日终曲
06964047, 9.4, 5895, 冰与火之歌（卷一）
26389895, 9.5, 5073, 银河帝国：基地七部曲
05375620, 8.7, 15223, 失控
01228110, 8.2, 35374, 天使与魔鬼
02328458, 9.1, 8451, 社会性动物
26340138, 7.6, 120580, 岛上书店
02194123, 8.4, 24264, 相约星期二
20507206, 9.1, 8207, 众病之王
02046807, 9.5, 4884, 飘
01082518, 7.9, 59967, 麦田里的守望者
01041385, 9.2, 6982, 论美国的民主
03057556, 8.9, 10228, 狂热分子
27608239, 8.4, 22261, 原则
01762869, 8.9, 9778, 如彗星划过夜空
10604915, 9.2, 6278, 银河帝国3：第二基地
24845582, 8.4, 19466, 群山回唱
34672176, 8.6, 14055, 呼吸
01883353, 8.8, 10341, 野性的呼唤
25961458, 9.3, 5230, 大问题
01144185, 9.1, 6744, 美国宪政历程
01033190, 8.8, 10180, 失落的一角
25709685, 9.6, 3595, 守望者（上）
03697494, 9.1, 6558, 洞穴奇案
06401128, 8.9, 8505, 批评官员的尺度
03719531, 9.3, 4979, 经济学原理
01465324, 7.7, 67780, 洛丽塔
26319730, 8.5, 15011, 娱乐至死
01140727, 8.7, 10881, 安德的游戏
01860750, 8.4, 17417, 了不起的盖茨比
01187842, 9.0, 7035, 你一生的故事
26264967, 8.4, 17193, 神们自己
01431870, 9.0, 6972, 源泉
01794620, 7.8, 48450, 芒果街上的小屋
07065529, 9.0, 6576, 银河帝国2：基地与帝国
11628196, 9.4, 3936, 冰与火之歌·卷四·群鸦的盛宴（全三册）
24715686, 8.8, 8586, 仿生人会梦见电子羊吗？
01427288, 8.4, 15592, 小妇人
26768309, 8.1, 25854, 查令十字街84号
01917972, 7.8, 45237, 在路上
25941890, 9.1, 5445, 海伯利安
05408882, 9.0, 6197, 公正
26598807, 9.0, 6111, 人鼠之间
25907864, 9.6, 2923, 守望者（下）
26371317, 8.1, 24576, 24个比利
04105446, 8.2, 20474, 十一种孤独
01880992, 8.5, 12435, 老人与海
26907961, 9.4, 3629, Born a Crime
25845647, 8.8, 7883, 天空的另一半
03326892, 8.6, 10509, 圣诞忆旧集
30128204, 8.9, 6774, 莫斯科绅士
03826899, 8.7, 8979, 布鲁克林有棵树
03347997, 8.4, 14008, X的悲剧
26418475, 9.2, 4460, 逃避自由
19920715, 8.6, 10164, 论中国
01225983, 8.7, 8729, 万物简史
04010969, 7.8, 40239, 当我们谈论爱情时我们在谈论什么
27180479, 9.2, 4332, 奥古斯都
06016234, 8.9, 6319, 奇风岁月
30316475, 8.2, 18509, 漫长的告别
02669319, 9.1, 4797, Flipped
01030200, 9.0, 5382, 失落的一角遇见大圆满
01005492, 8.9, 6110, 光荣与梦想
06952036, 9.1, 4680, 对伪心理学说不
26435630, 9.6, 2547, 经济学原理(第7版)
06811366, 8.3, 14266, 禅与摩托车维修艺术
03335362, 8.5, 10212, 大教堂
30125030, 9.1, 4393, 天生有罪
05920385, 8.3, 13687, 肠子
03522695, 8.5, 9597, 瓦尔登湖
03990022, 9.2, 3670, 美国纽约摄影学院摄影教材（上册）
01996678, 9.4, 2777, 乱世佳人
01982200, 8.7, 6796, 爱德华的奇妙之旅
03043562, 9.4, 2748, 飘
01220853, 8.3, 12200, 伟大的博弈
03930318, 9.1, 3848, 超越时空
03013903, 8.1, 16399, 漫长的告别
04282084, 8.8, 5568, 论摄影
01040397, 8.1, 16343, 假如给我三天光明
06511362, 9.0, 4255, 我们时代的神经症人格
25881102, 8.8, 5477, 独裁者手册
03654604, 8.4, 9563, 天使与魔鬼
27041533, 8.7, 6115, 仿生人会梦见电子羊吗？
01052074, 8.8, 5280, 喧哗与骚动
02193877, 8.0, 18353, 你在天堂里遇见的五个人
01071227, 9.0, 4032, 大问题
01907199, 8.6, 6902, 扫起落叶好过冬
04286204, 8.1, 15101, 麦田里的守望者
30155720, 8.2, 12601, 小小小小的火
03223711, 8.1, 14880, 怪诞行为学
05991872, 8.9, 4464, 爱的艺术
24753751, 8.1, 14703, 向前一步
04149805, 8.5, 7753, 了不起的盖茨比
20376604, 9.1, 3409, 源泉
25883305, 9.1, 3407, 阿拉伯的劳伦斯
03112726, 8.4, 8843, 希腊棺材之谜
27603501, 8.8, 4922, 奇迹男孩
01315190, 8.8, 4907, 想象的共同体
03266345, 8.1, 14080, 三杯茶
25982252, 9.0, 3746, 蝙蝠侠：致命玩笑
06892579, 8.4, 8649, 美国种族简史
30218241, 9.1, 3291, 建筑师
25810506, 9.1, 3283, 史蒂夫·乔布斯传（修订版）
02061644, 8.2, 11675, 伤心咖啡馆之歌
01082147, 9.0, 3660, 热爱生命
02349930, 8.8, 4710, 秘密花园
26879324, 9.1, 3198, 怦然心动
02161892, 8.5, 7126, 九故事
27150656, 9.1, 3156, Call Me by Your Name
03821057, 8.6, 6097, 搏击俱乐部
03151990, 8.5, 7025, 达摩流浪者
07154675, 8.8, 4592, 怦然心动
02141139, 9.0, 3531, 欧亨利短篇小说精选
26304954, 9.6, 1760, 存在主义心理治疗
04202004, 8.6, 5987, 文明的冲突与世界秩序的重建
25708359, 8.5, 6877, 了不起的盖茨比
02050767, 8.6, 5853, 绿野仙踪
03566368, 8.2, 10649, 空谷幽兰
25737822, 9.3, 2349, 银河帝国12：机器人与帝国
25717097, 8.6, 5683, 囚徒健身
01430530, 8.3, 8831, 汤姆叔叔的小屋
33379779, 8.3, 8758, 美国陷阱
03888123, 8.6, 5575, 写作这回事
03815126, 8.7, 4834, 瓦尔登湖
27598133, 9.0, 3250, 以你的名字呼喚我
27193117, 8.6, 5514, 我们一无所有
05431784, 8.3, 8455, 雪落香杉树
02117871, 8.8, 4081, 大卫，不可以
26939269, 9.0, 3156, 只是孩子
04893870, 9.5, 1775, 飘（上下）
03143537, 9.4, 1978, 津巴多普通心理学
06435891, 9.7, 1441, 飘
30175475, 8.8, 4018, Educated
01874411, 8.4, 6983, 乞力马扎罗的雪
03420606, 8.7, 4531, 正面管教
27036317, 8.1, 11089, 独居的一年
03163104, 9.3, 2140, 变化社会中的政治秩序
25712811, 9.4, 1912, 世界电影史（第二版）
14439405, 8.9, 3428, 哲学的故事
04071842, 8.5, 5888, 路西法效应
26306686, 8.3, 7928, 创业维艰
30389372, 8.7, 4390, 成为
30199434, 8.3, 7666, 原生家庭
01870268, 8.6, 4919, 美国大城市的死与生（纪念版）
01083429, 8.8, 3645, 爱伦·坡短篇小说集
27042344, 8.8, 3595, 醒来的女性
05320866, 8.3, 7136, 重来
01408193, 9.2, 2154, To Kill a Mockingbird
25708714, 8.9, 3068, 历史深处的忧虑
26314954, 8.7, 3965, 光荣与梦想（套装共4册）
26431326, 8.9, 3056, 所有我们看不见的光
10488619, 8.9, 3042, 洞穴奇案
01048930, 9.0, 2687, 联邦党人文集
24163576, 8.3, 6941, 漫长的告别
24541883, 8.1, 9304, 消失的爱人
10569619, 8.4, 5835, 自由
27662713, 9.3, 1849, 舆论
03246904, 8.1, 9152, 蒂凡尼的早餐
03227478, 8.9, 2911, 电影艺术（插图第8版）
20366368, 9.1, 2266, 公正
24882289, 9.1, 2256, 机器人短篇全集
20428313, 8.7, 3702, 冷血
03815129, 8.6, 4221, 老人与海
01010204, 8.5, 4827, 宽容
26642866, 8.1, 8654, 萤火虫小巷
03640067, 8.8, 3159, 革命之路
02302217, 8.6, 4070, 阿特拉斯耸耸肩（上下）
01313181, 8.4, 5379, 富兰克林自传
26874446, 9.1, 2159, 社会学的想象力
26897747, 8.3, 6165, 黑旗
26053771, 8.9, 2715, 小于一
25782902, 8.1, 8361, 反脆弱
30222786, 8.8, 3060, Bad Blood
02117872, 8.9, 2692, 花婆婆
26297606, 7.5, 24550, 从0到1
26860776, 8.4, 5225, 鞋狗
04171951, 7.4, 29582, 失落的秘符
10607615, 8.7, 3312, 第三种黑猩猩
01211267, 8.5, 4302, 阿甘正传
03106707, 8.9, 2546, 好饿的毛毛虫
26759508, 8.1, 7794, 硅谷钢铁侠
24531360, 8.9, 2534, 银河帝国11：曙光中的机器人
03393056, 8.2, 6613, 流动的盛宴
01340549, 8.7, 3171, Tuesdays with Morrie
10554709, 8.7, 3167, 第二十二条军规
27108544, 8.8, 2753, 这里
26630480, 8.6, 3562, 毒木圣经
01939182, 8.0, 8639, 美国众神
26699448, 9.0, 2098, When Breath Becomes Air
20390696, 8.7, 3035, 银河帝国9：钢穴
02214350, 8.4, 4515, 幻影书
27077129, 8.3, 5153, 华氏451
25733467, 9.1, 1820, V字仇杀队
02143016, 9.1, 1814, 我，机器人
27041504, 8.9, 2278, 少数派报告
25971624, 8.7, 2913, 政治秩序的起源
03178741, 9.3, 1416, 来自民间的叛逆
01005325, 8.3, 4945, 童年的消逝
05421787, 8.0, 7782, 定位
26120130, 9.1, 1745, 天才的编辑
25762007, 8.3, 4861, 教父 2：西西里人
30147567, 9.4, 1248, 杀死一只知更鸟
03264211, 8.7, 2790, 犹大之窗
24107596, 8.1, 6507, 神经漫游者
03000997, 7.5, 18357, 牛奶可乐经济学
01161817, 8.6, 3112, 洛克菲勒留给儿子的38封信
25966785, 9.2, 1505, 与社会学同游
26264154, 8.7, 2679, 悲伤与理智
25751763, 9.3, 1326, 语言与沉默
25762005, 8.5, 3436, 教父3
01174721, 8.4, 3938, 丧钟为谁而鸣
02026281, 8.7, 2617, 大棋局
27091742, 8.3, 4460, 邻人之妻
02255896, 8.8, 2280, 绿里奇迹
10541070, 8.4, 3774, 乞力马扎罗的雪
02060491, 8.9, 1976, 逻辑学导论
01021056, 7.1, 37960, 谁动了我的奶酪？
01142578, 8.4, 3690, 汤姆索亚历险记
26992884, 9.3, 1239, 冰雪王国
01082946, 8.8, 2155, 我弥留之际
26783041, 9.0, 1669, 睡魔1：前奏与夜曲
04199363, 8.5, 3093, 九人
04881637, 8.7, 2377, 老人与海
24882304, 8.7, 2372, 地海传奇：地海巫师
26341546, 8.8, 2077, 大灭绝时代
30473907, 8.1, 5327, 坏血
26389900, 8.8, 2051, 银河帝国 ：基地
04894485, 7.8, 8639, 麦田里的守望者
01057206, 7.3, 22205, 数字城堡
01051440, 8.2, 4510, 在路上
26298597, 9.0, 1591, 我们赖以生存的隐喻
04882167, 8.6, 2558, 安德的游戏
03316438, 8.3, 3835, 孤独及其所创造的
01092246, 8.1, 5135, 百万英镑
04012143, 8.6, 2495, 伟大的博弈
33408247, 8.2, 4304, 病毒星球
02350407, 8.2, 4284, 寂静的春天
26743265, 8.8, 1928, 枪炮、病菌与钢铁
27156017, 8.6, 2454, 扫地出门
26279878, 8.3, 3669, 历史的教训
01052055, 8.3, 3650, 闪灵
25924609, 9.6, 811, 发现社会
25815309, 8.2, 4199, 麦田里的守望者
25985683, 7.7, 9328, 人性的弱点
01064734, 8.3, 3618, 疾病的隐喻
02973335, 8.7, 2125, 微暗的火
03097539, 8.9, 1665, 自由选择
05321895, 8.3, 3578, 那些忧伤的年轻人
30223629, 8.9, 1660, 椰壳碗外的人生
03649661, 8.8, 1858, 说吧，记忆
30327868, 8.3, 3508, 非平面
10486418, 8.2, 4018, 十一种孤独
19962341, 9.1, 1288, 非理性的人
26689063, 8.2, 3968, 卡罗尔
10739689, 8.6, 2276, 伟大的电影
33395266, 9.1, 1251, 愤怒的葡萄
03364853, 7.6, 10160, 月食
30161856, 8.4, 2899, 苹果酒屋的规则
06977757, 8.4, 2892, 民主的细节
03206270, 8.9, 1547, 拥抱战败
21371465, 8.3, 3301, 沉默的羔羊
26364209, 8.0, 5133, 那些古怪又让人忧心的问题
03431988, 9.0, 1374, 人的境况
01473250, 7.6, 9980, 魔鬼经济学
25876750, 9.0, 1373, 看不见的森林
26897464, 8.0, 5101, 小岛经济学
26584286, 8.7, 1941, 大学之路（套装）
05297291, 8.4, 2849, 大而不倒
01768332, 8.3, 3260, 喜福会
26827592, 8.2, 3739, 菊与刀
26290041, 9.0, 1345, 喧哗与骚动
01326833, 8.6, 2122, 美国大城市的死与生
33426127, 8.4, 2750, 渺小一生
25903621, 8.9, 1479, 写作这回事
26765928, 8.4, 2732, 屠夫十字镇
30356081, 8.1, 4166, 奈飞文化手册
34813209, 8.7, 1858, 蝲蛄吟唱的地方
01075492, 8.0, 4809, 洛丽塔
01867064, 7.7, 7814, 八百万种死法
35009826, 8.8, 1627, 一生的旅程
02193881, 8.2, 3543, 汤姆·索亚历险记
01015767, 8.0, 4722, 门萨的娼妓
25808056, 8.0, 4655, 纸牌屋
04164096, 7.6, 8993, 饥饿游戏
26676528, 8.5, 2283, 如何阅读一本文学书
01012272, 8.7, 1778, 反对阐释
06746290, 9.0, 1258, 奥丽芙·基特里奇
01075371, 8.7, 1765, 马丁·伊登
30486499, 8.7, 1760, 债务危机
26962859, 7.7, 7399, 美国众神
26905155, 9.0, 1242, 九故事
21325858, 8.8, 1557, 文明的冲突
25891911, 8.6, 1975, 光明王
26747208, 8.0, 4475, 优秀的绵羊
26579966, 8.6, 1956, 医生的修炼
01704159, 8.6, 1918, 街角社会
30411849, 8.6, 1917, 棉花帝国
04846126, 8.1, 3753, 巴别塔之犬
26267263, 9.0, 1193, 八月之光
25793667, 8.2, 3206, 植物知道生命的答案
04850629, 8.6, 1884, 言论的边界
26836970, 7.7, 6926, 沙丘
01425950, 9.2, 950, 线性代数及其应用
03127852, 8.6, 1857, 推销员之死
03891855, 8.6, 1857, 第56号教室的奇迹
26413155, 8.8, 1435, 星际穿越
05408860, 8.2, 3062, 风雨哈佛路
26356515, 7.7, 6609, S.
04891108, 8.5, 2045, 爱伦坡惊悚小说全集
30254236, 8.7, 1599, 4321
26941500, 8.1, 3522, 希腊棺材之谜
03315824, 7.8, 5567, 暮光之城
25908550, 8.4, 2294, 历史的终结与最后的人
26845199, 9.0, 1120, 大都会艺术博物馆指南
26818878, 8.1, 3444, 被仰望与被遗忘的
26905152, 8.8, 1379, 麦田里的守望者
26435040, 8.3, 2557, 世界秩序
34922269, 9.6, 607, Mondo电影海报艺术典藏
24871655, 8.5, 1964, 无比美妙的痛苦
26303655, 8.3, 2546, 欧·亨利短篇小说精选
05921802, 7.6, 7437, 邮差总按两遍铃
06897140, 8.2, 2909, The Fault in Our Stars
04213981, 8.4, 2211, 好人难寻
26877306, 7.7, 6187, 微习惯
06791412, 8.8, 1344, 炽焰燃烧
02050777, 8.2, 2835, 小妇人
01420500, 8.4, 2160, 百万英镑
26253088, 8.3, 2456, 肠子
33432324, 7.7, 6039, 一见你就好心情
01174722, 8.0, 3756, 太阳照常升起
27079433, 8.5, 1887, 纳博科夫短篇小说全集
26418529, 9.1, 942, 拥抱战败
26916012, 8.4, 2113, 黑暗的左手
25847160, 8.7, 1456, What If?
26314063, 7.9, 4231, 斯坦福极简经济学
26150549, 8.6, 1612, 人性中的善良天使
04722180, 7.7, 5786, 谁动了我的奶酪?-纪念版
27604190, 8.2, 2696, 我很好啊你怎么样
21966353, 7.6, 6794, 贫穷的本质
25756947, 7.4, 9649, 地狱
26578141, 8.7, 1405, 医生的精进
30420900, 8.8, 1250, 奥丽芙·基特里奇
02193878, 8.1, 3041, 红字
06913343, 8.3, 2302, 理性乐观派
25752592, 8.9, 1111, 从黎明到衰落（上下）
30147566, 8.7, 1392, 五号屠场
01013369, 7.6, 6551, 格调
02170030, 8.1, 2973, 白鲸
26810557, 8.8, 1220, 想象的共同体
26862626, 7.6, 6454, 克苏鲁神话
02287712, 8.8, 1210, 美国精神的封闭
27007881, 7.9, 3851, 乡下人的悲歌
26893260, 7.8, 4495, 吃鲷鱼让我打嗝
02005481, 9.0, 949, 法律之门
27041532, 8.8, 1176, 尤比克
26892084, 8.0, 3270, 降临
26274005, 8.3, 2142, 阿甘正传
27045888, 8.0, 3239, 囚鸟
26264973, 8.9, 1037, 查无此人
03164123, 8.2, 2430, 巴菲特传
25808977, 8.5, 1612, 全息玫瑰碎片
30441554, 9.1, 820, 六论自发性
27154533, 7.6, 5879, 终身成长
04027219, 7.8, 4220, 宠物公墓
24882313, 8.6, 1408, 地海传奇2：地海古墓
26652880, 7.6, 5829, 遗落的南境1：湮灭
02036569, 8.3, 2018, 愤怒的葡萄
04619135, 9.1, 801, 押沙龙，押沙龙！
25661780, 8.6, 1384, 总统是靠不住的（近距离看美国之二，林达作品系列）
27149647, 8.6, 1383, 利维坦之书
26314955, 8.7, 1228, 创新公司
34841756, 8.8, 1093, Permanent Record
01823058, 8.3, 1990, 关于他人的痛苦
26390426, 8.0, 2999, 比利战争
06539790, 8.1, 2592, 你的剧本逊毙了！
20376605, 8.6, 1360, 阿特拉斯耸耸肩
04809955, 8.6, 1352, 常识
30388871, 9.1, 782, 人鼠之间
25777331, 8.5, 1518, 美国十讲
02283762, 8.4, 1708, 钟形罩
26701760, 9.3, 637, 社会心理学（第11版，平装版）
30258604, 8.9, 935, 八月炮火
30232128, 8.4, 1663, Becoming
04953707, 8.1, 2469, 门口的野蛮人
26915345, 8.4, 1646, Y的悲剧
34672178, 8.8, 1028, 你一生的故事
26577096, 9.1, 748, 吉米·科瑞根
33451968, 9.1, 747, 世界杂货店
26915344, 8.1, 2412, X的悲剧
34952676, 8.3, 1840, 苏世民：我的经验与教训
25872646, 9.2, 657, 野兽国
34467855, 8.5, 1396, 世纪的哭泣
26411602, 8.2, 2038, 富甲美国
30441962, 8.5, 1391, 犹大之窗
26899541, 8.3, 1785, 漫长的告别
27012140, 8.6, 1229, 长夜漫漫路迢迢
26938822, 9.0, 790, 文学理论
01958871, 8.2, 1993, 普宁
25878880, 8.9, 865, 认识艺术（全彩插图第8版）
26612387, 8.9, 861, 老人与海
05417807, 7.5, 5696, 饥饿游戏2：燃烧的女孩
01072508, 8.2, 1966, 哈克贝利·费恩历险记
05391766, 7.3, 8137, 忽然七日
06859959, 9.0, 765, 健全的社会
26892991, 8.1, 2194, 你的第一本哲学书
07057936, 8.4, 1482, 批判性思维
30198534, 8.4, 1477, 死灵之书
26257557, 8.7, 1032, 热锅上的家庭（40周年纪念版）
03327495, 8.3, 1664, 万有引力之虹
01048922, 8.2, 1893, 硬球
26756140, 8.7, 1025, 行动的勇气
26699004, 9.1, 673, 掩饰
25728473, 8.5, 1284, 头号书迷
27194525, 9.2, 604, 福柯的生死爱欲
26826089, 8.2, 1854, 那些古怪又让人忧心的问题
02568067, 8.2, 1852, 中性
27181925, 8.8, 904, 乌鸦
20375356, 9.1, 661, 论美国的民主
03017205, 7.8, 3235, 长眠不醒
10511063, 8.6, 1120, 摄影的艺术
30262617, 8.3, 1606, 生命3.0
26278816, 8.9, 793, 耶鲁大学公开课 : 政治哲学
04007097, 8.5, 1237, 富兰克林自传
30301599, 9.0, 712, 电影的秘密
01965977, 7.4, 6047, 我的抑郁症
01083317, 7.8, 3118, 北回归线
27077127, 8.5, 1208, 火星编年史
22023679, 8.5, 1198, 汉尼拔
26954392, 8.0, 2279, 它
23858192, 8.4, 1332, 最蓝的眼睛
30284744, 8.0, 2231, 伯纳黛特，你要去哪
01098639, 8.4, 1312, 纯真年代
07174792, 8.3, 1484, 千面英雄
10483439, 8.5, 1163, 上升的一切必将汇合
25751995, 8.5, 1160, 还原真实的美联储
10473347, 8.3, 1474, 双重赔偿
06060418, 8.3, 1470, 年轻的心在哭泣
06429781, 9.0, 669, 诡辩与真相
26787941, 7.2, 8011, 玛格丽特小镇
01216715, 9.1, 597, 光荣与梦想
25833450, 7.6, 3907, 奇石
05406557, 7.9, 2461, 夜色温柔
26319794, 8.0, 2130, 童年的消逝
27623508, 8.4, 1261, 走出荒野
06012933, 7.8, 2816, 救猫咪
27039412, 8.5, 1102, 流吧！我的眼泪
30318654, 8.5, 1099, 诗人
27089022, 8.5, 1083, 海洋中的爱与性
26981446, 8.3, 1377, 双峰: 神秘史
26305561, 7.9, 2347, 如何阅读一本小说
26901529, 9.0, 631, 怎样观察一棵树
27145385, 8.2, 1557, 寂静的深度
05402682, 7.4, 5081, 牛奶可乐经济学
25908552, 7.6, 3616, 上瘾五百年
03339862, 8.6, 940, 性别麻烦
27602608, 8.5, 1051, 光年
27598715, 9.2, 508, 汉密尔顿传
03431637, 8.6, 931, 野棕榈
03032747, 8.0, 1947, 再见，吾爱
06041310, 8.3, 1313, 瓦尔登湖
33438811, 8.7, 826, 为什么
30258976, 8.4, 1161, 异见时刻
04000736, 9.1, 549, 正义论（修订版）
30404521, 8.5, 1030, 一想到还有95%的问题留给人类，我就放心了
27592929, 8.2, 1480, 克苏鲁神话Ⅱ
33429926, 8.9, 666, 追寻记忆的痕迹
27037182, 8.6, 908, 纽约无人是客
03888110, 8.7, 813, 天使望故乡
26416255, 9.1, 541, 电影艺术 : 形式与风格（插图修订第8版）
30128172, 7.8, 2522, 单身女性的时代
30441545, 8.8, 727, 人行道王国
25817153, 9.6, 345, 辩论
27043711, 8.2, 1448, 这样写出好故事
27098887, 8.2, 1443, 沙丘2
01449947, 8.5, 1003, 小妇人
27621504, 8.3, 1257, 在美国钓鳟鱼
26653460, 8.1, 1606, 烟雾弥漫你的眼
30373807, 8.8, 705, 有滋有味：我的厨艺人生
27594833, 8.6, 865, 我们生活的故事
03427304, 8.8, 697, 美国货币史 1867—1960
04821769, 8.8, 697, 死者在说话
01021914, 8.2, 1376, 香港电影的秘密
26375108, 8.4, 1077, 新手
26335757, 8.8, 689, 最后的熊猫
26592899, 8.6, 851, 政治秩序与政治衰败
26276737, 8.6, 846, 断背山
30324808, 8.6, 842, 变化的位面
30259159, 8.5, 935, 24个比利
25746854, 8.2, 1338, 红龙
01085935, 8.1, 1513, 非理性繁荣
25900802, 7.6, 3055, 我在底层的生活
25844463, 8.4, 1020, 摩根财团
26665498, 7.6, 2978, 生命中最简单又最困难的事
25933667, 8.0, 1659, Everything I Never Told You
33402272, 8.3, 1129, 混凝土里的金发女郎
34448547, 8.2, 1277, 消失的塞布丽娜
27594900, 8.9, 580, 夜色温柔
30274068, 8.3, 1117, 经济学的思维方式
03605686, 8.7, 710, 发掘新闻
26707803, 8.2, 1229, 千面英雄
35013439, 9.2, 425, 血殇
26689045, 9.0, 511, 了不起的盖茨比
30355759, 8.8, 621, Atomic Habits
30324991, 8.0, 1572, 三口棺材
26696539, 9.3, 384, 历史深处的忧虑
34907838, 9.2, 413, 血与火：坦格利安王朝史 第一卷
27102845, 8.4, 929, 最寒冷的冬天
03435537, 8.7, 666, 大流感
33395237, 8.6, 737, 龙蛋
26881227, 8.2, 1162, 乞力马扎罗的雪
30469060, 8.9, 533, 人鼠之间
25894807, 9.6, 287, 西方文明中的音乐
07052073, 8.9, 532, 大外交
03816895, 8.1, 1300, 雪崩
27064858, 8.3, 1014, 我们的孩子
07916282, 8.1, 1298, 汉尼拔崛起
25809012, 8.0, 1456, 爱的博弈
30187774, 8.1, 1275, 小妇人
34464674, 8.9, 521, 万物发明指南
25764449, 8.5, 789, 社会学的邀请
04230636, 8.3, 992, 不平等的童年
20561802, 8.9, 516, 不老泉
30203912, 8.6, 692, 如何听爵士
30208077, 8.8, 562, 禅与摩托车维修艺术
26883044, 8.6, 670, 文本盗猎者
27109131, 8.3, 932, 解说疾病的人
10729582, 8.5, 738, 希腊棺材之谜
25853524, 9.0, 444, 一切坚固的东西都烟消云散了
20507368, 7.0, 6578, 了不起的盖茨比
30181683, 8.5, 726, 同情者
26214114, 8.9, 480, 暗淡蓝点
01136277, 7.4, 3165, 嘉莉妹妹
26984469, 8.2, 1021, 小妇人（经典译林）
20473872, 8.3, 892, 幻影公众
05942569, 7.6, 2261, 成为作家
34995610, 7.9, 1466, 八百万种死法
25986620, 8.6, 622, 阁楼上的疯女人
26667007, 9.0, 418, 思虑20世纪
30294348, 9.2, 349, 来自民间的叛逆
25919821, 8.3, 857, 夏日走过山间
20444771, 8.7, 553, 血色子午线
27156012, 8.9, 453, 美国增长的起落
30254378, 8.1, 1077, 独居日记
27046024, 8.4, 755, 杂食者的两难
01011772, 8.1, 1074, 泥鸽靶
26801537, 8.5, 666, 山中最后一季
27096813, 7.6, 2074, 上流法则
27039411, 7.6, 2054, 高堡奇人
04872914, 8.3, 817, 汤姆·索亚历险记
03689121, 8.4, 728, 美国
27199584, 8.8, 475, 大学之路（第二版）
06265961, 7.0, 5563, 饥饿游戏3：嘲笑鸟
25843334, 8.2, 902, 金融的本质
30136374, 9.1, 355, 天空的另一半
25708956, 7.7, 1716, 本店招牌菜
26162975, 9.3, 296, 原则与妥协（增订版）
30271098, 9.2, 320, 最危险的书
01418776, 8.8, 461, 美国反对美国
25857941, 8.0, 1121, 病毒来袭
27000152, 8.1, 986, 海洋与文明
26265839, 8.2, 866, 编年史
30282302, 8.7, 497, 2081
26767247, 8.2, 855, 安德的游戏
34984693, 8.1, 957, 剧变
30397063, 8.2, 844, 被涂污的鸟
26371154, 8.2, 841, 富兰克林传
26235729, 7.5, 2153, 单身社会
26422517, 8.6, 539, 黄铜判决
26371591, 8.1, 942, 常识
30262582, 8.4, 664, 幻影书
22542730, 7.8, 1370, 银河帝国14：星空暗流
10594780, 8.5, 579, 宠儿
01084730, 9.4, 251, 辩论：美国制宪会议记录（上下）
06085417, 8.6, 514, 遗产
05911531, 8.6, 507, 独自打保龄
25833480, 8.7, 455, 单向度的人
34663078, 8.5, 556, 小城畸人
26705829, 8.4, 617, 特权
27592209, 8.2, 768, 小妇人
30142312, 7.0, 4510, 本源
34434962, 8.4, 612, 布劳提根诗选
27116331, 7.7, 1447, 瘟疫与人
34450525, 9.0, 337, 神探狗狗1
25839470, 8.3, 676, 搏击俱乐部
27665420, 8.8, 401, 美国的故事(共7册)
27026896, 9.6, 204, Born a Crime
26833837, 7.6, 1623, 遗落的南境（三部曲）
27599200, 8.9, 356, 我的一生略小于美国现代史
10829270, 8.0, 920, 法的门前
26743667, 8.3, 640, 圣经故事
30317910, 9.2, 268, 教父电影全剧本（全彩插图评注版）
26915347, 8.1, 800, 哲瑞·雷恩的最后一案
27664289, 8.9, 341, 不平等的童年
02378214, 7.9, 996, 耳语之人
26801314, 8.3, 618, 人性的弱点
26912644, 8.2, 689, 冷战
04856199, 7.5, 1713, 而河马被煮死在水槽里
33422386, 7.2, 2728, 世界尽头的咖啡馆
01051386, 8.4, 544, 大国政治的悲剧
26840483, 8.1, 757, Hillbilly Elegy
30396723, 8.4, 540, 真名实姓
25919531, 8.7, 395, 日本史
30159014, 8.3, 587, 永生的海拉
05920828, 8.2, 647, 百万英镑
05500869, 7.8, 1049, 小说写作教程
22542725, 7.5, 1584, 银河帝国13：繁星若尘
30362300, 8.7, 377, 设计的意义
03558787, 8.6, 414, 美国大萧条
26579776, 8.4, 507, 基里尼亚加
30247390, 8.5, 456, 下一次将是烈火
30155726, 6.5, 9729, 高兴死了！！！
30376581, 8.2, 624, 艺术与恐惧
05996568, 8.7, 371, 人性的污秽
26258374, 8.2, 622, 爱丽尔
30136392, 7.9, 887, 耕种 食物 爱情
24719080, 8.5, 449, 纠正
01945984, 9.0, 277, 诚与真
26171406, 9.1, 254, Just Mercy
26702041, 7.2, 2369, 天生变态狂
30141311, 9.2, 231, 权力之路
33428290, 8.3, 537, 两全其美
33451948, 7.5, 1465, 春日序曲
27077217, 9.0, 271, 记忆裂痕
30394973, 8.2, 592, 克苏鲁神话Ⅲ
26959626, 8.9, 293, 战争的余烬
26894273, 8.5, 427, 时运变迁
26606365, 8.1, 657, 城中城
27081847, 9.3, 207, 命运规划局
27600034, 8.5, 421, 美国佬
27130074, 8.0, 729, 沙丘3
33387422, 7.4, 1602, 后真相时代
34937425, 8.3, 509, 在路上
20273266, 8.1, 633, 假如给我三天光明
30306429, 8.6, 373, 大流感
04720006, 7.9, 787, 峭壁边缘
27052052, 7.9, 781, 人体的故事
34799648, 8.8, 300, The Ride of a Lifetime
30354245, 7.6, 1145, 注定一战
06124813, 8.3, 478, 纽约兄弟
26320244, 8.7, 321, 巫师、外星人和星舰
30191936, 8.3, 477, 莱博维茨的赞歌
25886974, 8.7, 318, 洞
30312387, 8.4, 426, 无名之城
34949339, 8.3, 470, 致命流感
26948144, 7.2, 1960, 格调
27672664, 8.7, 312, 阿尔比恩的种子
26298609, 9.3, 185, 变化社会中的政治秩序
27122358, 8.0, 629, 疾病的隐喻（全布面精装）
30394978, 8.8, 276, 至高权力
26808302, 7.6, 1025, 埃及十字架之谜
27181613, 8.2, 489, 光与暗的故事
26377453, 7.1, 2114, 谷物大脑
30358497, 8.2, 479, 短篇小说写作指南
30316742, 8.2, 473, 戴维斯王朝
30257095, 8.5, 346, 好人难寻
28867623, 8.3, 421, 暮色将至
22506376, 7.8, 742, 看不见的剪辑
27188666, 9.2, 185, 基列家书
01313069, 8.3, 411, 我们是谁
26925467, 8.4, 371, 白板
30257757, 8.8, 254, 哲学是做出来的
33387411, 9.1, 196, 保守主义思想
30252655, 8.1, 501, 香港假日
34441120, 9.1, 195, 中国为什么有前途（第3版）
25708550, 8.1, 496, 知识分子与社会
33391930, 8.3, 399, 一场游戏一次消遣
26938584, 9.1, 193, 驯化利维坦
33426136, 9.1, 193, 音乐的极境
26980911, 8.3, 398, 在世界与我之间
30176576, 8.4, 359, 美国秩序的根基
26320194, 6.7, 3835, 我是个妈妈，我需要铂金包
30476291, 9.4, 151, 欧·亨利短篇小说精选
27045310, 8.6, 290, 像人类学家一样思考
33411668, 8.5, 317, 马背上的朝廷
01860946, 8.7, 261, 白领
26374591, 8.3, 374, 美国种族简史
26976286, 7.6, 843, 食物语言学
01928404, 7.5, 951, 1929年大崩盘
35048568, 8.7, 249, 如何不切实际地解决实际问题
26324527, 8.3, 364, 富兰克林自传
25854138, 8.1, 447, 右派国家
26596182, 8.9, 205, 我们内心的冲突
30486813, 8.7, 243, 不同的音调
34907958, 8.3, 342, 小妇人
26707942, 6.4, 5832, 知更鸟女孩
34678463, 7.7, 667, 重来也不会好过现在
30431388, 7.9, 523, 万有引力之虹
26989031, 7.7, 664, Little Fires Everywhere
34911027, 7.9, 521, 在路上
26270320, 7.4, 985, 穷忙
26915210, 7.4, 961, 简明美国史
34449345, 7.6, 734, 美国式婚姻
26661172, 8.4, 299, 直到世界反映了灵魂最深层的需要
30222743, 9.5, 121, 漫长的诉讼
30475754, 7.8, 557, 双星
30367953, 7.6, 710, 专家之死
34978358, 9.0, 172, 余下只有噪音
30165631, 9.1, 157, 越南
04253271, 8.4, 283, 谁是美国人？
20278566, 7.4, 895, 艰难一日
26265743, 8.7, 214, 蒲公英女孩
30354270, 8.0, 418, 地狱书单
33462451, 7.8, 524, 爱、金钱和孩子：育儿经济学
26849213, 8.8, 190, 言论的边界
34907824, 9.1, 148, 第三帝国的兴亡
05996569, 8.1, 361, 美国牧歌
34809446, 9.4, 118, She Said
30143236, 7.9, 444, 文凭社会
26043606, 9.3, 126, 美国人
26612175, 8.7, 200, 史迪威与美国在中国的经验（1911-1945）
26832725, 7.9, 434, 王国与权力
34991772, 8.3, 283, 暗室手册
26535405, 8.5, 231, 白领
34879783, 8.7, 192, 有毒
27614470, 7.1, 1189, 人类酷刑简史
26819270, 9.3, 119, 美利坚共和国的缔造
27097409, 8.8, 173, 雪崩
34974775, 9.3, 118, 认识建筑
30133793, 7.5, 645, 美食，祈祷，恋爱
11612914, 7.0, 1323, 恶俗
30303684, 8.4, 238, Where the Crawdads Sing
02210591, 8.3, 261, 史迪威与美国在中国的经验
24851721, 8.3, 260, 美国人的性格
33404945, 7.9, 392, 再见，吾爱
30376536, 8.4, 235, 阳台故事集
30459278, 7.5, 617, 看不见的美国
30362713, 8.4, 230, 魔姬 第一卷 觉醒
30143261, 8.2, 276, 货币战争
26636503, 8.4, 228, 正义的慈悲
30191962, 8.1, 297, 谁偷走了美国梦：从中产到新穷人
26935203, 9.0, 135, 美国政治
34899897, 8.5, 202, 在路上
26895197, 7.1, 1011, The Subtle Art of Not Giving a F*ck
20396757, 8.7, 168, 罪恶之城的骑士
27204864, 7.3, 746, 小说的骨架
35009821, 8.7, 166, 难民
33423750, 8.8, 152, 菲利普·迪克的电子梦
30255361, 8.6, 177, 20世纪的美国（修订版）
30156001, 7.1, 951, 我知道你们又来这一套！
24848638, 7.4, 621, 天堂的证据
34434957, 9.1, 118, 第二十二条军规
04736004, 8.8, 146, 美国文明的兴起（上下）
28663024, 7.8, 373, 沙丘4
26821429, 8.9, 133, 联邦论
26672408, 6.5, 2490, 本书书名无法描述本书内容
01680190, 8.1, 265, 女性的奥秘
30312956, 8.1, 265, 因为性别
26760576, 8.4, 199, 清教徒的礼物
26974867, 8.3, 214, 五角大楼之脑
26593674, 8.6, 163, 财富的责任与资本主义演变
26847521, 9.5, 84, 论美国的民主
26827323, 7.4, 555, 上帝之饮
04155358, 8.7, 145, 泰利的街角
34918510, 7.3, 609, 我们为何结婚，又为何不忠
26260335, 7.9, 292, 上帝与黄金
30374826, 8.9, 120, 爱伦·坡的怪奇物语
34893735, 8.1, 237, 事实
34443905, 7.5, 454, 夏日永别
26837420, 8.9, 119, 白宫岁月
34813379, 8.4, 174, 夜色温柔
03662523, 7.8, 312, 好莱坞类型电影
33474427, 7.6, 390, 冷泉港
27098943, 8.4, 173, 剑桥美国史
30255668, 7.3, 501, 全民蠢萌的美国
30152134, 7.7, 309, How to American
34887374, 7.9, 249, 毒品史
30288497, 8.1, 204, 过剩之地
33478543, 8.1, 204, 繁荣与衰退
34431781, 7.3, 488, 出身
35017592, 8.1, 198, 好的经济学
26696883, 9.2, 83, 从资本家手中拯救资本主义
34779855, 8.2, 180, 隐秘战争
34795291, 8.5, 138, 一个数学家的叹息
34842016, 8.9, 101, 鯨吞億萬
35006231, 8.8, 107, 故土的陌生人
19952401, 7.3, 440, 暹罗连体人之谜
04129622, 8.8, 102, 女性的崛起
34841965, 8.9, 94, 通天之路
24745480, 7.8, 241, 不平等的代价
25783486, 8.9, 93, 联邦党人文集
34888766, 8.8, 97, 我在太空的一年
30438861, 7.6, 280, 爱说教的男人
25853082, 6.7, 922, 罗马帽子之谜
27037093, 8.3, 138, 拼实业
33436272, 8.4, 125, 贸易的冲突
24316346, 7.0, 558, 美帝国的崩溃
06722209, 7.8, 213, 男人之间
30177151, 6.9, 617, 如何欣赏一部电影
26929931, 8.6, 102, 美国史（第13版）
26832061, 8.2, 141, 凯南日记
27078408, 7.2, 403, 自恋时代
30217910, 7.3, 355, 反智时代
30199351, 7.9, 184, 金钱暗流
26785900, 6.4, 1349, 永不放弃
25864125, 8.5, 108, 资本主义还有未来吗
30242335, 9.0, 74, 春满北国
34436485, 9.1, 67, 优雅老去
26858099, 8.5, 102, Strangers in Their Own Land
25707650, 7.1, 411, 别想那只大象
34437698, 9.5, 52, 詹姆斯·卡梅隆的科幻故事
27148117, 8.4, 107, 利维坦
27136317, 8.0, 150, 美国电影美国文化（插图第4版）
34900595, 8.5, 98, 食物探险者
30420913, 8.2, 123, 美国官僚体制
33400988, 9.5, 50, 美国山川风物四记
25870756, 8.1, 131, 永远没有的真相
33379060, 9.0, 65, 夏游记趣
35084340, 9.3, 54, 美国真相
30366371, 8.6, 84, Upheaval
33451966, 9.3, 53, 钢铁海滩
27620316, 7.6, 199, The Seven Husbands of Evelyn Hugo
33381271, 7.5, 221, 房奴
34204559, 7.3, 276, Dear Girls
35009820, 8.7, 77, 耶稣之子
34970027, 9.1, 59, 第十二张牌
33463011, 7.8, 159, 弦理论
34902738, 8.8, 71, 在路上
34879908, 8.3, 101, 大幻想
26989765, 8.7, 74, 军人与国家
30289874, 6.5, 780, 早起魔法
34907856, 9.3, 50, 贝多芬传
30282316, 6.4, 902, 格雷巴旅馆
34459667, 8.1, 114, 誓言
27106797, 8.2, 103, 意愿的冲撞
34429983, 6.7, 539, 蒂姆·库克传
34887378, 7.8, 145, 厄普代克短篇小说集
32777812, 7.3, 241, Talking to Strangers
30261422, 7.6, 174, 鬼作家
34926212, 7.7, 156, 为爱成婚
34785073, 8.7, 69, 有闲阶级论
33658304, 8.0, 118, 用后即弃的人
34990157, 8.7, 68, 女佣的故事
30258608, 7.1, 294, 乳房
30294596, 8.4, 84, 伊甸园之门
26640818, 8.0, 115, 水手比利·巴德
34908422, 9.2, 49, 神圣秘密
30251645, 8.6, 71, 美國的反智傳統
33398711, 8.1, 102, 道德与市场
34661996, 7.7, 145, 长眠不醒
35050683, 8.4, 79, 非虚构的艺术
34442845, 7.5, 169, 小镇美国
34912109, 9.6, 37, 爬行动物年代 : 纷争·捕猎·迁徙
33446822, 8.1, 97, 法律的颜色
34982529, 8.5, 71, Apropos of Nothing
30448868, 7.3, 197, 美国枪之谜
20443556, 5.6, 3501, 老人与海
30264650, 8.2, 82, 平等之路
30320790, 9.3, 40, 美國華人史
33380602, 7.9, 104, 世界中心的岛
27614636, 8.1, 88, 美国深南之旅
01905321, 9.5, 35, Anti-Intellectualism in American Life
35013499, 7.8, 107, 十月国度
30240594, 7.2, 193, 我们的革命
34950156, 9.4, 36, 不正义的多重面孔
11155855, 8.0, 89, The New Jim Crow
30346156, 8.6, 57, 走路的历史
30481836, 8.6, 57, 美孚石油公司史
30323994, 6.6, 393, 扭曲的铰链
30489378, 9.1, 40, 中心与边缘
34902717, 7.6, 116, 美国病
35016532, 8.9, 44, 演化之旅
34399201, 9.6, 30, 权力优势
34625758, 7.0, 214, 弹性
34991852, 8.4, 59, 肮脏的三十年代
35006240, 9.0, 40, 在路上
34005204, 8.3, 62, 亚裔美国的创生
26898351, 7.2, 161, 艰难时代
34974702, 8.0, 76, 冷月
34990787, 8.9, 41, 众多未来
27623521, 7.9, 80, 不完美风暴
30460541, 7.9, 80, 警察
34978360, 9.2, 33, 伟大的电影 2
34902581, 8.6, 46, 心灵的整饰
34970873, 8.6, 46, 漫长的告别
34618234, 8.9, 38, 无畏的雄心
01535060, 8.0, 67, 文化冷战与中央情报局
35034176, 8.6, 43, 钻石与铁锈
34876223, 8.2, 55, 诗人与诗歌
30290030, 8.4, 48, 独自打保龄
34886843, 8.1, 56, 大卫·林奇：他来自异世界
34902713, 9.2, 28, 使日十年
34840696, 8.1, 53, 作与不作
27025112, 7.7, 70, 权力精英
27154515, 8.4, 41, 谁统治美国？
30299704, 8.1, 50, 动画人生
34937302, 8.7, 34, 用野心对抗野心
35050669, 8.2, 46, 图案人
34815616, 7.4, 83, 逆说美国的民主
27157986, 8.0, 50, 美国大萧条
34991854, 8.6, 34, 行话
34978376, 9.1, 26, 天生的标签
33401937, 6.1, 390, Find Me
34602689, 8.3, 39, 新阶级社会：美国梦的终结 ？（第四版）
35051899, 8.9, 27, 愤怒
33376568, 8.1, 42, 自由的流亡者（帝国往事三部曲）
30396407, 8.9, 26, 美国人的性格（费孝通先生经典作品）
01663357, 9.1, 23, 美国法的变迁
35026481, 8.0, 42, 不语
34902740, 9.6, 18, 相助
35050673, 8.9, 24, 遗产
34990155, 7.7, 49, 时间之舞
33438815, 6.7, 121, 新城市危机
30326555, 8.9, 22, These Truths
30281974, 7.8, 41, White Fragility
35024534, 9.9, 14, 形而上学俱乐部
33440204, 7.9, 37, 出类拔萃之辈
35005076, 9.2, 17, 登月第一人
26545269, 9.0, 18, 罗斯福与塔夫脱
34978362, 8.5, 22, 愚人沙利
34889903, 8.0, 28, 美国海：墨西哥湾的历史
26874476, 7.6, 35, 当工作消失时
34840594, 9.0, 15, 剑桥文艺复兴哲学史
34994978, 7.8, 25, 感情研究指南
26938690, 8.4, 18, 美国文明三部曲
35050691, 8.0, 22, 反美阴谋
34926960, 9.2, 11, 操弄
35051893, 8.3, 15, 好老师，坏老师
34779663, 7.2, 28, This Is How You Lose the Time War
26911185, 8.0, 17, The Politics of Resentment
34920123, 8.3, 14, 好莱坞电影经济的内幕
32286350, 7.3, 24, The Right Side of History
30344086, 7.6, 17, 恋爱中的海明威
30437833, 7.6, 15, 40%的工作沒意義，為什麼還搶著做？
30435879, 0.0, 10, 辉煌信标
35023732, 0.0, 23, 猎巫
