2020-07-05 16:00:14

number of books, tag name
981, 美国文学

ID, rating, votes, title
01770782, 8.9, 647954, 追风筝的人
01068920, 9.3, 158316, 飘
06781808, 9.2, 77187, 杀死一只知更鸟
01829226, 9.1, 85335, 肖申克的救赎
02143732, 8.8, 91251, 灿烂千阳
01064275, 8.4, 155634, 老人与海
33440205, 8.9, 60961, 你当像鸟飞往你的山
01040771, 8.2, 206808, 达·芬奇密码
01008988, 8.4, 107086, 了不起的盖茨比
26879778, 9.3, 20739, 杀死一只知更鸟
01092335, 9.0, 31551, 教父
01051193, 8.6, 57881, 麦琪的礼物
26382433, 8.2, 115952, 无声告白
01036274, 8.6, 51791, 夏洛的网
26425831, 8.8, 33336, 斯通纳
25829693, 9.0, 23609, 永恒的终结
25762009, 9.1, 16809, 教父
01865089, 8.4, 51684, 瓦尔登湖
25826936, 9.5, 9113, 冰与火之歌
01316648, 8.3, 58852, 查令十字街84号
26362836, 9.0, 16360, 献给阿尔吉侬的花束
10738023, 8.7, 24765, 了不起的盖茨比
02053249, 8.1, 62229, 麦田里的守望者
01424741, 8.5, 28758, 心是孤独的猎手
01083474, 9.2, 9430, 飘（全二册）
26295448, 8.6, 21898, 你一生的故事
07065521, 9.0, 10804, 银河帝国：基地
28659562, 8.8, 14041, 夏日终曲
06964047, 9.4, 5895, 冰与火之歌（卷一）
26389895, 9.5, 5073, 银河帝国：基地七部曲
26340138, 7.6, 120580, 岛上书店
02194123, 8.4, 24264, 相约星期二
02046807, 9.5, 4884, 飘
01082518, 7.9, 59967, 麦田里的守望者
02056749, 8.1, 40337, 时间旅行者的妻子
34672176, 8.6, 14055, 呼吸
01883353, 8.8, 10341, 野性的呼唤
01465324, 7.7, 67780, 洛丽塔
01860750, 8.4, 17417, 了不起的盖茨比
01187842, 9.0, 7035, 你一生的故事
26264967, 8.4, 17193, 神们自己
01431870, 9.0, 6972, 源泉
01254731, 8.8, 8915, 欧·亨利短篇小说选
01794620, 7.8, 48450, 芒果街上的小屋
24715686, 8.8, 8586, 仿生人会梦见电子羊吗？
01427288, 8.4, 15592, 小妇人
26768309, 8.1, 25854, 查令十字街84号
01917972, 7.8, 45237, 在路上
26598807, 9.0, 6111, 人鼠之间
26371317, 8.1, 24576, 24个比利
04105446, 8.2, 20474, 十一种孤独
01880992, 8.5, 12435, 老人与海
03326892, 8.6, 10509, 圣诞忆旧集
30128204, 8.9, 6774, 莫斯科绅士
03826899, 8.7, 8979, 布鲁克林有棵树
04010969, 7.8, 40239, 当我们谈论爱情时我们在谈论什么
27180479, 9.2, 4332, 奥古斯都
06016234, 8.9, 6319, 奇风岁月
30316475, 8.2, 18509, 漫长的告别
02669319, 9.1, 4797, Flipped
11535042, 8.6, 9537, 请以你的名字呼唤我
03335362, 8.5, 10212, 大教堂
05920385, 8.3, 13687, 肠子
03522695, 8.5, 9597, 瓦尔登湖
03597031, 9.1, 4020, 杀死一只反舌鸟
01996678, 9.4, 2777, 乱世佳人
03043562, 9.4, 2748, 飘
03013903, 8.1, 16399, 漫长的告别
01040397, 8.1, 16343, 假如给我三天光明
03654604, 8.4, 9563, 天使与魔鬼
27041533, 8.7, 6115, 仿生人会梦见电子羊吗？
01052074, 8.8, 5280, 喧哗与骚动
02193877, 8.0, 18353, 你在天堂里遇见的五个人
01818426, 9.3, 2762, 教父
30155720, 8.2, 12601, 小小小小的火
04149805, 8.5, 7753, 了不起的盖茨比
20376604, 9.1, 3409, 源泉
27603501, 8.8, 4922, 奇迹男孩
02061644, 8.2, 11675, 伤心咖啡馆之歌
01082147, 9.0, 3660, 热爱生命
01575963, 8.9, 4114, The Great Gatsby
02161892, 8.5, 7126, 九故事
03821057, 8.6, 6097, 搏击俱乐部
03151990, 8.5, 7025, 达摩流浪者
01803641, 8.9, 4036, 小公主
07154675, 8.8, 4592, 怦然心动
02141139, 9.0, 3531, 欧亨利短篇小说精选
25708359, 8.5, 6877, 了不起的盖茨比
03044579, 9.1, 3045, Call Me by Your Name
01430530, 8.3, 8831, 汤姆叔叔的小屋
19962936, 8.7, 4850, 只是孩子
03815126, 8.7, 4834, 瓦尔登湖
27598133, 9.0, 3250, 以你的名字呼喚我
27193117, 8.6, 5514, 我们一无所有
05431784, 8.3, 8455, 雪落香杉树
26939269, 9.0, 3156, 只是孩子
04893870, 9.5, 1775, 飘（上下）
06435891, 9.7, 1441, 飘
30175475, 8.8, 4018, Educated
01874411, 8.4, 6983, 乞力马扎罗的雪
27036317, 8.1, 11089, 独居的一年
03926717, 8.6, 4790, 雷蒙德·卡佛短篇小说自选集
01083429, 8.8, 3645, 爱伦·坡短篇小说集
27042344, 8.8, 3595, 醒来的女性
04097161, 9.1, 2450, 肖申克的救赎
03124525, 7.6, 24231, 暮色
01408193, 9.2, 2154, To Kill a Mockingbird
26431326, 8.9, 3056, 所有我们看不见的光
24163576, 8.3, 6941, 漫长的告别
24541883, 8.1, 9304, 消失的爱人
10569619, 8.4, 5835, 自由
03246904, 8.1, 9152, 蒂凡尼的早餐
20428313, 8.7, 3702, 冷血
03815129, 8.6, 4221, 老人与海
03640067, 8.8, 3159, 革命之路
24715669, 9.0, 2424, 少数派报告
01449626, 8.7, 3356, The Catcher in the Rye
01018482, 8.1, 7961, 汤姆・索亚历险记
10488617, 9.3, 1608, 冰与火之歌·卷二·列王的纷争（上）
01211267, 8.5, 4302, 阿甘正传
03393056, 8.2, 6613, 流动的盛宴
11607435, 8.7, 3246, 廊桥遗梦
02251691, 8.8, 2790, 弗兰妮与祖伊
10554709, 8.7, 3167, 第二十二条军规
26630480, 8.6, 3562, 毒木圣经
02214350, 8.4, 4515, 幻影书
27077129, 8.3, 5153, 华氏451
26278316, 8.8, 2600, 夏洛的网
27041504, 8.9, 2278, 少数派报告
26300508, 8.7, 2881, 万物的签名
01442040, 8.3, 4932, 麦田里的守望者
26120130, 9.1, 1745, 天才的编辑
25924242, 8.8, 2479, 爱在黎明破晓前&amp;爱在日落黄昏时
25762007, 8.3, 4861, 教父 2：西西里人
01011702, 8.2, 5617, 廊桥遗梦
30147567, 9.4, 1248, 杀死一只知更鸟
26295450, 8.7, 2757, 软件体的生命周期
04732188, 8.1, 6290, 中央公园西路
26264154, 8.7, 2679, 悲伤与理智
25762005, 8.5, 3436, 教父3
01174721, 8.4, 3938, 丧钟为谁而鸣
27091742, 8.3, 4460, 邻人之妻
02255896, 8.8, 2280, 绿里奇迹
02173262, 8.2, 5110, 假如明天来临
25754589, 9.1, 1579, 革命之路
10541070, 8.4, 3774, 乞力马扎罗的雪
01142578, 8.4, 3690, 汤姆索亚历险记
01082946, 8.8, 2155, 我弥留之际
04247000, 9.0, 1682, 欲望号街车
04881637, 8.7, 2377, 老人与海
24882304, 8.7, 2372, 地海传奇：地海巫师
01088812, 8.3, 4017, 第二十二条军规
03380388, 8.9, 1840, 惡搞研習營
04894485, 7.8, 8639, 麦田里的守望者
03316438, 8.3, 3835, 孤独及其所创造的
01092246, 8.1, 5135, 百万英镑
25815309, 8.2, 4199, 麦田里的守望者
02973335, 8.7, 2125, 微暗的火
05321895, 8.3, 3578, 那些忧伤的年轻人
03649661, 8.8, 1858, 说吧，记忆
03198422, 8.6, 2347, 光明王
10486418, 8.2, 4018, 十一种孤独
26689063, 8.2, 3968, 卡罗尔
04219125, 8.3, 3349, 坟场之书
33395266, 9.1, 1251, 愤怒的葡萄
30161856, 8.4, 2899, 苹果酒屋的规则
21371465, 8.3, 3301, 沉默的羔羊
01768332, 8.3, 3260, 喜福会
27059272, 9.8, 616, 冰与火之歌
26290041, 9.0, 1345, 喧哗与骚动
01611458, 8.8, 1682, The Old Man and the Sea
33426127, 8.4, 2750, 渺小一生
26765928, 8.4, 2732, 屠夫十字镇
34813209, 8.7, 1858, 蝲蛄吟唱的地方
04105444, 8.6, 2096, 复活节游行
03263006, 8.8, 1643, 飞越疯人院
01075492, 8.0, 4809, 洛丽塔
02193881, 8.2, 3543, 汤姆·索亚历险记
04164096, 7.6, 8993, 饥饿游戏
06746290, 9.0, 1258, 奥丽芙·基特里奇
10608315, 8.2, 3421, 华氏451
01075371, 8.7, 1765, 马丁·伊登
26962859, 7.7, 7399, 美国众神
26905155, 9.0, 1242, 九故事
17605380, 8.7, 1690, 心是孤独的猎手
26267263, 9.0, 1193, 八月之光
03438303, 8.7, 1654, 抬高房梁，木匠们；西摩：小传
03127852, 8.6, 1857, 推销员之死
30161866, 8.1, 3628, 太年轻
01084999, 9.0, 1156, 野性的呼唤
30254236, 8.7, 1599, 4321
26941500, 8.1, 3522, 希腊棺材之谜
03315824, 7.8, 5567, 暮光之城
26890281, 8.1, 3453, 漫长的中场休息
26818878, 8.1, 3444, 被仰望与被遗忘的
26905152, 8.8, 1379, 麦田里的守望者
26303655, 8.3, 2546, 欧·亨利短篇小说精选
05921802, 7.6, 7437, 邮差总按两遍铃
04213981, 8.4, 2211, 好人难寻
01766685, 8.4, 2202, 黑暗中的笑声
06791412, 8.8, 1344, 炽焰燃烧
03757659, 8.2, 2861, 了不起的盖茨比
02050777, 8.2, 2835, 小妇人
01420500, 8.4, 2160, 百万英镑
26253088, 8.3, 2456, 肠子
01174722, 8.0, 3756, 太阳照常升起
27079433, 8.5, 1887, 纳博科夫短篇小说全集
26389896, 9.0, 1056, 银河帝国2：基地与帝国
06861517, 8.5, 1870, 时时刻刻
01090877, 8.8, 1300, 献给爱米丽的一朵玫瑰花
26916012, 8.4, 2113, 黑暗的左手
03090810, 8.7, 1447, 五号屠场
01883349, 8.2, 2688, 永别了，武器
30420900, 8.8, 1250, 奥丽芙·基特里奇
02193878, 8.1, 3041, 红字
30147566, 8.7, 1392, 五号屠场
01883354, 8.8, 1238, 马丁·伊登
04152770, 8.6, 1559, 根西岛文学与土豆皮馅饼俱乐部
02170030, 8.1, 2973, 白鲸
01393374, 8.6, 1542, 第二十二条军规
22025032, 8.4, 1970, 了不起的盖茨比
26862626, 7.6, 6454, 克苏鲁神话
02300301, 8.8, 1201, 黑貓
01202658, 8.3, 2200, 永别了，武器
30193594, 7.9, 3868, 遮蔽的天空
26389893, 9.2, 778, 银河帝国 4：基地前奏
26893260, 7.8, 4495, 吃鲷鱼让我打嗝
02160292, 8.1, 2856, 神谕之夜
27041532, 8.8, 1176, 尤比克
02265995, 7.1, 15946, 大象的眼泪
02245301, 8.0, 3269, 戴珍珠耳环的少女
27045888, 8.0, 3239, 囚鸟
26264973, 8.9, 1037, 查无此人
01000579, 8.7, 1287, 嚎叫
26831234, 8.3, 2082, 不属于我们的世纪
24882313, 8.6, 1408, 地海传奇2：地海古墓
02036569, 8.3, 2018, 愤怒的葡萄
26264077, 8.4, 1773, 心是孤独的猎手
04619135, 9.1, 801, 押沙龙，押沙龙！
03024623, 8.2, 2298, 布鲁克林的荒唐事
20376605, 8.6, 1360, 阿特拉斯耸耸肩
30388871, 9.1, 782, 人鼠之间
02283762, 8.4, 1708, 钟形罩
04619207, 8.9, 940, 我弥留之际
26763182, 9.0, 831, 死者代言人
34672178, 8.8, 1028, 你一生的故事
03136267, 8.5, 1430, 小城畸人
05245233, 9.3, 604, 乱世佳人（上、下）
27068817, 8.6, 1246, 欢迎来到猴子馆
34467855, 8.5, 1396, 世纪的哭泣
26899541, 8.3, 1785, 漫长的告别
27012140, 8.6, 1229, 长夜漫漫路迢迢
26938822, 9.0, 790, 文学理论
26269845, 8.1, 2296, 唯有孤独恒常如新
01958871, 8.2, 1993, 普宁
26801361, 9.1, 704, 鹿苑长春
21778349, 8.3, 1739, 苦水音乐
26612387, 8.9, 861, 老人与海
05417807, 7.5, 5696, 饥饿游戏2：燃烧的女孩
01072508, 8.2, 1966, 哈克贝利·费恩历险记
05391766, 7.3, 8137, 忽然七日
01422227, 8.4, 1496, 了不起的盖茨比 夜色温柔
07047201, 8.0, 2531, 芒果街上的小屋
01908267, 8.2, 1915, 酒店关门之后
06509874, 9.0, 755, 反对阐释
30198534, 8.4, 1477, 死灵之书
04619176, 8.9, 832, 喧哗与骚动
03327495, 8.3, 1664, 万有引力之虹
05416922, 8.9, 824, 萨勒姆的女巫
25731663, 8.6, 1143, 地海传奇3：地海彼岸
25728473, 8.5, 1284, 头号书迷
02965032, 9.0, 735, Stoner
02568067, 8.2, 1852, 中性
27181925, 8.8, 904, 乌鸦
26905154, 9.2, 601, 弗兰妮与祖伊
03017205, 7.8, 3235, 长眠不醒
01914223, 8.3, 1611, 哈克贝里·芬历险记
10282582, 8.3, 1607, 隐形怪物
10594775, 8.6, 1104, 俄亥俄，温斯堡
01083317, 7.8, 3118, 北回归线
11626381, 8.0, 2327, 北回归线
05321892, 8.8, 869, 不适之地
01456311, 8.6, 1078, Of Mice and Men
27077127, 8.5, 1208, 火星编年史
21681263, 8.1, 1968, 大鱼
04941428, 8.8, 846, 飞女郎与哲学家
01880989, 8.4, 1336, 丧钟为谁而鸣
23858192, 8.4, 1332, 最蓝的眼睛
02567547, 8.1, 1950, 金色眼睛的映像
30284744, 8.0, 2231, 伯纳黛特，你要去哪
01098639, 8.4, 1312, 纯真年代
10483439, 8.5, 1163, 上升的一切必将汇合
10473347, 8.3, 1474, 双重赔偿
26901177, 8.8, 826, 流动的盛宴
06060418, 8.3, 1470, 年轻的心在哭泣
06313522, 8.8, 823, 野性的呼唤
05448179, 8.0, 2181, 别的声音，别的房间
01959257, 8.2, 1643, 玛丽
05406557, 7.9, 2461, 夜色温柔
27623508, 8.4, 1261, 走出荒野
26833398, 8.8, 796, 失去一切的人
27039412, 8.5, 1102, 流吧！我的眼泪
03376091, 8.8, 788, 秘密花园
26374793, 9.3, 481, 飘
02995941, 8.2, 1580, 没有指针的钟
01119498, 8.3, 1376, 白鲸
05416923, 8.8, 775, 推销员之死
01347662, 9.1, 570, 四季奇譚
27602608, 8.5, 1051, 光年
25900687, 8.6, 937, 夜
26857367, 8.9, 676, 大教堂
03431637, 8.6, 931, 野棕榈
20425433, 8.1, 1714, 请你安静些，好吗？
03032747, 8.0, 1947, 再见，吾爱
06041310, 8.3, 1313, 瓦尔登湖
26653000, 8.2, 1485, 金翅雀
01277761, 8.9, 667, 根
03888110, 8.7, 813, 天使望故乡
06313528, 8.4, 1141, 了不起的盖茨比
01449947, 8.5, 1003, 小妇人
02043873, 9.0, 586, 天边外
26654696, 9.1, 532, 肖申克的救赎
10564102, 8.1, 1627, 单身（50周年典藏纪念版）
01042928, 9.3, 441, 战争风云
27621504, 8.3, 1257, 在美国钓鳟鱼
26267258, 8.7, 784, 我弥留之际
02255871, 8.6, 873, 冠军早餐 囚鸟
03063667, 8.6, 869, 白牙
01210735, 7.9, 2087, 王子与贫儿
27594833, 8.6, 865, 我们生活的故事
01448800, 9.2, 471, Catch-22
03563287, 7.8, 2385, 返老还童
26375108, 8.4, 1077, 新手
26276737, 8.6, 846, 断背山
02381093, 7.4, 4383, 一辈子做女孩
01074056, 8.6, 840, 春潮 老人与海
10604942, 8.5, 937, 我打电话的地方
25810430, 8.5, 921, All the Light We Cannot See
05275238, 7.8, 2262, 八百万种死法
25900802, 7.6, 3055, 我在底层的生活
26281315, 8.4, 1029, 驱魔人
20375515, 8.3, 1150, 重生：桑塔格日记与笔记1947～1963
01470235, 8.3, 1136, 猫的摇篮
26665498, 7.6, 2978, 生命中最简单又最困难的事
25933667, 8.0, 1659, Everything I Never Told You
06440324, 8.5, 894, 人各有异
33402272, 8.3, 1129, 混凝土里的金发女郎
34448547, 8.2, 1277, 消失的塞布丽娜
27594900, 8.9, 580, 夜色温柔
01205775, 8.3, 1118, 汤姆叔叔的小屋
30161878, 8.4, 990, 盖普眼中的世界
04898535, 8.4, 983, 来一点信仰
01945004, 8.7, 702, 近距离
01766725, 8.1, 1410, 斩首之邀
05260232, 8.2, 1238, 托斯卡纳艳阳下
26689045, 9.0, 511, 了不起的盖茨比
01316443, 8.5, 855, 厄舍府的崩塌
24838958, 8.7, 680, 我们的小镇
03091295, 8.6, 756, 盖普眼中的世界
24871651, 8.8, 611, 爱达或爱欲
20425439, 8.3, 1056, 我们所有人
04882008, 8.5, 836, 亚特兰蒂斯之心
10537633, 8.2, 1190, 克苏鲁神话
34907838, 9.2, 413, 血与火：坦格利安王朝史 第一卷
04898534, 8.3, 1051, 爵士时代的故事
27139766, 9.5, 317, 四十个房间
04885190, 8.0, 1523, 安琪拉的灰烬
26881227, 8.2, 1162, 乞力马扎罗的雪
01453254, 8.9, 536, The Great Gatsby
30469060, 8.9, 533, 人鼠之间
05920816, 8.6, 722, 欧·亨利短篇小说选
07916282, 8.1, 1298, 汉尼拔崛起
02213524, 9.3, 364, To Kill a Mockingbird
03795766, 8.8, 578, 欧亨利短篇小说集
25756222, 8.7, 639, 根西岛文学与土豆皮馅饼俱乐部
30187774, 8.1, 1275, 小妇人
06833935, 8.5, 788, 老无所依
27092451, 8.7, 629, 最初的光明，最后的黑暗
30208077, 8.8, 562, 禅与摩托车维修艺术
04621084, 8.4, 863, 蝴蝶君
10580307, 8.1, 1239, 太阳照常升起
03700600, 7.5, 2900, 骗局
05375226, 8.4, 846, 老人与海
26267265, 8.5, 754, 壁花少年
26299948, 9.2, 376, 飞越疯人院
26298561, 8.1, 1197, 蒂凡尼的早餐
27109131, 8.3, 932, 解说疾病的人
26378476, 8.7, 597, 欲望号街车
26732624, 8.0, 1338, 精神病患
20507368, 7.0, 6578, 了不起的盖茨比
20003446, 8.3, 912, 草竖琴
30181683, 8.5, 726, 同情者
19962326, 9.1, 398, 大亨小傳
01136277, 7.4, 3165, 嘉莉妹妹
26984469, 8.2, 1021, 小妇人（经典译林）
26909872, 8.3, 903, 奇想之年
01380669, 8.8, 525, Beloved
30247860, 8.2, 1012, 整个巴黎属于我
07063852, 8.3, 890, 石泉城
34995610, 7.9, 1466, 八百万种死法
01860568, 7.9, 1444, 宠儿
25768151, 7.7, 1884, 为奴十二年
25919821, 8.3, 857, 夏日走过山间
20444771, 8.7, 553, 血色子午线
30254378, 8.1, 1077, 独居日记
26801537, 8.5, 666, 山中最后一季
26813101, 7.7, 1801, 暗杀大师10：寻找伦勃朗
27096813, 7.6, 2074, 上流法则
27039411, 7.6, 2054, 高堡奇人
04872914, 8.3, 817, 汤姆·索亚历险记
26318808, 7.5, 2376, 我的脖子让我很不爽
01812319, 8.2, 913, 船讯
06265961, 7.0, 5563, 饥饿游戏3：嘲笑鸟
27118274, 8.6, 562, 与绝迹之鸟的短暂邂逅
01732998, 8.9, 417, 傻瓜吉姆佩尔
02372670, 7.8, 1453, 兔子，跑吧
26265839, 8.2, 866, 编年史
24753401, 8.5, 614, 瘾君子
26346222, 8.1, 971, 美好的事物无法久存
19944406, 8.8, 451, 天使，望故乡
30282302, 8.7, 497, 2081
26767247, 8.2, 855, 安德的游戏
25764938, 8.3, 754, 天使与魔鬼
30397063, 8.2, 844, 被涂污的鸟
06152978, 8.4, 667, 白鲸
30262582, 8.4, 664, 幻影书
33445298, 8.8, 438, 人鼠之间
30243869, 9.1, 332, 冷山
26357728, 8.2, 828, 伤心咖啡馆之歌
26575337, 9.3, 279, 嚎叫
27176878, 8.7, 480, 圣诞忆旧集
01951440, 8.6, 529, 洪堡的礼物
01421520, 8.3, 731, What We Talk About When We Talk About Love
01771277, 8.3, 724, Little Women
26984949, 7.4, 2415, 地下铁道
10594780, 8.5, 579, 宠儿
20278398, 8.3, 717, 莱伯维茨的赞歌
06010156, 8.2, 800, 狂野之夜！
24738208, 8.5, 572, 圣路易斯雷大桥
06085417, 8.6, 514, 遗产
01145488, 8.4, 633, 竞选州长
26718734, 8.1, 892, 流动的盛宴
05063834, 8.2, 789, 蒂凡尼的早餐
25833473, 8.4, 628, 疾病的隐喻
30424101, 8.5, 564, 柏青哥
04199539, 9.0, 346, 星期三的战争
25820440, 8.3, 700, 秀拉
02132291, 8.5, 562, 鹽的代價
04618955, 9.2, 290, 去吧，摩西
34663078, 8.5, 556, 小城畸人
05381983, 7.6, 1690, 瓦尔登湖
01511599, 9.1, 312, 一块牛排
26409529, 8.4, 616, 好人难寻
34434962, 8.4, 612, 布劳提根诗选
01195054, 8.9, 368, 欧·亨利小说全集（全四卷）
30316975, 8.2, 759, 等待
25839470, 8.3, 676, 搏击俱乐部
01371326, 8.7, 443, The Long Goodbye
30333515, 8.2, 749, 流动的盛宴
01918353, 8.8, 397, 流放者归来
25348582, 8.3, 665, 暗夜无星
24872498, 7.9, 1074, 乞力马扎罗山的雪
10554706, 8.2, 734, 夜访吸血鬼
05284702, 8.4, 584, 老人与海
26292552, 8.3, 648, 献给爱米丽的一朵玫瑰花
26905153, 8.8, 387, 抬高房梁，木匠们；西摩：小传
01085468, 8.9, 352, 冠军早餐 囚鸟
26980627, 8.4, 576, 献给艾米丽的一朵玫瑰
04191879, 8.2, 716, 苏菲的选择
11650038, 9.2, 267, To Kill a Mocking Bird
07060197, 8.6, 461, 魔桶
26723433, 7.7, 1329, 冬日笔记
04619252, 8.8, 378, 八月之光
04215171, 8.3, 622, 暗笑
04766916, 8.6, 453, 爱默生随笔
26767248, 8.4, 556, 校园秘史
01168760, 8.5, 498, 永别了，武器
11599981, 8.2, 689, 伤心咖啡馆之歌
26910593, 7.3, 2341, 重生
04856199, 7.5, 1713, 而河马被煮死在水槽里
01040970, 8.1, 764, 汤姆叔叔的小屋
30234414, 8.4, 544, 咒语
27197832, 8.7, 401, 愤怒的葡萄
01091905, 8.2, 677, 汤姆·索亚历险记
24887681, 8.5, 485, 钟形罩
27138720, 8.5, 479, 独抒己见
07065560, 8.4, 530, 在路上
26264210, 7.8, 1072, 几乎没有记忆
33372559, 8.3, 585, 黑暗中的笑声
27138973, 8.5, 472, 克苏鲁神话合集
01475227, 9.2, 248, Howl and Other Poems
30322594, 8.4, 522, 孤独及其所创造的
05038606, 8.3, 579, 汤姆叔叔的小屋
05920828, 8.2, 647, 百万英镑
27078851, 8.1, 721, 故事的终结
03017251, 7.6, 1374, 高窗
03013107, 7.6, 1369, 湖底女人
26274903, 8.1, 718, 麦田里的守望者
03056091, 8.6, 418, 爱伦·坡短篇小说选
26641211, 8.5, 460, 白象似的群山
01017267, 8.7, 377, 伊甸之东
01951441, 8.5, 459, 赫索格
26739964, 8.9, 312, 上升的一切必将汇合
26579776, 8.4, 507, 基里尼亚加
30247390, 8.5, 456, 下一次将是烈火
30155726, 6.5, 9729, 高兴死了！！！
01358460, 8.7, 374, The Bell Jar
05996568, 8.7, 371, 人性的污秽
26258374, 8.2, 622, 爱丽尔
24719080, 8.5, 449, 纠正
01085195, 8.5, 448, 乞力马扎罗的雪
04246999, 8.2, 616, 热铁皮屋顶上的猫
01085128, 8.1, 689, 大地
26690624, 8.4, 492, 她们
01074803, 8.2, 611, 白鲸
01119604, 8.2, 611, 汤姆叔叔的小屋
24523682, 7.7, 1128, 裸体午餐
10548822, 7.9, 865, 特别响，非常近
26811250, 8.6, 398, 野棕榈
03025596, 9.2, 232, 美国现代诗选
27130354, 9.5, 183, 押沙龙，押沙龙！
33428290, 8.3, 537, 两全其美
33451948, 7.5, 1465, 春日序曲
30394973, 8.2, 592, 克苏鲁神话Ⅲ
30401009, 8.7, 353, 水妖
27127486, 8.6, 383, 天狼星的阴影
26889424, 7.7, 1072, 爱是地狱冥犬
01106878, 8.1, 651, 红字
11528311, 7.9, 826, 耶稣之子
01456336, 8.7, 347, In Cold Blood
26791269, 9.1, 243, 请你种下这本诗集
26274359, 9.0, 261, 夏威夷史诗（上下）
34937425, 8.3, 509, 在路上
26297872, 8.2, 566, 北美殉道者花园
25762008, 8.6, 373, 教子
01885227, 7.7, 1038, 嘉莉妹妹
24523678, 8.0, 708, 白噪音
06784957, 8.5, 409, 性本恶
24840354, 8.8, 307, 时代广场的蟋蟀
06791414, 8.4, 452, 路
01945973, 8.8, 304, 阿克瑟尔的城堡
30222345, 8.5, 404, 上帝怀中的羔羊
01459998, 8.4, 446, The Color Purple
01442706, 8.6, 365, 你在圣·弗兰西斯科做什么?
24853136, 8.6, 365, 火车梦
25871958, 8.4, 440, 一个自杀者的传说
06313497, 8.2, 539, 永别了，武器
01385681, 8.2, 537, The Sun Also Rises
10560806, 8.9, 270, 迷雾之子3·永世英雄（上下册）
06124813, 8.3, 478, 纽约兄弟
30191936, 8.3, 477, 莱博维茨的赞歌
10580308, 8.2, 530, 永别了，武器
07175434, 8.1, 592, 父亲的眼泪
25886974, 8.7, 318, 洞
06890288, 7.6, 1086, 爱情故事
34437265, 8.0, 647, 冯内古特：最后的访谈
10554689, 7.7, 930, 需要时，就给我电话
25887938, 7.8, 816, 螺丝在拧紧
26742636, 8.6, 335, 鸟人
25933862, 8.5, 369, 黄鸟
26315805, 9.5, 158, 凶年
26135908, 9.1, 214, 瓦尔登湖
04823779, 8.6, 327, 马人
04857033, 8.1, 547, 狄金森诗选
27122360, 8.3, 440, 关于他人的痛苦（全布面精装）
26892739, 9.1, 209, 星，雪，火
06313459, 8.2, 485, 丧钟为谁而鸣
26952226, 8.3, 435, 管家
05403795, 7.7, 869, 沉溺
01385900, 9.0, 223, The Great Gatsby
20279983, 7.9, 668, 日落之后
30257095, 8.5, 346, 好人难寻
26812680, 8.9, 238, 我弥留之际
25805143, 8.4, 376, 他方世界
27188666, 9.2, 185, 基列家书
03774161, 7.8, 732, 凡人
26722307, 7.7, 824, 暗夜独行客
22519240, 8.2, 450, 所罗门之歌
26909081, 7.6, 921, 守望之心
04293155, 8.6, 299, 士兵的重负
25896603, 8.2, 444, 了不起的盖茨比
33391930, 8.3, 399, 一场游戏一次消遣
26980911, 8.3, 398, 在世界与我之间
15047243, 7.7, 793, 卡波蒂短篇小说全集
24699701, 7.9, 611, 十一种孤独
30476291, 9.4, 151, 欧·亨利短篇小说精选
04634218, 8.5, 312, Holes
02156019, 8.8, 235, The Bluest Eye
30337701, 8.2, 410, 布鲁克林的荒唐事
26775352, 8.1, 456, 水印
26351540, 8.2, 406, 草叶集
26863403, 8.3, 365, 纯真年代
27091777, 8.8, 227, 爱达或爱欲
06848467, 8.1, 447, 黛西·米勒
01574923, 8.3, 362, The Adventures of Huckleberry Finn
05406564, 7.9, 552, 红字
07916107, 7.3, 1215, 马耳他之鹰
06313502, 8.8, 223, 马丁·伊登
30270822, 9.1, 173, 杰克·吉尔伯特诗全集
34461224, 8.8, 220, 革命之路
27000465, 7.8, 606, 了不起的盖茨比
25998242, 8.5, 286, 危险的大笑
20499983, 8.0, 475, 死水恶波
30362709, 7.7, 675, 重返查令十字街84号
26882004, 8.6, 258, 了不起的盖茨比（纪念版）
26297866, 8.2, 380, 王，后，杰克
01375985, 9.1, 169, East of Eden
34907958, 8.3, 342, 小妇人
30431388, 7.9, 523, 万有引力之虹
26989031, 7.7, 664, Little Fires Everywhere
34911027, 7.9, 521, 在路上
02372672, 8.4, 306, 兔子富了
06973686, 8.8, 212, 花园
27194517, 8.1, 411, 长眠不醒
24851615, 7.2, 1296, 瓦尔登湖
34449345, 7.6, 734, 美国式婚姻
26661172, 8.4, 299, 直到世界反映了灵魂最深层的需要
30457126, 8.9, 191, 愤怒的葡萄
01264455, 8.7, 226, 拉格泰姆时代
24879731, 8.3, 328, 黑色的春天
25722933, 7.7, 638, 穹顶之下（上下）
27102388, 8.9, 189, 金斯堡诗全集（全三卷）
05406554, 7.5, 811, 太阳照常升起
01916464, 8.5, 260, 一位女士的画像
01767750, 9.3, 135, Infinite Jest
11511203, 8.8, 199, 驭风少年
33372569, 8.5, 259, 普宁
01848928, 8.5, 258, 国王的人马
22196844, 8.4, 283, 我知道笼中鸟为何歌唱
02032657, 8.0, 425, 红字
26584559, 7.8, 533, 更多的人死于心碎
20499985, 8.4, 280, 社交礼仪守则
06784962, 8.2, 340, 华盛顿广场
30354270, 8.0, 418, 地狱书单
06313452, 8.3, 299, 嘉莉妹妹
25901852, 8.4, 270, 了不起的盖茨比
05996569, 8.1, 361, 美国牧歌
05910660, 8.5, 241, 转吧，这伟大的世界
26986887, 8.8, 185, 喧嚣与骚动
30468608, 8.9, 170, 白牙
26582857, 9.1, 145, 船讯
26150358, 7.9, 437, 寂静的春天
01754781, 8.5, 237, The Grapes of Wrath
06538133, 8.7, 198, 这就是纽约
34790851, 9.3, 124, Catch and Kill
34991772, 8.3, 283, 暗室手册
26430928, 7.3, 915, 如何独处
23858366, 8.4, 256, 白鲸
05063028, 8.7, 195, 本杰明·富兰克林自传
25746445, 7.9, 425, 酷儿
26800077, 8.5, 231, A Gentleman in Moscow
04891196, 7.6, 600, 智血
30172071, 8.3, 276, 失去名字的女孩
30388870, 9.0, 150, 愤怒的葡萄
05406562, 8.3, 274, 最后一片叶子
33455202, 7.2, 1016, 海明威：最后的访谈
10491258, 8.7, 190, 中性
26364303, 7.4, 763, 亚特兰蒂斯：基因战争
01735176, 8.3, 272, 白鲸
04229633, 7.9, 412, 奥斯卡·瓦奥短暂而奇妙的一生
02372673, 8.3, 270, 兔子歇了
30156666, 8.4, 245, 像里兹饭店那样大的钻石
01329403, 9.8, 85, 孤独鸽
27616949, 7.8, 454, 父之罪
02223937, 8.8, 171, 回到你老婆孩子身边去吧
30133793, 7.5, 645, 美食，祈祷，恋爱
30303684, 8.4, 238, Where the Crawdads Sing
30180820, 8.6, 198, 教父3：最后的教父（精装版）
06015968, 9.6, 94, 少年小树之歌
33404945, 7.9, 392, 再见，吾爱
27045297, 8.0, 351, 穿过森林的男孩
25870927, 8.5, 213, 与狼共舞
01033089, 7.4, 707, 打女佣的屁股
30459278, 7.5, 617, 看不见的美国
30482934, 8.2, 279, 太阳系大乐透
27026333, 8.6, 192, 天使，望故乡
26945641, 7.7, 470, 所谓好玩的事，我再也不做了
26755809, 8.2, 273, 安琪拉的灰烬
30247391, 8.2, 273, 老巴塔哥尼亚快车
25856398, 8.5, 205, 茫茫黑夜
26715114, 8.0, 332, 晃来晃去的人
30170225, 8.0, 331, 巴别塔之犬
24871630, 8.2, 269, 幸福国的故事
11597313, 8.4, 222, 地下世界
27600474, 8.3, 243, 月光狂想曲
34899897, 8.5, 202, 在路上
26927344, 7.5, 582, 晚风如诉
27085746, 7.6, 511, 漫长的告别
20396757, 8.7, 168, 罪恶之城的骑士
25708075, 7.8, 400, 未来是一只灰色海鸥
27595045, 8.0, 321, 冠军早餐
30262584, 8.2, 262, 血色子午线
24838971, 9.0, 132, 避孕药和春山矿难
34445801, 8.2, 261, 一切皆有可能
35009821, 8.7, 166, 难民
30247286, 8.0, 318, 我爱迪克
04838098, 8.0, 316, 白城恶魔
01426938, 8.1, 285, 美国悲剧
33423750, 8.8, 152, 菲利普·迪克的电子梦
03547790, 8.9, 140, Tender is the Night
30390006, 8.0, 312, 寂寞芳心小姐
30403403, 7.9, 345, 时间里的痴人
26298577, 8.3, 230, 林间空地
26584579, 8.3, 230, 抓住时机
05914499, 8.9, 138, 天使，望故乡
27187491, 8.6, 175, 白鲸
33461528, 8.1, 277, 白城恶魔
34434957, 9.1, 118, 第二十二条军规
25708110, 7.8, 380, 钟罩
26707599, 8.6, 173, 了不起的盖茨比
02156127, 9.2, 109, 帝国瀑布
10539997, 7.5, 535, 小妇人
30205451, 8.2, 247, 蒲公英醇夏
33474426, 8.8, 145, 天命
11026780, 8.2, 243, 书虫小鼠
02326716, 8.3, 221, The Brief Wondrous Life of Oscar Wao
26263593, 9.0, 123, 无际荒原
26992220, 8.1, 266, 太阳照常升起
25831464, 6.7, 1700, 分歧者
26584580, 8.7, 154, 赫索格
26845402, 8.8, 142, 脏老头手记
26286305, 7.9, 321, 德国黑啤与百慕大洋葱
05275242, 7.5, 507, 黑暗之刺
24805692, 7.8, 342, The Goldfinch
25764941, 7.2, 717, 数字城堡
25985350, 8.4, 187, 精灵
33420970, 8.4, 184, 绕日飞行
04030949, 8.4, 182, The Black Cat
03032732, 7.0, 908, 重播
30374826, 8.9, 120, 爱伦·坡的怪奇物语
04216925, 8.1, 237, 屠场
34893735, 8.1, 237, 事实
33476145, 8.2, 215, 唯有孤独恒常如新
34792458, 8.2, 215, 生活研究
34443905, 7.5, 454, 夏日永别
26584578, 8.7, 138, 洪堡的礼物
25895511, 8.1, 232, 禅定荒野
34443599, 8.0, 256, 时光小旅馆
30337650, 7.8, 313, 了不起的盖茨比
30329227, 9.2, 94, 热爱生命
10567283, 7.8, 312, 恶棍来访
33474427, 7.6, 390, 冷泉港
26659415, 7.9, 274, 智血
01779166, 8.7, 132, Eleven Kinds of Loneliness
30413430, 8.3, 184, 新罕布什尔旅馆
05612203, 7.6, 376, 美国鸟人
26264185, 8.3, 183, 鸽羽
06874632, 7.6, 369, 鲸鱼之歌
02121681, 9.3, 84, 洛丽塔
03757972, 9.1, 95, Consider The Lobster
26854327, 8.5, 149, 比萨诗章
26780237, 7.1, 680, 我和厄尔以及将死的女孩
30390656, 8.1, 212, 海边小屋
30162068, 7.7, 318, 岛上书店（百万精装纪念版）
01164734, 7.5, 400, 嘉丽妹妹
26926159, 8.0, 232, 慢慢学
03547615, 8.9, 107, The Fountainhead
26661166, 8.1, 208, 月光的合金
30255668, 7.3, 501, 全民蠢萌的美国
26637770, 8.7, 123, 華氏451度
28531867, 7.3, 494, 窗里的女人
30387204, 9.1, 91, 丧钟为谁而鸣
26936410, 7.4, 433, 呼吸课
26017808, 8.1, 202, 家
33429955, 9.1, 90, 辛格自选集
34861340, 8.4, 151, 一只猫的生活与哲学观
26595422, 7.8, 266, 新郎
34461226, 7.8, 265, 庸人自扰
34893733, 8.6, 126, 大理石像
27063784, 7.7, 290, 闪灵
34661994, 8.2, 176, 爱丽尔
27032024, 8.1, 191, 鲍勃·迪伦诗歌集Ⅲ：像一块滚石（1965—1969）
26874779, 7.6, 318, 亚当夏娃日记
33372564, 8.7, 114, 微暗的火
11499797, 7.9, 229, 绿帘
26150271, 8.7, 113, 惊奇之心
33417112, 8.0, 205, 苹果木桌子及其他简记
30302849, 7.7, 276, 观察
27041640, 7.4, 379, 寂寞芳心小姐
01867306, 8.9, 94, 喬凡尼的房間
30414622, 7.9, 217, 为何，以及如何谋划一场火灾
27593063, 8.5, 126, 大河恋
02346458, 8.9, 93, The Fire Next Time
10736312, 7.8, 238, 白日做梦有理
26863348, 7.8, 238, 谋杀的简约之道
26733759, 8.3, 148, 人各有异
27109098, 7.6, 293, 系统的笤帚
26677167, 8.0, 192, 鹽的代價
34710239, 8.4, 134, 钢琴的重量
34888719, 8.6, 114, 十一种孤独
26353044, 8.5, 123, 拉格泰姆时代
33657999, 7.3, 409, 大卫·福斯特·华莱士：最后的访谈
26718736, 8.5, 122, 草叶集
33462980, 8.3, 142, 同名人
30429722, 7.4, 352, 爱尔兰人
05366451, 8.2, 154, 平原上的城市
04894979, 8.4, 129, 已知的世界
01859778, 8.9, 88, The Grapes of Wrath
30133157, 7.9, 201, 八百万种死法
01201875, 7.5, 306, 美国的悲剧
19948619, 8.2, 150, 拒绝天堂
06441103, 8.0, 178, 末代大亨的情缘
26925465, 9.0, 80, 重压下的优雅
34825703, 9.4, 62, 巫兹纳德系列：训练营
25799305, 8.7, 98, 一位女士的画像
01098640, 8.1, 160, 康州美国佬在亚瑟王朝
34775912, 8.1, 160, 低地
27600569, 9.2, 69, 栖居于可能性
30217925, 7.6, 257, 砌石与寒山诗
34912107, 8.1, 155, 在路上
33372566, 8.4, 119, 说吧，记忆
30432494, 7.4, 315, 蓝夜
19981687, 8.8, 87, 欢乐之家
25862570, 7.9, 182, 当“9”翻转归零
33657472, 8.8, 86, 流动的盛宴
01499800, 7.5, 273, Daisy Miller
34907898, 8.6, 99, 实验室女孩
30242335, 9.0, 74, 春满北国
06039257, 8.3, 124, 猎杀“红十月”号
30261424, 8.4, 114, 解剖课
30379275, 8.4, 114, 观察一只黑鹂的十三种方式
27108671, 8.7, 90, 野果
26693069, 9.2, 64, 崩溃
26427233, 7.6, 235, 殡葬人手记
19951327, 7.3, 326, 俄耳甫斯诞生
02033441, 8.0, 155, 看不见的人
30261425, 8.0, 155, 布拉格狂欢
01986693, 9.2, 62, Song of Solomon
03711880, 7.4, 282, 再见，哥伦布
01089662, 8.1, 139, 裸者与死者
30314829, 7.5, 250, 爱你，西蒙
33379081, 9.3, 56, 秋野拾零
30272325, 8.0, 145, 神弃之地
26321338, 8.1, 132, 新潮女郎与哲学家
26854223, 7.9, 157, 致薇拉
25870756, 8.1, 131, 永远没有的真相
33372563, 7.6, 207, 洛丽塔
20374768, 8.0, 140, 火车大巴扎
33379060, 9.0, 65, 夏游记趣
34429348, 8.3, 106, 幻影女子
33451966, 9.3, 53, 钢铁海滩
30231925, 8.2, 113, 拍卖第四十九批
35009820, 8.7, 77, 耶稣之子
01513219, 9.0, 63, Winesburg
33463011, 7.8, 159, 弦理论
34902738, 8.8, 71, 在路上
25697801, 8.3, 102, 面包屑山
34438695, 7.6, 191, 大地三部曲
02204181, 9.0, 61, 油炸綠番茄
30282316, 6.4, 902, 格雷巴旅馆
03605377, 8.5, 83, 契佛短篇小说选
34912702, 8.1, 113, 不存在的女孩
33657453, 9.7, 39, 海明威短篇小说全集（上下册）
34887378, 7.8, 145, 厄普代克短篇小说集
01942845, 8.7, 70, Moby Dick
26584576, 8.7, 70, 奥吉·马奇历险记
30261422, 7.6, 174, 鬼作家
04870527, 8.4, 86, A Visit from the Goon Squad
26775369, 7.6, 172, 卡明斯诗选
30258607, 7.3, 237, 垂死的肉身
33417197, 7.8, 140, 伤心咖啡馆之歌
26584560, 8.3, 91, 雨王亨德森
34990157, 8.7, 68, 女佣的故事
30258608, 7.1, 294, 乳房
27667755, 7.5, 185, 沃普萧纪事
26640818, 8.0, 115, 水手比利·巴德
01505434, 7.7, 151, 大街
25756941, 7.8, 137, 狄金森全集（全4册）
33422837, 7.8, 137, 假如比尔街可以作证
34908422, 9.2, 49, 神圣秘密
11273562, 7.3, 227, Eleanor &amp; Park
06073472, 7.3, 225, 厄兆
01079406, 9.0, 54, 草原小屋
30256566, 6.5, 640, 狐狸男孩
27593521, 7.8, 131, 红字
30258609, 8.2, 91, 被释放的祖克曼
30420901, 8.3, 84, 搏击俱乐部
26616452, 7.2, 230, 巴塞尔姆的40个故事
30259097, 8.5, 69, 退场的鬼魂
27609859, 8.5, 68, 葡萄园
10453142, 8.5, 66, 船热
27614636, 8.1, 88, 美国深南之旅
30262575, 8.1, 88, 断背山
26584565, 7.9, 103, 赛姆勒先生的行星
25837851, 8.0, 94, 欧·亨利短篇小说选
26584570, 7.8, 111, 拉维尔斯坦
30272320, 8.5, 64, 迷惘的一代人的岁月
35013499, 7.8, 107, 十月国度
34438696, 8.5, 62, 眼睛后面
30175754, 7.6, 128, 星髓
30376646, 8.7, 54, 海明威与骗子工厂
34888770, 8.2, 76, 年轻的心在哭泣
30358507, 7.6, 126, 我愿为你而死
30265573, 9.3, 37, 怀疑
30284747, 7.2, 185, 致所有我曾爱过的男孩
26264183, 8.2, 74, 音乐课
30261423, 8.0, 83, 欲望教授
30245854, 8.5, 57, 拾贝人
06310327, 7.6, 112, 夫妇们
35006240, 9.0, 40, 在路上
26804202, 8.0, 77, 生命将尽
25731648, 7.5, 118, 地下121天
03290401, 7.8, 89, Rip Van Winkle
34990787, 8.9, 41, 众多未来
30466181, 7.3, 139, 我用古典的方式爱过你
23774526, 7.1, 170, 伊甸园
27093193, 7.0, 188, 另一个布鲁克林
27199013, 8.3, 57, 兰斯顿·休斯诗选
34970873, 8.6, 46, 漫长的告别
03601119, 8.3, 56, Sister Carrie
20499710, 6.8, 227, 阁楼里的秘密
30230103, 6.3, 431, 喧哗与骚动
30312135, 8.8, 38, 麦田里的守望者
27113548, 9.5, 26, 兔子富了
35013038, 9.5, 26, 小人物
26822738, 8.3, 51, 爱（2016版）
03041534, 8.9, 35, 黑孩子
35030363, 8.5, 44, 纵横交错的世界
30175682, 7.8, 72, 弗罗斯特诗选
32577555, 7.3, 108, 万物的终结
27025720, 7.4, 96, 律政雄心
30441096, 8.1, 54, 林肯在中陰
25993767, 7.6, 78, Station Eleven
01746506, 8.5, 39, The Scarlet Letter
35050669, 8.2, 46, 图案人
30234398, 8.4, 39, 未选择的路
30242328, 8.5, 36, 芒博琼博
33401937, 6.1, 390, Find Me
27113536, 9.1, 25, 兔子归来
35051899, 8.9, 27, 愤怒
10763226, 5.8, 561, 垮掉的一代
30469013, 8.0, 44, 谁在说谎
30345792, 8.5, 31, 成为福克纳
35026481, 8.0, 42, 不语
34902740, 9.6, 18, 相助
27113552, 9.1, 22, 兔子歇了
06831056, 6.9, 103, 见闻札记
35050673, 8.9, 24, 遗产
01008894, 7.9, 43, 软纽扣
26948531, 6.1, 278, 我从未见过荒野
34990155, 7.7, 49, 时间之舞
34431985, 7.0, 89, 彩虹尽头
27600003, 8.6, 27, 秋日传奇
02385220, 8.4, 30, Of Mice and Men
27077350, 7.5, 54, 金钵记
33464844, 7.8, 42, 到得了远方，回不去故乡
33476175, 7.3, 60, The Dutch House
34783297, 7.8, 40, 中性
26986875, 9.5, 16, 红字  七个尖角顶的宅第
30469254, 9.2, 18, 了不起的盖茨比
05063539, 6.5, 126, 列车上的陌生人
34988822, 8.9, 20, 白鲸
35013435, 7.8, 35, 在路上
34978362, 8.5, 22, 愚人沙利
30394945, 6.6, 92, 塞纳河边的旧书店
30387458, 8.9, 18, 日食之后
34974723, 8.0, 28, 验尸官
34866349, 8.7, 19, 美国现代诗选
35050675, 8.4, 22, 凡人
26773000, 6.4, 104, 邪屋
30466221, 8.4, 21, 人鼠之间
30245857, 7.8, 29, 记忆墙
34925410, 8.9, 16, 最后的希望之岛
05418319, 7.8, 28, 生活的准则
30297172, 8.0, 24, 晃来晃去的人
33402243, 7.4, 35, 最后之子
35050691, 8.0, 22, 反美阴谋
26698759, 7.7, 25, 純真
34902735, 7.4, 29, 火车大巴扎
34431952, 8.0, 19, 入戏
26327560, 7.9, 20, 书之人
30452363, 8.6, 14, What the Wind Knows
34438726, 7.1, 30, The Nickel Boys
30359552, 8.1, 14, 三月十五
33402244, 7.1, 24, 救赎之路
30344086, 7.6, 17, 恋爱中的海明威
34432447, 8.0, 11, 出逃
33402242, 6.5, 23, 静默之地
30432506, 6.0, 21, 真情
34913673, 0.0, 11, 臭鼬的时光
34995549, 0.0, 14, 人类补完计划
