2020-07-05 16:00:14

number of books, tag name
811, 美术

ID, rating, votes, title
03162991, 9.6, 14971, 艺术的故事
03410718, 9.2, 16164, 美的历程
01941558, 8.6, 29624, 设计中的设计
25976544, 9.2, 10326, 故事
02326403, 8.9, 13822, 认识电影
04230237, 9.1, 7876, 设计中的设计 | 全本
01040466, 8.9, 7572, 谈美
01092149, 8.7, 9379, 梵高传
26666533, 9.5, 3179, 梵高手稿
01441853, 8.9, 5397, 伯里曼人体结构绘画教学
03990022, 9.2, 3670, 美国纽约摄影学院摄影教材（上册）
04282084, 8.8, 5568, 论摄影
01059969, 9.5, 2347, 艺术的故事
26848740, 9.3, 2791, 认识电影：全彩插图第12版
25746578, 9.2, 3121, 大英博物馆世界简史（全3册）
01608298, 9.6, 1971, 灌篮高手1
25811462, 8.2, 11653, 小顾聊绘画·壹
30304849, 8.9, 4020, 拍电影时我在想的事
01485731, 9.6, 1679, 原动画基础教程
26717137, 9.2, 2583, 故事
25712811, 9.4, 1912, 世界电影史（第二版）
26469245, 9.6, 1510, 松风
04903265, 9.1, 2405, 亲爱的提奥
03227478, 8.9, 2911, 电影艺术（插图第8版）
26417490, 8.1, 8977, 写给大家的西方美术史
04082434, 9.3, 1788, 穿墙透壁
27108544, 8.8, 2753, 这里
33455762, 9.6, 1081, 你好小朋友复刻版
27091427, 9.3, 1444, 樱桃的滋味
04124716, 8.5, 3729, 汉字书法之美
26354318, 9.1, 1696, 梵高传
01154707, 8.7, 2646, 素描的诀窍
01049190, 8.1, 5945, 森林里的秘密
26265303, 8.0, 6690, 小顾聊绘画·贰
01076426, 8.8, 2108, 世界美术名作二十讲
03111928, 8.1, 5344, 安迪·沃霍尔的哲学
03204645, 9.6, 868, 明式家具研究
27608078, 9.3, 1151, 图说敦煌二五四窟
03410759, 9.0, 1578, 隔江山色
26647742, 8.8, 1988, 陌生的经验
01779243, 8.9, 1724, 摄影构图学
30327868, 8.3, 3508, 非平面
10739689, 8.6, 2276, 伟大的电影
03464436, 8.9, 1578, 剑桥艺术史：古希腊罗马艺术
04579688, 8.5, 2528, 丑的历史
21267489, 9.2, 1084, 加德纳艺术通史
02026870, 9.3, 976, 阿尔丰斯·穆夏
25774379, 8.6, 2011, 图说中国绘画史
01958685, 8.3, 2865, 美的历史
04727293, 9.4, 781, 理解漫画
01047957, 9.3, 858, 比亚兹莱大师图典
26390189, 9.0, 1167, 如何看懂印象派
27000443, 8.6, 1771, 世界美术名作二十讲
34922269, 9.6, 607, Mondo电影海报艺术典藏
03175195, 8.8, 1346, 美术史十议
01315258, 9.1, 937, 中国古代服饰研究
01965025, 9.2, 819, 艺术：让人成为人
04149287, 8.9, 1113, 好绘本如何好
21363162, 9.3, 736, 詹森艺术史（插图第7版）
26857567, 9.3, 723, 电影是什么？
01067710, 9.0, 974, 造型的诞生
03410762, 9.0, 966, 气势撼人
03334535, 8.4, 1942, 剑桥艺术史：绘画观赏
01227986, 9.2, 761, 护生画集
27156515, 8.0, 3052, 美术馆里聊怪咖
01068606, 8.6, 1352, 艺术与视知觉
27131765, 9.2, 707, 认识电影（插图第12版）
01055088, 8.3, 1923, 像艺术家一样思考
01592800, 9.7, 441, 三国演义
01019715, 8.8, 999, 世界名画家全集--莫奈
03410760, 8.9, 885, 江岸送别
10553751, 9.1, 716, 时光电影院
11599490, 9.2, 649, 护生画集
27114639, 9.1, 705, 草间居游
25878880, 8.9, 865, 认识艺术（全彩插图第8版）
04882050, 8.5, 1343, 竹久梦二：画与诗
01174739, 8.9, 852, 艺用人体解剖
03128801, 8.0, 2493, 写给大家的中国美术史
27069092, 9.2, 604, 美的情绪：西洋画派十二讲
01951547, 8.5, 1265, 像艺术家一样思考
10511063, 8.6, 1120, 摄影的艺术
01082457, 9.2, 596, 美学（第一卷）
01134620, 9.3, 524, 席勒油画.水彩
25713815, 8.9, 771, 经典电影理论导论
10559288, 9.1, 623, 艺术与错觉
27182216, 9.5, 423, 理解人体形态
03410761, 9.0, 672, 山外山
04818174, 8.7, 914, 黄泉下的美术
01079708, 8.1, 1844, 写给大家的西方美术史
05399602, 9.7, 346, Framed Ink
01807843, 9.1, 573, 芥子园画谱
25875172, 9.1, 560, 艺术创造学
04218686, 8.9, 680, 中国美术史讲座
01006214, 9.0, 613, 美的历程
01145983, 8.6, 929, 中央美术学院附中50年作品经典
02138351, 9.3, 459, E.席勒速写
34432985, 9.8, 288, 《塞尔达传说：旷野之息》大师之书
03242892, 8.3, 1226, 马未都说收藏·玉器篇
20387173, 8.6, 841, 30天学会绘画
26763747, 9.1, 484, 永山裕子的水彩课Ⅰ: 重新开始学水彩
26286364, 9.0, 525, 剪辑之道
10430397, 8.8, 632, 艺术通史
01283330, 8.9, 571, 世界美术名作二十讲
26791007, 9.2, 427, 游戏设计艺术（第2版）
03581389, 9.4, 357, 吴冠中画作诞生记
33436277, 8.4, 963, 原宿牛仔
26427579, 7.8, 2085, 观看之道
01006435, 8.7, 681, 世界美术名作二十讲
06266302, 9.1, 453, 素描的诀窍
26323105, 9.0, 497, 艺术的力量
26742341, 8.6, 720, 设计心理学
26896124, 9.2, 398, 设计入门教室：设计的基本规则
06790599, 8.4, 891, 色彩设计的原理
03329950, 8.2, 1128, 剑桥艺术史：20世纪艺术
30180617, 8.5, 793, 鬼刀
19950884, 9.1, 422, 视觉艺术用光
01072606, 8.9, 498, 艺术与错觉
20411692, 8.7, 605, 隐秘的知识
01017227, 9.0, 450, 温迪嬷嬷讲述绘画的故事
26336970, 9.4, 313, 理解漫画（第3版）
30297417, 9.5, 287, 陆上行舟
27129662, 9.5, 285, 詹森艺术史（插图第7版）
04721058, 9.6, 245, Figure Drawing
03464448, 8.3, 837, 剑桥艺术史：17世纪艺术
33424489, 9.4, 283, 中洲旅人：从袋底洞到魔多
20513213, 9.1, 357, 色彩与光线
35041581, 9.0, 389, 纳闷集
27092980, 9.3, 296, 色彩与光线：写实主义绘画指南（珍藏版）
01264793, 8.5, 630, 水彩画的写意生活
26756741, 8.0, 1118, 胆小别看画 1
27140491, 7.3, 3023, 小顾聊绘画·文艺复兴
27069094, 8.8, 448, 认识绘画：丰子恺绘画十六讲
02362352, 9.3, 285, 莫奈
01606879, 9.2, 310, 莫兰迪
04606351, 9.1, 338, 傅雷谈艺录
03065652, 8.0, 1082, 像艺术家一样思考Ⅲ:贝蒂的色彩
01980903, 8.2, 841, 达·芬奇笔记
01036272, 8.4, 654, 素描基础
27047564, 9.1, 327, 艺术博物馆
30219710, 8.6, 525, 日本设计六十年
30393386, 9.6, 216, 艺用人体结构
26975767, 8.8, 418, 画家之眼
03038328, 8.8, 412, 浮世绘
26658069, 8.3, 682, 梦二画集·春之卷
22994566, 9.5, 222, 巴洛克艺术
01252151, 8.2, 743, 康定斯基论点线面
03168709, 8.7, 428, 风格与世变
26882468, 8.9, 353, 雾中风景
26758311, 8.3, 644, 胆小别看画 3
01124279, 8.8, 373, 美术、神话与祭祀
34721400, 8.5, 498, 蝉
26786724, 8.9, 335, 二十位人性见证者：当代摄影大师
26344577, 8.9, 329, 西方绘画大师经典佳作:梵高
03324151, 8.1, 742, 剑桥艺术史：19世纪艺术
01445978, 9.1, 271, 阿道夫·门采尔人物素描集
01702097, 8.5, 473, 喜羊羊与灰太狼(VCD)
02382924, 8.0, 809, 色彩的性格
22994564, 9.3, 223, 哥特艺术
26756742, 8.1, 695, 胆小别看画 2
02149449, 8.9, 304, 绘画史事
34442420, 8.2, 613, 色彩的秘密生活
02162209, 8.0, 762, 外号像颗怪味豆-伍美珍作品
05413067, 9.5, 183, Color and Light
01150256, 8.8, 322, 达利
25957239, 9.1, 244, 素描的诀窍（15周年畅销版）
25872094, 7.3, 1907, 如何看一幅画
22163122, 9.4, 188, How to Draw Drawing and Sketching Objects and Environments from Your Imagination
27064108, 8.8, 305, “空间”的美术史
05980848, 9.0, 249, 奥列佛风景速写教学
04238140, 8.7, 325, 世界美术名作二十讲
25794692, 9.0, 247, 中国画颜色的研究
01772431, 9.6, 154, 男鹿和雄画集 2
26755044, 9.4, 177, 《辐射4》艺术设定集
04154939, 9.4, 176, 宋画全集
20382249, 9.3, 188, 美国绘画透视完全教程
27041265, 9.8, 129, 巴尔格素描教程
05417093, 8.9, 254, 水彩入门
33410480, 8.9, 251, 想象力构图与创作思维
03322912, 7.9, 691, 剑桥艺术史：18世纪艺术
01020198, 8.8, 271, 中国艺术精神
20516764, 8.4, 395, 更大的信息
01081182, 8.6, 324, 世界名画家全集--蒙克
01205346, 9.2, 193, 向大师学绘画
02225512, 8.7, 293, 超级漫画素描技法-草图篇
01446300, 8.2, 482, 丰子恺谈名画
26614175, 7.4, 1319, 写给大家的中国美术史
25909781, 8.7, 291, 阿姆斯特丹梵高博物馆
26329472, 8.8, 265, 拳願阿修羅 1
26647513, 8.7, 285, 关于构图问题
26963037, 9.1, 198, 我的观看之道
27174509, 8.5, 334, 文森特与凡·高
27996295, 9.6, 135, 杨占家电影美术设计作品集
26417642, 7.5, 1057, 蒋勋破解莫奈之美
26834591, 9.1, 195, 永山裕子的水彩画Ⅰ: 回首
04254481, 9.6, 134, 人体素描
06039233, 7.4, 1196, 蒋勋的卢浮宫
01157182, 9.0, 208, 艺术家手册
26611270, 9.0, 208, 从风格到画意
01138909, 8.3, 396, 艺术中的精神
05363491, 8.7, 269, 千年丹青
02261529, 8.3, 387, 你能读懂的西方美术史
26290219, 9.2, 173, 我负丹青
01923636, 8.7, 256, 从莫奈到毕加索
03017768, 9.0, 197, 埃贡·席勒
02205654, 9.4, 145, 看示范·学水彩
26926880, 9.0, 196, 图画史
27043843, 9.4, 144, 拍出绝世光线：摄影师的完美用光技巧解密
01084610, 8.7, 251, 罗丹艺术论
01099604, 8.6, 269, 动态素描·人体解剖
26416437, 7.7, 708, 名画之谜：历史故事篇
06982049, 8.8, 223, 构图的艺术
27139923, 8.7, 243, 明亮的泥土
25758646, 8.6, 265, MoMA亮点
34923012, 9.3, 148, 众神的样子
06437840, 8.5, 287, 艺术中的精神
03436133, 8.9, 201, 丰子恺漫画精品集
05936451, 9.8, 104, 伯里曼着装形体绘画
26574229, 9.3, 146, 运动中的视觉
26917428, 8.7, 235, 跟菲利大叔学手绘：创意速写
26682340, 9.2, 155, 艺术概论
26994664, 8.7, 232, 世界美术名作二十讲
04104397, 9.1, 164, 彰显生命力
30325327, 8.9, 192, 艺术的力量
02090395, 8.9, 189, 铅笔画技法
26286843, 9.0, 174, 秩序感——装饰艺术的心理学研究
25842278, 7.5, 816, 奈良美智48个女孩
03799728, 9.4, 127, 克劳德·莫奈
01057887, 8.5, 259, 世界名画家全集--达利
30389770, 8.3, 313, 日本传统色
02814449, 9.3, 134, The Arthur Rackham Treasury
26313206, 8.5, 256, 看名画的眼睛.1
04881500, 8.7, 212, 油画的光与色
27614599, 9.2, 142, 摄影哲学的思考
26436490, 9.1, 153, 透视如此简单
01438525, 7.8, 525, 浮世绘的故事
30225902, 8.3, 304, 企鹅与其他海鸟
02362359, 9.1, 151, 常玉
03464485, 9.2, 140, 席勒色彩
26658071, 7.8, 512, 梦二画集·夏之卷
25696117, 8.2, 329, 南画十六观
26850007, 7.5, 721, 一幅画开启的世界
01119268, 8.9, 170, 动态素描·着衣人体
01947469, 8.3, 287, 后现代主义艺术系谱
01311346, 8.4, 260, 解构人体
01131498, 8.6, 214, 达·芬奇
26758312, 7.6, 612, 胆小别看画 4
01316370, 8.8, 179, 20世纪艺术批评
03032665, 8.9, 165, 艺术与视知觉
26737988, 9.2, 131, 艺术力
01173332, 8.9, 163, 历代名画记
01174671, 9.3, 120, 素描进阶教程
02242906, 8.9, 161, 毕沙罗
01016673, 9.3, 119, 水彩画里的色与光
11620022, 9.3, 119, 清宫后妃首饰图典
24869637, 9.1, 137, 世界建筑风景速写
01001441, 8.0, 366, 中国雕塑史
30414436, 8.4, 245, 视觉游戏
34974775, 9.3, 118, 认识建筑
02066262, 8.7, 187, 祝福
01045194, 7.9, 404, 中国工艺美术史
34661642, 8.1, 324, 设计之书
01323900, 8.6, 201, 中国绘画的历史与审美鉴赏
26393558, 9.0, 145, 水彩画的实质
01032253, 7.9, 399, 诺阿诺阿
02298455, 8.2, 291, 森林报-春
26913836, 9.9, 79, 奈特人体解剖学彩色图谱（第6版）
30324950, 7.3, 840, 像艺术家一样思考
01099611, 8.6, 200, 动态素描·头部结构
02815285, 9.2, 124, Perspective Drawing Handbook
01820965, 9.0, 142, 藏传佛教绘画史
26771318, 8.9, 153, 与艺术相伴 I：认识艺术（全彩插图第8版）
26360519, 9.7, 87, Anatomy for Sculptors
30394583, 8.9, 149, 艺术精神
33455069, 9.2, 118, 新艺术运动
01326012, 7.4, 676, 你应该读懂的100幅世界名画
03247976, 8.7, 172, 艺术与视知觉
26313596, 8.9, 145, 现代艺术
05241663, 9.3, 107, 吴冠中自选速写集
05936454, 9.3, 107, 伯里曼实用人体解剖
06773763, 9.3, 106, 素描的原点
26413600, 9.0, 131, 子恺漫画全集
30264909, 8.1, 282, 忽远忽近
05936445, 9.3, 104, 伯里曼人体绘画技法
26351318, 8.2, 249, 开罗埃及博物馆
11533547, 9.8, 74, 红果汁的漫画CG技巧
01037839, 9.0, 125, 艺术与科学：贡布里希谈话录和回忆录
04090260, 8.9, 133, 力量
10509471, 8.9, 133, 52个创意绘画实验
02255068, 9.0, 123, I SPY视觉大发现
02221283, 8.8, 143, 苦瓜和尚画语录
01018438, 7.3, 671, 西方艺术史
01737317, 8.3, 212, 我的生活
03923500, 8.5, 177, Oran猪漫画教室
26917425, 9.4, 90, 向大师学绘画
21362797, 9.5, 84, 寺田克也ココ10年 -KATSUYA TERADA TEN-
04120799, 9.8, 69, 中国美术电影造型选集
20375073, 9.8, 69, 艺术博物馆
25819569, 9.0, 116, 摄影理论
01442199, 8.4, 187, 艺用人体解剖
27601557, 8.6, 156, 世界美术名作二十讲(精)
01792954, 8.8, 132, 欧洲漫画史
26756729, 8.5, 168, 如何看中国画
03428169, 8.6, 153, 素描的高度
06535089, 8.7, 141, 超越再现
05063626, 9.1, 103, 配色事典―大正・昭和の色彩ノート
01540063, 7.1, 766, 中国美术简史
03998777, 8.8, 127, 文森特·凡·高
19380776, 8.4, 176, 论美术的现状
26036905, 8.1, 231, 巴黎奥赛美术馆
02253734, 9.1, 101, 罗丹艺术论
26881124, 9.1, 101, 王家衛
26758317, 7.6, 389, 名画之谜：穿越时空的对决
26770375, 8.7, 135, 美国摄影用光教程（第5版）
26818027, 8.1, 226, 日本名所解剖书
02206577, 9.2, 92, 艺术.设计的平面构成
03186836, 9.0, 105, 达芬奇素描解析（上）
33379360, 9.4, 80, 梦影红楼
01220943, 7.5, 422, 你不可不知道的300幅名画
01086166, 7.4, 471, 中国美术史
27086839, 8.0, 240, 胆小别看画 5
27177670, 8.1, 216, 杜尚传(第二版)
03870795, 9.9, 58, Die Gestalt des Menschen
30197165, 8.2, 194, 蒋勋谈莫奈：光的追随者
30484703, 8.9, 109, 英国插画书拾珍
03622135, 9.2, 88, 布格罗
26345618, 8.5, 147, 看名画的眼睛.2
10423700, 9.9, 57, Gustav Klimt
26685174, 9.1, 93, 艺术的理论与哲学
01659928, 9.4, 76, 戴敦邦水浒人物谱
34793028, 9.3, 80, 杜尚
27620937, 9.8, 59, 伦勃朗
34896033, 8.6, 131, 映画术
01025135, 7.9, 238, 诺阿·诺阿
03069208, 9.3, 77, 芬奇论绘画
01153320, 8.7, 117, 艺用人体结构运动学
01020964, 8.1, 194, 新艺术运动大师图典
26276406, 7.3, 466, 如何看一幅画Ⅱ
30434968, 9.3, 76, 秘密之旅：黑骑士的秘密
03744014, 9.4, 71, Lucian Freud on paper
30434959, 8.6, 124, 秘密之旅：蒙娜丽莎的秘密
11604730, 9.0, 92, 张光宇现代设计
26890213, 8.1, 190, 色彩列传：蓝色
30181025, 8.6, 123, 寺田克也 以绘画为生的方法
01030936, 8.6, 122, 画家笔记
27045643, 8.2, 170, 博物馆里的巅峰对决
02241209, 8.5, 130, 德加
33420597, 9.1, 83, 276幅珍贵设计手稿：伟大建筑手稿
01721772, 9.4, 68, Lucian Freud
01813858, 9.2, 77, 中国敦煌壁画全集 1
30518854, 9.3, 72, DK《温迪嬷嬷讲述1000幅世界名画》
06429635, 7.6, 295, 克利与他的教学笔记
03372470, 8.6, 116, 创意素描的诀窍
03011526, 8.8, 99, 郑问画集
03725486, 9.2, 75, 鲁迅的艺术世界
01254388, 8.3, 146, 达.芬奇论绘画
01429282, 8.5, 123, 世界名画家全集（全10册）
32485594, 9.6, 58, 意境
26378537, 7.7, 255, 古画里的中国生活
01312489, 8.4, 132, 素描指南
27114163, 8.4, 132, 点线面
20382261, 9.4, 65, 幻想的艺术
32492398, 9.1, 78, 穿在身上的历史
01734211, 8.3, 141, 犍陀罗美术寻踪
30429860, 8.7, 102, 失落的艺术
03027992, 9.6, 56, 吴冠中画集（上、下）
03184787, 9.2, 71, 达芬奇素描解析（下）
06773764, 9.2, 71, 人体素描法
11611250, 8.5, 115, 世界动画史
01919164, 9.6, 55, The Art of Animal Drawing
01490732, 7.9, 193, 行为艺术
27132365, 7.8, 211, 亲爱的提奥
01193641, 8.7, 97, 雷诺阿
26697886, 7.5, 289, 博物馆里的活色生香
01014485, 8.6, 104, 钢笔画技法
34925977, 9.3, 64, 中村佑介的插画教室
30124900, 7.6, 253, 命运之画：是意外，还是宿命
01160888, 8.2, 141, 透视的艺术
34781182, 9.2, 67, 梵高：苍穹之色
06152984, 8.6, 100, 爸爸的画
01028476, 8.2, 138, 照相馆的故事
02132639, 7.4, 303, 美第奇家族
21318337, 9.2, 65, 另类准则
27621508, 9.1, 69, 路米斯经典美术课
30282901, 9.5, 54, 人体解剖图谱:汉英法拉对照
27182184, 8.9, 78, 克利
01861237, 9.5, 53, Figure Drawing for All It&#39;s Worth
03831469, 9.4, 56, 维米尔
26388669, 7.5, 258, 一公分
02181356, 9.2, 63, 中国美术全集(共60册)
01071759, 9.0, 71, 诗意的造型大师
05372266, 8.9, 75, 梦想世界
05915006, 9.0, 70, 世界绘画经典教程
26862378, 8.0, 151, 色彩列传：黑色
01043236, 8.4, 107, 英国水彩画大师
01132033, 8.8, 79, 人体素描的艺术
02993841, 7.9, 162, 并非衰落的百年
26827315, 9.3, 56, 牛津艺用人体解剖学（经典版）
27087747, 8.8, 77, 阿部智幸的水彩笔记 Ⅱ
30237192, 8.8, 76, 莫迪里阿尼
30223201, 9.4, 52, 造梦空间
04198017, 8.3, 110, 于小冬再讲速写
26382825, 8.3, 110, 《艺术原来可以这样看（修订版）》
01084867, 8.1, 130, 雷诺阿
01814322, 9.3, 55, 外国钢笔画选集
06887769, 9.5, 49, Antonio Lopez Garcia
02368586, 8.8, 75, &#39; 85美术运动
34943850, 8.8, 75, 艺术哲学(作家榜经典文库）
26848170, 9.6, 46, 向大师学插画
34909430, 9.1, 61, 你好，艺术！（全13册）
01007267, 8.8, 74, 《神曲》图集（鲁迅藏书）
01452345, 8.6, 84, 徒手绘画及速写
25912904, 8.0, 135, 行动中的绘画
10467101, 9.9, 38, 現在之外：謝德慶生命作品
27067763, 7.6, 187, 安野光雅的十二堂绘画课
26430273, 7.5, 204, 画布下的乐园
30281412, 9.1, 56, 以眼说话
01037051, 7.7, 164, 美的分析
01883392, 8.5, 83, 画里阴晴
30304733, 9.5, 44, 路米斯经典美术课
30312104, 9.2, 52, 图解欧洲艺术史：17世纪
25957384, 9.6, 41, 时代漫画
26435104, 9.1, 54, 弗洛伊德工作室
01286694, 9.4, 45, 戴敦邦新绘长恨歌
03116072, 8.7, 69, 中国书法史（全7册）
27061235, 8.9, 60, 西方学院派素描教程
26941873, 9.1, 52, 水彩的诀窍
01459857, 8.7, 67, 注视被忽视的事物
03780076, 8.7, 67, 高等院校美术类学生专业参考大系·速写的高度
27069093, 9.3, 46, DK 艺术家手册
30223411, 8.2, 96, 烟霞丘壑
03007510, 8.4, 81, 学画记
30210056, 7.7, 145, 眼前往事
25801149, 7.9, 120, 费顿·焦点艺术家——安迪·沃霍尔
27620955, 9.2, 47, 维米尔
01416745, 8.5, 73, 现代生活的英雄
30271918, 8.8, 59, 凡·高
30371066, 9.0, 52, 抽象与移情
01114924, 8.5, 72, 世界室内设计史
26879171, 7.5, 169, 鲁迅藏浮世绘
01071163, 8.6, 66, 印度美术
10549645, 9.0, 51, 力
34930054, 9.0, 51, 美中之美
34780880, 7.5, 164, 中国绘画的深意
01123099, 7.9, 112, 中国古代服饰史
01734333, 8.6, 65, 伟大的欧洲小博物馆
06709237, 9.9, 31, Rome Sketchbook
26277980, 7.4, 178, 佛罗伦萨乌菲齐画廊
30415666, 7.8, 118, 新艺术的震撼
26711049, 8.6, 63, 我的世界都是你
01801417, 8.2, 84, 罗丹论艺术
01429283, 8.8, 55, 世界名画家全集丛书
26689015, 9.6, 35, 500年大师经典
26287475, 6.2, 902, 蒋勋破解达芬奇之美
06857564, 8.9, 51, 佛教造像手印
01316939, 8.4, 71, 新中国美术史
25981488, 8.1, 89, 西方当代雕塑
34901550, 8.2, 82, 企鹅之旅
01962123, 8.6, 61, 画室──塞尚与加斯凱的对话
25934798, 7.5, 149, 维也纳艺术史博物馆
26341727, 8.1, 85, 米兰布雷拉美术馆
03585818, 9.8, 30, Bridgman&#39;s Complete Guide to Drawing from Life
26462379, 9.1, 43, 美术考古半世纪
22225360, 8.0, 91, 西方绘画大师经典画作赏析
26254013, 7.5, 142, 圣彼得堡冬宫博物馆
07163417, 9.4, 36, 插图全程教学
01809955, 8.4, 66, 铅笔素描肌理
05033436, 9.2, 40, 中央美术学院素描60年
26148865, 7.4, 154, 伦敦国家美术馆
05417085, 7.7, 115, 跟着“我”成为创意手绘达人-W
34889132, 9.3, 37, 够神的
01103655, 8.2, 74, 透视
05408204, 9.1, 41, 中国抗战画史（上下册）
35052844, 9.7, 30, CG造型基础与创作·入门篇
26690183, 8.3, 67, 欧洲艺术
33406298, 7.6, 118, 艺术永不眠
01025380, 8.0, 83, 印度艺术简史
26924707, 8.3, 66, 简·海恩斯的水彩光色瞬间
24383216, 8.5, 57, 副岛成记画集：2004-2010
30132630, 8.7, 50, 中国绘画史
03410840, 8.0, 82, 古典神话人物100
26582852, 7.0, 218, 巴黎卢浮宫
30395789, 9.3, 35, 加德纳艺术通史
26302352, 8.6, 52, 狼图腾 : 视觉设计与叙事语言
03187561, 9.1, 38, 丰子恺杨柳画谱
02988198, 8.8, 45, 美术史与观念史
05332527, 9.3, 34, 电影美术师杨占家作品集
01127344, 8.2, 67, 名画鉴赏手册
04088447, 8.2, 67, 动画笔记
02282853, 8.0, 78, 拉斐尔前派艺术
30320949, 7.2, 163, 线条的魅力
01606890, 9.6, 29, 八大山人全集
06954080, 7.7, 99, 莫迪里阿尼传
33389869, 8.4, 57, 国之色 中国传统色彩搭配图鉴
01085399, 8.3, 61, 赵无极自传
03267130, 9.2, 35, 陈丹青速写
04085221, 9.5, 30, 三星堆出土文物全记录（套装共3册）
27085288, 9.5, 30, 世界美术名作二十讲(插图本)(精)/国民阅读经典
02004773, 9.3, 33, 怎样画猫
28441279, 9.3, 33, 世界绘画经典教程：铅笔素描的乐趣（第2版 ）
30349084, 8.3, 60, 捕梦艺术
30304734, 8.7, 46, 路米斯经典美术课
01129366, 7.5, 115, 英国平面设计基础教程
26745702, 8.3, 59, 顶级电影美术指导与道具设计大师访谈
05266183, 9.3, 32, Botany for the Artist
11626530, 9.3, 32, 伊斯兰：艺术与建筑
03109653, 9.4, 30, 动态速写
06390611, 9.4, 30, Light for Visual Artists
27163640, 9.4, 30, 500年大师经典水彩画
26953139, 8.9, 39, 水彩画完全自学宝典
01060430, 9.2, 33, 巴尔蒂斯画集
04264974, 7.5, 107, 绘画与眼泪
26905252, 9.3, 31, The Art of Travel
30475389, 7.7, 89, 当代艺术的好与坏
26745781, 7.6, 97, 佛罗伦萨皮蒂宫
30434966, 8.0, 69, 秘密之旅：福尔摩斯的秘密
03582288, 9.7, 25, 林风眠画集
26280492, 7.7, 86, 威尼斯学院美术馆
01802147, 8.2, 58, 剑桥年度主题讲座:色彩
01452451, 8.3, 54, 绘画色彩基础教程
30407905, 9.0, 35, 幸运儿
01450877, 8.6, 44, 绘画构图基础教程
01134617, 7.5, 101, 从中学到中央美术学院－贺亮的经历
27621505, 8.7, 41, 路米斯经典美术课
02183632, 8.1, 61, 看大师作画-绘画中如何把握视觉表达语言
26676518, 7.7, 83, 阿姆斯特丹国家博物馆
01108636, 8.5, 46, 世界名画欣赏(第2辑共10册)
26928603, 8.5, 46, 世界美术名作二十讲
26766633, 8.4, 49, 插画50年
33950169, 9.7, 24, 趣味透视学
02640661, 9.9, 22, How to Make a Watercolor Paint Itself
04899011, 7.5, 96, 解读清明上河图
26607139, 9.5, 26, 梦影红楼
27026462, 8.5, 44, 伪造的艺术
30404453, 9.1, 31, 时间的形状
05922099, 9.3, 28, 世界绘画经典教程
26716401, 8.6, 41, 像透纳那样画水彩
27118642, 6.6, 250, 和纸之美
26348108, 7.2, 122, 快乐禅绕画
26587560, 8.3, 49, 在美国幼儿园上美术课
25865937, 8.5, 43, 造就全人的艺术教育
01886249, 7.7, 76, 动画电影视听语言
26374322, 7.9, 64, 莫斯科普希金博物馆
26580035, 7.6, 81, 罗马博尔盖塞美术馆
06431032, 7.9, 63, 人生不是单程旅行
27052400, 8.6, 39, 油画棒创想绘
30254994, 9.0, 31, 新世纪福音战士十周年插画集 :2007-2017
24745455, 8.5, 41, 女人与女红
01464401, 9.6, 23, Edward Hopper
30234953, 7.6, 78, 清华少儿艺术启蒙·第一次发现名画之美
30355510, 7.9, 61, 给商界精英的西方美术史
01861609, 8.6, 38, Keys to Drawing
01150748, 8.2, 49, 中国神话人物百图
27050047, 9.3, 26, 美术海
30353925, 8.0, 56, 向大师致敬:马格利特
21817840, 7.0, 136, 铅笔素描从入门到精通
01205366, 8.3, 45, 家庭艺术馆典藏系列-世界名画与巨匠-莫迪里阿尼
25885892, 7.6, 75, 慕尼黑老绘画陈列馆
03529319, 8.5, 39, 素描工作室
04292070, 8.9, 31, 张光宇插图集
02147780, 9.4, 24, Cartooning the Head and Figure
01878511, 9.7, 21, Best of Norman Rockwell
14098347, 8.1, 50, 六胖子油画技法
27176623, 9.8, 20, 凡尔赛宫室内装饰图集
34899921, 8.7, 34, 看见梵高
01334930, 8.6, 36, 中國繪畫三千年
26593876, 7.3, 95, 马德里普拉多博物馆
03633739, 7.9, 57, 契里柯
02336397, 9.2, 26, The Elements of Color
20391640, 7.4, 86, Q版手绘基础入门
01003023, 8.5, 38, 怎样画动物素描
03029999, 7.8, 61, 中国美术考古学概论
30237200, 8.4, 40, 画里的远游
03342559, 9.1, 27, 儿童与艺术/美术教育学系列译丛
26889708, 9.1, 27, Billy Showell的极致水彩花卉教程
30156268, 9.1, 27, 中村爱的水彩课Ⅰ：简单五步学水彩
26313884, 8.5, 37, 世界艺术史（第7版修订本）
01084856, 7.9, 55, 达·芬奇
25780844, 7.7, 64, 色彩与光的完美表达：莫奈作品欣赏
02243089, 8.4, 39, 俄罗斯艺术300年
01258215, 7.8, 59, 色彩学
34453970, 9.7, 20, 彩铅萌宠绘
27198384, 8.9, 29, 跟巨匠学配色的基本
19974410, 7.2, 98, 蒙克私人笔记
27107271, 7.9, 54, 镜花水月：西方时尚里的中国风
01687123, 9.1, 26, 埃米尔动物画素描
10586336, 8.5, 36, 迪士尼动画黄金圣典（卷1）
26393464, 8.4, 38, 结构素描基础教程
02369056, 8.0, 49, 形象配色艺术
26680388, 9.4, 22, 幻花幻想幻画譚
01658452, 8.9, 28, 世界传世名画
25929211, 9.1, 25, 动画角色设计
27109157, 7.8, 55, 秋：梦行云
30375187, 8.8, 29, 色彩解析
01792211, 7.3, 82, 你应该读懂的100幅中国名画
34998064, 8.4, 36, 鬼刀2WLOP个人插画作品集
27170498, 7.7, 58, 油画棒画得比油画还棒
01195053, 7.8, 53, 歌德绘画
06017209, 7.3, 80, 美术馆的好时光
26593875, 7.7, 57, 柏林画廊
01853694, 9.2, 23, 黄土上下
27038744, 7.5, 66, 跟菲利大叔学手绘：如何成为一名插画家
01434134, 8.6, 31, 蒋兆和
25763618, 8.6, 31, 中国画论研究（上、下卷）
01762704, 8.7, 29, The New Drawing on the Right Side of the Brain
33446878, 8.9, 26, 美人
25972806, 8.0, 44, 水彩小时光
32580626, 8.5, 32, 古格王宫壁画·科迦寺壁画/中国古代壁画精粹·典藏中国
26933898, 8.6, 30, 尹少淳谈美术教育
30488933, 9.1, 23, 街屋台灣
27038164, 9.0, 24, 非典型美術館
01399876, 7.6, 57, 印象主义
30349812, 8.3, 34, 扫花寻径
03792490, 7.8, 47, 中国的美术及其他
25938911, 7.0, 93, 华盛顿国家艺术馆
05363775, 9.0, 23, Impressionism
30360553, 7.7, 50, 第一次发现名画之美：达芬奇
02998924, 8.9, 24, 水彩技法百科全书
26814115, 8.9, 24, 国际插画大师惠特拉奇的动物绘本
30350506, 7.3, 69, 第一次发现名画之美：高更
26254010, 7.7, 49, 米兰波尔迪·佩佐利博物馆
26416316, 7.7, 49, 那不勒斯卡波迪蒙特博物馆
01751691, 9.5, 18, The Natural Way to Draw
25853942, 9.5, 18, 吉田博 全木版画集
26879186, 9.5, 18, Impressionist Art
30200143, 8.7, 26, 富岳三十六景
01001484, 6.9, 98, 抽象派绘画史
26879000, 7.1, 80, 典藏——印象派作品高清图集
01736891, 7.4, 61, 达·芬奇笔记
01803108, 9.6, 17, 牛津版西方艺术大师百科
01178915, 9.0, 22, 儿童简笔画
24718739, 8.8, 24, 中外美术交流史
30125612, 7.1, 76, 名画时尚考
26822662, 7.2, 69, 版画鉴赏方法
01923785, 7.4, 58, 艺术风水
26984154, 7.0, 83, 清华少儿艺术启蒙·第一次发现名画之美
34816450, 7.5, 53, 名画中的狗
01118494, 6.8, 100, 素描.中央美术学院 中国美术学院学生作品精选
03185762, 9.0, 21, 中国历代传统纹样
33437529, 8.5, 27, 陈规再造
06998852, 9.1, 20, 故事板
21266883, 8.8, 23, 6堂课学会绘画
03223927, 8.1, 34, 未来主义 超现实主义 魔幻现实主义
01161610, 8.3, 30, 外国近现代名家作品选粹·毕沙罗
04775345, 7.8, 41, 艺用人体造型图集
02064985, 8.6, 25, Color
25921005, 8.1, 33, 外国美术史
01058353, 8.2, 31, 中国绘画断代史(1-8卷)-中国文库
26845410, 7.0, 76, 电影美术设计语言
19980512, 8.8, 22, 克里姆特速写全集
01086684, 7.8, 39, 野兽派
01450748, 7.6, 45, 写给入门者的西洋美术小史
30408628, 9.2, 18, 布鲁诺·瓦尔波特
34990117, 8.5, 25, MUCHA慕夏
01013287, 7.5, 47, 表现主义
02979930, 8.0, 33, 卢浮宫不容错过的300件典藏精品
04188990, 9.6, 15, 佛教美术丛考续编
06982063, 8.4, 26, 英国风景素描教程
26312277, 8.4, 26, 天才艺术家：卡拉瓦乔
04249110, 7.8, 37, 脸该怎么画
01585490, 8.0, 32, 张大千画集
26354448, 8.1, 30, 色彩互動學
01748632, 7.9, 34, 昭陵唐墓壁画
01709088, 7.8, 36, 西洋美术家画廊6
01064266, 7.1, 62, 欧洲绘画史
01087956, 6.8, 82, 中国美术史教程
26285874, 8.7, 21, 构图的诀窍
30448872, 8.8, 20, 发现艺术家系列：谁是康定斯基？
30860441, 8.1, 29, 间花寻影：古戈力手绘线稿填色集
11599218, 9.0, 18, 旅途上的畫畫課
28552259, 7.3, 50, 配色手册
30248274, 8.0, 30, 从黎明到衰落
01129011, 7.8, 34, 维纳斯的明镜
04021819, 8.1, 28, 从速写到草图
26958819, 8.8, 19, 质朴的真实
30408874, 7.4, 44, 大美不言：中国画论体系及其批评
26910414, 8.9, 18, 倪瓒集
26580037, 7.4, 42, 乌尔比诺阿尔马尔凯国家美术馆
27016293, 8.5, 21, 画说中国历代甲胄
26371174, 8.7, 19, 枫·一部著名连环画的文献
02303984, 8.8, 18, Vide et plein
01081542, 7.8, 31, 日本美术史话
27104937, 9.8, 12, Framed Perspective Vol. 1
25774895, 8.2, 24, 中国绘画史
10571618, 7.5, 37, 马奈艺术书简
26984043, 9.0, 16, 素描的艺术:从&#34;感知&#34;解析绘画表现技法(原版第六版)
33447993, 9.0, 16, 罗马艺术
03372876, 8.5, 20, 美术鉴赏
20406859, 8.6, 19, 完美教学-线描速写
26632518, 8.7, 18, 古代墓葬美术研究（第三辑）
26716258, 8.7, 18, 畫家之眼
27061259, 8.7, 18, 向大师学绘画
24530950, 7.4, 38, 希腊神话故事
01052694, 8.9, 16, 中国文物精华大辞典.书画卷
02254617, 7.3, 40, 色彩构成
07062726, 8.0, 25, 世界传世名画（上下卷）
35052596, 9.4, 13, CG造型基础与创作·进阶篇
10830041, 8.2, 22, 水陸神全
26476417, 8.2, 22, 波提切利
30354182, 6.8, 60, 第一次发现名画之美：毕加索
01640135, 9.3, 13, 动态素描头部结构
30270983, 7.9, 25, 21天精通素描
26285858, 8.9, 15, 头与手的素描
10484650, 7.5, 32, 中国现代绘画史（第一卷）
10423596, 9.7, 11, Vincent van Gogh
01029411, 7.0, 46, 古代希腊罗马美术
10484648, 7.7, 27, 中国现代绘画史（第二卷）
32612116, 7.7, 27, 夏鲁寺壁画/中国古代壁画精粹·典藏中国
06946748, 8.2, 20, 徐悲鸿文与画
25983155, 8.2, 20, 清代宫廷生活
02980565, 8.1, 21, 中国美术史及作品鉴赏
07002177, 8.2, 19, Concubines and Courtesans
26966117, 8.2, 19, 绘画构图与形式
23998346, 8.5, 16, 头手素描精解
20022128, 9.4, 11, Freehand Drawing and Discovery
03039373, 8.6, 15, 八十七神仙卷临摹范本
06728766, 7.4, 29, 爱绘生活
27104097, 7.4, 29, 元代绘画十讲
01227915, 6.5, 61, 毕加索时代的蒙马特高地
25923228, 7.2, 33, 冬宫博物馆巡礼
03463741, 8.9, 13, 犍陀罗佛教艺术
34982658, 8.4, 16, 维米尔：心灵画家
04632289, 9.3, 11, David Bellamy&#39;s Watercolour Landscape Course
02301008, 8.5, 15, 听天阁画谈随笔
30285917, 7.9, 20, 以黑暗绘成光明：伦勃朗作品赏析
01261816, 8.8, 13, 绘画迹象论
26700870, 8.3, 16, 炳灵寺
25785841, 7.1, 32, 西方美术史
26607278, 7.1, 32, 博洛尼亚国家艺术画廊
27599326, 8.9, 12, 世界绘画经典教程：水彩奶奶Cathy Johnson的写生精要
01004763, 8.0, 18, 不朽圣像100・天使报喜
10530401, 9.4, 10, Aux marches de la Chine
26282759, 9.4, 10, 世界佛教美术图说大辞典（全20册）
26382922, 7.8, 20, 如何看懂一幅畫
03517993, 7.9, 18, 创作手稿/大师经典素描图典系列
34883032, 7.6, 21, 又见大唐
02253738, 8.1, 16, 外国美术名作欣赏
27059550, 7.1, 29, 中国书画在日本
05946584, 8.2, 15, 裸体艺术论
04208492, 8.5, 13, 中国书画全书（全二十册）
01383401, 7.8, 18, 日本美術史
24716115, 7.5, 21, 毕沙罗艺术书简
03567619, 5.8, 99, 外国美术史
30216444, 7.1, 27, 怪物考：中世纪幻想艺术图文志
34926483, 8.4, 13, 赖利法·人体与动物结构
05283145, 7.2, 25, 王华祥与飞地艺术坊
04000880, 8.8, 11, 建筑水彩画艺术
34937633, 8.2, 14, 莱奥纳多·达·芬奇：绘画论
01026900, 6.6, 39, 塞尚与柏格森
10443661, 7.9, 16, 200个提升绘画能力的技巧
01536723, 7.4, 21, 雷诺阿
02125564, 8.0, 15, 青楼韵语
30295936, 7.3, 22, 康定斯基艺术全集
27071804, 7.7, 17, 素描圣经
02275226, 8.4, 12, 油画技法难题详解
27628211, 8.3, 12, 巡回展览画派：俄罗斯国立特列恰科夫美术馆珍品
02346680, 7.8, 15, 哪吒闹东海
01085748, 6.5, 36, 装置艺术
26873485, 6.3, 42, 米兰斯福尔扎古堡博物馆
02203146, 8.2, 12, 王肇民水彩画
02211791, 8.4, 11, 人体结构
04882114, 7.3, 19, 清帝国图记
26671494, 6.4, 34, 帕尔马国家美术馆
01674375, 6.5, 31, 100幅意大利名画
02977505, 8.0, 12, 捣练图临摹技法
01125046, 7.5, 15, 基础素描教程第二册
26827443, 7.5, 15, 不语禅
02281795, 7.0, 20, 失落的历史----中国女性绘画史
26237107, 7.8, 12, 鲁迅诗手迹新编
26658278, 7.8, 12, 博古叶子
01748866, 6.7, 23, 透视学原理
25858034, 8.2, 10, 365个艺术创意3
10588851, 7.6, 13, 关于世界名画的100个故事
26756898, 7.0, 18, 奇幻世界藝術&amp;RPG地圖繪製講座
25953697, 5.7, 58, 水彩画入门，一本就够了
01652313, 7.7, 12, 怎样表现绘画的光影
30285905, 7.7, 12, 诗意的光彩：波提切利作品赏析
01063738, 7.1, 16, 近代美术史潮论
02113604, 7.8, 11, 西方美术家辞典
05957356, 5.6, 60, 如何参观美术馆
26286754, 5.4, 76, 名画之旅——古典主义
01173228, 6.7, 19, 观念艺术
01802137, 7.3, 13, 西洋美术巨匠辞典
03427749, 7.3, 13, 感动世界的100幅名画
10484649, 6.9, 16, 中国现代绘画史（第三卷）
26577174, 6.8, 17, 超级彩图馆:30天学会绘画
03007970, 7.3, 12, 中国古代美术史纲
02147367, 7.0, 14, 韩熙载夜宴图临摹技法
06727664, 6.2, 24, 波提切利画传
01824087, 7.4, 10, 中央美术学院教学素描典藏
26984155, 5.3, 56, 清华少儿艺术启蒙·第一次发现名画之美
10433882, 5.2, 43, 零基础学画漫画1
30359816, 4.4, 200, 名画在左 科学在右
30272678, 6.8, 10, SSbook超人气绘师精讲教程：马克笔零基础篇
04733697, 6.5, 11, 名画的诞生
30423373, 6.2, 12, 动态人体结构
27117363, 5.6, 14, 如何欣赏一幅画(精)
01591873, 0.0, 10, 俄罗斯苏联美术史
01703903, 0.0, 10, 外国美术史
02021877, 0.0, 10, 范曾画集
02640519, 0.0, 10, Milton Glaser
03040199, 0.0, 10, 绝句一百首
03629394, 0.0, 10, 韩国佛教美术
10825300, 0.0, 10, 人体解剖与素描表现
30327239, 0.0, 10, 限时人物速写技法(10分钟5分钟2分钟1分钟)
01153529, 0.0, 11, 中国凤纹图谱
34981245, 0.0, 11, 看名画的眼睛I
34985792, 0.0, 11, 看名画的眼睛II
30419686, 0.0, 12, 安德鲁·路米斯的素描课Ⅰ
34778318, 0.0, 12, 艺用表情结构
01593962, 0.0, 13, 西方当代艺术：从抽象表现主义到超级写实主义
01104016, 0.0, 71, 画家的人体模特儿
