2020-07-05 16:00:15

number of books, tag name
167, 群体心理学

ID, rating, votes, title
06082808, 9.2, 294592, 百年孤独
03066477, 9.3, 222581, 三体Ⅱ
04820710, 9.3, 147879, 1984
25862578, 8.5, 642249, 解忧杂货店
20427187, 8.8, 276238, 看见
25985021, 9.1, 131618, 人类简史
01858513, 9.0, 135125, 月亮和六便士
04242172, 8.1, 230396, 天才在左 疯子在右
01192090, 8.7, 53420, 球状闪电
01012611, 8.2, 98211, 乌合之众
01786387, 8.6, 39608, 影响力
01813841, 8.7, 32092, 枪炮、病菌与钢铁
01776683, 9.0, 14345, 沉默的大多数
01056295, 8.2, 39846, 人性的弱点全集
01692648, 8.9, 11766, 一个人的村庄
02328458, 9.1, 8451, 社会性动物
01077528, 8.8, 12562, 通往奴役之路
01041385, 9.2, 6983, 论美国的民主
03057556, 8.9, 10228, 狂热分子
01419736, 9.4, 4810, MONSTER-怪物-02
06401128, 8.9, 8505, 批评官员的尺度
26319730, 8.5, 15011, 娱乐至死
05990251, 8.5, 12902, 西藏生死书
25935941, 9.4, 3633, 天朝的崩溃（修订版）
20441569, 9.3, 3513, 被淹没和被拯救的
04180711, 8.2, 16363, 拖延心理学
04953695, 7.8, 31692, 拆掉思维里的墙
02256351, 8.4, 9137, 乌合之众
01269182, 8.7, 5665, 叫魂
01315190, 8.8, 4907, 想象的共同体
01292405, 8.6, 6482, 自私的基因
03151990, 8.5, 7025, 达摩流浪者
04071842, 8.5, 5888, 路西法效应
27113801, 8.3, 7277, 使女的故事
01020241, 7.6, 23825, 千年一叹
06800379, 8.7, 3905, 2666
05289756, 7.9, 13043, 爱的地下教育
04258830, 8.1, 8576, 乌合之众
05421787, 8.0, 7782, 定位
03688489, 7.7, 10997, 异类
10601137, 7.6, 12828, 你永远都无法叫醒一个装睡的人
01068912, 8.4, 3268, 中国文化的深层结构
26416883, 8.2, 4024, 乌合之众
01837006, 8.0, 5441, 人性的弱点
01277259, 8.6, 2137, 社会学的想像力
21458706, 8.3, 3046, 出梁庄记
01058131, 8.4, 2603, 金融炼金术
02259198, 8.9, 1405, 合作的进化
10828002, 7.9, 4849, 游戏改变世界
02189613, 8.4, 2298, 战胜华尔街
01607478, 8.3, 2485, 巴黎伦敦落魄记
03900987, 7.6, 6816, 引爆点
04746104, 8.8, 1146, 新教伦理与资本主义精神
01024279, 8.0, 3156, 普通心理学
05914475, 7.9, 3496, 无价
01422231, 8.4, 1712, 电影剧本写作基础
06967983, 8.2, 2153, 罪行
01196945, 8.4, 1613, 集体行动的逻辑
05944383, 9.2, 667, 乡土中国
10825612, 8.6, 1197, 近代中国社会的新陈代谢
26312259, 7.9, 2848, 乌合之众
03327830, 7.7, 3774, 前世今生：16堂生死启蒙课
26770145, 8.3, 1554, 菊与刀（精装插图版）
10473576, 7.4, 5465, 替身
26319794, 8.0, 2130, 童年的消逝
06797700, 8.3, 1345, 自我与本我
02183559, 8.8, 758, 发展心理学
03869711, 8.1, 1545, 消费者行为学 （第8版·中国版）
01127653, 8.4, 1041, 法兰柴思事件
25850130, 8.0, 1580, 乌合之众（修订版）
06772248, 8.7, 617, 想象的共同体（增订版）
03735295, 7.5, 2659, 未来是湿的
06157548, 7.5, 2655, 房间里的大象
30121482, 8.3, 832, 乌合之众
02149971, 8.6, 541, 链接
34808973, 8.6, 541, 乌合之众
26235729, 7.5, 2153, 单身社会
25965995, 8.6, 493, 构建之法
01141543, 7.7, 1183, 金融心理学
02009489, 8.3, 566, 亞細亞的孤兒
06065757, 7.2, 2407, FBI心理分析术
03077186, 8.0, 700, 群氓之族
06515939, 6.8, 4264, 世界如此险恶，你要内心强大
23774479, 8.5, 393, 期货交易策略
05321843, 6.4, 9031, 假装的艺术
01266211, 9.1, 204, 论意识操纵（上下）
26171042, 8.1, 508, 悖论
01112447, 8.1, 480, 群氓的时代
03334723, 7.7, 769, 谣言
01077717, 8.2, 417, 论集体记忆
02338638, 8.2, 415, 预知社会
26782094, 7.7, 737, 解决冲突的关键技巧
26728811, 7.7, 717, 乌合之众-“慢读”系列
25721226, 7.9, 553, 沉默的螺旋
25910698, 8.2, 369, 迷人的假象
03766438, 7.5, 810, 隐藏的逻辑
07054138, 7.2, 1223, 洗脑术
05373117, 8.2, 346, 乌合之众
10375983, 8.2, 346, 有闲阶级论
01786294, 8.8, 181, C语言编程：一本全面的C语言入门教程（第三版）
10788787, 8.1, 330, 乌合之众
06761174, 7.6, 576, 身边的逻辑学
01345613, 9.0, 144, 狂熱份子
26300044, 7.5, 623, 群氓之族
01059912, 8.5, 209, 群众与权力
30422106, 7.9, 369, 乌合之众
01288989, 7.7, 461, 网络共和国
02015536, 8.0, 324, 消费者行为学
01281257, 7.8, 385, 大众的反叛
02222424, 7.6, 478, 女人的起源
01057378, 7.7, 424, 非同寻常的大众幻想与群众性癫狂
10486206, 8.2, 247, 教养与文明
02334986, 9.1, 116, The True Believer
21371398, 7.5, 518, 格兰塔·不列颠
04189946, 8.3, 207, 合法化危机
06860119, 7.6, 379, 民国的气质
06429285, 7.4, 430, 末世之城
01275195, 8.6, 130, 恶
01276857, 8.1, 189, 革命心理学
26655784, 7.4, 397, 弗洛伊德，性学与爱情心理学
06439420, 7.6, 313, 数据可视化之美
01057794, 8.3, 150, 东洋冥想的心理学
01499641, 8.1, 179, The Crowd
06309931, 8.5, 126, 自我·群体·社会
01042346, 7.4, 332, 中国社会各阶层分析
02678774, 8.4, 120, 模仿律
01939245, 8.4, 111, 美麗新世界
01936337, 7.8, 185, 市场、群氓和暴乱
26587908, 9.1, 66, 人类的认知
07162508, 6.5, 940, 孤独要趁好时光
01080372, 8.5, 91, 道德的人与不道德的社会
01920180, 8.6, 84, 对自由的恐惧
24325849, 7.8, 159, Axure RP 6原型设计精髓
26875262, 7.1, 339, 千夫所指
10769712, 6.2, 1354, 爆发
26423230, 9.0, 58, 法国大革命与革命心理学
02202515, 8.0, 119, 股市博弈论
04908898, 7.9, 126, 预知社会：群体行为的内在法则
04924898, 7.1, 273, 群体的智慧
20496324, 5.9, 1702, 滚床单心理学
01945390, 7.8, 109, 法西斯主义群众心理学
01950846, 7.3, 161, 集体暴力的政治
03795195, 6.9, 245, 群氓时代
04753665, 7.2, 160, 极端的人群
10344930, 6.8, 249, 社交网站的数据挖掘与分析
02045952, 8.3, 54, 悲哀的咏叹调
30402815, 8.9, 27, 乌合之众
01422866, 8.7, 28, 想象与权力
10554006, 7.8, 47, 乌合之众
06863218, 6.7, 117, 行为背后的动机
04150285, 6.7, 114, 买单
11526780, 5.1, 1418, 格雷的五十道陰影I：調教
01803214, 6.8, 80, 非同寻常
04269586, 7.1, 55, 非同寻常的大众幻想与全民疯狂
02020455, 7.8, 28, 弗洛伊德文集
26796712, 5.2, 564, 社交的本质：扎克伯格的商业秘密
05026841, 7.6, 27, 心理诸葛
30291408, 7.2, 35, 群氓的狂欢
04920010, 7.8, 22, 认知心理学
26323385, 8.7, 14, 没有应答的威胁
01700239, 7.9, 20, 普通的法西斯((DVD)
01943958, 6.8, 43, 诸神渴了
25895388, 6.9, 38, 群众与暴民
06846843, 7.5, 19, 希特勒的私人圖書館
27057315, 6.2, 38, 乌合之众
03932527, 7.0, 17, 不抱怨的法则
25741368, 0.0, 11, 山海经笺疏
