2020-07-05 16:00:15

number of books, tag name
85, 老庄

ID, rating, votes, title
01002299, 9.0, 88429, 笑傲江湖（全四册）
01059258, 9.4, 12591, 道德经精义
02046236, 9.4, 7509, 庄子
03228668, 9.3, 4435, 上帝掷骰子吗
01287865, 9.5, 2359, 老子
01287864, 9.4, 1994, 庄子
01033163, 9.2, 2184, 老子注译及评介
02149717, 8.9, 2510, 庄子諵譁（上）
01489670, 8.6, 3076, 老子他说
01020407, 8.9, 2101, 庄子说
01253292, 9.2, 1297, 老子今注今译
03368865, 9.3, 1123, 老子道德经注校释
01921589, 9.0, 1482, 周易
01510451, 9.4, 819, 脂砚斋全评石头记(上下册)
01002426, 9.4, 611, 道德经
01062611, 9.4, 577, 庄子集释（全三册）
05403730, 9.3, 559, 老子道德经注
03722967, 8.2, 1850, 人生十论
02159115, 9.1, 629, 世说新语精读
25778846, 8.2, 1636, 易中天中华史：百家争鸣
02184056, 9.1, 541, 庄子今注今译
01309943, 9.3, 376, 庄子
01270511, 8.2, 1116, 湖上闲思录
05403731, 9.4, 304, 庄子注疏
01415338, 9.4, 244, 莊子今注今譯
03027232, 8.1, 822, 人往低处走
06725981, 8.3, 589, 道可道
01051216, 8.7, 366, 老子说 庄子说
01471578, 8.8, 266, 老子说Ⅱ
05283677, 8.8, 173, 京华烟云
01270517, 8.1, 319, 庄老通辨
01536623, 8.6, 186, 庄子浅注
01030991, 8.4, 214, 庄子现代版
01840205, 9.1, 120, 老子臆解
03819957, 9.6, 85, 老子衍 庄子通 庄子解
02074898, 8.4, 196, 骆玉明老庄随谈
04934611, 7.0, 959, 九型人格心灵密码学
04821458, 7.9, 225, 中国思想地图
03714701, 8.6, 120, 黄帝阴符经·黄石公素书释义
03803226, 9.5, 64, 庄子
03907940, 9.1, 80, 历代文史要籍注释选刊·庄子内篇注
02149849, 9.1, 66, 世说新语
01973401, 8.5, 97, 老子古今
24930765, 8.1, 126, 庄子哲学（ 第二版）
01462671, 8.0, 131, 老庄心解
01000114, 8.4, 94, 老子的智慧
26793142, 8.0, 102, 庄子哲学讲记
01200547, 8.7, 58, 老子评传
25929709, 8.4, 68, 魏晋名士链
02257628, 9.2, 37, 庄子解
34680655, 8.0, 78, 戴建业精读老子
01469914, 7.6, 94, 竹林七贤
02365847, 8.9, 34, 老子想尔注校证
01277738, 8.6, 40, 庄子注译
02030934, 8.3, 48, 庄子
02969232, 8.1, 54, 老子他说
02238300, 7.5, 82, 道教与中国文化
01488556, 8.0, 47, 庄学研究
01493894, 7.6, 58, 虚己以游世
01722429, 8.9, 23, 易与佛教·易与老庄
26854977, 7.8, 44, 无为与逍遥
06129385, 8.9, 21, 中国艺术精神
24700130, 7.7, 38, 中信国学大典：庄子
10532266, 8.5, 23, 庄子独见
24702385, 7.3, 45, 道德经
26435592, 7.9, 29, 蔡志忠漫画中国传统文化经典:老子说(中英文对照版)
02053615, 9.2, 15, 老子 庄子
03098581, 6.5, 87, 图解生命使用说明书
01252387, 8.0, 25, 庄子闲读
26639652, 8.2, 21, 庄子諵譁
03859939, 6.9, 47, 道教史
02053029, 8.1, 20, 听大师讲庄子
03025614, 8.4, 17, 莊子纂箋
02074138, 9.2, 12, 庄子直解
04879349, 8.6, 15, 隐逸与超越
03859955, 7.7, 23, 听傅老师讲《庄子》
02161659, 7.7, 21, 庄子诠评（上下）
03859954, 7.2, 25, 听傅老师讲《老子》
26581294, 5.4, 127, 伏羲之道
01320401, 7.7, 13, 老子指归译注
01045487, 8.2, 10, 易传与道家思想
01044579, 7.0, 11, 鹏翔无疆
02184423, 0.0, 10, 和庄子赏鱼去
03114878, 0.0, 10, 老子校詁
01837403, 0.0, 14, 老子其人其书及其道论
