2020-07-05 16:00:15

number of books, tag name
135, 老师

ID, rating, votes, title
27614904, 9.2, 192614, 房思琪的初恋乐园
20427187, 8.8, 276238, 看见
01057244, 8.7, 178962, 边城
01040771, 8.2, 206808, 达·芬奇密码
07060185, 9.0, 37399, 江城
26425831, 8.8, 33336, 斯通纳
01082162, 8.4, 35988, 第一炉香
01859140, 8.9, 12203, 上学记
04074636, 7.6, 121330, 放学后
04836682, 8.5, 10775, 告白
01456831, 9.0, 5043, GTO Vol. 1
02363651, 8.1, 14544, 十四堂人生创意课
01077778, 8.1, 11800, 爱的教育
02133254, 8.1, 11423, 流血的仕途
02275502, 8.2, 9519, 十年一觉电影梦
05401989, 8.0, 13280, 自由在高处
25897707, 9.1, 2367, 沈从文的后半生
01292359, 8.4, 5107, 相约星期二
10607793, 8.6, 3846, 刀与星辰
01340549, 8.7, 3171, Tuesdays with Morrie
01026655, 8.4, 3807, 相约星期二
03901238, 7.5, 14247, 历史是个什么玩意儿1
05290534, 7.7, 9723, 为了报仇看电影
26819342, 8.8, 1927, 波丽娜
02051332, 8.3, 3309, 解读基金
25919825, 8.5, 2434, 大河湾
01440146, 8.9, 1414, 给教师的建议
01318422, 8.5, 1954, 假小子戴安
01028805, 7.7, 5823, 品人录
01013369, 7.6, 6551, 格调
01312995, 8.5, 1721, 周国平作品精选
34462719, 8.2, 2480, 女生呵护指南
10466438, 8.0, 3186, 上课记
05394380, 8.2, 1947, 华莱士人鱼
04238883, 8.7, 992, 边城
01070897, 8.5, 1169, 十九札
01382848, 8.4, 1187, 不厭其煩
01049464, 9.5, 388, 唐诗百话
01087770, 8.8, 736, 俗世奇人
01914625, 7.7, 2914, 老师的提包
01072541, 8.6, 864, 中国现当代文学名篇十五讲
01582815, 8.1, 1490, 靈異教師神眉01
10540308, 8.4, 1015, 走进生命的学问
03675797, 8.9, 573, 产品设计手绘技法
04885190, 8.0, 1523, 安琪拉的灰烬
06560147, 9.2, 407, 中国文学史新著
25871818, 8.6, 711, 讲理
03191334, 9.2, 390, 宋词赏析
04175344, 7.5, 2266, 一辈子暖暖的好（全二册）
02275738, 9.1, 304, 细讲弟子规
01148191, 8.7, 431, 费曼讲物理入门
24298645, 9.4, 224, 唐宋“古文运动”与士大夫文学
26384746, 7.9, 784, 再见，少年
25881330, 7.2, 1883, 濒死之绿
04138066, 7.8, 703, 老师的谎言
03105372, 8.1, 443, 谈话录
06532344, 8.5, 256, 第56号教室的奇迹2
03057741, 8.0, 335, 推背圖
06124799, 8.1, 300, 死亡与右手
01763194, 8.7, 171, 诗词例话
01017626, 8.2, 258, 生活的艺术
25719288, 8.0, 243, 老师的十二样见面礼
01437620, 7.7, 306, 人类死刑大观
05326274, 8.2, 183, 安琪拉的灰烬3·教书匠
01450509, 8.1, 184, 鲁迅精读
25905288, 7.6, 282, 30岁后，给自己开家咖啡馆
10785919, 8.0, 187, 余兴派对
01022072, 7.6, 276, 早恋
26614580, 8.3, 138, 沈从文九讲
01292420, 8.0, 171, 文章例话
05993322, 7.3, 350, 她的故事
03560025, 8.8, 86, 我的名字克丽桑丝美美菊花
02024298, 8.4, 115, 咬文嚼字
05298484, 7.3, 312, 无聊斋
01084760, 8.3, 113, 一知半解及其他
10740601, 8.7, 81, 社会性与人格发展
03161038, 9.1, 62, 老師!(01)
06724538, 6.5, 885, 贝类少年
01060152, 7.5, 215, 音乐的故事
12012526, 7.5, 190, 仿佛多年前
03007510, 8.4, 81, 学画记
02251930, 8.1, 96, 诗骚一百句
01824721, 8.3, 75, 杨梅
03016981, 8.0, 94, 二十世纪德国哲学
05063564, 7.6, 120, 为谁保护城市
03110839, 7.9, 88, 中国哲学的特质
01891894, 7.5, 116, 莫小米自选集之我是谁
07007257, 7.7, 94, 尼尔森老师不见了！
26542220, 7.6, 95, 王水照说苏东坡
26879977, 7.2, 139, 送你一座不孤城
01159968, 8.1, 60, 宽容
04137875, 7.6, 85, 下跪的舌头
04267097, 6.7, 214, 大学潜规则
26811330, 7.9, 64, 金融防骗33天
02328431, 8.2, 48, 一士类稿
01489189, 8.3, 44, 科学发现纵横谈
01910693, 8.4, 36, 流行的代价
01014445, 7.5, 64, 远逝的风景
01852583, 7.5, 64, 催眠心经
03923904, 7.4, 63, 我的先生朋友们
01129319, 8.6, 24, 佛教文学
02361661, 8.4, 25, 敬宜笔记续编
01324155, 8.3, 26, 古典诗词札丛
25899635, 8.2, 27, 万水千山师友情
01729340, 8.1, 28, 绝非神话
04738736, 8.1, 28, 圣者凡心
24863153, 6.4, 113, 千炼成妖
04173344, 8.0, 28, 文化與歷史的追索
01423460, 8.0, 27, 中国中古诗歌史
01291178, 7.3, 41, 鲑鱼
03768820, 8.3, 21, 意不尽言
01074187, 8.7, 17, 当代文学100篇（上中下）
01956823, 8.9, 15, 礼乐与明前中期演剧
01079142, 7.2, 39, 天文学
02307075, 9.4, 12, 杂剧形成史
35070664, 9.1, 13, 教养在生活的细节里. 妈妈是最初的老师
01661361, 7.6, 26, 柳永和他的词
01607215, 8.6, 15, 古代希腊仪式文化研究
01476433, 7.3, 29, 考古三峡
10801607, 7.1, 32, 走读韩国
03566683, 8.7, 12, 思想11
01869852, 7.5, 20, 丑陋的中国人
30417718, 7.8, 16, 全世界都想上的课
01160174, 7.9, 15, 诗法举隅
06125365, 8.4, 10, 觅渡文丛·战战兢兢的讲台
06894176, 8.1, 11, 师
01033837, 7.2, 15, 最后一道防线
04842613, 7.2, 15, 走了一位老师之后
02293080, 7.7, 11, 明人笔记中的戏曲史料
01610594, 5.8, 35, 中国现当代小说名作欣赏
03292204, 6.2, 21, 第一丫鬟
01271875, 6.8, 10, 民本的极限——黄宗羲政治思想新论
26767787, 0.0, 11, 我们的男孩怎么了
06720813, 0.0, 12, 天棠街3号
34874245, 0.0, 15, 高度参与的课堂：提高学生专注力的沉浸式教学
