2020-07-05 16:00:15

number of books, tag name
56, 老龄化

ID, rating, votes, title
26672693, 9.0, 34654, 一个叫欧维的男人决定去死
26576861, 9.0, 25138, 最好的告别
30280610, 8.6, 8142, 天长地久
25822105, 8.3, 10266, 无缘社会
26651926, 8.0, 14378, 红手指
26093161, 9.2, 1270, Being Mortal
27111185, 8.0, 4364, 女性贫困
30143251, 7.7, 3279, 老后破产
30441545, 8.8, 727, 人行道王国
06047527, 8.6, 658, 恍惚的人
30245089, 7.6, 1300, 百岁人生：长寿时代的生活和工作
30337614, 8.3, 516, 是梦
30192232, 8.1, 485, 人口创新力：大国崛起的机会与陷阱
30254431, 7.9, 477, 被猜死的人
26995098, 8.5, 250, 五十四种孤单
26363718, 8.4, 264, 谁在银闪闪的地方，等你
26676298, 7.9, 345, 我要渐渐忘记这个世界了
27667267, 7.3, 570, 明年更年轻
24854309, 9.2, 84, 寻求自然秩序中的和谐
30296200, 6.3, 2250, 低欲望社会
26260799, 7.9, 215, 农民自杀研究
27009783, 7.3, 384, 学习做一个会老的人
27204087, 7.6, 262, 变老的哲学
30331072, 8.8, 71, 阿尔茨海默先生
25849534, 7.0, 347, 30年后，你拿什么养活自己3
27140482, 7.2, 265, 当世界又老又穷
34937475, 9.1, 53, 空巢：我在这世上太孤独
02792842, 7.8, 116, Global Issues
26666028, 8.7, 56, 追时间的女人
27175461, 7.9, 101, 面对年老的勇气
24743328, 6.4, 521, 优雅地老去
26946103, 7.2, 169, 颓败与重生
26923574, 7.0, 192, 下游老人
26411088, 8.0, 64, 生死功课
30289870, 6.1, 560, 低欲望社会
27668057, 6.6, 171, 天黑得很慢
30200976, 9.0, 22, 漫长的告别
34999799, 8.4, 28, 妈妈，对不起
33442279, 7.2, 54, 人口浪潮
04279835, 7.6, 37, 21世纪的日本家庭
27065432, 8.1, 25, 别成为陌生人
33435987, 7.9, 28, 生别离
25803494, 8.3, 19, 五千年未有之大变局
27008800, 8.2, 20, 一個人，不老的生活方式
26900812, 8.6, 16, 老龄化宜居社区设计
10581458, 7.1, 38, 一个人的老后
26825882, 8.2, 17, 老後破產
05375758, 6.8, 38, 一盘没有下完的棋
27607118, 7.0, 30, 未來年表
03265484, 9.0, 10, 老年居住建筑
20277502, 8.3, 13, 老人 家
10776149, 7.8, 11, 两个人的老后
04240995, 7.2, 14, 老龄化经济学
30162065, 7.6, 10, 阿尔兹海默病预防策略
03261210, 6.6, 12, 刘易斯转折点
01148775, 5.8, 11, 转变中的福利国家
