2020-07-05 16:00:15

number of books, tag name
666, 考古

ID, rating, votes, title
34617780, 9.2, 1387, 鸟瞰古文明
03204645, 9.6, 868, 明式家具研究
27608078, 9.3, 1151, 图说敦煌二五四窟
25904521, 8.9, 1445, Sapiens
25961497, 9.0, 1250, 中国古代物质文化
01315258, 9.1, 937, 中国古代服饰研究
20516441, 9.1, 831, 美术、神话与祭祀
01095849, 8.8, 1012, 词与物
30383694, 7.7, 3877, 进击的智人
01675113, 8.9, 799, 礼仪中的美术
25748848, 9.0, 707, 华夏边缘：历史记忆与族群认同（增订本）
10769845, 8.6, 1076, 猫蛊手记
04818174, 8.7, 914, 黄泉下的美术
20516442, 9.4, 457, 中国青铜时代
10491608, 8.5, 1126, 神祇、陵墓与学者
01585474, 9.7, 349, 花舞大唐春
04160472, 8.5, 1113, 告诉我，你怎样去生活
01879204, 8.7, 841, 武梁祠
03317670, 8.5, 1032, 终朝采蓝
04240739, 8.9, 664, 故宫退食录（上下）
03649874, 8.7, 631, 中国古代艺术与建筑中的“纪念碑性”
04760085, 8.8, 563, 奢华之色
26426959, 8.2, 1057, 丝绸之路新史
01394420, 9.2, 355, 古诗文名物新证（全二册）
05383582, 9.2, 352, 奢华之色
03075271, 9.6, 248, 汉代物质文化资料图说
34920984, 9.3, 301, 埃及的革命考古學
26782702, 8.3, 798, 何以中国
27000152, 8.1, 986, 海洋与文明
01627415, 9.1, 337, 中国陶瓷史
26907985, 9.2, 299, 西周的灭亡
26848651, 9.0, 354, 从历史中醒来
19955808, 8.6, 517, 万物
01585417, 9.6, 210, 白沙宋墓
01794583, 8.6, 501, 中国方术正考
25867617, 8.3, 687, 洛书河图
01130424, 8.6, 494, 敦煌学十八讲
02298352, 8.6, 488, 西周的灭亡
27593327, 9.7, 189, 白沙宋墓
01011256, 9.3, 251, 汉魏两晋南北朝佛教史
01274943, 9.0, 314, 中国青铜时代
01124279, 8.8, 373, 美术、神话与祭祀
25834552, 9.2, 260, 正仓院考古记
01094540, 8.8, 363, 神祇·坟墓·学者
01776856, 7.6, 1448, 历史学家
30279065, 8.4, 513, 考古的故事
04582324, 9.4, 198, 中国陶瓷史
20515277, 8.8, 321, 逝者的面具
02980452, 7.7, 1084, 上帝的指纹（上下）
25850080, 8.0, 739, 何以中国
30275807, 8.3, 513, 发现燕然山铭
04071854, 8.8, 309, 考古学专题六讲
01023188, 8.2, 556, 风雪定陵
01491063, 9.2, 214, 国宝一百件
01014125, 8.7, 328, 故宫退食录（上下）
05383583, 9.1, 224, 奢华之色
26865815, 7.6, 1082, 海昏侯刘贺
04582330, 8.6, 334, 西周的政体
02111784, 8.7, 300, 安阳
20516973, 7.5, 1171, 从神话到历史：神话时代、夏王朝
30365847, 7.6, 1002, 博物馆里的极简中国史
01352318, 9.2, 187, 知識的考掘
02054584, 9.1, 201, 中国天文考古学
26978823, 8.7, 280, 废墟的故事
01069473, 9.2, 176, 中国古史的传说时代
30312155, 8.2, 430, 尼安德特人
10538457, 9.0, 203, 暗流
27054319, 8.7, 258, 宗子维城
01750255, 8.8, 234, 華夏邊緣
01794589, 8.6, 276, 中国方术续考
06849583, 8.3, 363, 香识
01172089, 9.5, 130, 殷虚卜辞综述
03991955, 8.2, 390, 最早的中国
04987161, 9.1, 172, 中国佛教石窟寺遗迹
26761569, 7.9, 528, 考古手记
01212354, 8.4, 310, 中国青铜器
26359806, 8.6, 256, 黄泉下的美术
30302913, 9.3, 144, 商文明
25919893, 8.7, 229, 立体的历史
23065661, 9.3, 141, 考古学专题六讲
01666568, 9.4, 129, 中国古舆服论丛
03174527, 8.6, 238, 沿着古代中亚的道路
01028925, 8.3, 315, 中国文明起源新探
26693083, 8.0, 431, 说吧，叙利亚
27625734, 8.2, 346, 物色
24739620, 9.3, 131, 古埃及圣书字导读
20516440, 9.0, 164, 商文明
02292276, 8.0, 414, 破解古埃及
30121259, 7.7, 546, 第五次开始
26442143, 9.3, 119, 考古学（第六版）
01543879, 8.4, 246, 中国陶瓷
01223956, 8.2, 298, 古代埃及史
01419710, 9.0, 146, 亚洲腹地探险八年
05948181, 8.9, 155, 画为心声
01051004, 7.7, 495, 剑桥插图中国史
27149515, 8.5, 216, 中国考古学
28553398, 9.6, 93, 中国石窟寺研究
01033338, 9.0, 141, 中国大百科全书
21323611, 9.5, 96, 古代中国考古学
05944387, 8.4, 213, 中国古代衣食住行
04230109, 9.6, 86, 中国青铜器综论（全三册）
01070154, 8.8, 151, 中国出土古文献十讲
04818176, 9.5, 91, 中国古建筑调查报告（上下）
01585298, 9.4, 96, 中国石窟寺研究
01932533, 9.1, 118, 中国古代都城制度史
11609934, 9.0, 126, 仰观集
02082441, 8.6, 169, 考古学专题六讲
26423766, 8.5, 183, 洛书河图（修订本）
23801770, 8.2, 240, 西域考古记
30431051, 8.0, 291, 大英博物馆中国简史
27117513, 8.5, 180, 神祇、陵墓与学者
30370330, 7.5, 508, 埃及四千年
01274979, 8.8, 139, 考古学是什么
03986753, 8.2, 230, 考古学研究入门
01000786, 8.2, 229, 垃圾之歌
25815071, 8.7, 146, 理解早期文明
05922129, 9.3, 93, 考古学思想史
01041578, 8.7, 144, 考古人类学随笔
26411248, 8.3, 202, 万变
01084675, 8.4, 184, 拉美西斯二世
26280061, 6.7, 1451, 第一夜
01124219, 8.8, 126, 古代中国考古学
06432346, 9.2, 93, 夏鼐日记
26918957, 8.6, 145, 名山
01159180, 7.7, 333, 人类前史
10536058, 8.6, 141, 安阳
01585313, 9.7, 66, 藏传佛教寺院考古
01276051, 6.9, 946, 水晶头骨之谜
01026951, 9.5, 74, 观堂集林
26427949, 8.6, 138, 追迹三代
27054857, 8.1, 212, 庞贝三日
26907382, 8.3, 173, 唐风吹拂撒马尔罕
03821639, 9.4, 75, 汉文佛籍目录
26785472, 8.0, 225, 汉帝国的遗产
26376114, 9.1, 91, 西北考察日记
03823019, 8.8, 112, 亚洲古兵器图说
26966397, 8.7, 120, 汉字王国
26831608, 8.5, 140, 1491
10465940, 9.2, 81, 中国出土壁画全集
05280661, 9.4, 71, 中国考古学·新石器时代卷
26935994, 9.2, 80, 魏晋南北朝壁画墓研究（增订版）
25730396, 9.3, 75, 中国古舆服论丛
01053810, 7.7, 275, 风雪定陵--地下玄宫洞开之谜
27594158, 8.6, 120, 壁上观
01909506, 8.8, 103, 建康兰陵六朝陵墓图考
26782709, 7.5, 342, 大都无城
01813858, 9.2, 77, 中国敦煌壁画全集 1
21323613, 8.0, 196, 番薯人的故事
02131180, 8.3, 147, 中国刀剑
02985087, 9.1, 80, 故宫珍宝
27620439, 8.7, 106, 定名与相知
01558973, 8.1, 174, 中国方术考
24381788, 7.8, 233, 考古学的过去与未来-牛津通识读本
30272662, 8.5, 121, 花舞大唐春
01734211, 8.3, 141, 犍陀罗美术寻踪
26692643, 7.5, 304, 与废墟为伴
07162591, 8.3, 137, 《地球编年史》指南
11603105, 7.4, 338, 风雪定陵
25788990, 8.3, 136, 来世之旅
24733939, 9.3, 66, 夏商周考古学
27094393, 8.8, 92, 看见美好
04940912, 7.3, 377, 考骨纪·北疆生死契
34853188, 9.3, 65, 中国文明起源新探
04059731, 9.6, 53, 涅槃和弥勒的图像学
03267930, 7.6, 250, 另一种古史
05299064, 9.1, 70, 汉唐宋元考古
01585429, 8.5, 107, 魏晋南北朝壁画墓研究
06013061, 9.4, 58, 唐代变文
20558377, 8.8, 85, 考古学
27084074, 8.8, 84, 世界史前史（插图第8版）
03410747, 7.4, 287, 神与兽的纹样学
10355213, 8.0, 153, 祖先与永恒
01901904, 7.2, 356, 失落的约柜
26837191, 8.6, 91, 中国古代陵寝制度史研究
26655601, 8.6, 90, 河西走廊
06851644, 8.2, 123, 世界史前史
26907370, 8.1, 134, 驶向撒马尔罕的金色旅程
10567137, 8.5, 96, 海上霸主
26902293, 7.7, 192, 大月氏
01053099, 8.4, 102, 中国史前考古学史研究(1895～1949)
20442103, 8.2, 116, 章服之实
01118575, 7.7, 182, 中国考古学通论
01425431, 8.1, 125, 地中海考古
26717281, 9.2, 56, 博物馆与古希腊文明
02091772, 8.2, 111, 简帛佚籍与学术史
34812669, 9.0, 62, 中国古代石刻概论
01071506, 8.5, 87, 曾侯乙墓
02347449, 8.5, 87, 中国新石器时代
27025289, 8.7, 75, 族属的考古
06714443, 8.6, 80, 东亚乐器考
27106117, 9.3, 50, 中国文化史迹（1-12）
02567280, 9.4, 47, 定陵
01390135, 7.8, 150, 失落的文明
01165742, 8.5, 82, 中国纹样史
06793604, 8.3, 95, 灿烂佛宫
02264832, 9.7, 39, 卜辞通纂
25745883, 7.7, 159, 夏商周：从神话到史实
04068131, 7.6, 174, 考古不是挖宝
21519621, 8.5, 80, 中国古代军戎服饰
11610136, 8.3, 93, 古物新知
33447952, 7.1, 298, 问彼嵩洛
01536616, 9.3, 47, 甲骨文字释林
10558620, 8.6, 73, 格古要论
26862191, 9.5, 42, 载驰载驱
20559220, 8.3, 90, 考古人类学随笔
01175792, 9.0, 55, 中国文明的形成
02969215, 9.0, 55, 亚特兰提斯之谜~入矢堂见闻录~1
25968511, 9.7, 37, 长沙马王堆汉墓简帛集成（全７册）
04036664, 8.3, 88, 犍陀罗
26898513, 8.6, 70, 我的探险生涯 I
27623463, 9.9, 33, 先秦城邑考古
03565544, 8.2, 93, 不列颠人
27082389, 8.3, 86, 艺术、神话与祭祀
25966012, 8.5, 74, 石室賸言
01585283, 9.2, 47, 中国石窟
06391813, 9.4, 42, 魏晋南北朝唐宋考古文稿辑丛
01939839, 8.1, 99, 几近退色的记录
10758685, 8.7, 63, 梁带村里的墓葬
03129482, 9.0, 52, 怎样鉴定古建筑
27133433, 7.3, 209, 中国文物常识/不鄙文丛
26974792, 8.4, 77, 庵上坊
26265113, 7.8, 124, 论语新劄
01323763, 7.7, 133, 失落的文明：犹太王国
02085288, 9.0, 50, 失落的文明(全24册)
04735753, 9.0, 50, 中国墓室壁画史
34432453, 7.8, 121, 巴比伦
03087627, 9.1, 47, 馬王堆漢墓帛書：戰國縱橫家書
01178754, 8.5, 69, 中国考古学.夏商卷
01024385, 8.1, 92, 西域通史
26820940, 7.0, 276, 考古的另一面
01418069, 8.9, 52, 中国古代都城制度史研究
03115470, 9.2, 43, 中国古代星占学
02156564, 8.6, 62, 中国古兵器论丛
26606367, 7.6, 139, 藩屏
26763480, 7.5, 153, 千年古都：京都
05944504, 7.7, 125, 众神栖落新疆
27613316, 6.8, 342, 蒙古国纪行
01979597, 9.2, 42, 北齐东安王娄睿墓
11610261, 9.2, 42, 中国青铜时代
02182572, 7.8, 111, 文物精品与文化中国十五讲
26462379, 9.1, 43, 美术考古半世纪
04226070, 8.3, 72, 中国文明的起源
32608437, 8.9, 48, 莲与龙：中国纹饰
10678723, 9.5, 34, 百年来甲骨文天文历法研究
02972146, 7.8, 104, 墓葬与生死
30331832, 7.7, 113, 大明
02190224, 9.8, 29, 西安历史地图集
01659226, 6.8, 300, 中国博物馆学基础
34840698, 9.7, 30, 唐宋时期的雕版印刷
26333450, 8.3, 68, 唐宋家具寻微
34802599, 7.4, 147, 波斯笔记
04915340, 8.6, 55, 我的探险生涯
33442198, 7.9, 92, 图说犍陀罗文明
01747684, 8.8, 48, 周易溯源
30165952, 8.3, 67, 学习考古
06801667, 7.4, 145, 考古好玩
01424717, 8.4, 62, 希腊艺术与考古学
01736918, 8.4, 62, 中国古代的天文与人文
02130144, 8.6, 54, 中国青铜时代二集
01025380, 8.0, 83, 印度艺术简史
26837233, 8.8, 47, 中国古代都城制度史研究
34432202, 8.8, 47, 寻迹
01161124, 9.7, 29, 张政烺文史论集
01585331, 8.9, 44, 汉唐西域与中国文明
26826849, 8.9, 44, 追迹三代
01954331, 9.0, 41, 北宋皇陵
30176829, 8.5, 55, 思考考古
01082223, 8.3, 63, 埃及
26907356, 7.5, 120, 突厥人、粟特人与娜娜女神
01884975, 8.9, 42, 古文字构形学
34667686, 8.3, 61, 邂逅秦始皇
04085221, 9.5, 30, 三星堆出土文物全记录（套装共3册）
03034477, 8.2, 65, 中国上古史实揭秘
01142262, 8.1, 70, 罗马:帝国荣耀的回声
01084239, 7.7, 97, 考古人手记（第1辑）
26264917, 9.3, 33, 周野鹿鸣
02332180, 9.4, 31, 殷墟王卜辞的分类与断代
03053148, 7.6, 104, 埃及考古学
01026943, 8.8, 42, 海底王宫
26684707, 8.8, 42, 犍陀罗艺术探源
33427400, 7.3, 133, 年方六千
03720618, 8.1, 66, 唐陵的布局
27175505, 8.7, 44, 新编终朝采蓝
34858080, 9.2, 33, 中国通史大师课（全3册）
01036963, 8.4, 53, 中国方术续考
01209487, 7.5, 106, 失落的文明.印加
26834854, 7.9, 75, 满天星斗
01585315, 9.1, 34, 中国青铜器全集1
27662295, 7.7, 87, 考古四记
30260383, 7.9, 73, 西周史
03003135, 9.5, 27, 文物丛谈
25790620, 9.5, 27, 楚帛书研究（十一种）
01126875, 8.6, 43, 汉墓的考古学研究
26658814, 7.9, 70, 我的父亲苏秉琦
02245723, 9.6, 25, 西周青铜器铭文分代史征
01390085, 8.4, 48, 古文物称谓图典
01684700, 8.5, 45, 从长安到雅典
22005578, 7.8, 74, 颜色与祭祀
33395265, 8.3, 51, 国家与文明的起源
22852034, 9.2, 30, 中国道教美术史
02225898, 8.8, 37, 沙海古卷释稿
26013545, 7.7, 77, 那不勒斯国家考古博物馆
30453028, 7.7, 77, 国家宝藏
24845675, 8.8, 36, 魏晋南北朝考古
02133175, 8.9, 34, 西周青铜器分期断代研究
26898515, 8.5, 43, 我的探险生涯 II
26842187, 9.8, 22, 中国古文字学概论
11532748, 6.7, 212, 《史记·五帝本纪》讲稿
27096809, 7.1, 132, 考古入坑指南
25809983, 8.3, 48, 中国古代车舆马具
26739997, 8.1, 55, 五色炫曜
33451961, 7.3, 107, 海昏侯新论
30334621, 7.4, 96, 识古寻踪
33380565, 9.8, 21, 金印国家群的时代
27609483, 8.7, 36, 古鸟
25905759, 7.1, 125, 故宫记
27075575, 9.4, 25, 云冈石窟的营造工程
01420251, 8.6, 38, 中国西南古纳西王国
01155650, 8.5, 40, 甲骨文编
01052987, 6.7, 194, 亚特兰蒂斯
02997878, 8.3, 45, 伯希和敦煌石窟笔记
04907258, 8.6, 37, 斯坦因西域考古记
26791170, 7.7, 69, 地下长安
30383031, 8.3, 44, 早期中国的龙凤文化
34458865, 9.6, 22, 圭拉那魁兹
01142268, 8.2, 47, 古印度
26284973, 7.7, 67, 于阗六篇
01192329, 8.8, 32, 六朝帝陵
01979559, 9.2, 26, 大圣遗音
25752074, 8.3, 43, 巴比伦与亚述文明
30422560, 8.9, 30, 超越大限
01190771, 9.1, 27, 胡汉之间
02382990, 7.2, 101, 死海古卷概说
01722784, 9.0, 28, 中国出土玉器全集
25793389, 9.6, 21, 大英博物馆大维德爵士藏中国陶瓷精选
26382836, 7.9, 54, 宝鸡六章
01585291, 9.1, 26, 中国铜镜图典
25895501, 9.1, 26, 立體的歷史
30254156, 6.7, 166, 人类学+：科学的B面
01142253, 7.5, 73, 苏美尔
01719263, 8.8, 30, 上海博物馆藏战国楚竹书（一）
05367308, 8.8, 30, 洛阳烧沟汉墓
03100419, 7.6, 66, 中国民族的形成
01625177, 8.1, 45, 火坛与祭司鸟神
01585406, 8.2, 42, 西亚考古史
34434944, 8.2, 42, 庞贝古城
02196982, 9.2, 24, 中国文物地图集
27167311, 9.2, 24, 聚落与历史重建
01585401, 8.7, 31, 宣化辽墓壁画
02092324, 8.7, 31, 殷墟卜辞研究
03373668, 9.1, 25, 甲胄复原
02093198, 8.8, 29, 汉唐之间的宗教艺术与考古
01080293, 9.7, 19, 追寻逝去的音乐踪迹
01688584, 9.0, 26, 定量考古学
01226102, 7.8, 54, 当代考古学
06809886, 7.9, 50, 中国科学考古学的兴起
30362670, 8.7, 30, 文明以止
34849013, 8.7, 30, 70件文物里的中国
25787572, 7.8, 53, 盧芹齋傳
06840026, 8.2, 40, 古代墓葬美术研究（第一辑）
04086643, 7.9, 49, 广汉三星堆
01051889, 8.5, 33, 清西陵史话
26578026, 8.1, 42, 地图的演变
04161639, 9.6, 19, 古代和田
01722638, 6.7, 145, 文物学
03034478, 7.6, 60, 远方的时习
03242129, 8.7, 29, 曾侯乙墓（上下）
26666113, 8.9, 26, 中国古兵器集成
30261742, 8.9, 26, 秦陵--尘封的帝国
03412084, 7.8, 51, 考古器物绘图
01743389, 7.7, 55, 阅读过去
06808447, 7.6, 59, 考古学概论
10826522, 8.3, 36, 骨董琐记全编（新校本）
01047269, 7.7, 54, 中国表情
25915724, 7.8, 50, 中国考古学大辞典
30207528, 8.7, 28, 谢辰生口述
04274553, 9.0, 24, 出土简牍与秦汉社会
01489392, 8.4, 33, 石器研究
01716960, 8.4, 33, 鲜卑石室寻访记
10484062, 8.5, 31, 先知的神庙
01057668, 7.3, 72, 祭司与王制・凯尔特人的爱尔兰
02178125, 8.8, 26, 中国史前考古学史研究
06847798, 8.8, 26, 佛道散论
02061949, 8.3, 34, 中国古代石刻概论
30422563, 8.3, 34, 传统革新
01029230, 7.7, 51, 先知的土地・伊斯兰世界
01969883, 7.9, 44, 探寻玛雅文明
01042628, 7.8, 47, 秦兵马俑
01706143, 9.1, 22, 中国丝绸通史
04833783, 9.2, 21, 古史新证
34710218, 7.5, 59, 符号侦探
30324028, 9.3, 20, 亚洲古兵器图说
25936013, 8.1, 38, 在大英博物馆读古希腊
26668313, 7.2, 75, 都灵埃及博物馆
01492370, 8.2, 35, 唐代墓室壁画研究
26879174, 7.0, 90, 神与兽的纹样学
06901360, 8.1, 37, 斯芬克斯的眼睛
25844028, 8.5, 29, 大朝春秋
33477385, 8.7, 26, 六千零一夜
01513310, 9.1, 21, 殷墟的发现与研究
03547250, 8.1, 36, 文物宋元史
04841705, 8.9, 23, 何正璜考古游记
01065796, 7.7, 47, 古道西风
27596221, 9.7, 16, 先史考古学方法论
06117973, 8.7, 25, 秦始皇帝陵园考古研究
32568098, 7.6, 50, 古董局中局(套装四册大全集)
24879439, 7.8, 43, 中国古文字学导论
03621177, 8.2, 33, 圣经考古大发现
01486882, 8.3, 31, 隋代虞弘墓
01142257, 7.6, 49, 伊特鲁里亚人
01412316, 7.8, 42, 木乃伊
03686950, 7.7, 45, 文物保护学
34969964, 9.0, 21, 了不起的文明现场
34987428, 8.9, 22, 西域文化与敦煌艺术（修订本）
02187546, 8.5, 27, 考古发现与早期道教研究
30407790, 7.6, 48, 失落的猴神之城
03269531, 9.6, 16, 西域史地文物丛考
11577639, 7.8, 41, 千古学案
02106973, 9.3, 18, 西汉南越王墓（上下）
04246950, 6.9, 87, 看不见的性别
06853287, 7.9, 38, 亚特兰蒂斯蓝图
26795134, 7.4, 55, 天神与天地之道
02042036, 8.6, 25, 古代兵器通论
01023480, 7.3, 59, 中国盗墓史
26716041, 8.3, 29, 古器物中的古代文化制度
35032079, 7.2, 63, 秦俑两千年
01142266, 7.4, 53, 圣地
01447257, 7.7, 42, 徐州狮子山楚王陵
01690463, 9.1, 19, 泉州宗教石刻
04154566, 9.1, 19, 睡虎地秦简日书研究
27086085, 8.0, 34, 文明对比手册
02275706, 8.6, 24, 金文的世界——殷周社会史
01157919, 7.3, 56, 美索不达米亚
04188990, 9.6, 15, 佛教美术丛考续编
20514963, 7.9, 35, 法门寺塔地宫
21345866, 8.2, 29, 汉唐考古与历史研究
35006761, 8.8, 21, 孤筏重洋
30368600, 8.9, 20, 识古寻踪
02133174, 8.7, 22, 商周青铜器群综合研究
01602882, 9.0, 19, 天文考古通论
25822389, 9.4, 16, 古代荆楚地理新探
33476151, 8.6, 23, 中国早期艺术史
03275141, 8.5, 24, 人类早期文明的“木乃伊”-------古埃及文化求实
05383505, 8.5, 24, 撒哈拉秘密基地
34793627, 8.0, 32, 安徽大学藏战国竹简（一）
26284328, 8.2, 28, 犍陀罗石刻术语分类汇编
27011577, 7.3, 52, 等待复活
03314563, 9.5, 15, 王国维考古学文辑
01843312, 8.3, 26, 玉器时代
27038205, 8.8, 20, 光宅中原
27129245, 9.3, 16, 中国远古时代
33400114, 7.1, 60, 世界文明孤独史
34432176, 9.6, 14, 尘封的盛世
04833660, 7.9, 32, 中国宋代家具
07007408, 9.4, 15, 敦煌石窟全集 第1卷
04735489, 9.2, 16, 中国敦煌历代装饰图案
01909516, 7.5, 41, 考古的故事
30421950, 6.9, 68, 金犀牛
01681625, 8.5, 22, 太原隋虞弘墓
04254943, 7.8, 33, 考古学一百五十年
25878743, 7.0, 61, 流动的权力
25863865, 8.3, 24, 两河流域
23858459, 9.3, 15, 中国古代舍利瘗埋制度研究
01058915, 8.2, 25, 西域考古图记
06101391, 8.0, 28, 古迹卫士
26861792, 6.5, 97, 读懂中国青铜器
25828793, 8.6, 20, 党项西夏史探微
03769640, 8.4, 22, 田野考古工作规程
27044220, 8.8, 18, 欧亚草原东部的金属之路
03024585, 7.2, 48, 甲骨文与殷商人祭
04234661, 8.9, 17, 商周青銅器銘文選 一
26766857, 8.0, 27, 青銅器與宋代文化史
06849312, 8.2, 24, 龙骨山
11609019, 7.3, 43, 旷世绝响
26700936, 7.7, 32, 冥界的秩序
01614372, 7.9, 28, 古代简牍
25854089, 7.9, 28, 在大英博物馆读古罗马
07058909, 8.4, 21, 伯希和西域探险记
34609506, 9.5, 13, 吴简与吴制
01545776, 7.0, 54, 体质人类学
26723963, 9.3, 14, 西域史地考古论集
26632518, 8.7, 18, 古代墓葬美术研究（第三辑）
01268553, 9.1, 15, 中国三千年气象记录总集（全四册）
01585323, 9.1, 15, 中国青铜器全集
26772748, 9.1, 15, 中國史新論：古代文明的形成分冊
27030791, 8.2, 23, 图像与仪式
26792338, 8.8, 17, 考古学前沿研究
03762980, 7.6, 33, 丝绸之路上的外国魔鬼
03496604, 8.9, 16, 亚洲腹地考古图记
26923064, 7.1, 47, 中国佛教史迹
26278033, 9.4, 13, 二里头：1999-2006（全五册）
26883517, 8.4, 20, 锦程：中国丝绸与丝绸之路
01750154, 9.6, 12, 周原出土青铜器
02976987, 9.6, 12, 天山·古道·东西风
25875782, 9.0, 15, 汉代武氏墓群石刻研究（修订本）
26986091, 8.7, 17, 大英博物馆展览
03220162, 7.0, 49, 古墓探秘
30471574, 7.7, 29, 人之追问
02239331, 7.4, 35, 北狄族与中山国
01585324, 9.5, 12, 中国青铜器全集3
01591985, 8.4, 19, 中国织绣服饰全集.1 织染卷
01661401, 7.8, 26, 郭店楚简校释
02044672, 7.8, 26, 中国中世西北民族关系研究
33478799, 9.7, 11, 器服物佩好无疆
26390452, 9.2, 13, 权力与信仰
34987427, 7.9, 24, 博物馆之美
20413903, 9.0, 14, 安阳
27182659, 6.8, 54, 埃及考古专题十三讲
24296073, 8.2, 20, 六朝文明
11594781, 8.8, 15, 磨戟
21967846, 8.8, 15, 走过古老的从前
25804250, 8.4, 18, 随州叶家山
04293183, 7.9, 23, 商代宗教祭祀
26346846, 6.6, 62, 雅典考古博物馆
05340398, 8.6, 16, 被偷去记忆的博物馆
06712592, 6.3, 83, 诸神的黄昏
06117969, 8.3, 18, 六朝墓葬的考古学研究
35077346, 8.4, 17, 床的人类史
01104762, 7.0, 41, 太阳与献祭众神
25648170, 7.4, 30, 叩访远古的村庄
01032890, 7.5, 28, 饮食与中国文化
03117088, 7.5, 28, 欧洲文明的曙光
01585301, 9.2, 12, 中国青铜器全集13
01548576, 8.5, 16, 居延汉简与汉代社会
26528052, 7.7, 24, 罗越与中国青铜器研究
01124171, 8.6, 15, 中国古代车舆马具
33377650, 8.6, 15, 穆天子传汇校集释
24853138, 6.7, 51, 青铜器(博物馆绘本)
26824986, 8.0, 20, 中国国家地理 2016年第3期 总第665期
26840803, 8.2, 18, 粟特人在中国
06559621, 7.2, 33, 史学要论
03463741, 8.9, 13, 犍陀罗佛教艺术
26372251, 6.9, 41, 早期中国
05432494, 7.5, 26, 商族起源与先商社会变迁
05276652, 8.5, 15, 美国国家地理终极恐龙百科
33435198, 8.5, 15, 西方博物学文化
34789044, 8.0, 19, 西垂有声
35003748, 7.3, 29, 考古者说
01585339, 8.8, 13, 中国青铜器全集4
34681578, 9.0, 12, 邂逅达·芬奇
01910606, 7.5, 25, 居延沧桑
02243933, 8.3, 16, 中国科学技术史·第五卷 地学
01585341, 9.2, 11, 中国青铜器全集12
30353923, 9.2, 11, 蒙古与外贝加尔地区的石板墓文化
01138412, 8.4, 15, 回鹘文献与回鹘文化
01546770, 8.4, 15, 中国天文考古学
01477164, 6.5, 54, 夏商周断代工程
26281723, 7.1, 32, 器物图像与汉代信仰
25866396, 8.0, 18, 流失国宝争夺战
01585325, 9.4, 10, 中国青铜器全集 第6卷 西周(二).
30259165, 7.7, 21, 考古学入门
04933978, 9.1, 11, 植物考古学
02018694, 7.6, 22, 性别研究与中国考古学
27093854, 7.6, 22, 祖先与永恒
03584241, 8.3, 15, 秦汉简牍文书分类辑解
01803156, 7.2, 28, 发现特洛伊
30409055, 8.6, 13, 新见秦汉度量衡器集存
01585342, 9.0, 11, 中国青铜器全集 第16卷:铜镜
04254964, 7.4, 24, 古代西域服饰撷萃
03268921, 7.6, 21, 德安南宋周氏墓
26944425, 7.6, 21, 希腊神话的迈锡尼源头
34883032, 7.6, 21, 又见大唐
06803723, 6.6, 43, 中国盗墓史
04089030, 6.9, 33, 寻找亚特兰蒂斯
24733767, 7.7, 19, 动物考古学
07001021, 8.3, 14, 中国墓室壁画全集 3
19975940, 7.6, 20, 郭店楚简先秦儒书宏微观
02096642, 8.0, 16, 新疆考古记
24371365, 8.1, 15, 中国文明起源的比较研究（增订版）
01679290, 8.6, 12, 中国科学技术史 第五卷 化学及相关技术 第七分册
34921580, 8.6, 12, 与天久长
30484508, 7.0, 29, 玉石神话信仰与华夏精神
30441071, 8.4, 13, 唐长安城考古笔记
03027436, 7.8, 17, 长城
03546253, 7.8, 17, 神、陵与学者
27602482, 7.5, 20, 丝绸之路纪行
34907880, 7.9, 16, 鸡冠壶
01585299, 8.5, 12, 中国青铜器全集14
07003339, 8.3, 13, 新疆出土文物
27010320, 8.7, 11, 千年古港
01058063, 7.7, 17, 沙埋和阗废墟记
01934602, 7.8, 16, 中国长城史
30459812, 7.1, 24, 古城古墓挖掘简史
26184694, 8.0, 14, 庞贝的生活与艺术
06834227, 7.6, 17, 考古学史话
20473967, 8.3, 12, 中国古代猪类驯化、饲养与仪式性使用
04915365, 8.1, 13, 驼队
34786065, 7.2, 21, 从考古发现中国
10484059, 6.5, 35, 诸神的战争
01116716, 8.2, 12, 农业考古
25864759, 8.2, 12, 楼兰
01553150, 8.0, 13, 佛教美术丛考
06772088, 8.6, 10, 早期中国青铜戈·戟研究
01359918, 7.1, 21, 風雪定陵
03609062, 7.1, 21, 文化大革命期间出土文物
03544605, 7.3, 18, 中国青铜器
26790614, 6.4, 35, 探秘古埃及
01157239, 5.6, 86, 三星堆文化大猜想
01974146, 8.0, 12, 五帝时代
26735309, 6.1, 44, 发现海昏侯
26731438, 7.8, 13, 敦煌遗书
01935779, 7.4, 16, 夏商周考古
01603125, 8.4, 10, 西域考古图谱
33588506, 6.4, 32, 重塑往昔
02975145, 7.6, 14, 神巫的世界
34954813, 7.6, 14, 陶瓷
04818276, 6.9, 21, 良渚文化与中国文明的起源
03028493, 7.1, 18, 李学勤早期文集
25961060, 6.1, 40, 骨董时光
20493387, 6.0, 44, 泥板上不朽的苏美尔文明
01124687, 7.8, 12, 汉代丧葬礼俗
03398392, 7.8, 12, 中国考古人类学百年文选
04103595, 7.8, 12, 汉藏佛教美术研究
30433813, 8.2, 10, 圖像與裝飾
01137089, 7.3, 15, 走进尼雅
01195240, 7.3, 15, 魏晋南北朝隋陵
01163898, 7.4, 14, 古蜀金沙
03577338, 8.1, 10, 中华古文明大图集
03005218, 7.1, 16, 中国古代冷兵器
03460316, 7.0, 17, 地下画廊-- 嘉峪关魏晋砖壁画
26840538, 7.2, 15, 跟着圣经去考古
30463088, 7.8, 11, 曾国历史与文化
01410776, 7.6, 12, 印度到中国新疆的佛教艺术
01629001, 7.6, 12, 周代家庭形态
10511362, 7.3, 14, 出土文献与楚史研究
26759798, 8.0, 10, 中国古代都城考古发现与研究
05297716, 7.4, 13, 民族汇聚与文明互动
03537557, 6.8, 18, 商周青铜器族氏铭文研究
01018751, 7.2, 14, 走近古印度城
01885323, 7.6, 11, 高昌回鹘史稿
02255685, 7.6, 11, 考古绘图
05172135, 7.6, 11, 龙树的秘密
03033384, 7.0, 15, 中国傩文化
01615206, 7.7, 10, 都兰吐蕃墓
01854593, 6.9, 15, 唐五代佛寺辑考
26898050, 7.6, 10, 天國之享
01871574, 7.2, 12, 幽明两界
26280383, 7.2, 12, 丝路梵相
26646901, 7.0, 12, 汉画像石与汉代民间丧葬观念
21327230, 6.6, 15, 千古奇棺
01321009, 6.7, 13, 中国古代陵墓考古研究
33393527, 6.1, 13, 考古寻踪
11600937, 5.6, 17, 绝代兵圣
02380608, 6.0, 11, 秦汉历史地理与文化分区研究
04113599, 0.0, 10, 鹿邑太清宫长子口墓
05957785, 0.0, 10, 重修宣和博古图
07176993, 0.0, 10, 追寻巨石文化之谜
25902303, 0.0, 10, 上博简《诗论》研究
26382859, 0.0, 10, 中国古代物质文化史
26440878, 0.0, 10, 中国动物考古学
26879034, 0.0, 10, 法老·王
27001375, 0.0, 10, 商代青铜器铭文研究
33387491, 0.0, 10, 文物的亚洲
01087773, 0.0, 11, 古族新考
01481502, 0.0, 11, 星汉流年·中国天文考古录
03064646, 0.0, 11, 旨酒羔羊
03608683, 0.0, 11, 沙海古卷
06309277, 0.0, 11, 西南考古与中华文明
01398901, 0.0, 12, 马背上的信仰
25759263, 0.0, 12, 山西平遥镇国寺万佛殿与天王殿精细测绘报告
01972830, 0.0, 14, 丝绸之路
34990840, 0.0, 14, 掠夺尼罗河
35064776, 0.0, 15, 不断裂的文明史：对中国国家认同的五千年考古学解读
03548571, 0.0, 17, 中国文物地图集
26897189, 0.0, 18, 上帝的魔法师
34602508, 0.0, 21, 行走在千年废墟之上
