2020-07-05 16:00:15

number of books, tag name
867, 自传

ID, rating, votes, title
27614904, 9.2, 192614, 房思琪的初恋乐园
01023045, 8.7, 239557, 我们仨
33440205, 8.9, 60962, 你当像鸟飞往你的山
01088581, 8.8, 45252, 浮生六记
01400705, 8.1, 134117, 情人
03369600, 8.2, 78465, 当我谈跑步时我谈些什么
06397275, 8.9, 16346, 此生未完成
26896859, 8.8, 15978, 当呼吸化为空气
26803714, 9.2, 8314, 人性的枷锁
05346110, 8.9, 11551, 穷查理宝典
27608239, 8.4, 22261, 原则
26657570, 9.0, 8542, 活着为了讲述
01037602, 8.9, 8574, 别闹了，费曼先生
06152040, 9.1, 5944, 维特根斯坦传
26889236, 8.3, 18087, 我的职业是小说家
04010196, 8.1, 25031, 世界因你不同
01091203, 9.2, 4659, 少年凯歌
26907961, 9.4, 3629, Born a Crime
26610864, 8.1, 24036, 浮生六记
05366382, 8.8, 7442, 夜航西飞
27174130, 8.1, 22125, 北野武的小酒馆
01914636, 8.4, 12783, 蛤蟆的油
01005660, 9.1, 4465, 雕刻时光
30125030, 9.1, 4393, 天生有罪
03616310, 7.6, 47493, 小团圆
02082194, 8.2, 14360, 小时候
01040397, 8.1, 16343, 假如给我三天光明
24753751, 8.1, 14703, 向前一步
25810506, 9.1, 3283, 史蒂夫·乔布斯传（修订版）
01021346, 8.7, 5289, 股票作手回忆录
26575679, 8.4, 7567, 当我谈跑步时，我谈些什么（2015典藏版）
30175475, 8.8, 4018, Educated
02275502, 8.2, 9519, 十年一觉电影梦
01031526, 8.3, 8040, 一个广告人的自白
30389372, 8.7, 4390, 成为
27663541, 8.5, 5365, 我要快乐，不必正常
01014144, 8.3, 7146, 大卫·科波菲尔（上下）
04903265, 9.1, 2405, 亲爱的提奥
01002690, 8.7, 3796, 陈寅恪的最后20年
10598170, 8.1, 8714, 我不要你死于一事无成
01313181, 8.4, 5379, 富兰克林自传
01433346, 8.7, 3516, 旁观者
01270508, 8.7, 3512, 失焦
07064313, 7.7, 16545, 突然就走到了西藏
26860776, 8.4, 5225, 鞋狗
26759508, 8.1, 7794, 硅谷钢铁侠
01084257, 8.9, 2513, 别闹了，费曼先生
02377012, 8.6, 3645, 聆听父亲
26613052, 8.6, 3596, 我的造梦之路
06392683, 8.6, 3566, 小星星通信
03323311, 9.0, 2154, 从文自传
26699448, 9.0, 2098, When Breath Becomes Air
01007313, 8.4, 4441, 留德十年
10757941, 8.2, 5814, 小团圆
02345548, 8.2, 5628, 学习之道（第2版）
01048173, 8.1, 6289, 忏悔录
30206604, 8.2, 5372, 北海怪兽
27091035, 9.1, 1630, 魔灯
01036787, 9.2, 1458, 昨日的世界
02243692, 7.8, 9623, 潜水钟与蝴蝶
01051231, 8.4, 3658, 黄河青山
34797578, 8.1, 5667, 人间值得
04741216, 7.3, 23095, 我的奋斗
01015403, 7.7, 10582, 今生今世
01049361, 8.3, 4039, 比我老的老头
26761399, 9.2, 1295, 正红旗下
01067293, 8.6, 2600, 青春
30320887, 9.0, 1588, 我的世界观
30236304, 8.8, 1928, 列奥纳多·达·芬奇传
25903505, 8.5, 2788, 蛤蟆的油
27607225, 8.3, 3576, 命运：文在寅自传
30223629, 8.9, 1660, 椰壳碗外的人生
03649661, 8.8, 1858, 说吧，记忆
11507862, 8.2, 4047, 独自上场
01859649, 8.1, 4595, 生命的不可思议
01418648, 8.4, 2981, 胡适口述自传
26849305, 8.8, 1749, 成为乔布斯
26287433, 9.1, 1236, 心若菩提
27018089, 8.5, 2489, 音乐即自由
27024106, 9.0, 1354, 阿加莎·克里斯蒂自传
27030867, 9.1, 1193, 我这一辈子
04061963, 8.7, 1873, 荣格自传
03905365, 8.5, 2290, 水流云在
01012039, 8.1, 3968, 我的视觉日记
19949881, 8.8, 1580, 绝非偶然
01427679, 7.5, 10399, 做最好的自己
26606389, 7.3, 15228, 白说
05414084, 8.0, 4465, 智斗
04903269, 8.6, 1935, 蛤蟆的油
01448761, 8.3, 2801, 像一块滚石
06510070, 8.2, 3219, 人生不设限
01011673, 8.8, 1451, 基耶斯洛夫斯基谈基耶斯洛夫斯基
02245449, 8.7, 1583, 爱与黑暗的故事
01021856, 8.9, 1250, 亲爱的提奥
01049215, 7.4, 10482, 借我一生
30164685, 9.2, 843, 网
27004925, 8.4, 2100, 我在秘密生长
01313174, 8.5, 1811, 荣格自传
26577691, 7.8, 4672, 人间采蜜记
27007881, 7.9, 3851, 乡下人的悲歌
04898553, 9.1, 833, 阿加西自传
01017356, 8.4, 1827, D调的华丽
01085856, 7.9, 3607, 在人间
02978796, 8.9, 1003, What I Talk About When I Talk About Running
01191433, 7.6, 5720, 我的前半生
01265440, 9.3, 656, 昨日的世界
19967347, 8.5, 1554, 在轮下
34841756, 8.8, 1093, Permanent Record
01391772, 8.8, 1091, 别逗了，费曼先生
24722098, 9.3, 643, 少年H
01159949, 7.8, 3993, 杰克·韦尔奇自传
06847760, 7.2, 11484, 随遇而安
30232128, 8.4, 1663, Becoming
34952676, 8.3, 1841, 苏世民：我的经验与教训
26411602, 8.2, 2038, 富甲美国
25777982, 7.6, 4970, 在难搞的日子笑出声来
27012140, 8.6, 1229, 长夜漫漫路迢迢
26856478, 8.7, 1055, 无路可逃
01089893, 8.0, 2520, 童年
25956005, 8.8, 914, 亚历克斯·弗格森
26994910, 8.8, 908, 城南旧事
01692957, 8.3, 1611, 十年一梦
01016832, 8.5, 1254, 我负丹青
04007097, 8.5, 1237, 富兰克林自传
27173866, 8.1, 2045, 颠覆者
25803556, 7.6, 4093, 山本耀司：我投下一枚炸弹
05448179, 8.0, 2181, 别的声音，别的房间
04874132, 7.8, 2913, 我把青春献给你
01464442, 7.6, 3969, 道路与梦想
26335337, 9.2, 543, 昨日世界
01228098, 8.5, 1118, 魔灯
01487995, 8.5, 1116, 文字生涯
02372087, 8.4, 1205, 剥洋葱
01058097, 7.8, 2638, 岁月与性情
34897112, 9.1, 558, 漆黑清晨
25900687, 8.6, 937, 夜
27187198, 8.6, 933, 我身在历史何处
34799573, 8.3, 1325, 我心归处是敦煌
01981355, 6.8, 16069, 墨迹
33429926, 8.9, 666, 追寻记忆的痕迹
27037182, 8.6, 908, 纽约无人是客
26912450, 8.8, 720, 西潮
06311580, 8.8, 710, 天堂十字路口
27128593, 8.6, 877, 伊斯坦布尔
10608244, 8.3, 1244, 荒野求生
01957796, 7.7, 2750, 我的前半生(全本)
24257591, 7.2, 6380, 绝望锻炼了我
30359587, 7.9, 2013, 科比自传
25936051, 8.7, 741, 我的一生
10797625, 8.7, 736, 当李晓峰成为SKY
05033915, 8.3, 1153, 希特勒传（上下册）
06531686, 8.1, 1449, 抉择时刻
01013334, 9.2, 438, 从文自传
24272636, 8.2, 1269, 音乐使人自由
27622171, 7.4, 4064, 橘子不是唯一的水果
26782124, 9.0, 521, 瞧，这个人
19989296, 8.2, 1251, 别逗了，费曼先生
03038143, 8.6, 748, 季羡林自传
01011509, 7.8, 2009, 谁说大象不能跳舞？
02326230, 8.6, 736, 我的精神自传
27094149, 8.3, 1034, 空气女的时间志
01010866, 8.6, 731, 我的最后一口气
04032387, 9.0, 477, 太空步
01075743, 7.2, 5001, 我把青春献给你
06189764, 7.8, 1899, 长发飞扬的日子
01982116, 8.4, 871, 我与兰登书屋
04223661, 8.9, 513, 值得
01001848, 8.4, 868, 格格不入
01435907, 8.5, 771, 我在通用汽车的岁月
02980475, 8.4, 856, 长路漫漫
03217847, 9.3, 344, Persepolis
02365288, 8.4, 832, 波兰斯基回忆录
04898552, 8.6, 635, 夏日
26682066, 8.4, 763, 我的奋斗1
01071819, 8.9, 452, 经济腾飞路
01028964, 8.2, 954, 忏悔录
03432678, 8.6, 608, 我的青春回忆录
04884840, 8.4, 750, 我的漫画人生
01457149, 7.8, 1571, 英儿
01353219, 8.3, 825, 今生今世
01016204, 7.2, 3961, 不过如此
01175941, 8.6, 589, 本杰明·富兰克林自传
34953844, 8.7, 530, 活过，爱过，写过
01777410, 8.8, 466, 我，费利尼
04068574, 7.9, 1292, 好儿女花
04208765, 7.8, 1463, 浅草小子
25975620, 8.5, 607, 漫漫自由路
26782758, 7.8, 1406, 四十自述
01162468, 8.4, 671, 假如给我三天光明
06729711, 9.1, 335, 基耶斯洛夫斯基谈基耶斯洛夫斯基
25799703, 9.4, 258, 塗鴉日記 01
26686234, 8.5, 582, 身為職業小說家
26576518, 6.9, 5891, 我的晃荡的青春
21622634, 8.9, 390, 滚吧，生活
34884579, 8.2, 809, 北野武的深夜物语
01082186, 8.2, 807, 乞丐囝仔
27616695, 9.0, 353, 郭鹤年自传
26821757, 8.1, 901, 他们说，我是幸运的
01593586, 8.2, 799, 四十自述
25930025, 8.2, 790, 只是为了好玩
01002474, 7.6, 1726, 只有偏执狂才能生存
01082102, 8.3, 701, 风雨独立路
20397289, 7.9, 1098, 没有一条道路是重复的
01023482, 8.6, 489, 居里夫人自传
27026896, 9.6, 204, Born a Crime
05350790, 8.5, 532, 音樂使人自由
26871225, 8.1, 829, 自在·YOUNG
27033676, 9.3, 252, 从文自传
27599200, 8.9, 356, 我的一生略小于美国现代史
01044177, 7.5, 1798, 李嘉诚全传
27108705, 9.0, 314, 不合理的行为
11541383, 8.7, 411, 沙漠之花
03993310, 8.7, 409, 建築家安藤忠雄
02142687, 7.3, 2360, 张学良口述历史
02604801, 8.2, 689, 我的一个世纪
26840483, 8.1, 757, Hillbilly Elegy
04166880, 8.9, 329, 雪中足迹
01104783, 8.6, 436, 呼兰河传
04178327, 8.3, 596, 谁说大象不能跳舞(珍藏版)
01065159, 8.6, 430, 尼金斯基手记
02024220, 8.2, 656, 从异教徒到基督徒
24298157, 8.8, 351, 来日方长
01103156, 8.2, 649, 一个被称作它的孩子
01870185, 7.0, 3644, 心相约
01076285, 8.3, 572, 漏船载酒忆当年
25793666, 9.1, 262, 荣格自传
01019485, 6.9, 4235, 心相约
30155726, 6.5, 9729, 高兴死了！！！
02995499, 9.1, 261, 太空步
06055098, 8.4, 504, Bossypants
26774091, 8.1, 687, 唐草物语
26369908, 7.3, 2040, 北野武自述
02382080, 8.3, 548, 东方的女儿
01401941, 9.1, 255, The Glass Castle
11592003, 8.1, 685, 不得贪胜
05437037, 8.7, 363, 忏悔录 （上下册）
26702041, 7.2, 2369, 天生变态狂
30348380, 8.8, 328, 余英時回憶錄
04251102, 8.0, 759, 清华园日记
01434426, 8.5, 435, 一个大学校长的自白
03402613, 7.5, 1462, 无家可归的中学生
01000240, 8.4, 473, 狱中记
10478370, 9.5, 179, A Single Tear
01056144, 7.5, 1405, 中的精神
04312477, 8.9, 287, 天地九重
01054092, 8.3, 505, 罗素自传（第一卷）
02458039, 8.9, 280, Fun Home
01321315, 8.0, 704, 半梦
20507419, 7.0, 2992, 东野圭吾的最后致意
04720006, 7.9, 787, 峭壁边缘
11526985, 7.2, 2101, 直到世界尽头
34799648, 8.8, 300, The Ride of a Lifetime
01065156, 8.4, 441, 我生活的种种模式
26673320, 8.5, 394, 水流云在
05502387, 8.8, 296, 言归正传
01981608, 8.6, 356, 回忆·梦·思考——荣格自传
30333443, 7.9, 762, 我的前半生(全本)(精)
03562110, 8.3, 482, 这一辈子
01069249, 8.2, 535, 卓别林自传
07045735, 7.6, 1101, 可可·香奈儿的传奇一生
25725826, 8.8, 286, 拉法：纳达尔自传
10439096, 8.0, 638, 出帆
01950993, 7.8, 812, 我的前半生
01451172, 8.5, 371, Just for Fun
04867187, 8.0, 624, 稻盛和夫自传
02377817, 9.7, 133, 明日吹く風のために……
01118819, 8.5, 352, 邓肯自传
04270905, 9.0, 223, 人生舞台
10742716, 8.9, 242, 忏悔录
01291076, 9.4, 161, West with the Night
01038102, 8.9, 239, 胡适口述自传
25827226, 8.2, 466, 11枚戒指：禅师菲尔·杰克逊自传
01205456, 8.0, 577, 未来之路
03040502, 9.5, 147, The Way I Am
27109207, 8.5, 337, 火与烬
01055522, 7.2, 1670, 亲历历史
34886337, 7.2, 1646, 平均分
06872019, 6.8, 3276, 黄瓜的黄 西瓜的西
24380332, 7.8, 711, 四十自述
01007918, 8.6, 297, 第一次世界大战回忆录（全五卷）
26980911, 8.3, 398, 在世界与我之间
06732278, 8.3, 396, 一江流过水悠悠
03123690, 7.9, 612, 旷野无人
03176245, 7.3, 1352, 无畏的希望
30312155, 8.2, 430, 尼安德特人
26290219, 9.2, 173, 我负丹青
06527608, 8.4, 345, 我这一辈子
01088062, 8.4, 344, 五体不满足
30459025, 7.9, 583, 一问一世界
24852833, 9.1, 180, 说吧，记忆
06084515, 8.5, 300, 叫我第一名
26324527, 8.3, 364, 富兰克林自传
30394798, 9.0, 192, 二十一岁以及我的余生
10603541, 8.5, 297, 洛克菲勒留给儿子的38封信
03335271, 7.0, 1975, 娜写年华
27074686, 8.6, 267, 我的世界观
03415676, 7.5, 912, 我父亲的梦想
33296292, 8.4, 322, 生命暗章
26790937, 9.0, 188, 我的回忆（第一册）
01049924, 7.5, 899, 大卫·贝克汉姆
01186753, 8.1, 432, 在不确定的世界
03241591, 8.4, 317, 苍茫时分
02014301, 8.4, 314, 富兰克林自传（中英文对照）
33450355, 8.0, 474, 是枝裕和
02981065, 7.9, 523, 自来水哲学
02979793, 9.0, 180, 我的美国之路
26733295, 8.6, 252, 永不后退
26420844, 8.1, 411, 玛丽莲·梦露：我的故事
01465863, 9.3, 141, 少年凱歌
20434904, 9.2, 151, 从文自传
24879731, 8.3, 328, 黑色的春天
03102299, 9.3, 139, Westlife - Our Story
06080028, 7.7, 630, 黑石的起点，我的顶点
02056380, 8.5, 265, 富兰克林自传
01019171, 8.5, 261, 词语
01079076, 8.6, 238, 激情岁月
01021456, 8.5, 260, 我怎样设计飞机
01039005, 9.0, 169, 倾听雅尼
26805246, 9.1, 156, 摇滚狂人
22196844, 8.4, 283, 我知道笼中鸟为何歌唱
25829661, 9.5, 116, 蒼い炎
04925193, 9.0, 167, 从文自传
01463195, 8.8, 196, Chronicles
34786491, 8.9, 180, What It Takes
26617182, 8.6, 229, 挑战不可能
01310187, 9.0, 163, 超越东西方
01986331, 8.5, 248, 获救之舌
04922599, 9.1, 150, 撒哈拉故事
26660670, 7.4, 840, 人生不怕从头再来
01395123, 8.0, 402, 乐者为王
01419544, 8.9, 172, 李光耀回憶錄1965～2000
01046615, 8.5, 241, 达利的秘密生活/一个天才的日记
28597532, 7.8, 486, 李敖自传
27128282, 9.0, 154, 心若菩提(增订本)
26827211, 7.5, 696, 小北野武
25910219, 7.7, 541, 追寻光与影的原点
05063028, 8.7, 195, 本杰明·富兰克林自传
01935722, 8.4, 254, 留德十年
26584050, 8.2, 308, 此生未完成（精装版）
03620497, 8.3, 279, 好小子-童年故事
26365150, 8.5, 231, 丰子恺自述
06954093, 8.9, 164, 追寻事实
11603979, 8.5, 229, 狱中记
04122948, 7.2, 1024, 咏远有李
02257462, 9.0, 150, 五十自述
20257127, 8.2, 303, 从小李到老李
26451389, 8.4, 247, 虔诚的回忆
03711441, 8.8, 173, 马丁·路德·金自传
25773535, 8.6, 203, 迈尔斯·戴维斯自传
03393534, 8.2, 293, 在股市大崩溃前抛出的人
04323894, 7.9, 399, 像野狗一样生存
26674220, 8.9, 156, 章开沅口述自传
04178326, 8.3, 262, 杰克·韦尔奇自传
01019155, 8.5, 216, 小沃森自传
01390073, 8.1, 316, 我的一个世纪
27127233, 9.0, 141, 杰拉德自传
11632947, 8.3, 255, 富兰克林自传
19967338, 7.8, 428, 孤独者之歌
26183838, 7.5, 593, 我想看到的世界
30125592, 9.0, 135, 发现的乐趣
21362933, 8.4, 222, 胡适四十自述
26684408, 8.2, 263, 宽客人生
30303600, 7.7, 448, 18
01226350, 8.8, 153, 柯林武德自传
01083600, 8.6, 180, 我在通用汽车的岁月
25551562, 7.4, 639, 李光耀回忆录
30400047, 9.1, 121, Can&#39;t Hurt Me
02051788, 8.4, 213, 流浪王妃
21331177, 8.3, 230, 我的前半生
01075022, 7.6, 481, 毕竟是书生
25708110, 7.8, 380, 钟罩
01075802, 8.1, 275, 天外有天
01190501, 8.3, 226, 启功口述历史
01144283, 8.3, 224, Virgin商业帝国
01441951, 8.4, 203, 我的生活与工作
03189964, 8.8, 144, 卓别林自传
06533174, 8.5, 184, 荣格自传
24325917, 8.5, 182, 我生有涯愿无尽
01062007, 8.0, 291, 富甲美国
26916869, 8.0, 290, 去他的戒律
01461160, 9.3, 98, Damien Rice
25928297, 7.1, 877, 我的简史
01038909, 8.5, 179, 马斯洛传
01351480, 6.8, 1381, 柏拉圖式性愛
03374558, 7.1, 861, 把妹达人
01047513, 8.0, 280, 天上的门
34464690, 8.4, 191, 大梦无疆
01204245, 8.3, 208, 老舍自传
01272879, 8.1, 250, 棋行天下
24700151, 7.5, 481, 街头智慧
25880779, 8.2, 222, 如果种子不死
01079774, 8.3, 197, 无尽的探索
26365980, 8.6, 148, 文字生涯
26574830, 8.4, 175, In Order to Live
01313421, 8.2, 209, 古德里安将军战争回忆录
01288871, 7.7, 349, 文德斯的旅程
30337269, 7.5, 437, 生于1981
01027818, 7.6, 385, 洛克菲勒回忆录
01435718, 8.4, 169, 亨利·福特自传
24876899, 8.8, 122, 顾维钧回忆录（全13册）
02250235, 8.5, 154, 边缘信使
01008072, 7.2, 620, 最好的幸福
01035758, 7.9, 269, 炅炅有神
01852906, 7.1, 711, 娜是一阵疯
04270025, 9.4, 78, 富兰克林自传
06507294, 7.9, 261, 盲人奥里翁
26963290, 9.3, 83, The Best We Could Do
01962896, 8.6, 137, 耳中火炬
01288321, 8.5, 148, 声音停止的那一天
01005975, 8.0, 233, 我生有涯愿无尽
24756837, 8.0, 233, 富兰克林自传
01024249, 8.2, 192, 番薯人的故事
24700116, 8.2, 192, 杰克.韦尔奇自传（纪念版）
10773963, 9.2, 87, Why Be Happy When You Could Be Normal?
26357115, 7.1, 664, 我永远的家
01059063, 8.4, 158, 钢铁大王卡内基自传
01958882, 8.1, 207, 此前此后
06967955, 8.3, 171, 天生是个审美的人
30152134, 7.7, 309, How to American
26334681, 9.0, 98, 我是谁人？
02342028, 8.3, 168, 收刀入鞘
01000317, 7.8, 269, 一个狗娘养的自白
01066934, 7.8, 269, 毛泽东自传
25843072, 8.0, 219, 导演小人书
25880784, 8.8, 110, 追寻普鲁斯特
26374180, 8.9, 102, 我十五岁，还不想死
01025135, 7.9, 238, 诺阿·诺阿
02183857, 8.3, 163, 狗娘养的战争-巴顿将军自传
26862163, 7.7, 293, 她他
03604958, 8.1, 194, 唐宁街岁月
04882124, 7.1, 607, 说谎的女人
02790545, 8.3, 161, Dreams from My Father
04251869, 7.5, 363, 中的精神
27068380, 8.1, 193, 重要的是音乐
01962897, 8.6, 125, 眼睛游戏
01033432, 7.0, 695, 我的世界我的梦
01400638, 8.7, 115, 智慧七柱
03900671, 8.6, 124, 自传性反思
06868806, 8.3, 158, 出版人
26952738, 8.4, 143, 奥威尔自述
01034459, 8.1, 186, 甘地自传
04898560, 8.1, 181, 勇者曼德拉自传
28551409, 8.1, 181, 人生的38个启示
03163550, 8.8, 101, 一个女人的自传
04810766, 8.5, 127, 重生
03076988, 8.4, 137, 童年·少年·青年
03590074, 9.5, 63, When the Air Hits Your Brain
26729408, 8.2, 162, 甘地自传
04744046, 8.4, 134, 趣味横生的时光
07004460, 9.0, 85, The Secret Piano
27601732, 8.3, 145, 科学迷宫里的顽童与大师
01811560, 8.7, 105, 梵高自传
01899815, 8.7, 105, 心灵裸舞
04262646, 8.1, 172, 杨宪益自传
10539808, 7.5, 319, 生活曾经这样
24704563, 8.9, 90, 思想的力量：智识之旅的非常规自传
30285335, 7.3, 403, 歪笑小说
26413804, 7.8, 224, 稻盛和夫自传
03020605, 7.7, 248, 经营未来
10809151, 7.7, 248, 失语者
01319111, 7.4, 344, 奥斯卡·王尔德自传
03152055, 8.1, 165, 我仍在苦苦跋涉
21778051, 7.8, 220, 半生记
01424824, 8.9, 87, 来自热带丛林的女孩
06728499, 8.0, 180, 人与事
30136424, 8.8, 93, 大自然的猎人
27075676, 8.1, 163, 我的生活
26840136, 8.7, 99, 惊悦
01011411, 8.2, 148, 信仰之旅
30257293, 8.7, 98, 我的最后叹息
01202334, 9.3, 65, 自传集
26892907, 8.5, 113, 曲终人不散
01015061, 8.7, 97, 抬头见喜
06810405, 7.5, 289, 歌舞伎町案内人
10569797, 7.8, 208, 争气
26797807, 7.8, 208, 给未来的记忆
01421030, 8.2, 141, 我的配音生涯
30235471, 8.5, 109, The Mamba Mentality
26960889, 7.3, 350, 成龙：还没长大就老了（修订版）
26785900, 6.4, 1349, 永不放弃
05920818, 7.2, 392, 从20万到30亿
27609751, 9.6, 52, The Choice
26700719, 8.0, 164, 洛克菲勒自传
34907898, 8.6, 99, 实验室女孩
26696461, 8.2, 136, 四十自述
01019356, 8.8, 85, 聂鲁达自传
33422843, 7.4, 300, 至暗时刻
10517689, 8.0, 161, 顾颉刚自传
01435058, 8.7, 90, 舞者之歌
03219361, 7.4, 292, 出版人
05351447, 8.1, 143, Me
01210675, 7.0, 480, 长翅膀的绵羊
04584749, 8.3, 120, 我的知识之路
25763705, 7.4, 289, 何处是归程
02132955, 8.8, 82, 艾柯卡自传
05397693, 8.2, 130, 我，只偷上流社会
25718095, 8.4, 110, 极北直驱
01056049, 8.6, 94, 漫话蔡志忠
25843717, 8.8, 81, 人生舞台
34441071, 7.7, 205, 混乱的猴子
01781231, 7.5, 251, 王蒙自传（第1部）
26901012, 9.3, 58, Walk Through Walls
05921141, 8.6, 92, 我生有涯愿无尽
27110882, 9.3, 57, Unstoppable
02334445, 8.5, 97, 李香兰—我的前半生
26899480, 8.5, 97, 富兰克林自传
02153226, 8.1, 134, 约翰·穆勒自传
01269911, 7.6, 215, 奇迹安琪拉
05446436, 8.5, 96, 禁地青春
06041470, 8.6, 88, 旅程
01076989, 7.7, 190, 我是迭戈
34867399, 7.4, 261, 我的改变
03071975, 8.4, 101, 童年的许诺
03797311, 8.5, 93, 居里夫人自传
02373393, 8.9, 70, My Life as a Quant
01320345, 8.3, 108, 舞者之歌
27003504, 9.5, 48, Fragile Lives
07001456, 7.8, 166, 西伯利亚训诫书
27094701, 8.1, 126, 朱江洪自传
30204697, 7.7, 181, 往事浮光
26850675, 8.0, 136, 我死过
26427184, 8.2, 114, 前沿故事（2015修订版）
34204559, 7.3, 276, Dear Girls
02137742, 7.1, 350, 我的故事——琼瑶自传
01084247, 8.3, 104, 孤独与追寻
30385572, 8.8, 71, 漩涡里
24295883, 7.7, 172, 时局的生意
03675517, 8.1, 118, 居里夫人自传
27107270, 7.6, 188, 致所有疯狂的家伙
20458096, 8.7, 74, 西潮
26702712, 8.0, 127, Hunger
01491087, 8.1, 116, 我的奋斗
25897679, 8.9, 64, 童年 在人间 我的大学
26967861, 8.4, 91, 八十自述
27025727, 8.1, 115, 猫鼠游戏
19950615, 7.5, 203, 此生名为李香兰
10539814, 7.6, 181, 未剪辑的沙克
26839669, 9.0, 59, 钨舅舅
34432671, 8.8, 67, 胡适四十自述
01756829, 8.5, 82, Bloomberg by Bloomberg
01840759, 7.3, 246, 我的一生
34429983, 6.7, 539, 蒂姆·库克传
26586041, 7.9, 133, IBM帝国缔造者：小沃森自传
06025651, 9.0, 58, 约翰·牛顿自传
26314134, 8.3, 94, 人与事
34994064, 8.3, 94, 这辈子
01747695, 7.1, 307, 岩崎峰子：真正的艺伎回忆录
02136953, 8.1, 110, 汪洋中的一条船
26434982, 8.1, 110, The Girl with Seven Names
01954926, 8.9, 61, White Tiger
06969093, 7.3, 240, 赎罪
30312510, 6.1, 1480, 深度思考
01223795, 7.7, 156, 为书籍的一生
27124888, 8.5, 79, 全思考
19971552, 7.9, 128, 让爱先行
26712741, 8.0, 117, 留德十年
30477638, 9.7, 38, 生活的故事
03082973, 7.6, 169, 大卫·奥格威自传
02221199, 8.7, 68, 我的自传
26677130, 6.9, 382, 弗兰克尔自传
26930659, 8.4, 84, 可以哭，别认输
33463955, 8.8, 63, 《我的故事：雪与火交织的人生》增订版
28394265, 8.7, 66, 爸爸，我们去哪儿？
01417960, 8.6, 70, The Long Hard Road Out of Hell
26451609, 8.1, 102, 霍布斯鲍姆自传
27152855, 8.2, 94, 说故事的人
34782539, 7.7, 145, 艾迪的告别
34902178, 7.8, 132, 华为灰度管理法
30389952, 8.7, 64, 走出非洲
20365862, 8.0, 108, 士兵系列004:士兵
10513999, 7.3, 213, 没有不散的宴席
26265843, 8.4, 78, 我的疯狂世纪
24859871, 9.4, 41, 正常就好，何必快樂？
34982529, 8.5, 71, Apropos of Nothing
27040689, 8.4, 76, 嘿！曼巴
01274409, 8.0, 103, 福泽谕吉自传
04798164, 8.4, 75, 箫声剑影
24872226, 7.3, 201, 躁郁之心
01189563, 8.2, 87, 歌德自传
01387811, 9.2, 44, Memories
03196528, 7.8, 118, 刀锋上的舞蹈
33377948, 7.8, 118, 我是怎样设计飞机的
01365464, 8.6, 63, Youth
03679264, 8.2, 84, I Know Why the Caged Bird Sings
04208774, 8.1, 90, 伤残的树
24845286, 7.2, 209, 28岁赚千万
10540585, 8.6, 61, 思想者
11613780, 8.6, 61, 天上掉下个林妹妹
03088414, 7.7, 124, 毛泽东自传
34867517, 7.7, 124, 好吃的悲伤：怎样靠自己战胜抑郁症？
30164652, 8.3, 75, 我的一生
01032319, 7.1, 231, 我的故事
19977957, 7.7, 121, 终结者
01421588, 7.3, 176, 屠夫看世界
03824741, 8.2, 76, 毛澤東時代的最後舞者
01137172, 8.2, 75, 忏悔录
25800080, 8.3, 69, 我的路
03885143, 9.3, 37, 思想的力量：學術探索之旅的另類自傳
25741684, 7.1, 208, 惊鸿一瞥
01155602, 9.1, 41, 天高歌长
01041174, 8.0, 86, 我的诗词道路
03567547, 7.9, 92, 谁在强迫我的人生
26278599, 8.3, 67, 从田湖出发去找李白
02253027, 8.7, 51, Agatha Christie
25876364, 7.9, 91, 无上荣耀
25880351, 7.7, 108, #GIRLBOSS
02974398, 8.6, 54, 钢铁大王卡内基自传
26266842, 7.7, 107, 赵元任早年自传
03126381, 9.7, 29, 一位数学家的经历
26806680, 7.6, 116, 丘吉尔自传 ——我的早年生活
24876111, 7.5, 127, 逃避之路
06781805, 8.1, 75, 安徒生自传
03746259, 7.9, 88, 汽车和我
34432668, 8.7, 49, 胡适19堂文学课
26637763, 7.9, 87, 获救之舌
03205416, 8.6, 52, 伽莫夫自传
03163939, 8.5, 55, 永活的信心
26374967, 8.5, 55, 李敖風流自傳
26980502, 8.0, 79, 街角的奇迹
01310113, 8.3, 63, 我的情报与外交生涯
27137043, 7.0, 207, 迭代2.4
01067434, 7.8, 92, 超越自我
02126561, 6.9, 224, 行棋无悔
01743230, 7.5, 117, 我的天地  贝克汉姆自传
34933154, 8.9, 41, 音樂使人自由（暢銷經典版）
20416707, 6.9, 221, 优雅与权势
34894047, 7.8, 88, 亚洲家族物语
03813386, 7.1, 172, 你我之间
26755681, 8.3, 59, 道草
34970403, 8.3, 59, 旧巢痕
26282438, 8.9, 40, 《季羡林自传（典藏本）》
26354651, 9.5, 29, Words Without Music
01102774, 7.5, 111, 曼哈顿的中国女人
26393727, 7.0, 182, 女孩老板
01122659, 7.8, 82, 童年/在人间/我的大学
02332787, 8.3, 56, 季羡林自传
27185289, 9.5, 28, The Push: A Climber&#39;s Journey of Endurance
03448536, 7.3, 128, 青楼恨
26283926, 8.2, 59, 《我传》
27025021, 8.1, 63, Trump
04151211, 7.5, 103, 天地一书生
30407117, 7.5, 103, 安徒生自传：我的童话人生
03756525, 7.6, 94, 解码生命
01806760, 9.6, 26, The Autobiography of Bertrand Russell
30221771, 8.8, 39, 假面的告白
26789833, 8.7, 41, 我的疯狂世纪（第二部）
30476900, 8.7, 41, 就活一次
25820232, 7.7, 83, 我的妓女生涯
03108284, 8.5, 46, 尋樂記
35034176, 8.6, 43, 钻石与铁锈
06310990, 9.3, 29, 沈宗瀚自述（全三册）
01035514, 7.9, 69, 信息就是信息
04214297, 8.4, 48, 试镜人生：芭芭拉
26813543, 8.4, 48, 这孤独世界，幸好有你
03041534, 8.9, 35, 黑孩子
01039376, 7.1, 140, 午夜日记
30126927, 7.9, 67, 成人之年
02068735, 7.4, 101, 王蒙自传（第2部）
30259336, 8.4, 46, 安妮在工作
03025425, 7.6, 83, 王映霞自传
01982435, 7.8, 70, 胡适自传
26645298, 8.4, 45, 宇宙波澜——科技与人类前途的自省
33394985, 7.7, 75, 剩饭
03523039, 8.1, 55, 朱东润自传
02972126, 6.7, 209, 影中漫步
03039154, 8.9, 33, 我的故事
01469823, 8.6, 39, 我的生平和我的影片
10955313, 8.6, 39, 胡适英文口述自传
24869530, 9.2, 28, 一往无前
34970718, 9.2, 28, 岁月与性情
26895273, 9.0, 31, 从文自传
25841853, 7.7, 73, 达利自传
01094729, 7.9, 62, 甘地自传（第3版）
05921663, 7.5, 86, 聂卫平
35097551, 7.3, 103, 人生由我
01585635, 9.5, 24, 六次危机
06990105, 7.7, 72, 毛泽东自传
03869387, 8.0, 57, Miles to Go
24872383, 8.1, 53, My Brief History
04258893, 7.5, 85, 百年金山
26801425, 8.2, 49, 我的财富观：安德鲁·卡内基自传
26655592, 7.6, 77, 红:内维尔自传
35009952, 5.8, 817, 娜是光照亮的地方
26747305, 8.2, 48, 瞧！这个人
01039547, 8.3, 44, 一颗找回自我的心
01074805, 8.0, 54, 我有两个祖国
27073429, 8.6, 36, 荒野求生：贝尔自传
26889889, 9.2, 26, My Turn
01275514, 7.5, 77, 我是谁-成龙自述
01138766, 7.8, 60, 托洛茨基自传
03560658, 8.6, 35, 兩個人
26892908, 8.1, 48, 我的哈佛岁月
01069403, 7.9, 55, 把一切献给党
27096134, 8.0, 51, 一个人的外贸江湖
26379507, 8.3, 41, On the Move
26787299, 7.4, 80, 忏悔录
11594170, 8.1, 46, 马克·吐温自传（第1卷）
10576301, 8.8, 30, 阿瑟·米勒自传
25984213, 8.8, 30, 季羡林自传
02006445, 7.6, 66, 艾森豪威尔·传
26388180, 8.4, 37, 本色
33440544, 6.8, 141, 我的前半生
26681684, 8.3, 39, 让木乃伊跳舞(新版)
04792501, 9.1, 25, 英格丽·褒曼传
06121207, 7.8, 54, 支撑
26637765, 8.3, 38, 眼睛游戏
26797806, 7.4, 73, 周一良：毕竟是书生
01582820, 9.2, 23, 三松堂全集
04102317, 7.1, 95, 麦当劳之父的创业冒险
34464694, 8.1, 42, 自深深处
01468099, 7.2, 85, Chinese Cinderella
25892650, 7.6, 59, 孤独的幸存者Ⅱ
24716165, 8.3, 36, 胡适自传
34914045, 9.3, 21, 我坦言我曾历尽沧桑
25913611, 7.1, 88, 奔跑的力量
26220732, 8.2, 37, 罗素自传（第一卷）
03617400, 8.1, 39, 身上的事
24152681, 6.9, 105, 自由与宽恕
30187930, 8.4, 32, 约翰·惠勒自传
26971294, 7.0, 94, 一路向前（珍藏版）
03266376, 7.8, 47, 在中国二十五年
04010201, 7.8, 47, 我的履历书
24854921, 9.0, 23, 改变命运
02008104, 7.5, 58, 蒋碧微回忆录
03197819, 7.1, 82, 莱温斯基自传
02140730, 9.5, 18, Straight Face
01169371, 8.1, 37, 蔡元培自述
27096430, 8.1, 37, 你拿什么定义自己？
05981842, 8.7, 26, MOONWALK 月球漫步
01409540, 7.1, 80, 在出版界二十年
01061925, 7.6, 52, 世纪炒股赢家
04745550, 9.2, 20, 原子物理学的发展和社会
01799588, 8.1, 36, 先站住再站高
03171408, 8.8, 24, 汽车大王
01438391, 7.7, 47, 潮平岸闊--高錕自述
01020063, 8.0, 38, 歌德自传
27074575, 8.5, 28, 尼尔！尼尔！橘子皮！
06967363, 7.0, 85, 萧红自传
06120862, 7.3, 64, 弗洛伊德自传
26948153, 7.3, 64, 随遇而安
02378467, 7.5, 54, 致命的百合花
19977976, 7.8, 43, 恍如来者
34988043, 9.5, 17, 天堂十字路口
27130719, 8.5, 27, 从农场到白宫：卡特自传
27026335, 8.4, 28, 时间与河流
25881545, 7.5, 51, 童年
27098763, 6.1, 225, What Happened
01032385, 7.0, 76, 走出女儿国
27203057, 8.7, 23, 我与兰登书屋：贝内特·瑟夫回忆录
01277311, 7.8, 39, 自白录
21357184, 9.5, 16, 呼兰河传
25928905, 9.5, 16, My Struggle
26577101, 7.2, 62, 旧梦与远山
30207287, 8.6, 24, 美在天真：新凤霞自述
26359367, 7.9, 36, 一生
30372259, 8.3, 28, 十年颠沛一顽童
10748755, 7.6, 44, 华尔街狂人日记
26826937, 8.0, 33, 施蒂格勒自传
30187854, 7.9, 35, 富兰克林自传
01022349, 8.8, 21, 我的“现代”生涯--郑周永回忆录
20506182, 8.7, 22, 启功自传
04746483, 9.2, 17, The Map of My Life
01841760, 7.5, 44, 撒切尔夫人回忆录
26419845, 7.7, 38, 我的歧路——胡适自述
04882059, 7.9, 33, 困学纪程
01084240, 8.5, 23, 老虎机与破试管
05952481, 8.4, 24, 银海泛舟
25818626, 8.0, 30, 杰斐逊自传
26907226, 7.0, 63, Unfiltered: No Shame
01143739, 7.7, 36, 白色玛塞
30247004, 7.1, 56, 老舍自传
03336524, 9.5, 14, Who Am I:An Autobiography Of Emotion
01856506, 9.0, 17, Long Walk to Freedom
30252141, 9.0, 17, The Sun Does Shine
30373934, 9.3, 15, 成為這樣的我
27023272, 8.0, 28, 趋光运动
01084680, 7.2, 49, 三星总裁李健熙
34942849, 8.6, 20, 织巢
30421220, 8.7, 19, 巴尼·罗塞特：我的出版人生
01758787, 8.4, 22, 最特别的爱
01669811, 8.2, 23, 政治沧桑六十年
04867841, 7.7, 31, 忆
27612935, 7.3, 41, 赵元任早年自传
21323121, 8.1, 24, 自由成长
26981106, 7.0, 52, 梦与真
04882517, 8.9, 16, 邓肯自传
26675405, 7.3, 40, 跑步教我的王者风范
01950073, 9.4, 13, 孩子
34994992, 9.2, 14, 建筑家安藤忠雄
30465597, 8.7, 17, 高尔基自传三部曲
06041768, 8.0, 24, 我与我的世界  浮过了生命海（上下）
27616689, 9.3, 13, Robert Kuok
26870018, 8.3, 20, 自恋回忆录
01508198, 8.0, 23, 卢卡奇自传
02969833, 8.0, 23, 昔日神童
02159273, 7.8, 25, 里根回忆录
30185336, 7.7, 26, 一意孤行：李杨自述
06735592, 6.2, 96, 问丹心
30267785, 7.8, 24, 统计学大师之路
01049197, 7.4, 31, 提前撰写的自传
06538265, 8.0, 21, 我是我的平衡女王
01322290, 7.9, 22, 家永三郎自传
05974117, 9.0, 13, 马克·吐温自传
01420860, 7.5, 28, 地狱之门
06963577, 7.6, 26, 相性
33372555, 8.2, 18, 全球使命
26604323, 7.7, 23, 荣格传
27059438, 8.0, 19, 生活与我
33455829, 7.3, 29, 人在江湖
27089908, 8.8, 13, How to Build a Car
34464683, 6.6, 51, 真实的莉莉
01278752, 7.3, 28, 我叫新凤霞
24635632, 7.9, 19, Ghost Boy
26589424, 8.0, 18, 镜中瑕疵
26612373, 5.5, 198, 用时间换天分 越努力越幸运
33423188, 8.3, 15, 垃圾場長大的自學人生
30481043, 7.2, 28, Over the Top
30489167, 9.0, 11, 可爱的中国
30487086, 8.1, 16, 大江健三郎口述自传
30444048, 6.6, 44, 不敢懈怠
34792640, 7.5, 22, 我的前半生
04778397, 7.2, 26, 务实求理（上下）
34845737, 7.7, 19, The Undying
01825642, 7.0, 30, 往事如烟
30263566, 8.1, 15, 我生来与众不同
04117501, 8.4, 13, 伊朗公主回忆录
27095440, 8.8, 11, 宇航员地球生活指南
24745660, 6.4, 48, 天生喜剧狂
26747722, 8.2, 14, Sam Walton
05917252, 6.9, 30, 在大学与田野间
26948851, 8.0, 15, 此生如鴿
03071795, 7.1, 25, 乔治·布什自传
06886333, 7.7, 17, 我的成名与不幸
26953138, 6.7, 32, 风雨平生
01038794, 6.5, 38, 成为夏娃的亚当（含CD）
03797615, 6.6, 34, 玛莎·斯图尔特传
10565719, 7.6, 17, 巴西崛起
30749561, 8.4, 11, 呼兰河传（教育部统编《语文》推荐阅读丛书 人民文学出版社）
02371096, 8.0, 13, 道格拉斯自述
07065492, 6.6, 30, 我为评书生
01278626, 8.3, 11, 路程
05347859, 7.7, 14, 我跟随溥仪二十年
30149308, 5.8, 61, 习惯就好
10766617, 7.8, 12, 亨利.福特自传
26022196, 7.6, 13, 大幕拉开
10774407, 4.5, 646, 娜么快乐
26076995, 6.9, 18, Neil Patrick Harris: Choose Your Own Autobiography
34939795, 7.8, 11, 在我和樱桃树之间
25831975, 8.0, 10, 我与我的世界
01423412, 7.0, 16, 纵有千人倒下
02382066, 6.5, 22, 拿破仑情书集
01983101, 6.9, 16, 富兰克林自传
04170841, 6.5, 21, 19岁的微热
27012136, 6.8, 16, Bonjour
26816673, 7.2, 11, 马克吐温自传
34846486, 5.3, 50, 我是怎么割韭菜的
25834279, 6.2, 18, 莱温斯基自白录
01440645, 0.0, 10, 卢梭自传
24844073, 0.0, 10, 找回无条件的爱
01355115, 0.0, 11, Unended Quest
03398448, 0.0, 12, 我的一生与《纽约时报》
05329597, 0.0, 14, 袁隆平口述自传
26271590, 0.0, 14, 后街男孩尼克·卡特自传
25795248, 0.0, 18, 九天揽月
01017730, 0.0, 20, 茅盾自传
20503860, 0.0, 21, 臻品人生
33439322, 0.0, 25, 美国第一夫人回忆录
