2020-07-05 16:00:15

number of books, tag name
49, 自我分析

ID, rating, votes, title
04011670, 8.3, 189117, 人间失格
01045818, 8.5, 105807, 苏菲的世界
01775691, 8.4, 81347, 少有人走的路
01865089, 8.4, 51684, 瓦尔登湖
24380577, 9.1, 15740, 平凡的世界
02340100, 8.0, 73641, 遇见未知的自己
01322025, 8.7, 13301, 卓有成效的管理者
04180711, 8.2, 16363, 拖延心理学
01201821, 8.0, 16722, 梦的解析
01079252, 8.2, 10490, 爱情笔记
03002878, 8.7, 3599, 优势谈判
24749465, 7.4, 31525, 断舍离
06744767, 8.9, 1987, 我们内心的冲突
26761696, 7.5, 16127, 精进
04741216, 7.3, 23095, 我的奋斗
02376506, 8.9, 1867, 生命的轨迹
01859649, 8.1, 4595, 生命的不可思议
01051097, 8.7, 1354, 我们时代的神经症人格
01316093, 8.2, 2536, 超越自卑
04934733, 8.1, 2617, 真实的幸福
02282946, 7.8, 3721, 直面内心的恐惧
01445558, 8.8, 670, 物种起源
02054246, 8.0, 1526, 你的误区
26909546, 7.6, 2124, 我们内心的冲突
02340059, 7.6, 1987, 心理控制术
03016336, 8.4, 695, 我们为什么不说话
02893591, 8.5, 623, King
01292428, 8.5, 545, 神经症与人的成长
06861142, 8.2, 644, 心灵的面具
01053711, 8.4, 488, 自我分析
01315575, 8.3, 483, 找寻逝去的自我
01257434, 7.8, 827, 马斯洛人本哲学
01316723, 8.3, 341, 日常生活的精神病理学
02265354, 9.0, 180, 神经症与人的成长
03196067, 8.3, 312, 還我本來面目
26770312, 8.5, 178, 自我分析
01911655, 8.2, 202, 无辜的挣扎
02193673, 8.1, 211, 心理和脑
01395497, 8.5, 145, Mind Hacks
26943380, 8.3, 161, 自我分析纲要
04100363, 8.5, 100, 人类和动物的表情
03683002, 8.4, 100, 生物心理学漫画笔记
11604607, 7.9, 153, 自我分析纲要
30228928, 8.6, 85, 自我解释学的起源
10537773, 7.6, 189, 良知泯灭
01228284, 7.4, 130, 别太苛求
01054775, 8.1, 50, 由此，踏上成功之路
01310069, 0.0, 12, 自我分析
01140662, 0.0, 14, 找准自己的位置
