2020-07-05 16:00:15

number of books, tag name
719, 自我完善

ID, rating, votes, title
01770782, 8.9, 647955, 追风筝的人
20427187, 8.8, 276238, 看见
33440205, 8.9, 60962, 你当像鸟飞往你的山
03608208, 8.5, 120392, 牧羊少年奇幻之旅
01775691, 8.4, 81347, 少有人走的路
01012611, 8.2, 98211, 乌合之众
01013208, 8.4, 63346, 如何阅读一本书
03410718, 9.2, 16165, 美的历程
03026879, 8.8, 28936, 爱的艺术
01786387, 8.6, 39608, 影响力
03369600, 8.2, 78465, 当我谈跑步时我谈些什么
01033778, 8.3, 58355, 富爸爸，穷爸爸
24934182, 8.1, 68612, 一个人的朝圣
03533221, 8.4, 35536, 非暴力沟通
03609132, 8.4, 35481, 把时间当作朋友
02340100, 8.0, 73641, 遇见未知的自己
10786473, 8.2, 45627, 自控力
04124727, 8.1, 51465, 孤独六讲
27608239, 8.4, 22261, 原则
01322025, 8.7, 13301, 卓有成效的管理者
06709809, 8.4, 14209, 暗时间
01292409, 9.1, 5025, 人生的智慧
05287474, 8.7, 8597, 影响力
03291111, 8.5, 11107, 富爸爸穷爸爸
04929844, 8.3, 13251, 怪诞行为学
03158482, 8.9, 5419, 新世界
01005576, 8.9, 5249, 影响力
10785583, 8.2, 13620, 思考，快与慢
05940553, 8.8, 5232, 当尼采哭泣
05991872, 8.9, 4464, 爱的艺术
24753751, 8.1, 14703, 向前一步
20376604, 9.1, 3409, 源泉
01045716, 8.7, 5607, 人生中不可不想的事
34836531, 8.8, 4254, 了不起的我
01005193, 8.6, 5527, 重新认识你自己
03748247, 8.3, 8213, 把你的英语用起来！
02277299, 8.4, 6924, 当下的力量
27094706, 8.7, 4183, 财富自由之路
25749845, 8.4, 6279, 把时间当作朋友（第3版）
26895993, 7.9, 13601, 刻意练习
03834938, 8.3, 6915, 与神对话（第一卷）
20453024, 8.7, 3688, 不要因为走得太远而忘记为什么出发
03002878, 8.7, 3599, 优势谈判
24749465, 7.4, 31525, 断舍离
05317075, 7.1, 57684, 蔡康永的说话之道
01491153, 8.7, 3349, 曾国藩家书
25735727, 8.2, 6552, 站在两个世界的边缘
20507212, 8.0, 8158, 习惯的力量
01020644, 8.1, 6844, 金字塔原理
30379527, 8.9, 2241, 世界观（原书第2版）
01135734, 8.6, 3257, 追寻生命的意义
05921213, 8.4, 4250, MBA教不了的创富课
02345548, 8.2, 5628, 学习之道（第2版）
01161817, 8.6, 3113, 洛克菲勒留给儿子的38封信
20384337, 8.3, 4498, Lean In
04051739, 8.7, 2601, 第五项修炼
05171244, 8.5, 3336, 把时间当作朋友
10586741, 8.3, 4375, 关键对话
26286031, 9.3, 1274, 心理学与生活（第19版）
27025715, 7.8, 9522, 永恒的边缘
26817324, 8.7, 2464, 傅雷家书
22994632, 8.9, 1928, 成功，动机与目标
03688489, 7.7, 10997, 异类
03800022, 8.2, 4495, 活出全新的自己
01045862, 8.4, 3179, 第五项修炼
25985683, 7.7, 9328, 人性的弱点
34326931, 8.6, 2414, 掌控习惯
01837006, 8.0, 5441, 人性的弱点
01077129, 8.5, 2528, 一生的学习
02372450, 8.7, 1929, 改变，从心开始
27056409, 7.7, 8058, 深度工作
20492550, 7.7, 8029, 清醒思考的艺术
01059769, 8.0, 4900, 从优秀到卓越
01083403, 7.8, 6725, 世界上最伟大的推销员
01927902, 7.6, 8572, 九型人格
02307720, 8.3, 2741, 幸福的方法
04898627, 8.4, 2381, 禅者的初心
03035600, 8.4, 2212, 心灵的七种兵器
26877306, 7.7, 6188, 微习惯
06052834, 8.0, 3799, 亲密关系
20480823, 8.2, 2744, 幸福的方法
21966353, 7.6, 6794, 贫穷的本质
11528220, 8.3, 2259, 系统之美
26952718, 7.7, 5486, 好好学习
26789567, 7.3, 11193, 如何有效阅读一本书
03006742, 8.6, 1521, 改变
01316093, 8.2, 2536, 超越自卑
03644095, 7.9, 3806, 越读者
05372651, 8.4, 1880, 程序员的思维修炼
25858068, 7.4, 8627, 100个基本
27154533, 7.6, 5879, 终身成长
26799348, 8.1, 2682, 演讲的力量
01788302, 8.4, 1756, 重塑心灵
04934733, 8.1, 2617, 真实的幸福
02980795, 7.7, 4725, 内向者优势
04934590, 8.3, 1909, 活出最乐观的自己
30232128, 8.4, 1663, Becoming
20434430, 8.0, 2834, 你要如何衡量你的人生
03798420, 9.0, 803, The Road Less Traveled
19955069, 7.8, 3459, 遇见未知的自己
26936065, 8.1, 2124, 请停止无效努力
11589950, 7.7, 3748, 沃顿商学院最受欢迎的谈判课
06966843, 7.8, 3198, 重遇未知的自己
01436707, 7.5, 5178, 如何掌控自己的时间和生活
04010185, 8.0, 2353, 哪来的天才？
24083865, 7.7, 3435, 女人明白要趁早之三观易碎
27023900, 7.4, 5640, 睡眠革命
07001106, 7.4, 5359, 时间管理
11601993, 8.1, 1802, 安静
04062809, 8.7, 866, 改善情绪的正念疗法
26605978, 8.2, 1545, 超越智商
04929897, 7.6, 3509, 情商
07043452, 8.9, 663, The Willpower Instinct
02133074, 7.0, 10207, 20几岁，决定女人的一生
02119843, 6.8, 15342, 钝感力
26807400, 8.5, 977, 成功心理学
26606009, 7.7, 2754, 精力管理
04903266, 8.3, 1208, 超越感觉
26771587, 8.0, 1738, 坚持，一种可以养成的习惯
03234164, 8.9, 606, 曾国藩家书
24739109, 7.7, 2617, 奇特的一生
04812799, 8.9, 598, 认识佛教
20260640, 8.1, 1471, 象与骑象人
21359609, 8.3, 1139, 高效演讲
26948148, 7.0, 8653, 好好说话
01984347, 8.2, 1281, Power Sleep
01979199, 8.3, 1128, 批判性思维
04898535, 8.4, 983, 来一点信仰
23044177, 7.9, 1825, 挺住，意味着一切
04165838, 7.9, 1799, 接纳不完美的自己
26990918, 7.7, 2391, 一本小小的红色写作书
06507262, 7.4, 3755, 如何让你爱的人爱上你
02054246, 8.0, 1526, 你的误区
01082601, 7.5, 3159, 羊皮卷
26663916, 8.0, 1518, 沟通圣经
25917140, 7.1, 6153, 不要让未来的你，讨厌现在的自己
26606002, 7.9, 1683, 恰如其分的自尊
06896459, 8.4, 894, Quiet
26590889, 8.0, 1448, 情绪急救
01417379, 8.4, 881, How To Win Friends And Influence People
06807767, 8.4, 877, 拥抱你的内在小孩
10431236, 8.3, 978, The Power of Habit
02984241, 8.7, 612, 思维改变生活
01879497, 8.5, 756, 新家庭如何塑造人
25857378, 8.5, 744, 一个人住第5年
06989823, 8.8, 525, The Defining Decade
24878420, 7.7, 1945, 明智行动的艺术
03007652, 9.4, 299, 老子
27102701, 7.9, 1446, 另一种选择
24745639, 7.6, 2149, 麦肯锡教我的写作武器
26260187, 7.6, 2131, 零秒思考
01491590, 7.9, 1381, 人性的优点
06064502, 7.9, 1360, 超级快速阅读
26319626, 8.2, 927, 向前一步
03149514, 8.0, 1153, 战胜拖拉
06061658, 8.7, 519, 幸福超越完美
03654465, 7.6, 1998, 少有人走的路Ⅲ
02340059, 7.6, 1987, 心理控制术
03744041, 7.1, 4523, 晨间日记的奇迹
01019959, 7.8, 1481, 精力管理
05336008, 8.2, 869, 瞬变
06957796, 8.4, 675, 爱得太多的女人
06789999, 7.7, 1597, 拆掉思维里的墙
27047949, 8.4, 660, 学习之道
26989781, 8.0, 1046, 自卑与超越(完整全译本)
01769449, 8.4, 652, Never Eat Alone
02970296, 8.1, 887, 情绪的解析
26648290, 8.7, 457, 酸痛拉筋解剖书
26275063, 8.5, 556, 活得明白
01021977, 7.7, 1454, 思考致富
27115000, 7.8, 1263, 高效能阅读
04330526, 8.4, 596, 幻想即现实
21364188, 7.2, 3040, 书都不会读，你还想成功
04630664, 7.2, 2779, 你的知识需要管理
02145946, 8.5, 496, 萨提亚家庭治疗模式
04229525, 7.3, 2308, 筆記女王的手帳活用術
26733302, 7.6, 1442, 自控力：和压力做朋友
26911425, 7.7, 1249, 练习的心态
11509401, 6.9, 4367, 正能量
20493042, 7.3, 2161, 这样读书就够了
03822285, 8.6, 416, 自我导向行为
26779688, 8.0, 798, 做出好决定
01128313, 8.6, 409, 个人的管理
24838618, 8.7, 367, 反脆弱
26838695, 7.8, 1000, 12个工作的基本
06510688, 8.0, 775, 看见成长的自己
04249313, 7.6, 1289, 活在当下
10815590, 6.9, 3946, 优雅
25948154, 7.5, 1433, 扛得住，世界就是你的
26362975, 7.8, 938, 藏在这世间的美好
04909716, 7.4, 1595, 谁说这辈子只能这样
06438009, 8.2, 560, 少有人走的路2
01254463, 8.0, 703, 人性的优点
10796954, 7.7, 1022, 商业模式新生代（个人篇）
26612363, 8.0, 692, 每当我找到生命的意义，它就又变了
06515939, 6.8, 4264, 世界如此险恶，你要内心强大
34863179, 7.9, 767, 好好思考
01964883, 7.5, 1298, 为什么幸运的人总幸运倒霉的人老倒霉
10788371, 6.9, 3371, 清单革命
30218863, 7.4, 1442, 高山上的小邮局
26576527, 9.0, 240, 我弥留之际
25985499, 7.6, 1071, 这一生，静待时光检验
01839608, 9.3, 186, 我就是喜欢我
26992478, 8.3, 456, 《穷查理宝典》（珍藏版）
07155725, 8.5, 362, How Will You Measure Your Life?
24318966, 8.1, 548, 我在哈佛的最后一堂课
24297906, 6.6, 5491, 不畏将来 不念过去
26656779, 7.0, 2552, 当你的才华还撑不起你的梦想时
05291811, 7.5, 1136, 认识自己，接纳自己
02252637, 7.9, 663, 诱惑的艺术
06077688, 6.8, 3360, 别告诉我你会记笔记
26708403, 9.4, 157, 大圆满前行
26774616, 8.3, 408, 你就是答案（情怀版）
25660015, 6.7, 3918, 以自己喜欢的方式过一生
25712697, 7.3, 1375, 一个自己的房间
26293220, 7.6, 894, 像TED一样演讲
01911166, 8.2, 431, 活出自己
01001737, 7.9, 592, 失败的逻辑
26782094, 7.7, 737, 解决冲突的关键技巧
01803968, 9.0, 193, 你的误区
10603541, 8.5, 297, 洛克菲勒留给儿子的38封信
05390793, 9.3, 152, 艾扬格瑜伽
01263921, 7.2, 1428, 你的形象价值百万
26262143, 7.7, 707, 女人明白要趁早之米字路口问答
06395281, 6.8, 2758, FBI教你读心术
05934941, 9.0, 188, Succeed
30209866, 7.4, 1020, 每一天梦想练习
01103252, 8.2, 384, 你有几个灵魂
30206819, 7.3, 1165, 会赚钱的妈妈
26853123, 7.0, 1820, 深阅读
22233895, 7.1, 1519, 用男人的思维跟男人谈恋爱
25823805, 8.9, 191, 缠解论语
04826033, 7.9, 503, 全力以赴
25925226, 8.0, 448, 强势
26099295, 7.6, 720, 番茄工作法图解
03815992, 6.8, 2440, 白骨精学习法
01319820, 7.1, 1450, 大脑使用说明书
26642422, 8.4, 291, 自我发现与重塑
34978358, 9.0, 172, 余下只有噪音
26281301, 7.9, 488, 和繁重的工作一起修行
01037056, 8.1, 391, 唤起心中的巨人
24872319, 7.8, 546, 理性的非理性
24713564, 7.7, 612, 不要和鲨鱼接吻，但要和勇敢一起睡觉
26315075, 7.1, 1409, 岛屿来信
34815766, 7.2, 1191, 内向高敏者
01800637, 8.0, 424, 我的人生感悟
01076574, 8.4, 281, 激发无限的潜力
26827314, 7.5, 771, 逆向管理
06990052, 7.6, 652, 哈佛幸福课
06852021, 7.7, 569, 与内心的小孩对话
26838147, 8.9, 172, 给创业小白的财报书
03513006, 7.8, 493, 失落的致富经典
27055728, 6.8, 1995, 如何成为一个有趣的人
04852100, 9.3, 122, 认识辩论
26870352, 7.4, 773, 内向性格的竞争力
27139971, 7.5, 672, 高难度对话：如何与挑剔的人愉快相处
03852697, 7.5, 659, 少的力量
03039668, 8.2, 285, 真北
03921761, 7.9, 381, 心理强大之路
26591077, 7.4, 679, 销售就是要玩转情商：99%的人都不知道的销售软技巧
26424544, 8.4, 224, 重塑心灵（升级版）
34845754, 7.7, 447, 精准努力：刘媛媛的逆袭课
30267664, 7.5, 555, 深度思维
26657426, 8.4, 210, 高效能人士的7个习惯（人际关系篇）
30320071, 8.9, 138, 关系的重建
25985811, 7.7, 426, 非暴力沟通实践篇
25881693, 7.3, 705, 少有人走的路3
01253894, 7.0, 1062, 习惯的力量
03640005, 8.5, 186, 全然接受
26425651, 6.1, 5977, 你只是看起来很努力
03065481, 8.8, 143, 路西法效應
33452604, 7.3, 674, 当你又忙又美，何惧患得患失
24298931, 7.0, 1011, 专注力
26673009, 7.8, 354, 为什么你总是害怕来不及
23696863, 9.2, 102, 别永远伤在童年
04323622, 7.5, 488, 向宇宙下订单
26699117, 7.6, 426, 自律力
30204170, 8.1, 247, 孤独是种大自在
24700106, 7.8, 337, 硅谷最受欢迎的情商课
26427528, 6.7, 1513, 运动饮食1︰9
30253066, 6.7, 1508, 洋葱阅读法
26944900, 7.3, 598, 零秒工作
26740257, 7.7, 365, 内在革命：一本关于成长的书
10748911, 8.2, 216, 读大学  究竟读什么（上）
05325861, 6.3, 3147, 气场
03371165, 7.1, 774, 吃掉那只青蛙
22492088, 7.6, 403, 自我营销七堂课
27060577, 8.4, 175, 父母：挑战
20283384, 7.8, 305, 自我训练
26824855, 8.6, 143, 高难度谈话(全球畅销10周年纪念版)
30335334, 7.3, 533, 不租房的606天
21966358, 7.8, 292, 就在你所在的地方生根开花
30229586, 8.1, 213, 上班妈妈的生活管理术
27026937, 6.8, 1063, 你自以为的极限，只是别人的起点
25795261, 8.9, 108, 泰戈尔经典诗选:生如夏花
06110455, 7.6, 356, 唤醒心中的巨人
25768459, 8.7, 125, 动机与人格（第三版）
01944988, 8.7, 124, 杰出青少年的6个决定
20563181, 8.2, 183, 巴坦加里的瑜伽经
34840186, 8.8, 111, 如何看懂艺术2
30329803, 7.9, 243, 你的人生，我来整理
34860967, 8.2, 181, 性格拼图
01976258, 8.5, 139, 未知的自我
24738573, 6.4, 1917, 论文艺女青年如何培养女王气场
27663156, 8.7, 116, 三生有幸
26374552, 8.8, 107, 好妈妈胜过好老师
01040096, 7.4, 403, 天生情人16种
26269496, 8.2, 172, 心理医生为什么没有告诉我（第五版）
01963831, 7.6, 315, 像希拉里那样工作-像赖斯那样成功
11249992, 8.4, 144, Unlikely Pilgrimage of Harold Fry
26902288, 7.9, 227, 人生没有白走的路，每一步都算数
06007305, 9.1, 84, 愤怒之舞
02046213, 6.9, 766, 世界上最神奇的24堂课
03425162, 7.4, 387, 你的礼仪价值百万
03296364, 8.1, 183, Zen To Done
03175541, 7.5, 341, 信任的速度
01225971, 7.4, 383, 谁在操纵你？
06966337, 7.8, 244, 卡耐基魅力口才与演讲的艺术
27186055, 7.3, 425, 七分刚刚好
05260073, 8.0, 195, 最简单的方式
24738953, 7.0, 612, 疯狂的简洁
34454227, 7.8, 232, 身为职场女性
06072833, 7.8, 229, 一个人的环球航海
01481245, 8.2, 155, Crucial Conversations
02981084, 7.5, 314, 吸引力法则
26735206, 9.3, 68, 亲密伴侣
25727717, 6.6, 1084, 钝感力
06437975, 7.4, 342, 少有人走的路3
26289139, 7.3, 376, 你远比想象中强大
26147967, 8.7, 97, 唐浩明评点曾国藩日记
01418379, 9.5, 56, 未知的實相（賽斯書）一、二卷
02021169, 7.9, 184, 公关礼仪-金正昆教你学礼仪
06711978, 7.8, 202, 不懂拒绝的老好人
25880948, 7.3, 351, 脆弱的力量
01928294, 9.0, 75, 语文素养高级读本
03188381, 7.4, 307, 绅士的准则
26577153, 8.7, 90, 五智喇嘛弥伴传奇
03167940, 8.7, 88, 意大利语语法精讲精练
26272287, 8.0, 155, 龙永图 白岩松：中国，再启动
27194682, 7.8, 186, 银河铁道之夜
30483558, 8.4, 107, The Moment of Lift
26752847, 6.5, 981, 整理情绪的力量
26423164, 6.7, 706, 如果没有你
02035616, 8.1, 136, 画出你心中的艺术家
27097480, 8.1, 135, 给情绪多点时间
27038805, 7.9, 160, 爱自己的人自带光芒
10539356, 8.0, 143, 我体验真理的故事
24708172, 7.2, 330, 自控力2
02216459, 8.4, 100, 冰鉴精解详注
03424910, 7.8, 168, Talent Is Overrated
19974217, 8.4, 99, 安靜，就是力量
26850824, 7.9, 150, 阿纳丝塔夏
20133065, 9.3, 53, The Power of Vulnerability
11622361, 8.3, 105, 洛克菲勒留给儿子的38封信
17771919, 8.0, 135, Scarcity
02703290, 7.1, 350, 情绪管理
26183300, 6.6, 705, 跟法国女人学雅致
30280416, 7.2, 305, 时机管理
05259532, 7.3, 269, 把时间留给最重要的事
27127180, 7.1, 343, 30岁趁势而为
04987746, 8.8, 70, 达·芬奇的灵感
01170013, 8.0, 128, 人际关系与沟通
26588857, 8.2, 107, 活着·蜕变
10770914, 7.8, 148, 6个问题竟能说服各种人
26803092, 7.9, 134, 我烦死跑步了，我爱死跑步了！
26278243, 8.3, 95, 寻找弗洛伊德
03013502, 7.9, 132, 撬动幸福
05405128, 7.8, 144, 生命的重建
02978301, 8.2, 101, 超越自卑
04157182, 7.2, 264, 佐伯千津的美容课
03065523, 7.8, 140, 高考状元的屠龙宝刀
26934469, 7.9, 127, 自我关怀
26844372, 7.1, 291, 你充满电了吗？
26415836, 6.7, 488, 半年前的食物塑造了今天的你
02124011, 8.1, 103, 化解内心的冲突
26062132, 7.4, 199, 转机
01799920, 8.8, 61, 你值得成为最优秀的
02099620, 8.1, 100, 如何成为尖子生
27097487, 8.4, 79, 我想倾听你
10617559, 8.0, 108, 刘墉超强说话术
30143583, 7.0, 303, 内心的重建
25870811, 7.8, 127, 香奈儿
30374975, 7.6, 153, Digital Minimalism
26647330, 7.1, 261, 从三分钟热度到一万个小时
26687654, 8.6, 66, 童话里的世界
04894608, 8.0, 103, 阴影，属于你的生命礼物
20434431, 6.9, 326, 斯坦福大学最受欢迎的创意课
26378003, 8.5, 69, 父子宰相家训
01025558, 8.0, 101, 卡耐基口才训练教程
34862806, 7.6, 143, 创新化生存
01879842, 8.2, 84, 人性的优点人性的弱点全集
01080019, 7.8, 117, 生命中最重要的
26866085, 8.5, 67, 正念
01014993, 8.6, 62, 像达・芬奇那样思考
03160775, 8.1, 89, 第六感决定你的一生
01462831, 6.7, 397, 你在为谁读书
01803166, 7.1, 230, 如何掌控你的一天24小时
04737260, 7.4, 162, 卡耐基口才的艺术与人际关系
27203439, 7.8, 110, 10倍速目标达成法:孙正义的高效法则
30406461, 6.5, 506, 微精通
25870402, 6.9, 286, 整理的艺术4：升职从整理开始
33389989, 8.3, 73, 认知：所谓成长就是认知升级
30289367, 7.3, 177, 复原力
03235630, 7.6, 130, 刺猬的爱情
30156795, 7.3, 175, 卓越密码
30347828, 8.3, 71, 最好时光是现在
27057878, 7.2, 189, 第二曲线：跨越“S型曲线”的二次增长
01871654, 8.5, 60, 学习爱
02091648, 8.5, 60, The Road Less Traveled
10517040, 8.4, 64, 英雄之旅
33446813, 7.5, 135, 非虚构写作课
20282795, 6.7, 340, 史上最简单的问题解决手册
27167964, 7.6, 121, 内向孩子的潜在优势
01849893, 7.5, 131, 我生命中的书
10550568, 7.8, 99, 生命的重建
26600342, 6.6, 375, 一万小时天才理论（经典版）
01031438, 8.2, 71, 理智胜过情感
26272157, 7.6, 115, 卡耐基说话技巧与人际交往
34431990, 7.9, 88, 戳中痛点，成为文案高手
30434700, 7.2, 171, 内在成长
10560041, 7.7, 104, 社会不教，精英不讲，坎儿还得自己过
30203060, 6.4, 486, 终身学习：10个你必须掌握的未来生存法则
03841169, 7.4, 135, 优雅是一种选择
25857539, 7.6, 111, 向自己最想要的青春，一路狂奔
01079915, 7.7, 101, 品格的力量
26140526, 6.3, 544, 你值得拥有最好的一切
33504462, 6.9, 230, 表达力
02123367, 7.2, 160, 钢铁是怎样炼成的
27054213, 8.8, 44, 他怎么总找我麻烦
20389199, 7.1, 178, 每周健身4小时
10454211, 8.5, 53, 简快身心积极疗法（上）
26080891, 7.7, 97, 生活即是行动
21668070, 8.4, 56, 停止忧虑，你的人生可以改变
30163471, 7.1, 170, 情绪是什么
34853881, 7.1, 170, 走出孤独
24264880, 6.7, 277, 要么读书，要么旅行，身体和灵魂总有一个在路上
03036145, 8.5, 51, 全力以赴－让进取战胜迷惘
26628012, 6.8, 241, 人生总会有办法
26312275, 7.7, 93, Soft Skills
06797583, 8.2, 62, 伯爵家书
25795599, 7.1, 165, 住在我心里的猴子
03994536, 7.6, 98, 论语与算盘
35045512, 8.6, 46, 复原力
05399423, 8.5, 49, 爱是一切的答案
26649854, 7.9, 75, 内在的重生
34987453, 8.1, 64, 思维导图工作法
03578480, 7.9, 74, 你有几个灵魂
33411625, 7.5, 104, 如何成为一个抗压的人
25808063, 8.0, 68, 在痛苦世界中寻找
25870234, 7.3, 125, 用自己喜欢的方式慢慢变老
03038674, 8.0, 67, 视觉艺术史
26381088, 7.3, 123, 尼采解忧书
26785227, 9.1, 33, 越用力 越焦虑
25693207, 6.7, 243, 婚姻心理学:婚姻是最好的修行
01393213, 7.3, 122, 终极突破
24834723, 7.3, 120, 做更自信的自己
03086444, 7.8, 76, 改变自己
05417346, 7.7, 81, 付出的力量
01901714, 7.4, 104, 生存游戏
20262068, 8.9, 35, 輕鬆駕馭意志力
05276790, 7.8, 73, 成为你自己
06958231, 8.2, 53, 星云禅语
05379108, 7.6, 83, 不纠结的世界
04736984, 8.2, 52, 赶走你的抑郁
06116278, 7.9, 64, 锻炼“地头力”
25983893, 8.5, 42, 瑜伽•生活禅
24696936, 8.7, 37, 随处自在
25997001, 8.3, 47, 有效思考的5大元素
24887194, 9.0, 31, 如何生存的非生存能力
26665637, 5.6, 1312, 愿你成为最好的女子
01073020, 8.1, 53, 让生命超越平凡
20394641, 6.2, 407, 做内心强大的女人
01071941, 8.2, 49, 怎样适应生活
26413397, 5.8, 799, 格局
27191030, 7.4, 90, 使命必达
26298236, 6.8, 168, 只有500强知道
25774695, 6.6, 215, 情商3
10482345, 8.1, 51, 生命是長期而持續的累積
26260107, 7.4, 89, 梦想开花前 没有人知道它是什么
26252909, 6.4, 281, 人生困境整理术
26992289, 6.8, 164, 所谓情商高，就是会说话（日常生活版）
27070239, 7.6, 73, 停止盲目努力：你的人生需要再设计
27021273, 7.8, 62, 与父母和解
26772254, 8.1, 49, 帕慕克们怎样读书
04266017, 7.8, 61, 梦想的10道必考题
10776289, 6.5, 228, 当世界无法改变时改变自己
06960540, 8.6, 35, 情商魔法训练营
26588760, 8.3, 42, 弗洛伊德的使命
02022791, 8.5, 37, 怎样嫁个好老公
21372042, 7.8, 59, 人性的弱点全集
01102459, 8.1, 47, 寻找你的北极星
03069998, 7.3, 89, 博恩·崔西完美飞行
02046384, 7.8, 58, 不生病的活法
02153776, 6.4, 249, 海马记忆训练
26852890, 6.6, 188, 吸引力是这样炼成的
06875298, 6.9, 131, 把信送给加西亚全集
25957032, 7.4, 79, The Organized Mind
26677127, 6.3, 275, 怪诞行为学（3）
03186236, 7.9, 52, 快乐人生7步骤
10946200, 8.4, 37, 情绪的语言
26743973, 7.6, 64, Smarter Faster Better
06127102, 6.7, 156, 爱是一种修行
01393651, 7.8, 54, 积极思考就是力量
02116259, 8.3, 38, 自我管理与发展智能
01173461, 7.6, 61, 平行思维
26640106, 7.1, 95, 生活要有暖和光
01292413, 7.9, 48, 自我评估:爱自己才能更好地与人相处
01277867, 7.0, 104, 把自己激励成超人(陈安之人才法则)
10436113, 6.9, 113, 谢谢你折磨我
26357104, 7.5, 64, 挑战拖延症
27202598, 7.3, 76, 试着说是
02360391, 8.6, 30, 远离焦虑
26972382, 7.0, 100, 自卑与超越
25911995, 7.5, 63, 别让小情绪害了你
20383695, 7.2, 82, 有“岩”在先
03169656, 7.6, 58, 成功自我管理的29个工具
35043940, 9.1, 23, 软技能2软件开发者职业生涯指南
01312914, 7.4, 68, 目标
27188011, 7.4, 68, 人生谢幕前，请全力以赴
27167596, 7.6, 57, 唯有努力，不负光阴
04081943, 7.4, 67, 中国的经典 经典的中国
27172813, 7.0, 93, 深度渴望
30474595, 7.2, 76, 大腦減壓的子彈筆記術
03265821, 7.7, 50, 演讲红宝书
26381771, 6.8, 113, 和喜欢的一切在一起
30217042, 8.0, 40, 如何才能不羞怯
11511934, 7.3, 68, 逆轉愛！日本首席復合諮詢師教你嬴回前男友！
06781651, 6.8, 110, 开口就能说重点
34911222, 6.4, 178, 让写作成为自我精进的武器
20475617, 8.5, 29, 你在为谁读书
02270107, 6.7, 122, 世界上最神奇的24堂课
03901810, 7.2, 72, 应该这样表达你自己
03229599, 8.1, 36, 生活的准则
03741895, 7.3, 65, 九型人格销售经
26848174, 6.6, 129, 想开一个店：有胆有脑
04291226, 8.1, 35, 真爱无惧
30330256, 8.1, 35, 找回迷失的自己
30235723, 7.0, 82, 你不是不努力，而是不会努力
26944830, 6.7, 112, 强者的逻辑
25909438, 7.4, 57, 人文精神的哲学思考
30243155, 6.8, 100, 如何练就好声音
11620528, 8.8, 23, 与指导灵沟通
27015114, 5.8, 384, 提问的力量
01174496, 6.4, 152, 时间管理
27175465, 6.7, 106, 新员工的差距是怎样拉开的
26323467, 7.6, 46, 我已经够好了
01042825, 7.9, 37, 怎样训练你自己
04169486, 7.9, 37, 一分钟百万富翁
30144372, 6.4, 147, 如何系统思考
01069761, 7.8, 39, 社交礼仪教程
24283455, 8.5, 25, 不完美的禮物
03354023, 7.7, 41, 哲思录
24531572, 7.0, 73, 能量场
06524356, 6.1, 211, 人脉
06386081, 6.5, 121, 呆伯特职场定律1
33970865, 6.7, 96, 硬功夫：助你精进的八大硬核技能
25965804, 7.5, 46, 練習有氣質
04870061, 7.8, 37, 舍与得的人生经营课
27022038, 6.2, 176, 我不想活得这么累
21967059, 7.6, 42, 肌肉百科全书
26948823, 7.9, 34, 思考致富
27108756, 6.7, 93, 云梯：从新人到达人的职场进化论
03266068, 7.4, 48, 硅谷禁书5
30162229, 5.5, 546, 看人的艺术
04274338, 8.3, 26, Never Eat Alone
25810628, 7.6, 40, 人性与个性的逻辑
03302940, 6.7, 86, 8小时+
25959925, 7.3, 49, 这书能让你戒烟(图解版)
05254965, 6.3, 135, 致加西亚的信
06380163, 7.7, 36, 如何说别人才会听，怎么听别人才肯说
26906726, 5.2, 987, 极简力
26805282, 9.2, 16, 鬼谷子的心理智慧
04359584, 9.0, 17, What Got You Here Won&#39;t Get You There
10807307, 7.7, 34, 洛克菲勒写给儿子的30封信-世界第一位亿万富翁写给年轻人的商业忠告
30175840, 8.0, 28, 学会思考
26699370, 9.1, 16, 每天10分钟情商课
05419764, 6.5, 97, 信念力
06713328, 6.0, 186, 别对我说谎
30296754, 5.8, 255, 余生好贵 请勿浪费
01218864, 7.3, 44, EQ情商
10734902, 8.9, 17, 你爱自己吗
25963611, 6.5, 93, 我为什么要听你的
04238179, 8.1, 25, 欢迎你的危机
03744606, 7.2, 46, 自由的心：强迫症自助治疗（鹿鸣心理）（心理自助系列）
01416184, 8.6, 19, 世界上最伟大的励志书
01758505, 8.7, 18, Love Is a Choice
27187625, 6.1, 144, 大五人格心理学
25985657, 6.3, 109, 别让成功卡在说话上
34448046, 7.1, 48, 好文案会说话
25879694, 6.2, 116, 控场
25928908, 7.1, 45, 富人是如何思考的
01079081, 8.2, 21, 培养杰出青少年7个习惯的方法
06123752, 7.5, 32, 幸福的秘密
04916239, 6.6, 68, 内向者de优势
10529266, 8.6, 17, 顿悟
10791796, 8.6, 17, 冰眼识人
03177963, 6.6, 67, 硅谷禁书4
04251254, 6.7, 60, 说服心理学
30283586, 7.9, 24, 如何在大学里脱颖而出
26583427, 9.0, 14, 认知科学的哲学应用
25779059, 7.7, 27, 别怕！在外企说英语其实很简单
30381676, 6.0, 133, 极简关系
01042026, 7.1, 41, 积极思考的力量
05340551, 7.1, 41, 男人绅士 女子优雅
27046683, 6.4, 79, 关键影响力：如何调动团队力量（原书第2版）
04200632, 7.2, 37, 人见人爱96计
10550580, 6.9, 47, 专注力训练术
03776783, 6.8, 51, 跟富爸爸说再见
26989861, 8.4, 17, 司马懿 从龙套到主角
20502643, 6.7, 53, 在星巴克遇见德鲁克
06308646, 6.3, 80, 你好，优雅
19986215, 6.9, 44, 成功自我管理的29个工具
26281156, 6.9, 44, 海豹突击队
26410840, 6.8, 48, 你的大脑，你的生产力
11520295, 8.5, 16, 社交圈
30628657, 6.5, 63, 为什么精英都是动机控
02365120, 7.4, 29, 世界上最神奇的心理课
01289006, 7.3, 31, 中国人形象规律教程
26805279, 8.2, 18, 易经的人生智慧
30194996, 5.6, 202, 深度学习
03249873, 7.9, 21, 放飞梦想
01431542, 5.7, 168, 专注力训练手册
04062705, 8.7, 14, 20几岁一定要知道的100个心理常识
25826859, 7.4, 28, 羞涩与社交焦虑
19979233, 8.5, 15, 王阳明教你驭心术
06875324, 8.1, 18, 唤醒敬畏
04810041, 7.3, 29, 成交高于一切
04214594, 6.4, 63, 烦恼力
01251905, 7.8, 21, 心智的力量
11576826, 5.7, 153, 别人不说.你一定要懂的人情世故
05324996, 7.5, 25, 羚羊为什么奔跑
06041420, 5.3, 302, FBI读心术
25921381, 7.4, 26, The Marshmallow Test
04178062, 9.4, 10, 20几岁每天学点人生经验
23134214, 6.5, 53, 别说你能讲好PPT
27184082, 8.5, 14, 没有挣扎就不叫生活
30286885, 5.6, 164, 怎样管精力，就怎样过一生
01955272, 7.1, 31, 冲突管理-有效化解冲突的10大智慧
10565667, 8.8, 12, 不迷失的智慧
26005625, 7.4, 24, 上班路上的沟通进修课
26883201, 6.8, 37, 短信的力量
04247536, 6.1, 73, 李开复：其实没有什么天才
01267132, 7.1, 28, 成功的策略
03345198, 7.1, 28, 会说话的女人有人爱
01879845, 6.9, 32, 从女孩到女人
06059337, 6.2, 61, 富爸爸财务自由心灵富足
30447473, 8.1, 15, 她力量
26911008, 7.0, 28, 控制你自己
01490687, 6.9, 30, 重建自我
01488954, 6.1, 63, 一纸式人生规划
19894833, 8.7, 11, 阴阳五行教子法
34761975, 6.6, 37, 高效迭代
25908124, 6.3, 49, 心理自愈术
04209015, 8.1, 14, 20几岁一定要学会选择懂得放弃
11511092, 8.1, 14, 瞬间亲和力
01065599, 7.2, 23, 穷人与富人的距离0.05厘米
35047237, 7.7, 17, 每一种优秀，都有一段静默时光
04247589, 6.0, 67, 你在为谁读书2
05417392, 7.8, 16, 你的借口
25850253, 6.6, 36, Thrive
02009458, 6.5, 39, 人品
01505785, 5.8, 82, 责任胜于能力
01002033, 6.8, 29, 成为你想成为的人
06722065, 6.8, 29, 断食瑜伽
26337734, 7.5, 18, 为什么幸运的人一再走运，不幸的人继续倒霉?
34786356, 6.2, 47, 能力升级
01245610, 7.4, 18, 积极性格图解
26606725, 5.9, 63, 在不安的世界里，给自己安全感
06023940, 6.4, 37, 心灵磁场的秘密
26987005, 5.7, 80, 有意识的社交
30231552, 6.2, 43, 成长型思维：从平凡到优秀的七种思维模式
01061139, 7.4, 17, 命好不如习惯好
25811942, 7.4, 17, 别再为小事抓狂：青春篇
26577346, 7.3, 18, 小天堂
04187681, 6.1, 47, 轻熟女幸福一生的72条军规
25777373, 4.5, 890, 哈佛凌晨四点半（升级版）
03919663, 7.1, 19, 世界品牌故事
04096834, 7.1, 19, 18岁以后
02229088, 6.5, 29, 口才的魅力
25816398, 5.2, 145, 魔鬼逻辑学
33184860, 7.4, 15, 便便公主去上学
01291784, 7.5, 14, 终生的财富
02296110, 7.1, 17, 个人效能
21966349, 7.2, 16, 你认识谁并不重要
01214831, 6.9, 19, 做人做事做生意
07564212, 5.9, 44, 我最想学的说话技巧
05313555, 6.1, 34, 二十几岁，别把世界看错了
19976726, 7.3, 13, 成为百万美元演讲师
26318403, 6.1, 28, 为人三会：会做人 会说话 会办事
06886147, 6.3, 23, 九型人格
27096073, 6.2, 25, 你当温柔，且有力量
26728653, 5.0, 114, 恰到好处的孤独
25762423, 5.4, 54, 会理财的女人最幸福
25867782, 5.5, 47, 拒绝力:别让不好意思害了你
25858912, 5.1, 75, 逻辑思考的艺术
26378000, 5.0, 88, 超级聊天学
03507427, 6.7, 14, 像经营公司一样经营自己
05408883, 6.5, 15, 从零开始学K线
27079014, 7.2, 10, 对话的禁区：21个你必须避开的沟通风暴
02041358, 6.4, 16, 羞怯的10种简明应对方式
25772645, 6.4, 16, 因为爱情
26346433, 5.2, 46, 实用文案与活动策划撰写技巧及实例全书
26961360, 6.5, 12, 為了遇見40歲更好的自己
26318321, 5.3, 34, 优雅女人的气质修养与社交礼仪
25740197, 6.6, 10, 讓自己自由
06835729, 6.0, 13, 西点军校的男孩精神
25916471, 4.3, 28, 别让不好意思害了你·升级版
03571333, 0.0, 10, 7 Brains－怎樣擁有達文西的七種天才
03136660, 0.0, 11, 人性的弱点全集
26435056, 0.0, 11, 委婉说话的艺术
01280210, 0.0, 12, 犹太人经商羊皮卷
07055207, 0.0, 12, The Return to Religion
04923794, 0.0, 13, 爱·水晶
06834147, 0.0, 13, 如果明天就是世界末日
25867786, 0.0, 14, 你当懂得
07055042, 0.0, 15, 哄破女人的心理防线
03061663, 0.0, 17, 真正的成功
35093444, 0.0, 19, 心理学通识
35036233, 0.0, 30, 平井信义育儿法
