2020-07-05 16:00:15

number of books, tag name
975, 自我管理

ID, rating, votes, title
33440205, 8.9, 60962, 你当像鸟飞往你的山
03576486, 9.1, 31099, 小狗钱钱
01775691, 8.4, 81347, 少有人走的路
01013208, 8.4, 63346, 如何阅读一本书
01786387, 8.6, 39608, 影响力
26369699, 8.6, 26253, 被讨厌的勇气
03533221, 8.4, 35536, 非暴力沟通
03609132, 8.4, 35481, 把时间当作朋友
02340100, 8.0, 73641, 遇见未知的自己
10786473, 8.2, 45627, 自控力
05346110, 8.9, 11551, 穷查理宝典
27608239, 8.4, 22261, 原则
01322025, 8.7, 13301, 卓有成效的管理者
01048007, 8.2, 26142, 高效能人士的七个习惯（精华版）
06709809, 8.4, 14209, 暗时间
05287474, 8.7, 8597, 影响力
04180711, 8.2, 16363, 拖延心理学
05325618, 8.4, 11282, 高效能人士的七个习惯
04953695, 7.8, 31692, 拆掉思维里的墙
26831789, 8.7, 6450, 穷查理宝典
34659228, 8.7, 6416, 你想活出怎样的人生
10785583, 8.2, 13620, 思考，快与慢
26664352, 8.9, 4691, 褚时健传
24753751, 8.1, 14703, 向前一步
10747883, 8.0, 15268, 怦然心动的人生整理魔法
01504957, 8.6, 5752, 学会提问
25717097, 8.6, 5683, 囚徒健身
26575679, 8.4, 7567, 当我谈跑步时，我谈些什么（2015典藏版）
34836531, 8.8, 4254, 了不起的我
01115353, 8.3, 8675, 奇特的一生
25986341, 8.1, 11495, 万万没想到
30389372, 8.7, 4390, 成为
01269900, 8.1, 10335, 活法
30377678, 8.6, 4802, 曾国藩传
25749845, 8.4, 6279, 把时间当作朋友（第3版）
26895993, 7.9, 13601, 刻意练习
03558629, 8.4, 5942, 小强升职记
01313124, 8.2, 7381, 赢
24749465, 7.4, 31525, 断舍离
27186106, 8.3, 6158, 心流
05317075, 7.1, 57684, 蔡康永的说话之道
05980113, 8.9, 2488, 伯恩斯新情绪疗法
20507212, 8.0, 8158, 习惯的力量
25852981, 8.7, 2944, 小强升职记
02345548, 8.2, 5628, 学习之道（第2版）
27114418, 8.1, 6542, 活下去的理由
33385402, 8.1, 6415, 事实
01193621, 8.5, 3390, 决策与判断
27050457, 8.7, 2544, 幸福课
26761696, 7.5, 16127, 精进
22994632, 8.9, 1928, 成功，动机与目标
34797578, 8.1, 5667, 人间值得
05916234, 7.6, 12697, 番茄工作法图解
04882120, 8.1, 5218, 金字塔原理
25985683, 7.7, 9328, 人性的弱点
34326931, 8.6, 2414, 掌控习惯
27590675, 9.0, 1480, 你是你吃出来的
01152111, 8.6, 2297, 程序员修炼之道
25870384, 8.3, 3402, 你的生命有什么可能
34816684, 8.9, 1565, 天才基本法·完结篇
03318174, 8.1, 4435, 这书能让你戒烟
30144978, 8.0, 5071, 见识
04726852, 8.5, 2478, 正念的奇迹
27056409, 7.7, 8058, 深度工作
26582558, 8.0, 4864, 经济学通识
10773362, 8.1, 4095, 随机漫步的傻瓜
11608712, 8.6, 2059, 无器械健身
04020857, 8.8, 1590, 卓有成效的管理者
01427679, 7.5, 10399, 做最好的自己
26747208, 8.0, 4475, 优秀的绵羊
26363229, 7.7, 6972, 亲密关系：通往灵魂的桥梁
04849382, 8.3, 2778, 搞定
10773358, 8.1, 3630, 意志力
10828002, 7.9, 4849, 游戏改变世界
03910883, 9.0, 1152, 观呼吸
26728136, 8.4, 2324, 非暴力沟通
26877306, 7.7, 6188, 微习惯
26895988, 8.0, 3574, 学习之道
25783654, 7.4, 9515, 如何高效学习
26952718, 7.7, 5486, 好好学习
26789567, 7.3, 11193, 如何有效阅读一本书
02347737, 8.0, 3399, 深夜加油站遇见苏格拉底
27078435, 7.8, 4607, 跃迁
03006742, 8.6, 1521, 改变
25858068, 7.4, 8627, 100个基本
27154533, 7.6, 5879, 终身成长
30188003, 7.9, 3622, 为什么精英都是时间控
26799348, 8.1, 2682, 演讲的力量
02980795, 7.7, 4725, 内向者优势
27170672, 8.6, 1340, 财富自由之路
04934590, 8.3, 1909, 活出最乐观的自己
26284789, 8.6, 1294, 高效能人士的七个习惯
30353486, 7.8, 3737, 认知天性
02212128, 8.5, 1372, 奇特的一生
20036150, 8.5, 1359, Principles
01085660, 8.0, 2587, 尽管去做
34872361, 8.3, 1693, 文案的基本修养
01436707, 7.5, 5178, 如何掌控自己的时间和生活
04007097, 8.5, 1237, 富兰克林自传
27023900, 7.4, 5640, 睡眠革命
07001106, 7.4, 5359, 时间管理
27601521, 8.4, 1226, 只管去做
04062809, 8.7, 866, 改善情绪的正念疗法
04726323, 7.4, 4931, 一万小时天才理论
04929897, 7.6, 3509, 情商
34870933, 7.7, 2993, 人生十二法则
26171593, 7.4, 4880, 今天也要用心过生活
07043452, 8.9, 663, The Willpower Instinct
06687032, 8.7, 814, 经验的疆界
26693418, 7.4, 4805, 按自己的意愿过一生
30157798, 9.4, 410, 健身营养全书
02119843, 6.8, 15342, 钝感力
30235060, 8.2, 1428, 情感勒索
06536593, 8.4, 1104, 领导梯队
24697776, 8.1, 1602, 批判性思维工具（原书第3版）
26807400, 8.5, 977, 成功心理学
27009488, 7.7, 2814, 财务自由之路
27609489, 7.7, 2757, 远见
26606009, 7.7, 2754, 精力管理
20389192, 7.1, 7626, 30岁前的每一天
30359587, 7.9, 2013, 科比自传
26761859, 7.7, 2697, 精要主义
26771587, 8.0, 1738, 坚持，一种可以养成的习惯
01100470, 7.5, 3592, 现在，发现你的优势
24739109, 7.7, 2617, 奇特的一生
01984347, 8.2, 1281, Power Sleep
06519759, 7.5, 3459, 记事本圆梦计划
06004480, 9.1, 478, 周易
01291075, 8.1, 1421, The Tipping Point
30355759, 8.8, 621, Atomic Habits
26704143, 8.6, 757, 把时间当作朋友(罗辑思维独家定制版)
06894786, 8.2, 1202, 怦然心動的人生整理魔法
24839553, 7.4, 3821, 拖拉一点也无妨
27132072, 7.4, 3802, OKR工作法
34437288, 8.0, 1537, 长大了就会变好吗？
02054246, 8.0, 1526, 你的误区
30205907, 9.0, 493, Factfulness
03006483, 7.7, 2320, 每周工作4小时
26663916, 8.0, 1518, 沟通圣经
26606002, 7.9, 1683, 恰如其分的自尊
26590889, 8.0, 1448, 情绪急救
04275052, 8.1, 1251, 九型人格
02984241, 8.7, 612, 思维改变生活
26781120, 8.0, 1372, 优秀到不能被忽视
30246907, 7.7, 2004, 怦然心动的人生整理魔法
24878420, 7.7, 1945, 明智行动的艺术
30358753, 8.1, 1132, 掌控谈话
30395230, 7.4, 3081, 子弹笔记
26835090, 8.0, 1243, 软技能
27101562, 7.9, 1396, 高手
25817021, 8.3, 845, 20岁，光阴不再来
01491590, 7.9, 1381, 人性的优点
06064502, 7.9, 1360, 超级快速阅读
27113966, 7.5, 2421, 所以，一切都是童年的错吗？
25843908, 7.5, 2380, 怦然心动的人生整理魔法2
26712787, 8.1, 1033, 可爱的诅咒
05994811, 8.8, 477, 学箭悟禅录
24307336, 7.3, 3262, 跟巴黎名媛学到的事
03149514, 8.0, 1153, 战胜拖拉
03744041, 7.1, 4523, 晨间日记的奇迹
01019959, 7.8, 1481, 精力管理
25747597, 7.3, 3158, 不能不去爱的两件事
27125070, 7.5, 2252, 高敏感是种天赋
01475128, 8.9, 411, 人的潜能和价值
26641761, 7.9, 1246, 横向领导力
27046682, 8.2, 854, 关键对话：如何高效能沟通（原书第2版）（珍藏版）
27047949, 8.4, 660, 学习之道
26989781, 8.0, 1046, 自卑与超越(完整全译本)
27601926, 7.8, 1344, 斯坦福大学人生设计课
26648884, 7.5, 2000, 干法
30489331, 7.7, 1466, 能力陷阱
04086725, 7.3, 2573, 不持有的生活
21364188, 7.2, 3040, 书都不会读，你还想成功
02033803, 7.7, 1397, 記事本圓夢計畫
02180696, 9.1, 300, 德鲁克管理思想精要
27049500, 8.1, 825, 秘书工作手记
26612471, 8.2, 732, 搞定Ⅰ
27591449, 7.6, 1585, 这样读书就够了
25900438, 8.4, 581, 这书能让你戒烟
25891495, 8.2, 725, 自控力
30310659, 8.5, 518, 幸福的陷阱
01028372, 8.0, 914, 要事第一
26586771, 7.4, 2093, 神奇手账
26656532, 7.3, 2445, 最重要的事，只有一件
04020858, 8.7, 410, 卓有成效的管理者
26312476, 7.5, 1729, 你的身体，是一切美好的开始
04630664, 7.2, 2779, 你的知识需要管理
34442149, 8.2, 672, 清醒思考的策略
03424266, 8.8, 361, Flow
26733302, 7.6, 1442, 自控力：和压力做朋友
26911425, 7.7, 1249, 练习的心态
26865498, 8.2, 650, 医治受伤的自信
25772550, 7.4, 1867, 你的灯亮着吗?
26948875, 7.9, 929, 思维力：高效的系统思维
03248660, 8.3, 579, 语言的魔力
11509401, 6.9, 4367, 正能量
26851515, 7.4, 1837, 细节
03822285, 8.6, 416, 自我导向行为
30371583, 7.0, 3523, 蔡康永的情商课
26779688, 8.0, 798, 做出好决定
02253513, 8.2, 631, 时间管理
26628237, 7.5, 1549, 哪有没时间这回事
27119594, 7.5, 1538, 实用性阅读指南
30327827, 7.5, 1538, 好好说话2
01128313, 8.6, 409, 个人的管理
26838695, 7.8, 1000, 12个工作的基本
30273559, 7.6, 1306, 掌控：开启不疲惫、不焦虑的人生
06510688, 8.0, 775, 看见成长的自己
30245089, 7.6, 1300, 百岁人生：长寿时代的生活和工作
27130739, 7.7, 1099, 吃掉那只青蛙
06800930, 8.9, 292, 人格心理学
10786476, 7.8, 936, 每周工作4小时
03371227, 8.1, 642, Mindset
04159753, 9.2, 222, Your Brain at Work
30489754, 8.0, 718, 你有你的计划，世界另有计划
30257497, 7.4, 1602, 时间看得见
25755874, 7.5, 1366, 运动改造大脑
27167650, 7.7, 1024, 给新手的极简股票课
26663954, 7.5, 1335, 吉田医生哈佛求学记
33536171, 9.1, 231, 原子習慣
10484712, 7.6, 1136, 驱动力
34863179, 7.9, 767, 好好思考
30416747, 7.6, 1133, 如何正确吵架
03613841, 8.1, 598, 自信的秘密
30314653, 6.6, 6162, 韭菜的自我修养
30163521, 7.4, 1481, 欲罢不能
21249050, 8.4, 429, 身心合一的奇迹力量
27021786, 7.6, 1108, 靠谱
10788371, 6.9, 3371, 清单革命
26839427, 7.7, 965, 慢思考：大脑超载时代的思考学
34883997, 8.4, 427, 有限责任家庭
27041645, 8.1, 589, 百万富翁快车道
22993407, 7.7, 961, 跑步，该怎么跑？
26649613, 8.2, 526, Deep Work
26829485, 7.3, 1699, 奇特的一生
34451688, 8.2, 525, 人生护城河
30147276, 7.4, 1454, 好好赚钱
27038446, 7.6, 1089, 如何不喜欢一个人
27625550, 8.3, 467, 身份的焦虑
27045616, 8.2, 518, 习惯的力量
25855770, 7.9, 728, 就因為「沒時間」，才什麼都能辦到
25985499, 7.6, 1071, 这一生，静待时光检验
27019726, 7.5, 1230, 10人以下小团队管理手册
30396635, 7.5, 1230, 这就是OKR
27609678, 7.1, 2270, 小学问
30348422, 8.0, 638, 生活图鉴
27143471, 8.1, 568, 12 Rules for Life
27078238, 7.9, 712, 写作课
25778505, 7.7, 916, 女人明白要趁早之和潇洒姐塑身100天
34803015, 8.1, 561, 人生模式
25731751, 7.7, 897, 99%的新人，没用心做好的50件事
07155725, 8.5, 362, How Will You Measure Your Life?
27598664, 7.3, 1572, 可复制的领导力
06801742, 7.4, 1351, 人生定位
24318966, 8.1, 548, 我在哈佛的最后一堂课
04243207, 7.9, 681, 悠游度过一天的24小时
10826987, 8.2, 482, 小狗钱钱的爸爸教你实现财务自由
26798857, 7.6, 994, 让未来现在就来
30152934, 7.4, 1301, 佛系：如何成为一个快乐的人
30325730, 8.3, 427, 新生——七年就是一辈子
26683846, 8.1, 526, 如何学习
30415402, 7.3, 1485, 断舍离（2019年新版）
26613055, 8.1, 520, 超级快速阅读
27103775, 7.5, 1083, 好好工作
26896106, 8.7, 279, 被討厭的勇氣 二部曲完結篇：人生幸福的行動指南
05286675, 7.2, 1679, 我的风格小黑皮书
01004325, 6.5, 5986, 致加西亚的信
26794518, 7.4, 1197, 25岁，如何规划你的人生
30400712, 7.8, 697, 巨人的工具
26387817, 8.2, 437, 核心基础运动
33444642, 7.4, 1170, 麦肯锡精英高效阅读法
26301626, 7.5, 1007, 谢谢你
26603828, 7.9, 581, 我们与生俱来的七情
25744065, 8.0, 509, 决断力
25827340, 7.7, 727, 战胜拖延症
03253861, 8.7, 251, 管理成就生活
06759677, 8.4, 332, 走出恐惧
05246820, 7.4, 1082, 津巴多时间心理学
26890882, 7.1, 1706, 我决定简单地生活
33457239, 8.4, 331, 我和连岳一起成长
07001105, 7.3, 1247, 毅力
25815819, 7.0, 2000, 断舍离（心灵篇）
26324527, 8.3, 364, 富兰克林自传
25905227, 7.4, 1074, 你的生存本能正在杀死你
27177909, 7.9, 560, 单核工作法图解
26262143, 7.7, 707, 女人明白要趁早之米字路口问答
34945489, 8.4, 322, 赞扬与责备
25743907, 7.0, 1932, 断舍离
30217534, 8.3, 354, 分手后，成为更好的自己（35周年纪念版）
05934941, 9.0, 188, Succeed
04087655, 7.7, 693, 注意力曲线
26823208, 7.6, 784, 离经叛道
26871359, 7.5, 891, 清醒思考的艺术
26345929, 7.3, 1182, 崭新的理所当然
27197865, 7.5, 888, 简单统计学
01461005, 8.6, 249, Mastery
25867744, 8.1, 406, 简单冥想术：激活你的潜在创造力
25722219, 8.6, 248, 十九札（第4版）
33440045, 7.4, 955, 高效休息法
10441244, 6.8, 2485, 整理的艺术
03441145, 8.6, 247, 自尊的6大支柱
04826033, 7.9, 503, 全力以赴
34879684, 7.5, 825, 因为这是你的人生
25925226, 8.0, 448, 强势
01319820, 7.1, 1450, 大脑使用说明书
26642422, 8.4, 291, 自我发现与重塑
26828205, 7.1, 1444, 一本小小的蓝色逻辑书
34864918, 8.5, 263, 时间管理7堂课
26281301, 7.9, 488, 和繁重的工作一起修行
27125748, 8.0, 433, 意志力：关于自控、专注和效率的心理学
34815766, 7.2, 1191, 内向高敏者
26743071, 7.2, 1181, 学会学习
26827314, 7.5, 771, 逆向管理
20472028, 7.9, 467, 我们为何如此不安
30187704, 7.9, 462, 忍住！别插手！让孩子独立的自我管理课
25781020, 8.9, 177, 精神分析与灵魂治疗
30458408, 7.2, 1145, 逆商
26616951, 7.9, 457, WOOP思维心理学
28551589, 7.6, 655, 有效学习
26866955, 8.5, 246, 最小阻力之路
01884510, 8.3, 296, 一生的忠告
30422818, 9.2, 136, 高效能人士的七个习惯（30周年纪念版）
06512297, 8.4, 264, 这是你的船
25894861, 6.5, 3711, 跟任何人都聊得来
26590171, 7.1, 1268, 做事的常识
03513006, 7.8, 493, 失落的致富经典
27667622, 7.6, 628, 超越原生家庭（原书第4版）
30133649, 8.4, 262, 第五项修炼①
20493300, 8.2, 318, 高效能人士的执行4原则
27081224, 7.8, 491, 学会提问
27125194, 6.9, 1719, 新100个基本
26953726, 7.8, 469, 好奇心
24697576, 7.5, 677, 第3选择
26870352, 7.4, 773, 内向性格的竞争力
26838223, 7.3, 878, 三观易碎
03852697, 7.5, 659, 少的力量
26844959, 7.1, 1117, 学会花钱
27137525, 7.3, 833, 墨菲定律(经典收藏版)
01869638, 9.1, 133, The Inner Game of Tennis
01015540, 7.5, 635, 周一清晨的领导课
26848745, 7.7, 495, 转行
01417377, 8.2, 287, It&#39;s Not How Good You Are
06894790, 8.1, 315, 拖延心理學
30155731, 7.5, 628, 算法之美
25805226, 7.3, 821, 控制焦虑
30216218, 7.4, 713, 终身学习
26369484, 7.0, 1275, 我们为什么会发胖？
01843548, 7.8, 432, 有效沟通
01220597, 7.6, 548, 高效能人士的第八个习惯
26975848, 7.4, 707, 天下没有陌生人
11632947, 8.3, 255, 富兰克林自传
25873066, 6.9, 1483, 麦肯锡工作法
26969935, 6.8, 1747, 故事思维
10864488, 8.2, 279, 心智的构建
34848957, 7.4, 695, 格局
26603648, 7.1, 1058, 少即是多：北欧自由生活意见
01884867, 8.3, 250, The Power of Full Engagement
26703717, 7.4, 687, 我決定簡單的生活
26809387, 7.0, 1227, 印象笔记留给你的空间
34866369, 7.4, 681, 内向心理学
26591077, 7.4, 679, 销售就是要玩转情商：99%的人都不知道的销售软技巧
24371531, 9.0, 136, 周一清晨的领导课
34906885, 7.3, 772, 让时间陪你慢慢变富
30310710, 8.2, 269, 七堂思维成长课
26863476, 8.1, 296, 领导梯队：全面打造领导力驱动型公司（原书第2版）
26895197, 7.1, 1011, The Subtle Art of Not Giving a F*ck
30358057, 7.6, 506, 为何你总是会受伤
34845754, 7.7, 447, 精准努力：刘媛媛的逆袭课
34846515, 7.7, 443, 人的全景
26927349, 7.2, 843, 从点子到产品
26952635, 6.8, 1577, 完全写作指南
27030811, 7.2, 838, 为什么精英都是Excel控
26342494, 7.1, 961, 美女都是狠角色
30309385, 7.7, 432, 为什么精英这样用脑不会累
26657426, 8.4, 210, 高效能人士的7个习惯（人际关系篇）
01175396, 7.9, 343, 跳出盒子
06982371, 8.3, 228, 这书能让你永久戒烟
25985811, 7.7, 426, 非暴力沟通实践篇
25881693, 7.3, 705, 少有人走的路3
33442605, 7.9, 338, 人类木马程序
26351085, 7.5, 532, 自在力
26828557, 7.3, 690, 从行动开始
26379069, 7.1, 913, 麦肯锡入职培训第一课
34450938, 7.1, 912, 焦虑星球笔记
30348435, 7.5, 526, 如何想到又做到
30408726, 8.3, 221, 自尊（原书第4版）
26650965, 7.2, 781, 生命清单
33452604, 7.3, 674, 当你又忙又美，何惧患得患失
26789264, 6.4, 3003, 极简生活
26309534, 7.9, 323, 沃顿商学院最受欢迎的成功课
26897699, 6.7, 1676, 极简：在你拥有的一切之下，发现你想要的生活
34858766, 7.9, 320, 大脑修复术
30383527, 8.7, 152, 真正厉害的人，都能掌控自己的情绪
24298931, 7.0, 1011, 专注力
27156385, 7.4, 568, 极简思考
27196897, 7.4, 566, 高情商聊天术
11523251, 6.7, 1622, 超级时间整理术
26413204, 6.2, 4319, 聪明人用方格笔记本
24844990, 7.8, 345, 说话的力量
26674196, 8.3, 208, 知道做到
11592378, 8.2, 228, So Good They Can&#39;t Ignore You
26378862, 7.0, 969, 气质
25781017, 9.5, 83, 分析心理学的理论与实践
26631269, 8.6, 158, 洛克菲勒写给儿子的38封信
26699117, 7.6, 426, 自律力
25747577, 6.8, 1303, 7天治愈拖延症
04932572, 8.4, 186, 走出忧郁
30253066, 6.7, 1508, 洋葱阅读法
34793488, 7.4, 527, 认知红利
26944900, 7.3, 598, 零秒工作
26694945, 7.5, 462, 抗压力
30141707, 7.2, 675, 如何戒掉坏习惯
06828163, 6.4, 2565, 4点起床
27174024, 7.0, 888, 混乱
26787167, 6.9, 1035, 每天最重要的2小时
34439461, 7.9, 284, 范志红：吃出健康好身材
24531573, 7.2, 656, 自制力
10570075, 7.7, 350, 找到人生的好感觉
27667267, 7.3, 570, 明年更年轻
21331220, 7.0, 861, 简单就好生活可以很德国
33431785, 8.9, 115, 生存的12條法則
33419167, 7.8, 307, 你有你的计划，世界另有计划
26703731, 7.1, 727, 超效率手册
30435330, 6.7, 1347, 基本穿搭
30387377, 7.8, 301, 深度营养
30247737, 7.0, 815, 加速：从拖延到高效，过三倍速度人生
30352397, 8.1, 218, 认同自己：如何超越与生俱来的弱点
26820338, 7.4, 469, 从自我苛求中解放出来
26838508, 7.3, 532, 具身认知
30379317, 8.0, 237, 做自己人生的CEO
30229586, 8.1, 213, 上班妈妈的生活管理术
03624226, 8.0, 234, 富爸爸投资指南
04720223, 8.1, 212, 一生的计划
34431154, 7.0, 778, 学会吃饭
26933283, 6.6, 1486, 罗辑思维：我懂你的知识焦虑
33440207, 9.0, 100, 文化就是身体(修订版)
25984823, 7.2, 582, 你的时间有限，不要为别人而活
33439323, 6.8, 1037, 精进2
27014998, 7.5, 388, 高效的秘密
26422177, 7.4, 438, 轻松学会独立思考
30151792, 7.9, 249, 晚熟时代
34455896, 7.3, 494, 从受欢迎到被需要：高情商决定你的社交价值
34454455, 8.5, 141, 改变你的作息，改变你的生活
26894686, 7.8, 271, 棉花糖实验
30244208, 7.6, 337, 5分钟商学院•个人篇
02368360, 8.1, 199, 领袖性格
34860967, 8.2, 181, 性格拼图
30354703, 7.7, 295, 学习力：颠覆职场学习的高效方法
34820460, 7.3, 470, 番茄工作法
06717149, 8.0, 214, 分心也有好人生
27009503, 7.1, 610, 所谓会说话，就是会换位思考
30289880, 7.6, 323, 生而不凡
04821388, 8.8, 107, 不羁的灵魂
30364340, 8.0, 211, 别找替罪羊
30377774, 7.2, 523, 怦然心动的人生整理魔法·实践解惑篇
25756576, 7.9, 232, 自我激励的100种方法
34432245, 6.6, 1278, 焦虑型人格自救手册
25976876, 7.8, 253, 轻疗愈
26849278, 6.4, 1839, 你的善良必须有点锋芒
26936242, 7.1, 585, 内向者沟通圣经
33376035, 7.3, 446, 跨界学习
03360993, 8.2, 170, The Power of Less
03296364, 8.1, 183, Zen To Done
26664265, 7.8, 245, Grit
26836278, 7.9, 220, 和秋叶一起学职场技能
26933946, 6.9, 745, 如何才能不焦虑
24699306, 6.8, 862, 整理的艺术2：时间是整理出来的
27192048, 7.6, 294, 一人份料理
27170462, 7.1, 540, 好好吃饭
01007949, 8.9, 92, 与成功有约-全面造就自己
27077781, 7.1, 536, 斜杠创业家
25961421, 8.4, 134, 情绪自控力
30390251, 9.5, 62, 内向性格的竞争力（青少版）
10485205, 7.6, 288, 搞定Ⅲ
25830853, 7.2, 466, 如何把事情做到最好
26986573, 8.2, 158, 项目管理精华
30155297, 7.3, 406, 时间的悖论
30229762, 7.3, 406, 别生气啦
30218245, 8.1, 172, 你要如何衡量你的人生
30253311, 7.1, 523, 美好人生运营指南
26928018, 8.2, 155, 注意力曲线——打败分心与焦虑
34866445, 8.1, 169, 如何成为学霸
26823158, 8.4, 130, 能量：9个能量场实验激活不可思议人生
02075108, 8.7, 102, 人性的优点
26745535, 8.4, 129, TED Talks
26289139, 7.3, 376, 你远比想象中强大
27156383, 7.7, 238, 深度影响
27121054, 7.0, 556, 反本能
34822813, 7.5, 295, 规划最好的一年
30265798, 7.8, 213, 去当你想当的任何人吧
26882462, 6.5, 1208, 你从未真正拼过
26952228, 8.1, 159, 论幸福生活
30134794, 7.7, 233, 天才假象
26381384, 8.2, 144, 让大脑自由（经典版）
03574846, 8.3, 132, 辩证行为疗法
30351542, 6.5, 1182, 斯坦福高效睡眠法
30366280, 7.8, 208, 一学就会的超级手帐术
01217156, 7.4, 320, 沟通的艺术:卡耐基人际交往的成功智慧
25768468, 7.8, 207, 爱有8种习惯
34439350, 7.5, 283, 小逻辑
30325328, 7.8, 205, 悲伤的力量
24642227, 8.5, 109, The 7 Habits of Highly Effective People
20492915, 7.8, 201, 领导力
27153543, 8.1, 151, 日常生活中的核心基础运动
34636318, 8.1, 151, 为什么精英这样沟通最高效
26429719, 6.9, 586, 麦肯锡工作法
27001637, 7.6, 244, 零秒思考
27069084, 8.7, 92, 理解人性
05415037, 8.5, 105, HBR&#39;s 10 Must Reads on Managing Yourself
30371975, 8.7, 90, 通往財富自由之路
33446862, 9.0, 73, 不急不催
30259025, 7.0, 489, 行动变现：如何让我们的拼搏更有价值
34669150, 7.5, 262, 思维的囚徒
02350248, 9.3, 60, 人寻找自己
11978131, 8.4, 112, 激发无限潜能
25963524, 7.5, 259, 系统思考
27168564, 7.0, 480, 清单革命
11583939, 9.4, 56, 行动科学
25762577, 7.3, 321, 高效能人士的时间和个人管理法则
30247498, 8.0, 153, 一个人的修养，看失意时的善良
34436016, 7.2, 360, 高效忍者
27596974, 7.6, 225, 哪有没时间这回事II
30197924, 7.2, 356, 记忆宫殿
20507359, 7.6, 224, 不要一大早就刷微博
30330693, 6.5, 990, 写作是最好的自我投资
30205294, 7.3, 312, 有序
30386781, 9.2, 61, 人格障碍的认知行为疗法（第3版）
26803289, 7.8, 180, 决策的艺术
25860768, 8.2, 124, 理想的簡單生活
20480426, 7.9, 162, The Art of Thinking Clearly
27114634, 7.2, 344, 每天最重要的3件事
27038805, 7.9, 160, 爱自己的人自带光芒
34884817, 8.5, 96, 引爆自律力
27166782, 7.1, 384, 和时间做朋友
27034269, 6.7, 676, 人活到极致，一定是素与简
27120231, 7.6, 214, 减肥不是挨饿而是与食物合作
25736551, 7.5, 237, 王者速读法（2013年新版）
27034322, 7.1, 381, 一页纸工作整理术
33380265, 8.3, 111, 好听
25765450, 7.0, 430, 如何控制自己的情绪
24708172, 7.2, 330, 自控力2
26636282, 6.6, 770, 如果你想过1%的生活
30191733, 7.9, 155, 对财富说是
26825914, 8.1, 127, 情商
30409111, 8.4, 99, 慢的艺术
34951531, 8.4, 99, 要领
01194180, 8.0, 138, 神秘的睡眠
30181942, 7.0, 406, 麻省理工深度思考法
11622361, 8.3, 105, 洛克菲勒留给儿子的38封信
26642365, 8.4, 97, 哈佛商业评论管理必读：大师十论
01772153, 8.2, 113, Emotional Intelligence
03347618, 7.3, 274, 高绩效人士的五项管理
34789035, 8.3, 104, 终身学习（领导力篇）
34979471, 8.5, 89, 与内心的恐惧对话
30270040, 7.8, 161, 少有人走的路：心智成熟的旅程
30322298, 7.4, 243, 无压力社交
26747779, 7.5, 217, 在办公室外思考：活用另外8小时，做自由空间里的高产者
30280416, 7.2, 305, 时机管理
04309469, 9.6, 44, FYI For Your Improvement
05259532, 7.3, 269, 把时间留给最重要的事
26391279, 6.5, 819, 如何高效阅读
34448862, 8.1, 120, 如何达成目标
30278284, 7.3, 266, 洞见
21248826, 8.0, 129, “升职超人”教你旋风成长法则
25778576, 7.9, 140, 魅力
25743892, 7.8, 153, 战胜拖拉（升级版）
30289874, 6.5, 780, 早起魔法
30416734, 8.4, 91, 焦虑急救
30359840, 7.8, 151, 走出原生家庭创伤
30402230, 7.4, 225, 坚毅
10770914, 7.8, 148, 6个问题竟能说服各种人
30289868, 8.4, 88, 改变提问，改变人生：12个改善生活与工作的有力工具（原书第3版）
26592323, 7.5, 197, Big Magic
30324730, 7.2, 276, 精简写作
30305653, 8.0, 120, 极简思维
30318661, 7.3, 241, 李光耀谈治国、管理和人生
34838349, 7.9, 131, 复盘思维 用经验提升能力的有效方法
27605919, 9.3, 48, 鏡子練習
25849534, 7.0, 347, 30年后，你拿什么养活自己3
27071913, 6.3, 1015, 刻意学习
30286806, 8.5, 80, 人類木馬程式
01849836, 8.3, 93, Get Things Done
30312510, 6.1, 1480, 深度思考
20283438, 7.4, 213, 工具
27069153, 6.1, 1471, 人生效率手册
30247013, 8.0, 118, 自控力
33407770, 7.0, 338, 趁早（十周年畅销升级版）
27601524, 7.5, 188, 与身体对话
26292238, 6.3, 975, 我的第一本思维导图入门书
26350327, 7.7, 152, 机关行为36“忌”
26844372, 7.1, 291, 你充满电了吗？
26876510, 7.0, 330, 你为什么而工作
26890609, 7.8, 136, 感召力
26952307, 8.2, 96, 武志红四本书(套装共4册）
06990093, 6.1, 1343, 超级整理术
26769282, 7.5, 178, 如何作出正确决策
33459496, 8.9, 57, Twelve Rules for Life
30355382, 7.4, 196, 人生学校：理想的工作
26156662, 7.1, 270, 放弃的艺术
27075998, 6.7, 457, 轻断食：戒糖篇
26709039, 7.4, 190, 画出你的答案
30374975, 7.6, 153, Digital Minimalism
27041352, 7.0, 298, 四型生理时钟
25186158, 7.1, 263, 心理暗示力
27185418, 6.8, 385, 精准努力
34439444, 8.0, 105, 笔记思考术
30406446, 6.8, 380, 30岁前的每一天
27199030, 6.5, 593, 盗火
30140005, 6.3, 828, 早起的奇迹
06731416, 9.2, 45, 曾国藩家书
26312412, 7.3, 202, 发现你的天赋
27198035, 6.8, 374, 工作是最好的修行
26703405, 6.9, 326, 少做一点不会死
26605932, 7.1, 252, 终结拖延症
04254228, 8.9, 53, Self-Discipline in 10 Days
26990717, 8.1, 93, 你不可不知的人性（全二册）（新版）
34860450, 7.1, 249, 理财就是理生活：6个受益一生的财富思维
26747778, 7.2, 221, 博恩·崔西的时间管理课
30166808, 7.2, 221, 高效PDCA工作术
26878224, 8.2, 85, 焦虑的意义
33443534, 8.9, 52, 不急不躁
26762231, 7.5, 157, 给人好印象的秘诀
27604280, 6.7, 410, 拖拉一点也无妨
34928407, 8.2, 84, 写给年轻人的中国智慧（套装共4册）
30454018, 7.7, 128, 你为什么总是说不出心里话
26281013, 8.0, 98, 方向的力量
26928995, 7.2, 212, 如何有效管理每一分钱
20492080, 6.8, 345, 每天节省2小时
34464459, 7.2, 209, 上手
30261677, 7.0, 264, 把不安当作朋友(如何直面我们内心的冲突)
26296636, 7.9, 104, 心理控制方法
30312497, 7.1, 230, 会说话的人运气都不会太差
26774685, 8.8, 53, 一個人生活
26670648, 6.4, 609, 关键20小时，快速学会任何技能！
20439782, 7.5, 147, The One Thing
26747797, 6.7, 380, 如何改变习惯
27177491, 6.4, 600, 知识变现
34856060, 6.6, 436, 穷忙，是你不懂梳理人生
27192353, 6.4, 595, 钝感力
27203439, 7.8, 110, 10倍速目标达成法:孙正义的高效法则
30406461, 6.5, 506, 微精通
26288910, 7.7, 120, 怕，有什么可怕的
25870402, 6.9, 286, 整理的艺术4：升职从整理开始
34923186, 7.9, 100, 学会如何学习
34428963, 7.8, 109, 生活需要孤独感
30289367, 7.3, 177, 复原力
30159661, 6.9, 281, 规划力
25967709, 7.0, 247, 管道的故事
26892194, 7.1, 217, 自卑与超越
33462655, 6.6, 418, 副业赚钱
30347828, 8.3, 71, 最好时光是现在
25772285, 6.2, 792, 当时忍住就好了
25847073, 8.2, 76, Mini Habits
30203081, 6.3, 660, 关键是品味！
30391803, 6.7, 348, 小家越住越美的极简收纳术
30326100, 8.8, 49, The Laws of Human Nature
30233927, 6.9, 262, 富有的习惯
20282795, 6.7, 340, 史上最简单的问题解决手册
27062672, 8.1, 79, 抱怨的艺术
28552683, 7.6, 121, 你来人间一趟，你要发光发亮
34795049, 6.9, 259, 超级大脑的七个习惯
35003590, 5.8, 1623, 一年顶十年
27608170, 8.5, 58, 最高休息法
30238768, 6.2, 722, 精彩人生的一分钟小习惯
30801744, 8.1, 77, 业力管理
26600342, 6.6, 375, 一万小时天才理论（经典版）
35030202, 8.2, 71, 童年
30475137, 7.2, 174, 手写人生
27941770, 7.1, 194, 你的生存本能正在杀死你（修订版）
27132339, 6.8, 277, 如何有效提问
33407073, 6.4, 493, 精力管理手册
34431990, 7.9, 88, 戳中痛点，成为文案高手
10560041, 7.7, 104, 社会不教，精英不讲，坎儿还得自己过
30203060, 6.4, 486, 终身学习：10个你必须掌握的未来生存法则
26341996, 6.9, 240, 给40岁的崭新开始
30212206, 6.8, 272, 给我看你的手账吧！
30384979, 8.1, 74, 原始饮食
30187584, 7.1, 188, 笔记女王的手帐活用术
27001122, 6.7, 308, 颠覆平庸
03687077, 6.3, 562, 请给我结果
27166644, 6.4, 475, 精致
02340014, 7.2, 165, 高效冠军
33504462, 6.9, 230, 表达力
10617754, 7.4, 132, 资本的秘密
01498506, 7.3, 146, How to Talk to Anyone
30206773, 7.1, 181, 游戏改变人生
26901346, 7.0, 201, 家庭断舍离
26918115, 8.6, 50, 阿德勒心理学讲义
30345794, 6.9, 226, 能力变现
26868680, 7.6, 106, 少的乐趣
27596994, 7.5, 116, 掌控生活，从掌控时间开始
26828541, 8.0, 75, Ego Is the Enemy
26287447, 7.4, 126, 绝对达成
01676620, 6.6, 323, 优雅太太教我的事
35013824, 7.7, 95, 本事
34989805, 7.9, 80, 两周逃出脏乱房间
26939337, 9.1, 36, 求医不如求己（典藏版）
01327400, 8.9, 40, 内在革命
30270124, 7.4, 122, 从极简到极致：在擅长的领域做一个厉害的人
30475067, 8.2, 62, 极简目标管理法:28天养成卓越人士的思维和行动模式
27203447, 7.4, 121, 整理生活，从整理内心开始：改变深层思维与习惯，过上持久整洁的生活！
34901725, 7.7, 91, 达成小目标
26296471, 7.5, 108, 戒瘾
26356017, 6.6, 300, 专注
27070171, 7.1, 161, 高情商是练出来的
25911312, 7.0, 180, 卓有成效的个人管理
22994105, 6.3, 467, 1分钟能做什么
35045512, 8.6, 46, 复原力
26639151, 6.5, 337, 图解整理术
30447829, 7.1, 157, 我是怎样摆平焦虑的
26903070, 7.9, 74, 比从前更好
27621053, 6.4, 386, 灰度决策：如何处理复杂、棘手、高风险的难题
27622528, 7.3, 126, 怎样才叫会说话
30427922, 6.6, 286, 掌控关系
30163524, 7.5, 103, 学会快乐
26755861, 8.3, 54, 唯奋斗者得功名
30327043, 7.9, 72, Make Time
27200484, 6.6, 276, 学习力
27077847, 7.9, 71, 成长到死
27074753, 7.2, 133, 别独自用餐
26905838, 7.3, 120, 视觉思维
26668453, 8.0, 65, 超级时间倍增术
05504202, 7.2, 132, 打开你的降落伞
02340632, 8.3, 52, 领导者性格
20504840, 7.0, 162, 自控术
27080718, 6.9, 177, 别让无效努力毁了你(方法错了越努力越低效)
33420717, 7.2, 127, 终身成长行动指南
26649651, 7.8, 73, 麻理惠的整理魔法
26612476, 7.3, 113, 搞定III：平衡工作与生活的艺术(最新版)
32920206, 6.7, 221, 便签整理术
26313645, 6.4, 332, 一流成功人士早餐前都做什么
03353860, 7.1, 137, 思维风暴
30328798, 6.4, 331, 你的努力要配得上你的野心
34444755, 6.8, 192, 细节的力量
26802252, 5.6, 1443, 为什么精英都是清单控
26599014, 6.8, 189, 善用时间
26291539, 7.7, 76, 正念冥想
27593523, 6.5, 276, 气质最好的样子
30360720, 7.7, 75, The Bullet Journal Method
26671649, 6.0, 600, Google工作整理术
27017634, 7.4, 96, 决策的力量
06843895, 7.3, 105, 人性的弱点全集
26854756, 8.4, 44, 最有生產力的一年
25867002, 6.2, 414, 解决问题最简单的方法
30176664, 6.1, 489, 丰田一页纸极简思考法
34928250, 7.4, 94, 专注力
30312677, 6.5, 260, 改变你的姿态，改变你的气质
10517643, 6.5, 257, 搞定Ⅱ
27128640, 6.7, 194, 全神贯注的方法
27081083, 6.8, 171, 成为你想看到的改变
26426895, 7.2, 110, 冥想5分钟，等于熟睡一小时（修订版）
33370506, 7.1, 121, 简单，应对复杂世界的利器
25894706, 6.4, 286, 用系统来工作
34786699, 7.5, 82, 无印良品笔记术：四个步骤实现持续提升
34456197, 8.6, 37, 掌控情绪，遇见更好的自己
30300148, 6.3, 326, 极简思维
26427346, 7.9, 58, 高效人生的12个关键点
27135370, 6.4, 275, 进阶
27129045, 6.4, 273, 你只是看起来很努力(全新修订)
34439706, 7.7, 67, 牛津的6堂自我精进课
33474650, 6.4, 271, 一日之计：精英们的清晨日课
25772682, 7.5, 79, 神奇的结构1
26943184, 8.3, 43, 边缘型人格障碍生存指南
10549375, 7.6, 72, 工作其实很简单
30141120, 7.7, 66, 超强大脑
26295702, 6.6, 203, 工作断舍离
30257520, 7.4, 85, 精英的人格魅力课
25848543, 7.0, 124, 最强大脑
30176043, 8.6, 35, 伯恩斯新情绪疗法Ⅲ
30409537, 8.1, 48, 任务就要按时完成
27668161, 7.3, 91, 让自己更值钱
30213796, 7.2, 100, 要搞定
33457437, 6.5, 223, 不疲惫的精力管理术
27623835, 6.7, 172, 极简穿搭
30124849, 8.4, 39, 改变的历程
26435862, 9.3, 24, How We Learn
30218879, 6.2, 338, 绝对自控
26729803, 6.2, 335, 沃顿商学院自我管理课
03187419, 7.0, 119, 5分钟集中力训练
30128366, 6.2, 331, 《从零开始学收纳·基础篇》
30268099, 6.9, 128, 1%法则
34678725, 6.8, 143, 优势成长
01085725, 7.8, 56, 挥杆
33423699, 6.9, 125, 人生效率手册：重塑升级版
34941550, 8.8, 29, 增值陷阱
26868685, 7.6, 64, 习惯力
34438627, 6.9, 124, 麦肯锡高效工作法
26362196, 6.0, 426, 聪明人是如何思考的
30411212, 7.5, 69, 当时忍住就好了（插画典藏版）
06121207, 7.8, 54, 支撑
25795553, 7.0, 108, ADD的人生整理术
30222644, 6.3, 250, 深度成长
27102650, 8.4, 35, 深度工作力
26598457, 6.3, 247, 复盘+:把经验转化为能力
34835370, 7.0, 104, 做出好决定：案例版
26394915, 7.6, 60, 临终前最后悔的五件事
27054052, 6.6, 160, 刻意练习：如何成为一个高手
20492633, 8.4, 34, 目标!
01335410, 8.8, 27, 芳香療法情緒心理配方寶典
34438159, 7.4, 69, 生酮饮食
26806308, 6.4, 204, 结构性思维
34785242, 8.2, 38, 精力与时间双重管理研习手册
26863988, 9.2, 22, 人才管理大师：卓越领导者先培养人再考虑业绩
03822394, 7.5, 62, 现在，发现你的领导力优势
10785670, 8.9, 25, 曾国藩家书
26335676, 6.7, 134, 女人的格局决定结局
32400230, 7.5, 61, Everything Is F*cked
30401271, 7.7, 52, 大道和小道
26786609, 7.0, 93, 穷理查开悟书
01914739, 6.7, 127, 请记住
26349462, 7.9, 43, Better Than Before
30303762, 6.3, 209, 高效学习
27182263, 7.0, 91, When
34458726, 7.8, 46, 健康日历2020
01041249, 8.0, 40, 自我激励的100种方法
30270050, 7.6, 53, 少有人走的路3：与心灵对话
35030849, 6.6, 134, 舍：做减法的勇气
30204668, 5.7, 519, 阶层跃迁
27136672, 6.7, 116, 三重专注力：如何提升互联网一代最稀缺的能力
35036262, 8.7, 25, 工作需要仪式感
25960652, 6.4, 165, 英雄
30457695, 6.3, 187, 一个笔记本搞定你的拖延症
26932497, 5.7, 476, 华为工作法
26345861, 8.0, 36, 别让人生，输给了心情
34915970, 6.6, 121, 动机心理学 : 克服成瘾、拖延与懒惰的快乐原则
26267079, 9.4, 17, 青蛙如何变王子
30376261, 6.4, 148, 聪明人极简图表工作法
30144372, 6.4, 147, 如何系统思考
33380824, 7.6, 45, 卓越工作
27136676, 6.1, 218, 超级学霸:受用终身的速效学习法
34603495, 7.1, 67, 零压人生
26761335, 7.3, 55, 请尊重一个姑娘的努力
30457942, 8.0, 33, 未来蓝图
27199270, 5.4, 749, 高效阅读
01085645, 6.2, 178, 成功人士战胜疲劳的秘密
30197336, 6.0, 233, 《我这么自律，就是为了不平庸至死》
26781966, 8.5, 24, 早上最重要的3件事
26804713, 6.6, 104, 超级精力管理术
27108756, 6.7, 93, 云梯：从新人到达人的职场进化论
26771105, 6.2, 168, 如何在30秒内说出关键点
26419492, 7.5, 44, 特拉蒙普自传
06858565, 8.6, 22, 人生がときめく片付けの魔法
30217897, 6.0, 218, 为什么精英都有超强专注力
30365666, 7.8, 35, 活出精彩
26278694, 7.6, 40, 精通情绪：充分乐享人生之道
33400258, 7.5, 43, 超级个体：打造你的多维竞争力
26778731, 6.2, 161, 麦肯锡教我的工作方法
24805776, 8.2, 27, Focus
25926762, 7.1, 59, 自媒体时代，我们该如何做营销
26986715, 5.6, 418, 别输在不会表达上
26200175, 7.2, 53, 盖洛普科学家告诉你，三个细节决定健康
26906726, 5.2, 987, 极简力
30184839, 6.9, 68, 战胜拖延症
21266826, 6.8, 75, 哈佛情商课
30188002, 5.8, 273, 为什么精英都是方法控
20008461, 6.6, 90, You Are a Badass
30289577, 6.9, 66, 大学四年：我多想在入校前就知道的事
11538738, 6.9, 65, 记忆魔法工具箱
30234120, 6.3, 125, 如何控制负面情绪
34669054, 7.5, 39, 十四堂人生创意课（全三册）
33645931, 6.3, 124, 出众，从改变习惯开始
30296754, 5.8, 255, 余生好贵 请勿浪费
27017460, 6.8, 70, 麦肯锡问题解决方法与技巧
26612474, 6.3, 120, 搞定II：提升工作与生活效率的52项原则(最新版)
34779670, 6.8, 68, 孙正义的时间管理术
25846810, 5.5, 412, 早晨型人更容易成功!
34849054, 8.1, 25, 蔡康永的情商課2：因為這是你的人生
26438529, 6.4, 101, 小狗钱钱的人生整理术
34429218, 6.7, 72, 影响力变现
34925444, 8.6, 19, 对身边的软暴力说不
34822365, 7.3, 42, 所谓时间管理，就是选择性放弃
30465562, 5.4, 484, 如何用kindle高效学习
34794044, 9.1, 15, 告别情绪性进食的DBT方法
26836326, 6.1, 143, 快节奏
27173684, 7.7, 31, 年龄只是数字
01511713, 7.8, 29, 跳出想吃又怕胖的陷阱
34972454, 7.8, 29, 引爆执行力
25985657, 6.3, 109, 别让成功卡在说话上
30381386, 6.5, 85, 做事的常识
32567134, 7.3, 40, 複利效應
34873342, 6.9, 55, 掌控精力
27608715, 8.2, 22, High Performance Habits
30289491, 5.8, 207, 再忙也要用心生活
26870566, 6.3, 100, 1分钟超强笔记术
27181980, 8.0, 24, 一個人的獲利模式：用這張圖，探索你未來要走的路
34909600, 6.8, 58, 学习的答案：为终身学习者赋能
30405064, 7.9, 25, 这辈子，只能这样吗
20485545, 6.3, 96, 复盘+：把经验转化为能力
27621061, 7.8, 26, 管理成就生活（原书第2版）
25755525, 5.3, 467, 戒了吧，拖延症
30283586, 7.9, 24, 如何在大学里脱颖而出
30403242, 7.4, 33, 子彈思考整理術
35051993, 7.0, 45, 反惰性
30381676, 6.0, 133, 极简关系
01042026, 7.1, 41, 积极思考的力量
34906442, 8.2, 20, 肥胖代码 减肥的秘密
35033867, 8.1, 21, 收纳完全指南
25964094, 7.4, 32, 每天学一点超级自控力——卡耐基情绪管理术与意志力训练
30374613, 5.6, 238, 思维导图完整手册
30376280, 8.7, 15, 高效能人士的思维方式
35048510, 8.0, 21, 自驱型成长
30343845, 6.8, 49, 不消費的一年
30278523, 8.8, 14, 第五项修炼④⑤
26290253, 6.1, 100, 断食：饮食也要断舍离
30628657, 6.5, 63, 为什么精英都是动机控
35036157, 8.0, 20, 不讲道理的职场
30295278, 7.9, 21, 高效领导力
34810216, 7.9, 21, 超高效时间管理
34812085, 6.5, 60, 成为优雅女人的108个基本
27116616, 8.4, 16, 專注力就是你的超能力
34461616, 8.4, 16, Hacking Life
34892911, 5.9, 116, 为什么时间总是不够用
04214594, 6.4, 63, 烦恼力
26706307, 7.2, 31, 意念的治愈力
26877016, 6.5, 56, 下个10000小时，你打算怎样过？
11576826, 5.7, 153, 别人不说.你一定要懂的人情世故
27014971, 7.7, 22, 大思想的神奇
26303493, 5.4, 253, 20-30岁，我拿十年做什么？
30838779, 6.4, 61, 把自己当作公司来经营（生活美学大师松浦弥太郎说：人生就是不断做出各种选择，经营“自己公司”也一样）
34895299, 6.1, 83, 快乐的陷阱：40个让你痛苦和停滞不前的行为模式
34981732, 8.7, 13, 笑熬职场
26586181, 7.9, 19, 激发个人效能的五个选择
30459828, 5.8, 123, 100小时逻辑思考课：如何成为一个会解决问题的人
26912956, 7.7, 21, The Daily Stoic
34849381, 6.7, 42, 高能要事
19906943, 7.5, 23, 哈佛商学院管理全书（全10册）
33429257, 8.0, 17, 终身创造力
19986616, 4.9, 561, 哈佛凌晨4点半
30181740, 7.1, 27, 最重要的日常
30319486, 5.7, 114, 你坚持的原则其实害了你
34825695, 6.3, 52, 深度说服
04267153, 5.9, 80, 销售攻心术
26677371, 5.8, 90, 《戒了吧！拖延症（升级版）——21天搞定拖延症》
27038720, 6.5, 39, 不做的勇气
30133569, 7.9, 15, 情緒陰影
27074814, 6.8, 29, NLP：自我改变的惊人秘密
34808391, 7.3, 19, 正直
33423488, 7.8, 14, 自我领导力
30231552, 6.2, 43, 成长型思维：从平凡到优秀的七种思维模式
27053288, 5.3, 141, 极简工作Ⅰ
27665436, 6.2, 41, 复盘(对过去的事情做思维演练实践版)
30304569, 6.5, 31, 拆掉思维里的墙
26576585, 8.0, 12, 愛的開放式
25777373, 4.5, 890, 哈佛凌晨四点半（升级版）
25918611, 6.4, 31, 專注的力量
34933306, 6.5, 27, 一亿赞
26753174, 5.3, 106, 好习惯Get，时间Max！
27161756, 6.9, 19, 如何讨论
34795267, 6.8, 20, 厉害的人，从来不靠情绪表达自己
26591917, 7.0, 17, 為什麼菁英都是清單控？
26944772, 7.2, 14, The More of Less
34923246, 6.4, 24, 理想体重，从改造大脑开始
30376080, 6.0, 30, 关键改变：如何实现自我蜕变
35018014, 6.4, 18, 能力清单
35046522, 6.4, 18, 深层认知
26460704, 7.0, 11, 顾客为什么买
30278572, 6.5, 13, 第五项修炼③
34793017, 6.6, 12, Stillness Is The Key
27046961, 5.5, 24, 如何管理自己
25804907, 5.3, 30, 诱惑心理学:欲望挑动了你的哪根神经
30409489, 6.0, 15, 深度思考法
27090471, 5.9, 16, 10秒钟就行动
30255028, 5.1, 30, 量化自我：如何利用数据成就更幸福的自己
34993001, 4.9, 33, 每个人的OKR
34874284, 3.7, 62, 闭环思维
06434842, 0.0, 10, 想成功，先吃了那隻青蛙
27619605, 0.0, 10, 青少年多动症练习手册
35048837, 0.0, 11, 墨菲定律
35051997, 0.0, 12, 本质思考
01728991, 0.0, 15, 心态决定命运
02220059, 0.0, 15, 思考的人
01090278, 0.0, 18, 超级学习法2000
35093444, 0.0, 19, 心理学通识
11524333, 0.0, 29, 稻盛和夫给年轻人的忠告
01033342, 0.0, 64, 高效能家庭的7个习惯
