2020-07-05 16:00:15

number of books, tag name
613, 自由

ID, rating, votes, title
06082808, 9.2, 294595, 百年孤独
04820710, 9.3, 147879, 1984
01082154, 9.1, 190800, 活着
01361264, 9.0, 186406, 撒哈拉的故事
04908885, 9.0, 129294, 局外人
01054685, 9.1, 100739, 沉默的大多数
01060068, 9.2, 79459, 撒哈拉的故事
01089243, 8.9, 124074, 黄金时代
26954760, 8.8, 149145, 月亮与六便士
01829226, 9.1, 85336, 肖申克的救赎
01007914, 8.7, 158692, 窗边的小豆豆
01017143, 8.5, 200888, 不能承受的生命之轻
01141406, 8.5, 186827, 简爱（英文全本）
01255624, 8.9, 80230, 神雕侠侣
02143732, 8.8, 91251, 灿烂千阳
02035162, 9.0, 55001, 刀锋
01045818, 8.5, 105807, 苏菲的世界
01058661, 8.9, 50616, 飞鸟集
01029111, 8.9, 44656, 哭泣的骆驼
01027191, 9.0, 36518, 历史深处的忧虑
01119522, 8.4, 102872, 呼啸山庄
06798611, 8.7, 47506, 史蒂夫·乔布斯传
26382433, 8.2, 115953, 无声告白
06789605, 9.1, 23067, 树上的男爵
03815131, 9.4, 14561, 一九八四
10560798, 8.7, 41724, 面纱
26576861, 9.0, 25138, 最好的告别
01018136, 9.1, 21044, 动物庄园
01012611, 8.2, 98211, 乌合之众
04920007, 8.8, 31636, 不能承受的生命之轻
04885241, 8.4, 62834, 1Q84 BOOK 2
03026879, 8.8, 28936, 爱的艺术
02035171, 9.0, 20029, 人生的枷锁
01291809, 8.6, 37092, 世界尽头与冷酷仙境
01865089, 8.4, 51684, 瓦尔登湖
01059419, 8.1, 90762, 海边的卡夫卡
05275059, 7.9, 138111, 1988：我想和这个世界谈谈
01529893, 8.0, 90410, 莲花
03578470, 9.0, 15420, 德米安
03883991, 9.3, 9580, 动物农场
01776683, 9.0, 14345, 沉默的大多数
26369699, 8.6, 26253, 被讨厌的勇气
02053249, 8.1, 62229, 麦田里的守望者
04881850, 9.1, 11586, 阿勒泰的角落
04884218, 8.8, 17962, 我的阿勒泰
05437113, 9.1, 10733, 窗边的小豆豆
27002046, 9.1, 10539, 美丽新世界
06021440, 8.7, 18587, 黑客与画家
04124727, 8.1, 51465, 孤独六讲
02022979, 8.0, 62016, 喜宝
26704403, 8.8, 13981, 二手时间
01963310, 8.2, 36978, 大地之灯
04071859, 9.4, 5920, 我在伊朗长大
26695174, 9.1, 8344, 灯塔
01077528, 8.8, 12562, 通往奴役之路
01082518, 7.9, 59967, 麦田里的守望者
01041385, 9.2, 6983, 论美国的民主
01418180, 8.9, 10128, 思维的乐趣
27107109, 9.4, 4987, 百年孤独
06789551, 8.9, 9509, 不存在的骑士
01012307, 9.2, 6239, 规训与惩罚
02250587, 7.6, 82962, 一个人的好天气
26319730, 8.5, 15011, 娱乐至死
26997048, 9.1, 6213, 撒哈拉的故事
01794620, 7.8, 48450, 芒果街上的小屋
02244146, 8.1, 26924, 穆斯林的葬礼
01056461, 8.3, 18402, 旅行的艺术
04618225, 8.2, 21767, 不去会死！
01883992, 9.0, 6337, 黄金时代
26707295, 8.7, 9675, 月亮和六便士
01026425, 7.4, 108286, 三重门
05408882, 9.0, 6197, 公正
01059937, 8.4, 14760, 微笑的鱼
30128204, 8.9, 6774, 莫斯科绅士
21346636, 9.5, 3141, 三毛典藏全集
26418475, 9.2, 4460, 逃避自由
06397522, 9.3, 3789, 论自由
03111270, 9.4, 3182, 一九八四
06558706, 8.9, 5974, 温柔的夜
01061367, 8.4, 11624, 幸运儿
02282097, 8.8, 6330, 像自由一样美丽
04953695, 7.8, 31692, 拆掉思维里的墙
34659228, 8.7, 6416, 你想活出怎样的人生
01132956, 8.4, 9949, 白银时代
06534897, 9.3, 2809, 寻找家园（增订版）
01907199, 8.6, 6902, 扫起落叶好过冬
04286204, 8.1, 15101, 麦田里的守望者
30155720, 8.2, 12601, 小小小小的火
20376604, 9.1, 3409, 源泉
06902639, 7.8, 24876, 青春
01534951, 9.0, 3817, 逃避自由
03151990, 8.5, 7025, 达摩流浪者
01045466, 9.3, 2455, 一九八四
25697520, 8.0, 15277, 他们最幸福
06558202, 9.0, 3440, 容忍与自由
01005193, 8.6, 5527, 重新认识你自己
05401989, 8.0, 13280, 自由在高处
01456183, 8.2, 9389, 我的帝王生涯
06526752, 8.8, 3763, 生命之书
25984204, 7.3, 49264, 乖，摸摸头
01400195, 8.7, 4285, 论自由
04097161, 9.1, 2450, 肖申克的救赎
20425053, 7.6, 24204, 我所理解的生活
25708714, 8.9, 3068, 历史深处的忧虑
04199761, 8.3, 6906, 重新发现社会
10569619, 8.4, 5835, 自由
01288916, 8.6, 4277, 伤心咖啡店之歌
04159088, 7.8, 14892, 理想的下午
01010204, 8.5, 4827, 宽容
30141639, 8.8, 3204, 残次品
06097966, 8.0, 10277, 发条橙
20395185, 9.3, 1751, 一九八四
02302217, 8.6, 4070, 阿特拉斯耸耸肩（上下）
06516050, 8.2, 7115, 搭车去柏林
07064313, 7.7, 16545, 突然就走到了西藏
01315844, 9.2, 1868, 古拉格群岛（上中下）
01059537, 8.7, 3400, 沉重的肉身
01070007, 8.8, 2953, 致命的自负
01028268, 8.9, 2586, 正义论
01460340, 8.9, 2529, 人性的，太人性的
27204860, 8.3, 5650, 指数基金投资指南
03101021, 8.7, 3195, 极权主义的起源
01948922, 8.3, 5466, 面纱
01829799, 8.7, 2978, 爱的觉醒
25733467, 9.1, 1820, V字仇杀队
06430022, 8.6, 3355, 一路走来一路读 （增补本）
06953459, 9.2, 1572, 动物农庄
25838937, 8.7, 2779, 美丽新世界
04208780, 8.1, 6287, 流浪集
30427430, 9.1, 1665, 月亮与六便士
01193621, 8.5, 3390, 决策与判断
04266008, 8.3, 4353, 给一个未出生孩子的信
10743137, 7.7, 11422, 绿皮火车
03155180, 8.7, 2437, 荒野生存
23155678, 9.2, 1342, 1984
04741216, 7.3, 23095, 我的奋斗
01051440, 8.2, 4510, 在路上
03097539, 8.9, 1665, 自由选择
30418935, 9.0, 1481, 月亮与六便士
30394971, 9.4, 943, 论自由
04039903, 9.2, 1143, 王小波全集（第六卷 中篇小说）
11524927, 9.1, 1267, 月亮和六便士
01062134, 8.1, 4450, 狼图腾（简装本）
06977757, 8.4, 2892, 民主的细节
02295122, 8.4, 2877, 卡门
04240969, 8.7, 1947, 民主是一种现代生活
06878212, 7.9, 5914, 一个村庄里的中国
10763905, 7.7, 8226, 西游日记
01488794, 9.0, 1334, 荒野的呼唤
06068432, 9.2, 1064, 自由及其背叛
03263006, 8.8, 1643, 飞越疯人院
07916069, 8.8, 1568, 被禁锢的头脑
06844341, 7.6, 8506, 牡蛎男孩忧郁之死
06829323, 7.9, 5121, 我，睡了，81个人的沙发
01005813, 9.1, 1080, 自由秩序原理
01027030, 8.5, 2158, 常识
26575812, 7.0, 25935, 阿弥陀佛么么哒
03880846, 8.6, 1794, 学飞的盟盟
24716172, 8.9, 1257, 黄金时代
01255445, 8.5, 1792, 切·格瓦拉画传
01877291, 8.5, 1669, 论出版自由
03808486, 8.3, 2102, 杀手，无与伦比的自由
23780838, 9.1, 827, 沉默的大多数
26831234, 8.3, 2082, 不属于我们的世纪
20475794, 8.0, 3075, 身体知道答案
25777331, 8.5, 1518, 美国十讲
26852425, 8.7, 1164, 什么是科学
06521471, 8.2, 2157, 双CHEN记
07047202, 9.4, 538, 一九八四
04260576, 7.3, 8144, 有些事现在不做，一辈子都不会做了
01084434, 9.0, 754, 以自由看待发展
01077568, 9.0, 752, 自由论
01443638, 9.1, 676, 自由宪章
01256282, 8.6, 1132, 心灵自由之路
20375356, 9.1, 661, 论美国的民主
01043419, 8.8, 895, 自由与繁荣的国度
03593300, 9.3, 541, 民主新论
06052799, 9.2, 594, 自由论
19967328, 8.6, 1104, 漂泊的灵魂
19956264, 8.3, 1577, 谷岳搭车去柏林
24379797, 8.9, 780, 民主•宪法•人权
27047632, 9.2, 577, 約定的夢幻島 2
06308034, 8.4, 1366, 从&#34;东欧&#34;到&#34;新欧洲&#34;
27047649, 9.3, 523, 約定的夢幻島 3
03999126, 8.5, 1194, 爱和自由
01438948, 8.4, 1325, 卖桔者言
01151872, 7.8, 2762, 玩的就是心跳
02253375, 8.3, 1393, 红与黑
10570586, 8.2, 1576, 半生为人
27100477, 9.3, 470, 約定的夢幻島 4
24716176, 8.3, 1339, 一只特立独行的猪
34870933, 7.7, 2993, 人生十二法则
26882001, 8.2, 1453, 发条橙
04758246, 8.7, 794, 夏山学校
01045056, 8.6, 866, 异端的权利
02974917, 8.7, 776, 自由主义
06866208, 8.6, 864, 伤心咖啡店之歌
01082133, 8.6, 834, 迈克尔·K的生活和时代
27063486, 9.3, 415, 1984
03464486, 8.7, 743, 瓦尔登湖
10540308, 8.4, 1015, 走进生命的学问
34448547, 8.2, 1277, 消失的塞布丽娜
01046202, 9.0, 526, 自由选择
01437686, 8.8, 640, 自由及其背叛
01372067, 8.9, 563, Into the Wild
26111057, 9.4, 349, 一九八四
05409459, 8.0, 1545, 摩托日记
01722020, 8.7, 653, 最初和最终的自由
25809012, 8.0, 1456, 爱的博弈
06100929, 8.2, 1121, 死亡诗社
10566125, 7.7, 2166, 饥饿游戏三部曲
26285595, 8.7, 600, 死屋手记
27024333, 8.9, 482, 沉默的大多数
01255584, 8.4, 812, 时间与自由意志
34797741, 9.6, 258, 進擊的巨人 29
01017941, 8.3, 889, 卡门
01004329, 8.8, 514, 个人主义与经济秩序
06721231, 9.3, 322, 一九八四
01033829, 9.1, 382, 法律、立法与自由(第一卷)
26392840, 9.2, 347, 沉重的肉身
01809669, 8.7, 544, 容忍与自由—胡适演讲录
03184542, 8.9, 438, 到奴役之路
01465419, 8.3, 821, 资本主义与自由
01871172, 8.9, 426, 易卜生戏剧四种
20499070, 7.9, 1276, 这个社会会好吗
25975620, 8.5, 607, 漫漫自由路
27132294, 7.9, 1232, 慈悲与玫瑰
26920390, 8.8, 441, 自由的夜行
01023186, 8.0, 1068, 海鸥乔纳森
26775451, 8.5, 594, 砂女
26984949, 7.4, 2415, 地下铁道
02132291, 8.5, 562, 鹽的代價
05381983, 7.6, 1690, 瓦尔登湖
03079165, 9.2, 285, 飘
04820726, 8.9, 364, 论自由
01031956, 8.9, 360, 美国自由的故事
01015524, 9.1, 295, 荒野的呼唤.白牙
30246175, 8.1, 796, 末日乐园1·极温地狱
01074037, 9.3, 238, 法律、立法与自由(第二、三卷)
24845545, 7.9, 979, 阿桑奇自传
01278268, 8.9, 333, 十年沧桑
01474527, 8.5, 488, 漫漫自由路
01477793, 8.1, 746, 卡门
04039230, 8.7, 393, 王小波全集（第十卷 未竟稿）
01036342, 8.4, 525, 书斋里的革命
02125321, 9.1, 265, 现当代名家精品书系 三毛作品集
26294673, 7.3, 2131, 自由在高处（增订版）
26853566, 7.7, 1146, 出家
04895794, 8.6, 404, 海子经典诗歌
02308525, 8.5, 433, 论法的精神
26892803, 8.3, 531, 希腊人左巴
30159018, 9.1, 240, 死无葬身之地
04715266, 8.5, 415, 人生中不可不想的事
01043701, 9.2, 220, 约翰·克利斯朵夫（全四册）
02064067, 7.6, 1107, 一个人
22206006, 8.4, 427, 容忍与自由
01063769, 8.4, 421, 异端的权利
03014033, 7.9, 729, 法槌十七声
30371239, 8.7, 311, 月亮与六便士
11519504, 9.6, 150, 道德形而上学原理
27027116, 7.2, 1919, 悟空传
06982202, 7.5, 1214, 走吧，为了爱
02360778, 9.5, 158, Animal Farm
01126207, 8.0, 620, 斯巴达克斯
01010615, 8.5, 358, 自由之路
01116334, 7.8, 773, 自由主义
26545443, 8.0, 601, 自由的基因
27912251, 9.6, 142, 昨日的世界
03110731, 7.3, 1483, 风雅颂
10443510, 8.8, 259, 黄金时代
06845414, 6.5, 6292, 去，你的旅行
26859848, 8.9, 235, 黑铁时代
26983143, 7.7, 822, 遇见野兔的那一年
01062960, 9.2, 180, 美洲三书
25660015, 6.7, 3918, 以自己喜欢的方式过一生
34869425, 7.3, 1360, 我不喜欢人类，我想住进森林
01838187, 8.2, 430, 华伦夫人的职业
06004602, 8.7, 262, 给我自由!
25817572, 8.2, 420, 为奴十二载
24840593, 7.6, 822, 李银河:我的生命哲学
01315207, 8.6, 268, 古代人的自由与现代人的自由
26745306, 9.1, 175, 动物庄园
30470012, 8.6, 261, 怪物少女妮莫娜
01433997, 8.6, 260, Atlas Shrugged
01049797, 8.4, 312, 科学的反革命
02152822, 8.8, 215, 哈耶克评传
01215547, 7.9, 524, 中国知识分子十论
01477651, 9.3, 143, 灵之舞
26853742, 8.2, 342, 疯子的自由
01013042, 8.4, 280, 孤独的狂欢
06784958, 8.5, 249, 偶遇
26696383, 9.3, 129, 古代人的自由与现代人的自由
25716238, 8.3, 296, 巴菲特与索罗斯的投资习惯（纪念版）
01026534, 8.4, 268, 布拉格精神
06982509, 8.4, 264, 结局或开始
02051548, 9.0, 151, 人的奴役与自由
26725445, 8.8, 175, 刀锋
11580821, 7.8, 462, 环保的暴力
20278327, 5.8, 18893, 谁的青春不迷茫
11530736, 8.3, 271, 林清玄经典散文菩提十书之紫色菩提
01000759, 8.4, 242, 古代人的自由与现代人的自由
01789317, 8.1, 323, 美国自由主义的历史变迁
20419231, 8.2, 291, 北岛作品精选
19973695, 6.8, 1827, 再不远行，就老了
01043294, 8.6, 197, 另一个人
04859479, 8.5, 214, 北京笑忘录
20398194, 7.3, 810, 文子与浩森一起走
10806089, 7.3, 798, 身体和灵魂.总有一个要在路上
27077841, 8.5, 209, 野性的呼唤
01337711, 8.6, 191, 磨坊书简
02973325, 8.2, 276, 纠正
06539848, 8.1, 301, 爱是一种病
01288989, 7.7, 461, 网络共和国
25714765, 8.4, 219, 漫漫自由路
34913634, 7.6, 493, 嵇康之死
01264366, 8.2, 256, 谁拿走了孩子的幸福
26294167, 8.8, 150, 敬愛的領袖
20393127, 6.8, 1541, 请把我留在最好的时光里
03813260, 8.8, 147, 天下无不可为之事
01878630, 8.8, 145, 理性与自由
27142296, 9.2, 107, 昨日的世界
10605693, 9.0, 123, 入世的清教徒
01075312, 8.7, 150, 自由与权力
25834607, 8.2, 232, 自由的进化
30262932, 9.2, 102, 欧赫贝26国幻游记
01484897, 9.0, 116, Escape from Freedom
05372672, 8.5, 172, 自由在哪里
01512482, 8.5, 170, 自由之路
02015877, 8.8, 133, 捕蝶者
01783132, 8.4, 183, 自由民主的理路
06914425, 9.2, 97, Ryan McGinley
01310160, 8.6, 150, 自由18岁
10564525, 8.7, 138, 浪
26574830, 8.4, 175, In Order to Live
25839996, 9.2, 93, 自由的未来
26775607, 7.0, 851, 我是爬行者小江
26675977, 7.6, 382, 一个人
01019509, 8.3, 186, 政治自由主义
26113408, 8.2, 202, 为奴十二年
26930462, 9.2, 90, 野性的呼唤
03597843, 8.6, 139, 自由与市场经济
26281271, 7.6, 348, 我不要一成不变的生活
05984231, 8.7, 121, 庄子传
26535245, 8.8, 112, 被禁锢的头脑
27028523, 6.2, 3070, 好的孤独
30198034, 8.4, 152, 卡门
20510049, 8.8, 110, 以自由看待发展
24745650, 7.3, 463, 我怕没有机会，选择真正喜欢的生活
06720544, 7.2, 521, 天上大风
01028484, 9.1, 86, 阳光碎片
05939811, 9.1, 85, 走向宪政
02269232, 9.4, 70, 基督徒的自由
03028522, 7.9, 225, 宽容
27613185, 7.1, 572, 我们终将遇见爱与孤独
33384518, 7.3, 422, 在时光里流浪
03026365, 9.4, 65, 選擇的自由
03294709, 8.6, 111, 自由之路
01377747, 8.8, 94, 總統是靠不住的
27078813, 9.4, 63, 奥地利学派经济学入门·米塞斯思想精要
26247601, 8.0, 178, 十二公民
20471127, 7.5, 298, 给你爱的人以自由
26912176, 8.0, 177, 聪明养育：像科学家一样养孩子
30365422, 8.1, 161, 分手后，成为更好的自己（35周年纪念版）
26148741, 8.9, 85, 自由的阶梯
25950163, 8.2, 145, 自由女人
02117001, 8.7, 97, 海德格尔与伦理学问题
01027251, 8.4, 122, 自由与传统
10456768, 9.1, 72, 画家、城市和大海
26925117, 8.2, 141, 天人之际
26978947, 8.5, 109, 我們在存在主義咖啡館
03212463, 9.4, 59, 真理与自由
01799965, 8.0, 166, 法律、自由与道德
01957409, 8.2, 137, 瓦尔登湖
01052463, 8.1, 149, 自由史论
26333278, 6.7, 762, 宿命
26835963, 7.8, 191, 想象共和国
26839437, 7.4, 278, 谷物03
26615892, 8.8, 78, 像猪一样自在
21235151, 8.1, 134, 白雪乌鸦
01185839, 8.1, 132, 绞刑架下的报告
03631208, 7.7, 190, 精神明亮的人
30353743, 8.9, 71, 生命政治的诞生
03006172, 9.1, 62, 一个自由人的崇拜
01860003, 8.5, 93, 席慕蓉和她的内蒙古
27054249, 7.8, 167, 密码朋克
04048227, 7.1, 360, 仇富
26860768, 7.9, 150, 我独自穿越沙漠，领悟了安全感和自由
01920180, 8.6, 84, 对自由的恐惧
32568215, 8.8, 72, 春潮
24743678, 8.0, 134, 已故的帕斯卡尔
01149518, 8.4, 96, 0档案
01346814, 8.4, 96, 天地一沙鷗
01056575, 7.9, 146, 风景中的人类
01142977, 7.8, 160, 自由主义之前的自由
26293301, 8.6, 82, 奥地利学派的大师们
03163316, 9.4, 49, 灰喜鹊
04862624, 8.1, 120, Room
05350892, 9.6, 43, 奔走在日光大道
03075613, 8.2, 108, 恩典与自由
26956734, 7.5, 207, 梭罗：再见瓦尔登湖
04292984, 8.4, 91, 道德形而上学基础
04822224, 8.2, 106, 小羊和蝴蝶
01956967, 9.4, 47, 世说新语
01041727, 8.6, 77, 直面历史
02049127, 9.2, 52, 逃避自由
01082828, 8.1, 111, 野性的规则
25660769, 8.2, 102, 容忍与自由：胡适演讲集（二）
01029202, 8.7, 70, 夏山学校
26827530, 7.2, 269, 书旅人
01139389, 8.1, 106, 无政府社会
03099130, 8.8, 63, 男子汉
10864433, 8.7, 67, 三毛作品集
07060546, 8.8, 61, 良心的自由
01070328, 7.6, 159, 自由主义基本理念
03172125, 9.7, 36, 神的预定与人的自由
05920981, 8.8, 60, 论道宪法
34796122, 7.7, 139, 狗与水
27156809, 7.1, 263, 浪客美食家
03865918, 7.9, 115, 欧洲精神
19963066, 7.6, 152, 不停邂逅
30324113, 8.7, 62, 可以在路上
01228399, 8.3, 82, 当代西方自由主义理论
03033691, 8.2, 86, 构造世界的多种方式
26853720, 8.3, 79, 红牡丹
26320358, 7.4, 176, 仓央嘉措诗精编
01030036, 8.0, 99, 消极自由有什么错
26849280, 9.1, 46, 书中有座美术馆（全三册）
01539094, 8.0, 97, 自由的历险
34668801, 9.4, 38, 迷魂记——读不尽的电影
01059277, 8.5, 65, 爱默生和中国
01029623, 8.0, 94, 重申自由主义
19975230, 8.4, 68, 巢
10770765, 9.0, 46, 胡适自选集
01207812, 8.6, 59, 自由诗篇
26754165, 8.2, 77, 车轮上的瓦尔登湖
02003913, 9.2, 39, 寻找自我
01918523, 8.9, 46, You Can Heal Your Life
01233000, 8.5, 59, 邓肯女士自传
04733866, 8.4, 63, 论人类不平等的起源和基础
01225136, 7.9, 92, 表达自由
03116936, 8.8, 48, 控制国家
02328345, 9.3, 36, 狱中书简：致亲爱的奥尔嘉
03289551, 8.0, 83, 非洲狮
01766633, 8.5, 57, Why Not給自己一點自由
01662579, 9.7, 29, Neurosis and Human Growth
06798843, 8.5, 56, 积极自由
26319307, 7.9, 86, 100岁的人生方式
03163939, 8.5, 55, 永活的信心
33404948, 8.3, 63, 刀锋
03993715, 7.8, 92, 自由与文明
11530734, 7.8, 92, 林清玄经典散文菩提十书之星月菩提
03885856, 8.5, 54, 翁山蘇姬
25720407, 9.1, 37, 斯宾诺莎文集：第4卷
02362642, 8.5, 52, 神、人及其幸福简论
25807605, 7.3, 138, 搭车十年
25818854, 8.2, 63, 民国旧梦
03575310, 8.7, 45, 诗集
06920096, 8.3, 58, 实现自由
01998499, 8.7, 44, 为人道主义辩护
33400941, 6.8, 224, 一生所寻不过爱与自由
06428837, 6.9, 198, 当我们一起去跳海
06435871, 7.9, 74, 瓦尔登湖
34802234, 7.6, 95, 悠长假日
05944739, 8.7, 42, 自由，是什么？
26780975, 9.5, 27, 丰盛之书
01261264, 8.3, 53, 古典传统与自由教育
01936788, 7.8, 77, 20世纪最后的浪漫──北京自由艺术家生活实录
26979141, 8.1, 61, 论人类不平等的起源
01146071, 7.8, 76, 自由主义思想文化史
26719447, 9.0, 34, 诺贝尔文学奖大系——约翰•克利斯朵夫（全4册）
01105751, 8.3, 52, 共创未来
04780042, 7.5, 96, 思想自由史
03521990, 7.9, 68, 宠物猫咪鲁·杰克逊
25870702, 6.8, 197, 浮图
10788568, 8.5, 44, 革命心理学
04259272, 7.4, 99, 花花公子（上）
01779442, 8.6, 40, The Road to Serfdom
34910653, 8.5, 42, 发明自由
35022137, 8.9, 33, 一个心碎的伊朗女人
30294361, 8.1, 54, 新批判主义
01968488, 8.4, 44, 生命存在与心灵境界
03713242, 7.6, 78, 密尔《论自由》精读
01709335, 8.0, 55, 政府为什么干预经济
26260107, 7.4, 89, 梦想开花前 没有人知道它是什么
26286743, 7.6, 74, 谁在守望言论
01810543, 8.2, 47, 自由之声
01005416, 7.6, 73, 经济学的著名寓言
01754862, 7.8, 62, 政治哲学导论
26958002, 7.7, 67, 世界那么大，我想一个人：反逼婚攻略
26589912, 9.1, 27, 我往何处去
25775617, 8.2, 45, 倾听内心的声音
02913433, 8.3, 42, Propaganda
23049084, 8.3, 42, 胡适精选集
22223968, 7.4, 82, 错案
34449277, 8.3, 41, 波多贝罗女巫
20275931, 8.1, 46, 以自由看待发展
01041592, 7.9, 52, 至上的美德
01862550, 8.9, 28, Code
04230234, 8.1, 45, 古希腊的思想与历史
04737003, 7.0, 114, 别去那个镇
33418533, 7.7, 60, 反自由的自由
01359528, 9.1, 25, 自由主义思想大师-以撒.柏林传
24756992, 7.8, 55, 打工旅行完全手册
01444114, 6.9, 124, 自由与神经生物学
01266939, 8.1, 44, 论人的奴役与自由
26826938, 8.7, 30, 百分之五十七世界的记忆
06879006, 7.3, 80, 随着城市的节奏漫游
01001424, 7.6, 61, 欧洲自由主义史
07175152, 8.6, 31, 财富在金钱之外
05976557, 8.3, 37, 棄業日記
19979057, 7.9, 48, 通往市场之路
01970916, 7.5, 64, 我的生活
25978021, 6.7, 139, 第一夜的蔷薇Ⅰ 野蔓
26346618, 9.1, 23, 让心入静（精装）
03361047, 8.0, 43, 黑格尔与现代人的自由
03288937, 8.7, 28, 群已权界论
26932584, 8.6, 29, 每天学画10分钟
25727235, 7.4, 65, 美国摩托日记
05980615, 8.4, 32, 弗罗斯特诗精选
06809499, 7.7, 51, 民主的細節
25786893, 6.9, 104, 风花
22692866, 7.8, 47, 自由的权利
26280672, 7.7, 49, 只要在路上，全世界都会帮你
27148269, 8.9, 23, 企业家之道
10567761, 7.5, 55, 走出晚清
19977100, 8.2, 33, 立场
01419628, 9.1, 20, Free Software
26975984, 7.5, 51, 自由之路
01963692, 7.9, 38, 七月的人民
26865268, 7.9, 38, 三个火枪手
01015534, 8.1, 33, 自由的历史
26356956, 8.2, 31, 逃避自由
25831957, 7.3, 59, 自由与文化
20432051, 7.5, 50, 美国总统是怎么选出来的
01227946, 6.6, 117, 自由主义的两张面孔
01254864, 7.9, 37, 文明的创痛
25909435, 7.9, 37, 为奴十二年
27025046, 6.9, 84, 飞越玫瑰园
04178529, 6.6, 114, 行走·行走·爱
30259154, 8.2, 30, 永不消逝的墨迹
03925677, 7.9, 36, 谢林论人类自由的本质
24859865, 8.4, 26, 以平等之名：托克維爾與民主在美國
01004775, 7.6, 43, 自由的哲学
26817185, 8.8, 21, 一辈子不愁钱的活法
20430443, 7.4, 50, 为一个念想去旅行
05214053, 8.1, 30, 经济学中的自由骑士
26745632, 8.1, 30, 卖掉房子去旅行
25862265, 7.5, 45, 知性与叛逆：征服天才的莎乐美
02274657, 6.7, 91, 建立你的时间资产-倍增财富.开创有闲人生的5天法则
02303141, 7.7, 36, 自由与生存
03707616, 9.2, 16, The Book of Life
03301339, 7.0, 62, 论出版自由
01171665, 8.5, 22, 百年寻梦
04908948, 9.0, 17, 資本主義與自由
02311808, 9.3, 15, 自由与人权
10432153, 8.9, 17, Consent of the Networked
25812896, 7.0, 54, 旗袍
26757140, 6.7, 70, 睡在我上铺的兄弟
20016695, 7.9, 27, The End of Power
26381442, 9.4, 13, Prayer
01417663, 8.2, 22, Four Essays on Liberty
10434527, 7.3, 39, 鸦片战争的正面与侧面2
06975353, 6.3, 94, 民主不是说着玩的
01750871, 6.5, 74, 莎乐美
20273273, 8.7, 16, 文化随笔
03181293, 7.5, 31, 红字
26938690, 8.4, 18, 美国文明三部曲
26279921, 8.1, 21, Brown Girl Dreaming
20388552, 7.6, 28, 公民不服從！
01025006, 8.6, 16, 路标与灵魂的拷问
06114904, 8.7, 15, 柏杨谈话录
06439962, 8.1, 19, 自由的故事
06979721, 8.1, 19, 边走边看美国历史
25938945, 5.5, 242, 陪你一起直播青春
25909273, 7.9, 21, Moral China in the Age of Reform
26315453, 7.7, 22, 人权之门
03999117, 6.9, 38, 不自由的希腊民主
26067854, 8.4, 15, 美术启蒙绘本:巴拉莱卡琴
25729852, 8.5, 14, 强力与自由
02126562, 6.6, 47, 何以为生
25827269, 8.3, 15, 边疆问路
02008829, 6.7, 42, 自然与人为：人类自由的古典意义
01443894, 8.6, 13, 可能性与必然性
26367768, 6.2, 67, 玩偶屋
01945241, 8.1, 16, 山椒大夫
05406362, 7.2, 26, 思想自由史
06013010, 7.7, 19, 自由的轨迹
10463045, 8.2, 14, 公民社会視野
04241591, 7.8, 17, The Power of Pull
06507665, 7.8, 17, 一切坚固的都烟消云散了
20500999, 7.8, 17, 自由.公平和效率
03174894, 7.5, 20, 太平天國革命親歷記
22166520, 5.1, 315, 格雷的五十道陰影 III: 自由
03532929, 8.3, 13, One Flew Over the Cuckoo&#39;s Nest
06101310, 5.9, 76, 尼采谈自由与偏见
30156474, 7.9, 15, 自由企业
07058040, 7.1, 21, 民主不是万能的
25720547, 7.6, 15, 通往自由之路
01531003, 6.2, 39, 反对自由主义
26866065, 5.2, 151, 深网
01576576, 6.4, 32, 卷葹
26983461, 7.2, 15, 反利维坦
03671604, 6.8, 19, 自由世界
01057679, 7.6, 11, 隐私的终结？
04328773, 6.7, 15, 从“布拉格之春”到东欧剧变
23779367, 6.6, 12, 总统
10536884, 0.0, 10, 历史上最有个性的女人
26586105, 0.0, 10, 无钱的富有人生
03666671, 0.0, 11, 小猪大侠莫跑跑
03666670, 0.0, 12, 小猪大侠莫跑跑
02258251, 0.0, 13, 中国的自由传统
27041334, 0.0, 21, 羲和
34991559, 0.0, 47, 世界那么大，只有我和你
