2020-07-05 16:00:15

number of books, tag name
763, 自然科学

ID, rating, votes, title
25985021, 9.1, 131618, 人类简史
01034282, 8.8, 46654, 时间简史
01467022, 9.2, 22491, 上帝掷骰子吗
01028409, 9.4, 10265, 中国少年儿童百科全书（全四册）
02160556, 9.1, 10182, 十万个为什么
01102715, 9.1, 9675, 从一到无穷大
06434486, 9.2, 6396, 上帝掷骰子吗？
33424487, 8.9, 9323, 时间的秩序
26706730, 9.0, 6605, 肠子的小心思
03228668, 9.3, 4435, 上帝掷骰子吗
11445548, 8.5, 12512, 自私的基因
01225983, 8.7, 8729, 万物简史
25742211, 9.2, 3994, 上帝掷骰子吗?
01034279, 8.6, 8151, 果壳中的宇宙
03930318, 9.1, 3848, 超越时空
01320282, 9.1, 3650, 什么是数学
01000121, 8.6, 6540, 昆虫记
26772731, 8.3, 9957, 七堂极简物理课
27156306, 9.2, 2858, 现实不似你所见
01000445, 8.6, 5969, 时间简史
26163454, 8.9, 3677, 数学之美 （第二版）
01437852, 9.5, 1682, 费恩曼物理学讲义（第1卷）
01322358, 9.0, 2851, 费马大定理
20494401, 9.2, 2175, 费马大定理
01257217, 9.1, 2209, 时间简史
01024846, 9.2, 1825, 所罗门王的指环
20283570, 9.2, 1808, 所罗门王的指环
01317485, 8.7, 3272, 生命是什么
01045119, 8.9, 2531, 宇宙的琴弦
01084257, 8.9, 2513, 别闹了，费曼先生
27054715, 9.5, 1267, 荒野之歌
26992254, 8.8, 2799, 时间的形状
27624390, 8.4, 4110, 云彩收集者手册
01257218, 8.8, 2185, 果壳中的宇宙
20376550, 9.1, 1531, 科学革命的结构
26341546, 8.8, 2077, 大灭绝时代
30320887, 9.0, 1588, 我的世界观
34897038, 9.1, 1407, 地球上最孤单的动物
26593084, 8.3, 3751, 迷人的材料
33408247, 8.2, 4304, 病毒星球
26905274, 8.2, 4295, 海错图笔记
27025492, 8.7, 1976, 上帝的手术刀
26364209, 8.0, 5133, 那些古怪又让人忧心的问题
25876750, 9.0, 1373, 看不见的森林
03071402, 8.6, 2196, 物理世界奇遇记
01441922, 9.5, 816, 从一到无穷大
26353666, 9.2, 1085, 量子物理史話
27145016, 8.9, 1406, 创造自然
03117464, 8.5, 2216, 平行宇宙
30246268, 8.6, 1951, 给忙碌者的天体物理学
34835320, 8.2, 3283, 这里是中国
25793667, 8.2, 3206, 植物知道生命的答案
01425950, 9.2, 950, 线性代数及其应用
10794070, 8.4, 2380, 心外传奇
26413155, 8.8, 1435, 星际穿越
01707050, 9.2, 925, 狭义与广义相对论浅说
05422665, 8.0, 3951, 大设计
01053174, 8.6, 1728, 你干吗在乎别人怎么想？
26679862, 8.9, 1163, 生命的跃升
10808841, 9.3, 763, 夜观星空
01291817, 8.6, 1594, 细胞生命的礼赞
25829287, 8.9, 1116, 数学
01082323, 9.1, 875, 昆虫记（全10册）
01277169, 9.0, 960, 古今数学思想（一）
26902370, 9.3, 707, 宇宙
34462719, 8.2, 2480, 女生呵护指南
01428117, 8.9, 974, 普通生物学
06965746, 8.2, 2236, 科技想要什么
01072767, 9.2, 702, 宇宙
24846072, 9.1, 754, 隐藏的现实
03550249, 8.8, 1033, 科学哲学
02059252, 9.6, 467, 力学
10539147, 9.3, 611, 宇宙的结构
02270925, 8.5, 1413, 病者生存
33376237, 8.9, 864, 我包罗万象
27001165, 9.0, 765, 地球之美
06750347, 9.2, 622, 演化
03732346, 8.1, 2164, 疯狂实验史
01071384, 8.5, 1283, 物种起源
01062309, 8.9, 808, 基因组
03249247, 9.2, 595, 高观点下的初等数学
01080225, 9.0, 711, 西方文化中的数学
01834728, 8.8, 872, 人工智能的未来
01507315, 9.1, 639, 自然哲学之数学原理
01211033, 9.3, 489, 古今数学思想（二）
25745879, 8.9, 706, 物种起源
27089022, 8.5, 1083, 海洋中的爱与性
26901529, 9.0, 631, 怎样观察一棵树
30404521, 8.5, 1030, 一想到还有95%的问题留给人类，我就放心了
33429926, 8.9, 666, 追寻记忆的痕迹
01105956, 8.9, 664, 物理世界奇遇记
01310188, 8.3, 1259, 魔鬼出没的世界
05985153, 8.9, 629, 视觉之旅
30192800, 9.2, 464, Python神经网络编程
04904723, 9.0, 559, 微积分的历程
02043926, 8.8, 682, A Short History of Nearly Everything
01206206, 8.1, 1507, 皇帝新脑
30164677, 8.5, 920, 我们为什么会生病
01084020, 8.6, 820, 宝石
30384279, 9.7, 282, DK博物大百科
01266422, 8.5, 840, 可怕的对称
02122352, 8.8, 606, 万物简史
03987165, 9.4, 347, 中国常见植物野外识别手册（山东册）
04268931, 8.3, 1007, 生命八卦
34464674, 8.9, 521, 万物发明指南
26308505, 8.3, 978, 杂草的故事
30281339, 8.3, 971, 万物皆数
06784981, 9.5, 296, 几何原本
01000340, 8.5, 743, 水母与蜗牛
01016827, 9.1, 402, 阿西莫夫最新科学指南（上下册）
26214114, 8.9, 480, 暗淡蓝点
30263244, 8.8, 516, 生命是什么
25777854, 8.8, 498, 科学革命
01761114, 9.0, 411, 物理学的进化
04735702, 9.0, 409, DNA：生命的秘密
03023534, 9.9, 195, 最新21世纪少年儿童百科
01435793, 9.2, 334, 世界园林植物与花卉百科全书
30326909, 9.1, 364, 宇宙奥德赛：漫步太阳系
26936484, 8.5, 656, 醉酒的植物学家
02240426, 8.8, 472, 十万个为什么
01013707, 8.8, 464, 大众天文学(上下两册)
01315187, 8.1, 997, 植物的欲望
03144300, 9.2, 320, 通向实在之路
25857941, 8.0, 1121, 病毒来袭
03016336, 8.4, 695, 我们为什么不说话
26259174, 9.7, 211, DK宇宙大百科
02135227, 8.4, 681, 一个数学家的辩白
01471278, 8.6, 537, 昆虫记
01880660, 9.1, 327, 自然哲学的数学原理
26677354, 8.9, 391, 数学女孩
01706283, 9.1, 326, 量子力学概论
01084010, 8.7, 465, 岩石与矿物
25763528, 7.9, 1150, 植物学家的锅略大于银河系
25815890, 9.6, 212, 费曼物理学讲义 第一卷
20507207, 8.6, 510, 地球上最伟大的表演
26652354, 8.4, 629, 世界重启
24715603, 9.3, 268, 费恩曼物理学讲义（第1卷）
26847510, 10.0, 156, 基础有机化学(第4版)上册
27110281, 8.4, 609, 当自然赋予科技灵感
01084011, 9.1, 307, 鲸与海豚
30281788, 8.6, 486, 鱼什么都知道
26262681, 9.4, 234, 陈阅增普通生物学（第4版）
05413523, 8.2, 736, 植物学通信
02283961, 8.9, 357, 相对论
07067149, 8.8, 391, 认知心理学及其启示
10738199, 8.5, 526, 宇宙简史
01110313, 8.4, 583, 终极理论之梦
26834220, 8.8, 389, 人类的演化
26831075, 8.4, 573, 诗意的原子
25848402, 9.2, 263, 运动解剖学图谱(第3版)
20441131, 9.4, 223, QED
01068802, 8.1, 780, 时间之箭
01083985, 8.4, 547, 混沌
27169757, 8.4, 531, 四季啊，慢慢走
30289543, 8.1, 705, 龙
02994505, 9.4, 203, 定性与半定量物理学
03374613, 9.0, 277, 神秘的宇宙
01223574, 8.8, 326, 黑洞
01031355, 8.7, 344, 狗的家世
19989298, 9.0, 262, 费曼讲物理
01084021, 8.7, 331, 贝壳
27052052, 7.9, 781, 人体的故事
27596897, 9.2, 214, 演化的故事
10581480, 8.6, 357, 地球的法则
11506872, 8.9, 271, 黎曼猜想漫谈
26320244, 8.7, 321, 巫师、外星人和星舰
06711379, 8.4, 428, 寂静的春天
01503213, 9.4, 176, 免疫学概览
02356843, 9.0, 241, 控制论
02124368, 8.8, 286, 证明与反驳
04225911, 9.3, 188, 量子力学史话
26523760, 8.6, 340, 基因组
04131101, 9.3, 185, 量子力学概论
05977975, 8.5, 366, 数学那些事儿
03121161, 7.9, 704, 性趣探秘
06861475, 9.1, 212, 意识探秘
01007073, 8.0, 618, 语言本能
25953828, 9.2, 194, The Sick Rose
20271213, 8.0, 612, 通俗天文学
20624181, 9.2, 193, 符号学
03370214, 8.1, 524, 深奥的简洁
20471312, 8.4, 378, 大自然的艺术
03730957, 9.1, 201, 爱因斯坦
07059612, 8.8, 258, 细胞生命的礼赞
01965758, 9.2, 185, 电动力学导论
26975985, 8.2, 462, 时间地图
01219557, 9.0, 215, 创世纪的第八天
26171042, 8.1, 508, 悖论
01007886, 8.8, 252, 游戏中的科学
01134231, 9.2, 180, 数学与猜想（第二卷）
01145977, 8.5, 326, 阅读生物学札记
01077588, 9.4, 152, 元素的故事
01900962, 7.8, 677, 通俗天文学
30126940, 8.5, 316, 大自然的社交网络
01589847, 9.4, 149, 费恩曼物理学讲义
03229838, 9.5, 138, 眷恋昆虫
03301446, 8.7, 258, 科学的旅程
01322880, 8.1, 465, 夸克与美洲豹
30351884, 8.9, 215, Brief Answers to the Big Questions
26362918, 9.5, 135, 自然与希腊人 科学与人文主义
34908495, 8.9, 213, 大图景
21332148, 9.3, 155, 冰冻星球
01204942, 9.5, 134, 生命的世界
01332398, 8.9, 212, 自私的基因
03235797, 8.0, 505, 啊哈！原来如此
01075311, 8.4, 329, 科学史及其与哲学和宗教的关系
26724633, 8.9, 206, 遗传的革命
30203973, 9.4, 140, 中国常见植物野外识别手册（北京册）
01843501, 8.3, 357, 宇宙简史
26666358, 8.5, 291, 连接组：造就独一无二的你
27072133, 8.6, 263, 太空全书
33377950, 9.7, 112, 野鸟形态图鉴
01084012, 8.6, 260, 昆虫
30368111, 7.4, 1007, 生命密码
04881635, 8.2, 377, 昆虫记
03117484, 9.8, 101, 量子力学原理
06725303, 9.0, 177, 燕园草木
03148301, 9.6, 114, 量子力学原理
26954267, 8.5, 270, 数字化生存
30190069, 9.3, 138, 超空间
26429888, 8.6, 241, 动物的朋友圈
03061503, 8.7, 220, 蘑菇
02146105, 9.1, 157, 素数的音乐
01508833, 8.3, 312, 植物学（上册）
26390070, 9.0, 168, 极地重生
26740091, 8.2, 338, 爱与数学
27028320, 7.9, 467, 柔软的宇宙
26921233, 8.0, 411, 种子的胜利
01122364, 8.3, 300, 时间、空间和万物
03156699, 8.5, 248, 社会生物学
01089271, 7.8, 507, 寻找薛定谔的猫
01114551, 9.0, 160, 欧几里得·几何原本
25987064, 8.7, 202, 云与大气现象
26286707, 8.5, 241, 了不起的地下工作者
01157313, 8.4, 264, 物理学
01803252, 9.0, 156, 关于托勒密和哥白尼两大世界体系的对话
01033086, 8.3, 285, 生命的壮阔
30121259, 7.7, 546, 第五次开始
03320906, 8.4, 258, 追踪进化论
06126929, 8.6, 215, 疯狂科学
26939315, 8.7, 197, 宇宙信息图
10578495, 8.1, 344, 物理学的未来
01315265, 8.3, 281, 从混沌到有序
04904722, 8.4, 255, 数学沉思录
01007323, 7.6, 606, 时间简史续编
34879783, 8.7, 192, 有毒
01649256, 8.3, 274, 普通动物学
26733566, 7.6, 589, 知识大融通
01057523, 8.5, 223, 熊猫的拇指
30396021, 8.9, 159, 生命的运作方式
24384863, 8.7, 186, 自然的魔法
03576412, 8.3, 263, 海，另一个未知的宇宙
03119865, 9.4, 107, 物理学的概念与文化素养
06129746, 9.0, 141, 物种起源
26314386, 8.3, 250, 心灵的未来
26814867, 8.6, 189, 火星上的人类学家
01041529, 9.1, 127, 大宇宙百科全书
25876107, 8.3, 246, 种子的故事
02985682, 8.7, 172, 剑桥天文爱好者指南
03841181, 9.3, 109, 植物学
01005996, 8.7, 171, 野兽之美
26394048, 7.9, 366, 上帝的跳蚤
04010125, 7.9, 364, 漫画线性代数
01072128, 9.3, 108, 趣味物理学
24719686, 9.0, 133, 大众天文学
01465178, 9.7, 82, The Quantum Theory of Fields Volume I:Foundations
06952045, 8.2, 257, 量子理论
01318267, 9.0, 128, 熊猫虎子
01060088, 8.6, 175, 蚂蚁的故事
01465244, 9.4, 96, Pale Blue Dot
26816283, 9.0, 127, 昆虫记
24751065, 8.1, 274, 人性分解
26651221, 9.1, 117, 线性代数的几何意义
03889921, 9.8, 74, 力学概论
34825764, 7.9, 336, 迷人的液体
01082579, 9.2, 108, 从哈勃看宇宙
03260550, 8.7, 157, 最新天文观测手册
04292525, 8.6, 170, 进化思维
03061002, 8.4, 202, 野花
26928986, 8.5, 182, 深海
30296201, 8.6, 165, 鸟类的天赋
01117650, 8.1, 260, 植物学（下册）
01770421, 9.5, 85, Cosmos
02053754, 8.5, 178, 大自然的猎人
33160814, 9.2, 103, NASA自然百科：认识宇宙
26661067, 8.4, 190, 万物皆奇迹
34399478, 9.0, 116, 理查德·费曼传
02080273, 8.9, 124, 你知道吗——现代科学中的一百个问题
01938119, 8.3, 204, 自然科学的哲学
01281159, 8.5, 169, 世界之最
34710113, 8.5, 169, 逛动物园是件正经事
10544770, 8.6, 155, 宇宙的答案云知道
24749708, 9.3, 92, 西方科学的起源
01909917, 7.5, 467, 世界未解之谜
01030468, 8.6, 153, 宇宙与人
26891304, 7.8, 322, 极简科学史
01953783, 10.0, 58, 发现之旅
34942482, 7.7, 349, 假如你跳进一个黑洞里
02348477, 9.2, 94, 理解航天
19928910, 7.0, 858, 笑什么笑，我们搞的是科学
01011561, 8.7, 134, 人类的由来（全两册）
01030451, 8.2, 205, 确定性的终结
06801878, 8.9, 114, 宇宙密码
01438447, 8.5, 154, 物理天文学前沿
30271035, 8.1, 214, 亿万年的孤独
05283460, 8.6, 137, 宝石圣典
27023263, 9.0, 101, 津巴多普通心理学(原书第7版DSM-5升级版美国名校学生喜爱的心理学教材)
30190680, 9.2, 88, The Order of Time
01426377, 8.8, 115, 物理学基础
01491723, 8.7, 124, 哺乳动物
01719223, 9.2, 86, 恐龙世界
04832192, 8.0, 226, 上帝的迷思
26253814, 9.4, 75, DK园艺百科全书
01894572, 9.4, 74, 有机化学
04712530, 8.5, 141, 科学史
25788823, 9.6, 65, 科瓦奇讲植物、动物、天文与地理
30171307, 9.4, 73, 宇宙的结构
26849607, 8.9, 102, 黎曼猜想漫谈
02978246, 8.8, 109, 从牛顿定律到爱因斯坦相对论
26742300, 7.7, 293, 极简医学史
27041829, 9.6, 64, 大师说科学与哲学
03258219, 8.7, 117, 混沌与分形
01964867, 9.2, 81, 昆虫的社会
01016953, 8.1, 192, 宇宙最初三分钟
01398414, 8.2, 175, 溯源探幽：熵的世界
03121206, 8.5, 135, 人脑之谜
30358147, 8.9, 99, Brief Answers to the Big Questions
02076537, 9.1, 86, 基因论
01891804, 9.3, 75, Gravity&#39;s Rainbow
26942567, 9.3, 75, 气象学与生活
30364733, 7.8, 254, 极简科学起源课
03369850, 9.1, 85, 宇宙学
26353234, 9.1, 85, 视觉之旅 化学世界的分子奥秘
24526645, 8.3, 156, 量子之谜
04891438, 8.9, 97, 自私的基因
01067279, 8.7, 112, 大自然的分形几何学
26663765, 8.2, 165, 引力是什么
02145499, 9.1, 82, Art Forms in Nature
25765863, 9.3, 72, 普通化学原理
02132630, 8.2, 163, 深奥的简洁
01427464, 7.8, 238, 盲眼钟表匠
05355281, 8.1, 175, 数学与生活
21357444, 8.5, 124, 地球脉动
03604995, 9.1, 80, 托马斯大学微积分
04191634, 8.7, 105, 海洋传
26420533, 8.6, 113, 度量
01033334, 7.6, 283, 数学史
04931709, 8.1, 170, 钨舅舅
03420850, 8.3, 142, 量子世界
27021746, 8.7, 103, 薛定谔生命物理学讲义
26831320, 8.1, 167, 生命的未来
07161523, 7.6, 275, 生物中心主义
02124112, 8.1, 166, 脑的进化
11607197, 8.7, 101, 近代物理科学的形而上学基础
01422222, 8.4, 127, 贝壳的自然史
01835311, 8.6, 108, 天体运行论
25723282, 8.6, 108, 元素的盛宴
01084022, 8.4, 126, 观赏鱼
26820506, 8.0, 179, 给世界的答案
03761705, 8.9, 86, 数学是什么？
01089331, 8.8, 91, 数学手册
19989299, 8.4, 123, 物理定律的本性
25817383, 9.4, 61, 普林斯顿数学指南（第二卷）
05423784, 7.4, 326, 多重宇宙
03422710, 8.1, 158, 一个数学家的辩白
07059611, 8.4, 121, 最年轻的科学
25876374, 9.2, 68, 科学的旅程（珍藏版）
30247828, 8.4, 118, 宇宙从何而来
02302727, 8.8, 87, 被埋没了的天才
24768204, 8.5, 108, The Sixth Extinction
27933973, 9.6, 52, 漫画遗传学
20647000, 7.2, 390, 想当厨子的生物学家是个好黑客
02118898, 9.9, 44, 科学探索者
27182151, 8.8, 85, 植物进化的艺术
02032711, 8.3, 123, 世界49大谜
26876074, 7.0, 485, 大脑使用指南
01020974, 8.7, 88, 数学的奇妙
33477390, 9.0, 71, 水的密码
34961303, 7.8, 185, 法医报告
25743166, 8.6, 92, 地球:行星的力量
27156811, 8.4, 105, 潮汐
26387120, 8.6, 90, 世界最美透明生物
30176651, 8.7, 83, 迷人的材料[精装珍藏版]
25780395, 8.4, 103, 物含妙理总堪寻：从爱因斯坦到霍金
25981522, 9.1, 63, 一面多彩的镜子
25823056, 8.7, 82, 通向实在之路
25819561, 9.9, 40, 人体（第二版）
26420540, 8.2, 120, 平面宇宙
27034389, 8.2, 120, 用数学的语言看世界
10734899, 9.8, 42, 可怕的科学
30469078, 8.9, 71, 物理学的进化
06124651, 8.3, 110, 几何原本
26387128, 9.5, 49, 世界最美飞鸟
26924202, 7.6, 208, 怎样观察一朵花
01042424, 7.9, 154, 新金赛性学报告（中文全译本）
06533225, 9.1, 61, 爱因斯坦的望远镜
33387288, 9.1, 61, 為什麼要睡覺？
01073962, 8.5, 92, 终极抉择
25743161, 8.8, 74, 生命:非常的世界
05375796, 10.0, 37, 宇宙、地球和大气
04062636, 8.4, 98, 天文学新概论（第四版）
01083323, 8.0, 136, 乘小猎犬号环球航行
04852833, 9.3, 53, 小牛顿科学馆
01414692, 9.4, 50, 倾听鲸语
01769027, 8.8, 72, 艺术与自然中的抽象
30428803, 8.4, 96, 过敏大流行
30187215, 7.9, 146, 万物起源
27182584, 8.8, 71, 从一到无穷大
25811429, 9.4, 49, 整体性与隐缠序
30292398, 8.7, 76, 植物知道生命的答案(修订珍藏版)(精)
30291736, 8.2, 111, 科学的历程（修订第4版）
26107929, 8.8, 70, 宇宙的奇迹
02033484, 9.7, 41, 从元素到基本粒子
26387796, 7.6, 187, 寻找薛定谔的猫
30354425, 8.5, 85, 性本自然
24701841, 8.4, 91, 视觉之旅：神奇的化学元素2
01996705, 9.0, 60, 光学
03684752, 9.3, 50, 生物技术入门
20513228, 9.3, 50, 中国国家地理自然百科系列：野生动物
01133950, 8.7, 73, 物理宇宙学讲义
26285395, 8.1, 115, 我们都是散落的星骸
03027009, 9.1, 56, 趣味物理学
01060768, 8.1, 114, 身体证据
03351435, 8.8, 67, 物种起源
27624426, 8.8, 67, 创造自然
34795871, 8.8, 66, 世界野生猫科动物
04828877, 9.0, 58, 数论
04201181, 7.2, 274, 空钓寒江
02970498, 7.9, 132, 野生花卉
01323569, 8.4, 87, 对称
02196428, 9.2, 51, 代数几何原理
01425826, 8.5, 80, 物理学史
26819410, 8.0, 119, 超负荷的大脑
25900643, 8.9, 60, DK动物生活大百科
30152564, 8.8, 64, 人类成功统治地球的秘密
01549167, 8.2, 99, 布鲁卡的脑
01950881, 7.5, 188, 科学史十五讲
01329953, 8.1, 107, 力量：改变人类文明的50大科学定理
34841542, 9.0, 56, 密林侦探
01239247, 8.3, 89, 数学史概论
01516666, 8.2, 96, 复杂系统理论基础
26384150, 9.6, 39, 基因的分子生物学（第七版）
05954623, 9.1, 51, The Hidden Reality
01408302, 8.8, 61, 生物进化
03689669, 8.8, 61, 宇宙极问
33456393, 9.1, 50, 被你嫌弃的昆虫们（14岁懂社会系列）
26776903, 9.4, 42, 自然哲学的数学原理
01016958, 8.4, 79, 计算出人意料
02151033, 8.3, 85, 一个数学家的自白
26578027, 8.9, 56, 时间的奥秘
02006256, 7.9, 117, 地球之最-图说天下
04177613, 8.4, 78, 中国兽类野外手册
04829563, 8.5, 72, 漫画电学原理
20383645, 8.6, 67, 复杂适应系统
01835355, 9.5, 39, 关于两门新科学的对话
27117509, 8.7, 62, 数学也荒唐
34835160, 8.2, 89, 万智有灵
30346954, 9.2, 45, 生命简史:从宇宙起源到人类文明
01331157, 8.1, 95, 流体力学(上册)
01417287, 8.4, 75, 通向量子引力的三条途径
33402275, 8.4, 74, 昆虫传
03011186, 8.8, 56, 100个科学家的故事
25912352, 9.2, 44, 大迁徙：地球上最伟大的生命旅程
05361602, 8.5, 68, 漫画相对论
26651600, 7.7, 130, 地球-牛津通识读本
04744680, 7.6, 143, 大象的时间，老鼠的时间
01231234, 8.3, 78, 七巧板、九连环和华容道
02316725, 8.2, 83, 自然之数
26752880, 9.7, 33, 数学天书中的证明（第五版）
01156671, 8.0, 97, 孟德尔妖
26943913, 8.5, 66, 再创世纪
01008101, 8.6, 61, 自达尔文以来
04137125, 8.6, 61, 火烈鸟的微笑
05378921, 9.8, 31, 化学键的本质
25711109, 8.4, 70, 科学的历程
34983259, 8.9, 50, 妇科圣经
30324814, 7.7, 122, 创造的本源
01054884, 8.2, 80, 泡沫
27001798, 7.9, 102, 解析彩虹：科学、虚妄和对奇观的嗜好
19962262, 9.7, 32, 生物化学原理
01000441, 8.9, 49, 蚂蚁帝国
01318797, 7.7, 120, 时空的未来
01332245, 8.1, 84, 这个不科学的年代
06715433, 9.7, 31, 引力论和宇宙论
01614012, 9.2, 40, 统计学
26935398, 7.9, 97, 伟大的海洋
03398355, 9.1, 42, 生态学基础
20563020, 8.8, 50, 细胞叛逆者
35084260, 7.0, 238, 半小时漫画科学史
26747666, 8.7, 53, 中国常见植物野外识别手册（苔藓册）
04830468, 8.2, 75, 漫画宇宙
06393974, 8.2, 74, 阳台种菜
26777123, 8.2, 74, 纳博科夫的蝴蝶
26299652, 8.7, 52, 灭绝动物调查报告
01070808, 8.2, 73, 不可思议的旅程
01527268, 9.0, 43, 生长和形态
27060685, 7.7, 110, 世界因何美妙而优雅地运行
03246317, 9.2, 38, 地理（全三册）
03670772, 8.5, 58, シーボルト 日本植物誌
01450744, 7.8, 99, 原子在我家中
26989167, 8.4, 62, 垃圾DNA
26589104, 8.1, 77, 上下百亿年
01455778, 9.5, 32, The Eighth Day of Creation
26305171, 8.0, 82, 生命八卦
35016532, 8.9, 44, 演化之旅
24877497, 9.3, 35, 马来群岛自然科学考察记
01660174, 8.3, 64, 大自然如何工作
25823194, 6.6, 356, 图解时间简史
26734783, 7.6, 112, 46亿年的地球物语
01123806, 8.3, 63, 量子力学习题精选与剖析（上）
20326980, 8.1, 73, 数学大师
34808230, 7.7, 101, 冥王星沉浮记
25743165, 8.2, 67, 海洋:深水探秘
01000076, 8.0, 77, 植物化石
05259409, 7.3, 145, 催眠术圣经
10520468, 8.1, 71, 人體交易
26317233, 8.1, 71, 科学百科
26269600, 8.0, 76, 萤火虫在中国
01012099, 8.2, 65, 医学史（上下）
01027753, 8.3, 60, 数学花园漫游记
01912781, 9.4, 31, 傅里叶光学导论
11502248, 9.6, 28, 算术探索
01966035, 8.5, 51, 认星识历
26860166, 8.4, 54, 万物简史
05417231, 8.6, 47, 玻恩-爱因斯坦书信集 (1916-1955)
03018479, 9.2, 33, 圆锥曲线论（卷Ⅰ-Ⅳ）
01536023, 7.4, 117, 基础生态学
01167098, 9.5, 28, 阿基米德全集
26684007, 7.7, 88, 明日的餐桌
01981610, 8.2, 59, 数学和自然法则
03094622, 8.6, 45, 月令七十二候集解
01810803, 8.4, 51, 昆虫记
27036556, 8.4, 51, 黑夜的终结
01315596, 8.2, 58, 量子物理学
01509061, 8.3, 54, 气象学与气候学(第三版)
02066242, 8.3, 54, 心血运动论
26975489, 9.3, 30, 大自然解剖书系列科普绘本
02236899, 8.5, 47, 图论导引
26335065, 7.2, 136, 进化-牛津通识读本
30202992, 8.4, 50, 超越无穷大
01220416, 8.8, 39, 绳长之谜
02206727, 8.7, 41, 萬物簡史I
25768866, 7.7, 83, 非零和时代
01982788, 8.2, 56, 一地虫声
01391763, 8.6, 43, 数学魔法
01049804, 7.7, 81, 科学进化史
25980102, 8.5, 45, 麦克斯韦方程直观
30389352, 8.1, 59, 赛先生的梦魇
01065738, 9.5, 26, 地球家园--青少年环保科普读本
27068369, 8.3, 51, 动物的秘密语言
01997979, 7.1, 142, 学风水的第一本书
26935411, 7.9, 68, 生物学之书
24852713, 8.9, 35, 医疗、卫生与世界之中国（1820-1937)
26289566, 9.0, 33, 死亡黑洞
02068954, 8.4, 47, 自然的故事
26595196, 9.1, 31, 植物王国的奇迹：生命的旅程
01032997, 8.1, 57, 科学家的辩白
20451391, 7.8, 71, 神奇的数学
26574897, 8.5, 43, 地上地下•自然，地上地下•城市
01435492, 8.7, 38, 中国云图
01231087, 9.0, 32, 数学分析
34841559, 9.0, 32, 量子空间
27103961, 8.2, 52, 隐匿的宇宙
04934863, 8.4, 45, 恐龙足迹
26670709, 8.3, 48, 世界地图：跟爸爸一起去旅行
01110680, 8.1, 55, 流体力学（下册）
30388816, 8.1, 55, 太阳全书
01219953, 7.6, 81, 实验室生活
02019404, 8.8, 35, 地质旅行
04267174, 8.9, 33, 条件反射
03567251, 7.6, 79, 数学犹聊天
03057537, 9.1, 29, 蜡烛的故事
05372647, 7.1, 125, 像科学家一样思考
30241060, 7.1, 125, 11次奇妙自然探索之旅
30127271, 8.2, 49, 星座全书
06893674, 9.3, 26, 群表示论
01465108, 8.4, 42, 科学与怪异
02233654, 8.8, 33, 新概念高中物理读本（第一册）
26989996, 7.9, 59, 蛇杖的传人
10781065, 9.1, 28, 好奇年代
26325026, 8.5, 39, 气象观察图鉴：风雷云雨的真身与魅影
03729165, 8.4, 41, 冰河世纪
02209902, 9.2, 26, 传热和传质基本原理
03246318, 9.2, 26, 化学（全三册）
10553293, 8.3, 43, What a Plant Knows
26739281, 8.3, 43, 生命是什么
02992561, 8.9, 30, 水气火土
10588813, 7.5, 77, 进化论与生活
25870003, 7.1, 112, 牛顿新传-牛津通识读本
01073886, 8.6, 35, 海洋的故事-探寻生命的故乡
02305052, 8.5, 37, 光论
30219708, 7.6, 69, 错把妻子当帽子
02006338, 7.4, 82, 论系统工程
01873519, 6.9, 135, 科学是怎样败给迷信的
27174219, 7.7, 63, 半个地球
04217078, 8.3, 41, 人类在自然界的位置
04859569, 8.3, 41, 数学与人文
01055341, 7.9, 53, 古海荒漠
05406388, 8.2, 43, 宇宙
24700568, 8.8, 30, 宇宙学
26970113, 8.3, 40, 昆虫的私生活
04178997, 8.9, 28, 自然百年科学经典
04879312, 8.9, 28, 文科天文
26777130, 9.3, 23, 玫瑰之吻
30147046, 7.5, 71, 电的科学史
01033747, 8.2, 42, 双螺旋探秘
03207166, 7.7, 59, 从巫术到数术
03354583, 8.1, 44, 奇妙的生命
25923088, 9.0, 26, DK彩色图解丛书
26747859, 7.4, 73, 人类基因的历史地图
01214687, 8.8, 28, 科学探索者.电与磁
06124650, 8.8, 28, 九章算术
26880628, 8.8, 28, 生命之源
27083477, 8.4, 35, 高数笔谈
27074384, 9.5, 20, 野外观蝶
26578026, 8.1, 42, 地图的演变
27667297, 9.0, 25, 动物骨大发现
01081842, 6.6, 164, 达尔文的黑匣子
01650352, 9.6, 19, 高等植物及其多样性
26854949, 8.5, 32, 法布尔昆虫记
01464822, 7.9, 47, 细胞叛逆者
34466721, 7.3, 76, 走近费曼丛书：别逗了，费曼先生
04897136, 7.2, 83, 和眼镜说再见 改善视力的贝茨博士护眼法
27008867, 8.8, 27, 从地底发现宇宙
20365734, 8.0, 43, 贩卖怀疑的商人
17341557, 6.9, 110, 无中生有的宇宙
10749886, 8.3, 35, 如何进行时间旅行？35问揭示物理之美
05241973, 7.6, 57, 双螺旋探秘
03111774, 6.9, 108, 血型的秘密
26639533, 7.9, 45, 自然老师没教的事
24551537, 8.8, 26, 天文迷的夜空导游图
34873161, 9.9, 16, 认识海洋
30440249, 7.4, 65, 邀你共进量子早餐
01228752, 8.5, 30, 天体运行论
06002737, 9.2, 21, 海洋生物学
05354677, 7.4, 64, 漫画微分方程
26978409, 8.0, 40, 植物发现之旅
01781154, 8.3, 33, Dr.Tatiana給全球生物的性忠告
26988205, 8.8, 25, 生物心理学（原书第9版）
01615132, 6.9, 100, 生态学
03056210, 9.5, 18, 从X射线到夸克——近代物理学家和他们的发现
01692631, 7.4, 62, 巨兽时代
25956148, 8.7, 26, &#34;小猎犬&#34;号科学考察记
01131184, 7.9, 42, 生活的数学
01594554, 8.6, 27, 基因的艺术  世界科普名著精选
01147874, 8.4, 30, 地球脑的觉醒
01401140, 8.8, 24, The Extended Phenotype
01065853, 8.7, 25, 圣诞科学讲座
01039280, 7.8, 43, 文科物理十五讲
01186023, 8.3, 31, 科学
11501807, 8.6, 26, 美国国家地理·13颗行星
01927608, 7.3, 62, 数学符号史
03207629, 8.9, 22, 美国高中主流理科教材•科学发现者
03376585, 7.5, 52, 吃的营养科学观
02249732, 9.2, 19, The Companion Species Manifesto
04836945, 8.0, 36, 奇妙的现实
34913558, 8.0, 36, 谁捉住了上帝粒子？
01059167, 9.3, 18, 图解植物学词典
03572573, 8.2, 31, 生命科学史
02273301, 8.0, 35, 通往斯德哥尔摩之路
30265748, 8.5, 26, 听化石的故事
06524921, 6.4, 147, 量子纠缠
04001334, 8.4, 27, 魅力魔方
07014867, 9.5, 16, 生命的起源
34910866, 7.3, 57, 深奥的简洁
01832747, 7.9, 36, 玻尔兹曼
01179204, 9.6, 15, 昆虫分类（上下）
02159850, 8.9, 20, 怎样玩魔方
02315860, 7.8, 37, 宇宙的起源
07014872, 9.4, 16, 人体和思维
01620396, 8.1, 30, 趣味地球化学
01359465, 7.9, 34, 自然科学的形而上学基础
30200825, 8.2, 28, 化学之书
26658499, 9.2, 17, 相对论ABC
04264907, 9.5, 15, 可怕的科学
25700885, 8.8, 20, 爱上物理：我在MIT教物理
03208451, 8.6, 22, 昆虫百科全书
03277357, 9.3, 16, 时间之河
01369313, 8.2, 27, 菜市場魚圖鑑
32932176, 8.0, 30, 月亮全书
26608864, 9.1, 17, 植物学（第2版）
04217348, 8.1, 28, 思维风暴
03121201, 7.4, 45, 谁是造物主
26910214, 7.4, 45, 虚空
03027007, 8.7, 20, 趣味代数学
23155630, 7.0, 61, 700种多肉植物原色图鉴
03376760, 7.5, 40, 恐龙探秘
26547508, 8.6, 20, 野果
11607610, 8.5, 21, 章鱼家族趣谈
30326882, 8.5, 21, 在悖论中前行
01873903, 8.1, 26, A Short History of Nearly Everything
26901213, 7.4, 41, 植物Q&amp;A
26935403, 7.4, 41, 神奇的鸟类
30354890, 9.8, 12, 世界图景的机械化
24163442, 6.4, 104, 天文学简史
26720140, 7.2, 47, 科学美国人精选系列:生机无限 医学2.0
34439610, 7.4, 40, 故宫里的博物学： 给孩子的清宫海错图
02222857, 6.1, 148, 趣谈
02987699, 6.3, 113, 数学丑闻
01217759, 8.0, 26, 混沌与分形
01044998, 7.5, 36, 探求万物之理
10580328, 9.4, 13, 观鸟手册
01833179, 7.7, 30, 物理学（上册）
01948637, 8.4, 20, 混沌学
20406850, 8.7, 17, 为什么是门捷列夫?
01000979, 8.0, 24, 科学悖论集
02349481, 7.8, 27, 怀疑的化学家
01555096, 9.3, 13, 第四纪环境
26735293, 8.7, 16, 费曼讲物理入门
02195145, 7.8, 25, 北平笺谱
34858769, 8.6, 16, 动物王朝
26905606, 8.9, 14, 墙书·地球通史
06810237, 7.6, 27, 西方科学史
02158531, 8.1, 20, 人之上升
04887623, 8.0, 21, 全像宇宙投影三部曲 （第三部）
30251285, 9.2, 12, The Rise and Fall of the Dinosaurs
01049670, 7.8, 23, 人与动物的情感
01481261, 8.5, 15, 动物的建筑艺术
25909339, 5.9, 117, 大象如何站在铅笔上
03927232, 8.1, 18, 電影中不可能的物理學
26688502, 7.2, 31, 散度、旋度、梯度释义（图解版）
34926003, 8.6, 14, 量子通史
01761107, 9.2, 11, Harvest for Hope
26226014, 7.4, 26, 欺骗时间
25984578, 8.7, 13, 相对论
26674270, 8.2, 16, 苏里南昆虫变态图谱
30165509, 9.3, 10, 引力和宇宙学——广义相对论的原理和应用
26823533, 8.8, 12, 博物
24751338, 6.8, 38, 云知道答案
30323979, 9.0, 11, 寿命图鉴
01068935, 7.7, 20, 奇妙的生灵
26822940, 9.2, 10, 以大概念理念进行科学教育
25876137, 6.3, 57, 不脑残科学
01196703, 8.1, 15, 为世界而生：霍奇金传
06068951, 6.3, 51, 半导体物理学
25850276, 8.0, 15, 挖掘者手记
26915256, 7.3, 22, 小提琴家的大拇指
01056541, 8.1, 14, 中国高等植物图鉴 第一册 (1972)
33447928, 8.4, 12, 奇妙的生命
06126303, 6.5, 39, 自然史
20423429, 8.2, 13, 消失的动物
02037471, 6.6, 34, 进化论
27159222, 7.9, 13, 实验、测量与科学
27012348, 8.4, 10, 数学万花筒（修订版）
01078027, 8.0, 11, 阅读大师·自然科学卷
01035247, 6.2, 35, 宇宙之谜
27600260, 8.2, 10, 给孩子的自然简史
26149382, 7.8, 11, 饶议科学Ⅱ
01218609, 6.6, 22, 植物学
06816599, 7.3, 13, 达尔文的秘密花园
06576097, 7.2, 13, The Beginning of Infinity
30253427, 6.2, 26, 科学也反常
26278339, 5.9, 32, 达尔文的黑匣子
21357012, 7.0, 11, 植物看得見你
26954031, 5.7, 25, 碳时代
01056075, 0.0, 10, 中国高等植物科属检索表
01595835, 0.0, 10, 中国鸟类志（上下）
02243961, 0.0, 10, 中国科学技术史·第三卷 数学
03135352, 0.0, 10, 瓢虫瓢虫
27601593, 0.0, 10, 特斯拉
33427393, 0.0, 11, 不匹配的一对
01433850, 0.0, 12, 中国大型真菌
24849581, 0.0, 14, 第一套自然科学启蒙书
