2020-07-05 16:00:16

number of books, tag name
320, 茨威格

ID, rating, votes, title
03259440, 9.1, 460319, 白夜行
01082154, 9.1, 190800, 活着
01873231, 8.7, 182714, 明朝那些事儿（壹）
02154960, 8.7, 107021, 一个陌生女人的来信
01085799, 8.7, 102795, 白鹿原
06880158, 8.8, 44085, 陆犯焉识
01051193, 8.6, 57881, 麦琪的礼物
04881850, 9.1, 11586, 阿勒泰的角落
01159939, 8.6, 24423, 一个陌生女子的来信
01062343, 9.2, 9841, 昨日的世界
01083762, 8.7, 20485, 人类的群星闪耀时
02158684, 9.1, 8596, 象棋的故事
25733470, 8.2, 35177, 没有色彩的多崎作和他的巡礼之年
02056749, 8.1, 40337, 时间旅行者的妻子
03136255, 8.8, 11209, 一个陌生女人的来信
01125186, 8.5, 16404, 半生缘
04238162, 9.4, 4307, 昨日的世界
26768309, 8.1, 25854, 查令十字街84号
03757732, 8.9, 7248, 人类的群星闪耀时（增订版）
01292227, 8.8, 6813, 霍乱时期的爱情
10574912, 8.9, 3934, 一个陌生女人的来信
19962936, 8.7, 4850, 只是孩子
01818583, 9.1, 2805, 斯·茨威格中短篇小说选
27128608, 8.9, 3593, 一个陌生女人的来信
02146279, 9.0, 3070, 心灵的焦灼
01201620, 8.3, 7442, 人类群星闪耀时
04010186, 8.6, 4773, 跌荡一百年（下）
27615361, 9.5, 1582, 昨日的世界
05404162, 8.6, 3459, 一个女人一生中的二十四小时
06538430, 8.5, 3952, 人类群星闪耀时
33385476, 8.3, 4976, 人类群星闪耀时
26271420, 9.0, 1864, 一个陌生女人的来信
01036787, 9.2, 1458, 昨日的世界
04266008, 8.3, 4353, 给一个未出生孩子的信
26334507, 8.6, 2701, 人类的群星闪耀时
10563555, 8.9, 1858, 恐惧
01465543, 8.8, 1961, 异端的权利
04173402, 8.4, 3033, 昨日之旅
34434342, 8.5, 2645, 人类群星闪耀时
01097835, 8.0, 5036, 名人传
01083483, 8.6, 2172, 一个陌生女人的来信
24700640, 9.2, 1023, 象棋的故事
01148843, 8.4, 2592, 一个女人一生中的二十四小时
02146277, 9.1, 979, 一个政治性人物的肖像
26745030, 8.6, 1640, 陌生女人的来信
26352569, 9.3, 708, 茨威格文集
20273057, 9.0, 945, 象棋的故事
26828753, 8.6, 1448, 一个陌生女人的来信
01982096, 8.3, 2034, 关于来洛尼亚王国的十三个童话故事
01265440, 9.3, 656, 昨日的世界
01316564, 9.0, 871, 情感的迷惘
01274730, 8.7, 1197, 人类的群星闪耀时
01072363, 8.8, 1053, 人类群星闪耀时
01123546, 8.8, 1030, 一个陌生女人的来信
01320521, 8.9, 914, 一个陌生女人的来信
01210726, 8.6, 1234, 一封陌生女子的来信
06126822, 9.1, 647, 心灵的焦灼
06730333, 8.6, 1077, 变形的陶醉
01051524, 8.3, 1498, 断头王后
04941425, 8.8, 811, 一个女人一生中的二十四小时
26335337, 9.2, 543, 昨日世界
27067973, 9.4, 439, 昨日世界
27591677, 9.3, 477, 昨日的世界
01902852, 8.5, 1080, 一个女人一生中的24小时
11444363, 8.5, 1047, 一个陌生女人的来信
25926547, 8.5, 1039, 黑毡上的北魏皇帝
26986678, 8.4, 1118, 人类群星闪耀时
01045056, 8.6, 866, 异端的权利
03040515, 9.0, 567, 灼人的秘密
02056686, 9.0, 565, 陰陽師－瀧夜叉姬（上、下）
02127790, 7.6, 3151, 蝴蝶风暴
06538431, 9.1, 497, 一个陌生女人的来信
04108901, 8.4, 994, Letter from an Unknown Woman
27037087, 8.7, 703, 断头王后：玛丽·安托瓦内特传
06152975, 9.1, 459, 一个女人一生中的二十四小时
03701605, 8.2, 1142, 朝鲜战争
01817641, 8.6, 719, 断头女王
11637640, 9.0, 479, 一个陌生女人的来信
26826520, 8.2, 1128, 人类群星闪耀时
01850861, 8.0, 1399, 托斯卡纳艳阳下
02066292, 8.7, 612, 异端的权利
26787222, 9.4, 306, 斯·茨威格中短篇小说选
26877741, 8.5, 717, 人类的群星闪耀时
26828752, 8.8, 506, 象棋的故事
25751749, 8.6, 615, 一个陌生女人的来信
01065485, 8.5, 573, 玛丽·斯图亚特
01466231, 9.5, 230, 茨威格小说集:全3册
26828751, 8.9, 377, 昨日之旅
03320904, 8.5, 557, 蒙田
01068151, 8.8, 404, 夜色朦胧
27144820, 9.2, 282, 人类的群星闪耀时
03044492, 7.4, 2237, 百年诅咒
21335414, 8.4, 595, 马来狂人
26365979, 8.9, 353, 一个陌生女人的来信
10566787, 8.9, 348, 良知对抗暴力
26256868, 8.9, 345, 一个陌生女人的来信
06870105, 8.4, 560, 田园交响曲
30134659, 8.5, 459, 一个女人一生中的二十四小时
05910768, 8.5, 454, 风景
26394190, 9.0, 272, 鹿特丹的伊拉斯谟
01024060, 9.0, 268, 国际象棋的故事
21714777, 8.1, 657, 巴西：未来之国
01035997, 8.8, 313, 与魔鬼作斗争
03673409, 8.7, 339, 人类群星闪耀时
06711398, 8.9, 282, 一个女人一生中的二十四小时
01101911, 9.1, 233, 一个陌生女人的来信 夜色朦胧
01083446, 8.6, 337, 麦哲伦航海纪
30326608, 8.6, 325, 一个陌生女人的来信
27912251, 9.6, 142, 昨日的世界
26374535, 8.9, 244, 一个女人一生中的二十四小时
33439315, 9.2, 187, 心灵的焦灼
25906499, 9.1, 202, 昨日的世界
03028929, 8.7, 272, 一颗心的沦亡
27112712, 8.6, 290, 三大师传
02005555, 9.3, 160, 茨威格中短篇小说选
01049193, 9.2, 171, 象棋的故事
27039531, 9.2, 171, 良知对抗暴力
01438426, 8.5, 306, 三大师
25895962, 9.1, 168, 一个陌生女人的来信
26107472, 8.1, 403, 苏格兰女王的悲剧
26303772, 8.5, 265, 一个陌生女人的来信
04185709, 9.0, 171, 百年孤独
06535064, 8.7, 219, 一个陌生女人的来信
19963460, 8.5, 246, 与魔鬼作斗争
01256293, 8.8, 188, 一个陌生女人的来信
01101912, 8.7, 201, 火烧火燎的秘密 里昂的婚礼
23858312, 8.1, 350, 断头王后
02379276, 8.7, 198, 一个陌生女人的来信
27616086, 8.4, 251, 通向往昔之旅
26997409, 8.0, 374, 阅读计划：一个陌生女人的来信
26937231, 9.7, 92, 茨威格文集
26606495, 8.6, 206, 一个陌生女人的来信
27092641, 8.0, 358, 人类群星闪耀时
01210503, 9.3, 115, 象棋的故事
10603708, 8.5, 216, 茨威格情欲小说
01118816, 8.8, 167, 悲情王后
27132333, 9.2, 121, 玛丽•安托内特传
05960149, 8.2, 274, 三大师传
26118434, 9.1, 127, 一颗心的沦亡
03806575, 8.8, 155, 里昂的婚礼
27056404, 8.9, 138, 三作家传
26828750, 8.5, 191, 艾利卡·埃瓦尔德之恋
26988054, 8.1, 277, 人类群星闪耀时（经典译林）
30452866, 8.3, 224, 一个陌生女人的来信
10760907, 9.0, 124, 一个陌生女人的来信
30162953, 8.1, 268, 人类群星闪耀时
27142296, 9.2, 107, 昨日的世界
01807569, 9.3, 94, 断头艳后
03099173, 9.4, 88, 象棋的故事(文学小丛书)
04880389, 9.0, 115, 一个陌生女人的来信
26440785, 8.8, 132, 三大师传
01466202, 9.3, 90, 昨天的世界
01820614, 9.1, 103, 一个政治家的肖像
27663280, 9.0, 109, 鹿特丹的伊拉斯谟
26298580, 8.7, 136, 一个陌生女人的来信
01811561, 8.6, 146, 苏格兰女王的悲剧
26476984, 8.6, 140, 人类的群星闪耀时
01950142, 9.0, 103, 断头艳后
30302126, 8.4, 164, 巴西：未来之国
27124581, 9.0, 102, 人类群星闪耀时（全本）
01328563, 8.8, 118, 三大师
26866539, 8.2, 192, 人类群星闪耀时
01037991, 8.3, 173, 一个古老的梦
01361962, 9.0, 99, 一位陌生女子的來信
03931477, 8.2, 185, 犹太人的命运
27116015, 8.8, 112, 一个陌生女人的来信
03100746, 9.3, 79, 茨威格作品精选
03272471, 8.4, 149, 茨威格散文
02072944, 9.1, 87, 命丧断头台的法国王后
01392592, 8.4, 145, 权与欲的狂飙
10563472, 8.3, 157, 人类星光灿烂时
01006581, 8.5, 129, 巴尔扎克传
26279801, 8.9, 94, 一个政治家的肖像
05338526, 8.9, 92, 一个陌生女人的来信
03201701, 8.8, 94, 一个陌生女人的来信
27180719, 9.1, 75, 人类群星闪耀时
20145547, 9.2, 69, Letter from an Unknown Woman and Other Stories
03936453, 8.2, 136, 灼人的秘密
01223891, 8.5, 106, 约瑟夫·富歇
26787399, 8.4, 110, 人类星光灿烂时
01424708, 9.3, 59, The World of Yesterday
01938191, 8.6, 94, Brief einer Unbekannten
02114474, 8.8, 79, 世界建筑师
25866060, 9.3, 56, 世界十大中短篇小说家：茨威格
01388331, 8.6, 87, 一个女人的24小时
24383316, 8.4, 97, 人类群星闪耀时
01138765, 8.3, 103, 罗曼·罗兰传
03583519, 8.8, 69, 回归自我
26912351, 8.9, 64, 一个陌生女人的来信
01291477, 8.5, 80, 精神疗法
11517067, 8.5, 80, 一个女人一生中的二十四小时
10763919, 7.9, 130, 茨威格在巴西
01763023, 8.6, 73, 昨日世界：一個歐洲人的回憶
26419857, 8.0, 113, 人类群星闪耀时
27028582, 9.4, 43, 茨威格短篇小说精选
01908539, 7.1, 275, 家庭电影
19964290, 7.7, 141, 启蒙的精神
30333761, 7.2, 238, 人类群星闪耀时
30133350, 8.4, 78, 当人类群星闪耀时
03633490, 7.9, 115, 人类群星闪耀时刻
04051532, 8.1, 96, 一个陌生女人的来信
06828857, 8.6, 66, 名家名译·一个陌生女人的来信
01008311, 8.6, 65, 与魔鬼搏斗
01366976, 9.1, 47, 同情的罪
03675518, 8.4, 74, 托尔斯泰传
01066490, 7.9, 107, 书的礼赞
30401012, 9.2, 43, 茨威格小说全集
01999421, 9.0, 48, Schachnovelle
25844511, 9.3, 40, 昨日的世界
05406394, 8.2, 81, 异端的权利
26926699, 8.2, 80, 人类群星闪耀时
01996564, 8.6, 60, 同情的罪
03435739, 8.3, 73, 一颗简单的心
06864100, 8.5, 63, 人类的群星闪耀时
25865026, 7.7, 116, 希特勒回來了
03286784, 9.2, 40, 爱与同情
25852940, 7.9, 95, 剑桥日本史（第五卷）
25882970, 8.8, 48, 巴尔扎克传
01017465, 9.2, 38, 大探险家
01959534, 8.5, 58, 一个陌生女人的来信
25753366, 8.3, 66, 人类的群星闪耀时
26438568, 8.7, 50, 人类星光灿烂时
02348312, 9.7, 29, Die Welt von Gestern
03720574, 9.2, 37, 巴尔扎克传
01459745, 8.8, 46, 世界文学著名文库 第一辑
27132300, 8.5, 53, 精神世界的缔造者
01921079, 9.0, 39, 良心反对暴力
01736601, 8.5, 52, 三大师
27152316, 7.9, 79, 人类群星闪耀时(十五篇历史特写全新增订版)
20545453, 9.7, 26, The World of Yesterday
01118817, 8.6, 46, 为爱疯狂
02341937, 8.6, 46, 精神疗法
04743480, 9.3, 30, 心灵的焦灼
06715675, 9.1, 33, Chess
03090667, 9.2, 31, 一个女人一生中的二十四小时
26339818, 8.2, 55, 人类群星闪耀时
26318777, 9.2, 30, 遭遇这些事的人是我
26712603, 8.6, 41, 人类的群星闪耀时
24876515, 8.2, 52, 无边界阅读
26754524, 8.2, 52, 人类群星闪耀时
01277738, 8.6, 40, 庄子注译
27667365, 8.1, 54, 一个陌生女人的来信
01898593, 8.4, 44, 三人书简
01192728, 8.5, 41, 心灵的焦躁
22685326, 8.8, 34, 三作家
25857441, 8.3, 46, 邂逅人与书籍
01767101, 8.9, 30, Chess Story
01362213, 9.0, 28, 一位陌生女子的來信
01254176, 7.9, 54, 伊丽莎白女王和埃塞克斯伯爵
02159814, 8.6, 34, 少年维特的烦恼
02101439, 8.8, 30, 三大师
01836025, 9.3, 23, 约瑟夫·富谢
01642810, 9.0, 26, 与魔搏斗的人
02055745, 8.9, 27, 人类命运攸关的时辰
03080219, 8.7, 30, 危险的怜悯
01208899, 7.9, 48, 海滨之屋
02227346, 8.8, 27, Decisive Moments in History
26846604, 7.6, 58, 人类群星闪耀时
34802708, 9.3, 20, 人类的群星闪耀时（2019年版）
26702946, 7.6, 54, 人类群星闪耀时
22685325, 8.8, 25, 三大师
03253886, 8.6, 26, 富贵梦
01120817, 8.0, 37, 玛丽亚.斯图亚特
26795069, 7.8, 41, 一个陌生女人的来信
22685673, 8.6, 25, 昨天的世界
01191019, 8.3, 29, 麦哲伦传
03908179, 8.8, 22, 人類的群星閃耀時
27112869, 8.6, 24, 人类的群星闪耀时
06067518, 7.6, 44, 人类的群星闪耀时
27116264, 9.6, 15, 一个女人一生中的二十四小时
10831148, 6.8, 85, 人类群星闪耀时
26771221, 8.0, 32, 一个女人一生中的二十四小时
25813516, 7.9, 34, 一个女人一生之中的24小时（德语经典文学手绘插画本)
30162985, 7.9, 33, 人类群星闪耀时
27100866, 8.6, 22, 人类的群星闪耀时
03181542, 8.6, 21, 近世代数概论
30204308, 9.0, 17, 看不见的收藏
01208897, 7.7, 34, 罗曼·罗兰传
01400720, 7.6, 36, 无处为家
25918393, 8.6, 19, 与魔鬼博斗
27021330, 8.3, 22, 一个陌生女人的来信
27120515, 6.9, 56, 玛丽·斯图亚特传
01021413, 7.8, 28, 银弦集・早年的花环・新的旅程
04740126, 8.7, 17, Lettre d&#39;une inconnue
26411998, 7.8, 26, 民国胭脂和她们的时代
01425185, 8.3, 19, 麦哲伦
01642814, 8.6, 16, 罗曼·罗兰
03931731, 8.9, 14, 茨威格散文选
22685934, 8.2, 19, 精神疗法
27150497, 7.8, 23, 精神世界的缔造者
26869936, 8.3, 17, 三大师
01520008, 9.1, 12, 文豪笔下的文豪
26956223, 9.6, 10, 昨日世界
01023538, 7.5, 26, 茨威格散文精选
01596321, 8.8, 13, 一个政治家的画像
03454404, 8.2, 17, 精神疗法
02365162, 7.8, 21, 茨威格传奇作品集
25844520, 8.3, 16, 人类的群星闪耀时
22685564, 8.9, 12, 与魔搏斗的人
27137583, 7.5, 23, 三大师(精)
01001095, 8.6, 13, 人文之光
27154053, 9.0, 11, 一个女人一生中的二十四小时
33805507, 9.0, 11, 一个陌生女人的来信
01003092, 6.9, 33, 莱茵河畔的森林之歌
02348558, 8.3, 14, 归来没有统帅
26292777, 7.3, 24, 宪法专政
30231483, 8.4, 13, 人类星光灿烂时
01013493, 7.9, 16, 特西特斯
01361908, 7.7, 17, 一封陌生女子的來信
26930155, 7.7, 16, 一个女人一生中的二十四小时
06852590, 6.8, 28, 茨威格画传
01073267, 7.7, 15, 秘密的事情
01011359, 7.4, 17, 永久记忆版世界文学名著文库
01548196, 6.2, 33, 茨威格小说研究
01216452, 8.0, 10, 川端康成哀婉小说
22685932, 7.5, 11, 罗曼.罗兰
01642816, 0.0, 10, 巴尔扎克
03176326, 0.0, 10, Sternstunden Der Menschheit
03089027, 0.0, 11, 爱与同情
05033213, 0.0, 12, Journey Into the Past
