2020-07-05 16:00:16

number of books, tag name
65, 莫扎特

ID, rating, votes, title
04908883, 9.0, 6573, 荒原狼
02165076, 9.0, 2815, 玻璃球游戏
01001761, 8.1, 1890, 发条橙 莫扎特与狼帮
01096373, 9.0, 466, 车尔尼钢琴快速练习曲
01210299, 9.1, 334, 约翰・汤普森简易钢琴教程(2)
01209594, 9.4, 230, 莫扎特钢琴奏鸣曲集
01116305, 9.3, 228, 论钢琴表演艺术
01198520, 8.5, 408, 北方人的巴赫
25803500, 7.7, 722, 古典音乐的巨匠时代（1685—1897）
25928734, 9.0, 169, 古典风格
01033034, 8.4, 281, 与傅聪谈音乐
30247531, 9.3, 124, 听音乐（全彩插图第11版）
01011147, 9.1, 139, 上帝的宠儿
23781718, 9.0, 123, 古典音乐
26666877, 9.4, 84, 古典风格
01148261, 8.5, 103, 莫扎特书信集
01075642, 8.7, 85, 莫扎特：音乐的神性与超验的踪迹
01939144, 7.3, 306, 莫札特不唱摇篮曲
01014250, 8.6, 86, 自画像与自白
01137449, 8.2, 116, 乐神的摇篮
33430622, 7.6, 197, 遇见莫扎特：从神童到大师的音乐人生
27160974, 8.1, 122, 1791，莫扎特的最后一年
01792475, 8.1, 121, 莫扎特
26127798, 7.9, 138, 莫扎特
01734401, 7.9, 136, 论莫扎特
03198589, 9.8, 37, 拜厄钢琴基础教程
06847502, 7.6, 164, 古典音乐一本通
01092039, 8.1, 104, 钢琴学习指南
26874238, 7.2, 211, 呼吸
06010200, 7.9, 104, 莫扎特论
01919210, 7.8, 113, 莫扎特家书
10545543, 9.1, 44, 莫扎特和他的歌剧
02372479, 8.2, 77, 歌剧与观念
34660108, 9.0, 41, 珍珠·松香·夜莺·序列
26756122, 7.4, 124, 我是你的莫扎特：莫扎特书信集
26907172, 7.5, 112, 莫扎特与纳粹
01046138, 7.2, 151, 莫扎特传
01481270, 8.9, 36, Amadeus
26862352, 7.6, 81, 莫扎特，请入席
01075711, 8.4, 43, 莫扎特教育风暴
01414735, 7.9, 59, 钢琴鉴赏手册
01060568, 7.5, 45, 莫扎特和大公的外衣
01221791, 9.4, 15, 莫扎特钢琴奏鸣曲集
01867542, 8.5, 22, 流行钢琴即兴伴奏教程
03045756, 8.3, 23, 全国钢琴演奏考级作品集（全套共三册）
10753944, 6.9, 51, 莫扎特暗符1
03435573, 7.2, 39, 寂静岭3官方小说
02138705, 8.6, 16, マドモアゼル・モーツァルト
30156463, 7.3, 32, 莫扎特传
10794559, 7.8, 22, 莫扎特暗符-3
01657821, 9.0, 12, 莫扎特钢琴奏鸣曲集
03495030, 7.5, 23, 莫扎特
10794558, 7.4, 22, 莫扎特暗符-4
10794560, 7.4, 22, 莫扎特暗符-2
10557498, 7.2, 23, 莫扎特自述
21993119, 7.7, 15, 莫扎特效应
26341054, 6.5, 20, 莫扎特：乐神的爱子
19989173, 6.7, 14, 中小学课本里的名人传记丛书·莫扎特
02044604, 6.0, 14, 莫扎特-作品和生平
26736801, 5.6, 12, 莫扎特
03744520, 0.0, 10, 莫扎特
04327203, 0.0, 11, Cosi the Screenplay (Screenplays)
01425132, 0.0, 12, 莫扎特
01676301, 0.0, 14, 莫扎特钢琴奏鸣曲集
02041701, 0.0, 95, 拜厄钢琴基本教程教学指导
