2020-07-05 16:00:16

number of books, tag name
184, 莫泊桑

ID, rating, votes, title
01084336, 9.0, 576796, 小王子
01082154, 9.1, 190800, 活着
04908885, 9.0, 129295, 局外人
01449351, 8.9, 90238, 呐喊
01398395, 8.8, 51768, 狂人日记
01051193, 8.6, 57881, 麦琪的礼物
01400705, 8.1, 134118, 情人
01205370, 8.2, 86296, 羊脂球
01213546, 8.4, 40968, 变形记
01258498, 8.4, 40249, 项链
01950809, 9.6, 3701, 红楼梦
01083434, 8.7, 7130, 莫泊桑短篇小说选
02141139, 9.0, 3531, 欧亨利短篇小说精选
02063329, 8.5, 6448, 包法利夫人
04893870, 9.5, 1775, 飘（上下）
03067169, 7.9, 15432, 丑陋的中国人
10488619, 8.9, 3042, 洞穴奇案
01152701, 7.8, 9084, 漂亮朋友
01893972, 8.2, 4130, 漂亮朋友
26773323, 9.0, 1456, 莫泊桑短篇小说精选
01220098, 9.0, 1282, 羊脂球
01026547, 8.2, 3067, 一生
01427281, 8.2, 2887, 羊脂球
26895120, 8.9, 1151, 包法利夫人
01491855, 8.6, 1559, 羊脂球
05406569, 8.8, 1112, 羊脂球
01185912, 8.6, 1208, 变形记
04881510, 8.6, 1078, 羊脂球
03144827, 8.5, 980, 羊脂球
03144806, 8.7, 729, 项链
01105272, 8.4, 973, 羊脂球
01204231, 8.4, 806, 羊脂球(莫泊桑中短篇小说选)
01060444, 8.4, 797, 羊脂球
01018408, 8.6, 628, 莫泊桑短篇小说选
01144298, 8.6, 603, 莫泊桑短篇小说选
01125031, 8.8, 474, 莫泊桑短篇小说精选
05063807, 8.3, 607, 漂亮朋友
01409878, 8.1, 700, 漂亮朋友
30167136, 9.0, 273, 莫泊桑短篇小说精选
01823105, 8.8, 320, 河的第三条岸
01790270, 8.7, 341, 莫泊桑中短篇小说全集(1)
23819664, 8.7, 341, 我的叔叔于勒
04869637, 8.1, 565, 福楼拜的鹦鹉
01221889, 7.7, 876, 漂亮朋友
26427454, 8.9, 229, 《羊脂球》莫泊桑短篇小说选
01221226, 8.9, 211, 莫泊桑短篇小说集
01028415, 8.8, 222, 羊脂球
26604309, 8.7, 231, 项链
01210796, 7.8, 458, 一生
02161697, 8.3, 261, 一生 两兄弟
01265961, 8.3, 254, 羊脂球
01070527, 7.8, 310, 卡斯特桥市长
01657487, 9.0, 106, 莫泊桑短篇小说选
02360055, 8.5, 156, 俊友
01261881, 8.6, 131, 项链
06429285, 7.4, 430, 末世之城
02033073, 8.4, 151, 一生 漂亮朋友
30238143, 7.8, 242, 奥尔拉
02371967, 8.7, 107, 莫泊桑短篇小说全集（全四册）
01210795, 8.7, 106, 双城记
34866954, 9.5, 60, 梅塘之夜
01817642, 8.1, 166, 一生
04004867, 8.4, 126, 莫泊桑短篇小说选
25890627, 8.7, 96, 莫泊桑文集
03181272, 9.0, 69, 莫泊桑短篇小说选
25897687, 8.2, 121, 莫泊桑短篇小说选
02380325, 8.0, 141, 俊友
04059841, 8.8, 74, 奥尔拉
01592756, 8.5, 90, 漂亮朋友
26787417, 8.5, 77, 漂亮朋友
25741689, 8.1, 98, 漂亮朋友
26144575, 8.5, 71, 羊脂球
26144686, 8.5, 68, 漂亮朋友
03132485, 8.5, 64, 莫泊桑短篇小说精选
01364019, 8.3, 73, 脂肪球：莫泊桑短篇故事集 
01128882, 8.8, 51, 莫泊桑短篇小说精选
01637142, 8.7, 54, 月光
10606504, 8.5, 59, 莫泊桑社会小说
01790285, 9.2, 38, 莫泊桑中短篇小说全集(4)
06778067, 9.0, 39, 莫泊桑短篇小说选
11637632, 8.2, 65, 羊脂球
30306017, 8.4, 56, 羊脂球
27017859, 7.8, 86, 羊脂球
03764817, 8.8, 42, 莫泊桑中短篇小说选
01019062, 8.4, 54, 莫泊桑幽默作品集
01836002, 8.7, 44, 莫泊桑文集
06989958, 8.4, 53, 莫泊桑短篇小说选-全译本
04897629, 8.1, 65, 漂亮朋友
02978910, 8.5, 49, 一场夜宴
27167282, 8.2, 60, 水上
05354651, 8.0, 68, 漂亮朋友
02048624, 8.3, 51, 羊脂球
27114999, 8.3, 51, 一生
34840574, 9.4, 27, 莫泊桑中短篇小说全集
01099297, 8.4, 47, 一生
05354665, 8.4, 47, 一生
02297148, 8.3, 49, 莫泊桑中短篇小说选
06435908, 8.2, 50, 莫泊桑中短篇小说羊脂球
25760496, 8.7, 36, 一生 皮埃尔与让
05922517, 8.3, 44, 羊脂球
26144688, 8.7, 33, 一生 皮埃尔与让
04244271, 8.8, 31, 欧·亨利短篇小说、莫泊桑短篇小说、契诃夫短篇小说大全集
03200740, 8.0, 50, 漂亮朋友
30448537, 8.5, 36, 莫泊桑短篇小说集
01197841, 7.8, 57, 漂亮朋友
01147414, 7.0, 113, 为了一夜的爱
26171373, 8.0, 47, 莫泊桑中短篇小说集
06435880, 7.6, 63, 漂亮朋友
10742049, 8.5, 33, 羊脂球
26840424, 7.1, 94, 莫泊桑短篇小说精选
01642109, 8.2, 39, 漂亮朋友
04196021, 8.2, 37, 米隆老爹
01084972, 7.6, 55, 漂亮朋友
05286989, 8.6, 28, 莫泊桑与《我的叔叔于勒》
25725013, 9.8, 16, 羊脂球
01659331, 8.5, 29, 莫泊桑精选集
04273743, 7.9, 42, 莫泊桑中短篇小说精选
10517136, 8.5, 28, 莫泊桑中短篇小说选
03170367, 8.7, 25, 莫泊桑中短篇小说选集
25866063, 8.7, 25, 世界十大中短篇小说家：莫泊桑
03730134, 8.3, 31, 项链
01823532, 8.1, 34, 莫泊桑短篇小说精选
24152715, 8.3, 30, 羊脂球
26974877, 8.7, 24, 莫泊桑中短篇小说精选
05032758, 8.4, 28, Bel Ami
02380319, 7.6, 46, 一生
03310807, 8.8, 22, 漂亮朋友
06843536, 7.6, 44, 羊脂球
10809264, 8.1, 31, 莫泊桑短篇小说选
01869426, 7.9, 35, Le Horla
26860160, 8.8, 21, 快乐的死刑犯
26907534, 9.0, 19, 羊脂球
01265640, 7.8, 37, 羊脂球
06720826, 8.6, 23, 贾梅日记
03181286, 8.6, 22, 一生
03228849, 7.6, 40, 人生
04059851, 8.3, 25, 图瓦
02304588, 7.9, 31, 漂亮朋友
01128096, 8.9, 18, 莫泊桑短篇小说精选
02079694, 7.1, 55, 温泉
01203615, 7.5, 39, 漂亮的朋友
02143764, 8.6, 19, 泰利埃公馆
10826898, 8.0, 26, 羊脂球
22227448, 8.6, 18, 莫泊桑短篇小说集-外国文学经典
30288404, 9.1, 14, 莫泊桑短篇小说精选
21334681, 8.2, 21, 莫泊桑短篇小说精选
01068632, 7.9, 23, 羊脂球
02303186, 7.3, 34, 一生
01215225, 8.1, 20, 莫泊桑短篇小说精选
24531115, 7.7, 25, 莫泊桑中短篇小说集
06885952, 8.4, 17, 我们的心
02205817, 7.8, 23, 她的一生
04207986, 8.6, 15, 密斯哈丽特
30369559, 8.2, 18, 漂亮朋友
01258497, 7.6, 25, 小罗克
03077907, 8.0, 19, 巴黎一市民的星期日
11587562, 9.2, 11, 羊脂球 莫泊桑短篇小说选
33080703, 9.2, 11, Femme Fatale
26971037, 8.0, 18, 莫泊桑幽默精品选
01946743, 7.9, 18, 白天和黑夜的故事
03931733, 8.3, 14, 莫泊桑随笔选
06840003, 7.5, 21, 俊友
26786639, 8.1, 15, 一生
19906959, 7.8, 17, 莫泊桑中短篇小说精选
01186414, 6.9, 29, 新婚旅行
27070081, 8.1, 14, 羊脂球:莫泊桑短篇小说精选
03753976, 7.7, 17, 莫泊桑小说选
04207990, 8.0, 14, 山鹬的故事
01153668, 7.6, 17, 一生
10828708, 7.5, 17, 漂亮朋友
26940251, 8.3, 11, 莫泊桑短篇小说选 法汉对照全译本
04059846, 8.2, 11, 小萝克
01085006, 7.5, 15, 一生 两兄弟
04059849, 8.0, 11, 于松太太的贞洁少男
01687317, 7.9, 11, 名人传
01461541, 7.4, 14, 莫泊桑传
01471836, 7.8, 11, 温泉
30225039, 7.6, 12, 一生
10828704, 6.6, 18, 一生
03191233, 0.0, 10, 温泉
04900196, 0.0, 10, 我们的爱情
10795815, 0.0, 10, 漂亮朋友
02243098, 0.0, 12, 莫泊桑长篇小说全集
04880391, 0.0, 12, 漂亮朋友
