2020-07-05 16:00:16

number of books, tag name
190, 落落

ID, rating, votes, title
03211779, 8.9, 411966, 嫌疑人X的献身
01036274, 8.6, 51791, 夏洛的网
01080309, 8.5, 51714, 尘埃落定
03014576, 8.3, 64402, 陪安东尼度过漫长岁月
01028842, 9.1, 15426, 经济学原理（上下）
01431836, 8.6, 27001, 我的路
01440972, 9.2, 8945, 博尔赫斯小说集
02209098, 7.8, 90010, 致我们终将逝去的青春
05327697, 8.2, 37791, 橙
01963310, 8.2, 36978, 大地之灯
01041385, 9.2, 6983, 论美国的民主
01440089, 8.3, 21712, 那些生命中温暖而美好的事情
02250587, 7.6, 82962, 一个人的好天气
02043313, 9.2, 5389, 妖怪連絡簿 1
03597825, 8.6, 11836, 我的孤独是一座花园
01369777, 9.0, 6551, NANA 12
11527101, 8.4, 14549, 这些都是你给我的爱2
01016300, 7.1, 161992, 梦里花落知多少
02339950, 7.7, 37705, 被窝是青春的坟墓
01227838, 7.6, 41229, 年华是无效信
01049189, 7.3, 73925, 1995-2005夏至未至
03108829, 7.8, 23899, 全世爱
01905830, 8.7, 5274, 风色四叶草
03143537, 9.4, 1978, 津巴多普通心理学
02382705, 7.6, 27429, 不朽
06003067, 9.5, 1616, 未来ちゃん
03103080, 7.6, 24547, 须臾
02980812, 7.8, 13922, 踮脚张望的时光
20257843, 8.3, 5335, 蛙
04746554, 7.9, 10035, 年华是无效信
01844629, 8.5, 3979, 灿烂涅槃
04718973, 7.8, 11664, 毒笑小说
03777123, 7.8, 11515, 告别天堂
01915536, 7.3, 27397, 尘埃星球
04245064, 8.6, 3044, 冷血
06088152, 7.9, 7865, 千秋
02977174, 7.8, 8553, N.世界
05403007, 7.6, 11125, 剩者为王
01462981, 8.8, 1872, 绘羽
06511745, 8.0, 5195, 万象
06009666, 7.5, 11345, 一个人的好天气
24877203, 7.9, 5299, 长相思3
05341084, 8.1, 3287, 午时风
04894562, 8.2, 2598, 微光世界
01441980, 9.1, 887, 特朗斯特罗姆诗全集
01006881, 6.7, 40651, 左手倒影，右手年华。
04037337, 7.8, 4048, 一个人的欢喜与忧伤
02008972, 6.8, 24022, 沙漏
03205245, 7.3, 7326, 落落清欢
02062200, 6.2, 100680, 悲伤逆流成河
05264089, 7.7, 3581, 痕记
01357843, 9.1, 629, Cui cui
05403006, 7.7, 3095, 《文艺风象+文艺风赏》第一期合刊
10562386, 8.2, 1490, 文艺风象·去看你的演唱会
03008066, 7.8, 2293, 知更鸟
20437599, 8.1, 1499, 自杀
02359688, 7.6, 2919, 镜之国
01945004, 8.7, 702, 近距离
06855851, 8.3, 1089, 文艺风象·TA和TA的猫
01425086, 7.5, 3231, 岛（Vol.05）
01459494, 7.5, 3123, 岛（Vol.6）
23186549, 7.8, 1964, 我们家
02040853, 7.8, 1702, 紫禁城的黄昏
02078083, 7.8, 1622, 空色彩虹
01058943, 7.4, 2850, 岛（Vol.4）
05915718, 8.0, 1132, 文艺风赏·除夕
03078848, 7.7, 1671, 紫极舞
01902601, 7.3, 3086, 岛（Vol.8）
01808767, 7.3, 2913, 岛（VOL.7）
25723797, 7.6, 1798, 知日·家宅
24754720, 6.8, 6778, 我的朋友陈白露小姐
20379212, 6.9, 5429, 不如去死
02311695, 7.2, 3094, 岛（Vol.09）
10569615, 8.1, 848, 文艺风象·信达雅之烦恼
10522600, 8.1, 847, 文艺风象·零嘴儿
01902593, 7.1, 3638, 最小说（第一辑）
11505946, 7.2, 3021, 剩者为王Ⅱ
06067966, 8.1, 824, 文艺风赏·失败者之书
02173025, 7.4, 2098, 放下。爱
06998803, 8.1, 802, 文艺风象·哈罗，查菲克！
03014715, 7.1, 3359, 岛（Vol.10）
07050981, 8.0, 882, 飞蛾特快
01069071, 6.9, 4778, 岛
01062508, 7.2, 2723, 岛
10774185, 7.9, 949, 文艺风象·毕业即胜利
01767614, 7.7, 1234, 爱的模范书
11505945, 7.3, 2039, 剩者为王Ⅰ
01003420, 7.1, 2779, 岛・陆眼（Vol.02)
04273327, 7.7, 1112, 有所思，乃在大海南
02342023, 7.2, 2268, 最小说·第十四辑
10618254, 7.9, 817, 文艺风象·雨天爱好者
03662820, 7.4, 1573, 最小说(2009.21)
01983931, 7.3, 1823, 最小说（第五辑）
01961690, 7.2, 2064, 最小说（第四辑）
02064568, 7.5, 1303, 逆风而行 下
03133952, 7.1, 2137, 最小说（2008 07）
20279983, 7.9, 668, 日落之后
01924450, 7.2, 1723, 最小说（第二期）
03071714, 7.9, 655, 饮膳札记
02057508, 7.2, 1668, 最小说（第七辑）
02157753, 7.3, 1418, 最小说 第十辑
02034998, 7.2, 1642, 最小说（第六辑）
02081758, 7.2, 1580, 最小说(2007.06 第八辑)
01947159, 7.1, 1836, 最小说（第三辑）
02137700, 7.3, 1342, 最小说第九辑
20496074, 8.0, 527, 文艺风象
01988423, 8.4, 343, 新概念物理教程 电磁学(第二版)
02297693, 7.3, 1298, 最小说第13辑
02263931, 7.3, 1251, 最小说.第12辑
03161035, 7.8, 637, 愛似百匯
20260181, 7.7, 666, 罪责
02229412, 7.3, 1114, 最小说（2007.09 第十一辑）
06901136, 6.8, 2441, 夜行观览车
02298304, 7.4, 926, 最小说 第13辑
27071936, 7.7, 624, 文艺风象
03320925, 8.3, 316, 幸福的艺术
03016869, 7.3, 1037, 最小说(2008.03)
04923624, 7.2, 1177, 男友告急
11639610, 7.8, 516, 文艺风象
02290166, 7.5, 722, 痕记
01449981, 6.2, 6669, 无极
20278327, 5.8, 18893, 谁的青春不迷茫
03273300, 8.0, 330, 日本的起起落落
20427058, 7.6, 466, 理学纲要
19986571, 7.2, 734, 全世爱4 幸福最光亮处
20436041, 7.9, 294, 文艺风象
10831436, 7.3, 584, 文艺风象·闪开！让专业不对口的来
27047705, 7.6, 392, 文艺风象
24847840, 8.5, 160, 夏顷
21966331, 8.2, 204, 在巴黎的天空下
25882224, 7.1, 724, 知日·燃
30198852, 7.1, 716, 全宇宙至此剧终1
03798653, 8.2, 192, 爱丽丝2:镜之国(hansey主编)
25730234, 7.0, 775, 17
27099097, 7.6, 345, 文艺风象
01705779, 7.9, 249, 漫友之名·动漫酷评40
01927935, 7.7, 296, 亲小说01
25720730, 7.9, 237, 文艺风象·男盆友
23752074, 7.8, 243, 文艺风象·甜点再甜点
10727622, 8.4, 137, 年華是無效信
25793688, 7.9, 216, 一个独立教师的语文之旅
01822769, 7.4, 343, 蔷薇花园2
20172597, 7.6, 258, 优雅与质感
04159400, 8.7, 96, 青春 - Madi Ju第一本自选摄影集
01075684, 7.2, 406, 赎
25892731, 7.0, 493, 下一站·那不勒斯
22488337, 7.5, 260, 文艺风象
06744663, 7.0, 457, 最小说
25725062, 6.8, 560, 下一站·法国南部
20401142, 7.8, 168, 文艺风象·书天堂
11505942, 6.3, 1185, 下一站台北
20277950, 7.0, 364, 写给年少回不去的爱
10761604, 8.2, 103, 金子美铃全集（全三卷）
30198856, 6.7, 491, 全宇宙至此剧终2
10787331, 7.7, 135, 上海色拉
25833289, 7.7, 122, 你受的苦将照亮你的路
24874132, 7.3, 159, 我在梦见你
10781918, 8.3, 66, 塵埃星球
25765884, 6.6, 361, 冲绳好好玩
26107591, 6.7, 295, 19
05915714, 6.1, 730, 我们约会吧（全2册）
25886511, 7.7, 94, 文艺风象·你好
05959440, 7.7, 86, 留春令之春风一杯酒
25886508, 7.3, 120, 文艺风象·肉真好吃
19966677, 6.5, 276, 完全治愈系
26766312, 7.3, 92, 飞蛾特快•寄念
04226048, 8.2, 40, 王安忆小说选
01824419, 6.5, 187, 简单死亡
11505943, 5.8, 449, 下一站·吉隆坡
21458699, 6.1, 234, 我还爱着你，像过去一样
20283439, 5.7, 460, 青春是一本仓促的书-我们流着泪一读再读
26767808, 6.2, 182, 21
10438555, 6.3, 151, 最小说.2008.05
26705450, 7.6, 42, 文艺风象·辣么好吃
20324029, 6.9, 73, 文艺风象·花的事
03064305, 6.9, 69, 青春·扬花·念念不忘
26354175, 5.9, 233, 下一站·哥本哈根
06801826, 6.9, 65, 暖光
05364036, 7.4, 41, Go for it!!
10490861, 6.8, 64, 两世花开香满袖
03272862, 7.0, 52, 幸福下落不明
02404966, 6.6, 76, 我的绝版青春
26613053, 6.5, 62, 剩者为王Ⅰ
26613054, 6.4, 47, 剩者为王Ⅱ
10353909, 6.7, 34, 那些课本没教我们的事
03866772, 7.8, 16, 夏、無限。
26915305, 7.0, 25, 文艺风象·反正到今天还是没完结
26954685, 5.9, 28, 最爱你的人
04149207, 5.6, 14, 穿越之雪影蝶依
07046494, 0.0, 23, 公主的守护者 魔术师物语Ⅱ
