2020-07-05 16:00:16

number of books, tag name
291, 虐恋

ID, rating, votes, title
03259440, 9.1, 460319, 白夜行
06082808, 9.2, 294597, 百年孤独
03211779, 8.9, 411966, 嫌疑人X的献身
10554308, 9.1, 272273, 白夜行
27614904, 9.2, 192616, 房思琪的初恋乐园
01089243, 8.9, 124075, 黄金时代
01119522, 8.4, 102872, 呼啸山庄
06798611, 8.7, 47506, 史蒂夫·乔布斯传
01461903, 7.8, 138122, 何以笙箫默
01812439, 8.1, 53775, 步步惊心
02567919, 8.2, 39777, 匆匆那年（上下）
03426869, 7.8, 80131, 三生三世 十里桃花
25737043, 9.1, 8260, 霸王别姬
01962929, 7.9, 38765, 佳期如梦
02283084, 8.0, 27161, 云中歌1
03065343, 8.3, 14784, 云中歌3
01016300, 7.1, 161992, 梦里花落知多少
02331434, 7.6, 44725, 原来你还在这里
03016221, 8.2, 14020, 云中歌2
01873281, 8.7, 6088, 少年残像
01925232, 7.8, 25331, 大漠谣
01785029, 8.2, 12128, 步步惊心
03123939, 8.0, 15883, 不负如来不负卿1
03069729, 8.2, 10837, 碧甃沉
05980360, 8.0, 14632, 曾许诺
21242062, 8.1, 11531, 长相思
04041998, 8.6, 5186, 孤城闭
02376306, 7.7, 22072, 第三种爱情
01753798, 8.5, 5675, Zetsuai 01
03506871, 7.5, 30452, 曾有一个人，爱我如生命
01489555, 7.7, 19994, 寂寞空庭春欲晚
10740021, 7.6, 24022, 三生三世 枕上书
04241870, 7.6, 23160, 我在回忆里等你
01837654, 8.8, 3113, 审判
03061282, 7.6, 20503, 山月不知心底事
02009825, 7.5, 24712, 绾青丝Ⅰ
06732193, 7.5, 21996, 十年一品温如言
02222551, 8.3, 5450, 纨绔
23795254, 7.9, 9502, 骄阳似我
04115227, 7.4, 23914, 岁月是朵两生花
01925218, 7.4, 22377, 翻译官
01844449, 9.1, 1643, 日出処の天子 1
06798506, 8.0, 6753, 华胥引
03903387, 7.5, 15677, 香蜜沉沉烬如霜
01434435, 8.3, 4072, 春琴抄
03584141, 8.0, 6206, 流水迢迢（全两册）
01812895, 8.2, 4487, 东宫·西宫
03284067, 7.5, 12509, 佳期如梦之海上繁花
02271177, 7.6, 10027, 青春酷语（第四辑）
02081058, 8.3, 2825, 归途
02078225, 7.8, 5826, 孤芳不自赏
02359687, 7.9, 4827, 堕落天使
26591906, 8.2, 3003, 浮生梦
04151134, 7.8, 5327, 只爱陌生人
05921802, 7.6, 7437, 邮差总按两遍铃
30215869, 8.4, 2157, 孤城闭
03176766, 7.6, 7027, 三个 A Cup 的女人
05988597, 7.7, 5825, 独家记忆
26577691, 7.8, 4672, 人间采蜜记
03924481, 7.7, 5067, 夜行歌（上下）
01886402, 7.3, 10282, 如果这一秒，我没遇见你
02081078, 8.2, 2333, 无处可寻
05264447, 7.4, 7706, 三千鸦杀
03028009, 7.0, 16060, 温暖的弦
01999983, 7.7, 4348, 不能动
04135618, 7.5, 6030, 丹尼海格
03070952, 7.2, 9508, 佳期如梦之今生今世
03205245, 7.3, 7326, 落落清欢
19936010, 7.0, 12567, 三生三世十里桃花
01031857, 7.8, 2998, 虐恋亚文化
03389971, 7.7, 3452, 永夜（上下）
01334601, 7.9, 2445, 不可抗力 下
03418825, 8.8, 790, 櫻狩り 上
24882309, 7.7, 3194, 与我十年长跑的女友明天要嫁人了
03621144, 7.2, 7133, 良言写意
04166020, 7.4, 4771, 殇璃
01657783, 8.5, 970, 呼啸山庄
04833241, 7.3, 4962, 犹记惊鸿照影
04919608, 7.7, 2476, 改尽江山旧
04757781, 9.0, 511, 櫻狩り 下
24871651, 8.8, 611, 爱达或爱欲
05043526, 7.6, 2641, 床笫之间
04757717, 9.0, 476, 櫻狩り 中
03525046, 7.5, 2976, 飞往巴黎的末班机
06805154, 7.5, 2842, 再生缘（上中下）
05383916, 6.6, 15598, 十宗罪
02341489, 6.9, 7809, 香寒
06313955, 7.2, 4393, 迷雾围城（全两册）
06390601, 8.4, 783, 查理九世6·吸血鬼公墓
34816762, 8.5, 686, 柔风
04837447, 7.2, 4043, 两只前夫一台戏
06440768, 6.9, 6456, 十宗罪2
03078848, 7.7, 1671, 紫极舞
01069210, 7.3, 3078, 痴人之爱
04130055, 7.0, 5115, 跨过千年来爱你
04217086, 7.4, 2315, 晨曦之雾
04850848, 7.4, 2310, 卍
02973646, 7.3, 2646, 少年丞相世外客
03049157, 8.9, 352, 在流放地
02995159, 7.6, 1536, 非友 上
04809782, 6.9, 4928, 路从今夜白
25929667, 7.3, 2333, 你是我学生又怎样
03135064, 6.7, 6994, 薄荷荼靡梨花白
03785179, 9.1, 278, PRIDE 上
01790188, 8.6, 440, 性心理学
20405966, 8.5, 483, 听雪楼沧月系列系列典藉版（全三册）
03884307, 7.3, 2244, 梦落芳华
04887524, 6.6, 7690, 夏有乔木雅望天堂
04703557, 7.2, 2420, 君生我已老
27188002, 7.2, 2297, 东宫
04123951, 7.8, 950, 虐恋亚文化
02232921, 7.7, 1072, 樱之恋系列 （全8种）
02079691, 7.8, 907, 九转丹砂
04715390, 8.1, 623, 蘇格蘭遊戲
01345253, 8.6, 367, 春琴抄
04191470, 7.1, 2269, 苍耳
01682551, 6.8, 3835, 局外人3
04022411, 8.6, 329, 銀の華 上巻
25854679, 7.9, 671, 云中歌3：忆流年
06060470, 7.9, 655, 裂缝
26855761, 7.7, 823, 匣心记1
01159937, 7.5, 1076, 淑女的眼泪
25854655, 7.7, 822, 云中歌1：绿罗裙
30216760, 8.2, 433, 似水柔情
05350181, 7.5, 993, 月满霜河（全两册）
01363379, 7.7, 735, 索多瑪120天
25854657, 7.8, 632, 云中歌2：浮生梦
10484442, 6.5, 5094, 爱你是最好的时光
03091975, 7.3, 1220, 穿裘皮的维纳斯
04022422, 8.8, 211, 銀の華 中巻
19802008, 9.0, 176, God of the Atoms
05905885, 7.1, 1368, 绝色倾城
06012075, 6.5, 3953, 星光璀璨
04022426, 8.5, 246, 銀の華 下巻
24714640, 6.8, 2058, 我站在桥上看风景
02379276, 8.7, 198, 一个陌生女人的来信
04149332, 6.9, 1672, 芊泽花开（全二册）
01843492, 7.7, 532, 2005-珠玉在侧-席绢新作展
25872067, 7.6, 592, 我在回忆里等你
26393284, 7.0, 1286, 花千骨
03499283, 6.8, 1767, 夜凝夕
23780663, 7.2, 929, 假面山莊殺人事件
26956621, 7.4, 690, 旧梦1913
04737154, 7.3, 756, 妃子血（全两册）
30398841, 7.2, 822, 你是长夜，也是灯火
26333780, 8.3, 229, 独步天下
01321787, 7.3, 701, 穿裘皮大衣的维纳斯
20275067, 7.8, 372, 琼觞（上）
03792826, 7.4, 603, O娘的故事
26966912, 8.5, 173, 契子1 璧空篇
06393886, 6.5, 2150, 夏有乔木 雅望天堂2
02043275, 7.5, 455, 青玄（上）
33428598, 8.9, 119, 素年不相迟（全二册）
34947567, 7.9, 286, 私恋失调
02079679, 7.3, 542, 真心话大冒险
25793801, 7.8, 281, 三生三世莲理枝（全三册）
04583098, 7.0, 765, 瑾年绝恋.醉流苏
25813565, 7.6, 350, 李银河：我的社会观察
24305397, 7.9, 251, 我在春天等你
01016552, 7.8, 273, 李银河文集第一辑
06827318, 6.2, 2886, 白发皇妃（上下）
30389930, 8.6, 121, 钥匙
04010823, 8.6, 117, 家畜人鴉俘 I
01864832, 7.7, 266, 玫瑰奇迹
25789595, 6.2, 2292, 寻找爱情的邹小姐
04890638, 7.0, 553, 结缘
01498076, 7.7, 232, 朱斯蒂娜
04864366, 6.3, 1641, 最初的爱，最后的爱
20441778, 6.0, 2933, 爱情的开关
01007309, 8.1, 144, 我是一只风筝
02970252, 6.7, 738, 狼影啸啸
25968510, 7.5, 248, 穿裘皮大衣的维纳斯
02249686, 6.9, 492, 菩萨蛮
06977822, 7.7, 176, 佳期如夢
03197810, 7.2, 302, O的故事
05325045, 7.1, 319, 暮雪上的晨星
03901465, 7.0, 350, 恋君已是二十年
01803663, 8.8, 65, 呼啸山庄
01794795, 7.6, 171, 跪下來舔我的腳
03813418, 6.7, 478, 请许我尘埃落定
04277448, 8.0, 110, 天守に棲む鬼/軍次―田亀源五郎短編集
25880447, 7.3, 218, 太子棄妃（１）
06854620, 6.8, 406, 你曾住在我心上（全2册）
04724495, 8.4, 75, 君よ知るや南の獄（上）
26663467, 8.7, 59, 似笑非笑
04166802, 6.3, 767, 锦夜
10825091, 7.2, 209, 穿裘皮大衣的维纳斯
20375364, 7.3, 183, 情锁·锁檀经
25765016, 7.2, 204, 三生三世彼岸花（上下）
24294841, 8.2, 78, 遇见，在最忧伤的年华
10828199, 8.4, 65, 孽海卷-民国有佳人
06904756, 8.8, 49, 狼蛛
03137054, 7.0, 225, 东南西北
04727191, 6.8, 275, 薄荷双生
25761385, 6.2, 666, 凉生，我们可不可以不忧伤4
10583548, 7.3, 139, 如果這一秒，我沒遇見你
26686484, 7.1, 171, 我终于失去了你
20387338, 7.3, 133, 情锁·锁琴卷
03155203, 6.9, 199, 折翼天使之城2
20393124, 6.1, 606, 有生之年/狭路相逢
02986853, 6.9, 186, 折翼天使之城1
03787590, 7.6, 88, 贞洁的厄运
25922348, 7.1, 137, 步步惊华
03873101, 7.7, 77, O娘的故事
04724497, 8.8, 35, 君よ知るや南の獄（下）
04811840, 6.3, 361, 倦寻芳（上下）
22487876, 6.2, 421, 有生之年
27021393, 7.1, 114, 还债
06977828, 6.4, 253, 千山暮雪
26701878, 6.7, 166, 浅浅心事
30411468, 7.7, 62, 韩七录，你站住 终结篇
03859952, 6.3, 276, 恨不相逢陌上花（上下）
02369710, 7.9, 52, S.E.R.F 虚无假设
05913993, 6.5, 199, 美人天下之囚宫（上下）
01481281, 7.4, 75, Venus in Furs
03840480, 7.2, 90, 城中池
04131896, 6.3, 252, 风暖碧落（上下）
05367353, 8.7, 29, 春琴抄
19987438, 6.8, 125, 梦三生·永劫之花
03179240, 7.7, 53, Naked Festival
25773779, 7.8, 49, 一念（上、下册）
26207202, 6.9, 108, 蓝桉跑过少年时2
01371661, 8.2, 37, Story of O
30230408, 8.9, 24, 墨笔绘阴阳·壹
27057168, 7.4, 63, 暗卫
26336023, 6.2, 215, 时空平移
24845559, 6.0, 273, 陪你到时光尽头
25836469, 7.1, 69, 假如面具不说谎
03748253, 6.7, 91, 妖窟魔影
04724485, 7.2, 56, 柔術教師
26847563, 6.5, 110, 黑骑士的王国
04112995, 7.4, 44, 赤雪情殇
30197565, 6.4, 114, 白夜恋人
25764163, 5.9, 228, 从开始到现在
06952022, 6.3, 124, 有个人爱你很久很久
03141066, 6.7, 78, 连城1
04149620, 6.3, 113, 图南志（上、下）
10606964, 6.9, 52, 忽然之恋
27200463, 7.7, 27, 捆绑上天堂
26293454, 7.3, 31, 花醉三千
26276049, 5.7, 146, 从此，我爱的人都像你
26326479, 4.7, 1399, 五十度灰
26828402, 7.6, 22, 青玄记
25806019, 6.2, 59, 龙藏凤隐（上下）
20255107, 6.3, 52, 逃夭·上
11026720, 5.7, 108, 失宠王妃
25789563, 6.2, 57, 曾是惊鸿照影来
20475824, 6.3, 50, 爱恨无垠
25889288, 6.6, 36, 一念情深
30133415, 7.4, 19, 冰纹
03996136, 6.7, 31, 傑洛米神父
20473579, 6.5, 36, 惊世弃妃（全二册）
25793796, 6.5, 36, 有生的瞬间遇见你
26376355, 6.9, 22, 美人醉
25891058, 6.0, 48, 复仇天使
27100956, 6.1, 35, 沧海寄余生
25989132, 5.5, 68, 泪倾城：冷君独宠
26389281, 5.2, 85, 回忆是眼睛里的海：纪念版
27605330, 5.3, 72, 似曾识我
27047819, 4.7, 221, 那时喜欢你
26994341, 7.2, 12, 黑骑士的王国
20375122, 6.0, 28, 米安情事
20496066, 7.0, 13, 倾世
04234071, 5.9, 29, 下堂妻
30259016, 5.5, 45, 爱情的开关
04740410, 7.2, 10, Hotel Iris
10344230, 5.6, 29, 失宠皇后
10527510, 6.0, 18, 特工皇妃（上、下册）
26994345, 6.3, 14, 黑骑士的王国
10560240, 5.5, 22, 倾城妃梦
12280371, 4.5, 34, 倾国红妆
02368559, 0.0, 10, 竊賊日記
04912698, 0.0, 11, 如果我留下
19987425, 0.0, 11, 胜者为夫
20491892, 0.0, 11, 脱影而出
25832115, 0.0, 11, 《相思引》
27071483, 0.0, 11, 百草夜行
03750302, 0.0, 13, SM虐戀殺機(上)
19946147, 0.0, 13, 凤影重重
26060816, 0.0, 13, 倾国寒歌
30414182, 0.0, 13, 有生之年，狭路相逢（套装全二册）
25879122, 0.0, 14, 少年已忘却那片流沙
26377948, 0.0, 14, 爱纱带你畅游日本
10428131, 0.0, 15, 宝贝爱永不迟
25862644, 0.0, 15, 我爱你，结局没什么了不起
24340095, 0.0, 16, 是爱暖了少年凉
26296039, 0.0, 23, 假凤惊鸾
26403935, 0.0, 27, 可惜没有如果
34468705, 0.0, 28, 暮雪长歌
26256870, 0.0, 50, 绝对不说我爱你
26964918, 0.0, 206, 一生向晚2
