2020-07-05 16:00:17

number of books, tag name
229, 西游记

ID, rating, votes, title
02567698, 8.8, 375323, 三体
01029553, 8.9, 58706, 西游记（全二册）
04242172, 8.1, 230396, 天才在左 疯子在右
01003000, 8.3, 112845, 悟空传
23008971, 9.1, 18816, 平如美棠
01061803, 9.2, 8167, 西游记
01485224, 8.5, 13111, 悟空传
01470625, 9.2, 4288, 西游记（全三册）
04086927, 8.5, 5927, 煮酒探西游
01205372, 8.1, 7985, 茶花女
01193821, 8.0, 9059, 最游记
02981573, 8.8, 2677, 悟空传
26292964, 8.6, 3161, 世界小史
03901238, 7.5, 14247, 历史是个什么玩意儿1
01174703, 9.4, 989, 西游记
01854151, 9.2, 1208, 金圣叹批评本水浒传
02217788, 9.5, 708, 三鹿人成功之路
26235478, 9.4, 620, 西游记
20424572, 8.5, 895, 敢问路在何方
01597987, 9.3, 392, 金瓶梅
02266558, 8.6, 688, 西游补
01010036, 8.6, 683, 西游记漫话
01067030, 8.7, 591, 西游记――西天取经
26900138, 8.5, 714, 万万没想到
10198949, 8.3, 770, 魁拔之书
01213646, 9.2, 295, 西游记
30193776, 8.0, 957, 西游八十一案
24872789, 8.1, 832, 煮酒探西游
01201945, 9.0, 312, 西游记
01013753, 8.6, 402, 西游记――大闹天宫
01006635, 7.1, 2777, 沙僧日记
25848311, 8.7, 348, 杨洁自述：我的九九八十一难
01040303, 8.4, 454, 西游记――大战牛魔王
01461934, 8.4, 433, 孙悟空大战机械人
01397886, 8.4, 423, 西游记与中国古代政治
27027116, 7.2, 1919, 悟空传
30193103, 7.8, 783, 西游八十一案：西域列王纪
01093094, 9.3, 176, 西游记
03998030, 8.7, 285, 妖怪记事簿
04824168, 8.9, 238, 西遊奇伝 大猿王 (2)
27609563, 7.5, 1087, 西游八十一案：大唐泥犁狱
01875743, 9.0, 209, 西游新记
10563612, 9.3, 162, 西游漫记
26799357, 8.2, 414, 情关西游
01050180, 8.1, 425, 后西游记
01839260, 8.2, 380, 悟空前传--斗佛
10344038, 7.5, 837, 大唐泥犁狱
26834128, 8.3, 313, 一品芝麻狐2·探林卷
01076197, 8.9, 171, 西游记  上下
25703280, 8.5, 238, 游金梦
01052771, 8.3, 281, 后西游记--再赴西天求真解
20414893, 7.7, 529, 齐天传
01891789, 8.4, 216, 明代小说四大奇书
20562025, 6.8, 1450, 西游降魔篇
30293919, 9.0, 121, 敢问路在何方
24302597, 8.7, 151, 《西游记》与中国古代政治
25785270, 7.4, 561, 十七个远方
25872623, 8.2, 225, 加西亚·马尔克斯传
03077841, 9.1, 107, 孙小圣和猪小能
01881674, 8.9, 122, 西游记
26758424, 7.9, 293, 煮酒探西游
03071693, 8.3, 195, 中国古典小说
04005454, 7.3, 565, 妖眼看西游
01667629, 9.7, 67, 西游记
01844795, 8.6, 141, 李卓吾批评本西游记（上下）
25790920, 7.8, 265, 西域列王纪
04065177, 9.5, 63, 西游记
01826068, 9.5, 62, 西游记
01186173, 8.9, 84, 西游记漫话
01068898, 7.0, 541, 孙悟空是个好员工
02128483, 9.1, 73, 西游记
27204405, 7.9, 174, 英雄变格
02372397, 9.1, 62, 西游漫记
10761552, 9.6, 45, 西游记
03535360, 8.7, 77, 西游记
03022013, 9.1, 58, 西游记（全二册）
02182953, 8.7, 75, 李卓吾评本西游记
27132316, 7.7, 166, 西游日记
34798542, 9.1, 50, 寻找美猴王
25774832, 8.3, 82, 100年前西藏独行记
03105143, 9.0, 51, 西游记 黄周星定本西游证道书
04826125, 8.4, 76, 妖怪记事簿2
30137808, 9.1, 48, 西游记
02160312, 7.6, 145, 看罢西游不成精
01701069, 8.6, 64, 嘻游记
26806746, 6.7, 392, 行者
26972326, 8.3, 74, 西游记漫话
26984952, 8.3, 74, 《西游记》与中国古代政治
01881807, 8.3, 73, 西游记漫话
02158216, 8.2, 77, 玄奘西游记
01536635, 7.6, 125, 西游记的秘密
01512478, 8.1, 79, 西游往事
10468329, 7.9, 92, 大话西游
04838726, 7.9, 91, 揭密取经门
01070659, 7.2, 178, 古国怪遇记
26438741, 9.3, 35, 西游记（注评本）
06954080, 7.7, 99, 莫迪里阿尼传
26810522, 7.2, 157, 勘破西游
03226562, 7.8, 86, 解码《西游记》
26596091, 7.7, 84, 跟《西游记》学创业
30248270, 8.6, 41, 为孩子解读《西游记》
01030117, 8.7, 38, 十八罗汉斗悟空
02229416, 9.3, 27, 女儿国
27054217, 8.2, 48, 黄霖讲《金瓶梅》（图文典藏本）
25910940, 8.5, 38, 西游原旨
03435083, 7.5, 78, 大聖王(01)
03789514, 9.2, 25, 真假孙悟空
11592898, 7.8, 55, 西游原来是禁书
26694525, 8.5, 34, 李卓吾批评本·西游记
04841341, 9.3, 22, 西遊記資料彙編（全二冊）
10789605, 9.2, 23, 西游记（全三册）
01170767, 7.5, 66, 摄影家西游记
10862988, 7.7, 56, 小话西游
01160908, 8.6, 30, 西游记
27119199, 9.8, 17, 闹天宫
02023220, 7.9, 45, 奇特的精神漫游
03013003, 8.0, 40, 新西游记
01016718, 8.8, 24, 苦海与极乐
27042437, 8.8, 24, 西游记
27082473, 8.0, 37, 一走就是几万里
01272865, 9.7, 15, 西游记
02040680, 8.7, 23, 美猴王出世
30288749, 9.3, 17, 美猴王系列•珍藏版（全32册）
30398754, 9.3, 17, 1982版西游记拍摄档案
02229434, 9.0, 19, 计盗紫金铃
02229365, 8.8, 20, 蟠桃宴
01164480, 9.1, 17, 西游记(绘画本1-2)
05422827, 7.2, 53, 妖精有话说
02229438, 9.2, 16, 盘丝洞
35006246, 8.2, 26, 小话西游
02229360, 8.5, 22, 齐天大圣
22790756, 7.9, 31, 《西游记》人物百图
03024857, 9.3, 15, 西遊妖猿伝 1
02230872, 7.8, 31, 新西游记
02229408, 9.1, 15, 大闹通天河
02229382, 8.8, 17, 高老庄
30316168, 8.1, 24, 大泼猴(8苦证道)
03008251, 7.0, 51, 四游记
02229418, 9.2, 14, 真假孙悟空
03207250, 8.6, 18, 西游记连环画收藏本
03258502, 8.1, 23, 不求甚解
01922167, 7.4, 35, 天降悟空.西游记
01193884, 7.0, 48, 水煮西游记
02229451, 9.1, 14, 连环洞
03323435, 8.4, 19, 无字真经
35058203, 8.4, 19, 有妖气
02229390, 8.9, 15, 波月洞
06709605, 7.5, 32, 留学僧
02229358, 8.6, 17, 龙宫借宝
02229432, 8.7, 16, 七绝山
02229460, 9.2, 13, 天竺国
27598160, 7.6, 29, 西游记漫话
02229447, 8.9, 14, 无底洞
10774761, 8.5, 16, 大唐三藏取经诗话
01922171, 7.8, 23, 唐僧师徒.西游记
02310152, 7.8, 23, 齐天小圣
02229424, 9.4, 11, 伏龙寺
06887525, 8.2, 18, 西游记里的妖精们
30347541, 7.6, 25, 达话西游
02229388, 8.9, 13, 万年人参果
02229441, 8.9, 13, 智战三魔
02229456, 9.1, 12, 悟空斗狮精
03102082, 8.8, 13, 西游记：少年儿童版
02229420, 9.0, 12, 三盗芭蕉扇
02229406, 9.2, 11, 除三怪
26910215, 9.2, 11, 戴敦邦画说西游记·大闹天宫
01932777, 8.4, 15, 明遗民董说研究
02229404, 8.9, 12, 黑水河
02229445, 8.7, 13, 比丘国
02229458, 9.4, 10, 玄英洞
01061543, 7.3, 27, 漫说西游
26811047, 8.6, 13, 西游原旨
02229386, 9.2, 10, 流沙河
02229375, 8.7, 12, 收白龙马
02229399, 8.7, 12, 真假唐僧
02229380, 8.3, 14, 黑风山
02229393, 8.8, 11, 平顶山
02229430, 8.8, 11, 小雷音寺
02229383, 9.0, 10, 黄风岭
01834243, 6.8, 32, 西游记之谜
01445166, 7.3, 22, 刘荫柏说西游
27665061, 7.0, 27, 蜗牛看西游
01044672, 6.7, 34, 唐三藏西游释厄传-西游记传
10544733, 8.4, 12, 降妖伏魔录
01008505, 7.9, 15, 西游记
01834623, 7.5, 18, 唐三藏西游释厄传．西游记传
01437972, 8.7, 10, 西游记研究资料
30318633, 7.7, 15, 游金梦
02974524, 7.5, 16, 图解西游记
03171974, 7.2, 19, 趣说西游人物
03343893, 7.2, 19, 20世纪《西游记》研究（上下）
01818726, 8.0, 12, 西游记故事选（连环画全十册）
03191894, 6.3, 36, 悟空道(01)
20365724, 8.4, 10, 《西游记》版本源流考
02076632, 7.3, 16, 梦断灵山
01022545, 7.1, 18, 西游记
26980628, 7.1, 18, 西游正史
02369171, 8.2, 10, 西游记百家汇评本（上下）
10571279, 7.5, 13, 浮世绘西游记
04023840, 7.4, 13, 人生就是取经路
10781318, 5.8, 45, 沙僧吐槽日记
20492189, 7.5, 12, 钱说玄奘西游记
21322946, 6.9, 15, 西游谈官
01124591, 6.7, 17, 佛门俗影
01881814, 6.7, 17, 话说西游记
01232714, 5.2, 72, 天蓬传（《悟空传》的姊妹篇）
02052875, 6.5, 17, 17岁我走路中央
27101187, 7.2, 10, 西游谜中谜(取经是一个局)
01931185, 6.1, 19, 文化底蕴
03518771, 6.8, 11, 西游闲谭
10509501, 6.4, 14, 《西游记》原来是本这么好看的管理书
27623644, 6.6, 11, 世道人心说西游
03525905, 4.5, 134, 六小龄童品西游（上）
02006834, 4.7, 59, 六小龄童品西游（上）
26876108, 5.9, 11, 西游记风情谭
03527266, 4.3, 66, 六小龄童品西游（下）
02376092, 4.5, 38, 六小龄童品西游（下）
26280704, 4.4, 35, 老梁批西游
03215744, 5.0, 11, 西游记之谜
11599050, 4.0, 21, 六小龄童品西游
01891173, 0.0, 10, 新说西游记图像（全三册）
02026739, 0.0, 10, 领导干部健康保健指南
24698633, 0.0, 12, 另眼看四大名著
01316316, 0.0, 13, 西游记奥义书(共5册)
01556386, 0.0, 13, 鲁迅、胡适等解读《西游记》
26865141, 0.0, 18, 绘本西游记
25997768, 0.0, 19, 《凯叔&lt;西游记&gt;.1》
35076460, 0.0, 20, 给孩子的西游记
02088230, 0.0, 345, 城管执法操作实务
