2020-07-05 16:00:17

number of books, tag name
178, 西方历史文化

ID, rating, votes, title
02035162, 9.0, 55001, 刀锋
01040771, 8.2, 206810, 达·芬奇密码
01813841, 8.7, 32093, 枪炮、病菌与钢铁
01922216, 9.2, 13065, 全球通史(上)
01922246, 9.2, 8774, 全球通史(下)
01277981, 8.8, 13601, 社会契约论
01032063, 8.9, 8865, 旧制度与大革命
01063852, 8.9, 5776, 悲剧的诞生
01076330, 9.1, 3426, 奥狄浦斯王
01025643, 8.8, 4788, 全球通史
02326273, 8.9, 3274, 欧洲中世纪史
01657455, 8.6, 4790, 论人类不平等的起源和基础
01055234, 8.6, 4560, 神曲（全三册）
01116367, 8.8, 3060, 道德情操论
01439441, 9.0, 2299, 伯罗奔尼撒战争史
02267630, 8.3, 4107, 凯尔特的薄暮
01076426, 8.8, 2108, 世界美术名作二十讲
01065142, 8.5, 2412, 欧洲文明十五讲
01063736, 8.4, 2729, 人类的故事
01958685, 8.3, 2865, 美的历史
01041452, 8.5, 2125, 存在与虚无
02146277, 9.1, 979, 一个政治性人物的肖像
11160551, 9.2, 861, 查拉图斯特拉如是说
02003092, 8.3, 2346, 波多里诺
01279212, 7.4, 8925, 十日谈
01178535, 8.7, 1255, 人性论（上下）
01048014, 8.5, 1522, 外国古建筑二十讲
01648606, 8.6, 1285, 宽容
01044499, 9.2, 559, 菲利普二世时代的地中海和地中海世界（上下卷）
01018714, 8.9, 747, 创世记
01197950, 9.2, 552, 希腊罗马名人传
01926728, 9.4, 404, 往事与随想
03064047, 8.8, 648, 西方文化概论
01446959, 8.8, 632, 唐代的外来文明
01053109, 9.0, 500, 封建社会（上、下卷）
01982025, 8.6, 731, 宽宽信箱与出埃及记
01615235, 8.3, 1028, 蒙田随笔
01017227, 9.0, 450, 温迪嬷嬷讲述绘画的故事
01136277, 7.4, 3165, 嘉莉妹妹
01799240, 8.5, 699, 君主论
01031262, 8.0, 1160, 包豪斯
03031072, 9.1, 337, 历史
01032621, 7.9, 1181, 世界上最伟大的推销员
01065485, 8.5, 573, 玛丽·斯图亚特
01925865, 9.1, 321, 摩西五經
01457920, 8.8, 395, 爱伦·坡短篇小说集
01254597, 9.2, 251, 15至18世纪的物质文明、经济和资本主义（第一卷）
01448632, 8.8, 346, 埃达
01046584, 8.5, 452, 米开朗琪罗传
01431758, 9.6, 141, The Holy Bible
01030023, 8.7, 254, 神祇·坟墓·学者
01324938, 8.4, 335, 伊利亚特
01982345, 8.6, 266, 拉丁语和希腊语
01160154, 8.1, 430, 亚历山大远征记
26679372, 8.2, 365, 1968
01008013, 8.1, 403, 苏格拉底的审判
01070358, 8.6, 240, 思考法国大革命
01006114, 8.5, 244, 剑桥插图音乐指南
01058291, 8.2, 311, 文明史纲
01027986, 8.1, 338, 神曲
01037070, 7.0, 1380, 欧洲史
01789317, 8.1, 323, 美国自由主义的历史变迁
01057599, 8.6, 197, 西方人文主义传统
02371008, 7.9, 361, 制造路易十四
01089405, 8.9, 143, 中世纪晚期欧洲经济社会史
02253590, 8.5, 195, 责任的重负
01227901, 7.9, 344, 剑桥插图古希腊史
26835224, 8.8, 137, 罗马革命
02156302, 9.0, 116, 布拉格之春
01480549, 8.3, 194, 施尼兹勒的世纪
01397887, 7.9, 281, 审判王尔德实录
03032911, 8.1, 227, 圣经的历史
02262237, 8.4, 167, 资本主义与现代社会理论
01417828, 7.9, 261, 亚瑟王之死(全二册)
01203263, 8.0, 232, 坎特伯雷故事
01417123, 7.4, 439, 纹章学
01880602, 9.0, 98, 浮士德(上
01075392, 7.7, 296, 艾凡赫
03208794, 8.2, 171, 人类的故事
01041208, 8.1, 180, 剑桥插图考古史
01010119, 8.3, 139, 这是我的立场
01418434, 8.1, 165, 中世纪的衰落
01721591, 8.7, 100, 宗教与资本主义的兴起
01055796, 7.3, 379, 女巫
01196754, 8.3, 135, 塞尚
02053252, 7.8, 213, 文艺复兴与巴洛克
10576053, 7.6, 257, 德国通史
01067980, 8.2, 143, 法国大革命讲稿
01083624, 7.5, 273, 西方美术简史
02132639, 7.4, 303, 美第奇家族
01063896, 7.3, 321, 十字军东征――以耶路撒冷之名
01441356, 9.5, 52, The Mists of Avalon
01545707, 8.4, 107, 西方文化概论
01134195, 8.8, 77, 法兰西的特性2
01791766, 8.4, 103, 君士坦丁大帝时代
01278297, 7.5, 228, 剑桥插图宗教史
01286876, 7.6, 204, 自由情侣
01063464, 8.5, 90, 世界史纲(上下)
01844256, 7.4, 242, 剑桥插图中世纪史
04113962, 7.9, 141, 奥地利史
01868162, 7.3, 260, 黑夜史
01019030, 7.4, 226, 诸神的星空
01063474, 7.9, 136, 星空
01034896, 7.5, 198, 维京人――强盗与水手
01011092, 7.8, 138, 天文学简史
01810439, 8.9, 59, The Canterbury Tales
01036635, 8.1, 105, 神曲的故事
02970187, 7.6, 165, 德意志问候
01178217, 7.4, 197, 剑桥插图大英帝国史
01020103, 7.6, 154, 希腊的诞生――灿烂的古典文明
01323763, 7.7, 133, 失落的文明：犹太王国
01985667, 8.2, 85, 世界通史 上古部分
01077896, 7.7, 110, 世界设计大师图典
01142256, 7.8, 99, 凯尔特人
02002755, 7.8, 98, 古代希腊
02145892, 6.3, 590, 一口气读完欧洲史
01493126, 8.1, 75, 马奈
01040317, 8.0, 79, 利玛窦中国札记
01022751, 7.5, 116, 亚历山大大帝
01046535, 7.7, 95, 吉本自传
01157920, 7.8, 85, 拜占廷
02351060, 8.2, 62, 欧洲文艺复兴
01261877, 8.0, 71, 凯尔特智慧
01056920, 7.9, 76, 伊丽莎白王朝・英格兰
01126260, 7.7, 85, 人类的艺术
01142264, 7.4, 110, 北欧海盗
02351092, 7.9, 67, Shakespeare
01423171, 7.4, 99, 神话之旅
01011398, 7.8, 67, 马可波罗行纪
20279666, 8.4, 43, 罗马新史
01439647, 6.9, 148, 与巫为邻
02107909, 7.0, 132, 英国往事
01227955, 7.4, 87, 伦勃朗时代的荷兰
01021002, 7.7, 64, 莎士比亚
02030302, 7.4, 82, 意大利往事
01254176, 7.9, 54, 伊丽莎白女王和埃塞克斯伯爵
01178416, 7.3, 86, 瓦格纳
01048020, 7.4, 76, 人类精神进步史表纲要
02271986, 7.5, 69, 西方帝国简史
01010744, 7.6, 63, 罗马人
01863800, 7.6, 63, 凯尔特人的欧洲
02007623, 7.6, 63, 诸神的争吵
01401309, 7.3, 80, 大教堂的风采
01048492, 7.5, 66, 牛津简明英国文学史
01945121, 7.3, 77, 剑桥插图英国戏剧史
01040649, 6.9, 106, 外国美术史
01737087, 7.5, 57, 马蒂斯杰出的色彩大师
02678660, 7.3, 66, 你可能不知道的英国
02061210, 7.6, 50, 世界通史 近代部分 上册
04684455, 9.3, 18, The Veil of Isis
01158277, 7.0, 78, 城堡
02297231, 7.0, 76, 活着的殉道者
02074563, 7.5, 49, 世界通史 中古部分
01036966, 7.8, 39, 圣母玛利亚的故事
01116346, 8.4, 25, 英吉利教会史
01104775, 7.6, 41, 祭司与王制
02030394, 6.7, 83, 法国往事
01824732, 6.7, 78, 圣杯传奇
01158732, 7.1, 51, 迦太基传奇
01292411, 7.1, 51, 早期基督教
02974779, 7.5, 37, 你可能不知道的法国
01843008, 7.0, 52, 追寻达·芬奇密码
02266246, 7.9, 24, 麦布女王
01446656, 6.7, 57, 正说达·芬奇密码
02074565, 7.6, 27, 世界通史 近代部分下册
01930911, 6.4, 68, 海盗
01107679, 8.2, 17, 伊索寓言
01151655, 8.4, 15, 历史（节选本）
01127857, 7.5, 23, 希腊神话故事
01437050, 6.9, 33, 艺术史
01928513, 7.4, 22, 基督教先驱的受难
01111798, 7.6, 18, 圣殿长存
01258375, 5.9, 75, 星座希腊神话故事
01739637, 7.2, 22, （经由中国）从外部反思欧洲
02972758, 7.8, 14, 哈佛諾頓講座之大師與門徒
01025839, 7.1, 15, 哥伦布日记
03304021, 6.6, 19, 希腊文化史
01558033, 6.1, 21, 英国王室史纲
