2020-07-05 16:00:17

number of books, tag name
458, 西方历史

ID, rating, votes, title
01040771, 8.2, 206810, 达·芬奇密码
01464203, 9.4, 14007, 冰与火之歌（卷二）
01922216, 9.2, 13065, 全球通史(上)
01062343, 9.2, 9841, 昨日的世界
05366248, 8.2, 44292, 你一定爱读的极简欧洲史
01225977, 8.9, 12731, 全球通史（第7版 上册）
01032063, 8.9, 8865, 旧制度与大革命
06401128, 8.9, 8505, 批评官员的尺度
03034480, 9.4, 3381, 圣经
25891318, 9.0, 5495, 1453
01005492, 8.9, 6110, 光荣与梦想
07064370, 9.2, 3325, 罗马人的故事2
01907199, 8.6, 6902, 扫起落叶好过冬
01534951, 9.0, 3817, 逃避自由
01062694, 8.9, 4095, 荷马史诗·奥德赛
01212469, 8.9, 3917, 荷马史诗·伊利亚特
25891321, 9.0, 3229, 海洋帝国
02216583, 8.8, 3927, 沉重的肉身
02326273, 8.9, 3274, 欧洲中世纪史
26354440, 9.0, 2518, 野蛮大陆
01313181, 8.4, 5379, 富兰克林自传
01054760, 8.9, 2700, 枪炮、病菌与钢铁
01439441, 9.0, 2299, 伯罗奔尼撒战争史
26276743, 8.6, 3415, 金雀花王朝
25971624, 8.7, 2913, 政治秩序的起源
01315199, 9.1, 1790, 历史研究
01036787, 9.2, 1458, 昨日的世界
01076426, 8.8, 2108, 世界美术名作二十讲
01036478, 8.9, 1772, 大外交
02150432, 9.1, 1277, 韦伯作品集Ⅻ:新教伦理与资本主义精神
30284738, 9.1, 1200, 罗马元老院与人民
01065142, 8.5, 2412, 欧洲文明十五讲
01063736, 8.4, 2729, 人类的故事
01057653, 8.7, 1856, 草原帝国
02193879, 8.5, 1824, 神曲
25752592, 8.9, 1111, 从黎明到衰落（上下）
25886351, 7.5, 7895, 耶路撒冷三千年
01227019, 8.4, 1972, 伟大的博弈
26897187, 8.4, 1929, 活着回来的男人
01211052, 8.6, 1495, 罗马帝国衰亡史（上册）
01427023, 9.0, 914, 希罗多德历史（上下）
01225978, 9.1, 790, 全球通史（第7版 下册）
06428078, 9.1, 767, 罗马帝国衰亡史（套装共6册）
01047370, 8.5, 1394, 拉丁美洲被切开的血管
01047001, 8.1, 2313, 资本主义与二十一世纪
01511912, 8.5, 1270, 高卢战记
34449288, 9.3, 535, 20世纪思想史
01228193, 8.5, 1215, 回忆苏格拉底
01044499, 9.2, 559, 菲利普二世时代的地中海和地中海世界（上下卷）
11605940, 8.5, 1167, 倒转红轮
01197950, 9.2, 552, 希腊罗马名人传
01777853, 8.3, 1462, 屠猫记
01915375, 8.7, 865, 西方的没落（全二卷）
01421923, 8.2, 1549, 大国的兴衰
01029649, 8.5, 1060, 玻璃岛
02219098, 9.2, 489, 古希腊悲剧喜剧全集（全8册）
01001356, 9.3, 414, 世界文明史(全24册)
01053109, 9.0, 500, 封建社会（上、下卷）
01958069, 9.5, 313, 光荣与梦想（全四册）
01036413, 9.1, 442, 密码故事
01853552, 8.5, 770, 中世纪的城市
01212800, 8.9, 498, 从黎明到衰落
01138763, 8.6, 664, 林肯传
02981480, 9.1, 397, 美国人民：创建一个国家和一种社会（上卷）
04189598, 8.8, 524, 战后欧洲史
30169979, 7.8, 1650, 战后日本经济史
01020537, 8.7, 535, 历史的观念
01138452, 8.5, 642, 意大利文艺复兴时期的文化
01830101, 9.1, 353, 漢尼拔戰記
05954602, 9.2, 320, 罗马帝国衰亡史（全6册）
34984693, 8.1, 958, 剧变
03031072, 9.1, 337, 历史
01484492, 8.8, 444, 20世纪思想史
01211051, 8.6, 535, 罗马帝国衰亡史（下册）
01316628, 8.6, 534, 法国革命史
26929967, 8.0, 1049, 拜占庭帝国
02116717, 8.9, 385, 西洋史
01052983, 8.7, 463, 历史研究
03018347, 8.8, 409, 罗马帝国衰亡史（第一卷）
01031956, 8.9, 360, 美国自由的故事
01028670, 8.7, 403, 塔西佗《编年史》
01254597, 9.2, 251, 15至18世纪的物质文明、经济和资本主义（第一卷）
03092871, 8.2, 660, 欧洲：一堂丰富的人文课
25746662, 8.7, 390, 基督教与西方文化
01578541, 8.9, 320, 古代城邦
01413045, 8.8, 345, 西方文明史
01830132, 8.5, 458, 關於羅馬人的二十個問題
06990290, 8.5, 447, 西欧中世纪史
01214078, 8.7, 367, 第二次世界大战回忆录
03058531, 9.2, 236, 法律与革命
03158094, 8.7, 360, 英国个人主义的起源
01116356, 8.5, 428, 阿古利可拉传 日耳曼尼亚志
01316549, 8.7, 348, 极端的年代
04187474, 8.3, 521, 西方世界的兴起
01936439, 8.2, 579, 英国
01496315, 9.0, 260, 文艺复兴
01039585, 8.1, 633, 罗马十二帝王传
01963430, 8.7, 336, 欧洲思想史
01002582, 8.6, 350, 西方的没落
06794362, 8.9, 263, 伯罗奔尼撒战争史
01049103, 8.8, 281, 喀提林阴谋 朱古达战争
01262815, 8.3, 442, 关键词
03196877, 8.3, 435, 中世纪的秋天
34432189, 8.5, 340, 罗马的命运
26975985, 8.2, 462, 时间地图
02144283, 8.3, 406, 文艺复兴简史
02280231, 9.1, 196, 欧洲中世纪简史
03071729, 8.3, 404, 希腊精神
01062960, 9.2, 180, 美洲三书
01061684, 9.0, 210, 罗马史（下卷）
01007918, 8.6, 297, 第一次世界大战回忆录（全五卷）
30176576, 8.4, 359, 美国秩序的根基
01012006, 8.7, 267, 英语民族史（全四册）
02981481, 8.9, 224, 美国人民（下卷 1865-2002年）
02367267, 8.9, 223, 西洋史
01037401, 8.2, 433, 佛罗伦萨史
01253713, 8.7, 264, 基督教神学思想史
02149199, 8.7, 264, 世界历史沉思录
25725055, 9.2, 168, 一战秘史（修订版）
01830117, 9.0, 196, 凱撒時代（盧比孔之前）
01130172, 8.6, 272, 塔西佗历史
03662403, 8.7, 244, 美国人：建国的历程
04201719, 8.8, 221, 西洋史
01830120, 9.0, 187, 羅馬和平
01511498, 7.7, 690, 美国宪法的诞生和我们的反思
02118766, 8.5, 288, 世纪末的维也纳
02353164, 9.1, 168, 俄国人（全两册）
01245535, 8.4, 306, 国家篇 法律篇
01070358, 8.6, 240, 思考法国大革命
27186786, 8.7, 219, 缔造和平
26929841, 7.6, 696, 诺曼风云
03174527, 8.6, 238, 沿着古代中亚的道路
26923543, 8.7, 212, 现代欧洲史（全6卷）
03410742, 8.4, 278, 历史讲稿
01484569, 9.0, 165, 惡名昭彰的皇帝
02292276, 8.0, 414, 破解古埃及
01936440, 8.1, 369, 荷兰
01261542, 8.3, 296, 基督教会史
04882056, 7.8, 492, 为什么是欧洲？
02209663, 7.0, 1394, 孤独的性
01277282, 8.3, 273, 路易十四时代
01037070, 7.0, 1380, 欧洲史
01223956, 8.2, 298, 古代埃及史
02008590, 8.8, 171, 西方战争艺术
01275318, 8.4, 241, 革命的年代
30328938, 8.5, 219, 古罗马的日常生活
01319698, 8.6, 195, 建城以来史（前言・卷一）
26832570, 8.0, 346, 法国大革命
03723664, 9.2, 120, 西方的遗产
01038143, 8.4, 227, 欧洲文化史（上下）
02267945, 9.5, 96, The Times Atlas of World History
01936437, 7.8, 415, 大国崛起/葡萄牙 西班牙
01318438, 8.6, 188, 南方纪事
01061476, 8.9, 146, 罗马帝国衰亡史（下册）
01224584, 8.3, 240, 西方的智慧
03836582, 8.4, 217, 法国大革命的起源
02030120, 8.9, 142, 史学导论
01145993, 8.7, 166, 古典艺术
01277286, 8.5, 196, 中东
30401299, 7.8, 393, 德国极简史
25840516, 8.3, 234, 帝国定型
02253590, 8.5, 195, 责任的重负
03793799, 9.2, 111, 羅馬世界的終曲
01227901, 7.9, 344, 剑桥插图古希腊史
06932723, 8.1, 278, The Song of Achilles
01226368, 8.6, 175, 元史学
01311733, 8.7, 157, 帝国的年代
03870856, 9.0, 124, 古希腊政治、社会和文化史
01018438, 7.3, 671, 西方艺术史
01360853, 9.0, 122, 結局的開始
02041091, 8.9, 131, 美国与中国
01830129, 8.9, 129, 迷途帝國
01075312, 8.7, 150, 自由与权力
01807777, 8.3, 211, 世界史纲(上下)
26949668, 8.4, 188, 欧洲中世纪三部曲
02027873, 7.8, 338, 伏尔泰的椰子
03063800, 9.0, 114, 最後一搏
01224274, 8.6, 155, 法国农村史
01427508, 8.6, 153, 英国庄园生活
01484566, 8.6, 152, 危機與克服
01979226, 8.2, 215, 巫术的一般理论 献祭的性质与功能
01484568, 8.6, 142, 賢君的世紀
03184472, 8.7, 130, 大裂变
01383101, 8.9, 111, The Closing of the American Mind
03534435, 8.8, 118, 基督的勝利
01052451, 9.3, 83, 德意志史（第一卷 上下）
02253098, 8.8, 117, 牛津英国史
01978597, 7.6, 356, 欧洲史
01920777, 8.2, 188, 德国与中华民国
02081663, 8.2, 185, 古代罗马史
01983155, 7.9, 247, 德国人
01274006, 8.9, 104, 黎塞留传(全两册)
20272933, 8.3, 167, 美国简史
01033132, 7.7, 299, 剑桥插图战争史
30358492, 7.7, 298, 从丹药到枪炮
01314083, 8.4, 150, 资本的年代
03645474, 9.4, 71, 近现代世界史（上册）
01072405, 8.8, 104, 发现者
01313140, 7.6, 301, 剑桥插图德国史
02162030, 8.1, 178, 海权论
01059588, 7.5, 326, 德国通史
02365688, 8.2, 160, 英国通史
01080942, 8.2, 159, 罗马史（第二卷）
01313160, 7.7, 253, 美国草根政治日记
02057245, 8.0, 182, 钱袋与永生
02382373, 8.8, 93, 欧洲社会主义百年史（上下）
01643585, 8.1, 163, 英雄艾文荷
33436272, 8.4, 125, 贸易的冲突
01360821, 8.5, 114, 條條大道通羅馬
30424140, 7.8, 213, 伟大的博弈
03264894, 8.3, 132, 早期希腊
01067980, 8.2, 143, 法国大革命讲稿
04857074, 8.4, 120, 欧洲崛起
01223821, 8.6, 101, 夏娃的种子
02132639, 7.4, 303, 美第奇家族
03189919, 7.7, 215, 石油大博弈（上）
02370351, 8.9, 78, 争夺欧洲霸权的斗争
03079785, 8.5, 103, 法律与革命（第二卷）
34922184, 9.6, 50, 西方政治思想史
34912074, 9.1, 67, 大海战
03129243, 8.0, 155, 剑桥插图罗马史
05401998, 8.9, 76, 佛罗伦萨史
02983444, 8.9, 73, 英语国家史略
02075866, 8.5, 96, 世界犹太人历史
01908578, 9.3, 56, 哈佛经典（全套50册）
01134195, 8.8, 77, 法兰西的特性2
01791766, 8.4, 103, 君士坦丁大帝时代
01937950, 8.1, 130, 印刷书的诞生
01046941, 8.5, 92, 新编剑桥世界近代史
01138453, 8.8, 74, 中世纪经济社会史（下册）
01288933, 8.5, 91, 意大利文艺复兴时期的艺术
01063464, 8.5, 90, 世界史纲(上下)
01546477, 7.5, 220, 重返中世纪
03018354, 8.7, 77, 罗马帝国衰亡史（第五卷）
01063937, 7.8, 161, 汤因比论汤因比
01064462, 8.8, 70, 美国人建国历程
01783295, 8.6, 80, 十九世纪三部曲
03189957, 7.9, 141, 石油大博弈（下）
03018355, 8.7, 73, 罗马帝国衰亡史（第六卷）
01328144, 8.6, 78, 美国人--民主的历程
01272877, 8.6, 77, 从古代到封建主义的过渡
01159966, 8.4, 89, 君王论
03137116, 7.3, 245, 巴黎高师史
03179286, 8.7, 70, 剑桥美国经济史（第三卷）
01805523, 8.8, 65, 近代私法史（上下）
03290292, 7.9, 130, 英国史（上下）
02129926, 7.0, 342, 彩色欧洲史(全三册)
02027001, 7.6, 171, 私人生活史Ⅰ
01980859, 8.6, 73, 希腊宗教研究导论
20431880, 8.0, 116, 古代的希腊和罗马
04856969, 8.3, 90, 启蒙到大革命
01245514, 7.1, 284, 查理大帝传
01059279, 8.5, 76, 摩根财团
02363003, 8.1, 103, 古希腊人的性与情
02363872, 7.2, 247, 君主制的历史
01178217, 7.4, 197, 剑桥插图大英帝国史
02343947, 8.0, 109, 自由·平等·博爱
03179291, 8.6, 68, 剑桥美国经济史（第一卷）
01928029, 8.0, 107, 法国文化史（1-4卷）
26581121, 7.8, 126, 天生的烦恼
04199412, 7.7, 137, 利维坦的诞生
33455657, 8.3, 79, 西方通史
01224543, 8.8, 55, 近现代世界史（上中下册）
03103969, 7.8, 117, 欧洲贵族
03264897, 7.4, 172, 拜占庭简史
02062277, 8.3, 77, 希腊人的神话和思想
01483440, 7.4, 167, 夜间的战斗
01134196, 8.6, 61, 法兰西的特性3
01318193, 6.5, 522, 一口气读完美国史
02264071, 9.0, 47, The Daily Show with Jon Stewart Presents America (The Book) Teacher&#39;s Edition
01071915, 8.2, 80, 中世纪欧洲经济社会史
01577632, 7.6, 133, 一六四〇年英国革命史
01060494, 7.4, 161, 西方文化史
03194489, 8.3, 71, 西欧人文图志
02259864, 7.8, 106, 中世纪英国
02146494, 7.3, 163, 剑桥插图医学史
01022507, 7.9, 92, 中世纪爱的艺术
01075818, 8.0, 84, 文明的征程
05283559, 8.0, 84, 工业革命
02002755, 7.8, 98, 古代希腊
01397166, 7.5, 129, 欧洲中世纪生活
10537649, 8.8, 47, 罗马史（第五卷）
01227887, 7.6, 116, 凡尔赛宫的生活
01059407, 7.6, 115, 神圣罗马帝国
03196874, 7.9, 88, 伊拉斯谟传
02115360, 8.0, 81, 大萧条
02283270, 8.7, 49, 西方人文读本
27603905, 9.4, 33, 从黎明到衰落（全2册）
01178218, 6.9, 237, 剑桥插图法国史
01034295, 8.2, 68, 探索者
04909043, 8.7, 48, 领袖们
04857082, 8.6, 51, 两次世界大战
02117518, 6.9, 232, 美国历史十五讲
03893315, 8.3, 62, 希腊思想与文化
02186433, 8.4, 57, 神话与历史
02051976, 7.5, 118, 希波战争史
02002735, 7.6, 106, 古代罗马
01320058, 8.0, 75, 罗马史随想
03057735, 7.8, 88, 另一个国度
01046535, 7.7, 95, 吉本自传
30402619, 7.7, 94, 罗马的崛起
20513494, 8.6, 48, 西洋史
02282171, 8.7, 45, 美国危机
01071066, 9.3, 32, 精英的聚会
01157920, 7.8, 85, 拜占廷
02298248, 7.6, 101, 德意志
01359133, 7.3, 130, 未曾发生的历史
02372909, 9.5, 28, 美利坚共和国的成长（下卷）
01031046, 8.4, 52, 法国文明史（第一卷）
04150297, 7.4, 116, 西方文明的东方起源
01917295, 8.0, 69, 基督信仰的起源
03700372, 7.1, 157, 周末读完英国史
01952782, 7.1, 154, 图说中世纪服装
01085358, 7.7, 86, 为什么美国没有社会主义
25934181, 8.5, 47, 罗马史（第四卷）
01071172, 8.1, 59, 王冠上的宝石・英属印度
01169756, 8.6, 41, 现代西方历史的故事
02080781, 8.0, 61, 希伯来与希腊思想比较
03196271, 7.6, 84, 私人生活史V
01863111, 9.9, 21, The Roman Revolution
01037014, 7.8, 70, 多面的历史
01892731, 7.5, 90, 法国大革命史
04122404, 7.3, 108, 希腊化世界
01486023, 7.9, 64, 12世纪文艺复兴
30409307, 9.3, 27, 大教堂
01191781, 8.0, 58, 道德情感论
01088041, 7.4, 94, 俾斯麦
26954934, 8.3, 46, 苏联的最后一年
02365689, 7.4, 92, 法国通史
01227847, 6.9, 151, 中世纪有关死亡的生活
01309525, 8.7, 35, 西欧封建经济形态研究
04814383, 8.0, 55, 欧罗巴与亚细亚
01008759, 7.5, 82, 宗教裁判所
01439647, 6.9, 148, 与巫为邻
02274100, 6.7, 187, 改变西方世界的26个字母
01725576, 7.5, 80, 古代埃及宗教
06901613, 6.9, 145, 哥特史
01227955, 7.4, 87, 伦勃朗时代的荷兰
04725164, 8.0, 53, 民主政治与古典希腊
01327516, 8.2, 46, 美国人--建国的历程
01922386, 8.2, 46, 来临中的上帝
01148048, 8.1, 49, 文艺复兴
03510259, 7.1, 112, 牛津欧洲史（第一卷）
02568386, 8.6, 35, 1525年革命
03756466, 8.0, 49, 德国的故事（上）
02303727, 7.2, 95, 千年俄罗斯
02213858, 7.5, 72, 拿破仑时代法国人的生活
03510262, 7.8, 55, 牛津欧洲史（第三卷）
01762867, 7.7, 59, 中产阶级文化的起源
02066452, 8.2, 41, 新大陆游记
01863800, 7.6, 63, 凯尔特人的欧洲
02084391, 6.8, 134, 秘史
01080569, 7.4, 73, 文艺复兴时期的人
04211958, 8.3, 37, 都市欧洲的形成
06920074, 9.6, 19, Le Grand Duc
01799952, 7.3, 77, 文明的冲突
01941931, 7.4, 69, 五月花号公约签订始末
05501396, 8.7, 28, 战争史（全二册）
01021633, 8.1, 40, 阿兹特克文明
01794085, 8.1, 40, 性史
26451372, 7.5, 61, 决战葛底斯堡
03581667, 7.7, 52, 伊斯兰教教派
01057668, 7.3, 72, 祭司与王制・凯尔特人的爱尔兰
02023773, 8.8, 26, 古代的希腊和罗马
01184968, 7.2, 78, 西方文化史
01267609, 6.7, 130, 英国史
02076609, 7.9, 44, 奔向自由
06837179, 9.2, 21, Give Me Liberty! An American History
01546579, 7.9, 42, 古希腊罗马与基督宗教
02148200, 7.3, 64, 中世纪大学
01447896, 8.1, 35, 那不勒斯王国史
01607305, 7.7, 46, 从巫到医
01528154, 7.8, 42, 耶稣会简史
26682804, 7.7, 45, 第二次世界大战回忆录（全两册）
01148070, 8.5, 27, 资本主义精神
01053166, 7.5, 52, 荷兰共和国兴衰史
01247813, 8.1, 32, 国际关系经典选读
01266675, 7.4, 52, 莎士比亚传
01483235, 8.3, 28, 欧洲文学背景
01228107, 7.0, 73, 太阳王和他的时代
03810118, 7.6, 44, 你不可不读的西方历史故事
01441111, 7.3, 55, 古罗马人的阅读
04836699, 8.0, 32, 寻找他山的历史
03532468, 8.1, 30, “欧洲观念”的历史哲学
02342086, 6.9, 74, 19世纪英国
01062569, 7.7, 38, 论治史
24734325, 8.0, 30, 战争与和平法
02281028, 8.0, 29, 世界古代中世纪史
01148047, 7.6, 36, 拿破仑时代
01033571, 7.1, 52, 意大利简史
02004339, 7.3, 44, 王权与神祇
01227818, 6.7, 74, 魏玛共和国时期的德国
02213795, 6.8, 66, 十九世纪乌托邦共同体的生活
01318130, 8.3, 22, 世界艺术巡礼（共四册）
03510261, 7.2, 45, 牛津欧洲史（第四卷）
24325698, 8.2, 23, 话说西方
03131239, 6.8, 63, 欧洲文艺复兴
01454213, 7.5, 35, 1871-1915年意大利史
24758523, 8.6, 18, 德国的统一
03597016, 8.2, 22, 英国人文经典读本
02157537, 7.6, 31, 屠场
01454214, 7.1, 44, 十九世纪欧洲史
03244092, 6.4, 86, 骑士、妇女与教士
05402745, 8.2, 20, 意大利文艺复兴时期的文化
02525137, 8.8, 15, Christianity
02995055, 7.4, 32, 近代欧洲的生活与劳作
01276159, 7.1, 40, 地图的由来
02287349, 6.4, 77, 近代史讲稿
02141727, 7.7, 25, 意大利文艺复兴时期的文化
26759994, 6.6, 59, 地图上的德国史(第二版)
03117088, 7.5, 28, 欧洲文明的曙光
02082286, 6.3, 80, 中世纪之夜
01055371, 7.2, 34, 美国的故事
01277269, 6.9, 43, 西欧中世纪骑士的生活
01116365, 7.5, 27, 法国文明史（第三卷）
01227929, 6.2, 84, 公元1000年的欧洲
02212152, 7.0, 38, 中世纪劳动史
01162557, 6.4, 63, 俄国史
03999117, 6.9, 38, 不自由的希腊民主
05410266, 7.7, 21, 中世纪的欧洲大学（第一卷）
01035028, 7.8, 19, 美国犹太人
01986709, 6.6, 44, 美第奇金钱
03139966, 7.3, 25, 宪法的原始含义：美国制宪中的政治与理念
01528340, 7.5, 21, 欧洲涅槃过渡时期欧洲的发展概念/欧洲文化系列丛书
03747884, 7.2, 24, 两次世界大战的故事
01059628, 8.0, 15, 征服世界亚历山大大帝
01168364, 8.4, 12, 20世纪法国知识分子的历程
01954631, 7.3, 21, 从英镑到美元
01065358, 7.2, 22, 亚历山大金棺之谜
02373273, 7.0, 25, 压力下的生活
01292430, 6.6, 34, 纽约简史
04080352, 8.3, 12, The Cold War
01281397, 6.4, 39, 稳扎稳打:蒙哥马利
03070289, 8.0, 12, 西方文明史（上卷）
02041650, 6.8, 24, 美国平等的历程
01034356, 7.2, 17, 欧洲文明扩张史
01602767, 7.8, 12, 维也纳音乐史话
01070702, 6.9, 18, 欧洲近代生活
01908286, 6.7, 17, 伊朗伊斯兰教史
01275917, 7.1, 13, 自由与传统
03604026, 7.4, 11, 英国史
01273832, 6.8, 15, 圣经之谜-摩西出埃及与犹太人的起源
01193615, 6.8, 14, 独立与革命
02124152, 6.1, 22, 剑桥大学简史
01193611, 7.2, 10, 西方近代文明
10433842, 7.2, 10, 铁血王朝
01272366, 7.0, 11, 西方历史文明坐标
02325916, 7.0, 11, 马格里布通史
01027985, 6.0, 18, 世界通史
01021560, 5.6, 16, 世界通史.第二编:工业文明的兴盛16-19世纪的世界史
01081390, 5.3, 17, 阿拉伯史纲
02017153, 0.0, 10, 超级大国的崩溃
34949612, 0.0, 10, 西方科学通史 ——从古希腊到二十世纪，了解西方科学的发展历程，构建科学与人文之桥梁
01036509, 0.0, 11, 加尔布雷思回忆录
26277377, 0.0, 11, 西方历史瞬间
01151351, 0.0, 12, 历史的观念
01660589, 0.0, 13, 权力与自由
04589482, 0.0, 13, A History of Modern Europe
