2020-07-05 16:00:17

number of books, tag name
557, 西藏

ID, rating, votes, title
01022060, 8.2, 146119, 狼图腾
01080309, 8.5, 51714, 尘埃落定
01529893, 8.0, 90410, 莲花
01963912, 8.8, 14669, 正见
01963310, 8.2, 36978, 大地之灯
01200842, 8.6, 11190, 尘埃落定
05990251, 8.5, 12902, 西藏生死书
01083003, 8.7, 6557, 尘埃落定
11528339, 8.1, 14244, 藏海花
03274182, 8.5, 6393, 莲花
05332713, 9.0, 3143, 人间是剧场
04922655, 8.3, 8295, 酥油
01050743, 8.7, 4194, 西藏生死之书
06125543, 9.1, 2515, 北方的空地
23286393, 8.9, 3188, 尘埃落定
05366278, 7.9, 12255, 走吧，张小砚
01130367, 8.9, 2779, 艽野尘梦
07064313, 7.7, 16545, 突然就走到了西藏
01812011, 9.0, 2308, 佛教的见地与修道
02201813, 7.5, 19672, 藏地密码1
05332932, 9.2, 1448, 佛教的见地与修道
03124547, 7.7, 9364, 藏地密码2
05026743, 8.0, 5299, 藏地密码9
25978763, 8.7, 2008, 僧侣与哲学家
03759806, 8.3, 3350, 西藏一年
24671183, 8.2, 3858, 藏地白皮书·十年爱情见证版
05450660, 8.6, 2239, 次第花开
03241893, 7.8, 6890, 藏地密码4
01431177, 7.9, 5547, 藏獒
03147450, 7.7, 7698, 藏地密码3
03321602, 7.8, 6066, 藏地密码5
03796219, 8.7, 1695, 尘埃落定
03787012, 7.8, 5594, 藏地密码7
03065232, 8.0, 4036, 藏地白皮书
03223552, 7.8, 5262, 转山
01253538, 8.7, 1510, 剑桥中华民国史（上卷）
03610094, 7.7, 5897, 藏地密码6
25902141, 8.9, 1116, 正见
03306209, 8.5, 1554, 雪域求法记
02353663, 9.3, 628, 四季
04853091, 7.7, 4546, 藏地密码8
04137276, 9.4, 565, 结起点亦是终点
06026287, 7.6, 5243, 藏地密码10
01915094, 9.3, 577, 近乎佛教徒
03873355, 7.3, 7397, 仓央嘉措诗传
06872434, 7.5, 4963, 最好的时光在路上
01812223, 7.6, 4106, 消失的地平线
25931492, 9.1, 600, 尘埃落定
04714187, 7.4, 4879, 不负如来不负卿
01047608, 8.1, 1620, 藏地牛皮书
26752324, 9.2, 466, 佛教的见地与修道
05383915, 7.7, 2629, 只为途中与你相见
01051931, 9.0, 540, 西藏度亡经
02116107, 8.9, 587, 藏传佛教象征符号与器物图解
01780032, 8.2, 1276, 六世达赖仓央嘉措情歌及秘史
25771551, 9.2, 438, 不离：上师人生开示录
02700656, 6.8, 12546, 悲伤逆流成河
03094349, 8.7, 680, 羌在汉藏之间
01059716, 8.7, 667, 水乳大地
25752284, 9.1, 427, 艽野尘梦
06751046, 8.1, 1216, 莲花
01161947, 8.4, 832, 尘埃落定
01960333, 8.0, 1305, 藏獒二
02240928, 8.7, 553, 当生命陷落时
01292354, 7.7, 1822, 空山
25955940, 8.4, 724, 透过佛法看世界
01958486, 9.3, 302, 自由的迷思
03894842, 7.6, 1707, 格萨尔王
07161323, 7.6, 1707, 藏地密码珍藏版大全集（共10册）
01035061, 8.6, 499, 雪域求法记
01493455, 7.7, 1430, 流云尼玛
30415612, 6.9, 5351, 夏摩山谷
02567575, 8.1, 762, 藏獒3
05504092, 8.1, 750, 西藏，面冰十年
04880885, 7.5, 1598, 仓央嘉措
03782155, 8.7, 353, 印度对华战争
02286166, 9.0, 246, 大师在喜马拉雅山
02003441, 8.9, 268, 西藏生死書（修訂版）
04239111, 8.2, 513, 阿里
01310322, 8.5, 364, 我在天堂等你
01469266, 7.6, 989, 冈底斯的诱惑
02977633, 8.2, 462, 大地的阶梯
24869869, 8.1, 502, 慢骑中国
01763434, 8.6, 289, 余纯顺孤身徒步走西藏
24533105, 8.5, 315, 生命这出戏
01512283, 9.1, 186, 喇嘛王国的覆灭
33436258, 7.9, 585, 乌金的牙齿
34895737, 8.8, 232, 守山
26939582, 9.4, 144, 第三极的馈赠
06985861, 8.4, 331, 西藏生死线
07062508, 8.4, 325, 西藏一年
02327122, 8.3, 344, 藏地孤旅
04726681, 7.8, 577, 消失的地平线
01796727, 8.6, 245, 仓央嘉措及其情歌研究
01425034, 8.0, 445, 虚构
01083637, 7.7, 627, 情断西藏
06837535, 8.3, 317, 一步一如来
26755807, 8.4, 263, 西藏生死书：一日一课
24863307, 7.9, 427, 那时 · 西藏
02243628, 8.2, 308, 那时西藏
30434662, 8.8, 175, 艽野尘梦
07015323, 6.8, 1879, 日月
05501815, 8.3, 263, 雷峰塔
01820965, 9.0, 142, 藏传佛教绘画史
01062745, 8.4, 232, 苦修者的圣地
19995936, 7.4, 703, 往西，宁静的方向
26269905, 9.2, 119, 四季
03841198, 7.9, 373, 西藏
01866401, 8.1, 297, 西藏与西藏人
01091764, 8.6, 185, 尘埃落定
27184040, 8.0, 326, 西藏生死恋
02046534, 7.6, 463, 六世达赖喇嘛仓央嘉措
26287688, 8.4, 194, 格萨尔王（修订版）
01981703, 7.6, 438, 空山2
23313881, 7.6, 398, 走近藏传佛教
01685328, 8.9, 115, 尘埃落定
01855536, 8.0, 247, 西藏.远方的上方-祝勇文化笔记
03561903, 8.6, 141, 雪山的少女们
01585313, 9.7, 66, 藏传佛教寺院考古
03932532, 8.3, 174, 众神之河
26826648, 8.3, 156, 我放下过天地，却从未放下过你
26706788, 8.2, 170, 三只虫草
01918355, 7.6, 309, 逃到西藏也逃不出爱情
06856709, 8.6, 120, 亚洲腹地旅行记
03605809, 8.2, 166, 西藏，系在皮绳结上的魂
01316699, 8.3, 151, 西藏生死書
26580060, 8.1, 180, 行刑人尔依
03550672, 8.2, 163, 風轉西藏
25756940, 7.2, 478, 瞻对
25982610, 8.2, 160, 神的孩子都要去西藏
01020905, 8.5, 123, 西藏的神灵和鬼怪
01394377, 8.9, 91, Into Thin Air
03348425, 9.8, 52, 空行法教：蓮師親授空行母伊喜．措嘉之教言合集
24715770, 8.8, 95, 出发吧在最好的时光
26878557, 8.4, 129, 孤独星球 Lonely Planet 西藏 IN系列（2016年版）
03004271, 9.1, 77, 西藏生灵
04265054, 8.6, 109, 西藏的寺与僧
03431305, 8.1, 160, 风化成典
01957092, 8.6, 104, 藏传佛教中观哲学
04214978, 9.3, 63, 梵天佛地（全八册）
06869786, 9.3, 63, 佛教眼中的神秘
01288469, 8.4, 118, 遥远的温泉
01898973, 9.2, 66, 藏密度亡經：中陰聞教大解脫
06025437, 7.3, 344, 最好不相见
26252837, 8.8, 84, 中国国家地理2014年10月 总第648期
26864187, 7.7, 212, 河上柏影
27030322, 8.4, 111, 惊心动魄的17天
20395192, 7.8, 189, 消失的地平线
01485132, 9.4, 56, 浪丐心泪
24752237, 9.6, 49, 慧灯之光
02162456, 9.1, 64, 莲花生大师本生传
30145114, 9.2, 60, 49日
26839443, 8.1, 131, 莲花
26699780, 8.8, 76, 民國政府的西藏專使（1912–1949）
10565780, 8.7, 81, 旅途的脚印
30336595, 7.8, 170, 藏传佛教极简史
03801487, 7.3, 290, 藏婚
10834268, 7.4, 252, 西藏情歌
27101580, 7.6, 200, 通往冈仁波齐的路
26776692, 9.0, 63, 艽野尘梦
01196993, 9.9, 38, 藏汉大辞典
03203236, 8.8, 71, 雪洞──丹津．葩默悟道历程
02013287, 7.8, 155, 图解西藏密宗
33380906, 7.9, 141, 大元史与新清史
24844038, 7.6, 186, 看见神圣：旅途中的光影
23801765, 9.3, 50, 前行引导文
26815934, 7.4, 226, 塔洛
01343758, 9.1, 55, 佛教的見地與修道（新版）.
04265053, 8.5, 81, 西藏佛教发展史略
26902673, 7.3, 242, 三只虫草
10726380, 8.7, 70, 雪山之书
30383692, 8.0, 116, 无性别的神
03202123, 9.4, 44, 大成就者之歌（上：法源篇）
03527660, 8.3, 90, 灵魂居住的地方
01053562, 8.2, 97, 我的堪卓玛
10510899, 7.6, 165, 云上的日子
01211527, 8.1, 103, 藏红花
02174320, 9.4, 43, 西藏度亡經
26899116, 8.7, 65, 西藏组画记事
03779928, 8.4, 79, 空山（三部曲）
06729559, 7.0, 304, 90后骑行侠单车去西藏
26383606, 7.6, 154, 白云剪裁的衣服
21249086, 8.1, 97, 吐蕃在中亚
25774832, 8.3, 82, 100年前西藏独行记
01018112, 8.2, 85, 西藏隐秘岁月
26910470, 8.4, 73, 徒步进藏
01370348, 8.8, 55, The Tibetan Book of Living and Dying
10555482, 7.8, 112, 西藏的月光
01205587, 7.9, 101, 月光下的银匠
04230228, 8.0, 92, 西藏文化谈
25863536, 8.1, 84, 我们为何不幸福
26835576, 8.5, 62, 藏传佛教象征符号与器物图解
02015855, 8.7, 54, 雅鲁藏布江漂流历险记
26838798, 8.4, 65, 艽野尘梦
26642292, 7.7, 111, 想象西藏
05311899, 7.6, 119, 藏地大穿越
23860404, 7.4, 143, 告别香巴拉
02098195, 8.2, 71, 西行阿里
25725591, 8.3, 65, 红尘中最美的重逢
03693363, 8.7, 48, 蒋扬钦哲旺波传
01429839, 7.5, 118, 尘埃飞扬
03277721, 8.1, 70, 我要陪你去西藏
03120767, 8.8, 43, 我的灵魂依怙
25741217, 9.4, 31, 藏密佛教史
02098196, 8.4, 55, 灵魂像风
25908928, 7.5, 113, 藏地密码1
25779679, 8.3, 58, 西藏，隐秘岁月
05936426, 8.8, 41, 藏传佛学问答
02216950, 8.3, 56, 西藏通史（汉译本）
04030748, 7.9, 75, 藏婚
01891361, 8.0, 69, 与西藏有缘
01346471, 9.1, 34, 西藏心瑜珈 
27119860, 8.5, 47, 你见过央金的翅膀吗
01095914, 7.8, 78, 藏北游历
10602248, 9.2, 31, 格萨尔王传-全8册
30435484, 8.5, 46, 发现西藏
30220856, 8.4, 49, 西藏禁地
26665740, 8.0, 65, 祭语风中
27080498, 8.9, 36, 中国国家地理·2017年增刊:大拉萨
01459441, 7.7, 82, 远去的藏獒
06309865, 6.8, 202, 那一世，我遇见了你
01126972, 8.9, 35, 青史
01271244, 8.2, 54, 西藏王臣记
30365061, 7.7, 79, 大横断 寻找川滇藏
01183556, 7.5, 94, 寻找香格里拉
25732515, 8.4, 47, 旅程千变万画
25908942, 7.6, 85, 藏地密码4
26892143, 7.1, 136, 生死·朝圣
26898515, 8.5, 43, 我的探险生涯 II
05252638, 9.6, 23, 藏传佛教本尊大全
27112034, 7.5, 85, 西藏不止旅行--行走修心和最好的那个自己相遇
25938193, 8.3, 46, 苯教与西藏神话的起源
01420251, 8.6, 38, 中国西南古纳西王国
25743668, 7.6, 77, 小沙弥
26430290, 7.7, 70, 藏北十二年
30423938, 8.3, 45, 入藏八线
03673620, 7.0, 133, 嫁给一个藏族男人
01003477, 7.7, 68, 深入藏地
25717775, 7.6, 73, 冈底斯遗书
20497794, 8.3, 43, 康巴情书
01424742, 7.6, 72, 康巴
25908938, 7.4, 83, 藏地密码3
26820620, 7.3, 89, 手绘喜马拉雅植物
27039329, 7.7, 62, 大地的阶梯
01854474, 8.1, 46, 遥远的天堂
02218147, 9.0, 27, 今日西藏牧民
34802909, 8.0, 49, 寻路西藏5万里
06440029, 8.6, 33, Tibet
25908944, 7.4, 77, 藏地密码5
02128339, 8.1, 44, 唐卡中的佛菩萨上师
04010189, 8.0, 47, 藏獒
26910403, 7.8, 54, 西藏問題
01007571, 8.2, 40, 生命在藏北-西藏探险
01195239, 8.3, 37, 情缘西藏
01077529, 8.1, 42, 西藏秘行
01207354, 7.9, 48, 西行阿里
03666756, 8.5, 32, 唐卡中的法器
06860878, 7.2, 83, 徒步墨脱生死路
01666567, 8.8, 27, 西藏唐卡
05362798, 9.2, 22, 贤者喜宴
01433475, 7.9, 46, 无性别的神
01384296, 7.1, 89, 西藏慾經
25884792, 7.4, 67, 雪域长歌
19955075, 8.2, 37, 雪山上的少女们
05449201, 6.5, 170, 世界很好，我们很糟
26785261, 8.6, 29, 玉帛干戈
03423684, 9.6, 18, 大圆满传承源流—蓝宝石
26313741, 7.6, 55, 瞻对
03135807, 8.0, 41, 拉萨掌故
01058705, 8.5, 30, 藏青诱惑
25765291, 7.5, 59, 西藏：说不完的故事
01326143, 7.5, 58, 西藏宗教之旅
25887851, 7.4, 63, 东西之间的“西藏问题”（外二篇）（文化：中国与世界新论）
03085179, 8.5, 29, 藏地兵书
06005186, 6.1, 270, 仓央嘉措圣歌集
01919893, 8.6, 27, 龙袍与袈裟（上下）
01185696, 9.0, 22, 西藏的地平线
01325000, 7.4, 60, 拉萨酒吧
01090507, 7.7, 47, 阿来文集:中短篇小说卷
26668705, 9.7, 16, 阿里壁画：托林寺白殿
10786576, 8.1, 35, 喜马拉雅的人与神
25906987, 7.7, 46, 西藏
01270969, 8.0, 37, 红史
01073066, 7.3, 62, 藏传佛教
25908933, 6.8, 100, 藏地密码2
01468931, 9.0, 21, 拉萨的小男人
01138621, 9.1, 20, 青藏高原上的生灵
26694934, 8.8, 23, 藏族宗教史之实地研究
05922723, 7.6, 48, 垭口
01131343, 7.4, 56, 寻找天堂
05447392, 8.0, 36, 雪域驴行十日谈
25950314, 7.2, 66, 藏地密码9
02159686, 6.8, 95, 唐卡中的西藏史
35068996, 9.4, 17, 白云剪裁的衣服
06073367, 7.0, 77, 此后思君空断肠
03653613, 9.7, 15, Cutting Through Spiritual Materialism
25950258, 7.0, 76, 藏地密码6
10830106, 8.8, 22, 建构现代中国的藏传佛教徒
01660839, 7.2, 62, 六世达赖-仓央嘉措-情歌及秘史
03825088, 8.0, 34, 八条顶级线路玩转西部
01425000, 9.3, 17, 青藏手记
01129903, 7.9, 35, 喜马拉雅古歌
10796790, 8.8, 21, 密宗道次第广论
02093675, 9.0, 19, 西藏佛教寺院壁画艺术
01164699, 8.3, 27, 藏学概论
01083706, 8.4, 25, 老房子
01661211, 7.5, 44, 西藏佛教史略
26616177, 7.7, 38, 四极日记
34466772, 8.2, 27, 西藏，永远之远
01031209, 7.8, 34, 聆听西藏--以小说的方式
01731380, 7.8, 34, 西藏历史
02219124, 7.6, 39, 走遍中国
01390513, 7.1, 57, 喜马拉雅的人与神
02098194, 7.4, 44, 藏北游历
02098197, 7.8, 33, 藏东红山脉
27156426, 9.7, 13, 找个背风向阳的草坡睡个觉
03031835, 7.6, 37, 西藏的贵族和政府
01050969, 7.8, 32, 西藏佛教发展史略
26661437, 8.0, 28, 西藏的寺与僧
26727427, 5.5, 440, 在最深的红尘里重逢：仓央嘉措诗传
25785150, 8.1, 26, 雅鲁藏布的眼睛
04055294, 9.4, 14, 藏传佛教
27148296, 9.4, 14, 西藏与西藏人（第二版）
03082325, 8.8, 18, 访雪域大师
06534896, 7.8, 31, 西藏的孩子
03675729, 6.7, 76, 藏香
01031124, 7.7, 33, 聆听西藏-以散文的方式
05276810, 8.0, 27, 以珠峰为禅
01196707, 7.6, 34, 香巴拉梦之旅
01436895, 7.6, 34, 情天一喇嘛
25963005, 8.4, 21, 一个季节的西藏
25808899, 7.0, 54, 藏漂十年
33445033, 8.7, 18, 一位藏族革命家
02053939, 8.0, 26, 琉璃宫史（全三卷）
01525260, 7.9, 27, 你在何方行吟
10539441, 8.0, 25, 藏漂
02405369, 9.4, 13, Manual of Standard Tibetan
25704612, 9.2, 14, 消失的地平线
05253462, 7.6, 32, 神秘的密教
20389878, 8.3, 21, 白史
01025682, 7.5, 34, 西藏的文明
04214980, 8.2, 22, 探寻西藏的心灵
01309689, 7.9, 26, 藏人言藏
01068341, 6.9, 54, 古格王国
23037907, 7.6, 31, 西藏行摄之书
01765965, 7.0, 49, 徒步·加德满都到拉萨
27112482, 8.0, 24, 拉达克王国史
26816477, 8.8, 16, 宫廷与寺院
02376263, 7.3, 38, 现代西藏的诞生
05327853, 7.9, 25, 传世唐卡（全二册）
04028206, 8.3, 20, 图解西藏睡梦瑜伽
03425241, 8.4, 19, 唐卡中的绿度母
06390851, 7.6, 30, 死在路上也不錯
01179705, 8.1, 22, 灵异的墨脱
01671523, 8.6, 17, 汉藏史集
01185674, 7.4, 34, 西藏佛教密宗
01415595, 8.7, 16, 藏族文化发展史（上下册）
25706548, 8.7, 16, 西藏，一路光影
06920263, 7.6, 29, 西藏的战争
04582327, 7.7, 27, 吐蕃史稿
01491037, 7.4, 33, 真实的藏獒
03921445, 8.2, 20, 诸佛菩萨圣像赞
01644818, 7.5, 30, 1999
04179742, 7.5, 30, 图解唐卡
02915754, 8.5, 17, 西藏中世纪史
03681017, 7.6, 28, 圣宴西藏
01903834, 6.2, 98, 西藏欲经
02037647, 7.9, 23, 图解藏密修持法
26782059, 7.3, 34, 西藏之西，阿里阿里
01426805, 8.6, 16, 西夏藏传绘画（全二卷）
01443509, 6.7, 56, 两个人的川藏路
27096165, 7.8, 24, 到拉萨及其更远方
10808698, 7.5, 29, 游遍西藏-中国最美的地方精华特辑-图说天下
01790823, 8.3, 18, 甘露法洋
01185708, 7.7, 25, 西藏考古
10558618, 7.0, 41, 萨迦格言
01678820, 9.0, 13, 西藏唐卡大全
26841091, 9.0, 13, 藏传佛教宁玛派【度亡经全译本】
26899663, 9.0, 13, 孙明经西康手记1939&amp;1944
03794340, 6.9, 44, 我将心丢在喜玛拉雅
02005364, 7.6, 26, 圣殿中的莲花-度母信仰解析
10786578, 7.2, 34, 西藏的文明
04874292, 7.4, 29, 心印
01657863, 7.5, 27, 喜马拉雅的云居客
04092540, 7.2, 33, 绿松石
01023460, 7.6, 25, 聆听西藏--以纪实的方式
30404694, 7.6, 25, 拉萨的时间
01518524, 7.8, 22, 中国藏传佛教
01971976, 8.4, 16, 西藏文明东向发展史
02446690, 8.4, 16, Asian Borderlands
04265052, 7.7, 23, 活佛转世及其历史定制
30403175, 6.6, 53, 进过西藏
26817971, 7.6, 24, 化边之困
03065814, 8.0, 19, 白雪
03621305, 8.0, 19, 达赖喇嘛传
26577154, 8.0, 19, 斋苏府秘闻
01314595, 8.8, 13, 藏北牧民
01131344, 7.2, 31, 用镜头亲吻西藏
03097909, 8.6, 14, 西藏佛教发展史略
03710539, 7.5, 25, 藏地行知书
01486750, 7.1, 33, 上古西藏与波斯文明
30151002, 8.3, 16, 吐蕃王朝历史军事地理研究
01206730, 7.6, 23, 藏羚羊自助旅行手册——西藏
26744655, 7.6, 23, 空花
06117676, 8.4, 15, Les Tibétains
01030350, 7.4, 26, 聆听西藏--以诗歌的方式
04299427, 7.4, 26, 仓央嘉措情歌及密传
01009943, 6.6, 49, 西藏非常视窗
06981676, 7.5, 24, 格萨尔王传
19990235, 6.6, 46, 坛城
34846819, 8.6, 13, 蒙古与唐古特地区
21519715, 7.3, 26, 西藏简明通史
10429646, 6.3, 61, 不负如来不负卿
03131190, 7.8, 19, 灵山圣境
03135820, 8.4, 14, 中国藏学版拉萨老城区八廓游
27039352, 6.4, 54, 阿古顿巴
06966445, 6.8, 37, 跟着《转山》去旅行
26616438, 6.8, 37, 第三极
06750603, 8.1, 16, 風化成典——西藏文史故事十五講
27081053, 7.3, 25, 天堂在左
01912628, 8.2, 15, 明清之际藏传佛教在蒙古地区的传播
02232707, 8.2, 15, 西藏藏式建筑总览
03017406, 7.7, 19, 西藏和蒙古的宗教
19895536, 7.5, 21, 拉漂的日子
03929563, 9.1, 10, The Tibetan Book of the Dead
01442363, 6.3, 54, 西藏之水救中国
35083275, 8.6, 12, 来古记
01954544, 8.4, 13, 唐代吐蕃史论集
04326122, 8.4, 13, The Sichuan Frontier and Tibet
03031843, 8.8, 11, 唐代吐蕃历史与文化论集
04242391, 7.3, 23, 西藏佛教史
01036265, 7.6, 19, 九死一生攀高峰
02315428, 7.6, 19, 行家带你游西藏
01736889, 6.9, 30, 拉萨及西藏中部旅行记
26389478, 6.8, 32, 西藏地平线：藏区腹地旅行日记
10786582, 7.3, 22, 鞑靼西藏旅行记
03633367, 6.6, 37, 西藏未解之谜
02010192, 8.1, 14, 西藏美术史
10542033, 7.2, 23, 藏地密碼第二季 2: 雀母王城
10772764, 7.2, 23, 一个巴黎女子的拉萨历险记
04881960, 7.7, 17, 滇西密传之危途奇踪
01909832, 7.5, 19, 现代经文
02128391, 6.9, 28, 图说西藏古今
21695994, 6.8, 30, 阳光下的清走
01185678, 8.2, 13, 拉萨踏古
07162628, 8.2, 13, 艽野尘梦
03130235, 7.3, 21, 藏地风俗
01911425, 6.7, 32, 坐火车游西藏
01263862, 6.5, 38, 爱在西藏游走
25793150, 6.9, 27, 何谓密教
01919617, 7.6, 17, 西藏佛教神秘文化-密宗
06895960, 6.5, 37, 行摄西藏
03876466, 8.3, 12, 说不完的故事
26328099, 6.2, 49, 你能去哪里，全在于你自己
30267956, 8.1, 13, &#34;西藏问题&#34;国际纷争的背景、流变及视域
01646579, 6.6, 33, 寻找陌生的西藏
01856851, 6.9, 26, 沿着青藏铁路去旅行
02110327, 7.4, 18, 西藏佛教
01433907, 8.4, 11, 早期汉藏艺术
01277153, 6.7, 29, 月亮西沉的地方
01142031, 6.6, 31, 看不见的西藏
05038566, 6.8, 26, 喜马拉雅的雪——中印战争纪实（中国与印度历史上唯一一次大规模现代战争）
01912545, 6.6, 30, 女人上路
05396059, 8.1, 12, 中部西藏与蒙古人
10786575, 8.1, 12, 发现西藏
06388394, 7.0, 22, 西藏支教日记
01005961, 6.5, 32, 印度-西藏的佛教密宗
01185897, 7.9, 13, 格萨尔王传·天界篇
04716771, 6.7, 26, 西藏旧事
01067393, 7.4, 16, 元代西藏史研究
01223748, 7.2, 18, 我们播种爱情
10572393, 6.7, 25, 西藏自助游
25703628, 7.6, 14, 笔尖下的西藏
03859881, 7.2, 17, 西藏服饰
01067895, 7.3, 16, 走西藏-进藏完全手册
13220816, 6.8, 22, 西藏风光
01979616, 7.4, 15, 听见西藏
10758688, 5.7, 63, 藏爱
04058634, 5.9, 49, 触摸天堂的骑士
03824095, 6.6, 25, 拉萨别来无恙
01067292, 7.5, 14, 荒原古堡・ 西藏古格王国故城探察记
01210278, 7.8, 12, 藏东红山脉
04103595, 7.8, 12, 汉藏佛教美术研究
02006981, 8.2, 10, 中国藏族建筑
04923964, 6.8, 21, 西藏秘境
01009934, 7.3, 15, 西藏旅游探险手册
06728992, 6.4, 28, 西藏时间
01802121, 7.4, 14, 藏历屐痕-阿里离天堂还有多远
03049614, 7.4, 14, 欧珠的远方
01390955, 7.3, 14, 素描西藏
01136870, 7.4, 13, 西藏建筑的历史文化
01793270, 7.1, 15, 西藏民间故事.第一集
01838056, 6.8, 18, 历辈达赖喇嘛生平形象历史
01964467, 6.5, 22, 坐火车游青藏亲历指南
04283792, 7.3, 13, 论西藏政教合一制度
01109993, 7.8, 10, 卫藏道场胜迹志
27040943, 6.9, 16, 丝绸之路与吐蕃文明
01318969, 7.0, 15, 夏走滇藏，冬走青藏
01485764, 7.1, 14, 圣城拉萨
04605077, 7.1, 14, 西藏地方古代史
01911449, 6.7, 18, 西藏本教
01170224, 7.3, 12, 西藏游踪
01955639, 6.9, 15, 藏地芬芳
02059036, 6.7, 17, 自驾去西藏
01207419, 7.0, 14, 十年藏北
03795805, 6.4, 21, 金顶下的拉萨
01141418, 7.4, 11, 你知西藏的天有多蓝
04863991, 7.6, 10, 西藏旅游完全指南
13220809, 6.1, 25, 西藏密码
01036690, 7.0, 13, 心灵的面具
27664011, 7.2, 11, 喜马拉雅藏族社会家庭与婚姻研究
26433359, 5.8, 30, 下一站西藏
01049183, 7.0, 12, 西藏宗教之旅
26814440, 5.9, 26, 走着去拉萨
05346045, 6.6, 14, 对话西藏
13220810, 6.6, 14, 西藏生灵
01112173, 7.0, 11, 叩响雪域高原的门扉
03030264, 6.0, 21, 解放西藏史
03755759, 5.8, 25, 生死谜藏（上.下册）
10786580, 5.8, 22, 西藏佛教密宗
01127501, 5.9, 19, 单车到拉萨
01439842, 6.6, 11, 雪域的宗教(全两册)
27007835, 6.3, 13, 西藏是毒，也是解药
03655478, 6.1, 13, 五十年真相
10581177, 6.0, 10, 边陲墨脱
06009687, 4.3, 11, 八廓街
01132415, 0.0, 10, 西藏历史地位辨
01185717, 0.0, 10, 新红史
01444871, 0.0, 10, 拉萨建筑文化遗产
01926314, 0.0, 10, 西藏风土志
03350017, 0.0, 10, 柳陞祺藏学文集（上下册）
03505383, 0.0, 10, 班禅额尔德尼传
05422584, 0.0, 10, 西藏摄影之旅
06534805, 0.0, 10, 巴尔蒂斯坦（小西藏）的历史与文化
25764652, 0.0, 10, 13世纪一个藏族僧人的印度朝圣之旅
27015724, 0.0, 10, 中印涉藏关系史(1904~1914)
30529833, 0.0, 10, 走遍西藏/图说天下国家地理系列
01432657, 0.0, 11, 西藏旅行記（上）
01743199, 0.0, 11, 藏传佛教神明大全
01942037, 0.0, 11, 西藏风物志
02099029, 0.0, 11, 章嘉国师若必多吉传
02132855, 0.0, 11, 英帝国与中国西藏
03770770, 0.0, 11, 中国藏军
25722082, 0.0, 11, 长头
26731498, 0.0, 11, 西藏的唐卡艺人
01065611, 0.0, 12, 西藏密教史
01137923, 0.0, 12, 西藏导游解说词
01737771, 0.0, 12, 白史
03037436, 0.0, 12, 西藏佛教史考
03425788, 0.0, 12, 更敦群培文集精要
20389860, 0.0, 12, 太阳下的日子
01793296, 0.0, 13, 萨迦格言
03171491, 0.0, 13, 西藏行
01910925, 0.0, 20, 学说藏语300句
22236604, 0.0, 20, 萨迦格言藏汉英对照本
25712488, 0.0, 20, 无尽结
35039402, 0.0, 22, 藏地罗生门
