2020-07-05 16:00:17

number of books, tag name
993, 言情

ID, rating, votes, title
01090043, 8.5, 146983, 倾城之恋
01080370, 8.6, 86194, 情书
24754316, 8.7, 56075, 最好的我们
01014278, 8.4, 79126, 红玫瑰与白玫瑰
05916880, 8.4, 68098, 华胥引（全二册）
04231381, 8.4, 48888, 那些回不去的年少时光
26414020, 8.0, 95860, 我不喜欢这世界，我只喜欢你
01461903, 7.8, 138122, 何以笙箫默
03879301, 7.9, 95238, 微微一笑很倾城
02326571, 8.5, 28324, 琅琊榜
01919201, 8.4, 32757, 七夜雪
04732378, 8.7, 19512, 那些回不去的年少时光·终场
01812439, 8.1, 53775, 步步惊心
02022979, 8.0, 62016, 喜宝
02209098, 7.8, 90010, 致我们终将逝去的青春
02567919, 8.2, 39777, 匆匆那年（上下）
01958227, 8.2, 39113, 那些年，我们一起追的女孩
03426869, 7.8, 80131, 三生三世 十里桃花
04238754, 8.0, 40775, 失恋33天
03268399, 8.4, 18451, 上海堡垒
26680113, 8.6, 13349, 那个不为人知的故事
26886310, 8.8, 9272, 有匪1
27198567, 8.6, 11670, 有匪（全集）
01962929, 7.9, 38765, 佳期如梦
02283084, 8.0, 27161, 云中歌1
01886385, 8.0, 25786, 来不及说我爱你
03065343, 8.3, 14784, 云中歌3
01016300, 7.1, 161992, 梦里花落知多少
26591331, 8.5, 9593, 你好，旧时光
26989242, 9.1, 4125, 有匪2
02230208, 7.9, 25885, 我的前半生
01051797, 8.3, 12481, 喜宝
02004407, 8.0, 20563, 后宫·甄嬛传Ⅰ
02331434, 7.6, 44725, 原来你还在这里
02048364, 8.0, 19998, 独步天下（上下卷）
03016221, 8.2, 14020, 云中歌2
30230525, 8.9, 4680, 情书
01925232, 7.8, 25331, 大漠谣
01785029, 8.2, 12128, 步步惊心
01024217, 7.4, 55654, 第一次的亲密接触
01046172, 8.4, 8724, 流金岁月
03561591, 7.9, 19288, 凤囚凰（上中）
06120039, 8.3, 9674, 曾许诺·殇
03123939, 8.0, 15883, 不负如来不负卿1
03069729, 8.2, 10837, 碧甃沉
01613372, 8.4, 7800, 喜宝
04172417, 8.2, 10606, 匆匆那年
03412107, 8.3, 8983, 步步惊心（上下）
05980360, 8.0, 14632, 曾许诺
01045247, 7.7, 24626, 面包树上的女人
06773643, 8.0, 14047, 橘生淮南·暗恋
34466299, 8.6, 5462, 天才基本法
25829434, 7.9, 16323, 暗恋·橘生淮南
21242062, 8.1, 11531, 长相思
03778004, 8.2, 9731, 致我们终将逝去的青春
27061120, 8.5, 6132, 六爻
01010520, 8.1, 11399, 血薇
02078219, 7.9, 15983, 且试天下1
01470158, 8.0, 13265, 圆舞
04041998, 8.6, 5186, 孤城闭
02376306, 7.7, 22072, 第三种爱情
25891771, 7.7, 21931, 失乐园
03710879, 8.0, 12660, 凤囚凰（下）
03293231, 7.7, 21572, 许我向你看
01959892, 8.1, 10555, 大漠谣·终结篇
10807374, 8.7, 4268, 浮生若梦1
26978506, 8.3, 7447, 打火机与公主裙·荒草园
03506871, 7.5, 30452, 曾有一个人，爱我如生命
01489555, 7.7, 19994, 寂寞空庭春欲晚
10740021, 7.6, 24022, 三生三世 枕上书
05686369, 7.7, 19285, 何以笙箫默
27079142, 8.9, 3019, 有匪3
03218402, 8.2, 8058, 不负如来不负卿Ⅱ·大结局
04241870, 7.6, 23160, 我在回忆里等你
02048124, 8.1, 9356, 后宫·甄嬛传Ⅲ
02115040, 7.9, 12916, 玫瑰的故事
02062202, 7.8, 14989, 绾青丝Ⅲ
27113040, 8.5, 4844, 打火机与公主裙·长明灯
04224758, 7.6, 21024, 花千骨（上下）
03927199, 8.1, 8569, 后宫·甄嬛传VII
01748232, 8.0, 10009, 忽而今夏
02129362, 7.9, 11865, 帝王业（上下）
26853361, 8.5, 4634, 夜旅人
03061282, 7.6, 20503, 山月不知心底事
02009825, 7.5, 24712, 绾青丝Ⅰ
01705507, 8.0, 9784, 胭脂扣
01313159, 8.1, 8195, 大漠荒颜
26284304, 7.9, 11277, 簪中录
04818929, 7.6, 19506, 夏至未至
26331014, 8.1, 7957, 怨氣撞鈴1·食骨
02028068, 8.0, 9043, 后宫·甄嬛传Ⅱ
26674263, 8.3, 5589, 司藤
06732193, 7.5, 21996, 十年一品温如言
33401169, 8.8, 2724, 白色橄榄树
27094488, 8.5, 4033, 过门
02028070, 7.7, 14084, 绾青丝Ⅱ
26924198, 8.1, 7041, 魔道祖師 二
27113008, 8.8, 2614, 有匪4
04871447, 7.3, 30201, 东宫
23795254, 7.9, 9502, 骄阳似我
03464725, 8.1, 6817, 后宫·甄嬛传Ⅵ
27035382, 8.1, 6794, 七根凶简
04115227, 7.4, 23914, 岁月是朵两生花
03290028, 8.4, 4317, 孤城闭
30313981, 8.7, 2871, 西出玉门 上
03674353, 7.6, 15975, 沥川往事
06794017, 8.2, 5610, 步步惊心
01468493, 7.5, 18353, 梦回大清
01925218, 7.4, 22377, 翻译官
26847854, 8.6, 2998, 那个不为人知的故事
04143274, 8.1, 5837, 忽而今夏
06139592, 7.9, 8030, 11处特工皇妃
06798506, 8.0, 6753, 华胥引
03606570, 8.3, 4266, 鹤唳华亭
30473240, 8.4, 3675, 十二年故人戏
01420368, 7.5, 16012, 裂锦
25963518, 8.3, 4150, 鹤唳华亭
03903387, 7.5, 15677, 香蜜沉沉烬如霜
01892491, 7.8, 9021, 如果墙会说话
03183785, 7.6, 12836, 爱你，是我做过最好的事
02382094, 7.7, 10700, 绾青丝Ⅳ（上）
02699701, 7.5, 15350, 歌尽桃花
26578003, 8.3, 4054, 无心法师 第一卷
04135947, 7.9, 7349, 天子谋
03584141, 8.0, 6206, 流水迢迢（全两册）
03176771, 7.8, 8613, 面包树上的女人
04098989, 8.2, 4547, 我的青春从爱你开始
02354969, 8.2, 4532, 衣香鬓影
26352002, 8.3, 3913, 怨氣撞鈴4·黑蝶
26662515, 7.7, 10096, 他知道风从哪个方向来
02281912, 7.6, 11934, 醉玲珑（上卷）
01040924, 8.2, 4431, 金粉世家（上下）
01028780, 7.6, 11879, 三个A Cup的女人
02969572, 7.9, 6910, 后宫·甄嬛传Ⅳ
01030153, 7.5, 13799, 她比烟花寂寞
26320556, 8.1, 4759, 簪中录2
05291181, 8.2, 4102, Blood X Blood：血族传说
20501270, 8.5, 2676, 大唐明月1·风起长安
01361268, 8.3, 3510, 朝花夕拾
26334227, 7.8, 7526, 昭奚旧草
01083257, 7.3, 19028, 烈火如歌
02300626, 7.3, 18556, 蔓蔓青萝（全2册）
03284067, 7.5, 12509, 佳期如梦之海上繁花
04766047, 7.8, 7301, 祸国
03697979, 8.4, 2946, 衣香鬓影2·千秋素光同
34816684, 8.9, 1565, 天才基本法·完结篇
06714861, 8.0, 5106, 致我们终将逝去的青春
01082173, 7.8, 7045, 面包树出走了
01469051, 6.9, 43140, 左耳
02284090, 7.5, 11841, 开到荼蘼
21321839, 8.0, 4997, 十年一品温如言
02220812, 7.5, 11707, 木槿花西月锦绣1
01805988, 8.5, 2453, 庆熹纪事
26351997, 8.2, 3683, 怨氣撞鈴3·飛天
02023843, 8.1, 4242, 閒雲公子
03339861, 8.2, 3482, 就是皇后
26331660, 8.1, 3964, 怨氣撞鈴2·根鬚
01032945, 7.7, 7378, 荷包里的单人床
24877203, 7.9, 5299, 长相思3
01596305, 6.8, 47420, 泡沫之夏
03909876, 7.8, 6182, 琉璃美人煞（上中下）
05414084, 8.0, 4465, 智斗
26393180, 8.2, 3293, 怨氣撞鈴5·同路
01958655, 7.5, 10207, 寻找前世之旅（上下册）
20435586, 8.1, 3676, 皇叔
02359687, 7.9, 4827, 堕落天使
01190868, 7.4, 11418, 烈火如歌
03364858, 7.8, 5597, 再见，冥王星
03727329, 7.1, 20567, 千山暮雪
03336465, 7.2, 16230, 被时光掩埋的秘密
06782521, 7.5, 8849, 凤囚凰
26590271, 8.3, 2498, 我的鸵鸟先生
26255776, 8.0, 3805, 一厘米的阳光
26712111, 8.1, 3284, 撞铃
26365847, 7.5, 8652, 美人为馅
01264534, 7.9, 4415, 雪地里的蜗牛奄列
30215869, 8.4, 2157, 孤城闭
03829004, 8.3, 2459, 明月照人来
34921004, 8.3, 2447, 鬓边不是海棠红
06531676, 8.4, 2139, 阿麦从军
03087031, 7.6, 7084, 歌尽桃花
01855343, 7.0, 22989, 泡沫之夏Ⅱ
26671435, 7.1, 18260, 我们
25735699, 7.5, 8286, 三生三世 枕上书·终篇
05988597, 7.7, 5825, 独家记忆
02062430, 7.0, 22282, 泡沫之夏Ⅲ
25851002, 7.8, 4801, 世界微尘里
03816834, 7.7, 5637, 兰因·璧月（上、下）
07001192, 8.1, 3002, 后宫·甄嬛传（套装共6册）
03335951, 7.6, 6413, 我的波塞冬
26648636, 8.1, 2927, 成化十四年
26375993, 8.2, 2526, 狼行成双
26924201, 8.0, 3346, 魔道祖師 四
03191328, 6.5, 69882, 小时代1.0折纸时代
26712106, 8.1, 2865, 开封志怪（全三册）
24339872, 7.7, 5259, 至此终年
25912734, 7.1, 15730, 他来了，请闭眼
25801864, 8.9, 1036, 孤城闭
30313983, 8.4, 1852, 西出玉门 下
03924481, 7.7, 5067, 夜行歌（上下）
01886402, 7.3, 10282, 如果这一秒，我没遇见你
06802392, 8.4, 1834, 七夜雪
06895313, 7.7, 5017, 原来
10809121, 8.2, 2374, 沉香如屑《上》
01291760, 6.6, 48028, 会有天使替我爱你
03170442, 7.7, 4866, 午门囧事Ⅰ
03359739, 7.6, 5564, 格子间女人
26436743, 7.4, 7899, 曾少年
06437880, 7.4, 7890, 哑舍
26825085, 7.8, 4004, 阿南
04124855, 7.2, 11439, 人生若只初相见
10451832, 7.8, 3938, 凰权（上下）
30303960, 8.5, 1497, 西出玉門（全四冊）
05264447, 7.4, 7706, 三千鸦杀
23751092, 7.6, 5385, 致我们终将逝去的青春
03392301, 7.7, 4552, 月上重火
01958872, 7.4, 7623, 凉生，我们可不可以不忧伤
26599743, 7.8, 3871, 有生之年
26043287, 8.0, 2802, 我的拖延症女友
11584484, 8.0, 2764, 将嫁
03028009, 7.0, 16060, 温暖的弦
01464085, 7.8, 3687, 柔福帝姬
04135618, 7.5, 6030, 丹尼海格
20501271, 8.5, 1413, 大唐明月2·谋断恩仇
11443061, 7.8, 3615, 别拿爱情说事儿
06087472, 7.2, 10257, 浮世浮城
02008972, 6.8, 24022, 沙漏
04766405, 7.7, 4190, 三年K班
30347650, 8.5, 1337, 《我不喜欢这世界，我只喜欢你》漫画第一册
27105120, 8.0, 2552, 遇蛇
11527022, 7.8, 3428, 华胥引（全2册）
05363651, 7.5, 5492, 浮生物语
03070952, 7.2, 9508, 佳期如梦之今生今世
26314932, 8.3, 1666, 言叶之庭
01957045, 7.5, 5440, 印度墨
30373656, 8.6, 1147, 遇见你之前
25803547, 7.5, 5292, 一生一世，美人骨
02138527, 7.4, 6299, 法老的宠妃
06823882, 8.4, 1421, 亦筝笙
01464824, 7.8, 3203, 交错时光的爱恋
03205245, 7.3, 7326, 落落清欢
02062200, 6.2, 100680, 悲伤逆流成河
04040223, 7.9, 2667, 坏事多磨
03074810, 7.3, 7033, 穿越与反穿越
06390810, 8.1, 1976, 记我们单纯的小美好
19936010, 7.0, 12567, 三生三世十里桃花
30164967, 7.4, 5758, 知否知否应是绿肥红瘦
26743436, 7.4, 5722, 忍冬
01499758, 7.6, 4074, 忽爾今夏
03389971, 7.7, 3452, 永夜（上下）
04090777, 7.9, 2548, 他，来自火星
25934616, 7.3, 6678, 微微一笑很倾城（典藏版）
03898994, 7.2, 8020, KAO，被潜了！
03069728, 7.0, 11933, 良辰讵可待
11507897, 7.3, 6532, 最美的时光
01484300, 7.6, 3881, 承欢记
26347981, 7.6, 3873, 簪中录3
04218539, 7.2, 7639, 落花时节又逢君
25747128, 8.3, 1388, 庶女·明兰传1
24882309, 7.7, 3194, 与我十年长跑的女友明天要嫁人了
05245615, 7.5, 4357, 江山为聘
03872378, 7.8, 2700, 青城
26996758, 7.8, 2699, 四月间事
06792678, 6.8, 16925, 杉杉来吃
06730936, 7.9, 2319, 扶摇皇后·终结篇（上下）
06437035, 7.3, 5956, 扶摇皇后（上下）
03621144, 7.2, 7133, 良言写意
26347982, 7.5, 4154, 簪中录4
26688708, 8.5, 1033, 大英雄时代
02360485, 7.0, 10356, 沙漏Ⅲ
30259470, 8.7, 820, 最佳命中率
06534919, 7.4, 4848, 然后、爱情随遇而安
05275312, 7.4, 4817, 暴君，我来自军情9处
04166020, 7.4, 4771, 殇璃
25767862, 7.0, 10125, 如果蜗牛有爱情
26289739, 7.7, 2897, 误入浮华
27004049, 7.9, 2116, 暗恋：橘生淮南
03671352, 7.3, 5463, 嗨，我的男人
02081286, 6.9, 11876, 沙漏II
01026674, 6.8, 14726, 狼的诱惑
10749611, 7.5, 3770, 上古
03696953, 7.7, 2674, 绿红妆之军营穿越
35003286, 8.2, 1337, 偷偷藏不住
26864692, 8.4, 1047, 半妖司藤（上）
10468727, 9.0, 551, 梵歌引.世间月
05376367, 8.1, 1481, 相思长梦河
03671351, 7.0, 8714, 巴黎没有摩天轮
01016053, 7.5, 3494, 胭脂
05397152, 8.3, 1126, 边缘少年
27127822, 7.8, 2175, 君子报恩
04919608, 7.7, 2476, 改尽江山旧
25735703, 8.1, 1407, 芥子
04038164, 6.3, 42160, 小时代2.0虚铜时代
01429253, 8.0, 1560, 面包树出走了
10876729, 8.0, 1553, 何欢
05408255, 8.3, 1036, 流金岁月
30235180, 7.9, 1697, 炽道
25791940, 8.1, 1300, 战起1938
30328819, 8.3, 1012, 无污染、无公害
10490350, 7.0, 7333, 后宫·如懿传
01036067, 6.5, 22184, 那小子真帅
04162625, 7.3, 4168, 衾何以堪
06040895, 7.6, 2516, 憾生
04224227, 7.4, 3431, 怪你过分美丽
06805154, 7.5, 2842, 再生缘（上中下）
10457086, 7.4, 3333, 大漠谣
03931437, 7.3, 3937, 销魂殿
25758245, 8.1, 1199, 浮生物语3（上）
25736633, 7.9, 1544, 沉香如屑（上下）
26308574, 7.3, 3851, 锦衣之下（全二册）
26403896, 7.8, 1752, 永安调
30218679, 8.0, 1319, 散落星河的记忆4：璀璨
02341489, 6.9, 7809, 香寒
25880334, 8.4, 798, 大唐明月6·谁家天下（完）
06313955, 7.2, 4393, 迷雾围城（全两册）
03179389, 7.5, 2559, 未央·沉浮（全两册）
03550601, 7.5, 2555, 双阙
25788727, 7.4, 2991, 最美遇见你
34816762, 8.5, 686, 柔风
06423975, 7.7, 1862, 原来你还在这里
20444964, 7.7, 1862, 突然想要地老天荒
01263410, 7.7, 1855, 抢来的新娘
04729680, 7.8, 1597, 路鸟
04224119, 7.3, 3352, 斩春
26686951, 7.6, 2051, 半城风月
26851806, 7.3, 3282, 招摇
30141285, 7.8, 1519, 良陈美锦
01322248, 7.1, 4559, 寂寞的心俱乐部
06785551, 7.7, 1698, 我在回忆里等你
05905877, 7.1, 4440, 重紫（全两册）
07440370, 7.7, 1650, 非我倾城（全三册）
10571359, 8.0, 1101, 青城 2
04130055, 7.0, 5115, 跨过千年来爱你
11613971, 7.9, 1223, 江湖不挨刀
04162727, 8.2, 814, 步天歌
06528739, 7.3, 2803, 谁的等待，恰逢花开
26325635, 7.3, 2778, 月都花落，沧海花开
26910174, 7.8, 1301, 上海堡垒
25789570, 7.1, 3862, 满满都是我对你的爱
26436202, 8.3, 696, 清川日常
01034479, 6.5, 13033, 我为歌狂
06802393, 7.9, 1095, 大漠荒颜·帝都赋
05269361, 7.7, 1426, 盜情
06522859, 8.1, 843, 柔福帝姬
10480178, 7.2, 2989, 绾青丝
27129400, 7.8, 1197, 散落星河的记忆2：窃梦
03894603, 7.5, 1827, 穿越之天雷一部（全二册）
26896979, 7.7, 1346, 嫡谋
01016057, 7.1, 3423, 香雪海
04809782, 6.9, 4928, 路从今夜白
04249302, 7.1, 3370, 我的名字，你的姓氏
10742647, 8.1, 780, 那村那人那傻瓜 上
25954519, 8.0, 878, 致遥远的你
02277517, 6.7, 7124, 冷月如霜
25929667, 7.3, 2333, 你是我学生又怎样
03135064, 6.7, 6994, 薄荷荼靡梨花白
30271444, 8.2, 678, 同学录2：完结篇
26938922, 7.5, 1683, 密室困游鱼
26365848, 7.5, 1676, 美人为馅2·大结局
27611289, 8.0, 852, 七根凶简·大结局
03153363, 7.0, 3781, 三救姻缘
01127426, 7.2, 2660, 窗外
03884307, 7.3, 2244, 梦落芳华
30327197, 8.2, 661, 祸国·式燕
19989621, 7.4, 1901, 面包树上的女人
04709375, 7.2, 2615, 我只是难过不能陪你一起老
03733114, 7.2, 2612, 被遗忘的时光
26775813, 7.2, 2577, 十年一品温如言（修订珍藏版）
26981838, 7.5, 1606, 散落星河的记忆1：迷失
03409619, 7.2, 2551, 耳洞
27067802, 8.1, 714, 第十二秒
04887524, 6.6, 7690, 夏有乔木雅望天堂
04158875, 7.3, 2082, 爱如指间沙
04224756, 7.6, 1314, 危险关系
04703557, 7.2, 2420, 君生我已老
05068504, 7.3, 2055, 十五年等待候鸟
01112779, 7.2, 2411, 上错花轿嫁对郎
03426048, 7.7, 1134, 平凡的清穿日子1
25915622, 6.8, 4914, 花千骨
26598971, 7.0, 3327, 致我们单纯的小美好
04146577, 8.0, 758, 白天&amp;黑夜
24844263, 7.5, 1464, 一念执着，一念相思
27188002, 7.2, 2297, 东宫
26844866, 7.4, 1668, 一寸相思
03073492, 7.0, 3196, 痴情司
04160236, 7.3, 1896, 叹息桥
25852441, 7.0, 3112, 当我足够好，才会遇见你
05391689, 7.2, 2171, 花间提壶方大厨
26612679, 7.1, 2554, 南方有乔木
26596340, 7.4, 1578, 只想和你好好的
05376551, 7.4, 1559, 江山如画（全二册）
10535987, 7.1, 2517, 轻易放火
30329532, 8.2, 553, 祸国·图璧
26780791, 8.5, 401, 我不喜欢这世界，我只喜欢你 (精装礼盒典藏版)
26133411, 7.5, 1320, 忘川 下
25982808, 7.4, 1528, 针锋对决（上）
01016060, 7.2, 2062, 没有月亮的晚上
25973718, 7.6, 1128, 祥云朵朵当空飘
03087896, 6.8, 4146, 旋风少女
26148475, 6.7, 5016, 你和我的倾城时光
10605613, 8.3, 477, 千妖百魅1
30413074, 9.0, 245, 思念成城
01499754, 7.2, 2009, 曾經深愛過
20394637, 6.7, 4923, 蚀心者
26923248, 7.4, 1458, 寂静深处有人家
07162172, 7.1, 2299, 媚公卿（上下）
06865746, 7.0, 2728, 孤芳不自赏
26383805, 7.0, 2716, 很想很想你
04191470, 7.1, 2269, 苍耳
11622713, 7.2, 1918, 将军在上（上下）
06727858, 7.8, 814, 鬼差
01917828, 7.3, 1634, 情何以堪
01682551, 6.8, 3835, 局外人3
25714261, 7.5, 1185, 如果蝸牛有愛情（上+下）
25900190, 6.7, 4560, 应许之日
19958299, 7.5, 1172, 大唐女法医·江南卷（上下）
30273665, 6.8, 3680, 春日宴
26579333, 7.2, 1824, 月上重火（上下）
05921726, 8.0, 611, 何以笙簫默
26608334, 8.2, 487, 诺森德的守望
26948956, 7.0, 2534, 将门嫡女之定乾坤
26134061, 7.3, 1540, 忘川 上
06868964, 7.1, 2110, 佳偶天成
30299133, 7.9, 675, 你如北京美丽
25854679, 7.9, 671, 云中歌3：忆流年
26285939, 7.3, 1492, 岁月忽已暮
05379541, 6.9, 2877, 执子之手，将子拖走
26997819, 7.2, 1728, 你是我的小确幸
20389201, 7.5, 1100, 奈何
10794265, 7.0, 2379, 黑白
30151804, 7.6, 948, 散落星河的记忆3：化蝶
01082820, 6.5, 6243, 无往而不胜的童话
26256209, 8.0, 573, 蔷薇之名
26872990, 6.6, 5001, 余生，请多指教
26855761, 7.7, 823, 匣心记1
25854655, 7.7, 822, 云中歌1：绿罗裙
33446985, 6.8, 3280, 你是我的荣耀
27050722, 7.4, 1213, 今夜离港
10559304, 6.8, 3223, 太子妃升职记
30330292, 7.1, 1891, 沉睡的森林
02980897, 7.9, 618, 挽泪
01038639, 6.5, 5664, 冬日最灿烂的阳光
10571358, 8.0, 535, 青城
30140824, 7.7, 766, 楚楚很动人
20444642, 6.9, 2562, 慈悲城
05350181, 7.5, 993, 月满霜河（全两册）
01082821, 6.4, 6929, 水晶般透明
26920860, 7.3, 1308, 脱轨
26800331, 7.4, 1117, 护心
03375956, 7.8, 657, 黑白灰姑娘
25870279, 7.9, 582, 原来
10742649, 7.6, 843, 呸，下流胚
27198244, 7.3, 1263, 一座城，在等你
25855719, 7.1, 1718, 与凤行
25854657, 7.8, 632, 云中歌2：浮生梦
10484442, 6.5, 5094, 爱你是最好的时光
05417484, 7.6, 802, 幻世·剑歌·碧城
26948966, 7.6, 793, 日不西沉
01112786, 7.4, 1041, 纯属意外
27665876, 7.5, 903, 他笑时风华正茂
26798682, 6.9, 2283, 莫负寒夏（上下）
25726270, 8.2, 391, 凤九卿2
04867235, 7.3, 1188, 原来我只是忘记和你说再见
26673297, 7.7, 680, 娇娘医经1
01484284, 7.0, 1859, 薔薇泡沫
26864693, 8.0, 472, 半妖司藤（下）
27119495, 7.9, 527, 如果不遇江少陵
06440622, 7.2, 1339, 亿万老婆买一送一
27182196, 7.3, 1110, 归路
25867688, 6.7, 2992, 一粒红尘
19906939, 7.8, 564, 巽离络
01484293, 7.2, 1266, 野孩子
20283081, 7.2, 1266, 庶女攻略1
03584719, 6.3, 6835, 景年知几时
26997209, 7.2, 1251, 他来了请闭眼之暗粼
34784805, 8.0, 443, 明月照大江
26858577, 6.1, 10924, 少年的你，如此美丽
33423246, 7.3, 1063, 暗格里的秘密
26260911, 7.5, 797, 致命邂逅
03278939, 6.9, 1941, 深爱
25921439, 7.2, 1197, 余生请多指教
34843064, 8.2, 344, 万艳书1•一梦金
26388928, 7.2, 1184, 浮图塔
20507294, 7.5, 774, 大唐女法医·帝京卷（上下）
05905885, 7.1, 1368, 绝色倾城
25732720, 7.4, 877, 无方少年游（全两册）
30241634, 7.3, 1008, 亿万斯年
30319908, 8.3, 303, 这个恋爱有点甜
06012075, 6.5, 3953, 星光璀璨
25878948, 8.0, 412, 许我向你看（全2册）
01017713, 7.1, 1328, 绮惑
30443601, 9.1, 148, 她的第二人生
26802130, 7.4, 837, 南烟斋笔录·如梦令
30156016, 6.8, 2086, 他从火光中走来
24714640, 6.8, 2058, 我站在桥上看风景
30208930, 7.6, 617, 回眸一笑
26393716, 7.4, 800, 爱你，是我做过最好的事
06425455, 7.2, 1062, 有座香粉宅
01264112, 7.4, 799, 相思不曾闲
04149332, 6.9, 1672, 芊泽花开（全二册）
25744235, 7.3, 896, 侯门新妇-嫤语书年
06946709, 6.9, 1662, 小凰不是仙
01425706, 7.0, 1395, 小玩意
25872067, 7.6, 592, 我在回忆里等你
05408254, 7.3, 879, 爱情慢慢杀死你
01925201, 7.7, 520, 如梦令·三窃
25777845, 7.7, 511, 浮珑
34853897, 6.9, 1585, 冰糖炖雪梨
10599676, 7.2, 976, 公主貴性（上）
24877306, 6.6, 2629, 被偷走的那五年
26609967, 6.8, 1805, 他与月光为邻
26393284, 7.0, 1286, 花千骨
25828962, 8.8, 165, 予你皇冠
24827144, 6.7, 2116, 沥川往事（上下）
34819397, 8.9, 152, 一年天下
25982816, 7.4, 707, 针锋对决（中）
25744234, 7.1, 1079, 御繁华
33461333, 7.1, 1066, 待我有罪时
26926153, 7.0, 1241, 春花厌
24524403, 6.4, 3688, 晨昏
26956621, 7.4, 690, 旧梦1913
35050945, 8.2, 273, 宫墙柳
26757148, 6.5, 2958, 欢乐颂
26817985, 8.0, 333, 为你打开时间的门
26420667, 7.5, 594, 原来你还在这里·插图纪念版
26255773, 6.4, 3582, 何所冬暖，何所夏凉
30214972, 8.2, 270, 流金岁月
01499763, 7.1, 1028, 两个女人
26743403, 7.0, 1196, 一生一世，黑白影画
27045834, 7.0, 1191, 因为风就在那里
03516109, 7.3, 762, 逐风流（上下）
27184040, 8.0, 326, 西藏生死恋
04737154, 7.3, 756, 妃子血（全两册）
27141117, 7.3, 752, 江海不渡
30406322, 7.2, 857, 表妹万福
02050713, 7.3, 744, 夏天夏星星辰
20492474, 7.1, 988, 乖宠
30329772, 9.1, 122, 我就喜欢你不喜欢我
32582335, 8.4, 215, 我喜欢她，但是我迟到了
25982156, 6.9, 1333, 轻易靠近
34825920, 8.8, 152, 鹤唳华亭：珍藏版
27024334, 8.0, 314, 嫡谋：终章
30398841, 7.2, 822, 你是长夜，也是灯火
26775222, 7.3, 713, 凤囚凰（全3册）
11625788, 7.3, 702, 资本剑客
10758278, 7.3, 698, 归离（上下）
30126964, 7.0, 1074, 乌云遇皎月
25714285, 7.3, 687, 回眸一笑秋波起
26831767, 6.7, 1742, 我的曼达林
03655610, 7.0, 1049, 怎样才算情深
30134156, 7.1, 897, 君侯本无邪
20258928, 7.1, 895, 摘星
10442344, 7.5, 514, 九歌.绿衣
25913805, 6.6, 1979, 对的时间对的人
19989558, 7.4, 571, 同学两亿岁
10528532, 7.0, 1000, 三生三世十里桃花
27085548, 7.9, 315, 改尽江山旧
03712318, 7.1, 855, 天下倾歌
26795253, 7.8, 350, 九州·斛珠夫人
26844861, 7.1, 849, 好想和你在一起
26769899, 7.1, 840, 君子有九思
25835989, 6.8, 1343, 独家占有Ⅰ
11602618, 7.3, 630, 越姬（上）
26569724, 7.0, 964, 苍兰诀
35005782, 7.9, 305, 献鱼
30273349, 7.6, 427, 洋房里的猫先生
26914116, 7.4, 543, 生途
26636314, 7.0, 945, 别那么骄傲
26832651, 6.6, 1833, 亲爱的弗洛伊德
10471592, 6.9, 1098, 沉香豌
10801275, 7.5, 469, 一度君华
30187394, 7.4, 530, 楚楚很动人2
25477585, 8.0, 267, 逐爱世界
30156345, 8.0, 267, 再见王沥川
02304613, 6.6, 1785, 绝色赌妃Ⅰ
06393886, 6.5, 2150, 夏有乔木 雅望天堂2
26662343, 6.9, 1037, 一粒红尘2
25908409, 7.1, 759, 九重紫（1、2、3）
30171199, 7.2, 644, 君子报恩2
02246239, 6.8, 1165, 恨相逢之战国之恋
26356360, 7.4, 486, 南风知我意2
26603435, 6.8, 1143, 无心法师 第四卷
30304134, 7.9, 270, 笼中月
01016195, 7.2, 620, 玉兰花开
10741738, 6.8, 1126, 凉生，我们可不可以不忧伤2
20425869, 7.2, 613, 妖孽也成双
34454047, 6.4, 2282, 白日梦我
26422856, 6.9, 935, 我一直在你身边
24714636, 6.3, 2692, 锦绣未央（1、2、3）
06794256, 8.2, 193, 花弦月·妖裹行天（上下）
01395703, 7.3, 516, 獨身女人
26807949, 7.3, 515, 过客匆匆
30205673, 6.5, 1789, 她的小梨窝
10603626, 6.7, 1227, 公子无耻（上下）
25878429, 8.0, 226, To All the Boys I&#39;ve Loved Before
34798521, 8.0, 226, 一个钢镚儿
26713080, 6.4, 2077, 亲爱的阿基米德
25977854, 7.3, 494, 百界歌
01114670, 6.9, 867, 庭院深深
25789593, 7.9, 245, 不如我们重新来过
27617136, 9.2, 84, 有匪 1
27200347, 6.7, 1173, 绊橙
30729573, 8.5, 138, 君子报恩4
25928675, 6.8, 967, 轻易放火
01024131, 6.2, 2946, 雨夜里的星星沙
26948982, 7.0, 709, 將門嫡女之定乾坤：完結篇
27159915, 8.4, 149, 帝皇书(Ⅱ上下)
04104723, 6.9, 820, 和你一起住下去
06827318, 6.2, 2886, 白发皇妃（上下）
10536046, 6.2, 2862, 爱你是最好的时光Ⅱ
26695255, 5.8, 7508, 蜜汁炖鱿鱼
20563214, 7.9, 232, 俊男坊·阴差阳错（全两册）
30213282, 7.8, 257, 千山记
26425103, 6.4, 1877, 余生请多指教
10741739, 6.4, 1872, 凉生，我们可不可以不忧伤1
10753930, 9.3, 75, 她和她的迷藏2
03812782, 6.9, 776, 尘尘三昧
34872861, 8.1, 186, 无污染无公害
27090162, 6.7, 1054, 七星彩
26728590, 6.3, 2191, 阮陈恩静
26785749, 7.2, 500, 深海里的星星·2
27115075, 7.4, 380, 浪人天涯
33395239, 6.4, 1729, 甜月亮
21795763, 7.5, 335, 世婚之深闺怨女（上下）
26834137, 6.9, 739, 时光里的不为人知
25923595, 6.4, 1693, 杉杉来吃
33380734, 6.4, 1681, 蜜汁炖鱿鱼
22224897, 6.7, 985, 半是蜜糖半是伤
26695285, 6.2, 2485, 和你在一起才是全世界
27010869, 7.3, 414, 一山一浮生
34670410, 7.0, 612, 驭鲛记
30286924, 8.0, 190, 委托人DOCTOR
34934655, 8.6, 113, 我想住在你心上
34934114, 7.7, 253, 在暴雪时分
25864247, 7.1, 517, 再青春
26930065, 6.8, 789, 0852
30346784, 7.5, 310, 以你为名的小时光
25789595, 6.2, 2292, 寻找爱情的邹小姐
26854804, 7.3, 388, 等你的星光
26734232, 7.0, 574, 东风恶
30343328, 8.1, 164, 以后少吃鱼
27187609, 6.9, 654, 他站在时光深处
35003287, 7.3, 375, 偏偏宠爱
26307963, 7.3, 374, 不悟
26602955, 7.4, 330, 竹马钢琴师III
01112783, 6.6, 1015, 君须怜我
26416371, 7.3, 365, 盛世华族梦
03669733, 6.9, 620, 全世界都知道我爱你
25987569, 6.7, 828, 香蜜沉沉烬如霜
26770866, 6.2, 2021, 四幕戏·起
27127825, 6.8, 695, 京洛再无佳人
30333920, 7.2, 397, 他与爱同罪
30134052, 7.4, 310, 十九日
26960742, 7.5, 276, 电竞恋人
26673306, 8.0, 164, 娇娘医经2
03810671, 7.5, 273, 江湖天很晴2
01515701, 5.8, 4847, 天使街23号 Ⅰ
26901053, 6.8, 673, 三千鸦杀·典藏版
35039335, 9.2, 65, 樱桃琥珀
03214451, 6.6, 916, 青眼影沉沉（全两册）
20441778, 6.0, 2933, 爱情的开关
26822035, 8.7, 90, 砂与海之歌2
26936247, 7.1, 429, 将醒
30247574, 7.5, 264, 陆遥知他意
25895305, 7.3, 333, 一時衝動，七世不祥 上
25742330, 7.3, 331, 盗情（上下）
32330435, 7.6, 235, 照见星星的她
27033737, 8.4, 112, 两不疑1
26891560, 6.6, 884, 时间都知道
01486116, 5.9, 3478, 麻雀要革命Ⅰ
01320222, 6.1, 2196, 恶魔之吻1
34881701, 8.5, 101, 沉香如屑
20503492, 7.7, 205, 宮·迷心計4·家國兩相攜（完）
26738303, 7.9, 167, 时光不矜持
30390988, 6.9, 524, 奶油味暗恋
24863533, 6.2, 1681, 纨绔世子妃（上下）
25934782, 6.7, 682, 盛世良缘
03285831, 6.6, 797, 狼骑竹马来
27112732, 7.2, 336, 南方有乔木（纪念版）
26633470, 6.9, 499, 隔壁那个饭桶
27126120, 6.8, 568, 我就是这般女子
06809531, 7.9, 156, 这咬人的爱！
22224895, 7.1, 370, 晓风书院的八卦事
27402789, 7.7, 186, 青山见我多妩媚
30386849, 6.8, 555, 咬定卿卿不放松(上卷)
30571000, 7.9, 150, 君子报恩3
26883703, 6.5, 863, 汀南丝雨
27075037, 8.5, 90, 凤九卿（五）
30854857, 8.5, 90, 君子报恩6
33414675, 7.5, 220, 你是迟来的欢喜
20499290, 7.3, 273, 世婚1
25962945, 6.6, 709, 独家占有Ⅱ
27075502, 6.6, 709, 我曾在时光里听过你
26929929, 7.4, 241, 狐狸叔叔
26435735, 7.0, 392, 玉阶辞
30273344, 7.0, 392, 青梅七分甜
33456952, 9.6, 44, 我亲爱的偏执狂
30152890, 6.6, 699, 若春和景明
27176120, 6.4, 973, 首辅养成手册
26873651, 7.2, 299, 时光隔山海
27116046, 7.2, 299, 烈途
30338153, 5.8, 3188, 景恒街
27591951, 7.8, 151, 微微一笑很倾城
25997403, 6.4, 902, 红颜露水
27108567, 6.8, 475, 扶蓝
30230232, 8.1, 113, 牛津腔
05403351, 6.7, 546, 三只鸳鸯一对半
27604100, 6.9, 409, 湖中公子
26756797, 8.1, 111, 时间暂停等到你
34805210, 6.9, 399, 草莓印
25790208, 7.6, 175, 九云辞
27034257, 7.8, 144, 凤九卿（三）
25765018, 8.0, 119, 三生三世彼岸花·完美终结（上下）
25831244, 6.5, 705, 星星上的花
30135336, 6.8, 445, 亿万星辰不及你
06403850, 6.1, 1455, 如果巴黎不快乐
02002866, 5.9, 2229, 天使街23号. V5
10479639, 6.5, 699, 你的天堂，我的地狱
10772870, 7.6, 170, 妖物
25744970, 8.2, 99, 宁负流年不负君
26898320, 7.7, 154, 繁星之下
34845732, 7.4, 209, 怪你过分美丽
10552827, 6.4, 814, 如若有你，一生何求
04834582, 6.6, 587, 无盐妖娆（全二册）
24838906, 7.2, 260, 跟你扯不清
03795706, 6.4, 812, 皇家幼儿园
30233477, 7.7, 152, 一见到你呀
34922547, 7.6, 166, 深宫缭乱
27022145, 5.9, 2108, 致我们暖暖的小时光
03998997, 6.3, 924, 芙洛
10829876, 7.4, 198, 红了樱桃，绿了芭蕉
34429609, 8.0, 111, 柔福帝姬
30338798, 7.4, 196, 红豆生南国
27032559, 6.5, 637, 致岁月迢迢
30230494, 7.5, 174, 清梦压星河
25729887, 7.2, 236, 宦妃·完美终结
30371247, 6.8, 391, 锦衣之下·典藏版
27075039, 7.9, 115, 凤九卿（六）
26369208, 5.7, 2952, 那片星空，那片海
30318776, 6.7, 437, 再生缘：我的温柔暴君
30325016, 7.9, 113, 旧梦1937
26011722, 6.5, 584, 北落师门
01466161, 6.5, 578, 我是一片云
26805837, 6.5, 568, 夏至未至
01925208, 6.3, 792, 214度恶龙王子2
30411852, 7.5, 159, 第十八年春2
25985785, 5.6, 3481, 半暖时光
30166198, 8.0, 99, 有鹤鸣夏2
34852444, 7.2, 216, 司命
30198744, 7.3, 193, 唐家小猫
30415071, 7.1, 241, 今年冬天下雪吗？
30829033, 7.3, 191, 时光和你都很美
26853589, 6.9, 307, 我曾这样深切爱过你
26700354, 6.7, 394, 危宫惊梦
30153622, 8.2, 81, 十五年等待候鸟
25789581, 6.6, 448, 纸玫瑰
34668739, 7.4, 165, 恋爱吧，江小姐
34835077, 7.8, 111, 一枕山河
26607663, 7.1, 227, 初晨，是我故意忘记你1
26878079, 6.7, 368, 蔷薇航班
27091456, 6.2, 816, 亲爱的苏格拉底
30403907, 6.7, 361, 第十八年春
26424037, 7.0, 241, 一品仵作
34994899, 7.9, 95, 悬旗
27052880, 6.8, 304, 路漫漫其叔远
33452954, 7.0, 234, 以身饲龙
26763514, 6.4, 541, 余生有你才安好
01125380, 6.5, 462, 还珠格格(第1部共2册)
01874070, 6.0, 1108, 214度恶龙王子
26723335, 7.2, 185, 错过世界遇到你
30742448, 8.2, 74, 君子报恩5
30468263, 7.1, 207, 风情不摇晃
30264958, 7.2, 183, 时光微微甜
27052023, 6.2, 744, 被你爱过才叫爱
30228595, 8.6, 55, 一天
28408615, 6.2, 721, 小清欢
30304081, 6.2, 716, 逢青
27027469, 7.9, 89, 他与星辰皆璀璨
34949249, 6.4, 497, 不二之臣
33423511, 8.3, 65, 士为知己
30198669, 7.7, 105, 考拉小姐与桉树先生
25872071, 6.4, 494, 晨昏
25813176, 6.9, 242, 完美替身恋人：终结篇
26999409, 7.7, 104, 听说你喜欢我
30322221, 7.4, 136, 隐婚100分：惹火娇妻嫁一送一
26688712, 7.0, 210, 他站在夏花绚烂里
25761385, 6.2, 666, 凉生，我们可不可以不忧伤4
27116049, 6.7, 305, 归鸿书 金粉丽人
21365989, 6.0, 951, 南风过境
27014778, 6.3, 545, 南北往事
27057169, 7.4, 132, 时光隔山海(2时光隔山海完结篇)
30396110, 6.3, 540, 采红
25790192, 6.5, 392, 完美替身恋人
26992019, 5.8, 1362, 四幕戏·结
30358193, 6.6, 328, 余生，请多指教2
01925195, 5.9, 1056, 壁花小姐奇遇记1
26417480, 6.9, 216, 配婚令
26307249, 6.6, 320, 盛世王妃
26935670, 6.7, 272, 通往你的路
33372346, 6.8, 230, 我念你如初
26905883, 7.4, 118, 反正都要在一起
26590269, 6.4, 399, 乌夜啼
33432194, 8.6, 46, 少年歌行2
27047382, 8.2, 60, 如果有很多个你(2如果有很多个你终结篇)
30410841, 7.3, 128, 妙偶天成 1
02181435, 6.4, 384, 101号宠物恋人
27078696, 6.9, 193, 独家占有
27609442, 7.6, 93, 窗外
26688788, 6.2, 512, 军装下的绕指柔
30222512, 7.3, 122, 再见顾南浔2
26797523, 6.3, 422, 翻译官
05292400, 6.7, 236, 闪婚
27929719, 6.4, 356, 时擦
26981157, 7.3, 117, 公主上嫁记
25904052, 6.7, 230, 妃嬪這職業 上
01434065, 7.6, 86, 蒼天有淚之人間有天堂
26615826, 6.2, 458, 徐徐念之
30458419, 5.9, 784, 恰似寒光遇骄阳
26360683, 5.8, 940, 良辰多喜欢
35010860, 8.5, 43, 偶像
26317486, 6.1, 511, 后来我们都哭了II·废墟
03873892, 6.7, 207, 我和一个日本女生
20423699, 7.7, 74, 好事多磨2
26631194, 6.0, 598, 千金裘
25968319, 6.3, 360, 白芍
31787613, 6.6, 234, 咬定卿卿不放松·下卷
35045885, 9.6, 23, 繁星如你
26388424, 6.9, 155, 皇后是这样炼成的1
34842843, 8.2, 49, 小时光，微微甜
30342961, 7.9, 60, 她心见陆心
24758567, 5.8, 808, 初晨，是我故意忘记你
04727326, 6.3, 333, 荆棘花园
30256146, 6.3, 327, 许你浮生若梦
34444565, 7.2, 107, 火车在春天里停了一个小时
27665885, 5.9, 628, 香蜜沉沉烬如霜
10739319, 6.0, 519, 如果巴黎不快乐Ⅱ
26374743, 6.6, 204, 春风不若你微笑
26528526, 6.6, 203, 落花时节又逢君
34949076, 7.5, 78, 日月如移越少年
27618598, 5.9, 606, 情深不可医
26732443, 5.9, 600, 我和你差之微毫的世界
27027494, 6.2, 343, 恋爱才是正经事
26651957, 7.2, 98, 告诉大雄我爱她（纪念版）
30403906, 6.7, 169, 锦衾灿兮
27021351, 6.5, 218, 怦然心动
26738307, 6.2, 337, 致我最爱的你
26862227, 6.4, 249, 告别薇安
30205751, 7.0, 119, 小泪痣
26701878, 6.7, 166, 浅浅心事
30310537, 9.0, 27, 余生不再为你难过2
30438941, 6.4, 238, 云深知景年
26762837, 7.5, 70, 听说我们不曾落泪Ⅲ
27041189, 6.5, 202, 黑白
27014742, 6.6, 175, 我爱的人
27099377, 6.6, 171, 唯一的星光
26321012, 6.6, 170, 沉香雪
26980741, 6.7, 147, 世界欠我一个初恋
26688095, 6.0, 397, 兔子压倒窝边草
30535713, 7.9, 48, 谁家江山：倾城天下（上中下）
26734735, 7.5, 65, 奢侈
27093093, 7.2, 84, 浪花一朵朵(修订纪念版)
26258745, 5.9, 448, 凉生，我们可不可以不忧伤4
30402225, 6.5, 177, 渺渺星光2
26780260, 7.2, 81, 这个店有古怪
26707234, 8.3, 35, 山河只为你喧嚣 2
27075036, 7.4, 67, 凤九卿（四）
26823931, 6.0, 354, 北大“差”生
25929620, 6.4, 193, 君心似我心
26745289, 6.4, 188, 月光航线
30485653, 6.4, 184, 嫡嫁千金
26653463, 6.5, 155, 竹马钢琴师Ⅱ
35029988, 9.0, 22, 掮客
26753262, 6.4, 172, 调笑令
27187091, 6.8, 105, 我就是这般女子2
34681491, 6.5, 145, 明枪易躲，暗恋难防
23038637, 6.0, 294, 不负
30197552, 6.4, 164, 白色口哨
34917503, 8.4, 29, 蜂蜜口味的故事
27625432, 6.8, 101, 人不可貌相
26607665, 5.7, 489, 初晨，是我故意忘记你2
10607040, 5.3, 1165, 妾本惊华（上下）
26077482, 6.0, 281, 人生若只初相见
30164747, 6.8, 98, 我就是这般女子3
30187953, 6.9, 87, 美景未迟
33457137, 6.4, 154, 鹿門歌 卷一
30489106, 8.6, 25, 我的斯诺克先生
30258038, 6.0, 271, 他和她的猫
30264521, 6.9, 86, 蝴蝶之刃
26848154, 6.8, 95, 何时雾散尽
01112780, 5.9, 315, 女作家的爱情冒险
26671820, 6.4, 149, 直男宜家
26435930, 6.6, 115, 皇后是这样炼成的2
26108761, 6.3, 165, 皇后無德 上
27067812, 6.2, 189, 我在等风，也在等你
26806121, 6.7, 101, 林深时见鹿
22224900, 5.8, 355, 东岑西舅
27101442, 6.7, 99, 晚晚入怀
35032175, 6.3, 158, 老婆粉了解一下
27604751, 6.2, 178, 沫许辰光
35010863, 7.1, 63, 似锦
27169856, 6.7, 91, 何以笙箫默
34803796, 7.6, 41, 下一座岛屿
26920134, 6.6, 101, 余生终有雪
26794352, 5.2, 1099, 悲伤逆流成河
06849768, 6.2, 165, 竹马是只狼
26935301, 6.1, 180, 时光与你有染
34442126, 6.5, 107, 才不要和老板谈恋爱
25783993, 5.8, 284, 离凰
27124430, 6.8, 75, 《谢家皇后 卷一》
25902007, 5.3, 755, 南风知我意
27067462, 7.6, 38, 早安程先生
25975650, 5.6, 368, 凉生，我们可不可以不忧伤3
01214393, 6.4, 109, 还珠格格.第三部.天上人间
04860056, 7.3, 45, 七秀坊
27180711, 6.8, 70, 你抱起来有点甜
31787744, 6.9, 63, 围堵可爱的他
30322104, 7.7, 33, 草莓味的你
05261707, 6.6, 84, 多少流光换取多少忧伤
30324593, 6.2, 133, 蜜桃味热恋
27104630, 6.3, 113, 再遇霍承安
30369641, 6.9, 58, 韶光慢（卷一）
26035761, 6.3, 110, 熹妃传
27624044, 6.7, 70, 浮生知星辰(下)
04097495, 6.0, 163, 玩转王子学院
30805611, 7.5, 35, 喂，隔壁班的你
27665703, 7.5, 33, 金枝御叶
04106762, 7.1, 44, 花龙戏凤
25774004, 6.6, 69, 废弃皇妃
26965269, 6.2, 109, 一路繁花相送（完美纪念版）
10805382, 5.7, 226, 原来爱很殇
34431039, 7.7, 28, 慕川向晚1
30401142, 6.8, 55, 桃花折江山2（初绽卷）
33400232, 7.9, 24, 南京往事
30687731, 6.4, 81, 我见青山
34805435, 6.6, 65, 我等你，很久了
11520794, 5.5, 295, 天空不要为我掉眼泪
26936401, 7.5, 30, 有秦可依
33422923, 6.5, 68, 陪你朝暮不相思
26517499, 4.8, 1538, 三生三世十里桃花
34884821, 7.6, 27, 我的世界只有他
34839180, 6.6, 59, 近我者甜
26640967, 6.0, 115, 归期
34889906, 7.0, 40, 锦年
34792461, 7.4, 28, 我见明月是你
27614545, 5.7, 164, 怦然心动2
30419006, 5.9, 117, 甜妻
04294867, 6.8, 43, 红颜不寿
30257567, 6.8, 43, 顾意知几许
33474743, 7.3, 29, 你肩膀借我
31031165, 6.7, 45, 浮沙
26674747, 8.0, 18, 面具
30361662, 5.6, 146, 青梅竹马是你，新郎还是你
34882134, 6.7, 39, 半吟
27027475, 6.0, 78, 时光与你共眠
30396557, 5.4, 185, 嫡长孙
30420904, 5.5, 153, 却绿
30271072, 5.8, 88, 甜牙齿
34442306, 6.0, 65, 鹿門歌 卷二
30206459, 6.7, 32, 你好，小青梅
34923433, 7.2, 22, 灿烂的她
26339216, 7.0, 24, 一路向你
26953706, 5.3, 162, 盛世皇后2
31778582, 7.3, 18, 情话微甜（共2册）
25835992, 5.3, 117, 一世倾城2
04842957, 7.4, 15, 罂粟妖姬
30394177, 5.8, 54, 多宠着我点
30343333, 4.7, 359, 舟而复始
34837828, 5.7, 56, 那片星空，那片海
26256803, 5.4, 82, 住在时光里的第七颗星
06828135, 6.0, 31, 许你一世欢喜
24717561, 5.5, 54, 萤窗夜话
35000706, 6.5, 19, 莫达维的秘密
10577494, 5.8, 32, 少爺的點心
35074563, 6.9, 12, 慌张仙人掌
26920350, 5.0, 58, 风从海上来
10575885, 5.8, 17, 將軍不好追
21817765, 4.4, 53, 妃来横祸（上）
25806043, 0.0, 10, 美人倾城
30578441, 0.0, 13, 陆遥知他意(2)
35080248, 0.0, 17, 山河不夜天
34886668, 0.0, 20, 此致敬你
30417670, 0.0, 29, 孕男~我在男校懷孕了 2
35074576, 0.0, 29, 水晶般晶莹闪亮的唇印
27020196, 0.0, 30, 引君心：龙凤斗
27141152, 0.0, 31, 青梅初长成
27590719, 0.0, 38, 韩七录你站住(第2季上下)
35084146, 0.0, 46, 亲爱的你，如光之初
26856219, 0.0, 47, 天王助理
34441204, 0.0, 53, 君子在上3
26983410, 0.0, 65, 男子宿舍的玩具 3
27101445, 0.0, 65, 隔壁那座冰山
33394768, 0.0, 65, 我的总裁先生
33447264, 0.0, 146, 君子在上2
