2020-07-05 16:00:17

number of books, tag name
949, 设计

ID, rating, votes, title
03162991, 9.6, 14972, 艺术的故事
03410718, 9.2, 16165, 美的历程
01941558, 8.6, 29625, 设计中的设计
04230237, 9.1, 7876, 设计中的设计 | 全本
03323633, 8.6, 11676, 写给大家看的设计书（第3版）
26775466, 8.5, 10594, 小家，越住越大
25810506, 9.1, 3283, 史蒂夫·乔布斯传（修订版）
05914587, 8.5, 6766, 启示录
01827702, 8.5, 6638, 点石成金
01485731, 9.6, 1679, 原动画基础教程
01031526, 8.3, 8040, 一个广告人的自白
01870268, 8.6, 4919, 美国大城市的死与生（纪念版）
01052241, 9.0, 2908, 设计模式
01319910, 9.2, 2263, 华夏意匠
05408858, 8.9, 3196, 建筑家安藤忠雄
05394309, 8.4, 5786, 简约至上
27186106, 8.3, 6158, 心流
01436276, 8.8, 3043, 建筑：形式、空间和秩序
01393903, 8.7, 3381, 交往与空间
01088805, 9.1, 1987, 中国古典园林分析
30199037, 8.6, 3580, 小家，越住越大2
01394534, 9.3, 1359, 勒·柯布西耶全集
01154707, 8.7, 2646, 素描的诀窍
01850710, 8.6, 2994, 街道的美学
01507170, 9.0, 1826, 外部空间设计
26848051, 8.3, 4315, 造房子
02238320, 8.4, 3483, 版式设计原理
03204645, 9.6, 868, 明式家具研究
02247913, 9.2, 1273, 建构文化研究
01779243, 8.9, 1724, 摄影构图学
02297549, 8.2, 4178, 用户体验的要素
06028977, 8.5, 2730, 零ZEЯRO
30327868, 8.3, 3508, 非平面
04101013, 8.2, 4017, 设计的觉醒
04100551, 8.5, 2596, 建筑师成长记录
04251473, 8.6, 2258, 手绘的奇思妙想
01288844, 8.2, 3811, 设计心理学
01637486, 8.1, 4278, 建筑师的20岁
02026870, 9.3, 976, 阿尔丰斯·穆夏
01326833, 8.6, 2122, 美国大城市的死与生
06523997, 8.3, 3127, 用户体验要素
04238875, 9.0, 1292, 中国建筑史
02118032, 8.2, 3486, 窥视工作间
03682204, 7.6, 8686, 佐藤可士和的超整理术
01958685, 8.3, 2865, 美的历史
05323008, 8.7, 1697, 超越平凡的平面设计
04723970, 7.6, 8339, 人人都是产品经理
01041650, 8.7, 1669, 现代建筑
03410829, 8.6, 1881, 给青年建筑师的信
01089854, 8.3, 2710, 城市意象
10828002, 7.9, 4849, 游戏改变世界
01052178, 8.5, 2053, 走向新建筑
03340939, 9.1, 1011, 建筑：形式、空间和秩序
01793535, 8.6, 1757, 不只中国木建筑
06792322, 8.7, 1542, 认知与设计
34922269, 9.6, 607, Mondo电影海报艺术典藏
30174103, 8.7, 1534, 荒木飞吕彦的漫画术
34824414, 8.7, 1521, 小家，越住越大3
10738211, 8.2, 2845, 直到长出青苔
27182602, 8.8, 1318, 安藤忠雄
01336111, 8.9, 1177, 設計中的設計
02382994, 8.0, 3690, 负建筑
02287123, 8.3, 2359, 時裝時刻
04213525, 8.5, 1788, 电影镜头设计
04149287, 8.9, 1113, 好绘本如何好
26664522, 8.7, 1385, 写给大家看的设计书（第4版）
04606471, 8.1, 2999, 设计心理学
25836269, 9.0, 980, 西文字体
01067710, 9.0, 974, 造型的诞生
01396339, 7.6, 6325, 创意市集
01496360, 8.1, 2823, 建筑空间组合论
25915629, 8.5, 1655, 破茧成蝶
01937346, 8.5, 1636, 亚洲的书籍、文字与设计
25934300, 8.7, 1236, 塞拉菲尼抄本
35006237, 9.0, 875, 大山里的小诗人
04736118, 7.9, 3460, 结网
01068606, 8.6, 1352, 艺术与视知觉
03279105, 8.6, 1327, About Face 3 交互设计精髓
03786755, 7.2, 11287, 每天懂一点色彩心理学
04214537, 8.8, 1021, 思考建筑
25858712, 8.4, 1633, 这样装修不后悔（插图修订版）
25811516, 8.3, 1753, 日本的八个审美意识
26102860, 8.5, 1353, 设计心理学1
01314262, 8.1, 2260, 情感化设计
06975925, 7.3, 8151, 设计诗
01496384, 8.2, 1957, 图解思考
01440223, 8.4, 1510, Don&#39;t Make Me Think
34872361, 8.3, 1693, 文案的基本修养
26721550, 8.4, 1446, Lens·目客003：山本耀司
03835810, 8.7, 1012, 建筑氛围
01951547, 8.5, 1265, 像艺术家一样思考
01580461, 8.9, 806, 园林景观设计：从概念到形式
03335742, 8.6, 1107, 设计元素
30462410, 9.0, 697, 造境记
10559288, 9.1, 623, 艺术与错觉
25803556, 7.6, 4093, 山本耀司：我投下一枚炸弹
04732427, 7.8, 2960, 十二味生活设计
06749472, 8.1, 1926, 赖声川的创意学
01450027, 8.7, 926, 万物
06905341, 9.1, 609, 贝聿铭全集
01937756, 8.7, 913, 疾风迅雷
01889450, 7.8, 2904, 赖声川的创意学
25903198, 7.7, 3348, 做衣服（增补新版）
03886044, 8.0, 2121, 瞬间之美
05399602, 9.7, 346, Framed Ink
04746128, 7.6, 3743, 家
04746130, 7.8, 2732, 家
03160549, 8.6, 956, 建筑空间组合论
01584977, 7.9, 2319, 世界现代设计史
03287650, 8.0, 1997, 白
01515170, 8.8, 755, 室内设计资料集
05341225, 8.2, 1474, MUJI 無印良品
26806997, 8.5, 1021, 平面设计中的网格系统
01114884, 8.7, 811, 人性场所
25961294, 8.2, 1442, 虫子旁
10355149, 9.1, 527, 建筑十书
02036345, 7.6, 3265, 创意市集2·玩心大发
04145428, 8.1, 1578, 为什么设计
01492433, 8.2, 1378, 建筑的复杂性与矛盾性
06864391, 8.4, 1059, 触动人心
26865865, 8.9, 614, 深泽直人
20387173, 8.6, 841, 30天学会绘画
24845883, 8.7, 751, 空间的诗学
04252512, 8.5, 936, 静谧与光明
04908905, 8.4, 1044, Re：没有代表作
04812972, 9.2, 451, 园林景观设计：从概念到形式
03675797, 8.9, 573, 产品设计手绘技法
01515757, 8.0, 1613, 建筑语汇
26791007, 9.2, 427, 游戏设计艺术（第2版）
01177968, 8.7, 694, 建筑的永恒之道
33436277, 8.4, 963, 原宿牛仔
26642302, 8.6, 767, About Face 4: 交互设计精髓
02057864, 8.9, 558, 风景园林设计要素
26323699, 9.4, 352, 体验引擎
01894206, 9.0, 504, Designing Interactions
05951252, 8.8, 605, 圆与方
25811057, 8.1, 1336, 在建筑中发现梦想
05300079, 8.4, 900, 科学的广告+我的广告生涯
26742341, 8.6, 720, 设计心理学
26896124, 9.2, 398, 设计入门教室：设计的基本规则
06790599, 8.4, 891, 色彩设计的原理
01074945, 8.4, 885, 奥格威谈广告
20389595, 9.3, 356, 间隔的秩序与事物的区分
24307342, 8.8, 565, 哈默手稿
19950884, 9.1, 422, 视觉艺术用光
03821157, 8.7, 623, Web界面设计
04837351, 9.0, 460, 全景探秘游戏设计艺术
25813579, 8.2, 1086, 让创意更有黏性
10550784, 9.2, 379, “匀质”的秩序与“清晰的建造”
25732461, 7.7, 2052, 住宅设计解剖书
26336970, 9.4, 313, 理解漫画（第3版）
04048631, 8.5, 735, 摄影师的视界
26281097, 8.7, 590, 上海字记
26348121, 8.3, 903, 由内向外看世界
07061613, 8.4, 788, Steal Like an Artist
20270741, 8.4, 785, 消费森林×品牌再生
01410829, 8.5, 698, 路易斯.I.康:在建筑的王国中
03449304, 8.6, 626, 哈佛大学建筑系的八堂课
27030507, 7.4, 3030, 上瘾
27174246, 8.8, 510, 设计师
26658841, 8.4, 775, 走进建筑师的家
27087142, 9.1, 382, 外部空间设计
04886100, 8.6, 619, Web表单设计
22404951, 9.1, 376, 建筑：篠原一男
10557282, 8.8, 496, About Face 3：交互设计精髓
01579843, 8.5, 668, 景观设计学
01083444, 8.1, 1062, 文案发烧
01157145, 8.7, 536, 建筑模式语言（上下）
33424489, 9.4, 283, 中洲旅人：从袋底洞到魔多
02327417, 9.3, 306, 大师之路
20271923, 8.5, 656, 彼得·科恩木工基础
02157554, 8.0, 1176, 赢在用户
01031262, 8.0, 1160, 包豪斯
20513213, 9.1, 357, 色彩与光线
26184644, 9.7, 218, Criterion Designs
27092980, 9.3, 296, 色彩与光线：写实主义绘画指南（珍藏版）
25933206, 8.6, 563, 企鹅75
01493147, 8.5, 612, 中国建筑文化讲座
03888039, 8.7, 495, 中國字體設計人：一字一生
04837333, 8.2, 853, 写给大家看的设计书
03065652, 8.0, 1082, 像艺术家一样思考Ⅲ:贝蒂的色彩
03336895, 8.5, 602, 完成设计
19912141, 8.6, 542, 为真实的世界设计
04720817, 7.9, 1218, 消解设计的界限
05408843, 7.7, 1600, 旅行从客房开始
05275474, 8.1, 933, 反造型
25723797, 7.6, 1798, 知日·家宅
25932290, 8.8, 431, 认知与设计
30219710, 8.6, 525, 日本设计六十年
30358195, 9.3, 275, 经典企鹅：从封面到封面
27601926, 7.8, 1344, 斯坦福大学人生设计课
03998734, 9.2, 298, Photoshop修色圣典
30393386, 9.6, 216, 艺用人体结构
27175511, 9.3, 271, 风·落·之·光
26975767, 8.8, 418, 画家之眼
02036343, 7.2, 3243, 设计，不安于室
26429444, 8.8, 413, 西文字体2
04165856, 7.7, 1474, 配色设计原理
10588290, 8.9, 375, 演说
26996693, 7.9, 1123, 知的资本论
02365393, 8.3, 684, Designing Interfaces中文版
27110281, 8.4, 609, 当自然赋予科技灵感
22994566, 9.5, 222, 巴洛克艺术
20441938, 8.1, 844, 字体故事
01491830, 8.3, 664, 栅格系统与版式设计
01252151, 8.2, 743, 康定斯基论点线面
01912129, 9.2, 277, 营造法式
01493316, 7.9, 1057, 交互设计之路
06718283, 8.2, 714, 版面设计的原理
06790598, 8.1, 800, 文字设计的原理
26178736, 8.6, 459, 字型散步
06079823, 8.0, 894, 物尽其用
01276767, 7.9, 1012, 设计几何学
02230545, 8.3, 627, 配色基础原理
23708491, 7.6, 1509, 设计师要懂心理学
03722051, 8.1, 783, 设计芬兰
26834548, 9.1, 282, 西文排版
26313852, 8.2, 680, 点石成金
01257564, 7.9, 976, 世界平面设计史
26657933, 9.0, 300, 写给大家看的设计书（第4版）
05341100, 8.0, 846, 超越LOGO设计
01418842, 7.9, 953, 建筑形式的逻辑概念
03215829, 8.2, 661, 住宅读本
26427913, 8.8, 354, 农禅寺：水月
03717183, 7.5, 1625, 餐巾纸的背面
01108378, 8.4, 524, 中国古代建筑历史图说
24737655, 8.5, 472, 字型之不思議
06743317, 8.7, 381, 点线面
30362300, 8.7, 377, 设计的意义
26681392, 8.1, 708, 去山里盖座小屋吧
26837959, 8.2, 631, 设计冲刺
30376581, 8.2, 624, 艺术与恐惧
05439620, 8.0, 787, 艺术创业论
01468046, 8.5, 450, 平面设计我的第2语言
06751045, 8.2, 620, Wabi-Sabi
05245503, 8.3, 553, 住宅設計解剖書
01291969, 8.2, 617, 七日掌握设计配色基础
34442420, 8.2, 613, 色彩的秘密生活
04062254, 8.7, 363, 摄影构图与色彩设计
05936610, 8.1, 680, 工艺之道
27129563, 8.3, 540, 用户思维+：好产品让用户为自己尖叫
10539580, 7.6, 1275, 白
01043562, 8.8, 326, 秩序感
01365318, 8.7, 355, The Design of Everyday Things
01193831, 8.2, 592, 创意
06750510, 7.9, 825, 设计心理学2
01740315, 8.3, 518, 建筑的非线性设计
26942707, 8.7, 344, 游戏化实战
02567565, 8.5, 416, 住宅精细化设计
27039453, 8.1, 634, 何为美好生活：Beams at Home
22163122, 9.4, 188, How to Draw Drawing and Sketching Objects and Environments from Your Imagination
01903073, 7.8, 912, 安藤忠雄都市彷徨
06857554, 8.8, 309, 园冶
26890247, 8.0, 707, BEAMS AT HOME 2
30422684, 8.8, 303, 品牌设计法则
02008542, 8.7, 332, 创意之道
03853342, 8.0, 686, 广告文案
25849608, 8.0, 669, 艺术的起源
02378665, 8.9, 267, ZEЯRO零
01470118, 9.0, 245, 大众行为与公园设计
25732463, 7.7, 964, 淘宝十年产品事
05415644, 8.2, 526, 蔚蓝诡计
05344973, 9.2, 205, 领域驱动设计
10539159, 8.0, 648, 欲望的教育
02122484, 8.8, 284, Photoshop Lab修色圣典
01330483, 8.2, 514, 设计元素
04909464, 8.0, 635, 场所精神
01441852, 8.3, 454, 平面设计原理
03827749, 7.9, 714, 红色范思哲 灰色阿玛尼
27041265, 9.8, 129, 巴尔格素描教程
24527087, 8.6, 334, 干净的错误
01092904, 8.3, 449, 明日的田园城市
25736470, 8.7, 301, 素材与身体
27108685, 8.4, 401, 用数据讲故事
33410480, 8.9, 251, 想象力构图与创作思维
02295954, 7.7, 895, 挑食的设计
06522698, 7.5, 1159, IDEO，设计改变一切
19977973, 9.1, 209, 空间·时间·建筑
07162744, 8.7, 294, 几何天才的杰作
03212332, 8.0, 603, 佐藤可士和的超級整理術
27193382, 8.2, 477, 日本的八个审美意识
03182236, 8.4, 386, 住宅巡礼
30322083, 7.9, 669, 行为设计学(打造峰值体验)(精)
05299789, 8.2, 471, 請偷走海報
03040948, 8.9, 240, 论艺术的精神
21983611, 9.0, 220, The Design of Everyday Things
06523959, 7.6, 967, 设计私语录
06746174, 7.7, 846, 佐藤可士和的创意思考术
25795270, 8.2, 460, 形式感+：网页视觉设计创意拓展与快速表现
25761063, 8.4, 367, 通关!游戏设计之道
27996295, 9.6, 135, 杨占家电影美术设计作品集
30383598, 8.3, 403, 住宅读本
25923079, 7.8, 708, 设计师的自我修养
01138909, 8.3, 396, 艺术中的精神
19934344, 7.8, 690, 交互设计沉思录
01316642, 9.1, 190, The Visual Display of Quantitative Information
27072866, 9.4, 151, 亚历山大·麦昆：野性之美
03778181, 7.8, 681, 家－如何打造一个舒适的家
06990393, 9.0, 204, 窗，光與風與人的對話
26433665, 7.5, 1000, 古怪的身体
26578184, 7.6, 870, 家的模样
25927569, 8.3, 381, 设计方法与策略
03433848, 9.4, 146, Maison Martin Margiela
04845129, 8.7, 256, 设计的法则
05914791, 7.9, 581, 写给大家看的色彩书1
03406206, 7.8, 653, 日本的手感設計
05325859, 7.3, 1268, 天下没有怀才不遇这回事
34787187, 8.2, 408, 日本侘寂
26674136, 7.8, 639, 京都手艺人
02348880, 8.7, 245, 现代设计史
26834528, 7.8, 623, 佐藤大:用设计解决问题
06982049, 8.8, 223, 构图的艺术
25831196, 7.3, 1208, 知日·设计力
04213390, 7.3, 1204, 包豪斯理想
19956847, 7.5, 905, 请偷走海报！+3
30367447, 8.9, 204, 红白机视觉史
27091051, 8.1, 436, 建筑改变日本
24839352, 8.2, 386, 山本耀司
03462993, 8.6, 259, 美国编排设计教程
25852784, 8.2, 382, PPT炼成记
26574229, 9.3, 146, 运动中的视觉
20382267, 9.1, 164, 牛津艺用人体解剖学
02144413, 7.7, 645, 简单法则
26411095, 7.5, 834, 当我们阅读时，我们看到了什么
01139356, 8.3, 328, 创造突破性产品
26286843, 9.0, 174, 秩序感——装饰艺术的心理学研究
20471302, 7.2, 1252, 在你身边，为你设计
25870117, 8.8, 204, 木工全书
26424688, 7.8, 556, 设计心理学3
27045943, 8.3, 320, 品牌的技术与艺术
26362040, 7.3, 1050, 解密无印良品
26905096, 8.4, 286, 治字百方
26953172, 8.4, 286, 如此不同如此成功
01021456, 8.5, 260, 我怎样设计飞机
02147558, 8.1, 385, 今日文字设计
30389770, 8.3, 313, 日本传统色
03638625, 9.1, 155, 英文书法的艺术 Art.Of.Calligraphy
24846610, 7.4, 889, 语录杜尚
26247864, 9.2, 143, 中国古代金银首饰
30303814, 8.8, 195, 周末速写
26436490, 9.1, 153, 透视如此简单
06813398, 7.4, 869, 艺术战斗论
03270265, 8.4, 275, 网格设计
24863442, 7.3, 993, 无印良品生活研究所
01626948, 8.6, 228, 视觉思维
26576638, 8.8, 191, 园冶
26673156, 7.5, 744, 关于山本耀司的一切
06843244, 7.5, 737, 广告人手记
26610232, 9.2, 138, 建筑经典：1950～2000
01603076, 8.5, 244, 艺术·设计的平面构成
01505350, 8.0, 400, 工艺文化
27613238, 8.4, 261, 佐藤大：没有废弃方案
11632965, 8.1, 351, 鲸鱼在喷水
26759612, 8.9, 168, TYPOGRAPHY 字誌  Issue 01
06960889, 8.0, 387, PPT
06024020, 8.4, 258, 关键设计报告
01368208, 8.1, 344, 世界时装史
03032665, 8.9, 165, 艺术与视知觉
30157243, 7.6, 604, 如何把产品打造成有生命的品牌
01311857, 8.8, 178, 从摇篮到摇篮
26853572, 7.6, 601, 理想家：2025
23782092, 8.4, 248, 造型的诞生
06392682, 7.5, 667, 写给大家看的PPT设计书
26841126, 9.2, 128, Design by wangzhihong.com
30414436, 8.4, 245, 视觉游戏
26339422, 8.8, 172, 社區設計
01045194, 7.9, 404, 中国工艺美术史
26548374, 6.8, 1872, 好物100
34661642, 8.1, 324, 设计之书
26945934, 7.8, 449, 奢侈的
01185932, 8.1, 323, 可用性工程
06129756, 9.1, 133, 生命的幻象
02152546, 8.0, 353, 书籍设计
25818674, 8.2, 285, 创意的生成
26771318, 8.9, 153, 与艺术相伴 I：认识艺术（全彩插图第8版）
03701671, 9.1, 130, 與設計向前行
25812968, 8.5, 210, 装订道场
04257259, 8.1, 305, 设计是什么
02201860, 8.5, 208, 美国视觉传达完全教程
03549062, 9.4, 103, 毁烬蓝图
33455069, 9.2, 118, 新艺术运动
02053144, 7.9, 370, 视觉文化
26420780, 8.3, 246, 《乌有园》
34778204, 8.4, 224, 结构是什么
03247976, 8.7, 172, 艺术与视知觉
25912807, 8.0, 331, 和服之韵
26331682, 9.2, 116, 毫无PS痕迹
30253370, 8.6, 185, 简约至上
27102174, 8.4, 218, 本托的素描簿
03260224, 8.9, 143, Design as Art
26938710, 9.1, 123, 系统架构
26878635, 7.0, 1156, 改变你的服装，改变你的生活
24536946, 9.0, 131, Speculative Everything
03290022, 8.1, 285, 大象
20413922, 7.1, 971, 视觉锤
26127475, 7.5, 559, 住宅格局解剖图鉴
26671908, 8.8, 151, 西文书法的艺术
11542961, 8.4, 212, 中国字体设计人：一字一生
25774256, 7.1, 958, 肥肉
03919668, 8.3, 231, 产品的诞生
25732459, 7.1, 955, 装修设计解剖书
30316942, 7.9, 345, 抽象城市
25830479, 8.6, 176, 平面排版基本的基本
24297988, 7.7, 429, 西文字体的故事
01466932, 9.4, 96, The Elements of Typographic Style
01320859, 8.6, 174, 福田繁雄
26640590, 8.6, 174, 从设计看企鹅
27079098, 8.4, 207, 索尼设计，塑造现代
01957996, 7.0, 1082, 不裁
01037606, 9.0, 126, 现代平面设计巨匠田中一光的设计世界
25958751, 7.7, 420, 伟大创意的诞生
34807860, 9.0, 125, 长城绘
25859579, 8.4, 204, 游戏机制
25952958, 9.7, 78, 印谱（第三版）
24869617, 8.2, 245, 通用设计法则
11600001, 8.2, 243, 摄影构图与图像语言
03159708, 8.4, 201, 西方服装通史经典图鉴
33396548, 8.0, 295, 柯布西耶：直角之诗
30136454, 9.1, 114, 上海字记：修订版
01603077, 8.6, 168, 艺术·设计的色彩构成
05447930, 7.8, 362, 明式家具之前
04030702, 8.3, 216, 為什麼設計--原研哉與阿部雅世的對話
24719002, 7.7, 395, 图解力
30322086, 8.0, 285, 行为设计学(零成本改变)
26653173, 8.6, 161, 游戏设计的236个技巧
01143222, 8.1, 253, 创新的艺术
01018426, 9.3, 95, 服装缝制图解大全
30305838, 8.6, 160, 建筑构成学
25820714, 8.3, 207, Don&#39;t Make Me Think
01130300, 8.3, 206, 总体设计
30391910, 8.2, 219, 行为设计学
05942586, 9.1, 105, 篠原一男住宅図面
26438744, 8.2, 217, 超越Logo设计(第2版)
01001198, 8.9, 120, 色彩艺术
05063626, 9.1, 103, 配色事典―大正・昭和の色彩ノート
03430960, 9.0, 110, IDEO Method Cards
27174024, 7.0, 888, 混乱
26296679, 8.1, 233, 移动应用UI设计模式（第2版）
01150994, 8.5, 162, 首饰设计
25854698, 8.0, 257, 微创新
25769610, 8.0, 256, 从包豪斯到我们的豪斯
26744572, 9.5, 78, The Art of Zootopia
27063585, 8.0, 254, 建筑的声音
30201299, 9.2, 94, 达·芬奇笔记
26699062, 8.0, 253, 如画观法
03709561, 8.2, 207, 瓦楞纸的创意生活
34690396, 9.1, 100, 上海图话
06963965, 8.1, 226, 大设计
02206577, 9.2, 92, 艺术.设计的平面构成
01469954, 9.1, 97, 营造法原
33412681, 8.0, 242, 欢迎来到你的世界
24869618, 8.3, 182, 通用设计方法
26905728, 8.5, 153, 通关！游戏设计之道（第二版）
21323329, 8.5, 152, 美国视觉设计学院用书
10580248, 7.0, 809, 地书
30225818, 9.0, 103, 装饰与罪恶
02058101, 8.2, 195, 100 Years of Fashion Illustration
30295122, 9.3, 83, 艺术·设计的平面构成（修订版）
34429244, 7.1, 686, 侘寂：致艺术家，设计师，诗人和哲学家
26291110, 8.5, 147, 日本造园心得
30162352, 9.2, 87, 我是怎么设计航空发动机的
28522614, 8.5, 146, 思辨一切
30142471, 7.7, 305, 佐藤大 : 超快速工作法
02131201, 8.6, 130, 世界现代设计史
01917477, 7.8, 267, 国际平面设计基础教程
25808226, 8.1, 196, Hooked
20375121, 7.8, 264, 设计并不重要
27178127, 9.1, 88, 书艺问道
27608644, 8.3, 163, 设计书
27192734, 8.3, 162, 装订考
01589951, 9.1, 87, 服装造型学.技术篇Ⅰ
27607438, 9.0, 93, 年轻设计师必修的七堂课
27136726, 9.2, 81, 设计革命：地球号太空船操作手册
25862775, 6.9, 805, 游戏化思维
03519868, 8.3, 160, 平面设计视觉词典
30225716, 8.0, 211, 老板，这种设计没人买！
25744600, 7.5, 358, 微交互
26890213, 8.1, 190, 色彩列传：蓝色
26594029, 7.9, 230, U一点·料
01860608, 9.2, 80, The Art of Looking Sideways
27157290, 7.4, 400, 电商产品经理宝典：电商后台系统产品逻辑全解析
03065982, 8.2, 171, 打开创意的脑
25833225, 7.5, 349, 数据之美
30389528, 8.0, 204, 你好，这是我们的名片
04225993, 8.0, 203, 时装设计元素
26674064, 7.3, 440, 无印良品的设计
06722886, 6.8, 891, 设计准则
25716088, 8.5, 130, 界面设计模式（第2版）
26310535, 9.0, 89, 一個嚮往清晰的夢
03020038, 9.1, 83, 世界室内设计史
33420597, 9.1, 83, 276幅珍贵设计手稿：伟大建筑手稿
02129306, 8.0, 200, 怎样成为一名设计师
26436676, 8.0, 200, 设计，为更好的世界
25755879, 7.4, 378, 最简单的图形与最复杂的信息
30226285, 7.4, 375, 游戏剧本怎么写
04759148, 8.7, 108, 意境与空间
06429635, 7.6, 295, 克利与他的教学笔记
26814887, 9.5, 63, Fashionpedia
26857698, 8.6, 116, 体验设计白书
26900066, 9.9, 50, Sunday Sketching
27015807, 8.6, 115, 请坐
03725486, 9.2, 75, 鲁迅的艺术世界
25881206, 8.3, 146, 欲求之物：1750年以来的设计与社会
27037189, 8.4, 134, 佐藤大的设计减法
26992853, 7.5, 323, 食物信息图
26710486, 8.8, 98, 用户体验度量：收集、分析与呈现（第2版）（全彩）
24738953, 7.0, 612, 疯狂的简洁
26904512, 7.5, 321, PPT设计思维
02679108, 7.4, 358, 分镜头脚本设计教程
27114163, 8.4, 132, 点线面
20382261, 9.4, 65, 幻想的艺术
30337105, 8.1, 170, 另一种设计
30438861, 7.6, 280, 爱说教的男人
26741283, 7.7, 248, 日本版式设计原理 - 甲谷一
10580967, 9.1, 77, 书籍设计基础
27090342, 7.5, 309, 关于设计的思考
30390604, 7.9, 199, 行为设计学
30365182, 8.5, 117, 好色
06390617, 9.0, 81, Folding Techniques for Designers
27599680, 8.9, 86, 竹久梦二图案集
30142279, 7.5, 299, d设计之旅：京都
10564515, 8.8, 92, 从平面到立体
03905349, 8.1, 161, 室内设计哲学
26767675, 8.0, 175, 设计的生态学
01115792, 8.4, 123, 艺术·设计的立体构成
03154020, 9.2, 69, 設計的法則
03165829, 7.8, 210, 贝聿铭传
30432110, 9.0, 78, 参与性景观
10767251, 9.1, 73, 365个艺术创意
05408888, 7.5, 288, 美学的经济
26898159, 8.5, 112, TYPOGRAPHY 字誌 Issue 02
26927624, 8.5, 112, 为生活的设计
02051004, 8.4, 121, 创新的10个面孔
25846777, 8.6, 103, 真实的设计
19952397, 7.3, 360, 鲜活的数据
05248004, 8.2, 142, 设计思维
07063010, 8.4, 119, WOW 不一样的插画设计
27058447, 9.3, 63, 非具象世界
03287692, 9.0, 76, An Illustrated Life
26847859, 8.3, 128, 3D镜面绘本：不可思议的彩虹
26832495, 7.8, 202, 设计入门教室1
04932094, 8.2, 137, 版式设计基础教程
26958385, 7.2, 389, 理想的家
30338155, 8.4, 115, 场景
25780914, 7.2, 385, 设计与死
34781779, 8.7, 91, 做设计
24839474, 8.3, 124, 色彩圣经
03911518, 9.3, 61, Type
30264813, 7.5, 265, 好忠告
25760272, 8.4, 113, 数据可视化
30253318, 9.0, 73, 文字排印設計系統
10514059, 8.9, 78, 平面设计的语言
26627809, 7.0, 490, 收纳全书
03535073, 7.4, 291, 设计，无处不在
30190095, 8.2, 131, 生活工艺时代
25857796, 7.6, 231, Show Your Work!
34816492, 7.2, 364, 古色之美
26530670, 7.7, 205, 视觉传达设计实践
01393411, 9.5, 52, 意匠文字(全二册)
10530232, 7.0, 465, 至关重要的设计
01484767, 9.3, 58, The Illusion of Life
04926708, 7.1, 400, 网站设计解构
26809374, 8.0, 150, 信息架构
30404929, 8.9, 74, 椅子100
02339796, 9.3, 57, Karel Martens
04818690, 7.7, 195, 用户体验面面观
03238008, 9.4, 53, Building Construction Illustrated
26732447, 8.5, 96, Sprint
30280443, 8.7, 82, 博朗设计
05972813, 9.2, 59, Axel Vervoordt
03988148, 7.5, 236, 平面设计法则
02813612, 8.6, 88, The Fundamentals of Fashion Design
06711939, 8.9, 71, 设计方法论
25800711, 8.9, 71, 書設計
30223201, 9.4, 52, 造梦空间
25928596, 8.5, 94, 製衣
01814322, 9.3, 55, 外国钢笔画选集
25809212, 8.4, 100, 包豪斯舞台
30323911, 9.3, 54, 超级工作室1966—1978
01471535, 8.8, 74, A Pattern Language
01493922, 8.8, 74, Raf Simons
20493662, 7.6, 201, 设计师谈家居色彩搭配
25779054, 8.7, 78, 时尚
26567177, 8.9, 68, 唐风流韵
03062340, 8.3, 105, 设计思维
30774766, 8.8, 72, 硅谷设计之道
26655782, 7.2, 298, 迪奥的时尚笔记
34840056, 8.3, 101, 海海人生
26754522, 7.6, 190, 世界现代设计史（第二版）
27138870, 8.2, 109, 今日版式
26386339, 8.1, 118, 平面设计完全手册
24896848, 7.8, 152, 精益设计
26296886, 7.2, 288, 设计的语言
26280776, 8.3, 98, 设计修辞法
25933295, 8.5, 83, 设计：为了爱犬
02026243, 8.8, 67, 事理学论纲
11228565, 8.8, 67, 101 Design Methods
30304733, 9.5, 44, 路米斯经典美术课
30311023, 7.8, 147, D&amp;DEPARTMENT开店术
06915786, 9.1, 55, This Is Service Design Thinking
26340381, 7.8, 146, 用户体验与可用性测试
01814344, 8.3, 95, 室内设计师专用配色色谱
35043951, 9.0, 58, 心
06041651, 9.7, 39, Dieter Rams
25957384, 9.6, 41, 时代漫画
34781344, 8.2, 102, 秋冈芳夫
26422871, 7.6, 173, 场面调度：影像的运动（插图修订第2版）
01676587, 7.3, 236, 魅力史:激发欲望与视觉征服的艺术
05385486, 9.1, 53, 西方设计
24881028, 7.9, 128, 100个改变平面设计的伟大观念
26822038, 7.4, 210, 回到初衷
25842572, 8.4, 84, 字体设计的规则与艺术
34886329, 8.2, 97, 川久保玲：边界之间的艺术
11615440, 8.5, 77, 珠宝设计绘图入门
25912682, 8.7, 66, 创造奇迹
10565990, 7.7, 147, 色彩构成
27144862, 9.2, 48, 数字时代儿童产品设计
06024024, 9.0, 54, 色彩感知学
34822481, 9.6, 38, 创造力的形状
27180431, 9.0, 53, Design systems
26832497, 7.8, 130, 设计入门教室3
04893147, 8.4, 79, 时装设计元素
04140504, 8.5, 73, 西方女装百年图鉴
20365782, 8.6, 68, 版式设计+
06859758, 7.7, 140, 颠覆性思维
33413585, 8.7, 63, 设计的修养
03542920, 7.8, 127, 身体，记忆与建筑
01114924, 8.5, 72, 世界室内设计史
26766298, 6.9, 340, 未来建筑的100种可能
21339925, 8.5, 71, 看不見的設計
30489950, 8.5, 71, 托尼克：设计为何
26673140, 8.8, 57, 风景园林设计要素
04073298, 9.4, 40, Game Feel
26882272, 7.2, 220, 设计的准则
33377948, 7.8, 118, 我是怎样设计飞机的
34897704, 8.7, 59, 用户体验设计指南：从方法论到产品设计实践
25973285, 8.1, 91, 这个设计好在哪
27060652, 7.9, 107, 设计是什么：保罗·兰德给年轻人的第一堂课
34857277, 7.7, 127, 爱上收纳：井井有条又热气腾腾的家
24859840, 8.0, 97, 为自己工作
34851670, 8.6, 61, 建筑与虚无主义
26792423, 7.7, 124, 设计，在人人设计的时代
27185104, 7.4, 163, 设计与死
26108022, 9.4, 37, 设计师一定要懂的材质运用知识
30305636, 8.4, 68, 艺术·设计的色彩构成（修订版）
01278482, 9.0, 46, 机械设计实践
27034443, 7.4, 159, 聊聊架构
26289656, 8.0, 91, 不只是美
01425721, 8.3, 72, 色彩管理
04776049, 8.9, 48, The Wall Street Journal Guide to Information Graphics
27028198, 7.8, 107, 风格不朽
20556231, 7.3, 174, “日本收纳教主”近藤典子助你打造一个井井有条的家
27049704, 8.7, 54, 数据可视化(40位数据设计师访谈录)(精)
33587947, 9.7, 31, 知觉之门（插图本）
06333823, 9.2, 40, Addiction by Design
26879653, 7.4, 155, 日日器物帖
06961856, 8.9, 47, Abstract City
26928110, 7.0, 238, 设计的细节
26732344, 8.1, 81, 小菜场上的家2
26632417, 9.6, 32, How to
30475363, 9.6, 32, 设计的125条通用法则（全本）
35044898, 7.9, 95, 别想生活有答案
26899667, 8.5, 60, 匠心体验
30374153, 8.0, 87, d设计之旅：冲绳
30264913, 7.4, 150, 长冈贤明的思考
10779515, 8.4, 64, 圖解設計思考
34901762, 9.1, 41, 票证里的中国
03894923, 8.9, 46, 中国纹样全集
26374952, 7.8, 101, 街道文字
06062206, 8.8, 48, 老年住宅
34442425, 9.6, 31, DK世界家具大百科
05985990, 8.4, 62, 新编英国平面设计基础教程
30463455, 9.8, 28, 奥斯卡·施莱默的书信与日记
26592185, 7.1, 197, 永恒如新的日常设计
26980021, 7.4, 142, 善变的色彩：颜色小史
05263559, 8.9, 44, 設計思考改造世界
03028826, 8.2, 70, 视觉艺术原理
30380076, 9.0, 41, 空间与身体
26303026, 8.2, 69, 手工皮艺基础
05957943, 8.8, 46, 色彩艺术
26729392, 8.6, 52, 住宅精细化设计2
26924386, 6.9, 237, 感官品牌
25905681, 7.9, 86, 系统思维
33403542, 8.2, 68, 用户体验要素：以用户为中心的产品设计（原书第2版）
02290846, 9.2, 36, 艺术.设计的纸的构成
26839651, 8.8, 45, 好LOGO 如何想？如何做？
10508651, 7.8, 92, 室内设计师专用灯光设计手册
26960693, 7.2, 163, 品牌至上——LOGO设计法则与案例应用解析
06194577, 8.9, 42, 乌尔姆设计
30206773, 7.1, 181, 游戏改变人生
34814151, 6.8, 260, 有家就要好好住
26830207, 7.9, 83, 设计师要懂心理学2
33389869, 8.4, 57, 国之色 中国传统色彩搭配图鉴
01969484, 9.2, 35, 凯尔特装饰图案
27110284, 8.9, 41, 可士和式
34945437, 8.9, 41, 灯塔之书
30349084, 8.3, 60, 捕梦艺术
06557872, 8.6, 49, 好設計，第一次就上手
30253415, 8.5, 52, 衣橱博物馆
27158377, 8.2, 64, 设计与革新
26330748, 7.8, 87, 新概念字体基础&amp;应用
26535117, 7.0, 192, 裙裾之美
06806524, 9.1, 36, Pantone色彩聖經
11594126, 7.4, 124, 20世纪的设计
03712207, 7.8, 86, Change by Design
26824987, 7.8, 86, 品味，從知識開始
01730412, 8.5, 51, 建筑形态设计基础
27073634, 7.6, 102, 巴慕达
34438911, 9.3, 32, 五彩彰施
26383791, 8.8, 42, 創意電力公司：我如何打造皮克斯動畫
03160870, 7.8, 85, 包豪斯：大师和学生们
25707649, 7.4, 122, 设计心法100+1
30255733, 8.4, 54, 風格是一種商機
26899670, 8.0, 72, 决胜UX
25977750, 7.2, 149, 文字的力与美
30274796, 6.6, 308, 哗众取宠
01603078, 8.1, 66, 艺术·设计的光构成
01079407, 8.3, 57, 风格问题
03228767, 9.3, 31, The Advertising Concept Book
26378338, 8.3, 56, 终极海报:23位创意大咖的设计评论与思想
34863798, 8.3, 56, 时尚的艺术与批评
26436551, 7.3, 129, 信息图表设计入门
01875698, 9.1, 34, Meggs&#39; History of Graphic Design
30361190, 8.3, 55, 走进伦敦设计博物馆
26999502, 9.4, 29, Graphic
34914942, 8.5, 48, 即兴
25953677, 8.7, 42, SUBTLE
35076051, 8.7, 42, 苏联设计时代1950—1989
30377260, 8.2, 58, 景观笔记
02128991, 9.3, 30, Interaction of Color
20562604, 7.9, 72, 现代设计史（第2版）
01450877, 8.6, 44, 绘画构图基础教程
26680464, 8.3, 53, 照明设计
01861298, 8.7, 41, Communicating Design
04931698, 7.1, 148, 50件改变世界的裙装
30365148, 8.7, 40, 艺术·设计的立体构成（修订版）
35016407, 8.6, 42, 极简时尚史
03043744, 8.9, 35, 欧洲古典装饰图案1500
30237394, 7.7, 79, 日常生活中的发明原理
27194501, 7.6, 86, 依存与自立
26377083, 9.1, 31, 非典型设计史
34937489, 7.1, 136, 极简之道:日本平面设计美学
01682956, 8.4, 46, 服装纸样设计原理与技术
11442968, 8.3, 49, 盖绿色的房子
26336523, 8.3, 49, 图解动物园设计
27614936, 8.5, 43, 网格系统与版式设计
05916904, 9.8, 22, Printed Matter
27008753, 8.1, 56, 原田进：设计品牌
27611023, 8.2, 52, 设计师的材料清单：建筑篇
30393925, 7.7, 76, 社区设计
25736300, 8.4, 45, 包豪斯
06104664, 7.7, 75, 室内设计制图讲座
30187191, 8.5, 42, 怎样用设计改变世界
30476256, 7.8, 68, 形之素
26594612, 5.9, 701, 犀牛字典
25828634, 7.6, 78, 自由绘画：插画师要知道的84个创作技巧
05364376, 7.9, 61, 自由职业设计师工作手册
01737636, 8.4, 43, 设计规则模块化的力量
26817349, 9.3, 26, Classic Penguin
27050047, 9.3, 26, 美术海
25741255, 8.3, 45, 超越平凡的平面设计:怎样做好版式(第2卷)
26806913, 6.9, 151, 极致：互联网时代的产品设计
20524461, 8.7, 35, Interaction of Color
26978939, 8.8, 33, 交互设计：原理与方法
01909764, 7.2, 108, 设计美学
26642327, 7.2, 108, 洞察人心
26802566, 7.2, 108, 椀一式
27602598, 7.8, 63, PPT进化：如何设计一份惊艳的PPT
33431894, 7.8, 63, 就是要逛才有趣
25986471, 9.3, 25, The Non-Designer&#39;s Design Book
35057671, 9.8, 20, 时尚通史（第2版）
25889619, 8.5, 38, Thoughts on Design
33397334, 7.4, 85, 十宅论
26795416, 7.2, 102, 字体设计进化论
02968719, 8.2, 45, 包装设计
26611725, 6.0, 488, 虫子书
26749073, 9.0, 28, 這樣O那樣X馬上學會好設計
30489181, 6.7, 170, 图解中国传统服饰
26312828, 7.2, 98, 版式设计原理 • 案例篇
27107271, 7.9, 54, 镜花水月：西方时尚里的中国风
25839740, 7.4, 80, 服装制作基础事典
27622156, 7.8, 57, 山本耀司
20273124, 8.1, 45, 佐藤可士和の超設計術
04822087, 8.2, 42, 世界玩具经典
03168068, 8.7, 31, 亲临风尚
25929211, 9.1, 25, 动画角色设计
34450532, 8.8, 29, 版式力：提升版面设计的留白法则
30187532, 8.5, 34, 设计师的材料清单：室内篇
30482518, 7.9, 50, 撕碎建筑的硬壳
30417565, 7.0, 109, d设计之旅：东京
21321682, 7.5, 68, 抠图+修图+调色+合成+特效Photoshop核心应用5项修炼
33451698, 8.0, 46, 保罗·史密斯的骑行剪贴簿
26995695, 6.4, 221, 京都之水
04885215, 7.9, 49, Living with Complexity
26877108, 8.8, 28, 汉字字体设计原理
01805995, 8.4, 35, How To Be a Graphic Designer Without Losing Your Soul
35044452, 9.5, 20, 年轻建筑师的职场必修课
26716532, 8.3, 37, 设计基础
05413218, 6.7, 146, 设计中的色彩心理学
33447230, 7.2, 85, 无限接近自然
10797944, 7.3, 76, 软件架构设计
30484307, 8.6, 30, 艺术与视知觉
26840634, 9.2, 22, This Is Service Design Doing
25858031, 7.9, 46, 妙手回春 网站可用性测试及优化指南（修订版）
01027230, 6.3, 227, 设计学概论（修订版）
30182632, 8.9, 25, Rem Koolhaas: Elements of Architecture
27610887, 7.7, 52, 设计几何学
30286685, 7.7, 51, Creative Selection
03664510, 7.6, 55, 色彩构成
26994888, 8.7, 27, 用手绘思考
02028547, 9.1, 22, 设计素描
32519971, 9.3, 20, The Art of Statistics
30432356, 9.4, 19, 编辑设计
30344168, 8.8, 25, 色彩力
33413081, 6.5, 158, 排版的风格
03027233, 9.5, 18, Process
01957190, 8.1, 37, 现代版式设计先驱
06963757, 8.7, 26, 給設計以靈魂
01909815, 7.3, 67, 色彩搭配原理与技巧
26742617, 6.6, 135, 爱不释手
26995266, 9.1, 21, 设计折学
27138809, 8.9, 23, 室内空间布局与尺度设计
34969052, 8.4, 30, 步步为赢
34902197, 8.0, 38, 关于创意商业的150个问与答
33463907, 6.0, 301, 风格的练习
34857567, 9.7, 16, 我的字體排印學之路：字體排印新浪潮之父沃夫岡‧魏因加特
30253383, 8.7, 25, 世界平面设计史（第二版）
30242588, 8.3, 31, 艺术·设计的光迹构成（修订版）
27154588, 7.6, 49, 拆物专家--当代生活常用物件解剖
25748536, 7.3, 62, 住进光与影的家
03185762, 9.0, 21, 中国历代传统纹样
25813393, 9.0, 21, 打開建築家的門
19965492, 7.9, 39, 日本小住宅空間極致運用術
34457323, 8.0, 36, 视界·无界2.0
26856689, 7.9, 38, 装饰艺术的语言
26832496, 6.7, 107, 设计入门教室2
34794151, 8.1, 33, d设计之旅：福冈
27060363, 6.3, 168, 文创品牌的秘密
27138162, 8.4, 27, 欧洲新艺术植物纹样(精)/99博物艺术志
30359974, 8.4, 27, 修图师的自我修养
34990117, 8.5, 25, MUCHA慕夏
30768046, 9.6, 15, 字体设计100+1
01941560, 8.7, 22, Swiss Graphic Design
26354448, 8.1, 30, 色彩互動學
01312488, 7.9, 34, 美国室内设计通用教材（上下）
34894407, 7.9, 34, 隈研吾的材料研究室
27074670, 7.8, 36, 用户至上：用户研究方法与实践（原书第2版）
06736792, 8.9, 19, 室内装饰装修构造图集
20432032, 7.2, 55, 设计与文化导论
02051444, 8.5, 23, Rare Bird of Fashion
33384893, 9.0, 18, 民居线条之美
28552259, 7.3, 50, 配色手册
34615004, 7.5, 42, 启示录
30296674, 7.7, 36, 想法誕生前最重要的事
06811188, 9.2, 16, Menu Design in America
26971276, 6.5, 103, 设计法则100
02124306, 8.3, 24, 图示与图标设计
30360774, 7.1, 54, 住宅细节解剖书
27133306, 7.0, 59, 日本设计
34678528, 6.4, 110, 日本风俗小物
26684501, 8.0, 28, 设计之外——比修图更重要的111件事
34897041, 9.1, 16, 费顿艺术启蒙认知：约瑟夫·艾尔伯斯的形状
25743090, 7.3, 45, 乐在原木生活
26841181, 7.3, 45, 设计调研（第2版）
26832059, 6.4, 107, 摆放
30139310, 8.8, 18, 世界101位设计师的几何图案手册
25749750, 7.8, 31, 绿色律令
34944566, 9.2, 15, 建構視覺文化的13人
30717399, 8.2, 24, 完美配色：源自时尚、艺术与风格
04712457, 8.3, 22, 秩序感
26878066, 6.6, 79, 从小白到美术指导
21365433, 7.6, 33, 设计美食
35027985, 8.0, 25, 奇特的工具
34994992, 9.2, 14, 建筑家安藤忠雄
04924987, 7.8, 28, 不讓殘酷的神支配
06507216, 7.8, 28, 设计反思
34869062, 8.6, 18, 做字：实用字体设计法（全彩）
30402224, 8.7, 17, 图解住宅尺寸与格局设计
30484380, 8.1, 23, TYPOGRAPHY 字誌 Issue 05
26739739, 8.0, 24, なるほどデザイン〈目で見て楽しむ新しいデザインの本。〉
34468885, 9.3, 13, 日本茶室与空间美学
30426976, 7.9, 25, 窥视工作室：日本篇
30487053, 7.6, 30, 设计大师的商业课
26774686, 7.7, 28, 感设计
10541773, 8.7, 16, 西方家具集成
25740587, 9.0, 14, Keep It Simple
30415687, 8.3, 19, 共享空间设计解剖书
30531267, 8.3, 19, 情境交互设计
34894421, 8.8, 15, 无限佐藤大
27661586, 7.5, 30, 孔雀与藤蔓
34954811, 9.3, 12, 英国皇家学会
12470112, 9.5, 11, M to M of M/M
30143056, 8.3, 18, 设计史与设计的历史
25774371, 8.0, 21, 比亚兹莱在中国
27109933, 6.4, 72, 包豪斯理想：过去与现在
05416997, 7.4, 30, 人本界面
10488122, 8.5, 16, 建筑装饰材料图鉴大全
33375768, 9.7, 10, How To Begin?
30338447, 8.6, 15, 《灵动的设计：威廉•莫里斯的经典设计纹样》
01986168, 8.2, 18, Zag
30207420, 8.3, 17, 1900年以来的室内设计（增订版）
30196262, 8.7, 14, 设计的价值
27624039, 6.7, 49, 田中一光自传(与设计一起前行)(精)
26590016, 5.9, 119, 创字录
30393398, 8.2, 16, 考現學入門
27174413, 6.7, 42, 向拉斯维加斯学习
06013859, 7.5, 23, PS抠图秘技
26894474, 8.8, 12, 給未來的創新經營者
06771808, 8.6, 13, 伊姆斯：創作，到真實之路
34899655, 7.8, 19, 创意选择
30456695, 9.0, 11, 设计的法则（第3版）
04882518, 8.4, 14, Herman Miller物語
30288251, 7.8, 18, 設計・Design・デザイン
26968850, 7.2, 26, LOGO(29个经典的前世今生)
03353007, 7.3, 24, 汉字图解字典
30283244, 8.6, 12, 装饰的法则
34858744, 7.2, 25, 社会设计
30455263, 8.7, 11, Playful Data
34450544, 6.4, 45, 设计力：写给大家的平面设计法则
34436774, 7.0, 26, 日日是好日（川本谕的植物美学教室系列）
30229372, 8.4, 12, 今天，我们用什么做艺术？
30354836, 7.1, 24, 设计·新生
30125082, 7.2, 22, 今日色彩：商业设计中的色彩搭配
34859540, 8.8, 10, 产品思维：创新设计的六条法则
25864083, 8.5, 11, 设计师不可不知的100种世界经典平面设计图书
33450198, 7.4, 18, 骷髅之美
34889050, 7.6, 16, 设计体系：数字产品设计的系统化方法
30205917, 7.2, 20, 花艺师的130个绝美配色提案
30379240, 6.6, 31, 无印良品的设计2
32568276, 8.3, 11, 凤凰文库设计理论研究系列-唯有粉红:审美品位的性别政治学
32575588, 7.9, 12, 凤凰文库设计理论研究系列-设计与价值创造
26756898, 7.0, 18, 奇幻世界藝術&amp;RPG地圖繪製講座
34433960, 7.5, 13, 闲言碎语
34816471, 6.2, 30, 改变阅读的设计
10511239, 7.4, 13, 包装设计法则
30225911, 7.3, 13, 像设计师那样思考
33424170, 5.9, 36, 服务设计驱动的革命：引发用户追随的秘密
35006358, 6.4, 22, 游戏感：游戏操控感和体验设计指南
35013007, 6.4, 10, 中文文字设计研究选集
27050689, 5.9, 11, UX权威指南
27196978, 0.0, 10, 设计问题(创新模式与交互思维第3辑)(精)/设计思想论丛
34972354, 0.0, 10, 书籍设计
19949802, 0.0, 11, Make It So
25759030, 0.0, 11, 擔露1.5：18個品牌X72件包裝設計活案例
35044469, 0.0, 14, LOGO设计的五大法则
35066730, 0.0, 14, 服装设计师的68堂时装画必修课
34456955, 0.0, 21, 设计职场的三种打开方式--设计专家.设计管理.设计变现
01481496, 0.0, 23, Things That Make Us Smart
35091192, 0.0, 32, 理想的工作间
