2020-07-05 16:00:17

number of books, tag name
474, 译文

ID, rating, votes, title
03259440, 9.1, 460320, 白夜行
03211779, 8.9, 411967, 嫌疑人X的献身
10594787, 9.0, 184342, 霍乱时期的爱情
04908885, 9.0, 129296, 局外人
01046209, 9.2, 88895, 安徒生童话故事集
26954760, 8.8, 149147, 月亮与六便士
01829226, 9.1, 85335, 肖申克的救赎
01007914, 8.7, 158694, 窗边的小豆豆
03006581, 8.9, 98939, 无人生还
01141406, 8.5, 186827, 简爱（英文全本）
03646172, 8.4, 195288, 恶意
02035162, 9.0, 55001, 刀锋
01040771, 8.2, 206810, 达·芬奇密码
01046265, 8.0, 317939, 挪威的森林
04123116, 9.1, 38130, 月亮和六便士
01786670, 8.9, 52346, 百年孤独
01058661, 8.9, 50616, 飞鸟集
02159042, 8.5, 101244, 挪威的森林
05414391, 9.0, 41468, 寻路中国
07060185, 9.0, 37401, 江城
01034282, 8.8, 46654, 时间简史
03136271, 8.7, 47438, 罗生门
01775691, 8.4, 81347, 少有人走的路
01036274, 8.6, 51791, 夏洛的网
03815131, 9.4, 14561, 一九八四
01400705, 8.1, 134118, 情人
01807516, 8.9, 27458, 罗杰疑案
01086249, 8.6, 44976, 荆棘鸟
04920007, 8.8, 31637, 不能承受的生命之轻
04885241, 8.4, 62834, 1Q84 BOOK 2
03026879, 8.8, 28936, 爱的艺术
01813841, 8.7, 32093, 枪炮、病菌与钢铁
01291809, 8.6, 37092, 世界尽头与冷酷仙境
01865089, 8.4, 51684, 瓦尔登湖
01059419, 8.1, 90763, 海边的卡夫卡
01316648, 8.3, 58853, 查令十字街84号
03693974, 9.4, 9537, 小王子
01292416, 8.5, 36288, 香水
01941558, 8.6, 29625, 设计中的设计
01858568, 9.1, 12218, 罪与罚
01159939, 8.6, 24423, 一个陌生女子的来信
01424741, 8.5, 28758, 心是孤独的猎手
03391248, 8.7, 20074, 金阁寺
01225977, 8.9, 12731, 全球通史（第7版 上册）
01291204, 9.4, 6399, 哥德尔、艾舍尔、巴赫
03815125, 8.9, 12283, 香水
01885224, 8.9, 11919, 傲慢与偏见
02158684, 9.1, 8596, 象棋的故事
04074636, 7.6, 121332, 放学后
26340138, 7.6, 120583, 岛上书店
02039931, 9.1, 8363, 小王子
01082518, 7.9, 59967, 麦田里的守望者
02056749, 8.1, 40337, 时间旅行者的妻子
01322025, 8.7, 13301, 卓有成效的管理者
03136255, 8.8, 11209, 一个陌生女人的来信
01922977, 9.4, 4980, 父与子
04908882, 8.8, 10720, 罗生门
01059112, 9.1, 7027, 百年孤独
01883353, 8.8, 10341, 野性的呼唤
01856025, 8.9, 8842, 道连·葛雷的画像
01033190, 8.8, 10180, 失落的一角
06401128, 8.9, 8505, 批评官员的尺度
01885170, 9.3, 4993, 算法导论（原书第2版）
30183051, 8.3, 21602, 鱼翅与花椒
02250587, 7.6, 82962, 一个人的好天气
02359052, 8.9, 8275, 查拉图斯特拉如是说
01860750, 8.4, 17418, 了不起的盖茨比
01060117, 8.6, 12455, 不朽
01186392, 8.7, 10622, 约翰·克利斯朵夫
04908883, 9.0, 6573, 荒原狼
04011440, 8.0, 31723, 最初的爱情 最后的仪式
01056461, 8.3, 18402, 旅行的艺术
04618225, 8.2, 21767, 不去会死！
01917972, 7.8, 45237, 在路上
05406559, 8.8, 8054, 鼠疫
03987362, 8.9, 6948, 春雪
04105446, 8.2, 20474, 十一种孤独
01880992, 8.5, 12435, 老人与海
01438816, 9.1, 5258, 给青年诗人的信
03326892, 8.6, 10509, 圣诞忆旧集
02180619, 8.0, 28059, 偷书贼
03347997, 8.4, 14008, X的悲剧
01225983, 8.7, 8729, 万物简史
04010969, 7.8, 40239, 当我们谈论爱情时我们在谈论什么
01914636, 8.4, 12783, 蛤蟆的油
06811366, 8.3, 14266, 禅与摩托车维修艺术
03836566, 8.6, 8436, 玫瑰的名字
01318126, 8.4, 11067, 雪国
01467776, 8.4, 10724, 朗读者
01851385, 7.9, 25135, 我的名字叫红
01220853, 8.3, 12200, 伟大的博弈
01926700, 7.7, 35875, 关于莉莉周的一切
04127527, 8.1, 16857, 厨房
01052828, 8.4, 10098, 玩笑
04152754, 7.6, 42779, 时生
04282084, 8.8, 5568, 论摄影
01880829, 8.6, 7230, 呼啸山庄
01016486, 8.4, 9697, 笑忘录
01320282, 9.1, 3650, 什么是数学
01880986, 9.2, 3229, 悲惨世界（上下）
05958726, 8.0, 18547, 质数的孤独
02193877, 8.0, 18353, 你在天堂里遇见的五个人
02036561, 8.4, 9410, 城堡
04149805, 8.5, 7753, 了不起的盖茨比
02139305, 7.7, 30673, 巴别塔之犬
25822105, 8.3, 10266, 无缘社会
01772786, 8.7, 5572, 真名实姓
25873415, 8.9, 4255, 月亮和六便士
01894745, 8.4, 8458, 简·爱
06313524, 9.0, 3612, 人生的枷锁
02297706, 8.2, 11351, 平面狗
04908872, 8.6, 5896, 都柏林人
01146267, 8.8, 4452, 深渊上的火
01812215, 9.1, 3031, 银河英雄传说VOL.1 黎明篇
01064828, 8.4, 7691, 好笑的爱
01937228, 9.3, 2309, 百年孤独
01903164, 8.0, 14256, ABC谋杀案
03815126, 8.7, 4834, 瓦尔登湖
02008724, 9.1, 2847, 百年孤独
01818583, 9.1, 2805, 斯·茨威格中短篇小说选
04120475, 9.3, 2216, 加缪全集 （小说卷）
01872158, 8.2, 9683, 蝇王
01894742, 8.5, 6074, 红与黑
04872919, 8.7, 4523, 美妙的新世界
02158192, 8.4, 6669, 寻羊冒险记
02042633, 9.0, 2934, 金蔷薇
01870268, 8.6, 4919, 美国大城市的死与生（纪念版）
01322358, 9.0, 2851, 费马大定理
01880987, 8.6, 4783, 安娜·卡列尼娜
01880991, 8.7, 3879, 堂吉诃德
05395162, 9.0, 2621, 天人五衰
04131380, 9.1, 2253, 忧郁的热带
03815129, 8.6, 4221, 老人与海
01045201, 8.2, 7548, 哲学的慰藉
01860757, 8.1, 8613, 少年维特的烦恼
01849791, 8.6, 4075, 铁皮鼓
01292359, 8.4, 5107, 相约星期二
04823788, 8.9, 2616, 奔马
04173403, 7.7, 15822, 温柔的叹息
01069885, 8.1, 7349, 你在天堂里遇见的5个人
01939182, 8.0, 8639, 美国众神
01291199, 8.7, 2959, 过于喧嚣的孤独 底层的珍珠
01318120, 8.4, 4370, 伊豆的舞女
03931510, 8.0, 7721, 神的孩子全跳舞
01885215, 8.2, 5538, 雾都孤儿
03000997, 7.5, 18358, 牛奶可乐经济学
04732188, 8.1, 6290, 中央公园西路
01919072, 7.7, 12064, 长尾理论
01174721, 8.4, 3938, 丧钟为谁而鸣
03908240, 7.7, 11928, 情人
02243692, 7.8, 9623, 潜水钟与蝴蝶
01223845, 7.6, 13031, 男人来自火星 女人来自金星
02062599, 8.5, 3134, 雪
01768642, 9.2, 1340, 博尔赫斯短篇小说集
04199363, 8.5, 3093, 九人
02161692, 8.4, 3504, 海底两万里
03041463, 8.4, 3496, 时间回旋
01880990, 8.3, 3972, 复活
02981589, 8.7, 2292, 美妙的新世界
01067293, 8.6, 2600, 青春
01787729, 8.5, 2849, 单向度的人
01049872, 8.9, 1731, 西方哲学史（下卷）
01035517, 7.6, 11383, 男人这东西
01389884, 8.4, 3128, 24個比利
04843462, 9.5, 882, 楞严经
05321895, 8.3, 3578, 那些忧伤的年轻人
01893972, 8.2, 4130, 漂亮朋友
01885262, 8.6, 2363, 笑面人
04173402, 8.4, 3033, 昨日之旅
01036395, 8.4, 2944, 爱上浪漫
03071402, 8.6, 2196, 物理世界奇遇记
02229229, 8.0, 5071, 穿条纹衣服的男孩
01768332, 8.3, 3260, 喜福会
01814118, 9.2, 1065, 月亮和六便士
06009666, 7.5, 11345, 一个人的好天气
01204179, 8.3, 3121, 安娜·卡列尼娜
01880827, 8.5, 2300, 远大前程
02214344, 7.5, 10668, 不存在的女儿
11505636, 8.6, 1985, 旅行的艺术
03669408, 8.2, 3356, 身份的焦虑
01893466, 8.0, 4471, 鲁滨孙历险记
27111185, 8.0, 4364, 女性贫困
01858583, 8.4, 2417, 蝴蝶梦
01807562, 9.1, 1057, 加西亚·马尔克斯中短篇小说集
04823789, 8.5, 2117, 晓寺
01818722, 9.3, 851, 飘（下）
01983031, 8.9, 1292, 大奥 (第1巻)
01809150, 8.4, 2364, 公众舆论
01755153, 8.7, 1582, 微观经济学
01158930, 7.7, 6310, 十角馆杀人预告
01137246, 8.7, 1533, 就业、利息和货币通论
04151134, 7.8, 5327, 只爱陌生人
02165057, 8.7, 1519, 堤契诺之歌
05940829, 8.2, 2869, 写在身体上
21617690, 8.3, 2476, 再会，老北京
01793721, 7.9, 4333, 琴声如诉
01065069, 9.2, 847, 追寻逝去的时光（第一卷）
01056673, 8.7, 1457, 春雪
26828349, 8.1, 3176, 东北游记
01880825, 8.2, 2721, 希腊神话
02193879, 8.5, 1824, 神曲
01883349, 8.2, 2688, 永别了，武器
01883354, 8.8, 1238, 马丁·伊登
01006881, 6.7, 40651, 左手倒影，右手年华。
01962642, 8.1, 2860, 夏天．煙火．我的屍體
03158733, 7.9, 3773, 在切瑟尔海滩上
04818177, 8.2, 2379, 英国人的言行潜规则
04285631, 8.7, 1238, 意识形态起源和影响
01785512, 8.3, 2022, 漫卷西风
04120485, 9.2, 726, 加缪全集（散文卷Ⅰ）
04619135, 9.1, 801, 押沙龙，押沙龙！
01885229, 8.2, 2225, 爱的教育
02042631, 7.9, 3366, 弗兰肯斯坦
04619207, 8.9, 940, 我弥留之际
05260192, 8.5, 1480, 无人生还
01937582, 9.3, 623, 父之曆
03136267, 8.5, 1430, 小城畸人
01880306, 9.1, 731, 刀锋
01760134, 9.1, 711, 茨威格小说集
01785508, 8.2, 1995, 今晚去哪里
01958871, 8.2, 1993, 普宁
05388095, 8.5, 1354, 三个火枪手
26612387, 8.9, 861, 老人与海
01033057, 8.2, 1895, 劝导
01965977, 7.4, 6047, 我的抑郁症
05321892, 8.8, 869, 不适之地
01949417, 8.2, 1728, 这就是纽约
01880989, 8.4, 1336, 丧钟为谁而鸣
02030825, 8.1, 1931, 情人 乌发碧眼
01233301, 9.1, 608, 论犯罪与刑罚
06060418, 8.3, 1470, 年轻的心在哭泣
02568438, 8.6, 1007, 权力与荣耀
01340498, 8.7, 899, 人都是要死的
01814853, 8.5, 1091, 夏先生的故事
01915375, 8.7, 865, 西方的没落（全二卷）
01061729, 8.2, 1535, 韦罗妮卡决定去死
01036947, 8.5, 1061, 给青年小说家的信
01793227, 8.4, 1183, 木已成舟
01220895, 8.8, 745, 动物庄园
01785502, 7.9, 2219, 咖啡苦不苦
06126815, 7.9, 2201, 水泥花园
01149495, 8.2, 1413, 梦十夜
04882453, 9.1, 515, 甜甜私房猫1
04903440, 7.1, 7658, 名侦探的诅咒
01892291, 7.5, 3730, 十日谈
04904723, 9.0, 559, 微积分的历程
01894744, 7.6, 3071, 钢铁是怎样炼成的
01063627, 8.7, 728, 安妮的日记
04191577, 7.9, 1915, 相遇
01979199, 8.3, 1128, 批判性思维
04213990, 7.9, 1872, 天使游戏
04825807, 8.4, 977, 提嘉娜
04120483, 9.2, 423, 加缪全集（戏剧卷）
01228775, 8.5, 856, 玫瑰的名字
01894746, 7.9, 1768, 金银岛 化身博士
01140753, 8.7, 661, 盲刺客
04857031, 7.7, 2300, 钥匙
05043526, 7.6, 2641, 床笫之间
01946661, 7.4, 3629, 鸽群中的猫
01858493, 7.9, 1637, 虹
03785326, 8.4, 867, 黑猩猩的政治
01885221, 8.7, 608, 泰戈尔抒情诗选
01069576, 8.5, 752, 西方哲学史
03826575, 7.8, 1796, “小不列颠”札记
01963660, 7.8, 1772, 嗜书瘾君子
01960044, 8.6, 663, 伊利亚随笔选
26378470, 8.5, 727, 阴翳礼赞
01255584, 8.4, 812, 时间与自由意志
01964476, 8.5, 700, 汉字王国
01035887, 7.9, 1412, 模仿犯（第一部）
01144298, 8.6, 603, 莫泊桑短篇小说选
04872918, 8.4, 747, 希腊古典神话
01811507, 8.6, 597, 历史哲学
01866992, 8.8, 462, 浮士德
04882454, 9.3, 286, 甜甜私房猫2
34808973, 8.6, 541, 乌合之众
06126807, 7.7, 1576, 阿姆斯特丹
01962249, 8.3, 733, 换位
01959152, 7.7, 1547, 床上的爱丽斯
25756932, 7.4, 2402, 两个故宫的离合
01901745, 9.0, 353, 人性的枷锁
01785534, 8.5, 571, 雪莱诗选
06085417, 8.6, 514, 遗产
01322410, 8.7, 439, 人生的枷锁（上下）
01370016, 8.6, 475, 分成兩半的子爵
01257185, 8.8, 389, 你往何处去
01915837, 8.7, 421, 玩笑
01895846, 7.8, 1150, 马语者
01017267, 8.7, 377, 伊甸之东
01951441, 8.5, 459, 赫索格
05406577, 8.8, 340, 苔丝
01158931, 7.1, 2923, 水车馆幻影
03908886, 7.7, 1141, 太阳照常升起
04320816, 8.5, 437, 拥抱逝水年华
01937055, 8.4, 468, 蝇王
27112663, 9.8, 143, 契诃夫戏剧全集
01885227, 7.7, 1038, 嘉莉妹妹
05312099, 7.5, 1318, 对岸的她
06021104, 7.6, 1119, 纯白之夜
03930611, 9.0, 246, 大奥 第5巻
01902073, 8.3, 472, 少年维特的烦恼
05321843, 6.4, 9031, 假装的艺术
04898752, 9.2, 200, 大奥  第6巻
01781525, 7.7, 922, 殡葬人手记
01762848, 7.9, 706, 低音提琴
04845022, 8.0, 616, 象棋少年
01810540, 8.2, 483, 德语课
01362693, 9.2, 192, 午夜之子
04843449, 8.7, 293, 无量寿经
01755178, 8.6, 318, Essays In Love
01856498, 7.6, 984, 黑郁金香
01962927, 8.6, 317, 莎士比亚戏剧故事集
01962078, 8.6, 314, 校园秘史
01858599, 8.1, 523, 罗亭 贵族之家
02008235, 7.6, 961, 丑闻笔记
01066589, 8.2, 460, 海伦·凯勒传
01159937, 7.5, 1076, 淑女的眼泪
02310647, 7.3, 1369, 先上讣告后上天堂
01962248, 8.2, 431, 好工作
01877655, 7.5, 984, 谋杀的解析
01856892, 8.3, 378, 该隐与亚伯
01961842, 9.3, 155, 陀思妥耶夫斯基中短篇小说选
01812422, 7.2, 1473, 尸骨袋
01960233, 9.1, 180, 英国现代诗选
04881997, 7.6, 827, 坏人们
01885226, 7.5, 922, 娜娜
24845894, 8.7, 242, 告别圆舞曲
06126819, 7.9, 545, 星期六
01839468, 8.6, 260, 14歳
01195348, 8.4, 313, 僵尸的奇异生活
01812843, 7.6, 769, 在中国屏风上
01814172, 9.2, 155, 大师和玛格丽特
01033990, 8.2, 369, 巴比代尔
25981426, 8.1, 408, 心为身役
01292356, 7.6, 732, 看得见风景的房间
02251699, 7.2, 1267, 十月的孩子
01872915, 7.8, 551, 深度郁闷
03200730, 9.3, 136, 斯·茨威格中短篇小说选
01378853, 8.3, 311, The Lover
01018205, 8.2, 339, 风格的特征
01735181, 8.5, 236, 恶之花
01933952, 8.5, 234, 废弃的生命
01799154, 7.8, 471, 逃跑
01972353, 8.3, 268, 阿赫玛托娃诗选
01086761, 7.7, 506, 可以吃的女人
06970480, 9.7, 89, 周作人译文全集
02161688, 7.7, 500, 巨人传
01962907, 9.4, 108, 教父
01289199, 8.7, 179, 左传译文
01945009, 8.0, 344, 蜂蜜与尘土
01958111, 7.9, 376, 最糟也最棒的書店
01326012, 7.4, 676, 你应该读懂的100幅世界名画
01292414, 8.6, 184, 我弥留之际
02297180, 9.1, 122, 堂吉诃德
01721626, 7.8, 392, 培根随笔集
24697395, 8.3, 222, 深夜特急3
01292284, 7.3, 677, 你好
01872224, 7.6, 450, 天使之刃
01959024, 8.7, 149, 歌德诗集（上）
01059168, 8.6, 158, 北欧纪行
01787953, 9.0, 114, Love in the Time of Cholera
01987990, 9.2, 95, 战争风云（全三册）
06313460, 8.5, 160, 虹
03040291, 9.8, 60, 古拉格群岛(下册)
01768456, 9.0, 99, 蒲宁短篇小说集
01316643, 8.3, 171, Status Anxiety
04823769, 7.7, 307, 斯坦布尔列车
03525350, 7.8, 272, 西西弗的神话
01469036, 8.4, 148, 普希金抒情诗选
01233934, 8.0, 212, 天真与经验之歌
03040287, 9.8, 56, 古拉格群岛(中册)
10540005, 8.1, 185, 金银岛·化身博士
05261971, 8.3, 153, 莎士比亚四大悲剧
01583301, 8.5, 129, 东京人（上、下）
01292300, 8.1, 176, 弗洛伊德后期著作选
03200735, 8.7, 106, 卡夫卡中短篇小说选
01275100, 8.5, 121, 西塞罗三论
25968498, 7.5, 308, 性爱大师
01781127, 8.8, 94, 插曲
06117917, 8.8, 94, 卡夫卡文集
01469029, 9.1, 76, 殉教者圣曼奴埃尔·布埃诺
01190913, 8.7, 100, 莎士比亚全集(中英对照)(全40册)
01045089, 8.4, 123, 永日集
02005552, 8.3, 133, 布尔加科夫中短篇小说选
06892577, 8.6, 102, 伊利亚特
04055772, 7.7, 226, 英伦之谜
10529928, 7.7, 215, 那些我们没谈过的事
06794357, 8.8, 80, 枕边书与床头灯
01680303, 8.3, 115, 论死亡和濒临死亡
04164046, 8.1, 133, 我的另一面
23858364, 8.8, 77, 堂吉诃德（上下）
24720958, 7.2, 336, 东京迷上车：从橙色中央线出发
04766976, 7.2, 332, 罪恶森林
01893971, 7.4, 245, 温泉
04882006, 6.9, 457, 乳房
01794129, 7.1, 344, 馬來鐵道之謎
01917348, 7.6, 193, 罗佛兰登
01946711, 9.4, 48, 德国幽默故事精选
01057927, 7.7, 164, 微观经济学
30252632, 6.4, 847, 下流社会
03021593, 9.4, 45, 梁遇春散文全编
01498961, 8.6, 74, 魔鬼的迷魂汤
06313510, 7.9, 129, 坎特伯雷故事
03736886, 7.7, 151, 铁大师
04711463, 8.3, 87, 美国散文精选
01983182, 8.8, 59, 蓝调石墙T
01760546, 7.2, 236, 一把雨傘給這天用
04884761, 7.8, 123, 旅行的所在
01170868, 8.5, 70, 马克·吐温中短篇小说集
05273040, 7.5, 162, 鲁滨孙历险记
02267407, 8.8, 55, 小说的艺术
01038613, 8.4, 72, 我的窗
01062721, 8.5, 66, 美与游历
01962468, 8.2, 76, 浮华世家上卷
01264128, 8.0, 87, 不合常规的飞翔
02078903, 8.9, 46, 林中水滴
01341532, 8.5, 59, The Romantic Movement
04619019, 7.9, 92, 掠夺者
02037065, 8.5, 58, 面向秋野
26264187, 8.5, 58, 意识流小说家伍尔夫
01945846, 8.2, 71, 梦的解析
04618670, 7.8, 97, 坟墓的闯入者
26948557, 7.8, 97, 书店的戴安娜
03736885, 7.7, 105, 血河
01794803, 7.8, 96, 做愛時的眼神
01154562, 8.0, 80, 惊马奔逃
34991852, 8.4, 59, 肮脏的三十年代
01144729, 8.6, 51, 列王纪
11441820, 9.5, 30, 精灵鼠小弟
01036925, 8.9, 41, 公鸡背母鸡
01286901, 8.6, 49, 李柯克幽默作品选
01048386, 8.6, 48, 汉语概说
03065037, 7.6, 99, 熙德之歌
03144757, 7.8, 82, 温泉
01199562, 7.9, 75, 盐
24295346, 8.3, 54, 简·爱
01212983, 8.1, 60, 大师名作绘本
24702716, 8.8, 37, 捣蛋鬼日记
01292307, 7.2, 124, 生活的意义与价值
01033898, 7.9, 66, 虚实世界
02033438, 8.3, 47, 堂塞贡多·松布拉
10825949, 8.8, 34, 赫索格
01370287, 9.4, 23, War and Peace
22994147, 7.8, 58, 寻求灵魂的现代人
02033410, 7.9, 52, 血与沙
06085415, 7.6, 63, 战时谎言
01841909, 7.4, 72, 读爱情故事的老人
02280472, 8.6, 29, 熔炼
01957016, 7.4, 66, 完美的红
01051701, 7.8, 48, 人的境遇
05329474, 8.4, 32, 爱默生随笔
01168762, 7.2, 76, 碧血黄沙
24153020, 8.0, 40, 小野人和长毛象
23858170, 8.3, 33, 丰子恺诗画 许渊冲英译
01917082, 7.5, 57, 潮流BIBLE
01058703, 9.0, 22, 巴金译文选集
03262324, 8.7, 23, 贝克凯尔抒情诗集
01085256, 7.9, 36, 堂塞贡多·松布拉
01170142, 8.0, 29, 图拉姨妈
01327820, 7.2, 49, 巴拿马裁缝
25911425, 7.9, 29, 列那狐的故事
01147416, 7.0, 53, 世界美如斯
30216284, 9.8, 11, 周作人译文全集
26594582, 8.9, 15, 楚辞
34886841, 7.9, 24, 塞林格：艺术家逃跑了
20003450, 7.3, 31, 吉本自传
02033353, 7.8, 22, 露珠
03079963, 8.2, 14, 修女圣苏尔皮西奥
26878909, 7.2, 22, 偷香窃爱
01388861, 7.5, 18, 相愛的記憶
03523334, 7.4, 17, 蒲宁抒情诗选
01228817, 7.9, 12, 爆醒恶梦的第一声号角
01328978, 7.1, 15, 惨死如狗
03195234, 0.0, 10, 五月花
