2020-07-05 16:00:17

number of books, tag name
513, 译林

ID, rating, votes, title
01068920, 9.3, 158318, 飘
03808982, 9.3, 27260, 动物庄园
06388661, 8.8, 56135, 这些人，那些事
01085470, 8.5, 80225, 海底两万里
01092335, 9.0, 31551, 教父
06789605, 9.1, 23067, 树上的男爵
01086249, 8.6, 44976, 荆棘鸟
01119839, 9.1, 15886, 王尔德童话
10555509, 9.0, 17486, 看不见的城市
04881639, 9.0, 17362, 傲慢与偏见
02053249, 8.1, 62229, 麦田里的守望者
26586492, 8.9, 12446, 火星救援
03131626, 9.0, 10404, 荒原狼
01082518, 7.9, 59967, 麦田里的守望者
01071794, 9.0, 8870, 魔戒（第三部）
06789551, 8.9, 9509, 不存在的骑士
03537590, 8.4, 20146, 朗读者
10555486, 8.7, 11175, 分成两半的子爵
01056023, 8.6, 12992, 鼠疫
03597825, 8.6, 11836, 我的孤独是一座花园
24715686, 8.8, 8586, 仿生人会梦见电子羊吗？
01427288, 8.4, 15592, 小妇人
01066165, 9.3, 4306, 卡尔维诺文集（第三卷）
26768309, 8.1, 25854, 查令十字街84号
03169746, 8.7, 9541, 荆棘鸟
03025618, 9.4, 3678, 我们的祖先
01082584, 8.7, 9283, 追忆似水年华 Ⅰ
03826899, 8.7, 8981, 布鲁克林有棵树
10779650, 9.2, 4324, 追忆似水年华
06016234, 8.9, 6319, 奇风岁月
03014444, 8.6, 8677, 自深深处
10555535, 8.9, 5623, 如果在冬夜，一个旅人
20326626, 8.6, 8526, 少年Pi的奇幻漂流
03003032, 9.3, 3291, 浪漫主义的根源
03597031, 9.1, 4020, 杀死一只反舌鸟
01467776, 8.4, 10724, 朗读者
25944034, 8.6, 7577, 菊次郎与佐纪
06511362, 9.0, 4255, 我们时代的神经症人格
04286204, 8.1, 15101, 麦田里的守望者
01089049, 9.4, 2151, 莎士比亚全集（全8册）
01430530, 8.3, 8831, 汤姆叔叔的小屋
01123663, 9.1, 2915, 傲慢与偏见
05395724, 8.6, 5566, 华丽人生
10583781, 8.8, 4138, 朗读者
03643270, 9.2, 2494, 新千年文学备忘录
01092168, 9.1, 2728, 追忆似水年华（上下册）
01032431, 9.0, 3068, 卡尔维诺文集（第五卷）
04872919, 8.7, 4523, 美妙的新世界
26580084, 8.6, 5118, 烛烬
02295912, 9.0, 2955, 佩德罗·巴拉莫
06526752, 8.8, 3763, 生命之书
07060186, 8.2, 8500, GOTH断掌事件
05446490, 8.8, 3544, 宇宙奇趣全集
21329239, 8.8, 3453, 巴黎烧了吗?
03154624, 9.3, 1848, 一九八四 动物农场
01052360, 8.9, 2918, 卡尔维诺文集（第四卷）
01524272, 8.9, 2744, 魔戒（第一部）
01427302, 8.6, 3855, 罗生门
11607435, 8.7, 3246, 廊桥遗梦
06041089, 8.2, 6108, 家鸭与野鸭的投币式寄物柜
06903227, 9.5, 1137, 魔戒（插图珍藏版）
02254615, 8.9, 2168, 西线无战事
10605859, 9.2, 1521, 精灵宝钻
05378434, 8.9, 2127, 罗生门
10199132, 9.0, 1859, 黄金时代
01010898, 7.7, 11779, 格列佛游记
06744767, 8.9, 1987, 我们内心的冲突
25756955, 9.0, 1740, 爱与黑暗的故事
11498200, 8.3, 4266, 寂寞的频率
01203622, 9.0, 1719, 莎乐美 道林・格雷的画像
26817324, 8.7, 2464, 傅雷家书
01870262, 8.6, 2736, 帕洛马尔
05326849, 8.1, 5446, 奥杜邦的祈祷
01088812, 8.3, 4017, 第二十二条军规
01868698, 8.4, 3440, 为什么读经典
02981589, 8.7, 2292, 美妙的新世界
26834183, 8.6, 2576, 艾希曼在耶路撒冷
01205394, 8.2, 4464, 红与黑
26577690, 8.5, 2863, 伪装成独白的爱情
04908877, 9.1, 1339, 静静的顿河
34866400, 8.6, 2397, 大象席地而坐
05920819, 8.5, 2694, 茶花女
01397467, 7.9, 6305, 理智与情感
03151603, 9.2, 1143, 先知
01210057, 9.2, 1118, 一九八四 上来透口气
10426425, 8.7, 1949, 寻找无双
10746177, 8.3, 3215, 终结的感觉
26290041, 9.0, 1345, 喧哗与骚动
10435426, 8.6, 2141, 王小波全集 第九卷
10435425, 9.0, 1335, 王小波全集 第七卷
01326833, 8.6, 2122, 美国大城市的死与生
02214344, 7.5, 10668, 不存在的女儿
10555491, 8.8, 1552, 宇宙奇趣全集
03025619, 9.0, 1230, 美国讲稿
01085477, 9.0, 1209, 伊利亚特
01205373, 7.8, 6004, 苔丝
01525072, 8.4, 2408, 魔戒（前传）
05407295, 9.3, 855, 悲惨世界（上下）
02061444, 8.7, 1619, 幽灵之家
01918351, 8.3, 2551, 烟云·阿根廷蚂蚁
04881634, 8.4, 2221, 海底两万里
01014918, 9.5, 658, 父与子
01427281, 8.2, 2887, 羊脂球
02171661, 8.7, 1489, 老人与海
01411086, 8.6, 1654, 金阁寺/潮骚
01090877, 8.8, 1300, 献给爱米丽的一朵玫瑰花
03090810, 8.7, 1447, 五号屠场
25829287, 8.9, 1116, 数学
01393374, 8.6, 1542, 第二十二条军规
02287712, 8.8, 1210, 美国精神的封闭
03334535, 8.4, 1942, 剑桥艺术史：绘画观赏
07056952, 9.2, 782, 哈比人
01279212, 7.4, 8925, 十日谈
02160292, 8.1, 2856, 神谕之夜
03183060, 9.0, 931, 吉檀迦利
11588627, 7.8, 4326, 无非求碗热汤喝
07046857, 8.3, 2080, 长日留痕
25760686, 8.8, 1110, 复活
23019253, 8.7, 1222, 蜘蛛女之吻
01316564, 9.0, 871, 情感的迷惘
01083030, 9.0, 861, 双重人格 地下室手记
02283762, 8.4, 1708, 钟形罩
01058094, 8.6, 1240, 生死朗读
05326883, 8.4, 1520, 如何读，为什么读
04212276, 8.5, 1337, 苏联的心灵
26436989, 9.3, 571, 新千年文学备忘录
01422227, 8.4, 1496, 了不起的盖茨比 夜色温柔
04814372, 8.7, 1046, 雪国 古都 千只鹤
03327495, 8.3, 1664, 万有引力之虹
01033057, 8.2, 1895, 劝导
25746421, 8.4, 1466, 公开的秘密
10435419, 8.8, 922, 尼采
10563464, 8.7, 1010, 总结
20375356, 9.1, 661, 论美国的民主
10282582, 8.3, 1607, 隐形怪物
25789686, 8.4, 1415, 相遇
34449288, 9.3, 535, 20世纪思想史
01505436, 8.2, 1797, 寻欢作乐
26868098, 8.4, 1393, 你一生的故事
01433739, 8.5, 1230, 蜘蛛女之吻
01309469, 8.6, 1088, 三剑客
01085551, 8.5, 1219, 夜访吸血鬼
06896040, 8.1, 1996, 好小猫
01073276, 9.4, 472, 绿山墙的安妮
03056877, 8.2, 1695, 使女的故事
26666259, 8.7, 926, 包法利夫人
02051821, 8.8, 816, 论革命
10794355, 7.7, 3360, 台湾念真情
04881640, 8.1, 1814, 名人传
03376091, 8.8, 788, 秘密花园
02372087, 8.4, 1205, 剥洋葱
06041310, 8.3, 1313, 瓦尔登湖
03025620, 7.8, 2563, 命运交叉的城堡
06792277, 8.6, 912, 燃烧的原野
02219098, 9.2, 489, 古希腊悲剧喜剧全集（全8册）
03127857, 8.5, 966, 恶之花
24257591, 7.2, 6380, 绝望锻炼了我
01205382, 8.3, 1188, 双城记
25747868, 8.6, 812, 爱的进程
10426426, 8.6, 807, 我的精神家园
01279113, 8.3, 1127, 好兵帅克
06828100, 8.9, 583, 西方正典
01427784, 7.8, 2099, 曼斯菲尔德庄园
01421310, 8.7, 683, 知识分子的鸦片
02323412, 8.9, 553, 瓦尔登湖
03090817, 8.7, 663, 时时刻刻
05920833, 9.1, 446, 约翰·克利斯朵夫
02050806, 8.1, 1300, 爱情故事
05945451, 9.0, 481, 战争与和平
01205419, 8.3, 1011, 初恋
26253801, 8.6, 702, 一个市民的自白
26308505, 8.3, 978, 杂草的故事
05996560, 9.3, 355, 浪漫主义的根源 （新编版）
03665961, 8.2, 1093, 客厅里的绅士
22606919, 7.8, 1825, 高城堡里的人
04191638, 8.3, 947, 10½章世界史
04872916, 8.1, 1167, 格列佛游记
06892602, 8.7, 589, 风云人物采访记Ⅰ(上下)
03069223, 8.3, 913, 长日留痕
01100124, 8.9, 479, 约翰·克利斯朵夫（全二册）
04882012, 8.7, 577, 尤利西斯
01083052, 8.2, 965, 现代性的后果
03464443, 8.0, 1214, 剑桥艺术史：中世纪艺术
04872918, 8.4, 747, 希腊古典神话
06802423, 7.7, 1790, 哦！爸爸们
01100142, 8.5, 639, 吉尔伽美什
10485841, 8.9, 407, 作为教育家的叔本华
03266350, 8.6, 522, 问题的核心
04881638, 7.7, 1489, 钢铁是怎样炼成的
10774932, 8.0, 981, 柠檬桌子
02975939, 7.4, 2170, 论扯淡
10554706, 8.2, 734, 夜访吸血鬼
01878033, 9.2, 272, 追忆似水年华 Ⅱ
01222136, 8.2, 710, 猎人笔记
02053134, 8.5, 510, 汉尼拔
06387175, 8.6, 454, 钟形罩
01309477, 8.4, 543, 达洛维夫人 到灯塔去 雅各布之屋
26044319, 8.4, 538, 马基雅维里
03324151, 8.1, 742, 剑桥艺术史：19世纪艺术
01069156, 8.7, 389, 伯林传
01647538, 7.9, 926, 野草在歌唱
01085559, 8.6, 420, 白痴
02971405, 9.3, 223, 英文原版世界文学名著金库(全18册)
02248319, 8.0, 793, 嫉妒
01878041, 9.3, 218, 追忆似水年华 Ⅶ
02382080, 8.3, 548, 东方的女儿
02033123, 9.5, 185, 玛法达与伙伴们
03130854, 8.2, 604, 冷月
25747869, 8.2, 602, 好女人的爱情
10555489, 8.5, 437, 短篇小说集（上下）
24852889, 9.0, 268, 三剑客
24523678, 8.0, 708, 白噪音
03067671, 8.2, 562, 政治的历史与边界
26345472, 8.0, 680, 全球经济史
02977078, 8.2, 534, 政治哲学与幸福根基
01085581, 8.7, 319, 吹牛大王历险记
01085580, 8.5, 384, 钟形罩
01432045, 8.5, 383, 巴黎烧了吗？
03292289, 9.0, 242, 侏罗纪公园
05938073, 7.4, 1451, 活尸之死
04256223, 7.8, 793, 西班牙主题变奏
01126207, 8.0, 620, 斯巴达克斯
03322912, 7.9, 691, 剑桥艺术史：18世纪艺术
06510996, 8.1, 544, 震度0
01085550, 8.3, 434, 三剑客
04151143, 8.2, 474, 拍卖第四十九批
10767996, 8.5, 342, 查拉图斯特拉如是说
03198683, 8.8, 258, 海底两万里
01039943, 8.7, 279, 老人与海
03597835, 8.3, 410, 爱玛
26263501, 8.2, 448, 禅与日本文化
01131617, 8.1, 494, 变色龙
04708130, 8.1, 479, 疯狂的奥兰多
30264414, 9.4, 145, 16和17世纪英格兰大众信仰研究
26324527, 8.3, 364, 富兰克林自传
27085707, 8.6, 271, 战败者
01203624, 8.3, 356, 远大前程
06890234, 8.8, 223, 妈妈的银行账户
27139923, 8.7, 243, 明亮的泥土
01909973, 8.3, 354, 好兵帅克
04121656, 8.5, 291, 水之乡
03656549, 9.5, 127, 往事与随想(上下)
10554684, 7.9, 533, 时间中的孩子
01264455, 8.7, 226, 拉格泰姆时代
06151652, 7.7, 638, 天使在消失
01262148, 8.2, 362, 神秘之球
03710670, 7.8, 562, 夕子的近道
02356855, 7.7, 628, 德拉库拉
03710672, 7.7, 628, 内秀
01097836, 8.0, 424, 伊索寓言全集
03665955, 7.4, 884, 巴黎隐士
01215355, 7.5, 763, 别无选择
25836288, 8.6, 226, 巴黎伦敦落魄记
01085585, 8.4, 263, V.
01427755, 8.4, 263, 劝导
07067989, 8.9, 170, 龙枪编年史2
01375398, 8.5, 239, 毕司沃斯先生的房子
06744666, 8.8, 182, 纳粹德国
01937435, 8.8, 181, 欢乐颂与沉思颂
01042361, 8.6, 213, 阿达姆松
02248274, 7.7, 531, 橡皮
01032706, 8.8, 177, 第一个人
03198687, 8.6, 209, 格兰特船长的儿女
05920823, 8.7, 191, 安娜·卡列宁娜
01422741, 8.7, 190, 猫眼
01085560, 8.2, 298, 小男人
07067988, 8.2, 289, 龙枪编年史 1
01262142, 7.4, 725, 穿PRADA的女魔头
04173412, 8.3, 256, 德国历史中的文化诱惑
26832570, 8.0, 346, 法国大革命
11632947, 8.3, 255, 富兰克林自传
03643266, 7.6, 541, 阅读的至乐
06892576, 7.3, 772, 逃亡者
10564564, 8.5, 201, 双城记
27124425, 8.8, 155, 一个德国人的故事
01233267, 9.3, 105, 统治阶级
26694861, 8.6, 179, 影响的剖析
06006690, 8.5, 194, 临床医学的诞生
01326853, 8.8, 148, 钦差大臣
06522858, 7.2, 806, 蒸发
03077869, 8.7, 158, 牛虻
02300643, 7.8, 365, 伊甸园之门
03198685, 8.5, 183, 八十天环游地球
27609229, 8.2, 239, 另眼看艺术
04909050, 8.7, 153, 半轮黄日
05378429, 7.3, 643, 十日谈
03194127, 7.5, 491, 世界末日的阴谋
25920898, 8.8, 136, 启蒙的三个批评者
01162930, 7.9, 305, 交际花盛衰记
25720292, 8.4, 187, 个人印象
02248276, 7.6, 411, 窥视者
03194123, 7.4, 521, 天衣无缝
26995811, 7.9, 281, 丝绸之路
01085582, 8.1, 229, 自由主义与正义的局限
01143342, 8.8, 124, 费尔迪杜凯
04905941, 7.5, 419, 达达和超现实主义
01144754, 8.2, 199, 时间中的孩子
26328456, 8.2, 195, 欢迎来到实在界这个大荒漠
01223764, 8.6, 137, 极地特快
26926159, 8.0, 232, 慢慢学
01430531, 7.8, 275, 美好的美好的时光
01507984, 8.1, 203, 了解女人
21335829, 7.8, 274, 他们说
26855951, 8.9, 101, 简·爱
26756219, 7.5, 367, 法律-牛津通识读本
22994553, 9.0, 92, 蛤蟆先生的希望
01088231, 8.5, 133, 基督的最后诱惑
26183853, 8.0, 207, 菊与刀
26802218, 9.3, 74, 简·奥斯丁小说全集
21359729, 8.5, 131, 英国工人阶级的形成（上下册）
06878210, 8.4, 142, 野性的呼唤
26591589, 8.6, 117, 来自邻人的光
01005447, 8.1, 176, 豪夫童话全集
10487580, 8.2, 160, 常识
02042119, 8.2, 159, 吕蓓卡
03799551, 8.1, 174, 我嫁给了共产党人
26662018, 7.1, 531, 甜蜜的房间
03215762, 8.1, 173, 仪式
01286790, 7.7, 255, 小东西
01085577, 7.7, 254, 恶之花
03090818, 8.6, 110, 奥斯特利茨
01552067, 9.4, 62, 生存与命运（上下）
01340502, 7.9, 190, 鹈鹕案卷
33436823, 8.3, 130, 七发
04038710, 7.9, 183, 行话
01325834, 8.1, 151, 白噪音
03292851, 8.0, 164, 神秘之球
11612733, 9.1, 69, 父与子
06966739, 7.0, 492, 歪斜的复印
05285283, 8.2, 131, 最后一课
26277552, 7.6, 232, 神探夏洛克：莫里亚蒂
04048024, 8.8, 82, 莎士比亚戏剧选
10453139, 8.7, 88, 以赛亚·伯林书信集
26742306, 8.7, 88, 和灵魂一起守夜
04881511, 7.5, 254, 伊索寓言全集
06390387, 7.7, 204, 武士道
01068135, 8.4, 107, 独眼水手波佩
01340499, 8.1, 135, 杀戮时刻
06969544, 7.0, 436, 摩天楼的怪人 上
01088409, 7.7, 192, 嘉莉妹妹
06039014, 7.4, 263, 培根随笔全集
03209522, 8.2, 118, 培根随笔全集
04173414, 8.6, 86, 以文行事
19929595, 8.3, 108, 夏焰之巨龙（上下）
25876656, 7.3, 281, 十个离奇而真实的故事
01097054, 7.7, 174, 漂亮朋友
01033640, 8.5, 86, 倒霉的萨克
06851290, 7.4, 233, 灵魂之匣
03686807, 8.8, 68, 战争与和平的权利
24854061, 9.3, 49, 堂·吉诃德（上、下）
24284032, 8.1, 112, 危险方法
02241494, 7.8, 143, 我相信
25841860, 7.3, 235, 蓝狐
03614418, 7.4, 208, 印度哲学祛魅
01153219, 8.2, 97, 来自无人地带的明信片
01088681, 8.1, 102, 我快乐的早晨
25703751, 7.3, 220, 有些事，这些年我才懂
01326020, 7.6, 152, 陷阱
01256213, 8.1, 95, 垮掉的行路者
30255678, 9.6, 36, 埃涅阿斯纪
11597311, 7.5, 162, 最佳欧洲小说2011（全4册）
01326839, 8.4, 74, 巴马修道院
26895119, 7.6, 145, 剧作家与戏剧
01340503, 7.7, 131, 终极证人
01065534, 8.3, 79, 交际花盛衰记
26930199, 7.7, 126, 假作真时
26390565, 7.9, 104, 小儿子
25662562, 8.1, 87, 上海书评选萃：兴衰之叹
01394235, 8.0, 93, 儒尔和吉姆
01519316, 7.4, 160, 大白鲨
02377370, 8.4, 67, 绿色贝雷帽
01327587, 8.8, 50, 漫长的诉讼
06039021, 8.0, 88, 圣经故事
01175538, 7.9, 92, 自由小姐
25954921, 8.3, 66, 故事的变身
01499786, 8.2, 70, 童年·这里
01088442, 7.7, 105, 升起的太阳
25802062, 8.3, 64, 印度之行
24920993, 7.5, 123, 上海书评选萃：都是爱书的人
01272261, 8.5, 55, 诺斯托罗莫
01233202, 8.7, 48, 刽子手之歌(上下)
25879113, 7.5, 119, 上海书评选萃：画可以怨
26708567, 7.8, 90, 饮膳札记
01428484, 8.3, 61, 天使沉默 不中用的狗
03187377, 8.6, 48, 福尔摩斯探案
03210965, 7.2, 150, 知识分子与大众
03136924, 8.1, 67, 卓娅和舒拉的故事
02998080, 7.2, 149, 恐惧状态
24921253, 7.9, 77, 上海书评选萃：国家与市场
06791425, 7.3, 131, 导师、缪斯和恶魔
25778371, 8.4, 52, 三闲集
01433147, 8.5, 47, 布登勃洛克一家
10746179, 8.0, 66, 晦暗不明的战争
01393535, 7.4, 109, 布赖顿硬糖
10515075, 6.3, 423, 里尔克抒情诗选
01512008, 7.8, 74, 远离尘嚣
25778443, 8.3, 51, 花边文学
25760134, 8.2, 54, 亚瑟王传奇
27060464, 6.9, 169, 民族主义
35014820, 9.5, 25, 文本及其不满
01340506, 7.9, 64, 三兄弟
01526679, 8.3, 48, 土生子
01289752, 8.8, 35, 西点危机
01326832, 7.4, 95, 全世界受苦的人
03187406, 7.5, 82, 幸运的吉姆
24921152, 7.7, 67, 上海书评选萃：流言时代的赛先生
26860968, 7.4, 86, 陌生人的孩子
01326834, 7.7, 66, 说谎者雅各布
01401802, 7.4, 85, 打死父亲
24863117, 8.4, 40, 美国企业家
26897277, 8.0, 52, 海底两万里
01768522, 8.7, 33, 世界文学名著百部
25932117, 8.0, 51, 贝多芬传
02101449, 7.6, 68, 祸起萧墙
01481639, 8.1, 46, 大酒店
01433742, 7.4, 78, 另一个国家
01511725, 8.2, 42, 坎特伯雷故事
34933366, 9.2, 24, 小猎犬号航海记
24383309, 7.8, 53, 草叶集选
25754036, 7.8, 53, 非洲短篇小说选集
25854947, 7.6, 60, 辉常伤感
26148786, 7.6, 60, 幸福一定会不请自来
01397482, 8.0, 43, 报业巨头
24870221, 8.0, 43, 视觉文化
24319075, 7.7, 53, 疯月亮
01085587, 7.7, 52, 审判
01083031, 7.6, 56, 周六晚与周日晨
03090846, 7.7, 51, 我儿子的故事
01085506, 8.4, 31, 可怕事件
01327895, 7.4, 62, 天秤星座
01428457, 7.8, 45, 无形人
34650480, 8.3, 32, 明清叙事文学中的城市与生活
01033052, 7.4, 59, 新爱洛伊丝
01397490, 7.3, 64, 绝对权力
30170233, 7.1, 76, 小说家与小说
01055019, 7.7, 45, 太阳照样升起（英文本）
06856754, 9.0, 21, 译林漫画丛书
03025853, 8.1, 34, 绿野仙踪
01085475, 8.3, 30, 霍克斯默
01309566, 7.4, 55, 葛特露和克劳狄斯
01085576, 7.6, 47, 邪恶的躯体 亲者
02347546, 6.8, 93, 天生我才-鲁尼自传
01085562, 8.4, 27, 萨逊的大卫
27605193, 8.4, 27, 国会政体
01327770, 8.0, 33, 全面控制
21878526, 8.4, 26, 圣经故事
01085535, 7.8, 36, 咖喱香肠之诞生
01397491, 7.7, 38, 白衣怪圈
26275120, 7.3, 51, 权力如何影响我们
03110114, 7.9, 32, 爱默生散文选
04190806, 7.0, 64, 回声制造者
01233644, 8.0, 29, 死
07057682, 9.0, 17, 小天使
02010041, 6.8, 72, 酒吧悲情录-麦格雷探案集
01552075, 7.3, 46, 驾驶席 布罗迪小姐
01252660, 8.0, 28, 父亲的微笑之光
01642117, 7.2, 46, 幸运的吉姆
01641068, 7.6, 34, 名誉领事
01547811, 8.0, 26, 陌生的朋友 荷恩的结局
01226118, 8.8, 17, 安徒生童话与故事全集（上中下）
01552074, 7.1, 48, 能干的法贝尔
01185516, 7.2, 44, 蝙蝠侠：侠影之谜
05402469, 7.1, 47, 2017
01101546, 7.2, 43, 总统竞选
01780797, 8.3, 21, 我的俄国母亲
03090844, 8.3, 21, 小大亨
01642120, 7.4, 36, 杜宾的生活
04908900, 6.8, 57, 烟树
27032564, 8.3, 20, 风疾偏爱逆风行
03136993, 7.5, 31, 机身
22023093, 7.4, 33, 自由主义基本理念(修订版)
01917317, 7.2, 38, 印象……印象主义
04273331, 6.9, 48, 向匠人致敬
10519819, 6.9, 48, 名媛
25922042, 6.8, 52, 让我在路上遇见你
01528733, 7.4, 31, 我儿子的故事
26577097, 7.6, 27, 此前发生的事
25767375, 8.0, 21, 以赛亚·伯林与当代中国
25961797, 7.2, 34, 弗洛伊德传
01530256, 6.6, 53, 夏伯阳
01107244, 8.0, 19, 曾经沧海--一出漂浮的歌剧
01619472, 8.0, 18, 追寻克林索尔
01085566, 7.3, 27, 堡垒
26277421, 7.4, 25, 乔治·华盛顿传
01088406, 6.9, 36, 露水情
26172958, 8.1, 16, 眼光的交织
11621653, 6.3, 57, 我不是一个怪物
34937879, 8.0, 16, 译林世界名著讲义
01085588, 6.7, 37, 臣仆
26882006, 8.6, 12, 1001种图书营销方法
25831289, 6.7, 35, 我的私人时尚史
01469600, 7.0, 27, 面包与运动 灯塔船
01085536, 6.8, 31, 欲望地理
04190805, 7.2, 23, 销毁文件
01232929, 7.8, 16, 海变
22994552, 7.3, 21, 拉封丹寓言选
01178492, 7.2, 22, 海隅逐客
25961039, 6.6, 34, 干掉无趣
25975187, 7.2, 21, 夏日的深瞳
01878658, 7.5, 17, 一辆淡紫色出租车
24531178, 7.3, 18, 和风汉韵：日本书道之美
06802034, 6.9, 23, 历史中的意义
01066268, 6.8, 24, 我的国家控告我
03275064, 6.2, 40, 亚特兰蒂斯
26295964, 7.4, 16, 公民的激情
01085503, 6.5, 29, 盘子上的生活
06974457, 6.1, 32, 迷
03937742, 7.6, 11, 热恋中的达达尼昂
26338225, 7.1, 13, 泰戈尔眼中的中国
02101452, 7.2, 12, 危情使馆
05297256, 0.0, 10, 书为媒
12486465, 0.0, 10, The Lewis Man
26663846, 0.0, 31, 家在北京
