2020-07-05 16:00:17

number of books, tag name
782, 诗集

ID, rating, votes, title
01054685, 9.1, 100739, 沉默的大多数
01058661, 8.9, 50616, 飞鸟集
01011754, 8.9, 33453, 海子的诗
01033825, 8.8, 18700, 顾城的诗
03610681, 9.2, 9101, 海子诗全集
01170801, 8.9, 9129, 泰戈尔诗集
27133274, 9.0, 7896, 孩子们的诗
11584574, 8.6, 13973, 万物静默如谜
26685994, 9.0, 7400, 给青年诗人的信
03597825, 8.6, 11836, 我的孤独是一座花园
03544376, 9.1, 5810, 顾城的诗 顾城的画
05988624, 8.2, 20694, 远山淡影
01045352, 8.8, 7786, 二十首情诗与绝望的歌
03297888, 8.5, 11817, 云雀叫了一整天
01762527, 9.1, 4765, 飞鸟集
22163516, 8.6, 8326, 云雀叫了一整天
02212371, 9.1, 4185, 先知
01044446, 8.7, 6788, 在黑暗的河流上
01776300, 8.7, 5973, 席慕容诗集
01351678, 9.0, 3909, 夏宇詩集／Salsa
01026036, 8.6, 6678, 北岛诗歌集
01255326, 9.0, 3733, 新月集·飞鸟集
26309691, 8.3, 9868, 月光落在左手上
01417385, 9.0, 3544, 博尔赫斯诗选
05333599, 8.3, 9169, 春天责备
26759579, 8.5, 5742, 事物的味道，我尝得太早了
26421126, 8.7, 4199, 万物静默如谜
01420734, 9.2, 2173, 飲水詞箋校
06440343, 8.8, 3535, 荒原
01045365, 8.6, 4584, 恶之花
01081144, 9.3, 1841, 古詩源
26275572, 9.2, 1975, 奥克诺斯
25858680, 8.2, 7324, 二十首情诗和一首绝望的歌
26309861, 8.3, 6276, 摇摇晃晃的人间
02015109, 8.9, 2696, 海子的诗
04156422, 8.7, 3188, 时间的玫瑰
11516338, 8.6, 3485, 我是你流浪过的一个地方
01009739, 9.3, 1495, 海子诗全编
01451270, 9.1, 1827, 纪伯伦诗集
02982257, 8.8, 2571, 面朝大海 春暖花开
01351677, 9.1, 1709, 夏宇詩集／腹語術
26384735, 9.1, 1608, 致未来的诗人
27154094, 8.8, 2249, 海子的诗
01949674, 8.1, 5536, 我纷纷的情欲
02267630, 8.3, 4107, 凯尔特的薄暮
04919996, 8.7, 2401, 张枣的诗
03662216, 8.6, 2717, 恶之花
26671805, 9.0, 1542, 另一个，同一个
05302695, 8.7, 2137, 七里香
25913612, 8.2, 3971, 给孩子的诗
03151603, 9.2, 1143, 先知
01760094, 8.9, 1554, 吉檀迦利
01985973, 9.1, 1238, 備忘錄
01053493, 8.9, 1535, 苇间风
04820029, 9.0, 1367, 顾城诗全集
10485026, 9.1, 1224, 特朗斯特罗姆诗歌全集
04243288, 8.8, 1701, 飞鸟集
01027587, 8.6, 2153, 恶之花 巴黎的忧郁
26700416, 9.3, 959, 野草
05941557, 8.7, 1855, 兰波作品全集
26631867, 9.1, 1153, 现实与欲望
25860389, 9.1, 1065, 顾城的诗顾城的画
27056383, 8.5, 2121, 一只狼在放哨
03449341, 9.1, 1033, 向着明亮那方
02247259, 9.2, 927, 飞鸟集
01056657, 8.7, 1606, 泰戈尔诗选
25986497, 8.3, 2634, 疑问集
01428154, 8.9, 1246, 费尔南多·佩索阿诗选
30443973, 8.5, 1987, 想象一朵未来的玫瑰
01162773, 9.0, 1089, 地狱一季
06534893, 8.8, 1326, 暴风雨使我安睡
06152979, 8.7, 1440, 恶之花
25801080, 8.2, 2707, 我曾这样寂寞生活：辛波斯卡诗选2
01966573, 8.6, 1599, 随风而行
06534894, 8.6, 1593, 我会像青草一样呼吸
01276297, 9.0, 1011, 顾城诗全编
01441980, 9.1, 887, 特朗斯特罗姆诗全集
01080350, 9.1, 885, 春秋来信
03003460, 8.6, 1442, 布宜诺斯艾利斯激情
01825855, 8.7, 1266, 荒原
01041896, 8.3, 2034, 巴黎的忧郁
04836951, 8.6, 1391, 保罗·策兰诗选
10732771, 8.3, 1997, 我的心只悲伤七次
35006237, 9.0, 875, 大山里的小诗人
34826166, 8.6, 1352, 夜的命名术
06558446, 8.4, 1724, 生如夏花
05363267, 8.1, 2560, 我纷纷的情欲
03287781, 9.1, 773, 腹語術
06404040, 8.2, 2161, 三行情书
26269845, 8.1, 2296, 唯有孤独恒常如新
01092512, 8.9, 871, 泰戈尔散文诗全集
01479099, 8.9, 863, 七里香
01732995, 9.1, 688, 海子
27079096, 8.8, 933, 坐在你身边看云
26830570, 8.6, 1144, 未知大学
10522858, 8.6, 1122, 马雁诗集
26324803, 7.9, 2696, 木心诗选
24856615, 8.8, 867, 阿尔伯特·卡埃罗
01039020, 8.5, 1211, 普希金诗选
01046680, 8.7, 946, 茨维塔耶娃文集·诗歌
03013532, 8.9, 761, 兰波彩图集
04881509, 8.7, 942, 飞鸟集
26989965, 9.1, 597, 罂粟与记忆
07050907, 9.0, 658, 济慈诗选
26758416, 8.7, 894, 路邊野餐
30355936, 7.9, 2437, 这世界如露水般短暂
19967515, 8.7, 865, 顾城的诗
05312501, 8.7, 864, 无怨的青春
04243304, 8.8, 776, 新月集
01425544, 8.9, 698, 园丁集
01077474, 7.9, 2344, 舒婷的诗
26835830, 8.7, 858, 死于黎明：洛尔迦诗选
26416411, 8.6, 950, 雪山短歌
26737443, 8.9, 684, 以梦为马：海子经典诗选
27140763, 8.3, 1336, 给所有昨日的诗
01180087, 8.9, 680, 新月集
01353736, 8.7, 838, 摩擦．無以名狀
27032027, 8.9, 672, 鲍勃·迪伦诗歌集 (1961-2012)
01874973, 8.8, 741, 海子作品精选
02064632, 9.0, 602, 开·闭·开
01875581, 7.7, 2974, 西班牙三棵树
20273136, 8.5, 1008, 水的空白
01019009, 8.0, 1873, 徐志摩诗
34993975, 8.4, 1093, 姜二嫚的诗
27594833, 8.6, 865, 我们生活的故事
27605362, 8.8, 685, 愤怒与神秘：勒内·夏尔诗选
26293322, 8.3, 1178, 杨牧诗选 1956-2013
06536641, 9.2, 449, 飞鸟集
26774892, 7.9, 1926, 我们爱过又忘记
30316751, 8.3, 1135, 石川啄木短歌
34785038, 9.1, 482, 楚辞
01839508, 9.1, 477, 石川啄木诗歌集
01037951, 8.2, 1212, 食指的诗
26310686, 8.6, 759, 鸟道
05940473, 9.0, 477, 先知· 沙与沫
01462101, 8.4, 889, 北岛诗选
26603440, 8.3, 987, 老虎的金黄
01958312, 7.5, 2925, 关于方文山的素颜韵脚诗
01932278, 8.8, 554, 顾城诗集
02297216, 8.7, 606, 巴列霍诗选
01104709, 8.9, 485, 耶胡达·阿米亥诗选（上下）
02969656, 9.2, 367, 地狱一季
26870347, 8.9, 484, 小小的死亡之歌
03825738, 8.8, 522, 顾城作品精选
01077702, 8.7, 570, 毛泽东诗词选
02340051, 7.6, 2234, 关于方文山的素颜韵脚诗
01967806, 9.4, 287, 穆旦诗文集（全二卷）
10618099, 8.3, 835, 奇迹集
01030699, 7.0, 5705, 繁星春水
01035834, 8.7, 532, 时间草原
05363277, 7.9, 1344, 西班牙三棵树
03183086, 8.2, 907, 巴珑
01023975, 8.8, 474, 戈麦诗全编
31498548, 8.2, 899, 你来人间一趟
07051478, 9.0, 386, 詩60首
10561253, 8.5, 602, 莎士比亚十四行诗
01773575, 8.3, 747, 花间集
26980490, 8.0, 1071, 恶之花
04934508, 8.5, 595, 我是你流浪过的一个地方
25835915, 8.6, 535, 孤独者的秋天
03024335, 8.8, 427, 恶之花
01785534, 8.5, 571, 雪莱诗选
26989966, 9.0, 348, 暗蚀
01950767, 8.6, 506, 萨福抒情诗集
24528244, 8.7, 456, 北欧现代诗选
26824360, 8.1, 876, 夜晚的故事
01291210, 8.2, 768, 北欧现代诗选
03183085, 8.0, 977, 伪所罗门书
34434962, 8.4, 612, 布劳提根诗选
34910658, 9.4, 240, 声音中的另一种语言
26832049, 8.0, 960, 不如让每天发生些小事情
03664221, 9.0, 331, 里尔克集
26431631, 8.0, 933, 春天与阿修罗
10774938, 8.8, 391, 卡瓦菲斯诗集
27608147, 7.9, 1052, 我曾这样寂寞生活
01086708, 8.9, 352, 洛特雷阿蒙作品全集
26824361, 8.0, 893, 面前的月亮·圣马丁札记
26744599, 8.0, 891, 我将敢于亲吻你
26721094, 8.4, 561, 天数
01046267, 8.0, 888, 走了一万一千里路
01104713, 8.4, 557, 狄兰·托马斯诗选
30183053, 7.5, 1734, 寺山修司少女诗集
01891984, 9.4, 221, 李白诗选
27096060, 8.2, 682, 如果世界和爱情都还很年轻：朱生豪译莎士比亚情诗集
30325334, 7.6, 1452, 三万年前的星空
07056912, 6.9, 4620, 冯唐诗百首
06534895, 8.1, 754, 走了一万一千里路
26646633, 8.4, 537, 高窗
01482975, 9.1, 265, 普希金童话诗
01043373, 8.7, 373, 叶芝诗集
26258374, 8.2, 622, 爱丽尔
26686744, 8.1, 697, 春天 得以安葬
02995998, 8.5, 450, 纸上的伊比利亚
26948523, 8.5, 446, 我的孤独是一座花园
04841292, 7.3, 2004, 十方一念
03345577, 8.4, 484, 鲁拜集
27058741, 8.6, 389, 杜弗的动与静
05397318, 7.5, 1444, 火
26342533, 8.2, 589, 新的一天
26772667, 8.5, 425, 我坐在火山的最边缘
04729341, 8.7, 349, 梦中的塞巴斯蒂安
27127486, 8.6, 384, 天狼星的阴影
26889424, 7.7, 1072, 爱是地狱冥犬
10559285, 9.2, 224, 特朗斯特罗姆诗歌全集
05301967, 8.3, 513, 时光九篇
01869352, 9.1, 239, 戴望舒译诗集
26576308, 7.9, 801, 我喜爱一切不彻底的事物
06863612, 8.0, 709, 以诗之名
01127908, 8.7, 336, 奥克塔维奥・帕斯诗选
07056692, 8.7, 335, 勃朗宁夫人十四行诗
03596307, 8.3, 498, 最高虚构笔记
05340523, 8.8, 302, 席慕蓉诗集（套装共6册）
01051449, 8.4, 441, 金斯伯格诗选
27035190, 8.4, 441, 在水中热爱火焰
27598848, 8.5, 394, 奇迹集（增订版）
34868504, 9.1, 227, 商禽诗全集
26273656, 8.6, 354, 白鹭
26320323, 8.3, 479, 北岛诗精编
01077762, 8.8, 293, 布莱克诗集
26603447, 7.5, 1254, 布宜诺斯艾利斯激情
26315134, 8.4, 422, 海子诗选
26419081, 9.3, 189, 特朗斯特罗姆诗歌全集
27605378, 8.3, 459, 覆舟的愉悦
30257732, 7.8, 818, 我的身体里早已落叶纷飞
01432054, 8.3, 457, 现代诗100首（蓝卷）
26603441, 8.0, 637, 诗人
01070535, 9.0, 234, 阿姆斯特丹的河流
25773427, 8.9, 252, 多多四十年诗选
30490011, 9.7, 135, 海子经典诗选
04857033, 8.1, 547, 狄金森诗选
06711382, 8.4, 393, 恶之花
25775605, 8.6, 321, 灰色的狂欢节
03878012, 9.9, 116, Dancing The Dream
27002392, 7.2, 1765, 一颗苹果宣布成为星球
28353347, 8.4, 374, 某晚当我外出散步
11620655, 8.3, 413, 叶芝诗选
02221903, 9.1, 199, 飞鸟集 新月集
30135659, 8.0, 571, 胭脂用尽时，桃花就开了
05301882, 8.3, 411, 边缘光影
01763078, 8.8, 252, 白朗宁夫人抒情十四行诗集
05976312, 8.7, 273, 席慕容诗集
26269851, 8.3, 401, 我必须徒步穿越太阳系
24834807, 8.9, 228, 古希腊抒情诗选
01104708, 8.4, 359, 特兰斯特罗默诗选
21329129, 8.3, 394, 偽詩集
02212293, 9.0, 206, 沙与沫（中英对照）
27120528, 8.7, 266, 白石上的黑石
01138116, 8.4, 351, 索德格朗诗全集
04117963, 8.7, 264, 恶之花
05301889, 8.0, 536, 我折叠着我的爱
27598697, 8.1, 472, 下辈子更加决定：叶青诗集
02051520, 9.0, 201, 草叶集选
03196434, 9.0, 201, 新月集
05394463, 8.9, 218, 那隻斑馬
04842723, 7.8, 665, 谁爱这不息的变幻
01390472, 9.4, 147, 李白集
01482909, 8.6, 281, 勒内·夏尔诗选
34884561, 8.2, 417, 只余剩米慢慢煮
06758609, 8.0, 519, 我喜欢你是寂静的
26413660, 8.5, 307, 白刃的海
20273138, 8.0, 515, 被伤害的空气
01009710, 8.8, 232, 泰戈尔诗选
26793129, 8.8, 232, 电灯光
26824358, 7.9, 571, 铁币
03265311, 8.1, 442, 乡愁
01137615, 8.4, 323, 一见钟情
24756836, 9.1, 175, 先知•沙与沫
19995865, 8.2, 394, 原来你也在这里
30204455, 9.8, 106, 吉檀迦利
30270822, 9.1, 173, 杰克·吉尔伯特诗全集
22160775, 7.9, 539, 巴珑
24872823, 9.1, 171, 博尔赫斯全集：诗歌卷 (上册)
30324580, 9.1, 171, 帕斯捷尔纳克的诗
25718752, 8.3, 346, 我以为，能与你到老
01393765, 9.3, 146, 李商隐集
03987946, 8.8, 214, 海子最美的100首抒情短诗
26824359, 7.8, 581, 地图册
25708094, 8.6, 251, 洛夫诗全集
30435866, 8.5, 274, 一茶，猫与四季
26985302, 7.4, 964, 午夜起来听寂静
05302738, 8.2, 366, 迷途诗册
01021272, 8.1, 406, 普希金诗选
26661172, 8.4, 299, 直到世界反映了灵魂最深层的需要
01045120, 8.5, 270, 骆一禾诗全编
26352279, 8.2, 362, 不要温顺地走进那个良宵
27102388, 8.9, 189, 金斯堡诗全集（全三卷）
01185886, 8.4, 293, 草叶集（上下）
27052074, 7.6, 711, 尼采诗集
06959636, 8.6, 242, 写碑之心
01082652, 8.3, 320, 爸爸在天上看我
01186348, 8.0, 437, 谷川俊太郎诗选
01986494, 8.5, 261, 尼采诗选
34835543, 8.6, 238, 云
03014607, 8.9, 182, 暴风雨夜，暴风雨夜
01223809, 9.0, 167, 白居易诗选
01147680, 9.2, 143, 余光中集（全九卷）
26776468, 8.0, 419, 万物生而有翼
26933995, 7.9, 468, 洛夫诗手稿
02355247, 8.8, 194, 流萤集
25981276, 8.2, 335, 双行星与小卷兽
07050908, 8.1, 371, 雪莱诗选
26269010, 8.4, 273, 鲁拜集
27622560, 8.3, 299, 雷声与蝉鸣
01029795, 9.2, 139, 诗集
10743553, 9.3, 128, 新月集 飞鸟集
02216174, 8.6, 223, 粉红色噪音
30296453, 8.5, 238, 如果我忘了你，耶路撒冷
01064103, 8.1, 349, 普希金诗选
03993162, 9.0, 155, 约瑟夫·布罗茨基：诗四十一首
03012244, 7.6, 618, 汪国真诗集
26820505, 7.7, 538, 大天使昂热丽克及其他诗
25760868, 8.6, 211, 诺言：多多集(1972-2012)
26948530, 9.0, 151, 假如生活欺骗了你
30312957, 9.3, 121, 没有英雄的叙事诗
01488585, 9.2, 129, 先知
30211867, 9.2, 129, 我可以触摸的事物
30247291, 8.5, 225, 雪是谁说的谎：倪湛舸诗集
05394464, 8.9, 160, 這隻斑馬
02337883, 9.2, 124, 顾城新诗自选集
25728167, 8.5, 217, 任航诗集
01289014, 9.0, 143, 为美而死
26413681, 9.0, 143, 约会
26320387, 8.6, 194, 拜伦雪莱济慈诗精编
26613396, 7.6, 543, 我要对你做，春天对樱桃树做的事
10830086, 8.1, 309, 爱伦·坡诗集
04734056, 8.1, 306, 词语破碎之处
30418952, 9.0, 137, 天真的歌
01446710, 8.5, 203, 豪猪的诗篇
01915370, 8.7, 170, 普希金诗集
02253798, 8.7, 169, 诗歌总集
04844456, 8.2, 263, 汪国真经典代表作1
24838971, 9.0, 132, 避孕药和春山矿难
06731599, 8.1, 289, 恶之花
04127226, 8.9, 141, 午夜的缪斯
01104699, 8.4, 214, 沃伦诗选
25728480, 8.7, 163, 給郁結的詩
26298577, 8.3, 230, 林间空地
27168566, 7.8, 384, 山羊之歌
27193373, 7.7, 424, 花与恶心：安德拉德诗选
05916847, 8.8, 147, 我的灵魂
03025632, 7.9, 337, 德国，一个冬天的童话
02110754, 8.4, 202, 美国自白派诗选
27598101, 9.0, 123, 早晨与入口
33396548, 8.0, 295, 柯布西耶：直角之诗
30133207, 8.8, 143, 恶之花
33455245, 7.9, 324, 火：鲁米抒情诗
30328199, 6.6, 2013, 夜空总有最大密度的蓝色
19975033, 9.2, 105, 時光的皺紋
01041805, 9.0, 121, 泰戈尔诗选
11511228, 7.7, 401, 天真与经验之歌
30177157, 8.9, 130, 金子美铃全集
11597329, 7.7, 397, 第二次诞生
26888764, 7.4, 566, 寂然的狂喜
27598097, 8.4, 193, 春的临终
06793126, 8.3, 211, 飞鸟集
01959024, 8.7, 149, 歌德诗集（上）
04703304, 8.8, 137, 采果集
26049541, 7.6, 432, 你是人间的四月天
30383244, 8.9, 125, 鸟·凶宅·牧歌
26610125, 7.8, 339, 我想和你虚度时光
01288888, 8.3, 205, 半个我正在疼痛
25985350, 8.4, 187, 精灵
01434375, 8.4, 186, 安娜·布兰迪亚娜诗选
10726581, 8.4, 186, 生如夏花
01228094, 7.0, 944, 蝴蝶飞了
01398079, 8.8, 133, 英国诗选
10561256, 8.2, 221, 狄金森诗选
30163284, 8.8, 132, 不定的时刻
06313466, 9.3, 92, 纳兰词
30155742, 7.9, 296, 大象
30193117, 9.3, 91, 古希腊抒情诗集（全4册）
20260682, 8.8, 130, 特拉克尔诗集
33476145, 8.2, 215, 唯有孤独恒常如新
34792458, 8.2, 215, 生活研究
26785452, 9.1, 103, 舞梦
24295880, 6.9, 1045, 天上的白云真白啊
26640265, 7.7, 358, 唯有悲伤不撒谎
30200832, 8.8, 126, 叶甫盖尼·奥涅金
01208219, 9.0, 108, 唐诗三百首
34432297, 9.9, 61, 齒與骨
26976266, 7.1, 742, 二十亿光年的孤独
05258702, 8.5, 157, 温庭筠词集·韦庄词集
24856639, 6.9, 977, 冯唐诗百首
30123882, 9.3, 86, 避孕药与春山矿难（胶囊装）
10344570, 8.0, 245, 深歌与谣曲
26910561, 9.0, 105, 沙与沫
26888589, 7.8, 297, 太阳
25961810, 8.4, 166, 黑池坝笔记
22162686, 7.3, 531, 伪所罗门书
27598093, 8.6, 139, 时光的皱纹
30232616, 8.7, 128, 安魂曲
24737675, 8.8, 118, 席慕容诗集套装全6册 七里香 边缘光影 无怨的青春 我折叠着我的爱
06982506, 8.4, 163, 拜伦 雪莱 济慈诗精选 中外名家经典诗歌
02155010, 9.4, 77, 韦应物集校注
25795261, 8.9, 108, 泰戈尔经典诗选:生如夏花
01503627, 8.8, 116, 吉檀迦利
01436123, 7.1, 670, 翡冷翠的一夜
26661166, 8.1, 208, 月光的合金
01777465, 7.4, 444, 天安门诗抄
26642036, 8.0, 228, 奥登诗选：1948-1973
01063826, 7.8, 278, 死水
27201060, 9.5, 70, 贺拉斯诗全集
27599631, 8.3, 167, 世界的渡口
06737144, 8.8, 111, 恶之花
01007605, 8.9, 103, 三曹诗选
34949682, 9.9, 55, 给未生者的情诗
26743551, 6.8, 979, 月亮是夜晚的伤口
30411483, 7.4, 415, 黑色的歌
30247859, 7.4, 411, 那些闪电指向你
27625639, 8.1, 193, 我想和你一起生活
04218980, 9.2, 81, 周夢蝶詩文集 卷二: 有一種鳥或人
01104704, 7.6, 320, 伊丽莎白·毕肖普诗选
30259167, 8.7, 114, 穆旦诗集
30302849, 7.7, 276, 观察
03803277, 8.0, 203, 碑
01065127, 6.4, 1779, 女神
03156362, 7.9, 222, 曼杰什坦姆诗全集
02996022, 8.6, 118, 希梅内斯诗选
02294671, 8.5, 127, 海涅诗集
26907032, 8.5, 127, 摇摇晃晃的人间--余秀华诗选/周读书系
30393418, 9.2, 76, 70首诗和7个故事
26793841, 8.1, 177, 岛屿和远航
24696728, 7.3, 419, 我知道怎样去爱
27203687, 9.0, 86, 哈代诗选
27078422, 8.8, 99, 我和小鸟和铃铛
26948526, 8.2, 160, 草叶集
30464711, 9.5, 62, 从明天起，做一个幸福的人 海子经典诗全集（全二册）
30257742, 9.1, 79, 奥麦罗斯
34942344, 7.7, 256, 逝物录
26718736, 8.5, 122, 草叶集
27614664, 8.0, 188, 卡斯蒂利亚的田野：马查多诗选
01085577, 7.7, 254, 恶之花
27113831, 8.5, 121, 勃洛克诗选
07061367, 8.0, 185, 罗马尼亚当代抒情诗选
30165716, 7.8, 224, 我變成了笨蛋：北野武詩集
26933916, 8.2, 152, 几个好朋友
06862515, 8.6, 109, 雨水直接打進眼睛
34950796, 8.6, 109, 我们爱过又忘记
03099625, 8.4, 127, 郑小琼诗选
30439882, 8.3, 138, 弯曲的船板
30218867, 8.5, 117, 所有我亲爱的人
34950357, 9.0, 81, 无形之手
01096004, 8.6, 108, 朦胧诗选
19948619, 8.2, 150, 拒绝天堂
02065362, 8.7, 100, 世界抒情诗选
30416853, 7.9, 195, 下次你路过，人间已无我
26384739, 8.1, 161, 碧丽蒂斯之歌
02162619, 9.6, 55, 昌耀诗文总集
26320450, 8.6, 106, 穆旦诗精编
27146608, 7.8, 212, 万物归一
01010361, 6.8, 736, 繁星·春水
24876757, 8.2, 145, 俞心樵诗选
01983088, 9.5, 57, 索菲娅诗选
30217925, 7.6, 257, 砌石与寒山诗
34659579, 9.1, 72, 草叶集——惠特曼诞辰200周年纪念版诗全集
27598780, 7.3, 355, 雨水直接打进眼睛：叶青诗集
27205406, 8.1, 153, 我：谷川俊太郎诗集
21668073, 8.2, 139, 你是春的明媚秋的丰饶
34448703, 8.5, 106, 雅姆诗选
01019780, 8.8, 84, 兰波诗全集
04725332, 9.0, 73, 李清照
26925396, 8.0, 159, 不要输给风雨
02180561, 8.7, 89, 拜伦诗集
01056011, 8.9, 77, 我曾经爱过你
01509392, 8.3, 120, 精神病院
25803880, 7.6, 231, 黑塞诗选
25866566, 7.9, 169, 人类的诗篇
34815661, 9.1, 66, 李清照诗词全集（作家榜经典文库）
26671804, 7.1, 405, 为六弦琴而作·影子的颂歌
30178058, 8.2, 127, 小宇宙 ：现代俳句266首（全彩插画版）
26294672, 6.9, 528, 我是即将来到的日子
01046386, 8.4, 107, 志摩的诗
26378548, 7.4, 277, 第二空间
27093127, 7.8, 178, 心灵的科尼岛
01138454, 8.6, 90, 草叶集（上下）
02130965, 8.6, 89, 鸿鹄集
27592936, 7.7, 190, 去爱那可爱的事物
01462849, 8.8, 76, 马雅可夫斯基选集 第二卷
33505234, 8.3, 109, 我在等你的时候老去
26596183, 9.2, 58, 先知·沙与沫
01105793, 7.5, 230, 望舒草
02121456, 8.9, 70, 乔叟文集
26854985, 8.1, 128, 對號入座
26322669, 8.4, 100, 北岛作品精华本
01034537, 8.1, 127, 枯草上的盐
30232614, 8.8, 74, 我会爱
30178007, 8.1, 125, 向着明亮那方
30141466, 8.8, 73, 心灵之火的日常
33385999, 7.7, 180, 紧急中的冥想
01048890, 8.3, 104, 海涅抒情诗选
03222502, 8.7, 77, 戴望舒诗全编
25760870, 7.8, 160, 我和我:西川集(1985-2012)
01380158, 9.4, 49, The Complete Poems
03163316, 9.4, 49, 灰喜鹊
26992761, 9.2, 55, 王维诗集
26742664, 8.0, 130, 勃朗宁夫人十四行诗
30185999, 8.8, 70, 门槛·沙
26420488, 8.4, 93, 北欧现代诗选
34834197, 8.9, 65, 天堂的影子
02349106, 8.6, 79, 雪莱抒情诗选
01475049, 8.3, 99, 哀歌集
01949807, 8.1, 116, 雷平阳诗选
03014727, 7.9, 138, 万叶集（上下）
33430531, 7.1, 321, 夕颜
11541387, 7.7, 162, 贝壳
30409182, 7.7, 161, 沙拉纪念日
27113837, 8.6, 76, 叶赛宁诗选
26808921, 9.1, 54, 李贺诗集
26775369, 7.6, 172, 卡明斯诗选
26323083, 8.2, 99, 生如夏花：泰戈尔诗选
33403994, 7.5, 187, 布罗茨基诗歌全集（第一卷 上）
26910560, 7.3, 230, 这无穷尽的平原的沉寂
01389889, 8.8, 63, 於是你沿街看節日的燈飾
27601589, 8.3, 89, 希克梅特诗选
26803823, 7.3, 225, 让我们来谈谈我们的灵魂
10759334, 7.1, 281, 你是那人间的四月天
27621479, 7.6, 161, 事物的味道，我尝得太早了
01951310, 8.4, 80, 邻笛集
30471281, 7.6, 159, 柠檬哀歌
03156676, 9.0, 53, 情人的礼物
35030671, 8.7, 64, 我将成为明月的椅子
26652997, 7.7, 142, 顾城精选集
27109130, 7.9, 117, 狂喜 蜜蜂
30209924, 8.0, 107, 爱伦·坡诗集
26186253, 8.8, 59, 赞颂
30447558, 8.6, 67, 赫贝特诗集
01017343, 8.7, 62, 哈默林的花衣吹笛人
27601588, 8.0, 104, 斯特内斯库诗选
05264475, 7.2, 229, 托着摩卡杯的苍白男人
01897336, 8.0, 102, 雨巷·我用残损的手掌
01003194, 9.0, 50, 古罗马诗选
26738634, 7.3, 199, 志摩的诗
26320358, 7.4, 176, 仓央嘉措诗精编
27591087, 8.5, 68, 孤独与沉思/诺贝尔文学奖大系
25808317, 9.0, 49, 鸟坐禅与乌居摆
30177178, 7.5, 156, 秋天，一夜之间
19976511, 7.8, 117, 小主意
26323424, 8.5, 67, 杜诗详注
26870351, 8.1, 90, 请你记住
30200835, 7.8, 116, 叶芝诗集
27082105, 7.5, 154, 整数26
30183054, 8.4, 71, 生命之殿
30422614, 8.6, 61, 秋日
01890143, 8.5, 65, 小宇宙：現代俳句二ＯＯ首
34894704, 7.9, 103, 一百万亿首诗
11535137, 9.7, 32, 追蝴蝶
02471653, 8.9, 49, The Oresteia
26438570, 8.4, 68, 世界在门外闪光
34888264, 9.2, 41, 卢济塔尼亚人之歌
27074610, 7.8, 107, 太阳释放出我灵魂里所有的怪兽
34438696, 8.5, 62, 眼睛后面
27593841, 7.5, 139, 疯狂的奥兰多
26897000, 7.8, 105, 来自巴勒斯坦的情人
01186427, 8.3, 70, 雨果诗选
01069353, 9.0, 44, 羽.泉之泉静静地流-胡海泉.诗与写真
34912083, 7.9, 95, 爱的接缝在此处
02101417, 8.6, 56, 魏尔伦诗选
01127913, 7.9, 94, 彼得·霍恩诗选
27098149, 8.5, 59, 紧急中的冥想
20277452, 7.5, 131, 宇向诗选
25783321, 8.5, 58, 给孩子们的诗
27601592, 7.8, 99, 不畏风雨
34353668, 9.1, 40, 把你的心跟肺挖出來帶回鄉下餵狗
01584708, 8.6, 54, 二十世纪台湾诗选
01355378, 8.5, 57, 鄭愁予詩集I（新版平裝）
01706264, 8.5, 57, 昌耀
30485155, 7.0, 218, 爱的24则运算
27199032, 7.5, 126, 野兽派太太
27598181, 7.9, 88, 菲利普·拉金诗全集
01054793, 9.3, 35, 卞之琳译文集（上中下）
30418716, 9.4, 33, 夏宇简体字诗集
34429363, 7.7, 103, 沈从文诗集
34437710, 7.7, 103, 在冬日光线里
02278364, 8.9, 43, 飞鸟集
03767523, 7.6, 110, 走马观花集
27605241, 7.6, 109, 摇摇晃晃的人间
04152092, 8.2, 66, 唐诗三百首•宋词三百首•元曲三百首
27615070, 8.6, 50, 大师的葬礼
34905916, 8.8, 44, 给孩子的100堂诗歌课
01714814, 8.1, 70, 徐志摩诗全编
01810887, 7.6, 106, 红烛
34990787, 8.9, 41, 众多未来
34431908, 8.4, 56, 迟来的旅行者
26431008, 9.1, 36, 圆环清晨
24841322, 9.2, 34, 玉台新咏
01482990, 8.0, 73, 济慈诗选
34776006, 7.0, 189, 西西诗集
30241524, 8.4, 54, 月亮已失眠
02480937, 9.8, 25, The Best Poems of the English Language
01117222, 8.6, 47, 歌德文集 歌德诗集
10519820, 8.5, 50, 午夜
27199013, 8.3, 57, 兰斯顿·休斯诗选
34431899, 8.4, 53, 声音集
26765308, 7.9, 76, 每一首都是情歌
01082682, 8.1, 65, 光阴的梯子
27164899, 8.5, 49, 七里香
34852213, 7.6, 96, 生活笔记，以及我们如何找到被拒绝的幻觉
26981112, 6.6, 291, 牛奶与蜂蜜
30299529, 8.2, 58, 消失的岛屿
01942525, 8.1, 62, 普吕姆诗选
27154814, 7.3, 122, 剥肉桂的人
27074604, 7.5, 100, 过程
34444344, 8.7, 41, 小安的诗
30126888, 7.8, 77, 有一天，我把她的名字写在沙滩上
04825482, 9.4, 28, 四季短笛
10515075, 6.3, 423, 里尔克抒情诗选
26803600, 6.6, 271, 叶慈诗选
01116216, 8.4, 49, 韦应物诗集系年校笺
11605728, 7.8, 76, 爱经
05957087, 9.0, 34, 李白诗集
02080368, 9.7, 24, 文苑英华
01048563, 8.2, 54, 勃朗宁诗选
34840578, 6.9, 174, 桂花
30175682, 7.8, 72, 弗罗斯特诗选
34785563, 9.8, 22, 冬天的树和春天的树
26949010, 7.5, 90, 褶皱与陷阱
30438869, 8.4, 45, 长长的锚链
30338764, 8.2, 51, 在寂静如语的梦里：罗塞蒂诗选
33395241, 7.4, 96, 恋爱是一件小题大做的事
02344711, 8.8, 34, 在大海边
26741498, 8.8, 34, 男孩和女孩
26948576, 6.2, 405, 我的夜晚是对你的狂想
11597377, 6.8, 175, 双子星座
05947358, 7.8, 66, 山水手记
30191955, 7.1, 123, 斧柄集
27074630, 6.9, 152, 大地蓝得像一只橙子
01041990, 8.2, 48, 里尔克的绝唱
27149771, 7.5, 82, 致群山中的她
06784156, 9.1, 28, 新月集·飞鸟集
30176495, 7.1, 118, 以何之名
27131782, 7.7, 68, 恶之花
34680670, 7.7, 68, 心有猛虎 细嗅蔷薇
27598100, 7.9, 57, 同义反复
21331391, 9.2, 26, 生如夏花之绚烂，泰戈尔作品经典精选
26846618, 9.2, 26, 我自己的歌——惠特曼诗选
35009265, 8.4, 40, 遗址：叶辉诗集
26262695, 8.2, 45, 知乎水月
03023553, 8.6, 35, 苏东坡诗词选
27201052, 8.6, 35, 华兹华斯叙事诗选
34993171, 8.1, 48, 乱发
30234398, 8.4, 39, 未选择的路
27190905, 7.3, 90, 明亮的伏击
27202331, 8.6, 34, 以诗之名
27108481, 7.2, 97, 蓝色一百击
27133716, 5.8, 666, 冯唐诗百首
03427472, 8.3, 40, 西风颂
34940773, 7.9, 52, 古今和歌集300
19960809, 7.8, 56, 昌耀的诗
25888988, 8.5, 35, 飞鸟集
03888462, 8.6, 33, 嶺雲海日樓詩鈔
30450678, 8.9, 28, 哀歌集·黑海书简·伊比斯
01802085, 9.2, 24, 爱者之贻
26662118, 8.0, 48, 比空气轻
26862395, 8.0, 48, 献给好人的鸣奏曲
26778882, 7.6, 64, 尝试集
10742499, 8.1, 44, 尘世之歌
01457992, 9.1, 24, Smiling In Slow Motion
10601526, 7.4, 71, 原野与城市
27199021, 7.2, 84, 桑德堡诗选
01119259, 8.8, 27, 敦煌诗集残卷辑考
01236678, 9.3, 21, 英语小说名篇赏析/英语幽默故事精选/英语散文名篇赏析/英语力作佳译鉴赏/英语名言集锦/英语名诗欣赏
34880297, 8.0, 43, 萨福的情歌
33401769, 8.7, 28, 风物拼图
34826177, 8.7, 28, 夜晚的消息
26262727, 9.0, 24, 阮籍集校注
30464966, 7.8, 49, 无限灰
26909358, 8.3, 35, 林徽因书信集
26922132, 7.9, 45, 召唤神话的44型
26643953, 6.7, 129, 吟诗
34451087, 6.7, 128, 行走春夜里
30320039, 7.7, 50, 碧空中的金子
35000711, 8.0, 40, 奥之细道
11591815, 8.0, 39, 恶之花
30289611, 9.6, 17, 二月乔
30438867, 7.7, 47, 当下集
06990949, 7.9, 40, 汪国真诗书音画
02229620, 8.0, 37, 散宜生诗（增订、注释本）
26685630, 7.5, 53, 普希金诗选
25985037, 9.0, 21, 极品
01997811, 7.9, 39, 普希金爱情诗选
01445178, 9.1, 20, 新月集
26615406, 8.2, 32, 养蜂手记
26285973, 6.7, 104, 芒克诗选
03262324, 8.7, 23, 贝克凯尔抒情诗集
26748285, 7.3, 57, 体内的月亮
34437711, 8.2, 30, 的里雅斯特与一位女性
34834117, 7.1, 67, 遗失的赤裸
30424113, 8.3, 28, 罗兰之歌·近代英国诗钞
30226256, 7.6, 43, 孤独与沉思
27592344, 7.0, 71, 火星生活
02132134, 8.6, 23, 高青丘集
30227241, 7.3, 53, 深处的镜子
04902828, 8.1, 30, 柔情裹着我的心
30389944, 7.4, 48, 希姆博尔斯卡诗集Ⅰ
26678877, 8.8, 20, 果园来信
30439880, 7.3, 51, 山巅之险
34456278, 7.8, 35, 群山自黄金
04822619, 8.5, 23, 中国最美的诗歌世界最美的诗歌大全集
06019710, 8.5, 23, 荷兰现代诗选
35096600, 7.8, 34, 世界抒情诗选：灰烬的光芒
20275488, 7.0, 62, 墓畔挽歌
02337041, 8.4, 23, 苏联女诗人抒情诗选
30748187, 8.4, 23, 拜伦诗选
05288538, 7.3, 47, 顾彬诗选
06977911, 9.5, 14, 聖詠譯義（新版）
25897074, 7.5, 40, 郭小川诗选
01127914, 6.8, 72, 梅利尔诗选
10446520, 8.5, 21, 穆罕麦斯
01082688, 7.2, 48, 必须弯腰拔草到午后
30590201, 6.7, 73, 絕望名人卡夫卡的人生論
02194520, 8.5, 20, 花草粹编（上下册）
27614915, 7.0, 54, 四月的沉醉
26300939, 8.7, 18, 基诺山
30482851, 8.0, 26, 石川啄木诗歌集
30126862, 8.2, 23, 罗马尼亚当代抒情诗选（修订版）
27057750, 7.7, 31, 神的家里全是人/诗刻系列
30446292, 6.8, 62, 让一切光源都熄灭：沙鸥诗集
25697847, 7.2, 43, 空白
01021413, 7.8, 28, 银弦集・早年的花环・新的旅程
30330677, 6.9, 55, 所有未来的倒影
30153667, 7.9, 26, 跟着我，沉入大海
01138119, 7.0, 49, 非洲现代诗选（上 下）
21692786, 8.0, 24, 静观集
26816655, 8.8, 16, 孩子，寂寞时你就读读诗
02266246, 7.9, 24, 麦布女王
27170446, 7.7, 27, 海涅诗选
03321174, 8.8, 15, 罗摩衍那初探
34442423, 8.4, 18, 情感教育入门
20469401, 6.4, 77, 世俗的圣歌
26410742, 5.7, 191, 如诗一般
30296435, 7.1, 38, 阿什贝利自选诗集
30443976, 7.1, 38, 严酷地带
06798231, 8.8, 14, Wonderland
26674251, 6.9, 43, 繁星·春水
26667947, 7.4, 29, 一个孤独的国王
27087976, 7.5, 27, 滴漏
34875185, 8.0, 20, 词语的诱惑与真实
01084771, 7.9, 20, 竹笑轩吟草
04129440, 8.3, 16, 虚妄的传记
27620329, 6.8, 41, 我是被天空遗忘的诗人
25893394, 5.9, 107, 普希金抒情短诗集
26352601, 6.5, 53, 我愿做无忧无虑的小孩
33415339, 8.1, 17, 再低微的骨头里也有江河
30346696, 7.6, 21, 当你老了
01547452, 8.2, 15, 惠特曼精选集
34814419, 9.2, 10, 向死而生
10482837, 8.0, 15, 飞鸟集·新月集
01040611, 7.1, 24, 瓦雷里诗歌全集
26818065, 7.5, 18, 心美好时
10454365, 7.3, 20, 泉·最美
30403752, 6.9, 25, 狱中诗
02369586, 7.0, 23, 近代诗一百首
06731603, 7.0, 23, 文爱艺诗集
34944554, 8.6, 10, 金子美玲物语
27074968, 7.8, 14, 我看到浪花如此朴素 辜负了花的美名
27050386, 5.4, 123, 阳光失了玻璃窗
03397735, 8.1, 12, 秋风和萧萧叶的歌
27154152, 6.4, 35, 永恒之阴影
01425963, 7.5, 16, 随手写下
01967214, 7.5, 16, 余笑忠诗选
34793639, 7.5, 16, 鲸鱼破冰
27041313, 5.7, 76, 哈金新诗选
25971720, 6.1, 46, 邮吻
27618849, 8.0, 12, 送流水
30320053, 8.0, 12, 我记得那美妙的一瞬
30393578, 7.5, 13, 危险的中年(朵渔诗选2013-2015)(精)
33592257, 6.8, 19, 迁徙
34793637, 7.0, 16, 竹笑
30226257, 6.0, 34, 安于不定之中
34949320, 6.7, 18, 荒原
27664267, 7.3, 11, 狄金森诗抄
05922491, 6.2, 21, 繁星 春水-全本
34875090, 4.9, 101, 找个人，一起去破坏这无聊的世界
26946576, 6.5, 15, 济慈幻美诗选
34431910, 7.2, 10, 一个博物学家的死亡
30741986, 4.8, 87, 原谅了你等于原谅了我——蒋一谈爱情诗集
26684107, 0.0, 10, نىمشېھىت شېئىرلىرى：ئۇيغۇرچە-خەنزۇچە سېلىشتۇرما
26926595, 0.0, 10, 太阳神
30484712, 0.0, 10, 春园
05246857, 0.0, 11, 多情應笑我
30267508, 0.0, 17, 发现诗人(Ⅱ)
26313146, 0.0, 42, 世界上有另一个我
