2020-07-05 16:00:17

number of books, tag name
228, 话剧

ID, rating, votes, title
02154960, 8.7, 107022, 一个陌生女人的来信
01085799, 8.7, 102797, 白鹿原
01119522, 8.4, 102872, 呼啸山庄
01085470, 8.5, 80225, 海底两万里
01013416, 8.6, 60025, 雷雨
01985223, 8.7, 37358, 倾城之恋
24859822, 8.6, 34278, 无人生还
01036613, 9.0, 14182, 茶馆
02256039, 7.8, 92460, 杜拉拉升职记
01115748, 9.2, 5814, 故事
03010133, 8.4, 13960, 琥珀·恋爱的犀牛
04275058, 9.2, 4382, 茶馆
19995918, 8.3, 13338, 蛙
01083003, 8.7, 6557, 尘埃落定
01089049, 9.4, 2151, 莎士比亚全集（全8册）
02042629, 8.8, 3949, 九三年
01044772, 8.6, 5042, 雷雨
01009043, 8.5, 5311, 日出
02193876, 8.8, 3198, 浮士德
03239913, 8.1, 8568, 推拿
01051714, 8.3, 6260, 等待戈多
27103796, 8.7, 3500, 恋爱的犀牛
11501640, 8.4, 4885, 柔软
06784968, 8.8, 2561, 莎乐美
03674353, 7.6, 15975, 沥川往事
04732188, 8.1, 6290, 中央公园西路
01792749, 8.5, 3169, 等待戈多
03887847, 8.5, 2979, 浮光
01040131, 8.6, 2449, 茶馆 龙须沟
03908032, 7.3, 18032, 怪诞心理学
02156959, 8.1, 4323, 捕鼠器
01078750, 8.8, 1645, 雷雨
03127852, 8.6, 1857, 推销员之死
25713688, 8.6, 1717, 蒋公的面子
26745030, 8.6, 1640, 陌生女人的来信
03132500, 8.9, 1157, 雷雨
01316651, 8.3, 2347, 北京人
02127498, 9.5, 605, 罗念生全集：第二卷：埃斯库罗斯悲剧三种、索福克勒斯悲剧四种
19982767, 8.9, 1056, 茶馆 叶浅予插图本
02042631, 7.9, 3366, 弗兰肯斯坦
01077898, 8.1, 2276, 原野
02209903, 8.4, 1473, 暗恋桃花源 红色的天空
01011977, 8.2, 1899, 先锋戏剧档案
01318125, 9.1, 658, 茶馆
01965977, 7.4, 6047, 我的抑郁症
26936003, 9.0, 707, 茶馆
03339461, 8.8, 732, 推销员之死
03891385, 8.2, 1440, 制造伍德斯托克
02043873, 9.0, 586, 天边外
24838958, 8.7, 680, 我们的小镇
01145593, 9.1, 454, 哥本哈根
01479662, 8.5, 821, 茶花女
26776046, 9.2, 383, 卡利古拉
20435558, 9.1, 419, 莎乐美
01372679, 9.1, 381, 如夢之夢
03132489, 8.9, 450, 茶馆
04243513, 9.0, 404, 雷雨 日出
04729521, 7.8, 1499, 单向街 002
01433207, 8.8, 468, The Vagina Monologues
27103798, 8.5, 629, 柔软
01729291, 9.5, 225, 茶馆
27103777, 8.2, 763, 琥珀
01767763, 8.9, 297, 收信快乐
02148180, 8.1, 665, 最后14堂星期二的课
04243519, 8.6, 371, 茶馆 龙须沟
26816586, 9.6, 157, 茶馆
02159470, 6.8, 4019, 垮掉的一代
04304738, 8.7, 314, 万尼亚舅舅
01069857, 8.6, 338, 天下第一楼
26436129, 9.1, 208, 潘家洵译易卜生戏剧
01035892, 8.8, 263, 老舍散文
26634490, 7.7, 817, 你好忧愁
01417046, 8.4, 355, 茶花女
02032529, 8.8, 240, 拉辛戏剧选
01436076, 8.6, 281, 凯恩舰哗变
03335271, 7.0, 1975, 娜写年华
25791220, 9.1, 169, 宝岛一村
04912682, 8.6, 237, 阿瑟・米勒手记
01832035, 8.9, 182, 雷雨
01398370, 7.4, 875, 恋人
33424454, 8.9, 174, 赖声川剧作集
01438492, 9.4, 106, 長夜漫漫路迢迢
01014434, 8.6, 190, 汉堡剧评
03852906, 9.1, 125, 舞台管理
01832120, 9.2, 114, 奥尼尔剧作选
03748437, 8.8, 145, 家
01080893, 8.5, 185, 第十二夜-中英文对照全译本
03266074, 8.8, 144, 天边外
10564058, 8.5, 175, 罗密欧与朱丽叶
01456399, 8.8, 134, Julius Caesar
04730597, 8.2, 214, 田沁鑫的戏剧本
05502410, 6.7, 1429, 北京的腔调
01975274, 8.6, 146, 大小舞台之间
26693984, 8.5, 150, 威尼斯商人
01346376, 8.5, 149, 三姊妹/櫻桃園
25276835, 9.1, 93, 如夢之夢
25843072, 8.0, 219, 导演小人书
04109160, 8.4, 149, 戏剧本体论
01099330, 8.8, 108, 坎特维尔的幽灵
05298516, 7.7, 288, 看戏节目单
04272660, 8.6, 119, 《窝头会馆》的舞台艺术
03276910, 7.7, 266, 我知道光在哪里
26923022, 8.5, 124, 石挥谈艺录：把生命交给舞台
25832911, 7.5, 310, 低音提琴
30125611, 8.1, 149, 一棵菜
02158924, 8.4, 114, 上海屋檐下(夏衍代表作)/中国现代文学百家
26584860, 7.6, 236, 大先生
26912330, 8.3, 120, 后戏剧剧场（修订版）
20506305, 7.3, 309, 什么愿望都没实现的夏天
03203552, 8.9, 71, 老舍剧作选
01130859, 8.9, 67, 威尼斯商人 无事生非 终成眷属
10446299, 7.4, 238, 爱LOVE
06893824, 8.1, 119, 先锋戏剧档案
30184826, 9.1, 56, 茶馆
03900558, 6.8, 472, 龙须沟
27185420, 8.6, 74, 李国修编导演教室
05243767, 7.8, 141, 上海屋檐下
01070033, 9.1, 53, 曹禺选集
01009255, 7.4, 208, 田汉代表作：名优之死
05918070, 8.6, 72, 独幕剧名著选读
01507521, 8.7, 66, 我做戏，因为我悲伤
01480896, 7.7, 147, 人类的当务之急
30283393, 8.4, 81, 戏剧概论
05285159, 9.2, 47, 曹禺经典戏剧选集
24861020, 8.4, 78, 要么庸俗 要么孤独
02146198, 9.2, 46, En attendant Godot
02258984, 9.9, 32, 外国剧作选1
34842991, 9.4, 41, 茶馆（作家榜经典文库）
05245540, 8.6, 65, 升官图
01665296, 8.6, 62, 戏剧导演
05245538, 8.7, 58, 雷雨
01640176, 9.1, 45, 凯恩舰哗变
25815581, 9.3, 39, 哈姆莱特（中英）
02039917, 9.0, 45, &#39;night
25870776, 8.2, 73, 邹静之戏剧集
22528026, 9.2, 38, 老舍五则
30347576, 9.4, 34, 茶馆：何大齐插图本
01718066, 8.0, 72, 李健吾代表作：这不过是春天
06820517, 8.0, 66, 茶馆·龙须沟
02343652, 8.8, 37, 果戈理选集（第二卷）
25887424, 8.5, 43, 曹禺戏剧全集（全5卷）
03116002, 8.3, 48, 上海屋檐下 法西斯细菌
01388466, 8.1, 54, 六个寻找作者的剧中人
01054786, 7.9, 61, 中国现代戏剧史稿
25815596, 8.4, 43, 麦克白（中英）
04215067, 8.6, 38, 家
03198650, 9.2, 27, 驯悍记
02826612, 9.5, 23, Long Day&#39;s Journey into Night
01560952, 7.8, 59, 中国话剧大系1998年演出版思凡(VCD)
25815586, 8.9, 29, 奥赛罗（中英）
03249672, 8.6, 34, 等待果陀‧終局
30177125, 9.4, 22, 雷雨 日出 原野 北京人
27178209, 9.5, 21, 茶馆(精)
26652136, 8.0, 46, 话剧持灯人
01065761, 7.9, 48, 天下第一楼
10763226, 5.8, 561, 垮掉的一代
04243520, 7.8, 51, 风雪夜归人 闯江湖
01703156, 7.9, 46, 楼梯的故事
01158098, 7.5, 61, 插图中国话剧史
01665317, 7.5, 58, 喜剧
30240546, 8.6, 27, 悲观主义三部曲(典藏版)(套装共3册)
01096234, 7.8, 44, 雷雨
01460659, 7.9, 40, 虎符
26389487, 7.6, 49, 鸟人
01899607, 9.0, 21, 曹禺代表作
01366223, 8.8, 23, Art
02038372, 8.7, 24, 我和春天有個約會 (劇本)
04186712, 7.5, 51, 小井胡同—李龙云剧作选
05349029, 7.5, 51, 史家胡同56号
03190499, 6.8, 96, 王昭君
03099809, 6.9, 85, 天堂隔壁是疯人院
30247000, 7.4, 51, 有味儿
19962540, 7.5, 47, 谁在舞台中央
01138352, 7.4, 47, 等到天黑
20419210, 9.3, 16, 曹禺作品精选
02322252, 8.3, 25, 话剧 我在天堂等你 单碟装(DVD)
26639451, 7.4, 45, 不该爱的女人
21318759, 9.5, 14, 茶馆 宝船
01078540, 6.5, 87, 蜕变
03003255, 8.4, 20, 雅典民主的谐剧
27032926, 8.4, 20, 20世纪中国戏剧史（上册）
01038163, 7.5, 31, 中国话剧史
04183992, 7.2, 38, 棠棣之花
06127979, 7.6, 28, 玩偶之家
03405518, 8.6, 16, 《骆驼祥子》的舞台艺术
25815593, 8.6, 16, 李尔王（中英）
01852539, 7.3, 33, 校园戏剧
33440218, 9.1, 12, 进击的演员！
34919777, 9.0, 12, FLEABAG
10745137, 7.4, 27, 我在北京人艺
27008836, 6.8, 41, 冬之旅：万方剧本精选集
01484453, 7.0, 34, 二十世纪西方戏剧指南
06736624, 9.3, 10, 我与写意戏剧观
03237917, 7.8, 19, Phedre
04246726, 6.0, 86, 屈原 蔡文姬
03443094, 8.2, 15, 課堂驚魂
01152878, 7.6, 20, 表演技巧
24516833, 7.6, 20, 胆剑篇
03938237, 7.8, 17, 芳草天涯
02104912, 8.3, 13, 小剧场戏剧论稿
25750941, 5.5, 142, 明星教给我的那些事
01165071, 7.8, 16, 20世纪外国戏剧经典
01145969, 8.3, 12, 万家灯火
06963699, 7.2, 21, 田汉剧作选
05245541, 7.1, 21, 丽人行
05906594, 7.5, 16, 影视表演基础
03900405, 6.8, 24, 法西斯细菌
01075072, 6.9, 22, 中国话剧通史
01077537, 7.3, 17, 东西方戏剧进程
01894153, 7.2, 18, 郭沫若剧作
06998482, 7.5, 15, 孟京辉戏剧档案
04198688, 7.6, 14, 野玫瑰
10807924, 7.7, 13, 全球化与跨文化戏剧
03883705, 7.2, 17, 演员的准备
03879101, 7.1, 18, 曹禺传
03195300, 7.5, 14, 莫里哀戏剧故事集
06901555, 7.7, 12, 落花无言
10355098, 7.2, 14, 上海抗战时期的话剧
03869746, 7.3, 13, 中国百年话剧史稿（现代卷）
04171165, 7.8, 10, 上海孤岛话剧研究
02003754, 7.0, 14, 风雪夜归人
26602393, 6.6, 17, 我不是李白
02361657, 7.0, 10, 中国近现代话剧图志
19964402, 6.8, 10, 杨利民剧作选
01049983, 6.6, 11, 中国话剧
04183996, 6.0, 14, 武则天
01680345, 0.0, 10, 焦菊隐文集 全十册
06899259, 0.0, 10, 剧作法
