2020-07-05 16:00:17

number of books, tag name
330, 诸子

ID, rating, votes, title
01059258, 9.4, 12591, 道德经精义
01949420, 9.4, 8772, 孙子兵法
01964774, 9.1, 12795, 论语
02046236, 9.4, 7509, 庄子
03079029, 8.7, 12315, 大秦帝国
01009789, 9.5, 3240, 道德经
01287865, 9.5, 2359, 老子
01287864, 9.4, 1994, 庄子
02133254, 8.1, 11423, 流血的仕途
01051919, 9.3, 1968, 庄子今注今译（全三册）
01033163, 9.2, 2184, 老子注译及评介
26354200, 8.9, 2565, 华杉讲透孙子兵法
04146127, 9.6, 1101, 春秋左传注（全四册）
01107841, 9.1, 1815, 战国策
01489670, 8.6, 3076, 老子他说
01020547, 8.9, 1956, 论语新解
10488580, 8.9, 1949, 鬼谷子
01006624, 9.0, 1684, 孟子譯注
01253292, 9.2, 1297, 老子今注今译
02375610, 8.2, 4047, 流血的仕途·终结版
01471580, 8.8, 1297, 老子说
04917251, 9.2, 775, 庄子
01214303, 8.9, 1003, 韩非子
01062611, 9.4, 577, 庄子集释（全三册）
01034653, 8.8, 1043, 國學概論
01039315, 9.2, 626, 楚辭補注
10582727, 9.9, 332, 四书章句集注
03373947, 8.3, 1646, 先秦诸子百家争鸣
01034396, 9.3, 414, 荀子集解
03101812, 8.9, 576, 论语今读
01254354, 9.3, 298, 庄子集解·庄子集解内篇补正
01000570, 9.3, 295, 论语集释(全四册)
01577653, 9.3, 293, 論語正義（全二冊）
01214302, 8.7, 503, 荀子
01032341, 9.1, 330, 帛书老子校注
01024041, 9.4, 254, 文史通义校注
01415338, 9.4, 244, 莊子今注今譯
01792133, 8.3, 678, 孟子他说1
04090803, 8.3, 655, 商君书
03027232, 8.1, 822, 人往低处走
01038125, 9.5, 208, 十一家注孙子校理
03893324, 8.2, 692, 我山之石
03397139, 8.7, 407, 孟子译注
03027229, 8.1, 759, 去圣乃得真孔子
01936511, 8.3, 519, 孟子他说
01665921, 9.1, 238, 列子集释
25797852, 9.4, 184, 溪山琴况
01076617, 9.3, 193, 经子解题
02073947, 9.2, 199, 韩非子译注
01255985, 8.9, 252, 颜氏家训集解
27593511, 8.8, 268, 先秦诸子
01024231, 9.1, 205, 孟子正义(全二册)
04289511, 9.3, 166, 鬼谷子集校集注
03672176, 8.7, 271, 庄子四讲
01983357, 9.3, 165, 论语疏证
01066155, 9.2, 177, 盐铁论校注
20429280, 8.3, 382, 死生有命 富贵在天
26686263, 9.3, 156, 论语新注新译
04100232, 9.4, 142, 韩非子校注
06879355, 8.8, 222, 墨子
01157887, 9.4, 130, 二程集（全二册）
01080820, 8.9, 186, 老子道德經河上公章句
01119186, 8.2, 353, 古代汉语（下）（修订版）
02154581, 9.2, 144, 庄子校诠（全二册）
01063704, 9.0, 166, 墨子閒詁(上下)
03342164, 8.5, 248, 谈美书简
01762128, 9.2, 133, 庄子发微
01818083, 8.9, 159, 经典常谈
02302841, 9.2, 126, 诸葛亮集
03574609, 9.1, 135, 周敦颐集
01270517, 8.1, 319, 庄老通辨
02183718, 8.7, 182, 武经七书（全二册）
04116672, 8.7, 182, 老子的智慧
01966425, 9.2, 120, 战国策笺证
01536623, 8.6, 186, 庄子浅注
26437087, 8.3, 243, 国史讲话：上古
10618849, 9.1, 124, 孟子译注
01030991, 8.4, 214, 庄子现代版
01208675, 8.5, 193, 贞观政要
03819957, 9.6, 85, 老子衍 庄子通 庄子解
03714709, 8.8, 146, 道德经释义
01078457, 8.6, 169, 老子校释
03661571, 8.3, 217, 管子
01169109, 8.6, 166, 春秋繁露义证
02569920, 8.4, 192, 吕氏春秋
01547506, 9.7, 74, 读书杂志
03916129, 8.7, 146, 庄子纂笺
01214301, 8.9, 124, 论语·大学·中庸
04083065, 9.4, 87, 庄子今注今译
03236652, 8.5, 169, 丧家狗
04030658, 8.8, 132, 呂氏春秋集釋（全二冊）
01040704, 8.6, 154, 列子说
01924980, 8.8, 130, 六韬三略译注
01052144, 8.9, 119, 淮南鸿烈集解(上下)
01809674, 9.2, 96, 徐梵澄文集
03802270, 8.8, 127, 南怀瑾选集【第二卷】老子他说 孟子旁通
10608514, 9.0, 104, 坛经校释
02043881, 8.7, 125, 《论语》批注
03013157, 8.5, 145, 鬼谷子
01042419, 8.3, 172, 孝经译注
01012407, 8.7, 123, 先秦诸子系年
01141044, 8.6, 127, 孟子
01450373, 7.8, 260, 孔子：即凡而圣
01198370, 9.1, 86, 庄子补正
04821458, 7.9, 225, 中国思想地图
20387639, 8.2, 166, 《庄子》内七篇析义
03803226, 9.5, 64, 庄子
20391339, 9.5, 63, 道德经注释
03907940, 9.1, 80, 历代文史要籍注释选刊·庄子内篇注
06004643, 9.2, 72, 国故论衡
01101741, 8.2, 152, 孔子传
06030334, 8.9, 84, 庄子纂笺
04856533, 9.1, 72, 风俗通义校注（上下）
25818906, 8.9, 82, 庄子纂笺
01045564, 8.7, 94, 淮南子集释
02336230, 9.1, 70, 焚书·续焚书
01039995, 9.2, 65, 抱朴子外篇校笺（上）
25828075, 8.4, 110, 中国哲学小史
27121091, 8.8, 80, 长得逍遥自在心
01084312, 8.9, 72, 庄子选译
01950727, 7.9, 149, 老子绎读
01433910, 8.7, 76, 中国哲学史大纲
02091772, 8.2, 111, 简帛佚籍与学术史
26322355, 8.5, 83, 劝读论语和论语读法
26871017, 10.0, 34, 莊子集釋
03976391, 8.5, 81, 墨子今注今译
25782876, 9.3, 48, 老子
10488575, 8.2, 101, 淮南子
01833462, 8.5, 80, 国语战国策/古典名著普及文库
01628393, 8.2, 100, 创造力与直觉
01925910, 8.9, 60, 商君书.韩非子
01833430, 8.8, 64, 吴越春秋
01794590, 8.6, 72, 《孙子》十三篇综合研究
01276832, 9.3, 45, 老子本原
11520686, 9.3, 45, 荀子译注
24700110, 8.3, 86, 中信国学大典：老子
01547930, 9.4, 42, 庄子鬳斋口义校注
01536613, 8.7, 62, 孙膑兵法校理
02279272, 8.4, 76, 庄学管窥
01642137, 9.6, 36, 诸子集成（全八册）
03087627, 9.1, 47, 馬王堆漢墓帛書：戰國縱橫家書
20389305, 8.2, 85, 公孙龙子
01021710, 8.5, 68, 公孙龙子译注
02346525, 9.2, 43, 二十二子
05037318, 9.3, 40, 药地炮庄
22049104, 9.3, 40, 韩非子集解
25787355, 9.8, 31, 论语集释(全4册)
25733273, 8.4, 69, 论语本解（修订版）
01018800, 8.3, 73, 庄老通辨
03733963, 8.6, 58, 庄子天下篇注疏四种
01253265, 8.7, 54, 墨子城守各篇简注
03208103, 9.1, 42, 宋刊论语
03013888, 8.8, 50, 人物志译注
01852294, 9.0, 44, 韩非子校注
27008799, 8.8, 49, 人物、文本、年代
02016630, 8.6, 53, 周易古义 老子古义
02257628, 9.2, 37, 庄子解
33657841, 8.6, 52, 庄子内篇读本
10524027, 8.9, 43, 战国秦汉时期的学派问题研究
06534689, 8.5, 55, 晏子春秋
10558000, 7.6, 109, 为了人的尊严
01046423, 8.3, 61, 太玄集注
03007485, 9.8, 26, 论语-国学经典
02116990, 8.3, 56, 庄子新释
01228055, 8.7, 43, 还吾老子
25851065, 8.9, 38, 章太炎全集
02295064, 8.5, 48, 盐铁论
02306698, 8.3, 53, 将苑-中国第一将领圣经
01891428, 8.0, 65, 孙膑兵法
06722235, 8.8, 38, 吕氏春秋译注
34816658, 9.2, 30, 申不害
26871014, 9.1, 31, 李卫公问对校注
25778008, 9.3, 28, 荀子集解
03360632, 8.4, 45, 鬼谷子集校集注
01228552, 7.9, 62, 孟子旁通
04889592, 9.5, 24, 新编诸子集成
20558366, 9.8, 21, 庄子集解  庄子集解内篇补正
01013074, 8.3, 46, 稷下学研究
01409653, 8.2, 47, 胡适之说儒
03115001, 8.7, 34, 贾谊集
01421340, 9.2, 26, 庄子集解
03114809, 9.3, 24, 管子集校（上下）
03408494, 8.0, 50, 德礼之间
25750572, 9.1, 26, 中論解詁
01126213, 8.7, 32, 道教史发微
01697247, 8.1, 45, 吕氏春秋.淮南子
03010252, 7.7, 59, 荀子的辩说
03003133, 8.1, 44, 古学经子
01488556, 8.0, 47, 庄学研究
02069927, 9.1, 24, 孟子字义疏证
01041415, 7.0, 105, 向往心灵转化的庄子
05315250, 8.4, 34, 诸子学略说
25904260, 8.8, 27, 晏子春秋校注
01151545, 8.6, 30, 墨辩发微
25834883, 8.5, 31, 心术与治道
01047568, 8.1, 39, 一分为三论
27015702, 8.4, 32, 長短經
02222370, 7.5, 59, 幻像与生命
01081079, 8.6, 28, 先秦学术概论
01794592, 7.9, 43, 荀子校注
20503904, 7.0, 90, 中国古兵二十讲（插图珍藏本）
01930398, 9.1, 21, 孙子译注
26854977, 7.8, 44, 无为与逍遥
26874935, 9.3, 19, 十一家注孙子校理
03795909, 7.6, 50, 帝范
07067217, 8.6, 26, 文史丛稿
05500748, 7.2, 68, 近思录（中华思想经典）
01689670, 9.0, 21, 庄子新释
30450484, 7.5, 52, 孔门十弟子
03563186, 8.4, 28, 周秦道论发微
01593016, 9.4, 17, 四书或问
01725472, 8.5, 26, 墨子集诂（上下册）
02977400, 8.8, 22, 庄子三篇疏解
01559636, 8.3, 28, 秦汉士史
06893855, 8.5, 25, 庄子因
03289359, 8.8, 21, 绘画本诸子百家/诸子百家
01999699, 8.6, 23, 庄子哲学及其演变
01835302, 8.3, 27, 颜氏家训译注
01979358, 7.9, 34, 尸子译注
10532266, 8.5, 23, 庄子独见
01957843, 8.0, 30, 先秦七子思想研究
06116751, 8.6, 21, 论语
05245562, 8.2, 26, 荀子版本源流考
05285304, 8.0, 29, 老子注译
27070519, 9.0, 17, 列子（第二版）
01910684, 8.2, 25, 孟子集注
20389303, 8.2, 25, 法言
01744049, 8.7, 19, 白话何博士备论
26740644, 9.4, 14, 先秦诸子系年
01276809, 8.2, 24, 管子轻重篇新诠
03926282, 8.2, 24, 初潭集
24879434, 8.4, 21, 老子指歸校箋
01687962, 8.9, 16, 楚辞选
02379971, 9.2, 14, 说苑疏证
06393395, 8.3, 21, 庄子译注与解析（全二册）
26641666, 9.5, 12, 列子
24863178, 7.9, 25, 中说校注
01744054, 8.2, 21, 白话唐太宗李卫公问对
02976839, 8.5, 18, 吴小如讲《孟子》
04933017, 8.7, 16, 由“命”而“道”
25900149, 9.2, 13, 列子
02280086, 7.7, 27, 司马法译注
20370974, 7.7, 27, 吃透道德经
26329080, 8.0, 22, 道德经讲义
11591977, 7.6, 28, 唐翼明解读《颜氏家训》
25957578, 8.3, 18, 政论 昌言
04201715, 8.4, 17, 经典常谈
24089515, 7.0, 41, 绝对自由的创造：毕加索作品欣赏
01064949, 8.0, 20, 孙子全译
03521223, 8.2, 18, 战国策笺证（全四册）
02302315, 7.8, 22, 荀子新注
01047179, 8.7, 14, 庄子注译
03198595, 8.5, 15, 南华经解
01843319, 8.0, 19, 孙子兵法正宗
01526383, 8.8, 13, 孙子兵法集注
04037950, 7.5, 25, 楚地出土战国简册
06011860, 8.3, 16, 诸子与理学
01585432, 8.7, 13, 郭店楚墓竹简.老子.甲本
11588822, 8.7, 13, 梁启超论诸子百家
01155601, 7.5, 24, 先秦士人与社会
02025884, 8.6, 13, 淮南子证闻 盐铁论要释
06116741, 8.0, 17, 杨朱哲学
10598963, 8.4, 14, 淮南王书
01912690, 8.1, 16, 墨经校解
19949904, 7.3, 25, 申鉴注校补
02343231, 7.8, 18, 揚雄集校註
01877689, 7.7, 19, 人物志
20384823, 7.6, 20, 《老子想尔注》导读与译注
02049871, 7.3, 24, 公孙龙子译注
03340155, 7.4, 22, 先秦名学史
26874934, 8.2, 14, 荀子集解
04912670, 7.8, 17, 道德真经吴澄註
03424556, 7.3, 22, 经学常谈
01045944, 7.8, 16, 慎子、尹文子、公孙龙子全译
26379068, 8.6, 11, 北京大學藏西漢竹書 [叁]
03373709, 7.9, 15, 四书集注
04244884, 8.2, 13, 黄老法理论源流考
34434982, 8.2, 13, 《论语》英译及评注
03520915, 8.8, 10, 先秦诸子研究
27608677, 7.6, 17, 孟子新注新译
27667359, 7.7, 16, 司馬法集釋
25809777, 6.8, 28, 虚己以游世
01559708, 7.2, 21, 《史记·货殖列传》研究
03028909, 7.5, 17, 韩非子二十讲
01020902, 7.7, 15, 晏子春秋
05351236, 7.7, 15, 孟子解读
03728247, 7.8, 14, 十批判书
27035166, 7.8, 14, 道论九章
05397505, 7.0, 22, 墨学十论
01093417, 7.6, 15, 新序校释
30626300, 7.7, 14, 诸子的真相
26657083, 8.0, 12, 孔门理财学
04817641, 6.8, 24, 诸子概论
03198112, 7.8, 13, 司马迁所见书考
01128914, 7.4, 16, 二十二子详注全译丛书
25782874, 8.4, 10, 论衡校注
01462383, 7.4, 15, 论语读训
01938700, 7.4, 15, 晏子春秋译注
01094703, 8.0, 11, 楚简老子辨析
03273697, 7.4, 14, 阴阳家简史
02023708, 7.8, 11, 老子注释
34812236, 7.8, 11, 问道
04817810, 8.0, 10, 韩非子校疏
11530664, 8.0, 10, 庄子诠言
27098941, 6.4, 19, 荀子新注
04916554, 6.2, 22, 新学伪经考
04732561, 7.2, 11, 尉缭子·吴子
01160851, 7.0, 12, 郭店楚简老子研究
01691928, 6.9, 12, 中国墨学通史（上下）
26581316, 4.9, 65, 老庄之道
03269736, 6.2, 12, 重识老子与《老子》
01183250, 5.8, 10, 清代诸子学研究
01543498, 0.0, 10, 郭店竹简与先秦学术思想
03246701, 0.0, 10, 圣·孔子年谱
03336951, 0.0, 10, 孔孟荀哲學
03574978, 0.0, 10, 庄子内篇译解和批判
26379213, 0.0, 10, 孔子真精神
34902368, 0.0, 10, 幻化之龙
01196576, 0.0, 11, 吕氏春秋注疏(共4册)(精)
01486254, 0.0, 11, 韩非子直解
03012887, 0.0, 11, 莊子發微
03323067, 0.0, 11, 尉繚子注釋
04090800, 0.0, 11, 札迻
01107670, 0.0, 12, 郭店老子
01200411, 0.0, 12, 荀子评传
01317120, 0.0, 12, 孟子讲义
03094535, 0.0, 12, 墨经分类译注
01559451, 0.0, 13, 敦煌《论语集解》校证
02300481, 0.0, 13, 诸子斠证
01198363, 0.0, 14, 淮南鴻烈集解
