2020-07-05 16:00:18

number of books, tag name
546, 诺贝尔

ID, rating, votes, title
03066477, 9.3, 222585, 三体Ⅱ
10594787, 9.0, 184342, 霍乱时期的爱情
04908885, 9.0, 129296, 局外人
01017143, 8.5, 200892, 不能承受的生命之轻
01064275, 8.4, 155634, 老人与海
03406401, 9.0, 25415, 悉达多
01863930, 8.8, 34012, 看不见的城市
10555509, 9.0, 17486, 看不见的城市
26276775, 9.0, 17378, 异乡人
03578470, 9.0, 15420, 德米安
24382569, 8.7, 22966, 一桩事先张扬的凶杀案
20428302, 9.1, 12133, 失明症漫记
02209098, 7.8, 90010, 致我们终将逝去的青春
20392523, 8.5, 22950, 没有人给他写信的上校
26704403, 8.8, 13981, 二手时间
03131626, 9.0, 10404, 荒原狼
01052203, 8.9, 11727, 局外人
26641665, 9.1, 8729, 切尔诺贝利的悲鸣
01082518, 7.9, 59967, 麦田里的守望者
10549934, 9.1, 7436, 悉达多
30142261, 8.9, 9461, 长日将尽
01037602, 8.9, 8574, 别闹了，费曼先生
30468519, 8.8, 8722, 局外人
04908883, 9.0, 6573, 荒原狼
01066165, 9.3, 4306, 卡尔维诺文集（第三卷）
26839300, 8.9, 7158, 局外人
24736899, 8.0, 29795, 雪国
05988624, 8.2, 20694, 远山淡影
26451351, 8.7, 8603, 爱情和其他魔鬼
01292227, 8.8, 6813, 霍乱时期的爱情
01053759, 8.3, 14344, 雪国 古都
02165063, 9.2, 3924, 纳尔齐斯与歌尔德蒙
19995918, 8.3, 13338, 蛙
01318126, 8.4, 11067, 雪国
27132345, 8.8, 6040, 太古和其他的时间
01851385, 7.9, 25135, 我的名字叫红
01069059, 8.1, 17458, 雪国
01465007, 8.2, 14120, 生死疲劳
21346008, 8.5, 8741, 米格尔街
10785583, 8.2, 13620, 思考，快与慢
26276924, 8.7, 6224, 梦中的欢快葬礼和十二个异乡故事
24736900, 8.2, 10368, 千只鹤
02008724, 9.1, 2847, 百年孤独
25779593, 8.7, 4667, 族长的秋天
26701959, 8.6, 4662, 我脑袋里的怪东西
02996596, 8.4, 6128, 特别的猫
25985126, 8.7, 3821, 迷宫中的将军
25858680, 8.2, 7324, 二十首情诗和一首绝望的歌
03061282, 7.6, 20503, 山月不知心底事
27131538, 8.6, 3978, 白天的房子，夜晚的房子
04154988, 8.0, 9721, 纯真博物馆
04246979, 8.1, 8110, 窄门
20392525, 7.9, 10844, 枯枝败叶
02255873, 9.1, 1957, 局外人 鼠疫
01064707, 8.7, 3122, 从卡夫卡到昆德拉
20257843, 8.3, 5335, 蛙
01469878, 8.5, 3995, 日瓦戈医生
10608319, 8.5, 3772, 存在主义是一种人道主义
10868117, 8.2, 5674, 丰乳肥臀
26276279, 7.8, 10877, 苦妓回忆录
01035478, 8.7, 2778, 静静的顿河（全四册）
24257192, 9.3, 1364, 卡利古拉
02063579, 9.3, 1362, 古拉格群岛（上中下）
02228707, 8.9, 2098, 癌症楼
25772862, 8.3, 4331, 睡美人
26639310, 8.6, 2786, 我的名字叫红
01792749, 8.5, 3169, 等待戈多
01082946, 8.8, 2155, 我弥留之际
26863797, 8.5, 3162, 逃离
02062599, 8.5, 3134, 雪
26649304, 8.9, 1871, 一个无政府主义者的意外死亡
05395157, 7.9, 7231, 小夜曲
01067293, 8.6, 2600, 青春
02170469, 8.9, 1789, 喧哗与骚动
24736901, 8.3, 3603, 山音
03733083, 8.8, 1816, 你往何处去
26276923, 7.9, 5976, 礼拜二午睡时刻
01870320, 9.1, 1189, 霍乱时期的爱情
07916069, 8.8, 1568, 被禁锢的头脑
26575658, 7.8, 6278, 被掩埋的巨人
27141620, 9.2, 967, 失明症漫记
01944205, 8.9, 1307, 追寻记忆的痕迹
25899960, 7.9, 4874, 伊豆的舞女
02050779, 8.3, 2651, 魔山
01455933, 7.5, 9078, 你好，忧愁
21371490, 9.2, 884, 癌症楼
02165057, 8.7, 1519, 堤契诺之歌
02073481, 8.6, 1682, 城市与狗
26110579, 7.7, 6064, 暗店街
19967339, 8.8, 1206, 流浪者之歌
05299919, 8.7, 1345, 国王鞠躬，国王杀人
25870629, 7.8, 4465, 亲爱的生活
01394250, 8.9, 1040, 荒原
25748132, 8.5, 1630, 复明症漫记
02036569, 8.3, 2018, 愤怒的葡萄
02174017, 8.7, 1224, 我的名字叫红
01391772, 8.8, 1091, 别逗了，费曼先生
05063254, 9.0, 874, 雪国
05917395, 8.5, 1498, 特别的猫
02357268, 8.4, 1682, 雪国
01006991, 8.6, 1282, 一个无政府主义者的意外死亡
10955921, 8.2, 2098, 骂观众
05366444, 8.7, 1120, 六个寻找剧作家的角色
02124556, 8.3, 1782, 黑书
27012140, 8.6, 1229, 长夜漫漫路迢迢
19964969, 9.1, 714, 你往何处去
01097395, 8.8, 972, 失明症漫记
25747866, 8.5, 1362, 快乐影子之舞
01949121, 7.7, 4009, 白色城堡
01084434, 9.0, 754, 以自由看待发展
25746421, 8.4, 1466, 公开的秘密
03902734, 8.6, 1140, 米格尔街
01438050, 8.6, 1135, Lord of the Flies
30331835, 8.0, 2410, 窄门
19967328, 8.6, 1104, 漂泊的灵魂
01456311, 8.6, 1078, Of Mice and Men
21423655, 8.4, 1363, 青春
06974199, 8.7, 916, 小毛驴与我
02382544, 8.8, 818, 园圃之乐
25747871, 8.5, 1135, 恨，友谊，追求，爱情，婚姻
26940247, 8.5, 1098, 个人的体验
10875996, 8.9, 701, 朝圣者之歌
06321573, 8.7, 857, 局外人 鼠疫
01036947, 8.5, 1061, 给青年小说家的信
06890669, 7.6, 3606, 我不是来演讲的
06810540, 7.9, 2272, 红高粱
01000531, 8.7, 818, 第二次世界大战回忆录（全六卷）
02043873, 9.0, 586, 天边外
26267258, 8.7, 784, 我弥留之际
01018664, 8.6, 870, 等待野蛮人
26641154, 8.8, 690, 锌皮娃娃兵
01074056, 8.6, 840, 春潮 老人与海
01958068, 9.1, 501, 喧哗与骚动
06793951, 7.8, 2288, 地平线
10553838, 8.6, 820, 叶芝诗选
01316536, 8.6, 805, 萨特读本
01393269, 8.7, 708, 铁皮鼓
03063119, 8.8, 636, 铁皮鼓
26184384, 8.2, 1193, 八月的星期天
24737018, 8.7, 661, 玉米人
01937629, 8.6, 731, 生命中不能承受之轻
02076853, 9.0, 485, 奥尼尔剧作选
19967327, 8.5, 805, 乡愁
19967335, 8.7, 648, 生命之歌
01062476, 8.6, 709, 万延元年的足球队
25748122, 8.3, 917, 逃离
01042723, 9.0, 424, 希尼诗文集
01860568, 7.9, 1444, 宠儿
26682740, 8.4, 771, 快乐的死
26141640, 8.2, 925, 戴眼镜的女孩
01465419, 8.3, 821, 资本主义与自由
10875994, 8.3, 806, 温泉疗养客
01456426, 9.2, 327, 局外人·鼠疫
01475439, 8.9, 416, 荒诞派戏剧集
10604940, 8.6, 558, 非洲人
05264480, 8.4, 680, 呼吸秋千
03242664, 7.7, 1608, 诉讼笔录
02216106, 9.1, 335, 霍乱时期的爱情
01069168, 7.4, 2513, 钢琴教师
01040351, 8.4, 663, 印度：百万叛变的今天
01469414, 8.6, 532, 世界美如斯
01083480, 8.4, 647, 河湾
10594780, 8.5, 579, 宠儿
25793913, 8.8, 426, 长日留痕
01485131, 8.2, 803, 另外那个女人
26276280, 8.6, 502, 毕司沃斯先生的房子
19967342, 9.1, 312, 玻璃珠游戏
30263253, 9.3, 256, 园圃之乐
04940236, 8.7, 437, 日瓦戈医生
03662742, 8.3, 654, 天堂在另外那个街角
05284702, 8.4, 584, 老人与海
01257185, 8.8, 389, 你往何处去
26292552, 8.3, 648, 献给爱米丽的一朵玫瑰花
01960031, 8.8, 384, 铁皮鼓
01002437, 9.0, 315, 癌症楼
01394352, 9.3, 243, 纳尔齐斯与歌尔德蒙
24284797, 8.0, 882, 无欲的悲歌
01397966, 9.0, 310, 世界文学名著全书·世界奇书文库
01418300, 9.1, 281, QED：光和物质的奇异性
27197832, 8.7, 402, 愤怒的葡萄
03583331, 8.6, 440, 布登勃洛克一家
01326461, 8.1, 736, 暗铺街
01951441, 8.5, 459, 赫索格
26210631, 8.0, 797, 夜的草
01043373, 8.7, 373, 叶芝诗集
01064736, 8.9, 309, 荒原狼
01410322, 8.7, 369, 经济学（上下册）（第三版）
01088714, 8.4, 495, 修道院纪事
02057351, 8.6, 396, 老人与海
27130354, 9.5, 183, 押沙龙，押沙龙！
02044009, 9.1, 245, 古拉格群岛(上册)
01027762, 8.4, 470, 个人的体验
25929284, 8.6, 384, 所有的名字
10559285, 9.2, 224, 特朗斯特罗姆诗歌全集
19967325, 8.5, 419, 读书随感
01434346, 8.1, 636, 儒教与道教
25887956, 7.4, 1556, 缓刑
03124867, 8.6, 363, 大江健三郎精品集
02146824, 7.7, 1001, 新人生
01065156, 8.4, 441, 我生活的种种模式
26273656, 8.6, 354, 白鹭
02043871, 8.7, 315, 雪国·千鹤·古都
01928447, 8.5, 381, 国际经济学
26419081, 9.3, 189, 特朗斯特罗姆诗歌全集
01419735, 9.1, 221, 卑微的神灵
02039613, 8.9, 255, 日瓦戈医生
02222182, 8.4, 403, 福
25778726, 8.3, 444, 金色笔记
03077729, 7.8, 788, 寂静的房子
25814346, 8.1, 538, 双生
19965968, 8.0, 600, 巨大的谜语·记忆看见我
01318796, 8.1, 535, 你干吗在乎别人怎么想
01051986, 8.5, 351, 死者的奢华
03024931, 8.0, 587, 青鸟
24737025, 8.3, 418, 总统先生
11620655, 8.3, 413, 叶芝诗选
02115287, 8.3, 412, 黑塞诗选
02872398, 9.3, 169, In Search of Memory
07064149, 8.6, 303, 別讓我走
26716881, 8.7, 276, 进入黑夜的漫长旅程
22519240, 8.2, 450, 所罗门之歌
20278403, 8.3, 403, 圣女贞德
01395797, 9.0, 207, 海明威短篇小说全集(上)
23164134, 8.2, 437, 斯通与骑士伙伴
01510737, 8.6, 288, 经济史上的结构和变革
02033339, 9.1, 185, 癌病房
01322880, 8.1, 465, 夸克与美洲豹
01395177, 8.5, 308, Good Earth
02034144, 8.9, 215, 拆散的笔记簿
26793134, 8.7, 253, 人之链
02217936, 8.6, 275, 老人与海
19961136, 8.9, 210, 高老头
01401976, 8.5, 289, When Genius Failed
07065568, 8.1, 428, 卢布林的魔术师
02984507, 8.2, 381, 聂鲁达集
19967346, 8.0, 464, 艺术家的命运
01441803, 8.2, 373, 爱尔兰日记
02032503, 8.9, 191, 皮蓝德娄戏剧二种
11530744, 8.4, 298, 个人的体验
02028726, 9.3, 140, 加缪中短篇小说集
01203329, 8.3, 327, 人类行为的经济分析
01067570, 7.2, 1267, 夜半撞车
26184666, 9.2, 149, 酒吧长谈
24884400, 7.7, 631, 自由国度
27082106, 8.0, 431, 暗店街
19967341, 8.0, 414, 东方之旅
01070614, 8.5, 249, 修道院纪事
03112426, 8.2, 332, 金色笔记
26284682, 9.0, 161, 坏女孩的恶作剧
01446983, 8.4, 268, 在轮下
01916656, 8.5, 244, 十字军骑士（共两册）
02057362, 8.3, 294, 孤独与沉思
02382549, 7.6, 633, 乌拉尼亚
01375398, 8.5, 239, 毕司沃斯先生的房子
26793124, 8.8, 181, 区线与环线
01937192, 7.7, 525, 爵士乐
19975223, 8.3, 273, 我弥留之际
24760874, 7.9, 413, 半生
01957594, 9.1, 138, 梦系青春
01949574, 9.4, 110, 约翰·克利斯朵夫（上下）
30259131, 9.0, 146, 我的名字叫红
25852930, 8.3, 257, 流浪的星星
10955922, 7.3, 816, 守门员面对罚点球时的焦虑
19967333, 8.1, 310, 美丽的青春
19967338, 7.8, 428, 孤独者之歌
20278401, 8.5, 211, 大地的成长
01067016, 8.4, 229, 命运无常
01942524, 7.7, 473, 叶芝诗选-诺贝尔文学奖文集
01865546, 8.6, 190, 乔治·施蒂格勒回忆录
01434358, 8.3, 247, 德瑞克·沃尔科特诗选
01419461, 8.9, 144, 从彼得堡到斯德哥尔摩
10875995, 7.3, 736, 漫游者寄宿所
26780984, 8.9, 139, 城市与狗
01022973, 8.5, 193, 卢布林的魔术师 冤家，一个爱情故事
26603456, 7.8, 384, 危地马拉传说
01867512, 8.9, 138, A Beautiful Mind
02372028, 7.8, 380, 魔种
21371473, 8.5, 189, 野草在歌唱
01970744, 8.3, 226, 赫索格
10491248, 8.4, 206, 祖母
01119701, 8.7, 157, 骑鹅历险记
05264483, 7.8, 370, 狐狸那时已是猎人
01326837, 8.1, 269, 逐爱的女人
01041805, 9.0, 121, 泰戈尔诗选
25740169, 8.7, 149, 世界美如斯
10518851, 8.4, 192, 莫菲
26606903, 8.4, 191, 千夜之夜
20267984, 9.0, 116, 尼尔斯骑鹅旅行记
01021528, 8.0, 275, 伊丽莎白·科斯特洛：八堂课
03057481, 7.5, 473, 猫与鼠
26981026, 8.5, 169, 青春(精装典藏版)
03083567, 7.9, 297, 野草在歌唱
24284800, 7.7, 365, 左撇子女人
05264485, 7.8, 325, 今天我不愿面对自己
03478768, 9.1, 103, A BEAUTIFUL MIND美丽心灵
26584578, 8.7, 138, 洪堡的礼物
19975220, 8.1, 232, 小毛驴与我
02042417, 8.4, 173, 花的智慧
01037104, 7.7, 346, 诺贝尔的囚徒
23012691, 7.5, 437, 通灵的按摩师
19928910, 7.0, 858, 笑什么笑，我们搞的是科学
02333836, 7.6, 382, 又来了，爱情
01067267, 8.0, 243, 爱因斯坦传
01014107, 8.4, 166, 无命运的人生
01106986, 8.3, 177, 比目鱼
01085172, 8.7, 123, 两宫间
26365959, 7.9, 248, 模仿者
26210610, 7.6, 341, 凄凉别墅
26017808, 8.1, 202, 家
01326190, 9.3, 79, 灰雁的四季
02037303, 8.7, 119, 摆脱孤独
35017592, 8.1, 198, 好的经济学
01755721, 8.3, 164, 伊斯坦堡: 一座城市的記憶
26341559, 8.0, 216, 大象旅行记
01070318, 8.6, 127, 人与鼠
03719221, 7.8, 249, 我们街区的孩子们
01922168, 9.1, 83, 悲惨世界
25765043, 8.1, 180, 柏油娃娃
19975227, 7.9, 216, 花的智慧
02114138, 7.8, 238, 圣女贞德
26747152, 8.1, 177, 终局
02243555, 6.9, 726, 两百年的孩子
26767246, 7.7, 260, 来自遗忘的最深处
20267983, 8.1, 173, 夏夜里的人们
02372031, 7.2, 464, 灵异推拿师
01394428, 8.7, 105, 黑塞童话选
01899815, 8.7, 105, 心灵裸舞
25900681, 8.0, 181, 非洲的污名
01489085, 8.6, 107, 泰戈尔诗集
01527067, 8.6, 107, 尼尔斯骑鹅历险记
01437615, 7.9, 193, 橡皮
19989299, 8.4, 123, 物理定律的本性
25885819, 8.3, 131, 绿房子
01654375, 8.6, 103, 所罗门之歌
01480720, 7.8, 200, 冲突的战略
01144302, 8.8, 86, 纪德精选集
02033514, 8.8, 86, 从彼得堡到斯德哥尔摩
30388863, 8.4, 115, 罐头厂街
01073162, 8.3, 123, 弗兰德公路·农事诗
03074057, 8.0, 158, 圣-琼·佩斯诗选
02061887, 8.5, 103, 生命是什么
01013167, 7.9, 172, 英国旗
25709706, 7.6, 232, 生与死的故事
24745507, 7.7, 208, 增长的极限
03063116, 8.5, 99, 母鼠
26378548, 7.4, 277, 第二空间
01422725, 8.4, 106, 格拉齐耶拉
06967517, 7.8, 177, 巨大的謎語
20412096, 8.2, 123, 苔依丝
10518852, 8.4, 104, 瓦特
25760462, 8.6, 87, 短篇和诗歌集
25793980, 7.2, 325, 守夜人记事簿
01228693, 8.3, 107, 人树
26991554, 8.5, 91, 八月之光
07004558, 8.9, 68, 日瓦戈医生
20396000, 7.8, 163, 违背道德的人
24743678, 8.0, 134, 已故的帕斯卡尔
26305249, 8.6, 82, 勇敢的天才
03142155, 7.3, 267, 邪恶之路
20379812, 8.9, 66, 穷人的银行家
03197926, 8.6, 81, 小丑之见
06067508, 8.5, 87, 套中人
01257097, 7.9, 141, 圣诞节的故事
24889310, 9.1, 57, 人鼠之間
03060446, 7.4, 231, 星形广场 环城大道
01436575, 6.5, 782, 红树林
01344886, 7.8, 152, 白色城堡
21324948, 8.4, 91, 身份与暴力
01970216, 8.8, 67, 孤独的科学之路
20278402, 7.2, 279, 凯尔特的薄暮
01459151, 9.1, 55, Old Possum&#39;s Book of Practical Cats
20488772, 7.3, 241, 游击队员
01324821, 8.9, 61, 相对论的意义
03712444, 7.8, 140, Nocturnes
01355161, 7.2, 261, 湖
02149592, 8.5, 78, 北欧现代诗选
01505434, 7.7, 151, 大街
01918815, 8.2, 97, 黑塞抒情诗选
06037875, 7.5, 182, 学习蒲松龄
26608442, 7.6, 161, 丧失了名誉的卡塔琳娜·勃罗姆
01546277, 8.7, 65, 爱的沙漠 火河
01084815, 7.8, 130, 圣殿
01826920, 9.4, 42, 最明亮与最黑暗的
24840875, 8.4, 77, 伪币犯
19975221, 7.7, 137, 明娜
01777802, 8.4, 75, A Pale View of Hills
27179881, 8.8, 57, 檀香刑
02045979, 8.7, 58, 情诗·哀诗·赞诗
01033350, 8.0, 97, 水与土
01916663, 8.6, 61, 福尔赛世家（第一部）
25760467, 8.6, 61, 莫洛伊
01024942, 8.1, 88, 呼唤雪人
11523783, 7.8, 113, 迟到的青年
26374780, 9.2, 42, 奥吉·马奇历险记
26367990, 7.9, 103, 为亡灵弹奏玛祖卡
26584565, 7.9, 103, 赛姆勒先生的行星
01315567, 7.7, 123, 窥视者
25768864, 7.3, 183, 谎言的年代：萨拉马戈杂文集
20375532, 8.1, 85, 母亲
26698662, 7.3, 178, 蜜月旅行
01168541, 7.5, 144, 死亡与国王的侍从
01864825, 7.5, 138, 孤独与沉思
01443066, 8.3, 69, 惨败
19964981, 7.2, 183, 失忆
01947222, 8.3, 68, 蝇王
26637759, 7.8, 101, 迷惘
01941874, 8.0, 85, 诺贝尔文学奖文集
01962970, 7.4, 144, 生为女人
01361585, 8.6, 52, 屈辱
23049181, 7.4, 131, 慢人
03034122, 7.6, 108, 大江健三郎口述自传
02269145, 9.2, 35, 爱的荒漠
03870945, 7.9, 79, 风暴眼
02049699, 8.2, 62, 古都
01777433, 8.6, 47, 城市与狗
26878903, 6.6, 301, 废墟的花朵
26684940, 8.7, 43, 诺贝尔文学奖大系——布登勃洛克一家(全2册）
27082915, 7.9, 75, 钢琴教师
26705122, 6.8, 223, 当你老了
21340707, 7.7, 86, 水死
01942525, 8.1, 62, 普吕姆诗选
01779874, 8.0, 66, 不需要的战争
26882676, 7.6, 91, 卑微的英雄
24760800, 8.0, 65, 亚特兰蒂斯
04920043, 7.8, 76, 来不及告诉女儿的事
01421595, 7.9, 70, 迷惘
19975224, 7.8, 75, 老人与海
02057363, 8.1, 59, 悲哀的咏叹调
01327509, 9.0, 33, 钟的秘密心脏
30172741, 9.6, 24, 选择、价值与决策
25853102, 7.1, 134, 魔山
06816563, 7.3, 109, 大街
26747121, 7.6, 81, 四故事
01448782, 8.8, 35, 你往何处去
01102837, 8.3, 47, 金字塔
03063115, 7.0, 141, 相聚在特尔格特
01255561, 8.6, 38, 吉莉芭拉
01933698, 8.6, 38, 福尔赛世家
22008079, 7.7, 70, 无命运的人生
01847845, 8.3, 45, 大河灣
01943951, 8.7, 35, 你去什么地方
26719441, 8.3, 44, 诺贝尔文学奖大系——泰绮思
01953719, 8.4, 41, 英国旗
01355091, 8.1, 50, Globalization and Its Discontents
01863574, 8.2, 46, 太阳石
01949936, 8.4, 39, 蓝色恋歌
01484519, 8.1, 47, 紫罗兰
06775838, 7.6, 67, 福地
01966024, 8.2, 42, 黑色之書
02057371, 9.0, 26, 我弥留之际
01290788, 8.5, 34, 资本主义经济制度
26637765, 8.3, 38, 眼睛游戏
35051899, 8.9, 27, 愤怒
01042878, 9.6, 19, 治理机制
26418470, 8.2, 38, 海明威读本
30388865, 7.3, 75, 煎饼坪
20375534, 8.7, 28, 大街
01941870, 7.1, 88, 诺贝尔文学奖文集:人与超人 圣女贞德
02043853, 8.2, 37, 寻找自我
03090846, 7.7, 51, 我儿子的故事
26603183, 7.7, 51, 雨王亨德森
02046001, 8.1, 38, 狮子和宝石
27197827, 7.3, 69, 石筏
01079322, 7.0, 90, 啊，荒野
25760478, 7.6, 52, 戏剧集
26668413, 7.5, 53, 天使沉默
01066909, 7.5, 51, 伟大的牵线人
02307979, 7.7, 42, 经济学原理
01879887, 7.6, 45, 诺贝尔奖得主的大学时代
01025013, 6.8, 90, 品味经典
01950761, 7.7, 41, 品彻·马丁
26707222, 7.1, 66, 南方的转折
01141916, 8.1, 31, 诺贝尔文学奖名著快读
02043865, 8.4, 26, 为亡灵弹奏
27141617, 8.4, 26, 寓言
01958066, 8.2, 29, 骑鹅历险记
30226256, 7.6, 43, 孤独与沉思
02045931, 8.2, 28, 柔情
02057335, 9.2, 17, 风暴眼
19975222, 6.8, 80, 阿恩
01138404, 7.9, 32, 巴比特
02339866, 7.9, 32, 我的经济人生之路
01943955, 8.3, 25, 土地的成果
01430077, 6.8, 76, 我们是诱鸟，宝贝
01457677, 8.8, 19, 魔术师·原野王
04843638, 8.5, 22, 我们经历了世界与一切
02348530, 7.8, 33, 外国诗人成名作选
01878366, 9.5, 14, T. S. Eliot: Collected Poems
25806815, 9.2, 15, 憤怒的葡萄(上下冊)
02996184, 8.0, 27, 在阿凯的童年时光
01949854, 7.7, 32, 风中芦苇
02310780, 8.4, 21, 人力资本理论
01977066, 8.0, 26, Missing Person
25905063, 7.1, 47, 品彻·马丁
01291752, 8.0, 25, 诺贝尔文学奖获奖作家访谈录
01938666, 8.0, 25, 少女西丽亚
01051369, 7.4, 35, 诺贝尔传
02277410, 8.4, 19, The Cleft
01943954, 8.2, 21, 倔犟的姑娘 葡萄园看守 耶恩森短篇小说集-诺贝尔文学奖文集
01596642, 7.8, 24, 萨尔卡·瓦尔卡
26719439, 7.2, 36, 天国
01964432, 8.2, 19, 疾病或被改变中的生命史
02034642, 8.1, 20, 蒂博一家（第一册）
01943946, 7.2, 35, 明娜
01079869, 7.8, 23, 我的世纪
02045939, 8.1, 19, 哲学·数学·文学
01915667, 7.5, 27, 罗马风云
01545996, 6.8, 46, 挑战的手套
01451489, 8.4, 16, 诺贝尔之路
01692389, 6.8, 44, 无人伴随我
06811771, 9.0, 12, 诺贝尔文学奖获奖作家散文精品
21325247, 8.4, 15, 诺贝尔文学奖授奖词和获奖演说
01272846, 7.9, 19, 铃蟾的叫声
26606616, 7.4, 25, 怀念
11517068, 7.8, 19, 尼尔斯骑鹅旅行记
01886934, 7.7, 20, A Personal Matter
03300808, 8.2, 15, 看不见的手
01949933, 8.0, 16, 磨坊血案
02045736, 8.2, 14, 漫长的旅行（诺贝尔文学奖精品典藏文库/精装本）
03183329, 7.4, 21, 诺贝尔文学奖作家微型小说精品
01952023, 7.4, 20, 归纳与推动
26372237, 6.8, 30, 文学的圣殿
01525945, 7.1, 24, 特雷庇姑娘:海泽小说选
25763210, 7.6, 17, 帕斯
26686801, 6.0, 62, 荒原与爱情
01955504, 8.2, 12, 在炼金术之后
26719440, 6.2, 41, 希默兰的故事
26232297, 7.7, 13, 最初的吻
01009658, 7.9, 11, 历届诺贝尔文学奖获得者散文金库
01437968, 7.4, 14, 孤独的慰藉
01363679, 7.5, 13, 雙重火焰
03737160, 7.2, 15, 诺贝尔文学奖名著速读
01908495, 7.3, 14, 选择的智慧
26616281, 6.3, 25, 诺贝尔文学奖大系--查理国王的人马
02028451, 6.9, 16, 漫游诺贝尔奖创造的世界:物理学之旅
02128128, 7.0, 15, 你也能进哈佛
26675855, 6.8, 17, 明娜
01312644, 7.3, 11, 诺贝尔文学奖获奖作家小说选(上)
07053842, 6.2, 21, 非常言
03121203, 6.9, 10, 李政道文选
06878498, 5.6, 24, 神奇的一氧化氮
23780252, 6.1, 11, 诺贝尔文学课
02057193, 0.0, 10, 福地
10788408, 0.0, 10, 诺贝尔物理学奖1901-2010
01061401, 0.0, 11, 米斯特拉尔散文选
02300987, 0.0, 12, A Writer&#39;s People
