2020-07-05 16:00:18

number of books, tag name
118, 谜

ID, rating, votes, title
01827374, 9.0, 96695, 东方快车谋杀案
02035162, 9.0, 55001, 刀锋
01040771, 8.2, 206811, 达·芬奇密码
01807516, 8.9, 27459, 罗杰疑案
01803022, 9.0, 15960, 圣经
01765512, 9.1, 10367, 海的女儿
03815125, 8.9, 12283, 香水
01263399, 9.0, 9915, 无人生还
01874961, 8.8, 12320, 嫌疑犯X的獻身
03162527, 8.7, 10168, 魍魉之匣（下）
02174013, 8.4, 13494, 国境以南 太阳以西
03102324, 7.7, 44694, 秘密
03162513, 8.4, 12452, 魍魉之匣（上）
26729776, 8.1, 17810, 雪人
06249670, 8.8, 5792, 首无·作祟之物
02036561, 8.4, 9410, 城堡
02139305, 7.7, 30673, 巴别塔之犬
01829614, 8.6, 6357, 琼美卡随想录
01082404, 8.4, 7612, X.1
01903164, 8.0, 14257, ABC谋杀案
01008074, 7.6, 28426, 失乐园
01006113, 7.8, 16077, 源氏物语
01019628, 8.8, 3288, 卡夫卡中短篇小说选
26760976, 8.4, 5663, 怒
20392525, 7.9, 10844, 枯枝败叶
02266490, 9.1, 1744, 白夜行（上）
02055004, 8.5, 2382, 七個證人
01263186, 7.9, 4883, 恶魔吹着笛子来
01158930, 7.7, 6310, 十角馆杀人预告
01263250, 7.9, 4319, 八墓村
02193879, 8.5, 1824, 神曲
03055316, 7.7, 5430, 第十三个故事
01089949, 7.7, 3994, 本阵杀人事件
04191438, 8.3, 1646, 燃烧的法庭
01088672, 7.7, 3418, 女王蜂
01103644, 8.0, 2175, 罪恶的拍球歌
10473576, 7.4, 5465, 替身
03136264, 8.8, 798, 诉讼
01437683, 7.9, 2296, 黑暗馆不死传说
01975541, 7.9, 2182, 名偵探的守則
03787195, 7.5, 3810, 黑暗坡食人树
03553234, 8.2, 1288, 三口棺材
02342816, 8.8, 646, 奇想、天慟
01437129, 8.1, 1438, 悠游小说林
01890958, 8.4, 975, 殺人雙曲線
01870313, 8.1, 1398, 暗店街
05912701, 7.7, 2405, 查理九世1·黑贝街的亡灵
01485501, 7.6, 2801, 全部成为F
03872290, 7.9, 1755, 尘
02063621, 7.3, 3940, 藏书室女尸之谜
01004249, 8.1, 1162, 面具馆
05038408, 7.5, 2461, 算计
02071379, 8.3, 838, 姑獲鳥之夏
06151379, 7.4, 2566, 鸦
01927377, 6.6, 8900, 畢業前殺人遊戲
02378214, 7.9, 996, 耳语之人
06828611, 6.2, 20882, 小时代3.0：刺金时代
04312746, 8.1, 668, 如山魔嗤笑之物
33437511, 8.1, 614, 自指引擎
01940811, 7.9, 766, 緊閉的門扉
03112720, 7.0, 2607, 中国橘子之谜
01103643, 7.9, 696, 梦游
01876021, 8.4, 398, 獄門島
01891109, 7.9, 639, 黑桃A的血咒
02378202, 7.4, 1174, 歪曲的枢纽
01058044, 8.2, 409, 世界两侧
06985661, 7.3, 1008, 失控的玩具
03226020, 8.7, 209, 模仿犯 上冊 (新版)
02378210, 7.6, 657, 阿拉伯之夜谋杀案
03662227, 8.3, 289, 私密的神话
01116316, 8.1, 335, 精神分析引论新编
03744289, 7.6, 556, 異人們的館
02378205, 7.3, 804, 连续自杀事件
06386708, 7.7, 446, 鬼的足音
03001207, 8.8, 147, 犹大之窗
02255068, 9.0, 123, I SPY视觉大发现
01855225, 7.9, 316, 白衣女郎
03175972, 7.3, 647, 死亡飞出大礼帽
01845906, 8.9, 122, 謎詭
02878262, 7.4, 514, 求生無門
01084795, 7.6, 401, 月亮宝石
05248296, 7.4, 375, 如厭魅附身之物
01319670, 7.4, 356, 班森杀人事件
02237786, 8.2, 154, 毒巧克力命案
27101567, 7.3, 386, 谜鸦
01987047, 8.2, 147, 拿破崙狂
02378207, 6.9, 589, 逆转死局
05602441, 7.2, 384, 請勿在此丟棄屍體
01769764, 8.2, 132, 侠盗亚森·罗平
01315166, 6.4, 796, 但丁俱乐部
01488290, 7.3, 221, “黄屋”奇案
02160796, 8.4, 80, 謎詭 2
02372484, 6.8, 383, 彌勒之掌
02052039, 7.1, 248, 肢解屍體之謎
03292919, 8.6, 62, 謎詭 3
02214431, 7.5, 123, 羅馬帽子的秘密
26951579, 7.6, 111, 天漏邑
03210605, 7.3, 132, 七歲小孩
05586721, 7.2, 134, 如凶鳥忌諱之物
04780035, 7.3, 114, 耳朵没有眼睑
06712853, 7.4, 99, 如密室牢籠之物
04142243, 8.8, 34, 戏文概论 谜史
10484087, 8.0, 52, 回到未来
04278814, 9.6, 18, The Trembling of a Leaf
10427320, 8.5, 21, 永恒的标志
02150519, 7.4, 33, 科学难解之谜历史难解之谜
03005791, 6.0, 129, 解读博尔赫斯
02078198, 7.9, 22, 西姆农侦探小说选
01002836, 7.8, 23, 第七个秘密
02298892, 6.8, 35, 梅格雷与高个子女郎
10484084, 7.2, 20, 撒哈拉沙漠下的亚特兰蒂斯（上下）
02298893, 6.5, 31, 梅格雷与疯子
01087868, 6.4, 25, 沙漏与蜡烛
01069832, 7.3, 13, 世界文化之谜
02978148, 7.2, 13, 十字路口之夜
04089500, 6.8, 14, 星际有约——二十世纪外星生命蓝皮书
01076301, 6.6, 10, 中华文化之谜
01085438, 0.0, 12, 中国帝王之谜
