2020-07-05 16:00:18

number of books, tag name
137, 费孝通

ID, rating, votes, title
01795079, 9.2, 36603, 乡土中国
03813669, 8.6, 69122, 民主的细节
03283983, 9.3, 6319, 乡土中国
06781794, 8.8, 10846, 过于喧嚣的孤独
02258034, 9.3, 4776, 乡土中国
20395476, 9.2, 5072, 乡土中国
01325507, 9.0, 5558, 江村经济
01310228, 9.2, 4102, 乡土中国 生育制度
03007268, 9.3, 2314, 传习录
03719342, 9.3, 2112, 乡土中国
20395460, 9.2, 2301, 江村经济
02274697, 9.0, 1601, 江村经济
25759044, 9.2, 1139, 乡土中国
01661440, 9.0, 1369, 生育制度
01410359, 9.1, 1205, 乡土中国
04820214, 8.6, 1863, 印度走着瞧
01455933, 7.5, 9078, 你好，忧愁
03227346, 8.1, 3238, 听杨绛谈往事
01018360, 8.6, 1665, 性心理学
24383057, 9.2, 825, 乡土中国
26368104, 9.1, 897, 乡土中国
05944383, 9.2, 667, 乡土中国
10532835, 9.4, 549, 乡土中国 生育制度 乡土重建
24316409, 8.3, 1746, 忍不住的“关怀”
24379797, 8.9, 780, 民主•宪法•人权
30325462, 9.1, 628, 乡土中国（彩色插图有声版）
01740073, 8.6, 847, 中国绅士
01020329, 8.5, 726, 世界史纲
30761674, 9.4, 272, 乡土中国
03182177, 9.0, 381, 生育制度
01795053, 9.0, 304, 江村经济
27010599, 9.5, 200, 乡土中国
11534368, 9.2, 221, 乡土中国
05994591, 9.0, 256, 中国士绅
03865990, 8.9, 256, 缅甸高地诸政治体系
10732624, 8.7, 285, 乡土重建
05375970, 9.3, 165, 江村经济
30258045, 9.2, 175, 生育制度
30325465, 9.4, 136, 江村经济（插图导读版）
02121714, 8.3, 336, 皇权与绅权
25840693, 9.0, 162, 生育制度（新版中学图书馆文库）
24851721, 8.3, 260, 美国人的性格
26324174, 8.5, 198, 皇权与绅权（增补本）
26794126, 9.1, 109, 生育制度
26320881, 9.6, 69, 江村经济
30383696, 9.1, 93, 乡土中国
30215749, 9.5, 68, 乡土中国·生育制度
01982647, 8.7, 113, 世界史纲
01094811, 7.8, 229, 文化论
01816327, 8.4, 130, 云南三村
06049323, 8.3, 137, 世界史
01033263, 8.3, 122, 师承·补课·治学
20258511, 7.6, 234, 留学时代
25774975, 9.1, 67, 乡土中国 生育制度 乡土重建
25777431, 8.0, 151, 皇权与绅权
03866434, 8.2, 125, 社会调查自白
25962820, 9.2, 58, 乡土中国（修订本）
30191749, 9.5, 46, 江村经济
02125884, 8.1, 116, 费孝通游记-初访美国 访美掠影 重访英伦(“四海之内-从东方到西方”系列丛书)
01290859, 8.0, 125, 人文类型
02376710, 9.4, 44, From the Soil
02144496, 8.4, 79, 人文类型
30189869, 9.2, 45, 乡土中国·乡土重建
03309856, 8.5, 65, 美国与美国人
01066808, 7.7, 114, 中华民族多元一体格局
01861309, 8.1, 80, 胡适选专业
25934213, 7.9, 83, 中国城市的死与生
30258986, 8.7, 44, 美好社会与美美与共
30267506, 8.9, 38, 江村经济/费孝通精品集
01273705, 7.5, 105, 新人口论
26730206, 8.0, 68, 中国乡约制度
30380964, 8.0, 63, 费孝通晚年谈话录（1981—2000）
05365207, 7.7, 80, 夏村社会
26684471, 8.8, 37, 乡土中国再认识
21966329, 7.4, 97, 危机与变革
30434252, 9.5, 24, 乡土中国
06004619, 8.6, 35, 第四种国家的出路
25920980, 8.5, 37, 内地农村
01087986, 8.1, 46, 费孝通域外随笔
01005346, 8.1, 45, 学术自述与反思
02969127, 9.2, 23, 乡土中国与乡土重建
30396407, 8.9, 26, 美国人的性格（费孝通先生经典作品）
27598157, 8.3, 36, 芳草茵茵
03825325, 9.4, 20, 鄉土中國
01428975, 8.1, 40, 费孝通文集（全十六卷）
02098803, 7.8, 47, 费孝通论文化与文化自觉
30257990, 8.8, 25, 江村经济
03809849, 8.4, 30, 费孝通全集（全二十册）
01052286, 7.8, 44, 江村农民生活及其变迁
01750733, 7.5, 55, 费孝通传
25748813, 9.1, 20, 江村经济（修订本）
03557636, 8.8, 23, 社会调查自白
26266111, 8.7, 24, 行行重行行
01738225, 8.0, 33, 芳草天涯
04882113, 8.0, 33, 文化与文化自觉
06025756, 8.7, 22, 工业文明的社会问题
26382810, 8.5, 24, 六上瑶山
01799172, 7.8, 36, 初民社会
01490564, 9.6, 14, 费孝通集
01087774, 8.2, 24, 费孝通传
01444121, 7.8, 29, 重归“魁阁”
01790422, 8.2, 22, Peasant Life in China
05312388, 7.6, 31, 中国城镇化道路
05348749, 7.9, 23, 从马林诺斯基到费孝通
10804755, 8.9, 14, 江村经济
30383698, 8.7, 15, 生育制度
30223931, 7.6, 26, 美国人的性格
30146835, 8.6, 15, 社会调查自白
26871592, 8.2, 17, 文化与文化自觉
26832971, 7.2, 31, 中国文化的重建
34798331, 8.9, 12, 生育制度
10519926, 8.0, 18, 人文类型乡土中国/大家讲义
25834904, 7.5, 23, 田野里的大师
02193615, 7.2, 28, 六上瑶山
27053678, 6.9, 35, 走出乡土
06114468, 7.3, 25, 远古的纸草
02265666, 7.5, 21, 中华民族多元一体格局
19897035, 7.5, 21, 小城镇四记
01988270, 7.8, 15, 一代良师
26997124, 7.4, 18, 大学的改造
25902468, 6.9, 24, 田野里的大师
04934503, 7.3, 18, 访美掠影
01021801, 8.4, 10, 老照片(第11辑)
03611817, 8.4, 10, China&#39;s Gentry
01039846, 7.6, 14, 志在富民
01747853, 7.9, 12, 乡土先知
01087985, 7.4, 15, 费孝通人物随笔
30571040, 8.0, 11, 远方，是生命的航程
01035978, 7.9, 11, 费孝通学术文化随笔
30878604, 7.3, 14, 脚步，是文化的刻度
05940675, 5.6, 49, 中国的疼痛
01397556, 7.5, 11, 走出江村
01072195, 6.8, 16, 往事重重
01199389, 6.8, 14, 费孝通与江村
03024635, 0.0, 10, 鄉土重建與鄉鎮發展
01660810, 0.0, 11, 甘肃土人的婚姻
25920554, 0.0, 11, 民主·宪法·人权
