2020-07-05 16:00:18

number of books, tag name
184, 赫尔曼·黑塞

ID, rating, votes, title
06082808, 9.2, 294598, 百年孤独
03211779, 8.9, 411969, 嫌疑人X的献身
10554308, 9.1, 272276, 白夜行
03608208, 8.5, 120393, 牧羊少年奇幻之旅
03406401, 9.0, 25415, 悉达多
25762009, 9.1, 16809, 教父
05337254, 9.1, 15639, 孽子
03578470, 9.0, 15420, 德米安
26980487, 9.4, 7312, 悉达多
03131626, 9.0, 10404, 荒原狼
02328458, 9.1, 8451, 社会性动物
25733470, 8.2, 35177, 没有色彩的多崎作和他的巡礼之年
10549934, 9.1, 7436, 悉达多
04908883, 9.0, 6573, 荒原狼
02136484, 8.7, 8908, 如果在冬夜，一个旅人
02165063, 9.2, 3924, 纳尔齐斯与歌尔德蒙
01216737, 9.0, 4239, 纯粹理性批判
03391246, 8.2, 10494, 潮骚
25757313, 9.8, 1256, 红楼梦脂评汇校本
04071842, 8.5, 5888, 路西法效应
02165076, 9.0, 2815, 玻璃球游戏
02165037, 8.8, 3514, 荒原狼
06533041, 9.3, 1832, 纳尔齐斯和歌尔德蒙
26292550, 9.0, 2239, 悉达多
25902450, 8.6, 3713, 德米安
01433192, 9.1, 1895, 普通语言学教程
04138982, 8.9, 2330, Alchemist
26594159, 8.7, 2966, 德米安
01857022, 8.9, 2132, 大剑 1
03578471, 8.8, 2288, 盖特露德
24859207, 8.9, 1725, 悉达多
02165084, 8.3, 3458, 在轮下
19967336, 8.5, 2373, 彷徨少年时
02142574, 8.7, 1592, 时光中的时光
02165057, 8.7, 1519, 堤契诺之歌
06509468, 9.0, 985, 荒原狼
19967339, 8.8, 1206, 流浪者之歌
06010144, 8.3, 2181, 动物寓言集
26262141, 8.3, 2118, 毛姆传
19967347, 8.5, 1554, 在轮下
26307903, 8.8, 999, 悉达多
06533037, 9.2, 648, 玻璃球游戏
19967328, 8.6, 1104, 漂泊的灵魂
24744381, 9.2, 571, 荒原狼
02382544, 8.8, 818, 园圃之乐
30299697, 8.5, 1132, 黑塞童话集
10539989, 8.9, 722, 玻璃球游戏
10875996, 8.9, 701, 朝圣者之歌
30488936, 8.8, 759, 给所有人的黑塞童话
03339862, 8.6, 940, 性别麻烦
26376880, 9.1, 555, 纳尔奇思与歌尔得蒙
04219120, 8.4, 1131, 流浪的星星
19967324, 8.5, 1001, 荒原狼
03578472, 8.4, 1125, 罗斯哈尔德
26302408, 8.8, 712, 荒原狼
06529943, 8.3, 1198, 在轮下
01748477, 9.1, 483, 纳尔齐斯与歌尔德蒙
06519759, 7.5, 3459, 记事本圆梦计划
30222320, 9.4, 352, 荒野之狼
24853135, 9.1, 450, 悉达多
30389968, 8.6, 737, 克林索尔的最后夏天
19967327, 8.5, 805, 乡愁
19967335, 8.7, 648, 生命之歌
06509470, 8.8, 583, 堤契诺之歌
02978933, 8.7, 628, 彼得·卡门青
01732250, 8.9, 488, Siddhartha
27014525, 9.2, 352, 异形全书
01088540, 9.2, 333, 玻璃球游戏
10875994, 8.3, 806, 温泉疗养客
06813370, 8.2, 826, 雾中回忆
19967342, 9.1, 312, 玻璃珠游戏
27199024, 8.9, 369, 纳齐斯与戈德蒙
30221268, 8.8, 402, 纳尔齐斯与歌尔德蒙
30263253, 9.3, 256, 园圃之乐
07051393, 7.6, 1520, 俗
01394352, 9.3, 243, 纳尔齐斯与歌尔德蒙
30200870, 8.8, 366, 悉达多
19967343, 8.5, 470, 知识与爱情
01064736, 8.9, 309, 荒原狼
20414863, 8.6, 388, 荒原狼
01986275, 8.6, 385, 大失败
19967325, 8.5, 419, 读书随感
30592698, 8.8, 284, 德米安
33395270, 9.1, 218, 悉达多
26302407, 8.4, 397, 轮下
02115287, 8.3, 412, 黑塞诗选
04231733, 8.6, 304, 论自由意志
35060088, 9.0, 213, 德米安
01479703, 9.1, 174, 赫尔曼·黑塞小说散文选
19967346, 8.0, 464, 艺术家的命运
20375644, 9.2, 146, 芬尼根的守灵夜 - 珍藏本（第一卷）
26702672, 8.5, 260, 悉达多
03103036, 8.7, 213, 在轮下
19967341, 8.0, 414, 东方之旅
25712802, 9.6, 106, 流浪者之歌
01446983, 8.4, 268, 在轮下
01957594, 9.1, 138, 梦系青春
25852927, 8.5, 224, 玻璃球游戏
01966447, 8.5, 223, 在轮下
26368595, 8.6, 196, 园圃之乐
19967333, 8.1, 310, 美丽的青春
19967338, 7.8, 428, 孤独者之歌
25978498, 9.1, 129, 玻璃球游戏
30292628, 8.5, 203, 德米安
10875995, 7.3, 736, 漫游者寄宿所
30305884, 9.2, 111, 鸢尾花
03291035, 9.0, 111, 彷徨少年時
30351146, 9.0, 110, 荒原狼
27047151, 8.6, 148, 悉达多
03395043, 9.4, 79, 又是一年芳草绿
03021038, 9.3, 80, 流浪者之歌
30839812, 8.7, 117, 荒原狼
02362671, 9.0, 91, Siddartha
33446804, 8.2, 168, 悉达多
27055782, 8.6, 119, 黑塞抒情诗选
01394428, 8.7, 105, 黑塞童话选
34997980, 8.7, 97, 耶路撒冷之前的艾希曼
25803880, 7.6, 231, 黑塞诗选
10538451, 7.9, 166, 战火之外
01014179, 8.9, 72, 黑塞散文选
30838038, 8.1, 127, 在轮下
01274375, 8.3, 97, 陀思妥耶夫斯基的上帝
03498016, 8.2, 105, 平原
03168152, 9.0, 58, 鄉愁
25923249, 7.6, 169, 妻子的沉默
26920067, 7.6, 168, 通往印度次大陆
26923556, 7.8, 135, 彼得•卡门青
26914375, 8.1, 102, 在轮下
25744088, 9.2, 46, 流浪者之歌
04313193, 9.1, 48, 流浪者之歌
26276885, 8.5, 64, 书籍的世界
30224192, 8.7, 54, 盖特露德
27034242, 8.0, 88, 停靠，一座城
02162706, 9.5, 33, 纳尔齐斯与歌尔德蒙 (平装)
01370695, 8.9, 45, 悉達求道記
01960230, 7.9, 91, 德国诗选
02990291, 7.7, 101, B2B品牌管理
30246920, 9.4, 32, 荒原狼
27048970, 9.2, 35, 纳尔奇思与歌尔得蒙(全译本)(精)/经典译文
27181856, 7.9, 81, 黑塞诗选
01388360, 8.7, 43, 徬徨少年時
01474427, 9.4, 29, Steppenwolf
04012543, 8.8, 39, Siddhartha
24737023, 8.0, 66, 彼得·卡门青
01348494, 9.0, 34, Siddhartha
26590828, 8.8, 38, 德米安
02471036, 8.6, 42, Demian
01961537, 8.6, 38, 黑塞小说散文选
30298029, 9.0, 30, 悉达多
01532519, 6.7, 185, 性爱圣经
26358474, 7.8, 62, 童年轶事
26934302, 7.4, 84, 东方之行
30273885, 8.1, 46, 悉达多
30168654, 8.2, 43, 纽伦堡之旅
02227290, 8.3, 38, 通向禅学之路
20521350, 9.1, 24, Demian
27117915, 8.0, 44, 菩提花
26420503, 8.7, 27, 車輪下（首度德文直譯本）
30477643, 8.9, 24, 黑塞文集（全10卷）
10864553, 8.8, 25, 流浪者之歌
01065033, 8.4, 29, 烦恼的冬天
27601157, 6.8, 101, 裂枝的嘎鸣
26438557, 6.4, 162, 诗话人生
30225778, 7.6, 48, 在轮下
02377200, 8.6, 23, Siddhartha
25703853, 9.2, 17, 生命之歌
01085430, 8.3, 26, 黑塞的智慧
30246921, 7.9, 31, 盖特露德
25778271, 8.0, 29, 丢失的行李箱
25875780, 8.4, 23, 快乐的小侏儒
33447932, 8.9, 16, 悉达多 德米安
26799874, 8.2, 22, 赫尔曼·黑塞作品集(套装共14册)
30224191, 7.3, 36, 彼得·卡门青
27036901, 9.1, 13, 鄉愁
03090141, 8.7, 15, 赌徒
26838562, 8.4, 16, 荒野之狼
33440217, 7.9, 20, 园圃之乐
27062728, 9.4, 10, 徬徨少年時
04313894, 8.2, 11, 東方之旅
04845013, 7.4, 15, 黑塞与东西方文化的整合
27021029, 6.8, 17, 赫尔曼·黑塞
03804822, 0.0, 10, 車輪の下
02040053, 0.0, 11, 知識與愛情
03736418, 0.0, 13, Der Steppenwolf
