2020-07-05 16:00:18

number of books, tag name
208, 超现实

ID, rating, votes, title
01084336, 9.0, 576801, 小王子
06082808, 9.2, 294598, 百年孤独
27614904, 9.2, 192617, 房思琪的初恋乐园
25862578, 8.5, 642256, 解忧杂货店
01089243, 8.9, 124075, 黄金时代
01474773, 9.5, 38594, 海贼王
01085799, 8.7, 102797, 白鹿原
04011670, 8.3, 189120, 人间失格
03608208, 8.5, 120393, 牧羊少年奇幻之旅
01948901, 8.3, 160116, 盗墓笔记
01398395, 8.8, 51768, 狂人日记
04742918, 8.3, 111159, 1Q84 BOOK 1
06789605, 9.1, 23068, 树上的男爵
03633461, 8.7, 37287, 一句顶一万句
04885241, 8.4, 62834, 1Q84 BOOK 2
01291809, 8.6, 37093, 世界尽头与冷酷仙境
05275059, 7.9, 138111, 1988：我想和这个世界谈谈
26414020, 8.0, 95860, 我不喜欢这世界，我只喜欢你
01213546, 8.4, 40968, 变形记
01044663, 8.7, 22167, 许三观卖血记
02158189, 8.5, 28643, 海边的卡夫卡
01085883, 8.7, 20026, 青铜时代
01440468, 9.0, 12366, 漩涡
02022979, 8.0, 62016, 喜宝
01082150, 8.4, 28333, 白银时代
02158161, 8.8, 13293, 世界尽头与冷酷仙境
01020670, 8.3, 27954, 舞！舞！舞！
01322455, 8.7, 14200, 遥远的救世主
01419841, 9.0, 9133, 神秘的魔法石
10763902, 7.7, 87529, 偷影子的人
06789551, 8.9, 9509, 不存在的骑士
10555486, 8.7, 11175, 分成两半的子爵
01031740, 8.2, 25257, 寻羊冒险记
04908883, 9.0, 6573, 荒原狼
04882133, 8.5, 13516, 兄弟
04011440, 8.0, 31723, 最初的爱情 最后的仪式
01066165, 9.3, 4306, 卡尔维诺文集（第三卷）
01026425, 7.4, 108286, 三重门
01096790, 8.7, 9441, 黑铁时代
04010969, 7.8, 40239, 当我们谈论爱情时我们在谈论什么
03860856, 8.1, 22175, 可爱的洪水猛兽
01212080, 8.4, 12506, 奇鸟行状录
01049219, 7.4, 81904, 长安乱
03394338, 7.5, 55639, 他的国
05502995, 7.6, 44665, 1Q84 BOOK 3
01848256, 8.0, 20103, 东京奇谭集
01465007, 8.2, 14120, 生死疲劳
01453210, 7.4, 59055, 一座城池
03009033, 7.8, 21727, 杂的文
01275907, 8.3, 8888, 八十天环游地球
01873900, 8.7, 4487, 变形记
04047637, 8.1, 10019, 1Q84
06792270, 9.0, 2778, 佩德罗·巴拉莫
05367304, 8.4, 6145, 城邦暴力团（上）
02165037, 8.8, 3514, 荒原狼
03615061, 7.5, 27373, 宿命
01009160, 7.3, 40045, 像少年啦飞驰
27199470, 7.5, 25344, 刺杀骑士团长
04898712, 8.3, 5467, 奇想·天动
01939182, 8.0, 8639, 美国众神
01871471, 7.8, 12121, 一座城池
04213995, 7.6, 15083, 黑笑小说
01276032, 8.3, 4690, 地心游记
01281653, 7.9, 8160, 秦腔
01071921, 8.1, 5727, 现实一种
25720041, 7.7, 10343, 秘密
26681991, 8.6, 2252, 鳄鱼街
03286829, 7.9, 5890, 脑髓地狱
04164096, 7.6, 8993, 饥饿游戏
26877595, 9.0, 1171, 佩德罗·巴拉莫
02061444, 8.7, 1619, 幽灵之家
03931511, 8.2, 2937, 旋转木马鏖战记
02133556, 6.9, 28662, 光荣日（第一季）
03928883, 8.3, 2382, 列克星敦的幽灵
02042638, 9.1, 912, 大师和玛加丽塔
01212152, 7.8, 4697, 萤
01873543, 9.3, 705, Cannabis Works
01962642, 8.1, 2860, 夏天．煙火．我的屍體
01046385, 7.1, 15888, 毒
30329883, 9.0, 875, 马尔多罗之歌
01024854, 7.3, 9283, 成都，今夜请将我遗忘
01080753, 8.3, 1916, 受活
01787562, 9.1, 758, 东方奇观
03928881, 7.8, 3578, 萤
05391766, 7.3, 8137, 忽然七日
01437683, 7.9, 2296, 黑暗馆不死传说
02342816, 8.8, 646, 奇想、天慟
01444563, 9.0, 520, Delirious New York
01067919, 7.6, 2565, 夜半蜘蛛猴
05423772, 7.8, 1823, 西夏旅馆
10529920, 7.8, 1692, 1Q84（全三册）
02087398, 8.3, 868, 神様ゲーム
04729680, 7.8, 1597, 路鸟
04140447, 8.3, 828, 绿房子
04244319, 7.7, 1787, 他的国
02265954, 8.2, 866, 文学部唯野教授
02242381, 7.4, 2356, 雾越邸杀人事件
06757196, 8.8, 404, BILLY BAT比利蝙蝠(01)
01086708, 8.9, 352, 洛特雷阿蒙作品全集
02817272, 9.4, 210, The Fantastic Art of Beksinski
03622469, 8.1, 671, 娜嘉
20541258, 9.4, 194, 七龍珠完全版 01
26717934, 8.2, 571, 新年快乐
04039102, 9.6, 160, 石田徹也遺作集
01918787, 7.9, 759, 第二类死亡
27070201, 8.0, 656, 屡次想起的人
26428326, 8.8, 285, 空之境界 下
03200784, 9.6, 147, 卡拉马佐夫兄弟
26428327, 8.3, 433, 空之境界 上
05423799, 8.2, 473, 黑暗馆不死传说（上下）
05336223, 7.0, 2150, 地铁
20273138, 8.0, 515, 被伤害的空气
01149897, 9.0, 188, 马格里特
02066927, 8.4, 310, 多羅羅(01)
05391704, 8.4, 306, 超现实主义宣言
25862571, 8.3, 333, 闯入者
03990181, 9.1, 164, 我和她的XXX 1
04882053, 8.1, 385, 诗人的餐巾
26841608, 8.2, 341, 墙
05043345, 8.3, 301, 惡魔奶爸 01
04404766, 9.2, 136, Cowboy Henk
01315265, 8.3, 281, 从混沌到有序
30330715, 9.0, 145, 哥哥的朋友是我男朋友
05260150, 7.8, 416, 燃烧的心
01810990, 8.1, 296, 白金的女体塑像
05392384, 8.5, 187, 老爸的第二春 Vol.1
01392680, 8.4, 197, 公墓
20440610, 7.8, 329, 岁月的泡沫
04891324, 9.8, 67, 石田徹也全作品集
01937594, 8.8, 130, 不思議少年 (1)
01127912, 7.6, 393, 保尔.艾吕雅诗选
04246534, 6.9, 964, “琉璃城”杀人事件
26581240, 9.1, 94, 梦幻大飞行
01104697, 8.1, 211, 伊凡・哥尔诗选
01350346, 8.8, 114, Haunted
01939258, 8.3, 160, 殺人暗黑館 (上)
02249124, 9.3, 75, 浮士德（上）
25795734, 7.6, 299, 看不见爱情的房间
01097231, 7.6, 292, 上海的狐步舞
01939260, 8.3, 140, 殺人暗黑館 (下)
25986609, 8.3, 133, 残酷戏剧
03161087, 8.1, 145, 少女偵探之怪奇事件
02079959, 9.4, 55, Gregory Crewdson
04055239, 7.2, 356, 逃離伊甸園1
23020821, 8.2, 115, 每一天
01955111, 8.0, 131, 空想鳥類物語
04317536, 8.4, 91, 推拿
02820193, 9.4, 47, Art Forms in Nature
26593186, 9.5, 43, 罪与罚
03630972, 8.0, 109, 世界名画家全集--马格利特
01223823, 7.4, 185, 一生的性计划
02064071, 7.6, 150, 睡莲症
02137612, 9.2, 45, 想象的时空
27046180, 8.8, 54, 重启咲良田
02155494, 8.3, 76, 貓婆婆
01217730, 8.6, 60, 卡夫卡短篇小说精选
01793274, 8.0, 93, 林中阳台
20326642, 8.7, 53, 封神演義 完全版 01
27064053, 7.0, 209, 一月物语
27043526, 8.0, 78, 使女的故事
27112418, 8.0, 73, 黑暗之书:艺术家的绮丽梦魇与隐秘世界
10430745, 7.3, 135, 變身
26352348, 8.0, 69, 我的幻影朋友
24744925, 7.1, 136, 我我我
01144629, 8.9, 34, 狂想的旅程
26607386, 7.6, 83, 大卫·林奇的奇异世界
05416888, 7.6, 81, 衰神附身记
05043549, 7.2, 116, 末日降臨(01)
11613911, 8.0, 57, 达利天才日记
01368309, 8.8, 34, 娜嘉
20375511, 7.4, 83, 变貌记
05290531, 8.5, 36, 草莓僧侣
27030349, 7.4, 75, 脑中黑洞
04015575, 7.3, 82, 逆走少女 －無盡的暑假－ 01
34835367, 7.0, 110, 四象
03148491, 8.0, 46, 奇幻百貨店01
04016806, 7.6, 61, 消极的快乐、电锯的边缘②
06887335, 7.5, 66, 香火
03041531, 8.5, 31, 夢的宇宙誌
03410910, 9.3, 20, Kunstformen der Natur. Sonderausgabe.
04842734, 7.5, 55, 落幕之舞
24862872, 6.8, 99, 快转
26305375, 6.9, 88, 幽灵救命急先锋
06877658, 7.7, 38, A.S.野性第六感 Vol.1
20138976, 7.5, 42, Joyland
04849705, 7.4, 39, 重返少年时 1
02004474, 7.2, 45, 1982
04211191, 8.5, 19, 恩斯特
06531459, 7.5, 34, 我的钱
02149228, 7.3, 38, 公共的玫瑰
01373777, 9.7, 11, Giacometti
03987071, 6.3, 93, 亡灵花
04144291, 6.9, 46, 逆走少女 －無盡的暑假－ 02 (完)
26833396, 7.3, 33, 再看我一眼
03678377, 9.2, 12, Historias de cronopios y de famas
01034553, 7.2, 34, 论隐秘的上帝
02222872, 7.5, 27, 符号与象征
05908309, 5.8, 99, 英雄书
05341301, 7.1, 26, 移魂屋
01958230, 6.4, 41, 布勒东传
05378547, 7.9, 12, 云端的咖啡
01178423, 7.7, 12, 今日世界艺术
01187216, 6.5, 23, 惊恐
25797379, 5.1, 53, 最弱音，最弱音
02335004, 0.0, 10, 巴塞尔的钟声
04377304, 0.0, 10, The Red Necklace
03138725, 0.0, 11, 圣处女的情感
26815485, 0.0, 13, 窃狐
