2020-07-05 16:00:18

number of books, tag name
250, 辞典

ID, rating, votes, title
01028409, 9.4, 10265, 中国少年儿童百科全书（全四册）
01021990, 9.3, 4128, 唐诗鉴赏辞典
01010464, 9.0, 5544, 古汉语常用字字典
01132550, 9.4, 1919, 宋词鉴赏辞典
11528350, 8.8, 3857, 哈扎尔辞典（阳本）
01410157, 9.4, 1337, 现代汉语词典（第5版）
01420423, 9.4, 999, 古汉语常用字字典
02044592, 9.8, 494, 英汉大词典
01033327, 9.3, 696, 唐宋词鉴赏辞典
01234683, 9.6, 500, 日本语句型辞典
01028843, 9.7, 412, 王力古汉语字典
01132964, 9.6, 418, Merriam-Webster&#39;s Collegiate Dictionary
01050658, 9.2, 470, 宋诗鉴赏辞典
01515757, 8.0, 1613, 建筑语汇
01783098, 8.6, 731, 玫瑰之名
01735255, 8.8, 540, 西方文论关键词
01030882, 9.2, 328, 汉魏六朝诗鉴赏辞典
01048943, 9.3, 281, 古代汉语词典
06727796, 8.8, 436, 现代汉语词典（第6版）
01034375, 9.0, 343, 牛津初阶英汉双解词典
04178476, 9.2, 275, 中国神怪大辞典
03835355, 9.4, 229, 文学术语词典（中英对照）
01060470, 9.3, 241, 牛津高阶英汉双解词典
01062363, 9.1, 262, 元曲鉴赏辞典
01046813, 9.0, 249, 先秦诗鉴赏辞典
01054967, 8.6, 268, 剑桥艺术史(一)
01120991, 9.4, 140, 布莱克维尔政治学百科全书
07061949, 9.5, 121, 数学指南
25809010, 9.3, 125, 宋词鉴赏辞典（新一版）
26184697, 9.0, 132, 文学术语词典（第10版）
01148974, 8.3, 219, 关键概念
01116375, 9.5, 81, 现代语言学词典
01123947, 9.0, 113, 辞海
01321727, 9.1, 101, 西方艺术事典
05288461, 8.2, 199, 电影理论与批评辞典
05918043, 9.3, 83, 古代小品文鉴赏辞典
26655770, 7.6, 348, 各种“主义”
01702515, 9.4, 75, 牛津英语习语词典
01214873, 8.8, 112, 中国传统相声大全（全四册）
01098225, 9.3, 72, 葡汉词典
06774137, 7.8, 239, 哈利·波特百科全书
01235444, 9.7, 55, 牛津英语搭配词典
01444806, 9.5, 60, 英语常见问题解答大词典(增订版第四版)
26914542, 8.9, 88, 基督教神圣谱
19961270, 8.9, 87, 网络新新词典
25891015, 8.8, 91, 古代汉语词典
01017066, 9.8, 49, 绘画儿童动物辞典
01337401, 9.4, 61, 辞海(1989年缩印本)
01026646, 8.3, 131, 音乐圣经
02216661, 9.5, 54, 诗经三百篇鉴赏辞典
04199603, 9.1, 68, 红楼梦大辞典
04883141, 9.5, 51, 朗氏德汉双解大词典
03826348, 8.0, 148, OED的故事
03925869, 9.0, 68, 佛学基本知识
01964422, 9.4, 53, 英语搭配大辞典
26286399, 9.0, 67, 古代志怪小说鉴赏辞典
01088742, 9.4, 49, 新明解国语辞典
01502117, 9.3, 51, 日语接续词副词辞典
05440595, 9.2, 54, 中国古建筑名词图解辞典
02149292, 9.5, 45, 世界人名翻译大辞典（上下）
02227774, 9.2, 53, 神话辞典
01874069, 7.8, 150, 关键词200
01087121, 8.2, 104, 中外影视大辞典
01511615, 9.1, 55, 元明清词鉴赏辞典
02188276, 9.2, 51, Longman Dictionary of Contemporary English
01015950, 9.1, 50, 世界美术名作鉴赏辞典（精装彩图本）
01035401, 8.9, 54, 牛津中阶英汉双解词典
02158242, 9.6, 36, Oxford Advanced Learner&#39;s Dictionary (7th Edition)
01964199, 8.9, 52, 古文观止鉴赏辞典
01078986, 8.7, 59, 外国音乐辞典
01269651, 8.6, 63, 西方哲学英汉对照辞典
24384116, 9.6, 35, 新牛津英汉双解大词典(第2版)
06026255, 7.9, 98, 拉丁语汉语简明词典
03834536, 9.8, 29, Oxford Collocations Dictionary
01393379, 9.3, 37, 红楼梦鉴赏辞典
03076548, 9.7, 30, 中国古代官名辞典
10825368, 10.0, 26, 新格罗夫音乐与音乐家辞典（第2版）
01945847, 9.2, 38, 文艺鉴赏大成
03192748, 8.9, 45, 外国哲学大辞典
01322791, 9.8, 28, 牛津英国文学词典
01755602, 8.6, 53, 现代主义代表作100种提要 现代小说佳作99种提要
26412797, 9.4, 33, 世界文学史
01913281, 8.9, 43, 拉丁成语辞典
01022689, 9.3, 34, 朗文当代英语辞典
01321969, 9.3, 34, 明清传奇鉴赏辞典（上下）
01107599, 8.5, 54, 罗贝尔法汉词典
01116317, 9.7, 27, 辞源
01229642, 9.1, 36, 麦克米伦高阶美语词典
01126271, 7.9, 79, 世界电影鉴赏辞典
03223684, 8.0, 72, 文学描写辞典 小说部分 上
02214357, 8.6, 47, 上海话大词典
26317537, 9.3, 31, 中国历代官制大辞典
06001968, 8.1, 64, 叙述学词典
01236120, 8.8, 40, 英语姓名译名手册
01072902, 8.2, 58, 英语脏词禁忌语词典
01331557, 9.5, 27, 唐诗宋词鉴赏辞典
26413748, 7.3, 118, 福柯思想辞典
01110751, 10.0, 21, 印地语汉语大词典
02262999, 8.3, 51, 牛津英美文化词典
01937555, 8.7, 39, 拉丁语汉语词典
01235405, 8.3, 50, 美国英语口语辞典
01768751, 7.2, 121, 中国爱情潜规则
34839238, 8.5, 42, 手绘面包辞典
01494915, 9.3, 27, 唐宋词鉴赏词典
01006768, 8.8, 35, 写作借鉴辞典
01597196, 9.6, 23, 汉语大词典
03121935, 9.6, 23, 夏漢字典
25818480, 9.5, 24, 中国神话母题索引
01027863, 8.7, 36, 敦煌学大辞典
01062760, 7.8, 66, 魔鬼辞典
01658961, 8.9, 31, 三礼辞典
01715706, 8.6, 36, 宋词鉴赏辞典
01866134, 8.5, 38, 中国黑色幽默小说大观
01221562, 9.1, 27, 现代俄汉双解词典
02243572, 9.4, 23, 三国演义大辞典
01109884, 7.7, 64, 现代散文鉴赏辞典
25923596, 8.4, 39, 事物掌故丛谈
02401664, 9.7, 20, A Greek-English Lexicon
01143580, 8.1, 47, 闾巷话蔬食
01052718, 8.4, 38, 中国成语大辞典
01792472, 7.2, 96, 魔鬼辞典
03223685, 8.1, 46, 文学描写辞典 小说部分 下
10521374, 7.6, 65, 历史科学基本概念辞典
01314688, 8.3, 38, 历代艳歌（上下）
25727474, 7.2, 87, 100个改变电影的伟大观念
04582328, 7.6, 61, 艺术与艺术家词典
01521478, 8.3, 37, 中国服饰名物考
01757687, 8.1, 42, The Devil&#39;s Dictionary
02268091, 8.2, 39, 中国方术大辞典
25915724, 7.8, 50, 中国考古学大辞典
01034341, 9.3, 21, 牛津简明英语词典
01060158, 9.3, 21, 三国志辞典
01495864, 8.3, 35, 中国民间诸神（上下）
26319322, 8.9, 25, 中国古代服饰辞典
01194479, 8.6, 29, 香港粤语词典
01966431, 7.5, 60, 简明哲学辞典
01157391, 8.4, 32, 西方引语宝典
02064068, 8.7, 27, 现代汉语词典
02997034, 9.7, 17, 辞源
26600338, 8.4, 31, 元曲鉴赏辞典（新一版）
30245140, 8.6, 27, 世界名诗鉴赏大辞典
06390767, 8.2, 34, 世界宗教艺术图典
04605590, 9.1, 21, 新西汉词典
03797360, 9.2, 20, 新世纪日汉双解大辞典
01136018, 8.8, 24, 诸子百家名篇鉴赏辞典
01700174, 8.5, 28, 汉英文物考古词汇
02060754, 8.7, 25, Webster&#39;s New World Essential Vocabulary
25809412, 8.3, 30, 中国佛教文化简明辞典
02998912, 9.3, 18, 欧洲历史大辞典（全2册）
01269793, 8.9, 21, 宁波方言词典
03213848, 9.0, 20, 古文鉴赏大辞典
01116319, 8.7, 23, 泰汉词典
10877820, 9.1, 19, 罗贝尔法语大词典
20496044, 9.1, 19, 北京话词典
01135950, 8.2, 30, 迷你日语惯用句词典
01024748, 9.3, 17, 世界人名翻译大辞典
03043223, 9.3, 17, 汉语大词典
02974123, 8.1, 31, 民俗学手册
01702919, 9.6, 15, 汉字古今音表
01228874, 8.4, 26, 外国地名译名手册
01921390, 7.9, 35, 甲骨文小字典
25863831, 8.9, 20, 美学大辞典（修订版）
01540666, 8.7, 22, 中国茶叶大辞典
03213838, 8.5, 24, 中国戏曲曲艺词典
06067703, 9.7, 14, 唐诗鉴赏大辞典
03629644, 9.5, 15, 金融与投资辞典
02048979, 9.3, 16, 外国通俗名曲欣赏词典
04245330, 9.3, 16, 汉语成语源流大辞典
04705243, 9.3, 16, 中国古代名句辞典
01530527, 9.0, 18, MIT认知科学百科全书
24747740, 9.6, 14, 历史文书用语辞典（明、清、民国部分）
01968206, 9.4, 15, 新编佛教辞典
01072766, 8.0, 28, 新日汉辞典
02348294, 8.7, 19, 诗经楚辞鉴赏辞典
01052160, 8.1, 26, 世界电影全纪录（彩印典藏版）
03023653, 8.8, 18, 中外文学名著描写辞典
10785310, 8.8, 18, 广辞苑
01802143, 8.2, 24, 当代艺术家辞典
01597247, 8.1, 25, 中国秘密语大辞典
03015050, 8.5, 20, 辞海艺术分册
03290075, 8.3, 22, 古文辞通义
03476122, 8.3, 22, 新格罗夫爵士乐词典
04043969, 9.4, 13, 女真文辞典
03880710, 9.2, 14, 世界神话辞典
01031898, 8.5, 19, 精选德汉汉德词典
01454623, 9.6, 12, 牛津中阶英汉双解词典
01064382, 8.6, 18, 中华道教大辞典
26763551, 8.7, 17, 中国古代文化会要
01949728, 8.0, 23, 中国艺术象征词典
01171160, 9.0, 14, 牛津英语小词典
01144127, 8.8, 15, 牛津当代百科大辞典
01578695, 6.8, 52, 身边的植物
01461332, 8.6, 16, Black&#39;s Law Dictionary
10441976, 7.5, 29, 新闻传播学辞典
01016736, 8.4, 17, 中国成语大辞典(缩印本)
01252762, 8.5, 16, 人类思想的主要观点（上中下）
04027624, 8.4, 16, 外国小说鉴赏辞典1
03115657, 9.3, 11, 中国文物大辞典（上下）
01012097, 9.0, 12, 佛教大辞典
33369812, 9.0, 12, 中華オタク用語辞典
01139396, 8.6, 14, 史努比英汉辞典
01538945, 7.6, 23, 金庸武侠小说鉴赏宝典
01144502, 6.9, 36, 她世界-西方女性文学百部名著赏析
02015019, 9.0, 11, 中国古建筑装饰
01024486, 7.7, 20, 美国口语词典
03555363, 8.1, 16, 中国鬼文化大辞典
21325453, 8.2, 15, 貓語大辭典
05379033, 8.3, 14, 古人混号辞典
01177039, 8.1, 15, 朗文当代高级英语辞典
02020230, 8.1, 15, 古典神话人物词典（中文注释本）
06390848, 6.5, 44, 迷雾之国
05411312, 7.5, 19, 摄影视觉词典
25892543, 7.8, 16, 日本漫画大百科
01234377, 8.3, 12, 英汉美英报刊词典
06000754, 8.1, 13, 当代马克思辞典
25754772, 7.1, 22, 胡塞尔词典
26373668, 8.6, 10, 上海掌故大辞典
01119327, 7.8, 14, 实用日汉词典
01660544, 7.8, 14, 中国读书大辞典
04852274, 8.5, 10, 外国文学鉴赏辞典大系·外国戏剧鉴赏辞典⑵（近代卷）
03205664, 8.2, 11, 辞海 历史分册(中国现代史)
03915375, 8.0, 11, 牛津图画字典The Oxford Picture Dictionary
01068029, 7.5, 13, 20世纪思想家辞典
01805207, 5.8, 47, 小资辞典
02245936, 7.3, 14, 简明心理学辞典
01059567, 7.3, 13, 东方神话传说 第一卷
01802137, 7.3, 13, 西洋美术巨匠辞典
01502827, 7.7, 10, 中学英语考点难点辨析大全
03654166, 7.1, 12, 中国古代天文学词典
02161438, 7.0, 12, 中国伊斯兰百科全书
26269627, 5.8, 28, 中国式场面话大全
26318987, 6.6, 13, 五百种武侠小说博览
02329645, 6.2, 15, 简明希伯来语汉语汉语希伯来语词典
04072536, 6.3, 13, 哲学辞典
04606477, 0.0, 10, 外国小说鉴赏辞典.4
26890898, 0.0, 10, 现代经济学大典
01161453, 0.0, 11, 德语常用词汇精解
01454209, 0.0, 11, 词典编纂的艺术与技巧
01743199, 0.0, 11, 藏传佛教神明大全
03259311, 0.0, 11, The Dictionary of Art: 34 Volumes
03599560, 0.0, 11, 土耳其语汉语词典
25971008, 0.0, 11, 利氏汉法辞典
01069917, 0.0, 12, 上海掌故辞典
10533410, 0.0, 12, 西方歌剧辞典
02129142, 0.0, 13, 世界战争大全
03638487, 0.0, 13, 科林斯经济学辞典
01012277, 0.0, 14, 古代汉语虚词词典
01021870, 0.0, 14, 汉语方言大词典
01855382, 0.0, 14, FYI
01012231, 0.0, 15, 中国人名大辞典
