2020-07-05 16:00:19

number of books, tag name
516, 运营

ID, rating, votes, title
01786670, 8.9, 52346, 百年孤独
06798611, 8.7, 47506, 史蒂夫·乔布斯传
06709783, 9.0, 26433, 浪潮之巅
01012611, 8.2, 98211, 乌合之众
01786387, 8.6, 39609, 影响力
06021440, 8.7, 18587, 黑客与画家
05375620, 8.7, 15223, 失控
04230237, 9.1, 7876, 设计中的设计 | 全本
27608239, 8.4, 22261, 原则
03323633, 8.6, 11676, 写给大家看的设计书（第3版）
04010196, 8.1, 25031, 世界因你不同
03151575, 8.6, 10522, 激荡三十年
03223711, 8.1, 14880, 怪诞行为学
01031526, 8.3, 8040, 一个广告人的自白
26306686, 8.3, 7928, 创业维艰
01017180, 8.2, 8481, 定位
05320866, 8.3, 7136, 重来
03016590, 9.3, 1929, 大众传播理论
26838557, 8.4, 5998, 智能时代
26275861, 8.5, 5082, 沟通的艺术（插图修订第14版）
05394309, 8.4, 5786, 简约至上
26860776, 8.4, 5225, 鞋狗
26658379, 8.4, 5180, 必然
02309689, 8.0, 9359, 圈子圈套1
04312810, 8.6, 3786, 裸猿
01460340, 8.9, 2529, 人性的，太人性的
01472946, 8.4, 4875, 《华尔街日报》是如何讲故事的
06749832, 9.0, 2222, 复杂
26582822, 8.2, 6549, 重新定义公司
20507212, 8.0, 8158, 习惯的力量
01020644, 8.1, 6844, 金字塔原理
01457028, 8.9, 2257, 管理的实践
10945606, 8.3, 4996, 精益创业
05921213, 8.4, 4250, MBA教不了的创富课
04899351, 8.3, 4632, 一个广告人的自白
01919072, 7.7, 12064, 长尾理论
26270679, 8.1, 6093, 零售的哲学
20429677, 7.5, 16517, 大数据时代
02238320, 8.4, 3483, 版式设计原理
04882120, 8.1, 5218, 金字塔原理
02257609, 7.9, 6822, 圈子圈套3
02297549, 8.2, 4178, 用户体验的要素
02150432, 9.1, 1277, 韦伯作品集Ⅻ:新教伦理与资本主义精神
03025921, 7.7, 8383, 黑天鹅
01059769, 8.0, 4900, 从优秀到卓越
06523997, 8.3, 3127, 用户体验要素
30356081, 8.1, 4166, 奈飞文化手册
04326057, 8.8, 1616, Excel图表之道
01464593, 8.7, 1806, 目标
06718487, 8.4, 2515, 商业模式新生代
27593848, 8.3, 2838, 增长黑客
04723970, 7.6, 8339, 人人都是产品经理
04036180, 9.0, 1180, 营销管理
05313010, 7.9, 4875, Facebook效应
06391212, 8.8, 1449, 理解媒介
10828002, 7.9, 4849, 游戏改变世界
25942507, 7.5, 9419, 参与感
30186119, 8.9, 1254, 硅谷增长黑客实战笔记
26789567, 7.3, 11193, 如何有效阅读一本书
26873486, 7.9, 3966, 运营之光
02304817, 8.6, 1529, 资本论
06101583, 8.3, 2067, 传播学教程
04736118, 7.9, 3460, 结网
02230248, 8.6, 1350, 人月神话
30353486, 7.8, 3737, 认知天性
25779152, 8.2, 2005, 超级符号就是超级创意
03138847, 7.9, 3013, 思考的技术
26541801, 7.7, 3735, 增长黑客
06052860, 7.2, 8100, 海底捞你学不会
20505765, 8.8, 802, 精益创业实战
33396395, 8.3, 1407, 幕后产品
06404010, 7.8, 2573, 不懂项目管理，还敢拼职场
01473323, 7.8, 2436, 引爆点
26976593, 8.8, 705, 孵化皮克斯
26278639, 8.3, 1239, 精益数据分析
05376384, 8.1, 1585, 结网
26761859, 7.7, 2697, 精要主义
24714655, 8.2, 1329, 我看电商
02223180, 8.6, 804, The Copy Book 全球32位顶尖广告文案的写作之道
26948148, 7.0, 8654, 好好说话
30191451, 7.5, 3486, 流量池
01979199, 8.3, 1128, 批判性思维
03794450, 8.3, 1120, 细节营销
26791007, 9.2, 427, 游戏设计艺术（第2版）
27132072, 7.4, 3802, OKR工作法
27020287, 8.0, 1536, 运营之光 2.0
25975454, 7.8, 1980, 九败一胜
01108725, 8.2, 1144, 人件
05300079, 8.4, 900, 科学的广告+我的广告生涯
30147418, 8.5, 793, 经营者养成笔记
26698020, 8.3, 970, 认识商业（插图修订第10版）
25813579, 8.2, 1086, 让创意更有黏性
26738797, 7.7, 2100, 小说课（壹）
06938350, 8.3, 933, 销售就是要搞定人
06860890, 8.3, 912, 黑客
11589951, 8.0, 1314, 长尾理论
25876611, 7.4, 3145, 引爆点
20473872, 8.3, 892, 幻影公众
34907971, 7.8, 1674, 俞军产品方法论
27030507, 7.4, 3030, 上瘾
26682111, 7.4, 2986, 从零开始做运营
05348144, 8.3, 824, SEO实战密码
02157554, 8.0, 1176, 赢在用户
07056708, 8.5, 648, 深入浅出统计学
30405895, 9.3, 298, 掘金大数据
25909355, 8.4, 686, 数据化管理
04837333, 8.2, 853, 写给大家看的设计书
04076216, 8.0, 1044, 锦绣蓝图
03595095, 7.4, 2431, 统计数字会撒谎
26915104, 8.0, 948, 你凭什么做好互联网
26772677, 8.2, 741, 微服务设计
27029547, 8.0, 916, 人人都是产品经理2.0
03320425, 8.3, 639, 跨越鸿沟
05432449, 8.1, 735, 商战
27110421, 7.9, 925, 先发影响力
26877827, 7.8, 1046, 合适
26851515, 7.4, 1837, 细节
04246667, 7.7, 1166, 粘住
27129563, 8.3, 540, 用户思维+：好产品让用户为自己尖叫
01475469, 8.6, 388, 绝不是靠运气
26866762, 8.6, 384, 影响力（经典版）
26942707, 8.7, 344, 游戏化实战
27204181, 7.5, 1377, 赋能
01464588, 8.4, 454, 关键链
04246084, 8.7, 337, Delivering Happiness
02008542, 8.7, 332, 创意之道
25804890, 7.2, 2078, 疯传
03127834, 8.5, 397, 广告文案训练手册
10484712, 7.6, 1136, 驱动力
24862722, 8.2, 531, 链接
33378880, 8.4, 415, 学会提问（原书第11版）
34803015, 8.1, 561, 人生模式
22229485, 7.7, 908, 需求
04867187, 8.0, 624, 稻盛和夫自传
27108685, 8.4, 401, 用数据讲故事
26008422, 8.0, 618, How Google Works
04187421, 7.6, 1008, 给你一个亿
07007666, 7.0, 2516, 认知盈余
06414998, 8.5, 343, 精通Web Analytics 2.0
06999354, 7.9, 655, 玩法变了
27168595, 7.7, 824, 小群效应
27168701, 7.1, 1920, 爆款文案
27197250, 8.6, 299, 游戏运营：高手进阶之路
03793884, 7.6, 893, 轻公司
01156866, 7.9, 589, 系统思考
01070175, 8.5, 310, 市场营销
05325859, 7.3, 1268, 天下没有怀才不遇这回事
26981115, 7.8, 639, 让大象飞
27077379, 7.6, 776, 阿里铁军
02282191, 7.9, 523, 让创意更有黏性
02063723, 8.0, 466, 小丰现代汉语广告语法辞典
03723709, 7.9, 510, 报道伊斯兰
26437067, 7.6, 681, 文案训练手册
34870061, 7.7, 587, 超级转化率：如何让客户快速下单
24872278, 7.1, 1306, 信号与噪声
26584041, 7.7, 564, 长尾理论
26646553, 7.7, 558, 指数型组织
26885117, 7.3, 923, 在线
05914498, 7.4, 793, 文案发烧
26928395, 8.0, 380, 进化式运营：从互联网菜鸟到绝顶高手
04019512, 7.0, 1400, 正在爆发的互联网革命
26830108, 7.8, 436, 疯传：让你的产品、思想、行为像病毒一样入侵（全新修订版）
26936260, 6.7, 2050, 斜杠青年
04326598, 9.1, 127, Bakuman. 01
33407743, 7.9, 366, 增长五线：数字化时代的企业增长地图
02015536, 8.0, 324, 消费者行为学
20480678, 6.9, 1356, 逆转
26921845, 7.4, 641, 尖叫感
26927349, 7.2, 843, 从点子到产品
27027690, 7.0, 1106, 马云：未来已来
33410121, 7.2, 816, 超级符号原理
10484709, 8.0, 307, 让顾客自己来定价
25925083, 8.2, 247, 再看电商
34990216, 8.5, 182, 精益商业思维
05421991, 8.2, 237, 传播学引论
02381069, 7.5, 507, 第一团队
25712496, 8.1, 258, 数据化决策
20497858, 8.1, 252, 网站分析实战
27031544, 7.5, 478, 超级运营术
01454371, 8.5, 170, 广告创意完全手册
30347705, 8.0, 268, 阿里局
26273310, 7.7, 366, 颠覆式创新：移动互联网时代的生存法则
26740257, 7.7, 365, 内在革命：一本关于成长的书
26685458, 7.2, 660, 用户力
26983819, 7.2, 614, 痛点
30199061, 7.4, 470, 内容算法
26685018, 7.8, 295, 科技想要什么
06851648, 7.3, 525, 迷恋
01974883, 7.8, 289, 追求卓越
27032582, 7.3, 509, 文案圣经
34804492, 9.1, 93, 计算广告 第2版
26647363, 7.5, 391, 设计心理学4
34779940, 7.5, 385, 第二曲线创新
26658035, 7.9, 237, 会讲故事，让世界听你的
25862775, 6.9, 805, 游戏化思维
30355274, 7.2, 522, 好文案一句话就够了
04827960, 7.7, 280, 移动应用的设计与开发
26915654, 7.6, 312, 广告文案
25833225, 7.5, 349, 数据之美
03795574, 7.1, 579, 部落：一呼百应的力量
30245172, 9.3, 73, 商学
01481803, 8.0, 199, 广告文案写作
01289157, 7.9, 212, 至爱品牌
06892003, 7.8, 231, 打破界限
26972465, 7.0, 598, 全栈市场人
05290566, 7.5, 310, 筑巢引凤
04006768, 7.9, 202, 供应链管理
06851214, 7.2, 420, 社会化营销
27065620, 7.7, 233, 增长黑客实战
26386566, 7.1, 428, 一个人的电商
30316675, 8.0, 158, 电商数据分析与数据化运营
30124816, 7.5, 258, 社群营销实战手册
26932845, 6.9, 547, 名创优品没有秘密
25744409, 7.2, 363, 全球一流文案
03118374, 7.5, 251, 就这么简单
05355455, 7.5, 251, 新规则
10456111, 7.7, 202, 从零开始做AE
10433727, 8.1, 138, 产品研发管理
02124330, 7.9, 165, 公司进化论
26630833, 7.5, 244, 电商数据化运营
26704121, 8.3, 114, 科学的广告+我的广告生涯
28479607, 8.1, 135, 运营其实很简单：互联网运营进阶之道
24738300, 7.2, 342, 数据挖掘与数据化运营实战
26410894, 7.3, 300, 众创时代
03776720, 7.4, 265, 就这么做产品
02160238, 7.9, 157, 管理工作的本质
34974175, 8.2, 120, 人人都能做出爆款短视频
04791169, 7.3, 293, 湿营销
01176933, 8.1, 128, 探索需求
26355331, 7.0, 414, 产品型社群
26927531, 7.1, 339, 从互联到新工业革命
05999508, 7.6, 189, 丰田模式
26828718, 7.7, 164, 社群营销
26796535, 7.3, 247, 伏牛传
25908095, 7.0, 353, 社交红利（修订升级版）
26575141, 6.2, 1251, 场景革命
26794863, 7.3, 242, 如何打造超级IP
27036938, 7.4, 215, 文案创作完全手册
30370639, 8.3, 92, 运营之光：我的互联网运营方法论与自白2.0（珍藏版）
34870093, 7.7, 155, 用户增长方法论：找到产品长盛不衰的增长曲线
20381154, 7.5, 189, 深入浅出数据分析
26929898, 7.2, 263, 跟小贤学运营
26142616, 7.8, 139, 用户体验多面手
02189906, 7.7, 152, 创新者的思考
27197226, 6.7, 490, 首席增长官
26282839, 8.9, 57, 企业运营实战案例
27101826, 7.5, 176, 运营有道：重新定义互联网运营
27047550, 8.3, 85, 如何做好淘宝
26834007, 7.5, 169, 匹配度
26704160, 7.8, 124, 定位：争夺用户心智的战争（精装）
26775006, 9.3, 42, 转危为安
27193454, 7.1, 248, 引爆用户增长
27089029, 7.6, 144, 从零开始做餐饮
25854692, 8.1, 90, 商业地产运营管理
01283113, 7.4, 171, 整合营销传播
30275859, 7.0, 270, 我在阿里做运营
30168661, 7.2, 208, 数据驱动：从方法到实践
06048943, 8.6, 59, 市场营销学
04306582, 6.9, 282, 正在爆发的营销革命
30368123, 8.0, 90, 首席产品官1 从新手到行家
26649866, 7.0, 244, 从0开始做运营 入门篇
33056026, 7.9, 96, 大运营：房地产运营管理体系3.0
34860725, 7.3, 169, 增长思维
27034727, 7.9, 93, 数据化运营速成手册
26692408, 8.2, 73, 大道与匠心
27038399, 6.8, 292, 共鸣：内容运营方法论
35003590, 5.8, 1623, 一年顶十年
26348488, 6.6, 379, 引爆社群
30382579, 7.0, 220, 高阶运营
10469535, 8.3, 65, 无畏而赢
06558234, 7.7, 105, 创业者圣经
34762042, 7.8, 93, 产品逻辑之美：打造复杂的产品系统
26688084, 6.5, 394, 互联网运营之道
02151697, 8.1, 71, 运营管理
33417653, 6.8, 252, 我不是产品经理
10344930, 6.8, 249, 社交网站的数据挖掘与分析
26644961, 6.7, 276, 玻璃笼子
30368406, 7.9, 77, 首席产品官2 从白领到金领
26905266, 7.5, 107, 11.11如何卖到一个亿
06321565, 6.9, 198, 给你一个公司，你能赚钱吗
04255391, 6.3, 451, 微博力
30239806, 7.7, 87, 亚马逊跨境电商运营宝典
27060584, 8.0, 66, 电商有道运营有法
27044440, 7.4, 110, 淘宝天猫店是如何运营的
10427995, 7.4, 109, 种子
26779690, 8.5, 46, UNIQLO和ZARA的熱銷學
26888648, 8.4, 49, 培训机构业务全景图
02579849, 8.2, 53, Letting Go of the Words
26598926, 7.2, 123, 品牌是什么？——互联网时代品牌系统创新
26798585, 7.5, 92, 谁说菜鸟不会数据分析（入门篇）（纪念版）
26422298, 7.8, 71, 奇点系列
06003721, 8.0, 59, 宅着也能赚
26774968, 7.2, 117, 产品心经：产品经理应该知道的60件事（第2版）
01881888, 8.3, 47, 企业物流管理
27598467, 8.2, 50, 假如迪士尼运营医院
26596293, 7.6, 77, 小白学运营
26464679, 7.1, 122, 游戏数据分析的艺术
34878557, 7.4, 89, 流量是蓝海
27057672, 7.4, 88, 社群营销与运营/互联网+新媒体营销规划丛书
26879228, 7.7, 67, 运营制胜
34825674, 7.9, 57, 全能活动运营——从零开始搭建能力模型
27101605, 7.6, 72, 社群运营的艺术
33377403, 6.7, 174, 给产品经理讲技术
26812805, 6.4, 258, 新媒体营销圣经（全彩）
03908071, 5.4, 1721, 豆瓣，流行的秘密
26655503, 5.7, 854, 那些让文案绝望的文案
26935900, 7.1, 109, 微信营销与运营
26704157, 7.5, 72, 精益思想（白金版）
26985910, 7.3, 86, 自传播：为产品注入自发传播的基因
27604147, 7.2, 94, 运营攻略
25814975, 8.1, 44, 网站说服力——营销型网站策划
25790111, 6.9, 123, 海量运维、运营规划之道
30335327, 6.7, 154, 关键不是你现在有多棒，而是你想成为多棒的人
06394950, 7.5, 68, 运营管理
30271616, 6.5, 195, 刷屏
34820446, 7.9, 49, 种子用户方法论
30207723, 6.5, 187, 冷启动
26576507, 6.8, 128, 新媒体十讲
30245165, 7.3, 77, 淘宝运营速成指南——电商军规 81 讲
25957010, 6.2, 274, AKB48的格子裙经济学
26931324, 5.9, 445, 运营笔记
30280368, 6.9, 106, 自媒体之道
30168581, 8.1, 39, 运营实战手册
26394629, 7.8, 46, 开淘宝店，让数据告诉你怎么才赚钱
01112031, 8.5, 29, 金字塔思维
34455755, 6.5, 150, 私域流量
25861848, 8.0, 38, SSA：用户搜索心理与行为分析
35050626, 7.2, 67, 我在一线做用户增长
26665458, 7.1, 73, 别告诉我你懂PPT：全新升级版
01653780, 6.5, 138, 广告心理学
30241145, 6.4, 154, 新媒体运营
25811287, 7.3, 58, 《淘宝大数据》
26357116, 6.1, 222, 微信帝国
02216505, 8.1, 32, 运营管理
30366456, 8.0, 34, 房地产项目运营最佳实践（第二版）
26784477, 6.1, 215, 分享经济
30407108, 7.8, 38, 从零开始做播客：创造网红主播
27139139, 6.8, 84, 超预期
30406367, 7.5, 45, 产品经理全栈运营实战笔记
27172196, 7.6, 41, 瓦下听风
05908211, 7.3, 51, 新图表设计
01443439, 6.4, 123, 产品经理实战手册
30360697, 7.4, 46, 洞察力：让营销从此直指人心
34860229, 6.8, 76, 从零开始做运营2
01185175, 7.6, 38, SPSS统计分析方法及应用
26661710, 6.5, 100, 用户思维
26658658, 7.2, 50, 微信运营手册：入门版
04221583, 7.9, 30, 丰田人才精益模式
27131725, 6.7, 79, 超级用户
30299878, 7.7, 34, 如何成为一个运营大牛
26952164, 6.2, 142, 社群思维
27611225, 7.3, 45, 游戏数据分析实战
27103143, 7.0, 57, 运营的套路
26956638, 6.4, 103, 公众号思维
30426372, 6.3, 114, 获客
26596281, 7.1, 50, 深度解析淘宝运营
05919492, 6.7, 72, 销售一定要懂的心理学
27204591, 6.8, 64, 逆流而上
05372270, 7.0, 53, 网站性能监测与优化
26787096, 6.8, 63, 故事营销有多重要
02160893, 6.4, 96, QQ帮主马化腾
33436161, 6.3, 107, 拉新：快速实现用户增长
03879806, 7.0, 51, Landing Page优化权威指南
26864006, 6.4, 93, 执行：如何完成任务的学问
27128564, 6.7, 67, 引爆社群：移动互联网时代的新4C法则（第2版）
27093862, 7.9, 26, 价值竞争：以客户为中心的销售转型
01924585, 7.5, 33, 广告与整合营销传播原理
26184821, 7.3, 37, 测出转化率：营销优化的科学与艺术
30334029, 6.9, 51, 数据化运营
30396056, 6.0, 139, 公众号运营实战手册
30252870, 6.6, 66, 用户的本质
26796712, 5.2, 564, 社交的本质：扎克伯格的商业秘密
30173942, 6.4, 80, 社群运营五十讲
30382550, 7.6, 28, 硬核运营
26737700, 6.5, 70, 一页纸企划书
02189786, 8.1, 20, 极端制作
24858505, 7.1, 38, 易用为王
26612236, 6.3, 79, 自品牌
26825884, 5.6, 210, 很毒很毒的病毒营销
10432704, 6.5, 63, 数据化营销
30333917, 6.4, 70, 产品觉醒：产品经理的视角与方法论
26371405, 6.1, 96, 京东平台运营攻略（全彩）
06913357, 6.7, 49, 微博时代的实时营销与公关
27103974, 5.6, 194, 麦肯锡极简工作法
30310171, 6.6, 53, H5匠人手册
03043853, 7.0, 37, 终极问题
25769796, 8.0, 19, 胜于言传：Web内容创作与设计的艺术
25972635, 7.4, 27, 点击的奥秘：运用说服心理术提升在线影响力（全彩）
26647326, 7.2, 31, 疯评
01599029, 6.3, 69, 心理学概论
27608466, 7.1, 33, Python数据分析与数据化运营
27071897, 5.8, 129, 创业三板斧：重运营
30443408, 6.4, 61, 刷屏
30173889, 7.6, 23, 运营的秘密：解码大公司的运营方法论
26713258, 7.4, 25, 感染力——互联网+时代病毒营销策划的55个实操秘诀
27004664, 6.2, 69, 一个电商运营总监的自白
26896131, 6.5, 50, 《质与量的战争》全新修订第2版
26652279, 7.1, 30, 翻盘：互联网时代的垂直创业法则
26805296, 7.3, 26, Growth Hack 這樣做
25798792, 6.0, 81, 微信终极秘籍
10679364, 7.7, 19, 丰田模式（实践手册篇）
26303774, 7.1, 27, 消费者行为
27057668, 7.4, 22, 云管理2.0(精)
01793589, 6.6, 40, 整合营销沟通
25748470, 6.9, 31, 互联网产品之美
01104593, 7.3, 23, 网站项目管理
30359753, 5.6, 126, 深度粉销：高转化、高复购的用户运营黄金法则
02005523, 6.2, 56, 丰田传
34432100, 7.6, 18, 城市运营核心逻辑
34930397, 7.2, 23, 产品运营新物种
26429440, 6.5, 39, 人人都要懂的互联网思维
27069554, 6.2, 52, 微博营销与运营
27028208, 7.1, 24, 赢在运营
33464429, 8.5, 11, 重新定义公司
30181100, 7.3, 20, 变现：互联网时代的创富力
02363597, 6.7, 30, SAP基础教程
06886355, 6.6, 32, 网站分析基础教程
26865496, 6.3, 42, 大数据
26976995, 7.3, 19, 社区运营的艺术（第2版）
34836833, 6.4, 36, 品牌年轻化
05353160, 6.3, 39, 互联网运营智慧
26803308, 5.4, 113, 新内容创业：我这样打造爆款IP
03608181, 6.8, 24, 谋断互联网职业
35010027, 6.6, 28, 抖音运营攻略：账号管理+内容营销+模式变现
26434651, 5.7, 71, 软文营销从入门到精通
34854189, 7.3, 17, 感性商业
26918585, 7.1, 19, 开家赚钱的小咖啡店
30266125, 6.4, 31, 新媒体数据分析
26838082, 5.3, 115, 独角兽之路
27046746, 5.5, 83, 万达新媒体工作法
26838024, 6.5, 27, 淘宝、天猫电商运营百科全书
01707666, 7.8, 12, 电子媒介节目设计与运营
26616197, 7.8, 12, NO1法则
26881122, 5.7, 61, 增长黑客营销
30337749, 7.1, 17, 鹿人说
33407908, 8.0, 10, 谷歌分析宝典
30423977, 5.4, 78, 新引爆点
26925359, 5.1, 128, 谋局者
03119755, 6.9, 17, 运营中国
26472740, 6.6, 20, 跨境电商多平台运营
30344323, 6.6, 20, 品牌化思维
11614301, 6.1, 28, 电商运营
04018957, 6.5, 20, 活动创造价值
27081188, 5.7, 42, 架构解密：从分布式到微服务
34948585, 5.7, 42, 我在小米做爆品
30314674, 7.0, 14, 跨境电商：亚马逊运营实战宝典
01168467, 7.2, 12, 运营管理基础
25943457, 6.0, 28, 运营不累
01164834, 6.1, 25, 广告创意
26312796, 6.3, 21, 自媒体红利
26642394, 5.4, 52, 微信营销与运营：公众号、微商与自媒体实战揭秘
25834444, 5.9, 29, “马”道微信——全面拆解微信营销模式（双色）
06855453, 6.1, 24, 疯狂的站长
30397283, 6.5, 17, 社群思维
26282757, 5.8, 31, 微信朋友圈：这么玩才赚钱！
30492028, 6.2, 21, 互动
27069558, 5.5, 40, 新媒体运营实战技能
30364704, 6.9, 12, 区块链社区运营与生态建设
27057316, 5.6, 33, 从零开始学运营
02261454, 6.3, 17, 游戏运营与管理
26921070, 5.2, 53, 《微信营销方法1+2+3》
27094992, 6.8, 12, 粉丝运营(吸粉技巧+盈利模式+实战案例)
04838334, 4.2, 501, 疯狂的站长
26654715, 6.5, 14, 微信品牌营销
33460610, 5.9, 22, 从零开始做抖音
27170645, 7.0, 10, 内容电商运营系列——直击人心的图文内容打造与传播
03031377, 6.8, 11, 丰田管理方式
04937439, 6.2, 16, 线车宣言
30239788, 5.2, 44, 引爆微信群
26677547, 5.2, 42, 微信公众营销
33416321, 4.9, 60, 玩赚抖音短视频
34836152, 6.2, 14, 抖音营销系统
27019678, 6.1, 14, 微信公众号运营：数据精准营销+内容运营+商业变现
30721321, 6.1, 14, 全网整合营销：策划、推广、转化、二次成交的营销实战全案
26968757, 6.3, 12, 微信公众号运营：实战方法、案例与技巧
34915091, 4.7, 73, 私域流量池
27112375, 6.2, 11, 运营密探(罗辑思维运营全景大探秘)
27135877, 5.5, 18, 校园市场：布局未来消费群，决战年轻人市场
26978932, 4.6, 58, 玩转公众号：微信公众平台的商业运营之道
30786242, 5.5, 16, &#34;从零开始做新餐饮：爆品打造+用户体验+口碑运营+移动营销   世界中餐业联合会、美团外卖袋鼠学院联合出品&#34;
26308474, 4.5, 57, 深度微信:营销、运营、创业与微信电商
26840577, 5.4, 16, 脑洞大开的文案魔法学
27170640, 5.4, 15, 内容电商运营系列——爆款视频内容打造与传播
30192998, 5.2, 16, 用户运营实战宝典
33950140, 5.3, 14, 社交电商运营全攻略
34939429, 5.2, 14, 滑屏时代:新媒体运营精进手册
26852296, 4.5, 35, 自媒体终极秘诀
27122882, 4.1, 58, 新媒体写作平台策划与运营/互联网+新媒体营销规划丛书
27093795, 5.2, 11, 爆发式增长：互联网时代企业从优秀到伟大的必经之路
26661520, 4.6, 20, 就是喜欢美美的自己
28484062, 4.7, 16, 社群营销与运营实战手册：电商引流+用户运营+活动策划+内容运营+品牌塑造
10572266, 4.9, 10, 玩赚你的网站
27201486, 4.0, 39, 从零开始学微信公众号运营推广
30288359, 4.1, 21, 超级转化率
27104803, 4.4, 11, 美团点评平台酒店商家运营攻略
26997340, 3.1, 36, 新媒体运营从入门到精通
34923646, 0.0, 10, 竖屏
01892903, 0.0, 11, 运营管理
02983765, 0.0, 11, 媒体管理
03250612, 0.0, 11, The Business of Media
05922964, 0.0, 11, CEO的一天
06967534, 0.0, 11, 增加公司现金流的黄金法则
10473480, 0.0, 11, 互动营销案例100
26892210, 0.0, 12, 淘宝天猫店设计、装修与视觉营销从入门到精通
30376763, 0.0, 13, 互联网产品经理修炼手册
33409468, 0.0, 14, 亚马逊跨境电商运营实战
27074072, 0.0, 16, 引爆独角兽
25710821, 0.0, 19, 引爆关注
26808212, 0.0, 21, P2P网贷平台合规运营实操手册
34456955, 0.0, 21, 设计职场的三种打开方式--设计专家.设计管理.设计变现
26978120, 0.0, 25, 网红是怎样炼成的（案例版）
34880774, 0.0, 34, 抖音运营——从零到千万粉丝实战指南
30214867, 0.0, 38, 互联网大数据处理技术与应用
30425278, 0.0, 44, 小程序大时代
35010713, 0.0, 86, 爆款文案卖货指南
26691233, 0.0, 97, 王子清
