2020-07-05 16:00:19

number of books, tag name
279, 近代中国

ID, rating, votes, title
04913064, 9.4, 496909, 活着
01008145, 8.9, 372572, 围城
01254588, 9.0, 100391, 城南旧事
01043815, 8.4, 151839, 骆驼祥子
05337254, 9.1, 15639, 孽子
01675478, 9.1, 10700, 天朝的崩溃
01476213, 9.4, 6171, 中國近代史（上冊）
01859140, 8.9, 12203, 上学记
01752755, 8.6, 14329, 第九个寡妇
02376486, 8.9, 7268, 中国近代史
01060025, 8.8, 5888, 中国近代史
01000280, 8.5, 7247, 袁氏当国
04113090, 7.4, 38778, 我们台湾这些年
03662230, 8.5, 5332, 七十年代
01438602, 8.8, 3446, 白鹿原
05372471, 9.2, 1967, 党员、党权与党争
11629131, 9.2, 1842, 李鸿章传
02971668, 9.2, 1604, 平凡的世界（全本）
25750468, 8.7, 2815, 中国现代国家的起源
01374626, 8.9, 1866, 袁氏當國
01277267, 8.6, 2455, 国史新论
01491537, 8.9, 1666, 近代中国社会的新陈代谢
01924213, 8.3, 3564, 逝去的武林
01418648, 8.4, 2981, 胡适口述自传
01768332, 8.3, 3260, 喜福会
01270551, 9.0, 1204, 八十忆双亲 师友杂忆
01291355, 7.9, 4379, 非常道
02713409, 8.9, 1111, 国民党的“联共”与“反共”
03833031, 8.5, 1664, 边城
01450065, 8.4, 1867, 李宗仁回忆录（上下）
01400710, 8.3, 2098, 读史阅世六十年
04124970, 9.1, 773, 生死线
10825612, 8.6, 1197, 近代中国社会的新陈代谢
04001445, 8.9, 805, 梁启超家书
03432401, 7.9, 2622, 苦难辉煌
04248275, 8.6, 1043, 革命与反革命
01313443, 9.3, 502, 鲁迅精选集
01801407, 8.3, 1256, 苦命天子
01063540, 8.3, 1163, 中华帝国晚期的叛乱及其敌人
27667348, 9.0, 541, 思想是生活的一种方式
04242368, 8.6, 782, 茶馆
01077499, 8.6, 753, 重寻胡适历程
02128063, 8.3, 1012, 抗战时代生活史
01069301, 8.4, 814, 在中国发现历史
27662708, 9.6, 261, 沈从文的后半生（增订版）
01657483, 9.1, 394, 京华烟云
01937955, 8.6, 640, 胡适之先生晚年谈话录
01794125, 9.0, 415, 中国近代史大纲
25789370, 8.8, 498, 权势转移
01315921, 9.1, 371, 古史辨自序
03117248, 8.4, 709, 中国近代思想史论
01447912, 8.9, 409, 五四运动
01334117, 9.4, 263, 關山奪路
01808679, 8.6, 533, 再造文明的尝试
01364096, 8.4, 658, 巷說百物語
02082163, 8.2, 798, 开卷有疑
04102053, 8.1, 804, 解放战争（下）（1948.10-1950.5）
06827961, 8.7, 378, 1911
06081357, 8.6, 398, 1901
30466454, 8.5, 438, 乱世靡音
02153605, 7.5, 1434, 民国那些人
27007349, 8.7, 347, 朝话
01060905, 8.6, 378, 剑桥中华人民共和国史(1966-1982)
01278703, 8.5, 413, 中华帝国晚期的城市
02065347, 8.3, 474, 走出中世纪
02056197, 7.9, 713, 陈旧人物
03543610, 8.6, 327, 往事不寂寞
01772103, 8.2, 481, 再造“病人”
01937123, 8.6, 313, 西安事变新探
01214130, 8.4, 358, 巴金选集
02122399, 7.8, 653, 叶隐闻书
01608302, 8.3, 369, 西潮·新潮
01215547, 7.9, 524, 中国知识分子十论
01228042, 8.5, 261, 革命与历史
02976504, 7.5, 791, 李鸿章与晚清四十年
03444514, 9.0, 169, 鲁迅杂文选
05288681, 8.6, 235, 被“废除不平等条约”遮蔽的北洋修约史（1912-1928）
01431966, 7.3, 996, 历史的坏脾气
27097499, 9.3, 129, 村庄
01315654, 8.8, 183, 中国近代思想与学术的系谱
30309815, 9.1, 143, 从舞台边缘走向中央
03410832, 8.0, 385, 百年衣裳
02249257, 8.0, 372, 访问历史
01082191, 8.2, 297, 林语堂经典作品选
03195125, 8.5, 220, 血色黄昏
02297154, 8.4, 237, 卫生的现代性
10515051, 9.2, 123, 中国近代外交的形成
03017954, 8.4, 235, 晚清的士人与世相
03403706, 9.2, 111, 春月
01256469, 8.0, 298, 从民族国家拯救历史
01081828, 8.7, 150, 权势转移
01160760, 8.1, 253, 庚子勤王与晚清政局
01774882, 7.3, 617, 历史的底稿
02334302, 9.2, 93, Hygienic Modernity
01420120, 8.0, 248, 流产的革命
01454770, 8.7, 133, 莫理循眼里的近代中国（全三册）
27144126, 7.8, 300, 重塑中华
03077497, 8.2, 201, 走出中世纪二集
01968349, 8.7, 129, 中国现代化史
05415463, 8.0, 232, 满与汉
01119623, 8.7, 125, 二心集
03289279, 8.0, 231, 中国近百年史话
01774848, 8.0, 209, 重建中国
02350610, 8.9, 98, 鲁迅小说诗歌散文选
01871294, 7.7, 280, 历史、身体、国家
03610433, 8.1, 184, 民國乃敵國也
01660719, 7.9, 218, 走向世界的挫折
01453155, 8.7, 108, 维新旧梦录
11538354, 9.2, 76, 多變的孫科
03321567, 7.8, 227, 百年五牛图
01908337, 7.9, 205, 激变时代的文化与政治
03911960, 8.3, 142, 二十世纪初中国政治改革风潮
03245164, 7.2, 452, 盗墓
01060306, 8.5, 117, 准风月谈
25751583, 8.2, 150, 清代江南的瘟疫与社会
02373257, 7.9, 193, 英国的课业
03431057, 9.4, 61, 剑桥中华人民共和国史（1949-1965年）
01322282, 8.3, 126, 20世纪中国知识分子史论
26933880, 8.8, 85, 春醪集 泪与笑
03160177, 8.6, 96, 老北京皇家建筑典藏（中英对照版）
06831289, 8.1, 142, 儒家与启蒙
01440435, 7.4, 284, 母亲杨沫
25905691, 8.2, 128, 道出于二
02150077, 8.5, 100, 不朽的光荣－第二次中日战争史
03240427, 7.4, 281, 交锋三十年
27602639, 8.5, 99, 中国的一日
04196785, 8.9, 72, 中国晚明与欧洲文学
03134120, 8.4, 103, 拍案惊奇
24752729, 9.5, 49, 野草
01442139, 8.8, 75, 饿乡纪程 赤都心史 乱弹 多余的话
26126589, 8.4, 98, 昂贵的和平
01449914, 8.3, 106, 晚清民国的国学研究
01393905, 7.8, 160, 大汗之國：西方眼中的中國
01433856, 7.9, 144, 清末的下层社会启蒙运动:1901-1911
01888014, 8.2, 108, 中国的思维世界
20458096, 8.7, 74, 西潮
01898523, 7.0, 360, 历史深处的误会
03156693, 7.8, 148, 共产主义下的广州
01979261, 8.4, 86, 内战与危机
02357727, 7.8, 142, 梁启超与清季革命
01790996, 7.9, 123, 一个被放弃的选择
03273568, 8.3, 87, 抗战中国国际通讯照片
01893987, 7.5, 177, 孙中山
26877378, 8.0, 109, 大留学潮
03116973, 8.7, 64, 中国近百年政治史
04007782, 8.2, 91, 金启孮谈北京的满族
03239626, 8.1, 98, 中国与达尔文
22231998, 7.9, 115, 从“绝望”开始
02146204, 8.3, 79, 中日战争时期的通敌内幕
03194800, 8.1, 92, 华北村治
04162636, 8.0, 96, 中国近现代史
01423599, 7.8, 110, 腹地的构建
21332554, 8.4, 66, 礼教与法律
03081715, 8.3, 69, 中国新文化运动概观
01201759, 8.9, 46, 中国现代史地图集
03258994, 8.3, 68, 1898年中国故事
04144004, 8.2, 72, 故梦（上）
01968849, 7.5, 124, 鲁迅与周作人
03059836, 7.9, 86, 九个世纪的悲歌
27102964, 8.2, 68, 无从毕业的学校
02177253, 7.5, 122, 晚清史事
01224046, 9.3, 34, 高高的河堤
03267932, 7.8, 92, 世界大舞台
01958292, 7.2, 157, 非常道Ⅱ
01957586, 7.8, 87, 口述历史下的老舍之死
03052678, 8.1, 67, 弱国的外交
30156806, 8.4, 54, 中国进入国际大家庭
03076056, 8.7, 44, 从“西化”到现代化
03127909, 7.8, 83, 真假共和(上)
04744702, 8.7, 43, 我的曾祖左宗棠
34460923, 8.4, 52, 中国与世界社会
03118726, 8.2, 59, 近代中国学术思想
03441918, 9.5, 27, The Whisperers
10876723, 8.9, 35, 马可波罗行纪
02276940, 7.9, 65, 在华五十年
03134987, 7.9, 64, 全球化为什么可行
02127717, 7.6, 73, 近代思潮与人物
34428636, 8.3, 43, 5—14世纪中国雕塑
03527235, 7.6, 71, 中山陵
03822529, 8.6, 35, Thought Reform and the Psychology of Totalism
01016689, 7.9, 55, 蠹鱼篇
02197581, 8.0, 51, 一个澳大利亚人在中国
01315072, 7.8, 58, 梦迴沪江
02077437, 8.6, 34, 基督教与近代中国社会
03007446, 7.5, 73, 扬子江上的美国人
26997122, 7.9, 53, 新政、立宪与革命
02078973, 8.5, 35, Empire at the Margins
05381513, 8.0, 48, 中国报人
26355351, 8.9, 27, 饮冰室合集
02011772, 7.7, 56, 栈云峡雨日记-苇杭游记
01443222, 7.9, 48, 中国共产党的七十年
25843500, 7.5, 65, 国旗·国歌·国庆
26298598, 7.2, 83, 人参帝国
25870670, 8.6, 30, 黄埔传奇
01275925, 8.2, 38, 香港商战风云录(上中下)
02154603, 8.6, 29, 宪政文化与近代中国
01661695, 9.0, 23, 远东国际关系史
02240536, 8.0, 40, 学术与制度
01075432, 5.7, 527, 中国近代史
05503020, 8.5, 28, How China Became Capitalist
03238318, 7.1, 76, 近代中国城市与大众文化
03493857, 7.1, 76, 中国觉醒
01078454, 7.9, 40, 海外上海学
03090883, 7.8, 41, 近代中国的知识分子与文明
01282781, 7.7, 44, 解析中国
01839996, 8.6, 25, 近代中国史事日志
03135505, 7.8, 40, 清人日记研究
04821772, 7.2, 64, 1900年中国尴尬
04606533, 7.3, 58, 美术的故事-从晚清到今天
26108608, 8.8, 22, 蕭紅書簡
01032066, 7.8, 38, 曾国藩评传
30305993, 7.1, 64, 生活的逻辑
03025685, 8.6, 23, 国商
03374059, 9.1, 18, 图说北京近代建筑史
02312711, 7.9, 33, 中国近代社会思潮
01033564, 7.5, 43, 1949年以前的大公报
24283831, 8.0, 30, 近代变局中的历史人物
23860624, 8.1, 28, 黄万里的长河孤旅
03993328, 7.4, 45, 1949大撤退
05379029, 7.9, 31, 惟適之安
22885422, 8.0, 28, 把世界带进中国
02359542, 8.5, 21, 北伐前后的商民运动
02428744, 8.1, 26, 历史拐点处的记忆
03000288, 7.1, 52, 近代中国的犯罪、惩罚与监狱
01495160, 8.9, 17, 学堂乐歌考源
23778167, 8.1, 25, 亚洲概念史研究
03575919, 8.5, 20, 中国法律的传统与近代转型
01507412, 6.4, 99, 近代中国之种族观念
26678028, 6.4, 95, 走进共和
06984678, 8.9, 16, Chinese Propaganda Posters
01935445, 8.2, 22, 大地三部曲
01079907, 8.0, 24, 寻求意义
01840892, 6.5, 72, 赛金花本事
04844595, 7.1, 41, 往日琐事
02160778, 8.3, 19, 东游纪程 日知堂笔记
01879091, 7.8, 25, 中国近三百年学术史
01734322, 8.4, 18, 中国总论（上下）
03905082, 8.1, 20, 变动时代的乡绅
05269170, 7.4, 30, 破译老照片密码
26289086, 9.4, 11, 光与盐（第二卷）
02129165, 6.7, 51, 自由主义与近代中国
03440324, 9.0, 12, 韩素音自传-吾宅双门
01106323, 8.4, 15, 过去
01067507, 8.9, 12, 可爱的中国
06012784, 6.3, 65, 中国近代史十五讲
30293934, 8.7, 12, 名著阅读课程化丛书 红星照耀中国  八年级上
01008114, 8.0, 16, 现代世界中的中国
01555930, 8.0, 16, 校邠庐抗议
02060068, 8.1, 15, 中國撼動世界
01271591, 8.2, 14, 莫理循与清末民初的中国
01057406, 7.9, 16, 你没见过的历史照片（下）
34683200, 9.0, 10, 伦理与秩序
03823187, 7.2, 24, 上海游民改造研究
04708591, 6.8, 32, 延河边的文人们
01689311, 8.1, 14, 无悔的岁月
02261494, 8.0, 14, 广东人在上海
03993567, 7.2, 21, 中国摄影史1840-1937
30228942, 7.3, 19, 翁同龢人际交往与晚清政局
01186461, 6.3, 41, 少年飘泊者
01839079, 8.0, 13, 近代中国
10441678, 8.0, 13, 中国近代留洋法学博士考
01663375, 7.3, 18, 近代中国宪政历程
03397146, 7.5, 16, 晚清上海片影
06166946, 7.9, 13, 近代中国民主观念之生成与流变
25997048, 6.8, 23, 蒋介石的日常生活
01968273, 7.4, 15, 张静江张石铭家族
01493086, 7.3, 15, 中国 我的姐妹
01028174, 7.9, 11, 你没见过的历史照片（中）
10825916, 7.6, 12, 影像中的“文革”農村
26311319, 8.0, 10, 近代中国的知识生产与文化政治
03312869, 6.6, 20, 老城厢
26831795, 7.4, 11, 病夫、黃禍與睡獅
03156290, 6.3, 22, 晚清大变局中督抚的历史角色
03567708, 6.7, 16, 上海犹太人社会生活史
05993263, 6.7, 16, 儒学与近代中国
01430585, 6.5, 15, 尘封的老照片
01582893, 6.6, 12, 汪精卫生平
01284578, 6.2, 13, 孔氏家族全传(上下)
04136837, 0.0, 11, History of Photography in China 1842-1860
