2020-07-05 16:00:19

number of books, tag name
245, 通俗历史

ID, rating, votes, title
25985021, 9.1, 131621, 人类简史
01041482, 8.9, 143763, 万历十五年
03674537, 9.1, 87813, 明朝那些事儿（1-9）
07163250, 9.2, 21830, 明朝那些事儿
03626924, 8.9, 30843, 明朝那些事儿（柒）
01922216, 9.2, 13065, 全球通史(上)
01083762, 8.7, 20487, 人类的群星闪耀时
05366248, 8.2, 44292, 你一定爱读的极简欧洲史
03079029, 8.7, 12315, 大秦帝国
01015699, 8.2, 25004, 中国大历史
03522694, 8.6, 4871, 史上第一混乱·第一季神仙预备役
01161852, 8.1, 9923, 天意
10472702, 8.2, 7327, 重说中国近代史
05423803, 8.2, 7263, 剑桥倚天屠龙史
01829836, 7.7, 15125, 品三国（上）
27003014, 7.5, 19505, 半小时漫画中国史（修订版）
01463256, 8.3, 4673, 大明王朝的七张面孔
02042907, 7.8, 10016, 品三国（下）
05922204, 8.3, 4412, 曾国藩的正面与侧面
03228779, 8.7, 2281, 出埃及记
03901238, 7.5, 14247, 历史是个什么玩意儿1
26743265, 8.8, 1928, 枪炮、病菌与钢铁
20389202, 7.7, 7631, 唐朝穿越指南
03794633, 9.0, 1091, 明朝那些事兒 柒
30206117, 7.4, 8894, 半小时漫画中国史2
30232294, 7.5, 6585, 半小时漫画中国史3
33408126, 9.2, 704, 征服与革命中的阿拉伯人
04894982, 7.8, 3318, 历史是个什么玩意儿4
03373947, 8.3, 1646, 先秦诸子百家争鸣
04173725, 7.4, 6208, 历史是个什么玩意儿2
04822144, 7.6, 3975, 历史是个什么玩意儿3
24863358, 8.0, 1993, 易中天中华史：奠基者
03833335, 7.8, 2603, 两宋风云
01801407, 8.3, 1256, 苦命天子
26042406, 7.9, 2000, 易中天中华史：三国纪
01485297, 7.6, 3032, 易中天品读汉代风云人物
01061843, 8.5, 898, 胡雪岩（全三册）
01861909, 8.2, 1279, 项羽与刘邦
34833419, 7.7, 2411, 半小时漫画中国史4
02058145, 8.0, 1571, 王立群读《史记》之汉武帝
03253983, 8.1, 1367, 原来这才是春秋 第一部:《称霸》
24522663, 7.5, 3160, 易中天中华史：祖先
26612973, 7.9, 1701, 易中天中华史:隋唐定局
25751114, 7.8, 1898, 易中天中华史：从春秋到战国
05299274, 7.5, 2857, 前朝梦忆
24522666, 7.5, 2788, 易中天中华史：国家
01058245, 7.7, 2016, 帝国政界往事
05393687, 8.3, 902, 秦謎
04934407, 8.9, 451, 江湖丛谈
06781486, 8.0, 1207, 趣味生活简史
25903866, 7.7, 1791, 唐朝定居指南
10772737, 7.6, 1993, 这个历史挺靠谱1
26704698, 8.4, 694, 易中天品三国
26290480, 8.5, 619, 历史深处的民国 贰 共和
27141314, 8.8, 435, 明朝那些事儿 第1部朱元璋从和尚到皇帝（增补版）
02157003, 7.3, 2777, 她们谋生亦谋爱
25867690, 7.7, 1464, 易中天中华史：秦并天下
01792133, 8.3, 678, 孟子他说1
10557530, 7.9, 1047, 流血的仕途（上）
26357810, 7.6, 1506, 易中天中华史:南朝，北朝
24859453, 7.4, 1957, 这个历史挺靠谱
03410752, 8.2, 581, 宽容
10561237, 7.9, 816, 流血的仕途（下）
03071235, 7.1, 2422, 如果这是宋史
10791843, 7.7, 903, 这个历史挺靠谱3
06894467, 7.2, 1797, 血腥的盛唐
06265770, 7.5, 1110, 谋杀的魅影
04259606, 8.3, 416, 说春秋之四天下大乱
01538524, 8.6, 303, 上下五千年
26617662, 8.3, 407, 历史深处的民国 叁 重生
04138066, 7.8, 703, 老师的谎言
26694140, 7.6, 909, 晚清最后十八年
26756377, 7.2, 1557, 易中天中华史：女皇武则天
01464897, 8.1, 477, 明朝的皇帝
34437434, 7.3, 1278, 古代人的日常生活
03891656, 7.5, 828, 如果这是宋史3·仁宗盛世卷上
10560813, 7.6, 724, 触电的帝国
04882095, 7.0, 1737, 史上最强日本史
10557529, 7.4, 943, 许倬云说历史：大国霸业的兴废
30203534, 7.4, 909, 易中天中华史：铁血蒙元
01808605, 7.8, 542, 帝王之死
01434247, 7.3, 945, 帝国政界往事：大明王朝纪事
23858312, 8.1, 350, 断头王后
10757884, 7.8, 460, 其实我们一直活在春秋战国
10786646, 7.2, 992, 这个历史挺靠谱2
01432903, 7.1, 1136, 华丽血时代
02270995, 7.5, 646, 悠悠南北朝
01870360, 7.3, 838, 明亡清兴六十年（上）
25881835, 8.1, 315, 抗日战争的细节2
04864244, 7.5, 558, 如果这是宋史5 王安石变法卷
01221016, 8.6, 176, 骇版战国
30399727, 9.0, 122, 秦汉历史的教训
02359388, 8.0, 292, 皇后之死
10876113, 7.3, 657, 血腥的盛唐2
05372481, 7.3, 600, 史上最强日本史2
30364327, 7.2, 675, 大唐兴亡三百年
06784101, 8.0, 261, 十个人的德意志
10605395, 8.3, 195, 三国史话
05245528, 7.4, 454, 日本明治维新：幕末血风
11524098, 7.2, 588, 血腥的盛唐3
01981045, 7.3, 496, 明亡清兴六十年（下）
20373321, 7.3, 489, 血腥的盛唐 5
06052462, 7.4, 426, 如果这是宋史6 后改革时代卷
10454469, 7.7, 296, 伟大的逃亡
02678184, 7.4, 383, 帝国政界往事
06984554, 7.4, 364, 如果这是宋史7
02217972, 8.1, 174, 1912-1928-文武北洋-(增订版)
05312672, 7.7, 258, 日本明治维新：维新之岚
20440842, 7.2, 465, 血腥的盛唐6
03321567, 7.8, 227, 百年五牛图
10581487, 7.6, 258, 凯撒们的星空下
05993322, 7.3, 350, 她的故事
02568552, 7.3, 349, 帝国政界往事
25855959, 7.8, 194, 战争从未如此热血1
30346981, 8.5, 101, 南朝大争霸5:萧梁落幕
30237525, 8.4, 109, 南朝大争霸3
21707342, 7.0, 455, 血腥的盛唐7
05990474, 7.1, 349, 萌·日本史
02274670, 7.5, 217, 谁杀死了秦帝国
01081835, 7.2, 294, 中国历史十五讲
03299981, 7.1, 320, 华丽血时代
25859678, 7.3, 249, 大宋帝国三百年1
25796007, 6.7, 506, 帝王师：刘伯温
03107436, 7.0, 330, 五代十国风云录
10876114, 7.8, 136, 其实我们一直活在春秋战国2
30333761, 7.2, 238, 人类群星闪耀时
06999540, 7.3, 210, 如果这是宋史.1，大宋开国卷
03273321, 8.0, 106, 亚财政
01775694, 7.4, 187, 从历史看组织
30707300, 8.4, 77, 东晋十六国风云（套装共2册）
26426977, 7.2, 229, 天命不足畏
34672131, 7.7, 133, 大西洋的故事
04836242, 7.2, 217, 贪玩的人类
05402946, 6.9, 297, 传奇王阳明
21329635, 7.6, 134, 西晋原来不风流
25712737, 6.7, 371, 唐朝诡事录
25856582, 8.0, 86, 大唐英雄传
25666026, 7.6, 116, 我的河山：会战
06968244, 8.2, 69, 西晋风云（上卷）
30237535, 7.8, 93, 南朝大争霸4
04251516, 8.1, 70, 日落九世纪
20258646, 7.7, 95, 其实我们一直活在春秋战国3
03043786, 6.0, 777, 推背图中的历史
25709394, 7.8, 77, 我的河山：幕后
26944510, 7.0, 165, 寡人很孤独—资治通鉴里的权力游戏②（秦纪）
26416746, 8.6, 43, 战国风云三十年
01223833, 7.5, 96, 廉耻观的历史
25836221, 7.4, 103, 庸人治国
03196271, 7.6, 84, 私人生活史V
06428321, 7.5, 91, 逐鹿天下
07060417, 7.3, 107, 如果这是宋史.6，后改革时代卷
07060416, 7.3, 97, 如果这是宋史.5，王安石变法卷
07060414, 7.4, 87, 如果这是宋史.4，仁宗盛世卷.下
01958981, 8.4, 40, 白日薄西山：大汉帝国的衰亡
01490617, 7.9, 56, 天下衙门
27141021, 7.3, 92, 诺曼人简史
26893286, 7.6, 70, 夏商周原来是这样
25709395, 7.3, 91, 我的河山：人物
06999551, 7.1, 109, 如果这是宋史3
01834853, 6.5, 213, 历史上的多尔衮
01009669, 7.3, 86, 文化人的经济生活
06999554, 7.0, 114, 如果这是宋史2
25773308, 7.7, 59, 其实我们一直活在春秋战国6
34826141, 7.6, 63, 拜占庭一千年
01151317, 8.0, 46, 科举史话
30177179, 9.0, 25, 赛雷三分钟漫画中国史3
03199319, 6.7, 145, 中国皇后传
01224884, 6.1, 332, 一口气读完二战史
01051662, 8.4, 33, 少年版《资治通鉴》
03114355, 7.6, 57, 私人生活史4
06905406, 8.0, 42, 吴姐姐讲历史故事（第3册）
06905408, 8.0, 42, 吴姐姐讲历史故事（第2册）
02159327, 7.2, 75, 罗马公司
25837941, 7.0, 89, 唐朝诡事录2
30163470, 6.8, 103, 爱情这东西
01492241, 6.7, 113, 恶魔事典
30345149, 8.5, 27, 皇权共天下
26883681, 6.2, 209, 至简中国史
03734703, 6.8, 99, 織田信長
05405619, 8.0, 36, 三国原来是这样
05398539, 6.9, 86, 民国原来是这样
01507432, 8.1, 33, 五代史演义
20273229, 8.1, 33, 晚清原来是这样
06959984, 8.3, 29, 吴姐姐讲历史故事（第4册）
26274414, 6.6, 117, 老梁论成败
03771190, 6.2, 180, 晋朝那些事儿
26426646, 6.3, 157, 宋朝原来是这样
01013473, 8.5, 24, 月沉西子湖-大宋帝国的衰亡
06905404, 8.4, 25, 吴姐姐讲历史故事（第6册）
26743025, 8.1, 27, 霸王的春秋：问鼎中原楚庄王
24325698, 8.2, 23, 话说西方
26743043, 8.2, 23, 霸王的春秋：破局入杀越勾践
01536935, 7.6, 33, 青铜时代的恐龙战争
03354856, 7.4, 37, 千古一相王安石
01809055, 7.1, 46, 北宋帝国危机生存
26743049, 8.1, 23, 霸王的春秋：横空出世吴阖闾
01636659, 7.4, 34, 两汉人物
06905405, 7.5, 31, 吴姐姐讲历史故事（第5册）
06905417, 8.2, 20, 吴姐姐讲历史故事（第7册）
27005095, 7.5, 29, 南朝大争霸
03181866, 6.8, 46, 闲看历史淡操心
06861177, 6.0, 106, 你早该这么读日本
01169032, 7.8, 21, 古来冤案知多少
26682339, 7.0, 34, 弹秦
27057058, 7.4, 25, 最风流：生活在魏晋南北朝
06905414, 8.6, 13, 吴姐姐讲历史故事（第10册）
10482848, 7.4, 24, 南北朝原来是这样
19935536, 6.8, 36, 看得见的中国服装史
27594069, 6.7, 39, 滴血的大朝代
05504220, 7.8, 18, 西汉原来是这样
03165344, 7.2, 26, 庸才当道
01488662, 7.0, 30, 天下战国人物正解
06905416, 7.8, 17, 吴姐姐讲历史故事（第8册）
05349008, 7.9, 16, 唐原来是这样
26296146, 6.9, 30, 百家争鸣：春秋战国擂台赛
01488661, 6.7, 33, 博弈春秋人物正解
06905415, 7.9, 15, 吴姐姐讲历史故事-第9册
01510339, 6.7, 32, 外蒙古独立内幕
10771016, 7.1, 23, 沉默的智谋
06822964, 7.8, 15, 办公室里读历史2
01837155, 6.9, 26, 大时代的英雄与美人
27015810, 5.7, 75, 不忍细看的五代十国史
03115975, 6.9, 23, 大清孤儿
06905413, 8.2, 11, 吴姐姐讲历史故事（第11册）
02127163, 6.3, 35, 趣读史记
04827597, 6.3, 35, 历史中的心理学
01957980, 5.1, 179, 罗马与长安
06436007, 7.1, 18, 偷窥历史学家的书桌（世界卷）
24700460, 7.1, 18, 春秋原来是这样
02262914, 6.3, 33, 隐士大风流
06905412, 8.2, 10, 吴姐姐讲历史故事（第13册）
25794689, 7.0, 15, 最艺术，最民国
25838006, 6.5, 21, 一千年前的中国
06828173, 6.7, 18, 唐朝激蕩的盛世之1
24855096, 7.0, 13, 新史记
26352169, 5.6, 39, 清朝原来是这样
26296181, 7.0, 12, 儒家天下：通经致用的年代
03802468, 6.5, 13, 铿锵大唐
03208793, 6.0, 16, 最伟大的精神
24533301, 6.4, 10, 东汉原来是这样
04584931, 6.2, 11, 中外历史上的传说与谎言
03766478, 0.0, 10, 一个古代公务员的沉思录
06905410, 0.0, 10, 吴姐姐讲历史故事（第14册）
20255008, 0.0, 10, 我的丈夫溥仪
27004306, 0.0, 12, 古代落榜青年的奋斗
