2020-07-05 16:00:19

number of books, tag name
528, 通俗

ID, rating, votes, title
03259440, 9.1, 460321, 白夜行
01770782, 8.9, 647967, 追风筝的人
03066477, 9.3, 222585, 三体Ⅱ
05363767, 9.2, 215001, 三体Ⅲ
01068920, 9.3, 158319, 飘
02567698, 8.8, 375327, 三体
01200840, 9.0, 251407, 平凡的世界（全三部）
25985021, 9.1, 131621, 人类简史
01023045, 8.7, 239562, 我们仨
01255625, 9.1, 102640, 天龙八部
03674537, 9.1, 87813, 明朝那些事儿（1-9）
01089243, 8.9, 124076, 黄金时代
01061118, 9.1, 86506, 活着
01829226, 9.1, 85336, 肖申克的救赎
01085860, 9.0, 100581, 基督山伯爵
06518605, 9.4, 49476, 三体全集
01007914, 8.7, 158695, 窗边的小豆豆
01002299, 9.0, 88430, 笑傲江湖（全四册）
01255624, 8.9, 80232, 神雕侠侣
01090043, 8.5, 146984, 倾城之恋
01336330, 9.3, 32524, 冰与火之歌（卷一）
01043815, 8.4, 151839, 骆驼祥子
01040771, 8.2, 206811, 达·芬奇密码
01948901, 8.3, 160116, 盗墓笔记
05414391, 9.0, 41469, 寻路中国
01066462, 8.4, 103238, 向左走·向右走
01034282, 8.8, 46654, 时间简史
01775691, 8.4, 81348, 少有人走的路
01400705, 8.1, 134118, 情人
01070851, 8.6, 49392, 倚天屠龙记(共四册)
21371175, 9.2, 18620, 罗杰疑案
01086249, 8.6, 44976, 荆棘鸟
01321017, 8.8, 27834, 九州·缥缈录
05275059, 7.9, 138112, 1988：我想和这个世界谈谈
01789837, 9.0, 18077, 射雕英雄传
01316648, 8.3, 58853, 查令十字街84号
01033778, 8.3, 58356, 富爸爸，穷爸爸
01020459, 8.4, 46999, 此间的少年
01292416, 8.5, 36288, 香水
01346815, 8.4, 42441, 一個人住第5年
01529893, 8.0, 90411, 莲花
01088711, 9.1, 12938, 霸王别姬
01391191, 8.5, 32583, 京华烟云
01034329, 8.9, 16252, 白鹿原
03879301, 7.9, 95238, 微微一笑很倾城
01394364, 8.8, 17670, 银河系漫游指南
01559310, 9.0, 12554, 鹿鼎记
01032501, 8.8, 16314, 心理学与生活
05366248, 8.2, 44292, 你一定爱读的极简欧洲史
06973970, 8.3, 35468, 人间失格
01102715, 9.1, 9675, 从一到无穷大
02209098, 7.8, 90010, 致我们终将逝去的青春
07065521, 9.0, 10804, 银河帝国：基地
02567919, 8.2, 39777, 匆匆那年（上下）
01422833, 8.7, 16762, 多情剑客无情剑(上、中、下)
01017749, 9.4, 6215, 乱世佳人(上、下)
04074636, 7.6, 121333, 放学后
01228110, 8.2, 35374, 天使与魔鬼
01794844, 8.5, 19466, 有一天啊，宝宝……
10763902, 7.7, 87531, 偷影子的人
01061977, 8.7, 12954, 血色浪漫
26390842, 8.6, 15087, 哲学家们都干了些什么
26854318, 9.1, 6796, 现代艺术150年
01030052, 7.9, 47084, 清醒纪
01015699, 8.2, 25004, 中国大历史
01187842, 9.0, 7035, 你一生的故事
10750155, 8.7, 10769, 数学之美
01065970, 7.8, 51148, 彼岸花
10767124, 8.5, 13727, 乡村教师
01089517, 8.4, 15209, 绝代双骄（全三册）
01026425, 7.4, 108286, 三重门
01261153, 8.4, 14765, 青蛇
01065239, 8.6, 10524, 我的宝贝
01089521, 8.4, 13808, 楚留香传奇
01316622, 8.3, 15482, 诛仙1
01016300, 7.1, 161994, 梦里花落知多少
01337303, 9.0, 4744, 笑傲江湖
01034279, 8.6, 8151, 果壳中的宇宙
01018153, 7.8, 31681, 水仙已乘鲤鱼去
01051797, 8.3, 12481, 喜宝
05248516, 9.2, 3435, 改变心理学的40项研究
01926700, 7.7, 35875, 关于莉莉周的一切
01312997, 9.0, 4374, 香初上舞·终上
04152754, 7.6, 42779, 时生
03013903, 8.1, 16399, 漫长的告别
04822685, 9.2, 3285, 编码
06425061, 8.5, 8445, 哲学家们都干了些什么？
01029159, 7.5, 51463, 八月未央
01227838, 7.6, 41229, 年华是无效信
01071227, 9.0, 4032, 大问题
01057444, 8.6, 6947, 大唐双龙传
01049189, 7.3, 73925, 1995-2005夏至未至
01203244, 8.3, 10546, 三个火枪手
01316623, 8.4, 8983, 诛仙2
01024217, 7.4, 55654, 第一次的亲密接触
06892579, 8.4, 8649, 美国种族简史
01075538, 8.2, 11561, 普罗旺斯的一年
01016523, 7.5, 40378, 告别薇安
01049070, 8.4, 7889, 等一个人咖啡
01394433, 8.4, 7352, 藍宇
01063624, 8.8, 4121, 鹿鼎记（全五册）
01033248, 8.9, 3605, 幸福之路
01032581, 8.5, 6193, 胭脂扣 生死桥
01008074, 7.6, 28426, 失乐园
01485495, 8.0, 13387, 楼下的房客
02382705, 7.6, 27429, 不朽
25747921, 7.0, 106914, 从你的全世界路过
01067907, 8.1, 10936, 长恨歌
01059406, 7.0, 101838, 幻城
26895993, 7.9, 13601, 刻意练习
03018339, 7.7, 19209, 万物生长
01071023, 8.7, 3863, 谈谈方法
01399992, 9.0, 2597, 天渊
02567590, 8.9, 2927, 殺手.流離尋岸的花
10472702, 8.2, 7327, 重说中国近代史
01030469, 8.3, 6246, 青鸟
01793132, 7.6, 20270, 白马啸西风
01068308, 7.6, 20016, 雪山飞狐
26658379, 8.4, 5180, 必然
01393884, 9.5, 1340, Sherlock Holmes
11636077, 8.4, 5089, 饥饿的盛世
01070007, 8.8, 2953, 致命的自负
01016595, 8.3, 5791, 雍正皇帝（全三册）
26427705, 9.0, 2248, 三体3
01829836, 7.7, 15125, 品三国（上）
11612936, 7.5, 21872, 古董局中局
25928708, 8.6, 3576, 佛祖都说了些什么?
03891900, 7.9, 9821, 金融的逻辑
01034108, 7.2, 38502, 零下一度
01052380, 7.7, 13680, 飞狐外传
01315199, 9.1, 1790, 历史研究
01361258, 8.3, 4926, 圓舞
04118599, 8.3, 4776, 武侠，从牛A到牛C
10875954, 9.2, 1435, 魔戒
02173262, 8.2, 5110, 假如明天来临
01281653, 7.9, 8160, 秦腔
26261240, 7.7, 11280, 古董局中局 3
10733032, 8.3, 4127, 王二的经济学故事
01057206, 7.3, 22205, 数字城堡
01072774, 8.8, 2024, 水浒传
03901238, 7.5, 14247, 历史是个什么玩意儿1
01030153, 7.5, 13799, 她比烟花寂寞
01322336, 9.0, 1528, 控制论与科学方法论
30191803, 7.5, 13783, 半小时漫画世界史
01391510, 9.2, 1198, 机器人短篇全集（上下）
27127895, 9.2, 1113, 明朝那些事儿(增补版)(套装共9册)
06743298, 8.8, 1734, 经济为什么会崩溃
01283273, 7.3, 17771, 天黑以后
26897464, 8.0, 5102, 小岛经济学
03787085, 8.5, 2398, 三国史话
26582558, 8.0, 4864, 经济学通识
01370144, 8.7, 1848, 涼宮春日的憂鬱
25858916, 8.2, 3489, 感谢自己的不完美
01789842, 7.4, 13156, 侠客行
01212890, 8.1, 3977, 连城诀
01319345, 7.6, 8813, 18岁给我一个姑娘
24882288, 7.4, 12754, 古董局中局 2
01032945, 7.7, 7378, 荷包里的单人床
01334569, 8.8, 1548, 殺手，登峰造極的畫。
24324704, 8.1, 3683, 剑桥简明金庸武侠史
01441901, 9.0, 1121, 万历十五年
01084435, 8.4, 2177, 策略思维
01291355, 7.9, 4379, 非常道
01016063, 7.6, 7019, 开到荼縻
03900987, 7.6, 6816, 引爆点
01074030, 8.5, 1800, 西方哲学十五讲
01393885, 9.5, 614, Sherlock Holmes
01030470, 7.9, 4051, 香草山
01667254, 7.8, 4675, 飞狐外传（上下册）
01393374, 8.6, 1542, 第二十二条军规
01058956, 7.4, 9045, 碧血剑
01291760, 6.6, 48028, 会有天使替我爱你
01055976, 7.2, 11922, 碧血剑（上下）
01014533, 7.2, 11890, 书剑恩仇录(上下)
26985299, 8.2, 2269, 小岛经济学
30232294, 7.5, 6585, 半小时漫画中国史3
25777331, 8.5, 1518, 美国十讲
01062514, 7.8, 3597, 白发魔女传
01281275, 7.7, 4119, 流波上的舞
04216944, 8.8, 960, 卖轮子
26791320, 8.4, 1513, 哇，历史原来可以这样学1
01062326, 6.9, 18186, 爱尔兰咖啡
26870405, 7.7, 3700, 龙头凤尾
01309469, 8.6, 1088, 三剑客
07003354, 7.7, 3518, 谣言粉碎机
02976542, 8.7, 921, 圣斗士星矢 1
01028916, 6.9, 14750, 雨衣
30276702, 8.1, 1689, 中央帝国的哲学密码
26797723, 9.2, 475, 鹿鼎记（新修版）
06533206, 7.6, 3243, 卑鄙的圣人：曹操
01025533, 7.6, 3219, 玉观音
04903266, 8.3, 1208, 超越感觉
06398075, 8.0, 1755, 一转念
26791323, 8.4, 1022, 哇，历史原来可以这样学2
01031634, 7.9, 1915, 富爸爸投资指南
26692407, 9.1, 478, 笑傲江湖（新修版）
34833419, 7.7, 2411, 半小时漫画中国史4
01069451, 8.3, 1056, 康熙大帝(1)-夺宫
01031818, 7.4, 3581, 我爱阳光
01075230, 8.7, 634, 关于电视
11625032, 7.3, 4118, 欢乐颂  第一季
06826594, 8.1, 1233, 故事照亮未来
01052477, 7.6, 2422, 中国式离婚
01255321, 8.1, 1186, 漫长的婚约
01343950, 8.4, 825, The Da Vinci Code
30231515, 8.8, 501, 码农翻身
01073869, 8.7, 547, 大宅门（上下）
01072248, 7.9, 1357, 永不瞑目
06802423, 7.7, 1790, 哦！爸爸们
26692605, 7.9, 1324, 大明王朝的七张面孔
01313582, 8.6, 575, 千亿个太阳
10772737, 7.6, 1993, 这个历史挺靠谱1
05922522, 9.4, 274, 飘（上下）
26704698, 8.4, 694, 易中天品三国
25707589, 8.9, 408, 魔鬼家书
01281708, 7.3, 2954, 天若有情
26929967, 8.0, 1049, 拜占庭帝国
01123437, 8.7, 475, 三个火枪手
30314033, 7.0, 4871, 无所畏
01238685, 8.7, 473, 统计与真理
11632329, 8.8, 423, 经济学讲义（上）
10736800, 6.6, 10767, 重口味心理学
26298766, 7.5, 2019, 易中天中华史：魏晋风度
01069723, 8.7, 455, 人类的故事
01062530, 7.6, 1671, 平淡生活
27116331, 7.7, 1447, 瘟疫与人
02975939, 7.4, 2170, 论扯淡
27155557, 9.0, 325, This is Going to Hurt
02227757, 8.4, 582, 假若明天来临
02380097, 8.5, 497, 蓮花
24859453, 7.4, 1957, 这个历史挺靠谱
34781358, 8.2, 655, 史记的读法
02973558, 7.7, 1171, 丰臣秀吉（上下册）
02970300, 7.9, 842, 计算机网络
26032227, 7.5, 1407, 金融的解释
01031355, 8.7, 344, 狗的家世
27203767, 7.5, 1277, 柏拉图和鸭嘴兽一起去酒吧
04007282, 8.5, 384, 白蛇
01031720, 7.8, 836, 现代西方哲学十五讲
30308672, 7.5, 1238, 郭论
02985723, 8.4, 413, 经济思想史
04210756, 7.7, 864, 写给中国人的经济学
25959500, 7.4, 1271, 百鬼夜行
01292346, 8.2, 461, 蝴蝶梦
34990166, 7.6, 892, 半小时漫画经济学3：金融危机（完结篇）
02378202, 7.4, 1174, 歪曲的枢纽
04199502, 8.3, 384, 大话无线通信
01018272, 8.2, 425, 通向哲学的后楼梯
30282643, 8.4, 342, 佛祖都说了些什么
01030023, 8.7, 254, 神祇·坟墓·学者
01066957, 8.1, 451, 罗织经
26818125, 8.8, 223, 破绽
04882095, 7.0, 1737, 史上最强日本史
27039503, 8.0, 438, 老马
25760744, 7.1, 1379, 重口味心理学2
04053583, 8.3, 303, 连城诀
33420587, 8.6, 225, 漫画算法：小灰的算法之旅
24882901, 6.8, 2064, 不疯魔，不哲学
01027659, 7.4, 757, 海岩文集--你的生命如此多情
01201441, 8.1, 328, 爱丽丝漫游仙境
10786646, 7.2, 992, 这个历史挺靠谱2
04039355, 7.4, 718, 牛奶可乐经济学3
01031253, 8.0, 350, 看不见的心
25707601, 8.5, 204, 痛苦的奥秘
04326244, 8.5, 201, 与心对话
06876925, 8.6, 181, 大话移动通信
01272851, 8.9, 140, 流言
04864244, 7.5, 558, 如果这是宋史5 王安石变法卷
30253574, 9.0, 129, 新宋·1 （大结局珍藏版）
01221016, 8.6, 176, 骇版战国
01386897, 7.2, 766, 7-ELEVEN之戀
01288877, 7.2, 764, 电车男
10876113, 7.3, 657, 血腥的盛唐2
01807777, 8.3, 211, 世界史纲(上下)
01321660, 7.9, 308, 哈佛乱翻书
01292358, 7.1, 814, 斯佳丽
05372481, 7.3, 600, 史上最强日本史2
02303170, 8.6, 153, 幽谷百合
30364327, 7.2, 675, 大唐兴亡三百年
10605395, 8.3, 195, 三国史话
02975100, 8.4, 176, 怎样学书法
30216430, 7.8, 312, 在不安的世界安静地活（新版）
30358366, 6.4, 2450, 张大小姐
25843221, 8.5, 158, 呼兰河传
01921957, 9.1, 99, 更高更妙的物理
27064864, 8.1, 223, 隋唐人的日常生活
05503463, 8.2, 202, 世界历史有一套之德意志是铁打的
24225189, 8.4, 164, 高人
02592191, 7.5, 409, 古典音乐简单到不行！
10564562, 6.8, 1076, 普京传
24325287, 9.0, 101, 张居正（套装共4卷）
11524098, 7.2, 588, 血腥的盛唐3
26944429, 8.8, 116, 资本主义
20373321, 7.3, 489, 血腥的盛唐 5
27137672, 7.4, 429, 唐朝穿越指南(长安及各地人民生活手册)
01013965, 8.0, 216, 金粉世家（上中下）
04095404, 8.6, 124, 先秦凶猛
04830261, 8.1, 187, 秦崩
03671502, 7.5, 350, 大话通信
01215741, 8.4, 143, 西方的智慧
01032344, 7.0, 667, 恶俗
06520642, 8.4, 139, 哲学是什么
26288881, 6.8, 848, 知道分子
01506654, 7.7, 261, 婴齐传
25716188, 7.6, 291, 如果这是宋史10
06999550, 7.5, 322, 史上最强日本史.3
01262146, 7.8, 232, 猎物
34781396, 7.6, 282, 宋仁宗和他的帝国精英
01031877, 7.2, 452, 社会学是什么
03929393, 7.8, 220, 筆靈2：萬事皆波瀾
33408810, 7.6, 271, 国家是怎样炼成的3
04780053, 7.7, 232, 酷吏列传之亭长小武
01098618, 7.8, 208, 乱步侦探作品集.1
01159929, 7.8, 205, 李重光新编通俗基本乐理
01961462, 8.6, 101, 东周列国志
34800943, 8.1, 149, 大汉荣耀：帝国建立与政权巩固
01283034, 7.2, 380, 圣经故事
20492088, 8.6, 95, 中国历代战争史（第4册）
26363074, 7.3, 324, 绍兴十二年
01312640, 7.5, 255, 啼笑因缘
30237525, 8.4, 109, 南朝大争霸3
26636048, 7.7, 202, 数理化通俗演义
25866060, 9.3, 56, 世界十大中短篇小说家：茨威格
02567920, 8.7, 82, 機動戦士ガンダム 閃光のハサウェイ〈上〉
25806938, 7.0, 428, 怪癖心理学
21319421, 8.2, 119, 吉祥紋蓮花樓·卷三·青龍
04045038, 7.5, 228, 铁血强宋
01315220, 9.0, 65, 定县社会概况调查
01029241, 7.9, 152, 惊世之作
30124799, 7.2, 320, 和伊壁鸠鲁一起旅行
25853231, 8.9, 69, 中国历朝通俗演义
01206592, 8.1, 125, 双雄记
01322426, 7.5, 220, 毛泽东与蒋介石
34787908, 8.4, 93, 敌人的名字是宫本武藏
26411385, 8.1, 118, 茶道
26220243, 8.7, 73, 钢贸风云
01563013, 7.9, 136, 麦田里的守望者
26723780, 7.7, 164, 秦朝穿越指南
02151311, 7.0, 361, 秘书长
04870153, 8.4, 89, 足球战国策
26437144, 7.4, 217, 国史讲话：宋蒙三百年
03353137, 6.8, 451, 每天学点经济学
27596645, 7.8, 142, 中国的男人和女人
26853197, 6.9, 379, 《资治通鉴》与家国兴衰
06999540, 7.3, 210, 如果这是宋史.1，大宋开国卷
24533469, 7.6, 153, 俄罗斯通史(1917-1991)
10792223, 7.2, 231, 不可不知的朝韩史
34912073, 7.8, 123, 古代人的日常生活（当当典藏版）
04264027, 7.7, 131, 一瞬化作风1
10766647, 7.7, 130, 中国历史的教训
04742072, 7.3, 195, 活，在日本战国
02701614, 8.1, 87, 晏子春秋
21329635, 7.6, 134, 西晋原来不风流
26287297, 8.6, 58, 帝國崛起
01368067, 8.3, 70, 公平的正义
05380214, 7.2, 189, 日本明治维新：富国强兵
04022708, 6.8, 302, 在超市遇见亚当·斯密
02229948, 7.3, 166, 青梅煮酒话西汉之文景之治
07060418, 7.3, 165, 如果这是宋史.7，北宋亡国卷
01054203, 7.7, 110, 尼采十讲
01776130, 8.0, 85, 英雄无泪
19982772, 7.9, 92, 王立群读《史记》汉武大帝
02256363, 7.4, 140, 春秋战国-图说天下
01222287, 8.9, 43, 中华文明传真（全十册）
01148521, 7.7, 99, 唐史演义
25803364, 9.0, 39, C语言入门经典（第5版）
02061412, 7.3, 138, 黄真伊
30254285, 8.2, 62, 这个唐朝太有意思了（第一卷）
24295763, 7.6, 98, 隐性格
05458356, 9.7, 25, A Book of Abstract Algebra
26417523, 6.3, 416, 重口味心理学3
02976760, 7.1, 142, 晓梅说礼仪
01025718, 6.7, 224, 风雷震九州（上中下）
01340735, 7.7, 79, 寂寞的群眾
02137549, 7.5, 94, 通俗哲学
03106930, 7.5, 94, 免费的午餐
05326352, 8.3, 49, 罗尔斯：生平与正义理论
07060417, 7.3, 107, 如果这是宋史.6，后改革时代卷
03184752, 8.7, 37, 梁宏达体育评书
03188324, 7.0, 144, 祝福你，阿贵
02375019, 7.4, 95, 三刻拍案惊奇
01066033, 7.3, 104, 杂碎
04732157, 8.9, 32, 地球简史
06057661, 7.8, 64, 小熊维尼之道
05990805, 8.5, 39, 爱情有“毒”
07060416, 7.3, 97, 如果这是宋史.5，王安石变法卷
26883120, 8.0, 54, 批判性思维与创造性思维
01327828, 7.3, 96, 雪女之惑
07060414, 7.4, 87, 如果这是宋史.4，仁宗盛世卷.下
05297295, 7.0, 128, 法学野渡
02015512, 7.2, 102, 中国人最易误解的文史常识
04149989, 8.2, 45, 房龙经典大全集
26285382, 8.8, 31, 细讲中国历史丛书
35059989, 9.3, 24, 小白经济学
26293126, 6.1, 401, 中国历史的教训
05950383, 8.1, 45, 富国为什么富 穷国为什么穷
26388180, 8.4, 37, 本色
11614050, 7.8, 55, 国际政治概论
24371378, 7.8, 55, 每天懂一点色彩心理学·实用篇
01393864, 7.2, 91, 地图的力量
04068578, 7.5, 69, 资本圈
33408234, 7.5, 69, 大话计算机
04204962, 8.6, 32, 德意志历史上的民族与宗教
25946560, 7.2, 89, 这个历史挺靠谱2
03159893, 7.4, 74, 双手合十
30408256, 7.0, 107, 唐朝定居指南（新版）
02282758, 7.4, 73, 路易十四时代
30158998, 9.2, 23, 爱默生和中国
03100432, 6.6, 156, 武夫当权
01318191, 6.5, 168, 人间之剑
01255289, 6.8, 115, 福柯十讲
02382609, 7.8, 46, 权力的转移
04177219, 7.8, 46, 中国易学博览-八字应用经验学
03080640, 7.7, 49, The Economic Naturalist
26841609, 6.3, 203, 知日·脑洞
03727753, 9.2, 20, 双响炮11
04259296, 6.6, 130, 逆淘汰
34802572, 6.6, 130, 拿得起放不下的中国史
30163470, 6.8, 103, 爱情这东西
01510346, 7.2, 69, 无忧公主
01202319, 7.6, 49, 康熙大帝(4)
03557636, 8.8, 23, 社会调查自白
01255443, 8.7, 24, 爱他也要爱自己
03710006, 9.6, 16, 泛函分析导论及应用
04705968, 7.3, 57, 图解六西格玛
26761203, 8.5, 25, 中国古典戏曲故事七篇
04862532, 7.1, 65, 经济的逻辑
05404539, 7.3, 54, 为什么我们越来越“穷”
01055789, 8.1, 30, 狐狸梦
30254288, 8.2, 28, 这个唐朝太有意思了（第三卷）
26771105, 6.2, 168, 如何在30秒内说出关键点
26876447, 7.5, 42, 南朝大争霸：1.刘宋崛起
26998025, 7.3, 47, 我懂你的理财焦虑
04247653, 8.1, 27, 惊醒记
06101059, 7.2, 49, 莉娜的邀请
02382751, 7.8, 31, 老子博客
04837160, 7.9, 29, 不要爱上混蛋
10521800, 7.6, 35, 汉朝
05404177, 8.0, 27, 一步步写嵌入式操作系统
05922927, 6.9, 61, 你其实不懂经济学
10600447, 7.2, 46, 史上最牛思想史
03099742, 7.5, 34, 大唐百年开国
01061323, 7.3, 39, 偷渡客
25952613, 7.8, 27, 不抱怨的世界
06722203, 8.8, 16, 窮滋味 ---《窮富翁大作戰》騷前戰後
05920114, 8.2, 21, 大话移动通信网络规划
04707375, 8.5, 18, 警世通言 喻世明言 醒世恒言
03776799, 7.5, 32, 博弈论的智慧
03994515, 8.6, 17, 光荣与梦想：1932-1972美国社会实录(第三册)
25906029, 7.8, 26, 世界第一好懂的科学课
04243314, 6.3, 91, 快乐小财女的理财必修课
26614572, 8.2, 20, 伟大也要有人懂
26646907, 6.6, 64, 陈寅恪讲国学
01324547, 8.1, 21, 刑事诉讼的理念
35009070, 7.8, 24, 跨界竞争
27005095, 7.5, 29, 南朝大争霸
05417423, 6.0, 114, 看穿人心术，拿来就用
01318700, 6.5, 63, 美国往事
02039285, 7.7, 24, 中国当代通俗小说史论
03182375, 8.0, 20, 郭松龄反奉见闻
04062705, 8.7, 14, 20几岁一定要知道的100个心理常识
34950799, 8.4, 16, 说不尽的盛唐
02174315, 6.9, 41, 还剑奇情录
10594167, 6.3, 68, 地下钱庄
01400382, 7.1, 32, Altera FPGA\CPLD设计
19949018, 7.1, 32, 乾道坤道
01309391, 7.8, 20, 谁比谁傻
04926703, 8.1, 17, 左看右看心理学
03246986, 6.3, 64, 话说民国:1912-1949
22051544, 7.1, 31, 对话稻盛和夫
25832984, 6.6, 47, 命运之星
04905833, 7.6, 22, 百家讲坛精品集
25766552, 6.0, 83, 宝鉴
06804817, 6.8, 36, 通俗哲学
26688097, 6.5, 47, 姻缘劫
26296149, 6.2, 64, 盐铁往事：两千年前的货币战争
10463666, 7.3, 24, 犯罪心理師
06724207, 6.9, 32, 神经
26412063, 8.0, 16, 带着正能量去工作
07000808, 5.5, 157, 看懂世界经济的第一本书
26278740, 7.8, 17, 产后抑郁不可怕（原书第2版）
04092153, 7.2, 23, 经济学的诡计
03190992, 7.8, 16, Tell Me Your Dreams
30304584, 8.6, 11, 风骨化沉香
20261619, 7.2, 22, 鲍鹏山说孔子
03822644, 6.8, 29, 性格说明书
26682303, 6.8, 29, 制度的笼子
03346676, 8.3, 12, 艾凡赫
30195497, 8.0, 13, Cat Person
02974776, 7.2, 20, 图解世界简史
26847539, 8.1, 12, 安倍晋三这个人
06004430, 7.0, 21, 大学生活“经济学”
01074884, 8.0, 12, 当代十二位经济学家
27619766, 6.6, 28, 太平天国：理想的幻梦
25747863, 6.0, 49, 中国历史穿越指南
05260268, 6.7, 25, 自由经济学
34859240, 7.6, 14, 動盪
04733741, 7.7, 13, 培养最棒的男孩
06784679, 6.5, 28, 血十字
34911477, 6.4, 30, 5G金融
24708727, 6.4, 28, 他们活在明朝
01397487, 6.9, 19, 虚拟现实
11511032, 6.4, 27, 麻辣近代史
25806950, 5.5, 71, 旧中国三教九流 ：艺人妓女嫖客
24530766, 7.4, 13, 宋国的故事
04033983, 6.5, 23, 每个人的经济学
25938928, 6.8, 17, 横扫千军如卷席
26642399, 6.5, 19, 云计算通俗讲义
26376617, 7.4, 11, 宽容
04046177, 6.3, 22, 从此爱上经济学
26758081, 5.8, 34, 德国图说天下
06729791, 6.2, 23, 挑灯看南朝
05296396, 7.1, 12, 三国心理诊所
26929262, 6.9, 13, 极简美国史
06951132, 5.3, 47, 世界上最有趣的经济学故事
10765718, 6.2, 17, 七剑十三侠
25732673, 6.8, 10, 私人生活史3：星期天历史学家说历史（文艺复兴）
10738832, 6.6, 11, 法律启迪智慧1
25732733, 6.6, 11, 私人生活史5：星期天历史学家说历史（现当代）
01840213, 5.8, 18, 窮巷
02987014, 6.0, 13, 中国法律十二讲
06990060, 5.7, 15, 圣经人物点评
04210374, 0.0, 10, 梁羽生武侠小说全集-1-55册-珍藏版
26421976, 0.0, 10, 图说美国历史源头
35048837, 0.0, 11, 墨菲定律
06789959, 0.0, 13, 决不拖延
25778533, 0.0, 13, 一本书读懂中国智慧
35029222, 0.0, 14, 5G新产业：商业与社会的创新机遇
