2020-07-05 16:00:19

number of books, tag name
447, 通俗读物

ID, rating, votes, title
01082154, 9.1, 190801, 活着
25985021, 9.1, 131621, 人类简史
01082387, 9.3, 35131, 一九八四·动物农场
26698660, 8.9, 66330, 巨人的陨落
01336330, 9.3, 32524, 冰与火之歌（卷一）
01080370, 8.6, 86195, 情书
04242172, 8.1, 230397, 天才在左 疯子在右
20440644, 9.1, 33979, 文学回忆录（全2册）
01027191, 9.0, 36518, 历史深处的忧虑
01034282, 8.8, 46654, 时间简史
01467022, 9.2, 22491, 上帝掷骰子吗
07163250, 9.2, 21830, 明朝那些事儿
03626924, 8.9, 30843, 明朝那些事儿（柒）
26576861, 9.0, 25139, 最好的告别
03633461, 8.7, 37287, 一句顶一万句
03274113, 8.8, 31101, 明朝那些事儿（陆）
01970428, 8.8, 28882, 激荡三十年（上）
01059419, 8.1, 90764, 海边的卡夫卡
01033778, 8.3, 58356, 富爸爸，穷爸爸
01882933, 8.1, 73253, 鬼吹灯之精绝古城
01022238, 8.2, 58123, 菊与刀
03609132, 8.4, 35481, 把时间当作朋友
01958227, 8.2, 39113, 那些年，我们一起追的女孩
01963310, 8.2, 36978, 大地之灯
01874961, 8.8, 12320, 嫌疑犯X的獻身
01322455, 8.7, 14200, 遥远的救世主
01980436, 8.8, 9596, 流言
03323633, 8.6, 11676, 写给大家看的设计书（第3版）
06712255, 8.9, 7158, 天真的人类学家
19920715, 8.6, 10164, 论中国
01878265, 9.1, 4605, 安徒生童话
01220219, 8.6, 9036, 阴阳师
04953695, 7.8, 31692, 拆掉思维里的墙
01064682, 8.8, 6023, 稻草人手记
01072438, 8.3, 12583, 大败局
25900384, 9.1, 3909, 不能承受的生命之轻
01342817, 8.7, 6523, 哈利波特5 鳳凰會的密令
25881102, 8.8, 5477, 独裁者手册
01227838, 7.6, 41229, 年华是无效信
01793807, 9.0, 4129, 火盃的考驗
03223711, 8.1, 14880, 怪诞行为学
02033081, 8.2, 12446, 身份的焦虑
01255326, 9.0, 3733, 新月集·飞鸟集
26772731, 8.3, 9958, 七堂极简物理课
30259720, 8.1, 12984, 今日简史
02064450, 8.5, 6815, 大败局Ⅱ
01880823, 8.8, 4180, 格林童话
01262986, 8.1, 11395, 我不是教你诈
01948502, 7.7, 20593, 1995-2005夏至未至
10472702, 8.2, 7327, 重说中国近代史
01316606, 8.7, 3532, 無愛紀
27619602, 9.2, 1884, 娜塔莎之舞
02081876, 7.2, 43595, 货币战争
20507212, 8.0, 8158, 习惯的力量
03266968, 7.2, 33362, 秘密
02026281, 8.7, 2617, 大棋局
20429677, 7.5, 16517, 大数据时代
01089515, 7.8, 9260, 武林外史（上下）
01223845, 7.6, 13031, 男人来自火星 女人来自金星
10733032, 8.3, 4127, 王二的经济学故事
01825593, 9.4, 1092, 小学生十万个为什么
06980818, 8.6, 2540, 浩荡两千年
03901238, 7.5, 14247, 历史是个什么玩意儿1
20270670, 8.2, 4022, 为何爱会伤人
06878988, 8.9, 1569, 明朝那些事儿·第1部
26287433, 9.1, 1237, 心若菩提
03025921, 7.7, 8383, 黑天鹅
26879920, 8.5, 2457, 一地鸡毛
03787085, 8.5, 2398, 三国史话
20389202, 7.7, 7631, 唐朝穿越指南
01779132, 9.1, 1111, 涼宮春日的消失
24748706, 8.6, 1960, 陈寅恪的最后20年
01944205, 8.9, 1307, 追寻记忆的痕迹
01039311, 8.4, 2266, 职场动物进化手册
01799984, 8.5, 1952, 家庭收纳1000例
01084435, 8.4, 2177, 策略思维
06902246, 8.9, 1187, 明朝那些事儿·第2部
01291817, 8.6, 1594, 细胞生命的礼赞
01417905, 7.1, 17404, 废都
21363162, 9.3, 736, 詹森艺术史（插图第7版）
01897413, 7.6, 6349, 一点旧一点新
30219713, 8.7, 1293, 病者生存
01316607, 8.6, 1441, 媚行者
01949744, 8.2, 2367, 对冲基金风云录
02025712, 8.4, 1763, 白蛇
06539790, 8.1, 2592, 你的剧本逊毙了！
06902245, 8.8, 1077, 明朝那些事儿·第3部
06902242, 9.0, 867, 明朝那些事儿·第7部
01220904, 8.9, 949, 春醪集
03786755, 7.2, 11287, 每天懂一点色彩心理学
01866590, 9.0, 851, 神雕侠侣
01648606, 8.6, 1285, 宽容
01829747, 9.1, 744, Asking the Right Questions
01085660, 8.0, 2587, 尽管去做
20473412, 7.9, 2954, 品牌洗脑
06902243, 8.7, 1018, 明朝那些事儿·第4部
04173725, 7.4, 6208, 历史是个什么玩意儿2
02062200, 6.2, 100681, 悲伤逆流成河
02030825, 8.1, 1931, 情人 乌发碧眼
06902244, 8.7, 916, 明朝那些事儿·第5部
10491608, 8.5, 1126, 神祇、陵墓与学者
10544307, 8.5, 1107, 自私的皮球
01780800, 8.7, 874, 顾城精选集
01077497, 7.2, 7525, 水煮三国
01807843, 9.1, 573, 芥子园画谱
30132713, 9.0, 628, 讲给大家的中国历史01
06120621, 8.9, 689, 凉宫春日的惊愕（后）
01931318, 7.0, 10860, 于丹《论语》心得
05402682, 7.4, 5081, 牛奶可乐经济学
25908552, 7.6, 3616, 上瘾五百年
05992743, 7.8, 2653, 看懂世界格局的第一本书
01980222, 8.2, 1510, 丑陋的中国人
01264253, 9.1, 555, 少女安妮
04149893, 7.0, 10416, 每天懂一点好玩心理学
01779224, 8.7, 809, 涼宮春日的暴走
01080152, 8.1, 1610, 樱桃青衣
02036882, 8.7, 775, 涼宮春日的憤慨
01891084, 8.2, 1386, 鱷魚手記
01779232, 8.7, 761, 涼宮春日的動搖
01083475, 8.6, 833, 三剑客
06794170, 8.7, 737, 明朝那些事儿·第6部
01084604, 8.5, 902, 人类的故事
01984347, 8.2, 1281, Power Sleep
02058145, 8.0, 1571, 王立群读《史记》之汉武帝
02030855, 8.6, 737, 弱者的武器
02036881, 8.6, 727, 涼宮春日的陰謀
01864849, 7.4, 3598, 小S之怀孕日记
01291593, 7.8, 1853, 跨一步就成功
10607197, 8.1, 1214, 中国经济到了最危险的边缘
02003451, 7.2, 4709, 于丹《庄子》心得
01316611, 8.5, 715, 沉默。暗啞。微小。
06120620, 8.7, 575, 凉宫春日的惊愕（前）
05942569, 7.6, 2261, 成为作家
10566257, 8.0, 1221, 出国自助游教室
06125965, 8.2, 931, 李逵日记
01271579, 7.5, 2367, 礼物
03776679, 7.3, 3262, 郎咸平说：谁在谋杀中国经济
01258406, 8.9, 428, 细说汉字
01978928, 8.1, 1016, 永远有多远
01036958, 7.8, 1445, 把天空还给你
01855097, 8.3, 770, 万里任禅游
01322444, 9.0, 368, 鲁迅散文
30376593, 8.2, 811, 当下的启蒙
10736800, 6.6, 10767, 重口味心理学
06393733, 7.3, 2773, 当我们聊起日本时
06712293, 8.1, 886, 宽客
27078977, 8.4, 590, 十字军的故事（全四册）
27045325, 9.1, 298, 耶鲁美国小历史
01339258, 8.6, 473, 後殖民誌
33442258, 8.1, 807, 他者的消失
30327197, 8.2, 661, 祸国·式燕
01767614, 7.7, 1234, 爱的模范书
02029726, 8.9, 319, 月亮，晚安
01829139, 7.1, 3031, “色”眼识人
01318798, 9.0, 289, 物理定律的本性
06065757, 7.2, 2407, FBI心理分析术
01292310, 7.4, 1736, 说岳全传
04123951, 7.8, 950, 虐恋亚文化
02974194, 8.9, 285, 加德纳世界艺术史
20412218, 7.4, 1572, 战争就是这么回事儿
01829801, 8.2, 558, 忧郁
03127834, 8.5, 397, 广告文案训练手册
06109435, 8.2, 538, 《读书》十年
01230328, 9.0, 247, 数学（第一卷）
25717756, 8.6, 344, 写作法宝
03348742, 7.3, 1601, 牛奶可乐经济学2
06861475, 9.1, 212, 意识探秘
01971416, 8.2, 484, 药师寺凉子之怪奇事件簿
02074773, 7.8, 771, 把妹達人
04210756, 7.7, 864, 写给中国人的经济学
04766958, 8.6, 306, 凉宫春日的分裂
01800610, 7.8, 719, 芙蓉如面柳如眉
03719511, 8.2, 446, 政治学的邀请
01857446, 6.6, 4562, 碧奴
01777763, 8.3, 382, 中华上下五千年
04766888, 8.7, 257, 凉宫春日的动摇
05407722, 7.1, 1643, 世间所有相遇都是久别重逢
02282191, 7.9, 523, 让创意更有黏性
26656350, 8.1, 415, 增长的本质
22741515, 7.3, 1089, 战争就是这么回事儿（下）
30306986, 8.5, 268, 讲给大家的中国历史03
01319820, 7.1, 1450, 大脑使用说明书
02063630, 8.3, 311, 疯狂的功成名就
26738991, 7.8, 533, 易中天中华史：奠基者
26438103, 9.4, 124, 现代杂文的思想批判
04053583, 8.3, 303, 连城诀
01342010, 9.2, 140, A Brief History of Time
01769189, 7.4, 850, 弗里德曼的生活经济学
04090380, 7.0, 1463, 谜踪之国 II
01760200, 8.0, 381, 夜光曲
01999741, 8.1, 337, 类人孩
01288476, 7.5, 671, 十七月葬
01962198, 7.9, 408, 口袋里的牛奶糖
20272111, 8.4, 245, 债
01288955, 7.9, 404, 一个人
30306196, 7.4, 740, 半小时漫画理财课
01312716, 8.9, 156, 话说中国(全15册・含索引、DVD)
01844986, 8.6, 199, 人性的弱点
06517170, 8.3, 256, 文字侦探
06313273, 7.4, 699, 窥破金瓶
01892749, 7.4, 690, 画堂香事
01823788, 7.8, 417, 圣经的故事
05450668, 8.8, 159, 在传统与变革之间
10827010, 7.8, 411, 别笑!这才是中国法律史
26883473, 8.6, 186, 易中天中华史·第二部
01034984, 7.7, 425, 日本格调--枕草子浮世绘珍藏版
25852130, 8.8, 147, 致年轻加尔文主义者的信
04886251, 7.2, 796, 哈佛经济学笔记
01939118, 8.4, 203, 文化与承诺
06435569, 7.7, 413, 父母离去前你要做的55件事
01288912, 7.7, 403, 阅读的风貌
10876113, 7.3, 657, 血腥的盛唐2
01261296, 7.4, 567, 三侠五义
06396944, 7.5, 474, 省委班子2
01810352, 8.1, 236, 灵魂机器的时代
26758317, 7.6, 389, 名画之谜：穿越时空的对决
01082862, 7.8, 296, 西片碟中碟
01443120, 6.8, 1086, 拿着剪刀奔跑
26655770, 7.6, 348, 各种“主义”
01008227, 9.1, 89, 数学家的眼光
26979305, 7.3, 477, 牛奶可乐经济学
01274790, 8.6, 127, 唐诗三百首详析
01288945, 7.5, 359, 音乐事情
01047734, 9.5, 66, 荒岛历险
01836268, 7.7, 276, 他们在跟踪我
01963136, 7.6, 306, 做书店
27091561, 7.2, 490, 关羽
34840198, 8.7, 108, 人类的终极问题
26883480, 8.1, 171, 易中天中华史·第一部
26891607, 8.8, 96, 艺术小料：印象派画家的朋友圈
26814868, 8.2, 153, 天才与巨匠
30323939, 8.5, 118, 远去的紫禁城
01470087, 7.6, 272, 女孩闲念
05950394, 7.4, 334, 开始写吧!虚构文学创作
24316346, 7.0, 558, 美帝国的崩溃
26838254, 8.7, 98, 艺术小料：文艺复兴大咖列传
01000648, 9.1, 74, 世界艺术史
06121356, 6.8, 709, 琥珀森林
30124900, 7.6, 253, 命运之画：是意外，还是宿命
01321912, 6.8, 694, 东亚三国的近现代史
01035801, 6.2, 1999, 把信送给加西亚
03666766, 8.7, 93, 智慧书
07060413, 6.4, 1340, 看懂财经新闻的第一本书
01892695, 7.2, 379, 草莓的亲戚
01962777, 7.3, 328, 糖果生活
01960075, 7.8, 187, 为什么
27028609, 8.8, 78, 艺术小料：我的朋友达·芬奇
01812827, 7.3, 302, 精英的阶梯
01288935, 7.7, 194, 词典的两个世界
01868788, 7.7, 188, 谈情说菜
05352814, 6.9, 474, 男人来自火星，女人来自金星3
04846238, 9.3, 53, 唐宋名家文集 苏轼集
03221832, 8.9, 67, Norwegian Wood
04293257, 9.2, 55, 新選組血風錄
03423731, 7.7, 174, 浣花洗剑録（上下）
26655782, 7.2, 298, 迪奥的时尚笔记
01322452, 7.5, 211, 声声叹
24527516, 7.4, 229, 一年通往作家路
04068131, 7.6, 174, 考古不是挖宝
26738836, 8.0, 119, 好用的哲学
01347008, 7.8, 141, 誰搬走了我的乳酪 Who moved my cheese? 
30141677, 9.1, 52, 新艺术的故事
30220882, 8.3, 89, 易中天中华史·第四部
10531042, 8.2, 94, 莫砺锋诗话
06429011, 8.4, 80, 一本书学会佛教常识
01227049, 7.4, 191, 达利画传
01020103, 7.6, 154, 希腊的诞生――灿烂的古典文明
26964916, 8.6, 63, 每个人都有爱自己的能力
01225642, 7.1, 241, 寓言中的经济学
30323805, 7.1, 240, 别笑，我是正经哲学书
35059162, 8.4, 70, 了不起的古希腊
03265234, 8.2, 78, 大崩溃
26285832, 7.6, 130, 漫画世界系列12：漫画日本历史
01875916, 7.6, 128, 霧の訪問者
01857443, 7.7, 116, 天书
03815219, 7.3, 167, 20几岁要懂点经济学
01254488, 7.9, 94, 人性的弱点
05300083, 7.3, 160, 橙如夏花
06772469, 8.3, 66, 藏书之乐
26434349, 7.2, 174, 光电帝国
01772603, 8.3, 65, 问题域外的问题
26971248, 8.3, 65, 大汉帝国
06508517, 7.0, 209, 跑动
24700114, 7.3, 146, 水煮三国
01790572, 6.0, 890, 一口气读完日本史
27091740, 7.3, 140, 分裂的王国
34947791, 9.0, 38, 大汉兴亡四百年
24760709, 6.5, 368, 圆月弯刀
01315560, 7.2, 150, 意志力训练手册
26954848, 7.8, 84, 荀子
01220792, 6.8, 230, 亚瑟王传奇
06429411, 7.0, 176, 官路十八弯
01003301, 8.5, 48, 帮你学数学
04000968, 8.0, 68, 3%法则
27154046, 8.5, 45, 这样做父母就对了
01868704, 7.0, 158, 纪连海新解乾隆朝三大名臣
26898932, 8.8, 37, 长江岸边说六朝
03081768, 6.6, 255, 日本
03165746, 7.9, 66, 上帝与天文学家
27623208, 7.4, 101, 新订人文地理随笔
27028321, 8.3, 49, 黄河之旅
02075686, 7.3, 110, 黎东方讲史：细说清朝
06426360, 8.0, 60, 广告大师的告诫
01271586, 7.3, 109, 毕加索画传
03072947, 7.6, 81, 清史演义
05356192, 6.5, 264, 男人来自火星，女人来自金星4
04169309, 8.3, 46, 期望少一点 爱多一点
10537134, 7.8, 66, 造反者
01888455, 6.2, 399, 涂尔干死了！
02179137, 7.0, 136, 职业经理人手记
01256180, 7.5, 82, 小故事大智慧
26348974, 6.2, 343, 做优雅的巴黎女人
02041657, 7.6, 69, 视读哲学
27029065, 8.1, 46, 艺术小料：异想天开的画家们
34989904, 7.4, 79, 从汉城到燕京
01955997, 7.7, 59, 皇帝与皇权
01863800, 7.6, 63, 凯尔特人的欧洲
34888754, 7.6, 63, 怪诞行为学6：非凡的决定
02984419, 8.0, 45, 帝国杀戮
27200418, 7.5, 64, 牛顿的苹果
01955114, 7.8, 50, 法学的故事
03115974, 7.8, 49, 昙花王朝
01939715, 7.1, 88, 非常人
02270872, 8.0, 41, 冬
01828772, 6.1, 288, 青春电影志
06425617, 7.6, 54, 给我的孩子讲中世纪
30303762, 6.3, 209, 高效学习
27089866, 6.6, 137, 繁荣的代价
06425609, 8.0, 39, 给我的孩子讲哲学
01087779, 7.3, 66, 面孔
01135763, 8.8, 24, 俄罗斯和苏联科学简史
05367409, 6.5, 149, 负债让你更有钱
01039280, 7.8, 43, 文科物理十五讲
26794093, 7.9, 40, 大汉王朝的三张脸谱
05405619, 8.0, 36, 三国原来是这样
26254770, 7.7, 44, 人类的天性
07052088, 6.8, 97, 市委班子
01793602, 9.3, 18, 论强者
26307531, 5.7, 462, 男人真相
11622366, 5.9, 312, 很冷很冷的冷门知识
01340216, 7.5, 49, 窈窕淑女（書+DVD)
02011216, 7.5, 49, 日本人和中国人
01312926, 6.5, 123, 结果第一
01451058, 8.2, 29, 世界上下五千年(共2卷)
01266257, 7.6, 43, 自然规律中蕴蓄的统一性
27166684, 7.6, 43, 一学就会的10堂妈妈理财课
04219669, 6.6, 107, 淘宝达人扫货秘笈
26346149, 7.8, 36, 一拳击倒经济学
01084007, 7.6, 41, 莎士比亚戏剧故事集
03437165, 7.8, 34, 会醉才会赢
01035116, 7.0, 58, 听大师讲哲学
02270873, 7.7, 32, 雪
25805135, 8.4, 21, 吉尼斯世界纪录大全2014
07008298, 8.3, 22, Dark Pools
26314691, 8.0, 26, Why Information Grows
25750484, 6.0, 166, 大癫狂
30264640, 8.8, 17, 有温度的资本论
24858359, 6.4, 97, 和珅：二号人物
27602653, 6.1, 139, 认识古典音乐的40堂课
27146620, 6.0, 155, 钢铁帝国
06723189, 8.6, 18, 猿猴志
01288865, 6.0, 143, 洞察心理高手（上、下册）
02117472, 7.5, 32, 三国大外交
01826797, 6.9, 51, 像哲学家一样思考-冰点的思考
10599765, 7.4, 34, 中国的思想
11445549, 6.3, 94, 沟通力
30175952, 6.2, 100, 爆款文案写作公式
03072939, 7.5, 30, 明史演义
27155172, 7.8, 24, 人类的财富：什么影响了我们的工作、权力和地位
26884741, 6.7, 54, 唐朝入仕生存指南
06150303, 7.6, 26, 正念生命中重要之事
01930911, 6.4, 68, 海盗
02146749, 8.5, 15, 怎样迈向顶峰
06439480, 6.5, 57, 让榨汁机成为你的药房
10509422, 6.7, 47, 洗钱内幕
01219888, 7.8, 21, 天平上的心灵
01890910, 9.2, 11, Mathematical Thought from Ancient to Modern Times (vol. 1)
01258201, 6.9, 37, 皖南古村落
02132206, 7.0, 34, 约会安全手册
01050913, 5.9, 101, 人类行为的202个秘密
01859200, 6.9, 34, 流星慢舞
10731967, 6.2, 65, 中国通胀世界通缩
26154495, 7.8, 18, 中国历代王朝兴衰录•大宋王朝
26801409, 6.8, 35, 情商5：影响你一生的生态商
27017899, 6.5, 45, 管理会计那点事儿—用数据支撑决策
25860353, 8.2, 14, 中国历代王朝兴衰录•元朝风云
26617178, 6.4, 47, 西夏王朝
05250560, 6.1, 62, 为什么剩女不结婚
05920815, 7.0, 27, 二战之谜
02171669, 8.6, 11, 日本文物精华
10740539, 7.9, 15, 文明的曙光
01033723, 7.1, 24, 血型魔方
01311954, 7.5, 18, 中国格调
06834227, 7.6, 17, 考古学史话
25830799, 6.5, 36, 魏晋南北朝史
01012563, 7.2, 21, 大家的经济学
05405843, 7.0, 24, 原来这是经济学
01215900, 7.9, 14, 天气与气候
30424134, 6.5, 35, 大历史与人类的未来
01323379, 7.1, 22, 情僧
01225866, 6.9, 25, 安格尔画传
04906797, 6.7, 28, Advertising
05359849, 6.0, 54, 36.5℃行为经济学
06813360, 7.4, 17, 训诂学史话
01775740, 6.5, 30, 东京仙履奇缘 / 白雪情缘
01065404, 6.8, 23, 趣味考古
01326634, 6.6, 25, 粟裕大将
02078869, 7.5, 14, 中国国民党台湾四十年史
27117065, 7.5, 14, 布劳尔象限
26717060, 7.1, 17, 隐秘心理学
03274541, 6.2, 32, 书籍的历史
10541149, 6.0, 39, 县委班子
03612582, 5.5, 70, 视读存在主义
25972810, 5.9, 40, Fire Bible 2014（有范儿2014）
01852804, 7.1, 15, 四川大凉山
06850276, 7.9, 10, 我只是坚持做对的事
04033022, 6.2, 28, 给历史把脉之大案人心
05332528, 6.8, 17, 唐诗宋词中的风雅与时尚
10576177, 6.8, 17, 一本书学会道教常识
03290785, 6.4, 22, 外国优秀侦探小说选
01248727, 6.2, 26, 大鱼吃小鱼
06795515, 6.3, 22, 说猫的坏话
25728351, 5.5, 45, 很冷很冷的冷门知识（第2季）
03815167, 6.1, 23, 道教十讲
02695273, 5.5, 43, 人脉是画出来的
30184543, 4.9, 90, 脑洞
01278989, 7.0, 11, 人一生要解决的50个关键问题
01104784, 6.2, 18, 鼓舞人心的剪贴本
25774095, 5.1, 59, 中国人的自信与自卑
01331685, 6.6, 12, 性偵探大師-佛洛伊德的愛慾推理
04033023, 5.9, 17, 给历史把脉之疑难杂案
19987303, 5.2, 30, 中国共产党如何治理国家？
01661443, 6.2, 11, 全球新传播
01287573, 5.5, 16, 凝固的华章
20315292, 5.3, 15, 用心去工作
26277365, 4.8, 23, 中国历史的瞬间
03412596, 4.3, 36, 通货膨胀下老百姓的生存法则
01227820, 0.0, 10, 领导力药片
01844070, 0.0, 10, 大阪夏日
03465666, 0.0, 10, 玫瑰雨
30314838, 0.0, 10, 魏晉南北朝文化史
01075948, 0.0, 11, 疯狂口才
03784092, 0.0, 11, Life and Death are Wearing Me Out
10540526, 0.0, 11, 二手房销售超级训练手册
01052719, 0.0, 12, 阅读大师的智慧
03285991, 0.0, 12, Hyperspace
26282953, 0.0, 229, 大国推手
