2020-07-05 16:00:19

number of books, tag name
71, 遗传

ID, rating, votes, title
01007305, 9.6, 291328, 红楼梦
01102715, 9.1, 9675, 从一到无穷大
11445548, 8.5, 12512, 自私的基因
01292405, 8.6, 6482, 自私的基因
27168433, 8.7, 3324, 基因传
06749832, 9.0, 2222, 复杂
04312825, 8.6, 1963, 人类动物园
01046620, 8.9, 1348, 我们为什么生病
25793667, 8.2, 3206, 植物知道生命的答案
01291817, 8.6, 1594, 细胞生命的礼赞
02270925, 8.5, 1413, 病者生存
33376237, 8.9, 864, 我包罗万象
01062309, 8.9, 808, 基因组
04846032, 8.0, 2242, 性别战争
01445558, 8.8, 670, 物种起源
04735702, 9.0, 409, DNA：生命的秘密
30309613, 8.3, 786, 自私的基因
01287910, 8.6, 538, 家
27596897, 9.2, 214, 演化的故事
26754245, 8.9, 250, The Gene
01001292, 8.0, 567, 惊人的假说
30312155, 8.2, 430, 尼安德特人
01464981, 8.1, 432, 春
26281143, 9.3, 140, 基因组
04739526, 9.2, 131, 进化动力学
30396021, 8.9, 159, 生命的运作方式
01453798, 8.7, 184, 寻找生命的逻辑
01803961, 8.2, 286, 双螺旋
01488318, 8.4, 233, 先天，后天
01071936, 8.4, 227, 隐秩序
01280917, 8.7, 145, 基因VⅢ
04832192, 8.0, 226, 上帝的迷思
05408894, 7.5, 348, 你需要多少朋友
01035755, 8.8, 102, 故事的歌手
01427464, 7.8, 238, 盲眼钟表匠
01035843, 7.9, 207, 谜米机器
26877916, 8.2, 154, 盲眼钟表匠：生命自然选择的秘密
01508811, 8.3, 137, 遗传学（上册）
26617461, 7.5, 283, 写在基因里的食谱
01046794, 8.5, 107, 伊甸园之河
21336200, 8.1, 135, 基因之河
01678219, 9.0, 62, 夏娃的七个女儿
26581121, 7.8, 126, 天生的烦恼
27084491, 7.5, 149, 我们人类的基因
05338171, 8.0, 91, 生命的语言
26352345, 7.7, 108, 先天后天
27003836, 7.9, 85, 基因泰克：生物技术王国的匠心传奇
34913672, 8.5, 53, 孟德尔妖
03007066, 7.7, 88, 行为遗传学
03756525, 7.6, 94, 解码生命
26934470, 8.0, 55, 双螺旋（插图注释本）
05406390, 8.0, 51, 谜米机器
01033747, 8.2, 42, 双螺旋探秘
26732448, 8.2, 40, Y染色体与东亚族群演化
01531685, 8.7, 23, 科学探索者.细胞与遗传
06529685, 8.5, 18, 情绪调节手册
03000214, 8.2, 20, 偶然性和必然性
01021523, 7.4, 31, 生物技术世纪
30280100, 8.5, 11, 不自私的基因
30164682, 6.6, 33, 解码生命
03685522, 8.2, 10, The 10
01286999, 7.6, 12, 中国姓氏
02069515, 7.9, 10, Genetics
01309231, 7.6, 11, 人之书
01814687, 7.4, 12, 人类肤纹学
01231767, 7.0, 14, 遗传算法
33587150, 6.5, 14, 人人都该懂的遗传学
02010095, 6.0, 16, 人类基因研究报告
25726280, 0.0, 10, 小提琴家的大拇指
02108552, 0.0, 11, Genetics From Genes to Genomes
03216605, 0.0, 12, 自然与人工系统中的适应
