2020-07-05 16:00:19

number of books, tag name
337, 郭敬明

ID, rating, votes, title
01084336, 9.0, 576802, 小王子
03211779, 8.9, 411971, 嫌疑人X的献身
02567698, 8.8, 375330, 三体
20427187, 8.8, 276241, 看见
01041482, 8.9, 143763, 万历十五年
02070844, 8.8, 76295, 梦里花落知多少
01949338, 8.9, 53040, 明朝那些事儿（贰）
03162991, 9.6, 14972, 艺术的故事
04742918, 8.3, 111159, 1Q84 BOOK 1
01474842, 9.1, 17585, NANA（1-13）
03014576, 8.3, 64402, 陪安东尼度过漫长岁月
04714734, 8.3, 60224, 这些都是你给我的爱
01082398, 8.8, 22112, 梦里花落知多少
03057333, 9.1, 13383, 城南旧事
01088711, 9.1, 12938, 霸王别姬
03012517, 8.6, 27902, 小姨多鹤
01431836, 8.6, 27001, 我的路
01085883, 8.7, 20026, 青铜时代
02209098, 7.8, 90010, 致我们终将逝去的青春
05327697, 8.2, 37791, 橙
01963310, 8.2, 36978, 大地之灯
02056749, 8.1, 40337, 时间旅行者的妻子
03598313, 7.9, 55931, 西决
04238754, 8.0, 40775, 失恋33天
01440089, 8.3, 21712, 那些生命中温暖而美好的事情
01026425, 7.4, 108287, 三重门
11527101, 8.4, 14549, 这些都是你给我的爱2
01049219, 7.4, 81905, 长安乱
01016300, 7.1, 161994, 梦里花落知多少
02042063, 8.4, 10349, 伊斯坦布尔
01227838, 7.6, 41229, 年华是无效信
01453210, 7.4, 59056, 一座城池
01049189, 7.3, 73925, 1995-2005夏至未至
01024217, 7.4, 55654, 第一次的亲密接触
03108829, 7.8, 23900, 全世爱
04324975, 8.7, 5044, 下垂眼
01504957, 8.6, 5752, 学会提问
05243268, 8.6, 5345, 走向春天的下午
02382705, 7.6, 27429, 不朽
01059406, 7.0, 101838, 幻城
06709834, 8.4, 6577, 爸爸爱喜禾
01948502, 7.7, 20593, 1995-2005夏至未至
03103080, 7.6, 24547, 须臾
06007431, 8.4, 6022, 我不是完美小孩
04289265, 8.5, 4832, 如果声音不记得
01009160, 7.3, 40046, 像少年啦飞驰
10607710, 8.0, 10330, 世间的盐
10598170, 8.1, 8714, 我不要你死于一事无成
01035477, 7.9, 12094, 德伯家的苔丝
04818929, 7.6, 19506, 夏至未至
10546850, 8.8, 2966, 内在的天空
03274851, 8.0, 9203, 原谅我红尘颠倒
04746554, 7.9, 10036, 年华是无效信
01034108, 7.2, 38502, 零下一度
01382842, 8.8, 2486, 夢裡花落知多少
01915536, 7.3, 27397, 尘埃星球
03266968, 7.2, 33362, 秘密
01048441, 8.3, 4283, 透明的哀伤
03825658, 7.8, 9385, 全世爱Ⅱ·丝婚四年
01892491, 7.8, 9021, 如果墙会说话
05916234, 7.6, 12697, 番茄工作法图解
03056892, 7.3, 22537, 幻城
20424609, 8.0, 5691, 妩媚航班
05403007, 7.6, 11125, 剩者为王
01087758, 7.3, 19657, 花季雨季
04212607, 7.6, 10516, 有味
04766047, 7.8, 7301, 祸国
04862350, 8.6, 2258, 我不是完美小孩
01796596, 7.2, 19686, 左耳
01331571, 7.6, 9044, 地下室
07059909, 7.4, 12841, 南音 （上）
01596305, 6.8, 47420, 泡沫之夏
04282049, 8.3, 2690, 三四郎
04706499, 7.7, 6641, 燃烧的男孩
04894562, 8.2, 2598, 微光世界
03191328, 6.5, 69882, 小时代1.0折纸时代
01006881, 6.7, 40651, 左手倒影，右手年华。
01046385, 7.1, 15889, 毒
06727877, 8.5, 1636, 文艺风象·消夏
06895313, 7.7, 5017, 原来
01862115, 7.1, 14171, 当时只道是寻常
06017111, 8.1, 2502, 文艺风象·A梦
06017128, 7.7, 4272, 芙蓉如面柳如眉
03825659, 8.1, 2335, 大梦
06041708, 7.7, 4159, 世上另一个我(修订版)
02062200, 6.2, 100681, 悲伤逆流成河
01060779, 7.4, 5970, 圈里圈外
06394238, 8.1, 2006, 天鹅·光源
05264089, 7.7, 3581, 痕记
01006646, 7.2, 8435, 幻城
04920037, 6.9, 14304, 临界·爵迹 I
10562386, 8.2, 1490, 文艺风象·去看你的演唱会
04920036, 7.0, 10451, 临界·爵迹 Ⅱ
03812797, 7.7, 2885, 关于莉莉周的一切
03773943, 8.5, 976, 爱与孤独
01041550, 6.6, 21467, 爱与痛的边缘
01614439, 9.1, 483, 商店照明
02700656, 6.8, 12546, 悲伤逆流成河
06855851, 8.3, 1089, 文艺风象·TA和TA的猫
04038164, 6.3, 42160, 小时代2.0虚铜时代
03816859, 7.4, 3831, 四重音
05996565, 7.8, 2023, 麦田里的守望者
01459494, 7.5, 3123, 岛（Vol.6）
01031818, 7.4, 3581, 我爱阳光
10437170, 8.1, 1269, 文艺风象·照相机是恋人
03289609, 7.0, 6961, 这么远，那么近
02139618, 7.3, 3638, 寻找前世之旅续集
01082600, 7.6, 2138, 圈里圈外
04027816, 7.0, 5874, 浮世德
03078848, 7.7, 1671, 紫极舞
03015804, 7.6, 1812, 你我交汇在遥远行星
10522600, 8.1, 847, 文艺风象·零嘴儿
01918122, 7.4, 2216, 门
01902593, 7.1, 3638, 最小说（第一辑）
11505946, 7.2, 3021, 剩者为王Ⅱ
03014715, 7.1, 3359, 岛（Vol.10）
07050981, 8.0, 882, 飞蛾特快
01069071, 6.9, 4778, 岛
10468951, 7.8, 1126, 她她
01364204, 7.7, 1265, 夢裡花落知多少.
02179956, 6.9, 4629, 左手倒影.右手年华
10774185, 7.9, 949, 文艺风象·毕业即胜利
04721737, 7.2, 2604, 迷津
06828611, 6.2, 20882, 小时代3.0：刺金时代
24857335, 8.3, 529, 天鹅4·永夜
02342023, 7.2, 2268, 最小说·第十四辑
06430234, 8.1, 655, 最后一只猫
10618254, 7.9, 817, 文艺风象·雨天爱好者
03662820, 7.4, 1573, 最小说(2009.21)
04722280, 8.0, 697, 青春白恼会2
03001863, 8.5, 395, Wolf Totem
04737152, 6.9, 3307, 时光机
03133952, 7.1, 2137, 最小说（2008 07）
06894467, 7.2, 1797, 血腥的盛唐
02239124, 7.2, 1756, 恋爱习题
02239127, 7.2, 1755, 假面舞会
25786283, 6.6, 5157, 女王乔安
02239128, 7.3, 1475, 不许时光倒流
06845414, 6.5, 6292, 去，你的旅行
10789216, 7.2, 1664, 又冷又明亮
02157753, 7.3, 1418, 最小说 第十辑
05939295, 6.7, 3939, 鸟人计划
02297693, 7.3, 1298, 最小说第13辑
01956018, 9.0, 197, 世界哲学史
01970604, 7.4, 1104, 圈里圈外
27069751, 8.3, 367, 建筑，从那一天开始
02263931, 7.3, 1251, 最小说.第12辑
02089279, 7.1, 1626, 我的非正常生活
06811711, 7.0, 1899, 桥声
01783517, 7.6, 765, 小镇生活
04638933, 6.8, 2611, 小时代1.5·青木时代VOL.2
02229412, 7.3, 1114, 最小说（2007.09 第十一辑）
02298304, 7.4, 926, 最小说 第13辑
03822249, 7.3, 1043, 第一届『THE NEXT·文学之新』新人选拔赛作品集（上）
03016869, 7.3, 1037, 最小说(2008.03)
04923624, 7.2, 1177, 男友告急
02290166, 7.5, 722, 痕记
04831219, 8.0, 390, 青春白恼会4
01449981, 6.2, 6669, 无极
01799942, 7.2, 956, 那些事，那些人
25745152, 6.6, 2600, 愿风裁尘
01820965, 9.0, 142, 藏传佛教绘画史
04638931, 6.6, 2452, 小时代1.5·青木时代VOL.1
04850486, 7.1, 1031, 童年是孤单的冒险
04847853, 7.0, 1164, 锦葵
01492431, 7.3, 740, 写得像郭敬明一样好
01091323, 7.4, 564, 吉他自学三月通（第二版）
04864202, 6.8, 1252, 小时代1.5·青木时代VOL.3
05327717, 7.0, 858, 小祖宗1.0魔术师
01052549, 7.0, 801, 赤道划破城市的脸
02973013, 7.8, 282, 周杰伦@大灌篮
27099097, 7.6, 345, 文艺风象
02973993, 7.0, 724, 梦延年
21792502, 7.0, 679, 你可以爱我
04846147, 7.0, 676, 王牌大助理
23860406, 8.7, 112, N.世界
04050771, 7.2, 498, 第一届“THE NEXT·文学之新”新人选拔赛作品集（下）
01082844, 6.8, 872, 猜火车
23217342, 7.1, 455, 故乡
21792505, 6.6, 958, 160 170 180
05915713, 6.0, 3032, 爵迹.燃魂书
05411085, 6.8, 673, 小时代1.5·青木时代VOL.4
01291774, 7.0, 497, 郭敬明作品集
25892731, 7.0, 493, 下一站·那不勒斯
06744663, 7.0, 457, 最小说
03026745, 7.6, 219, 10年新概念
06772375, 7.5, 239, 骑誓·冰川骑士的第十二条规则
25725062, 6.8, 560, 下一站·法国南部
01821283, 8.6, 83, 風華絕色複製畫集—綰青絲
05323938, 7.7, 174, 最漫画·桃花号
05915726, 7.3, 261, 临界·爵迹限量版 豪华礼盒
06730473, 6.7, 577, 那时年少
20424612, 6.7, 573, 纯禽史
06540981, 7.4, 214, 骑誓·蔷薇骑士的焚梦书
01957692, 6.0, 1821, 麻雀要革命Ⅲ
01690498, 6.8, 447, 一起沉默
10540669, 6.7, 490, 不夏
25855964, 6.5, 659, 守岁白驹
26818782, 6.7, 476, 爵迹：雾雪零尘
06891410, 6.4, 764, 最后我们留给世界的
07050982, 6.9, 332, 小时代3.0刺金时代（限量珍藏版）
06777935, 6.9, 330, 东倾记·神启
07163004, 7.4, 181, 小时代2.5锋银时代VOL.2
01806718, 8.2, 86, 天亮说晚安
26805837, 6.5, 568, 夏至未至
26359469, 7.1, 248, 我只能短暂地陪你一辈子
01705860, 6.3, 774, 庄周梦蝶
10443327, 7.3, 184, 放课后（2012.01）
24732341, 6.6, 446, 小时代1.0折纸时代（修订本）
20276083, 6.5, 510, 下一站·济州岛
26824352, 6.8, 328, 爵迹：永生之海
06965586, 7.0, 243, 爵
06777937, 6.7, 358, 小祖宗2.0命运之轮
05395832, 7.6, 125, 最漫画·天鹅号
24733576, 7.9, 95, 小时代电影全记录(精装版)
23860409, 7.2, 180, 任凭这空虚沸腾
03030112, 7.6, 118, 假如明天没有太阳
01254347, 7.2, 170, 2005夏至未至
06077762, 7.2, 168, 第二届“THE NEXT·文学之新”优秀入选作品集
10732858, 6.2, 671, 少数派报告
11583781, 7.2, 167, 锋银时代-小时代2.5-VOL.3
01368360, 6.8, 259, 幻城
05915717, 7.9, 82, 最漫画·山海号
05915714, 6.1, 730, 我们约会吧（全2册）
01082772, 7.3, 135, 新概念作文大赛获奖者散文精选
01158131, 7.6, 101, 北大女生
04706709, 7.0, 186, 悲伤逆流成河（限量版）
20411257, 7.9, 77, 文艺风赏.流言
04040834, 6.4, 401, 悲伤逆流成河
02973663, 7.0, 175, 万劫
01111400, 8.5, 48, 北风后面的国家
10440507, 6.5, 269, 蜀红
25862448, 6.0, 573, 怀石逾沙
07163003, 6.5, 240, 八音盒
03026984, 7.4, 86, 可爱的苹果：新概念作文10年纪念版
26824353, 6.1, 429, 爵迹：冷血狂宴
26766312, 7.3, 92, 飞蛾特快•寄念
25906803, 7.1, 109, 小时代2.0虚铜时代（修订本）
10593892, 6.7, 170, 爵迹囧格
26990558, 7.4, 80, 我成为怪物那天
20450685, 6.1, 383, 魑魅魍魉
10511568, 7.5, 70, 放课后(2012年2月号)
24722730, 6.1, 348, 小时代电影全记录
04226048, 8.2, 40, 王安忆小说选
21241208, 6.8, 125, 小时代2.5锋银时代
26766301, 6.8, 125, 北京人在北京•煮海
01420358, 6.6, 158, 春末夏初
02911748, 7.7, 52, 周杰伦@大灌篮
11505943, 5.8, 450, 下一站·吉隆坡
06017127, 6.2, 230, 骑誓·十字骑士的诅咒
25920867, 7.6, 51, 小时代电影全记录Ⅱ—刺金时代（精装版）
01288529, 6.0, 291, 爱是寂寞撒的谎
01036837, 7.0, 79, 布老虎青春文学 第一辑
06851070, 6.5, 134, 第二届“THE NEXT·文学之新”决赛优秀作品集
06311635, 7.7, 43, 最漫画·国粹号
01082771, 6.7, 103, 新概念作文大赛获奖者小说精选
01079171, 7.3, 55, 穿越郭敬明
03234664, 7.1, 65, 把你的照片换成钱
01683759, 5.4, 751, 青春散场
10438555, 6.3, 151, 最小说.2008.05
26794352, 5.2, 1099, 悲伤逆流成河
04920302, 6.8, 79, 书衣魅影
26973031, 6.3, 138, 我喜欢的 奇怪的你
30199964, 7.8, 34, 有爱
03064305, 6.9, 69, 青春·扬花·念念不忘
25902007, 5.3, 755, 南风知我意
26354175, 5.9, 233, 下一站·哥本哈根
26769994, 6.0, 196, 幻城
21365383, 7.1, 53, 放课后特典
27175862, 6.9, 62, 深夜自愈指南
26942523, 7.4, 40, 前往闪亮的旧时光
06430237, 7.3, 43, 最漫画·诡迹号
10490861, 6.8, 64, 两世花开香满袖
25910835, 6.2, 118, 小时代3.0刺金时代（修订本）
10473660, 7.2, 42, 小時代1.0
27087565, 6.6, 67, 在成为平凡的大人前
06808046, 7.3, 35, 最漫画·小祖宗号
01068333, 5.5, 293, 幻城漫画版
01462590, 6.2, 98, 無極
01881099, 6.3, 82, 男人眼中女人的身体
06864893, 7.6, 26, 最漫画·封神号
26637220, 6.0, 114, 爱·别·离
04278409, 6.7, 51, 成名
06728766, 7.4, 29, 爱绘生活
20270241, 6.8, 46, 诡迹（下）
20304684, 6.0, 105, 爵迹
05992349, 5.2, 412, 骑誓·蛊骑士的灵印
03102931, 6.1, 83, 五十米爱琴海
01064922, 6.0, 94, 一切归零
03037902, 6.8, 40, 蔷薇的泡沫
26428285, 7.3, 25, 灵魂尽头——小时代电影全记录Ⅲ（精装版）
04822943, 6.8, 35, 不是因为寂寞才想你
06749782, 7.5, 21, 最漫画·时代号
25919915, 5.5, 135, 刺金时代——小时代电影全记录II
20270242, 6.2, 52, 诡迹（上）
25848682, 6.6, 35, 新·山海经 VOL.1
10781518, 6.9, 27, 悲傷逆流成河
07063772, 7.4, 19, 最漫画·轩辕号
01290139, 5.7, 85, 初恋
10531029, 7.6, 16, 积木城堡里的爸爸
26825974, 7.1, 21, 十年后
10828524, 6.0, 52, 幻城1
01002278, 5.0, 223, 痴鸟
25778600, 5.9, 52, 最小说2008.11
25778304, 6.3, 34, 最小说2009.六月上
10786086, 6.2, 37, 夏至未至
06527850, 7.0, 19, 悲しみは逆流して河になる
03726739, 6.1, 37, 刻在时光里的爱情
26433328, 6.9, 19, 时代帧相——小时代光影全集
25778605, 5.7, 54, 最小说2008.12
01069911, 5.2, 111, 幻城之恋
25848684, 6.6, 22, 新·山海经 VOL.2
26428296, 5.8, 46, 灵魂尽头——小时代电影全记录Ⅲ（平装版）
03283475, 6.7, 20, 今天谁最美丽
10436662, 6.7, 20, 最漫画·仙缘号
06976128, 6.1, 30, 最漫画
07174550, 5.8, 39, 最漫画·爵迹号
25778450, 5.5, 54, 最小说2008.06
25778297, 5.6, 45, 最小说.2008.08
24530392, 6.0, 28, 畅销的秘密·人物篇
04190164, 6.8, 14, 我的世界日光倾城
26954685, 5.9, 28, 最爱你的人
04860641, 7.0, 12, 中国传统图案设计
26939329, 5.7, 31, 把孤单岁月分享
25965902, 5.9, 24, 我的恋人不是人
10828523, 5.5, 33, 幻城2
10781544, 6.4, 14, 悲傷逆流成河
24530389, 5.6, 26, 畅销的秘密·景物篇
10828522, 5.8, 20, 幻城3
24530391, 5.7, 20, 畅销的秘密•奇幻篇
04928487, 5.8, 17, 明媚与忧伤的时光
24530393, 5.1, 26, 畅销的秘密·校园篇
26893840, 4.9, 28, 爵迹梦鉴集：电影全记录
10781502, 4.8, 24, 小時代1.0折紙時代
10786091, 4.4, 26, 臨界·爵跡I
26939332, 4.5, 22, 所有关于爱的
01334723, 0.0, 14, 貓咪魔法學校03-最初的預言
