2020-07-05 16:00:19

number of books, tag name
172, 金钱

ID, rating, votes, title
01083428, 8.9, 186606, 傲慢与偏见
01085860, 9.0, 100581, 基督山伯爵
03576486, 9.1, 31099, 小狗钱钱
01212893, 8.8, 45465, 鹿鼎记（全五册）
05337248, 8.9, 35477, 台北人
01016003, 8.1, 153085, 鲁滨逊漂流记
06798611, 8.7, 47506, 史蒂夫·乔布斯传
01400705, 8.1, 134118, 情人
03017857, 8.6, 49035, 金锁记
25762009, 9.1, 16809, 教父
01033778, 8.3, 58358, 富爸爸，穷爸爸
10738023, 8.7, 24768, 了不起的盖茨比
01258498, 8.4, 40250, 项链
02022979, 8.0, 62016, 喜宝
02256039, 7.8, 92460, 杜拉拉升职记
01095634, 8.7, 11111, 小狗钱钱
01860750, 8.4, 17418, 了不起的盖茨比
04882133, 8.5, 13516, 兄弟
03291111, 8.5, 11107, 富爸爸穷爸爸
01084973, 8.9, 5673, 基督山伯爵（上下）
01031741, 7.8, 30925, 欧也妮·葛朗台
01121460, 9.3, 2926, 基督山伯爵(上下)
30280804, 8.4, 9209, 薛兆丰经济学讲义
02348372, 8.3, 9761, 野蛮生长
01613372, 8.4, 7800, 喜宝
01703544, 7.4, 43433, 兄弟（下）
01119528, 8.0, 13529, 高老头
04737329, 7.6, 23095, 龙族Ⅰ
02081876, 7.2, 43595, 货币战争
03274851, 8.0, 9203, 原谅我红尘颠倒
03891900, 7.9, 9821, 金融的逻辑
01092246, 8.1, 5135, 百万英镑
01784790, 9.0, 1448, 傅山的世界
04902444, 8.4, 2889, 了不起的盖茨比
03025921, 7.7, 8383, 黑天鹅
04249967, 8.0, 4751, 财务自由之路
04742954, 9.3, 854, 基度山恩仇记
01047325, 9.2, 943, 老妇还乡
03073494, 7.4, 10877, 人淡如菊
01458050, 8.9, 1223, The Great Gatsby
03439437, 7.7, 6278, 阿修罗
01083476, 8.2, 2783, 欧也妮·葛朗台
01972412, 8.1, 3182, 说谎者的扑克牌
01442035, 7.8, 5020, 连城诀
03191328, 6.5, 69882, 小时代1.0折纸时代
26178426, 7.5, 6939, 稀缺
01322328, 7.4, 8099, 不羁的风
01003598, 8.4, 1311, 富爸爸，穷爸爸
01484300, 7.6, 3881, 承欢记
27009488, 7.7, 2814, 财务自由之路
30274068, 8.3, 1117, 经济学的思维方式
01029513, 8.5, 814, 聪明的投资者
23186549, 7.8, 1964, 我们家
27045965, 8.1, 1258, 有钱人和你想的不一样
20507368, 7.0, 6578, 了不起的盖茨比
06851608, 7.9, 1487, 奢侈的！
20366367, 7.8, 1609, 金钱不能买什么
01429642, 7.8, 1141, 巴菲特与索罗斯的投资习惯
01052065, 8.8, 358, 张爱玲
06828611, 6.2, 20882, 小时代3.0：刺金时代
26237302, 7.1, 2227, 金钱有术
04010184, 7.3, 1592, 本能
30267655, 9.7, 125, 高老头+欧也妮·葛朗台
03692842, 7.7, 760, 论势
06556842, 8.5, 303, 美与孽
04292171, 8.7, 244, 金钱、性别、现代生活风格
02977509, 7.7, 699, 有钱人想的和你不一样
01437750, 9.2, 158, Great Expectations
06885348, 8.1, 402, 鳄鱼的黄眼睛
03129218, 8.7, 214, 雅典的泰门
03513006, 7.8, 493, 失落的致富经典
26581565, 7.2, 1075, 亿男
01042765, 8.6, 215, 金钱、性别、现代生活风格
01894765, 8.1, 341, 欧也妮.葛朗台（高中部分）
05411111, 6.9, 1523, 30年后，你拿什么养活自己2
07015980, 8.2, 280, What Money Can&#39;t Buy
04039354, 7.7, 415, 论战
03328723, 7.1, 827, 富爸爸女人一定要有钱
27078077, 8.7, 146, 高老头
26631269, 8.6, 158, 洛克菲勒写给儿子的38封信
06541362, 7.8, 328, 你值得过更好的生活
01527219, 8.2, 207, 美国的悲剧
04836453, 7.7, 307, 论性
07000144, 7.7, 307, 一年不花钱
01022955, 7.8, 265, 安德列.科斯托拉尼最佳金钱故事
24738573, 6.4, 1917, 论文艺女青年如何培养女王气场
10765018, 7.6, 321, 拿工薪，三十几岁你也能赚到600万
03814940, 8.1, 186, 乐透彩
26661519, 9.5, 64, 富裕，屬於口袋裝滿快樂的人
03039806, 7.4, 366, 美元大崩溃
05386830, 7.6, 279, 我如何从股市赚了200万
01151847, 8.2, 152, 雅典的泰门
25977138, 7.6, 271, 金钱的灵魂
01067244, 9.0, 79, 杰克伦敦文集(上下)
27116303, 8.3, 125, 让叶兰继续飘扬
02129371, 7.3, 336, 泯灭
03315727, 6.7, 771, 雪融化后是春天
04139970, 7.8, 178, 当大脑遇到金钱
10550572, 8.2, 123, 金钱关系
24705392, 6.8, 532, 金融可以颠覆历史
01006958, 8.2, 108, 洗衣船
01313446, 7.2, 270, 我爱钱
03932515, 7.6, 169, 亿万富翁想的和你不一样
06850915, 6.2, 1123, 有钱人为何用长钱包
01223685, 7.5, 175, 向格雷厄姆学思考向巴菲特学投资
03319629, 9.0, 49, Atlas Shrugged
20499466, 9.0, 45, 极限金钱
05360181, 7.7, 116, 富爸爸教你买卖贵金属
01415323, 7.3, 170, 富爸爸商学院
01735183, 7.8, 103, 欧也妮·葛朗台高老头
01052617, 8.2, 71, 七年成为百万富翁
27050472, 8.2, 68, 金錢整理
01916467, 8.2, 65, 金钱
01149048, 7.5, 110, 满江红
24847315, 7.0, 150, 非富不可：曹仁超给年轻人的投资忠告
04249172, 7.3, 109, 金钱统治
26843394, 7.8, 65, 我想跟自己谈谈金钱哲学
04758370, 7.2, 101, 富脑袋才有富口袋
01477004, 8.2, 44, 富足人生
02343581, 7.1, 106, 思危：犹太人的赚钱哲学
11591964, 8.5, 32, 超级产品的本质
03869250, 6.4, 186, 如有爱倾城
03522645, 7.9, 42, 财富的智慧
01982909, 6.2, 233, “奔奔族”理财
04923498, 7.3, 60, 钱美丽
26739569, 8.9, 21, 财富的灵性法则
04113116, 6.7, 100, 魔法钱包
25815621, 7.4, 50, 三分之一
10804978, 8.4, 25, 順流致富法則
03193853, 8.0, 31, 钻石人生
30217320, 8.1, 28, 富者的遗言
27156363, 8.5, 22, 讓好運每天都發生
04184808, 7.0, 59, 财富的秘密
01228538, 7.7, 34, 福布斯电脑革命史
01397772, 8.1, 26, 金钱的运作
20284794, 7.6, 34, 我们都能成为有钱人
30377601, 6.5, 87, 怪诞行为学5：理智与金钱
06424773, 6.0, 146, 欺诈原理
11538543, 7.1, 42, 货币是个什么东西
10762731, 6.6, 63, 就想有一间自己的公寓
25895996, 7.8, 24, 瞬间启动财富
04252509, 7.5, 29, 想法對了，錢就進來了：技術分析沒有告訴你的獲利心法
19894420, 7.5, 26, 要钱还是要命
30838779, 6.4, 61, 把自己当作公司来经营（生活美学大师松浦弥太郎说：人生就是不断做出各种选择，经营“自己公司”也一样）
01183865, 6.6, 48, 跟亿万富翁学徒
20391641, 7.4, 23, 恐惧
10738437, 8.4, 13, 富足，从心开始
06110282, 6.9, 29, 王永庆来不及教你的14堂理财课
22789163, 6.9, 29, 我靠基金38岁退休
03720448, 6.6, 35, 规则
03225655, 6.9, 27, 女人可以赚更多
01080825, 7.2, 21, 生财有道
10416326, 7.0, 24, 财富的真相
27622035, 6.5, 35, 地球省
27135139, 7.0, 21, 了不起的盖茨比
01431511, 6.9, 19, 犹太人的赚钱智慧
19975992, 7.8, 11, 把錢踩在腳底下的練習
27193565, 6.6, 21, Dollars and Sense
03730943, 6.2, 27, 金钱的真相
02030977, 7.2, 13, 城市蚂蚁
03064386, 6.6, 15, 错币
05411653, 6.0, 20, 百万富翁的储钱罐
06425853, 5.0, 63, 全球黑帮花名册
04220315, 4.9, 55, 给穷忙族看的理财书
03033219, 5.7, 19, 金钱战争
01130887, 0.0, 11, 欲望之门
27089563, 0.0, 11, 造假者的声望
03287306, 0.0, 12, Enough
04894201, 0.0, 12, 娜娜
20507483, 0.0, 12, 富足一生
26261077, 0.0, 16, 艺术家也爱金钱
05350232, 0.0, 81, Parvenüs und Profiteure
