2020-07-05 16:00:19

number of books, tag name
83, 锻炼

ID, rating, votes, title
03369600, 8.2, 78466, 当我谈跑步时我谈些什么
10786473, 8.2, 45628, 自控力
01048007, 8.2, 26142, 高效能人士的七个习惯（精华版）
25717097, 8.6, 5683, 囚徒健身
07067916, 9.2, 2364, 施瓦辛格健身全书
03002878, 8.7, 3599, 优势谈判
02161983, 8.8, 1717, 怀斯曼生存手册
11542577, 8.6, 2179, 天生就会跑
11608712, 8.6, 2059, 无器械健身
03071208, 9.1, 729, 一章木椅
01085660, 8.0, 2587, 尽管去做
02341848, 7.9, 2326, 身体语言密码
25750714, 7.6, 1997, 爱上跑步的13周
01862145, 7.9, 1308, YOU：身体使用手册
03744041, 7.1, 4523, 晨间日记的奇迹
26648290, 8.7, 457, 酸痛拉筋解剖书
01326023, 8.7, 450, 肌肉健美训练图解
26126563, 8.2, 589, 囚徒健身2
06039397, 8.0, 721, 哪啊哪啊神去村
25755874, 7.5, 1366, 运动改造大脑
10788371, 6.9, 3371, 清单革命
22993407, 7.7, 961, 跑步，该怎么跑？
02340062, 7.4, 1367, 跑步圣经
27026953, 8.8, 246, 你可以跑得更快
26387817, 8.2, 437, 核心基础运动
03674397, 8.7, 262, Procrastination
05981419, 8.3, 374, 跑步，該怎麼跑？
26818259, 7.8, 487, 精准拉伸
10796117, 8.8, 181, 肌肉健美训练图解
05921328, 8.4, 254, 麦肯基疗法
34901074, 8.9, 152, 量化健身：原理解析
19980140, 8.1, 250, 四周练出一身肌肉
04747546, 9.3, 92, 截拳道-李小龙武道释义
27667267, 7.3, 570, 明年更年轻
27126696, 8.6, 109, 体育运动中的功能性训练（第2版）
03109981, 9.1, 76, 体适能基础理论
17771919, 8.0, 135, Scarcity
26616655, 7.6, 197, 跑步指南
26351948, 8.9, 67, 肌肉训练完全图解：拉伸训练
06557212, 8.0, 114, YOU
26672540, 7.9, 121, 别忘你也曾野心勃勃
26409581, 7.4, 197, 囚徒增肌
20389199, 7.1, 178, 每周健身4小时
26387908, 7.3, 135, 德式无器械健身
27053820, 7.0, 148, 锻炼改造大脑
27010500, 8.0, 59, 徒手斗士
30236545, 6.6, 229, 健身笔记
26606090, 9.7, 22, The Upward Spiral
26362196, 6.0, 426, 聪明人是如何思考的
01137641, 7.8, 50, NBA体能训练
01083612, 8.9, 25, 网球技术精解全书
01046193, 7.0, 93, 强身手册
26351984, 7.7, 47, 肌肉训练完全图解：跑步运动
34790323, 7.7, 45, 筋膜拉伸
26351989, 8.5, 27, 肌肉训练完全图解：自行车运动
26329402, 8.6, 21, 囚徒健身
34431065, 6.8, 67, 完美体态
03755957, 6.2, 102, 筋长一寸 寿延十年
04334157, 8.8, 15, 7 Weeks to 100 Push-Ups
26787196, 7.6, 27, 终结膝痛
32352124, 8.1, 20, 
25787659, 7.2, 35, 肌肉完全训练计划
26431249, 7.3, 31, 天生就要练
34874279, 9.1, 12, 和企鹅一起做体操
27000676, 7.5, 26, 跑步损伤的预防和恢复
27197364, 6.2, 75, 走路瘦肚
26374450, 7.6, 18, 拉伸
02005849, 7.5, 18, 瑜伽自学百科全书
04713795, 6.7, 31, 逻辑思维训练1200题
10830579, 6.2, 48, 男人持续力
25852266, 6.1, 52, 选男人
30141831, 7.5, 13, 力量训练基础：103个动作练习全面发展身体力量与体能
26294122, 7.5, 12, 家庭健美训练图解（第二卷）
01263752, 7.3, 13, 锻炼圣经
24708169, 6.1, 24, 说话的艺术
26374888, 6.2, 22, 走路圣经
30251563, 5.7, 33, 深度连接
26896932, 5.3, 31, 我要马甲线
26865791, 5.3, 28, 躺在床上锻炼身体
01444646, 5.8, 11, 步行健身与跑步锻炼
03664017, 0.0, 11, 10日塑形你最型
06014215, 0.0, 12, 青花魚教練教你打造王字腹肌
05923010, 0.0, 67, 5小时高效财商课
