2020-07-05 16:00:19

number of books, tag name
935, 长篇小说

ID, rating, votes, title
01007305, 9.6, 291328, 红楼梦
06082808, 9.2, 294599, 百年孤独
27614904, 9.2, 192617, 房思琪的初恋乐园
04820710, 9.3, 147883, 1984
01200840, 9.0, 251408, 平凡的世界（全三部）
01019568, 9.3, 122059, 三国演义（全二册）
01858513, 9.0, 135131, 月亮和六便士
01071241, 9.0, 131721, 哈利·波特与阿兹卡班的囚徒
01029791, 8.8, 191248, 许三观卖血记
04908885, 9.0, 129298, 局外人
01039487, 8.9, 126759, 哈利·波特与密室
26954760, 8.8, 149150, 月亮与六便士
03006581, 8.9, 98941, 无人生还
10564071, 9.2, 45223, 白鹿原
04760224, 9.0, 46977, 许三观卖血记
26986954, 9.0, 45491, 新名字的故事
10517238, 9.0, 42315, 平凡的世界
30172069, 9.1, 35659, 失踪的孩子
01008988, 8.4, 107088, 了不起的盖茨比
01119522, 8.4, 102872, 呼啸山庄
26879778, 9.3, 20740, 杀死一只知更鸟
05337248, 8.9, 35477, 台北人
01008357, 8.6, 57733, 水浒传（全二册）
01856494, 9.4, 14945, 卡拉马佐夫兄弟
24257229, 9.1, 22335, 鼠疫
01013380, 8.2, 107434, 茶花女
26878124, 8.5, 58249, 我的天才女友
26425831, 8.8, 33336, 斯通纳
27104959, 8.7, 34379, 离开的，留下的
25762009, 9.1, 16809, 教父
24257486, 9.1, 16021, 局外人
25826936, 9.5, 9113, 冰与火之歌
26963321, 8.7, 25302, 步履不停
01882933, 8.1, 73253, 鬼吹灯之精绝古城
30336340, 8.7, 23733, 撒野
26923390, 8.5, 33135, 长夜难明
03012517, 8.6, 27902, 小姨多鹤
27064488, 9.4, 8017, 活着
02053249, 8.1, 62230, 麦田里的守望者
20441957, 8.5, 26930, 兄弟
25887924, 9.7, 4578, 卡拉马佐夫兄弟
26210487, 9.0, 11138, 强风吹拂
30471298, 9.2, 8033, 2001：太空漫游
04074636, 7.6, 121333, 放学后
01322455, 8.7, 14200, 遥远的救世主
01022632, 8.8, 11718, 罪与罚
06789551, 8.9, 9510, 不存在的骑士
30142261, 8.9, 9461, 长日将尽
27010212, 8.1, 34544, 芳华
34434309, 7.9, 50446, 82年生的金智英
20421947, 8.6, 14525, 在细雨中呼喊
04826530, 9.1, 6680, 我亲爱的甜橙树
30475767, 8.1, 31735, 人生海海
01465324, 7.7, 67780, 洛丽塔
01926103, 8.0, 34243, 鬼吹灯之云南虫谷
27013741, 8.8, 8833, 黄金时代
04882133, 8.5, 13516, 兄弟
02253381, 9.3, 4330, 战争与和平（全四册）
33413575, 8.9, 7112, 撒野 2
05988624, 8.2, 20694, 远山淡影
10759466, 9.2, 4643, 地下室手记
30128204, 8.9, 6774, 莫斯科绅士
01043485, 8.2, 19610, 檀香刑
06313496, 9.5, 3117, 卡拉马佐夫兄弟
26374532, 8.9, 6491, 霍乱时期的爱情
26451351, 8.7, 8603, 爱情和其他魔鬼
01013502, 7.6, 60625, 钢铁是怎样炼成的
27180479, 9.2, 4332, 奥古斯都
33658616, 8.8, 7070, 克莱因壶
03402999, 8.7, 7945, 到灯塔去
26253695, 9.1, 4452, 孽子
10555535, 8.9, 5623, 如果在冬夜，一个旅人
01938591, 7.9, 27065, 鬼吹灯之昆仑神宫
25887912, 9.3, 3212, 罪与罚
01916726, 7.8, 31507, 鬼吹灯之龙岭迷窟
27132345, 8.8, 6040, 太古和其他的时间
04832584, 9.3, 2992, 笑傲江湖
26896878, 8.9, 4788, 刀锋
27170951, 8.1, 15880, 生吞
26372408, 8.9, 4671, 呼兰河传
27041533, 8.7, 6115, 仿生人会梦见电子羊吗？
25837845, 9.5, 2247, 战争与和平
27200257, 8.6, 6779, 挪威的森林
10740776, 8.4, 8821, 占星术杀人魔法
01046172, 8.4, 8724, 流金岁月
01805514, 8.2, 11867, 阳光下的罪恶
10768068, 8.4, 8522, 寻欢作乐
01575963, 8.9, 4114, The Great Gatsby
27140237, 9.5, 1946, 四世同堂
04169424, 7.9, 18242, 蛙
01010349, 8.1, 12539, 丰乳肥臀
26575679, 8.4, 7568, 当我谈跑步时，我谈些什么（2015典藏版）
01903164, 8.0, 14257, ABC谋杀案
27193117, 8.6, 5514, 我们一无所有
27141102, 9.2, 2522, 许三观卖血记
06313450, 8.9, 3413, 包法利夫人
02158192, 8.4, 6669, 寻羊冒险记
27113801, 8.3, 7278, 使女的故事
34262174, 8.2, 8452, 网内人
01014144, 8.3, 7146, 大卫·科波菲尔（上下）
01006113, 7.8, 16077, 源氏物语
26394018, 9.3, 1870, 生活与命运
25985126, 8.7, 3821, 迷宫中的将军
01262979, 9.2, 2040, 基度山伯爵（上下）
26983338, 8.8, 3297, 老人与海
34451656, 9.2, 1958, 呼兰河传
01946658, 8.2, 7280, 啤酒谋杀案
25837852, 8.9, 2721, 堂吉诃德
04898521, 8.5, 4591, 呼啸山庄
27131538, 8.6, 3978, 白天的房子，夜晚的房子
10519369, 9.3, 1674, 万物生光辉
25897678, 9.0, 2288, 包法利夫人
01058520, 8.9, 2565, 炼金术士
26919445, 9.2, 1801, 骆驼祥子
25720322, 8.8, 2831, 心
11612936, 7.5, 21872, 古董局中局
01469878, 8.5, 3995, 日瓦戈医生
26905337, 9.0, 2010, 檀香刑
24107596, 8.1, 6507, 神经漫游者
20379254, 9.1, 1713, 霍比特人
26757657, 8.2, 5319, 望春风
28171580, 7.7, 12015, 人间便利店
30181685, 8.7, 2599, 莫失莫忘
25887930, 9.3, 1284, 被伤害与侮辱的人们
01200848, 8.2, 5034, 长恨歌
34889883, 8.7, 2504, 云游
30473240, 8.4, 3675, 十二年故人戏
26639310, 8.6, 2786, 我的名字叫红
01082946, 8.8, 2155, 我弥留之际
02062599, 8.5, 3134, 雪
01681426, 8.8, 2098, 杯雪·传杯·秣陵冬
24540864, 6.9, 55199, 第七天
34442090, 8.5, 2974, 王考
01893879, 8.4, 3395, 张居正（全四册）
25985982, 8.4, 3261, 遥远的星辰
03016219, 8.0, 5869, 二三事
26349261, 8.2, 4303, 孤儿列车
03168460, 7.8, 7980, 1973年的弹子球
05917662, 8.5, 2777, 生活在别处
34911983, 8.2, 4159, 坡道上的家
30217599, 8.1, 4602, 断代
33395266, 9.1, 1251, 愤怒的葡萄
30161856, 8.4, 2900, 苹果酒屋的规则
26904658, 8.6, 2216, 丰乳肥臀
06015822, 8.5, 2503, 在细雨中呼喊
10746177, 8.3, 3215, 终结的感觉
33426127, 8.4, 2750, 渺小一生
34813209, 8.7, 1858, 蝲蛄吟唱的地方
30471297, 9.2, 1052, 2010：太空漫游
06313440, 8.8, 1579, 细雪
25839615, 8.9, 1381, 禁色
27115714, 8.3, 2891, 大雪将至
27141620, 9.2, 967, 失明症漫记
26267263, 9.0, 1193, 八月之光
26262050, 9.1, 1059, 肖申克的救赎
27077957, 8.5, 2103, 红拂夜奔
30254236, 8.7, 1600, 4321
30276134, 9.0, 1132, 邦查女孩
26890281, 8.1, 3454, 漫长的中场休息
26389896, 9.0, 1056, 银河帝国2：基地与帝国
02071071, 8.7, 1466, 巴斯克维尔的猎犬
25852518, 7.5, 8362, 南方有令秧
01031354, 8.1, 3116, 死魂灵
25401735, 8.2, 2686, 沒有色彩的多崎作和他的巡禮之年
26607924, 8.4, 2039, 午夜之子
30147566, 8.7, 1392, 五号屠场
26905339, 8.9, 1097, 红高粱家族（2020修订升级版）
02170030, 8.1, 2973, 白鲸
05383804, 9.1, 873, 酒吧长谈
05406571, 9.1, 870, 九三年
26822709, 8.4, 1939, 聋哑时代
30193594, 7.9, 3868, 遮蔽的天空
05275747, 8.7, 1313, 红与黑
20257858, 8.5, 1655, 生死疲劳
27045888, 8.0, 3239, 囚鸟
27077677, 8.6, 1453, 东北往事--黑道风云20年全集
25774861, 8.6, 1447, 奥兰多
34661936, 9.2, 753, 我的天才女友
25748132, 8.5, 1630, 复明症漫记
34928037, 9.4, 621, 生活与命运
25887917, 9.3, 655, 鬼
26394865, 9.0, 882, 撒旦探戈
25887915, 8.7, 1216, 死屋手记
02071067, 8.8, 1072, 暗红色研究 四个人的签名
34996429, 8.7, 1190, 消失的13级台阶
02357268, 8.4, 1682, 雪国
25910222, 9.0, 811, 春雪
10794374, 8.6, 1249, 金阁寺
30144095, 7.9, 3128, 海边的卡夫卡
24862876, 7.4, 7070, 黄雀记
19964969, 9.1, 714, 你往何处去
01958871, 8.2, 1993, 普宁
34970385, 8.2, 1968, 鞋带
06006695, 8.9, 850, 堂吉诃德
34912805, 8.8, 936, 七个疯子
19898714, 7.6, 4660, 偶发空缺
03327495, 8.3, 1664, 万有引力之虹
27123634, 7.9, 2870, 牛蛙
30373656, 8.6, 1147, 遇见你之前
25728473, 8.5, 1284, 头号书迷
03017205, 7.8, 3235, 长眠不醒
27041894, 8.2, 1829, 轻舔丝绒
30294355, 8.9, 788, 半生缘
26359044, 8.3, 1567, 等待
02076583, 9.5, 442, 红楼梦
03898308, 8.6, 1051, 一个青年艺术家的画像
05275073, 7.9, 2540, 白雪乌鸦
01052424, 9.0, 652, 假话国历险记
30316493, 8.9, 716, 鼠疫
10578510, 7.8, 2744, 人面桃花
25773651, 9.1, 576, 白痴
27602608, 8.5, 1051, 光年
34894380, 8.0, 1978, 雾行者
26882001, 8.2, 1453, 发条橙
25835907, 7.9, 2150, 天使坠落在哪里
27621504, 8.3, 1257, 在美国钓鳟鱼
26869970, 9.1, 525, 白鹿原:宣纸插图本
05920821, 7.8, 2414, 我是猫
27143188, 8.3, 1203, 万寿寺
06893862, 9.0, 552, 包法利夫人
06535063, 9.1, 498, 堂吉诃德
26270322, 8.8, 651, 别名格蕾丝
04832666, 8.8, 650, 青铜葵花
33402272, 8.3, 1129, 混凝土里的金发女郎
26936009, 8.4, 1002, 生死疲劳
26692407, 9.1, 478, 笑傲江湖（新修版）
27069991, 9.3, 392, 大师与玛格丽特
34969956, 8.7, 695, 遗忘通论
26689045, 9.0, 511, 了不起的盖茨比
26427098, 8.9, 549, 布里格手记
26863398, 8.3, 1053, 我是猫
30390667, 8.9, 537, 奥斯特利茨
30144098, 7.6, 2653, 且听风吟
25869143, 8.5, 797, 奇鸟行状录
34940823, 8.3, 997, 逍遥游
27204808, 8.6, 708, 酒徒
30396712, 7.2, 4989, 尸人庄谜案
10580307, 8.1, 1239, 太阳照常升起
27108849, 8.6, 687, 月光下的旅人
26289340, 8.3, 963, 东京人
26897254, 9.3, 347, 春雪
30321026, 8.4, 843, 修道院纪事
01005242, 8.0, 1374, 古船
07154690, 8.3, 941, 王小波全集 第一卷
30203737, 8.6, 671, 鞑靼人沙漠
06313449, 8.2, 1053, 达洛卫夫人
26821459, 7.3, 3804, 茧
30144097, 8.4, 795, 世界尽头与冷酷仙境
10529920, 7.8, 1692, 1Q84（全三册）
27036978, 8.7, 572, 寻找无双
10555485, 7.9, 1409, 通向蜘蛛巢的小径
01437160, 7.8, 1613, 平原
19987957, 7.4, 2918, 寡人有疾
25959838, 8.0, 1214, 巴托比症候群
33413098, 8.0, 1176, 战时灯火
34782362, 7.6, 2043, 佛兰德镜子
01059644, 7.5, 2362, 七剑下天山
25869135, 8.5, 641, 舞！舞！舞！
01212909, 7.9, 1295, 飞狐外传（全二册）
30431414, 8.8, 461, 星辰时刻
34835536, 8.5, 618, 西北雨
19944406, 8.8, 451, 天使，望故乡
02071072, 8.7, 493, 恐惧之谷
27013746, 8.3, 754, 革命时期的爱情
30397063, 8.2, 844, 被涂污的鸟
33422832, 7.1, 4178, 聊天记录
30262582, 8.4, 664, 幻影书
30367015, 8.4, 663, 守夜
26630903, 8.9, 395, 喧哗与骚动
26879921, 8.6, 527, 故乡天下黄花
30167202, 8.0, 1040, 山本
03266350, 8.6, 522, 问题的核心
24708198, 8.8, 427, 红拂夜奔
06753511, 8.5, 566, The Sense of an Ending
30424101, 8.5, 564, 柏青哥
04881638, 7.7, 1489, 钢铁是怎样炼成的
26276280, 8.6, 502, 毕司沃斯先生的房子
34663078, 8.5, 556, 小城畸人
30142312, 7.0, 4510, 本源
34792357, 8.5, 549, 无伤时代
26912760, 9.3, 261, 战争与和平
33457122, 8.8, 404, 人生海海
30316975, 8.2, 759, 等待
03073493, 7.2, 2954, 迷藏
11605558, 8.2, 725, 六道众生
30434081, 9.2, 265, 帝国轶闻
26111124, 8.8, 375, 大师
30382784, 8.3, 624, 水门的洞口
02050778, 8.3, 619, 萌芽
20453463, 7.4, 1987, 无可慰藉
34873156, 8.2, 676, 去往猴面包树的旅程
27910523, 8.4, 542, 故园风雨后
26938922, 7.5, 1683, 密室困游鱼
30312117, 8.8, 362, 高丘亲王航海记
10540000, 8.6, 438, 无名的裘德
01264804, 8.3, 599, 暮鼓晨钟
26654202, 9.9, 150, 余华长篇小说
25913504, 7.1, 3077, 邹氏女
34005470, 9.1, 269, 看不见的城市
01866516, 8.5, 470, 罗亭
01077917, 7.5, 1598, 四十一炮
01256406, 8.8, 345, 苦炼
01951744, 8.5, 462, 万延元年的Football
25773652, 8.8, 340, 笑面人
02248319, 8.0, 793, 嫉妒
26986881, 8.9, 309, 城堡
26897251, 8.7, 370, 潮骚
06048921, 9.2, 237, 卡拉马佐夫兄弟（上下）
01088714, 8.4, 495, 修道院纪事
26674623, 8.6, 396, 月亮与六便士
27130354, 9.5, 183, 押沙龙，押沙龙！
34942379, 8.9, 298, 移民
30194496, 8.7, 358, 朋友之间
33451948, 7.5, 1465, 春日序曲
05406576, 8.8, 325, 复活
30401009, 8.7, 353, 水妖
30143405, 9.5, 180, 离婚
34950849, 8.7, 350, 一个知识女性的思考系列
27600034, 8.5, 421, 美国佬
01940607, 9.0, 264, 幻灭
30337614, 8.3, 516, 是梦
24523678, 8.0, 708, 白噪音
34779922, 8.3, 502, 到婚礼去
01011911, 8.4, 449, 花腔
30419379, 8.2, 555, 佩恩先生
25887956, 7.4, 1556, 缓刑
30144094, 8.3, 497, 舞！舞！舞！
30168198, 8.2, 553, 阿吽
02035186, 8.5, 402, 后来的事
30281429, 8.2, 550, 黄金案
01364785, 8.4, 442, 我城
20452450, 9.2, 213, 群魔
01704585, 8.9, 272, 奥勃洛莫夫
28170953, 9.0, 248, 荣耀
26666169, 8.2, 524, 逆流
34782538, 8.4, 421, 你的奥尔加
34978587, 9.0, 240, 光明共和国
30457504, 8.8, 285, 铁钉案
30339988, 8.1, 573, 无中生有
34917793, 8.8, 282, 帝国游戏
30198385, 8.3, 455, 借命而生
04869637, 8.1, 565, 福楼拜的鹦鹉
30159078, 8.2, 501, 水泥花园
30159097, 8.2, 499, 在切瑟尔海滩上
02248275, 8.2, 497, 去年在马里安巴
04823779, 8.6, 327, 马人
25774730, 8.6, 327, 甜甜的忧伤
26808765, 8.2, 490, 箱男
20375513, 9.2, 192, 桤木王
34431931, 9.1, 207, 树上的男爵
30457506, 8.5, 351, 湖滨案
26904661, 8.6, 314, 天堂蒜薹之歌
27160985, 7.9, 660, 刺殺騎士團長
30481000, 8.0, 583, 3001：太空漫游
26650614, 8.4, 376, 多湾
30389938, 8.5, 339, 春琴抄
24716173, 8.6, 307, 青铜时代
34845998, 8.9, 234, 萨宁
33457067, 8.7, 279, 风之影四部曲
27180270, 9.2, 181, 公羊的节日
30457508, 8.6, 301, 迷宫案
27115937, 8.8, 251, 上来透口气
26845401, 8.9, 228, 样样干
33391930, 8.3, 399, 一场游戏一次消遣
26819073, 9.2, 177, 豹
30229218, 8.4, 356, 耶稣撒冷
30144090, 7.9, 602, 国境以南，太阳以西
30459270, 8.1, 472, 停车暂借问
27141613, 8.5, 313, 死缓
04164054, 8.7, 257, 针尖上的天使
01169930, 8.6, 281, 罪与罚
27034392, 8.2, 417, 第三个警察
30337701, 8.2, 410, 布鲁克林的荒唐事
01916453, 8.5, 301, 巴马修道院
30460243, 8.2, 406, 寂寞之井
27091777, 8.8, 227, 爱达或爱欲
01713334, 8.3, 357, 无字（全3册）
27078400, 8.9, 205, 一日长于百年
03752758, 8.7, 240, 少年
34461224, 8.8, 220, 革命之路
30270830, 7.1, 1586, 奇迹唱片行
34461209, 7.3, 1160, 月落荒寺
27090307, 7.5, 863, 早上九点叫醒我
30475763, 7.7, 656, 2061：太空漫游
24760692, 8.3, 333, 已故的帕斯卡尔
30144093, 8.1, 407, 寻羊冒险记
27197828, 8.2, 365, 死亡间歇
30348030, 8.2, 363, 旱魃
02303204, 8.0, 448, 亲和力
06954122, 9.6, 111, 新刻繡像批評金瓶梅(會校本．重訂版)
33372569, 8.5, 259, 普宁
04062465, 8.3, 313, 学生特尔莱斯的困惑
30367057, 7.6, 687, 火星孤儿
34839960, 8.1, 381, 被太阳晒热
21751338, 8.3, 309, 德语课
06528126, 8.3, 303, 阿尔特米奥·克罗斯之死
25773655, 7.6, 662, 蝇王
26307908, 7.8, 517, 野蛮生长
30147047, 8.0, 408, 母狮的忏悔
30409058, 6.8, 2174, 应物兄
02245873, 8.2, 329, 萧十一郎
26598482, 7.0, 1536, 密林中
26328385, 8.1, 360, 青春豬頭少年不會夢到兔女郎學姊
34831995, 9.1, 146, 分成两半的子爵
30471280, 7.8, 494, 战争哀歌
26582857, 9.1, 145, 船讯
24760712, 7.9, 428, 白玉老虎
30145280, 8.5, 233, 奇鸟行状录
27252756, 7.3, 907, 不吃鸡蛋的人
28013205, 7.4, 780, 欢迎来到黑泉镇
02248274, 7.7, 531, 橡皮
30394970, 8.0, 377, 剧演的终章
33423373, 8.7, 192, 苔
30388870, 9.0, 150, 愤怒的葡萄
19975223, 8.3, 273, 我弥留之际
26741806, 8.3, 267, 谁家有女初长成
30466222, 8.2, 294, 不识字的人
20259356, 8.4, 239, 平凡的世界 第一部
34799802, 7.4, 723, 人生删除事务所
30488952, 8.3, 260, 黄雀记
19985023, 8.2, 286, 上面很安静
30271792, 7.9, 390, 风声
27115903, 8.3, 258, 缅甸岁月
27577257, 8.7, 180, 彼得堡
34893654, 7.2, 939, 火光之色
27026333, 8.6, 192, 天使，望故乡
26919599, 8.5, 207, 奔马
35040230, 7.7, 469, 双子星
04114611, 8.9, 148, 凡尔纳科幻经典 4 部曲（全四册 ）
26926833, 9.3, 110, 动物庄园
30159082, 7.8, 412, 只爱陌生人
02194124, 8.2, 269, 死农奴
30174021, 8.5, 199, 眼睛的故事丨聖神·死人
27090306, 8.0, 321, 暗夜行路
27595045, 8.0, 321, 冠军早餐
30262584, 8.2, 262, 血色子午线
20390518, 8.3, 238, 时间机器
34445801, 8.2, 261, 一切皆有可能
26264174, 8.5, 197, 洪水之年
30247286, 8.0, 318, 我爱迪克
34786068, 9.0, 129, 逃之夭夭
26780984, 8.9, 139, 城市与狗
27020859, 8.3, 231, 情感教育
30403403, 7.9, 345, 时间里的痴人
02150585, 8.3, 230, 黑白
01260580, 7.7, 427, 欲望的旗帜
34434957, 9.1, 118, 第二十二条军规
25708110, 7.8, 380, 钟罩
25163392, 8.6, 174, 追忆逝水年华
27034396, 8.3, 226, 双鸟渡
26707599, 8.6, 173, 了不起的盖茨比
01421014, 7.2, 799, 我和你
30237162, 8.1, 272, 梦游之地
07007773, 8.7, 158, 项狄传
30324004, 7.8, 373, 种玫瑰的男人
27600014, 9.2, 108, 费尔迪杜凯
33474426, 8.8, 145, 天命
30144092, 7.6, 467, 1973年的弹子球
26831767, 6.7, 1742, 我的曼达林
30218856, 7.8, 370, 房客
34809067, 8.1, 269, 华杉讲透资治通鉴
01951438, 8.6, 170, 奥吉·马奇历险记
24851819, 8.5, 185, 惊马奔逃
02326716, 8.3, 221, The Brief Wondrous Life of Oscar Wao
27065971, 8.8, 143, 拥抱
30419377, 8.1, 265, 重生三部曲
25985298, 8.2, 239, 巫术师
26939957, 7.0, 1026, 痴人之爱
27173719, 7.9, 321, 十一月的此刻
10774651, 8.3, 215, 费玛
26324804, 9.6, 80, 少年
27204781, 7.5, 501, 对倒
25897672, 8.5, 177, 双城记
30312369, 9.3, 96, 法兰西组曲
30317416, 9.0, 118, 三屋清左卫门残日录
26418625, 8.4, 190, Carol
34688638, 8.8, 136, 死海之滨
34919443, 8.7, 146, 新宋·9－12（大结局珍藏版）
27624486, 8.3, 205, 大军师司马懿之虎啸龙吟
01084307, 7.9, 301, 钢铁是怎样炼成的
27044151, 6.7, 1537, 如果没有明天
26413318, 8.4, 185, 青春豬頭少年不會夢到小惡魔學妹
34661943, 9.0, 114, 离开的，留下的
27007485, 7.9, 298, 收藏家
10809667, 8.1, 242, 老虎的妻子
05300536, 9.0, 113, 来日方长
30247619, 7.4, 527, 坚果壳
01160780, 8.5, 167, 水浒传
30276249, 7.7, 366, 长路
27063787, 8.3, 197, 圣安东的诱惑
06811973, 8.2, 215, 白鲸
34947567, 7.9, 286, 私恋失调
25968493, 7.3, 576, 绑架游戏
34437702, 8.4, 176, 巴别塔
01659532, 9.4, 83, 水浒传
33438813, 8.6, 147, 直到找到你
10567283, 7.8, 312, 恶棍来访
03034649, 8.3, 190, 钟鼓楼
33474427, 7.6, 390, 冷泉港
33438214, 7.7, 345, 隐君者女
01143342, 8.8, 124, 费尔迪杜凯
30255670, 8.8, 124, 一座城堡到另一座城堡
34836460, 8.9, 115, 比利时的哀愁
30405019, 8.8, 123, Where Reasons End
30405066, 8.1, 223, The Testaments
25918399, 8.3, 185, 宇宙
30413430, 8.3, 184, 新罕布什尔旅馆
05341343, 9.5, 75, 金閣寺
26022024, 7.4, 465, 告别天堂
30143241, 8.3, 179, 我的奋斗2
26348958, 7.8, 289, 小镇姑娘
30485152, 8.2, 194, 欲戴王冠
33477384, 7.5, 401, 遗恨
26361134, 8.8, 116, 爱与死的年代
34908334, 9.1, 93, 人树
03405982, 7.6, 344, 石榴树上结樱桃
20296648, 7.5, 386, 装台
30387204, 9.1, 91, 丧钟为谁而鸣
23715318, 7.6, 339, 激素少年
26897252, 8.5, 141, 爱的饥渴
27199016, 8.5, 141, 劳拉的原型
25824631, 8.0, 221, 人间天堂
30362718, 7.3, 484, 北京1980
30180825, 8.8, 109, 鹿
34431946, 8.1, 195, 七个会议
26803170, 9.2, 82, 东岸纪事
04090356, 8.4, 148, 高山下的花环
27063784, 7.7, 290, 闪灵
30403979, 8.2, 176, 沉睡的人
35008586, 8.0, 212, 想见你
26425103, 6.4, 1877, 余生请多指教
34841405, 7.9, 230, 与恶魔对话
33372564, 8.7, 114, 微暗的火
30294343, 8.9, 97, 北方与南方
26671799, 7.5, 347, 纯白之夜
01506419, 7.2, 500, 阿难
25714275, 8.6, 120, 被遗忘的花园
27194499, 8.6, 120, 跑
30406863, 8.4, 141, On Earth We&#39;re Briefly Gorgeous
10488346, 8.3, 153, 红处方
26364493, 8.1, 183, 一座营盘
26671791, 8.1, 182, 看，那些小丑！
25731493, 8.5, 128, 凿空
30414622, 7.9, 217, 为何，以及如何谋划一场火灾
19951332, 7.7, 265, 色
02212262, 8.9, 93, 断头台
26747123, 9.3, 71, 莫洛伊
30484725, 7.7, 263, 议程
34661992, 8.7, 107, 不存在的骑士
33427193, 9.0, 86, 我的奋斗3
03796249, 7.6, 290, 男人的一半是女人
04732131, 7.6, 287, 儒尔和吉姆
27615350, 7.5, 318, 间谍
30227254, 8.3, 143, 心是孤独的猎手
34978410, 9.1, 78, 审查官手记
34986715, 9.2, 73, 东西街
33462980, 8.3, 142, 同名人
30429722, 7.4, 352, 爱尔兰人
01042193, 7.2, 446, 女帝奇英传
26295469, 7.5, 306, 星形广场
01498957, 7.4, 341, 娼年Call Boy
01202372, 8.5, 117, 骆驼祥子
24852821, 8.0, 180, 黑暗中的笑声
25743453, 9.5, 59, 白痴
34896913, 7.6, 269, 失败笔记本
27598516, 7.9, 197, 批评家之死
30324579, 8.9, 86, 狂乱
34775912, 8.1, 160, 低地
33413920, 7.4, 329, 爱过你
04742471, 7.8, 212, 上下都很平坦
33433945, 6.7, 856, 最初之前
10520382, 7.9, 190, 浮躁
03070762, 8.5, 112, 杀手的眼泪
34856482, 8.7, 96, 城堡
26848049, 7.7, 230, 奥斯卡·瓦奥短暂而奇妙的一生
30281407, 9.2, 68, 罗特小说集4
03200733, 8.2, 142, 简·爱
27195098, 9.0, 77, 移居北方的时节
27605279, 7.9, 186, 花街往事
30466182, 8.0, 169, 蓝花
01200839, 7.5, 282, 冬天里的春天（全二册）
10487569, 8.8, 88, 荒原狼
34881568, 9.0, 76, 心！
34984112, 8.0, 166, 风暴来的那一天
34893656, 7.4, 304, 尚待商榷的爱情
30330291, 7.8, 197, 时间中的孩子
34451997, 8.7, 91, 守望灯塔
34852472, 7.8, 195, 铜锣烧也有春天
30266619, 8.6, 97, 红色海洋
34974563, 8.4, 113, 小手
03041887, 7.0, 489, 爱怜纪
27605501, 7.5, 261, 身外之海
30272313, 9.0, 72, 十个女人
25863446, 7.7, 209, 汴京残梦
02087612, 8.8, 82, 赛查·皮罗多盛衰记
30261425, 8.0, 155, 布拉格狂欢
26893013, 8.4, 110, 喀什噶尔
03766775, 8.1, 140, 盲春秋
30415395, 7.8, 185, 中央星站
02266345, 8.6, 93, 都尔的本堂神甫·比哀兰德
24706061, 7.4, 280, 幽灵吉卜赛
30433983, 7.9, 165, Conversations with Friends
30187224, 8.3, 116, 八山
34812579, 8.2, 126, 你好，安娜
34956569, 8.2, 125, 静物
30464973, 8.4, 106, 蜜蜂之死
34429338, 8.7, 84, 第二十二次别离
26666151, 9.1, 64, 味似丁香、色如肉桂的加布里埃拉
30277786, 7.0, 441, 软刺
30407791, 8.6, 89, 黑色方尖碑
30272325, 8.0, 145, 神弃之地
33450208, 8.4, 103, 发光的小说
04242000, 8.1, 132, 愤怒
27112732, 7.2, 336, 南方有乔木（纪念版）
34893791, 7.3, 295, J
01223578, 8.0, 141, 黑暗中的笑声
26748177, 8.3, 108, 黑王子
26586469, 7.7, 185, 篡改的命
30248315, 8.8, 74, 沙岸风云
02051503, 9.0, 64, 心
30487093, 9.1, 60, 布瓦尔和佩库歇
26796321, 8.3, 105, 大卫·科波菲尔/世界文学名著
06424619, 7.9, 148, 绞河镇的最后一夜
26609057, 7.9, 148, 巴金选集1·家
06939005, 6.3, 1206, 刀尖:刀之阳面
27063782, 8.6, 83, 萨郎宝
27163169, 8.8, 72, 海
26436528, 8.7, 77, 幽谷百合
34982185, 7.8, 161, 时间龙
27075502, 6.6, 709, 我曾在时光里听过你
34800960, 8.9, 67, 行乞家族
34464701, 7.8, 160, 女俘爱玛
02036746, 8.8, 71, 切文古尔镇
02057339, 8.7, 76, 玉米人
02150589, 8.0, 131, 赤脚医生万泉和
01122017, 8.5, 87, 九月寓言
30252631, 8.5, 87, 天赋
34821348, 7.4, 237, 鹅
34438695, 7.6, 191, 大地三部曲
01988907, 7.2, 297, 在那遙遠的地方
01089357, 8.6, 80, 真正的人
04736042, 7.7, 170, 又见棕榈，又见棕榈
26430274, 8.4, 92, 杜马岛
30187221, 8.5, 85, 月夜潜者
34974518, 8.6, 79, 两兄弟
30338153, 5.8, 3188, 景恒街
33424501, 7.8, 150, 自杀式疗愈
27156812, 9.6, 42, 陀思妥耶夫斯基文集（全20卷）
19930666, 8.0, 123, 木垒河
34779924, 7.6, 179, 猪的土地
03633829, 8.5, 82, 情人
01089478, 6.9, 406, 倪焕之
26920399, 8.1, 112, 十三步
27167972, 8.1, 112, 导体
30275096, 8.2, 102, 回到故乡的陌生人
30261422, 7.6, 174, 鬼作家
30153074, 7.8, 143, 门
33428941, 8.0, 119, 泽诺的意识
34881136, 8.0, 119, 隐痛
04870527, 8.4, 86, A Visit from the Goon Squad
26321335, 8.6, 74, 在西方的注视下
30258607, 7.3, 237, 垂死的肉身
30459272, 7.3, 237, 明日将至
23260998, 7.6, 171, 天秤星座
24295352, 8.5, 79, 傲慢与偏见
27176317, 8.4, 85, 胡利娅姨妈和作家
04022649, 9.2, 50, 老舍文集（第二卷）
30336428, 9.1, 53, 天堂向左
34962620, 7.5, 188, 想見你
30217963, 8.6, 73, 遥望
03781633, 8.1, 107, 在人间
32831106, 9.0, 56, Olive
34787909, 7.9, 126, 睡在汽车里的女孩
27667755, 7.5, 185, 沃普萧纪事
33422837, 7.8, 137, 假如比尔街可以作证
04845375, 8.3, 88, 手风琴罪案
01973696, 7.0, 320, 无雨之城
30401156, 7.5, 179, 生活是甜蜜
03598048, 8.3, 87, 所有的乡愁
01223729, 7.3, 218, 暴风骤雨
26878910, 8.2, 93, 陛下
34432627, 8.7, 64, 推拿
30208088, 7.9, 118, 太阳照常升起
01479768, 7.9, 116, 红与黑
19929596, 8.0, 106, 最明净的地区
03181275, 8.6, 67, 巴黎圣母院
26865202, 8.9, 55, 迫害
35017678, 8.9, 55, 流溪
30239195, 9.7, 35, 一个南方的生活样本
30301374, 8.5, 71, 愚人学校
20390444, 8.2, 87, 憂國的拉斯普金 06
30425634, 8.2, 87, 野葫芦引
34856094, 8.1, 94, 卡塞尔不欢迎逻辑
01175088, 8.0, 102, 过河入林
30259097, 8.5, 69, 退场的鬼魂
34873531, 8.4, 74, 月亮虎
27077147, 8.1, 93, 英雄与恶徒
30422622, 7.5, 160, 秋
34856730, 9.4, 39, 武士
01418860, 7.7, 129, Their Eyes Were Watching God
26897749, 9.1, 46, 马戏团之夜
27093148, 7.0, 262, 惊蛰
01084864, 8.2, 80, 活下去，并且要记住
02308414, 7.9, 102, 在人间
30237464, 6.9, 291, 无名指
20392560, 8.4, 67, 红色羊齿草的故乡
01035765, 8.0, 90, 软弱
20473125, 6.6, 413, 魔法师
34888770, 8.2, 76, 年轻的心在哭泣
34934031, 8.8, 50, 风暴眼
35024437, 8.4, 65, 巴黎冬夜的血色情書
34834201, 9.0, 44, 人工呼吸
34464700, 7.6, 124, 野兔
10524091, 8.4, 64, 雾都孤儿
03244985, 8.8, 49, 三国演义（上下）
30484796, 8.1, 79, 卡瓦利与克雷的神奇冒险
26637759, 7.8, 101, 迷惘
03154683, 8.2, 73, 我哥刁北年表
35063120, 9.0, 43, 浮图塔
27199018, 8.3, 67, 柏林，亚历山大广场
26606361, 7.9, 91, 雷切尔文件
02987267, 7.8, 99, 钢铁是怎样炼成的
30236313, 7.4, 143, 孤独邮差
30261423, 8.0, 83, 欲望教授
27176877, 8.5, 57, 在网下
30137399, 8.5, 57, 八月迷雾
30313857, 8.4, 61, 游荡者
27194494, 8.2, 70, 切罗基
25811992, 9.3, 35, 长夜行
02130679, 8.3, 64, 北方城郭
34834947, 7.9, 87, 暗涌
26946103, 7.2, 169, 颓败与重生
06310327, 7.6, 112, 夫妇们
30395276, 7.3, 147, 世界尽头是北京
01105940, 7.9, 83, 芙蓉镇
30368140, 7.2, 159, 黑白
27600010, 8.2, 65, 流浪的星星
26994166, 7.8, 88, 黄雀记
27194500, 8.1, 69, 湖
34908339, 7.9, 80, 生活万岁
03260529, 8.6, 48, 蜂巢
25852929, 8.7, 45, 绿房子
25736469, 7.3, 136, 认罪书
33646362, 8.2, 62, 青春豬頭少年不會夢到紅書包女孩
32223456, 8.4, 53, Girl
03680977, 7.5, 108, 彼岸
26752529, 7.8, 82, 流年物语
27177984, 7.8, 82, 黑暗中的人
30299538, 8.2, 60, 寻找死亡的男人
34659784, 7.3, 128, 奇梦人生
33424675, 8.3, 55, 独行客
27620791, 7.7, 87, 佳媛
30407117, 7.5, 103, 安徒生自传：我的童话人生
02297121, 8.7, 42, 青春之门：筑丰篇
30489943, 7.8, 79, 锦瑟
01034374, 6.7, 242, 牧野流星（上中下）
25799968, 8.0, 66, 注意
06710576, 7.3, 120, 蔷薇少女馆Ⅱ
26840134, 8.0, 65, 凯尔特人之梦
26719447, 9.0, 34, 诺贝尔文学奖大系——约翰•克利斯朵夫（全4册）
20375520, 8.1, 58, 天象馆
26853177, 7.7, 79, 迷情
27663285, 7.8, 72, 隐者
33450178, 7.6, 84, 千万与春住
26671813, 6.8, 191, 贵子永远
34991877, 7.0, 149, 东京贵族女子
33394985, 7.7, 75, 剩饭
24383130, 8.1, 55, 花腔
27178061, 8.8, 35, 送信人
34879510, 8.9, 33, 树叶裙
34779927, 8.1, 54, 哈扎尔绅士
27115985, 7.5, 87, 云中人
27601590, 7.2, 115, 姜饼人
27194493, 7.9, 62, 我走了
34434967, 9.1, 29, 魔鬼作坊
01082829, 8.3, 45, 中年——浪漫之旅
34954852, 8.7, 35, 候鸟
03187406, 7.5, 82, 幸运的吉姆
01052541, 7.9, 59, 逃
01962747, 8.1, 51, 白奴
10514242, 8.3, 44, The Absolutist
30208100, 8.1, 49, 永别了，武器
30167649, 8.9, 30, Flights
30222440, 9.1, 27, 押沙龙，押沙龙！
34034482, 7.9, 55, 回不去的旅人
27112487, 8.8, 31, 雷曼先生
01045295, 6.3, 288, 龙虎斗京华
30354888, 7.1, 107, 植物园的巢穴
01012586, 8.9, 28, 亨利·艾斯芒德的历史
30248407, 9.5, 21, 挪威的森林
26904325, 8.7, 31, 鸽灾
27068043, 8.7, 31, 尤利西斯
34790704, 6.0, 433, 时间的答案
01901844, 8.8, 29, 我弥留之际
27061705, 7.3, 83, 暴力夺取
34849089, 7.6, 64, 出版禁止：死囚之歌
02295234, 9.0, 26, 特罗塔家族
34835367, 7.0, 110, 四象
10785720, 6.7, 153, 蛇为什么会飞
30317392, 8.9, 27, 怪人笔记
30328194, 7.2, 88, 蝗灾之日
01864791, 7.0, 106, 在法国的外交生涯
25893518, 8.5, 33, 莫班小姐
30420999, 7.4, 72, 额田女王
30362708, 7.4, 71, 最后死亡的是心脏
05918452, 7.2, 85, 月亮与姑娘
27111154, 8.0, 44, 第四十一
26938565, 8.8, 27, 蒲宁文集·长篇小说卷
02054380, 8.7, 28, The Real Life of Sebastian Knight
05362793, 7.6, 57, 死亡画像
34889860, 8.9, 25, 绝秦书
26704907, 8.2, 37, 六角街灯
26365964, 8.0, 42, 芬奇-孔蒂尼花园
34451089, 9.6, 18, 立于桑给巴尔
26663148, 8.3, 34, 武昌城
34995566, 8.4, 32, 海洋之星
33436276, 6.9, 103, 我们与祖先交谈的夜晚
03181298, 7.7, 49, 德伯家的苔丝
34990155, 7.7, 49, 时间之舞
27168434, 6.1, 275, 绝唱
27179330, 7.5, 57, The Only Story
02973581, 7.5, 56, 英格丽·卡文
01780673, 7.9, 41, 逃亡的艺术
32568098, 7.6, 50, 古董局中局(套装四册大全集)
33462970, 6.7, 111, 爱的四十条法则
01253899, 8.3, 30, 占卜者
06101097, 8.0, 36, 教授之屋
33387398, 8.0, 36, 追月亮的女孩
27026335, 8.4, 28, 时间与河流
01065091, 6.3, 167, 草莽龙蛇传
30441552, 7.7, 42, 战火家园
26970557, 7.6, 45, 十字军骑士
27070419, 9.2, 18, 心
30217973, 8.5, 25, 回家之路
34917626, 8.5, 25, 暴风血
34854038, 6.7, 98, 天空下的两万条街道
03695660, 9.6, 15, 十二把椅子
33370480, 8.4, 26, 童年的许诺
25754031, 7.8, 37, 调查
21336489, 7.1, 64, 敌人
25915473, 8.3, 27, 最后的守护人
10759329, 7.5, 45, 狼烟北平
27016173, 7.6, 41, 伯格的女儿
27168791, 9.3, 16, 被选择的孩子
35059158, 8.9, 19, 女孩之城
35013435, 7.8, 35, 在路上
28867027, 8.5, 23, 圆屋
30434474, 6.8, 79, 三城记
21334479, 7.0, 65, 鳄鱼女孩
30143118, 7.3, 50, 谈判官
26587266, 7.2, 54, 叶落大地
27067462, 7.6, 38, 早安程先生
34978362, 8.5, 22, 愚人沙利
30242495, 7.4, 44, 洞中人
27200462, 7.3, 47, 滴泪痣
30489668, 7.8, 32, 游猎惨剧
01466781, 8.2, 25, A Suitable Boy
26794880, 8.0, 28, 挺身而立
34839233, 8.6, 20, 大江东去（典藏版）
34942849, 8.6, 20, 织巢
27179935, 7.3, 45, 我的帝王生涯
30457529, 8.8, 18, 首都
34984113, 7.7, 33, 寂静旅馆
02149216, 7.9, 28, 天象馆
26606254, 7.6, 34, 无穷镜
30212818, 8.6, 19, 塔尼奥斯巨岩
26378568, 9.5, 13, 布罗岱克的报告
30271618, 9.3, 14, 包法利夫人
26720911, 7.5, 36, 远离他们
30422481, 7.4, 38, 轻抚水，轻抚风
25940831, 8.7, 17, Elizabeth Is Missing
30297172, 8.0, 24, 晃来晃去的人
34673577, 8.0, 24, My Dark Vanessa
30450215, 6.4, 88, 赤脚医生
34792546, 9.3, 13, 我不可告人的乡愁
27197928, 9.5, 12, 塞西丽娅·巴尔德斯
25915466, 7.3, 37, 守日人
26640905, 7.5, 32, 水晶酒店的套房
30217964, 7.1, 42, 另一个爱人
26720802, 7.6, 29, 闲暇
30200837, 6.3, 91, 命运的长线
01082629, 7.2, 38, 爱你有多深
27191010, 9.1, 13, 赛姆勒先生的行星
30297179, 8.4, 17, 斯科塔的太阳
26338477, 5.9, 132, 玫瑰之晨
30484734, 9.4, 11, 活在你手机里的我
35000718, 8.7, 14, 笑的风
30142275, 8.1, 18, 一封如此长的信
27598046, 8.6, 14, 弗洛斯河上的磨坊
35013445, 8.6, 14, 布拉格公墓
19995875, 5.6, 174, 黄金瞳2·疯狂的石头
34834950, 8.4, 15, 夕照寺
30323839, 7.9, 19, 不需要爱的夏天
30466171, 7.6, 22, 少数
34840159, 8.3, 15, 风涛
30206399, 8.8, 12, 梅达格胡同
22676697, 6.4, 50, 青春之歌
01013464, 7.3, 24, 爱在无爱的硅谷
25756454, 8.6, 12, 傲慢与偏见
26577035, 7.2, 25, 大宅
01790291, 7.4, 21, 裤裆巷风流记
30425111, 8.0, 15, Lanny
30359552, 8.1, 14, 三月十五
01291611, 5.8, 81, 凤凰
27621478, 6.4, 41, 鬼父
07007777, 7.2, 21, 圣周风雨录
01608062, 6.7, 30, 夜行列车
27119896, 8.0, 13, 在美国
33463009, 7.4, 17, 娃娃
26896535, 6.9, 23, 十字架上的魔鬼
26207337, 8.2, 11, 有嫌疑的女人
33385450, 8.0, 12, 汤姆·索亚历险记
31832657, 7.3, 17, Disappearing Earth
27149758, 7.2, 18, 鬼玩偶
26810936, 5.9, 53, 青春万岁
27113560, 7.7, 13, 夫妇们
30297150, 7.5, 14, 受害者
01997374, 6.9, 20, 污点
30362712, 7.1, 15, 平静的风暴
26982022, 7.4, 12, Stay with Me
27680679, 4.6, 260, 金沙古卷4伏羲秘卦
30421823, 7.3, 11, 或许在别处
34910654, 5.9, 24, 狩猎游戏
30936918, 0.0, 11, 蟠星兔与金钥匙
34786090, 0.0, 11, 傲慢与偏见
30801593, 0.0, 12, 一盒巧克力
34957248, 0.0, 12, 蟠星兔与总统女儿
35081921, 0.0, 13, 正常人
35061242, 0.0, 15, 土
35068671, 0.0, 15, 红胡子诊疗谭
26647243, 0.0, 16, 良辰美警
35042879, 0.0, 20, 吊脚楼
35044057, 0.0, 31, 匡超人
26348131, 0.0, 48, 好久不见
35023261, 0.0, 186, 猴杯
