2020-07-05 16:00:19

number of books, tag name
242, 闲读

ID, rating, votes, title
01770782, 8.9, 647971, 追风筝的人
02567698, 8.8, 375330, 三体
01054685, 9.1, 100741, 沉默的大多数
01873231, 8.7, 182713, 明朝那些事儿（壹）
01017143, 8.5, 200892, 不能承受的生命之轻
01255624, 8.9, 80232, 神雕侠侣
01044547, 9.0, 64635, 射雕英雄传（全四册）
01858576, 9.3, 31342, 一九八四
01046265, 8.0, 317939, 挪威的森林
01949338, 8.9, 53040, 明朝那些事儿（贰）
02052448, 8.9, 44031, 明朝那些事儿（叁）
02253642, 8.8, 40158, 明朝那些事儿（肆）
01775691, 8.4, 81349, 少有人走的路
03009821, 8.8, 36683, 明朝那些事儿（伍）
03274113, 8.8, 31101, 明朝那些事儿（陆）
01316648, 8.3, 58853, 查令十字街84号
01292416, 8.5, 36288, 香水
01056733, 8.3, 50627, 地下铁
01529893, 8.0, 90411, 莲花
01461903, 7.8, 138123, 何以笙箫默
02053249, 8.1, 62230, 麦田里的守望者
02326403, 8.9, 13822, 认识电影
02209098, 7.8, 90010, 致我们终将逝去的青春
01277981, 8.8, 13601, 社会契约论
01008189, 8.9, 11519, 西方哲学史（上卷）
02056749, 8.1, 40337, 时间旅行者的妻子
01049354, 8.6, 16376, 又寂寞又美好
01322025, 8.7, 13301, 卓有成效的管理者
01358413, 8.5, 18249, 我只能為你畫一張小卡片
01950809, 9.6, 3701, 红楼梦
01030052, 7.9, 47084, 清醒纪
01255500, 9.2, 5540, 动物农场
01065970, 7.8, 51148, 彼岸花
01794620, 7.8, 48450, 芒果街上的小屋
01878708, 8.3, 17051, LA流浪记
01025723, 8.3, 15891, 潜规则
01316622, 8.3, 15482, 诛仙1
01914636, 8.4, 12783, 蛤蟆的油
01049219, 7.4, 81905, 长安乱
01763809, 8.7, 7551, 红拂夜奔
01312333, 8.2, 16342, 蔷薇岛屿
01056868, 8.5, 9931, 河童旅行素描本
01016300, 7.1, 161994, 梦里花落知多少
01032645, 8.6, 7939, 窥视印度
02331434, 7.6, 44725, 原来你还在这里
01848256, 8.0, 20103, 东京奇谭集
01270150, 9.3, 2933, 风与树的歌
01453210, 7.4, 59056, 一座城池
02240482, 8.0, 14923, 走到人生边上
02150586, 8.7, 5015, 照相本子
01089523, 8.3, 8706, 七种武器（全三册）
01262986, 8.1, 11395, 我不是教你诈
02216583, 8.8, 3927, 沉重的肉身
01063245, 7.6, 22607, 通稿2003
01828090, 9.2, 2027, River Town
02046977, 8.1, 8559, 我是猫
01856285, 7.2, 47609, 人生若只如初见
01705507, 8.0, 9785, 胭脂扣
05317075, 7.1, 57685, 蔡康永的说话之道
01491153, 8.7, 3349, 曾国藩家书
01058520, 8.9, 2565, 炼金术士
02081876, 7.2, 43595, 货币战争
01330009, 8.2, 6631, 我的前半生
01733250, 8.5, 4180, 韩寒五年文集（上下）
01939182, 8.0, 8639, 美国众神
02120339, 8.6, 3390, 是谁嗯嗯在我的头上
01668021, 8.1, 6944, 寻秦记
01052380, 7.7, 13680, 飞狐外传
01457028, 8.9, 2257, 管理的实践
01343089, 8.3, 4549, LA流浪記
01785397, 9.3, 1279, 基度山伯爵（全四册）
01914078, 7.6, 13705, 三重门
04749115, 7.5, 16432, 蔡康永的說話之道
04741216, 7.3, 23095, 我的奋斗
01875227, 8.9, 1853, 交響情人夢(07)
04163938, 8.7, 2321, 软件随想录
01871913, 8.7, 2196, 人间草木
01029068, 8.8, 1922, 我爱你，妈妈
01924213, 8.3, 3564, 逝去的武林
01098641, 8.9, 1562, 野性的呼唤
01473250, 7.6, 9980, 魔鬼经济学
01052824, 8.3, 3263, 圆舞
01057653, 8.7, 1856, 草原帝国
01566311, 7.7, 7167, 第一次亲密接触
02039490, 8.0, 4380, 灵猫
01448761, 8.3, 2801, 像一块滚石
01337292, 8.4, 2441, 倚天屠龍記
01914083, 7.6, 8131, 像少年啦飞驰
02032666, 7.6, 7936, 零下一度
01053174, 8.6, 1728, 你干吗在乎别人怎么想？
01016063, 7.6, 7019, 开到荼縻
01882483, 9.6, 573, C程序设计语言
01264104, 8.6, 1512, 夜航船
02154713, 8.9, 1072, 精通正则表达式
01032191, 8.2, 2495, 檞寄生
01911687, 7.4, 8872, 厚黑学
01046385, 7.1, 15889, 毒
02377014, 8.3, 2050, 阅读的故事
01322328, 7.4, 8099, 不羁的风
01034615, 8.7, 1203, 生命的意义
01729284, 8.0, 2917, 单行道
03359946, 7.6, 5226, 盘龙（1～10部）
01912086, 8.3, 1841, 我不是教你诈
03401258, 7.9, 3157, 小猫杜威
10513941, 8.7, 1097, 奥托手绘彩色植物图谱
01064271, 8.0, 2640, 多余的素材
01062608, 8.2, 1956, 旧时月色
01137681, 8.8, 888, 東坡志林
01227966, 7.8, 2719, 你的第一本哲学书
01464009, 7.8, 2684, 倾国怨伶
01029649, 8.5, 1060, 玻璃岛
01058097, 7.8, 2638, 岁月与性情
02133074, 7.0, 10207, 20几岁，决定女人的一生
01473323, 7.8, 2436, 引爆点
02081286, 6.9, 11876, 沙漏II
01171881, 8.1, 1495, 有闲阶级论
01861909, 8.2, 1279, 项羽与刘邦
01945004, 8.7, 702, 近距离
02354756, 8.8, 627, The Gadfly
01277389, 8.1, 1377, 食荤者
01108725, 8.2, 1144, 人件
01271593, 7.7, 2077, 覆雨翻云
01028052, 7.8, 1770, 李叔同说佛
02002938, 8.4, 806, 费曼的彩虹
01259315, 8.7, 571, 哲学问题
01855097, 8.3, 770, 万里任禅游
05355285, 8.5, 596, 编程人生
01054551, 7.6, 1539, 不如，你送我一场春雨
01477793, 8.1, 746, 卡门
02253513, 8.2, 631, 时间管理
01014964, 7.9, 893, 引爆流行
02372855, 8.5, 432, 小夫妻天天恶战
01054092, 8.3, 505, 罗素自传（第一卷）
01829801, 8.2, 558, 忧郁
01493256, 8.2, 557, 卧虎藏龙
01986386, 8.4, 448, 玛格丽特·杜拉斯
01787843, 7.7, 981, 兽血沸腾（第一卷）
01214639, 8.1, 594, 镜花缘
01499754, 7.2, 2009, 曾經深愛過
01474667, 7.9, 671, 搜
01436773, 7.6, 938, 提笔就老：洁尘的女人书
01225062, 8.7, 275, 汤姆的午夜花园
02143387, 7.9, 573, 读库0703
01839260, 8.2, 380, 悟空前传--斗佛
01101268, 7.6, 759, 新定位
02144413, 7.7, 645, 简单法则
01003277, 8.2, 365, 巴黎，艺术至上
05401859, 8.3, 326, 门后的秘密
01057552, 8.7, 215, 黄永玉大画水浒
01970573, 8.1, 350, 泛广告时代的幻象
01822776, 8.0, 380, 兽血沸腾（第三卷）
01962081, 7.5, 654, 加一片柠檬
01084365, 8.3, 267, 维也纳情感
02184970, 7.4, 697, 植物记
01322104, 8.0, 338, 开放的作品
01833360, 7.9, 373, 兽血沸腾（第二卷）
01108982, 8.6, 182, 法语发音
01354174, 9.1, 117, The Three Theban Plays
01980691, 7.8, 369, 四季随笔
05954810, 8.0, 294, 项目百态
01732512, 7.6, 429, 什么是平面设计？
01456399, 8.8, 134, Julius Caesar
01051507, 7.0, 920, 10倍速影像阅读法
01458748, 7.3, 589, 大君
25917842, 7.1, 737, 咖啡苦不苦
26067840, 7.9, 276, 爱情无非就长这个样子
27085617, 8.6, 141, 音乐与情感
01015577, 7.6, 328, 我听到了幸福
03225658, 7.4, 397, 产业链阴谋 II
01007601, 8.3, 155, 红帆
01053221, 8.3, 142, 建筑师林徽因
07056765, 9.2, 72, 学问与人生
01464616, 6.8, 745, 男人为什么有乳头？
01484287, 7.4, 326, 真男人不哭泣
01370846, 8.8, 90, In Praise of Shadows
01033046, 8.2, 144, 猎人笔记
01924042, 8.2, 143, 让科学的光芒照亮自己
01105697, 8.5, 104, UNIX超级工具 （第二版，上下卷）
26253713, 8.0, 158, 爱尔兰之旅
01960075, 7.8, 187, 为什么
01444220, 6.1, 2204, 她死在QQ上
01475300, 9.3, 55, 美国宪法评注
01511646, 6.6, 717, 大剑师传奇（全三册）
01449602, 6.9, 447, 玄幻系列之-星际浪子（三册）
06000282, 8.8, 68, 巧手折一折
01845134, 7.2, 283, 沉浮史玉柱
01153547, 8.7, 72, 围棋入门一月通
26695577, 9.4, 45, 图书馆建筑的历史
05328238, 8.0, 113, 思想录
01467043, 6.9, 353, 相信中国
25856622, 8.0, 95, 寻他千百度（珍藏版）
02172516, 6.4, 579, 5分钟和陌生人成为朋友
01324825, 8.3, 71, 整体性与隐缠序
01223940, 7.6, 126, 考无不胜
01027028, 8.6, 53, 白话插图山海经
01286303, 8.3, 63, 工业设计思想基础
02362569, 7.8, 84, 馨香一缕寄云边
01207421, 7.3, 131, 用图表说话
03601610, 7.4, 114, 权力玩家
01042795, 7.3, 119, 众生之相
26435647, 9.3, 27, 體能！技術！肌力！心志！
04018321, 9.1, 29, 植物名实图考
03923590, 7.4, 93, 颈椎腰椎康复书
01337318, 7.3, 92, 金庸小说人论
01489080, 8.0, 50, 林冲夜奔
01274504, 7.3, 82, 索性做了和尚
01845295, 7.6, 63, 话说长江
06256027, 8.1, 43, 清季的立宪团体
01975077, 9.0, 24, 胡适论治学
01939715, 7.1, 88, 非常人
01291357, 6.8, 116, 街灯底下
02371594, 8.1, 37, 儒林新史
01027593, 8.0, 39, 东方哲学的故事
03903031, 7.0, 84, 中国生活记忆
06878627, 8.9, 21, George F. Kennan
26987835, 7.0, 74, 无所事事的艺术
01896379, 8.4, 26, Patterns of Culture
26697839, 7.7, 40, 不负流年，不诉离伤
01186393, 6.9, 72, 谐趣科学
01066226, 7.5, 41, 感悟人生
10549821, 7.1, 53, 不丹闭关人
04143288, 7.5, 37, 宋词里的衣食住行
02222857, 6.1, 148, 趣谈
02056090, 7.3, 38, 道教的历史
03137155, 6.9, 52, 一个真实的于凤至
30205687, 7.8, 26, 大不敬的年代
04892841, 7.5, 28, Being Geek
01083502, 6.6, 56, 中国风水文化
01104538, 6.8, 43, 观念的冒险
02123484, 7.4, 19, Daemon
02184207, 6.8, 27, 26堂人文课
05442030, 7.4, 17, 聪明
01148217, 7.8, 13, 李卓吾传
01941961, 7.7, 13, 胡适论哲学
01492168, 7.8, 12, 民居建筑
04897538, 6.1, 34, 吕碧城传
10679511, 7.3, 13, 发现幸福的八堂课
01733537, 7.1, 13, 最富是潮商
01116345, 7.4, 11, 通货原理研究
01914342, 6.9, 12, 剩男剩女
26949958, 4.5, 77, 法国人只需十件衣
24380407, 0.0, 10, 历史，你也懂的
