2020-07-05 16:00:20

number of books, tag name
84, 阿拉伯文学

ID, rating, votes, title
01770782, 8.9, 647971, 追风筝的人
02143732, 8.8, 91255, 灿烂千阳
03597825, 8.6, 11836, 我的孤独是一座花园
02212371, 9.1, 4185, 先知
01851385, 7.9, 25135, 我的名字叫红
01880824, 8.6, 4034, 一千零一夜
01451270, 9.1, 1827, 纪伯伦诗集
26639310, 8.6, 2786, 我的名字叫红
27056383, 8.5, 2121, 一只狼在放哨
25724491, 8.2, 2946, 突然，响起一阵敲门声
01038291, 9.1, 889, 纪伯伦散文诗全集
24855421, 8.7, 887, 在春天走进果园
01055953, 9.1, 494, 先知
01104709, 8.9, 485, 耶胡达·阿米亥诗选（上下）
26109489, 8.2, 1022, 我是马拉拉
01986124, 9.1, 385, 一千零一夜（一）
01326838, 9.4, 291, 纪伯伦散文诗经典
01100142, 8.5, 639, 吉尔伽美什
01400697, 7.8, 1449, 古兰经
01006961, 9.1, 286, 一千零一夜
01986125, 9.1, 286, 一千零一夜（二）
01032562, 9.4, 211, 一千零一夜连环画(上下全）
01083482, 8.4, 503, 天方夜谭
01986127, 9.0, 280, 一千零一夜（三）
26948523, 8.5, 446, 我的孤独是一座花园
03345577, 8.4, 484, 鲁拜集
01843503, 9.1, 238, 先知
01659189, 9.0, 210, 一千零一夜（全八册）
25884868, 8.1, 416, 先知
19976126, 8.4, 260, 在意义天际的写作
04894483, 8.1, 309, 天方夜谭
06874619, 7.2, 861, 初恋总是诀恋
01985827, 8.6, 157, 一千零一夜（2）
25884863, 8.1, 244, 沙与沫
27598093, 8.6, 139, 时光的皱纹
30312138, 7.4, 453, 我的焦虑是一束火花
01085172, 8.7, 123, 两宫间
03719221, 7.8, 249, 我们街区的孩子们
01123822, 8.3, 153, 天方夜谭
04890405, 8.2, 155, 纪伯伦散文诗经典
04098806, 9.5, 58, Season of Migration to the North
01005880, 9.0, 76, 纪伯伦诗文选
30355859, 9.3, 62, 一千零一夜
27119140, 8.8, 86, 鲁拜集
01082153, 8.9, 74, 天方夜谭
01129149, 8.8, 71, 思慕宫
01085228, 8.9, 59, 怡心园
26897000, 7.8, 105, 来自巴勒斯坦的情人
25837860, 7.8, 89, 一千零一夜
30312140, 8.1, 64, 我的孤独是一座花园
34840578, 6.9, 174, 桂花
03201605, 8.9, 30, 先知
10539987, 7.3, 78, 一千零一夜
02046002, 8.4, 32, 街魂
04154634, 8.2, 35, 亞庫班公寓
05385918, 9.2, 20, 阿拉伯文学通史（上下卷平装）
02077987, 7.8, 44, 果园
02297214, 8.9, 20, 一千零一夜
25929624, 9.1, 18, 天方夜谭
25777115, 8.9, 19, 我怎麼稱呼我們之間過去的一切？
03262509, 8.1, 27, 一千零一夜（分夜全譯本）
03429699, 7.7, 34, 宫间街
01117150, 8.5, 21, 一千零一夜
10446520, 8.5, 21, 穆罕麦斯
26545166, 8.0, 27, 伊本·白图泰游记
03081325, 7.8, 30, 沙漠骑士昂泰拉
01053781, 7.4, 39, 阿拉伯神话故事
03124947, 8.0, 25, 阿拉伯文学史
25816502, 8.8, 16, 哈佛百年经典第20卷：一千零一夜
01778959, 8.5, 18, 瘦子麦麦德（第一卷）
27664549, 7.8, 26, 我们街区的孩子们
34443605, 8.8, 13, 觉民之子
01037271, 7.8, 20, 凯里来与迪木奈
33444096, 7.3, 26, 竹竿
02310975, 7.6, 21, 尊敬的阁下
02362867, 7.3, 21, 伊本·白图泰游记
27087403, 8.0, 14, 鹬鸟声声
02310981, 7.3, 20, 梅达格胡同
01039960, 8.4, 11, 天方夜谭
26931261, 8.2, 11, 写给大人的寓言
02662951, 7.6, 13, The Yacoubian Building
01122999, 6.0, 32, 扎比芭与国王
03903552, 0.0, 10, 天方夜谭（佳作丛书第三辑）
30488922, 0.0, 11, Celestial Bodies
