2020-07-05 16:00:20

number of books, tag name
226, 阿根廷

ID, rating, votes, title
10594787, 9.0, 184345, 霍乱时期的爱情
01863930, 8.8, 34012, 看不见的城市
25796120, 8.9, 16375, 小径分岔的花园
01440972, 9.2, 8945, 博尔赫斯小说集
01962923, 8.6, 11345, 西班牙旅行笔记
01418058, 9.1, 5166, 小径分岔的花园
25796049, 9.0, 5728, 沙之书
25796122, 9.3, 3168, 阿莱夫
25796061, 9.1, 3703, 杜撰集
03003477, 9.2, 2877, 虚构集
01417385, 9.0, 3545, 博尔赫斯诗选
03769738, 8.7, 5081, 万火归一
01083089, 9.4, 2082, 博尔赫斯全集
27079479, 8.8, 4192, 南方高速
25952961, 8.8, 3893, 博尔赫斯谈话录
26701959, 8.6, 4662, 我脑袋里的怪东西
03003258, 9.2, 1983, 阿莱夫
10764013, 8.8, 3091, 克罗诺皮奥与法玛的故事
25796066, 8.3, 4468, 恶棍列传
03003466, 8.6, 2738, 恶棍列传
01768642, 9.2, 1340, 博尔赫斯短篇小说集
10522844, 8.8, 1962, 游戏的终结
26270304, 9.1, 1387, 七夜
26671805, 9.0, 1542, 另一个，同一个
25913612, 8.2, 3971, 给孩子的诗
25899957, 9.0, 1395, 诗艺
25956992, 9.0, 1388, 博尔赫斯，口述
01444558, 8.7, 1439, 博尔赫斯谈艺录
02301377, 9.2, 781, 玛法达
06010144, 8.3, 2181, 动物寓言集
26703649, 8.4, 1863, 被占的宅子
23019253, 8.7, 1222, 蜘蛛女之吻
25796128, 8.6, 1353, 布罗迪报告
34826166, 8.6, 1352, 夜的命名术
01900490, 9.3, 621, 博尔赫斯全集
02969263, 8.6, 1225, 跳房子
34912805, 8.8, 936, 七个疯子
02364762, 8.7, 1038, 唐璜（上下册）
04732175, 7.6, 4460, 阿根廷婆婆
33455204, 8.5, 1255, 博尔赫斯：最后的访谈
26671810, 8.3, 1593, 深沉的玫瑰
01433739, 8.5, 1230, 蜘蛛女之吻
03003182, 8.8, 803, 博尔赫斯谈诗论艺
06006287, 9.1, 577, 诗艺
01053752, 9.3, 442, 玛法达的世界  全集A
24722916, 7.3, 5244, 如果一切重来
01418989, 9.1, 475, 小径分岔的花园
05409459, 8.0, 1545, 摩托日记
03319957, 8.7, 648, 蜘蛛女之吻
26603440, 8.3, 987, 老虎的金黄
26264146, 8.8, 539, 探讨别集
25956991, 8.4, 800, 但丁九篇
26841615, 9.3, 320, 博尔赫斯全集
30302069, 8.6, 619, 有人在周围走动
03003471, 8.4, 746, 私人藏书
03003189, 8.6, 598, 博尔赫斯谈话录
33402255, 8.7, 480, 和博尔赫斯在一起
26270303, 8.3, 715, 永恒史
26824360, 8.1, 876, 夜晚的故事
03669394, 8.2, 761, 切·格瓦拉传
26294048, 7.5, 1825, 黑羊
26824361, 8.0, 893, 面前的月亮·圣马丁札记
26744599, 8.0, 891, 我将敢于亲吻你
26721094, 8.4, 561, 天数
27124683, 8.8, 357, 合金男爵1
02996061, 8.5, 475, 镜中的孤独迷宫
01031384, 9.1, 268, 莫迪洛漫画(1)
02033123, 9.5, 185, 玛法达与伙伴们
25837146, 7.3, 1849, 倾我所有去生活
25956997, 8.1, 622, 私人藏书：序言集
26603447, 7.5, 1254, 布宜诺斯艾利斯激情
26603441, 8.0, 637, 诗人
04845022, 8.0, 616, 象棋少年
01358395, 9.1, 211, 杜可風春光乍洩攝影手記
21617753, 9.6, 143, 博尔赫斯全集（小说卷）
30126849, 8.4, 371, 最后的对话 Ⅰ
25722953, 7.5, 1073, 吃鸟的女孩
02210178, 7.7, 818, 阿根廷婆婆
26824357, 8.0, 541, 密谋
01263496, 9.3, 159, 亚当与夏娃
01291994, 8.6, 278, 革命前夕的摩托車之旅
20434037, 8.0, 512, 谜一样的眼睛
26824358, 7.9, 571, 铁币
20645160, 8.3, 356, 一路向南·拉美篇
30126850, 8.7, 242, 最后的对话 Ⅱ
24872823, 9.1, 171, 博尔赫斯全集：诗歌卷 (上册)
27034274, 8.2, 378, 安第斯山脉的生与死
26824359, 7.8, 581, 地图册
01139742, 8.3, 329, 名家名译随身典藏
33380549, 8.7, 222, 我们如此热爱格伦达
01014627, 9.0, 159, 莫迪洛漫画(2)
01785927, 9.1, 137, 娃娃看天下 1 (40週年珍藏版)
26270301, 7.9, 405, 讨论集
26308272, 8.2, 293, 序言集以及序言之序言
06712400, 7.6, 559, 莫雷尔的发明
01103117, 8.9, 153, 博尔赫斯谈诗论艺
30247391, 8.2, 273, 老巴塔哥尼亚快车
24871648, 7.7, 461, 俄罗斯套娃
01030723, 9.0, 134, 莫迪洛漫画(5)
34978161, 8.7, 164, 伊斯坦布尔之刃
01275172, 8.7, 161, 科塔萨尔论科塔萨尔
26765925, 8.4, 208, 博尔赫斯全集II
01432340, 8.3, 220, 博尔赫斯与萨瓦托对话
05386403, 7.9, 313, 风景画家的片段人生
01205229, 8.9, 122, 巴比伦的抽签游戏
02066221, 7.8, 313, 恋爱中的博尔赫斯
26270298, 7.6, 386, 埃瓦里斯托·卡列戈
03717180, 6.7, 1359, 优雅一生的装扮课
03574251, 9.1, 97, 季诺疗法
01351536, 9.2, 83, 娃娃看天下（全集1）
01040509, 9.0, 95, 莫迪洛漫画(8)
01286841, 8.6, 122, 南美丛林日记
25762414, 8.1, 179, 博尔赫斯大传
23164130, 8.9, 92, 世纪旅人
10742301, 9.2, 74, 博尔赫斯文集 诗歌随笔卷
03753802, 9.0, 84, 看世界
01034132, 9.0, 83, 莫迪洛漫画(7)
34896913, 7.6, 269, 失败笔记本
27024989, 8.4, 123, 饥饿
34787198, 9.1, 72, 万火归一
34914941, 8.6, 100, 火中遗物
33427743, 7.7, 217, 音乐大脑
03195260, 9.3, 61, 博尔赫斯文集-文论自述集
04843360, 8.0, 159, 麦田上的光芒-海子诗传
02364643, 8.6, 94, 南美洲
25802943, 7.6, 228, 童子与魔法
26671804, 7.1, 405, 为六弦琴而作·影子的颂歌
02334777, 9.7, 42, Labyrinths
34464701, 7.8, 160, 女俘爱玛
04016660, 7.6, 193, 美国杀戮
24862252, 8.6, 81, 切•格瓦拉传
25718169, 7.7, 173, 剑桥
25904931, 8.1, 103, 玻利维亚日记
26103899, 9.1, 51, 平行与吊诡
01951310, 8.4, 80, 邻笛集
05988602, 7.6, 157, 博尔赫斯
01388280, 9.3, 43, Kiss of the Spider Woman
26762860, 8.9, 54, 博尔赫斯大传
01795120, 7.9, 112, 莫雷尔的发明
26391029, 7.3, 200, 文稿拾零
01343366, 7.6, 146, 不倫與南美
01106877, 8.8, 55, 妙在不言
01252652, 8.3, 73, 马丁·菲耶罗
26951476, 7.7, 116, 我们所触碰的一切
03258584, 9.0, 44, 想像的動物
34834201, 9.0, 44, 人工呼吸
03771879, 7.3, 168, 巴塔哥尼亚高原上
34464700, 7.6, 124, 野兔
01378663, 9.3, 37, Collected Fictions
03023769, 9.3, 37, 矮瓜先生
04200105, 7.8, 91, 阿根廷史
27079437, 7.2, 159, 悬命遗书
03781062, 9.2, 34, El Tunel
34431899, 8.4, 53, 声音集
11443265, 7.8, 79, 一路梦想
33658595, 7.8, 79, 沉睡者
33110021, 7.6, 91, 上帝的茶话会
34840552, 8.4, 48, 对话博尔赫斯
03092870, 8.3, 51, 暗沟
30372406, 9.2, 30, 脏脸天使
26286030, 8.3, 49, 玛法达的世界（全十册）
01784901, 8.9, 32, 拉丁美洲短篇小说选
01784893, 8.3, 45, 英雄梦
04911583, 8.9, 31, BUENOS AIRES 新装版
11595550, 7.5, 80, 极南
01987061, 7.4, 87, 南方的博尔赫斯
26837795, 8.9, 28, 老卫队的探戈
34778572, 8.7, 31, 动物寓言集
05029470, 7.8, 55, 两个好朋友
26728157, 7.7, 59, 艾达之路
03547723, 9.2, 23, Labyrinths
01214962, 9.5, 20, 莫迪洛幽默漫画精品·第三辑
02395079, 9.6, 19, Ficciones
25987761, 9.6, 19, Extracting the Stone of Madness
34786083, 9.2, 22, 游戏的终结
02069719, 9.8, 17, 获西班牙塞万提斯奖作家作品选
05924999, 6.8, 119, 一路南美
01800532, 8.3, 33, 古巴革命战争回忆录
30457063, 8.5, 29, 加莱亚诺传
05253620, 8.0, 37, 奇妙的颜色
01143174, 8.9, 21, 莫迪洛幽默漫画精品·第二辑
03132399, 7.6, 45, 现代化和官僚威权主义
30240178, 8.5, 24, 马拉多纳自传：我的世界杯
26677121, 7.9, 34, 文艺复兴的隐暗面
02138744, 9.3, 16, On the Sixth Day
34456278, 7.8, 35, 群山自黄金
30376578, 9.4, 15, 皮亚佐拉
20491059, 9.7, 13, Professor Borges
25913778, 7.2, 50, 梅西——传奇之路
05915428, 6.8, 71, 邻家男孩 莱奥·梅西
30422623, 6.8, 71, 鬼魂的盛宴
25896645, 8.6, 20, 探戈艺术的历史与变革
01918945, 9.6, 13, Poesia Completa De Alejandra Pizarnik
25885236, 8.7, 18, 冬日午后
25901245, 8.8, 16, 丁香树
01350012, 8.5, 18, 波赫士談詩論藝
27176200, 6.8, 56, 营救距离
03060581, 8.7, 16, 马丁·菲耶罗
01229421, 8.5, 17, 阿根廷文学
25663220, 7.3, 33, Hi！布宜诺斯艾利斯
01379388, 8.3, 17, The Invention of Morel
26646971, 8.3, 17, 玛法达的世界1
26336663, 7.2, 31, 梅西：选择相信
02245693, 6.6, 50, 我的探戈之恋
26584712, 7.4, 26, 毒型情绪
01483198, 8.6, 13, In Patagonia
30592455, 7.8, 19, 马岛战争
03727413, 8.8, 11, Final del Juego
26281323, 7.9, 14, 探戈
01043078, 6.9, 24, 埃薇塔-贝隆夫人传
30415988, 7.0, 22, 布宜诺斯艾利斯传
01546169, 7.2, 19, 庇隆夫人和麦当娜
25901229, 7.9, 12, 神笔索歌
01214961, 7.6, 13, 莫迪洛幽默漫画精品（第1辑）
26328950, 6.5, 26, 国际米兰传奇萨内蒂传
25901259, 7.8, 11, 火焰
10828833, 7.4, 12, 爱娃·庇隆传
25901060, 5.8, 15, 世界杯冠军志之阿根廷
03824177, 4.9, 38, 阿智玻秘
11527769, 4.9, 17, 阿根廷简史
02003161, 0.0, 10, Hopscotch
02071526, 0.0, 10, The Book of Sand (Penguin Modern Classics)
26992691, 0.0, 10, 跳火堆
34438692, 0.0, 10, 布宜诺斯艾利斯传
01920280, 0.0, 11, 隧道
26589950, 0.0, 11, 父親的靈魂在雨中飄升
