2020-07-05 16:00:20

number of books, tag name
234, 雨果

ID, rating, votes, title
01083428, 8.9, 186606, 傲慢与偏见
01141406, 8.5, 186828, 简爱（英文全本）
01205054, 9.0, 49793, 悲惨世界（上中下）
01024197, 8.4, 90712, 巴黎圣母院
01775691, 8.4, 81349, 少有人走的路
01986291, 9.5, 12006, 冰与火之歌（卷三）
04920007, 8.8, 31638, 不能承受的生命之轻
25762009, 9.1, 16809, 教父
01001885, 8.5, 21774, 带一本书去巴黎
10763902, 7.7, 87532, 偷影子的人
25897657, 9.5, 4391, 悲惨世界
10555486, 8.7, 11176, 分成两半的子爵
01136881, 9.3, 4889, 悲惨世界
01140727, 8.7, 10881, 安德的游戏
01083433, 9.3, 3100, 悲惨世界（全三册）
01880986, 9.2, 3229, 悲惨世界（上下）
03200760, 9.5, 1976, 悲惨世界
02042629, 8.8, 3949, 九三年
01083432, 8.7, 4505, 巴黎圣母院
02253413, 8.9, 3293, 巴黎圣母院
01205076, 9.2, 2094, 悲惨世界（上中下）
01885261, 8.6, 4343, 巴黎圣母院
01292412, 9.1, 2281, 叔本华思想随笔
01885214, 8.6, 3955, 双城记
03023360, 8.7, 2798, 巴黎圣母院
01203258, 8.4, 3942, 巴黎圣母院
01140729, 8.6, 2933, 星船伞兵
03797322, 9.1, 1379, 悲惨世界
01885262, 8.6, 2363, 笑面人
03198422, 8.6, 2347, 光明王
01097835, 8.0, 5036, 名人传
25808056, 8.0, 4655, 纸牌屋
05407295, 9.3, 855, 悲惨世界（上下）
02033808, 8.7, 1565, 巴黎圣母院
01009536, 8.9, 1150, 九三年
05406571, 9.1, 870, 九三年
25886226, 9.0, 855, 巴黎圣母院
04881636, 8.7, 1115, 巴黎圣母院
01125284, 8.5, 1325, 巴黎圣母院
03026354, 8.6, 1053, 造梦的雨果
01089122, 9.4, 448, 悲惨世界(上中下)/名著名译丛书
01205431, 8.9, 705, 九三年
01020080, 9.3, 460, 悲惨世界（上下）
03310808, 9.2, 488, 九三年
01035476, 8.6, 800, 巴黎圣母院
01271250, 9.2, 435, 悲惨世界
05406575, 8.7, 701, 巴黎圣母院
01279659, 8.3, 1008, 组织行为学
03351929, 7.6, 2541, 天堂向左深圳往右
05259789, 9.3, 346, 悲惨世界（上、下）
01105898, 9.6, 251, 悲惨世界（全三册）
01022767, 8.9, 456, 悲惨世界
25697555, 8.4, 757, 无限的清单
01134656, 8.9, 448, 巴黎圣母院
01658876, 9.1, 312, 悲惨世界(上下)
01786582, 8.9, 345, 海上劳工
20395920, 8.9, 329, 九三年
01962924, 9.4, 206, 悲惨世界（二）
27180217, 7.6, 1348, 人之彼岸
25773652, 8.8, 340, 笑面人
03689442, 9.2, 231, 悲惨世界
26791407, 6.4, 10918, 孤独深处
01203267, 8.7, 339, 巴黎圣母院
01060138, 8.6, 372, 巴黎圣母院
01916479, 9.0, 241, 九三年
06966406, 7.7, 928, 小小姑娘
26988941, 9.2, 200, 巴黎圣母院
01203241, 8.1, 511, 笑面人
24699701, 7.9, 611, 十一种孤独
01671128, 9.5, 136, 悲惨世界（上下）
26611850, 9.2, 164, 巴黎圣母院
06828854, 9.0, 190, 悲惨世界（上下）
10804439, 9.4, 122, 悲惨世界（上、下）
01085194, 9.0, 160, 悲惨世界（上下）
04025049, 7.8, 487, 末日之书
05958654, 9.9, 81, 悲惨世界
01063870, 8.2, 277, 巴黎圣母院
24295355, 9.5, 94, 悲惨世界（上、下）
26770647, 9.6, 88, 悲惨世界(上下名家全译本)
02327983, 9.3, 104, 雨果的祕密
02702836, 9.3, 96, 悲惨世界（上.下）
02975951, 9.2, 102, 巴黎圣母院
05922525, 9.4, 89, 悲惨世界
20388916, 9.0, 116, 海上劳工
02295174, 8.6, 154, 蜘蛛女之吻
01752262, 9.1, 104, Complexity and Contradiction in Architecture
05922511, 8.9, 117, 巴黎圣母院
01844645, 8.2, 205, 天堂的喷泉
19995894, 9.0, 99, 九三年
01478994, 9.3, 80, Les Misérables
26811363, 9.1, 90, 悲惨世界（上下）
01084323, 8.7, 120, 巴黎圣母院
02065338, 8.6, 129, 法国七人诗选
24713701, 9.5, 69, 悲惨世界(上中下册)
03166002, 8.8, 103, 巴黎圣母院
01922168, 9.1, 83, 悲惨世界
30436452, 9.0, 88, 巴黎圣母院
02472414, 9.4, 65, Les Miserables
01199650, 8.2, 153, 伊豆舞女
03797384, 8.1, 156, 巴黎圣母院
25962760, 7.7, 219, 浮生物语大画集
26969452, 9.2, 64, 九三年
01907105, 7.7, 204, 风土
26780566, 6.7, 704, 流浪苍穹
01899885, 9.6, 46, 悲惨世界
03222502, 8.7, 77, 戴望舒诗全编
27017992, 9.5, 44, 悲惨世界
01430650, 9.6, 40, 雨果文集（全20卷）
01109470, 8.2, 96, 巴黎圣母院/外国文学名著精品
26986064, 8.5, 75, 笑面人
22378610, 9.5, 40, 悲惨世界
01928559, 8.4, 78, 一天上午的回忆-驳圣伯夫
03181275, 8.6, 67, 巴黎圣母院
01212553, 8.6, 66, 我生命的附言
20440621, 8.5, 63, 巴黎圣母院
01186391, 9.8, 30, 雨果文集（1-12卷）
25860378, 8.0, 89, 迟暮鸟语
01186427, 8.3, 70, 雨果诗选
26677340, 8.9, 45, 郑永慧译九三年
01084837, 8.4, 61, 九三年
02303171, 8.4, 60, 巴黎圣母院
04873106, 9.4, 33, 悲惨世界
02032570, 8.8, 45, 雨果诗选
06530048, 8.0, 78, 巴黎圣母院
21778147, 7.1, 180, 首开纪录
03248742, 8.6, 46, 巴黎圣母院
02380324, 8.5, 48, 巴黎圣母院
03175175, 7.3, 126, 法国和比利时游记
01133025, 9.3, 30, The Hunchback of Notre-Dame
02193902, 9.3, 30, 笑面人
04018802, 9.3, 30, 悲惨世界（全两册）
24531092, 9.5, 27, 悲惨世界（上下全译本）
06435870, 8.7, 41, 笑面人
01091903, 8.6, 43, 威廉·莎士比亚
05921803, 8.2, 54, 雨果论文学
30206406, 9.3, 28, 巴黎圣母院
19958291, 8.2, 53, 死囚末日记
02344711, 8.8, 34, 在大海边
20365250, 8.3, 44, 冰岛的凶汉
02068990, 8.3, 42, 巴黎圣母院
01835992, 7.9, 55, 巴黎圣母院
06535059, 8.4, 39, 巴黎圣母院
01362216, 8.5, 35, 悲慘世界
02178622, 9.6, 20, 悲惨世界
03230602, 8.7, 30, 雨果传（两册）
02341181, 9.5, 20, 悲惨世界
01409258, 8.9, 26, 外国长诗经典10篇
01131635, 8.7, 28, 巴黎圣母院
03116342, 8.4, 33, 雨果散文
03689445, 9.2, 21, 巴黎圣母院
25867200, 7.5, 58, 创作大师
01028097, 8.2, 35, 雨果散文精选
01291744, 8.6, 27, 海上劳工
25001182, 8.5, 28, 巴黎圣母院
10747088, 8.2, 33, What Money Can&#39;t Buy
01527041, 9.1, 20, 巴黎圣母院
26385118, 7.3, 60, 悲惨世界
21980268, 7.9, 37, Ancillary Justice
06311953, 9.0, 20, 海上劳工
21319743, 9.0, 20, 见闻录
03056728, 7.7, 42, 九三年
01412343, 9.1, 19, 雨果美文集
02227589, 9.1, 19, 巴黎圣母院
01266675, 7.4, 52, 莎士比亚传
01144292, 7.7, 40, 巴黎圣母院
25925716, 8.3, 27, 雨果传
03590475, 8.4, 25, 死囚末日记
01058510, 9.5, 15, 悲惨世界
02380317, 8.3, 26, 海上劳工
02025079, 8.8, 20, Les Miserables
30237686, 8.8, 20, 世界经典文学名著漫画系列
04848483, 9.6, 14, 悲惨世界
25793950, 9.4, 15, 雨果文集（12卷）
02173906, 8.4, 23, 雨果论文学
01142577, 9.3, 15, 巴黎圣母院
01986218, 9.1, 16, 九三年
01125522, 8.8, 18, 巴黎圣母院
01850590, 9.3, 14, 悲惨世界
03823117, 8.7, 18, 悲惨世界
30488951, 9.1, 15, 巴黎圣母院
03087424, 7.5, 34, The Book of Illusions
01607621, 9.0, 15, 九三年
02303203, 8.0, 24, 海上劳工
21692786, 8.0, 24, 静观集
26467196, 9.3, 13, 九三年
03360747, 9.5, 12, 悲惨世界
03195153, 8.2, 21, 雨果传
03201571, 8.1, 22, 夜听海涛
01206439, 8.6, 17, 巴黎圣母院
19974145, 8.7, 16, 街道与园林之歌
01073039, 9.2, 13, 悲惨世界/世界名著之旅丛书
21692791, 9.0, 14, 历代传说
20473831, 8.0, 22, 莱茵河
01261850, 8.5, 17, 巴黎圣母院
27191629, 8.6, 16, 九三年
10760906, 7.8, 24, 巴黎圣母院
06311952, 9.2, 12, 雨果小说全集（套装全3册）
01170379, 8.5, 16, 巴黎圣母院
01653168, 8.1, 19, 悲惨世界
01266334, 8.3, 17, 笑面人
30291345, 8.7, 14, 悲惨世界
26954358, 8.9, 12, 巴黎圣母院
20381884, 8.7, 13, 一桩罪行的始末
03460298, 8.1, 17, 巴黎圣母院
20428635, 8.2, 15, 巴黎圣母院
01519902, 8.7, 12, 巴黎圣母院
26851511, 8.5, 13, 笑面人
01663075, 7.2, 26, 九三年
20389037, 7.7, 19, 东方集
02161896, 8.3, 14, 雨果抒情诗选
03655774, 8.3, 13, 笑面人（上、下）
30296566, 8.7, 11, 悲惨世界
01040766, 8.1, 14, 悲惨世界/儿童经典快读
26254275, 7.5, 19, 法语诗歌入门ABC（法汉对照）
02074965, 7.5, 18, 莱茵河
05324974, 6.9, 26, 雨果和圆明园
01000704, 7.0, 23, 谁在巴黎纵情狂欢
02227771, 7.7, 14, 伟大的叛逆者：雨果
26362072, 7.4, 16, 黑奴王子
26840418, 6.6, 26, 法国和比利时游记
01597279, 7.7, 13, 雨果戏剧集（全二册）
02149544, 6.8, 21, 雨果诗选
20473835, 7.6, 12, 苦岁集
10434743, 6.8, 14, 雨果的欧洲观
03261287, 6.7, 14, 程曾厚讲雨果
03637610, 6.6, 12, 雨果夫人回忆录
01008817, 0.0, 10, 雨果随笔
10745826, 0.0, 10, 巴黎圣母院
25929625, 0.0, 10, 九十三年
01274085, 0.0, 11, 雨果诗选
03910809, 0.0, 11, Les Miserables
01902895, 0.0, 13, 雨果诗歌精选
02008609, 0.0, 13, 雨果诗歌精选
01813912, 0.0, 18, 巴黎圣母院-世界经典名著
