2020-07-05 16:00:20

number of books, tag name
866, 青春文学

ID, rating, votes, title
01084336, 9.0, 576802, 小王子
27614904, 9.2, 192617, 房思琪的初恋乐园
01449352, 8.8, 85164, 朝花夕拾
01080370, 8.6, 86195, 情书
02159042, 8.5, 101249, 挪威的森林
24754316, 8.7, 56076, 最好的我们
04231381, 8.4, 48888, 那些回不去的年少时光
01020459, 8.4, 46999, 此间的少年
01529893, 8.0, 90411, 莲花
01461903, 7.8, 138123, 何以笙箫默
03879301, 7.9, 95238, 微微一笑很倾城
02053249, 8.1, 62230, 麦田里的守望者
01919201, 8.4, 32757, 七夜雪
04732378, 8.7, 19513, 那些回不去的年少时光·终场
06973970, 8.3, 35468, 人间失格
02209098, 7.8, 90010, 致我们终将逝去的青春
02567919, 8.2, 39777, 匆匆那年（上下）
01958227, 8.2, 39113, 那些年，我们一起追的女孩
04874131, 8.1, 44955, 东霓
01963310, 8.2, 36978, 大地之灯
01082518, 7.9, 59969, 麦田里的守望者
03598313, 7.9, 55931, 西决
01203251, 8.1, 33318, 雾都孤儿
01030052, 7.9, 47084, 清醒纪
03268399, 8.4, 18451, 上海堡垒
26680113, 8.6, 13349, 那个不为人知的故事
02256438, 7.8, 55994, 素年锦时
01440089, 8.3, 21712, 那些生命中温暖而美好的事情
01065970, 7.8, 51148, 彼岸花
06431994, 8.2, 23660, 悟空传
01962929, 7.9, 38765, 佳期如梦
01783349, 8.8, 8453, 倾城之恋
02253753, 8.7, 9577, 九州·缥缈录Ⅲ·天下名将
01026425, 7.4, 108287, 三重门
02283084, 8.0, 27161, 云中歌1
03860856, 8.1, 22175, 可爱的洪水猛兽
01886385, 8.0, 25786, 来不及说我爱你
01049219, 7.4, 81905, 长安乱
01016300, 7.1, 161994, 梦里花落知多少
03194071, 8.6, 8458, 少年巴比伦
26591331, 8.5, 9594, 你好，旧时光
26989242, 9.1, 4125, 有匪2
01018153, 7.8, 31681, 水仙已乘鲤鱼去
02339950, 7.7, 37705, 被窝是青春的坟墓
03394338, 7.5, 55640, 他的国
02331434, 7.6, 44725, 原来你还在这里
01926700, 7.7, 35875, 关于莉莉周的一切
01029159, 7.5, 51463, 八月未央
01227838, 7.6, 41229, 年华是无效信
25825717, 8.2, 13274, 龙族Ⅲ
06434543, 8.0, 18129, 龙族Ⅱ
01453210, 7.4, 59056, 一座城池
01049189, 7.3, 73925, 1995-2005夏至未至
26613061, 8.9, 4248, 九州·缥缈录
03108829, 7.8, 23900, 全世爱
30254298, 7.7, 27014, 云边有个小卖部
01016523, 7.5, 40378, 告别薇安
01049070, 8.4, 7889, 等一个人咖啡
03009033, 7.8, 21727, 杂的文
04324975, 8.7, 5044, 下垂眼
04172417, 8.2, 10606, 匆匆那年
05980360, 8.0, 14632, 曾许诺
06773643, 8.0, 14047, 橘生淮南·暗恋
25859657, 8.7, 4765, 挪威的森林
07564736, 8.2, 9963, 那些年，我们一起追的女孩
25829434, 7.9, 16324, 暗恋·橘生淮南
03778004, 8.2, 9731, 致我们终将逝去的青春
04860554, 8.8, 4025, 淘气包马小跳系列
04041998, 8.6, 5186, 孤城闭
02382705, 7.6, 27429, 不朽
03406518, 8.5, 5804, 追随她的旅程
30181018, 8.6, 5017, 撒野 一
03293231, 7.7, 21572, 许我向你看
01059406, 7.0, 101838, 幻城
25984204, 7.3, 49264, 乖，摸摸头
26978506, 8.3, 7447, 打火机与公主裙·荒草园
01948502, 7.7, 20593, 1995-2005夏至未至
03506871, 7.5, 30452, 曾有一个人，爱我如生命
03103080, 7.6, 24547, 须臾
03698217, 8.5, 5358, 花田半亩
01489555, 7.7, 19994, 寂寞空庭春欲晚
03124525, 7.6, 24231, 暮色
20425053, 7.6, 24204, 我所理解的生活
10740021, 7.6, 24023, 三生三世 枕上书
05686369, 7.7, 19285, 何以笙箫默
03018339, 7.7, 19209, 万物生长
04241870, 7.6, 23160, 我在回忆里等你
04737329, 7.6, 23095, 龙族Ⅰ
01063245, 7.6, 22607, 通稿2003
02233893, 8.1, 9218, 彼岸花
01009160, 7.3, 40046, 像少年啦飞驰
01006004, 7.5, 25662, 樱桃之远
01748232, 8.0, 10009, 忽而今夏
03061282, 7.6, 20503, 山月不知心底事
04818929, 7.6, 19506, 夏至未至
01914572, 7.6, 19344, 誓鸟
01733250, 8.5, 4180, 韩寒五年文集（上下）
06732193, 7.5, 21996, 十年一品温如言
27094488, 8.5, 4033, 过门
04746554, 7.9, 10036, 年华是无效信
03777123, 7.8, 11515, 告别天堂
04871447, 7.3, 30201, 东宫
23795254, 7.9, 9502, 骄阳似我
27035382, 8.1, 6794, 七根凶简
30313981, 8.7, 2871, 西出玉门 上
01863163, 8.4, 4187, 异兽志
05275500, 7.7, 12846, 尘曲
01915536, 7.3, 27397, 尘埃星球
25887930, 9.3, 1284, 被伤害与侮辱的人们
04242146, 8.1, 5948, 素年锦时
01914078, 7.6, 13705, 三重门
04143274, 8.1, 5837, 忽而今夏
03606570, 8.3, 4266, 鹤唳华亭
03825658, 7.8, 9385, 全世爱Ⅱ·丝婚四年
06088152, 7.9, 7865, 千秋
30473240, 8.4, 3675, 十二年故人戏
03903387, 7.5, 15677, 香蜜沉沉烬如霜
10343062, 8.2, 4757, 暗恋
06875231, 8.6, 2713, 此间的少年
02699701, 7.5, 15350, 歌尽桃花
03056892, 7.3, 22537, 幻城
02977174, 7.8, 8553, N.世界
01006073, 7.5, 14660, 七月与安生
26662515, 7.7, 10096, 他知道风从哪个方向来
02160037, 8.2, 4404, 我是你儿子
01074841, 7.5, 13715, 葵花走失在1890
01007334, 7.1, 31166, 草样年华
03146656, 8.4, 3179, 五月女王
20424609, 8.0, 5691, 妩媚航班
05403007, 7.6, 11125, 剩者为王
01879023, 8.2, 4154, 忽而今夏Ⅱ
01087758, 7.3, 19657, 花季雨季
03279284, 7.7, 9154, 像少年啦飞驰
01083257, 7.3, 19028, 烈火如歌
04197740, 7.9, 6309, 告别天堂
02300626, 7.3, 18556, 蔓蔓青萝（全2册）
03284067, 7.5, 12509, 佳期如梦之海上繁花
06511745, 8.0, 5195, 万象
02271177, 7.6, 10027, 青春酷语（第四辑）
26900287, 9.0, 1378, 这么多年
06714861, 8.0, 5106, 致我们终将逝去的青春
01469051, 6.9, 43140, 左耳
04269890, 8.5, 2374, 这些年，二哥哥很想你
02340955, 7.5, 11126, 暖暖
06800500, 7.5, 10952, 南音 （下）
01796596, 7.2, 19686, 左耳
01331571, 7.6, 9044, 地下室
07059909, 7.4, 12841, 南音 （上）
01596305, 6.8, 47420, 泡沫之夏
20504749, 8.5, 2229, 那些回不去的年少时光（套装上下册）
03290010, 7.0, 28564, 澜本嫁衣
01958655, 7.5, 10207, 寻找前世之旅（上下册）
03810672, 7.7, 7107, 8分钟的温暖
01914083, 7.6, 8131, 像少年啦飞驰
04175252, 7.8, 5769, 初恋爱
01012802, 7.2, 17175, 十爱
02032666, 7.6, 7936, 零下一度
01190868, 7.4, 11418, 烈火如歌
04706499, 7.7, 6641, 燃烧的男孩
03364858, 7.8, 5597, 再见，冥王星
26898909, 7.7, 6577, 时间的女儿
25748787, 7.6, 7661, 平生欢
26590271, 8.3, 2498, 我的鸵鸟先生
26365847, 7.5, 8652, 美人为馅
01855343, 7.0, 22989, 泡沫之夏Ⅱ
02133556, 6.9, 28663, 光荣日（第一季）
03693394, 7.9, 4231, 后青春期的诗
24876497, 8.0, 3625, 匆匆那年
02062430, 7.0, 22282, 泡沫之夏Ⅲ
01217071, 7.7, 5649, 樱桃之远
03921405, 7.6, 6528, 芙蓉如面柳如眉
01088472, 8.1, 2912, 首届全国新概念作文大赛获奖作品选（全二册）
26822709, 8.4, 1939, 聋哑时代
03191328, 6.5, 69882, 小时代1.0折纸时代
01006881, 6.7, 40651, 左手倒影，右手年华。
01000993, 8.2, 2466, 女生日记
01046385, 7.1, 15889, 毒
01009665, 8.3, 2132, 五·三班的坏小子
20424614, 7.6, 6103, 红
25912734, 7.1, 15730, 他来了，请闭眼
20379760, 7.9, 3757, 我亦飘零久
06895313, 7.7, 5017, 原来
01291760, 6.6, 48028, 会有天使替我爱你
24876477, 7.2, 11901, 很高兴见到你
04124855, 7.2, 11439, 人生若只初相见
03666600, 7.5, 6476, 光荣日 第一季
23751092, 7.6, 5385, 致我们终将逝去的青春
01958872, 7.4, 7623, 凉生，我们可不可以不忧伤
03091349, 7.3, 9147, 鲤·孤独
03053271, 8.5, 1468, 小猫出生在秘密山洞
04727980, 7.6, 5076, 鲤·上瘾
06017128, 7.7, 4272, 芙蓉如面柳如眉
03825659, 8.1, 2335, 大梦
02008972, 6.8, 24022, 沙漏
04766405, 7.7, 4190, 三年K班
05391766, 7.3, 8137, 忽然七日
01104808, 8.6, 1187, 烈火青春（1-13）
03070952, 7.2, 9508, 佳期如梦之今生今世
03770726, 7.6, 4546, 草
01432422, 7.2, 9219, 草样年华Ⅱ
06710720, 6.9, 17150, 春宴
23755938, 8.0, 2434, 人间失格
25741244, 7.1, 11092, 我承认我不曾历经沧桑
03279242, 7.5, 5202, 三重门
03026449, 7.6, 4268, 告别薇安
02062200, 6.2, 100681, 悲伤逆流成河
01060779, 7.4, 5970, 圈里圈外
01009405, 8.2, 1749, 漂亮老师和坏小子
05264089, 7.7, 3581, 痕记
06390810, 8.1, 1976, 记我们单纯的小美好
01006646, 7.2, 8435, 幻城
01207148, 7.9, 2594, 晃晃悠悠
26743436, 7.4, 5722, 忍冬
30181019, 8.9, 748, 撒野 二
25934616, 7.3, 6678, 微微一笑很倾城（典藏版）
01262171, 8.7, 892, 西安1460
04920037, 6.9, 14304, 临界·爵迹 I
01080812, 7.1, 9420, 红鞋
06791779, 8.2, 1590, 许我向你看
03872378, 7.8, 2700, 青城
26356948, 6.2, 82155, 摆渡人
30181022, 9.1, 560, 撒野 五
04920036, 7.0, 10451, 临界·爵迹 Ⅱ
02360485, 7.0, 10356, 沙漏Ⅲ
30181021, 9.1, 546, 撒野 四
05259293, 7.6, 3447, 蔷薇求救讯号
01063138, 8.4, 1137, 今天我是升旗手
25767862, 7.0, 10125, 如果蜗牛有爱情
34894152, 8.6, 895, 穿堂驚掠琵琶聲
25835907, 7.9, 2150, 天使坠落在哪里
27004049, 7.9, 2116, 暗恋：橘生淮南
02081286, 6.9, 11876, 沙漏II
03086575, 8.3, 1230, 单翼天使不孤单
30181020, 8.9, 631, 撒野 三
30384054, 8.5, 952, 残次品
03056241, 8.5, 941, 烈火青春Part1
01034898, 8.0, 1708, 十七岁不哭
01041550, 6.6, 21467, 爱与痛的边缘
01917193, 8.8, 648, 从此尽情飞翔
27611140, 8.1, 1428, 在另一个宇宙的1003天
05275385, 7.4, 3982, 鲤·荷尔蒙
02700656, 6.8, 12546, 悲伤逆流成河
01082515, 7.5, 3299, 理工大风流往事
04038164, 6.3, 42160, 小时代2.0虚铜时代
03521168, 7.0, 7863, 谢谢你离开我
03264136, 7.7, 2316, 情人无泪
03797733, 8.1, 1319, 巧克力味的暑假/阳光姐姐小书房
01459494, 7.5, 3123, 岛（Vol.6）
30235180, 7.9, 1697, 炽道
01031818, 7.4, 3581, 我爱阳光
06751046, 8.1, 1216, 莲花
25836825, 7.2, 4602, 你是最好的自己
30218679, 8.0, 1319, 散落星河的记忆4：璀璨
25830077, 7.7, 1992, 阿尼玛
06087863, 8.1, 1143, 尘曲
06313955, 7.2, 4393, 迷雾围城（全两册）
02146035, 7.6, 2267, 昼若夜房间
01055401, 7.0, 6295, 小妖的金色城堡
01818170, 7.8, 1627, 草样年华
06423975, 7.7, 1862, 原来你还在这里
04255002, 7.6, 2141, 日光微澜
26792696, 8.5, 671, 镜（全6册）
03024352, 7.0, 5867, 离歌（Ⅰ）
06436284, 7.3, 3386, 尘埃眠于光年
01174652, 7.9, 1350, 钢轨上的爱情
03680885, 7.8, 1543, 回声
02356641, 7.7, 1776, 小牲口
01071495, 7.1, 4459, 一杯热奶茶的等待
03055252, 7.6, 1942, 梧桐那么伤
10571359, 8.0, 1101, 青城 2
03895158, 7.5, 2201, 哪瓣洋葱不流泪
03699101, 8.7, 493, 闪着泪光的决定－辫子姐姐心灵花园
06539691, 7.5, 2100, 曾有你的天气
27139846, 7.0, 4809, 我在未来等你
01023598, 7.4, 2363, 支离破碎
26968417, 8.0, 997, 游戏人间
24754720, 6.8, 6778, 我的朋友陈白露小姐
01034479, 6.5, 13033, 我为歌狂
01786239, 8.8, 408, 烈火青春Part14
04880033, 7.6, 1676, 馥鳞
02042966, 6.9, 5418, 双生水莽
02311695, 7.2, 3094, 岛（Vol.09）
03335260, 7.1, 3676, 离歌Ⅱ
04501999, 7.4, 2209, 日界线
01902593, 7.1, 3638, 最小说（第一辑）
03594782, 7.2, 3047, 声息
03413211, 7.1, 3604, 花开半夏
04175253, 7.6, 1600, 心之萌
01196690, 7.9, 1061, 关河
27129400, 7.8, 1197, 散落星河的记忆2：窃梦
03566640, 7.6, 1574, 光月道重生美丽
04247660, 8.6, 470, 恋慕耐受不良
01845119, 7.2, 2830, 朝三暮四
26938922, 7.5, 1683, 密室困游鱼
02179956, 6.9, 4629, 左手倒影.右手年华
03287883, 7.4, 1931, 糖
03239544, 7.3, 2236, 扔在八月的路上
01767614, 7.7, 1234, 爱的模范书
03733114, 7.2, 2612, 被遗忘的时光
26981838, 7.5, 1606, 散落星河的记忆1：迷失
01036290, 6.5, 10074, 校服的裙摆
06828611, 6.2, 20882, 小时代3.0：刺金时代
01999790, 7.8, 1022, 夜晚的远足
04887524, 6.6, 7690, 夏有乔木雅望天堂
27185831, 7.4, 1742, 女孩们
04856537, 7.3, 2030, 你是我的独家记忆
06802856, 7.6, 1275, 山月不知心底事
03704893, 7.9, 850, 锦瑟
01037589, 6.6, 7193, 天亮说晚安
04895821, 7.5, 1336, 旋风百草·虹之绽
01174653, 7.2, 2061, 夏天在倒塌
20003684, 7.5, 1294, 那些女生该懂的事
03087896, 6.8, 4146, 旋风少女
26148475, 6.7, 5017, 你和我的倾城时光
27203767, 7.5, 1277, 柏拉图和鸭嘴兽一起去酒吧
24754564, 7.7, 965, 葬我以风
05363315, 8.9, 266, 文學少女 愛戀插話集 3
20394637, 6.7, 4923, 蚀心者
26923248, 7.4, 1458, 寂静深处有人家
04737152, 6.9, 3307, 时光机
04191470, 7.1, 2269, 苍耳
01034928, 7.3, 1621, 粉红四年
05413931, 7.1, 2192, 月亮说它忘记了
06960951, 7.2, 1838, 笃定
30273665, 6.8, 3680, 春日宴
04296177, 7.6, 1011, 偷星九月天
03279254, 7.7, 884, 毒2
20365794, 7.6, 995, 北京，北京
30299133, 7.9, 675, 你如北京美丽
25786283, 6.6, 5157, 女王乔安
26997819, 7.2, 1728, 你是我的小确幸
04128025, 7.2, 1722, 羽翼·深蓝
26262056, 7.4, 1263, 有生之年
30151804, 7.6, 948, 散落星河的记忆3：化蝶
01082820, 6.5, 6243, 无往而不胜的童话
01207147, 7.2, 1676, 一塌糊涂
33446985, 6.8, 3280, 你是我的荣耀
30330292, 7.1, 1891, 沉睡的森林
10571358, 8.0, 535, 青城
01082821, 6.4, 6929, 水晶般透明
01043212, 7.4, 1138, 在一起
20496074, 8.0, 527, 文艺风象
30415158, 7.5, 975, 偽裝學渣
02297693, 7.3, 1298, 最小说第13辑
02075391, 7.2, 1500, 那些不值钱的经验
06423974, 7.7, 738, 我在回忆里等你
03055933, 8.1, 460, 人間失格(上，下)
27198244, 7.3, 1263, 一座城，在等你
27599199, 7.7, 719, 十七岁的轻骑兵
06508612, 9.0, 191, 文學少女 愛戀插話集 4
02303157, 7.6, 800, 刺青
27665876, 7.5, 903, 他笑时风华正茂
26798682, 6.9, 2284, 莫负寒夏（上下）
06811711, 7.0, 1899, 桥声
01082373, 7.6, 774, 刀子和刀子
26906343, 8.6, 259, 你是我生命里最温暖的事
01004319, 8.7, 236, 漂来的狗儿
03268096, 8.2, 381, 迷恋人间
27187483, 8.8, 210, 金牌客服董董恩
33706744, 7.4, 965, 魔道祖師
26858577, 6.1, 10925, 少年的你，如此美丽
02298304, 7.4, 926, 最小说 第13辑
33423246, 7.3, 1063, 暗格里的秘密
01824718, 8.5, 263, 天蓝色的阳台-阳光姐姐嘉年华
24873376, 8.1, 391, 百乐门
06390829, 7.2, 1212, 第一夜的蔷薇
24744442, 7.1, 1414, 少女病
03822249, 7.3, 1043, 第一届『THE NEXT·文学之新』新人选拔赛作品集（上）
01941826, 6.8, 2330, 没有人像我一样
26043286, 7.2, 1201, 孤单星球
03278939, 6.9, 1941, 深爱
30241634, 7.3, 1008, 亿万斯年
30319908, 8.3, 303, 这个恋爱有点甜
01194476, 7.7, 580, 这城市
25878928, 7.8, 511, 山月不知心底事
27059051, 7.7, 576, 拂过冬季到云来
26659614, 6.9, 1829, 谢谢自己够勇敢
06751027, 7.2, 1123, 告别薇安
06957284, 8.3, 289, 小情歌
23834404, 7.1, 1266, 被窝是青春的坟墓
06788212, 9.3, 125, 棋魂·12
01015020, 6.8, 2056, 少年查必良伤人事件
27608697, 8.2, 315, 青春须早为
30208930, 7.6, 617, 回眸一笑
04906157, 7.3, 888, 三重门
01449981, 6.2, 6669, 无极
25872067, 7.6, 592, 我在回忆里等你
04874245, 6.5, 3411, 后来我们都哭了
20278327, 5.8, 18893, 谁的青春不迷茫
04885209, 6.9, 1611, 离歌III
03884401, 7.3, 868, 美人如玉剑如虹
06017133, 6.6, 2755, 下一站·神奈川
04849394, 7.0, 1358, 蒹葭往事
34853897, 6.9, 1585, 冰糖炖雪梨
21335241, 7.8, 448, 再见小时候
27045883, 9.8, 84, 哈利·波特
24877306, 6.6, 2629, 被偷走的那五年
27006303, 7.6, 558, 十六夜膳房
26609967, 6.8, 1805, 他与月光为邻
25745152, 6.6, 2600, 愿风裁尘
01263240, 8.0, 351, 曲终人散
25716909, 7.3, 821, 没有梦想，何必远方
26911011, 7.2, 939, 名丽场
03137295, 7.9, 384, 刀子和刀子
04012252, 6.8, 1752, 一路繁花相送
24524403, 6.4, 3688, 晨昏
26956621, 7.4, 690, 旧梦1913
26817985, 8.0, 333, 为你打开时间的门
04850486, 7.1, 1031, 童年是孤单的冒险
27045834, 7.0, 1191, 因为风就在那里
01334730, 7.1, 1012, 狼的誘惑(1)
04847853, 7.0, 1164, 锦葵
27109513, 7.9, 342, 豆树青青
03274191, 7.3, 702, 十年的你
02251755, 8.0, 303, 浮
30126964, 7.0, 1074, 乌云遇皎月
20427058, 7.6, 466, 理学纲要
26108423, 7.1, 907, 你看起来很美味
01810129, 8.6, 169, 刁蛮公主
04164094, 6.7, 1698, 秘果
02329258, 7.6, 454, 桃乐镇的春天
01445825, 6.5, 2423, 糖衣
26758067, 7.4, 574, 君子一诺
05341137, 7.5, 497, 十爱
01041111, 6.4, 2856, 北京娃娃
19986571, 7.2, 734, 全世爱4 幸福最光亮处
01334731, 7.1, 841, 狼的誘惑(2)
25835989, 6.8, 1343, 独家占有Ⅰ
01827582, 6.6, 1902, 哆来咪发唆
25962890, 7.4, 553, 我愿生命从容
05918836, 7.8, 341, 七寻记1
25981182, 6.9, 1116, 荆棘王冠
26974850, 7.8, 338, 每天早上和你一起醒来
04035131, 8.7, 145, 爱，就这么简单
25866817, 6.8, 1300, 有些路，只能一个人走
26636314, 7.0, 945, 别那么骄傲
26832651, 6.6, 1834, 亲爱的弗洛伊德
26826548, 7.3, 610, 我想吃掉妳的胰臟
25985525, 7.4, 534, 在世界尽头遇见你
11538355, 6.9, 1058, 我曾爱过你，想起就心酸
01915952, 7.2, 670, 同学少年不言情
10786102, 8.2, 212, 再見.冥王星
23289203, 7.0, 872, 以你为名的光芒
26882312, 8.4, 174, 我有一切的美妙
06793570, 7.8, 312, 草样年华·壹
25872061, 7.3, 567, 蚀心者
10593893, 7.3, 564, 秘境之匣
33438214, 7.7, 345, 隐君者女
01321783, 6.7, 1365, 当你孤单你会想起谁
27097472, 7.7, 339, 行走的人生
03036521, 7.7, 338, 遗忘在时光深处
05326018, 8.2, 202, 盛夏的樱花树
01173717, 7.0, 831, 我要我们在一起
30198852, 7.1, 716, 全宇宙至此剧终1
01016195, 7.2, 620, 玉兰花开
10741738, 6.8, 1126, 凉生，我们可不可以不忧伤2
25785597, 7.8, 293, 这一天，给你的歌
26422856, 6.9, 935, 我一直在你身边
24720019, 8.2, 195, 比时间更短，比爱情更长
25896179, 7.0, 792, 三重门
26920213, 7.1, 677, 独家记忆
25730234, 7.0, 775, 17
27064941, 7.5, 398, 朝花惜时
25888276, 7.4, 447, 大地之灯
26449387, 6.9, 887, 玩命爱一个姑娘
30269675, 7.2, 560, 时光行者的你
01032978, 7.0, 738, 寄住在贝壳里的海
30166774, 7.0, 731, 只在此刻的拥抱
03315684, 6.8, 993, 微雪
27108541, 7.4, 424, 悲观主义的花朵
10807314, 7.5, 373, 召唤喀纳斯水怪
10773363, 6.9, 829, 我喜欢当年喜欢你的我
01024131, 6.2, 2946, 雨夜里的星星沙
26863235, 8.4, 149, 星愿大陆1
02057037, 8.3, 162, 摇着轮椅上北大
01910482, 9.3, 76, 写给小读者
10577536, 7.7, 288, 回忆是眼睛里的海
26425103, 6.4, 1877, 余生请多指教
06844312, 7.2, 500, 爱之名
04050771, 7.2, 498, 第一届“THE NEXT·文学之新”新人选拔赛作品集（下）
30270125, 7.7, 272, 潮骚
11542974, 6.9, 750, 花开半夏
01082844, 6.8, 872, 猜火车
20391515, 9.9, 51, 忽然之间
03176268, 6.2, 2599, 七喜
27096837, 6.6, 1201, 你也走了很远的路吧
01055057, 8.8, 100, 花季・雨季幻想系列－－活出真我
33380734, 6.4, 1681, 蜜汁炖鱿鱼
01705423, 6.5, 1396, 蝴蝶来过这世界
27010869, 7.3, 414, 一山一浮生
26274254, 8.2, 158, 半神血统
27102026, 9.3, 69, 星愿大陆2
27157137, 9.2, 73, 星愿大陆3
19974505, 7.1, 514, 不配
24757633, 7.4, 348, 直到春天过去
02309338, 7.6, 274, 非常男生
05327686, 7.2, 439, 短长
03831757, 7.1, 488, 青藤之凉
05990255, 7.4, 334, 是你路过我的倾城时光
04837942, 7.0, 558, 月光漫过珍珠夏
06793571, 7.5, 293, 草样年华·贰
03209008, 7.1, 480, 离歌
26785733, 6.9, 635, 深海里的星星·1
20471652, 7.3, 370, 小暮写真馆
03021851, 8.0, 174, 三少爷的剑（上下）
33433945, 6.7, 856, 最初之前
25709048, 8.2, 144, 再不出发就老了
02004350, 6.9, 618, 饶雪漫全集之青春奇幻小说
26287355, 6.5, 1172, 除了爱，我们什么都不会
33385858, 8.0, 170, 有人喜欢这首歌
01075684, 7.2, 406, 赎
01939044, 6.5, 1161, 嗨，岩井俊二
24754511, 7.9, 185, 流放七月
30390993, 8.0, 168, 每当变幻时
06952194, 8.1, 153, 除了青春，我们一无所有
06843465, 7.1, 452, 欢喜城
30134052, 7.4, 310, 十九日
05414146, 7.1, 449, 盛夏流年朝朝
01158586, 6.9, 592, 按时长大
05915713, 6.0, 3032, 爵迹.燃魂书
04820582, 7.1, 444, 晨光搁浅
01515701, 5.8, 4847, 天使街23号 Ⅰ
05411085, 6.8, 673, 小时代1.5·青木时代VOL.4
30375311, 9.2, 65, 当你看得见自己，爱才能看见你
01291774, 7.0, 497, 郭敬明作品集
27157151, 9.5, 54, 星愿大陆4
06017131, 6.3, 1550, 下一站·伦敦
03678170, 6.9, 567, 梦女孩
30247574, 7.5, 264, 陆遥知他意
25751571, 8.2, 133, 处女座：完美年华初相见
01704001, 7.0, 483, 奥尔特校园手记
01480561, 6.4, 1245, 裴多菲的罗曼史
26767643, 6.8, 639, 愿所有美好如期而至
01486116, 5.9, 3478, 麻雀要革命Ⅰ
04140370, 7.1, 413, 海是倒过来的天
27034213, 9.0, 70, 永夜森林
01004292, 6.6, 827, 我是女巫我怕谁
26923355, 7.4, 275, 吃肉喝酒飞奔
01146084, 6.7, 699, 爱在仙境的日子
26595222, 7.6, 220, 隐世十族
01029944, 9.3, 57, 小桔屋/女孩子一个人的快乐
01417143, 6.2, 1673, 恶魔之吻2
26826155, 8.5, 97, 女神从来不慌张
01106652, 6.9, 506, 双鱼记
10548576, 7.2, 340, 不留
01771915, 6.0, 2503, 天使街23号II
30164568, 8.6, 89, 时光不负爱情，我不负你
30242405, 8.3, 112, 当我足够美，才能留住你
01007017, 6.7, 669, 若即若离
25886285, 7.5, 236, 残酷翻篇，即是温柔
24722682, 7.3, 296, 长安乱
06793574, 6.7, 665, 北城以北
27126120, 6.8, 568, 我就是这般女子
26599744, 8.1, 130, 我最亲爱的你
34941230, 9.3, 55, 人生海海，素履之往
01819785, 6.8, 562, 心的二分之一
25725062, 6.8, 560, 下一站·法国南部
06724538, 6.5, 885, 贝类少年
01032030, 6.3, 1253, 我为歌狂中终结本8848
11524815, 7.8, 166, 时光若有张不老的脸
27041650, 7.3, 281, 谢谢你出现在我的青春里
06534925, 6.7, 626, 你的青梅，她的竹马
07060427, 7.2, 314, 斗鱼
01414742, 5.9, 2821, 龙日一，你死定了
05290404, 7.7, 177, 听说每颗星都会寂寞
26107455, 6.4, 982, 谢谢你曾来过我的世界
30152890, 6.6, 699, 若春和景明
01799371, 6.0, 2135, 天使街23号Ⅲ
01478401, 6.2, 1407, 恶魔之吻3
04165802, 7.0, 384, 我只是没有能力过我不想过的生活
26926707, 7.2, 295, 你的名字。
06730473, 6.7, 577, 那时年少
25810166, 7.8, 154, 爱情公寓（漫画版）
27104549, 7.7, 169, 少女作家的梦和青春
20424612, 6.7, 573, 纯禽史
10738121, 6.7, 572, 雀斑
03713162, 8.4, 90, 新蕾STORY 100
05299244, 7.4, 224, 薄荷微光少年时
11530892, 7.4, 224, 爱上了你
06813252, 7.2, 280, 圆寂
30489062, 7.3, 248, 相亲者女
26289077, 7.3, 247, 这善变的世界，难得有你
01173748, 7.9, 133, 边走边爱
06061770, 6.9, 400, 桐花朵朵开
03289392, 6.5, 727, 小命运
01957692, 6.0, 1821, 麻雀要革命Ⅲ
02002866, 5.9, 2229, 天使街23号. V5
19974424, 7.1, 298, 调教成神
01046744, 7.9, 128, 最美的夏天
30294137, 8.0, 116, 因为是你，爱慕未停
04214546, 7.1, 292, 我在天国遇见你
01164711, 7.5, 185, 光之暗面
26907029, 7.1, 291, 天真人类
01959795, 5.9, 2144, 天使街23号Ⅳ
30198856, 6.7, 491, 全宇宙至此剧终2
25855964, 6.5, 659, 守岁白驹
01062897, 7.4, 199, 提拉米苏带我走
27086904, 7.0, 313, 万物生长
03626086, 8.4, 80, 我不能悲伤地坐在你身旁
30256566, 6.5, 640, 狐狸男孩
05325605, 7.5, 174, 迷藏·海之迷雾
03003966, 6.7, 454, 当你孤单你会想起谁
01836569, 6.2, 1037, 恶魔的法则Ⅰ
01039065, 6.7, 450, 湖边有棵许愿树
02118704, 6.9, 339, 日出之前请将悲伤终结
03640923, 6.6, 518, 君空
11605059, 6.8, 387, 八分鐘的溫暖
33383834, 8.8, 58, 原谅我有点笨拙的少女心
26369208, 5.7, 2952, 那片星空，那片海
26678727, 8.5, 70, 那些浪费的时光和生动的爱
01222891, 6.8, 369, 来不及学坏
25895313, 7.0, 283, 良辰讵可待
26884080, 8.2, 86, 我终于失去了你3·他睡在风里
03237729, 7.0, 282, 半夏锦年
30242423, 7.3, 198, 刺鲸
05392283, 8.0, 101, 邮编100084
01925208, 6.3, 792, 214度恶龙王子2
26679553, 7.6, 144, 蔷薇岛屿
30411852, 7.5, 159, 第十八年春2
24697636, 7.2, 216, 三重门
03244647, 6.6, 467, 会有天使替我爱你（漫画版）
01460248, 7.1, 239, 大一女生
19977983, 7.1, 237, 世上每一朵哀伤的云
26857033, 6.9, 303, 如果蜗牛有爱情（上下）
28518388, 7.5, 152, 18岁那年发生了什么
27123241, 7.2, 209, 深情史
30320148, 8.6, 61, 安娜表哥
01398647, 6.5, 527, 琥珀
30230670, 8.4, 70, 被窝是青春的坟墓
24732341, 6.6, 446, 小时代1.0折纸时代（修订本）
04174545, 8.0, 94, 刹那的华丽血族之契约新娘
27126681, 7.7, 122, 重回初三：全3册
27043811, 6.3, 712, 愿你迷路到我身旁
26940465, 7.3, 180, 不失眠旅馆
26281381, 7.2, 199, 初恋爱
10456477, 7.9, 100, 封印之书
01825047, 6.0, 1194, G小调进行曲(1)
26868339, 8.9, 48, 世界上有千百种喜欢
34899025, 7.6, 128, 雾岛夜随
30403907, 6.7, 361, 第十八年春
06777937, 6.7, 358, 小祖宗2.0命运之轮
25888277, 6.5, 478, 澜本嫁衣
10815973, 8.3, 70, 瑾年秀时
03286271, 6.7, 352, 小妖的金色城堡Ⅱ
04736374, 7.0, 236, 你亏欠我一段小时光
25833360, 8.5, 60, 指尖花凉忆成殇
01874070, 6.0, 1108, 214度恶龙王子
26723335, 7.2, 185, 错过世界遇到你
26708113, 6.9, 262, 陪你说一世晚安
03137975, 6.9, 261, 生如夏花
27091106, 9.5, 33, 谢谢你能来，也不遗憾你离开
03778760, 8.4, 63, 新干线·漫小说
03053837, 7.1, 202, 相见欢
23860409, 7.2, 180, 任凭这空虚沸腾
20450684, 6.8, 291, 光与专属少年
28408615, 6.2, 721, 小清欢
25717330, 7.2, 174, 初恋41次
25756462, 7.5, 127, 狼少年
25872071, 6.4, 494, 晨昏
25813274, 6.5, 423, 我想和这个世界不一样
30278163, 8.4, 60, 孤独少女的光芒
26983096, 7.6, 114, 重回时间的旅人
27003217, 7.2, 170, 有故事的人
25761385, 6.2, 666, 凉生，我们可不可以不忧伤4
04293925, 7.5, 122, 爱的一厘米微蓝
21365989, 6.0, 951, 南风过境
01688748, 6.8, 265, 花糖纸
34814670, 8.5, 54, 脑洞大会
06510602, 6.6, 340, 左耳
04988505, 7.0, 202, 蔷薇少女馆
26107591, 6.7, 295, 19
03238926, 6.7, 291, 空夏
26830671, 6.5, 384, 愿你出走半生，归来仍是少年
27034272, 6.8, 253, 你是最好的自己:全新修订版
26281375, 6.8, 251, 花开半夏
05291098, 6.6, 328, 腐女GaGa
03567552, 6.8, 250, 花火系列:若我离去
01925195, 5.9, 1056, 壁花小姐奇遇记1
26781074, 6.8, 244, 我终于失去了你2
26653757, 7.8, 85, 青青子衿
26292368, 6.2, 576, 假面
04706709, 7.0, 186, 悲伤逆流成河（限量版）
26997818, 8.1, 66, 好好说再见
33372346, 6.8, 230, 我念你如初
04922734, 6.1, 646, 第四人称
03542425, 7.1, 157, 三色堇
03802804, 6.7, 254, 最后一个夏天
26945638, 7.1, 156, 这世上的种种告别
02251758, 7.3, 125, 胡桃夹子夜未眠1
11505853, 7.5, 103, 蝴蝶飞过旧时光
02141058, 6.4, 377, 第一女生
26713551, 7.4, 111, 摘星3
01815129, 5.9, 863, G小调进行曲
06710576, 7.3, 120, 蔷薇少女馆Ⅱ
30257305, 7.7, 83, 重症监护室
10867834, 6.9, 181, 光年Ⅰ
03102944, 7.0, 161, 瞬间空白
06390753, 6.7, 230, 再见，薄雪草少年
01948614, 5.9, 817, 壁花小姐奇遇记2
20492375, 7.8, 73, 钢琴小淑女
02013930, 6.3, 396, 亲亲亲吻鱼1
30458419, 5.9, 784, 恰似寒光遇骄阳
26708152, 7.7, 78, 北极星
02367546, 6.3, 387, 恶魔之吻1-小妮子文集
02013041, 6.1, 537, 214度恶龙王子3
26456842, 8.9, 34, 我在这一秒，与你擦肩
04726652, 6.9, 168, 当年华未曾老去
01885854, 6.0, 610, G小调进行曲
10440507, 6.5, 269, 蜀红
04077958, 7.2, 116, 左耳终结
19987956, 8.0, 58, 致樱花树先生
30217426, 7.1, 127, 春天的十个瞬间
25862448, 6.0, 573, 怀石逾沙
26702158, 6.8, 168, 单恋，是在机场等一艘船
04140031, 6.2, 381, 左耳前传
26640109, 7.8, 63, 你曾是少年
27091667, 5.1, 4603, 郑爽的书
04192895, 7.2, 106, 寒蝉记
01030349, 7.1, 117, 穿过你的黑发的我的少年
26208383, 6.6, 208, 我的世界很小，但刚刚好
26607934, 7.7, 67, 最好的时光刚刚开始
26590992, 7.5, 78, 匆匆那年
27618598, 5.9, 606, 情深不可医
25960125, 7.0, 126, 告别薇安
26732443, 5.9, 600, 我和你差之微毫的世界
25799920, 8.0, 52, 一瞬的光和永远
01313155, 7.2, 100, 我的左脸
04046074, 7.7, 64, 谁在耶林普提大道的第三个拐角
27622611, 6.6, 186, 择木而栖
20450685, 6.1, 383, 魑魅魍魉
26807956, 7.4, 79, 致我们终将逝去的青春
05918837, 6.5, 210, 悠莉宠物店
06843795, 7.8, 56, 契约婚姻之未婚妈妈
03441776, 6.9, 125, 泡沫之夏（2012版）
24720960, 7.2, 90, 少年盟约
26924250, 7.8, 54, 请你晚点再喜欢我
06515087, 7.9, 50, 天空之城
10569243, 6.4, 220, 出永安记
34710127, 8.2, 40, 孤儿故事
25848773, 6.8, 132, 我很忙:时光机
10599124, 8.8, 28, 如果忘记雪为期
10679075, 6.5, 190, 钢琴小淑女
34913471, 7.8, 52, 放弃很容易，但坚持更酷
26592112, 6.0, 389, 这世界，缺你不可
03053202, 6.5, 183, 不必知道我是谁
25921420, 6.4, 207, 绝世风光·突然七年似尘埃
26870474, 7.0, 101, 我就喜欢这样的你
26766301, 6.8, 125, 北京人在北京•煮海
26258745, 5.9, 448, 凉生，我们可不可以不忧伤4
05068508, 6.5, 175, Sorry Sorry
01889626, 7.9, 45, 女巫词典
26823931, 6.0, 354, 北大“差”生
01997525, 7.6, 55, 黑夜温柔
02365600, 7.4, 64, “恐男症”女孩挺进男子中学
26287215, 7.4, 64, 未来之夏
02329336, 6.8, 114, 我们是糖甜到哀伤
06395196, 7.0, 92, 全世界陪我终结
20282800, 6.6, 143, 金牌王妃（上、下）
25833362, 7.6, 54, 欢歌犹在意微醺
27106720, 5.8, 474, 不好意思，我也是第一次当大人
24740391, 7.9, 43, 年轻
25715932, 7.3, 68, 那些年我们一起追的女孩
02573014, 6.3, 201, 离爱
02272923, 8.2, 34, 十七岁的夏天
20450683, 6.2, 222, 花与灼眼之爱
26733292, 7.8, 43, 当我们从路人变成爱人
06920260, 7.7, 46, 哪里传来找我的电话铃声
03286263, 6.9, 91, 校服的裙摆
21817846, 6.2, 213, 每次告别都有一颗星熄灭
26393009, 6.8, 99, 神奇的老大日记
26422521, 6.1, 239, 南音
02971607, 6.8, 97, 恋人拍卖行
26848154, 6.8, 95, 何时雾散尽
30348594, 5.5, 677, 我们最好的十年
20393157, 7.2, 63, 悠莉宠物店-III
04025921, 7.6, 45, 明瞳
03069749, 7.2, 62, 胡桃夹子2
26868615, 5.7, 429, 不懂浪漫的男朋友
20282798, 5.5, 627, 季凉川，爱了你这么多年Ⅱ
06856249, 7.2, 61, 乱花
24325199, 6.5, 123, 那些不能告诉大人的事
01683759, 5.4, 751, 青春散场
26774518, 5.8, 336, 夏天，十九岁的肖像
04027825, 8.2, 29, WOW，我的亿万甜心
30296468, 6.2, 177, 离开我，遇见我
05347340, 7.4, 49, 意林：小小姐（2010.05-07）（合订本第2卷）
27027514, 7.7, 39, 旋风少女 1
25832688, 7.1, 62, 玫瑰帝国·黑羽蝶之翼
26878406, 7.4, 48, 我们不知轻重地爱过
26794352, 5.2, 1099, 悲伤逆流成河
03569433, 8.1, 29, 最后的太阳纪
24699012, 7.5, 43, 就算海水淹没岛屿
34261621, 6.4, 122, 我的城池
26373587, 5.9, 245, 左耳
34442126, 6.5, 107, 才不要和老板谈恋爱
21329347, 6.7, 82, 染指仙君
10760899, 6.4, 108, 我在灰烬中等你
26925468, 7.7, 33, 只想奋不顾身拥抱你
26877021, 6.1, 149, 半面妆2
03995664, 6.7, 70, 情方璀璨
30805611, 7.5, 35, 喂，隔壁班的你
04179803, 6.8, 62, 忧伤漫过星星夜
05367140, 5.8, 215, 逆夏
06963802, 6.1, 135, 萌侦探纪事
27002507, 6.0, 150, 素年锦时
10539244, 5.3, 508, 季凉川，爱了你这么多年
20419221, 7.5, 32, 一个高中生的奋斗-那一年让一生改变
25769199, 6.8, 56, 青春合伙人
27120539, 5.7, 218, 温暖的弦
26579379, 7.2, 38, 致成长中的你
26771604, 4.9, 1214, 穿越人海拥抱你
26893021, 6.3, 88, 我来过你爱过的世界
02980953, 6.2, 96, 追夫狂想
24396718, 6.5, 67, 刺青
01806516, 6.6, 55, 等你在北大
26640249, 5.4, 282, 半面妆
26433071, 6.9, 41, 致最好的你
04840955, 7.2, 30, 当赤道留住雪花，你会珍惜我吗
03291713, 4.9, 747, 妖孽只在夜里哭
21817841, 6.0, 90, 离爱
01940857, 5.4, 219, 极地阳光
26754089, 6.4, 54, 每一个认真生活的人，都值得被认真对待
30188435, 5.8, 111, 明若晓溪1
26654066, 7.5, 22, 世界那么大，命中注定遇见你
26832498, 7.3, 25, 回答时间的恋人
20503976, 6.3, 57, 舟而復始
10825020, 6.3, 56, 意林小小姐
02066254, 7.3, 24, 牙齿天天晒太阳
11586771, 6.7, 35, 薄荷香女孩
10355355, 7.4, 21, 初夏蔷薇涩
26434373, 6.0, 70, 我们都被忘了
27114805, 6.5, 41, 最坏的结局不过是大器晚成
03086296, 6.7, 34, 很爱很爱你
02980925, 5.7, 99, 红苹果之恋
01506594, 6.1, 59, 碎
30161995, 8.4, 12, 永远有多远
21817842, 6.8, 29, 离歌Ⅱ
03189928, 6.3, 42, 燕尾蝶
03992716, 6.2, 42, 世界尽头的你
06952205, 6.6, 28, 蓝血
01842018, 6.0, 47, D小调进行曲
26938707, 4.8, 346, 世界上另一个我
01436311, 6.7, 22, 黑白地铁
26844686, 5.1, 147, 风舞
26256803, 5.4, 82, 住在时光里的第七颗星
01069911, 5.2, 111, 幻城之恋
03680896, 6.8, 18, 糖衣
02699451, 5.1, 114, 不听话的格蕾亚2
05273000, 6.7, 18, 谁的青春仓皇结
35023890, 5.1, 97, 爱情高级定制
05259145, 7.0, 14, 20几岁决定女人一生的关键
01017928, 6.3, 22, 校园真是逗活人
05253602, 5.3, 49, 比悲伤更悲伤的青春
03605118, 6.6, 14, 银币赐的婚礼
04842732, 5.6, 26, 酱紫的青春
25976259, 5.1, 41, 总有一天，你会成为最好的女孩
20387157, 5.5, 19, 冰火魔厨7
26022683, 4.8, 27, 月光满满预见你
06067383, 3.8, 174, 落跑甜心
25826229, 0.0, 11, 邂逅·妖之国
01785169, 0.0, 14, 純律
34454462, 0.0, 16, 来不及说再见的青春
27035488, 0.0, 21, 七年
30295285, 0.0, 27, 你离开后，我才学会告别
25845277, 0.0, 29, 猎梦少年
26345647, 0.0, 71, 极品笨妖怪1-奇幻岛屿
