2020-07-05 16:00:20

number of books, tag name
188, 青春文艺

ID, rating, votes, title
02136140, 8.7, 40393, 雨季不再来
03014576, 8.3, 64402, 陪安东尼度过漫长岁月
04714734, 8.3, 60224, 这些都是你给我的爱
01529893, 8.0, 90411, 莲花
01461903, 7.8, 138123, 何以笙箫默
03879301, 7.9, 95238, 微微一笑很倾城
02209098, 7.8, 90010, 致我们终将逝去的青春
02567919, 8.2, 39777, 匆匆那年（上下）
01958227, 8.2, 39113, 那些年，我们一起追的女孩
01963310, 8.2, 36978, 大地之灯
01082518, 7.9, 59969, 麦田里的守望者
03598313, 7.9, 55931, 西决
01030052, 7.9, 47084, 清醒纪
01039752, 7.8, 57366, 且听风吟
02256438, 7.8, 55994, 素年锦时
02250587, 7.6, 82962, 一个人的好天气
01065970, 7.8, 51148, 彼岸花
01063190, 8.0, 32199, 蔷薇岛屿
01026425, 7.4, 108287, 三重门
01049219, 7.4, 81905, 长安乱
01823349, 9.0, 4944, Happy Birth Day
01018153, 7.8, 31681, 水仙已乘鲤鱼去
02339950, 7.7, 37705, 被窝是青春的坟墓
01058234, 7.7, 37343, 二三事
03394338, 7.5, 55640, 他的国
02331434, 7.6, 44725, 原来你还在这里
01926700, 7.7, 35875, 关于莉莉周的一切
01029159, 7.5, 51463, 八月未央
01227838, 7.6, 41229, 年华是无效信
01453210, 7.4, 59056, 一座城池
01024217, 7.4, 55654, 第一次的亲密接触
03108829, 7.8, 23900, 全世爱
03009033, 7.8, 21727, 杂的文
04172417, 8.2, 10606, 匆匆那年
02317973, 8.1, 11565, 素年锦时
04860554, 8.8, 4025, 淘气包马小跳系列
01012203, 7.7, 22770, 檞寄生
02382705, 7.6, 27429, 不朽
25747921, 7.0, 106914, 从你的全世界路过
03293231, 7.7, 21572, 许我向你看
01059406, 7.0, 101838, 幻城
01948502, 7.7, 20593, 1995-2005夏至未至
03506871, 7.5, 30452, 曾有一个人，爱我如生命
03103080, 7.6, 24547, 须臾
04241870, 7.6, 23160, 我在回忆里等你
02233893, 8.1, 9218, 彼岸花
03003763, 8.8, 3174, 又寂寞又美好
01006004, 7.5, 25662, 樱桃之远
03061282, 7.6, 20503, 山月不知心底事
04818929, 7.6, 19506, 夏至未至
01914572, 7.6, 19344, 誓鸟
01034108, 7.2, 38502, 零下一度
01915536, 7.3, 27397, 尘埃星球
03825658, 7.8, 9385, 全世爱Ⅱ·丝婚四年
06088152, 7.9, 7865, 千秋
03056892, 7.3, 22537, 幻城
02977174, 7.8, 8553, N.世界
01007334, 7.1, 31166, 草样年华
01087758, 7.3, 19657, 花季雨季
03279284, 7.7, 9154, 像少年啦飞驰
01469051, 6.9, 43140, 左耳
01796596, 7.2, 19686, 左耳
01596305, 6.8, 47420, 泡沫之夏
03290010, 7.0, 28564, 澜本嫁衣
03810672, 7.7, 7107, 8分钟的温暖
01012802, 7.2, 17175, 十爱
02032666, 7.6, 7936, 零下一度
03364858, 7.8, 5597, 再见，冥王星
26575812, 7.0, 25935, 阿弥陀佛么么哒
03729756, 7.7, 6211, 鲤·最好的时光
02973589, 7.5, 8057, 少年残像
01217071, 7.7, 5649, 樱桃之远
02240529, 8.3, 2212, 可不可以不要上学
03191328, 6.5, 69882, 小时代1.0折纸时代
01000993, 8.2, 2466, 女生日记
01009665, 8.3, 2132, 五·三班的坏小子
03999070, 7.7, 5050, 燕尾蝶
01291760, 6.6, 48028, 会有天使替我爱你
03091349, 7.3, 9147, 鲤·孤独
02008972, 6.8, 24022, 沙漏
03610550, 7.4, 6902, 鲤·暧昧
01062326, 6.9, 18186, 爱尔兰咖啡
01087145, 7.6, 4462, 瞬间空白
02062200, 6.2, 100681, 悲伤逆流成河
02278790, 7.8, 3108, 草木芳华
01060779, 7.4, 5970, 圈里圈外
01008592, 8.3, 1525, 那个骑轮箱来的蜜儿
01006646, 7.2, 8435, 幻城
01080812, 7.1, 9420, 红鞋
03621144, 7.2, 7133, 良言写意
02360485, 7.0, 10356, 沙漏Ⅲ
03146546, 8.0, 1853, 千阳
03088496, 7.5, 3915, HANA
02081286, 6.9, 11876, 沙漏II
01026674, 6.8, 14726, 狼的诱惑
03008066, 7.8, 2293, 知更鸟
02086633, 7.4, 4310, 盛夏光年
02983793, 8.3, 1163, 蓝色的兔耳朵草
03795720, 7.1, 7332, 任凭这空虚沸腾
02359688, 7.6, 2919, 镜之国
01083375, 7.2, 5645, 活不明白
02700656, 6.8, 12546, 悲伤逆流成河
01023478, 8.0, 1576, 怀念声名狼藉的日子
01425086, 7.5, 3231, 岛（Vol.05）
01119980, 8.0, 1511, 笨女孩安琪儿
01459494, 7.5, 3123, 岛（Vol.6）
01036067, 6.5, 22184, 那小子真帅
01882547, 7.4, 3408, 寒·十八禁
01143869, 8.1, 1159, 漂亮女孩夏林果
01055401, 7.0, 6295, 小妖的金色城堡
01252547, 8.2, 981, 丁克舅舅
04027816, 7.0, 5874, 浮世德
03024352, 7.0, 5867, 离歌（Ⅰ）
01494098, 7.7, 1811, 往南方岁月去
01058943, 7.4, 2850, 岛（Vol.4）
03667783, 6.9, 7012, 月
01902601, 7.3, 3086, 岛（Vol.8）
01022492, 7.0, 5199, 是你来检阅我的忧伤了吗
01808767, 7.3, 2913, 岛（VOL.7）
03015804, 7.6, 1812, 你我交汇在遥远行星
01009459, 6.9, 5749, 菊花香
02311695, 7.2, 3094, 岛（Vol.09）
03335260, 7.1, 3676, 离歌Ⅱ
01902593, 7.1, 3638, 最小说（第一辑）
03413211, 7.1, 3604, 花开半夏
03063697, 8.2, 703, 依然饭特稀
01845119, 7.2, 2830, 朝三暮四
03014715, 7.1, 3359, 岛（Vol.10）
01069071, 6.9, 4778, 岛
02239125, 7.6, 1479, 迷失界限的旅途
01062508, 7.2, 2723, 岛
03409619, 7.2, 2551, 耳洞
06828611, 6.2, 20882, 小时代3.0：刺金时代
01003420, 7.1, 2779, 岛・陆眼（Vol.02)
01037589, 6.6, 7193, 天亮说晚安
02342023, 7.2, 2268, 最小说·第十四辑
03276769, 7.7, 984, 孔雀森林
01671453, 7.0, 2648, 郭敬明音乐小说迷藏(CD)
03894895, 6.6, 5605, 美人何处
02266446, 7.8, 784, 出走十五天
03133952, 7.1, 2137, 最小说（2008 07）
03889951, 7.4, 1334, 我就乐意这样寂寞了
01066681, 6.8, 3526, 刻下来的幸福时光
02239124, 7.2, 1756, 恋爱习题
02239127, 7.2, 1755, 假面舞会
02057508, 7.2, 1668, 最小说（第七辑）
02157753, 7.3, 1418, 最小说 第十辑
02081758, 7.2, 1580, 最小说(2007.06 第八辑)
02263931, 7.3, 1251, 最小说.第12辑
02158372, 8.3, 352, 魔鬼的颤音
02052355, 8.1, 426, 《糖果》杂志第4期
01467299, 7.7, 662, 破碎之花
02229412, 7.3, 1114, 最小说（2007.09 第十一辑）
03014713, 7.2, 1289, 我们的最终曲
02298304, 7.4, 926, 最小说 第13辑
34839960, 8.1, 381, 被太阳晒热
03014709, 7.1, 1324, 他们的肥皂剧
25982156, 6.9, 1333, 轻易靠近
03222747, 7.3, 702, 九降风
03315737, 7.0, 608, 马卓
02004350, 6.9, 618, 饶雪漫全集之青春奇幻小说
25877062, 8.1, 148, 耳朵借我
01486116, 5.9, 3478, 麻雀要革命Ⅰ
04864370, 7.1, 407, 沙漏1
06744663, 7.0, 457, 最小说
02987090, 6.8, 576, 天天天蓝
01841434, 8.2, 112, 映色
01264325, 7.8, 132, 蓝海狸非常校园故事系列 第二辑
10559925, 6.8, 321, 八月未央
01976077, 7.3, 175, 独自长大
03286271, 6.7, 352, 小妖的金色城堡Ⅱ
04176600, 7.5, 126, 不消失的恋人
03238926, 6.7, 291, 空夏
30288881, 7.3, 137, 相亲攻略手册
06426005, 7.1, 147, 特别笨拙的人
01030403, 6.6, 245, 五十米深蓝
24703817, 7.7, 76, 文艺风赏·两极
01264426, 7.7, 73, 夏天
01186807, 6.6, 209, 生如夏花
25917428, 7.0, 105, 若你碰到他
02995412, 6.9, 104, 盛开十年（A卷）
01683759, 5.4, 751, 青春散场
01480326, 8.1, 30, The Wind-Up Bird Chronicle
06772198, 6.4, 84, 小妖的金色城堡
02012682, 7.2, 37, 落樱
01083775, 6.4, 56, 江南第Ⅱ天堂
01589865, 7.6, 14, 女儿的抽屉
03193104, 6.1, 33, 夏沙
