2020-07-05 16:00:20

number of books, tag name
643, 青春小说

ID, rating, votes, title
02567698, 8.8, 375331, 三体
25862578, 8.5, 642260, 解忧杂货店
01361264, 9.0, 186408, 撒哈拉的故事
01040771, 8.2, 206812, 达·芬奇密码
01046265, 8.0, 317939, 挪威的森林
01080370, 8.6, 86195, 情书
01003000, 8.3, 112847, 悟空传
05916880, 8.4, 68098, 华胥引（全二册）
03014576, 8.3, 64402, 陪安东尼度过漫长岁月
05275059, 7.9, 138113, 1988：我想和这个世界谈谈
04714734, 8.3, 60224, 这些都是你给我的爱
01082398, 8.8, 22112, 梦里花落知多少
01529893, 8.0, 90411, 莲花
02053249, 8.1, 62230, 麦田里的守望者
04732378, 8.7, 19513, 那些回不去的年少时光·终场
01812439, 8.1, 53775, 步步惊心
02022979, 8.0, 62017, 喜宝
02256039, 7.8, 92460, 杜拉拉升职记
02567919, 8.2, 39777, 匆匆那年（上下）
05327697, 8.2, 37791, 橙
04874131, 8.1, 44955, 东霓
01963310, 8.2, 36978, 大地之灯
03426869, 7.8, 80131, 三生三世 十里桃花
01082518, 7.9, 59969, 麦田里的守望者
10763902, 7.7, 87532, 偷影子的人
01030052, 7.9, 47084, 清醒纪
01039752, 7.8, 57366, 且听风吟
03268399, 8.4, 18451, 上海堡垒
02256438, 7.8, 55994, 素年锦时
02250587, 7.6, 82962, 一个人的好天气
01065970, 7.8, 51148, 彼岸花
06431994, 8.2, 23660, 悟空传
01063190, 8.0, 32199, 蔷薇岛屿
01962929, 7.9, 38765, 佳期如梦
01026425, 7.4, 108287, 三重门
02243213, 7.8, 43029, 山楂树之恋
03010133, 8.4, 13961, 琥珀·恋爱的犀牛
03860856, 8.1, 22175, 可爱的洪水猛兽
01312333, 8.2, 16342, 蔷薇岛屿
01016300, 7.1, 161994, 梦里花落知多少
03194071, 8.6, 8458, 少年巴比伦
26591331, 8.5, 9594, 你好，旧时光
02339950, 7.7, 37705, 被窝是青春的坟墓
01058234, 7.7, 37343, 二三事
03394338, 7.5, 55640, 他的国
02004407, 8.0, 20563, 后宫·甄嬛传Ⅰ
02082194, 8.2, 14360, 小时候
01926700, 7.7, 35875, 关于莉莉周的一切
01261471, 8.7, 6465, 香初上舞
01029159, 7.5, 51463, 八月未央
10549863, 8.6, 6961, 光明与磊落
01453210, 7.4, 59056, 一座城池
01925232, 7.8, 25331, 大漠谣
03108829, 7.8, 23900, 全世爱
01016523, 7.5, 40378, 告别薇安
01326828, 8.3, 9232, 镜·双城
01049070, 8.4, 7889, 等一个人咖啡
03009033, 7.8, 21727, 杂的文
04172417, 8.2, 10606, 匆匆那年
03412107, 8.3, 8983, 步步惊心（上下）
05980360, 8.0, 14632, 曾许诺
06773643, 8.0, 14047, 橘生淮南·暗恋
07564736, 8.2, 9963, 那些年，我们一起追的女孩
02317973, 8.1, 11565, 素年锦时
25829434, 7.9, 16324, 暗恋·橘生淮南
03778004, 8.2, 9731, 致我们终将逝去的青春
01012203, 7.7, 22770, 檞寄生
02382705, 7.6, 27429, 不朽
25747921, 7.0, 106914, 从你的全世界路过
02376306, 7.7, 22072, 第三种爱情
03406518, 8.5, 5804, 追随她的旅程
04866987, 8.7, 4383, 如果·宅
03710879, 8.0, 12660, 凤囚凰（下）
01059406, 7.0, 101838, 幻城
01948502, 7.7, 20593, 1995-2005夏至未至
03506871, 7.5, 30452, 曾有一个人，爱我如生命
03103080, 7.6, 24547, 须臾
03124525, 7.6, 24231, 暮色
05686369, 7.7, 19285, 何以笙箫默
03018339, 7.7, 19209, 万物生长
04241870, 7.6, 23160, 我在回忆里等你
02048124, 8.1, 9357, 后宫·甄嬛传Ⅲ
01063245, 7.6, 22607, 通稿2003
04289265, 8.5, 4832, 如果声音不记得
01009160, 7.3, 40046, 像少年啦飞驰
03927199, 8.1, 8569, 后宫·甄嬛传VII
02336093, 7.8, 14193, 池袋西口公园
01748232, 8.0, 10009, 忽而今夏
03061282, 7.6, 20503, 山月不知心底事
02009825, 7.5, 24712, 绾青丝Ⅰ
02980812, 7.8, 13922, 踮脚张望的时光
01440345, 7.8, 13869, 燕尾蝶
01344238, 8.7, 3329, 等一個人咖啡
01023500, 7.6, 18591, 告别薇安
02028068, 8.0, 9043, 后宫·甄嬛传Ⅱ
01733250, 8.5, 4180, 韩寒五年文集（上下）
06732193, 7.5, 21996, 十年一品温如言
03730731, 7.9, 10225, 许我向你看（终结篇）
01871471, 7.8, 12121, 一座城池
04746554, 7.9, 10036, 年华是无效信
02028070, 7.7, 14084, 绾青丝Ⅱ
03777123, 7.8, 11515, 告别天堂
01079887, 8.6, 3371, 此间的少年
04115227, 7.4, 23914, 岁月是朵两生花
05275500, 7.7, 12846, 尘曲
01065799, 8.5, 3628, 男生贾里全传
01318615, 8.5, 3576, 山羊不吃天堂草
01468493, 7.5, 18353, 梦回大清
01925218, 7.4, 22377, 翻译官
01436348, 7.7, 12147, 八月未央（修订版）
03723866, 7.8, 10164, 破晓
01914078, 7.6, 13705, 三重门
04143274, 8.1, 5837, 忽而今夏
03825658, 7.8, 9385, 全世爱Ⅱ·丝婚四年
01420368, 7.5, 16012, 裂锦
10343062, 8.2, 4757, 暗恋
03183785, 7.6, 12836, 爱你，是我做过最好的事
02699701, 7.5, 15350, 歌尽桃花
01078809, 8.0, 6309, 三重门
30223812, 8.5, 3037, 横道世之介
03056892, 7.3, 22537, 幻城
01416954, 8.1, 5295, 檞寄生
04898551, 8.2, 4412, 四叠半神话大系
01054899, 8.3, 3797, 女生贾梅全传
02969572, 7.9, 6910, 后宫·甄嬛传Ⅳ
03016219, 8.0, 5869, 二三事
01074841, 7.5, 13715, 葵花走失在1890
05403007, 7.6, 11125, 剩者为王
01879023, 8.2, 4154, 忽而今夏Ⅱ
01087758, 7.3, 19657, 花季雨季
04197740, 7.9, 6309, 告别天堂
02300626, 7.3, 18556, 蔓蔓青萝（全2册）
03257857, 8.0, 5246, 後青春期的詩
01064862, 8.1, 4446, 男生贾里  女生贾梅
04269890, 8.5, 2374, 这些年，二哥哥很想你
02340955, 7.5, 11126, 暖暖
06800500, 7.5, 10952, 南音 （下）
01331571, 7.6, 9044, 地下室
07059909, 7.4, 12841, 南音 （上）
03293232, 7.6, 8804, 过客，匆匆
01596305, 6.8, 47420, 泡沫之夏
03018322, 7.5, 10443, 活着活着就老了
03290010, 7.0, 28564, 澜本嫁衣
01566311, 7.7, 7167, 第一次亲密接触
03810672, 7.7, 7107, 8分钟的温暖
05243461, 8.6, 1912, 渴求真爱的幽灵
01005115, 8.5, 2163, 十七岁不哭
01262445, 8.3, 2801, 告别天堂
03295326, 7.8, 5910, 回眸
03246230, 7.6, 8146, 鲤·嫉妒
01012802, 7.2, 17175, 十爱
02032666, 7.6, 7936, 零下一度
01190868, 7.4, 11418, 烈火如歌
04706499, 7.7, 6641, 燃烧的男孩
03727329, 7.1, 20567, 千山暮雪
25748787, 7.6, 7661, 平生欢
03336465, 7.2, 16230, 被时光掩埋的秘密
01790132, 8.5, 1906, 那些年
01855343, 7.0, 22989, 泡沫之夏Ⅱ
01433700, 7.4, 10072, 孔雀森林
02133556, 6.9, 28663, 光荣日（第一季）
03693394, 7.9, 4231, 后青春期的诗
05988597, 7.7, 5825, 独家记忆
24876497, 8.0, 3625, 匆匆那年
02062430, 7.0, 22282, 泡沫之夏Ⅲ
02973589, 7.5, 8057, 少年残像
01217071, 7.7, 5649, 樱桃之远
19995933, 8.6, 1561, 蓝色大门
03921405, 7.6, 6528, 芙蓉如面柳如眉
03188320, 8.2, 2519, 第一次的亲密接触
01046385, 7.1, 15889, 毒
01036243, 7.4, 8640, 夜玫瑰
06895313, 7.7, 5017, 原来
01291760, 6.6, 48028, 会有天使替我爱你
03800892, 7.7, 4882, 草样年华3
01194465, 7.8, 4088, 我们无处安放的青春
04037337, 7.8, 4048, 一个人的欢喜与忧伤
03359739, 7.6, 5564, 格子间女人
03028009, 7.0, 16060, 温暖的弦
06017128, 7.7, 4272, 芙蓉如面柳如眉
06087472, 7.2, 10257, 浮世浮城
04766405, 7.7, 4190, 三年K班
01082156, 8.1, 2281, 麦田里的守望者
04774018, 7.6, 4775, 鲸鱼女孩 池塘男孩
01104808, 8.6, 1187, 烈火青春（1-13）
01062326, 6.9, 18186, 爱尔兰咖啡
05938338, 8.0, 2546, 花镜
01442620, 7.3, 7624, 和空姐同居的日子
01432422, 7.2, 9219, 草样年华Ⅱ
06710720, 6.9, 17150, 春宴
03279242, 7.5, 5202, 三重门
01060779, 7.4, 5970, 圈里圈外
01006646, 7.2, 8435, 幻城
03389971, 7.7, 3452, 永夜（上下）
03898994, 7.2, 8020, KAO，被潜了！
03069728, 7.0, 11933, 良辰讵可待
01028916, 6.9, 14750, 雨衣
11507897, 7.3, 6532, 最美的时光
01080812, 7.1, 9420, 红鞋
06791779, 8.2, 1590, 许我向你看
06792678, 6.8, 16925, 杉杉来吃
01083290, 7.5, 4298, 爱尔兰咖啡
04230591, 7.2, 7252, 我终究是爱你的
01051663, 7.6, 3589, 61×57
01033848, 7.8, 2587, 第二届全国新概念作文大赛获奖作品选
02360485, 7.0, 10356, 沙漏Ⅲ
02973270, 7.7, 2916, 六弄咖啡馆
01026674, 6.8, 14726, 狼的诱惑
03056241, 8.5, 941, 烈火青春Part1
02086633, 7.4, 4310, 盛夏光年
03795720, 7.1, 7332, 任凭这空虚沸腾
01041550, 6.6, 21467, 爱与痛的边缘
01394319, 7.6, 3013, 夜玫瑰
03671351, 7.0, 8714, 巴黎没有摩天轮
01083375, 7.2, 5645, 活不明白
02700656, 6.8, 12546, 悲伤逆流成河
04174098, 8.2, 1222, 那一场呼啸而过的青春
01082515, 7.5, 3299, 理工大风流往事
21979064, 7.3, 4479, 等风来
03360555, 7.4, 3602, 秋叶原@DEEP
01031818, 7.4, 3581, 我爱阳光
01036067, 6.5, 22184, 那小子真帅
01033790, 6.9, 8647, 狼的诱惑
21346610, 7.6, 2457, 莫失莫忘
10457086, 7.4, 3333, 大漠谣
02295079, 7.7, 2048, 三重门
25830077, 7.7, 1992, 阿尼玛
04895136, 7.8, 1704, 鸭川小鬼
01055401, 7.0, 6295, 小妖的金色城堡
02973657, 7.4, 3073, 微雨红尘（上下）
06423975, 7.7, 1862, 原来你还在这里
04255002, 7.6, 2141, 日光微澜
01082600, 7.6, 2138, 圈里圈外
01494098, 7.7, 1811, 往南方岁月去
01058943, 7.4, 2850, 岛（Vol.4）
03667783, 6.9, 7012, 月
01262344, 7.7, 1779, 盛夏的樱花树
02356641, 7.7, 1776, 小牲口
04715794, 7.8, 1471, 纸婚2
01071495, 7.1, 4459, 一杯热奶茶的等待
04175344, 7.5, 2266, 一辈子暖暖的好（全二册）
01007559, 7.6, 1906, 三重门・韩寒 
01022492, 7.0, 5199, 是你来检阅我的忧伤了吗
03895158, 7.5, 2201, 哪瓣洋葱不流泪
05338238, 7.8, 1422, 跟谁较劲
33422832, 7.1, 4178, 聊天记录
01808767, 7.3, 2913, 岛（VOL.7）
03684715, 7.4, 2464, 声息2
05918501, 7.5, 2075, 他的国
01009459, 6.9, 5749, 菊花香
04217086, 7.4, 2315, 晨曦之雾
03618055, 7.6, 1703, 和空姐同居的日子
01034479, 6.5, 13033, 我为歌狂
02042966, 6.9, 5418, 双生水莽
03335260, 7.1, 3676, 离歌Ⅱ
01902593, 7.1, 3638, 最小说（第一辑）
03413211, 7.1, 3604, 花开半夏
04175253, 7.6, 1600, 心之萌
06750490, 7.8, 1143, 草样年华·肆
03056240, 8.8, 372, 烈火青春Part3
01069071, 6.9, 4778, 岛
03287883, 7.4, 1931, 糖
01767614, 7.7, 1234, 爱的模范书
04709375, 7.2, 2615, 我只是难过不能陪你一起老
03056213, 9.0, 291, 烈火青春Part15
01036290, 6.5, 10074, 校服的裙摆
01750317, 7.8, 1040, 面包树上的女孩
06828611, 6.2, 20882, 小时代3.0：刺金时代
04012250, 7.8, 1032, 色已成空
01999790, 7.8, 1022, 夜晚的远足
01037589, 6.6, 7193, 天亮说晚安
10529731, 8.8, 313, 你的朋友
02993977, 7.9, 810, 天空晴朗晴朗
03822248, 7.3, 1841, 薄暮
01877722, 6.7, 5276, 十年
04895821, 7.5, 1336, 旋风百草·虹之绽
01431397, 8.2, 548, 谁的青春有我狂
01437105, 6.6, 6394, 局外人
01174653, 7.2, 2061, 夏天在倒塌
02266643, 6.5, 7628, 甜酸
20394637, 6.7, 4923, 蚀心者
04920175, 7.4, 1451, 我喜欢你，你知道吗？
04737152, 6.9, 3307, 时光机
04167370, 7.2, 1963, 寂静流年遍开花
04191470, 7.1, 2269, 苍耳
01682551, 6.8, 3835, 局外人3
05413931, 7.1, 2192, 月亮说它忘记了
06779932, 8.3, 431, 再一次相遇: 那些年
01464459, 6.7, 4319, 局外人2
01066681, 6.8, 3526, 刻下来的幸福时光
01082845, 7.1, 2028, 一梦三四年
02979195, 7.7, 842, 晃晃悠悠
20389201, 7.5, 1100, 奈何
05261747, 7.1, 2021, 薄暮晨光
04246952, 7.5, 1093, 日界线
01082820, 6.5, 6243, 无往而不胜的童话
01072842, 7.1, 1941, 支离破碎
03199438, 8.3, 405, 有一种爱情叫兄弟Ⅴ（结局篇）
02034998, 7.2, 1642, 最小说（第六辑）
01083680, 7.8, 689, 小雏菊
01060939, 6.8, 3122, 喜欢你
01947159, 7.1, 1836, 最小说（第三辑）
01038639, 6.5, 5664, 冬日最灿烂的阳光
01082821, 6.4, 6929, 水晶般透明
01001174, 7.3, 1301, B栋11楼
25870279, 7.9, 582, 原来
01970604, 7.4, 1104, 圈里圈外
01075353, 7.1, 1654, 给我一支烟
06751038, 7.5, 901, 彼岸花
03561410, 7.6, 788, 祁连山 莲花血
01027832, 6.5, 4856, 猜火车
01040097, 7.4, 1015, 早安
01767554, 7.6, 773, 杜撰记
05340279, 7.6, 741, 樱桃之远
01941826, 6.8, 2330, 没有人像我一样
04923624, 7.2, 1177, 男友告急
25878948, 8.0, 412, 许我向你看（全2册）
01389973, 7.7, 582, 那年的夢想【Channel (A) I】
01076638, 7.5, 749, 太阳鸟
01415306, 7.3, 986, 珍珠饭店
02972183, 8.0, 402, 不能说的秘密
06957284, 8.3, 289, 小情歌
01015020, 6.8, 2056, 少年查必良伤人事件
04874245, 6.5, 3411, 后来我们都哭了
01450675, 8.5, 220, 关关雎鸠
01263240, 8.0, 351, 曲终人散
03137295, 7.9, 384, 刀子和刀子
24524403, 6.4, 3688, 晨昏
27054021, 7.6, 519, 终点的少女
01334730, 7.1, 1012, 狼的誘惑(1)
01040616, 7.8, 396, 永无止境的怀抱
01061489, 7.7, 431, 谁让你的眼睛如此多情
01009229, 7.5, 532, 这是我的答案
01292069, 7.4, 588, 离
01310449, 7.3, 656, 有个女孩叫Feeling
02236683, 7.4, 571, 致我的男友3
01031585, 6.9, 1171, 倦怠阴天
01212333, 7.0, 992, 我为歌狂
01041111, 6.4, 2856, 北京娃娃
01334731, 7.1, 841, 狼的誘惑(2)
01311542, 8.2, 222, 不谈年少的恋爱
01258222, 7.7, 361, 谁说青春不能错
03075867, 8.9, 118, 放慢脚步去长大
02990759, 6.8, 1212, 甜酸
01040764, 7.1, 753, 谈谈心
01016415, 6.8, 1163, 猫空爱情故事
01321783, 6.7, 1365, 当你孤单你会想起谁
02050710, 7.7, 330, 紫茗红菱
01976601, 6.9, 939, 致我的男友
03291101, 8.6, 139, 一杯熱奶茶的等待
02998717, 6.0, 5066, 午后薰衣茶
01389972, 7.5, 384, 蝴蝶過期居留
03315684, 6.8, 993, 微雪
01884798, 6.7, 1165, 哆来咪发唆2
01056742, 7.4, 419, 我是韩国人
10773363, 6.9, 829, 我喜欢当年喜欢你的我
01034136, 6.7, 1140, 天下
03709403, 7.8, 251, 榴莲
01063604, 7.1, 578, 斗鱼
06844312, 7.2, 500, 爱之名
20281838, 7.4, 379, 长安乱
01183308, 6.8, 854, 离爱一个ID的距离
01705423, 6.5, 1396, 蝴蝶来过这世界
04901558, 8.2, 161, 绝密金牛座
04040196, 7.1, 524, 奔跑的蜗牛
01058298, 7.2, 455, 每个好孩子都有糖吃
01389970, 7.5, 311, 魔法蛋糕店
25854653, 6.5, 1261, 岁月是朵两生花
10537121, 6.7, 893, 凉生，我们可不可以不忧伤3
03998093, 7.2, 421, 千山万水人海中
02004350, 6.9, 618, 饶雪漫全集之青春奇幻小说
01034603, 6.9, 613, 红X
01158586, 6.9, 592, 按时长大
03056601, 7.5, 271, 偷心小猫猫
01515701, 5.8, 4847, 天使街23号 Ⅰ
01083097, 7.4, 293, 我不是聪明女生
01962083, 6.7, 750, 红孩子
02260418, 7.1, 421, 梦想飞行里程之蓝色换日线
01256206, 7.9, 171, 穿过风花雪月的年少
10827871, 7.6, 230, 梧桐那么伤
01486116, 5.9, 3478, 麻雀要革命Ⅰ
04255001, 6.9, 543, 再不相爱就老了
05364120, 7.5, 252, 末世岛屿
04864370, 7.1, 407, 沙漏1
03590692, 7.0, 464, 恋爱吧，就像不曾受过伤害一样
01706039, 7.4, 281, 逝去的欧若拉
01417143, 6.2, 1673, 恶魔之吻2
01082527, 7.3, 304, 湖边有棵许愿树之3.彩虹冰砂
01349775, 7.8, 175, 十年的你
01819785, 6.8, 562, 心的二分之一
03795192, 7.7, 186, 可爱淘文集·局外人③
01785051, 7.3, 284, 爱神的黑白羽翼
06052976, 7.4, 252, 宇宙第一初恋
03805693, 7.2, 316, 朝三暮四
01414742, 5.9, 2821, 龙日一，你死定了
04043732, 7.2, 304, 和校花同居的日子
01799371, 6.0, 2135, 天使街23号Ⅲ
01478401, 6.2, 1407, 恶魔之吻3
25880307, 6.9, 441, 约克公园
03092826, 7.5, 209, 我的微微，我的天堂
26290552, 7.0, 375, 原来我很爱你
06793572, 7.4, 231, 草样年华·叁
01334732, 7.1, 329, 那小子真帥(02)完
01434245, 6.1, 1638, 龙日一，你死定了2
04932913, 6.8, 482, 被单身
20277950, 7.0, 364, 写给年少回不去的爱
25842595, 8.1, 113, 等爱温柔成海洋
04909100, 7.3, 248, Bye-Bye，完美人生
01262988, 6.9, 398, 只在梅雨天爱你
03622856, 6.9, 396, 寂寞是青春的墓志铭
01957692, 6.0, 1821, 麻雀要革命Ⅲ
03629694, 7.3, 236, 恋之蔓千寻
02002866, 5.9, 2229, 天使街23号. V5
26864798, 7.2, 262, 经年留影
05388003, 8.1, 107, 深圳，你到底有多深
25819503, 9.5, 42, 杉
04831437, 8.0, 115, 十七年蝉
01431185, 6.9, 369, 晴天
03181950, 7.2, 248, 梦想飞行里程之你是我的终点站吗？
34897663, 7.2, 248, 我不怕这漫长黑夜
01015852, 7.2, 245, 湖边有棵许愿树1（修订完美版）
01065290, 6.3, 877, 一杯热奶茶的等待2
01039065, 6.7, 450, 湖边有棵许愿树
03274078, 8.2, 90, 别惹大魔王2
01426259, 6.8, 387, 2条命
11605059, 6.8, 387, 八分鐘的溫暖
03451923, 7.3, 203, 然后的然后
24736873, 7.3, 200, 一座城池
04908856, 6.8, 358, 下一站，西单
03833769, 6.6, 459, 唱情歌
25708847, 7.9, 103, 哪啊哪啊神去村 夜話
04049729, 7.4, 165, 千山万水人海中（下）
03167116, 8.2, 80, 别惹大魔王1
01067901, 7.2, 192, 海上花开
25888277, 6.5, 478, 澜本嫁衣
04202548, 7.6, 126, ボトルネック
01283334, 7.0, 236, 亲爱的小孩
01317770, 7.3, 167, 无法悲伤
21336658, 8.0, 87, 拿什么拯救你.我的爱人-海岩精品集
03808994, 6.9, 265, 偏偏喜欢你
02038125, 6.4, 540, 如果微笑1
01063279, 7.7, 112, 玫瑰在风中呼唤
02004750, 6.7, 336, 一光年的距离有多远
01290564, 7.1, 200, 狼的诱惑
03069616, 7.0, 224, 北极圈失去了地平线
01531727, 8.2, 71, 天才&#34;集中营&#34;
01439791, 7.0, 213, 正是高三时
05297355, 7.6, 113, 烟花易冷
25761385, 6.2, 666, 凉生，我们可不可以不忧伤4
06989180, 6.1, 796, 月与蟹
21365989, 6.0, 951, 南风过境
03088625, 8.6, 51, 斯干
25984610, 7.7, 99, 假面（下）
01145618, 6.8, 258, 天使的眼泪
03424468, 6.3, 515, 致命的温柔
10808771, 7.9, 79, 世界上总有那么一个人在爱你
05502917, 7.5, 110, 5cm微蓝
03795175, 7.9, 76, 那小子真帅
01342647, 7.9, 75, 从开始到现在
03542425, 7.1, 157, 三色堇
03993076, 7.8, 80, 七彩糖豆
01799914, 7.5, 104, 香北求职记
05367377, 7.3, 124, 再见，蓝澄海
01221065, 7.1, 150, 我的人渣生活
03795197, 7.0, 165, 可爱淘文集·哆来咪发唆①
04178798, 6.4, 360, 海是天倒过来的模样
01051641, 6.6, 267, 斗鱼Ⅱ
01936335, 7.0, 157, 谈谈心恋恋爱3
06811175, 8.4, 47, 我在你身边
26377839, 8.5, 44, 我曾以为，世界很美
01983041, 8.0, 61, 独自狂舞
01165739, 7.7, 76, 高三四兄弟
03024892, 6.4, 321, 冰淇淋恋爱了
03873892, 6.7, 207, 我和一个日本女生
01264426, 7.7, 73, 夏天
04016760, 7.2, 113, 还要走多久，我们才能不悲伤
03075550, 6.3, 344, 不离
03747693, 7.6, 76, 萤火虫之恋
05297233, 7.3, 97, 刹那行年
01083095, 7.3, 95, 我要选修你的爱情课
02021660, 7.2, 104, 花自飘落水自流
04714362, 7.2, 100, 青春是一场刻骨的伤
02040300, 7.6, 69, Can You Keep a Secret?
26024602, 6.8, 151, 像少年啦飞驰
02119780, 9.2, 25, 最有意义的生活
01102306, 6.7, 169, 我不是你的冤家
01426182, 6.4, 245, 浪漫满屋
01082956, 6.1, 371, 谁是谁的周杰伦
04830812, 8.2, 41, 玫瑰十字录
03599530, 8.4, 36, 跑，拼命跑
03758706, 6.5, 197, 山那边是海
01313402, 6.6, 171, 黄了青梅
25848773, 6.8, 132, 我很忙:时光机
10599124, 8.8, 28, 如果忘记雪为期
03837618, 7.2, 87, たった二人で世界を裏切る 犬のような彼
05979747, 6.8, 128, 我把时光邮寄给你
03633451, 6.6, 161, 胖子都有颗敏感的心
01002952, 6.5, 180, 奇迹：幕天席地
01114679, 6.3, 236, 人在天涯
01420358, 6.6, 158, 春末夏初
01003242, 6.7, 139, 第四节是物理课
01776809, 9.8, 17, Le Monde de Sophie
03886678, 7.4, 68, 败犬女王-原著小说
01705434, 8.7, 28, 我在大学闯荡江湖
01940735, 8.9, 25, 玉之器
04846576, 6.7, 134, 咱们小时候
03629739, 8.8, 26, 第十一届新概念作文大赛获奖者代表作
01082737, 7.1, 86, 湖边有棵许愿树之&lt;6&gt;最美是暗恋(讲述爱情真谛的故事)
01049429, 7.0, 94, 家教爱情故事
01057871, 6.8, 115, 恋爱圈心术
01035512, 7.1, 83, 1983
04083139, 6.5, 156, 天使暂时离开
02573014, 6.3, 201, 离爱
03221551, 7.5, 56, 我的地狱王子
02272923, 8.2, 34, 十七岁的夏天
03863859, 6.4, 170, 冬暖花会开
01688747, 6.6, 131, 莞尔的幸福地图
01036451, 6.5, 143, 遗忘酒吧
03286263, 6.9, 91, 校服的裙摆
05033773, 7.7, 45, 我的情圣店
01947433, 9.1, 20, 下世纪的公民们
03337148, 8.0, 36, 傀儡少女之灵影夕颜
25858141, 7.7, 44, 斑斓
33423702, 6.8, 97, 镀金时代
01807890, 8.1, 33, 永不着陆的爱
04840837, 7.5, 50, 美少年花茶社
20285343, 7.7, 43, 华丽窒息
26705850, 6.3, 169, 同学别将就
02019820, 8.0, 34, 花开花落
01325975, 6.1, 212, 9015：那小子真帅终结版（征文阁）
03795182, 7.1, 66, 可爱淘文集·狼的诱惑①
01969870, 6.8, 86, 天使不曾离开
02013111, 6.6, 106, 考什么别考研
01967657, 6.8, 84, 那天她敲了我宿舍的门
01082693, 6.8, 83, 湖边有棵许愿树之5那年的高中班
03795203, 7.6, 41, 可爱淘文集·致我的男友①
01878814, 6.4, 126, 大明星爱上我
06710867, 7.7, 37, 幸福就是老天给什么，都是享受
07160865, 6.5, 107, 我可能不会爱你
26823218, 8.6, 21, 未惩年
26919931, 7.4, 43, 紅的告別式Pink and Gray
06052679, 8.0, 28, 妖怪大叔
26582597, 8.1, 26, 傅探花
01263715, 7.2, 47, 深红粉红
03458818, 9.0, 16, 啊 少男少女
05291218, 7.1, 50, 彼时豆蔻
01207074, 7.5, 36, 蔷薇醒了茉莉开了
01036419, 5.5, 392, 永远的OPEN-《我为歌狂》征文选
03275821, 5.7, 267, 七只象
05367140, 5.8, 215, 逆夏
01705352, 7.1, 47, 我给纯真一耳光
05363868, 7.1, 47, 阳光汹涌
01425008, 7.0, 51, 十二夜
05409292, 6.3, 103, 沙漏I(增补版)
01944465, 7.8, 27, 我的王子不骑白马
01083093, 6.3, 99, 左手挽你
04261284, 7.4, 35, 我遇到了生命中的你
10606964, 6.9, 52, 忽然之恋
24301368, 6.5, 77, Fangirl
03698630, 7.6, 30, 挽臂同看蔷薇星云
01879022, 6.8, 54, 幸福迷藏
07153416, 7.7, 27, 到莫斯科找答案
25927696, 5.9, 145, 闺蜜
19986795, 7.3, 33, 世界上总有那么一个人在爱你2
05291219, 7.1, 36, 凉夏之年
25902097, 7.5, 27, 我见青春多妩媚
01277983, 6.0, 110, 想你，全世界失眠
01390552, 5.3, 356, 我为画狂
01326990, 6.7, 49, 海藻花
01825046, 7.2, 31, 我是你的灰姑娘
01392918, 6.6, 51, 早上八点地铁站
20396502, 7.4, 26, 绝对甜心
03068385, 6.5, 54, 双生恋
01337942, 7.1, 32, 我们的耳朵宛如贝壳
03393165, 7.1, 32, 青春是孱弱之羔羊
04987367, 7.1, 32, 蔚蓝色的告别
06114097, 7.8, 20, 剩余人Ⅱ
02975465, 6.1, 81, 手机奇遇记
06946711, 6.2, 71, 晴空微澜
03337033, 7.0, 33, 除魔事务所
03314505, 5.9, 101, 云层之上全是阳光
05381379, 8.8, 12, 圈养野生王子
03217435, 6.8, 38, 怪盗KING和侦探QUEEN 2
03071988, 9.0, 11, 边疆晓歌
05335967, 7.7, 20, 喂有种ONE ON ONE
03544358, 6.6, 44, 所罗门的刺青
06060496, 7.4, 23, 红线（下）
06114108, 7.6, 20, 剩余人Ⅲ
01838150, 5.8, 102, 甜蜜近邻
01145773, 6.6, 41, 蝴蝶星月童话
01083904, 5.5, 154, 坏小子
03238240, 6.6, 39, 米扬的微笑
01227840, 7.0, 28, 没有阳光的幸福
03606600, 6.6, 38, 恋人魔法行
03197568, 6.5, 41, 天蓝色转身
01052782, 5.6, 120, 爱情合影
03244033, 5.8, 88, 复活吧，女王陛下
03151079, 6.3, 48, 合租时代的爱情
02342604, 6.4, 39, 这只是一次飞翔
03034120, 6.1, 50, 呼吸
03795437, 6.1, 49, 左耳
03022061, 6.5, 33, 花期未至
06126951, 8.1, 12, 屋顶上的金达花
01042059, 7.4, 17, 陌生世界
05261718, 6.0, 52, 夏了夏天
03730130, 6.6, 29, 泪空
01214332, 5.4, 115, 红苹果乐园
21329683, 6.4, 33, 离歌Ⅰ
04117205, 6.4, 32, 小西天
24722610, 7.6, 14, 烟花夜不见不散
26285938, 7.6, 14, 时光许我已微凉
06746096, 8.0, 11, 少年心事琉璃岛
03730131, 6.0, 43, 泪茧
01028100, 5.6, 63, 天生我才
03565445, 6.3, 27, 别叫我LOLI
01106253, 6.6, 21, 我为球狂
03017127, 6.0, 34, 樱花之夏
01064216, 5.8, 41, 雪地里的星星
03998998, 5.6, 50, 宝石不说谎
01070377, 4.9, 156, 我为球狂
01287690, 5.3, 75, 爱情合影（2）
01809839, 6.2, 23, 天使的求爱任务
04251223, 6.0, 24, 失恋公园2
03201687, 5.6, 36, 一半甜蜜一半忧伤
03013476, 5.9, 25, 梦回三国
01420526, 6.7, 13, 我在梦里见过你1
10810682, 4.6, 166, 将军烈
03271911, 5.1, 53, 走路去巴黎
01064312, 6.2, 16, 桃李年华
01310096, 4.9, 14, 橘子味的青春
01197237, 4.0, 20, 青春乱
03297226, 0.0, 10, 半糖
03733554, 0.0, 10, 兄弟―夏
21337012, 0.0, 10, 虜囚
01282265, 0.0, 11, 高一岁月
10727177, 0.0, 11, 哭过的天空
03764388, 0.0, 12, あなたに赤い花を
03611556, 0.0, 18, 她和他和他和他2
02115268, 0.0, 20, 无敌皇后VS无赖国王
10568214, 0.0, 22, 蜜恋假面派
01682602, 0.0, 39, 姐姐，你是我的
02128188, 0.0, 48, 校园小魔女-风信子校园青春小说
26589409, 0.0, 52, 15-青春修炼手册
