2020-07-05 16:00:20

number of books, tag name
207, 颓废

ID, rating, votes, title
03066477, 9.3, 222587, 三体Ⅱ
01082154, 9.1, 190802, 活着
01029791, 8.8, 191249, 许三观卖血记
04908885, 9.0, 129298, 局外人
01089243, 8.9, 124076, 黄金时代
04011670, 8.3, 189119, 人间失格
02159042, 8.5, 101249, 挪威的森林
01008988, 8.4, 107088, 了不起的盖茨比
01119522, 8.4, 102872, 呼啸山庄
01400705, 8.1, 134118, 情人
01985223, 8.7, 37358, 倾城之恋
02064977, 8.9, 23263, 死亡筆記 1
05275059, 7.9, 138113, 1988：我想和这个世界谈谈
01461903, 7.8, 138123, 何以笙箫默
01213546, 8.4, 40968, 变形记
01431836, 8.6, 27001, 我的路
01082162, 8.4, 35989, 第一炉香
02053249, 8.1, 62230, 麦田里的守望者
06973970, 8.3, 35468, 人间失格
02209098, 7.8, 90010, 致我们终将逝去的青春
03426869, 7.8, 80131, 三生三世 十里桃花
01143694, 8.3, 28703, 动物凶猛
01856025, 8.9, 8842, 道连·葛雷的画像
01039752, 7.8, 57366, 且听风吟
02256438, 7.8, 55994, 素年锦时
01065970, 7.8, 51148, 彼岸花
04011440, 8.0, 31723, 最初的爱情 最后的仪式
01917972, 7.8, 45238, 在路上
01026425, 7.4, 108287, 三重门
03259428, 8.6, 10506, 斜阳
01292227, 8.8, 6813, 霍乱时期的爱情
01053759, 8.3, 14344, 雪国 古都
03335362, 8.5, 10212, 大教堂
01312333, 8.2, 16342, 蔷薇岛屿
01016300, 7.1, 161994, 梦里花落知多少
01018153, 7.8, 31681, 水仙已乘鲤鱼去
01058234, 7.7, 37343, 二三事
01069059, 8.1, 17458, 雪国
03394338, 7.5, 55640, 他的国
01401840, 8.3, 12121, 天使禁獵區
01029159, 7.5, 51463, 八月未央
01873281, 8.7, 6088, 少年残像
04286204, 8.1, 15101, 麦田里的守望者
01453210, 7.4, 59056, 一座城池
02213061, 9.0, 3663, My Way 2
03151990, 8.5, 7025, 达摩流浪者
01016523, 7.5, 40378, 告别薇安
01874411, 8.4, 6983, 乞力马扎罗的雪
01434525, 8.3, 6970, 记得
01037954, 8.4, 5976, 告别圆舞曲
02233893, 8.1, 9218, 彼岸花
01288916, 8.6, 4277, 伤心咖啡店之歌
01918720, 8.8, 3243, 毒藥伯爵(13)
01009160, 7.3, 40046, 像少年啦飞驰
01006004, 7.5, 25662, 樱桃之远
02336093, 7.8, 14193, 池袋西口公园
01440345, 7.8, 13869, 燕尾蝶
01478487, 7.8, 13493, 曼珠沙华
04259314, 8.3, 5883, 人间失格
01193821, 8.0, 9059, 最游记
01351652, 8.5, 4238, 路德維希革命1
01034108, 7.2, 38502, 零下一度
01442040, 8.3, 4932, 麦田里的守望者
05385349, 8.4, 4081, 人间失格
01436348, 7.7, 12147, 八月未央（修订版）
01751925, 8.3, 4589, 引玉
04881998, 8.4, 3964, 猜火车
01203622, 9.0, 1719, 莎乐美 道林・格雷的画像
02038238, 8.4, 3587, 戒音
03087020, 8.0, 6213, 清醒纪
01006073, 7.5, 14660, 七月与安生
01051440, 8.2, 4510, 在路上
02160037, 8.2, 4404, 我是你儿子
01074841, 7.5, 13715, 葵花走失在1890
01007334, 7.1, 31166, 草样年华
01469051, 6.9, 43140, 左耳
03224818, 8.5, 2379, 安妮宝贝系列
01867064, 7.7, 7815, 八百万种死法
01487996, 8.8, 1604, 城堡
01331571, 7.6, 9044, 地下室
30190063, 8.2, 3408, 人间失格
03290010, 7.0, 28564, 澜本嫁衣
01047957, 9.3, 858, 比亚兹莱大师图典
01047851, 7.7, 6729, 晃晃悠悠
01012802, 7.2, 17175, 十爱
03113567, 8.1, 3479, 蔷薇岛屿
01316634, 8.5, 2019, 挪威的森林
02010279, 8.6, 1635, 花凋
04714018, 7.5, 8309, 青春咖啡馆
03043518, 8.0, 3536, 彼岸花
01417905, 7.1, 17404, 废都
01051127, 8.8, 1235, 张爱玲典藏全集--中短篇小说：1945年以后作品
01006881, 6.7, 40651, 左手倒影，右手年华。
01868896, 7.7, 5277, 我们去哪儿
03800892, 7.7, 4882, 草样年华3
01024854, 7.3, 9283, 成都，今夜请将我遗忘
02075935, 8.1, 2421, 殘酷的童話
01048931, 7.6, 5187, 天堂向左，深圳往右
02008972, 6.8, 24022, 沙漏
01082156, 8.1, 2281, 麦田里的守望者
02059409, 9.1, 702, 庸才 4
02227608, 8.8, 946, 人間失格
01432422, 7.2, 9219, 草样年华Ⅱ
06710720, 6.9, 17150, 春宴
23755938, 8.0, 2434, 人间失格
03390170, 7.9, 2763, 圣诞奇案
03026449, 7.6, 4268, 告别薇安
02062200, 6.2, 100682, 悲伤逆流成河
03225756, 8.1, 1880, 灰故事
01080812, 7.1, 9420, 红鞋
01782044, 8.8, 745, 斜阳
24748586, 8.3, 1281, 人间失格
01043201, 6.8, 15347, 毕业那天我们一起失恋
05341157, 8.5, 984, 人間失格
33418869, 7.8, 2388, 人间失格
02700656, 6.8, 12546, 悲伤逆流成河
01082515, 7.5, 3299, 理工大风流往事
01449180, 7.7, 2305, 钧天舞
02187388, 7.9, 1470, 活不明白
02119435, 7.7, 1903, 救世主
01818170, 7.8, 1627, 草样年华
03667783, 6.9, 7012, 月
01468393, 7.2, 3746, 无限近似于透明的蓝
02300073, 7.5, 2137, 奋斗（上）
03689573, 7.5, 2128, 八月未央
04719265, 8.6, 515, 逆天
03351930, 7.3, 2765, 成都今夜请将我遗忘
02042966, 6.9, 5418, 双生水莽
02226107, 8.1, 790, 弟弟的演奏
01845119, 7.2, 2830, 朝三暮四
02380097, 8.5, 497, 蓮花
01794202, 7.2, 2744, 苏丝黄的世界
03287883, 7.4, 1931, 糖
03239544, 7.3, 2236, 扔在八月的路上
10520377, 7.4, 1637, 废都
03142174, 7.8, 931, 草样年华
01045653, 7.2, 2167, 心碎你好
01031184, 7.5, 1326, 咸味兜风
26666169, 8.2, 524, 逆流
02159470, 6.8, 4019, 垮掉的一代
06751039, 7.7, 819, 蔷薇岛屿
01072842, 7.1, 1941, 支离破碎
01043212, 7.4, 1138, 在一起
02075391, 7.2, 1500, 那些不值钱的经验
01947357, 7.3, 1228, 比如，单身
01031285, 8.7, 234, 斜阳
01480980, 6.9, 1897, 糖
06751027, 7.2, 1123, 告别薇安
02362665, 8.1, 351, 麦田里的守望者
03279013, 7.3, 920, 晃晃悠悠
01181430, 7.9, 427, 丧家犬也有乡愁
03805694, 7.5, 607, 活不明白
06751036, 7.4, 647, 八月未央
26720206, 8.1, 272, 人的失格
03345597, 7.3, 560, 蚀
01919366, 8.7, 125, 罗生门
01055701, 7.1, 612, 写在墙上的脸
01065062, 7.2, 514, 谁的荷尔蒙在飞
01058777, 7.1, 586, 激情与迷茫
25981657, 8.4, 140, 第二十二条军规
26977948, 8.1, 174, 斜阳
30243868, 7.6, 283, 犹太警察工会
01058298, 7.2, 455, 每个好孩子都有糖吃
01054627, 6.8, 804, 长达半天的欢乐
01164965, 8.1, 166, 分数满天飞的日子
01015671, 6.8, 753, 在一起
01042550, 7.3, 367, 一个啤酒主义者的独白
03121028, 7.8, 206, 傀儡娃娃2
30480063, 8.0, 167, 人间失格
01084633, 7.3, 333, 支离破碎
04937491, 8.5, 104, 郁达夫文集
33391910, 8.0, 157, 人间失格
03018364, 7.3, 324, 心碎你好
26339870, 8.8, 81, 斜阳
04157693, 7.9, 152, 小酒馆之歌
01084634, 7.3, 282, 一塌糊涂
01507865, 7.8, 158, 九重门
01007082, 8.3, 97, 瘾
01276549, 8.6, 73, 遗弃
01810881, 8.5, 74, 被放逐的诗神
01426259, 6.8, 387, 2条命
01258368, 7.9, 110, 营造上帝之城
02347718, 7.7, 114, 现代青年
02334565, 7.4, 127, 她比烟花寂寞
02050251, 8.3, 59, 动物学
01262993, 6.7, 213, 青春泪流满面
01815388, 7.3, 88, 迷失的病孩
01012738, 7.7, 58, 上弦月下弦月
11599188, 7.6, 60, 安妮宝贝小说集
03067954, 8.1, 35, 巴比伦公主
06711897, 6.8, 91, 逃亡之路
02029149, 7.2, 61, Pénisatlas
01705352, 7.1, 47, 我给纯真一耳光
01263293, 6.8, 59, 爱了散了
02770993, 5.5, 327, 暖生
01321690, 6.7, 62, 请原谅我和我的25岁
01082942, 6.9, 49, 青涩年华
01033412, 6.6, 61, 1238公里的忧伤
02120438, 6.4, 68, 大学生你怎么了
30262000, 5.9, 114, 歧视也没什么错（14岁懂社会系列）
01291611, 5.8, 81, 凤凰
02987549, 6.7, 31, 彼若盛花
02011351, 6.3, 43, 我们不能白头偕老
01175875, 7.2, 15, 影子情人
03062682, 5.8, 38, 让我们相爱否则毁
01722379, 7.3, 10, 海上才子
02036499, 0.0, 13, 青春无处藏身
