2020-07-05 16:00:20

number of books, tag name
471, 食物

ID, rating, votes, title
20470917, 9.1, 17378, 深夜食堂 01
30183051, 8.3, 21603, 鱼翅与花椒
04127527, 8.1, 16857, 厨房
01075538, 8.2, 11561, 普罗旺斯的一年
01924318, 8.9, 3243, 汪曾祺谈吃
05940434, 8.3, 6837, 一个人的美食之旅
23780880, 9.1, 2318, 深夜食堂 07
23780878, 9.0, 2273, 深夜食堂 06
03889682, 8.4, 3175, 饕餮娘子
03213367, 9.0, 1462, 昨日的美食 01
26387640, 8.2, 3373, 忧伤的时候，到厨房去
04917641, 8.9, 1366, 故乡的食物
26876440, 8.4, 2057, 吃货的生物学修养
02074851, 8.1, 2724, 食品真相大揭秘
02974903, 8.1, 2697, 香港味道2
02282081, 8.0, 3070, 香港味道1
26298264, 9.2, 627, 积存时间的生活
01068907, 7.8, 3300, 如果我们的语言是威士忌
03376635, 8.6, 1104, 咖啡品鉴大全
05914563, 8.1, 1907, 边走边啃腌萝卜
01948916, 8.4, 1232, 脱がない男
04917571, 8.6, 911, 雅舍谈吃
30373807, 8.8, 705, 有滋有味：我的厨艺人生
30437166, 8.3, 1226, 饮食的迷思
04891219, 8.2, 1381, 甜与权力
01900356, 8.5, 881, 中国健康调查报告
26253659, 8.7, 641, 一个人的美食跑跑跑·海外篇
05502946, 7.5, 2999, 元气糖
24884999, 9.0, 411, 食物与厨艺
26936484, 8.5, 656, 醉酒的植物学家
03062449, 9.2, 327, 唐鲁孙作品（六卷精华版）
11507833, 8.3, 774, 深夜食堂料理特輯
05914555, 7.9, 1217, 暴食江湖
04175452, 7.8, 1384, 美味关系
01916929, 8.6, 536, 梁实秋谈吃
26461519, 7.9, 1200, 面包会有的
25763528, 7.9, 1150, 植物学家的锅略大于银河系
05338233, 8.3, 689, 我的法兰西岁月
06870068, 9.1, 310, 昨日的美食04
02996680, 7.7, 1425, 蔡澜食材字典
06902934, 9.1, 302, 学徒面包师
05954632, 8.4, 577, 寿司品鉴大全
04780211, 9.4, 223, 世界葡萄酒地图
30288066, 8.7, 402, 宋宴
30242492, 8.1, 745, 人类的明天
05946541, 7.7, 1189, 吃的真相2
26345261, 9.0, 286, 小森食光 1
30136392, 7.9, 888, 耕种 食物 爱情
26593188, 9.0, 279, 一日一果
02144432, 8.5, 430, 味覺現象學
27126207, 8.4, 458, 蔬菜教室（秋冬篇）
25900305, 7.9, 772, 舌尖上的历史
03836152, 7.5, 1310, 快煮慢食
26292422, 7.5, 1306, 顾中一说：我们到底应该怎么吃？
25852538, 7.3, 1702, 知日·料理之魂
26774853, 9.0, 242, 深夜食堂 16
14267490, 9.1, 220, 厨神的家常菜
06513841, 8.7, 311, LIFE家庭味
26928533, 7.9, 716, 日本料理神髓
06007919, 8.9, 250, 品酒
21256236, 9.0, 228, 奥义书
27037179, 8.3, 425, 日日之食：家常菜的小秘密
03071714, 7.9, 655, 饮膳札记
26638269, 8.6, 308, 寿司之神
02227749, 8.0, 568, 美食评论家的乔装秘密生活
24885010, 8.7, 276, 食物与厨艺
26881891, 8.8, 239, 深夜食堂 17
27017590, 7.9, 593, 品尝的科学
26848146, 7.2, 1520, 民国太太的厨房
26976286, 7.6, 843, 食物语言学
01065043, 8.8, 228, 雅舍谈吃
01051500, 7.8, 632, 恋人食谱
26279028, 7.6, 802, 面包和汤和猫咪好天气
03115895, 7.9, 548, 两个素食者的创意厨房
33454375, 7.7, 693, 中国食辣史
27116183, 8.3, 349, 今天吃什么呢？去地里看看
04156058, 9.4, 135, Mastering the Art of French Cooking
02379023, 7.9, 486, 欧陆传奇食材
03535331, 8.7, 218, 食经
26718762, 8.8, 194, 真味
26659834, 7.3, 968, 盐糖脂
24522588, 7.3, 947, 暖食
24885007, 8.5, 238, 食物与厨艺
26680436, 7.8, 486, 来份杂碎
25975450, 8.3, 279, 积极恋爱心理学
06558053, 7.8, 472, 灶下书
04706662, 9.4, 111, 食物與廚藝
26785986, 7.8, 457, 食帖09：了不起的面包
26905448, 8.6, 203, 五味
26359465, 9.3, 115, 永不失败的面包烘焙教科书
01084827, 7.9, 388, 吃懂法兰西
01945009, 8.0, 344, 蜂蜜与尘土
26707638, 9.4, 103, 大自然中的美食
01051217, 7.1, 1042, 玩味
27201224, 8.8, 159, 深夜食堂 19
30141131, 7.8, 405, 饮食滋味（《黄帝内经》饮食版）
24699651, 7.6, 509, 吃饭
03884424, 8.8, 154, 料理圖鑑
34833879, 8.0, 320, 天才主厨的绝对温度
25758219, 8.8, 153, 法国蓝带西餐烹饪宝典
25887804, 8.7, 164, 雅舍谈吃
26611925, 8.0, 312, 咖喱香肠的诞生
25774256, 7.1, 958, 肥肉
26869172, 9.7, 80, 现代主义烹调
03274328, 7.4, 616, 一头猪在普罗旺斯
25911585, 8.2, 249, 小店里的招牌猫
26585022, 7.2, 795, 茶叶大盗
01563556, 8.2, 246, 日本蛋糕名店的私藏秘方
25958461, 6.4, 3090, 一人食
10471536, 9.0, 118, 雜食者的兩難
27178422, 9.0, 118, 寿司手帖
26375107, 7.6, 433, 食帖03：食鲜最高
27077391, 8.2, 220, 日本酒手帖
26782151, 7.0, 912, 黄小厨的美好日常
20470511, 8.0, 260, 唐鲁孙谈吃
25861937, 7.3, 578, 昔日的味道
01958002, 7.4, 478, 爱上咖啡
01956659, 7.5, 420, 紫水云散发
01084016, 8.2, 197, 亲爱的西餐
25985699, 7.3, 490, 爱就是在一起，吃好多好多顿饭
01394129, 8.4, 152, 飲膳札記
26722322, 8.4, 151, 我的时尚厨房
01316845, 7.6, 327, 巧克力鉴赏手册
26265818, 7.2, 533, 电影食堂
25838015, 8.0, 211, 离开前，请吃空冰箱
30439231, 8.2, 170, 山家清供：人间有味是清欢
01395831, 7.5, 346, 考吃
26303206, 7.5, 346, 今天也谢谢招待了
05299316, 9.5, 65, 用科學方式瞭解糕點的為什麼?
25799696, 7.7, 273, 寻味中国
04058769, 7.3, 425, 极致之味
01773430, 8.3, 148, The Omnivore&#39;s Dilemma
02284300, 7.5, 328, 为国王们烹饪
26992853, 7.5, 323, 食物信息图
26879195, 7.5, 321, 食帖12：厨房，治愈人生的避难所
04103298, 9.1, 79, きのう何食べた? 3
03121551, 8.7, 102, 咖啡學
01931913, 8.3, 140, 家常菜精选1288例
03999204, 8.8, 94, 干酪品鉴大全
26689854, 9.2, 71, 昨日的美食 10
26281256, 8.7, 98, 味覺獵人
27025055, 9.2, 69, 昨日的美食 12
26617461, 7.5, 283, 写在基因里的食谱
01054671, 7.3, 358, 中国食物
26341535, 9.1, 72, 昨日的美食(09)
26313487, 8.4, 118, 恶魔花园
30284728, 8.0, 166, 半生不熟
10528380, 8.8, 86, 有生之年非吃不可的1001种食物
26946840, 9.1, 69, 昨日的美食11
26369001, 8.4, 114, 一起来吃早午餐
05407463, 8.8, 78, 世界葡萄酒全书
26411825, 7.8, 176, 无印良品的花样土锅料理
27091507, 7.8, 175, 烹
27120231, 7.6, 214, 减肥不是挨饿而是与食物合作
06967521, 8.7, 81, 幸福便當時間
25797287, 8.6, 86, 面包圣经
01352993, 8.4, 100, 法國藍帶的基礎糕點課
26287325, 7.9, 151, 吃一場有趣的宋朝飯局
24828689, 7.4, 250, 菜市场里的大厨
26775628, 6.9, 465, 好好地吃一朵西蓝花
25032919, 9.1, 59, 烧好家常菜
27594156, 8.0, 133, 福桃03：主厨
20504503, 8.9, 66, 廚與藝
26681993, 7.3, 263, 食帖07：大丈夫生于厨房
05379675, 9.3, 51, 经典比萨500
01058607, 7.4, 232, 味之旅
02052299, 9.5, 45, 中国菜谱
25958209, 7.3, 257, 四季蔬：小白素食记录
19961100, 8.4, 91, 廿四分之一挑食
26364021, 6.7, 543, 料理小说俱乐部
03636297, 9.0, 58, 大廚聖經
26757638, 7.1, 306, 食帖08：自给自足指南书
34873198, 7.4, 215, 吃
20429355, 8.8, 65, 意大利面制作大全
27204940, 8.4, 85, 养器
27599530, 9.3, 47, 轻盈甜点的秘密
03986845, 7.2, 262, 啤酒就该这样喝
27131571, 8.4, 83, 水果
25772471, 6.6, 574, 唯美食与爱不可辜负
02217853, 7.9, 124, 焼きたて!!ジャぱん 19
27157160, 7.5, 181, 一碟腌菜
34951652, 8.3, 88, 魔鬼的晚餐
20453351, 8.2, 95, 小花的味噌湯
30364256, 8.4, 80, 台湾小吃全书
30267832, 7.1, 274, 松浦弥太郎的料理笔记
03540982, 7.9, 118, 後殖民食物與愛情
05972443, 7.9, 118, 白话随园食单
02105733, 7.6, 156, 一切取决于晚餐
01392646, 7.4, 191, 厨房里的哲学家
26276634, 7.1, 269, 無印良品的四季食谱
05441610, 9.3, 44, 享受香醇葡萄酒
30328949, 9.2, 46, 时光本草2019
06967739, 7.6, 151, 老爹妈思厨
23164585, 6.7, 441, 爱自己，好好吃早餐
33381198, 8.0, 104, 别让错误的营养观害了你
03272691, 7.2, 226, 达·芬奇的秘密厨房
30355307, 7.5, 161, 拉面
26261047, 8.2, 86, 北平味儿
01024053, 7.4, 177, 茶鉴赏手册
26839380, 7.8, 119, 感官回忆录
30379604, 7.7, 127, 故乡的味道
26731424, 7.1, 236, 买不到的味道
05906090, 7.6, 138, 甜蜜日日·我爱果酱
26421278, 7.1, 234, 全球蔬菜纪行
26784339, 7.6, 137, 胖子之城
26317780, 8.3, 75, 台湾酿酱
26115863, 8.9, 50, The World Atlas of Coffee
26115710, 6.9, 293, 最孤独的冰箱和有故事的远方
30254808, 8.4, 69, 末日松茸
24522598, 6.8, 331, 食色
05284846, 7.9, 101, 钟鸣鼎食之家
26782009, 8.9, 49, 麵包科學終極版
01000795, 8.8, 52, 千金方
25786083, 8.9, 48, 山家清供
26854560, 7.4, 157, 巨匠的技与心
26699860, 7.9, 97, 厨室机密
25785271, 7.2, 181, 男人的菜市场
26911258, 7.5, 131, 腐的品格
26258470, 7.0, 220, 中国豆腐
26578454, 8.9, 44, 世界葡萄酒地图（第七版）
26369033, 7.1, 191, 一起来吃轻晚餐
22224857, 7.7, 104, 文明的口味
26787765, 9.0, 41, 八角哲學
26599019, 7.2, 168, 饮食人类学
01445768, 8.2, 68, 五味
02003204, 8.7, 48, 葡萄酒的故事
26617305, 7.7, 100, 美食近似于爱
26421322, 7.1, 179, 蔬菜之神
06000502, 8.3, 61, 食物革命
25909394, 7.4, 129, 幸而还有梅花糕
03202002, 9.3, 33, 法國糕點大全:110種特選甜點、76個獨門
10493976, 8.4, 55, 其實，大家都想做菜
01052504, 8.1, 68, 快餐国家
26596235, 7.4, 124, 食物
30210279, 8.8, 42, 极客厨房
27593445, 7.1, 167, 哇！沙拉的教科书
28056506, 7.5, 109, 有味小日子
03352569, 6.7, 265, 我这温柔的厨娘
26796697, 7.9, 75, 让我们害怕的食物
26684007, 7.7, 88, 明日的餐桌
30281747, 8.3, 55, 文人料理店
18606904, 7.6, 94, 牛奶，好东西
27607194, 8.1, 62, 巧克力
26266559, 8.3, 53, 德国式简单烘焙
27193435, 8.1, 61, 日日款待帖
03032377, 7.4, 109, 老俗事
02572184, 9.8, 23, The Cambridge World History of Food
01825568, 6.8, 204, 亲爱的便当
01880302, 7.6, 88, 中国饮食文化史
30426466, 7.3, 116, 总觉得饿？
03215991, 6.9, 176, 东食西渐
01360228, 7.8, 72, 廚房機密檔案－－烹飪深處的探險
30474637, 6.2, 452, 烧烤怪谈
30401666, 9.5, 25, 昨日的美食 14
20365783, 7.4, 98, 青春饭，我们都爱重口味
27093840, 7.2, 119, 塔莎奶奶的四季食谱
34839238, 8.5, 42, 手绘面包辞典
01218299, 8.2, 51, 随园食单
33406382, 7.6, 79, 进化的咬痕
05354091, 7.9, 61, 真相
01926484, 8.0, 56, 中国饮食文化史
04097223, 7.4, 91, Food Rules
30459277, 7.6, 76, 香料漂流记
30144399, 9.2, 27, 昨日的美食 13
25704808, 7.9, 59, 唐代衣食住行
27198199, 7.7, 69, 一面一世界
34661979, 8.3, 44, 餐桌植物简史
26911451, 7.2, 104, 小津安二郎美食三昧
25717529, 7.7, 66, 我的音乐厨房
03238219, 7.3, 91, 牛奶  谎言与内幕
01871308, 7.5, 75, 吃
30369720, 8.5, 36, 京味儿（增订版）
26827482, 7.3, 85, 吃的真相4：需求与恐慌
30275268, 8.1, 45, 中古华北饮食文化的变迁
26904755, 8.5, 34, 面粉·水·盐·酵母
04019780, 8.7, 30, Chop Suey
01774868, 7.2, 88, 法兰西甜点地图
30488071, 7.7, 57, 酒：一部文化史
34839989, 7.4, 71, 饭局的起源
01908263, 7.3, 77, 咖喱传奇
05418731, 7.8, 51, 香草香料鉴赏手册
03066160, 8.1, 41, 我在法國的歲月
01626109, 9.1, 23, 大众川菜
30351163, 7.9, 46, 山水坝子探食记
01083354, 6.9, 105, 精美下酒菜
01271558, 6.9, 103, 食物的历史
04043614, 7.1, 83, 煮物之味
05362573, 8.8, 25, 中国菜肴史
01976516, 7.3, 68, 随园食单
30200507, 7.4, 62, 我喜爱的厨具与食材
26266146, 8.5, 29, 糖、脂肪、鹽
25827537, 6.8, 109, 吃到念念不忘
26978544, 8.8, 24, 掌握法国菜的烹饪艺术
26718513, 8.0, 38, 宁波老味道
27068503, 8.5, 28, 故乡之食
26293200, 7.0, 85, 我们·古早味
05922492, 7.1, 76, 年夜饭的艺术
27015494, 7.3, 63, 我们曾吃过一切
10827110, 7.0, 83, 烟火气
01868564, 7.9, 39, 食物圣经
26849966, 6.7, 111, 深夜食堂 严选之味
01789460, 7.8, 41, 蟹壳黄的痣
30140260, 8.6, 25, 杭州宋代食料史
25865953, 8.2, 31, 杰米•奥利弗： 一天学会做饭
05417369, 8.0, 35, 酒经译注
03178409, 8.5, 26, 雅舍谈吃
04903519, 8.3, 29, 咖啡館style三明治
25976825, 7.2, 63, 德国式简约厨房模式18例
25958096, 8.7, 23, 烹
26607205, 8.1, 32, 料理的科學
01852368, 7.5, 48, 马铃薯
25927349, 7.3, 55, 比萨：吃的全球史
01821400, 6.9, 79, 朱孝天的美味新关系
34886712, 8.6, 23, 识食物者为俊杰
03376590, 8.3, 27, 吃的营养与治疗
26676253, 7.6, 42, 一切取决于晚餐：平凡食物背后的奇闻轶事
01485234, 7.3, 53, 美食的最后机会
34449309, 7.0, 68, 美味的理由
27092961, 6.7, 90, 日本的餐桌
04285381, 8.1, 29, 造洋饭书
05910558, 8.6, 22, 家常真味-壹
34478323, 8.5, 23, 奶酪原来是这么回事儿
26598992, 7.1, 59, 咖喱传奇
34841109, 7.8, 34, 菜市场鱼图鉴
30281748, 7.6, 39, 文人好吃记
06811188, 9.2, 16, Menu Design in America
26869048, 8.7, 20, 米、麵、魚
26739544, 9.5, 14, Feeding Hannibal
03784590, 6.9, 66, 血液清洁书
27178065, 7.1, 55, 烹饪、菜肴与阶级
27122867, 9.0, 17, 博古斯学院法式西餐烹饪宝典(精)
24850382, 7.2, 50, 饮食谭屑
04898906, 8.2, 25, 風味聖經
03369084, 7.5, 39, 吃朋友
30394977, 7.2, 49, 早期中国的食物、祭祀和圣贤
01840143, 7.0, 58, 番茄
34678534, 7.8, 31, 日本风俗食具
26789086, 7.9, 29, 餐桌上的語言學家
04941533, 8.9, 17, 歷史大口吃
10483775, 8.5, 20, 我的耕食生活
02135606, 8.2, 23, Tsukiji
30355308, 6.9, 58, 味的世界史
01462516, 8.8, 17, Jamie&#39;s Italy
05418729, 7.6, 33, 巧克力鉴赏手册
01811065, 6.2, 120, 藤萝花饼
04018207, 8.8, 16, Ad Hoc at Home
26369018, 7.3, 38, 一起来吃下午茶
01336462, 7.2, 41, 慢食-味覺藝術的巴黎筆記
10727858, 8.4, 19, 廚藝之鑰（下）
26415190, 8.4, 19, 日之简餐·三明治
06845584, 7.2, 40, 可怕的零食
01873328, 6.5, 76, 欧洲饮食文化史
30185361, 6.6, 68, 食物的心机
01051080, 7.5, 31, 味觉
26707811, 7.7, 27, 新米姉妹のふたりごはん
10563236, 8.8, 15, 廚房劇場
26638007, 7.8, 25, 青梅香椿韭菜花
01474177, 7.0, 43, 零食
02567812, 7.6, 27, 煉獄廚房食習日記
02382553, 8.3, 18, 草堂之灵
25830720, 8.0, 21, 日本烘焙师的专业配方：藤田千秋的司康饼和软曲奇
26591102, 7.7, 25, 栗原日式料理每天做
05940465, 8.4, 17, 什麼都能吃
25841912, 9.0, 13, 幸福便當人生
02380763, 9.2, 12, Eat
25893958, 8.8, 14, 發酵聖經：蔬、果、穀類、根莖、豆類
01335492, 7.8, 23, 大廚食材完全指南
34858751, 6.9, 43, “坏”食物真的坏吗？
30153658, 7.7, 24, 餐桌上的香料百科
25987899, 7.1, 36, 台湾渍:二十四节气的保存食
26748281, 8.2, 18, 来吃意大利：杰米·奥利弗的美食出走
01937142, 8.3, 17, Desserts by Pierre Herme
30302866, 8.3, 17, 從兩個人到一個人
26978456, 8.7, 14, 让面包机做出好面包
04034421, 8.4, 16, Momofuku
26304946, 7.1, 35, 世界历史上的食物
35009852, 8.5, 15, 复古鸡尾酒 : 萨沙的调酒哲学
34992309, 7.1, 34, 每一天都要好好吃饭
30116081, 8.1, 18, 味即道
26756282, 8.8, 13, 法式烘焙宝典:甜点大师皮埃尔·埃尔梅750道经典配方
30267801, 6.4, 63, 把东京厨房搬回家：日本女人吃不胖
30291182, 8.6, 14, 過度飲食心理學
01003114, 6.6, 50, 食林外史
01052029, 7.0, 35, 提味
27001401, 8.4, 15, 食光記憶
01464755, 8.0, 18, 食物的歷史
27608681, 8.0, 18, 臧否饕餮
04005914, 6.7, 44, 品味谈吃
05355577, 7.8, 20, Jamie&#39;s 30-Minute Meals
25751903, 8.4, 14, 面包教科书:基本面包烘焙秘籍
02185723, 8.1, 16, 蜜蜂传奇
33398715, 7.5, 22, 禁食与盛宴
26446742, 7.0, 31, 菜市场蔬菜图鉴
26856342, 7.3, 25, 面食之书
06795428, 8.5, 13, Pasta by Design
30298110, 6.9, 33, 全球厨具手绘图鉴(精)
26861415, 6.1, 71, 粥的历史
04197177, 7.9, 17, 巧克力聖經
01388206, 7.6, 20, 雙如談食
30852993, 8.0, 16, 开明小雅文丛·随园食单
05503055, 7.4, 22, 菜市場美感SHOPPING
01808696, 8.4, 13, 饕餮書
21326633, 6.4, 48, 食札思录
30300222, 7.5, 20, 瑰味图
20266130, 8.3, 13, 食物的歷史
25742331, 8.2, 13, 零基础面包制作教科书
26394928, 8.8, 10, 攝影師的餐桌
04199343, 7.4, 19, 香槟
01052300, 6.7, 31, “大锅饭”
30163023, 8.3, 12, 舌尖上的科学
26289808, 8.5, 11, 發酵聖經：奶、蛋、肉、魚、飲料
34872427, 7.8, 15, 愤怒的主厨
01849218, 7.6, 16, 失落的蔬果
30134873, 6.6, 31, 不时不食：四季美味寻鲜记
20886065, 7.1, 21, The Big Fat Surprise
01395832, 7.5, 16, 吃遍杭州
01937143, 7.9, 13, Chocolate Desserts by Pierre Herme
04277974, 7.2, 19, 分子廚藝 首部曲: 揭開美食奧祕的科學革命
27100491, 5.5, 100, 危险的妻子
25852920, 7.1, 20, 山智的绝美大餐
01902784, 7.0, 21, 阿宝靓汤终极版
03791153, 7.8, 13, 食物無罪
26436851, 8.4, 10, 精通蘇聯料理藝術
26818432, 7.0, 20, 从Fad到Fashion：蜂蜜黄油薯片的秘密
10809879, 7.3, 16, 日本的餐桌
26655941, 7.2, 16, 天生嫩骨
27098882, 6.4, 28, 现代艺术食谱
26340632, 7.7, 12, 豆腐哥哥我爱你
01614975, 6.8, 20, 沒有粉絲的碗仔翅
26446737, 6.5, 25, 菜市场水果图鉴
01394144, 7.5, 13, 飲食與藝術別集
26371489, 7.6, 12, 米粉面包
30233930, 7.1, 15, 土耳其味道
01740476, 6.7, 19, 食随知味
26757650, 6.6, 20, 食鲜录
26818008, 6.3, 25, 梅酒香螺嘬嘬菜
27031034, 7.6, 11, 最详尽的日式点心教科书
24859855, 7.8, 10, 今天也謝謝招待了
01638013, 7.4, 12, 唐五代敦煌饮食文化研究
19967249, 7.4, 12, 男人的菜市場
24873709, 7.4, 12, 吃，為什麼重要？
30417999, 7.4, 11, 肉的料理
26797299, 7.6, 10, 餐桌上的日本史
25780722, 6.3, 21, 甜点
01481495, 6.6, 16, 我的香料之旅
01881395, 6.8, 14, 中国名吃故事
26675373, 6.8, 14, 月子更要好好吃
04798913, 7.0, 12, Women Food and God
25795997, 7.3, 10, 漬物大學
26275560, 7.3, 10, 寻味高雄
26821350, 7.3, 10, 来吃意大利菜——一场华丽的美食行走
27174214, 6.8, 13, 厨艺之钥（上）
01740478, 5.8, 28, 食味万千
30383588, 5.8, 26, 福桃05：早餐
26900136, 6.4, 14, 老食单
26357804, 6.5, 11, 舌尖上的马来. 味觉散步
30374147, 6.6, 10, 世界第一美味的料理法100道
30282782, 6.0, 13, 百年早餐史
06507250, 0.0, 10, 慢食之後
30297573, 0.0, 10, 用什么做的呀
33401363, 0.0, 10, 人类食物百科（全彩）
34659702, 0.0, 10, 书房里的意大利面哲学家
34796371, 0.0, 10, 生骨肉饮食指南：猫狗的生食喂养篇
02156199, 0.0, 11, Breakfast
02182133, 0.0, 11, 中国美食地理与美食传说
03021198, 0.0, 11, Food Politics
24697548, 0.0, 11, 温柔的豆腐2
24749606, 0.0, 11, 西餐大师
25802156, 0.0, 12, 壽司圖鑑321+
01316755, 0.0, 13, 中国食经
34948448, 0.0, 27, 一个村庄的食单
