2020-07-05 16:00:20

number of books, tag name
103, 马云

ID, rating, votes, title
10786473, 8.2, 45629, 自控力
03432304, 8.9, 5314, 大江东去（共三部）
10607615, 8.7, 3312, 第三种黑猩猩
04723970, 7.6, 8339, 人人都是产品经理
30383694, 7.7, 3877, 进击的智人
10565381, 7.9, 2567, 活法
01016272, 8.7, 764, 第三种猩猩
03616968, 7.8, 1419, 活法（贰）
24335672, 7.3, 2316, 淘宝技术这十年
25732463, 7.7, 964, 淘宝十年产品事
06977935, 7.3, 1510, 货币战争4
01492553, 8.6, 287, 西潮与新潮
06437896, 7.6, 869, 六项精进
27077379, 7.6, 778, 阿里铁军
05904151, 7.4, 941, 马云内部讲话
25975450, 8.3, 279, 积极恋爱心理学
20278327, 5.8, 18893, 谁的青春不迷茫
01629512, 8.3, 252, 领域驱动设计
03784712, 7.9, 360, 网络江湖三十六计
01464916, 7.3, 722, 飞得更高
27027690, 7.0, 1106, 马云：未来已来
26184622, 8.5, 180, 菲洛梅娜
27004031, 6.9, 1163, 蚂蚁金服
02343878, 7.3, 583, 阿里巴巴神话
25975485, 7.0, 803, 穿布鞋的马云
24875857, 6.8, 1033, 社交红利
26599526, 7.0, 720, 阿里传
01424267, 7.3, 400, 阿里巴巴
26850028, 7.5, 276, 阿里巴巴
01319080, 8.9, 69, 说什么 怎么说
25900813, 7.1, 256, 马云正传
26292127, 6.9, 314, 这就是马云
03344127, 6.7, 323, 马云传
24529136, 6.7, 314, 适合比成功更重要
03986916, 7.1, 189, 马云十年
26369667, 6.6, 329, 互联网+
26356332, 7.7, 94, 马云内部讲话
26726112, 7.3, 107, Alibaba
30273425, 7.3, 103, 在线
26429924, 8.0, 56, 马云全传
30391812, 8.4, 41, 马云的超级沟通力
26782677, 8.6, 36, 马云的经营哲学
26270693, 6.6, 205, 近观马云
25788071, 7.5, 78, 打开高频交易的黑箱
26697074, 7.4, 72, 智慧之巅：DT时代的商业革命
03437266, 8.0, 45, 马云如是说2
02056320, 6.8, 113, 互联网下的蛋
26790200, 7.1, 69, 阿里创业军团
26665464, 7.8, 38, 互联网时代才刚刚开始：马云内部讲话2.0
25901830, 6.2, 179, 马云：我的世界永不言败
30407890, 7.9, 34, 今天要比昨天过得更好
33414761, 6.6, 98, 勇气
26042101, 6.4, 110, 世界不及你好
03248521, 7.0, 54, 谁认识马云
30173395, 7.1, 46, 打法
26762237, 6.9, 53, 世界极客孙正义
25807239, 5.8, 172, 我的人生哲学
26288050, 5.8, 164, 阿里巴巴正传：我们与马云的“一步之遥”
24870779, 8.0, 20, 中国人
03248602, 7.5, 26, 马云向左史玉柱向右
03700149, 7.7, 22, 马云谈创业
26272058, 6.8, 42, 阿里巴巴模式：改变游戏规则，在释放草根创新力中成长
26236937, 7.2, 30, 叠加体验：用互联网思维设计商业模式
26761368, 7.8, 20, 拯救雅虎：玛丽莎·梅耶尔传
24698493, 7.2, 29, 马云管理日志
03136022, 7.8, 19, 马云再创造
25892005, 6.4, 53, 马云
03729734, 7.3, 25, 左手马云右手史玉柱
06121410, 6.6, 41, 理想是用来实现的
26996426, 6.1, 67, 名创优品：重新定义全球零售业
03827328, 6.7, 36, 左手马云右手唐骏
03269978, 7.3, 23, 马云谈创业
06023209, 5.8, 89, 永不放弃
03352355, 7.4, 19, 马云创业语录
21214084, 6.9, 26, 马云帝国内幕
03343106, 7.8, 14, 马云创业语录
30449899, 5.9, 61, 这些年，马云犯过的错误
07916410, 6.4, 33, 马云的创业逻辑
05977150, 6.9, 21, 马云的颠覆智慧
03908819, 6.2, 37, 马云全传
03900513, 6.9, 20, 马云教典
03089652, 7.1, 17, 网商赢天下
04852419, 7.1, 17, 左手马云 右手史玉柱
25876201, 5.9, 43, 马云和他的朋友们
26925359, 5.1, 128, 谋局者
03599252, 7.2, 13, 马云教你创业
04888780, 6.9, 14, 马云阿里巴巴管理日记
11444001, 6.2, 20, 谁认识马云
03359554, 5.8, 25, 奇人马云
26437220, 6.4, 13, 在艰难的世界里全力以赴
25871891, 6.5, 12, 马云的说话之道
10834895, 6.1, 14, 马云说
25882251, 6.2, 13, 马云：路有多远就能走多远
30541701, 2.9, 83, 马云的功守道
03269609, 0.0, 10, 马云谈管理
05348941, 0.0, 10, 马云
06977534, 0.0, 10, 阿里巴巴
26538557, 0.0, 10, 创始人1984
30462178, 0.0, 10, 智能零售
03375173, 0.0, 12, 和马云一起创业
04813027, 0.0, 12, 马云的财富江湖
25974386, 0.0, 12, 马云：梦想这条路踏上了，跪着也要把它走完（马云的人生信念！马云最希望年轻人从自己身上学到的人生经验！听马云自己复盘创业路上的心意沉浮，体悟马云最关键的成功之道）
26171495, 0.0, 15, 马云的真实世界
