2020-07-05 16:00:20

number of books, tag name
583, 高中

ID, rating, votes, title
04913064, 9.4, 496915, 活着
03066477, 9.3, 222587, 三体Ⅱ
03211779, 8.9, 411971, 嫌疑人X的献身
05363767, 9.2, 215003, 三体Ⅲ
27614904, 9.2, 192618, 房思琪的初恋乐园
01068920, 9.3, 158320, 飘
01019568, 9.3, 122060, 三国演义（全二册）
01041007, 9.1, 170791, 哈利·波特与魔法石
01361264, 9.0, 186408, 撒哈拉的故事
01083428, 8.9, 186606, 傲慢与偏见
01023045, 8.7, 239564, 我们仨
01858513, 9.0, 135131, 月亮和六便士
01071241, 9.0, 131721, 哈利·波特与阿兹卡班的囚徒
01029791, 8.8, 191250, 许三观卖血记
01040211, 9.2, 92094, 福尔摩斯探案全集（上中下）
02035179, 9.2, 91008, 动物农场
04908885, 9.0, 129298, 局外人
01009257, 9.0, 126021, 哈利·波特与火焰杯
01054685, 9.1, 100741, 沉默的大多数
01060068, 9.2, 79462, 撒哈拉的故事
01039487, 8.9, 126759, 哈利·波特与密室
01873231, 8.7, 182713, 明朝那些事儿（壹）
01089243, 8.9, 124076, 黄金时代
01829226, 9.1, 85337, 肖申克的救赎
01827374, 9.0, 96697, 东方快车谋杀案
03995526, 8.6, 185216, 目送
06710437, 9.3, 50262, 撒哈拉的故事
01449351, 8.9, 90238, 呐喊
01255624, 8.9, 80232, 神雕侠侣
01044547, 9.0, 64635, 射雕英雄传（全四册）
02143732, 8.8, 91255, 灿烂千阳
03646172, 8.4, 195291, 恶意
02154960, 8.7, 107022, 一个陌生女人的来信
01221515, 9.5, 28455, 灌篮高手31
01013129, 8.7, 106674, 哈利·波特与凤凰社
04238362, 8.6, 126798, 送你一颗子弹
03071717, 8.8, 84667, 爱你就像爱生命
02035162, 9.0, 55003, 刀锋
02070844, 8.8, 76295, 梦里花落知多少
01064275, 8.4, 155635, 老人与海
04011670, 8.3, 189119, 人间失格
01205054, 9.0, 49793, 悲惨世界（上中下）
03608208, 8.5, 120393, 牧羊少年奇幻之旅
01949338, 8.9, 53040, 明朝那些事儿（贰）
01948901, 8.3, 160116, 盗墓笔记
01088065, 8.7, 71895, 阿Q正传
02159042, 8.5, 101249, 挪威的森林
04242172, 8.1, 230400, 天才在左 疯子在右
01203426, 9.0, 40017, 人间词话
01029111, 8.9, 44657, 哭泣的骆驼
02052448, 8.9, 44031, 明朝那些事儿（叁）
01008988, 8.4, 107088, 了不起的盖茨比
01963684, 8.6, 69831, 半生缘
03813669, 8.6, 69122, 民主的细节
24754316, 8.7, 56076, 最好的我们
01855364, 9.2, 23986, 围城
01192090, 8.7, 53421, 球状闪电
01003000, 8.3, 112847, 悟空传
07163250, 9.2, 21833, 明朝那些事儿
01008357, 8.6, 57733, 水浒传（全二册）
03136271, 8.7, 47440, 罗生门
01011754, 8.9, 33453, 海子的诗
01014278, 8.4, 79126, 红玫瑰与白玫瑰
01069848, 9.0, 27897, 围城
01036274, 8.6, 51791, 夏洛的网
03009821, 8.8, 36683, 明朝那些事儿（伍）
05910656, 9.2, 18811, 我与地坛
01036490, 8.8, 34557, 万水千山走遍
01401425, 8.3, 84773, 兄弟（上）
04188697, 9.0, 24791, 子不语 1-2
02136140, 8.7, 40393, 雨季不再来
05916880, 8.4, 68098, 华胥引（全二册）
01358873, 8.6, 45605, 月亮忘記了
03604517, 9.3, 14974, 撒哈拉的故事
04920007, 8.8, 31639, 不能承受的生命之轻
01985223, 8.7, 37358, 倾城之恋
03274113, 8.8, 31101, 明朝那些事儿（陆）
01818347, 8.7, 36085, 尼罗河上的惨案
03410718, 9.2, 16167, 美的历程
04934332, 9.2, 14838, 子不语3
03369600, 8.2, 78466, 当我谈跑步时我谈些什么
01291809, 8.6, 37093, 世界尽头与冷酷仙境
03665874, 9.0, 19299, 星空
04714734, 8.3, 60224, 这些都是你给我的爱
04231381, 8.4, 48888, 那些回不去的年少时光
01020459, 8.4, 46999, 此间的少年
26414020, 8.0, 95860, 我不喜欢这世界，我只喜欢你
01082398, 8.8, 22112, 梦里花落知多少
01292416, 8.5, 36288, 香水
01213546, 8.4, 40968, 变形记
01258498, 8.4, 40250, 项链
30336340, 8.7, 23733, 撒野
03012517, 8.6, 27902, 小姨多鹤
01391191, 8.5, 32583, 京华烟云
01431836, 8.6, 27001, 我的路
01044663, 8.7, 22167, 许三观卖血记
03879301, 7.9, 95238, 微微一笑很倾城
01082162, 8.4, 35989, 第一炉香
02053249, 8.1, 62230, 麦田里的守望者
01159939, 8.6, 24423, 一个陌生女子的来信
01085883, 8.7, 20026, 青铜时代
01007433, 8.2, 47497, 红与黑
01919201, 8.4, 32757, 七夜雪
01005521, 8.2, 46593, 伊豆的舞女
04732378, 8.7, 19513, 那些回不去的年少时光·终场
01082349, 8.2, 45888, 长恨歌
06953273, 8.5, 26641, 盗墓笔记
02253379, 8.6, 20970, 简爱
02022979, 8.0, 62017, 喜宝
01422833, 8.7, 16762, 多情剑客无情剑(上、中、下)
03673671, 9.1, 9231, 梦里花落知多少
06558707, 9.0, 10217, 梦里花落知多少
04874131, 8.1, 44956, 东霓
03426869, 7.8, 80131, 三生三世 十里桃花
01036684, 9.3, 6601, 现代汉语词典（修订本）
03344676, 8.1, 42994, 常识
04074636, 7.6, 121333, 放学后
02067299, 8.8, 12853, 我的路4
01040104, 8.8, 12752, 魔戒（第一部）
01143694, 8.3, 28703, 动物凶猛
02056749, 8.1, 40337, 时间旅行者的妻子
01049354, 8.6, 16376, 又寂寞又美好
10763902, 7.7, 87532, 偷影子的人
03136255, 8.8, 11209, 一个陌生女人的来信
01856025, 8.9, 8842, 道连·葛雷的画像
01039752, 7.8, 57366, 且听风吟
26278687, 7.6, 86059, 皮囊
01440089, 8.3, 21712, 那些生命中温暖而美好的事情
01465324, 7.7, 67780, 洛丽塔
01031740, 8.2, 25256, 寻羊冒险记
02250587, 7.6, 82962, 一个人的好天气
01186392, 8.7, 10622, 约翰·克利斯朵夫
03713237, 8.8, 9141, 亲爱的三毛
03699108, 8.6, 12189, 我的错都是大人的错
01254731, 8.8, 8915, 欧·亨利短篇小说选
02244146, 8.1, 26924, 穆斯林的葬礼
01063190, 8.0, 32199, 蔷薇岛屿
01962929, 7.9, 38765, 佳期如梦
01082522, 8.2, 21511, 家
01917972, 7.8, 45238, 在路上
33413575, 8.9, 7112, 撒野 2
03698398, 9.0, 6036, 万水千山走遍
02243213, 7.8, 43029, 山楂树之恋
01065239, 8.6, 10524, 我的宝贝
03151575, 8.6, 10522, 激荡三十年
01089521, 8.4, 13808, 楚留香传奇
02136133, 9.0, 5695, 万水千山走遍
02283084, 8.0, 27161, 云中歌1
02171321, 8.4, 13466, 找死的兔子
03860856, 8.1, 22175, 可爱的洪水猛兽
01010464, 9.0, 5544, 古汉语常用字字典
01886385, 8.0, 25786, 来不及说我爱你
01009393, 8.4, 12386, 在细雨中呼喊
01040382, 9.0, 5168, 人间词话手稿本全编
03698390, 8.6, 8732, 送你一匹马
01312333, 8.2, 16342, 蔷薇岛屿
01061367, 8.4, 11624, 幸运儿
01017563, 8.8, 6384, 我的野生动物朋友
01938591, 7.9, 27065, 鬼吹灯之昆仑神宫
01039389, 9.0, 4794, 新概念英语（3）
01034279, 8.6, 8151, 果壳中的宇宙
03616310, 7.6, 47494, 小团圆
01039427, 9.0, 4630, 围城
01064682, 8.8, 6023, 稻草人手记
01851385, 7.9, 25135, 我的名字叫红
01069059, 8.1, 17458, 雪国
02331434, 7.6, 44725, 原来你还在这里
01256186, 8.3, 12197, 护花铃
01926700, 7.7, 35875, 关于莉莉周的一切
01312997, 9.0, 4374, 香初上舞·终上
01261471, 8.7, 6465, 香初上舞
02382707, 8.6, 7389, 镜·双城
01047138, 7.8, 26891, 少年维特的烦恼
06558709, 8.6, 6989, 万水千山走遍
01925232, 7.8, 25331, 大漠谣
02139305, 7.7, 30673, 巴别塔之犬
25953676, 9.3, 2558, 草房子
02382709, 8.5, 7255, 镜·辟天
01430910, 8.6, 6025, 昆仑2
02267883, 8.0, 15433, 色，戒
01016523, 7.5, 40378, 告别薇安
01326828, 8.3, 9232, 镜·双城
04172417, 8.2, 10606, 匆匆那年
01321018, 8.2, 10579, 九州·羽传说
07564736, 8.2, 9963, 那些年，我们一起追的女孩
25829434, 7.9, 16324, 暗恋·橘生淮南
05243268, 8.6, 5345, 走向春天的下午
03034184, 8.0, 13587, 鬼吹灯Ⅱ之四巫峡棺山
01119528, 8.0, 13529, 高老头
01010520, 8.1, 11399, 血薇
01181690, 8.7, 4614, 傅雷家书
01008074, 7.6, 28427, 失乐园
01013980, 8.7, 4557, 边城
02382705, 7.6, 27429, 不朽
01067907, 8.1, 10936, 长恨歌
03067169, 7.9, 15432, 丑陋的中国人
01085021, 8.3, 7717, 蝴蝶梦
01001204, 7.9, 14594, 山居笔记
01948502, 7.7, 20593, 1995-2005夏至未至
01161852, 8.1, 9923, 天意
03124525, 7.6, 24231, 暮色
01014144, 8.3, 7146, 大卫·科波菲尔（上下）
01442920, 8.2, 8192, 镜·破军
01434525, 8.3, 6970, 记得
04737329, 7.6, 23095, 龙族Ⅰ
01063245, 7.6, 22607, 通稿2003
02233893, 8.1, 9218, 彼岸花
01019628, 8.8, 3288, 卡夫卡中短篇小说选
02158194, 7.7, 17876, 且听风吟
01006004, 7.5, 25662, 樱桃之远
01028693, 8.1, 8639, 骆驼祥子
01089518, 7.9, 12001, 萧十一郎
01382838, 8.3, 6252, 雨季不再來
01748232, 8.0, 10009, 忽而今夏
01887754, 8.3, 6125, 失乐园1
02009825, 7.5, 24712, 绾青丝Ⅰ
04171951, 7.4, 29582, 失落的秘符
01088028, 8.5, 4468, 海底两万里
01478487, 7.8, 13493, 曼珠沙华
04818929, 7.6, 19506, 夏至未至
06815826, 8.6, 3754, 亲爱的三毛
01829836, 7.7, 15125, 品三国（上）
01313156, 8.0, 8809, 帝都赋
01793713, 8.4, 4370, 中国北方的情人
02567856, 8.6, 3272, 微笑的鱼
01915536, 7.3, 27397, 尘埃星球
02042907, 7.8, 10016, 品三国（下）
26588758, 8.9, 2039, 全球通史
01021056, 7.1, 37960, 谁动了我的奶酪？
06088152, 7.9, 7865, 千秋
06815824, 8.3, 4219, 送你一匹马
01420368, 7.5, 16012, 裂锦
01467382, 8.3, 4026, 镜·龙战（上）
03056892, 7.3, 22537, 幻城
01949925, 8.1, 5348, 沉落的黄昏
01480630, 7.9, 7327, 天涯·明月·刀
01057206, 7.3, 22205, 数字城堡
03315827, 7.7, 10044, 暮光之城·新月
01476533, 8.3, 3865, 镜·龙战（下）
01955405, 8.4, 3312, 家
01420423, 9.4, 999, 古汉语常用字字典
01074841, 7.5, 13715, 葵花走失在1890
01822793, 7.6, 11143, 长安乱
01087758, 7.3, 19657, 花季雨季
01083257, 7.3, 19028, 烈火如歌
02137491, 8.4, 3006, 镜·归虚1
04197740, 7.9, 6309, 告别天堂
06820477, 8.2, 3971, 滚滚红尘
02150582, 8.5, 2615, 失乐园-奇迹迷路了
01000482, 7.7, 8737, 山居笔记
03284067, 7.5, 12509, 佳期如梦之海上繁花
01061572, 8.5, 2588, 随想
01331571, 7.6, 9044, 地下室
01319345, 7.6, 8813, 18岁给我一个姑娘
03810672, 7.7, 7107, 8分钟的温暖
01262445, 8.3, 2801, 告别天堂
01190868, 7.4, 11418, 烈火如歌
01426214, 8.1, 3547, 少林寺第八铜人
04706499, 7.7, 6641, 燃烧的男孩
03727329, 7.1, 20567, 千山暮雪
03336465, 7.2, 16230, 被时光掩埋的秘密
03073494, 7.4, 10877, 人淡如菊
01186703, 8.6, 1699, 妞妞：一个父亲的札记
01049215, 7.4, 10482, 借我一生
01433700, 7.4, 10072, 孔雀森林
02062430, 7.0, 22282, 泡沫之夏Ⅲ
02973589, 7.5, 8057, 少年残像
04035904, 9.0, 1004, 王小波全集（第二卷 杂文）
01030470, 7.9, 4051, 香草山
01039840, 7.6, 6526, 查特莱夫人的情人
01485225, 7.3, 11223, 骗局
01773129, 8.6, 1523, 长安古意·肝胆
01440101, 7.2, 13441, 就这么漂来漂去
01088472, 8.1, 2912, 首届全国新概念作文大赛获奖作品选（全二册）
01886402, 7.3, 10283, 如果这一秒，我没遇见你
02340309, 8.3, 2075, 菊与刀(插图评注版）
25848538, 9.0, 911, 星空
01392588, 8.0, 3083, 最后一颗子弹留给我
02351259, 8.2, 2249, 大漠荒颜·帝都赋
01862115, 7.1, 14171, 当时只道是寻常
01393280, 7.7, 4648, 花镜
01075495, 7.2, 10860, 霜冷长河
02081509, 7.4, 7428, 女心理师（下）
02008972, 6.8, 24022, 沙漏
01485480, 8.0, 2651, 太和舞
02048650, 9.1, 708, 先知.沙与沫
01062326, 6.9, 18186, 爱尔兰咖啡
03070952, 7.2, 9508, 佳期如梦之今生今世
01070272, 8.3, 1641, 子不语
01432422, 7.2, 9219, 草样年华Ⅱ
01032764, 7.7, 3739, 小时候就在想的事
01777173, 8.0, 2363, 最寒冷的冬天是旧金山的夏季
01002073, 7.8, 3134, 维以不永伤
01547265, 7.5, 5032, 她比烟花寂寞
01060779, 7.4, 5970, 圈里圈外
01964560, 7.5, 5005, 沧海
30181019, 8.9, 748, 撒野 二
01028916, 6.9, 14750, 雨衣
02034127, 7.2, 7946, 陌上花开缓缓归
04920037, 6.9, 14304, 临界·爵迹 I
01444240, 8.7, 885, 紫川（1）：帝都风云
01931318, 7.0, 10860, 于丹《论语》心得
30181022, 9.1, 560, 撒野 五
01255598, 7.6, 3570, 人淡如菊
04920036, 7.0, 10451, 临界·爵迹 Ⅱ
01981355, 6.8, 16068, 墨迹
30181021, 9.1, 546, 撒野 四
01043201, 6.8, 15347, 毕业那天我们一起失恋
01908517, 7.0, 9970, 思无邪
30181020, 8.9, 631, 撒野 三
30296958, 8.9, 631, 19天(1)
01019431, 6.8, 14693, 荒村公寓
01448343, 9.7, 293, 奈特人体解剖彩色图谱
01041550, 6.6, 21467, 爱与痛的边缘
01017541, 7.3, 4854, 读城记
01430605, 7.7, 2444, 南吕羽舞
03132476, 9.2, 414, 呐喊
01449180, 7.7, 2305, 钧天舞
01981376, 8.2, 1154, 换日箭
01031818, 7.4, 3581, 我爱阳光
01449225, 8.9, 515, 风云（第一部）
04237834, 8.4, 843, 森林唱游
01418173, 7.1, 5623, 刘心武揭秘红楼梦（第一部）
03407873, 9.5, 284, 撒哈拉的故事
01905837, 8.0, 1284, 偷天弓
05292846, 9.4, 297, 外国小说欣赏
01492804, 8.1, 1108, 把栏杆拍遍
01449181, 7.6, 2191, 祀风师乐舞
01263410, 7.7, 1855, 抢来的新娘
04027816, 7.0, 5874, 浮世德
04105421, 8.6, 592, 扶轮问路
30340128, 7.8, 1539, 一个钢镚儿
01021597, 6.6, 13177, 一光年的距离有多远
05354690, 8.2, 887, 地心游记
01796294, 7.1, 4489, 旋转门
30180292, 7.7, 1608, 犯罪心理1
01980686, 7.2, 3397, 第八号当铺
01463013, 6.8, 7084, 玛格丽特的秘密
01009459, 6.9, 5749, 菊花香
01262037, 8.0, 985, 迷迭
02042966, 6.9, 5418, 双生水莽
01076343, 9.1, 307, 世说新语译注
01112781, 7.6, 1653, 罂粟的情人
01203294, 8.8, 394, 老舍散文
21817831, 9.2, 270, 世说新语.八周刊-卷贰
01112784, 7.7, 1352, 凉夏校园故事
01786582, 8.9, 345, 海上劳工
02356871, 7.0, 3931, 欢喜
01870185, 7.0, 3644, 心相约
01036290, 6.5, 10074, 校服的裙摆
06828611, 6.2, 20882, 小时代3.0：刺金时代
01019485, 6.9, 4235, 心相约
03132473, 8.3, 554, 家
01469242, 7.6, 1283, 日本沉没
01899881, 7.3, 1996, 镜.织梦者
26432744, 8.8, 306, 堀與宮村 1
05029137, 8.6, 362, 伊豆的舞女
01066681, 6.8, 3526, 刻下来的幸福时光
02137818, 8.0, 592, 伏羲伏羲
01957701, 7.5, 1077, 武林客栈·月阙卷
06861097, 8.5, 322, 根鸟
01038639, 6.5, 5664, 冬日最灿烂的阳光
01082821, 6.4, 6929, 水晶般透明
30415158, 7.5, 975, 偽裝學渣
03866931, 8.7, 254, 陈阅增普通生物学（第3版）
20400742, 8.1, 452, 读者
01874508, 9.1, 170, 厌恶及其他
03584719, 6.3, 6835, 景年知几时
05955945, 8.4, 282, 语文 选修  中国古代诗歌散文欣赏
01614418, 9.7, 101, 中学奥林匹克竞赛物理教程.力学篇
01212453, 6.5, 3754, 蛋白质女孩
02974038, 8.1, 356, 迟子建散文
01015020, 6.8, 2056, 少年查必良伤人事件
01011875, 9.1, 141, 学生实用英语高考必备
01894765, 8.1, 341, 欧也妮.葛朗台（高中部分）
30415160, 7.7, 534, 偽裝學渣
02128011, 6.6, 2859, 惜春纪
02223474, 9.0, 150, 贝塔无敌软件
01879024, 7.2, 1001, 湄澜池
34853897, 6.9, 1585, 冰糖炖雪梨
01052531, 7.1, 1150, 亲爱的，你被我设计了
01181618, 8.5, 220, 高中语文基础知识手册
01936437, 7.8, 415, 大国崛起/葡萄牙 西班牙
01229250, 9.5, 95, 欧美经典流行歌曲精选I:世界上最动听的歌(磁带版).(含1书+2磁带)
27141117, 7.3, 752, 江海不渡
01061489, 7.7, 431, 谁让你的眼睛如此多情
03889921, 9.8, 74, 力学概论
02344013, 8.1, 269, 复活
01089394, 7.1, 882, 这个男人有点酷
30272310, 9.2, 102, 情人
01112796, 7.0, 962, 独自去偷欢
10761556, 8.7, 137, 骆驼祥子
19979924, 8.3, 192, 暴走邻家-1
01252190, 8.3, 190, 蝴蝶梦
01596418, 7.3, 556, 使你为我迷醉
01511580, 7.1, 708, 这次来真的
02998717, 6.0, 5066, 午后薰衣茶
01313028, 7.4, 442, 大长今
01112785, 7.1, 645, 歪点擒郎
04013329, 8.7, 121, 文化与社会人类学引论
05353677, 9.1, 89, 欧.亨利短篇小说精选
34795291, 8.5, 138, 一个数学家的叹息
02057037, 8.3, 162, 摇着轮椅上北大
03132494, 8.6, 125, 巴黎圣母院
01288945, 7.5, 359, 音乐事情
02051059, 8.5, 134, 寻秦记
01008249, 7.5, 350, 中国文人的非正常死亡
26389595, 8.2, 170, 遇见苏格拉底，我的人生睡醒了
01077207, 7.6, 305, 纸玫瑰
20281838, 7.4, 379, 长安乱
06813950, 9.2, 76, 李义山诗集
01340488, 7.0, 631, 何妨错到底
01090672, 6.9, 717, 请你将就一下
03805397, 7.3, 386, 少年冷血
05363489, 7.9, 197, 语文1
01315920, 8.3, 136, 寂寞圣哲
01112794, 6.8, 726, 雪儿姑娘
03784922, 9.0, 78, 我在建中的日子
01076305, 7.0, 538, 暗地妖娆
26986597, 8.3, 131, 岛上故事
01564731, 8.2, 141, 新绝代双骄叁
05919643, 7.2, 391, 玛格丽特的秘密
03041824, 8.8, 85, 中外历史年表
04123703, 9.5, 54, 高中数学精编
05363490, 8.1, 145, 语文2
01320222, 6.1, 2196, 恶魔之吻1
01885313, 7.5, 245, 世界上下五千年
01417143, 6.2, 1673, 恶魔之吻2
02100914, 7.1, 379, 语文(第四册)
01958605, 8.4, 98, 人证
26849977, 7.6, 194, 同学关系？
01007562, 5.8, 3408, 哈佛女孩刘亦婷
03032753, 7.1, 342, 九阙梦华·绝情蛊
01263905, 6.9, 422, 今生只为你
34805210, 6.9, 399, 草莓印
26786010, 8.4, 87, 高中历史必修课程专题解析
01512612, 7.2, 263, 风流（上、下）
02297553, 8.6, 73, 理性和革命
03174235, 7.5, 186, 出包王女(01)
30233477, 7.7, 152, 一见到你呀
01959795, 5.9, 2144, 天使街23号Ⅳ
01261689, 8.0, 114, 麒麟
01351299, 9.5, 41, Harry Potter and the Goblet of Fire
01643296, 6.9, 354, 语文（第一册）
01039065, 6.7, 450, 湖边有棵许愿树
10485185, 7.7, 134, 语文5
01161348, 7.9, 108, 无机化学
03693292, 9.7, 33, 西氏内科学
20501152, 9.0, 48, 莫斯传
03192221, 7.9, 101, 遥远的村庄
04888398, 9.3, 39, 怎样解题
01181740, 6.7, 369, 报恩那么难
25845208, 8.5, 62, 人生不设限（中英文双语版）
03316119, 8.1, 83, 二刻拍案惊奇
10566001, 8.3, 71, 家庭教师1
01067901, 7.2, 192, 海上花开
03192228, 8.6, 57, 人人皆可为国王
03328918, 7.9, 95, 花葬
04023220, 7.5, 135, 毕淑敏散文精选
01444144, 8.0, 86, 苏格拉底之道
01640849, 8.3, 67, 语文基础知识手册
01181742, 6.7, 332, 当家主母
03194015, 7.5, 130, 仙度瑞拉·狮子＆处女
34949249, 6.4, 497, 不二之臣
04115211, 7.6, 112, Before I Fall
30137908, 8.8, 45, 上癮 耽美寫真
01128596, 9.0, 37, 几何傻瓜
10795882, 7.6, 98, 鬼脸历史课.中国近代史上
01511987, 6.8, 220, 震关东·妖红
03343662, 8.8, 39, 历史学习新视野新知识
03348146, 7.9, 71, 出包王女(02)
03758554, 7.5, 97, 钢铁是怎样炼成的
01449220, 8.2, 53, 风云（第三部）
01389958, 9.1, 30, 費瑪最後定理
01016476, 7.6, 76, 欧游杂记（彩图本）
01942688, 6.6, 213, 爱上明晓溪
26984620, 9.0, 29, ブルースカイコンプレックス３ 小冊子付特装版
03246318, 9.2, 26, 化学（全三册）
01409382, 7.1, 111, 巴顿将军
01934538, 7.3, 91, 刘墉文集
02120822, 7.6, 69, 给教师的101条建议
01935312, 7.1, 109, 不可不知的2000个文化常识
01622491, 8.5, 36, 孙维刚高中数学
03884909, 8.4, 38, 生物化学简明教程
01468126, 7.1, 106, 周思源正解金陵十二钗
01219256, 8.1, 45, 消失在月夜
01082548, 6.5, 202, 太平间的磨牙声
01173845, 8.5, 34, 新编高中物理奥赛指导
01672011, 8.0, 46, 2008曲一线科学备考-5年高考3年模拟B版理数
10541805, 8.0, 46, 气吞万里
01289228, 7.2, 86, 谢谢，再联络
01052388, 7.3, 75, 从北京四中到北大清华
01261857, 6.2, 259, 泰迪男孩
01379953, 7.9, 45, 叛逆－單飛雪（拆封不退）
01181741, 6.3, 222, 今生住定
02050583, 7.6, 54, 风野七咒（全三册）
01458046, 8.6, 28, 12 Angry Men
01950957, 7.9, 41, 那天夜里，我看见了巴黎
05959505, 6.9, 90, 生物3
03207629, 8.9, 22, 美国高中主流理科教材•科学发现者
24530875, 7.4, 56, 斗破苍穹-5
27667141, 8.4, 27, 何以非凡 上
27607320, 8.6, 24, 哑舍漫画版4
30342562, 8.6, 24, 青旗 1
01065722, 6.3, 139, 幻剑灵旗
02283635, 7.7, 36, 语文
30190317, 7.8, 30, 上癮【真愛套書版】
33413977, 7.2, 46, 一瞬间喜欢你
01089672, 7.0, 54, 青春的童话
02980957, 6.1, 145, 龙的新娘
30240919, 7.9, 27, 斗破苍穹（10）
02272747, 8.1, 24, 语文
06259512, 8.3, 21, 长歌当啸
01203896, 8.6, 18, 奥数教程.高二年级
03934478, 8.6, 18, 普通高中课程标准实验教科书 语文 选修 中国文化经典研读
06845441, 8.6, 18, 英语语法实践指南
02316449, 7.6, 31, 语文
03220162, 7.0, 49, 古墓探秘
05941134, 7.5, 33, 大学文科是什么
01672012, 7.2, 41, 高考英语
30274149, 8.4, 19, 斗破苍穹-11
01317889, 6.4, 85, 天使的诡计
06516342, 6.2, 101, 普通高中课程标准实验教科书 历史2必修
06021821, 7.2, 36, 我只是练习和你说再见
04037342, 7.6, 27, 普通高中课程标准实验教科书·音乐鉴赏
01522663, 7.3, 33, 宋词，我的忧郁抗体
01107768, 7.2, 35, 吸血鬼德拉库拉
03371415, 6.9, 43, 物理
02070882, 5.7, 176, 数学1
30305786, 6.7, 50, 南风入我怀
30378183, 5.5, 221, 可爱多少钱一斤
30257567, 6.8, 43, 顾意知几许
30262797, 6.2, 77, 情书六十页
30236626, 7.6, 23, 斗破苍穹漫画(8)
04176638, 6.4, 60, 英语3
01009888, 5.8, 126, 这样学习最有效
01332320, 8.0, 18, 化學元素王國之旅
35044390, 8.5, 14, 孤独六讲
01517880, 7.4, 25, 高中数学竞赛培优教程
01089840, 7.3, 26, 吉他自学入门与提高
03934445, 6.3, 61, 物理
30236627, 8.0, 17, 斗破苍穹（9）
01092691, 8.5, 13, 高中数学解题题典
01398459, 6.9, 33, 李国文散文
01013464, 7.3, 24, 爱在无爱的硅谷
30464042, 6.2, 61, 今天你也很漂亮
30236623, 7.7, 18, 斗破苍穹漫画版7
30271072, 5.8, 88, 甜牙齿
30376998, 7.8, 16, 斗破苍穹.15
01555041, 8.0, 14, 龙门专题
30376991, 7.5, 18, 斗破苍穹.14
01653875, 7.1, 22, 高中地理基础知识手册
03372945, 7.3, 19, 中国现代诗歌散文欣赏(语文选修) (平装)
01942060, 7.7, 15, 高二学生-企鹅英语简易读物精选（共14册）
03907799, 7.5, 16, Three Day Road
03934322, 6.5, 32, 英语7
30376988, 7.5, 16, 斗破苍穹（12）
02680038, 4.9, 320, 思想政治1
26831873, 6.7, 26, 初情似情（全2册）
11502931, 6.6, 27, 普通高中课程标准实验教科书《地理》选修五 自然灾害与防治
03934326, 6.5, 29, 英语8
10732567, 7.6, 14, 高中物理(选修3-3)
02750270, 8.1, 11, The Cay
01980100, 6.4, 30, 普通高中课程标准实验教科书数学选修1-1
02368229, 7.5, 14, 在亞洲的星空下
05394780, 4.7, 369, 思想政治2
01182778, 7.4, 14, 高中历史基础知识手册-(第十二次修订)[新课标]
01672014, 6.8, 20, 2014曲一线科学备考·5年高考3年模拟
30355855, 7.3, 14, 斗破苍穹13
30305788, 6.3, 24, 南风入我怀：完结篇
01822738, 6.0, 30, 英语6
03251518, 4.4, 411, 思想政治4
02302477, 6.8, 11, 技术与设计2
01393307, 6.0, 15, 背叛班主任
01927473, 5.9, 15, 我和郑渊洁的八天八夜-一个餐馆女老板和童话大王的童话
03445271, 4.3, 148, 历史1
01506575, 4.8, 41, 美男脱去校服时
03908888, 3.8, 260, 普通高中课程标准实验教科书·思想政治
04857090, 4.5, 26, 高中三年  我的奋斗我的梦
01495180, 0.0, 10, 新编高中数学奥赛指导
03934457, 0.0, 12, 普通高中课程标准实验教科书数学选修1-2
10550697, 0.0, 15, 星火·抗遗忘程序速记掌中宝·高考英语3500词
34433914, 0.0, 16, 练到位
