2020-07-05 16:00:21

number of books, tag name
271, 黑帮

ID, rating, votes, title
01949338, 8.9, 53040, 明朝那些事儿（贰）
01092335, 9.0, 31552, 教父
25762009, 9.1, 16809, 教父
03673771, 9.0, 4670, 项塔兰
01818426, 9.3, 2762, 教父
01963325, 9.2, 2458, 教父
05367304, 8.4, 6145, 城邦暴力团（上）
02336093, 7.8, 14194, 池袋西口公园
20416178, 9.5, 1212, 囀る鳥は羽ばたかない 1
25762007, 8.3, 4861, 教父 2：西西里人
05367303, 8.5, 3643, 城邦暴力团（下）
25762005, 8.5, 3436, 教父3
26642650, 9.3, 1249, 蝙蝠侠：漫长的万圣节
03242948, 9.0, 1707, 無頭騎士異聞錄 DuRaRaRa!! 01
02584971, 8.0, 6293, 计数器少年
02359687, 7.9, 4827, 堕落天使
03609422, 8.4, 1866, 错觉 (上)
27077677, 8.6, 1453, 东北往事--黑道风云20年全集
02301167, 8.3, 2040, 天使的愤怒
01422105, 8.6, 1383, 江湖丛谈
01999983, 7.7, 4348, 不能动
02127207, 8.7, 1109, 杀手阿一
26870405, 7.7, 3700, 龙头凤尾
02160867, 8.0, 2099, 束縛（下）
02160864, 7.9, 2398, 束縛（上）
02108391, 7.7, 3049, 怎见浮生不若梦（上）
03227999, 8.2, 1435, 邪气凛然
02160866, 8.0, 1650, 束缚（中）
02698538, 7.8, 2079, 夜上海
10876729, 8.0, 1553, 何欢
01958982, 8.8, 598, 索多玛的苹果
03672237, 7.1, 5811, 裂舌
04242061, 8.2, 1049, 黑道悲情1
26603443, 8.7, 596, 法国往事1：约瑟夫的帝国
34995610, 7.9, 1467, 八百万种死法
20444964, 7.7, 1862, 突然想要地老天荒
01444504, 8.3, 745, 四面墙
06745542, 9.1, 315, GANGSTA. 1
02142412, 8.2, 778, 长夜未央
27611142, 9.3, 262, BEASTARS 7
05269361, 7.7, 1426, 盜情
30317910, 9.2, 268, 教父电影全剧本（全彩插图评注版）
05437424, 7.9, 957, 杜月笙传（上.中.下）
03082878, 7.6, 1407, 怎见浮生不若梦(下)
27118725, 9.0, 289, BEASTARS 5
30180821, 7.1, 2867, 那不勒斯的萤火
30180818, 8.9, 305, 教父2：西西里人（精装版）
30162964, 9.1, 255, BEASTARS 8
02210323, 8.0, 740, 豪门焰
26606365, 8.1, 657, 城中城
25726109, 7.8, 901, 不夜城
30224306, 9.0, 245, BEASTARS 9
25927528, 7.8, 846, 善男信女
27175912, 8.9, 265, BEASTARS 6
03922337, 8.2, 493, 打拼：六兄弟的血色往事1
01440661, 8.7, 295, 生死之間
10794265, 7.0, 2379, 黑白
02103627, 7.1, 2006, 被享用的男人
27050722, 7.4, 1213, 今夜离港
03794919, 9.0, 210, 極道交涉人
03347336, 8.7, 269, 交渉人は黙らない
01763484, 8.6, 290, 聖堂教父(1)
20444642, 6.9, 2562, 慈悲城
03922343, 8.5, 314, 打拼：六兄弟的血色往事2
06541226, 7.9, 534, 布鲁克林孤儿
26008099, 9.1, 167, 罪恶之城：起死回生
06892599, 7.4, 951, 赌球记
30266498, 8.6, 225, BEASTARS 10
03329226, 8.8, 184, 交渉人は疑わない (SHYノベルズ)
30315407, 8.3, 263, BEASTARS 11
01962907, 9.4, 108, 教父
30180820, 8.6, 198, 教父3：最后的教父（精装版）
03499283, 6.8, 1767, 夜凝夕
03214601, 9.3, 107, 項塔蘭（上+下）
20503881, 9.1, 121, GANGSTA.（4）
04111974, 7.8, 339, 黑帮老大的一天
03929383, 9.0, 113, 殺禪 （第七卷） 人間崩壞
24738956, 8.7, 138, 黑街 （1）
25858573, 7.7, 353, 镇魂歌
03929353, 8.8, 125, 殺禪（第三卷） 極惡地圖
02353613, 7.9, 255, 雨林．黑色禁断系列
34887374, 7.9, 249, 毒品史
01134745, 8.0, 225, 邪性
02342028, 8.3, 168, 收刀入鞘
20392526, 7.7, 292, 乌默它
03929347, 8.6, 125, 殺禪 （第二卷）： 恐怖樂園
04350707, 9.8, 56, The Godfather
05275411, 8.1, 189, 蛾摩拉
03929385, 8.5, 129, 殺禪 （第八卷）究极涅槃
03929377, 8.7, 109, 殺禪（第六卷） - 食肉國家
30429722, 7.4, 352, 爱尔兰人
04236346, 7.2, 450, 花神（下）
25759525, 9.1, 73, 聖堂黑幫：波吉亞家族套書
03206762, 8.5, 112, 你的薪水谁决定
01794011, 9.0, 77, THE GODFATHER
01853935, 8.2, 136, 蒙梭罗夫人（上下）
20441778, 6.0, 2933, 爱情的开关
03929362, 8.4, 113, 殺禪 （第四卷） 野望季節
25742330, 7.3, 331, 盗情（上下）
01975745, 8.5, 102, 聖堂教父(12)
02970252, 6.7, 738, 狼影啸啸
06953295, 7.9, 170, 空中花园
04178335, 7.7, 206, 超级黑帮
04173396, 7.6, 226, 家族
01873313, 7.5, 244, 城北黑帮
03714932, 7.0, 443, 夜凝夕(2飞烟)
30355979, 8.3, 113, 極主夫道 2
07001456, 7.8, 166, 西伯利亚训诫书
02378422, 8.3, 98, Gang Leader for a Day
01012308, 7.6, 181, 黑手党档案
05294007, 8.3, 91, 黑暗之畔 上
25871899, 8.3, 91, 狂欢至死
04110591, 7.7, 148, 瘋沙‧黑色禁斷系列
04265977, 6.7, 421, 所有的深爱都是秘密
25959092, 6.8, 365, 为爱入局
05294008, 8.2, 85, 黑暗之畔 下
06873690, 7.2, 214, 双恋
02982278, 7.9, 105, 極道な月
03528718, 8.6, 61, Black Lagoon 1
26878906, 7.5, 147, 公牛山
10566001, 8.3, 71, 家庭教师1
02355715, 8.6, 56, 教父
01147776, 8.1, 79, 邪门
24737622, 7.1, 199, 湘西往事：黑帮的童话
30354353, 7.8, 98, 慈悲城
02039978, 7.9, 90, 西西里人
04715124, 8.1, 76, 美国游记
02046899, 7.6, 106, 四年一月(上)
02049839, 7.6, 104, 四年一月(下)
24754805, 7.5, 113, 薄暮晨光
24738959, 8.8, 42, 黑街（2）
03184881, 8.2, 61, 东北偏东2
03122143, 8.3, 56, 聖堂教父(3)
26865171, 6.8, 227, 知日·实录！山口组
03122140, 8.3, 54, 聖堂教父(2)
03139053, 8.1, 61, 男坂 1
03122148, 8.4, 49, 聖堂教父(5)
03122145, 8.3, 51, 聖堂教父(4)
34857264, 7.1, 136, 缉凶
03543124, 7.7, 74, ひそやかな情熱
01440452, 9.0, 31, The Godfather
02275744, 7.4, 94, 精灵刺客茨瑞格之书·龙蜥
04742331, 7.1, 125, 撕裂的梦境
03122178, 8.0, 55, 聖堂教父(11)
19977076, 8.6, 37, 最后的遗言
01445035, 7.2, 104, 意大利黑手党家族传
01879037, 7.8, 60, 黑手党百科全书
20452222, 8.3, 42, 有生之年非看不可的101部黑帮电影
01228744, 7.8, 58, 我在黑手党的秘密生涯
01084899, 8.1, 45, 拒绝作证
03755218, 7.2, 91, 中情局罪与罚
03388633, 8.7, 30, 內衣教父(87)
02303234, 8.3, 37, 与枪无关Ⅱ
04222010, 9.0, 24, 一个黑手党首领的自白
01477049, 7.5, 60, 美国黑帮
01709736, 7.6, 54, 西西里人
03287279, 7.2, 73, 桃子
24845169, 8.0, 39, 歃血兄弟
04932917, 7.0, 83, 大圈
01073971, 7.8, 42, 惊天铁案（上下）
02275747, 6.8, 98, 精灵刺客茨瑞格之书·魇蛇
03191940, 9.2, 18, 修羅雪姫 上巻
04137238, 6.9, 76, 日本黑帮
03388518, 7.7, 36, 內衣教父(02)
04328186, 6.8, 76, 赤色攻略
25764163, 5.9, 228, 从开始到现在
01853236, 7.4, 42, 决不饶恕
10554509, 7.2, 47, 兽都
03388524, 8.1, 25, 內衣教父(07)
03388525, 8.1, 25, 內衣教父(08)
05910201, 9.3, 14, 企業傭兵 01
02275746, 6.7, 69, 精灵刺客茨瑞格之书·泽鼠
01157399, 8.4, 20, 白天的猫头鹰 各得其所
25916017, 7.8, 28, 地下紐約
03388551, 8.2, 21, 內衣教父(26)
03388531, 8.0, 23, 內衣教父(12)
26596715, 7.5, 31, 黑色弥撒
03388526, 7.9, 24, 內衣教父(09)
03388527, 7.8, 25, 內衣教父(10)
03388523, 7.7, 26, 內衣教父(06)
03388528, 7.8, 24, 內衣教父(11)
25732560, 7.0, 41, 以为是老大
01445037, 7.4, 30, 哥伦比亚黑手党家族传
10527363, 5.8, 156, 爱与痛缠绵
03084065, 6.8, 48, 不要打开门
03388544, 8.1, 19, 內衣教父(22)
03388545, 8.1, 19, 內衣教父(23)
03388532, 7.8, 22, 內衣教父(13)
02158614, 7.3, 30, 饥渴
10509422, 6.7, 47, 洗钱内幕
25855987, 7.8, 21, 江湖路冷
03388564, 8.3, 16, 內衣教父(36)
01208841, 7.4, 26, 台湾黑社会内幕
03388540, 7.9, 19, 內衣教父(19)
03388536, 7.8, 20, 內衣教父(15)
03388537, 7.8, 20, 內衣教父(17)
03388538, 7.8, 20, 內衣教父(18)
03388542, 7.8, 20, 內衣教父(20)
03877028, 7.7, 21, 娥摩拉-罪惡之城
30608301, 7.2, 29, 美国黑帮：上帝的归上帝，教父的归教父
11593601, 6.8, 39, 在人性的天平上
03388552, 7.9, 18, 內衣教父(27)
05959433, 6.8, 37, 赤色侵略
03388555, 8.2, 15, 內衣教父(30)
03437518, 7.8, 18, 內衣教父(89)
03388549, 7.7, 19, 內衣教父(24)
02269104, 5.3, 237, 殘金缺玉
25662179, 6.8, 35, 黑手党
03388534, 7.6, 20, 內衣教父(14)
03388543, 7.6, 20, 內衣教父(21)
01085085, 7.9, 16, 黑帮老大
03388628, 8.0, 15, 內衣教父(83)
02311655, 8.8, 10, The Last Testament of Lucky Luciano
19977151, 7.5, 18, 盗亦有道
03388550, 7.4, 19, 內衣教父(25)
10588862, 7.8, 15, 世界著名黑帮-地下秩序
25790435, 7.5, 17, 黑市情妇
03388622, 7.8, 14, 內衣教父(80)
25764138, 6.3, 39, 幻空花
05990092, 7.2, 18, 密战
11614717, 6.0, 47, 教父归来
06958211, 5.7, 66, 黑道商学院
01131865, 7.4, 15, 洪门真史
03413202, 7.1, 16, 海上枭雄黄金荣
25848282, 6.2, 29, 上海故境
26348720, 6.4, 23, 锦绣缘
06528941, 6.6, 19, 香港三合會
02188611, 6.4, 21, 澳门教父
04147708, 6.6, 15, 被解缚的哥特城
02078529, 5.3, 48, 黑帮老大的怀孕男宠
26602457, 6.8, 12, 夜上海
04038738, 6.3, 15, 日本黑帮
03938549, 6.4, 13, 十大黑社会巨头
03057881, 6.7, 10, 黑手党之战
10502512, 6.1, 14, 有组织犯罪的历史
01111682, 0.0, 10, 潜入黑手党
03105399, 0.0, 10, 竹联帮与台湾黑社会
26607533, 0.0, 10, 纽约黑帮
03128922, 0.0, 11, 民国江湖
03581409, 0.0, 11, 內衣教父(90)
04941772, 0.0, 11, 內衣教父(92)
04941773, 0.0, 11, 內衣教父(93)
01883150, 0.0, 12, 黑金
03388618, 0.0, 12, 內衣教父(76)
03827547, 0.0, 12, 內衣教父(91)
04819203, 0.0, 12, 陰界黑幫【卷一】
04941774, 0.0, 12, 內衣教父(94)
04941775, 0.0, 12, 內衣教父(95)
03388610, 0.0, 13, 內衣教父(70)
03388619, 0.0, 13, 內衣教父(77)
03388620, 0.0, 13, 內衣教父(78)
03388621, 0.0, 13, 內衣教父(79)
03388624, 0.0, 13, 內衣教父(82)
06970056, 0.0, 13, 中国往事
03388556, 0.0, 14, 內衣教父(31)
03388588, 0.0, 14, 內衣教父(57)
03388592, 0.0, 14, 內衣教父(61)
03388603, 0.0, 14, 內衣教父(64)
03388604, 0.0, 14, 內衣教父(65)
03388606, 0.0, 14, 內衣教父(66)
03388607, 0.0, 14, 內衣教父(67)
03388608, 0.0, 14, 內衣教父(68)
03388609, 0.0, 14, 內衣教父(69)
03388612, 0.0, 14, 內衣教父(72)
03388613, 0.0, 14, 內衣教父(73)
03388615, 0.0, 14, 內衣教父(74)
03388616, 0.0, 14, 內衣教父(75)
03388623, 0.0, 14, 內衣教父(81)
03388629, 0.0, 14, 內衣教父(84)
03388630, 0.0, 14, 內衣教父(85)
03388634, 0.0, 15, 內衣教父(88)
